municipality,group,variable,month,Nuevas en personas de 15 a 59 años -Hombre,Nuevas en personas de 15 a 59 años -Mujer,TOTAL-H,TOTAL-M,TOTAL
ACACIO,consulta externa,nuevas en personas de 15 a 59 anos,2007-01-01,76,134,76,134,210
ACHACACHI,consulta externa,nuevas en personas de 15 a 59 anos,2007-01-01,334,557,334,557,891
ACHOCALLA,consulta externa,nuevas en personas de 15 a 59 anos,2007-01-01,87,183,87,183,270
AIQUILE,consulta externa,nuevas en personas de 15 a 59 anos,2007-01-01,235,641,235,641,876
ALALAY,consulta externa,nuevas en personas de 15 a 59 anos,2007-01-01,7,14,7,14,21
ALCALA,consulta externa,nuevas en personas de 15 a 59 anos,2007-01-01,65,276,65,276,341
ANCORAIMES,consulta externa,nuevas en personas de 15 a 59 anos,2007-01-01,98,216,98,216,314
ANDAMARCA,consulta externa,nuevas en personas de 15 a 59 anos,2007-01-01,47,72,47,72,119
ANTEQUERA,consulta externa,nuevas en personas de 15 a 59 anos,2007-01-01,27,3,27,3,30
ANZALDO,consulta externa,nuevas en personas de 15 a 59 anos,2007-01-01,35,74,35,74,109
APOLO,consulta externa,nuevas en personas de 15 a 59 anos,2007-01-01,156,349,156,349,505
ARAMPAMPA,consulta externa,nuevas en personas de 15 a 59 anos,2007-01-01,27,84,27,84,111
ARANI,consulta externa,nuevas en personas de 15 a 59 anos,2007-01-01,31,92,31,92,123
ARBIETO,consulta externa,nuevas en personas de 15 a 59 anos,2007-01-01,50,88,50,88,138
ARQUE,consulta externa,nuevas en personas de 15 a 59 anos,2007-01-01,84,198,84,198,282
ASCENCION DE GUARAYOS,consulta externa,nuevas en personas de 15 a 59 anos,2007-01-01,180,419,180,419,599
ATOCHA,consulta externa,nuevas en personas de 15 a 59 anos,2007-01-01,747,1026,747,1026,1773
AUCAPATA,consulta externa,nuevas en personas de 15 a 59 anos,2007-01-01,43,97,43,97,140
AYATA,consulta externa,nuevas en personas de 15 a 59 anos,2007-01-01,65,151,65,151,216
AYO AYO,consulta externa,nuevas en personas de 15 a 59 anos,2007-01-01,31,93,31,93,124
AYOPAYA (V. DE INDEPENDENCIA),consulta externa,nuevas en personas de 15 a 59 anos,2007-01-01,215,397,215,397,612
AZURDUY,consulta externa,nuevas en personas de 15 a 59 anos,2007-01-01,120,340,120,340,460
BATALLAS,consulta externa,nuevas en personas de 15 a 59 anos,2007-01-01,67,182,67,182,249
BAURES,consulta externa,nuevas en personas de 15 a 59 anos,2007-01-01,32,67,32,67,99
BELEN DE ANDAMARCA,consulta externa,nuevas en personas de 15 a 59 anos,2007-01-01,14,17,14,17,31
BELEN DE URMIRI,consulta externa,nuevas en personas de 15 a 59 anos,2007-01-01,45,62,45,62,107
BELLA FLOR,consulta externa,nuevas en personas de 15 a 59 anos,2007-01-01,42,30,42,30,72
BERMEJO,consulta externa,nuevas en personas de 15 a 59 anos,2007-01-01,688,1721,688,1721,2409
BETANZOS,consulta externa,nuevas en personas de 15 a 59 anos,2007-01-01,306,785,306,785,1091
BOLIVAR,consulta externa,nuevas en personas de 15 a 59 anos,2007-01-01,37,103,37,103,140
BOLPEBRA,consulta externa,nuevas en personas de 15 a 59 anos,2007-01-01,14,16,14,16,30
BOYUIBE,consulta externa,nuevas en personas de 15 a 59 anos,2007-01-01,65,130,65,130,195
BUENA VISTA,consulta externa,nuevas en personas de 15 a 59 anos,2007-01-01,174,247,174,247,421
CABEZAS,consulta externa,nuevas en personas de 15 a 59 anos,2007-01-01,305,336,305,336,641
CAIROMA,consulta externa,nuevas en personas de 15 a 59 anos,2007-01-01,200,210,200,210,410
"CAIZA ""D""",consulta externa,nuevas en personas de 15 a 59 anos,2007-01-01,140,206,140,206,346
CAJUATA,consulta externa,nuevas en personas de 15 a 59 anos,2007-01-01,105,166,105,166,271
CALACOTO,consulta externa,nuevas en personas de 15 a 59 anos,2007-01-01,69,70,69,70,139
CALAMARCA,consulta externa,nuevas en personas de 15 a 59 anos,2007-01-01,75,154,75,154,229
CAMARGO,consulta externa,nuevas en personas de 15 a 59 anos,2007-01-01,454,977,454,977,1431
CAMATAQUI (C. VILLA ABECIA),consulta externa,nuevas en personas de 15 a 59 anos,2007-01-01,87,188,87,188,275
CAMIRI,consulta externa,nuevas en personas de 15 a 59 anos,2007-01-01,1027,2108,1027,2108,3135
CAPINOTA,consulta externa,nuevas en personas de 15 a 59 anos,2007-01-01,218,358,218,358,576
CAQUIAVIRI,consulta externa,nuevas en personas de 15 a 59 anos,2007-01-01,73,116,73,116,189
CARACOLLO,consulta externa,nuevas en personas de 15 a 59 anos,2007-01-01,109,234,109,234,343
CARANAVI,consulta externa,nuevas en personas de 15 a 59 anos,2007-01-01,1064,1323,1064,1323,2387
CARANGAS,consulta externa,nuevas en personas de 15 a 59 anos,2007-01-01,14,3,14,3,17
CARAPARI,consulta externa,nuevas en personas de 15 a 59 anos,2007-01-01,282,428,282,428,710
CARIPUYO,consulta externa,nuevas en personas de 15 a 59 anos,2007-01-01,59,174,59,174,233
CARMEN RIVERO TORREZ,consulta externa,nuevas en personas de 15 a 59 anos,2007-01-01,39,36,39,36,75
CATACORA,consulta externa,nuevas en personas de 15 a 59 anos,2007-01-01,17,34,17,34,51
CHACARILLA,consulta externa,nuevas en personas de 15 a 59 anos,2007-01-01,3,7,3,7,10
CHALLAPATA,consulta externa,nuevas en personas de 15 a 59 anos,2007-01-01,246,506,246,506,752
CHAQUI,consulta externa,nuevas en personas de 15 a 59 anos,2007-01-01,62,107,62,107,169
CHARAGUA,consulta externa,nuevas en personas de 15 a 59 anos,2007-01-01,211,487,211,487,698
CHARAÑA,consulta externa,nuevas en personas de 15 a 59 anos,2007-01-01,71,65,71,65,136
CHAYANTA,consulta externa,nuevas en personas de 15 a 59 anos,2007-01-01,147,305,147,305,452
CHIMORE,consulta externa,nuevas en personas de 15 a 59 anos,2007-01-01,204,318,204,318,522
CHIPAYA,consulta externa,nuevas en personas de 15 a 59 anos,2007-01-01,21,18,21,18,39
CHOQUE COTA,consulta externa,nuevas en personas de 15 a 59 anos,2007-01-01,28,54,28,54,82
CHULUMANI (V. DE LA LIBERTAD),consulta externa,nuevas en personas de 15 a 59 anos,2007-01-01,231,343,231,343,574
CHUMA,consulta externa,nuevas en personas de 15 a 59 anos,2007-01-01,138,248,138,248,386
CLIZA,consulta externa,nuevas en personas de 15 a 59 anos,2007-01-01,77,123,77,123,200
COBIJA,consulta externa,nuevas en personas de 15 a 59 anos,2007-01-01,1177,2249,1177,2249,3426
COCHABAMBA,consulta externa,nuevas en personas de 15 a 59 anos,2007-01-01,14276,26858,14276,26858,41134
COIPASA,consulta externa,nuevas en personas de 15 a 59 anos,2007-01-01,22,30,22,30,52
COLCAPIRHUA,consulta externa,nuevas en personas de 15 a 59 anos,2007-01-01,79,164,79,164,243
"COLCHA ""K""",consulta externa,nuevas en personas de 15 a 59 anos,2007-01-01,135,288,135,288,423
COLLANA,consulta externa,nuevas en personas de 15 a 59 anos,2007-01-01,17,31,17,31,48
COLOMI,consulta externa,nuevas en personas de 15 a 59 anos,2007-01-01,172,255,172,255,427
COLPA BELGICA,consulta externa,nuevas en personas de 15 a 59 anos,2007-01-01,115,176,115,176,291
COLQUECHACA,consulta externa,nuevas en personas de 15 a 59 anos,2007-01-01,309,653,309,653,962
COLQUENCHA,consulta externa,nuevas en personas de 15 a 59 anos,2007-01-01,83,151,83,151,234
COLQUIRI,consulta externa,nuevas en personas de 15 a 59 anos,2007-01-01,148,326,148,326,474
COMANCHE,consulta externa,nuevas en personas de 15 a 59 anos,2007-01-01,20,44,20,44,64
COMARAPA,consulta externa,nuevas en personas de 15 a 59 anos,2007-01-01,162,435,162,435,597
COMBAYA,consulta externa,nuevas en personas de 15 a 59 anos,2007-01-01,9,19,9,19,28
CONCEPCION,consulta externa,nuevas en personas de 15 a 59 anos,2007-01-01,40,107,40,107,147
COPACABANA,consulta externa,nuevas en personas de 15 a 59 anos,2007-01-01,138,211,138,211,349
CORIPATA,consulta externa,nuevas en personas de 15 a 59 anos,2007-01-01,139,190,139,190,329
CORO CORO,consulta externa,nuevas en personas de 15 a 59 anos,2007-01-01,39,91,39,91,130
COROICO,consulta externa,nuevas en personas de 15 a 59 anos,2007-01-01,328,494,328,494,822
CORQUE,consulta externa,nuevas en personas de 15 a 59 anos,2007-01-01,91,153,91,153,244
COTAGAITA,consulta externa,nuevas en personas de 15 a 59 anos,2007-01-01,745,1262,745,1262,2007
COTOCA,consulta externa,nuevas en personas de 15 a 59 anos,2007-01-01,283,694,283,694,977
CUATRO CAÑADAS,consulta externa,nuevas en personas de 15 a 59 anos,2007-01-01,368,643,368,643,1011
CUCHUMUELA (V. G. VILLARROEL),consulta externa,nuevas en personas de 15 a 59 anos,2007-01-01,25,28,25,28,53
CUEVO,consulta externa,nuevas en personas de 15 a 59 anos,2007-01-01,106,130,106,130,236
CULPINA,consulta externa,nuevas en personas de 15 a 59 anos,2007-01-01,268,570,268,570,838
CURAHUARA DE CARANGAS,consulta externa,nuevas en personas de 15 a 59 anos,2007-01-01,53,132,53,132,185
CURVA,consulta externa,nuevas en personas de 15 a 59 anos,2007-01-01,21,35,21,35,56
DESAGUADERO,consulta externa,nuevas en personas de 15 a 59 anos,2007-01-01,35,58,35,58,93
EL ALTO,consulta externa,nuevas en personas de 15 a 59 anos,2007-01-01,7531,15564,7531,15564,23095
EL CHORO,consulta externa,nuevas en personas de 15 a 59 anos,2007-01-01,124,199,124,199,323
EL PUENTE(STC),consulta externa,nuevas en personas de 15 a 59 anos,2007-01-01,94,216,94,216,310
EL PUENTE(TJA),consulta externa,nuevas en personas de 15 a 59 anos,2007-01-01,181,413,181,413,594
EL TORNO,consulta externa,nuevas en personas de 15 a 59 anos,2007-01-01,968,1125,968,1125,2093
EL VILLAR,consulta externa,nuevas en personas de 15 a 59 anos,2007-01-01,90,194,90,194,284
ENTRE RIOS,consulta externa,nuevas en personas de 15 a 59 anos,2007-01-01,543,731,543,731,1274
ENTRE RIOS,consulta externa,nuevas en personas de 15 a 59 anos,2007-01-01,287,346,287,346,633
ESCARA,consulta externa,nuevas en personas de 15 a 59 anos,2007-01-01,5,4,5,4,9
ESMERALDA,consulta externa,nuevas en personas de 15 a 59 anos,2007-01-01,20,35,20,35,55
EUCALIPTUS,consulta externa,nuevas en personas de 15 a 59 anos,2007-01-01,60,154,60,154,214
EUREKA (SANTOS MERCADO),consulta externa,nuevas en personas de 15 a 59 anos,2007-01-01,19,18,19,18,37
EXALTACION,consulta externa,nuevas en personas de 15 a 59 anos,2007-01-01,14,23,14,23,37
FERNANDEZ ALONSO,consulta externa,nuevas en personas de 15 a 59 anos,2007-01-01,118,345,118,345,463
FILADELFIA,consulta externa,nuevas en personas de 15 a 59 anos,2007-01-01,119,102,119,102,221
GENERAL SAAVEDRA,consulta externa,nuevas en personas de 15 a 59 anos,2007-01-01,140,307,140,307,447
GRAL. J.J. PEREZ (CHARAZANI),consulta externa,nuevas en personas de 15 a 59 anos,2007-01-01,63,121,63,121,184
GUANAY,consulta externa,nuevas en personas de 15 a 59 anos,2007-01-01,212,352,212,352,564
GUAQUI,consulta externa,nuevas en personas de 15 a 59 anos,2007-01-01,41,57,41,57,98
GUAYARAMERIN,consulta externa,nuevas en personas de 15 a 59 anos,2007-01-01,663,1663,663,1663,2326
GUTIERREZ,consulta externa,nuevas en personas de 15 a 59 anos,2007-01-01,235,347,235,347,582
HUACARETA,consulta externa,nuevas en personas de 15 a 59 anos,2007-01-01,241,422,241,422,663
HUACAYA (VILLA DE HUACAYA),consulta externa,nuevas en personas de 15 a 59 anos,2007-01-01,54,103,54,103,157
HUACHACALLA,consulta externa,nuevas en personas de 15 a 59 anos,2007-01-01,145,162,145,162,307
HUANUNI,consulta externa,nuevas en personas de 15 a 59 anos,2007-01-01,375,768,375,768,1143
HUARACAJE,consulta externa,nuevas en personas de 15 a 59 anos,2007-01-01,26,89,26,89,115
HUAYLLAMARCA,consulta externa,nuevas en personas de 15 a 59 anos,2007-01-01,40,64,40,64,104
ICHOCA,consulta externa,nuevas en personas de 15 a 59 anos,2007-01-01,41,107,41,107,148
ICLA,consulta externa,nuevas en personas de 15 a 59 anos,2007-01-01,118,323,118,323,441
INCAHUASI,consulta externa,nuevas en personas de 15 a 59 anos,2007-01-01,101,497,101,497,598
INGAVI (HUMAITA),consulta externa,nuevas en personas de 15 a 59 anos,2007-01-01,13,21,13,21,34
INQUISIVI,consulta externa,nuevas en personas de 15 a 59 anos,2007-01-01,139,196,139,196,335
IRUPANA (VILLA DE LANZA),consulta externa,nuevas en personas de 15 a 59 anos,2007-01-01,239,368,239,368,607
IXIAMAS,consulta externa,nuevas en personas de 15 a 59 anos,2007-01-01,186,283,186,283,469
JESUS DE MACHACA,consulta externa,nuevas en personas de 15 a 59 anos,2007-01-01,99,307,99,307,406
LA ASUNTA,consulta externa,nuevas en personas de 15 a 59 anos,2007-01-01,296,472,296,472,768
LA GUARDIA,consulta externa,nuevas en personas de 15 a 59 anos,2007-01-01,322,814,322,814,1136
LA PAZ,consulta externa,nuevas en personas de 15 a 59 anos,2007-01-01,23505,41867,23505,41867,65372
LA RIVERA,consulta externa,nuevas en personas de 15 a 59 anos,2007-01-01,2,8,2,8,10
LAGUNILLAS,consulta externa,nuevas en personas de 15 a 59 anos,2007-01-01,133,201,133,201,334
LAJA,consulta externa,nuevas en personas de 15 a 59 anos,2007-01-01,65,178,65,178,243
LAS CARRERAS,consulta externa,nuevas en personas de 15 a 59 anos,2007-01-01,54,149,54,149,203
LICOMA PAMPA,consulta externa,nuevas en personas de 15 a 59 anos,2007-01-01,47,70,47,70,117
LLALLAGUA,consulta externa,nuevas en personas de 15 a 59 anos,2007-01-01,551,1148,551,1148,1699
LLICA,consulta externa,nuevas en personas de 15 a 59 anos,2007-01-01,108,188,108,188,296
LORETO,consulta externa,nuevas en personas de 15 a 59 anos,2007-01-01,24,47,24,47,71
LURIBAY,consulta externa,nuevas en personas de 15 a 59 anos,2007-01-01,193,212,193,212,405
MACHACAMARCA,consulta externa,nuevas en personas de 15 a 59 anos,2007-01-01,53,99,53,99,152
MACHARETI,consulta externa,nuevas en personas de 15 a 59 anos,2007-01-01,282,602,282,602,884
MAGDALENA,consulta externa,nuevas en personas de 15 a 59 anos,2007-01-01,221,477,221,477,698
MAIRANA,consulta externa,nuevas en personas de 15 a 59 anos,2007-01-01,97,243,97,243,340
MALLA,consulta externa,nuevas en personas de 15 a 59 anos,2007-01-01,66,82,66,82,148
MAPIRI,consulta externa,nuevas en personas de 15 a 59 anos,2007-01-01,198,291,198,291,489
MECAPACA,consulta externa,nuevas en personas de 15 a 59 anos,2007-01-01,157,261,157,261,418
MINEROS,consulta externa,nuevas en personas de 15 a 59 anos,2007-01-01,69,352,69,352,421
MIZQUE,consulta externa,nuevas en personas de 15 a 59 anos,2007-01-01,86,186,86,186,272
MOCOMOCO,consulta externa,nuevas en personas de 15 a 59 anos,2007-01-01,145,170,145,170,315
MOJINETE,consulta externa,nuevas en personas de 15 a 59 anos,2007-01-01,14,45,14,45,59
MOJOCOYA,consulta externa,nuevas en personas de 15 a 59 anos,2007-01-01,123,338,123,338,461
MONTEAGUDO,consulta externa,nuevas en personas de 15 a 59 anos,2007-01-01,1296,2233,1296,2233,3529
MONTERO,consulta externa,nuevas en personas de 15 a 59 anos,2007-01-01,1473,3498,1473,3498,4971
MORO MORO,consulta externa,nuevas en personas de 15 a 59 anos,2007-01-01,26,87,26,87,113
MOROCHATA,consulta externa,nuevas en personas de 15 a 59 anos,2007-01-01,77,144,77,144,221
NACEBE (SANTA ROSA DEL ABUNA),consulta externa,nuevas en personas de 15 a 59 anos,2007-01-01,37,40,37,40,77
NAZACARA DE PACAJES,consulta externa,nuevas en personas de 15 a 59 anos,2007-01-01,7,18,7,18,25
NUEVO MANOA (NUEVA ESPERANZA),consulta externa,nuevas en personas de 15 a 59 anos,2007-01-01,43,35,43,35,78
OCURI,consulta externa,nuevas en personas de 15 a 59 anos,2007-01-01,148,406,148,406,554
OKINAWA,consulta externa,nuevas en personas de 15 a 59 anos,2007-01-01,420,897,420,897,1317
OMEREQUE,consulta externa,nuevas en personas de 15 a 59 anos,2007-01-01,59,142,59,142,201
ORURO,consulta externa,nuevas en personas de 15 a 59 anos,2007-01-01,8073,14030,8073,14030,22103
PADCAYA,consulta externa,nuevas en personas de 15 a 59 anos,2007-01-01,326,658,326,658,984
PADILLA,consulta externa,nuevas en personas de 15 a 59 anos,2007-01-01,474,832,474,832,1306
PAILON,consulta externa,nuevas en personas de 15 a 59 anos,2007-01-01,190,187,190,187,377
PALCA,consulta externa,nuevas en personas de 15 a 59 anos,2007-01-01,125,186,125,186,311
PALOS BLANCOS,consulta externa,nuevas en personas de 15 a 59 anos,2007-01-01,390,530,390,530,920
PAMPA AULLAGAS,consulta externa,nuevas en personas de 15 a 59 anos,2007-01-01,50,65,50,65,115
PAMPA GRANDE,consulta externa,nuevas en personas de 15 a 59 anos,2007-01-01,73,189,73,189,262
PAPEL PAMPA,consulta externa,nuevas en personas de 15 a 59 anos,2007-01-01,52,88,52,88,140
PASORAPA,consulta externa,nuevas en personas de 15 a 59 anos,2007-01-01,11,20,11,20,31
PATACAMAYA,consulta externa,nuevas en personas de 15 a 59 anos,2007-01-01,103,185,103,185,288
PAZÑA,consulta externa,nuevas en personas de 15 a 59 anos,2007-01-01,114,154,114,154,268
PELECHUCO,consulta externa,nuevas en personas de 15 a 59 anos,2007-01-01,123,140,123,140,263
POCOATA,consulta externa,nuevas en personas de 15 a 59 anos,2007-01-01,163,322,163,322,485
POCONA,consulta externa,nuevas en personas de 15 a 59 anos,2007-01-01,130,184,130,184,314
POJO (CBBA),consulta externa,nuevas en personas de 15 a 59 anos,2007-01-01,39,77,39,77,116
POOPO,consulta externa,nuevas en personas de 15 a 59 anos,2007-01-01,48,78,48,78,126
PORCO,consulta externa,nuevas en personas de 15 a 59 anos,2007-01-01,89,192,89,192,281
POROMA,consulta externa,nuevas en personas de 15 a 59 anos,2007-01-01,121,330,121,330,451
PORONGO,consulta externa,nuevas en personas de 15 a 59 anos,2007-01-01,93,147,93,147,240
PORTACHUELO,consulta externa,nuevas en personas de 15 a 59 anos,2007-01-01,323,874,323,874,1197
PORVENIR,consulta externa,nuevas en personas de 15 a 59 anos,2007-01-01,121,131,121,131,252
POSTRER VALLE,consulta externa,nuevas en personas de 15 a 59 anos,2007-01-01,55,93,55,93,148
POTOSI,consulta externa,nuevas en personas de 15 a 59 anos,2007-01-01,4020,8452,4020,8452,12472
PRESTO,consulta externa,nuevas en personas de 15 a 59 anos,2007-01-01,108,240,108,240,348
PUCARA,consulta externa,nuevas en personas de 15 a 59 anos,2007-01-01,20,41,20,41,61
PUCARANI,consulta externa,nuevas en personas de 15 a 59 anos,2007-01-01,134,371,134,371,505
PUERTO ACOSTA,consulta externa,nuevas en personas de 15 a 59 anos,2007-01-01,255,361,255,361,616
PUERTO CARABUCO,consulta externa,nuevas en personas de 15 a 59 anos,2007-01-01,114,209,114,209,323
PUERTO GONZALO MORENO,consulta externa,nuevas en personas de 15 a 59 anos,2007-01-01,40,114,40,114,154
PUERTO PEREZ,consulta externa,nuevas en personas de 15 a 59 anos,2007-01-01,74,84,74,84,158
PUERTO QUIJARRO,consulta externa,nuevas en personas de 15 a 59 anos,2007-01-01,469,393,469,393,862
PUERTO RICO,consulta externa,nuevas en personas de 15 a 59 anos,2007-01-01,145,176,145,176,321
PUERTO SUAREZ,consulta externa,nuevas en personas de 15 a 59 anos,2007-01-01,371,507,371,507,878
PUERTO VILLARROEL,consulta externa,nuevas en personas de 15 a 59 anos,2007-01-01,411,573,411,573,984
PUNA,consulta externa,nuevas en personas de 15 a 59 anos,2007-01-01,325,741,325,741,1066
PUNATA,consulta externa,nuevas en personas de 15 a 59 anos,2007-01-01,378,588,378,588,966
QUIABAYA,consulta externa,nuevas en personas de 15 a 59 anos,2007-01-01,21,40,21,40,61
QUILLACOLLO,consulta externa,nuevas en personas de 15 a 59 anos,2007-01-01,1059,2067,1059,2067,3126
QUIME,consulta externa,nuevas en personas de 15 a 59 anos,2007-01-01,191,121,191,121,312
QUIRUSILLAS,consulta externa,nuevas en personas de 15 a 59 anos,2007-01-01,9,24,9,24,33
RAVELO,consulta externa,nuevas en personas de 15 a 59 anos,2007-01-01,114,242,114,242,356
REYES,consulta externa,nuevas en personas de 15 a 59 anos,2007-01-01,135,332,135,332,467
RIBERALTA,consulta externa,nuevas en personas de 15 a 59 anos,2007-01-01,570,1565,570,1565,2135
ROBORE,consulta externa,nuevas en personas de 15 a 59 anos,2007-01-01,189,592,189,592,781
RURRENABAQUE,consulta externa,nuevas en personas de 15 a 59 anos,2007-01-01,199,411,199,411,610
SABAYA,consulta externa,nuevas en personas de 15 a 59 anos,2007-01-01,47,65,47,65,112
SACABA,consulta externa,nuevas en personas de 15 a 59 anos,2007-01-01,692,1628,692,1628,2320
SACABAMBA,consulta externa,nuevas en personas de 15 a 59 anos,2007-01-01,39,49,39,49,88
SACACA,consulta externa,nuevas en personas de 15 a 59 anos,2007-01-01,160,360,160,360,520
SAIPINA,consulta externa,nuevas en personas de 15 a 59 anos,2007-01-01,104,155,104,155,259
SALINAS DE GARCI MENDOZA,consulta externa,nuevas en personas de 15 a 59 anos,2007-01-01,151,260,151,260,411
SAMAIPATA,consulta externa,nuevas en personas de 15 a 59 anos,2007-01-01,83,156,83,156,239
SAN AGUSTIN,consulta externa,nuevas en personas de 15 a 59 anos,2007-01-01,44,75,44,75,119
SAN ANDRES,consulta externa,nuevas en personas de 15 a 59 anos,2007-01-01,115,200,115,200,315
SAN ANDRES DE MACHACA,consulta externa,nuevas en personas de 15 a 59 anos,2007-01-01,52,106,52,106,158
SAN ANTONIO DE ESMORUCO,consulta externa,nuevas en personas de 15 a 59 anos,2007-01-01,41,67,41,67,108
SAN ANTONIO DE LOMERIO,consulta externa,nuevas en personas de 15 a 59 anos,2007-01-01,64,65,64,65,129
SAN BENITO,consulta externa,nuevas en personas de 15 a 59 anos,2007-01-01,119,212,119,212,331
SAN BORJA,consulta externa,nuevas en personas de 15 a 59 anos,2007-01-01,206,821,206,821,1027
SAN BUENA VENTURA,consulta externa,nuevas en personas de 15 a 59 anos,2007-01-01,146,161,146,161,307
SAN CARLOS,consulta externa,nuevas en personas de 15 a 59 anos,2007-01-01,239,791,239,791,1030
SAN IGNACIO,consulta externa,nuevas en personas de 15 a 59 anos,2007-01-01,282,600,282,600,882
SAN IGNACIO DE VELASCO,consulta externa,nuevas en personas de 15 a 59 anos,2007-01-01,1374,2224,1374,2224,3598
SAN JAVIER(BNI),consulta externa,nuevas en personas de 15 a 59 anos,2007-01-01,20,26,20,26,46
SAN JAVIER(STC),consulta externa,nuevas en personas de 15 a 59 anos,2007-01-01,265,610,265,610,875
SAN JOAQUIN,consulta externa,nuevas en personas de 15 a 59 anos,2007-01-01,288,541,288,541,829
SAN JOSE DE CHIQUITOS,consulta externa,nuevas en personas de 15 a 59 anos,2007-01-01,270,502,270,502,772
SAN JUAN DE YAPACANI,consulta externa,nuevas en personas de 15 a 59 anos,2007-01-01,211,403,211,403,614
SAN JULIAN,consulta externa,nuevas en personas de 15 a 59 anos,2007-01-01,1451,1842,1451,1842,3293
SAN LORENZO(PND),consulta externa,nuevas en personas de 15 a 59 anos,2007-01-01,36,42,36,42,78
SAN LORENZO(TJA),consulta externa,nuevas en personas de 15 a 59 anos,2007-01-01,276,632,276,632,908
SAN LUCAS,consulta externa,nuevas en personas de 15 a 59 anos,2007-01-01,272,815,272,815,1087
SAN MATIAS,consulta externa,nuevas en personas de 15 a 59 anos,2007-01-01,52,159,52,159,211
SAN MIGUEL DE VELASCO,consulta externa,nuevas en personas de 15 a 59 anos,2007-01-01,177,368,177,368,545
SAN PABLO DE LIPEZ,consulta externa,nuevas en personas de 15 a 59 anos,2007-01-01,90,178,90,178,268
SAN PEDRO,consulta externa,nuevas en personas de 15 a 59 anos,2007-01-01,365,653,365,653,1018
SAN PEDRO DE BUENA VISTA,consulta externa,nuevas en personas de 15 a 59 anos,2007-01-01,102,283,102,283,385
SAN PEDRO DE CURAHUARA,consulta externa,nuevas en personas de 15 a 59 anos,2007-01-01,52,62,52,62,114
SAN PEDRO DE QUEMES,consulta externa,nuevas en personas de 15 a 59 anos,2007-01-01,2,10,2,10,12
SAN PEDRO DE TIQUINA,consulta externa,nuevas en personas de 15 a 59 anos,2007-01-01,26,54,26,54,80
SAN PEDRO(PND),consulta externa,nuevas en personas de 15 a 59 anos,2007-01-01,1,1,1,1,2
SAN RAFAEL,consulta externa,nuevas en personas de 15 a 59 anos,2007-01-01,97,144,97,144,241
SAN RAMON,consulta externa,nuevas en personas de 15 a 59 anos,2007-01-01,13,55,13,55,68
SAN RAMON,consulta externa,nuevas en personas de 15 a 59 anos,2007-01-01,218,347,218,347,565
SANTA ANA,consulta externa,nuevas en personas de 15 a 59 anos,2007-01-01,121,241,121,241,362
SANTA CRUZ DE LA SIERRA,consulta externa,nuevas en personas de 15 a 59 anos,2007-01-01,28350,49788,28350,49788,78138
SANTA ROSA,consulta externa,nuevas en personas de 15 a 59 anos,2007-01-01,36,84,36,84,120
SANTA ROSA DEL SARA,consulta externa,nuevas en personas de 15 a 59 anos,2007-01-01,320,897,320,897,1217
SANTIAGO DE CALLAPA,consulta externa,nuevas en personas de 15 a 59 anos,2007-01-01,30,57,30,57,87
SANTIAGO DE HUARI,consulta externa,nuevas en personas de 15 a 59 anos,2007-01-01,104,175,104,175,279
SANTIAGO DE MACHACA,consulta externa,nuevas en personas de 15 a 59 anos,2007-01-01,21,50,21,50,71
SANTIVAÑES,consulta externa,nuevas en personas de 15 a 59 anos,2007-01-01,57,82,57,82,139
SANTUARIO DE QUILLACAS,consulta externa,nuevas en personas de 15 a 59 anos,2007-01-01,30,59,30,59,89
SAPAHAQUI,consulta externa,nuevas en personas de 15 a 59 anos,2007-01-01,79,106,79,106,185
SENA,consulta externa,nuevas en personas de 15 a 59 anos,2007-01-01,62,116,62,116,178
SICA SICA (VILLA AROMA),consulta externa,nuevas en personas de 15 a 59 anos,2007-01-01,123,239,123,239,362
SICAYA,consulta externa,nuevas en personas de 15 a 59 anos,2007-01-01,17,26,17,26,43
SIPE SIPE,consulta externa,nuevas en personas de 15 a 59 anos,2007-01-01,154,271,154,271,425
SOPACHUY,consulta externa,nuevas en personas de 15 a 59 anos,2007-01-01,115,290,115,290,405
SORACACHI,consulta externa,nuevas en personas de 15 a 59 anos,2007-01-01,60,101,60,101,161
SORATA,consulta externa,nuevas en personas de 15 a 59 anos,2007-01-01,153,238,153,238,391
SUCRE,consulta externa,nuevas en personas de 15 a 59 anos,2007-01-01,8997,17176,8997,17176,26173
TACACHI,consulta externa,nuevas en personas de 15 a 59 anos,2007-01-01,11,29,11,29,40
TACACOMA,consulta externa,nuevas en personas de 15 a 59 anos,2007-01-01,71,93,71,93,164
TACOBAMBA,consulta externa,nuevas en personas de 15 a 59 anos,2007-01-01,45,122,45,122,167
TACOPAYA,consulta externa,nuevas en personas de 15 a 59 anos,2007-01-01,66,169,66,169,235
TAHUA,consulta externa,nuevas en personas de 15 a 59 anos,2007-01-01,23,36,23,36,59
TAPACARI,consulta externa,nuevas en personas de 15 a 59 anos,2007-01-01,161,334,161,334,495
TARABUCO,consulta externa,nuevas en personas de 15 a 59 anos,2007-01-01,244,467,244,467,711
TARACO,consulta externa,nuevas en personas de 15 a 59 anos,2007-01-01,38,85,38,85,123
TARATA,consulta externa,nuevas en personas de 15 a 59 anos,2007-01-01,48,106,48,106,154
TARIJA,consulta externa,nuevas en personas de 15 a 59 anos,2007-01-01,4704,10685,4704,10685,15389
TARVITA,consulta externa,nuevas en personas de 15 a 59 anos,2007-01-01,189,690,189,690,879
TEOPONTE,consulta externa,nuevas en personas de 15 a 59 anos,2007-01-01,88,147,88,147,235
TIAWANACU,consulta externa,nuevas en personas de 15 a 59 anos,2007-01-01,73,125,73,125,198
TINGUIPAYA,consulta externa,nuevas en personas de 15 a 59 anos,2007-01-01,103,403,103,403,506
TIPUANI,consulta externa,nuevas en personas de 15 a 59 anos,2007-01-01,74,67,74,67,141
TIQUIPAYA,consulta externa,nuevas en personas de 15 a 59 anos,2007-01-01,166,363,166,363,529
TIRAQUE (CBBA),consulta externa,nuevas en personas de 15 a 59 anos,2007-01-01,443,727,443,727,1170
TITO YUPANQUI (PARQUIPUJIO),consulta externa,nuevas en personas de 15 a 59 anos,2007-01-01,18,51,18,51,69
TOCO,consulta externa,nuevas en personas de 15 a 59 anos,2007-01-01,40,50,40,50,90
TODOS SANTOS,consulta externa,nuevas en personas de 15 a 59 anos,2007-01-01,10,6,10,6,16
TOLATA,consulta externa,nuevas en personas de 15 a 59 anos,2007-01-01,10,48,10,48,58
TOLEDO,consulta externa,nuevas en personas de 15 a 59 anos,2007-01-01,67,125,67,125,192
TOMAVE,consulta externa,nuevas en personas de 15 a 59 anos,2007-01-01,174,328,174,328,502
TOMINA,consulta externa,nuevas en personas de 15 a 59 anos,2007-01-01,258,404,258,404,662
TORO TORO,consulta externa,nuevas en personas de 15 a 59 anos,2007-01-01,99,187,99,187,286
TOTORA(CBBA),consulta externa,nuevas en personas de 15 a 59 anos,2007-01-01,85,188,85,188,273
TOTORA(ORR),consulta externa,nuevas en personas de 15 a 59 anos,2007-01-01,52,139,52,139,191
TRIGAL,consulta externa,nuevas en personas de 15 a 59 anos,2007-01-01,31,50,31,50,81
TRINIDAD,consulta externa,nuevas en personas de 15 a 59 anos,2007-01-01,1282,2795,1282,2795,4077
TUPIZA,consulta externa,nuevas en personas de 15 a 59 anos,2007-01-01,1584,2647,1584,2647,4231
TURCO,consulta externa,nuevas en personas de 15 a 59 anos,2007-01-01,78,147,78,147,225
UMALA,consulta externa,nuevas en personas de 15 a 59 anos,2007-01-01,11,37,11,37,48
UNCIA,consulta externa,nuevas en personas de 15 a 59 anos,2007-01-01,475,1310,475,1310,1785
URIONDO (A. CONCEPCION),consulta externa,nuevas en personas de 15 a 59 anos,2007-01-01,220,530,220,530,750
URUBICHA,consulta externa,nuevas en personas de 15 a 59 anos,2007-01-01,48,94,48,94,142
UYUNI,consulta externa,nuevas en personas de 15 a 59 anos,2007-01-01,595,900,595,900,1495
VACAS,consulta externa,nuevas en personas de 15 a 59 anos,2007-01-01,71,158,71,158,229
VALLEGRANDE,consulta externa,nuevas en personas de 15 a 59 anos,2007-01-01,610,1157,610,1157,1767
VIACHA,consulta externa,nuevas en personas de 15 a 59 anos,2007-01-01,543,1176,543,1176,1719
VILA VILA,consulta externa,nuevas en personas de 15 a 59 anos,2007-01-01,37,30,37,30,67
VILLA MONTES,consulta externa,nuevas en personas de 15 a 59 anos,2007-01-01,718,1103,718,1103,1821
VILLA NUEVA (LOMA ALTA),consulta externa,nuevas en personas de 15 a 59 anos,2007-01-01,83,87,83,87,170
VILLA RIVERO,consulta externa,nuevas en personas de 15 a 59 anos,2007-01-01,28,54,28,54,82
VILLA SERRANO,consulta externa,nuevas en personas de 15 a 59 anos,2007-01-01,181,417,181,417,598
VILLA TUNARI,consulta externa,nuevas en personas de 15 a 59 anos,2007-01-01,906,1449,906,1449,2355
VILLA VACA GUZMAN (MUYUPAMPA),consulta externa,nuevas en personas de 15 a 59 anos,2007-01-01,334,500,334,500,834
VILLAZON,consulta externa,nuevas en personas de 15 a 59 anos,2007-01-01,734,1859,734,1859,2593
VINTO,consulta externa,nuevas en personas de 15 a 59 anos,2007-01-01,130,187,130,187,317
VITICHI,consulta externa,nuevas en personas de 15 a 59 anos,2007-01-01,179,247,179,247,426
WALDO BALLIVIAN,consulta externa,nuevas en personas de 15 a 59 anos,2007-01-01,13,51,13,51,64
WARNES,consulta externa,nuevas en personas de 15 a 59 anos,2007-01-01,361,711,361,711,1072
YACO,consulta externa,nuevas en personas de 15 a 59 anos,2007-01-01,55,114,55,114,169
YACUIBA,consulta externa,nuevas en personas de 15 a 59 anos,2007-01-01,2310,3450,2310,3450,5760
YAMPARAEZ,consulta externa,nuevas en personas de 15 a 59 anos,2007-01-01,67,127,67,127,194
YANACACHI,consulta externa,nuevas en personas de 15 a 59 anos,2007-01-01,92,84,92,84,176
YAPACANI,consulta externa,nuevas en personas de 15 a 59 anos,2007-01-01,1044,1496,1044,1496,2540
YOCALLA,consulta externa,nuevas en personas de 15 a 59 anos,2007-01-01,77,156,77,156,233
YOTALA,consulta externa,nuevas en personas de 15 a 59 anos,2007-01-01,117,197,117,197,314
YUNCHARA,consulta externa,nuevas en personas de 15 a 59 anos,2007-01-01,85,228,85,228,313
ZUDAÑEZ,consulta externa,nuevas en personas de 15 a 59 anos,2007-01-01,183,426,183,426,609
ACACIO,consulta externa,nuevas en personas de 15 a 59 anos,2007-02-01,60,126,60,126,186
ACHACACHI,consulta externa,nuevas en personas de 15 a 59 anos,2007-02-01,322,572,322,572,894
ACHOCALLA,consulta externa,nuevas en personas de 15 a 59 anos,2007-02-01,32,60,32,60,92
AIQUILE,consulta externa,nuevas en personas de 15 a 59 anos,2007-02-01,207,448,207,448,655
ALALAY,consulta externa,nuevas en personas de 15 a 59 anos,2007-02-01,16,26,16,26,42
ALCALA,consulta externa,nuevas en personas de 15 a 59 anos,2007-02-01,85,319,85,319,404
ANCORAIMES,consulta externa,nuevas en personas de 15 a 59 anos,2007-02-01,103,205,103,205,308
ANDAMARCA,consulta externa,nuevas en personas de 15 a 59 anos,2007-02-01,83,148,83,148,231
ANTEQUERA,consulta externa,nuevas en personas de 15 a 59 anos,2007-02-01,25,76,25,76,101
ANZALDO,consulta externa,nuevas en personas de 15 a 59 anos,2007-02-01,55,78,55,78,133
APOLO,consulta externa,nuevas en personas de 15 a 59 anos,2007-02-01,128,235,128,235,363
ARAMPAMPA,consulta externa,nuevas en personas de 15 a 59 anos,2007-02-01,33,81,33,81,114
ARANI,consulta externa,nuevas en personas de 15 a 59 anos,2007-02-01,19,71,19,71,90
ARBIETO,consulta externa,nuevas en personas de 15 a 59 anos,2007-02-01,72,124,72,124,196
ARQUE,consulta externa,nuevas en personas de 15 a 59 anos,2007-02-01,75,177,75,177,252
ASCENCION DE GUARAYOS,consulta externa,nuevas en personas de 15 a 59 anos,2007-02-01,388,463,388,463,851
ATOCHA,consulta externa,nuevas en personas de 15 a 59 anos,2007-02-01,733,895,733,895,1628
AUCAPATA,consulta externa,nuevas en personas de 15 a 59 anos,2007-02-01,104,162,104,162,266
AYATA,consulta externa,nuevas en personas de 15 a 59 anos,2007-02-01,50,124,50,124,174
AYO AYO,consulta externa,nuevas en personas de 15 a 59 anos,2007-02-01,44,89,44,89,133
AYOPAYA (V. DE INDEPENDENCIA),consulta externa,nuevas en personas de 15 a 59 anos,2007-02-01,177,337,177,337,514
AZURDUY,consulta externa,nuevas en personas de 15 a 59 anos,2007-02-01,236,534,236,534,770
BATALLAS,consulta externa,nuevas en personas de 15 a 59 anos,2007-02-01,91,227,91,227,318
BAURES,consulta externa,nuevas en personas de 15 a 59 anos,2007-02-01,35,31,35,31,66
BELEN DE ANDAMARCA,consulta externa,nuevas en personas de 15 a 59 anos,2007-02-01,25,24,25,24,49
BELEN DE URMIRI,consulta externa,nuevas en personas de 15 a 59 anos,2007-02-01,34,75,34,75,109
BELLA FLOR,consulta externa,nuevas en personas de 15 a 59 anos,2007-02-01,16,21,16,21,37
BERMEJO,consulta externa,nuevas en personas de 15 a 59 anos,2007-02-01,439,1033,439,1033,1472
BETANZOS,consulta externa,nuevas en personas de 15 a 59 anos,2007-02-01,338,835,338,835,1173
BOLIVAR,consulta externa,nuevas en personas de 15 a 59 anos,2007-02-01,48,100,48,100,148
BOLPEBRA,consulta externa,nuevas en personas de 15 a 59 anos,2007-02-01,36,37,36,37,73
BOYUIBE,consulta externa,nuevas en personas de 15 a 59 anos,2007-02-01,92,133,92,133,225
BUENA VISTA,consulta externa,nuevas en personas de 15 a 59 anos,2007-02-01,298,296,298,296,594
CABEZAS,consulta externa,nuevas en personas de 15 a 59 anos,2007-02-01,290,380,290,380,670
CAIROMA,consulta externa,nuevas en personas de 15 a 59 anos,2007-02-01,157,181,157,181,338
"CAIZA ""D""",consulta externa,nuevas en personas de 15 a 59 anos,2007-02-01,109,172,109,172,281
CAJUATA,consulta externa,nuevas en personas de 15 a 59 anos,2007-02-01,97,187,97,187,284
CALACOTO,consulta externa,nuevas en personas de 15 a 59 anos,2007-02-01,51,95,51,95,146
CALAMARCA,consulta externa,nuevas en personas de 15 a 59 anos,2007-02-01,58,124,58,124,182
CAMARGO,consulta externa,nuevas en personas de 15 a 59 anos,2007-02-01,389,744,389,744,1133
CAMATAQUI (C. VILLA ABECIA),consulta externa,nuevas en personas de 15 a 59 anos,2007-02-01,75,192,75,192,267
CAMIRI,consulta externa,nuevas en personas de 15 a 59 anos,2007-02-01,839,1814,839,1814,2653
CAPINOTA,consulta externa,nuevas en personas de 15 a 59 anos,2007-02-01,133,225,133,225,358
CAQUIAVIRI,consulta externa,nuevas en personas de 15 a 59 anos,2007-02-01,69,122,69,122,191
CARACOLLO,consulta externa,nuevas en personas de 15 a 59 anos,2007-02-01,98,170,98,170,268
CARANAVI,consulta externa,nuevas en personas de 15 a 59 anos,2007-02-01,689,1304,689,1304,1993
CARAPARI,consulta externa,nuevas en personas de 15 a 59 anos,2007-02-01,248,372,248,372,620
CARIPUYO,consulta externa,nuevas en personas de 15 a 59 anos,2007-02-01,52,134,52,134,186
CARMEN RIVERO TORREZ,consulta externa,nuevas en personas de 15 a 59 anos,2007-02-01,22,33,22,33,55
CATACORA,consulta externa,nuevas en personas de 15 a 59 anos,2007-02-01,5,19,5,19,24
CHACARILLA,consulta externa,nuevas en personas de 15 a 59 anos,2007-02-01,19,39,19,39,58
CHALLAPATA,consulta externa,nuevas en personas de 15 a 59 anos,2007-02-01,296,491,296,491,787
CHAQUI,consulta externa,nuevas en personas de 15 a 59 anos,2007-02-01,77,117,77,117,194
CHARAGUA,consulta externa,nuevas en personas de 15 a 59 anos,2007-02-01,130,387,130,387,517
CHARAÑA,consulta externa,nuevas en personas de 15 a 59 anos,2007-02-01,51,48,51,48,99
CHAYANTA,consulta externa,nuevas en personas de 15 a 59 anos,2007-02-01,166,445,166,445,611
CHIMORE,consulta externa,nuevas en personas de 15 a 59 anos,2007-02-01,175,272,175,272,447
CHIPAYA,consulta externa,nuevas en personas de 15 a 59 anos,2007-02-01,10,17,10,17,27
CHOQUE COTA,consulta externa,nuevas en personas de 15 a 59 anos,2007-02-01,10,26,10,26,36
CHULUMANI (V. DE LA LIBERTAD),consulta externa,nuevas en personas de 15 a 59 anos,2007-02-01,185,228,185,228,413
CHUMA,consulta externa,nuevas en personas de 15 a 59 anos,2007-02-01,199,307,199,307,506
CLIZA,consulta externa,nuevas en personas de 15 a 59 anos,2007-02-01,64,120,64,120,184
COBIJA,consulta externa,nuevas en personas de 15 a 59 anos,2007-02-01,853,1666,853,1666,2519
COCHABAMBA,consulta externa,nuevas en personas de 15 a 59 anos,2007-02-01,12140,23106,12140,23106,35246
COIPASA,consulta externa,nuevas en personas de 15 a 59 anos,2007-02-01,14,17,14,17,31
COLCAPIRHUA,consulta externa,nuevas en personas de 15 a 59 anos,2007-02-01,472,934,472,934,1406
"COLCHA ""K""",consulta externa,nuevas en personas de 15 a 59 anos,2007-02-01,181,343,181,343,524
COLLANA,consulta externa,nuevas en personas de 15 a 59 anos,2007-02-01,20,35,20,35,55
COLOMI,consulta externa,nuevas en personas de 15 a 59 anos,2007-02-01,121,200,121,200,321
COLPA BELGICA,consulta externa,nuevas en personas de 15 a 59 anos,2007-02-01,71,143,71,143,214
COLQUECHACA,consulta externa,nuevas en personas de 15 a 59 anos,2007-02-01,327,629,327,629,956
COLQUENCHA,consulta externa,nuevas en personas de 15 a 59 anos,2007-02-01,70,150,70,150,220
COLQUIRI,consulta externa,nuevas en personas de 15 a 59 anos,2007-02-01,132,403,132,403,535
COMANCHE,consulta externa,nuevas en personas de 15 a 59 anos,2007-02-01,32,70,32,70,102
COMARAPA,consulta externa,nuevas en personas de 15 a 59 anos,2007-02-01,215,441,215,441,656
COMBAYA,consulta externa,nuevas en personas de 15 a 59 anos,2007-02-01,10,21,10,21,31
CONCEPCION,consulta externa,nuevas en personas de 15 a 59 anos,2007-02-01,106,191,106,191,297
COPACABANA,consulta externa,nuevas en personas de 15 a 59 anos,2007-02-01,113,172,113,172,285
CORIPATA,consulta externa,nuevas en personas de 15 a 59 anos,2007-02-01,114,171,114,171,285
CORO CORO,consulta externa,nuevas en personas de 15 a 59 anos,2007-02-01,60,99,60,99,159
COROICO,consulta externa,nuevas en personas de 15 a 59 anos,2007-02-01,217,304,217,304,521
CORQUE,consulta externa,nuevas en personas de 15 a 59 anos,2007-02-01,77,76,77,76,153
COTAGAITA,consulta externa,nuevas en personas de 15 a 59 anos,2007-02-01,695,1140,695,1140,1835
COTOCA,consulta externa,nuevas en personas de 15 a 59 anos,2007-02-01,170,423,170,423,593
CUATRO CAÑADAS,consulta externa,nuevas en personas de 15 a 59 anos,2007-02-01,279,449,279,449,728
CUCHUMUELA (V. G. VILLARROEL),consulta externa,nuevas en personas de 15 a 59 anos,2007-02-01,18,12,18,12,30
CUEVO,consulta externa,nuevas en personas de 15 a 59 anos,2007-02-01,98,131,98,131,229
CULPINA,consulta externa,nuevas en personas de 15 a 59 anos,2007-02-01,255,568,255,568,823
CURAHUARA DE CARANGAS,consulta externa,nuevas en personas de 15 a 59 anos,2007-02-01,48,96,48,96,144
CURVA,consulta externa,nuevas en personas de 15 a 59 anos,2007-02-01,20,49,20,49,69
DESAGUADERO,consulta externa,nuevas en personas de 15 a 59 anos,2007-02-01,36,50,36,50,86
EL ALTO,consulta externa,nuevas en personas de 15 a 59 anos,2007-02-01,6888,12637,6888,12637,19525
EL CHORO,consulta externa,nuevas en personas de 15 a 59 anos,2007-02-01,113,167,113,167,280
EL PUENTE(STC),consulta externa,nuevas en personas de 15 a 59 anos,2007-02-01,130,209,130,209,339
EL PUENTE(TJA),consulta externa,nuevas en personas de 15 a 59 anos,2007-02-01,125,262,125,262,387
EL TORNO,consulta externa,nuevas en personas de 15 a 59 anos,2007-02-01,611,857,611,857,1468
EL VILLAR,consulta externa,nuevas en personas de 15 a 59 anos,2007-02-01,125,291,125,291,416
ENTRE RIOS,consulta externa,nuevas en personas de 15 a 59 anos,2007-02-01,237,284,237,284,521
ENTRE RIOS,consulta externa,nuevas en personas de 15 a 59 anos,2007-02-01,542,757,542,757,1299
ESCARA,consulta externa,nuevas en personas de 15 a 59 anos,2007-02-01,2,5,2,5,7
ESMERALDA,consulta externa,nuevas en personas de 15 a 59 anos,2007-02-01,2,4,2,4,6
EUCALIPTUS,consulta externa,nuevas en personas de 15 a 59 anos,2007-02-01,72,108,72,108,180
EUREKA (SANTOS MERCADO),consulta externa,nuevas en personas de 15 a 59 anos,2007-02-01,17,14,17,14,31
EXALTACION,consulta externa,nuevas en personas de 15 a 59 anos,2007-02-01,52,98,52,98,150
FERNANDEZ ALONSO,consulta externa,nuevas en personas de 15 a 59 anos,2007-02-01,187,497,187,497,684
FILADELFIA,consulta externa,nuevas en personas de 15 a 59 anos,2007-02-01,107,123,107,123,230
GENERAL SAAVEDRA,consulta externa,nuevas en personas de 15 a 59 anos,2007-02-01,294,464,294,464,758
GRAL. J.J. PEREZ (CHARAZANI),consulta externa,nuevas en personas de 15 a 59 anos,2007-02-01,67,145,67,145,212
GUANAY,consulta externa,nuevas en personas de 15 a 59 anos,2007-02-01,170,270,170,270,440
GUAQUI,consulta externa,nuevas en personas de 15 a 59 anos,2007-02-01,40,65,40,65,105
GUAYARAMERIN,consulta externa,nuevas en personas de 15 a 59 anos,2007-02-01,479,1340,479,1340,1819
GUTIERREZ,consulta externa,nuevas en personas de 15 a 59 anos,2007-02-01,256,414,256,414,670
HUACARETA,consulta externa,nuevas en personas de 15 a 59 anos,2007-02-01,242,408,242,408,650
HUACAYA (VILLA DE HUACAYA),consulta externa,nuevas en personas de 15 a 59 anos,2007-02-01,44,80,44,80,124
HUACHACALLA,consulta externa,nuevas en personas de 15 a 59 anos,2007-02-01,75,100,75,100,175
HUANUNI,consulta externa,nuevas en personas de 15 a 59 anos,2007-02-01,433,641,433,641,1074
HUARACAJE,consulta externa,nuevas en personas de 15 a 59 anos,2007-02-01,28,76,28,76,104
HUAYLLAMARCA,consulta externa,nuevas en personas de 15 a 59 anos,2007-02-01,20,53,20,53,73
ICHOCA,consulta externa,nuevas en personas de 15 a 59 anos,2007-02-01,36,98,36,98,134
ICLA,consulta externa,nuevas en personas de 15 a 59 anos,2007-02-01,123,293,123,293,416
INCAHUASI,consulta externa,nuevas en personas de 15 a 59 anos,2007-02-01,199,668,199,668,867
INGAVI (HUMAITA),consulta externa,nuevas en personas de 15 a 59 anos,2007-02-01,19,9,19,9,28
INQUISIVI,consulta externa,nuevas en personas de 15 a 59 anos,2007-02-01,131,224,131,224,355
IRUPANA (VILLA DE LANZA),consulta externa,nuevas en personas de 15 a 59 anos,2007-02-01,174,330,174,330,504
IXIAMAS,consulta externa,nuevas en personas de 15 a 59 anos,2007-02-01,148,234,148,234,382
JESUS DE MACHACA,consulta externa,nuevas en personas de 15 a 59 anos,2007-02-01,64,298,64,298,362
LA ASUNTA,consulta externa,nuevas en personas de 15 a 59 anos,2007-02-01,262,413,262,413,675
LA GUARDIA,consulta externa,nuevas en personas de 15 a 59 anos,2007-02-01,370,775,370,775,1145
LA PAZ,consulta externa,nuevas en personas de 15 a 59 anos,2007-02-01,20049,34854,20049,34854,54903
LA RIVERA,consulta externa,nuevas en personas de 15 a 59 anos,2007-02-01,8,8,8,8,16
LAGUNILLAS,consulta externa,nuevas en personas de 15 a 59 anos,2007-02-01,216,287,216,287,503
LAJA,consulta externa,nuevas en personas de 15 a 59 anos,2007-02-01,69,150,69,150,219
LAS CARRERAS,consulta externa,nuevas en personas de 15 a 59 anos,2007-02-01,69,167,69,167,236
LICOMA PAMPA,consulta externa,nuevas en personas de 15 a 59 anos,2007-02-01,21,56,21,56,77
LLALLAGUA,consulta externa,nuevas en personas de 15 a 59 anos,2007-02-01,539,850,539,850,1389
LLICA,consulta externa,nuevas en personas de 15 a 59 anos,2007-02-01,84,143,84,143,227
LORETO,consulta externa,nuevas en personas de 15 a 59 anos,2007-02-01,28,71,28,71,99
LURIBAY,consulta externa,nuevas en personas de 15 a 59 anos,2007-02-01,115,167,115,167,282
MACHACAMARCA,consulta externa,nuevas en personas de 15 a 59 anos,2007-02-01,34,79,34,79,113
MACHARETI,consulta externa,nuevas en personas de 15 a 59 anos,2007-02-01,169,509,169,509,678
MAGDALENA,consulta externa,nuevas en personas de 15 a 59 anos,2007-02-01,142,268,142,268,410
MAIRANA,consulta externa,nuevas en personas de 15 a 59 anos,2007-02-01,101,222,101,222,323
MALLA,consulta externa,nuevas en personas de 15 a 59 anos,2007-02-01,41,65,41,65,106
MAPIRI,consulta externa,nuevas en personas de 15 a 59 anos,2007-02-01,162,235,162,235,397
MECAPACA,consulta externa,nuevas en personas de 15 a 59 anos,2007-02-01,115,169,115,169,284
MINEROS,consulta externa,nuevas en personas de 15 a 59 anos,2007-02-01,216,491,216,491,707
MIZQUE,consulta externa,nuevas en personas de 15 a 59 anos,2007-02-01,115,194,115,194,309
MOCOMOCO,consulta externa,nuevas en personas de 15 a 59 anos,2007-02-01,162,261,162,261,423
MOJINETE,consulta externa,nuevas en personas de 15 a 59 anos,2007-02-01,6,21,6,21,27
MOJOCOYA,consulta externa,nuevas en personas de 15 a 59 anos,2007-02-01,73,218,73,218,291
MONTEAGUDO,consulta externa,nuevas en personas de 15 a 59 anos,2007-02-01,1001,1644,1001,1644,2645
MONTERO,consulta externa,nuevas en personas de 15 a 59 anos,2007-02-01,1411,2759,1411,2759,4170
MORO MORO,consulta externa,nuevas en personas de 15 a 59 anos,2007-02-01,44,110,44,110,154
MOROCHATA,consulta externa,nuevas en personas de 15 a 59 anos,2007-02-01,71,179,71,179,250
NACEBE (SANTA ROSA DEL ABUNA),consulta externa,nuevas en personas de 15 a 59 anos,2007-02-01,71,79,71,79,150
NAZACARA DE PACAJES,consulta externa,nuevas en personas de 15 a 59 anos,2007-02-01,6,7,6,7,13
NUEVO MANOA (NUEVA ESPERANZA),consulta externa,nuevas en personas de 15 a 59 anos,2007-02-01,29,22,29,22,51
OCURI,consulta externa,nuevas en personas de 15 a 59 anos,2007-02-01,120,280,120,280,400
OKINAWA,consulta externa,nuevas en personas de 15 a 59 anos,2007-02-01,520,926,520,926,1446
OMEREQUE,consulta externa,nuevas en personas de 15 a 59 anos,2007-02-01,56,79,56,79,135
ORURO,consulta externa,nuevas en personas de 15 a 59 anos,2007-02-01,6480,10291,6480,10291,16771
PADCAYA,consulta externa,nuevas en personas de 15 a 59 anos,2007-02-01,369,714,369,714,1083
PADILLA,consulta externa,nuevas en personas de 15 a 59 anos,2007-02-01,487,1022,487,1022,1509
PAILON,consulta externa,nuevas en personas de 15 a 59 anos,2007-02-01,184,209,184,209,393
PALCA,consulta externa,nuevas en personas de 15 a 59 anos,2007-02-01,119,161,119,161,280
PALOS BLANCOS,consulta externa,nuevas en personas de 15 a 59 anos,2007-02-01,377,454,377,454,831
PAMPA AULLAGAS,consulta externa,nuevas en personas de 15 a 59 anos,2007-02-01,26,30,26,30,56
PAMPA GRANDE,consulta externa,nuevas en personas de 15 a 59 anos,2007-02-01,131,191,131,191,322
PAPEL PAMPA,consulta externa,nuevas en personas de 15 a 59 anos,2007-02-01,60,84,60,84,144
PASORAPA,consulta externa,nuevas en personas de 15 a 59 anos,2007-02-01,11,54,11,54,65
PATACAMAYA,consulta externa,nuevas en personas de 15 a 59 anos,2007-02-01,95,158,95,158,253
PAZÑA,consulta externa,nuevas en personas de 15 a 59 anos,2007-02-01,73,128,73,128,201
PELECHUCO,consulta externa,nuevas en personas de 15 a 59 anos,2007-02-01,140,142,140,142,282
POCOATA,consulta externa,nuevas en personas de 15 a 59 anos,2007-02-01,197,348,197,348,545
POCONA,consulta externa,nuevas en personas de 15 a 59 anos,2007-02-01,98,161,98,161,259
POJO (CBBA),consulta externa,nuevas en personas de 15 a 59 anos,2007-02-01,30,77,30,77,107
POOPO,consulta externa,nuevas en personas de 15 a 59 anos,2007-02-01,65,77,65,77,142
PORCO,consulta externa,nuevas en personas de 15 a 59 anos,2007-02-01,116,183,116,183,299
POROMA,consulta externa,nuevas en personas de 15 a 59 anos,2007-02-01,159,342,159,342,501
PORONGO,consulta externa,nuevas en personas de 15 a 59 anos,2007-02-01,108,185,108,185,293
PORTACHUELO,consulta externa,nuevas en personas de 15 a 59 anos,2007-02-01,302,714,302,714,1016
PORVENIR,consulta externa,nuevas en personas de 15 a 59 anos,2007-02-01,75,100,75,100,175
POSTRER VALLE,consulta externa,nuevas en personas de 15 a 59 anos,2007-02-01,57,69,57,69,126
POTOSI,consulta externa,nuevas en personas de 15 a 59 anos,2007-02-01,3028,6415,3028,6415,9443
PRESTO,consulta externa,nuevas en personas de 15 a 59 anos,2007-02-01,83,225,83,225,308
PUCARA,consulta externa,nuevas en personas de 15 a 59 anos,2007-02-01,30,86,30,86,116
PUCARANI,consulta externa,nuevas en personas de 15 a 59 anos,2007-02-01,131,238,131,238,369
PUERTO ACOSTA,consulta externa,nuevas en personas de 15 a 59 anos,2007-02-01,301,370,301,370,671
PUERTO CARABUCO,consulta externa,nuevas en personas de 15 a 59 anos,2007-02-01,115,185,115,185,300
PUERTO GONZALO MORENO,consulta externa,nuevas en personas de 15 a 59 anos,2007-02-01,51,113,51,113,164
PUERTO PEREZ,consulta externa,nuevas en personas de 15 a 59 anos,2007-02-01,49,63,49,63,112
PUERTO QUIJARRO,consulta externa,nuevas en personas de 15 a 59 anos,2007-02-01,335,422,335,422,757
PUERTO RICO,consulta externa,nuevas en personas de 15 a 59 anos,2007-02-01,119,134,119,134,253
PUERTO SILES,consulta externa,nuevas en personas de 15 a 59 anos,2007-02-01,16,16,16,16,32
PUERTO SUAREZ,consulta externa,nuevas en personas de 15 a 59 anos,2007-02-01,274,489,274,489,763
PUERTO VILLARROEL,consulta externa,nuevas en personas de 15 a 59 anos,2007-02-01,650,926,650,926,1576
PUNA,consulta externa,nuevas en personas de 15 a 59 anos,2007-02-01,324,843,324,843,1167
PUNATA,consulta externa,nuevas en personas de 15 a 59 anos,2007-02-01,272,693,272,693,965
QUIABAYA,consulta externa,nuevas en personas de 15 a 59 anos,2007-02-01,27,92,27,92,119
QUILLACOLLO,consulta externa,nuevas en personas de 15 a 59 anos,2007-02-01,868,1775,868,1775,2643
QUIME,consulta externa,nuevas en personas de 15 a 59 anos,2007-02-01,157,125,157,125,282
QUIRUSILLAS,consulta externa,nuevas en personas de 15 a 59 anos,2007-02-01,21,31,21,31,52
RAVELO,consulta externa,nuevas en personas de 15 a 59 anos,2007-02-01,169,306,169,306,475
REYES,consulta externa,nuevas en personas de 15 a 59 anos,2007-02-01,83,185,83,185,268
RIBERALTA,consulta externa,nuevas en personas de 15 a 59 anos,2007-02-01,1544,4421,1544,4421,5965
ROBORE,consulta externa,nuevas en personas de 15 a 59 anos,2007-02-01,215,515,215,515,730
RURRENABAQUE,consulta externa,nuevas en personas de 15 a 59 anos,2007-02-01,177,349,177,349,526
SABAYA,consulta externa,nuevas en personas de 15 a 59 anos,2007-02-01,75,93,75,93,168
SACABA,consulta externa,nuevas en personas de 15 a 59 anos,2007-02-01,589,1310,589,1310,1899
SACABAMBA,consulta externa,nuevas en personas de 15 a 59 anos,2007-02-01,52,56,52,56,108
SACACA,consulta externa,nuevas en personas de 15 a 59 anos,2007-02-01,188,436,188,436,624
SAIPINA,consulta externa,nuevas en personas de 15 a 59 anos,2007-02-01,55,95,55,95,150
SALINAS DE GARCI MENDOZA,consulta externa,nuevas en personas de 15 a 59 anos,2007-02-01,121,259,121,259,380
SAMAIPATA,consulta externa,nuevas en personas de 15 a 59 anos,2007-02-01,139,170,139,170,309
SAN AGUSTIN,consulta externa,nuevas en personas de 15 a 59 anos,2007-02-01,54,103,54,103,157
SAN ANDRES,consulta externa,nuevas en personas de 15 a 59 anos,2007-02-01,76,133,76,133,209
SAN ANDRES DE MACHACA,consulta externa,nuevas en personas de 15 a 59 anos,2007-02-01,60,103,60,103,163
SAN ANTONIO DE ESMORUCO,consulta externa,nuevas en personas de 15 a 59 anos,2007-02-01,18,54,18,54,72
SAN ANTONIO DE LOMERIO,consulta externa,nuevas en personas de 15 a 59 anos,2007-02-01,72,130,72,130,202
SAN BENITO,consulta externa,nuevas en personas de 15 a 59 anos,2007-02-01,68,199,68,199,267
SAN BORJA,consulta externa,nuevas en personas de 15 a 59 anos,2007-02-01,242,518,242,518,760
SAN BUENA VENTURA,consulta externa,nuevas en personas de 15 a 59 anos,2007-02-01,218,406,218,406,624
SAN CARLOS,consulta externa,nuevas en personas de 15 a 59 anos,2007-02-01,266,700,266,700,966
SAN IGNACIO,consulta externa,nuevas en personas de 15 a 59 anos,2007-02-01,477,901,477,901,1378
SAN IGNACIO DE VELASCO,consulta externa,nuevas en personas de 15 a 59 anos,2007-02-01,1207,1759,1207,1759,2966
SAN JAVIER(BNI),consulta externa,nuevas en personas de 15 a 59 anos,2007-02-01,6,20,6,20,26
SAN JAVIER(STC),consulta externa,nuevas en personas de 15 a 59 anos,2007-02-01,144,309,144,309,453
SAN JOAQUIN,consulta externa,nuevas en personas de 15 a 59 anos,2007-02-01,216,306,216,306,522
SAN JOSE DE CHIQUITOS,consulta externa,nuevas en personas de 15 a 59 anos,2007-02-01,234,457,234,457,691
SAN JUAN DE YAPACANI,consulta externa,nuevas en personas de 15 a 59 anos,2007-02-01,227,366,227,366,593
SAN JULIAN,consulta externa,nuevas en personas de 15 a 59 anos,2007-02-01,1308,2075,1308,2075,3383
SAN LORENZO(PND),consulta externa,nuevas en personas de 15 a 59 anos,2007-02-01,34,76,34,76,110
SAN LORENZO(TJA),consulta externa,nuevas en personas de 15 a 59 anos,2007-02-01,250,578,250,578,828
SAN LUCAS,consulta externa,nuevas en personas de 15 a 59 anos,2007-02-01,441,1291,441,1291,1732
SAN MATIAS,consulta externa,nuevas en personas de 15 a 59 anos,2007-02-01,155,265,155,265,420
SAN MIGUEL DE VELASCO,consulta externa,nuevas en personas de 15 a 59 anos,2007-02-01,261,421,261,421,682
SAN PABLO DE LIPEZ,consulta externa,nuevas en personas de 15 a 59 anos,2007-02-01,75,144,75,144,219
SAN PEDRO,consulta externa,nuevas en personas de 15 a 59 anos,2007-02-01,587,806,587,806,1393
SAN PEDRO DE BUENA VISTA,consulta externa,nuevas en personas de 15 a 59 anos,2007-02-01,143,251,143,251,394
SAN PEDRO DE CURAHUARA,consulta externa,nuevas en personas de 15 a 59 anos,2007-02-01,30,55,30,55,85
SAN PEDRO DE QUEMES,consulta externa,nuevas en personas de 15 a 59 anos,2007-02-01,2,13,2,13,15
SAN PEDRO DE TIQUINA,consulta externa,nuevas en personas de 15 a 59 anos,2007-02-01,24,58,24,58,82
SAN RAFAEL,consulta externa,nuevas en personas de 15 a 59 anos,2007-02-01,73,169,73,169,242
SAN RAMON,consulta externa,nuevas en personas de 15 a 59 anos,2007-02-01,28,106,28,106,134
SAN RAMON,consulta externa,nuevas en personas de 15 a 59 anos,2007-02-01,119,268,119,268,387
SANTA ANA,consulta externa,nuevas en personas de 15 a 59 anos,2007-02-01,87,227,87,227,314
SANTA CRUZ DE LA SIERRA,consulta externa,nuevas en personas de 15 a 59 anos,2007-02-01,24134,41846,24134,41846,65980
SANTA ROSA,consulta externa,nuevas en personas de 15 a 59 anos,2007-02-01,49,100,49,100,149
SANTA ROSA DEL SARA,consulta externa,nuevas en personas de 15 a 59 anos,2007-02-01,237,503,237,503,740
SANTIAGO DE CALLAPA,consulta externa,nuevas en personas de 15 a 59 anos,2007-02-01,37,72,37,72,109
SANTIAGO DE HUARI,consulta externa,nuevas en personas de 15 a 59 anos,2007-02-01,126,175,126,175,301
SANTIAGO DE MACHACA,consulta externa,nuevas en personas de 15 a 59 anos,2007-02-01,16,32,16,32,48
SANTIVAÑES,consulta externa,nuevas en personas de 15 a 59 anos,2007-02-01,54,97,54,97,151
SANTUARIO DE QUILLACAS,consulta externa,nuevas en personas de 15 a 59 anos,2007-02-01,21,49,21,49,70
SAPAHAQUI,consulta externa,nuevas en personas de 15 a 59 anos,2007-02-01,73,100,73,100,173
SENA,consulta externa,nuevas en personas de 15 a 59 anos,2007-02-01,65,125,65,125,190
SICA SICA (VILLA AROMA),consulta externa,nuevas en personas de 15 a 59 anos,2007-02-01,97,188,97,188,285
SICAYA,consulta externa,nuevas en personas de 15 a 59 anos,2007-02-01,21,27,21,27,48
SIPE SIPE,consulta externa,nuevas en personas de 15 a 59 anos,2007-02-01,96,319,96,319,415
SOPACHUY,consulta externa,nuevas en personas de 15 a 59 anos,2007-02-01,86,216,86,216,302
SORACACHI,consulta externa,nuevas en personas de 15 a 59 anos,2007-02-01,109,139,109,139,248
SORATA,consulta externa,nuevas en personas de 15 a 59 anos,2007-02-01,115,176,115,176,291
SUCRE,consulta externa,nuevas en personas de 15 a 59 anos,2007-02-01,8101,13724,8101,13724,21825
TACACHI,consulta externa,nuevas en personas de 15 a 59 anos,2007-02-01,3,22,3,22,25
TACACOMA,consulta externa,nuevas en personas de 15 a 59 anos,2007-02-01,79,110,79,110,189
TACOBAMBA,consulta externa,nuevas en personas de 15 a 59 anos,2007-02-01,70,147,70,147,217
TACOPAYA,consulta externa,nuevas en personas de 15 a 59 anos,2007-02-01,83,156,83,156,239
TAHUA,consulta externa,nuevas en personas de 15 a 59 anos,2007-02-01,22,38,22,38,60
TAPACARI,consulta externa,nuevas en personas de 15 a 59 anos,2007-02-01,115,346,115,346,461
TARABUCO,consulta externa,nuevas en personas de 15 a 59 anos,2007-02-01,285,509,285,509,794
TARACO,consulta externa,nuevas en personas de 15 a 59 anos,2007-02-01,47,72,47,72,119
TARATA,consulta externa,nuevas en personas de 15 a 59 anos,2007-02-01,56,113,56,113,169
TARIJA,consulta externa,nuevas en personas de 15 a 59 anos,2007-02-01,3556,7791,3556,7791,11347
TARVITA,consulta externa,nuevas en personas de 15 a 59 anos,2007-02-01,186,484,186,484,670
TEOPONTE,consulta externa,nuevas en personas de 15 a 59 anos,2007-02-01,112,114,112,114,226
TIAWANACU,consulta externa,nuevas en personas de 15 a 59 anos,2007-02-01,47,119,47,119,166
TINGUIPAYA,consulta externa,nuevas en personas de 15 a 59 anos,2007-02-01,172,357,172,357,529
TIPUANI,consulta externa,nuevas en personas de 15 a 59 anos,2007-02-01,41,82,41,82,123
TIQUIPAYA,consulta externa,nuevas en personas de 15 a 59 anos,2007-02-01,135,215,135,215,350
TIRAQUE (CBBA),consulta externa,nuevas en personas de 15 a 59 anos,2007-02-01,375,639,375,639,1014
TITO YUPANQUI (PARQUIPUJIO),consulta externa,nuevas en personas de 15 a 59 anos,2007-02-01,28,41,28,41,69
TOCO,consulta externa,nuevas en personas de 15 a 59 anos,2007-02-01,20,55,20,55,75
TOLATA,consulta externa,nuevas en personas de 15 a 59 anos,2007-02-01,16,44,16,44,60
TOLEDO,consulta externa,nuevas en personas de 15 a 59 anos,2007-02-01,158,231,158,231,389
TOMAVE,consulta externa,nuevas en personas de 15 a 59 anos,2007-02-01,148,322,148,322,470
TOMINA,consulta externa,nuevas en personas de 15 a 59 anos,2007-02-01,176,274,176,274,450
TORO TORO,consulta externa,nuevas en personas de 15 a 59 anos,2007-02-01,89,245,89,245,334
TOTORA(CBBA),consulta externa,nuevas en personas de 15 a 59 anos,2007-02-01,73,144,73,144,217
TOTORA(ORR),consulta externa,nuevas en personas de 15 a 59 anos,2007-02-01,30,60,30,60,90
TRIGAL,consulta externa,nuevas en personas de 15 a 59 anos,2007-02-01,30,52,30,52,82
TRINIDAD,consulta externa,nuevas en personas de 15 a 59 anos,2007-02-01,1159,2911,1159,2911,4070
TUPIZA,consulta externa,nuevas en personas de 15 a 59 anos,2007-02-01,1261,2420,1261,2420,3681
TURCO,consulta externa,nuevas en personas de 15 a 59 anos,2007-02-01,61,97,61,97,158
UMALA,consulta externa,nuevas en personas de 15 a 59 anos,2007-02-01,16,28,16,28,44
UNCIA,consulta externa,nuevas en personas de 15 a 59 anos,2007-02-01,350,1172,350,1172,1522
URIONDO (A. CONCEPCION),consulta externa,nuevas en personas de 15 a 59 anos,2007-02-01,249,599,249,599,848
URUBICHA,consulta externa,nuevas en personas de 15 a 59 anos,2007-02-01,28,96,28,96,124
UYUNI,consulta externa,nuevas en personas de 15 a 59 anos,2007-02-01,460,567,460,567,1027
VACAS,consulta externa,nuevas en personas de 15 a 59 anos,2007-02-01,82,202,82,202,284
VALLEGRANDE,consulta externa,nuevas en personas de 15 a 59 anos,2007-02-01,411,772,411,772,1183
VIACHA,consulta externa,nuevas en personas de 15 a 59 anos,2007-02-01,453,972,453,972,1425
VILA VILA,consulta externa,nuevas en personas de 15 a 59 anos,2007-02-01,21,45,21,45,66
VILLA MONTES,consulta externa,nuevas en personas de 15 a 59 anos,2007-02-01,681,879,681,879,1560
VILLA NUEVA (LOMA ALTA),consulta externa,nuevas en personas de 15 a 59 anos,2007-02-01,73,67,73,67,140
VILLA RIVERO,consulta externa,nuevas en personas de 15 a 59 anos,2007-02-01,27,85,27,85,112
VILLA SERRANO,consulta externa,nuevas en personas de 15 a 59 anos,2007-02-01,196,449,196,449,645
VILLA TUNARI,consulta externa,nuevas en personas de 15 a 59 anos,2007-02-01,1026,1428,1026,1428,2454
VILLA VACA GUZMAN (MUYUPAMPA),consulta externa,nuevas en personas de 15 a 59 anos,2007-02-01,226,342,226,342,568
VILLAZON,consulta externa,nuevas en personas de 15 a 59 anos,2007-02-01,730,1724,730,1724,2454
VINTO,consulta externa,nuevas en personas de 15 a 59 anos,2007-02-01,50,116,50,116,166
VITICHI,consulta externa,nuevas en personas de 15 a 59 anos,2007-02-01,180,323,180,323,503
WALDO BALLIVIAN,consulta externa,nuevas en personas de 15 a 59 anos,2007-02-01,7,53,7,53,60
WARNES,consulta externa,nuevas en personas de 15 a 59 anos,2007-02-01,489,895,489,895,1384
YACO,consulta externa,nuevas en personas de 15 a 59 anos,2007-02-01,43,97,43,97,140
YACUIBA,consulta externa,nuevas en personas de 15 a 59 anos,2007-02-01,1762,3137,1762,3137,4899
YAMPARAEZ,consulta externa,nuevas en personas de 15 a 59 anos,2007-02-01,86,153,86,153,239
YANACACHI,consulta externa,nuevas en personas de 15 a 59 anos,2007-02-01,115,128,115,128,243
YAPACANI,consulta externa,nuevas en personas de 15 a 59 anos,2007-02-01,938,1526,938,1526,2464
YOCALLA,consulta externa,nuevas en personas de 15 a 59 anos,2007-02-01,116,150,116,150,266
YOTALA,consulta externa,nuevas en personas de 15 a 59 anos,2007-02-01,136,207,136,207,343
YUNCHARA,consulta externa,nuevas en personas de 15 a 59 anos,2007-02-01,32,145,32,145,177
ZUDAÑEZ,consulta externa,nuevas en personas de 15 a 59 anos,2007-02-01,157,364,157,364,521
ACACIO,consulta externa,nuevas en personas de 15 a 59 anos,2007-03-01,103,190,103,190,293
ACHACACHI,consulta externa,nuevas en personas de 15 a 59 anos,2007-03-01,386,554,386,554,940
ACHOCALLA,consulta externa,nuevas en personas de 15 a 59 anos,2007-03-01,46,96,46,96,142
AIQUILE,consulta externa,nuevas en personas de 15 a 59 anos,2007-03-01,210,475,210,475,685
ALALAY,consulta externa,nuevas en personas de 15 a 59 anos,2007-03-01,9,26,9,26,35
ALCALA,consulta externa,nuevas en personas de 15 a 59 anos,2007-03-01,90,327,90,327,417
ANCORAIMES,consulta externa,nuevas en personas de 15 a 59 anos,2007-03-01,120,210,120,210,330
ANDAMARCA,consulta externa,nuevas en personas de 15 a 59 anos,2007-03-01,77,116,77,116,193
ANTEQUERA,consulta externa,nuevas en personas de 15 a 59 anos,2007-03-01,12,58,12,58,70
ANZALDO,consulta externa,nuevas en personas de 15 a 59 anos,2007-03-01,75,107,75,107,182
APOLO,consulta externa,nuevas en personas de 15 a 59 anos,2007-03-01,159,314,159,314,473
ARAMPAMPA,consulta externa,nuevas en personas de 15 a 59 anos,2007-03-01,50,119,50,119,169
ARANI,consulta externa,nuevas en personas de 15 a 59 anos,2007-03-01,34,78,34,78,112
ARBIETO,consulta externa,nuevas en personas de 15 a 59 anos,2007-03-01,63,199,63,199,262
ARQUE,consulta externa,nuevas en personas de 15 a 59 anos,2007-03-01,115,249,115,249,364
ASCENCION DE GUARAYOS,consulta externa,nuevas en personas de 15 a 59 anos,2007-03-01,231,396,231,396,627
ATOCHA,consulta externa,nuevas en personas de 15 a 59 anos,2007-03-01,891,998,891,998,1889
AUCAPATA,consulta externa,nuevas en personas de 15 a 59 anos,2007-03-01,67,99,67,99,166
AYATA,consulta externa,nuevas en personas de 15 a 59 anos,2007-03-01,94,175,94,175,269
AYO AYO,consulta externa,nuevas en personas de 15 a 59 anos,2007-03-01,56,101,56,101,157
AYOPAYA (V. DE INDEPENDENCIA),consulta externa,nuevas en personas de 15 a 59 anos,2007-03-01,254,510,254,510,764
AZURDUY,consulta externa,nuevas en personas de 15 a 59 anos,2007-03-01,245,543,245,543,788
BATALLAS,consulta externa,nuevas en personas de 15 a 59 anos,2007-03-01,109,220,109,220,329
BAURES,consulta externa,nuevas en personas de 15 a 59 anos,2007-03-01,45,67,45,67,112
BELEN DE ANDAMARCA,consulta externa,nuevas en personas de 15 a 59 anos,2007-03-01,25,28,25,28,53
BELEN DE URMIRI,consulta externa,nuevas en personas de 15 a 59 anos,2007-03-01,53,79,53,79,132
BELLA FLOR,consulta externa,nuevas en personas de 15 a 59 anos,2007-03-01,187,127,187,127,314
BERMEJO,consulta externa,nuevas en personas de 15 a 59 anos,2007-03-01,750,1353,750,1353,2103
BETANZOS,consulta externa,nuevas en personas de 15 a 59 anos,2007-03-01,393,900,393,900,1293
BOLIVAR,consulta externa,nuevas en personas de 15 a 59 anos,2007-03-01,59,105,59,105,164
BOLPEBRA,consulta externa,nuevas en personas de 15 a 59 anos,2007-03-01,47,63,47,63,110
BOYUIBE,consulta externa,nuevas en personas de 15 a 59 anos,2007-03-01,87,187,87,187,274
BUENA VISTA,consulta externa,nuevas en personas de 15 a 59 anos,2007-03-01,252,321,252,321,573
CABEZAS,consulta externa,nuevas en personas de 15 a 59 anos,2007-03-01,349,475,349,475,824
CAIROMA,consulta externa,nuevas en personas de 15 a 59 anos,2007-03-01,236,261,236,261,497
"CAIZA ""D""",consulta externa,nuevas en personas de 15 a 59 anos,2007-03-01,151,288,151,288,439
CAJUATA,consulta externa,nuevas en personas de 15 a 59 anos,2007-03-01,93,179,93,179,272
CALACOTO,consulta externa,nuevas en personas de 15 a 59 anos,2007-03-01,50,86,50,86,136
CALAMARCA,consulta externa,nuevas en personas de 15 a 59 anos,2007-03-01,63,159,63,159,222
CAMARGO,consulta externa,nuevas en personas de 15 a 59 anos,2007-03-01,330,703,330,703,1033
CAMATAQUI (C. VILLA ABECIA),consulta externa,nuevas en personas de 15 a 59 anos,2007-03-01,114,227,114,227,341
CAMIRI,consulta externa,nuevas en personas de 15 a 59 anos,2007-03-01,1067,2362,1067,2362,3429
CAPINOTA,consulta externa,nuevas en personas de 15 a 59 anos,2007-03-01,201,433,201,433,634
CAQUIAVIRI,consulta externa,nuevas en personas de 15 a 59 anos,2007-03-01,81,115,81,115,196
CARACOLLO,consulta externa,nuevas en personas de 15 a 59 anos,2007-03-01,115,287,115,287,402
CARANAVI,consulta externa,nuevas en personas de 15 a 59 anos,2007-03-01,797,1075,797,1075,1872
CARANGAS,consulta externa,nuevas en personas de 15 a 59 anos,2007-03-01,0,1,0,1,1
CARAPARI,consulta externa,nuevas en personas de 15 a 59 anos,2007-03-01,376,562,376,562,938
CARIPUYO,consulta externa,nuevas en personas de 15 a 59 anos,2007-03-01,103,165,103,165,268
CARMEN RIVERO TORREZ,consulta externa,nuevas en personas de 15 a 59 anos,2007-03-01,26,52,26,52,78
CATACORA,consulta externa,nuevas en personas de 15 a 59 anos,2007-03-01,11,32,11,32,43
CHACARILLA,consulta externa,nuevas en personas de 15 a 59 anos,2007-03-01,4,6,4,6,10
CHALLAPATA,consulta externa,nuevas en personas de 15 a 59 anos,2007-03-01,219,483,219,483,702
CHAQUI,consulta externa,nuevas en personas de 15 a 59 anos,2007-03-01,70,151,70,151,221
CHARAGUA,consulta externa,nuevas en personas de 15 a 59 anos,2007-03-01,187,377,187,377,564
CHARAÑA,consulta externa,nuevas en personas de 15 a 59 anos,2007-03-01,65,61,65,61,126
CHAYANTA,consulta externa,nuevas en personas de 15 a 59 anos,2007-03-01,198,467,198,467,665
CHIMORE,consulta externa,nuevas en personas de 15 a 59 anos,2007-03-01,240,327,240,327,567
CHIPAYA,consulta externa,nuevas en personas de 15 a 59 anos,2007-03-01,26,27,26,27,53
CHOQUE COTA,consulta externa,nuevas en personas de 15 a 59 anos,2007-03-01,15,34,15,34,49
CHULUMANI (V. DE LA LIBERTAD),consulta externa,nuevas en personas de 15 a 59 anos,2007-03-01,235,289,235,289,524
CHUMA,consulta externa,nuevas en personas de 15 a 59 anos,2007-03-01,160,293,160,293,453
CLIZA,consulta externa,nuevas en personas de 15 a 59 anos,2007-03-01,85,156,85,156,241
COBIJA,consulta externa,nuevas en personas de 15 a 59 anos,2007-03-01,1069,1945,1069,1945,3014
COCHABAMBA,consulta externa,nuevas en personas de 15 a 59 anos,2007-03-01,12512,25773,12512,25773,38285
COIPASA,consulta externa,nuevas en personas de 15 a 59 anos,2007-03-01,15,19,15,19,34
COLCAPIRHUA,consulta externa,nuevas en personas de 15 a 59 anos,2007-03-01,400,795,400,795,1195
"COLCHA ""K""",consulta externa,nuevas en personas de 15 a 59 anos,2007-03-01,222,454,222,454,676
COLLANA,consulta externa,nuevas en personas de 15 a 59 anos,2007-03-01,32,30,32,30,62
COLOMI,consulta externa,nuevas en personas de 15 a 59 anos,2007-03-01,102,235,102,235,337
COLPA BELGICA,consulta externa,nuevas en personas de 15 a 59 anos,2007-03-01,92,194,92,194,286
COLQUECHACA,consulta externa,nuevas en personas de 15 a 59 anos,2007-03-01,405,811,405,811,1216
COLQUENCHA,consulta externa,nuevas en personas de 15 a 59 anos,2007-03-01,92,215,92,215,307
COLQUIRI,consulta externa,nuevas en personas de 15 a 59 anos,2007-03-01,268,434,268,434,702
COMANCHE,consulta externa,nuevas en personas de 15 a 59 anos,2007-03-01,30,83,30,83,113
COMARAPA,consulta externa,nuevas en personas de 15 a 59 anos,2007-03-01,315,631,315,631,946
COMBAYA,consulta externa,nuevas en personas de 15 a 59 anos,2007-03-01,9,17,9,17,26
CONCEPCION,consulta externa,nuevas en personas de 15 a 59 anos,2007-03-01,193,381,193,381,574
COPACABANA,consulta externa,nuevas en personas de 15 a 59 anos,2007-03-01,125,276,125,276,401
CORIPATA,consulta externa,nuevas en personas de 15 a 59 anos,2007-03-01,120,174,120,174,294
CORO CORO,consulta externa,nuevas en personas de 15 a 59 anos,2007-03-01,61,135,61,135,196
COROICO,consulta externa,nuevas en personas de 15 a 59 anos,2007-03-01,226,346,226,346,572
CORQUE,consulta externa,nuevas en personas de 15 a 59 anos,2007-03-01,96,121,96,121,217
COTAGAITA,consulta externa,nuevas en personas de 15 a 59 anos,2007-03-01,761,1385,761,1385,2146
COTOCA,consulta externa,nuevas en personas de 15 a 59 anos,2007-03-01,172,788,172,788,960
CUATRO CAÑADAS,consulta externa,nuevas en personas de 15 a 59 anos,2007-03-01,247,553,247,553,800
CUCHUMUELA (V. G. VILLARROEL),consulta externa,nuevas en personas de 15 a 59 anos,2007-03-01,14,13,14,13,27
CUEVO,consulta externa,nuevas en personas de 15 a 59 anos,2007-03-01,86,128,86,128,214
CULPINA,consulta externa,nuevas en personas de 15 a 59 anos,2007-03-01,281,683,281,683,964
CURAHUARA DE CARANGAS,consulta externa,nuevas en personas de 15 a 59 anos,2007-03-01,67,109,67,109,176
CURVA,consulta externa,nuevas en personas de 15 a 59 anos,2007-03-01,22,42,22,42,64
DESAGUADERO,consulta externa,nuevas en personas de 15 a 59 anos,2007-03-01,38,70,38,70,108
EL ALTO,consulta externa,nuevas en personas de 15 a 59 anos,2007-03-01,7366,14238,7366,14238,21604
EL CHORO,consulta externa,nuevas en personas de 15 a 59 anos,2007-03-01,79,159,79,159,238
EL PUENTE(STC),consulta externa,nuevas en personas de 15 a 59 anos,2007-03-01,174,288,174,288,462
EL PUENTE(TJA),consulta externa,nuevas en personas de 15 a 59 anos,2007-03-01,209,406,209,406,615
EL TORNO,consulta externa,nuevas en personas de 15 a 59 anos,2007-03-01,751,1066,751,1066,1817
EL VILLAR,consulta externa,nuevas en personas de 15 a 59 anos,2007-03-01,160,299,160,299,459
ENTRE RIOS,consulta externa,nuevas en personas de 15 a 59 anos,2007-03-01,615,863,615,863,1478
ENTRE RIOS,consulta externa,nuevas en personas de 15 a 59 anos,2007-03-01,235,327,235,327,562
ESCARA,consulta externa,nuevas en personas de 15 a 59 anos,2007-03-01,6,6,6,6,12
ESMERALDA,consulta externa,nuevas en personas de 15 a 59 anos,2007-03-01,1,11,1,11,12
EUCALIPTUS,consulta externa,nuevas en personas de 15 a 59 anos,2007-03-01,67,115,67,115,182
EUREKA (SANTOS MERCADO),consulta externa,nuevas en personas de 15 a 59 anos,2007-03-01,15,17,15,17,32
EXALTACION,consulta externa,nuevas en personas de 15 a 59 anos,2007-03-01,21,64,21,64,85
FERNANDEZ ALONSO,consulta externa,nuevas en personas de 15 a 59 anos,2007-03-01,164,386,164,386,550
FILADELFIA,consulta externa,nuevas en personas de 15 a 59 anos,2007-03-01,167,268,167,268,435
GENERAL SAAVEDRA,consulta externa,nuevas en personas de 15 a 59 anos,2007-03-01,122,324,122,324,446
GRAL. J.J. PEREZ (CHARAZANI),consulta externa,nuevas en personas de 15 a 59 anos,2007-03-01,99,156,99,156,255
GUANAY,consulta externa,nuevas en personas de 15 a 59 anos,2007-03-01,189,383,189,383,572
GUAQUI,consulta externa,nuevas en personas de 15 a 59 anos,2007-03-01,45,66,45,66,111
GUAYARAMERIN,consulta externa,nuevas en personas de 15 a 59 anos,2007-03-01,729,1439,729,1439,2168
GUTIERREZ,consulta externa,nuevas en personas de 15 a 59 anos,2007-03-01,231,360,231,360,591
HUACARETA,consulta externa,nuevas en personas de 15 a 59 anos,2007-03-01,274,493,274,493,767
HUACAYA (VILLA DE HUACAYA),consulta externa,nuevas en personas de 15 a 59 anos,2007-03-01,64,143,64,143,207
HUACHACALLA,consulta externa,nuevas en personas de 15 a 59 anos,2007-03-01,103,97,103,97,200
HUANUNI,consulta externa,nuevas en personas de 15 a 59 anos,2007-03-01,406,512,406,512,918
HUARACAJE,consulta externa,nuevas en personas de 15 a 59 anos,2007-03-01,46,111,46,111,157
HUAYLLAMARCA,consulta externa,nuevas en personas de 15 a 59 anos,2007-03-01,31,67,31,67,98
ICHOCA,consulta externa,nuevas en personas de 15 a 59 anos,2007-03-01,65,113,65,113,178
ICLA,consulta externa,nuevas en personas de 15 a 59 anos,2007-03-01,121,253,121,253,374
INCAHUASI,consulta externa,nuevas en personas de 15 a 59 anos,2007-03-01,171,660,171,660,831
INGAVI (HUMAITA),consulta externa,nuevas en personas de 15 a 59 anos,2007-03-01,10,19,10,19,29
INQUISIVI,consulta externa,nuevas en personas de 15 a 59 anos,2007-03-01,104,206,104,206,310
IRUPANA (VILLA DE LANZA),consulta externa,nuevas en personas de 15 a 59 anos,2007-03-01,209,370,209,370,579
IXIAMAS,consulta externa,nuevas en personas de 15 a 59 anos,2007-03-01,112,202,112,202,314
JESUS DE MACHACA,consulta externa,nuevas en personas de 15 a 59 anos,2007-03-01,123,341,123,341,464
LA ASUNTA,consulta externa,nuevas en personas de 15 a 59 anos,2007-03-01,238,364,238,364,602
LA GUARDIA,consulta externa,nuevas en personas de 15 a 59 anos,2007-03-01,312,763,312,763,1075
LA PAZ,consulta externa,nuevas en personas de 15 a 59 anos,2007-03-01,23610,41057,23610,41057,64667
LA RIVERA,consulta externa,nuevas en personas de 15 a 59 anos,2007-03-01,3,11,3,11,14
LAGUNILLAS,consulta externa,nuevas en personas de 15 a 59 anos,2007-03-01,176,244,176,244,420
LAJA,consulta externa,nuevas en personas de 15 a 59 anos,2007-03-01,97,200,97,200,297
LAS CARRERAS,consulta externa,nuevas en personas de 15 a 59 anos,2007-03-01,81,162,81,162,243
LICOMA PAMPA,consulta externa,nuevas en personas de 15 a 59 anos,2007-03-01,36,40,36,40,76
LLALLAGUA,consulta externa,nuevas en personas de 15 a 59 anos,2007-03-01,598,1171,598,1171,1769
LLICA,consulta externa,nuevas en personas de 15 a 59 anos,2007-03-01,148,175,148,175,323
LORETO,consulta externa,nuevas en personas de 15 a 59 anos,2007-03-01,94,141,94,141,235
LURIBAY,consulta externa,nuevas en personas de 15 a 59 anos,2007-03-01,112,193,112,193,305
MACHACAMARCA,consulta externa,nuevas en personas de 15 a 59 anos,2007-03-01,54,95,54,95,149
MACHARETI,consulta externa,nuevas en personas de 15 a 59 anos,2007-03-01,219,527,219,527,746
MAGDALENA,consulta externa,nuevas en personas de 15 a 59 anos,2007-03-01,118,331,118,331,449
MAIRANA,consulta externa,nuevas en personas de 15 a 59 anos,2007-03-01,107,319,107,319,426
MALLA,consulta externa,nuevas en personas de 15 a 59 anos,2007-03-01,55,61,55,61,116
MAPIRI,consulta externa,nuevas en personas de 15 a 59 anos,2007-03-01,179,307,179,307,486
MECAPACA,consulta externa,nuevas en personas de 15 a 59 anos,2007-03-01,140,241,140,241,381
MINEROS,consulta externa,nuevas en personas de 15 a 59 anos,2007-03-01,123,437,123,437,560
MIZQUE,consulta externa,nuevas en personas de 15 a 59 anos,2007-03-01,119,231,119,231,350
MOCOMOCO,consulta externa,nuevas en personas de 15 a 59 anos,2007-03-01,203,242,203,242,445
MOJINETE,consulta externa,nuevas en personas de 15 a 59 anos,2007-03-01,20,31,20,31,51
MOJOCOYA,consulta externa,nuevas en personas de 15 a 59 anos,2007-03-01,93,263,93,263,356
MONTEAGUDO,consulta externa,nuevas en personas de 15 a 59 anos,2007-03-01,1240,2004,1240,2004,3244
MONTERO,consulta externa,nuevas en personas de 15 a 59 anos,2007-03-01,1686,3144,1686,3144,4830
MORO MORO,consulta externa,nuevas en personas de 15 a 59 anos,2007-03-01,26,80,26,80,106
MOROCHATA,consulta externa,nuevas en personas de 15 a 59 anos,2007-03-01,112,272,112,272,384
NACEBE (SANTA ROSA DEL ABUNA),consulta externa,nuevas en personas de 15 a 59 anos,2007-03-01,77,92,77,92,169
NAZACARA DE PACAJES,consulta externa,nuevas en personas de 15 a 59 anos,2007-03-01,1,7,1,7,8
NUEVO MANOA (NUEVA ESPERANZA),consulta externa,nuevas en personas de 15 a 59 anos,2007-03-01,31,27,31,27,58
OCURI,consulta externa,nuevas en personas de 15 a 59 anos,2007-03-01,149,357,149,357,506
OKINAWA,consulta externa,nuevas en personas de 15 a 59 anos,2007-03-01,346,643,346,643,989
OMEREQUE,consulta externa,nuevas en personas de 15 a 59 anos,2007-03-01,60,97,60,97,157
ORURO,consulta externa,nuevas en personas de 15 a 59 anos,2007-03-01,7541,12444,7541,12444,19985
PADCAYA,consulta externa,nuevas en personas de 15 a 59 anos,2007-03-01,329,665,329,665,994
PADILLA,consulta externa,nuevas en personas de 15 a 59 anos,2007-03-01,489,1086,489,1086,1575
PAILON,consulta externa,nuevas en personas de 15 a 59 anos,2007-03-01,190,195,190,195,385
PALCA,consulta externa,nuevas en personas de 15 a 59 anos,2007-03-01,100,189,100,189,289
PALOS BLANCOS,consulta externa,nuevas en personas de 15 a 59 anos,2007-03-01,495,599,495,599,1094
PAMPA AULLAGAS,consulta externa,nuevas en personas de 15 a 59 anos,2007-03-01,28,35,28,35,63
PAMPA GRANDE,consulta externa,nuevas en personas de 15 a 59 anos,2007-03-01,76,129,76,129,205
PAPEL PAMPA,consulta externa,nuevas en personas de 15 a 59 anos,2007-03-01,52,45,52,45,97
PASORAPA,consulta externa,nuevas en personas de 15 a 59 anos,2007-03-01,29,35,29,35,64
PATACAMAYA,consulta externa,nuevas en personas de 15 a 59 anos,2007-03-01,112,157,112,157,269
PAZÑA,consulta externa,nuevas en personas de 15 a 59 anos,2007-03-01,230,311,230,311,541
PELECHUCO,consulta externa,nuevas en personas de 15 a 59 anos,2007-03-01,147,130,147,130,277
POCOATA,consulta externa,nuevas en personas de 15 a 59 anos,2007-03-01,275,422,275,422,697
POCONA,consulta externa,nuevas en personas de 15 a 59 anos,2007-03-01,123,226,123,226,349
POJO (CBBA),consulta externa,nuevas en personas de 15 a 59 anos,2007-03-01,56,111,56,111,167
POOPO,consulta externa,nuevas en personas de 15 a 59 anos,2007-03-01,63,64,63,64,127
PORCO,consulta externa,nuevas en personas de 15 a 59 anos,2007-03-01,124,211,124,211,335
POROMA,consulta externa,nuevas en personas de 15 a 59 anos,2007-03-01,254,540,254,540,794
PORONGO,consulta externa,nuevas en personas de 15 a 59 anos,2007-03-01,129,211,129,211,340
PORTACHUELO,consulta externa,nuevas en personas de 15 a 59 anos,2007-03-01,298,801,298,801,1099
PORVENIR,consulta externa,nuevas en personas de 15 a 59 anos,2007-03-01,214,221,214,221,435
POSTRER VALLE,consulta externa,nuevas en personas de 15 a 59 anos,2007-03-01,36,78,36,78,114
POTOSI,consulta externa,nuevas en personas de 15 a 59 anos,2007-03-01,3597,7642,3597,7642,11239
PRESTO,consulta externa,nuevas en personas de 15 a 59 anos,2007-03-01,131,259,131,259,390
PUCARA,consulta externa,nuevas en personas de 15 a 59 anos,2007-03-01,25,67,25,67,92
PUCARANI,consulta externa,nuevas en personas de 15 a 59 anos,2007-03-01,158,304,158,304,462
PUERTO ACOSTA,consulta externa,nuevas en personas de 15 a 59 anos,2007-03-01,348,415,348,415,763
PUERTO CARABUCO,consulta externa,nuevas en personas de 15 a 59 anos,2007-03-01,158,211,158,211,369
PUERTO GONZALO MORENO,consulta externa,nuevas en personas de 15 a 59 anos,2007-03-01,131,144,131,144,275
PUERTO PEREZ,consulta externa,nuevas en personas de 15 a 59 anos,2007-03-01,49,82,49,82,131
PUERTO QUIJARRO,consulta externa,nuevas en personas de 15 a 59 anos,2007-03-01,542,404,542,404,946
PUERTO RICO,consulta externa,nuevas en personas de 15 a 59 anos,2007-03-01,199,225,199,225,424
PUERTO SUAREZ,consulta externa,nuevas en personas de 15 a 59 anos,2007-03-01,241,385,241,385,626
PUERTO VILLARROEL,consulta externa,nuevas en personas de 15 a 59 anos,2007-03-01,545,884,545,884,1429
PUNA,consulta externa,nuevas en personas de 15 a 59 anos,2007-03-01,431,913,431,913,1344
PUNATA,consulta externa,nuevas en personas de 15 a 59 anos,2007-03-01,221,615,221,615,836
QUIABAYA,consulta externa,nuevas en personas de 15 a 59 anos,2007-03-01,32,75,32,75,107
QUILLACOLLO,consulta externa,nuevas en personas de 15 a 59 anos,2007-03-01,959,1911,959,1911,2870
QUIME,consulta externa,nuevas en personas de 15 a 59 anos,2007-03-01,228,129,228,129,357
QUIRUSILLAS,consulta externa,nuevas en personas de 15 a 59 anos,2007-03-01,27,41,27,41,68
RAVELO,consulta externa,nuevas en personas de 15 a 59 anos,2007-03-01,174,438,174,438,612
REYES,consulta externa,nuevas en personas de 15 a 59 anos,2007-03-01,127,221,127,221,348
RIBERALTA,consulta externa,nuevas en personas de 15 a 59 anos,2007-03-01,1470,3882,1470,3882,5352
ROBORE,consulta externa,nuevas en personas de 15 a 59 anos,2007-03-01,298,714,298,714,1012
RURRENABAQUE,consulta externa,nuevas en personas de 15 a 59 anos,2007-03-01,160,308,160,308,468
SABAYA,consulta externa,nuevas en personas de 15 a 59 anos,2007-03-01,84,117,84,117,201
SACABA,consulta externa,nuevas en personas de 15 a 59 anos,2007-03-01,654,1211,654,1211,1865
SACABAMBA,consulta externa,nuevas en personas de 15 a 59 anos,2007-03-01,60,63,60,63,123
SACACA,consulta externa,nuevas en personas de 15 a 59 anos,2007-03-01,258,548,258,548,806
SAIPINA,consulta externa,nuevas en personas de 15 a 59 anos,2007-03-01,342,567,342,567,909
SALINAS DE GARCI MENDOZA,consulta externa,nuevas en personas de 15 a 59 anos,2007-03-01,142,290,142,290,432
SAMAIPATA,consulta externa,nuevas en personas de 15 a 59 anos,2007-03-01,89,134,89,134,223
SAN AGUSTIN,consulta externa,nuevas en personas de 15 a 59 anos,2007-03-01,59,102,59,102,161
SAN ANDRES,consulta externa,nuevas en personas de 15 a 59 anos,2007-03-01,120,413,120,413,533
SAN ANDRES DE MACHACA,consulta externa,nuevas en personas de 15 a 59 anos,2007-03-01,49,129,49,129,178
SAN ANTONIO DE ESMORUCO,consulta externa,nuevas en personas de 15 a 59 anos,2007-03-01,31,60,31,60,91
SAN ANTONIO DE LOMERIO,consulta externa,nuevas en personas de 15 a 59 anos,2007-03-01,66,156,66,156,222
SAN BENITO,consulta externa,nuevas en personas de 15 a 59 anos,2007-03-01,100,164,100,164,264
SAN BORJA,consulta externa,nuevas en personas de 15 a 59 anos,2007-03-01,200,687,200,687,887
SAN BUENA VENTURA,consulta externa,nuevas en personas de 15 a 59 anos,2007-03-01,282,412,282,412,694
SAN CARLOS,consulta externa,nuevas en personas de 15 a 59 anos,2007-03-01,191,608,191,608,799
SAN IGNACIO,consulta externa,nuevas en personas de 15 a 59 anos,2007-03-01,502,947,502,947,1449
SAN IGNACIO DE VELASCO,consulta externa,nuevas en personas de 15 a 59 anos,2007-03-01,1686,2494,1686,2494,4180
SAN JAVIER(BNI),consulta externa,nuevas en personas de 15 a 59 anos,2007-03-01,90,144,90,144,234
SAN JAVIER(STC),consulta externa,nuevas en personas de 15 a 59 anos,2007-03-01,282,557,282,557,839
SAN JOAQUIN,consulta externa,nuevas en personas de 15 a 59 anos,2007-03-01,202,241,202,241,443
SAN JOSE DE CHIQUITOS,consulta externa,nuevas en personas de 15 a 59 anos,2007-03-01,311,590,311,590,901
SAN JUAN DE YAPACANI,consulta externa,nuevas en personas de 15 a 59 anos,2007-03-01,251,548,251,548,799
SAN JULIAN,consulta externa,nuevas en personas de 15 a 59 anos,2007-03-01,662,1334,662,1334,1996
SAN LORENZO(PND),consulta externa,nuevas en personas de 15 a 59 anos,2007-03-01,59,98,59,98,157
SAN LORENZO(TJA),consulta externa,nuevas en personas de 15 a 59 anos,2007-03-01,246,671,246,671,917
SAN LUCAS,consulta externa,nuevas en personas de 15 a 59 anos,2007-03-01,499,1188,499,1188,1687
SAN MATIAS,consulta externa,nuevas en personas de 15 a 59 anos,2007-03-01,140,189,140,189,329
SAN MIGUEL DE VELASCO,consulta externa,nuevas en personas de 15 a 59 anos,2007-03-01,320,437,320,437,757
SAN PABLO DE LIPEZ,consulta externa,nuevas en personas de 15 a 59 anos,2007-03-01,78,171,78,171,249
SAN PEDRO,consulta externa,nuevas en personas de 15 a 59 anos,2007-03-01,462,788,462,788,1250
SAN PEDRO DE BUENA VISTA,consulta externa,nuevas en personas de 15 a 59 anos,2007-03-01,182,431,182,431,613
SAN PEDRO DE CURAHUARA,consulta externa,nuevas en personas de 15 a 59 anos,2007-03-01,85,86,85,86,171
SAN PEDRO DE QUEMES,consulta externa,nuevas en personas de 15 a 59 anos,2007-03-01,1,8,1,8,9
SAN PEDRO DE TIQUINA,consulta externa,nuevas en personas de 15 a 59 anos,2007-03-01,21,35,21,35,56
SAN PEDRO(PND),consulta externa,nuevas en personas de 15 a 59 anos,2007-03-01,17,37,17,37,54
SAN RAFAEL,consulta externa,nuevas en personas de 15 a 59 anos,2007-03-01,89,170,89,170,259
SAN RAMON,consulta externa,nuevas en personas de 15 a 59 anos,2007-03-01,30,141,30,141,171
SAN RAMON,consulta externa,nuevas en personas de 15 a 59 anos,2007-03-01,128,333,128,333,461
SANTA ANA,consulta externa,nuevas en personas de 15 a 59 anos,2007-03-01,259,610,259,610,869
SANTA CRUZ DE LA SIERRA,consulta externa,nuevas en personas de 15 a 59 anos,2007-03-01,26576,47773,26576,47773,74349
SANTA ROSA,consulta externa,nuevas en personas de 15 a 59 anos,2007-03-01,61,127,61,127,188
SANTA ROSA DEL SARA,consulta externa,nuevas en personas de 15 a 59 anos,2007-03-01,511,841,511,841,1352
SANTIAGO DE CALLAPA,consulta externa,nuevas en personas de 15 a 59 anos,2007-03-01,15,26,15,26,41
SANTIAGO DE HUARI,consulta externa,nuevas en personas de 15 a 59 anos,2007-03-01,104,158,104,158,262
SANTIAGO DE MACHACA,consulta externa,nuevas en personas de 15 a 59 anos,2007-03-01,12,33,12,33,45
SANTIVAÑES,consulta externa,nuevas en personas de 15 a 59 anos,2007-03-01,68,96,68,96,164
SANTUARIO DE QUILLACAS,consulta externa,nuevas en personas de 15 a 59 anos,2007-03-01,34,58,34,58,92
SAPAHAQUI,consulta externa,nuevas en personas de 15 a 59 anos,2007-03-01,91,99,91,99,190
SENA,consulta externa,nuevas en personas de 15 a 59 anos,2007-03-01,76,127,76,127,203
SICA SICA (VILLA AROMA),consulta externa,nuevas en personas de 15 a 59 anos,2007-03-01,127,272,127,272,399
SICAYA,consulta externa,nuevas en personas de 15 a 59 anos,2007-03-01,28,31,28,31,59
SIPE SIPE,consulta externa,nuevas en personas de 15 a 59 anos,2007-03-01,206,367,206,367,573
SOPACHUY,consulta externa,nuevas en personas de 15 a 59 anos,2007-03-01,101,368,101,368,469
SORACACHI,consulta externa,nuevas en personas de 15 a 59 anos,2007-03-01,68,125,68,125,193
SORATA,consulta externa,nuevas en personas de 15 a 59 anos,2007-03-01,193,278,193,278,471
SUCRE,consulta externa,nuevas en personas de 15 a 59 anos,2007-03-01,8814,17887,8814,17887,26701
TACACHI,consulta externa,nuevas en personas de 15 a 59 anos,2007-03-01,8,27,8,27,35
TACACOMA,consulta externa,nuevas en personas de 15 a 59 anos,2007-03-01,66,115,66,115,181
TACOBAMBA,consulta externa,nuevas en personas de 15 a 59 anos,2007-03-01,69,167,69,167,236
TACOPAYA,consulta externa,nuevas en personas de 15 a 59 anos,2007-03-01,55,161,55,161,216
TAHUA,consulta externa,nuevas en personas de 15 a 59 anos,2007-03-01,22,46,22,46,68
TAPACARI,consulta externa,nuevas en personas de 15 a 59 anos,2007-03-01,135,389,135,389,524
TARABUCO,consulta externa,nuevas en personas de 15 a 59 anos,2007-03-01,234,376,234,376,610
TARACO,consulta externa,nuevas en personas de 15 a 59 anos,2007-03-01,34,90,34,90,124
TARATA,consulta externa,nuevas en personas de 15 a 59 anos,2007-03-01,62,107,62,107,169
TARIJA,consulta externa,nuevas en personas de 15 a 59 anos,2007-03-01,4158,10241,4158,10241,14399
TARVITA,consulta externa,nuevas en personas de 15 a 59 anos,2007-03-01,320,819,320,819,1139
TEOPONTE,consulta externa,nuevas en personas de 15 a 59 anos,2007-03-01,104,156,104,156,260
TIAWANACU,consulta externa,nuevas en personas de 15 a 59 anos,2007-03-01,75,177,75,177,252
TINGUIPAYA,consulta externa,nuevas en personas de 15 a 59 anos,2007-03-01,212,475,212,475,687
TIPUANI,consulta externa,nuevas en personas de 15 a 59 anos,2007-03-01,41,74,41,74,115
TIQUIPAYA,consulta externa,nuevas en personas de 15 a 59 anos,2007-03-01,150,592,150,592,742
TIRAQUE (CBBA),consulta externa,nuevas en personas de 15 a 59 anos,2007-03-01,391,635,391,635,1026
TITO YUPANQUI (PARQUIPUJIO),consulta externa,nuevas en personas de 15 a 59 anos,2007-03-01,21,48,21,48,69
TOCO,consulta externa,nuevas en personas de 15 a 59 anos,2007-03-01,27,77,27,77,104
TODOS SANTOS,consulta externa,nuevas en personas de 15 a 59 anos,2007-03-01,3,0,3,0,3
TOLATA,consulta externa,nuevas en personas de 15 a 59 anos,2007-03-01,15,67,15,67,82
TOLEDO,consulta externa,nuevas en personas de 15 a 59 anos,2007-03-01,180,240,180,240,420
TOMAVE,consulta externa,nuevas en personas de 15 a 59 anos,2007-03-01,161,332,161,332,493
TOMINA,consulta externa,nuevas en personas de 15 a 59 anos,2007-03-01,150,332,150,332,482
TORO TORO,consulta externa,nuevas en personas de 15 a 59 anos,2007-03-01,168,356,168,356,524
TOTORA(CBBA),consulta externa,nuevas en personas de 15 a 59 anos,2007-03-01,95,143,95,143,238
TOTORA(ORR),consulta externa,nuevas en personas de 15 a 59 anos,2007-03-01,69,124,69,124,193
TRIGAL,consulta externa,nuevas en personas de 15 a 59 anos,2007-03-01,30,68,30,68,98
TRINIDAD,consulta externa,nuevas en personas de 15 a 59 anos,2007-03-01,1090,2448,1090,2448,3538
TUPIZA,consulta externa,nuevas en personas de 15 a 59 anos,2007-03-01,1393,2604,1393,2604,3997
TURCO,consulta externa,nuevas en personas de 15 a 59 anos,2007-03-01,114,175,114,175,289
UMALA,consulta externa,nuevas en personas de 15 a 59 anos,2007-03-01,22,53,22,53,75
UNCIA,consulta externa,nuevas en personas de 15 a 59 anos,2007-03-01,486,911,486,911,1397
URIONDO (A. CONCEPCION),consulta externa,nuevas en personas de 15 a 59 anos,2007-03-01,186,457,186,457,643
URUBICHA,consulta externa,nuevas en personas de 15 a 59 anos,2007-03-01,44,84,44,84,128
UYUNI,consulta externa,nuevas en personas de 15 a 59 anos,2007-03-01,411,614,411,614,1025
VACAS,consulta externa,nuevas en personas de 15 a 59 anos,2007-03-01,101,241,101,241,342
VALLEGRANDE,consulta externa,nuevas en personas de 15 a 59 anos,2007-03-01,596,1096,596,1096,1692
VIACHA,consulta externa,nuevas en personas de 15 a 59 anos,2007-03-01,458,1091,458,1091,1549
VILA VILA,consulta externa,nuevas en personas de 15 a 59 anos,2007-03-01,20,30,20,30,50
VILLA MONTES,consulta externa,nuevas en personas de 15 a 59 anos,2007-03-01,722,1128,722,1128,1850
VILLA NUEVA (LOMA ALTA),consulta externa,nuevas en personas de 15 a 59 anos,2007-03-01,92,71,92,71,163
VILLA RIVERO,consulta externa,nuevas en personas de 15 a 59 anos,2007-03-01,32,91,32,91,123
VILLA SERRANO,consulta externa,nuevas en personas de 15 a 59 anos,2007-03-01,325,783,325,783,1108
VILLA TUNARI,consulta externa,nuevas en personas de 15 a 59 anos,2007-03-01,858,1462,858,1462,2320
VILLA VACA GUZMAN (MUYUPAMPA),consulta externa,nuevas en personas de 15 a 59 anos,2007-03-01,285,437,285,437,722
VILLAZON,consulta externa,nuevas en personas de 15 a 59 anos,2007-03-01,823,1312,823,1312,2135
VINTO,consulta externa,nuevas en personas de 15 a 59 anos,2007-03-01,28,46,28,46,74
VITICHI,consulta externa,nuevas en personas de 15 a 59 anos,2007-03-01,182,278,182,278,460
WALDO BALLIVIAN,consulta externa,nuevas en personas de 15 a 59 anos,2007-03-01,22,37,22,37,59
WARNES,consulta externa,nuevas en personas de 15 a 59 anos,2007-03-01,346,769,346,769,1115
YACO,consulta externa,nuevas en personas de 15 a 59 anos,2007-03-01,66,154,66,154,220
YACUIBA,consulta externa,nuevas en personas de 15 a 59 anos,2007-03-01,1802,3461,1802,3461,5263
YAMPARAEZ,consulta externa,nuevas en personas de 15 a 59 anos,2007-03-01,90,187,90,187,277
YANACACHI,consulta externa,nuevas en personas de 15 a 59 anos,2007-03-01,84,125,84,125,209
YAPACANI,consulta externa,nuevas en personas de 15 a 59 anos,2007-03-01,1237,1760,1237,1760,2997
YOCALLA,consulta externa,nuevas en personas de 15 a 59 anos,2007-03-01,93,143,93,143,236
YOTALA,consulta externa,nuevas en personas de 15 a 59 anos,2007-03-01,131,215,131,215,346
YUNCHARA,consulta externa,nuevas en personas de 15 a 59 anos,2007-03-01,149,366,149,366,515
ZUDAÑEZ,consulta externa,nuevas en personas de 15 a 59 anos,2007-03-01,242,602,242,602,844
ACACIO,consulta externa,nuevas en personas de 15 a 59 anos,2007-04-01,94,169,94,169,263
ACHACACHI,consulta externa,nuevas en personas de 15 a 59 anos,2007-04-01,455,672,455,672,1127
ACHOCALLA,consulta externa,nuevas en personas de 15 a 59 anos,2007-04-01,36,76,36,76,112
AIQUILE,consulta externa,nuevas en personas de 15 a 59 anos,2007-04-01,174,464,174,464,638
ALALAY,consulta externa,nuevas en personas de 15 a 59 anos,2007-04-01,20,49,20,49,69
ALCALA,consulta externa,nuevas en personas de 15 a 59 anos,2007-04-01,105,335,105,335,440
ANCORAIMES,consulta externa,nuevas en personas de 15 a 59 anos,2007-04-01,123,246,123,246,369
ANDAMARCA,consulta externa,nuevas en personas de 15 a 59 anos,2007-04-01,94,115,94,115,209
ANTEQUERA,consulta externa,nuevas en personas de 15 a 59 anos,2007-04-01,12,32,12,32,44
ANZALDO,consulta externa,nuevas en personas de 15 a 59 anos,2007-04-01,63,89,63,89,152
APOLO,consulta externa,nuevas en personas de 15 a 59 anos,2007-04-01,133,293,133,293,426
ARAMPAMPA,consulta externa,nuevas en personas de 15 a 59 anos,2007-04-01,43,89,43,89,132
ARANI,consulta externa,nuevas en personas de 15 a 59 anos,2007-04-01,25,47,25,47,72
ARBIETO,consulta externa,nuevas en personas de 15 a 59 anos,2007-04-01,56,118,56,118,174
ARQUE,consulta externa,nuevas en personas de 15 a 59 anos,2007-04-01,98,176,98,176,274
ASCENCION DE GUARAYOS,consulta externa,nuevas en personas de 15 a 59 anos,2007-04-01,149,277,149,277,426
ATOCHA,consulta externa,nuevas en personas de 15 a 59 anos,2007-04-01,766,954,766,954,1720
AUCAPATA,consulta externa,nuevas en personas de 15 a 59 anos,2007-04-01,82,119,82,119,201
AYATA,consulta externa,nuevas en personas de 15 a 59 anos,2007-04-01,88,142,88,142,230
AYO AYO,consulta externa,nuevas en personas de 15 a 59 anos,2007-04-01,87,147,87,147,234
AYOPAYA (V. DE INDEPENDENCIA),consulta externa,nuevas en personas de 15 a 59 anos,2007-04-01,207,351,207,351,558
AZURDUY,consulta externa,nuevas en personas de 15 a 59 anos,2007-04-01,290,619,290,619,909
BATALLAS,consulta externa,nuevas en personas de 15 a 59 anos,2007-04-01,94,209,94,209,303
BAURES,consulta externa,nuevas en personas de 15 a 59 anos,2007-04-01,38,70,38,70,108
BELEN DE ANDAMARCA,consulta externa,nuevas en personas de 15 a 59 anos,2007-04-01,49,37,49,37,86
BELEN DE URMIRI,consulta externa,nuevas en personas de 15 a 59 anos,2007-04-01,36,76,36,76,112
BELLA FLOR,consulta externa,nuevas en personas de 15 a 59 anos,2007-04-01,157,124,157,124,281
BERMEJO,consulta externa,nuevas en personas de 15 a 59 anos,2007-04-01,635,1141,635,1141,1776
BETANZOS,consulta externa,nuevas en personas de 15 a 59 anos,2007-04-01,485,1019,485,1019,1504
BOLIVAR,consulta externa,nuevas en personas de 15 a 59 anos,2007-04-01,56,94,56,94,150
BOLPEBRA,consulta externa,nuevas en personas de 15 a 59 anos,2007-04-01,38,47,38,47,85
BOYUIBE,consulta externa,nuevas en personas de 15 a 59 anos,2007-04-01,96,138,96,138,234
BUENA VISTA,consulta externa,nuevas en personas de 15 a 59 anos,2007-04-01,206,235,206,235,441
CABEZAS,consulta externa,nuevas en personas de 15 a 59 anos,2007-04-01,354,581,354,581,935
CAIROMA,consulta externa,nuevas en personas de 15 a 59 anos,2007-04-01,231,262,231,262,493
"CAIZA ""D""",consulta externa,nuevas en personas de 15 a 59 anos,2007-04-01,179,253,179,253,432
CAJUATA,consulta externa,nuevas en personas de 15 a 59 anos,2007-04-01,135,207,135,207,342
CALACOTO,consulta externa,nuevas en personas de 15 a 59 anos,2007-04-01,59,118,59,118,177
CALAMARCA,consulta externa,nuevas en personas de 15 a 59 anos,2007-04-01,78,141,78,141,219
CAMARGO,consulta externa,nuevas en personas de 15 a 59 anos,2007-04-01,286,678,286,678,964
CAMATAQUI (C. VILLA ABECIA),consulta externa,nuevas en personas de 15 a 59 anos,2007-04-01,99,203,99,203,302
CAMIRI,consulta externa,nuevas en personas de 15 a 59 anos,2007-04-01,912,2227,912,2227,3139
CAPINOTA,consulta externa,nuevas en personas de 15 a 59 anos,2007-04-01,103,240,103,240,343
CAQUIAVIRI,consulta externa,nuevas en personas de 15 a 59 anos,2007-04-01,83,140,83,140,223
CARACOLLO,consulta externa,nuevas en personas de 15 a 59 anos,2007-04-01,144,175,144,175,319
CARANAVI,consulta externa,nuevas en personas de 15 a 59 anos,2007-04-01,503,838,503,838,1341
CARANGAS,consulta externa,nuevas en personas de 15 a 59 anos,2007-04-01,1,1,1,1,2
CARAPARI,consulta externa,nuevas en personas de 15 a 59 anos,2007-04-01,448,592,448,592,1040
CARIPUYO,consulta externa,nuevas en personas de 15 a 59 anos,2007-04-01,68,157,68,157,225
CARMEN RIVERO TORREZ,consulta externa,nuevas en personas de 15 a 59 anos,2007-04-01,40,36,40,36,76
CATACORA,consulta externa,nuevas en personas de 15 a 59 anos,2007-04-01,10,25,10,25,35
CHACARILLA,consulta externa,nuevas en personas de 15 a 59 anos,2007-04-01,11,14,11,14,25
CHALLAPATA,consulta externa,nuevas en personas de 15 a 59 anos,2007-04-01,211,368,211,368,579
CHAQUI,consulta externa,nuevas en personas de 15 a 59 anos,2007-04-01,96,144,96,144,240
CHARAGUA,consulta externa,nuevas en personas de 15 a 59 anos,2007-04-01,169,383,169,383,552
CHARAÑA,consulta externa,nuevas en personas de 15 a 59 anos,2007-04-01,86,68,86,68,154
CHAYANTA,consulta externa,nuevas en personas de 15 a 59 anos,2007-04-01,112,237,112,237,349
CHIMORE,consulta externa,nuevas en personas de 15 a 59 anos,2007-04-01,332,323,332,323,655
CHIPAYA,consulta externa,nuevas en personas de 15 a 59 anos,2007-04-01,7,17,7,17,24
CHOQUE COTA,consulta externa,nuevas en personas de 15 a 59 anos,2007-04-01,21,25,21,25,46
CHULUMANI (V. DE LA LIBERTAD),consulta externa,nuevas en personas de 15 a 59 anos,2007-04-01,233,285,233,285,518
CHUMA,consulta externa,nuevas en personas de 15 a 59 anos,2007-04-01,164,212,164,212,376
CLIZA,consulta externa,nuevas en personas de 15 a 59 anos,2007-04-01,84,123,84,123,207
COBIJA,consulta externa,nuevas en personas de 15 a 59 anos,2007-04-01,963,1854,963,1854,2817
COCHABAMBA,consulta externa,nuevas en personas de 15 a 59 anos,2007-04-01,12862,23828,12862,23828,36690
COIPASA,consulta externa,nuevas en personas de 15 a 59 anos,2007-04-01,20,33,20,33,53
COLCAPIRHUA,consulta externa,nuevas en personas de 15 a 59 anos,2007-04-01,398,729,398,729,1127
"COLCHA ""K""",consulta externa,nuevas en personas de 15 a 59 anos,2007-04-01,234,334,234,334,568
COLLANA,consulta externa,nuevas en personas de 15 a 59 anos,2007-04-01,29,53,29,53,82
COLOMI,consulta externa,nuevas en personas de 15 a 59 anos,2007-04-01,130,305,130,305,435
COLPA BELGICA,consulta externa,nuevas en personas de 15 a 59 anos,2007-04-01,65,152,65,152,217
COLQUECHACA,consulta externa,nuevas en personas de 15 a 59 anos,2007-04-01,349,688,349,688,1037
COLQUENCHA,consulta externa,nuevas en personas de 15 a 59 anos,2007-04-01,110,156,110,156,266
COLQUIRI,consulta externa,nuevas en personas de 15 a 59 anos,2007-04-01,269,436,269,436,705
COMANCHE,consulta externa,nuevas en personas de 15 a 59 anos,2007-04-01,41,61,41,61,102
COMARAPA,consulta externa,nuevas en personas de 15 a 59 anos,2007-04-01,170,475,170,475,645
COMBAYA,consulta externa,nuevas en personas de 15 a 59 anos,2007-04-01,14,20,14,20,34
CONCEPCION,consulta externa,nuevas en personas de 15 a 59 anos,2007-04-01,54,100,54,100,154
COPACABANA,consulta externa,nuevas en personas de 15 a 59 anos,2007-04-01,129,209,129,209,338
CORIPATA,consulta externa,nuevas en personas de 15 a 59 anos,2007-04-01,150,209,150,209,359
CORO CORO,consulta externa,nuevas en personas de 15 a 59 anos,2007-04-01,59,125,59,125,184
COROICO,consulta externa,nuevas en personas de 15 a 59 anos,2007-04-01,290,349,290,349,639
CORQUE,consulta externa,nuevas en personas de 15 a 59 anos,2007-04-01,121,141,121,141,262
COTAGAITA,consulta externa,nuevas en personas de 15 a 59 anos,2007-04-01,842,1341,842,1341,2183
COTOCA,consulta externa,nuevas en personas de 15 a 59 anos,2007-04-01,149,389,149,389,538
CUATRO CAÑADAS,consulta externa,nuevas en personas de 15 a 59 anos,2007-04-01,278,490,278,490,768
CUCHUMUELA (V. G. VILLARROEL),consulta externa,nuevas en personas de 15 a 59 anos,2007-04-01,15,12,15,12,27
CUEVO,consulta externa,nuevas en personas de 15 a 59 anos,2007-04-01,123,160,123,160,283
CULPINA,consulta externa,nuevas en personas de 15 a 59 anos,2007-04-01,263,460,263,460,723
CURAHUARA DE CARANGAS,consulta externa,nuevas en personas de 15 a 59 anos,2007-04-01,79,133,79,133,212
CURVA,consulta externa,nuevas en personas de 15 a 59 anos,2007-04-01,37,60,37,60,97
DESAGUADERO,consulta externa,nuevas en personas de 15 a 59 anos,2007-04-01,35,44,35,44,79
EL ALTO,consulta externa,nuevas en personas de 15 a 59 anos,2007-04-01,6700,13512,6700,13512,20212
EL CHORO,consulta externa,nuevas en personas de 15 a 59 anos,2007-04-01,47,97,47,97,144
EL PUENTE(STC),consulta externa,nuevas en personas de 15 a 59 anos,2007-04-01,148,260,148,260,408
EL PUENTE(TJA),consulta externa,nuevas en personas de 15 a 59 anos,2007-04-01,188,303,188,303,491
EL TORNO,consulta externa,nuevas en personas de 15 a 59 anos,2007-04-01,712,893,712,893,1605
EL VILLAR,consulta externa,nuevas en personas de 15 a 59 anos,2007-04-01,149,361,149,361,510
ENTRE RIOS,consulta externa,nuevas en personas de 15 a 59 anos,2007-04-01,538,766,538,766,1304
ENTRE RIOS,consulta externa,nuevas en personas de 15 a 59 anos,2007-04-01,191,198,191,198,389
ESCARA,consulta externa,nuevas en personas de 15 a 59 anos,2007-04-01,2,7,2,7,9
ESMERALDA,consulta externa,nuevas en personas de 15 a 59 anos,2007-04-01,15,10,15,10,25
EUCALIPTUS,consulta externa,nuevas en personas de 15 a 59 anos,2007-04-01,60,71,60,71,131
EUREKA (SANTOS MERCADO),consulta externa,nuevas en personas de 15 a 59 anos,2007-04-01,15,13,15,13,28
EXALTACION,consulta externa,nuevas en personas de 15 a 59 anos,2007-04-01,43,71,43,71,114
FERNANDEZ ALONSO,consulta externa,nuevas en personas de 15 a 59 anos,2007-04-01,148,369,148,369,517
FILADELFIA,consulta externa,nuevas en personas de 15 a 59 anos,2007-04-01,167,221,167,221,388
GENERAL SAAVEDRA,consulta externa,nuevas en personas de 15 a 59 anos,2007-04-01,98,218,98,218,316
GRAL. J.J. PEREZ (CHARAZANI),consulta externa,nuevas en personas de 15 a 59 anos,2007-04-01,121,153,121,153,274
GUANAY,consulta externa,nuevas en personas de 15 a 59 anos,2007-04-01,166,249,166,249,415
GUAQUI,consulta externa,nuevas en personas de 15 a 59 anos,2007-04-01,42,86,42,86,128
GUAYARAMERIN,consulta externa,nuevas en personas de 15 a 59 anos,2007-04-01,680,1557,680,1557,2237
GUTIERREZ,consulta externa,nuevas en personas de 15 a 59 anos,2007-04-01,152,235,152,235,387
HUACARETA,consulta externa,nuevas en personas de 15 a 59 anos,2007-04-01,210,304,210,304,514
HUACAYA (VILLA DE HUACAYA),consulta externa,nuevas en personas de 15 a 59 anos,2007-04-01,60,105,60,105,165
HUACHACALLA,consulta externa,nuevas en personas de 15 a 59 anos,2007-04-01,117,125,117,125,242
HUANUNI,consulta externa,nuevas en personas de 15 a 59 anos,2007-04-01,522,770,522,770,1292
HUARACAJE,consulta externa,nuevas en personas de 15 a 59 anos,2007-04-01,53,108,53,108,161
HUAYLLAMARCA,consulta externa,nuevas en personas de 15 a 59 anos,2007-04-01,24,46,24,46,70
ICHOCA,consulta externa,nuevas en personas de 15 a 59 anos,2007-04-01,61,101,61,101,162
ICLA,consulta externa,nuevas en personas de 15 a 59 anos,2007-04-01,111,332,111,332,443
INCAHUASI,consulta externa,nuevas en personas de 15 a 59 anos,2007-04-01,296,951,296,951,1247
INGAVI (HUMAITA),consulta externa,nuevas en personas de 15 a 59 anos,2007-04-01,18,67,18,67,85
INQUISIVI,consulta externa,nuevas en personas de 15 a 59 anos,2007-04-01,122,179,122,179,301
IRUPANA (VILLA DE LANZA),consulta externa,nuevas en personas de 15 a 59 anos,2007-04-01,235,403,235,403,638
IXIAMAS,consulta externa,nuevas en personas de 15 a 59 anos,2007-04-01,136,167,136,167,303
JESUS DE MACHACA,consulta externa,nuevas en personas de 15 a 59 anos,2007-04-01,181,254,181,254,435
LA ASUNTA,consulta externa,nuevas en personas de 15 a 59 anos,2007-04-01,270,366,270,366,636
LA GUARDIA,consulta externa,nuevas en personas de 15 a 59 anos,2007-04-01,302,717,302,717,1019
LA PAZ,consulta externa,nuevas en personas de 15 a 59 anos,2007-04-01,22714,42003,22714,42003,64717
LA RIVERA,consulta externa,nuevas en personas de 15 a 59 anos,2007-04-01,6,5,6,5,11
LAGUNILLAS,consulta externa,nuevas en personas de 15 a 59 anos,2007-04-01,156,229,156,229,385
LAJA,consulta externa,nuevas en personas de 15 a 59 anos,2007-04-01,75,137,75,137,212
LAS CARRERAS,consulta externa,nuevas en personas de 15 a 59 anos,2007-04-01,68,153,68,153,221
LICOMA PAMPA,consulta externa,nuevas en personas de 15 a 59 anos,2007-04-01,41,40,41,40,81
LLALLAGUA,consulta externa,nuevas en personas de 15 a 59 anos,2007-04-01,565,842,565,842,1407
LLICA,consulta externa,nuevas en personas de 15 a 59 anos,2007-04-01,124,175,124,175,299
LORETO,consulta externa,nuevas en personas de 15 a 59 anos,2007-04-01,48,115,48,115,163
LURIBAY,consulta externa,nuevas en personas de 15 a 59 anos,2007-04-01,142,236,142,236,378
MACHACAMARCA,consulta externa,nuevas en personas de 15 a 59 anos,2007-04-01,71,77,71,77,148
MACHARETI,consulta externa,nuevas en personas de 15 a 59 anos,2007-04-01,199,429,199,429,628
MAGDALENA,consulta externa,nuevas en personas de 15 a 59 anos,2007-04-01,153,302,153,302,455
MAIRANA,consulta externa,nuevas en personas de 15 a 59 anos,2007-04-01,129,294,129,294,423
MALLA,consulta externa,nuevas en personas de 15 a 59 anos,2007-04-01,41,56,41,56,97
MAPIRI,consulta externa,nuevas en personas de 15 a 59 anos,2007-04-01,158,259,158,259,417
MECAPACA,consulta externa,nuevas en personas de 15 a 59 anos,2007-04-01,156,240,156,240,396
MINEROS,consulta externa,nuevas en personas de 15 a 59 anos,2007-04-01,131,281,131,281,412
MIZQUE,consulta externa,nuevas en personas de 15 a 59 anos,2007-04-01,136,239,136,239,375
MOCOMOCO,consulta externa,nuevas en personas de 15 a 59 anos,2007-04-01,214,246,214,246,460
MOJINETE,consulta externa,nuevas en personas de 15 a 59 anos,2007-04-01,19,33,19,33,52
MOJOCOYA,consulta externa,nuevas en personas de 15 a 59 anos,2007-04-01,112,281,112,281,393
MONTEAGUDO,consulta externa,nuevas en personas de 15 a 59 anos,2007-04-01,1095,1867,1095,1867,2962
MONTERO,consulta externa,nuevas en personas de 15 a 59 anos,2007-04-01,1168,2438,1168,2438,3606
MORO MORO,consulta externa,nuevas en personas de 15 a 59 anos,2007-04-01,34,118,34,118,152
MOROCHATA,consulta externa,nuevas en personas de 15 a 59 anos,2007-04-01,123,288,123,288,411
NACEBE (SANTA ROSA DEL ABUNA),consulta externa,nuevas en personas de 15 a 59 anos,2007-04-01,138,106,138,106,244
NAZACARA DE PACAJES,consulta externa,nuevas en personas de 15 a 59 anos,2007-04-01,5,12,5,12,17
NUEVO MANOA (NUEVA ESPERANZA),consulta externa,nuevas en personas de 15 a 59 anos,2007-04-01,114,52,114,52,166
OCURI,consulta externa,nuevas en personas de 15 a 59 anos,2007-04-01,171,320,171,320,491
OKINAWA,consulta externa,nuevas en personas de 15 a 59 anos,2007-04-01,247,479,247,479,726
OMEREQUE,consulta externa,nuevas en personas de 15 a 59 anos,2007-04-01,58,102,58,102,160
ORURO,consulta externa,nuevas en personas de 15 a 59 anos,2007-04-01,7545,12206,7545,12206,19751
PADCAYA,consulta externa,nuevas en personas de 15 a 59 anos,2007-04-01,307,578,307,578,885
PADILLA,consulta externa,nuevas en personas de 15 a 59 anos,2007-04-01,404,792,404,792,1196
PAILON,consulta externa,nuevas en personas de 15 a 59 anos,2007-04-01,135,179,135,179,314
PALCA,consulta externa,nuevas en personas de 15 a 59 anos,2007-04-01,107,152,107,152,259
PALOS BLANCOS,consulta externa,nuevas en personas de 15 a 59 anos,2007-04-01,528,540,528,540,1068
PAMPA AULLAGAS,consulta externa,nuevas en personas de 15 a 59 anos,2007-04-01,31,32,31,32,63
PAMPA GRANDE,consulta externa,nuevas en personas de 15 a 59 anos,2007-04-01,135,194,135,194,329
PAPEL PAMPA,consulta externa,nuevas en personas de 15 a 59 anos,2007-04-01,71,86,71,86,157
PASORAPA,consulta externa,nuevas en personas de 15 a 59 anos,2007-04-01,40,54,40,54,94
PATACAMAYA,consulta externa,nuevas en personas de 15 a 59 anos,2007-04-01,123,197,123,197,320
PAZÑA,consulta externa,nuevas en personas de 15 a 59 anos,2007-04-01,86,162,86,162,248
PELECHUCO,consulta externa,nuevas en personas de 15 a 59 anos,2007-04-01,141,145,141,145,286
POCOATA,consulta externa,nuevas en personas de 15 a 59 anos,2007-04-01,343,370,343,370,713
POCONA,consulta externa,nuevas en personas de 15 a 59 anos,2007-04-01,109,195,109,195,304
POJO (CBBA),consulta externa,nuevas en personas de 15 a 59 anos,2007-04-01,34,66,34,66,100
POOPO,consulta externa,nuevas en personas de 15 a 59 anos,2007-04-01,76,105,76,105,181
PORCO,consulta externa,nuevas en personas de 15 a 59 anos,2007-04-01,111,189,111,189,300
POROMA,consulta externa,nuevas en personas de 15 a 59 anos,2007-04-01,216,498,216,498,714
PORONGO,consulta externa,nuevas en personas de 15 a 59 anos,2007-04-01,103,176,103,176,279
PORTACHUELO,consulta externa,nuevas en personas de 15 a 59 anos,2007-04-01,233,584,233,584,817
PORVENIR,consulta externa,nuevas en personas de 15 a 59 anos,2007-04-01,200,205,200,205,405
POSTRER VALLE,consulta externa,nuevas en personas de 15 a 59 anos,2007-04-01,46,62,46,62,108
POTOSI,consulta externa,nuevas en personas de 15 a 59 anos,2007-04-01,3588,6967,3588,6967,10555
PRESTO,consulta externa,nuevas en personas de 15 a 59 anos,2007-04-01,73,244,73,244,317
PUCARA,consulta externa,nuevas en personas de 15 a 59 anos,2007-04-01,146,190,146,190,336
PUCARANI,consulta externa,nuevas en personas de 15 a 59 anos,2007-04-01,170,311,170,311,481
PUERTO ACOSTA,consulta externa,nuevas en personas de 15 a 59 anos,2007-04-01,369,405,369,405,774
PUERTO CARABUCO,consulta externa,nuevas en personas de 15 a 59 anos,2007-04-01,202,200,202,200,402
PUERTO GONZALO MORENO,consulta externa,nuevas en personas de 15 a 59 anos,2007-04-01,51,92,51,92,143
PUERTO PEREZ,consulta externa,nuevas en personas de 15 a 59 anos,2007-04-01,68,99,68,99,167
PUERTO QUIJARRO,consulta externa,nuevas en personas de 15 a 59 anos,2007-04-01,444,392,444,392,836
PUERTO RICO,consulta externa,nuevas en personas de 15 a 59 anos,2007-04-01,187,210,187,210,397
PUERTO SILES,consulta externa,nuevas en personas de 15 a 59 anos,2007-04-01,20,49,20,49,69
PUERTO SUAREZ,consulta externa,nuevas en personas de 15 a 59 anos,2007-04-01,211,371,211,371,582
PUERTO VILLARROEL,consulta externa,nuevas en personas de 15 a 59 anos,2007-04-01,544,557,544,557,1101
PUNA,consulta externa,nuevas en personas de 15 a 59 anos,2007-04-01,458,1047,458,1047,1505
PUNATA,consulta externa,nuevas en personas de 15 a 59 anos,2007-04-01,370,555,370,555,925
QUIABAYA,consulta externa,nuevas en personas de 15 a 59 anos,2007-04-01,25,50,25,50,75
QUILLACOLLO,consulta externa,nuevas en personas de 15 a 59 anos,2007-04-01,823,1691,823,1691,2514
QUIME,consulta externa,nuevas en personas de 15 a 59 anos,2007-04-01,292,150,292,150,442
QUIRUSILLAS,consulta externa,nuevas en personas de 15 a 59 anos,2007-04-01,37,64,37,64,101
RAVELO,consulta externa,nuevas en personas de 15 a 59 anos,2007-04-01,191,339,191,339,530
REYES,consulta externa,nuevas en personas de 15 a 59 anos,2007-04-01,114,186,114,186,300
RIBERALTA,consulta externa,nuevas en personas de 15 a 59 anos,2007-04-01,540,1478,540,1478,2018
ROBORE,consulta externa,nuevas en personas de 15 a 59 anos,2007-04-01,257,532,257,532,789
RURRENABAQUE,consulta externa,nuevas en personas de 15 a 59 anos,2007-04-01,143,280,143,280,423
SABAYA,consulta externa,nuevas en personas de 15 a 59 anos,2007-04-01,83,111,83,111,194
SACABA,consulta externa,nuevas en personas de 15 a 59 anos,2007-04-01,675,1491,675,1491,2166
SACABAMBA,consulta externa,nuevas en personas de 15 a 59 anos,2007-04-01,25,38,25,38,63
SACACA,consulta externa,nuevas en personas de 15 a 59 anos,2007-04-01,179,413,179,413,592
SAIPINA,consulta externa,nuevas en personas de 15 a 59 anos,2007-04-01,46,61,46,61,107
SALINAS DE GARCI MENDOZA,consulta externa,nuevas en personas de 15 a 59 anos,2007-04-01,148,283,148,283,431
SAMAIPATA,consulta externa,nuevas en personas de 15 a 59 anos,2007-04-01,206,225,206,225,431
SAN AGUSTIN,consulta externa,nuevas en personas de 15 a 59 anos,2007-04-01,51,100,51,100,151
SAN ANDRES,consulta externa,nuevas en personas de 15 a 59 anos,2007-04-01,55,149,55,149,204
SAN ANDRES DE MACHACA,consulta externa,nuevas en personas de 15 a 59 anos,2007-04-01,78,148,78,148,226
SAN ANTONIO DE ESMORUCO,consulta externa,nuevas en personas de 15 a 59 anos,2007-04-01,35,77,35,77,112
SAN ANTONIO DE LOMERIO,consulta externa,nuevas en personas de 15 a 59 anos,2007-04-01,73,111,73,111,184
SAN BENITO,consulta externa,nuevas en personas de 15 a 59 anos,2007-04-01,41,79,41,79,120
SAN BORJA,consulta externa,nuevas en personas de 15 a 59 anos,2007-04-01,198,613,198,613,811
SAN BUENA VENTURA,consulta externa,nuevas en personas de 15 a 59 anos,2007-04-01,219,371,219,371,590
SAN CARLOS,consulta externa,nuevas en personas de 15 a 59 anos,2007-04-01,207,645,207,645,852
SAN IGNACIO,consulta externa,nuevas en personas de 15 a 59 anos,2007-04-01,379,644,379,644,1023
SAN IGNACIO DE VELASCO,consulta externa,nuevas en personas de 15 a 59 anos,2007-04-01,706,1405,706,1405,2111
SAN JAVIER(BNI),consulta externa,nuevas en personas de 15 a 59 anos,2007-04-01,40,54,40,54,94
SAN JAVIER(STC),consulta externa,nuevas en personas de 15 a 59 anos,2007-04-01,201,381,201,381,582
SAN JOAQUIN,consulta externa,nuevas en personas de 15 a 59 anos,2007-04-01,92,182,92,182,274
SAN JOSE DE CHIQUITOS,consulta externa,nuevas en personas de 15 a 59 anos,2007-04-01,271,486,271,486,757
SAN JUAN DE YAPACANI,consulta externa,nuevas en personas de 15 a 59 anos,2007-04-01,175,374,175,374,549
SAN JULIAN,consulta externa,nuevas en personas de 15 a 59 anos,2007-04-01,861,1293,861,1293,2154
SAN LORENZO(PND),consulta externa,nuevas en personas de 15 a 59 anos,2007-04-01,62,69,62,69,131
SAN LORENZO(TJA),consulta externa,nuevas en personas de 15 a 59 anos,2007-04-01,251,589,251,589,840
SAN LUCAS,consulta externa,nuevas en personas de 15 a 59 anos,2007-04-01,472,1231,472,1231,1703
SAN MATIAS,consulta externa,nuevas en personas de 15 a 59 anos,2007-04-01,180,260,180,260,440
SAN MIGUEL DE VELASCO,consulta externa,nuevas en personas de 15 a 59 anos,2007-04-01,167,270,167,270,437
SAN PABLO DE LIPEZ,consulta externa,nuevas en personas de 15 a 59 anos,2007-04-01,108,210,108,210,318
SAN PEDRO,consulta externa,nuevas en personas de 15 a 59 anos,2007-04-01,328,555,328,555,883
SAN PEDRO DE BUENA VISTA,consulta externa,nuevas en personas de 15 a 59 anos,2007-04-01,179,341,179,341,520
SAN PEDRO DE CURAHUARA,consulta externa,nuevas en personas de 15 a 59 anos,2007-04-01,80,105,80,105,185
SAN PEDRO DE QUEMES,consulta externa,nuevas en personas de 15 a 59 anos,2007-04-01,4,9,4,9,13
SAN PEDRO DE TIQUINA,consulta externa,nuevas en personas de 15 a 59 anos,2007-04-01,47,71,47,71,118
SAN PEDRO(PND),consulta externa,nuevas en personas de 15 a 59 anos,2007-04-01,9,15,9,15,24
SAN RAFAEL,consulta externa,nuevas en personas de 15 a 59 anos,2007-04-01,124,178,124,178,302
SAN RAMON,consulta externa,nuevas en personas de 15 a 59 anos,2007-04-01,23,124,23,124,147
SAN RAMON,consulta externa,nuevas en personas de 15 a 59 anos,2007-04-01,189,348,189,348,537
SANTA ANA,consulta externa,nuevas en personas de 15 a 59 anos,2007-04-01,313,504,313,504,817
SANTA CRUZ DE LA SIERRA,consulta externa,nuevas en personas de 15 a 59 anos,2007-04-01,25905,43950,25905,43950,69855
SANTA ROSA,consulta externa,nuevas en personas de 15 a 59 anos,2007-04-01,99,220,99,220,319
SANTA ROSA DEL SARA,consulta externa,nuevas en personas de 15 a 59 anos,2007-04-01,221,416,221,416,637
SANTIAGO DE CALLAPA,consulta externa,nuevas en personas de 15 a 59 anos,2007-04-01,35,57,35,57,92
SANTIAGO DE HUARI,consulta externa,nuevas en personas de 15 a 59 anos,2007-04-01,113,137,113,137,250
SANTIAGO DE MACHACA,consulta externa,nuevas en personas de 15 a 59 anos,2007-04-01,12,44,12,44,56
SANTIVAÑES,consulta externa,nuevas en personas de 15 a 59 anos,2007-04-01,36,107,36,107,143
SANTUARIO DE QUILLACAS,consulta externa,nuevas en personas de 15 a 59 anos,2007-04-01,29,29,29,29,58
SAPAHAQUI,consulta externa,nuevas en personas de 15 a 59 anos,2007-04-01,88,116,88,116,204
SENA,consulta externa,nuevas en personas de 15 a 59 anos,2007-04-01,60,94,60,94,154
SICA SICA (VILLA AROMA),consulta externa,nuevas en personas de 15 a 59 anos,2007-04-01,119,196,119,196,315
SICAYA,consulta externa,nuevas en personas de 15 a 59 anos,2007-04-01,17,15,17,15,32
SIPE SIPE,consulta externa,nuevas en personas de 15 a 59 anos,2007-04-01,91,340,91,340,431
SOPACHUY,consulta externa,nuevas en personas de 15 a 59 anos,2007-04-01,80,97,80,97,177
SORACACHI,consulta externa,nuevas en personas de 15 a 59 anos,2007-04-01,133,184,133,184,317
SORATA,consulta externa,nuevas en personas de 15 a 59 anos,2007-04-01,193,219,193,219,412
SUCRE,consulta externa,nuevas en personas de 15 a 59 anos,2007-04-01,8742,16567,8742,16567,25309
TACACHI,consulta externa,nuevas en personas de 15 a 59 anos,2007-04-01,7,41,7,41,48
TACACOMA,consulta externa,nuevas en personas de 15 a 59 anos,2007-04-01,110,135,110,135,245
TACOBAMBA,consulta externa,nuevas en personas de 15 a 59 anos,2007-04-01,96,196,96,196,292
TACOPAYA,consulta externa,nuevas en personas de 15 a 59 anos,2007-04-01,89,183,89,183,272
TAHUA,consulta externa,nuevas en personas de 15 a 59 anos,2007-04-01,34,46,34,46,80
TAPACARI,consulta externa,nuevas en personas de 15 a 59 anos,2007-04-01,211,413,211,413,624
TARABUCO,consulta externa,nuevas en personas de 15 a 59 anos,2007-04-01,218,438,218,438,656
TARACO,consulta externa,nuevas en personas de 15 a 59 anos,2007-04-01,29,89,29,89,118
TARATA,consulta externa,nuevas en personas de 15 a 59 anos,2007-04-01,52,51,52,51,103
TARIJA,consulta externa,nuevas en personas de 15 a 59 anos,2007-04-01,4307,8601,4307,8601,12908
TARVITA,consulta externa,nuevas en personas de 15 a 59 anos,2007-04-01,164,562,164,562,726
TEOPONTE,consulta externa,nuevas en personas de 15 a 59 anos,2007-04-01,104,161,104,161,265
TIAWANACU,consulta externa,nuevas en personas de 15 a 59 anos,2007-04-01,88,131,88,131,219
TINGUIPAYA,consulta externa,nuevas en personas de 15 a 59 anos,2007-04-01,188,404,188,404,592
TIPUANI,consulta externa,nuevas en personas de 15 a 59 anos,2007-04-01,54,94,54,94,148
TIQUIPAYA,consulta externa,nuevas en personas de 15 a 59 anos,2007-04-01,127,536,127,536,663
TIRAQUE (CBBA),consulta externa,nuevas en personas de 15 a 59 anos,2007-04-01,364,592,364,592,956
TITO YUPANQUI (PARQUIPUJIO),consulta externa,nuevas en personas de 15 a 59 anos,2007-04-01,50,61,50,61,111
TOCO,consulta externa,nuevas en personas de 15 a 59 anos,2007-04-01,44,47,44,47,91
TODOS SANTOS,consulta externa,nuevas en personas de 15 a 59 anos,2007-04-01,3,7,3,7,10
TOLATA,consulta externa,nuevas en personas de 15 a 59 anos,2007-04-01,11,37,11,37,48
TOLEDO,consulta externa,nuevas en personas de 15 a 59 anos,2007-04-01,195,189,195,189,384
TOMAVE,consulta externa,nuevas en personas de 15 a 59 anos,2007-04-01,208,338,208,338,546
TOMINA,consulta externa,nuevas en personas de 15 a 59 anos,2007-04-01,200,424,200,424,624
TORO TORO,consulta externa,nuevas en personas de 15 a 59 anos,2007-04-01,134,360,134,360,494
TOTORA(CBBA),consulta externa,nuevas en personas de 15 a 59 anos,2007-04-01,81,94,81,94,175
TOTORA(ORR),consulta externa,nuevas en personas de 15 a 59 anos,2007-04-01,88,89,88,89,177
TRIGAL,consulta externa,nuevas en personas de 15 a 59 anos,2007-04-01,34,60,34,60,94
TRINIDAD,consulta externa,nuevas en personas de 15 a 59 anos,2007-04-01,920,3352,920,3352,4272
TUPIZA,consulta externa,nuevas en personas de 15 a 59 anos,2007-04-01,1410,2554,1410,2554,3964
TURCO,consulta externa,nuevas en personas de 15 a 59 anos,2007-04-01,74,65,74,65,139
UMALA,consulta externa,nuevas en personas de 15 a 59 anos,2007-04-01,35,37,35,37,72
UNCIA,consulta externa,nuevas en personas de 15 a 59 anos,2007-04-01,433,823,433,823,1256
URIONDO (A. CONCEPCION),consulta externa,nuevas en personas de 15 a 59 anos,2007-04-01,328,645,328,645,973
URUBICHA,consulta externa,nuevas en personas de 15 a 59 anos,2007-04-01,33,89,33,89,122
UYUNI,consulta externa,nuevas en personas de 15 a 59 anos,2007-04-01,375,563,375,563,938
VACAS,consulta externa,nuevas en personas de 15 a 59 anos,2007-04-01,73,207,73,207,280
VALLEGRANDE,consulta externa,nuevas en personas de 15 a 59 anos,2007-04-01,628,988,628,988,1616
VIACHA,consulta externa,nuevas en personas de 15 a 59 anos,2007-04-01,534,956,534,956,1490
VILA VILA,consulta externa,nuevas en personas de 15 a 59 anos,2007-04-01,25,29,25,29,54
VILLA MONTES,consulta externa,nuevas en personas de 15 a 59 anos,2007-04-01,646,769,646,769,1415
VILLA NUEVA (LOMA ALTA),consulta externa,nuevas en personas de 15 a 59 anos,2007-04-01,80,127,80,127,207
VILLA RIVERO,consulta externa,nuevas en personas de 15 a 59 anos,2007-04-01,47,99,47,99,146
VILLA SERRANO,consulta externa,nuevas en personas de 15 a 59 anos,2007-04-01,196,419,196,419,615
VILLA TUNARI,consulta externa,nuevas en personas de 15 a 59 anos,2007-04-01,896,1446,896,1446,2342
VILLA VACA GUZMAN (MUYUPAMPA),consulta externa,nuevas en personas de 15 a 59 anos,2007-04-01,196,338,196,338,534
VILLAZON,consulta externa,nuevas en personas de 15 a 59 anos,2007-04-01,623,1478,623,1478,2101
VINTO,consulta externa,nuevas en personas de 15 a 59 anos,2007-04-01,53,128,53,128,181
VITICHI,consulta externa,nuevas en personas de 15 a 59 anos,2007-04-01,213,303,213,303,516
WALDO BALLIVIAN,consulta externa,nuevas en personas de 15 a 59 anos,2007-04-01,18,33,18,33,51
WARNES,consulta externa,nuevas en personas de 15 a 59 anos,2007-04-01,240,533,240,533,773
YACO,consulta externa,nuevas en personas de 15 a 59 anos,2007-04-01,69,124,69,124,193
YACUIBA,consulta externa,nuevas en personas de 15 a 59 anos,2007-04-01,1301,2604,1301,2604,3905
YAMPARAEZ,consulta externa,nuevas en personas de 15 a 59 anos,2007-04-01,109,177,109,177,286
YANACACHI,consulta externa,nuevas en personas de 15 a 59 anos,2007-04-01,103,152,103,152,255
YAPACANI,consulta externa,nuevas en personas de 15 a 59 anos,2007-04-01,1130,1657,1130,1657,2787
YOCALLA,consulta externa,nuevas en personas de 15 a 59 anos,2007-04-01,108,165,108,165,273
YOTALA,consulta externa,nuevas en personas de 15 a 59 anos,2007-04-01,109,197,109,197,306
YUNCHARA,consulta externa,nuevas en personas de 15 a 59 anos,2007-04-01,47,138,47,138,185
ZUDAÑEZ,consulta externa,nuevas en personas de 15 a 59 anos,2007-04-01,227,536,227,536,763
ACACIO,consulta externa,nuevas en personas de 15 a 59 anos,2007-05-01,103,161,103,161,264
ACHACACHI,consulta externa,nuevas en personas de 15 a 59 anos,2007-05-01,402,647,402,647,1049
ACHOCALLA,consulta externa,nuevas en personas de 15 a 59 anos,2007-05-01,38,82,38,82,120
AIQUILE,consulta externa,nuevas en personas de 15 a 59 anos,2007-05-01,249,646,249,646,895
ALALAY,consulta externa,nuevas en personas de 15 a 59 anos,2007-05-01,32,33,32,33,65
ALCALA,consulta externa,nuevas en personas de 15 a 59 anos,2007-05-01,93,303,93,303,396
ANCORAIMES,consulta externa,nuevas en personas de 15 a 59 anos,2007-05-01,98,204,98,204,302
ANDAMARCA,consulta externa,nuevas en personas de 15 a 59 anos,2007-05-01,76,125,76,125,201
ANTEQUERA,consulta externa,nuevas en personas de 15 a 59 anos,2007-05-01,33,23,33,23,56
ANZALDO,consulta externa,nuevas en personas de 15 a 59 anos,2007-05-01,79,134,79,134,213
APOLO,consulta externa,nuevas en personas de 15 a 59 anos,2007-05-01,132,317,132,317,449
ARAMPAMPA,consulta externa,nuevas en personas de 15 a 59 anos,2007-05-01,76,122,76,122,198
ARANI,consulta externa,nuevas en personas de 15 a 59 anos,2007-05-01,25,64,25,64,89
ARBIETO,consulta externa,nuevas en personas de 15 a 59 anos,2007-05-01,44,123,44,123,167
ARQUE,consulta externa,nuevas en personas de 15 a 59 anos,2007-05-01,101,220,101,220,321
ASCENCION DE GUARAYOS,consulta externa,nuevas en personas de 15 a 59 anos,2007-05-01,115,213,115,213,328
ATOCHA,consulta externa,nuevas en personas de 15 a 59 anos,2007-05-01,959,1023,959,1023,1982
AUCAPATA,consulta externa,nuevas en personas de 15 a 59 anos,2007-05-01,62,74,62,74,136
AYATA,consulta externa,nuevas en personas de 15 a 59 anos,2007-05-01,106,141,106,141,247
AYO AYO,consulta externa,nuevas en personas de 15 a 59 anos,2007-05-01,57,109,57,109,166
AYOPAYA (V. DE INDEPENDENCIA),consulta externa,nuevas en personas de 15 a 59 anos,2007-05-01,261,463,261,463,724
AZURDUY,consulta externa,nuevas en personas de 15 a 59 anos,2007-05-01,309,552,309,552,861
BATALLAS,consulta externa,nuevas en personas de 15 a 59 anos,2007-05-01,111,227,111,227,338
BAURES,consulta externa,nuevas en personas de 15 a 59 anos,2007-05-01,85,76,85,76,161
BELEN DE ANDAMARCA,consulta externa,nuevas en personas de 15 a 59 anos,2007-05-01,34,38,34,38,72
BELEN DE URMIRI,consulta externa,nuevas en personas de 15 a 59 anos,2007-05-01,42,71,42,71,113
BELLA FLOR,consulta externa,nuevas en personas de 15 a 59 anos,2007-05-01,31,37,31,37,68
BERMEJO,consulta externa,nuevas en personas de 15 a 59 anos,2007-05-01,913,1382,913,1382,2295
BETANZOS,consulta externa,nuevas en personas de 15 a 59 anos,2007-05-01,529,1086,529,1086,1615
BOLIVAR,consulta externa,nuevas en personas de 15 a 59 anos,2007-05-01,89,129,89,129,218
BOLPEBRA,consulta externa,nuevas en personas de 15 a 59 anos,2007-05-01,53,61,53,61,114
BOYUIBE,consulta externa,nuevas en personas de 15 a 59 anos,2007-05-01,41,83,41,83,124
BUENA VISTA,consulta externa,nuevas en personas de 15 a 59 anos,2007-05-01,152,256,152,256,408
CABEZAS,consulta externa,nuevas en personas de 15 a 59 anos,2007-05-01,307,439,307,439,746
CAIROMA,consulta externa,nuevas en personas de 15 a 59 anos,2007-05-01,204,243,204,243,447
"CAIZA ""D""",consulta externa,nuevas en personas de 15 a 59 anos,2007-05-01,198,263,198,263,461
CAJUATA,consulta externa,nuevas en personas de 15 a 59 anos,2007-05-01,106,237,106,237,343
CALACOTO,consulta externa,nuevas en personas de 15 a 59 anos,2007-05-01,46,100,46,100,146
CALAMARCA,consulta externa,nuevas en personas de 15 a 59 anos,2007-05-01,84,148,84,148,232
CAMARGO,consulta externa,nuevas en personas de 15 a 59 anos,2007-05-01,359,874,359,874,1233
CAMATAQUI (C. VILLA ABECIA),consulta externa,nuevas en personas de 15 a 59 anos,2007-05-01,105,212,105,212,317
CAMIRI,consulta externa,nuevas en personas de 15 a 59 anos,2007-05-01,1036,2103,1036,2103,3139
CAPINOTA,consulta externa,nuevas en personas de 15 a 59 anos,2007-05-01,201,337,201,337,538
CAQUIAVIRI,consulta externa,nuevas en personas de 15 a 59 anos,2007-05-01,86,147,86,147,233
CARACOLLO,consulta externa,nuevas en personas de 15 a 59 anos,2007-05-01,135,219,135,219,354
CARANAVI,consulta externa,nuevas en personas de 15 a 59 anos,2007-05-01,929,1379,929,1379,2308
CARANGAS,consulta externa,nuevas en personas de 15 a 59 anos,2007-05-01,0,6,0,6,6
CARAPARI,consulta externa,nuevas en personas de 15 a 59 anos,2007-05-01,494,676,494,676,1170
CARIPUYO,consulta externa,nuevas en personas de 15 a 59 anos,2007-05-01,115,191,115,191,306
CARMEN RIVERO TORREZ,consulta externa,nuevas en personas de 15 a 59 anos,2007-05-01,31,46,31,46,77
CATACORA,consulta externa,nuevas en personas de 15 a 59 anos,2007-05-01,13,49,13,49,62
CHACARILLA,consulta externa,nuevas en personas de 15 a 59 anos,2007-05-01,6,3,6,3,9
CHALLAPATA,consulta externa,nuevas en personas de 15 a 59 anos,2007-05-01,211,344,211,344,555
CHAQUI,consulta externa,nuevas en personas de 15 a 59 anos,2007-05-01,94,166,94,166,260
CHARAGUA,consulta externa,nuevas en personas de 15 a 59 anos,2007-05-01,149,321,149,321,470
CHARAÑA,consulta externa,nuevas en personas de 15 a 59 anos,2007-05-01,69,72,69,72,141
CHAYANTA,consulta externa,nuevas en personas de 15 a 59 anos,2007-05-01,204,323,204,323,527
CHIMORE,consulta externa,nuevas en personas de 15 a 59 anos,2007-05-01,154,287,154,287,441
CHIPAYA,consulta externa,nuevas en personas de 15 a 59 anos,2007-05-01,13,25,13,25,38
CHOQUE COTA,consulta externa,nuevas en personas de 15 a 59 anos,2007-05-01,24,25,24,25,49
CHULUMANI (V. DE LA LIBERTAD),consulta externa,nuevas en personas de 15 a 59 anos,2007-05-01,259,302,259,302,561
CHUMA,consulta externa,nuevas en personas de 15 a 59 anos,2007-05-01,144,200,144,200,344
CLIZA,consulta externa,nuevas en personas de 15 a 59 anos,2007-05-01,109,141,109,141,250
COBIJA,consulta externa,nuevas en personas de 15 a 59 anos,2007-05-01,1165,1986,1165,1986,3151
COCHABAMBA,consulta externa,nuevas en personas de 15 a 59 anos,2007-05-01,13576,23407,13576,23407,36983
COIPASA,consulta externa,nuevas en personas de 15 a 59 anos,2007-05-01,24,37,24,37,61
COLCAPIRHUA,consulta externa,nuevas en personas de 15 a 59 anos,2007-05-01,413,749,413,749,1162
"COLCHA ""K""",consulta externa,nuevas en personas de 15 a 59 anos,2007-05-01,229,357,229,357,586
COLLANA,consulta externa,nuevas en personas de 15 a 59 anos,2007-05-01,24,40,24,40,64
COLOMI,consulta externa,nuevas en personas de 15 a 59 anos,2007-05-01,122,242,122,242,364
COLPA BELGICA,consulta externa,nuevas en personas de 15 a 59 anos,2007-05-01,72,173,72,173,245
COLQUECHACA,consulta externa,nuevas en personas de 15 a 59 anos,2007-05-01,393,666,393,666,1059
COLQUENCHA,consulta externa,nuevas en personas de 15 a 59 anos,2007-05-01,119,177,119,177,296
COLQUIRI,consulta externa,nuevas en personas de 15 a 59 anos,2007-05-01,287,465,287,465,752
COMANCHE,consulta externa,nuevas en personas de 15 a 59 anos,2007-05-01,42,51,42,51,93
COMARAPA,consulta externa,nuevas en personas de 15 a 59 anos,2007-05-01,410,461,410,461,871
COMBAYA,consulta externa,nuevas en personas de 15 a 59 anos,2007-05-01,11,15,11,15,26
CONCEPCION,consulta externa,nuevas en personas de 15 a 59 anos,2007-05-01,52,118,52,118,170
COPACABANA,consulta externa,nuevas en personas de 15 a 59 anos,2007-05-01,90,199,90,199,289
CORIPATA,consulta externa,nuevas en personas de 15 a 59 anos,2007-05-01,136,198,136,198,334
CORO CORO,consulta externa,nuevas en personas de 15 a 59 anos,2007-05-01,55,105,55,105,160
COROICO,consulta externa,nuevas en personas de 15 a 59 anos,2007-05-01,221,335,221,335,556
CORQUE,consulta externa,nuevas en personas de 15 a 59 anos,2007-05-01,118,178,118,178,296
COTAGAITA,consulta externa,nuevas en personas de 15 a 59 anos,2007-05-01,855,1265,855,1265,2120
COTOCA,consulta externa,nuevas en personas de 15 a 59 anos,2007-05-01,105,379,105,379,484
CUATRO CAÑADAS,consulta externa,nuevas en personas de 15 a 59 anos,2007-05-01,344,551,344,551,895
CUCHUMUELA (V. G. VILLARROEL),consulta externa,nuevas en personas de 15 a 59 anos,2007-05-01,11,30,11,30,41
CUEVO,consulta externa,nuevas en personas de 15 a 59 anos,2007-05-01,89,107,89,107,196
CULPINA,consulta externa,nuevas en personas de 15 a 59 anos,2007-05-01,336,613,336,613,949
CURAHUARA DE CARANGAS,consulta externa,nuevas en personas de 15 a 59 anos,2007-05-01,75,109,75,109,184
CURVA,consulta externa,nuevas en personas de 15 a 59 anos,2007-05-01,29,53,29,53,82
DESAGUADERO,consulta externa,nuevas en personas de 15 a 59 anos,2007-05-01,32,40,32,40,72
EL ALTO,consulta externa,nuevas en personas de 15 a 59 anos,2007-05-01,7115,13445,7115,13445,20560
EL CHORO,consulta externa,nuevas en personas de 15 a 59 anos,2007-05-01,56,114,56,114,170
EL PUENTE(STC),consulta externa,nuevas en personas de 15 a 59 anos,2007-05-01,144,258,144,258,402
EL PUENTE(TJA),consulta externa,nuevas en personas de 15 a 59 anos,2007-05-01,311,547,311,547,858
EL TORNO,consulta externa,nuevas en personas de 15 a 59 anos,2007-05-01,681,1122,681,1122,1803
EL VILLAR,consulta externa,nuevas en personas de 15 a 59 anos,2007-05-01,154,248,154,248,402
ENTRE RIOS,consulta externa,nuevas en personas de 15 a 59 anos,2007-05-01,482,715,482,715,1197
ENTRE RIOS,consulta externa,nuevas en personas de 15 a 59 anos,2007-05-01,198,268,198,268,466
ESCARA,consulta externa,nuevas en personas de 15 a 59 anos,2007-05-01,2,5,2,5,7
ESMERALDA,consulta externa,nuevas en personas de 15 a 59 anos,2007-05-01,10,15,10,15,25
EUCALIPTUS,consulta externa,nuevas en personas de 15 a 59 anos,2007-05-01,51,100,51,100,151
EUREKA (SANTOS MERCADO),consulta externa,nuevas en personas de 15 a 59 anos,2007-05-01,17,16,17,16,33
EXALTACION,consulta externa,nuevas en personas de 15 a 59 anos,2007-05-01,35,76,35,76,111
FERNANDEZ ALONSO,consulta externa,nuevas en personas de 15 a 59 anos,2007-05-01,151,320,151,320,471
FILADELFIA,consulta externa,nuevas en personas de 15 a 59 anos,2007-05-01,139,209,139,209,348
GENERAL SAAVEDRA,consulta externa,nuevas en personas de 15 a 59 anos,2007-05-01,111,142,111,142,253
GRAL. J.J. PEREZ (CHARAZANI),consulta externa,nuevas en personas de 15 a 59 anos,2007-05-01,143,214,143,214,357
GUANAY,consulta externa,nuevas en personas de 15 a 59 anos,2007-05-01,192,305,192,305,497
GUAQUI,consulta externa,nuevas en personas de 15 a 59 anos,2007-05-01,54,106,54,106,160
GUAYARAMERIN,consulta externa,nuevas en personas de 15 a 59 anos,2007-05-01,547,885,547,885,1432
GUTIERREZ,consulta externa,nuevas en personas de 15 a 59 anos,2007-05-01,196,322,196,322,518
HUACARETA,consulta externa,nuevas en personas de 15 a 59 anos,2007-05-01,214,419,214,419,633
HUACAYA (VILLA DE HUACAYA),consulta externa,nuevas en personas de 15 a 59 anos,2007-05-01,74,161,74,161,235
HUACHACALLA,consulta externa,nuevas en personas de 15 a 59 anos,2007-05-01,173,140,173,140,313
HUANUNI,consulta externa,nuevas en personas de 15 a 59 anos,2007-05-01,516,724,516,724,1240
HUARACAJE,consulta externa,nuevas en personas de 15 a 59 anos,2007-05-01,40,103,40,103,143
HUAYLLAMARCA,consulta externa,nuevas en personas de 15 a 59 anos,2007-05-01,32,59,32,59,91
ICHOCA,consulta externa,nuevas en personas de 15 a 59 anos,2007-05-01,64,93,64,93,157
ICLA,consulta externa,nuevas en personas de 15 a 59 anos,2007-05-01,126,313,126,313,439
INCAHUASI,consulta externa,nuevas en personas de 15 a 59 anos,2007-05-01,321,736,321,736,1057
INGAVI (HUMAITA),consulta externa,nuevas en personas de 15 a 59 anos,2007-05-01,12,17,12,17,29
INQUISIVI,consulta externa,nuevas en personas de 15 a 59 anos,2007-05-01,146,209,146,209,355
IRUPANA (VILLA DE LANZA),consulta externa,nuevas en personas de 15 a 59 anos,2007-05-01,176,334,176,334,510
IXIAMAS,consulta externa,nuevas en personas de 15 a 59 anos,2007-05-01,101,183,101,183,284
JESUS DE MACHACA,consulta externa,nuevas en personas de 15 a 59 anos,2007-05-01,146,338,146,338,484
LA ASUNTA,consulta externa,nuevas en personas de 15 a 59 anos,2007-05-01,213,291,213,291,504
LA GUARDIA,consulta externa,nuevas en personas de 15 a 59 anos,2007-05-01,254,622,254,622,876
LA PAZ,consulta externa,nuevas en personas de 15 a 59 anos,2007-05-01,23150,44234,23150,44234,67384
LA RIVERA,consulta externa,nuevas en personas de 15 a 59 anos,2007-05-01,5,7,5,7,12
LAGUNILLAS,consulta externa,nuevas en personas de 15 a 59 anos,2007-05-01,124,195,124,195,319
LAJA,consulta externa,nuevas en personas de 15 a 59 anos,2007-05-01,85,151,85,151,236
LAS CARRERAS,consulta externa,nuevas en personas de 15 a 59 anos,2007-05-01,104,244,104,244,348
LICOMA PAMPA,consulta externa,nuevas en personas de 15 a 59 anos,2007-05-01,59,76,59,76,135
LLALLAGUA,consulta externa,nuevas en personas de 15 a 59 anos,2007-05-01,539,1039,539,1039,1578
LLICA,consulta externa,nuevas en personas de 15 a 59 anos,2007-05-01,153,179,153,179,332
LORETO,consulta externa,nuevas en personas de 15 a 59 anos,2007-05-01,16,20,16,20,36
LURIBAY,consulta externa,nuevas en personas de 15 a 59 anos,2007-05-01,186,256,186,256,442
MACHACAMARCA,consulta externa,nuevas en personas de 15 a 59 anos,2007-05-01,63,65,63,65,128
MACHARETI,consulta externa,nuevas en personas de 15 a 59 anos,2007-05-01,190,427,190,427,617
MAGDALENA,consulta externa,nuevas en personas de 15 a 59 anos,2007-05-01,112,223,112,223,335
MAIRANA,consulta externa,nuevas en personas de 15 a 59 anos,2007-05-01,73,240,73,240,313
MALLA,consulta externa,nuevas en personas de 15 a 59 anos,2007-05-01,47,74,47,74,121
MAPIRI,consulta externa,nuevas en personas de 15 a 59 anos,2007-05-01,184,333,184,333,517
MECAPACA,consulta externa,nuevas en personas de 15 a 59 anos,2007-05-01,159,231,159,231,390
MINEROS,consulta externa,nuevas en personas de 15 a 59 anos,2007-05-01,104,273,104,273,377
MIZQUE,consulta externa,nuevas en personas de 15 a 59 anos,2007-05-01,140,228,140,228,368
MOCOMOCO,consulta externa,nuevas en personas de 15 a 59 anos,2007-05-01,202,270,202,270,472
MOJINETE,consulta externa,nuevas en personas de 15 a 59 anos,2007-05-01,15,26,15,26,41
MOJOCOYA,consulta externa,nuevas en personas de 15 a 59 anos,2007-05-01,105,244,105,244,349
MONTEAGUDO,consulta externa,nuevas en personas de 15 a 59 anos,2007-05-01,941,1616,941,1616,2557
MONTERO,consulta externa,nuevas en personas de 15 a 59 anos,2007-05-01,1230,2615,1230,2615,3845
MORO MORO,consulta externa,nuevas en personas de 15 a 59 anos,2007-05-01,29,62,29,62,91
MOROCHATA,consulta externa,nuevas en personas de 15 a 59 anos,2007-05-01,138,291,138,291,429
NACEBE (SANTA ROSA DEL ABUNA),consulta externa,nuevas en personas de 15 a 59 anos,2007-05-01,147,98,147,98,245
NAZACARA DE PACAJES,consulta externa,nuevas en personas de 15 a 59 anos,2007-05-01,9,7,9,7,16
NUEVO MANOA (NUEVA ESPERANZA),consulta externa,nuevas en personas de 15 a 59 anos,2007-05-01,45,49,45,49,94
OCURI,consulta externa,nuevas en personas de 15 a 59 anos,2007-05-01,215,482,215,482,697
OKINAWA,consulta externa,nuevas en personas de 15 a 59 anos,2007-05-01,392,685,392,685,1077
OMEREQUE,consulta externa,nuevas en personas de 15 a 59 anos,2007-05-01,77,104,77,104,181
ORURO,consulta externa,nuevas en personas de 15 a 59 anos,2007-05-01,8100,12715,8100,12715,20815
PADCAYA,consulta externa,nuevas en personas de 15 a 59 anos,2007-05-01,279,440,279,440,719
PADILLA,consulta externa,nuevas en personas de 15 a 59 anos,2007-05-01,523,836,523,836,1359
PAILON,consulta externa,nuevas en personas de 15 a 59 anos,2007-05-01,158,190,158,190,348
PALCA,consulta externa,nuevas en personas de 15 a 59 anos,2007-05-01,120,203,120,203,323
PALOS BLANCOS,consulta externa,nuevas en personas de 15 a 59 anos,2007-05-01,425,429,425,429,854
PAMPA AULLAGAS,consulta externa,nuevas en personas de 15 a 59 anos,2007-05-01,33,33,33,33,66
PAMPA GRANDE,consulta externa,nuevas en personas de 15 a 59 anos,2007-05-01,64,107,64,107,171
PAPEL PAMPA,consulta externa,nuevas en personas de 15 a 59 anos,2007-05-01,44,57,44,57,101
PASORAPA,consulta externa,nuevas en personas de 15 a 59 anos,2007-05-01,53,65,53,65,118
PATACAMAYA,consulta externa,nuevas en personas de 15 a 59 anos,2007-05-01,231,370,231,370,601
PAZÑA,consulta externa,nuevas en personas de 15 a 59 anos,2007-05-01,139,227,139,227,366
PELECHUCO,consulta externa,nuevas en personas de 15 a 59 anos,2007-05-01,91,108,91,108,199
POCOATA,consulta externa,nuevas en personas de 15 a 59 anos,2007-05-01,270,418,270,418,688
POCONA,consulta externa,nuevas en personas de 15 a 59 anos,2007-05-01,130,191,130,191,321
POJO (CBBA),consulta externa,nuevas en personas de 15 a 59 anos,2007-05-01,51,94,51,94,145
POOPO,consulta externa,nuevas en personas de 15 a 59 anos,2007-05-01,74,102,74,102,176
PORCO,consulta externa,nuevas en personas de 15 a 59 anos,2007-05-01,240,271,240,271,511
POROMA,consulta externa,nuevas en personas de 15 a 59 anos,2007-05-01,254,611,254,611,865
PORONGO,consulta externa,nuevas en personas de 15 a 59 anos,2007-05-01,83,113,83,113,196
PORTACHUELO,consulta externa,nuevas en personas de 15 a 59 anos,2007-05-01,250,515,250,515,765
PORVENIR,consulta externa,nuevas en personas de 15 a 59 anos,2007-05-01,124,110,124,110,234
POSTRER VALLE,consulta externa,nuevas en personas de 15 a 59 anos,2007-05-01,71,75,71,75,146
POTOSI,consulta externa,nuevas en personas de 15 a 59 anos,2007-05-01,4080,7539,4080,7539,11619
PRESTO,consulta externa,nuevas en personas de 15 a 59 anos,2007-05-01,145,277,145,277,422
PUCARA,consulta externa,nuevas en personas de 15 a 59 anos,2007-05-01,49,81,49,81,130
PUCARANI,consulta externa,nuevas en personas de 15 a 59 anos,2007-05-01,183,318,183,318,501
PUERTO ACOSTA,consulta externa,nuevas en personas de 15 a 59 anos,2007-05-01,390,445,390,445,835
PUERTO CARABUCO,consulta externa,nuevas en personas de 15 a 59 anos,2007-05-01,196,263,196,263,459
PUERTO GONZALO MORENO,consulta externa,nuevas en personas de 15 a 59 anos,2007-05-01,62,107,62,107,169
PUERTO PEREZ,consulta externa,nuevas en personas de 15 a 59 anos,2007-05-01,68,92,68,92,160
PUERTO QUIJARRO,consulta externa,nuevas en personas de 15 a 59 anos,2007-05-01,399,396,399,396,795
PUERTO RICO,consulta externa,nuevas en personas de 15 a 59 anos,2007-05-01,168,221,168,221,389
PUERTO SILES,consulta externa,nuevas en personas de 15 a 59 anos,2007-05-01,15,18,15,18,33
PUERTO SUAREZ,consulta externa,nuevas en personas de 15 a 59 anos,2007-05-01,242,382,242,382,624
PUERTO VILLARROEL,consulta externa,nuevas en personas de 15 a 59 anos,2007-05-01,578,945,578,945,1523
PUNA,consulta externa,nuevas en personas de 15 a 59 anos,2007-05-01,570,982,570,982,1552
PUNATA,consulta externa,nuevas en personas de 15 a 59 anos,2007-05-01,448,623,448,623,1071
QUIABAYA,consulta externa,nuevas en personas de 15 a 59 anos,2007-05-01,21,31,21,31,52
QUILLACOLLO,consulta externa,nuevas en personas de 15 a 59 anos,2007-05-01,941,1917,941,1917,2858
QUIME,consulta externa,nuevas en personas de 15 a 59 anos,2007-05-01,361,179,361,179,540
QUIRUSILLAS,consulta externa,nuevas en personas de 15 a 59 anos,2007-05-01,16,32,16,32,48
RAVELO,consulta externa,nuevas en personas de 15 a 59 anos,2007-05-01,207,311,207,311,518
REYES,consulta externa,nuevas en personas de 15 a 59 anos,2007-05-01,85,133,85,133,218
RIBERALTA,consulta externa,nuevas en personas de 15 a 59 anos,2007-05-01,1348,2292,1348,2292,3640
ROBORE,consulta externa,nuevas en personas de 15 a 59 anos,2007-05-01,206,530,206,530,736
RURRENABAQUE,consulta externa,nuevas en personas de 15 a 59 anos,2007-05-01,128,237,128,237,365
SABAYA,consulta externa,nuevas en personas de 15 a 59 anos,2007-05-01,89,115,89,115,204
SACABA,consulta externa,nuevas en personas de 15 a 59 anos,2007-05-01,813,1630,813,1630,2443
SACABAMBA,consulta externa,nuevas en personas de 15 a 59 anos,2007-05-01,56,67,56,67,123
SACACA,consulta externa,nuevas en personas de 15 a 59 anos,2007-05-01,235,450,235,450,685
SAIPINA,consulta externa,nuevas en personas de 15 a 59 anos,2007-05-01,258,408,258,408,666
SALINAS DE GARCI MENDOZA,consulta externa,nuevas en personas de 15 a 59 anos,2007-05-01,172,274,172,274,446
SAMAIPATA,consulta externa,nuevas en personas de 15 a 59 anos,2007-05-01,79,130,79,130,209
SAN AGUSTIN,consulta externa,nuevas en personas de 15 a 59 anos,2007-05-01,48,111,48,111,159
SAN ANDRES,consulta externa,nuevas en personas de 15 a 59 anos,2007-05-01,42,90,42,90,132
SAN ANDRES DE MACHACA,consulta externa,nuevas en personas de 15 a 59 anos,2007-05-01,103,162,103,162,265
SAN ANTONIO DE ESMORUCO,consulta externa,nuevas en personas de 15 a 59 anos,2007-05-01,47,100,47,100,147
SAN ANTONIO DE LOMERIO,consulta externa,nuevas en personas de 15 a 59 anos,2007-05-01,61,103,61,103,164
SAN BENITO,consulta externa,nuevas en personas de 15 a 59 anos,2007-05-01,88,166,88,166,254
SAN BORJA,consulta externa,nuevas en personas de 15 a 59 anos,2007-05-01,290,761,290,761,1051
SAN BUENA VENTURA,consulta externa,nuevas en personas de 15 a 59 anos,2007-05-01,161,297,161,297,458
SAN CARLOS,consulta externa,nuevas en personas de 15 a 59 anos,2007-05-01,251,802,251,802,1053
SAN IGNACIO,consulta externa,nuevas en personas de 15 a 59 anos,2007-05-01,349,698,349,698,1047
SAN IGNACIO DE VELASCO,consulta externa,nuevas en personas de 15 a 59 anos,2007-05-01,689,1255,689,1255,1944
SAN JAVIER(BNI),consulta externa,nuevas en personas de 15 a 59 anos,2007-05-01,56,75,56,75,131
SAN JAVIER(STC),consulta externa,nuevas en personas de 15 a 59 anos,2007-05-01,662,1429,662,1429,2091
SAN JOAQUIN,consulta externa,nuevas en personas de 15 a 59 anos,2007-05-01,161,314,161,314,475
SAN JOSE DE CHIQUITOS,consulta externa,nuevas en personas de 15 a 59 anos,2007-05-01,254,403,254,403,657
SAN JUAN DE YAPACANI,consulta externa,nuevas en personas de 15 a 59 anos,2007-05-01,261,500,261,500,761
SAN JULIAN,consulta externa,nuevas en personas de 15 a 59 anos,2007-05-01,891,1178,891,1178,2069
SAN LORENZO(PND),consulta externa,nuevas en personas de 15 a 59 anos,2007-05-01,48,73,48,73,121
SAN LORENZO(TJA),consulta externa,nuevas en personas de 15 a 59 anos,2007-05-01,189,502,189,502,691
SAN LUCAS,consulta externa,nuevas en personas de 15 a 59 anos,2007-05-01,516,1334,516,1334,1850
SAN MATIAS,consulta externa,nuevas en personas de 15 a 59 anos,2007-05-01,102,147,102,147,249
SAN MIGUEL DE VELASCO,consulta externa,nuevas en personas de 15 a 59 anos,2007-05-01,88,159,88,159,247
SAN PABLO DE LIPEZ,consulta externa,nuevas en personas de 15 a 59 anos,2007-05-01,97,185,97,185,282
SAN PEDRO,consulta externa,nuevas en personas de 15 a 59 anos,2007-05-01,319,534,319,534,853
SAN PEDRO DE BUENA VISTA,consulta externa,nuevas en personas de 15 a 59 anos,2007-05-01,259,546,259,546,805
SAN PEDRO DE CURAHUARA,consulta externa,nuevas en personas de 15 a 59 anos,2007-05-01,57,97,57,97,154
SAN PEDRO DE QUEMES,consulta externa,nuevas en personas de 15 a 59 anos,2007-05-01,1,11,1,11,12
SAN PEDRO DE TIQUINA,consulta externa,nuevas en personas de 15 a 59 anos,2007-05-01,27,43,27,43,70
SAN PEDRO(PND),consulta externa,nuevas en personas de 15 a 59 anos,2007-05-01,18,20,18,20,38
SAN RAFAEL,consulta externa,nuevas en personas de 15 a 59 anos,2007-05-01,104,129,104,129,233
SAN RAMON,consulta externa,nuevas en personas de 15 a 59 anos,2007-05-01,17,126,17,126,143
SAN RAMON,consulta externa,nuevas en personas de 15 a 59 anos,2007-05-01,123,237,123,237,360
SANTA ANA,consulta externa,nuevas en personas de 15 a 59 anos,2007-05-01,236,722,236,722,958
SANTA CRUZ DE LA SIERRA,consulta externa,nuevas en personas de 15 a 59 anos,2007-05-01,21501,40511,21501,40511,62012
SANTA ROSA,consulta externa,nuevas en personas de 15 a 59 anos,2007-05-01,92,167,92,167,259
SANTA ROSA DEL SARA,consulta externa,nuevas en personas de 15 a 59 anos,2007-05-01,231,318,231,318,549
SANTIAGO DE CALLAPA,consulta externa,nuevas en personas de 15 a 59 anos,2007-05-01,38,57,38,57,95
SANTIAGO DE HUARI,consulta externa,nuevas en personas de 15 a 59 anos,2007-05-01,134,140,134,140,274
SANTIAGO DE MACHACA,consulta externa,nuevas en personas de 15 a 59 anos,2007-05-01,13,27,13,27,40
SANTIVAÑES,consulta externa,nuevas en personas de 15 a 59 anos,2007-05-01,81,131,81,131,212
SANTUARIO DE QUILLACAS,consulta externa,nuevas en personas de 15 a 59 anos,2007-05-01,28,55,28,55,83
SAPAHAQUI,consulta externa,nuevas en personas de 15 a 59 anos,2007-05-01,96,110,96,110,206
SENA,consulta externa,nuevas en personas de 15 a 59 anos,2007-05-01,80,135,80,135,215
SICA SICA (VILLA AROMA),consulta externa,nuevas en personas de 15 a 59 anos,2007-05-01,127,232,127,232,359
SICAYA,consulta externa,nuevas en personas de 15 a 59 anos,2007-05-01,27,24,27,24,51
SIPE SIPE,consulta externa,nuevas en personas de 15 a 59 anos,2007-05-01,130,438,130,438,568
SOPACHUY,consulta externa,nuevas en personas de 15 a 59 anos,2007-05-01,152,338,152,338,490
SORACACHI,consulta externa,nuevas en personas de 15 a 59 anos,2007-05-01,103,156,103,156,259
SORATA,consulta externa,nuevas en personas de 15 a 59 anos,2007-05-01,196,257,196,257,453
SUCRE,consulta externa,nuevas en personas de 15 a 59 anos,2007-05-01,8737,17110,8737,17110,25847
TACACHI,consulta externa,nuevas en personas de 15 a 59 anos,2007-05-01,13,29,13,29,42
TACACOMA,consulta externa,nuevas en personas de 15 a 59 anos,2007-05-01,86,94,86,94,180
TACOBAMBA,consulta externa,nuevas en personas de 15 a 59 anos,2007-05-01,78,160,78,160,238
TACOPAYA,consulta externa,nuevas en personas de 15 a 59 anos,2007-05-01,100,178,100,178,278
TAHUA,consulta externa,nuevas en personas de 15 a 59 anos,2007-05-01,35,62,35,62,97
TAPACARI,consulta externa,nuevas en personas de 15 a 59 anos,2007-05-01,225,550,225,550,775
TARABUCO,consulta externa,nuevas en personas de 15 a 59 anos,2007-05-01,327,625,327,625,952
TARACO,consulta externa,nuevas en personas de 15 a 59 anos,2007-05-01,66,87,66,87,153
TARATA,consulta externa,nuevas en personas de 15 a 59 anos,2007-05-01,67,98,67,98,165
TARIJA,consulta externa,nuevas en personas de 15 a 59 anos,2007-05-01,4371,9066,4371,9066,13437
TARVITA,consulta externa,nuevas en personas de 15 a 59 anos,2007-05-01,474,1044,474,1044,1518
TEOPONTE,consulta externa,nuevas en personas de 15 a 59 anos,2007-05-01,138,157,138,157,295
TIAWANACU,consulta externa,nuevas en personas de 15 a 59 anos,2007-05-01,78,175,78,175,253
TINGUIPAYA,consulta externa,nuevas en personas de 15 a 59 anos,2007-05-01,201,503,201,503,704
TIPUANI,consulta externa,nuevas en personas de 15 a 59 anos,2007-05-01,102,132,102,132,234
TIQUIPAYA,consulta externa,nuevas en personas de 15 a 59 anos,2007-05-01,250,717,250,717,967
TIRAQUE (CBBA),consulta externa,nuevas en personas de 15 a 59 anos,2007-05-01,388,851,388,851,1239
TITO YUPANQUI (PARQUIPUJIO),consulta externa,nuevas en personas de 15 a 59 anos,2007-05-01,30,61,30,61,91
TOCO,consulta externa,nuevas en personas de 15 a 59 anos,2007-05-01,43,80,43,80,123
TODOS SANTOS,consulta externa,nuevas en personas de 15 a 59 anos,2007-05-01,2,2,2,2,4
TOLATA,consulta externa,nuevas en personas de 15 a 59 anos,2007-05-01,26,83,26,83,109
TOLEDO,consulta externa,nuevas en personas de 15 a 59 anos,2007-05-01,219,195,219,195,414
TOMAVE,consulta externa,nuevas en personas de 15 a 59 anos,2007-05-01,257,464,257,464,721
TOMINA,consulta externa,nuevas en personas de 15 a 59 anos,2007-05-01,221,363,221,363,584
TORO TORO,consulta externa,nuevas en personas de 15 a 59 anos,2007-05-01,186,333,186,333,519
TOTORA(CBBA),consulta externa,nuevas en personas de 15 a 59 anos,2007-05-01,66,130,66,130,196
TOTORA(ORR),consulta externa,nuevas en personas de 15 a 59 anos,2007-05-01,74,112,74,112,186
TRIGAL,consulta externa,nuevas en personas de 15 a 59 anos,2007-05-01,38,57,38,57,95
TRINIDAD,consulta externa,nuevas en personas de 15 a 59 anos,2007-05-01,1280,1953,1280,1953,3233
TUPIZA,consulta externa,nuevas en personas de 15 a 59 anos,2007-05-01,1671,2646,1671,2646,4317
TURCO,consulta externa,nuevas en personas de 15 a 59 anos,2007-05-01,97,128,97,128,225
UMALA,consulta externa,nuevas en personas de 15 a 59 anos,2007-05-01,36,51,36,51,87
UNCIA,consulta externa,nuevas en personas de 15 a 59 anos,2007-05-01,478,979,478,979,1457
URIONDO (A. CONCEPCION),consulta externa,nuevas en personas de 15 a 59 anos,2007-05-01,186,421,186,421,607
URUBICHA,consulta externa,nuevas en personas de 15 a 59 anos,2007-05-01,27,69,27,69,96
UYUNI,consulta externa,nuevas en personas de 15 a 59 anos,2007-05-01,471,816,471,816,1287
VACAS,consulta externa,nuevas en personas de 15 a 59 anos,2007-05-01,119,224,119,224,343
VALLEGRANDE,consulta externa,nuevas en personas de 15 a 59 anos,2007-05-01,460,810,460,810,1270
VIACHA,consulta externa,nuevas en personas de 15 a 59 anos,2007-05-01,562,1636,562,1636,2198
VILA VILA,consulta externa,nuevas en personas de 15 a 59 anos,2007-05-01,46,64,46,64,110
VILLA MONTES,consulta externa,nuevas en personas de 15 a 59 anos,2007-05-01,712,909,712,909,1621
VILLA NUEVA (LOMA ALTA),consulta externa,nuevas en personas de 15 a 59 anos,2007-05-01,46,51,46,51,97
VILLA RIVERO,consulta externa,nuevas en personas de 15 a 59 anos,2007-05-01,47,74,47,74,121
VILLA SERRANO,consulta externa,nuevas en personas de 15 a 59 anos,2007-05-01,242,621,242,621,863
VILLA TUNARI,consulta externa,nuevas en personas de 15 a 59 anos,2007-05-01,664,1191,664,1191,1855
VILLA VACA GUZMAN (MUYUPAMPA),consulta externa,nuevas en personas de 15 a 59 anos,2007-05-01,239,439,239,439,678
VILLAZON,consulta externa,nuevas en personas de 15 a 59 anos,2007-05-01,783,1657,783,1657,2440
VINTO,consulta externa,nuevas en personas de 15 a 59 anos,2007-05-01,81,152,81,152,233
VITICHI,consulta externa,nuevas en personas de 15 a 59 anos,2007-05-01,220,320,220,320,540
WALDO BALLIVIAN,consulta externa,nuevas en personas de 15 a 59 anos,2007-05-01,21,41,21,41,62
WARNES,consulta externa,nuevas en personas de 15 a 59 anos,2007-05-01,287,534,287,534,821
YACO,consulta externa,nuevas en personas de 15 a 59 anos,2007-05-01,77,151,77,151,228
YACUIBA,consulta externa,nuevas en personas de 15 a 59 anos,2007-05-01,1707,2894,1707,2894,4601
YAMPARAEZ,consulta externa,nuevas en personas de 15 a 59 anos,2007-05-01,96,178,96,178,274
YANACACHI,consulta externa,nuevas en personas de 15 a 59 anos,2007-05-01,53,124,53,124,177
YAPACANI,consulta externa,nuevas en personas de 15 a 59 anos,2007-05-01,768,1079,768,1079,1847
YOCALLA,consulta externa,nuevas en personas de 15 a 59 anos,2007-05-01,107,189,107,189,296
YOTALA,consulta externa,nuevas en personas de 15 a 59 anos,2007-05-01,82,147,82,147,229
YUNCHARA,consulta externa,nuevas en personas de 15 a 59 anos,2007-05-01,136,307,136,307,443
ZUDAÑEZ,consulta externa,nuevas en personas de 15 a 59 anos,2007-05-01,142,473,142,473,615
ACACIO,consulta externa,nuevas en personas de 15 a 59 anos,2007-06-01,180,245,180,245,425
ACHACACHI,consulta externa,nuevas en personas de 15 a 59 anos,2007-06-01,351,607,351,607,958
ACHOCALLA,consulta externa,nuevas en personas de 15 a 59 anos,2007-06-01,34,42,34,42,76
AIQUILE,consulta externa,nuevas en personas de 15 a 59 anos,2007-06-01,229,636,229,636,865
ALALAY,consulta externa,nuevas en personas de 15 a 59 anos,2007-06-01,25,49,25,49,74
ALCALA,consulta externa,nuevas en personas de 15 a 59 anos,2007-06-01,94,302,94,302,396
ANCORAIMES,consulta externa,nuevas en personas de 15 a 59 anos,2007-06-01,97,182,97,182,279
ANDAMARCA,consulta externa,nuevas en personas de 15 a 59 anos,2007-06-01,84,128,84,128,212
ANTEQUERA,consulta externa,nuevas en personas de 15 a 59 anos,2007-06-01,17,43,17,43,60
ANZALDO,consulta externa,nuevas en personas de 15 a 59 anos,2007-06-01,64,115,64,115,179
APOLO,consulta externa,nuevas en personas de 15 a 59 anos,2007-06-01,188,363,188,363,551
ARAMPAMPA,consulta externa,nuevas en personas de 15 a 59 anos,2007-06-01,55,91,55,91,146
ARANI,consulta externa,nuevas en personas de 15 a 59 anos,2007-06-01,53,82,53,82,135
ARBIETO,consulta externa,nuevas en personas de 15 a 59 anos,2007-06-01,47,101,47,101,148
ARQUE,consulta externa,nuevas en personas de 15 a 59 anos,2007-06-01,75,205,75,205,280
ASCENCION DE GUARAYOS,consulta externa,nuevas en personas de 15 a 59 anos,2007-06-01,140,274,140,274,414
ATOCHA,consulta externa,nuevas en personas de 15 a 59 anos,2007-06-01,1004,1142,1004,1142,2146
AUCAPATA,consulta externa,nuevas en personas de 15 a 59 anos,2007-06-01,93,104,93,104,197
AYATA,consulta externa,nuevas en personas de 15 a 59 anos,2007-06-01,77,133,77,133,210
AYO AYO,consulta externa,nuevas en personas de 15 a 59 anos,2007-06-01,73,111,73,111,184
AYOPAYA (V. DE INDEPENDENCIA),consulta externa,nuevas en personas de 15 a 59 anos,2007-06-01,301,479,301,479,780
AZURDUY,consulta externa,nuevas en personas de 15 a 59 anos,2007-06-01,272,771,272,771,1043
BATALLAS,consulta externa,nuevas en personas de 15 a 59 anos,2007-06-01,109,239,109,239,348
BAURES,consulta externa,nuevas en personas de 15 a 59 anos,2007-06-01,38,105,38,105,143
BELEN DE ANDAMARCA,consulta externa,nuevas en personas de 15 a 59 anos,2007-06-01,23,48,23,48,71
BELEN DE URMIRI,consulta externa,nuevas en personas de 15 a 59 anos,2007-06-01,40,80,40,80,120
BELLA FLOR,consulta externa,nuevas en personas de 15 a 59 anos,2007-06-01,31,142,31,142,173
BERMEJO,consulta externa,nuevas en personas de 15 a 59 anos,2007-06-01,834,1466,834,1466,2300
BETANZOS,consulta externa,nuevas en personas de 15 a 59 anos,2007-06-01,536,1063,536,1063,1599
BOLIVAR,consulta externa,nuevas en personas de 15 a 59 anos,2007-06-01,60,99,60,99,159
BOLPEBRA,consulta externa,nuevas en personas de 15 a 59 anos,2007-06-01,89,56,89,56,145
BOYUIBE,consulta externa,nuevas en personas de 15 a 59 anos,2007-06-01,149,164,149,164,313
BUENA VISTA,consulta externa,nuevas en personas de 15 a 59 anos,2007-06-01,144,236,144,236,380
CABEZAS,consulta externa,nuevas en personas de 15 a 59 anos,2007-06-01,318,511,318,511,829
CAIROMA,consulta externa,nuevas en personas de 15 a 59 anos,2007-06-01,244,262,244,262,506
"CAIZA ""D""",consulta externa,nuevas en personas de 15 a 59 anos,2007-06-01,207,260,207,260,467
CAJUATA,consulta externa,nuevas en personas de 15 a 59 anos,2007-06-01,152,247,152,247,399
CALACOTO,consulta externa,nuevas en personas de 15 a 59 anos,2007-06-01,63,92,63,92,155
CALAMARCA,consulta externa,nuevas en personas de 15 a 59 anos,2007-06-01,63,120,63,120,183
CAMARGO,consulta externa,nuevas en personas de 15 a 59 anos,2007-06-01,516,870,516,870,1386
CAMATAQUI (C. VILLA ABECIA),consulta externa,nuevas en personas de 15 a 59 anos,2007-06-01,118,266,118,266,384
CAMIRI,consulta externa,nuevas en personas de 15 a 59 anos,2007-06-01,1120,1796,1120,1796,2916
CAPINOTA,consulta externa,nuevas en personas de 15 a 59 anos,2007-06-01,169,178,169,178,347
CAQUIAVIRI,consulta externa,nuevas en personas de 15 a 59 anos,2007-06-01,67,96,67,96,163
CARACOLLO,consulta externa,nuevas en personas de 15 a 59 anos,2007-06-01,115,195,115,195,310
CARANAVI,consulta externa,nuevas en personas de 15 a 59 anos,2007-06-01,923,1400,923,1400,2323
CARANGAS,consulta externa,nuevas en personas de 15 a 59 anos,2007-06-01,1,3,1,3,4
CARAPARI,consulta externa,nuevas en personas de 15 a 59 anos,2007-06-01,218,414,218,414,632
CARIPUYO,consulta externa,nuevas en personas de 15 a 59 anos,2007-06-01,75,159,75,159,234
CARMEN RIVERO TORREZ,consulta externa,nuevas en personas de 15 a 59 anos,2007-06-01,37,61,37,61,98
CATACORA,consulta externa,nuevas en personas de 15 a 59 anos,2007-06-01,13,19,13,19,32
CHACARILLA,consulta externa,nuevas en personas de 15 a 59 anos,2007-06-01,10,30,10,30,40
CHALLAPATA,consulta externa,nuevas en personas de 15 a 59 anos,2007-06-01,329,506,329,506,835
CHAQUI,consulta externa,nuevas en personas de 15 a 59 anos,2007-06-01,100,163,100,163,263
CHARAGUA,consulta externa,nuevas en personas de 15 a 59 anos,2007-06-01,120,298,120,298,418
CHARAÑA,consulta externa,nuevas en personas de 15 a 59 anos,2007-06-01,84,83,84,83,167
CHAYANTA,consulta externa,nuevas en personas de 15 a 59 anos,2007-06-01,158,389,158,389,547
CHIMORE,consulta externa,nuevas en personas de 15 a 59 anos,2007-06-01,132,181,132,181,313
CHIPAYA,consulta externa,nuevas en personas de 15 a 59 anos,2007-06-01,25,41,25,41,66
CHOQUE COTA,consulta externa,nuevas en personas de 15 a 59 anos,2007-06-01,14,23,14,23,37
CHULUMANI (V. DE LA LIBERTAD),consulta externa,nuevas en personas de 15 a 59 anos,2007-06-01,231,279,231,279,510
CHUMA,consulta externa,nuevas en personas de 15 a 59 anos,2007-06-01,125,163,125,163,288
CLIZA,consulta externa,nuevas en personas de 15 a 59 anos,2007-06-01,110,145,110,145,255
COBIJA,consulta externa,nuevas en personas de 15 a 59 anos,2007-06-01,970,1805,970,1805,2775
COCHABAMBA,consulta externa,nuevas en personas de 15 a 59 anos,2007-06-01,13658,23253,13658,23253,36911
COIPASA,consulta externa,nuevas en personas de 15 a 59 anos,2007-06-01,10,20,10,20,30
COLCAPIRHUA,consulta externa,nuevas en personas de 15 a 59 anos,2007-06-01,478,880,478,880,1358
"COLCHA ""K""",consulta externa,nuevas en personas de 15 a 59 anos,2007-06-01,222,409,222,409,631
COLLANA,consulta externa,nuevas en personas de 15 a 59 anos,2007-06-01,26,37,26,37,63
COLOMI,consulta externa,nuevas en personas de 15 a 59 anos,2007-06-01,118,242,118,242,360
COLPA BELGICA,consulta externa,nuevas en personas de 15 a 59 anos,2007-06-01,83,191,83,191,274
COLQUECHACA,consulta externa,nuevas en personas de 15 a 59 anos,2007-06-01,463,776,463,776,1239
COLQUENCHA,consulta externa,nuevas en personas de 15 a 59 anos,2007-06-01,98,164,98,164,262
COLQUIRI,consulta externa,nuevas en personas de 15 a 59 anos,2007-06-01,239,423,239,423,662
COMANCHE,consulta externa,nuevas en personas de 15 a 59 anos,2007-06-01,33,45,33,45,78
COMARAPA,consulta externa,nuevas en personas de 15 a 59 anos,2007-06-01,147,469,147,469,616
COMBAYA,consulta externa,nuevas en personas de 15 a 59 anos,2007-06-01,10,18,10,18,28
CONCEPCION,consulta externa,nuevas en personas de 15 a 59 anos,2007-06-01,85,152,85,152,237
COPACABANA,consulta externa,nuevas en personas de 15 a 59 anos,2007-06-01,155,311,155,311,466
CORIPATA,consulta externa,nuevas en personas de 15 a 59 anos,2007-06-01,113,195,113,195,308
CORO CORO,consulta externa,nuevas en personas de 15 a 59 anos,2007-06-01,51,101,51,101,152
COROICO,consulta externa,nuevas en personas de 15 a 59 anos,2007-06-01,199,302,199,302,501
CORQUE,consulta externa,nuevas en personas de 15 a 59 anos,2007-06-01,115,165,115,165,280
COTAGAITA,consulta externa,nuevas en personas de 15 a 59 anos,2007-06-01,957,1288,957,1288,2245
COTOCA,consulta externa,nuevas en personas de 15 a 59 anos,2007-06-01,212,466,212,466,678
CUATRO CAÑADAS,consulta externa,nuevas en personas de 15 a 59 anos,2007-06-01,496,764,496,764,1260
CUCHUMUELA (V. G. VILLARROEL),consulta externa,nuevas en personas de 15 a 59 anos,2007-06-01,24,43,24,43,67
CUEVO,consulta externa,nuevas en personas de 15 a 59 anos,2007-06-01,147,162,147,162,309
CULPINA,consulta externa,nuevas en personas de 15 a 59 anos,2007-06-01,277,639,277,639,916
CURAHUARA DE CARANGAS,consulta externa,nuevas en personas de 15 a 59 anos,2007-06-01,61,100,61,100,161
CURVA,consulta externa,nuevas en personas de 15 a 59 anos,2007-06-01,33,71,33,71,104
DESAGUADERO,consulta externa,nuevas en personas de 15 a 59 anos,2007-06-01,49,66,49,66,115
EL ALTO,consulta externa,nuevas en personas de 15 a 59 anos,2007-06-01,7192,14072,7192,14072,21264
EL CHORO,consulta externa,nuevas en personas de 15 a 59 anos,2007-06-01,88,132,88,132,220
EL PUENTE(STC),consulta externa,nuevas en personas de 15 a 59 anos,2007-06-01,122,237,122,237,359
EL PUENTE(TJA),consulta externa,nuevas en personas de 15 a 59 anos,2007-06-01,263,485,263,485,748
EL TORNO,consulta externa,nuevas en personas de 15 a 59 anos,2007-06-01,850,1401,850,1401,2251
EL VILLAR,consulta externa,nuevas en personas de 15 a 59 anos,2007-06-01,132,335,132,335,467
ENTRE RIOS,consulta externa,nuevas en personas de 15 a 59 anos,2007-06-01,567,715,567,715,1282
ENTRE RIOS,consulta externa,nuevas en personas de 15 a 59 anos,2007-06-01,216,296,216,296,512
ESCARA,consulta externa,nuevas en personas de 15 a 59 anos,2007-06-01,1,8,1,8,9
ESMERALDA,consulta externa,nuevas en personas de 15 a 59 anos,2007-06-01,4,2,4,2,6
EUCALIPTUS,consulta externa,nuevas en personas de 15 a 59 anos,2007-06-01,63,82,63,82,145
EUREKA (SANTOS MERCADO),consulta externa,nuevas en personas de 15 a 59 anos,2007-06-01,78,65,78,65,143
EXALTACION,consulta externa,nuevas en personas de 15 a 59 anos,2007-06-01,24,66,24,66,90
FERNANDEZ ALONSO,consulta externa,nuevas en personas de 15 a 59 anos,2007-06-01,152,340,152,340,492
FILADELFIA,consulta externa,nuevas en personas de 15 a 59 anos,2007-06-01,87,116,87,116,203
GENERAL SAAVEDRA,consulta externa,nuevas en personas de 15 a 59 anos,2007-06-01,166,320,166,320,486
GRAL. J.J. PEREZ (CHARAZANI),consulta externa,nuevas en personas de 15 a 59 anos,2007-06-01,91,153,91,153,244
GUANAY,consulta externa,nuevas en personas de 15 a 59 anos,2007-06-01,125,256,125,256,381
GUAQUI,consulta externa,nuevas en personas de 15 a 59 anos,2007-06-01,46,88,46,88,134
GUAYARAMERIN,consulta externa,nuevas en personas de 15 a 59 anos,2007-06-01,601,1436,601,1436,2037
GUTIERREZ,consulta externa,nuevas en personas de 15 a 59 anos,2007-06-01,173,245,173,245,418
HUACARETA,consulta externa,nuevas en personas de 15 a 59 anos,2007-06-01,189,427,189,427,616
HUACAYA (VILLA DE HUACAYA),consulta externa,nuevas en personas de 15 a 59 anos,2007-06-01,49,93,49,93,142
HUACHACALLA,consulta externa,nuevas en personas de 15 a 59 anos,2007-06-01,63,76,63,76,139
HUANUNI,consulta externa,nuevas en personas de 15 a 59 anos,2007-06-01,400,630,400,630,1030
HUARACAJE,consulta externa,nuevas en personas de 15 a 59 anos,2007-06-01,73,127,73,127,200
HUAYLLAMARCA,consulta externa,nuevas en personas de 15 a 59 anos,2007-06-01,37,44,37,44,81
ICHOCA,consulta externa,nuevas en personas de 15 a 59 anos,2007-06-01,48,93,48,93,141
ICLA,consulta externa,nuevas en personas de 15 a 59 anos,2007-06-01,150,301,150,301,451
INCAHUASI,consulta externa,nuevas en personas de 15 a 59 anos,2007-06-01,276,691,276,691,967
INGAVI (HUMAITA),consulta externa,nuevas en personas de 15 a 59 anos,2007-06-01,3,4,3,4,7
INQUISIVI,consulta externa,nuevas en personas de 15 a 59 anos,2007-06-01,127,212,127,212,339
IRUPANA (VILLA DE LANZA),consulta externa,nuevas en personas de 15 a 59 anos,2007-06-01,239,362,239,362,601
IXIAMAS,consulta externa,nuevas en personas de 15 a 59 anos,2007-06-01,97,201,97,201,298
JESUS DE MACHACA,consulta externa,nuevas en personas de 15 a 59 anos,2007-06-01,132,367,132,367,499
LA ASUNTA,consulta externa,nuevas en personas de 15 a 59 anos,2007-06-01,327,463,327,463,790
LA GUARDIA,consulta externa,nuevas en personas de 15 a 59 anos,2007-06-01,231,901,231,901,1132
LA PAZ,consulta externa,nuevas en personas de 15 a 59 anos,2007-06-01,21390,38157,21390,38157,59547
LA RIVERA,consulta externa,nuevas en personas de 15 a 59 anos,2007-06-01,6,4,6,4,10
LAGUNILLAS,consulta externa,nuevas en personas de 15 a 59 anos,2007-06-01,134,225,134,225,359
LAJA,consulta externa,nuevas en personas de 15 a 59 anos,2007-06-01,78,130,78,130,208
LAS CARRERAS,consulta externa,nuevas en personas de 15 a 59 anos,2007-06-01,81,198,81,198,279
LICOMA PAMPA,consulta externa,nuevas en personas de 15 a 59 anos,2007-06-01,55,72,55,72,127
LLALLAGUA,consulta externa,nuevas en personas de 15 a 59 anos,2007-06-01,636,1064,636,1064,1700
LLICA,consulta externa,nuevas en personas de 15 a 59 anos,2007-06-01,180,211,180,211,391
LORETO,consulta externa,nuevas en personas de 15 a 59 anos,2007-06-01,18,66,18,66,84
LURIBAY,consulta externa,nuevas en personas de 15 a 59 anos,2007-06-01,179,281,179,281,460
MACHACAMARCA,consulta externa,nuevas en personas de 15 a 59 anos,2007-06-01,33,51,33,51,84
MACHARETI,consulta externa,nuevas en personas de 15 a 59 anos,2007-06-01,188,344,188,344,532
MAGDALENA,consulta externa,nuevas en personas de 15 a 59 anos,2007-06-01,131,324,131,324,455
MAIRANA,consulta externa,nuevas en personas de 15 a 59 anos,2007-06-01,68,262,68,262,330
MALLA,consulta externa,nuevas en personas de 15 a 59 anos,2007-06-01,57,75,57,75,132
MAPIRI,consulta externa,nuevas en personas de 15 a 59 anos,2007-06-01,148,297,148,297,445
MECAPACA,consulta externa,nuevas en personas de 15 a 59 anos,2007-06-01,182,265,182,265,447
MINEROS,consulta externa,nuevas en personas de 15 a 59 anos,2007-06-01,144,350,144,350,494
MIZQUE,consulta externa,nuevas en personas de 15 a 59 anos,2007-06-01,144,263,144,263,407
MOCOMOCO,consulta externa,nuevas en personas de 15 a 59 anos,2007-06-01,229,305,229,305,534
MOJINETE,consulta externa,nuevas en personas de 15 a 59 anos,2007-06-01,15,33,15,33,48
MOJOCOYA,consulta externa,nuevas en personas de 15 a 59 anos,2007-06-01,126,283,126,283,409
MONTEAGUDO,consulta externa,nuevas en personas de 15 a 59 anos,2007-06-01,921,1617,921,1617,2538
MONTERO,consulta externa,nuevas en personas de 15 a 59 anos,2007-06-01,1711,3146,1711,3146,4857
MORO MORO,consulta externa,nuevas en personas de 15 a 59 anos,2007-06-01,30,82,30,82,112
MOROCHATA,consulta externa,nuevas en personas de 15 a 59 anos,2007-06-01,154,245,154,245,399
NACEBE (SANTA ROSA DEL ABUNA),consulta externa,nuevas en personas de 15 a 59 anos,2007-06-01,220,214,220,214,434
NAZACARA DE PACAJES,consulta externa,nuevas en personas de 15 a 59 anos,2007-06-01,9,10,9,10,19
NUEVO MANOA (NUEVA ESPERANZA),consulta externa,nuevas en personas de 15 a 59 anos,2007-06-01,22,52,22,52,74
OCURI,consulta externa,nuevas en personas de 15 a 59 anos,2007-06-01,242,454,242,454,696
OKINAWA,consulta externa,nuevas en personas de 15 a 59 anos,2007-06-01,237,586,237,586,823
OMEREQUE,consulta externa,nuevas en personas de 15 a 59 anos,2007-06-01,101,138,101,138,239
ORURO,consulta externa,nuevas en personas de 15 a 59 anos,2007-06-01,7275,10792,7275,10792,18067
PADCAYA,consulta externa,nuevas en personas de 15 a 59 anos,2007-06-01,443,737,443,737,1180
PADILLA,consulta externa,nuevas en personas de 15 a 59 anos,2007-06-01,374,923,374,923,1297
PAILON,consulta externa,nuevas en personas de 15 a 59 anos,2007-06-01,110,150,110,150,260
PALCA,consulta externa,nuevas en personas de 15 a 59 anos,2007-06-01,120,166,120,166,286
PALOS BLANCOS,consulta externa,nuevas en personas de 15 a 59 anos,2007-06-01,422,523,422,523,945
PAMPA AULLAGAS,consulta externa,nuevas en personas de 15 a 59 anos,2007-06-01,15,31,15,31,46
PAMPA GRANDE,consulta externa,nuevas en personas de 15 a 59 anos,2007-06-01,120,167,120,167,287
PAPEL PAMPA,consulta externa,nuevas en personas de 15 a 59 anos,2007-06-01,63,70,63,70,133
PASORAPA,consulta externa,nuevas en personas de 15 a 59 anos,2007-06-01,35,81,35,81,116
PATACAMAYA,consulta externa,nuevas en personas de 15 a 59 anos,2007-06-01,233,322,233,322,555
PAZÑA,consulta externa,nuevas en personas de 15 a 59 anos,2007-06-01,153,240,153,240,393
PELECHUCO,consulta externa,nuevas en personas de 15 a 59 anos,2007-06-01,113,149,113,149,262
POCOATA,consulta externa,nuevas en personas de 15 a 59 anos,2007-06-01,262,436,262,436,698
POCONA,consulta externa,nuevas en personas de 15 a 59 anos,2007-06-01,127,220,127,220,347
POJO (CBBA),consulta externa,nuevas en personas de 15 a 59 anos,2007-06-01,36,86,36,86,122
POOPO,consulta externa,nuevas en personas de 15 a 59 anos,2007-06-01,69,127,69,127,196
PORCO,consulta externa,nuevas en personas de 15 a 59 anos,2007-06-01,142,235,142,235,377
POROMA,consulta externa,nuevas en personas de 15 a 59 anos,2007-06-01,328,620,328,620,948
PORONGO,consulta externa,nuevas en personas de 15 a 59 anos,2007-06-01,90,130,90,130,220
PORTACHUELO,consulta externa,nuevas en personas de 15 a 59 anos,2007-06-01,238,702,238,702,940
PORVENIR,consulta externa,nuevas en personas de 15 a 59 anos,2007-06-01,67,117,67,117,184
POSTRER VALLE,consulta externa,nuevas en personas de 15 a 59 anos,2007-06-01,39,65,39,65,104
POTOSI,consulta externa,nuevas en personas de 15 a 59 anos,2007-06-01,3566,7150,3566,7150,10716
PRESTO,consulta externa,nuevas en personas de 15 a 59 anos,2007-06-01,131,260,131,260,391
PUCARA,consulta externa,nuevas en personas de 15 a 59 anos,2007-06-01,39,76,39,76,115
PUCARANI,consulta externa,nuevas en personas de 15 a 59 anos,2007-06-01,146,340,146,340,486
PUERTO ACOSTA,consulta externa,nuevas en personas de 15 a 59 anos,2007-06-01,307,431,307,431,738
PUERTO CARABUCO,consulta externa,nuevas en personas de 15 a 59 anos,2007-06-01,154,176,154,176,330
PUERTO GONZALO MORENO,consulta externa,nuevas en personas de 15 a 59 anos,2007-06-01,69,121,69,121,190
PUERTO PEREZ,consulta externa,nuevas en personas de 15 a 59 anos,2007-06-01,66,78,66,78,144
PUERTO QUIJARRO,consulta externa,nuevas en personas de 15 a 59 anos,2007-06-01,386,410,386,410,796
PUERTO RICO,consulta externa,nuevas en personas de 15 a 59 anos,2007-06-01,221,190,221,190,411
PUERTO SILES,consulta externa,nuevas en personas de 15 a 59 anos,2007-06-01,33,73,33,73,106
PUERTO SUAREZ,consulta externa,nuevas en personas de 15 a 59 anos,2007-06-01,294,321,294,321,615
PUERTO VILLARROEL,consulta externa,nuevas en personas de 15 a 59 anos,2007-06-01,556,831,556,831,1387
PUNA,consulta externa,nuevas en personas de 15 a 59 anos,2007-06-01,664,1248,664,1248,1912
PUNATA,consulta externa,nuevas en personas de 15 a 59 anos,2007-06-01,406,611,406,611,1017
QUIABAYA,consulta externa,nuevas en personas de 15 a 59 anos,2007-06-01,17,38,17,38,55
QUILLACOLLO,consulta externa,nuevas en personas de 15 a 59 anos,2007-06-01,973,2159,973,2159,3132
QUIME,consulta externa,nuevas en personas de 15 a 59 anos,2007-06-01,122,100,122,100,222
QUIRUSILLAS,consulta externa,nuevas en personas de 15 a 59 anos,2007-06-01,15,46,15,46,61
RAVELO,consulta externa,nuevas en personas de 15 a 59 anos,2007-06-01,152,325,152,325,477
REYES,consulta externa,nuevas en personas de 15 a 59 anos,2007-06-01,69,130,69,130,199
RIBERALTA,consulta externa,nuevas en personas de 15 a 59 anos,2007-06-01,775,1757,775,1757,2532
ROBORE,consulta externa,nuevas en personas de 15 a 59 anos,2007-06-01,276,628,276,628,904
RURRENABAQUE,consulta externa,nuevas en personas de 15 a 59 anos,2007-06-01,159,371,159,371,530
SABAYA,consulta externa,nuevas en personas de 15 a 59 anos,2007-06-01,90,116,90,116,206
SACABA,consulta externa,nuevas en personas de 15 a 59 anos,2007-06-01,672,1501,672,1501,2173
SACABAMBA,consulta externa,nuevas en personas de 15 a 59 anos,2007-06-01,46,36,46,36,82
SACACA,consulta externa,nuevas en personas de 15 a 59 anos,2007-06-01,279,566,279,566,845
SAIPINA,consulta externa,nuevas en personas de 15 a 59 anos,2007-06-01,47,99,47,99,146
SALINAS DE GARCI MENDOZA,consulta externa,nuevas en personas de 15 a 59 anos,2007-06-01,177,297,177,297,474
SAMAIPATA,consulta externa,nuevas en personas de 15 a 59 anos,2007-06-01,148,206,148,206,354
SAN AGUSTIN,consulta externa,nuevas en personas de 15 a 59 anos,2007-06-01,65,125,65,125,190
SAN ANDRES,consulta externa,nuevas en personas de 15 a 59 anos,2007-06-01,54,115,54,115,169
SAN ANDRES DE MACHACA,consulta externa,nuevas en personas de 15 a 59 anos,2007-06-01,60,133,60,133,193
SAN ANTONIO DE ESMORUCO,consulta externa,nuevas en personas de 15 a 59 anos,2007-06-01,49,111,49,111,160
SAN ANTONIO DE LOMERIO,consulta externa,nuevas en personas de 15 a 59 anos,2007-06-01,32,55,32,55,87
SAN BENITO,consulta externa,nuevas en personas de 15 a 59 anos,2007-06-01,98,174,98,174,272
SAN BORJA,consulta externa,nuevas en personas de 15 a 59 anos,2007-06-01,231,667,231,667,898
SAN BUENA VENTURA,consulta externa,nuevas en personas de 15 a 59 anos,2007-06-01,163,291,163,291,454
SAN CARLOS,consulta externa,nuevas en personas de 15 a 59 anos,2007-06-01,203,676,203,676,879
SAN IGNACIO,consulta externa,nuevas en personas de 15 a 59 anos,2007-06-01,328,783,328,783,1111
SAN IGNACIO DE VELASCO,consulta externa,nuevas en personas de 15 a 59 anos,2007-06-01,518,1169,518,1169,1687
SAN JAVIER(BNI),consulta externa,nuevas en personas de 15 a 59 anos,2007-06-01,37,43,37,43,80
SAN JAVIER(STC),consulta externa,nuevas en personas de 15 a 59 anos,2007-06-01,90,257,90,257,347
SAN JOAQUIN,consulta externa,nuevas en personas de 15 a 59 anos,2007-06-01,34,82,34,82,116
SAN JOSE DE CHIQUITOS,consulta externa,nuevas en personas de 15 a 59 anos,2007-06-01,225,413,225,413,638
SAN JUAN DE YAPACANI,consulta externa,nuevas en personas de 15 a 59 anos,2007-06-01,246,532,246,532,778
SAN JULIAN,consulta externa,nuevas en personas de 15 a 59 anos,2007-06-01,895,1304,895,1304,2199
SAN LORENZO(PND),consulta externa,nuevas en personas de 15 a 59 anos,2007-06-01,54,111,54,111,165
SAN LORENZO(TJA),consulta externa,nuevas en personas de 15 a 59 anos,2007-06-01,304,707,304,707,1011
SAN LUCAS,consulta externa,nuevas en personas de 15 a 59 anos,2007-06-01,717,1560,717,1560,2277
SAN MATIAS,consulta externa,nuevas en personas de 15 a 59 anos,2007-06-01,81,143,81,143,224
SAN MIGUEL DE VELASCO,consulta externa,nuevas en personas de 15 a 59 anos,2007-06-01,92,218,92,218,310
SAN PABLO DE LIPEZ,consulta externa,nuevas en personas de 15 a 59 anos,2007-06-01,101,221,101,221,322
SAN PEDRO,consulta externa,nuevas en personas de 15 a 59 anos,2007-06-01,311,601,311,601,912
SAN PEDRO DE BUENA VISTA,consulta externa,nuevas en personas de 15 a 59 anos,2007-06-01,195,378,195,378,573
SAN PEDRO DE CURAHUARA,consulta externa,nuevas en personas de 15 a 59 anos,2007-06-01,81,119,81,119,200
SAN PEDRO DE QUEMES,consulta externa,nuevas en personas de 15 a 59 anos,2007-06-01,8,15,8,15,23
SAN PEDRO DE TIQUINA,consulta externa,nuevas en personas de 15 a 59 anos,2007-06-01,18,62,18,62,80
SAN PEDRO(PND),consulta externa,nuevas en personas de 15 a 59 anos,2007-06-01,20,16,20,16,36
SAN RAFAEL,consulta externa,nuevas en personas de 15 a 59 anos,2007-06-01,81,118,81,118,199
SAN RAMON,consulta externa,nuevas en personas de 15 a 59 anos,2007-06-01,30,152,30,152,182
SAN RAMON,consulta externa,nuevas en personas de 15 a 59 anos,2007-06-01,548,811,548,811,1359
SANTA ANA,consulta externa,nuevas en personas de 15 a 59 anos,2007-06-01,258,512,258,512,770
SANTA CRUZ DE LA SIERRA,consulta externa,nuevas en personas de 15 a 59 anos,2007-06-01,19545,40488,19545,40488,60033
SANTA ROSA,consulta externa,nuevas en personas de 15 a 59 anos,2007-06-01,110,206,110,206,316
SANTA ROSA DEL SARA,consulta externa,nuevas en personas de 15 a 59 anos,2007-06-01,204,345,204,345,549
SANTIAGO DE CALLAPA,consulta externa,nuevas en personas de 15 a 59 anos,2007-06-01,31,39,31,39,70
SANTIAGO DE HUARI,consulta externa,nuevas en personas de 15 a 59 anos,2007-06-01,106,191,106,191,297
SANTIAGO DE MACHACA,consulta externa,nuevas en personas de 15 a 59 anos,2007-06-01,14,33,14,33,47
SANTIVAÑES,consulta externa,nuevas en personas de 15 a 59 anos,2007-06-01,69,109,69,109,178
SANTUARIO DE QUILLACAS,consulta externa,nuevas en personas de 15 a 59 anos,2007-06-01,27,41,27,41,68
SAPAHAQUI,consulta externa,nuevas en personas de 15 a 59 anos,2007-06-01,116,162,116,162,278
SENA,consulta externa,nuevas en personas de 15 a 59 anos,2007-06-01,21,38,21,38,59
SICA SICA (VILLA AROMA),consulta externa,nuevas en personas de 15 a 59 anos,2007-06-01,107,205,107,205,312
SICAYA,consulta externa,nuevas en personas de 15 a 59 anos,2007-06-01,16,23,16,23,39
SIPE SIPE,consulta externa,nuevas en personas de 15 a 59 anos,2007-06-01,97,405,97,405,502
SOPACHUY,consulta externa,nuevas en personas de 15 a 59 anos,2007-06-01,141,324,141,324,465
SORACACHI,consulta externa,nuevas en personas de 15 a 59 anos,2007-06-01,146,214,146,214,360
SORATA,consulta externa,nuevas en personas de 15 a 59 anos,2007-06-01,178,249,178,249,427
SUCRE,consulta externa,nuevas en personas de 15 a 59 anos,2007-06-01,9274,18948,9274,18948,28222
TACACHI,consulta externa,nuevas en personas de 15 a 59 anos,2007-06-01,8,27,8,27,35
TACACOMA,consulta externa,nuevas en personas de 15 a 59 anos,2007-06-01,107,117,107,117,224
TACOBAMBA,consulta externa,nuevas en personas de 15 a 59 anos,2007-06-01,136,227,136,227,363
TACOPAYA,consulta externa,nuevas en personas de 15 a 59 anos,2007-06-01,86,191,86,191,277
TAHUA,consulta externa,nuevas en personas de 15 a 59 anos,2007-06-01,62,82,62,82,144
TAPACARI,consulta externa,nuevas en personas de 15 a 59 anos,2007-06-01,207,529,207,529,736
TARABUCO,consulta externa,nuevas en personas de 15 a 59 anos,2007-06-01,388,665,388,665,1053
TARACO,consulta externa,nuevas en personas de 15 a 59 anos,2007-06-01,51,60,51,60,111
TARATA,consulta externa,nuevas en personas de 15 a 59 anos,2007-06-01,50,98,50,98,148
TARIJA,consulta externa,nuevas en personas de 15 a 59 anos,2007-06-01,6346,10112,6346,10112,16458
TARVITA,consulta externa,nuevas en personas de 15 a 59 anos,2007-06-01,200,656,200,656,856
TEOPONTE,consulta externa,nuevas en personas de 15 a 59 anos,2007-06-01,152,303,152,303,455
TIAWANACU,consulta externa,nuevas en personas de 15 a 59 anos,2007-06-01,74,159,74,159,233
TINGUIPAYA,consulta externa,nuevas en personas de 15 a 59 anos,2007-06-01,202,536,202,536,738
TIPUANI,consulta externa,nuevas en personas de 15 a 59 anos,2007-06-01,60,103,60,103,163
TIQUIPAYA,consulta externa,nuevas en personas de 15 a 59 anos,2007-06-01,157,599,157,599,756
TIRAQUE (CBBA),consulta externa,nuevas en personas de 15 a 59 anos,2007-06-01,383,808,383,808,1191
TITO YUPANQUI (PARQUIPUJIO),consulta externa,nuevas en personas de 15 a 59 anos,2007-06-01,19,56,19,56,75
TOCO,consulta externa,nuevas en personas de 15 a 59 anos,2007-06-01,41,74,41,74,115
TODOS SANTOS,consulta externa,nuevas en personas de 15 a 59 anos,2007-06-01,3,1,3,1,4
TOLATA,consulta externa,nuevas en personas de 15 a 59 anos,2007-06-01,18,74,18,74,92
TOLEDO,consulta externa,nuevas en personas de 15 a 59 anos,2007-06-01,184,189,184,189,373
TOMAVE,consulta externa,nuevas en personas de 15 a 59 anos,2007-06-01,209,414,209,414,623
TOMINA,consulta externa,nuevas en personas de 15 a 59 anos,2007-06-01,248,447,248,447,695
TORO TORO,consulta externa,nuevas en personas de 15 a 59 anos,2007-06-01,197,343,197,343,540
TOTORA(CBBA),consulta externa,nuevas en personas de 15 a 59 anos,2007-06-01,103,133,103,133,236
TOTORA(ORR),consulta externa,nuevas en personas de 15 a 59 anos,2007-06-01,51,74,51,74,125
TRIGAL,consulta externa,nuevas en personas de 15 a 59 anos,2007-06-01,34,52,34,52,86
TRINIDAD,consulta externa,nuevas en personas de 15 a 59 anos,2007-06-01,1086,2597,1086,2597,3683
TUPIZA,consulta externa,nuevas en personas de 15 a 59 anos,2007-06-01,1892,3012,1892,3012,4904
TURCO,consulta externa,nuevas en personas de 15 a 59 anos,2007-06-01,95,115,95,115,210
UMALA,consulta externa,nuevas en personas de 15 a 59 anos,2007-06-01,22,40,22,40,62
UNCIA,consulta externa,nuevas en personas de 15 a 59 anos,2007-06-01,433,921,433,921,1354
URIONDO (A. CONCEPCION),consulta externa,nuevas en personas de 15 a 59 anos,2007-06-01,295,690,295,690,985
URUBICHA,consulta externa,nuevas en personas de 15 a 59 anos,2007-06-01,30,44,30,44,74
UYUNI,consulta externa,nuevas en personas de 15 a 59 anos,2007-06-01,437,931,437,931,1368
VACAS,consulta externa,nuevas en personas de 15 a 59 anos,2007-06-01,114,260,114,260,374
VALLEGRANDE,consulta externa,nuevas en personas de 15 a 59 anos,2007-06-01,380,775,380,775,1155
VIACHA,consulta externa,nuevas en personas de 15 a 59 anos,2007-06-01,487,954,487,954,1441
VILA VILA,consulta externa,nuevas en personas de 15 a 59 anos,2007-06-01,37,76,37,76,113
VILLA MONTES,consulta externa,nuevas en personas de 15 a 59 anos,2007-06-01,588,967,588,967,1555
VILLA NUEVA (LOMA ALTA),consulta externa,nuevas en personas de 15 a 59 anos,2007-06-01,34,57,34,57,91
VILLA RIVERO,consulta externa,nuevas en personas de 15 a 59 anos,2007-06-01,51,89,51,89,140
VILLA SERRANO,consulta externa,nuevas en personas de 15 a 59 anos,2007-06-01,220,506,220,506,726
VILLA TUNARI,consulta externa,nuevas en personas de 15 a 59 anos,2007-06-01,840,1437,840,1437,2277
VILLA VACA GUZMAN (MUYUPAMPA),consulta externa,nuevas en personas de 15 a 59 anos,2007-06-01,261,434,261,434,695
VILLAZON,consulta externa,nuevas en personas de 15 a 59 anos,2007-06-01,818,1819,818,1819,2637
VINTO,consulta externa,nuevas en personas de 15 a 59 anos,2007-06-01,93,197,93,197,290
VITICHI,consulta externa,nuevas en personas de 15 a 59 anos,2007-06-01,209,365,209,365,574
WALDO BALLIVIAN,consulta externa,nuevas en personas de 15 a 59 anos,2007-06-01,19,39,19,39,58
WARNES,consulta externa,nuevas en personas de 15 a 59 anos,2007-06-01,482,794,482,794,1276
YACO,consulta externa,nuevas en personas de 15 a 59 anos,2007-06-01,70,167,70,167,237
YACUIBA,consulta externa,nuevas en personas de 15 a 59 anos,2007-06-01,1440,2941,1440,2941,4381
YAMPARAEZ,consulta externa,nuevas en personas de 15 a 59 anos,2007-06-01,127,201,127,201,328
YANACACHI,consulta externa,nuevas en personas de 15 a 59 anos,2007-06-01,48,66,48,66,114
YAPACANI,consulta externa,nuevas en personas de 15 a 59 anos,2007-06-01,1004,1847,1004,1847,2851
YOCALLA,consulta externa,nuevas en personas de 15 a 59 anos,2007-06-01,127,180,127,180,307
YOTALA,consulta externa,nuevas en personas de 15 a 59 anos,2007-06-01,204,262,204,262,466
YUNCHARA,consulta externa,nuevas en personas de 15 a 59 anos,2007-06-01,124,237,124,237,361
ZUDAÑEZ,consulta externa,nuevas en personas de 15 a 59 anos,2007-06-01,148,325,148,325,473
ACACIO,consulta externa,nuevas en personas de 15 a 59 anos,2007-07-01,108,148,108,148,256
ACHACACHI,consulta externa,nuevas en personas de 15 a 59 anos,2007-07-01,457,542,457,542,999
ACHOCALLA,consulta externa,nuevas en personas de 15 a 59 anos,2007-07-01,131,177,131,177,308
AIQUILE,consulta externa,nuevas en personas de 15 a 59 anos,2007-07-01,282,662,282,662,944
ALALAY,consulta externa,nuevas en personas de 15 a 59 anos,2007-07-01,20,40,20,40,60
ALCALA,consulta externa,nuevas en personas de 15 a 59 anos,2007-07-01,66,329,66,329,395
ANCORAIMES,consulta externa,nuevas en personas de 15 a 59 anos,2007-07-01,87,180,87,180,267
ANDAMARCA,consulta externa,nuevas en personas de 15 a 59 anos,2007-07-01,82,77,82,77,159
ANTEQUERA,consulta externa,nuevas en personas de 15 a 59 anos,2007-07-01,11,12,11,12,23
ANZALDO,consulta externa,nuevas en personas de 15 a 59 anos,2007-07-01,56,83,56,83,139
APOLO,consulta externa,nuevas en personas de 15 a 59 anos,2007-07-01,173,341,173,341,514
ARAMPAMPA,consulta externa,nuevas en personas de 15 a 59 anos,2007-07-01,67,94,67,94,161
ARANI,consulta externa,nuevas en personas de 15 a 59 anos,2007-07-01,23,53,23,53,76
ARBIETO,consulta externa,nuevas en personas de 15 a 59 anos,2007-07-01,36,154,36,154,190
ARQUE,consulta externa,nuevas en personas de 15 a 59 anos,2007-07-01,69,145,69,145,214
ASCENCION DE GUARAYOS,consulta externa,nuevas en personas de 15 a 59 anos,2007-07-01,187,391,187,391,578
ATOCHA,consulta externa,nuevas en personas de 15 a 59 anos,2007-07-01,1101,837,1101,837,1938
AUCAPATA,consulta externa,nuevas en personas de 15 a 59 anos,2007-07-01,92,99,92,99,191
AYATA,consulta externa,nuevas en personas de 15 a 59 anos,2007-07-01,81,161,81,161,242
AYO AYO,consulta externa,nuevas en personas de 15 a 59 anos,2007-07-01,58,91,58,91,149
AYOPAYA (V. DE INDEPENDENCIA),consulta externa,nuevas en personas de 15 a 59 anos,2007-07-01,264,464,264,464,728
AZURDUY,consulta externa,nuevas en personas de 15 a 59 anos,2007-07-01,248,483,248,483,731
BATALLAS,consulta externa,nuevas en personas de 15 a 59 anos,2007-07-01,106,179,106,179,285
BAURES,consulta externa,nuevas en personas de 15 a 59 anos,2007-07-01,57,108,57,108,165
BELEN DE ANDAMARCA,consulta externa,nuevas en personas de 15 a 59 anos,2007-07-01,26,27,26,27,53
BELEN DE URMIRI,consulta externa,nuevas en personas de 15 a 59 anos,2007-07-01,20,42,20,42,62
BELLA FLOR,consulta externa,nuevas en personas de 15 a 59 anos,2007-07-01,34,47,34,47,81
BERMEJO,consulta externa,nuevas en personas de 15 a 59 anos,2007-07-01,1328,2080,1328,2080,3408
BETANZOS,consulta externa,nuevas en personas de 15 a 59 anos,2007-07-01,387,866,387,866,1253
BOLIVAR,consulta externa,nuevas en personas de 15 a 59 anos,2007-07-01,55,71,55,71,126
BOLPEBRA,consulta externa,nuevas en personas de 15 a 59 anos,2007-07-01,81,61,81,61,142
BOYUIBE,consulta externa,nuevas en personas de 15 a 59 anos,2007-07-01,43,68,43,68,111
BUENA VISTA,consulta externa,nuevas en personas de 15 a 59 anos,2007-07-01,170,257,170,257,427
CABEZAS,consulta externa,nuevas en personas de 15 a 59 anos,2007-07-01,261,431,261,431,692
CAIROMA,consulta externa,nuevas en personas de 15 a 59 anos,2007-07-01,192,247,192,247,439
"CAIZA ""D""",consulta externa,nuevas en personas de 15 a 59 anos,2007-07-01,204,260,204,260,464
CAJUATA,consulta externa,nuevas en personas de 15 a 59 anos,2007-07-01,146,203,146,203,349
CALACOTO,consulta externa,nuevas en personas de 15 a 59 anos,2007-07-01,75,60,75,60,135
CALAMARCA,consulta externa,nuevas en personas de 15 a 59 anos,2007-07-01,82,141,82,141,223
CAMARGO,consulta externa,nuevas en personas de 15 a 59 anos,2007-07-01,471,967,471,967,1438
CAMATAQUI (C. VILLA ABECIA),consulta externa,nuevas en personas de 15 a 59 anos,2007-07-01,107,235,107,235,342
CAMIRI,consulta externa,nuevas en personas de 15 a 59 anos,2007-07-01,715,1290,715,1290,2005
CAPINOTA,consulta externa,nuevas en personas de 15 a 59 anos,2007-07-01,105,207,105,207,312
CAQUIAVIRI,consulta externa,nuevas en personas de 15 a 59 anos,2007-07-01,58,104,58,104,162
CARACOLLO,consulta externa,nuevas en personas de 15 a 59 anos,2007-07-01,146,243,146,243,389
CARANAVI,consulta externa,nuevas en personas de 15 a 59 anos,2007-07-01,898,1531,898,1531,2429
CARANGAS,consulta externa,nuevas en personas de 15 a 59 anos,2007-07-01,4,8,4,8,12
CARAPARI,consulta externa,nuevas en personas de 15 a 59 anos,2007-07-01,261,317,261,317,578
CARIPUYO,consulta externa,nuevas en personas de 15 a 59 anos,2007-07-01,57,157,57,157,214
CARMEN RIVERO TORREZ,consulta externa,nuevas en personas de 15 a 59 anos,2007-07-01,31,70,31,70,101
CATACORA,consulta externa,nuevas en personas de 15 a 59 anos,2007-07-01,9,32,9,32,41
CHACARILLA,consulta externa,nuevas en personas de 15 a 59 anos,2007-07-01,1,8,1,8,9
CHALLAPATA,consulta externa,nuevas en personas de 15 a 59 anos,2007-07-01,191,392,191,392,583
CHAQUI,consulta externa,nuevas en personas de 15 a 59 anos,2007-07-01,83,148,83,148,231
CHARAGUA,consulta externa,nuevas en personas de 15 a 59 anos,2007-07-01,161,404,161,404,565
CHARAÑA,consulta externa,nuevas en personas de 15 a 59 anos,2007-07-01,76,60,76,60,136
CHAYANTA,consulta externa,nuevas en personas de 15 a 59 anos,2007-07-01,136,341,136,341,477
CHIMORE,consulta externa,nuevas en personas de 15 a 59 anos,2007-07-01,176,299,176,299,475
CHIPAYA,consulta externa,nuevas en personas de 15 a 59 anos,2007-07-01,38,56,38,56,94
CHOQUE COTA,consulta externa,nuevas en personas de 15 a 59 anos,2007-07-01,10,21,10,21,31
CHULUMANI (V. DE LA LIBERTAD),consulta externa,nuevas en personas de 15 a 59 anos,2007-07-01,236,267,236,267,503
CHUMA,consulta externa,nuevas en personas de 15 a 59 anos,2007-07-01,132,205,132,205,337
CLIZA,consulta externa,nuevas en personas de 15 a 59 anos,2007-07-01,80,99,80,99,179
COBIJA,consulta externa,nuevas en personas de 15 a 59 anos,2007-07-01,1213,1906,1213,1906,3119
COCHABAMBA,consulta externa,nuevas en personas de 15 a 59 anos,2007-07-01,14230,25025,14230,25025,39255
COIPASA,consulta externa,nuevas en personas de 15 a 59 anos,2007-07-01,15,21,15,21,36
COLCAPIRHUA,consulta externa,nuevas en personas de 15 a 59 anos,2007-07-01,568,823,568,823,1391
"COLCHA ""K""",consulta externa,nuevas en personas de 15 a 59 anos,2007-07-01,140,250,140,250,390
COLLANA,consulta externa,nuevas en personas de 15 a 59 anos,2007-07-01,30,30,30,30,60
COLOMI,consulta externa,nuevas en personas de 15 a 59 anos,2007-07-01,75,179,75,179,254
COLPA BELGICA,consulta externa,nuevas en personas de 15 a 59 anos,2007-07-01,76,133,76,133,209
COLQUECHACA,consulta externa,nuevas en personas de 15 a 59 anos,2007-07-01,340,692,340,692,1032
COLQUENCHA,consulta externa,nuevas en personas de 15 a 59 anos,2007-07-01,106,160,106,160,266
COLQUIRI,consulta externa,nuevas en personas de 15 a 59 anos,2007-07-01,240,348,240,348,588
COMANCHE,consulta externa,nuevas en personas de 15 a 59 anos,2007-07-01,38,48,38,48,86
COMARAPA,consulta externa,nuevas en personas de 15 a 59 anos,2007-07-01,234,697,234,697,931
COMBAYA,consulta externa,nuevas en personas de 15 a 59 anos,2007-07-01,5,11,5,11,16
CONCEPCION,consulta externa,nuevas en personas de 15 a 59 anos,2007-07-01,71,144,71,144,215
COPACABANA,consulta externa,nuevas en personas de 15 a 59 anos,2007-07-01,89,169,89,169,258
CORIPATA,consulta externa,nuevas en personas de 15 a 59 anos,2007-07-01,185,235,185,235,420
CORO CORO,consulta externa,nuevas en personas de 15 a 59 anos,2007-07-01,52,86,52,86,138
COROICO,consulta externa,nuevas en personas de 15 a 59 anos,2007-07-01,192,311,192,311,503
CORQUE,consulta externa,nuevas en personas de 15 a 59 anos,2007-07-01,114,173,114,173,287
COTAGAITA,consulta externa,nuevas en personas de 15 a 59 anos,2007-07-01,857,1257,857,1257,2114
COTOCA,consulta externa,nuevas en personas de 15 a 59 anos,2007-07-01,195,542,195,542,737
CUATRO CAÑADAS,consulta externa,nuevas en personas de 15 a 59 anos,2007-07-01,479,715,479,715,1194
CUCHUMUELA (V. G. VILLARROEL),consulta externa,nuevas en personas de 15 a 59 anos,2007-07-01,4,10,4,10,14
CUEVO,consulta externa,nuevas en personas de 15 a 59 anos,2007-07-01,57,111,57,111,168
CULPINA,consulta externa,nuevas en personas de 15 a 59 anos,2007-07-01,278,561,278,561,839
CURAHUARA DE CARANGAS,consulta externa,nuevas en personas de 15 a 59 anos,2007-07-01,58,114,58,114,172
CURVA,consulta externa,nuevas en personas de 15 a 59 anos,2007-07-01,28,51,28,51,79
DESAGUADERO,consulta externa,nuevas en personas de 15 a 59 anos,2007-07-01,32,61,32,61,93
EL ALTO,consulta externa,nuevas en personas de 15 a 59 anos,2007-07-01,7334,13493,7334,13493,20827
EL CHORO,consulta externa,nuevas en personas de 15 a 59 anos,2007-07-01,75,102,75,102,177
EL PUENTE(STC),consulta externa,nuevas en personas de 15 a 59 anos,2007-07-01,100,250,100,250,350
EL PUENTE(TJA),consulta externa,nuevas en personas de 15 a 59 anos,2007-07-01,193,378,193,378,571
EL TORNO,consulta externa,nuevas en personas de 15 a 59 anos,2007-07-01,979,1582,979,1582,2561
EL VILLAR,consulta externa,nuevas en personas de 15 a 59 anos,2007-07-01,161,230,161,230,391
ENTRE RIOS,consulta externa,nuevas en personas de 15 a 59 anos,2007-07-01,552,769,552,769,1321
ENTRE RIOS,consulta externa,nuevas en personas de 15 a 59 anos,2007-07-01,206,267,206,267,473
ESCARA,consulta externa,nuevas en personas de 15 a 59 anos,2007-07-01,3,5,3,5,8
ESMERALDA,consulta externa,nuevas en personas de 15 a 59 anos,2007-07-01,3,12,3,12,15
EUCALIPTUS,consulta externa,nuevas en personas de 15 a 59 anos,2007-07-01,45,87,45,87,132
EUREKA (SANTOS MERCADO),consulta externa,nuevas en personas de 15 a 59 anos,2007-07-01,8,5,8,5,13
EXALTACION,consulta externa,nuevas en personas de 15 a 59 anos,2007-07-01,29,57,29,57,86
FERNANDEZ ALONSO,consulta externa,nuevas en personas de 15 a 59 anos,2007-07-01,147,377,147,377,524
FILADELFIA,consulta externa,nuevas en personas de 15 a 59 anos,2007-07-01,252,307,252,307,559
GENERAL SAAVEDRA,consulta externa,nuevas en personas de 15 a 59 anos,2007-07-01,198,373,198,373,571
GRAL. J.J. PEREZ (CHARAZANI),consulta externa,nuevas en personas de 15 a 59 anos,2007-07-01,109,258,109,258,367
GUANAY,consulta externa,nuevas en personas de 15 a 59 anos,2007-07-01,115,239,115,239,354
GUAQUI,consulta externa,nuevas en personas de 15 a 59 anos,2007-07-01,38,102,38,102,140
GUAYARAMERIN,consulta externa,nuevas en personas de 15 a 59 anos,2007-07-01,736,1659,736,1659,2395
GUTIERREZ,consulta externa,nuevas en personas de 15 a 59 anos,2007-07-01,175,275,175,275,450
HUACARETA,consulta externa,nuevas en personas de 15 a 59 anos,2007-07-01,267,428,267,428,695
HUACAYA (VILLA DE HUACAYA),consulta externa,nuevas en personas de 15 a 59 anos,2007-07-01,33,107,33,107,140
HUACHACALLA,consulta externa,nuevas en personas de 15 a 59 anos,2007-07-01,30,27,30,27,57
HUANUNI,consulta externa,nuevas en personas de 15 a 59 anos,2007-07-01,534,746,534,746,1280
HUARACAJE,consulta externa,nuevas en personas de 15 a 59 anos,2007-07-01,46,84,46,84,130
HUAYLLAMARCA,consulta externa,nuevas en personas de 15 a 59 anos,2007-07-01,17,38,17,38,55
ICHOCA,consulta externa,nuevas en personas de 15 a 59 anos,2007-07-01,38,82,38,82,120
ICLA,consulta externa,nuevas en personas de 15 a 59 anos,2007-07-01,104,178,104,178,282
INCAHUASI,consulta externa,nuevas en personas de 15 a 59 anos,2007-07-01,281,820,281,820,1101
INGAVI (HUMAITA),consulta externa,nuevas en personas de 15 a 59 anos,2007-07-01,2,12,2,12,14
INQUISIVI,consulta externa,nuevas en personas de 15 a 59 anos,2007-07-01,86,153,86,153,239
IRUPANA (VILLA DE LANZA),consulta externa,nuevas en personas de 15 a 59 anos,2007-07-01,217,433,217,433,650
IXIAMAS,consulta externa,nuevas en personas de 15 a 59 anos,2007-07-01,142,158,142,158,300
JESUS DE MACHACA,consulta externa,nuevas en personas de 15 a 59 anos,2007-07-01,118,261,118,261,379
LA ASUNTA,consulta externa,nuevas en personas de 15 a 59 anos,2007-07-01,346,445,346,445,791
LA GUARDIA,consulta externa,nuevas en personas de 15 a 59 anos,2007-07-01,248,722,248,722,970
LA PAZ,consulta externa,nuevas en personas de 15 a 59 anos,2007-07-01,22526,39877,22526,39877,62403
LA RIVERA,consulta externa,nuevas en personas de 15 a 59 anos,2007-07-01,7,10,7,10,17
LAGUNILLAS,consulta externa,nuevas en personas de 15 a 59 anos,2007-07-01,127,247,127,247,374
LAJA,consulta externa,nuevas en personas de 15 a 59 anos,2007-07-01,76,163,76,163,239
LAS CARRERAS,consulta externa,nuevas en personas de 15 a 59 anos,2007-07-01,62,160,62,160,222
LICOMA PAMPA,consulta externa,nuevas en personas de 15 a 59 anos,2007-07-01,35,51,35,51,86
LLALLAGUA,consulta externa,nuevas en personas de 15 a 59 anos,2007-07-01,640,1235,640,1235,1875
LLICA,consulta externa,nuevas en personas de 15 a 59 anos,2007-07-01,114,105,114,105,219
LORETO,consulta externa,nuevas en personas de 15 a 59 anos,2007-07-01,41,67,41,67,108
LURIBAY,consulta externa,nuevas en personas de 15 a 59 anos,2007-07-01,149,271,149,271,420
MACHACAMARCA,consulta externa,nuevas en personas de 15 a 59 anos,2007-07-01,43,81,43,81,124
MACHARETI,consulta externa,nuevas en personas de 15 a 59 anos,2007-07-01,202,468,202,468,670
MAGDALENA,consulta externa,nuevas en personas de 15 a 59 anos,2007-07-01,101,197,101,197,298
MAIRANA,consulta externa,nuevas en personas de 15 a 59 anos,2007-07-01,91,220,91,220,311
MALLA,consulta externa,nuevas en personas de 15 a 59 anos,2007-07-01,44,59,44,59,103
MAPIRI,consulta externa,nuevas en personas de 15 a 59 anos,2007-07-01,142,213,142,213,355
MECAPACA,consulta externa,nuevas en personas de 15 a 59 anos,2007-07-01,139,182,139,182,321
MINEROS,consulta externa,nuevas en personas de 15 a 59 anos,2007-07-01,126,322,126,322,448
MIZQUE,consulta externa,nuevas en personas de 15 a 59 anos,2007-07-01,125,209,125,209,334
MOCOMOCO,consulta externa,nuevas en personas de 15 a 59 anos,2007-07-01,203,259,203,259,462
MOJINETE,consulta externa,nuevas en personas de 15 a 59 anos,2007-07-01,19,34,19,34,53
MOJOCOYA,consulta externa,nuevas en personas de 15 a 59 anos,2007-07-01,121,326,121,326,447
MONTEAGUDO,consulta externa,nuevas en personas de 15 a 59 anos,2007-07-01,1117,1726,1117,1726,2843
MONTERO,consulta externa,nuevas en personas de 15 a 59 anos,2007-07-01,1547,3324,1547,3324,4871
MORO MORO,consulta externa,nuevas en personas de 15 a 59 anos,2007-07-01,55,106,55,106,161
MOROCHATA,consulta externa,nuevas en personas de 15 a 59 anos,2007-07-01,130,292,130,292,422
NACEBE (SANTA ROSA DEL ABUNA),consulta externa,nuevas en personas de 15 a 59 anos,2007-07-01,205,165,205,165,370
NAZACARA DE PACAJES,consulta externa,nuevas en personas de 15 a 59 anos,2007-07-01,8,8,8,8,16
NUEVO MANOA (NUEVA ESPERANZA),consulta externa,nuevas en personas de 15 a 59 anos,2007-07-01,49,43,49,43,92
OCURI,consulta externa,nuevas en personas de 15 a 59 anos,2007-07-01,242,501,242,501,743
OKINAWA,consulta externa,nuevas en personas de 15 a 59 anos,2007-07-01,274,606,274,606,880
OMEREQUE,consulta externa,nuevas en personas de 15 a 59 anos,2007-07-01,90,140,90,140,230
ORURO,consulta externa,nuevas en personas de 15 a 59 anos,2007-07-01,8304,11118,8304,11118,19422
PADCAYA,consulta externa,nuevas en personas de 15 a 59 anos,2007-07-01,378,665,378,665,1043
PADILLA,consulta externa,nuevas en personas de 15 a 59 anos,2007-07-01,441,921,441,921,1362
PAILON,consulta externa,nuevas en personas de 15 a 59 anos,2007-07-01,115,158,115,158,273
PALCA,consulta externa,nuevas en personas de 15 a 59 anos,2007-07-01,116,192,116,192,308
PALOS BLANCOS,consulta externa,nuevas en personas de 15 a 59 anos,2007-07-01,418,393,418,393,811
PAMPA AULLAGAS,consulta externa,nuevas en personas de 15 a 59 anos,2007-07-01,19,31,19,31,50
PAMPA GRANDE,consulta externa,nuevas en personas de 15 a 59 anos,2007-07-01,55,131,55,131,186
PAPEL PAMPA,consulta externa,nuevas en personas de 15 a 59 anos,2007-07-01,54,69,54,69,123
PASORAPA,consulta externa,nuevas en personas de 15 a 59 anos,2007-07-01,41,70,41,70,111
PATACAMAYA,consulta externa,nuevas en personas de 15 a 59 anos,2007-07-01,175,254,175,254,429
PAZÑA,consulta externa,nuevas en personas de 15 a 59 anos,2007-07-01,142,207,142,207,349
PELECHUCO,consulta externa,nuevas en personas de 15 a 59 anos,2007-07-01,111,98,111,98,209
POCOATA,consulta externa,nuevas en personas de 15 a 59 anos,2007-07-01,205,353,205,353,558
POCONA,consulta externa,nuevas en personas de 15 a 59 anos,2007-07-01,129,224,129,224,353
POJO (CBBA),consulta externa,nuevas en personas de 15 a 59 anos,2007-07-01,51,90,51,90,141
POOPO,consulta externa,nuevas en personas de 15 a 59 anos,2007-07-01,68,105,68,105,173
PORCO,consulta externa,nuevas en personas de 15 a 59 anos,2007-07-01,95,160,95,160,255
POROMA,consulta externa,nuevas en personas de 15 a 59 anos,2007-07-01,261,685,261,685,946
PORONGO,consulta externa,nuevas en personas de 15 a 59 anos,2007-07-01,59,104,59,104,163
PORTACHUELO,consulta externa,nuevas en personas de 15 a 59 anos,2007-07-01,203,601,203,601,804
PORVENIR,consulta externa,nuevas en personas de 15 a 59 anos,2007-07-01,84,105,84,105,189
POSTRER VALLE,consulta externa,nuevas en personas de 15 a 59 anos,2007-07-01,37,83,37,83,120
POTOSI,consulta externa,nuevas en personas de 15 a 59 anos,2007-07-01,3953,7817,3953,7817,11770
PRESTO,consulta externa,nuevas en personas de 15 a 59 anos,2007-07-01,119,223,119,223,342
PUCARA,consulta externa,nuevas en personas de 15 a 59 anos,2007-07-01,55,99,55,99,154
PUCARANI,consulta externa,nuevas en personas de 15 a 59 anos,2007-07-01,151,227,151,227,378
PUERTO ACOSTA,consulta externa,nuevas en personas de 15 a 59 anos,2007-07-01,281,405,281,405,686
PUERTO CARABUCO,consulta externa,nuevas en personas de 15 a 59 anos,2007-07-01,136,179,136,179,315
PUERTO GONZALO MORENO,consulta externa,nuevas en personas de 15 a 59 anos,2007-07-01,93,136,93,136,229
PUERTO PEREZ,consulta externa,nuevas en personas de 15 a 59 anos,2007-07-01,69,65,69,65,134
PUERTO QUIJARRO,consulta externa,nuevas en personas de 15 a 59 anos,2007-07-01,403,449,403,449,852
PUERTO RICO,consulta externa,nuevas en personas de 15 a 59 anos,2007-07-01,141,222,141,222,363
PUERTO SILES,consulta externa,nuevas en personas de 15 a 59 anos,2007-07-01,8,10,8,10,18
PUERTO SUAREZ,consulta externa,nuevas en personas de 15 a 59 anos,2007-07-01,409,393,409,393,802
PUERTO VILLARROEL,consulta externa,nuevas en personas de 15 a 59 anos,2007-07-01,534,844,534,844,1378
PUNA,consulta externa,nuevas en personas de 15 a 59 anos,2007-07-01,501,930,501,930,1431
PUNATA,consulta externa,nuevas en personas de 15 a 59 anos,2007-07-01,376,673,376,673,1049
QUIABAYA,consulta externa,nuevas en personas de 15 a 59 anos,2007-07-01,20,51,20,51,71
QUILLACOLLO,consulta externa,nuevas en personas de 15 a 59 anos,2007-07-01,660,1821,660,1821,2481
QUIME,consulta externa,nuevas en personas de 15 a 59 anos,2007-07-01,275,138,275,138,413
QUIRUSILLAS,consulta externa,nuevas en personas de 15 a 59 anos,2007-07-01,31,48,31,48,79
RAVELO,consulta externa,nuevas en personas de 15 a 59 anos,2007-07-01,217,329,217,329,546
REYES,consulta externa,nuevas en personas de 15 a 59 anos,2007-07-01,76,143,76,143,219
RIBERALTA,consulta externa,nuevas en personas de 15 a 59 anos,2007-07-01,884,1632,884,1632,2516
ROBORE,consulta externa,nuevas en personas de 15 a 59 anos,2007-07-01,202,636,202,636,838
RURRENABAQUE,consulta externa,nuevas en personas de 15 a 59 anos,2007-07-01,176,391,176,391,567
SABAYA,consulta externa,nuevas en personas de 15 a 59 anos,2007-07-01,69,96,69,96,165
SACABA,consulta externa,nuevas en personas de 15 a 59 anos,2007-07-01,742,1725,742,1725,2467
SACABAMBA,consulta externa,nuevas en personas de 15 a 59 anos,2007-07-01,45,29,45,29,74
SACACA,consulta externa,nuevas en personas de 15 a 59 anos,2007-07-01,188,449,188,449,637
SAIPINA,consulta externa,nuevas en personas de 15 a 59 anos,2007-07-01,95,122,95,122,217
SALINAS DE GARCI MENDOZA,consulta externa,nuevas en personas de 15 a 59 anos,2007-07-01,147,236,147,236,383
SAMAIPATA,consulta externa,nuevas en personas de 15 a 59 anos,2007-07-01,81,131,81,131,212
SAN AGUSTIN,consulta externa,nuevas en personas de 15 a 59 anos,2007-07-01,29,71,29,71,100
SAN ANDRES,consulta externa,nuevas en personas de 15 a 59 anos,2007-07-01,65,213,65,213,278
SAN ANDRES DE MACHACA,consulta externa,nuevas en personas de 15 a 59 anos,2007-07-01,58,132,58,132,190
SAN ANTONIO DE ESMORUCO,consulta externa,nuevas en personas de 15 a 59 anos,2007-07-01,25,56,25,56,81
SAN ANTONIO DE LOMERIO,consulta externa,nuevas en personas de 15 a 59 anos,2007-07-01,36,81,36,81,117
SAN BENITO,consulta externa,nuevas en personas de 15 a 59 anos,2007-07-01,52,123,52,123,175
SAN BORJA,consulta externa,nuevas en personas de 15 a 59 anos,2007-07-01,338,694,338,694,1032
SAN BUENA VENTURA,consulta externa,nuevas en personas de 15 a 59 anos,2007-07-01,116,240,116,240,356
SAN CARLOS,consulta externa,nuevas en personas de 15 a 59 anos,2007-07-01,190,646,190,646,836
SAN IGNACIO,consulta externa,nuevas en personas de 15 a 59 anos,2007-07-01,208,497,208,497,705
SAN IGNACIO DE VELASCO,consulta externa,nuevas en personas de 15 a 59 anos,2007-07-01,578,1197,578,1197,1775
SAN JAVIER(BNI),consulta externa,nuevas en personas de 15 a 59 anos,2007-07-01,34,45,34,45,79
SAN JAVIER(STC),consulta externa,nuevas en personas de 15 a 59 anos,2007-07-01,188,377,188,377,565
SAN JOAQUIN,consulta externa,nuevas en personas de 15 a 59 anos,2007-07-01,375,478,375,478,853
SAN JOSE DE CHIQUITOS,consulta externa,nuevas en personas de 15 a 59 anos,2007-07-01,254,413,254,413,667
SAN JUAN DE YAPACANI,consulta externa,nuevas en personas de 15 a 59 anos,2007-07-01,288,512,288,512,800
SAN JULIAN,consulta externa,nuevas en personas de 15 a 59 anos,2007-07-01,751,1189,751,1189,1940
SAN LORENZO(PND),consulta externa,nuevas en personas de 15 a 59 anos,2007-07-01,217,157,217,157,374
SAN LORENZO(TJA),consulta externa,nuevas en personas de 15 a 59 anos,2007-07-01,354,655,354,655,1009
SAN LUCAS,consulta externa,nuevas en personas de 15 a 59 anos,2007-07-01,859,1735,859,1735,2594
SAN MATIAS,consulta externa,nuevas en personas de 15 a 59 anos,2007-07-01,409,446,409,446,855
SAN MIGUEL DE VELASCO,consulta externa,nuevas en personas de 15 a 59 anos,2007-07-01,116,215,116,215,331
SAN PABLO DE LIPEZ,consulta externa,nuevas en personas de 15 a 59 anos,2007-07-01,74,153,74,153,227
SAN PEDRO,consulta externa,nuevas en personas de 15 a 59 anos,2007-07-01,330,475,330,475,805
SAN PEDRO DE BUENA VISTA,consulta externa,nuevas en personas de 15 a 59 anos,2007-07-01,222,469,222,469,691
SAN PEDRO DE CURAHUARA,consulta externa,nuevas en personas de 15 a 59 anos,2007-07-01,63,79,63,79,142
SAN PEDRO DE QUEMES,consulta externa,nuevas en personas de 15 a 59 anos,2007-07-01,6,11,6,11,17
SAN PEDRO DE TIQUINA,consulta externa,nuevas en personas de 15 a 59 anos,2007-07-01,32,49,32,49,81
SAN PEDRO(PND),consulta externa,nuevas en personas de 15 a 59 anos,2007-07-01,98,141,98,141,239
SAN RAFAEL,consulta externa,nuevas en personas de 15 a 59 anos,2007-07-01,88,121,88,121,209
SAN RAMON,consulta externa,nuevas en personas de 15 a 59 anos,2007-07-01,10,58,10,58,68
SAN RAMON,consulta externa,nuevas en personas de 15 a 59 anos,2007-07-01,624,816,624,816,1440
SANTA ANA,consulta externa,nuevas en personas de 15 a 59 anos,2007-07-01,232,776,232,776,1008
SANTA CRUZ DE LA SIERRA,consulta externa,nuevas en personas de 15 a 59 anos,2007-07-01,20639,44511,20639,44511,65150
SANTA ROSA,consulta externa,nuevas en personas de 15 a 59 anos,2007-07-01,96,204,96,204,300
SANTA ROSA DEL SARA,consulta externa,nuevas en personas de 15 a 59 anos,2007-07-01,199,383,199,383,582
SANTIAGO DE CALLAPA,consulta externa,nuevas en personas de 15 a 59 anos,2007-07-01,36,54,36,54,90
SANTIAGO DE HUARI,consulta externa,nuevas en personas de 15 a 59 anos,2007-07-01,97,81,97,81,178
SANTIAGO DE MACHACA,consulta externa,nuevas en personas de 15 a 59 anos,2007-07-01,20,28,20,28,48
SANTIVAÑES,consulta externa,nuevas en personas de 15 a 59 anos,2007-07-01,33,69,33,69,102
SANTUARIO DE QUILLACAS,consulta externa,nuevas en personas de 15 a 59 anos,2007-07-01,26,35,26,35,61
SAPAHAQUI,consulta externa,nuevas en personas de 15 a 59 anos,2007-07-01,99,113,99,113,212
SENA,consulta externa,nuevas en personas de 15 a 59 anos,2007-07-01,24,18,24,18,42
SICA SICA (VILLA AROMA),consulta externa,nuevas en personas de 15 a 59 anos,2007-07-01,81,197,81,197,278
SICAYA,consulta externa,nuevas en personas de 15 a 59 anos,2007-07-01,8,18,8,18,26
SIPE SIPE,consulta externa,nuevas en personas de 15 a 59 anos,2007-07-01,103,417,103,417,520
SOPACHUY,consulta externa,nuevas en personas de 15 a 59 anos,2007-07-01,129,310,129,310,439
SORACACHI,consulta externa,nuevas en personas de 15 a 59 anos,2007-07-01,72,120,72,120,192
SORATA,consulta externa,nuevas en personas de 15 a 59 anos,2007-07-01,185,295,185,295,480
SUCRE,consulta externa,nuevas en personas de 15 a 59 anos,2007-07-01,9493,18698,9493,18698,28191
TACACHI,consulta externa,nuevas en personas de 15 a 59 anos,2007-07-01,10,39,10,39,49
TACACOMA,consulta externa,nuevas en personas de 15 a 59 anos,2007-07-01,68,113,68,113,181
TACOBAMBA,consulta externa,nuevas en personas de 15 a 59 anos,2007-07-01,92,141,92,141,233
TACOPAYA,consulta externa,nuevas en personas de 15 a 59 anos,2007-07-01,63,148,63,148,211
TAHUA,consulta externa,nuevas en personas de 15 a 59 anos,2007-07-01,13,24,13,24,37
TAPACARI,consulta externa,nuevas en personas de 15 a 59 anos,2007-07-01,151,418,151,418,569
TARABUCO,consulta externa,nuevas en personas de 15 a 59 anos,2007-07-01,238,355,238,355,593
TARACO,consulta externa,nuevas en personas de 15 a 59 anos,2007-07-01,44,50,44,50,94
TARATA,consulta externa,nuevas en personas de 15 a 59 anos,2007-07-01,40,90,40,90,130
TARIJA,consulta externa,nuevas en personas de 15 a 59 anos,2007-07-01,5520,8266,5520,8266,13786
TARVITA,consulta externa,nuevas en personas de 15 a 59 anos,2007-07-01,338,946,338,946,1284
TEOPONTE,consulta externa,nuevas en personas de 15 a 59 anos,2007-07-01,56,110,56,110,166
TIAWANACU,consulta externa,nuevas en personas de 15 a 59 anos,2007-07-01,59,124,59,124,183
TINGUIPAYA,consulta externa,nuevas en personas de 15 a 59 anos,2007-07-01,130,453,130,453,583
TIPUANI,consulta externa,nuevas en personas de 15 a 59 anos,2007-07-01,109,169,109,169,278
TIQUIPAYA,consulta externa,nuevas en personas de 15 a 59 anos,2007-07-01,174,755,174,755,929
TIRAQUE (CBBA),consulta externa,nuevas en personas de 15 a 59 anos,2007-07-01,291,638,291,638,929
TITO YUPANQUI (PARQUIPUJIO),consulta externa,nuevas en personas de 15 a 59 anos,2007-07-01,23,51,23,51,74
TOCO,consulta externa,nuevas en personas de 15 a 59 anos,2007-07-01,32,68,32,68,100
TODOS SANTOS,consulta externa,nuevas en personas de 15 a 59 anos,2007-07-01,4,6,4,6,10
TOLATA,consulta externa,nuevas en personas de 15 a 59 anos,2007-07-01,15,60,15,60,75
TOLEDO,consulta externa,nuevas en personas de 15 a 59 anos,2007-07-01,159,160,159,160,319
TOMAVE,consulta externa,nuevas en personas de 15 a 59 anos,2007-07-01,148,279,148,279,427
TOMINA,consulta externa,nuevas en personas de 15 a 59 anos,2007-07-01,177,338,177,338,515
TORO TORO,consulta externa,nuevas en personas de 15 a 59 anos,2007-07-01,142,313,142,313,455
TOTORA(CBBA),consulta externa,nuevas en personas de 15 a 59 anos,2007-07-01,106,140,106,140,246
TOTORA(ORR),consulta externa,nuevas en personas de 15 a 59 anos,2007-07-01,35,109,35,109,144
TRIGAL,consulta externa,nuevas en personas de 15 a 59 anos,2007-07-01,40,54,40,54,94
TRINIDAD,consulta externa,nuevas en personas de 15 a 59 anos,2007-07-01,1393,2751,1393,2751,4144
TUPIZA,consulta externa,nuevas en personas de 15 a 59 anos,2007-07-01,1588,2608,1588,2608,4196
TURCO,consulta externa,nuevas en personas de 15 a 59 anos,2007-07-01,134,159,134,159,293
UMALA,consulta externa,nuevas en personas de 15 a 59 anos,2007-07-01,30,35,30,35,65
UNCIA,consulta externa,nuevas en personas de 15 a 59 anos,2007-07-01,351,749,351,749,1100
URIONDO (A. CONCEPCION),consulta externa,nuevas en personas de 15 a 59 anos,2007-07-01,220,549,220,549,769
URUBICHA,consulta externa,nuevas en personas de 15 a 59 anos,2007-07-01,35,142,35,142,177
UYUNI,consulta externa,nuevas en personas de 15 a 59 anos,2007-07-01,446,866,446,866,1312
VACAS,consulta externa,nuevas en personas de 15 a 59 anos,2007-07-01,103,253,103,253,356
VALLEGRANDE,consulta externa,nuevas en personas de 15 a 59 anos,2007-07-01,493,1031,493,1031,1524
VIACHA,consulta externa,nuevas en personas de 15 a 59 anos,2007-07-01,596,955,596,955,1551
VILA VILA,consulta externa,nuevas en personas de 15 a 59 anos,2007-07-01,48,79,48,79,127
VILLA MONTES,consulta externa,nuevas en personas de 15 a 59 anos,2007-07-01,711,937,711,937,1648
VILLA NUEVA (LOMA ALTA),consulta externa,nuevas en personas de 15 a 59 anos,2007-07-01,87,59,87,59,146
VILLA RIVERO,consulta externa,nuevas en personas de 15 a 59 anos,2007-07-01,37,73,37,73,110
VILLA SERRANO,consulta externa,nuevas en personas de 15 a 59 anos,2007-07-01,252,602,252,602,854
VILLA TUNARI,consulta externa,nuevas en personas de 15 a 59 anos,2007-07-01,769,1287,769,1287,2056
VILLA VACA GUZMAN (MUYUPAMPA),consulta externa,nuevas en personas de 15 a 59 anos,2007-07-01,258,447,258,447,705
VILLAZON,consulta externa,nuevas en personas de 15 a 59 anos,2007-07-01,612,1410,612,1410,2022
VINTO,consulta externa,nuevas en personas de 15 a 59 anos,2007-07-01,200,412,200,412,612
VITICHI,consulta externa,nuevas en personas de 15 a 59 anos,2007-07-01,137,268,137,268,405
WALDO BALLIVIAN,consulta externa,nuevas en personas de 15 a 59 anos,2007-07-01,11,22,11,22,33
WARNES,consulta externa,nuevas en personas de 15 a 59 anos,2007-07-01,464,699,464,699,1163
YACO,consulta externa,nuevas en personas de 15 a 59 anos,2007-07-01,43,128,43,128,171
YACUIBA,consulta externa,nuevas en personas de 15 a 59 anos,2007-07-01,1490,3571,1490,3571,5061
YAMPARAEZ,consulta externa,nuevas en personas de 15 a 59 anos,2007-07-01,109,209,109,209,318
YANACACHI,consulta externa,nuevas en personas de 15 a 59 anos,2007-07-01,127,137,127,137,264
YAPACANI,consulta externa,nuevas en personas de 15 a 59 anos,2007-07-01,766,1218,766,1218,1984
YOCALLA,consulta externa,nuevas en personas de 15 a 59 anos,2007-07-01,124,158,124,158,282
YOTALA,consulta externa,nuevas en personas de 15 a 59 anos,2007-07-01,76,95,76,95,171
YUNCHARA,consulta externa,nuevas en personas de 15 a 59 anos,2007-07-01,132,357,132,357,489
ZUDAÑEZ,consulta externa,nuevas en personas de 15 a 59 anos,2007-07-01,166,397,166,397,563
ACACIO,consulta externa,nuevas en personas de 15 a 59 anos,2007-08-01,106,169,106,169,275
ACHACACHI,consulta externa,nuevas en personas de 15 a 59 anos,2007-08-01,357,704,357,704,1061
ACHOCALLA,consulta externa,nuevas en personas de 15 a 59 anos,2007-08-01,54,81,54,81,135
AIQUILE,consulta externa,nuevas en personas de 15 a 59 anos,2007-08-01,301,721,301,721,1022
ALALAY,consulta externa,nuevas en personas de 15 a 59 anos,2007-08-01,20,46,20,46,66
ALCALA,consulta externa,nuevas en personas de 15 a 59 anos,2007-08-01,69,305,69,305,374
ANCORAIMES,consulta externa,nuevas en personas de 15 a 59 anos,2007-08-01,102,203,102,203,305
ANDAMARCA,consulta externa,nuevas en personas de 15 a 59 anos,2007-08-01,79,139,79,139,218
ANTEQUERA,consulta externa,nuevas en personas de 15 a 59 anos,2007-08-01,14,22,14,22,36
ANZALDO,consulta externa,nuevas en personas de 15 a 59 anos,2007-08-01,43,72,43,72,115
APOLO,consulta externa,nuevas en personas de 15 a 59 anos,2007-08-01,131,304,131,304,435
ARAMPAMPA,consulta externa,nuevas en personas de 15 a 59 anos,2007-08-01,95,150,95,150,245
ARANI,consulta externa,nuevas en personas de 15 a 59 anos,2007-08-01,47,74,47,74,121
ARBIETO,consulta externa,nuevas en personas de 15 a 59 anos,2007-08-01,42,182,42,182,224
ARQUE,consulta externa,nuevas en personas de 15 a 59 anos,2007-08-01,82,181,82,181,263
ASCENCION DE GUARAYOS,consulta externa,nuevas en personas de 15 a 59 anos,2007-08-01,128,284,128,284,412
ATOCHA,consulta externa,nuevas en personas de 15 a 59 anos,2007-08-01,844,1009,844,1009,1853
AUCAPATA,consulta externa,nuevas en personas de 15 a 59 anos,2007-08-01,117,138,117,138,255
AYATA,consulta externa,nuevas en personas de 15 a 59 anos,2007-08-01,136,175,136,175,311
AYO AYO,consulta externa,nuevas en personas de 15 a 59 anos,2007-08-01,61,98,61,98,159
AYOPAYA (V. DE INDEPENDENCIA),consulta externa,nuevas en personas de 15 a 59 anos,2007-08-01,226,512,226,512,738
AZURDUY,consulta externa,nuevas en personas de 15 a 59 anos,2007-08-01,283,773,283,773,1056
BATALLAS,consulta externa,nuevas en personas de 15 a 59 anos,2007-08-01,74,165,74,165,239
BAURES,consulta externa,nuevas en personas de 15 a 59 anos,2007-08-01,60,124,60,124,184
BELEN DE ANDAMARCA,consulta externa,nuevas en personas de 15 a 59 anos,2007-08-01,64,97,64,97,161
BELEN DE URMIRI,consulta externa,nuevas en personas de 15 a 59 anos,2007-08-01,75,86,75,86,161
BELLA FLOR,consulta externa,nuevas en personas de 15 a 59 anos,2007-08-01,182,92,182,92,274
BERMEJO,consulta externa,nuevas en personas de 15 a 59 anos,2007-08-01,1669,2857,1669,2857,4526
BETANZOS,consulta externa,nuevas en personas de 15 a 59 anos,2007-08-01,522,1183,522,1183,1705
BOLIVAR,consulta externa,nuevas en personas de 15 a 59 anos,2007-08-01,46,130,46,130,176
BOLPEBRA,consulta externa,nuevas en personas de 15 a 59 anos,2007-08-01,91,95,91,95,186
BOYUIBE,consulta externa,nuevas en personas de 15 a 59 anos,2007-08-01,75,147,75,147,222
BUENA VISTA,consulta externa,nuevas en personas de 15 a 59 anos,2007-08-01,185,242,185,242,427
CABEZAS,consulta externa,nuevas en personas de 15 a 59 anos,2007-08-01,314,662,314,662,976
CAIROMA,consulta externa,nuevas en personas de 15 a 59 anos,2007-08-01,179,259,179,259,438
"CAIZA ""D""",consulta externa,nuevas en personas de 15 a 59 anos,2007-08-01,249,302,249,302,551
CAJUATA,consulta externa,nuevas en personas de 15 a 59 anos,2007-08-01,144,217,144,217,361
CALACOTO,consulta externa,nuevas en personas de 15 a 59 anos,2007-08-01,85,110,85,110,195
CALAMARCA,consulta externa,nuevas en personas de 15 a 59 anos,2007-08-01,79,163,79,163,242
CAMARGO,consulta externa,nuevas en personas de 15 a 59 anos,2007-08-01,337,737,337,737,1074
CAMATAQUI (C. VILLA ABECIA),consulta externa,nuevas en personas de 15 a 59 anos,2007-08-01,77,223,77,223,300
CAMIRI,consulta externa,nuevas en personas de 15 a 59 anos,2007-08-01,913,1575,913,1575,2488
CAPINOTA,consulta externa,nuevas en personas de 15 a 59 anos,2007-08-01,205,323,205,323,528
CAQUIAVIRI,consulta externa,nuevas en personas de 15 a 59 anos,2007-08-01,88,156,88,156,244
CARACOLLO,consulta externa,nuevas en personas de 15 a 59 anos,2007-08-01,139,226,139,226,365
CARANAVI,consulta externa,nuevas en personas de 15 a 59 anos,2007-08-01,995,1623,995,1623,2618
CARANGAS,consulta externa,nuevas en personas de 15 a 59 anos,2007-08-01,3,6,3,6,9
CARAPARI,consulta externa,nuevas en personas de 15 a 59 anos,2007-08-01,265,476,265,476,741
CARIPUYO,consulta externa,nuevas en personas de 15 a 59 anos,2007-08-01,68,170,68,170,238
CARMEN RIVERO TORREZ,consulta externa,nuevas en personas de 15 a 59 anos,2007-08-01,40,83,40,83,123
CATACORA,consulta externa,nuevas en personas de 15 a 59 anos,2007-08-01,6,28,6,28,34
CHACARILLA,consulta externa,nuevas en personas de 15 a 59 anos,2007-08-01,24,23,24,23,47
CHALLAPATA,consulta externa,nuevas en personas de 15 a 59 anos,2007-08-01,301,486,301,486,787
CHAQUI,consulta externa,nuevas en personas de 15 a 59 anos,2007-08-01,89,178,89,178,267
CHARAGUA,consulta externa,nuevas en personas de 15 a 59 anos,2007-08-01,196,385,196,385,581
CHARAÑA,consulta externa,nuevas en personas de 15 a 59 anos,2007-08-01,57,58,57,58,115
CHAYANTA,consulta externa,nuevas en personas de 15 a 59 anos,2007-08-01,182,429,182,429,611
CHIMORE,consulta externa,nuevas en personas de 15 a 59 anos,2007-08-01,122,225,122,225,347
CHIPAYA,consulta externa,nuevas en personas de 15 a 59 anos,2007-08-01,16,20,16,20,36
CHOQUE COTA,consulta externa,nuevas en personas de 15 a 59 anos,2007-08-01,11,35,11,35,46
CHULUMANI (V. DE LA LIBERTAD),consulta externa,nuevas en personas de 15 a 59 anos,2007-08-01,232,318,232,318,550
CHUMA,consulta externa,nuevas en personas de 15 a 59 anos,2007-08-01,136,220,136,220,356
CLIZA,consulta externa,nuevas en personas de 15 a 59 anos,2007-08-01,72,90,72,90,162
COBIJA,consulta externa,nuevas en personas de 15 a 59 anos,2007-08-01,1069,2386,1069,2386,3455
COCHABAMBA,consulta externa,nuevas en personas de 15 a 59 anos,2007-08-01,12374,21822,12374,21822,34196
COIPASA,consulta externa,nuevas en personas de 15 a 59 anos,2007-08-01,10,13,10,13,23
COLCAPIRHUA,consulta externa,nuevas en personas de 15 a 59 anos,2007-08-01,337,756,337,756,1093
"COLCHA ""K""",consulta externa,nuevas en personas de 15 a 59 anos,2007-08-01,187,385,187,385,572
COLLANA,consulta externa,nuevas en personas de 15 a 59 anos,2007-08-01,39,40,39,40,79
COLOMI,consulta externa,nuevas en personas de 15 a 59 anos,2007-08-01,95,247,95,247,342
COLPA BELGICA,consulta externa,nuevas en personas de 15 a 59 anos,2007-08-01,118,214,118,214,332
COLQUECHACA,consulta externa,nuevas en personas de 15 a 59 anos,2007-08-01,446,767,446,767,1213
COLQUENCHA,consulta externa,nuevas en personas de 15 a 59 anos,2007-08-01,130,212,130,212,342
COLQUIRI,consulta externa,nuevas en personas de 15 a 59 anos,2007-08-01,261,410,261,410,671
COMANCHE,consulta externa,nuevas en personas de 15 a 59 anos,2007-08-01,37,84,37,84,121
COMARAPA,consulta externa,nuevas en personas de 15 a 59 anos,2007-08-01,205,439,205,439,644
COMBAYA,consulta externa,nuevas en personas de 15 a 59 anos,2007-08-01,14,14,14,14,28
CONCEPCION,consulta externa,nuevas en personas de 15 a 59 anos,2007-08-01,44,123,44,123,167
COPACABANA,consulta externa,nuevas en personas de 15 a 59 anos,2007-08-01,113,251,113,251,364
CORIPATA,consulta externa,nuevas en personas de 15 a 59 anos,2007-08-01,150,201,150,201,351
CORO CORO,consulta externa,nuevas en personas de 15 a 59 anos,2007-08-01,55,128,55,128,183
COROICO,consulta externa,nuevas en personas de 15 a 59 anos,2007-08-01,225,338,225,338,563
CORQUE,consulta externa,nuevas en personas de 15 a 59 anos,2007-08-01,85,135,85,135,220
COTAGAITA,consulta externa,nuevas en personas de 15 a 59 anos,2007-08-01,887,1393,887,1393,2280
COTOCA,consulta externa,nuevas en personas de 15 a 59 anos,2007-08-01,210,652,210,652,862
CUATRO CAÑADAS,consulta externa,nuevas en personas de 15 a 59 anos,2007-08-01,145,289,145,289,434
CUCHUMUELA (V. G. VILLARROEL),consulta externa,nuevas en personas de 15 a 59 anos,2007-08-01,14,31,14,31,45
CUEVO,consulta externa,nuevas en personas de 15 a 59 anos,2007-08-01,79,149,79,149,228
CULPINA,consulta externa,nuevas en personas de 15 a 59 anos,2007-08-01,344,711,344,711,1055
CURAHUARA DE CARANGAS,consulta externa,nuevas en personas de 15 a 59 anos,2007-08-01,86,135,86,135,221
CURVA,consulta externa,nuevas en personas de 15 a 59 anos,2007-08-01,28,56,28,56,84
DESAGUADERO,consulta externa,nuevas en personas de 15 a 59 anos,2007-08-01,30,52,30,52,82
EL ALTO,consulta externa,nuevas en personas de 15 a 59 anos,2007-08-01,7362,14906,7362,14906,22268
EL CHORO,consulta externa,nuevas en personas de 15 a 59 anos,2007-08-01,93,153,93,153,246
EL PUENTE(STC),consulta externa,nuevas en personas de 15 a 59 anos,2007-08-01,105,183,105,183,288
EL PUENTE(TJA),consulta externa,nuevas en personas de 15 a 59 anos,2007-08-01,259,617,259,617,876
EL TORNO,consulta externa,nuevas en personas de 15 a 59 anos,2007-08-01,854,1655,854,1655,2509
EL VILLAR,consulta externa,nuevas en personas de 15 a 59 anos,2007-08-01,141,340,141,340,481
ENTRE RIOS,consulta externa,nuevas en personas de 15 a 59 anos,2007-08-01,623,1002,623,1002,1625
ENTRE RIOS,consulta externa,nuevas en personas de 15 a 59 anos,2007-08-01,177,328,177,328,505
ESCARA,consulta externa,nuevas en personas de 15 a 59 anos,2007-08-01,4,5,4,5,9
EUCALIPTUS,consulta externa,nuevas en personas de 15 a 59 anos,2007-08-01,38,76,38,76,114
EUREKA (SANTOS MERCADO),consulta externa,nuevas en personas de 15 a 59 anos,2007-08-01,6,11,6,11,17
EXALTACION,consulta externa,nuevas en personas de 15 a 59 anos,2007-08-01,26,36,26,36,62
FERNANDEZ ALONSO,consulta externa,nuevas en personas de 15 a 59 anos,2007-08-01,170,375,170,375,545
FILADELFIA,consulta externa,nuevas en personas de 15 a 59 anos,2007-08-01,172,238,172,238,410
GENERAL SAAVEDRA,consulta externa,nuevas en personas de 15 a 59 anos,2007-08-01,222,399,222,399,621
GRAL. J.J. PEREZ (CHARAZANI),consulta externa,nuevas en personas de 15 a 59 anos,2007-08-01,113,200,113,200,313
GUANAY,consulta externa,nuevas en personas de 15 a 59 anos,2007-08-01,136,299,136,299,435
GUAQUI,consulta externa,nuevas en personas de 15 a 59 anos,2007-08-01,46,89,46,89,135
GUAYARAMERIN,consulta externa,nuevas en personas de 15 a 59 anos,2007-08-01,659,1569,659,1569,2228
GUTIERREZ,consulta externa,nuevas en personas de 15 a 59 anos,2007-08-01,230,432,230,432,662
HUACARETA,consulta externa,nuevas en personas de 15 a 59 anos,2007-08-01,326,591,326,591,917
HUACAYA (VILLA DE HUACAYA),consulta externa,nuevas en personas de 15 a 59 anos,2007-08-01,62,143,62,143,205
HUACHACALLA,consulta externa,nuevas en personas de 15 a 59 anos,2007-08-01,155,172,155,172,327
HUANUNI,consulta externa,nuevas en personas de 15 a 59 anos,2007-08-01,386,626,386,626,1012
HUARACAJE,consulta externa,nuevas en personas de 15 a 59 anos,2007-08-01,46,88,46,88,134
HUAYLLAMARCA,consulta externa,nuevas en personas de 15 a 59 anos,2007-08-01,37,67,37,67,104
ICHOCA,consulta externa,nuevas en personas de 15 a 59 anos,2007-08-01,61,90,61,90,151
ICLA,consulta externa,nuevas en personas de 15 a 59 anos,2007-08-01,169,356,169,356,525
INCAHUASI,consulta externa,nuevas en personas de 15 a 59 anos,2007-08-01,251,907,251,907,1158
INGAVI (HUMAITA),consulta externa,nuevas en personas de 15 a 59 anos,2007-08-01,14,20,14,20,34
INQUISIVI,consulta externa,nuevas en personas de 15 a 59 anos,2007-08-01,116,201,116,201,317
IRUPANA (VILLA DE LANZA),consulta externa,nuevas en personas de 15 a 59 anos,2007-08-01,213,368,213,368,581
IXIAMAS,consulta externa,nuevas en personas de 15 a 59 anos,2007-08-01,144,206,144,206,350
JESUS DE MACHACA,consulta externa,nuevas en personas de 15 a 59 anos,2007-08-01,97,353,97,353,450
LA ASUNTA,consulta externa,nuevas en personas de 15 a 59 anos,2007-08-01,295,504,295,504,799
LA GUARDIA,consulta externa,nuevas en personas de 15 a 59 anos,2007-08-01,293,731,293,731,1024
LA PAZ,consulta externa,nuevas en personas de 15 a 59 anos,2007-08-01,22406,41577,22406,41577,63983
LA RIVERA,consulta externa,nuevas en personas de 15 a 59 anos,2007-08-01,9,12,9,12,21
LAGUNILLAS,consulta externa,nuevas en personas de 15 a 59 anos,2007-08-01,159,222,159,222,381
LAJA,consulta externa,nuevas en personas de 15 a 59 anos,2007-08-01,63,130,63,130,193
LAS CARRERAS,consulta externa,nuevas en personas de 15 a 59 anos,2007-08-01,95,238,95,238,333
LICOMA PAMPA,consulta externa,nuevas en personas de 15 a 59 anos,2007-08-01,23,40,23,40,63
LLALLAGUA,consulta externa,nuevas en personas de 15 a 59 anos,2007-08-01,524,860,524,860,1384
LLICA,consulta externa,nuevas en personas de 15 a 59 anos,2007-08-01,114,176,114,176,290
LORETO,consulta externa,nuevas en personas de 15 a 59 anos,2007-08-01,10,39,10,39,49
LURIBAY,consulta externa,nuevas en personas de 15 a 59 anos,2007-08-01,155,235,155,235,390
MACHACAMARCA,consulta externa,nuevas en personas de 15 a 59 anos,2007-08-01,39,55,39,55,94
MACHARETI,consulta externa,nuevas en personas de 15 a 59 anos,2007-08-01,341,581,341,581,922
MAGDALENA,consulta externa,nuevas en personas de 15 a 59 anos,2007-08-01,149,325,149,325,474
MAIRANA,consulta externa,nuevas en personas de 15 a 59 anos,2007-08-01,405,975,405,975,1380
MALLA,consulta externa,nuevas en personas de 15 a 59 anos,2007-08-01,40,68,40,68,108
MAPIRI,consulta externa,nuevas en personas de 15 a 59 anos,2007-08-01,180,296,180,296,476
MECAPACA,consulta externa,nuevas en personas de 15 a 59 anos,2007-08-01,151,248,151,248,399
MINEROS,consulta externa,nuevas en personas de 15 a 59 anos,2007-08-01,136,369,136,369,505
MIZQUE,consulta externa,nuevas en personas de 15 a 59 anos,2007-08-01,87,250,87,250,337
MOCOMOCO,consulta externa,nuevas en personas de 15 a 59 anos,2007-08-01,267,343,267,343,610
MOJINETE,consulta externa,nuevas en personas de 15 a 59 anos,2007-08-01,24,47,24,47,71
MOJOCOYA,consulta externa,nuevas en personas de 15 a 59 anos,2007-08-01,118,352,118,352,470
MONTEAGUDO,consulta externa,nuevas en personas de 15 a 59 anos,2007-08-01,912,1558,912,1558,2470
MONTERO,consulta externa,nuevas en personas de 15 a 59 anos,2007-08-01,1245,2869,1245,2869,4114
MORO MORO,consulta externa,nuevas en personas de 15 a 59 anos,2007-08-01,55,114,55,114,169
MOROCHATA,consulta externa,nuevas en personas de 15 a 59 anos,2007-08-01,140,273,140,273,413
NACEBE (SANTA ROSA DEL ABUNA),consulta externa,nuevas en personas de 15 a 59 anos,2007-08-01,188,154,188,154,342
NAZACARA DE PACAJES,consulta externa,nuevas en personas de 15 a 59 anos,2007-08-01,10,6,10,6,16
NUEVO MANOA (NUEVA ESPERANZA),consulta externa,nuevas en personas de 15 a 59 anos,2007-08-01,50,58,50,58,108
OCURI,consulta externa,nuevas en personas de 15 a 59 anos,2007-08-01,210,553,210,553,763
OKINAWA,consulta externa,nuevas en personas de 15 a 59 anos,2007-08-01,233,450,233,450,683
OMEREQUE,consulta externa,nuevas en personas de 15 a 59 anos,2007-08-01,98,153,98,153,251
ORURO,consulta externa,nuevas en personas de 15 a 59 anos,2007-08-01,6927,11973,6927,11973,18900
PADCAYA,consulta externa,nuevas en personas de 15 a 59 anos,2007-08-01,624,1146,624,1146,1770
PADILLA,consulta externa,nuevas en personas de 15 a 59 anos,2007-08-01,407,812,407,812,1219
PAILON,consulta externa,nuevas en personas de 15 a 59 anos,2007-08-01,115,177,115,177,292
PALCA,consulta externa,nuevas en personas de 15 a 59 anos,2007-08-01,136,215,136,215,351
PALOS BLANCOS,consulta externa,nuevas en personas de 15 a 59 anos,2007-08-01,458,473,458,473,931
PAMPA AULLAGAS,consulta externa,nuevas en personas de 15 a 59 anos,2007-08-01,14,22,14,22,36
PAMPA GRANDE,consulta externa,nuevas en personas de 15 a 59 anos,2007-08-01,106,195,106,195,301
PAPEL PAMPA,consulta externa,nuevas en personas de 15 a 59 anos,2007-08-01,48,70,48,70,118
PASORAPA,consulta externa,nuevas en personas de 15 a 59 anos,2007-08-01,51,79,51,79,130
PATACAMAYA,consulta externa,nuevas en personas de 15 a 59 anos,2007-08-01,278,333,278,333,611
PAZÑA,consulta externa,nuevas en personas de 15 a 59 anos,2007-08-01,125,192,125,192,317
PELECHUCO,consulta externa,nuevas en personas de 15 a 59 anos,2007-08-01,115,103,115,103,218
POCOATA,consulta externa,nuevas en personas de 15 a 59 anos,2007-08-01,227,334,227,334,561
POCONA,consulta externa,nuevas en personas de 15 a 59 anos,2007-08-01,131,206,131,206,337
POJO (CBBA),consulta externa,nuevas en personas de 15 a 59 anos,2007-08-01,39,70,39,70,109
POOPO,consulta externa,nuevas en personas de 15 a 59 anos,2007-08-01,172,188,172,188,360
PORCO,consulta externa,nuevas en personas de 15 a 59 anos,2007-08-01,104,159,104,159,263
POROMA,consulta externa,nuevas en personas de 15 a 59 anos,2007-08-01,339,703,339,703,1042
PORONGO,consulta externa,nuevas en personas de 15 a 59 anos,2007-08-01,79,132,79,132,211
PORTACHUELO,consulta externa,nuevas en personas de 15 a 59 anos,2007-08-01,256,688,256,688,944
PORVENIR,consulta externa,nuevas en personas de 15 a 59 anos,2007-08-01,128,184,128,184,312
POSTRER VALLE,consulta externa,nuevas en personas de 15 a 59 anos,2007-08-01,28,71,28,71,99
POTOSI,consulta externa,nuevas en personas de 15 a 59 anos,2007-08-01,3772,7682,3772,7682,11454
PRESTO,consulta externa,nuevas en personas de 15 a 59 anos,2007-08-01,124,307,124,307,431
PUCARA,consulta externa,nuevas en personas de 15 a 59 anos,2007-08-01,42,103,42,103,145
PUCARANI,consulta externa,nuevas en personas de 15 a 59 anos,2007-08-01,151,299,151,299,450
PUERTO ACOSTA,consulta externa,nuevas en personas de 15 a 59 anos,2007-08-01,355,485,355,485,840
PUERTO CARABUCO,consulta externa,nuevas en personas de 15 a 59 anos,2007-08-01,178,222,178,222,400
PUERTO GONZALO MORENO,consulta externa,nuevas en personas de 15 a 59 anos,2007-08-01,98,220,98,220,318
PUERTO PEREZ,consulta externa,nuevas en personas de 15 a 59 anos,2007-08-01,56,76,56,76,132
PUERTO QUIJARRO,consulta externa,nuevas en personas de 15 a 59 anos,2007-08-01,472,498,472,498,970
PUERTO RICO,consulta externa,nuevas en personas de 15 a 59 anos,2007-08-01,195,263,195,263,458
PUERTO SILES,consulta externa,nuevas en personas de 15 a 59 anos,2007-08-01,9,5,9,5,14
PUERTO SUAREZ,consulta externa,nuevas en personas de 15 a 59 anos,2007-08-01,374,447,374,447,821
PUERTO VILLARROEL,consulta externa,nuevas en personas de 15 a 59 anos,2007-08-01,641,957,641,957,1598
PUNA,consulta externa,nuevas en personas de 15 a 59 anos,2007-08-01,527,950,527,950,1477
PUNATA,consulta externa,nuevas en personas de 15 a 59 anos,2007-08-01,309,723,309,723,1032
QUIABAYA,consulta externa,nuevas en personas de 15 a 59 anos,2007-08-01,19,51,19,51,70
QUILLACOLLO,consulta externa,nuevas en personas de 15 a 59 anos,2007-08-01,923,1766,923,1766,2689
QUIME,consulta externa,nuevas en personas de 15 a 59 anos,2007-08-01,322,148,322,148,470
QUIRUSILLAS,consulta externa,nuevas en personas de 15 a 59 anos,2007-08-01,39,75,39,75,114
RAVELO,consulta externa,nuevas en personas de 15 a 59 anos,2007-08-01,194,376,194,376,570
REYES,consulta externa,nuevas en personas de 15 a 59 anos,2007-08-01,99,165,99,165,264
RIBERALTA,consulta externa,nuevas en personas de 15 a 59 anos,2007-08-01,697,2129,697,2129,2826
ROBORE,consulta externa,nuevas en personas de 15 a 59 anos,2007-08-01,252,676,252,676,928
RURRENABAQUE,consulta externa,nuevas en personas de 15 a 59 anos,2007-08-01,183,356,183,356,539
SABAYA,consulta externa,nuevas en personas de 15 a 59 anos,2007-08-01,87,110,87,110,197
SACABA,consulta externa,nuevas en personas de 15 a 59 anos,2007-08-01,688,1803,688,1803,2491
SACABAMBA,consulta externa,nuevas en personas de 15 a 59 anos,2007-08-01,33,41,33,41,74
SACACA,consulta externa,nuevas en personas de 15 a 59 anos,2007-08-01,232,540,232,540,772
SAIPINA,consulta externa,nuevas en personas de 15 a 59 anos,2007-08-01,165,277,165,277,442
SALINAS DE GARCI MENDOZA,consulta externa,nuevas en personas de 15 a 59 anos,2007-08-01,196,262,196,262,458
SAMAIPATA,consulta externa,nuevas en personas de 15 a 59 anos,2007-08-01,116,196,116,196,312
SAN AGUSTIN,consulta externa,nuevas en personas de 15 a 59 anos,2007-08-01,35,103,35,103,138
SAN ANDRES,consulta externa,nuevas en personas de 15 a 59 anos,2007-08-01,78,153,78,153,231
SAN ANDRES DE MACHACA,consulta externa,nuevas en personas de 15 a 59 anos,2007-08-01,94,130,94,130,224
SAN ANTONIO DE ESMORUCO,consulta externa,nuevas en personas de 15 a 59 anos,2007-08-01,44,76,44,76,120
SAN ANTONIO DE LOMERIO,consulta externa,nuevas en personas de 15 a 59 anos,2007-08-01,64,82,64,82,146
SAN BENITO,consulta externa,nuevas en personas de 15 a 59 anos,2007-08-01,56,161,56,161,217
SAN BORJA,consulta externa,nuevas en personas de 15 a 59 anos,2007-08-01,416,1133,416,1133,1549
SAN BUENA VENTURA,consulta externa,nuevas en personas de 15 a 59 anos,2007-08-01,133,135,133,135,268
SAN CARLOS,consulta externa,nuevas en personas de 15 a 59 anos,2007-08-01,180,579,180,579,759
SAN IGNACIO,consulta externa,nuevas en personas de 15 a 59 anos,2007-08-01,303,660,303,660,963
SAN IGNACIO DE VELASCO,consulta externa,nuevas en personas de 15 a 59 anos,2007-08-01,823,1454,823,1454,2277
SAN JAVIER(BNI),consulta externa,nuevas en personas de 15 a 59 anos,2007-08-01,36,65,36,65,101
SAN JAVIER(STC),consulta externa,nuevas en personas de 15 a 59 anos,2007-08-01,150,266,150,266,416
SAN JOAQUIN,consulta externa,nuevas en personas de 15 a 59 anos,2007-08-01,176,283,176,283,459
SAN JOSE DE CHIQUITOS,consulta externa,nuevas en personas de 15 a 59 anos,2007-08-01,240,427,240,427,667
SAN JUAN DE YAPACANI,consulta externa,nuevas en personas de 15 a 59 anos,2007-08-01,202,420,202,420,622
SAN JULIAN,consulta externa,nuevas en personas de 15 a 59 anos,2007-08-01,839,1166,839,1166,2005
SAN LORENZO(PND),consulta externa,nuevas en personas de 15 a 59 anos,2007-08-01,117,160,117,160,277
SAN LORENZO(TJA),consulta externa,nuevas en personas de 15 a 59 anos,2007-08-01,420,980,420,980,1400
SAN LUCAS,consulta externa,nuevas en personas de 15 a 59 anos,2007-08-01,793,1794,793,1794,2587
SAN MATIAS,consulta externa,nuevas en personas de 15 a 59 anos,2007-08-01,116,199,116,199,315
SAN MIGUEL DE VELASCO,consulta externa,nuevas en personas de 15 a 59 anos,2007-08-01,89,210,89,210,299
SAN PABLO DE LIPEZ,consulta externa,nuevas en personas de 15 a 59 anos,2007-08-01,77,152,77,152,229
SAN PEDRO,consulta externa,nuevas en personas de 15 a 59 anos,2007-08-01,319,527,319,527,846
SAN PEDRO DE BUENA VISTA,consulta externa,nuevas en personas de 15 a 59 anos,2007-08-01,283,530,283,530,813
SAN PEDRO DE CURAHUARA,consulta externa,nuevas en personas de 15 a 59 anos,2007-08-01,95,150,95,150,245
SAN PEDRO DE QUEMES,consulta externa,nuevas en personas de 15 a 59 anos,2007-08-01,17,15,17,15,32
SAN PEDRO DE TIQUINA,consulta externa,nuevas en personas de 15 a 59 anos,2007-08-01,40,63,40,63,103
SAN PEDRO(PND),consulta externa,nuevas en personas de 15 a 59 anos,2007-08-01,47,57,47,57,104
SAN RAFAEL,consulta externa,nuevas en personas de 15 a 59 anos,2007-08-01,100,128,100,128,228
SAN RAMON,consulta externa,nuevas en personas de 15 a 59 anos,2007-08-01,156,273,156,273,429
SAN RAMON,consulta externa,nuevas en personas de 15 a 59 anos,2007-08-01,89,268,89,268,357
SANTA ANA,consulta externa,nuevas en personas de 15 a 59 anos,2007-08-01,140,389,140,389,529
SANTA CRUZ DE LA SIERRA,consulta externa,nuevas en personas de 15 a 59 anos,2007-08-01,20286,43440,20286,43440,63726
SANTA ROSA,consulta externa,nuevas en personas de 15 a 59 anos,2007-08-01,95,214,95,214,309
SANTA ROSA DEL SARA,consulta externa,nuevas en personas de 15 a 59 anos,2007-08-01,195,332,195,332,527
SANTIAGO DE CALLAPA,consulta externa,nuevas en personas de 15 a 59 anos,2007-08-01,29,63,29,63,92
SANTIAGO DE HUARI,consulta externa,nuevas en personas de 15 a 59 anos,2007-08-01,111,178,111,178,289
SANTIAGO DE MACHACA,consulta externa,nuevas en personas de 15 a 59 anos,2007-08-01,13,39,13,39,52
SANTIVAÑES,consulta externa,nuevas en personas de 15 a 59 anos,2007-08-01,43,91,43,91,134
SANTUARIO DE QUILLACAS,consulta externa,nuevas en personas de 15 a 59 anos,2007-08-01,35,48,35,48,83
SAPAHAQUI,consulta externa,nuevas en personas de 15 a 59 anos,2007-08-01,104,133,104,133,237
SENA,consulta externa,nuevas en personas de 15 a 59 anos,2007-08-01,38,49,38,49,87
SICA SICA (VILLA AROMA),consulta externa,nuevas en personas de 15 a 59 anos,2007-08-01,111,185,111,185,296
SICAYA,consulta externa,nuevas en personas de 15 a 59 anos,2007-08-01,10,19,10,19,29
SIPE SIPE,consulta externa,nuevas en personas de 15 a 59 anos,2007-08-01,87,349,87,349,436
SOPACHUY,consulta externa,nuevas en personas de 15 a 59 anos,2007-08-01,179,385,179,385,564
SORACACHI,consulta externa,nuevas en personas de 15 a 59 anos,2007-08-01,105,217,105,217,322
SORATA,consulta externa,nuevas en personas de 15 a 59 anos,2007-08-01,186,274,186,274,460
SUCRE,consulta externa,nuevas en personas de 15 a 59 anos,2007-08-01,8796,17526,8796,17526,26322
TACACHI,consulta externa,nuevas en personas de 15 a 59 anos,2007-08-01,12,31,12,31,43
TACACOMA,consulta externa,nuevas en personas de 15 a 59 anos,2007-08-01,71,82,71,82,153
TACOBAMBA,consulta externa,nuevas en personas de 15 a 59 anos,2007-08-01,165,232,165,232,397
TACOPAYA,consulta externa,nuevas en personas de 15 a 59 anos,2007-08-01,71,162,71,162,233
TAHUA,consulta externa,nuevas en personas de 15 a 59 anos,2007-08-01,18,57,18,57,75
TAPACARI,consulta externa,nuevas en personas de 15 a 59 anos,2007-08-01,153,451,153,451,604
TARABUCO,consulta externa,nuevas en personas de 15 a 59 anos,2007-08-01,245,541,245,541,786
TARACO,consulta externa,nuevas en personas de 15 a 59 anos,2007-08-01,38,60,38,60,98
TARATA,consulta externa,nuevas en personas de 15 a 59 anos,2007-08-01,63,111,63,111,174
TARIJA,consulta externa,nuevas en personas de 15 a 59 anos,2007-08-01,6249,10180,6249,10180,16429
TARVITA,consulta externa,nuevas en personas de 15 a 59 anos,2007-08-01,314,805,314,805,1119
TEOPONTE,consulta externa,nuevas en personas de 15 a 59 anos,2007-08-01,77,103,77,103,180
TIAWANACU,consulta externa,nuevas en personas de 15 a 59 anos,2007-08-01,92,145,92,145,237
TINGUIPAYA,consulta externa,nuevas en personas de 15 a 59 anos,2007-08-01,155,485,155,485,640
TIPUANI,consulta externa,nuevas en personas de 15 a 59 anos,2007-08-01,92,137,92,137,229
TIQUIPAYA,consulta externa,nuevas en personas de 15 a 59 anos,2007-08-01,148,964,148,964,1112
TIRAQUE (CBBA),consulta externa,nuevas en personas de 15 a 59 anos,2007-08-01,263,517,263,517,780
TITO YUPANQUI (PARQUIPUJIO),consulta externa,nuevas en personas de 15 a 59 anos,2007-08-01,25,72,25,72,97
TOCO,consulta externa,nuevas en personas de 15 a 59 anos,2007-08-01,34,75,34,75,109
TODOS SANTOS,consulta externa,nuevas en personas de 15 a 59 anos,2007-08-01,9,16,9,16,25
TOLATA,consulta externa,nuevas en personas de 15 a 59 anos,2007-08-01,18,75,18,75,93
TOLEDO,consulta externa,nuevas en personas de 15 a 59 anos,2007-08-01,173,234,173,234,407
TOMAVE,consulta externa,nuevas en personas de 15 a 59 anos,2007-08-01,218,370,218,370,588
TOMINA,consulta externa,nuevas en personas de 15 a 59 anos,2007-08-01,185,417,185,417,602
TORO TORO,consulta externa,nuevas en personas de 15 a 59 anos,2007-08-01,188,372,188,372,560
TOTORA(CBBA),consulta externa,nuevas en personas de 15 a 59 anos,2007-08-01,71,133,71,133,204
TOTORA(ORR),consulta externa,nuevas en personas de 15 a 59 anos,2007-08-01,51,94,51,94,145
TRIGAL,consulta externa,nuevas en personas de 15 a 59 anos,2007-08-01,60,81,60,81,141
TRINIDAD,consulta externa,nuevas en personas de 15 a 59 anos,2007-08-01,1611,3322,1611,3322,4933
TUPIZA,consulta externa,nuevas en personas de 15 a 59 anos,2007-08-01,1405,2670,1405,2670,4075
TURCO,consulta externa,nuevas en personas de 15 a 59 anos,2007-08-01,71,120,71,120,191
UMALA,consulta externa,nuevas en personas de 15 a 59 anos,2007-08-01,14,27,14,27,41
UNCIA,consulta externa,nuevas en personas de 15 a 59 anos,2007-08-01,236,648,236,648,884
URIONDO (A. CONCEPCION),consulta externa,nuevas en personas de 15 a 59 anos,2007-08-01,327,842,327,842,1169
URUBICHA,consulta externa,nuevas en personas de 15 a 59 anos,2007-08-01,66,108,66,108,174
UYUNI,consulta externa,nuevas en personas de 15 a 59 anos,2007-08-01,474,997,474,997,1471
VACAS,consulta externa,nuevas en personas de 15 a 59 anos,2007-08-01,85,238,85,238,323
VALLEGRANDE,consulta externa,nuevas en personas de 15 a 59 anos,2007-08-01,640,1165,640,1165,1805
VIACHA,consulta externa,nuevas en personas de 15 a 59 anos,2007-08-01,864,1044,864,1044,1908
VILA VILA,consulta externa,nuevas en personas de 15 a 59 anos,2007-08-01,37,76,37,76,113
VILLA MONTES,consulta externa,nuevas en personas de 15 a 59 anos,2007-08-01,821,1117,821,1117,1938
VILLA NUEVA (LOMA ALTA),consulta externa,nuevas en personas de 15 a 59 anos,2007-08-01,20,15,20,15,35
VILLA RIVERO,consulta externa,nuevas en personas de 15 a 59 anos,2007-08-01,26,84,26,84,110
VILLA SERRANO,consulta externa,nuevas en personas de 15 a 59 anos,2007-08-01,228,440,228,440,668
VILLA TUNARI,consulta externa,nuevas en personas de 15 a 59 anos,2007-08-01,685,1203,685,1203,1888
VILLA VACA GUZMAN (MUYUPAMPA),consulta externa,nuevas en personas de 15 a 59 anos,2007-08-01,250,486,250,486,736
VILLAZON,consulta externa,nuevas en personas de 15 a 59 anos,2007-08-01,724,1664,724,1664,2388
VINTO,consulta externa,nuevas en personas de 15 a 59 anos,2007-08-01,181,301,181,301,482
VITICHI,consulta externa,nuevas en personas de 15 a 59 anos,2007-08-01,193,340,193,340,533
WALDO BALLIVIAN,consulta externa,nuevas en personas de 15 a 59 anos,2007-08-01,6,31,6,31,37
WARNES,consulta externa,nuevas en personas de 15 a 59 anos,2007-08-01,493,831,493,831,1324
YACO,consulta externa,nuevas en personas de 15 a 59 anos,2007-08-01,79,135,79,135,214
YACUIBA,consulta externa,nuevas en personas de 15 a 59 anos,2007-08-01,1927,3408,1927,3408,5335
YAMPARAEZ,consulta externa,nuevas en personas de 15 a 59 anos,2007-08-01,125,209,125,209,334
YANACACHI,consulta externa,nuevas en personas de 15 a 59 anos,2007-08-01,215,220,215,220,435
YAPACANI,consulta externa,nuevas en personas de 15 a 59 anos,2007-08-01,748,1095,748,1095,1843
YOCALLA,consulta externa,nuevas en personas de 15 a 59 anos,2007-08-01,130,206,130,206,336
YOTALA,consulta externa,nuevas en personas de 15 a 59 anos,2007-08-01,175,260,175,260,435
YUNCHARA,consulta externa,nuevas en personas de 15 a 59 anos,2007-08-01,151,303,151,303,454
ZUDAÑEZ,consulta externa,nuevas en personas de 15 a 59 anos,2007-08-01,185,474,185,474,659
ACACIO,consulta externa,nuevas en personas de 15 a 59 anos,2007-09-01,165,205,165,205,370
ACHACACHI,consulta externa,nuevas en personas de 15 a 59 anos,2007-09-01,329,735,329,735,1064
ACHOCALLA,consulta externa,nuevas en personas de 15 a 59 anos,2007-09-01,42,82,42,82,124
AIQUILE,consulta externa,nuevas en personas de 15 a 59 anos,2007-09-01,257,799,257,799,1056
ALALAY,consulta externa,nuevas en personas de 15 a 59 anos,2007-09-01,30,57,30,57,87
ALCALA,consulta externa,nuevas en personas de 15 a 59 anos,2007-09-01,62,316,62,316,378
ANCORAIMES,consulta externa,nuevas en personas de 15 a 59 anos,2007-09-01,116,186,116,186,302
ANDAMARCA,consulta externa,nuevas en personas de 15 a 59 anos,2007-09-01,61,77,61,77,138
ANTEQUERA,consulta externa,nuevas en personas de 15 a 59 anos,2007-09-01,14,12,14,12,26
ANZALDO,consulta externa,nuevas en personas de 15 a 59 anos,2007-09-01,46,86,46,86,132
APOLO,consulta externa,nuevas en personas de 15 a 59 anos,2007-09-01,155,316,155,316,471
ARAMPAMPA,consulta externa,nuevas en personas de 15 a 59 anos,2007-09-01,51,137,51,137,188
ARANI,consulta externa,nuevas en personas de 15 a 59 anos,2007-09-01,35,61,35,61,96
ARBIETO,consulta externa,nuevas en personas de 15 a 59 anos,2007-09-01,35,145,35,145,180
ARQUE,consulta externa,nuevas en personas de 15 a 59 anos,2007-09-01,76,152,76,152,228
ASCENCION DE GUARAYOS,consulta externa,nuevas en personas de 15 a 59 anos,2007-09-01,211,353,211,353,564
ATOCHA,consulta externa,nuevas en personas de 15 a 59 anos,2007-09-01,900,932,900,932,1832
AUCAPATA,consulta externa,nuevas en personas de 15 a 59 anos,2007-09-01,88,128,88,128,216
AYATA,consulta externa,nuevas en personas de 15 a 59 anos,2007-09-01,112,169,112,169,281
AYO AYO,consulta externa,nuevas en personas de 15 a 59 anos,2007-09-01,59,129,59,129,188
AYOPAYA (V. DE INDEPENDENCIA),consulta externa,nuevas en personas de 15 a 59 anos,2007-09-01,228,465,228,465,693
AZURDUY,consulta externa,nuevas en personas de 15 a 59 anos,2007-09-01,282,564,282,564,846
BATALLAS,consulta externa,nuevas en personas de 15 a 59 anos,2007-09-01,91,199,91,199,290
BAURES,consulta externa,nuevas en personas de 15 a 59 anos,2007-09-01,92,180,92,180,272
BELEN DE ANDAMARCA,consulta externa,nuevas en personas de 15 a 59 anos,2007-09-01,55,38,55,38,93
BELEN DE URMIRI,consulta externa,nuevas en personas de 15 a 59 anos,2007-09-01,35,74,35,74,109
BELLA FLOR,consulta externa,nuevas en personas de 15 a 59 anos,2007-09-01,64,60,64,60,124
BERMEJO,consulta externa,nuevas en personas de 15 a 59 anos,2007-09-01,1727,2980,1727,2980,4707
BETANZOS,consulta externa,nuevas en personas de 15 a 59 anos,2007-09-01,470,1039,470,1039,1509
BOLIVAR,consulta externa,nuevas en personas de 15 a 59 anos,2007-09-01,52,102,52,102,154
BOLPEBRA,consulta externa,nuevas en personas de 15 a 59 anos,2007-09-01,37,72,37,72,109
BOYUIBE,consulta externa,nuevas en personas de 15 a 59 anos,2007-09-01,76,132,76,132,208
BUENA VISTA,consulta externa,nuevas en personas de 15 a 59 anos,2007-09-01,169,260,169,260,429
CABEZAS,consulta externa,nuevas en personas de 15 a 59 anos,2007-09-01,329,585,329,585,914
CAIROMA,consulta externa,nuevas en personas de 15 a 59 anos,2007-09-01,165,212,165,212,377
"CAIZA ""D""",consulta externa,nuevas en personas de 15 a 59 anos,2007-09-01,213,224,213,224,437
CAJUATA,consulta externa,nuevas en personas de 15 a 59 anos,2007-09-01,141,194,141,194,335
CALACOTO,consulta externa,nuevas en personas de 15 a 59 anos,2007-09-01,133,253,133,253,386
CALAMARCA,consulta externa,nuevas en personas de 15 a 59 anos,2007-09-01,77,158,77,158,235
CAMARGO,consulta externa,nuevas en personas de 15 a 59 anos,2007-09-01,460,1048,460,1048,1508
CAMATAQUI (C. VILLA ABECIA),consulta externa,nuevas en personas de 15 a 59 anos,2007-09-01,112,230,112,230,342
CAMIRI,consulta externa,nuevas en personas de 15 a 59 anos,2007-09-01,897,1982,897,1982,2879
CAPINOTA,consulta externa,nuevas en personas de 15 a 59 anos,2007-09-01,426,525,426,525,951
CAQUIAVIRI,consulta externa,nuevas en personas de 15 a 59 anos,2007-09-01,82,115,82,115,197
CARACOLLO,consulta externa,nuevas en personas de 15 a 59 anos,2007-09-01,137,212,137,212,349
CARANAVI,consulta externa,nuevas en personas de 15 a 59 anos,2007-09-01,806,1212,806,1212,2018
CARANGAS,consulta externa,nuevas en personas de 15 a 59 anos,2007-09-01,0,4,0,4,4
CARAPARI,consulta externa,nuevas en personas de 15 a 59 anos,2007-09-01,453,638,453,638,1091
CARIPUYO,consulta externa,nuevas en personas de 15 a 59 anos,2007-09-01,100,176,100,176,276
CARMEN RIVERO TORREZ,consulta externa,nuevas en personas de 15 a 59 anos,2007-09-01,33,85,33,85,118
CATACORA,consulta externa,nuevas en personas de 15 a 59 anos,2007-09-01,11,36,11,36,47
CHACARILLA,consulta externa,nuevas en personas de 15 a 59 anos,2007-09-01,14,25,14,25,39
CHALLAPATA,consulta externa,nuevas en personas de 15 a 59 anos,2007-09-01,282,600,282,600,882
CHAQUI,consulta externa,nuevas en personas de 15 a 59 anos,2007-09-01,67,155,67,155,222
CHARAGUA,consulta externa,nuevas en personas de 15 a 59 anos,2007-09-01,258,475,258,475,733
CHARAÑA,consulta externa,nuevas en personas de 15 a 59 anos,2007-09-01,77,83,77,83,160
CHAYANTA,consulta externa,nuevas en personas de 15 a 59 anos,2007-09-01,184,347,184,347,531
CHIMORE,consulta externa,nuevas en personas de 15 a 59 anos,2007-09-01,160,227,160,227,387
CHIPAYA,consulta externa,nuevas en personas de 15 a 59 anos,2007-09-01,11,28,11,28,39
CHOQUE COTA,consulta externa,nuevas en personas de 15 a 59 anos,2007-09-01,13,26,13,26,39
CHULUMANI (V. DE LA LIBERTAD),consulta externa,nuevas en personas de 15 a 59 anos,2007-09-01,228,283,228,283,511
CHUMA,consulta externa,nuevas en personas de 15 a 59 anos,2007-09-01,136,224,136,224,360
CLIZA,consulta externa,nuevas en personas de 15 a 59 anos,2007-09-01,92,125,92,125,217
COBIJA,consulta externa,nuevas en personas de 15 a 59 anos,2007-09-01,961,2056,961,2056,3017
COCHABAMBA,consulta externa,nuevas en personas de 15 a 59 anos,2007-09-01,11346,22105,11346,22105,33451
COIPASA,consulta externa,nuevas en personas de 15 a 59 anos,2007-09-01,14,24,14,24,38
COLCAPIRHUA,consulta externa,nuevas en personas de 15 a 59 anos,2007-09-01,363,800,363,800,1163
"COLCHA ""K""",consulta externa,nuevas en personas de 15 a 59 anos,2007-09-01,145,351,145,351,496
COLLANA,consulta externa,nuevas en personas de 15 a 59 anos,2007-09-01,22,28,22,28,50
COLOMI,consulta externa,nuevas en personas de 15 a 59 anos,2007-09-01,88,230,88,230,318
COLPA BELGICA,consulta externa,nuevas en personas de 15 a 59 anos,2007-09-01,202,237,202,237,439
COLQUECHACA,consulta externa,nuevas en personas de 15 a 59 anos,2007-09-01,377,633,377,633,1010
COLQUENCHA,consulta externa,nuevas en personas de 15 a 59 anos,2007-09-01,113,153,113,153,266
COLQUIRI,consulta externa,nuevas en personas de 15 a 59 anos,2007-09-01,258,391,258,391,649
COMANCHE,consulta externa,nuevas en personas de 15 a 59 anos,2007-09-01,54,64,54,64,118
COMARAPA,consulta externa,nuevas en personas de 15 a 59 anos,2007-09-01,299,666,299,666,965
COMBAYA,consulta externa,nuevas en personas de 15 a 59 anos,2007-09-01,12,28,12,28,40
CONCEPCION,consulta externa,nuevas en personas de 15 a 59 anos,2007-09-01,55,62,55,62,117
COPACABANA,consulta externa,nuevas en personas de 15 a 59 anos,2007-09-01,58,208,58,208,266
CORIPATA,consulta externa,nuevas en personas de 15 a 59 anos,2007-09-01,94,204,94,204,298
CORO CORO,consulta externa,nuevas en personas de 15 a 59 anos,2007-09-01,37,65,37,65,102
COROICO,consulta externa,nuevas en personas de 15 a 59 anos,2007-09-01,230,334,230,334,564
CORQUE,consulta externa,nuevas en personas de 15 a 59 anos,2007-09-01,99,172,99,172,271
COTAGAITA,consulta externa,nuevas en personas de 15 a 59 anos,2007-09-01,790,1166,790,1166,1956
COTOCA,consulta externa,nuevas en personas de 15 a 59 anos,2007-09-01,287,631,287,631,918
CUATRO CAÑADAS,consulta externa,nuevas en personas de 15 a 59 anos,2007-09-01,554,634,554,634,1188
CUCHUMUELA (V. G. VILLARROEL),consulta externa,nuevas en personas de 15 a 59 anos,2007-09-01,26,23,26,23,49
CUEVO,consulta externa,nuevas en personas de 15 a 59 anos,2007-09-01,58,107,58,107,165
CULPINA,consulta externa,nuevas en personas de 15 a 59 anos,2007-09-01,337,743,337,743,1080
CURAHUARA DE CARANGAS,consulta externa,nuevas en personas de 15 a 59 anos,2007-09-01,80,191,80,191,271
CURVA,consulta externa,nuevas en personas de 15 a 59 anos,2007-09-01,31,72,31,72,103
DESAGUADERO,consulta externa,nuevas en personas de 15 a 59 anos,2007-09-01,48,54,48,54,102
EL ALTO,consulta externa,nuevas en personas de 15 a 59 anos,2007-09-01,6949,13801,6949,13801,20750
EL CHORO,consulta externa,nuevas en personas de 15 a 59 anos,2007-09-01,59,80,59,80,139
EL PUENTE(STC),consulta externa,nuevas en personas de 15 a 59 anos,2007-09-01,157,247,157,247,404
EL PUENTE(TJA),consulta externa,nuevas en personas de 15 a 59 anos,2007-09-01,273,630,273,630,903
EL TORNO,consulta externa,nuevas en personas de 15 a 59 anos,2007-09-01,944,1505,944,1505,2449
EL VILLAR,consulta externa,nuevas en personas de 15 a 59 anos,2007-09-01,118,187,118,187,305
ENTRE RIOS,consulta externa,nuevas en personas de 15 a 59 anos,2007-09-01,718,1141,718,1141,1859
ENTRE RIOS,consulta externa,nuevas en personas de 15 a 59 anos,2007-09-01,247,285,247,285,532
ESCARA,consulta externa,nuevas en personas de 15 a 59 anos,2007-09-01,13,8,13,8,21
ESMERALDA,consulta externa,nuevas en personas de 15 a 59 anos,2007-09-01,1,10,1,10,11
EUCALIPTUS,consulta externa,nuevas en personas de 15 a 59 anos,2007-09-01,38,84,38,84,122
EUREKA (SANTOS MERCADO),consulta externa,nuevas en personas de 15 a 59 anos,2007-09-01,55,82,55,82,137
EXALTACION,consulta externa,nuevas en personas de 15 a 59 anos,2007-09-01,9,28,9,28,37
FERNANDEZ ALONSO,consulta externa,nuevas en personas de 15 a 59 anos,2007-09-01,99,392,99,392,491
FILADELFIA,consulta externa,nuevas en personas de 15 a 59 anos,2007-09-01,86,120,86,120,206
GENERAL SAAVEDRA,consulta externa,nuevas en personas de 15 a 59 anos,2007-09-01,192,284,192,284,476
GRAL. J.J. PEREZ (CHARAZANI),consulta externa,nuevas en personas de 15 a 59 anos,2007-09-01,126,222,126,222,348
GUANAY,consulta externa,nuevas en personas de 15 a 59 anos,2007-09-01,95,281,95,281,376
GUAQUI,consulta externa,nuevas en personas de 15 a 59 anos,2007-09-01,36,63,36,63,99
GUAYARAMERIN,consulta externa,nuevas en personas de 15 a 59 anos,2007-09-01,683,1740,683,1740,2423
GUTIERREZ,consulta externa,nuevas en personas de 15 a 59 anos,2007-09-01,184,355,184,355,539
HUACARETA,consulta externa,nuevas en personas de 15 a 59 anos,2007-09-01,266,476,266,476,742
HUACAYA (VILLA DE HUACAYA),consulta externa,nuevas en personas de 15 a 59 anos,2007-09-01,50,175,50,175,225
HUACHACALLA,consulta externa,nuevas en personas de 15 a 59 anos,2007-09-01,66,78,66,78,144
HUANUNI,consulta externa,nuevas en personas de 15 a 59 anos,2007-09-01,437,742,437,742,1179
HUARACAJE,consulta externa,nuevas en personas de 15 a 59 anos,2007-09-01,23,70,23,70,93
HUAYLLAMARCA,consulta externa,nuevas en personas de 15 a 59 anos,2007-09-01,37,54,37,54,91
ICHOCA,consulta externa,nuevas en personas de 15 a 59 anos,2007-09-01,41,78,41,78,119
ICLA,consulta externa,nuevas en personas de 15 a 59 anos,2007-09-01,112,271,112,271,383
INCAHUASI,consulta externa,nuevas en personas de 15 a 59 anos,2007-09-01,242,839,242,839,1081
INGAVI (HUMAITA),consulta externa,nuevas en personas de 15 a 59 anos,2007-09-01,15,15,15,15,30
INQUISIVI,consulta externa,nuevas en personas de 15 a 59 anos,2007-09-01,126,250,126,250,376
IRUPANA (VILLA DE LANZA),consulta externa,nuevas en personas de 15 a 59 anos,2007-09-01,202,358,202,358,560
IXIAMAS,consulta externa,nuevas en personas de 15 a 59 anos,2007-09-01,114,226,114,226,340
JESUS DE MACHACA,consulta externa,nuevas en personas de 15 a 59 anos,2007-09-01,133,381,133,381,514
LA ASUNTA,consulta externa,nuevas en personas de 15 a 59 anos,2007-09-01,336,482,336,482,818
LA GUARDIA,consulta externa,nuevas en personas de 15 a 59 anos,2007-09-01,274,712,274,712,986
LA PAZ,consulta externa,nuevas en personas de 15 a 59 anos,2007-09-01,19587,36061,19587,36061,55648
LA RIVERA,consulta externa,nuevas en personas de 15 a 59 anos,2007-09-01,7,9,7,9,16
LAGUNILLAS,consulta externa,nuevas en personas de 15 a 59 anos,2007-09-01,189,196,189,196,385
LAJA,consulta externa,nuevas en personas de 15 a 59 anos,2007-09-01,79,164,79,164,243
LAS CARRERAS,consulta externa,nuevas en personas de 15 a 59 anos,2007-09-01,57,191,57,191,248
LICOMA PAMPA,consulta externa,nuevas en personas de 15 a 59 anos,2007-09-01,34,53,34,53,87
LLALLAGUA,consulta externa,nuevas en personas de 15 a 59 anos,2007-09-01,502,979,502,979,1481
LLICA,consulta externa,nuevas en personas de 15 a 59 anos,2007-09-01,124,192,124,192,316
LORETO,consulta externa,nuevas en personas de 15 a 59 anos,2007-09-01,30,55,30,55,85
LURIBAY,consulta externa,nuevas en personas de 15 a 59 anos,2007-09-01,164,264,164,264,428
MACHACAMARCA,consulta externa,nuevas en personas de 15 a 59 anos,2007-09-01,72,100,72,100,172
MACHARETI,consulta externa,nuevas en personas de 15 a 59 anos,2007-09-01,217,512,217,512,729
MAGDALENA,consulta externa,nuevas en personas de 15 a 59 anos,2007-09-01,132,340,132,340,472
MAIRANA,consulta externa,nuevas en personas de 15 a 59 anos,2007-09-01,123,260,123,260,383
MALLA,consulta externa,nuevas en personas de 15 a 59 anos,2007-09-01,38,60,38,60,98
MAPIRI,consulta externa,nuevas en personas de 15 a 59 anos,2007-09-01,194,290,194,290,484
MECAPACA,consulta externa,nuevas en personas de 15 a 59 anos,2007-09-01,114,215,114,215,329
MINEROS,consulta externa,nuevas en personas de 15 a 59 anos,2007-09-01,143,361,143,361,504
MIZQUE,consulta externa,nuevas en personas de 15 a 59 anos,2007-09-01,101,215,101,215,316
MOCOMOCO,consulta externa,nuevas en personas de 15 a 59 anos,2007-09-01,210,329,210,329,539
MOJINETE,consulta externa,nuevas en personas de 15 a 59 anos,2007-09-01,20,29,20,29,49
MOJOCOYA,consulta externa,nuevas en personas de 15 a 59 anos,2007-09-01,82,209,82,209,291
MONTEAGUDO,consulta externa,nuevas en personas de 15 a 59 anos,2007-09-01,1146,1618,1146,1618,2764
MONTERO,consulta externa,nuevas en personas de 15 a 59 anos,2007-09-01,1241,2622,1241,2622,3863
MORO MORO,consulta externa,nuevas en personas de 15 a 59 anos,2007-09-01,36,76,36,76,112
MOROCHATA,consulta externa,nuevas en personas de 15 a 59 anos,2007-09-01,116,322,116,322,438
NACEBE (SANTA ROSA DEL ABUNA),consulta externa,nuevas en personas de 15 a 59 anos,2007-09-01,283,243,283,243,526
NAZACARA DE PACAJES,consulta externa,nuevas en personas de 15 a 59 anos,2007-09-01,4,3,4,3,7
NUEVO MANOA (NUEVA ESPERANZA),consulta externa,nuevas en personas de 15 a 59 anos,2007-09-01,148,117,148,117,265
OCURI,consulta externa,nuevas en personas de 15 a 59 anos,2007-09-01,187,476,187,476,663
OKINAWA,consulta externa,nuevas en personas de 15 a 59 anos,2007-09-01,281,531,281,531,812
OMEREQUE,consulta externa,nuevas en personas de 15 a 59 anos,2007-09-01,93,149,93,149,242
ORURO,consulta externa,nuevas en personas de 15 a 59 anos,2007-09-01,7107,11516,7107,11516,18623
PADCAYA,consulta externa,nuevas en personas de 15 a 59 anos,2007-09-01,779,1365,779,1365,2144
PADILLA,consulta externa,nuevas en personas de 15 a 59 anos,2007-09-01,398,864,398,864,1262
PAILON,consulta externa,nuevas en personas de 15 a 59 anos,2007-09-01,168,225,168,225,393
PALCA,consulta externa,nuevas en personas de 15 a 59 anos,2007-09-01,113,181,113,181,294
PALOS BLANCOS,consulta externa,nuevas en personas de 15 a 59 anos,2007-09-01,315,488,315,488,803
PAMPA AULLAGAS,consulta externa,nuevas en personas de 15 a 59 anos,2007-09-01,19,31,19,31,50
PAMPA GRANDE,consulta externa,nuevas en personas de 15 a 59 anos,2007-09-01,76,147,76,147,223
PAPEL PAMPA,consulta externa,nuevas en personas de 15 a 59 anos,2007-09-01,46,87,46,87,133
PASORAPA,consulta externa,nuevas en personas de 15 a 59 anos,2007-09-01,43,57,43,57,100
PATACAMAYA,consulta externa,nuevas en personas de 15 a 59 anos,2007-09-01,239,348,239,348,587
PAZÑA,consulta externa,nuevas en personas de 15 a 59 anos,2007-09-01,108,162,108,162,270
PELECHUCO,consulta externa,nuevas en personas de 15 a 59 anos,2007-09-01,103,122,103,122,225
POCOATA,consulta externa,nuevas en personas de 15 a 59 anos,2007-09-01,250,426,250,426,676
POCONA,consulta externa,nuevas en personas de 15 a 59 anos,2007-09-01,89,173,89,173,262
POJO (CBBA),consulta externa,nuevas en personas de 15 a 59 anos,2007-09-01,37,76,37,76,113
POOPO,consulta externa,nuevas en personas de 15 a 59 anos,2007-09-01,127,76,127,76,203
PORCO,consulta externa,nuevas en personas de 15 a 59 anos,2007-09-01,134,218,134,218,352
POROMA,consulta externa,nuevas en personas de 15 a 59 anos,2007-09-01,306,743,306,743,1049
PORONGO,consulta externa,nuevas en personas de 15 a 59 anos,2007-09-01,102,197,102,197,299
PORTACHUELO,consulta externa,nuevas en personas de 15 a 59 anos,2007-09-01,267,774,267,774,1041
PORVENIR,consulta externa,nuevas en personas de 15 a 59 anos,2007-09-01,150,51,150,51,201
POSTRER VALLE,consulta externa,nuevas en personas de 15 a 59 anos,2007-09-01,44,95,44,95,139
POTOSI,consulta externa,nuevas en personas de 15 a 59 anos,2007-09-01,3793,7328,3793,7328,11121
PRESTO,consulta externa,nuevas en personas de 15 a 59 anos,2007-09-01,154,314,154,314,468
PUCARA,consulta externa,nuevas en personas de 15 a 59 anos,2007-09-01,51,89,51,89,140
PUCARANI,consulta externa,nuevas en personas de 15 a 59 anos,2007-09-01,106,346,106,346,452
PUERTO ACOSTA,consulta externa,nuevas en personas de 15 a 59 anos,2007-09-01,221,362,221,362,583
PUERTO CARABUCO,consulta externa,nuevas en personas de 15 a 59 anos,2007-09-01,137,165,137,165,302
PUERTO GONZALO MORENO,consulta externa,nuevas en personas de 15 a 59 anos,2007-09-01,94,190,94,190,284
PUERTO PEREZ,consulta externa,nuevas en personas de 15 a 59 anos,2007-09-01,62,80,62,80,142
PUERTO QUIJARRO,consulta externa,nuevas en personas de 15 a 59 anos,2007-09-01,347,408,347,408,755
PUERTO RICO,consulta externa,nuevas en personas de 15 a 59 anos,2007-09-01,181,274,181,274,455
PUERTO SILES,consulta externa,nuevas en personas de 15 a 59 anos,2007-09-01,17,62,17,62,79
PUERTO SUAREZ,consulta externa,nuevas en personas de 15 a 59 anos,2007-09-01,302,429,302,429,731
PUERTO VILLARROEL,consulta externa,nuevas en personas de 15 a 59 anos,2007-09-01,588,1150,588,1150,1738
PUNA,consulta externa,nuevas en personas de 15 a 59 anos,2007-09-01,487,1077,487,1077,1564
PUNATA,consulta externa,nuevas en personas de 15 a 59 anos,2007-09-01,424,1030,424,1030,1454
QUIABAYA,consulta externa,nuevas en personas de 15 a 59 anos,2007-09-01,19,38,19,38,57
QUILLACOLLO,consulta externa,nuevas en personas de 15 a 59 anos,2007-09-01,590,1859,590,1859,2449
QUIME,consulta externa,nuevas en personas de 15 a 59 anos,2007-09-01,319,119,319,119,438
QUIRUSILLAS,consulta externa,nuevas en personas de 15 a 59 anos,2007-09-01,34,60,34,60,94
RAVELO,consulta externa,nuevas en personas de 15 a 59 anos,2007-09-01,233,416,233,416,649
REYES,consulta externa,nuevas en personas de 15 a 59 anos,2007-09-01,143,281,143,281,424
RIBERALTA,consulta externa,nuevas en personas de 15 a 59 anos,2007-09-01,846,1828,846,1828,2674
ROBORE,consulta externa,nuevas en personas de 15 a 59 anos,2007-09-01,262,677,262,677,939
RURRENABAQUE,consulta externa,nuevas en personas de 15 a 59 anos,2007-09-01,148,354,148,354,502
SABAYA,consulta externa,nuevas en personas de 15 a 59 anos,2007-09-01,91,121,91,121,212
SACABA,consulta externa,nuevas en personas de 15 a 59 anos,2007-09-01,608,1254,608,1254,1862
SACABAMBA,consulta externa,nuevas en personas de 15 a 59 anos,2007-09-01,30,33,30,33,63
SACACA,consulta externa,nuevas en personas de 15 a 59 anos,2007-09-01,236,502,236,502,738
SAIPINA,consulta externa,nuevas en personas de 15 a 59 anos,2007-09-01,125,249,125,249,374
SALINAS DE GARCI MENDOZA,consulta externa,nuevas en personas de 15 a 59 anos,2007-09-01,117,223,117,223,340
SAMAIPATA,consulta externa,nuevas en personas de 15 a 59 anos,2007-09-01,86,131,86,131,217
SAN AGUSTIN,consulta externa,nuevas en personas de 15 a 59 anos,2007-09-01,40,91,40,91,131
SAN ANDRES,consulta externa,nuevas en personas de 15 a 59 anos,2007-09-01,100,308,100,308,408
SAN ANDRES DE MACHACA,consulta externa,nuevas en personas de 15 a 59 anos,2007-09-01,91,149,91,149,240
SAN ANTONIO DE ESMORUCO,consulta externa,nuevas en personas de 15 a 59 anos,2007-09-01,57,88,57,88,145
SAN ANTONIO DE LOMERIO,consulta externa,nuevas en personas de 15 a 59 anos,2007-09-01,52,74,52,74,126
SAN BENITO,consulta externa,nuevas en personas de 15 a 59 anos,2007-09-01,68,141,68,141,209
SAN BORJA,consulta externa,nuevas en personas de 15 a 59 anos,2007-09-01,258,686,258,686,944
SAN BUENA VENTURA,consulta externa,nuevas en personas de 15 a 59 anos,2007-09-01,183,288,183,288,471
SAN CARLOS,consulta externa,nuevas en personas de 15 a 59 anos,2007-09-01,231,710,231,710,941
SAN IGNACIO,consulta externa,nuevas en personas de 15 a 59 anos,2007-09-01,406,834,406,834,1240
SAN IGNACIO DE VELASCO,consulta externa,nuevas en personas de 15 a 59 anos,2007-09-01,560,1306,560,1306,1866
SAN JAVIER(BNI),consulta externa,nuevas en personas de 15 a 59 anos,2007-09-01,45,77,45,77,122
SAN JAVIER(STC),consulta externa,nuevas en personas de 15 a 59 anos,2007-09-01,983,381,983,381,1364
SAN JOAQUIN,consulta externa,nuevas en personas de 15 a 59 anos,2007-09-01,74,168,74,168,242
SAN JOSE DE CHIQUITOS,consulta externa,nuevas en personas de 15 a 59 anos,2007-09-01,263,459,263,459,722
SAN JUAN DE YAPACANI,consulta externa,nuevas en personas de 15 a 59 anos,2007-09-01,185,396,185,396,581
SAN JULIAN,consulta externa,nuevas en personas de 15 a 59 anos,2007-09-01,862,1001,862,1001,1863
SAN LORENZO(PND),consulta externa,nuevas en personas de 15 a 59 anos,2007-09-01,33,60,33,60,93
SAN LORENZO(TJA),consulta externa,nuevas en personas de 15 a 59 anos,2007-09-01,473,1025,473,1025,1498
SAN LUCAS,consulta externa,nuevas en personas de 15 a 59 anos,2007-09-01,563,1640,563,1640,2203
SAN MATIAS,consulta externa,nuevas en personas de 15 a 59 anos,2007-09-01,111,200,111,200,311
SAN MIGUEL DE VELASCO,consulta externa,nuevas en personas de 15 a 59 anos,2007-09-01,120,235,120,235,355
SAN PABLO DE LIPEZ,consulta externa,nuevas en personas de 15 a 59 anos,2007-09-01,93,235,93,235,328
SAN PEDRO,consulta externa,nuevas en personas de 15 a 59 anos,2007-09-01,361,598,361,598,959
SAN PEDRO DE BUENA VISTA,consulta externa,nuevas en personas de 15 a 59 anos,2007-09-01,333,641,333,641,974
SAN PEDRO DE CURAHUARA,consulta externa,nuevas en personas de 15 a 59 anos,2007-09-01,89,113,89,113,202
SAN PEDRO DE QUEMES,consulta externa,nuevas en personas de 15 a 59 anos,2007-09-01,7,18,7,18,25
SAN PEDRO DE TIQUINA,consulta externa,nuevas en personas de 15 a 59 anos,2007-09-01,34,47,34,47,81
SAN PEDRO(PND),consulta externa,nuevas en personas de 15 a 59 anos,2007-09-01,17,14,17,14,31
SAN RAFAEL,consulta externa,nuevas en personas de 15 a 59 anos,2007-09-01,89,145,89,145,234
SAN RAMON,consulta externa,nuevas en personas de 15 a 59 anos,2007-09-01,4,18,4,18,22
SAN RAMON,consulta externa,nuevas en personas de 15 a 59 anos,2007-09-01,196,316,196,316,512
SANTA ANA,consulta externa,nuevas en personas de 15 a 59 anos,2007-09-01,159,486,159,486,645
SANTA CRUZ DE LA SIERRA,consulta externa,nuevas en personas de 15 a 59 anos,2007-09-01,19801,41817,19801,41817,61618
SANTA ROSA,consulta externa,nuevas en personas de 15 a 59 anos,2007-09-01,113,250,113,250,363
SANTA ROSA DEL SARA,consulta externa,nuevas en personas de 15 a 59 anos,2007-09-01,229,347,229,347,576
SANTIAGO DE CALLAPA,consulta externa,nuevas en personas de 15 a 59 anos,2007-09-01,21,48,21,48,69
SANTIAGO DE HUARI,consulta externa,nuevas en personas de 15 a 59 anos,2007-09-01,100,188,100,188,288
SANTIAGO DE MACHACA,consulta externa,nuevas en personas de 15 a 59 anos,2007-09-01,31,35,31,35,66
SANTIVAÑES,consulta externa,nuevas en personas de 15 a 59 anos,2007-09-01,73,96,73,96,169
SANTUARIO DE QUILLACAS,consulta externa,nuevas en personas de 15 a 59 anos,2007-09-01,41,58,41,58,99
SAPAHAQUI,consulta externa,nuevas en personas de 15 a 59 anos,2007-09-01,101,107,101,107,208
SENA,consulta externa,nuevas en personas de 15 a 59 anos,2007-09-01,47,58,47,58,105
SICA SICA (VILLA AROMA),consulta externa,nuevas en personas de 15 a 59 anos,2007-09-01,120,224,120,224,344
SICAYA,consulta externa,nuevas en personas de 15 a 59 anos,2007-09-01,13,32,13,32,45
SIPE SIPE,consulta externa,nuevas en personas de 15 a 59 anos,2007-09-01,78,277,78,277,355
SOPACHUY,consulta externa,nuevas en personas de 15 a 59 anos,2007-09-01,115,252,115,252,367
SORACACHI,consulta externa,nuevas en personas de 15 a 59 anos,2007-09-01,51,64,51,64,115
SORATA,consulta externa,nuevas en personas de 15 a 59 anos,2007-09-01,192,280,192,280,472
SUCRE,consulta externa,nuevas en personas de 15 a 59 anos,2007-09-01,9280,17338,9280,17338,26618
TACACHI,consulta externa,nuevas en personas de 15 a 59 anos,2007-09-01,7,32,7,32,39
TACACOMA,consulta externa,nuevas en personas de 15 a 59 anos,2007-09-01,74,85,74,85,159
TACOBAMBA,consulta externa,nuevas en personas de 15 a 59 anos,2007-09-01,133,195,133,195,328
TACOPAYA,consulta externa,nuevas en personas de 15 a 59 anos,2007-09-01,43,123,43,123,166
TAHUA,consulta externa,nuevas en personas de 15 a 59 anos,2007-09-01,41,64,41,64,105
TAPACARI,consulta externa,nuevas en personas de 15 a 59 anos,2007-09-01,152,442,152,442,594
TARABUCO,consulta externa,nuevas en personas de 15 a 59 anos,2007-09-01,235,454,235,454,689
TARACO,consulta externa,nuevas en personas de 15 a 59 anos,2007-09-01,38,73,38,73,111
TARATA,consulta externa,nuevas en personas de 15 a 59 anos,2007-09-01,50,140,50,140,190
TARIJA,consulta externa,nuevas en personas de 15 a 59 anos,2007-09-01,6619,11955,6619,11955,18574
TARVITA,consulta externa,nuevas en personas de 15 a 59 anos,2007-09-01,301,881,301,881,1182
TEOPONTE,consulta externa,nuevas en personas de 15 a 59 anos,2007-09-01,145,188,145,188,333
TIAWANACU,consulta externa,nuevas en personas de 15 a 59 anos,2007-09-01,56,160,56,160,216
TINGUIPAYA,consulta externa,nuevas en personas de 15 a 59 anos,2007-09-01,188,483,188,483,671
TIPUANI,consulta externa,nuevas en personas de 15 a 59 anos,2007-09-01,78,130,78,130,208
TIQUIPAYA,consulta externa,nuevas en personas de 15 a 59 anos,2007-09-01,151,666,151,666,817
TIRAQUE (CBBA),consulta externa,nuevas en personas de 15 a 59 anos,2007-09-01,317,757,317,757,1074
TITO YUPANQUI (PARQUIPUJIO),consulta externa,nuevas en personas de 15 a 59 anos,2007-09-01,10,43,10,43,53
TOCO,consulta externa,nuevas en personas de 15 a 59 anos,2007-09-01,26,55,26,55,81
TODOS SANTOS,consulta externa,nuevas en personas de 15 a 59 anos,2007-09-01,12,12,12,12,24
TOLATA,consulta externa,nuevas en personas de 15 a 59 anos,2007-09-01,35,95,35,95,130
TOLEDO,consulta externa,nuevas en personas de 15 a 59 anos,2007-09-01,151,190,151,190,341
TOMAVE,consulta externa,nuevas en personas de 15 a 59 anos,2007-09-01,199,400,199,400,599
TOMINA,consulta externa,nuevas en personas de 15 a 59 anos,2007-09-01,198,353,198,353,551
TORO TORO,consulta externa,nuevas en personas de 15 a 59 anos,2007-09-01,163,324,163,324,487
TOTORA(CBBA),consulta externa,nuevas en personas de 15 a 59 anos,2007-09-01,87,120,87,120,207
TOTORA(ORR),consulta externa,nuevas en personas de 15 a 59 anos,2007-09-01,52,110,52,110,162
TRIGAL,consulta externa,nuevas en personas de 15 a 59 anos,2007-09-01,49,79,49,79,128
TRINIDAD,consulta externa,nuevas en personas de 15 a 59 anos,2007-09-01,1742,3543,1742,3543,5285
TUPIZA,consulta externa,nuevas en personas de 15 a 59 anos,2007-09-01,1169,2391,1169,2391,3560
TURCO,consulta externa,nuevas en personas de 15 a 59 anos,2007-09-01,70,160,70,160,230
UMALA,consulta externa,nuevas en personas de 15 a 59 anos,2007-09-01,35,35,35,35,70
UNCIA,consulta externa,nuevas en personas de 15 a 59 anos,2007-09-01,376,756,376,756,1132
URIONDO (A. CONCEPCION),consulta externa,nuevas en personas de 15 a 59 anos,2007-09-01,376,956,376,956,1332
URUBICHA,consulta externa,nuevas en personas de 15 a 59 anos,2007-09-01,33,125,33,125,158
UYUNI,consulta externa,nuevas en personas de 15 a 59 anos,2007-09-01,502,853,502,853,1355
VACAS,consulta externa,nuevas en personas de 15 a 59 anos,2007-09-01,77,195,77,195,272
VALLEGRANDE,consulta externa,nuevas en personas de 15 a 59 anos,2007-09-01,572,1021,572,1021,1593
VIACHA,consulta externa,nuevas en personas de 15 a 59 anos,2007-09-01,361,772,361,772,1133
VILA VILA,consulta externa,nuevas en personas de 15 a 59 anos,2007-09-01,22,41,22,41,63
VILLA MONTES,consulta externa,nuevas en personas de 15 a 59 anos,2007-09-01,782,1113,782,1113,1895
VILLA NUEVA (LOMA ALTA),consulta externa,nuevas en personas de 15 a 59 anos,2007-09-01,29,52,29,52,81
VILLA RIVERO,consulta externa,nuevas en personas de 15 a 59 anos,2007-09-01,24,65,24,65,89
VILLA SERRANO,consulta externa,nuevas en personas de 15 a 59 anos,2007-09-01,215,488,215,488,703
VILLA TUNARI,consulta externa,nuevas en personas de 15 a 59 anos,2007-09-01,638,1276,638,1276,1914
VILLA VACA GUZMAN (MUYUPAMPA),consulta externa,nuevas en personas de 15 a 59 anos,2007-09-01,321,596,321,596,917
VILLAZON,consulta externa,nuevas en personas de 15 a 59 anos,2007-09-01,636,1590,636,1590,2226
VINTO,consulta externa,nuevas en personas de 15 a 59 anos,2007-09-01,159,323,159,323,482
VITICHI,consulta externa,nuevas en personas de 15 a 59 anos,2007-09-01,145,317,145,317,462
WALDO BALLIVIAN,consulta externa,nuevas en personas de 15 a 59 anos,2007-09-01,16,44,16,44,60
WARNES,consulta externa,nuevas en personas de 15 a 59 anos,2007-09-01,527,821,527,821,1348
YACO,consulta externa,nuevas en personas de 15 a 59 anos,2007-09-01,58,140,58,140,198
YACUIBA,consulta externa,nuevas en personas de 15 a 59 anos,2007-09-01,1762,4167,1762,4167,5929
YAMPARAEZ,consulta externa,nuevas en personas de 15 a 59 anos,2007-09-01,117,224,117,224,341
YANACACHI,consulta externa,nuevas en personas de 15 a 59 anos,2007-09-01,214,174,214,174,388
YAPACANI,consulta externa,nuevas en personas de 15 a 59 anos,2007-09-01,702,1118,702,1118,1820
YOCALLA,consulta externa,nuevas en personas de 15 a 59 anos,2007-09-01,109,179,109,179,288
YOTALA,consulta externa,nuevas en personas de 15 a 59 anos,2007-09-01,122,176,122,176,298
YUNCHARA,consulta externa,nuevas en personas de 15 a 59 anos,2007-09-01,180,487,180,487,667
ZUDAÑEZ,consulta externa,nuevas en personas de 15 a 59 anos,2007-09-01,156,376,156,376,532
ACACIO,consulta externa,nuevas en personas de 15 a 59 anos,2007-10-01,110,198,110,198,308
ACHACACHI,consulta externa,nuevas en personas de 15 a 59 anos,2007-10-01,348,685,348,685,1033
ACHOCALLA,consulta externa,nuevas en personas de 15 a 59 anos,2007-10-01,40,93,40,93,133
AIQUILE,consulta externa,nuevas en personas de 15 a 59 anos,2007-10-01,393,803,393,803,1196
ALALAY,consulta externa,nuevas en personas de 15 a 59 anos,2007-10-01,21,43,21,43,64
ALCALA,consulta externa,nuevas en personas de 15 a 59 anos,2007-10-01,82,314,82,314,396
ANCORAIMES,consulta externa,nuevas en personas de 15 a 59 anos,2007-10-01,114,240,114,240,354
ANDAMARCA,consulta externa,nuevas en personas de 15 a 59 anos,2007-10-01,94,133,94,133,227
ANTEQUERA,consulta externa,nuevas en personas de 15 a 59 anos,2007-10-01,31,58,31,58,89
ANZALDO,consulta externa,nuevas en personas de 15 a 59 anos,2007-10-01,48,91,48,91,139
APOLO,consulta externa,nuevas en personas de 15 a 59 anos,2007-10-01,150,303,150,303,453
ARAMPAMPA,consulta externa,nuevas en personas de 15 a 59 anos,2007-10-01,62,143,62,143,205
ARANI,consulta externa,nuevas en personas de 15 a 59 anos,2007-10-01,43,99,43,99,142
ARBIETO,consulta externa,nuevas en personas de 15 a 59 anos,2007-10-01,29,192,29,192,221
ARQUE,consulta externa,nuevas en personas de 15 a 59 anos,2007-10-01,98,216,98,216,314
ASCENCION DE GUARAYOS,consulta externa,nuevas en personas de 15 a 59 anos,2007-10-01,203,449,203,449,652
ATOCHA,consulta externa,nuevas en personas de 15 a 59 anos,2007-10-01,857,1044,857,1044,1901
AUCAPATA,consulta externa,nuevas en personas de 15 a 59 anos,2007-10-01,97,121,97,121,218
AYATA,consulta externa,nuevas en personas de 15 a 59 anos,2007-10-01,109,205,109,205,314
AYO AYO,consulta externa,nuevas en personas de 15 a 59 anos,2007-10-01,54,88,54,88,142
AYOPAYA (V. DE INDEPENDENCIA),consulta externa,nuevas en personas de 15 a 59 anos,2007-10-01,275,589,275,589,864
AZURDUY,consulta externa,nuevas en personas de 15 a 59 anos,2007-10-01,266,652,266,652,918
BATALLAS,consulta externa,nuevas en personas de 15 a 59 anos,2007-10-01,118,200,118,200,318
BAURES,consulta externa,nuevas en personas de 15 a 59 anos,2007-10-01,93,174,93,174,267
BELEN DE ANDAMARCA,consulta externa,nuevas en personas de 15 a 59 anos,2007-10-01,28,51,28,51,79
BELEN DE URMIRI,consulta externa,nuevas en personas de 15 a 59 anos,2007-10-01,17,49,17,49,66
BELLA FLOR,consulta externa,nuevas en personas de 15 a 59 anos,2007-10-01,210,169,210,169,379
BERMEJO,consulta externa,nuevas en personas de 15 a 59 anos,2007-10-01,1423,3583,1423,3583,5006
BETANZOS,consulta externa,nuevas en personas de 15 a 59 anos,2007-10-01,552,1235,552,1235,1787
BOLIVAR,consulta externa,nuevas en personas de 15 a 59 anos,2007-10-01,56,84,56,84,140
BOLPEBRA,consulta externa,nuevas en personas de 15 a 59 anos,2007-10-01,15,50,15,50,65
BOYUIBE,consulta externa,nuevas en personas de 15 a 59 anos,2007-10-01,108,137,108,137,245
BUENA VISTA,consulta externa,nuevas en personas de 15 a 59 anos,2007-10-01,198,271,198,271,469
CABEZAS,consulta externa,nuevas en personas de 15 a 59 anos,2007-10-01,377,609,377,609,986
CAIROMA,consulta externa,nuevas en personas de 15 a 59 anos,2007-10-01,209,229,209,229,438
"CAIZA ""D""",consulta externa,nuevas en personas de 15 a 59 anos,2007-10-01,159,279,159,279,438
CAJUATA,consulta externa,nuevas en personas de 15 a 59 anos,2007-10-01,152,235,152,235,387
CALACOTO,consulta externa,nuevas en personas de 15 a 59 anos,2007-10-01,82,105,82,105,187
CALAMARCA,consulta externa,nuevas en personas de 15 a 59 anos,2007-10-01,83,180,83,180,263
CAMARGO,consulta externa,nuevas en personas de 15 a 59 anos,2007-10-01,328,928,328,928,1256
CAMATAQUI (C. VILLA ABECIA),consulta externa,nuevas en personas de 15 a 59 anos,2007-10-01,70,152,70,152,222
CAMIRI,consulta externa,nuevas en personas de 15 a 59 anos,2007-10-01,999,2061,999,2061,3060
CAPINOTA,consulta externa,nuevas en personas de 15 a 59 anos,2007-10-01,321,576,321,576,897
CAQUIAVIRI,consulta externa,nuevas en personas de 15 a 59 anos,2007-10-01,94,131,94,131,225
CARACOLLO,consulta externa,nuevas en personas de 15 a 59 anos,2007-10-01,113,241,113,241,354
CARANAVI,consulta externa,nuevas en personas de 15 a 59 anos,2007-10-01,899,1790,899,1790,2689
CARANGAS,consulta externa,nuevas en personas de 15 a 59 anos,2007-10-01,1,1,1,1,2
CARAPARI,consulta externa,nuevas en personas de 15 a 59 anos,2007-10-01,565,746,565,746,1311
CARIPUYO,consulta externa,nuevas en personas de 15 a 59 anos,2007-10-01,87,158,87,158,245
CARMEN RIVERO TORREZ,consulta externa,nuevas en personas de 15 a 59 anos,2007-10-01,39,76,39,76,115
CATACORA,consulta externa,nuevas en personas de 15 a 59 anos,2007-10-01,39,89,39,89,128
CHALLAPATA,consulta externa,nuevas en personas de 15 a 59 anos,2007-10-01,475,870,475,870,1345
CHAQUI,consulta externa,nuevas en personas de 15 a 59 anos,2007-10-01,82,177,82,177,259
CHARAGUA,consulta externa,nuevas en personas de 15 a 59 anos,2007-10-01,197,443,197,443,640
CHARAÑA,consulta externa,nuevas en personas de 15 a 59 anos,2007-10-01,72,70,72,70,142
CHAYANTA,consulta externa,nuevas en personas de 15 a 59 anos,2007-10-01,232,463,232,463,695
CHIMORE,consulta externa,nuevas en personas de 15 a 59 anos,2007-10-01,173,248,173,248,421
CHIPAYA,consulta externa,nuevas en personas de 15 a 59 anos,2007-10-01,28,52,28,52,80
CHOQUE COTA,consulta externa,nuevas en personas de 15 a 59 anos,2007-10-01,26,21,26,21,47
CHULUMANI (V. DE LA LIBERTAD),consulta externa,nuevas en personas de 15 a 59 anos,2007-10-01,250,303,250,303,553
CHUMA,consulta externa,nuevas en personas de 15 a 59 anos,2007-10-01,121,161,121,161,282
CLIZA,consulta externa,nuevas en personas de 15 a 59 anos,2007-10-01,83,137,83,137,220
COBIJA,consulta externa,nuevas en personas de 15 a 59 anos,2007-10-01,1213,2281,1213,2281,3494
COCHABAMBA,consulta externa,nuevas en personas de 15 a 59 anos,2007-10-01,15407,26031,15407,26031,41438
COIPASA,consulta externa,nuevas en personas de 15 a 59 anos,2007-10-01,12,36,12,36,48
COLCAPIRHUA,consulta externa,nuevas en personas de 15 a 59 anos,2007-10-01,456,915,456,915,1371
"COLCHA ""K""",consulta externa,nuevas en personas de 15 a 59 anos,2007-10-01,242,422,242,422,664
COLLANA,consulta externa,nuevas en personas de 15 a 59 anos,2007-10-01,45,48,45,48,93
COLOMI,consulta externa,nuevas en personas de 15 a 59 anos,2007-10-01,91,298,91,298,389
COLPA BELGICA,consulta externa,nuevas en personas de 15 a 59 anos,2007-10-01,259,257,259,257,516
COLQUECHACA,consulta externa,nuevas en personas de 15 a 59 anos,2007-10-01,336,701,336,701,1037
COLQUENCHA,consulta externa,nuevas en personas de 15 a 59 anos,2007-10-01,103,175,103,175,278
COLQUIRI,consulta externa,nuevas en personas de 15 a 59 anos,2007-10-01,274,421,274,421,695
COMANCHE,consulta externa,nuevas en personas de 15 a 59 anos,2007-10-01,66,135,66,135,201
COMARAPA,consulta externa,nuevas en personas de 15 a 59 anos,2007-10-01,213,435,213,435,648
COMBAYA,consulta externa,nuevas en personas de 15 a 59 anos,2007-10-01,20,30,20,30,50
CONCEPCION,consulta externa,nuevas en personas de 15 a 59 anos,2007-10-01,31,111,31,111,142
COPACABANA,consulta externa,nuevas en personas de 15 a 59 anos,2007-10-01,72,159,72,159,231
CORIPATA,consulta externa,nuevas en personas de 15 a 59 anos,2007-10-01,147,253,147,253,400
CORO CORO,consulta externa,nuevas en personas de 15 a 59 anos,2007-10-01,50,104,50,104,154
COROICO,consulta externa,nuevas en personas de 15 a 59 anos,2007-10-01,214,316,214,316,530
CORQUE,consulta externa,nuevas en personas de 15 a 59 anos,2007-10-01,101,132,101,132,233
COTAGAITA,consulta externa,nuevas en personas de 15 a 59 anos,2007-10-01,855,1376,855,1376,2231
COTOCA,consulta externa,nuevas en personas de 15 a 59 anos,2007-10-01,236,644,236,644,880
CUATRO CAÑADAS,consulta externa,nuevas en personas de 15 a 59 anos,2007-10-01,207,426,207,426,633
CUCHUMUELA (V. G. VILLARROEL),consulta externa,nuevas en personas de 15 a 59 anos,2007-10-01,20,25,20,25,45
CUEVO,consulta externa,nuevas en personas de 15 a 59 anos,2007-10-01,124,195,124,195,319
CULPINA,consulta externa,nuevas en personas de 15 a 59 anos,2007-10-01,262,698,262,698,960
CURAHUARA DE CARANGAS,consulta externa,nuevas en personas de 15 a 59 anos,2007-10-01,90,155,90,155,245
CURVA,consulta externa,nuevas en personas de 15 a 59 anos,2007-10-01,46,69,46,69,115
DESAGUADERO,consulta externa,nuevas en personas de 15 a 59 anos,2007-10-01,46,85,46,85,131
EL ALTO,consulta externa,nuevas en personas de 15 a 59 anos,2007-10-01,8027,15619,8027,15619,23646
EL CHORO,consulta externa,nuevas en personas de 15 a 59 anos,2007-10-01,71,143,71,143,214
EL PUENTE(STC),consulta externa,nuevas en personas de 15 a 59 anos,2007-10-01,185,255,185,255,440
EL PUENTE(TJA),consulta externa,nuevas en personas de 15 a 59 anos,2007-10-01,386,713,386,713,1099
EL TORNO,consulta externa,nuevas en personas de 15 a 59 anos,2007-10-01,1097,2148,1097,2148,3245
EL VILLAR,consulta externa,nuevas en personas de 15 a 59 anos,2007-10-01,171,252,171,252,423
ENTRE RIOS,consulta externa,nuevas en personas de 15 a 59 anos,2007-10-01,743,1295,743,1295,2038
ENTRE RIOS,consulta externa,nuevas en personas de 15 a 59 anos,2007-10-01,245,299,245,299,544
ESCARA,consulta externa,nuevas en personas de 15 a 59 anos,2007-10-01,7,7,7,7,14
ESMERALDA,consulta externa,nuevas en personas de 15 a 59 anos,2007-10-01,2,7,2,7,9
EUCALIPTUS,consulta externa,nuevas en personas de 15 a 59 anos,2007-10-01,63,111,63,111,174
EUREKA (SANTOS MERCADO),consulta externa,nuevas en personas de 15 a 59 anos,2007-10-01,10,19,10,19,29
EXALTACION,consulta externa,nuevas en personas de 15 a 59 anos,2007-10-01,90,191,90,191,281
FERNANDEZ ALONSO,consulta externa,nuevas en personas de 15 a 59 anos,2007-10-01,160,401,160,401,561
FILADELFIA,consulta externa,nuevas en personas de 15 a 59 anos,2007-10-01,54,77,54,77,131
GENERAL SAAVEDRA,consulta externa,nuevas en personas de 15 a 59 anos,2007-10-01,197,382,197,382,579
GRAL. J.J. PEREZ (CHARAZANI),consulta externa,nuevas en personas de 15 a 59 anos,2007-10-01,112,169,112,169,281
GUANAY,consulta externa,nuevas en personas de 15 a 59 anos,2007-10-01,111,317,111,317,428
GUAQUI,consulta externa,nuevas en personas de 15 a 59 anos,2007-10-01,55,118,55,118,173
GUAYARAMERIN,consulta externa,nuevas en personas de 15 a 59 anos,2007-10-01,1528,2352,1528,2352,3880
GUTIERREZ,consulta externa,nuevas en personas de 15 a 59 anos,2007-10-01,238,460,238,460,698
HUACARETA,consulta externa,nuevas en personas de 15 a 59 anos,2007-10-01,275,453,275,453,728
HUACAYA (VILLA DE HUACAYA),consulta externa,nuevas en personas de 15 a 59 anos,2007-10-01,50,148,50,148,198
HUACHACALLA,consulta externa,nuevas en personas de 15 a 59 anos,2007-10-01,112,94,112,94,206
HUANUNI,consulta externa,nuevas en personas de 15 a 59 anos,2007-10-01,556,750,556,750,1306
HUARACAJE,consulta externa,nuevas en personas de 15 a 59 anos,2007-10-01,30,62,30,62,92
HUAYLLAMARCA,consulta externa,nuevas en personas de 15 a 59 anos,2007-10-01,28,38,28,38,66
ICHOCA,consulta externa,nuevas en personas de 15 a 59 anos,2007-10-01,38,74,38,74,112
ICLA,consulta externa,nuevas en personas de 15 a 59 anos,2007-10-01,132,315,132,315,447
INCAHUASI,consulta externa,nuevas en personas de 15 a 59 anos,2007-10-01,225,821,225,821,1046
INGAVI (HUMAITA),consulta externa,nuevas en personas de 15 a 59 anos,2007-10-01,14,18,14,18,32
INQUISIVI,consulta externa,nuevas en personas de 15 a 59 anos,2007-10-01,119,191,119,191,310
IRUPANA (VILLA DE LANZA),consulta externa,nuevas en personas de 15 a 59 anos,2007-10-01,192,385,192,385,577
IXIAMAS,consulta externa,nuevas en personas de 15 a 59 anos,2007-10-01,89,182,89,182,271
JESUS DE MACHACA,consulta externa,nuevas en personas de 15 a 59 anos,2007-10-01,133,334,133,334,467
LA ASUNTA,consulta externa,nuevas en personas de 15 a 59 anos,2007-10-01,417,549,417,549,966
LA GUARDIA,consulta externa,nuevas en personas de 15 a 59 anos,2007-10-01,315,890,315,890,1205
LA PAZ,consulta externa,nuevas en personas de 15 a 59 anos,2007-10-01,22752,40214,22752,40214,62966
LA RIVERA,consulta externa,nuevas en personas de 15 a 59 anos,2007-10-01,3,9,3,9,12
LAGUNILLAS,consulta externa,nuevas en personas de 15 a 59 anos,2007-10-01,202,303,202,303,505
LAJA,consulta externa,nuevas en personas de 15 a 59 anos,2007-10-01,60,185,60,185,245
LAS CARRERAS,consulta externa,nuevas en personas de 15 a 59 anos,2007-10-01,106,232,106,232,338
LICOMA PAMPA,consulta externa,nuevas en personas de 15 a 59 anos,2007-10-01,31,70,31,70,101
LLALLAGUA,consulta externa,nuevas en personas de 15 a 59 anos,2007-10-01,596,1139,596,1139,1735
LLICA,consulta externa,nuevas en personas de 15 a 59 anos,2007-10-01,152,176,152,176,328
LORETO,consulta externa,nuevas en personas de 15 a 59 anos,2007-10-01,57,141,57,141,198
LURIBAY,consulta externa,nuevas en personas de 15 a 59 anos,2007-10-01,189,264,189,264,453
MACHACAMARCA,consulta externa,nuevas en personas de 15 a 59 anos,2007-10-01,49,63,49,63,112
MACHARETI,consulta externa,nuevas en personas de 15 a 59 anos,2007-10-01,268,616,268,616,884
MAGDALENA,consulta externa,nuevas en personas de 15 a 59 anos,2007-10-01,117,230,117,230,347
MAIRANA,consulta externa,nuevas en personas de 15 a 59 anos,2007-10-01,123,301,123,301,424
MALLA,consulta externa,nuevas en personas de 15 a 59 anos,2007-10-01,46,69,46,69,115
MAPIRI,consulta externa,nuevas en personas de 15 a 59 anos,2007-10-01,208,336,208,336,544
MECAPACA,consulta externa,nuevas en personas de 15 a 59 anos,2007-10-01,160,212,160,212,372
MINEROS,consulta externa,nuevas en personas de 15 a 59 anos,2007-10-01,116,368,116,368,484
MIZQUE,consulta externa,nuevas en personas de 15 a 59 anos,2007-10-01,102,270,102,270,372
MOCOMOCO,consulta externa,nuevas en personas de 15 a 59 anos,2007-10-01,211,308,211,308,519
MOJINETE,consulta externa,nuevas en personas de 15 a 59 anos,2007-10-01,28,45,28,45,73
MOJOCOYA,consulta externa,nuevas en personas de 15 a 59 anos,2007-10-01,106,287,106,287,393
MONTEAGUDO,consulta externa,nuevas en personas de 15 a 59 anos,2007-10-01,919,1551,919,1551,2470
MONTERO,consulta externa,nuevas en personas de 15 a 59 anos,2007-10-01,1040,2438,1040,2438,3478
MORO MORO,consulta externa,nuevas en personas de 15 a 59 anos,2007-10-01,23,86,23,86,109
MOROCHATA,consulta externa,nuevas en personas de 15 a 59 anos,2007-10-01,133,258,133,258,391
NACEBE (SANTA ROSA DEL ABUNA),consulta externa,nuevas en personas de 15 a 59 anos,2007-10-01,226,133,226,133,359
NAZACARA DE PACAJES,consulta externa,nuevas en personas de 15 a 59 anos,2007-10-01,7,7,7,7,14
NUEVO MANOA (NUEVA ESPERANZA),consulta externa,nuevas en personas de 15 a 59 anos,2007-10-01,124,66,124,66,190
OCURI,consulta externa,nuevas en personas de 15 a 59 anos,2007-10-01,177,519,177,519,696
OKINAWA,consulta externa,nuevas en personas de 15 a 59 anos,2007-10-01,449,877,449,877,1326
OMEREQUE,consulta externa,nuevas en personas de 15 a 59 anos,2007-10-01,120,219,120,219,339
ORURO,consulta externa,nuevas en personas de 15 a 59 anos,2007-10-01,8039,13637,8039,13637,21676
PADCAYA,consulta externa,nuevas en personas de 15 a 59 anos,2007-10-01,680,1318,680,1318,1998
PADILLA,consulta externa,nuevas en personas de 15 a 59 anos,2007-10-01,430,957,430,957,1387
PAILON,consulta externa,nuevas en personas de 15 a 59 anos,2007-10-01,175,131,175,131,306
PALCA,consulta externa,nuevas en personas de 15 a 59 anos,2007-10-01,105,204,105,204,309
PALOS BLANCOS,consulta externa,nuevas en personas de 15 a 59 anos,2007-10-01,527,626,527,626,1153
PAMPA AULLAGAS,consulta externa,nuevas en personas de 15 a 59 anos,2007-10-01,29,38,29,38,67
PAMPA GRANDE,consulta externa,nuevas en personas de 15 a 59 anos,2007-10-01,108,190,108,190,298
PAPEL PAMPA,consulta externa,nuevas en personas de 15 a 59 anos,2007-10-01,65,100,65,100,165
PASORAPA,consulta externa,nuevas en personas de 15 a 59 anos,2007-10-01,49,104,49,104,153
PATACAMAYA,consulta externa,nuevas en personas de 15 a 59 anos,2007-10-01,280,402,280,402,682
PAZÑA,consulta externa,nuevas en personas de 15 a 59 anos,2007-10-01,120,166,120,166,286
PELECHUCO,consulta externa,nuevas en personas de 15 a 59 anos,2007-10-01,101,109,101,109,210
POCOATA,consulta externa,nuevas en personas de 15 a 59 anos,2007-10-01,197,450,197,450,647
POCONA,consulta externa,nuevas en personas de 15 a 59 anos,2007-10-01,143,151,143,151,294
POJO (CBBA),consulta externa,nuevas en personas de 15 a 59 anos,2007-10-01,35,79,35,79,114
POOPO,consulta externa,nuevas en personas de 15 a 59 anos,2007-10-01,87,144,87,144,231
PORCO,consulta externa,nuevas en personas de 15 a 59 anos,2007-10-01,175,219,175,219,394
POROMA,consulta externa,nuevas en personas de 15 a 59 anos,2007-10-01,240,594,240,594,834
PORONGO,consulta externa,nuevas en personas de 15 a 59 anos,2007-10-01,111,196,111,196,307
PORTACHUELO,consulta externa,nuevas en personas de 15 a 59 anos,2007-10-01,242,743,242,743,985
PORVENIR,consulta externa,nuevas en personas de 15 a 59 anos,2007-10-01,121,159,121,159,280
POSTRER VALLE,consulta externa,nuevas en personas de 15 a 59 anos,2007-10-01,50,100,50,100,150
POTOSI,consulta externa,nuevas en personas de 15 a 59 anos,2007-10-01,4094,8880,4094,8880,12974
PRESTO,consulta externa,nuevas en personas de 15 a 59 anos,2007-10-01,104,228,104,228,332
PUCARA,consulta externa,nuevas en personas de 15 a 59 anos,2007-10-01,41,138,41,138,179
PUCARANI,consulta externa,nuevas en personas de 15 a 59 anos,2007-10-01,178,407,178,407,585
PUERTO ACOSTA,consulta externa,nuevas en personas de 15 a 59 anos,2007-10-01,295,371,295,371,666
PUERTO CARABUCO,consulta externa,nuevas en personas de 15 a 59 anos,2007-10-01,136,197,136,197,333
PUERTO GONZALO MORENO,consulta externa,nuevas en personas de 15 a 59 anos,2007-10-01,58,122,58,122,180
PUERTO PEREZ,consulta externa,nuevas en personas de 15 a 59 anos,2007-10-01,57,80,57,80,137
PUERTO QUIJARRO,consulta externa,nuevas en personas de 15 a 59 anos,2007-10-01,418,531,418,531,949
PUERTO RICO,consulta externa,nuevas en personas de 15 a 59 anos,2007-10-01,188,287,188,287,475
PUERTO SILES,consulta externa,nuevas en personas de 15 a 59 anos,2007-10-01,69,136,69,136,205
PUERTO SUAREZ,consulta externa,nuevas en personas de 15 a 59 anos,2007-10-01,406,451,406,451,857
PUERTO VILLARROEL,consulta externa,nuevas en personas de 15 a 59 anos,2007-10-01,481,1114,481,1114,1595
PUNA,consulta externa,nuevas en personas de 15 a 59 anos,2007-10-01,524,1073,524,1073,1597
PUNATA,consulta externa,nuevas en personas de 15 a 59 anos,2007-10-01,356,1213,356,1213,1569
QUIABAYA,consulta externa,nuevas en personas de 15 a 59 anos,2007-10-01,20,63,20,63,83
QUILLACOLLO,consulta externa,nuevas en personas de 15 a 59 anos,2007-10-01,650,1596,650,1596,2246
QUIME,consulta externa,nuevas en personas de 15 a 59 anos,2007-10-01,326,169,326,169,495
QUIRUSILLAS,consulta externa,nuevas en personas de 15 a 59 anos,2007-10-01,28,58,28,58,86
RAVELO,consulta externa,nuevas en personas de 15 a 59 anos,2007-10-01,222,452,222,452,674
REYES,consulta externa,nuevas en personas de 15 a 59 anos,2007-10-01,130,348,130,348,478
RIBERALTA,consulta externa,nuevas en personas de 15 a 59 anos,2007-10-01,943,2144,943,2144,3087
ROBORE,consulta externa,nuevas en personas de 15 a 59 anos,2007-10-01,225,607,225,607,832
RURRENABAQUE,consulta externa,nuevas en personas de 15 a 59 anos,2007-10-01,165,434,165,434,599
SABAYA,consulta externa,nuevas en personas de 15 a 59 anos,2007-10-01,83,142,83,142,225
SACABA,consulta externa,nuevas en personas de 15 a 59 anos,2007-10-01,777,1883,777,1883,2660
SACABAMBA,consulta externa,nuevas en personas de 15 a 59 anos,2007-10-01,29,37,29,37,66
SACACA,consulta externa,nuevas en personas de 15 a 59 anos,2007-10-01,297,517,297,517,814
SAIPINA,consulta externa,nuevas en personas de 15 a 59 anos,2007-10-01,64,110,64,110,174
SALINAS DE GARCI MENDOZA,consulta externa,nuevas en personas de 15 a 59 anos,2007-10-01,178,237,178,237,415
SAMAIPATA,consulta externa,nuevas en personas de 15 a 59 anos,2007-10-01,172,242,172,242,414
SAN AGUSTIN,consulta externa,nuevas en personas de 15 a 59 anos,2007-10-01,54,116,54,116,170
SAN ANDRES,consulta externa,nuevas en personas de 15 a 59 anos,2007-10-01,99,186,99,186,285
SAN ANDRES DE MACHACA,consulta externa,nuevas en personas de 15 a 59 anos,2007-10-01,105,149,105,149,254
SAN ANTONIO DE ESMORUCO,consulta externa,nuevas en personas de 15 a 59 anos,2007-10-01,47,92,47,92,139
SAN ANTONIO DE LOMERIO,consulta externa,nuevas en personas de 15 a 59 anos,2007-10-01,54,74,54,74,128
SAN BENITO,consulta externa,nuevas en personas de 15 a 59 anos,2007-10-01,73,179,73,179,252
SAN BORJA,consulta externa,nuevas en personas de 15 a 59 anos,2007-10-01,248,576,248,576,824
SAN BUENA VENTURA,consulta externa,nuevas en personas de 15 a 59 anos,2007-10-01,261,487,261,487,748
SAN CARLOS,consulta externa,nuevas en personas de 15 a 59 anos,2007-10-01,162,699,162,699,861
SAN IGNACIO,consulta externa,nuevas en personas de 15 a 59 anos,2007-10-01,429,792,429,792,1221
SAN IGNACIO DE VELASCO,consulta externa,nuevas en personas de 15 a 59 anos,2007-10-01,603,1316,603,1316,1919
SAN JAVIER(BNI),consulta externa,nuevas en personas de 15 a 59 anos,2007-10-01,30,57,30,57,87
SAN JAVIER(STC),consulta externa,nuevas en personas de 15 a 59 anos,2007-10-01,102,257,102,257,359
SAN JOAQUIN,consulta externa,nuevas en personas de 15 a 59 anos,2007-10-01,61,80,61,80,141
SAN JOSE DE CHIQUITOS,consulta externa,nuevas en personas de 15 a 59 anos,2007-10-01,345,580,345,580,925
SAN JUAN DE YAPACANI,consulta externa,nuevas en personas de 15 a 59 anos,2007-10-01,208,422,208,422,630
SAN JULIAN,consulta externa,nuevas en personas de 15 a 59 anos,2007-10-01,1160,1752,1160,1752,2912
SAN LORENZO(PND),consulta externa,nuevas en personas de 15 a 59 anos,2007-10-01,29,38,29,38,67
SAN LORENZO(TJA),consulta externa,nuevas en personas de 15 a 59 anos,2007-10-01,416,1018,416,1018,1434
SAN LUCAS,consulta externa,nuevas en personas de 15 a 59 anos,2007-10-01,654,1568,654,1568,2222
SAN MATIAS,consulta externa,nuevas en personas de 15 a 59 anos,2007-10-01,122,246,122,246,368
SAN MIGUEL DE VELASCO,consulta externa,nuevas en personas de 15 a 59 anos,2007-10-01,102,190,102,190,292
SAN PABLO DE LIPEZ,consulta externa,nuevas en personas de 15 a 59 anos,2007-10-01,102,215,102,215,317
SAN PEDRO,consulta externa,nuevas en personas de 15 a 59 anos,2007-10-01,382,700,382,700,1082
SAN PEDRO DE BUENA VISTA,consulta externa,nuevas en personas de 15 a 59 anos,2007-10-01,255,532,255,532,787
SAN PEDRO DE CURAHUARA,consulta externa,nuevas en personas de 15 a 59 anos,2007-10-01,106,130,106,130,236
SAN PEDRO DE QUEMES,consulta externa,nuevas en personas de 15 a 59 anos,2007-10-01,12,13,12,13,25
SAN PEDRO DE TIQUINA,consulta externa,nuevas en personas de 15 a 59 anos,2007-10-01,30,51,30,51,81
SAN PEDRO(PND),consulta externa,nuevas en personas de 15 a 59 anos,2007-10-01,20,37,20,37,57
SAN RAFAEL,consulta externa,nuevas en personas de 15 a 59 anos,2007-10-01,142,198,142,198,340
SAN RAMON,consulta externa,nuevas en personas de 15 a 59 anos,2007-10-01,69,353,69,353,422
SANTA ANA,consulta externa,nuevas en personas de 15 a 59 anos,2007-10-01,196,438,196,438,634
SANTA CRUZ DE LA SIERRA,consulta externa,nuevas en personas de 15 a 59 anos,2007-10-01,23518,47494,23518,47494,71012
SANTA ROSA,consulta externa,nuevas en personas de 15 a 59 anos,2007-10-01,148,322,148,322,470
SANTA ROSA DEL SARA,consulta externa,nuevas en personas de 15 a 59 anos,2007-10-01,269,468,269,468,737
SANTIAGO DE CALLAPA,consulta externa,nuevas en personas de 15 a 59 anos,2007-10-01,32,52,32,52,84
SANTIAGO DE HUARI,consulta externa,nuevas en personas de 15 a 59 anos,2007-10-01,128,185,128,185,313
SANTIAGO DE MACHACA,consulta externa,nuevas en personas de 15 a 59 anos,2007-10-01,22,31,22,31,53
SANTIVAÑES,consulta externa,nuevas en personas de 15 a 59 anos,2007-10-01,55,119,55,119,174
SANTUARIO DE QUILLACAS,consulta externa,nuevas en personas de 15 a 59 anos,2007-10-01,36,41,36,41,77
SAPAHAQUI,consulta externa,nuevas en personas de 15 a 59 anos,2007-10-01,97,183,97,183,280
SENA,consulta externa,nuevas en personas de 15 a 59 anos,2007-10-01,24,33,24,33,57
SICA SICA (VILLA AROMA),consulta externa,nuevas en personas de 15 a 59 anos,2007-10-01,166,310,166,310,476
SICAYA,consulta externa,nuevas en personas de 15 a 59 anos,2007-10-01,12,15,12,15,27
SIPE SIPE,consulta externa,nuevas en personas de 15 a 59 anos,2007-10-01,69,249,69,249,318
SOPACHUY,consulta externa,nuevas en personas de 15 a 59 anos,2007-10-01,51,281,51,281,332
SORACACHI,consulta externa,nuevas en personas de 15 a 59 anos,2007-10-01,111,218,111,218,329
SORATA,consulta externa,nuevas en personas de 15 a 59 anos,2007-10-01,210,284,210,284,494
SUCRE,consulta externa,nuevas en personas de 15 a 59 anos,2007-10-01,9565,19034,9565,19034,28599
TACACHI,consulta externa,nuevas en personas de 15 a 59 anos,2007-10-01,11,30,11,30,41
TACACOMA,consulta externa,nuevas en personas de 15 a 59 anos,2007-10-01,97,114,97,114,211
TACOBAMBA,consulta externa,nuevas en personas de 15 a 59 anos,2007-10-01,150,262,150,262,412
TACOPAYA,consulta externa,nuevas en personas de 15 a 59 anos,2007-10-01,78,179,78,179,257
TAHUA,consulta externa,nuevas en personas de 15 a 59 anos,2007-10-01,25,52,25,52,77
TAPACARI,consulta externa,nuevas en personas de 15 a 59 anos,2007-10-01,168,482,168,482,650
TARABUCO,consulta externa,nuevas en personas de 15 a 59 anos,2007-10-01,264,510,264,510,774
TARACO,consulta externa,nuevas en personas de 15 a 59 anos,2007-10-01,26,72,26,72,98
TARATA,consulta externa,nuevas en personas de 15 a 59 anos,2007-10-01,28,91,28,91,119
TARIJA,consulta externa,nuevas en personas de 15 a 59 anos,2007-10-01,6908,13296,6908,13296,20204
TARVITA,consulta externa,nuevas en personas de 15 a 59 anos,2007-10-01,282,791,282,791,1073
TEOPONTE,consulta externa,nuevas en personas de 15 a 59 anos,2007-10-01,101,158,101,158,259
TIAWANACU,consulta externa,nuevas en personas de 15 a 59 anos,2007-10-01,71,174,71,174,245
TINGUIPAYA,consulta externa,nuevas en personas de 15 a 59 anos,2007-10-01,158,469,158,469,627
TIPUANI,consulta externa,nuevas en personas de 15 a 59 anos,2007-10-01,65,153,65,153,218
TIQUIPAYA,consulta externa,nuevas en personas de 15 a 59 anos,2007-10-01,168,871,168,871,1039
TIRAQUE (CBBA),consulta externa,nuevas en personas de 15 a 59 anos,2007-10-01,316,616,316,616,932
TITO YUPANQUI (PARQUIPUJIO),consulta externa,nuevas en personas de 15 a 59 anos,2007-10-01,32,55,32,55,87
TOCO,consulta externa,nuevas en personas de 15 a 59 anos,2007-10-01,27,67,27,67,94
TODOS SANTOS,consulta externa,nuevas en personas de 15 a 59 anos,2007-10-01,19,36,19,36,55
TOLATA,consulta externa,nuevas en personas de 15 a 59 anos,2007-10-01,59,110,59,110,169
TOLEDO,consulta externa,nuevas en personas de 15 a 59 anos,2007-10-01,100,175,100,175,275
TOMAVE,consulta externa,nuevas en personas de 15 a 59 anos,2007-10-01,193,365,193,365,558
TOMINA,consulta externa,nuevas en personas de 15 a 59 anos,2007-10-01,236,438,236,438,674
TORO TORO,consulta externa,nuevas en personas de 15 a 59 anos,2007-10-01,201,368,201,368,569
TOTORA(CBBA),consulta externa,nuevas en personas de 15 a 59 anos,2007-10-01,73,96,73,96,169
TOTORA(ORR),consulta externa,nuevas en personas de 15 a 59 anos,2007-10-01,54,97,54,97,151
TRIGAL,consulta externa,nuevas en personas de 15 a 59 anos,2007-10-01,40,59,40,59,99
TRINIDAD,consulta externa,nuevas en personas de 15 a 59 anos,2007-10-01,1303,3441,1303,3441,4744
TUPIZA,consulta externa,nuevas en personas de 15 a 59 anos,2007-10-01,1586,2650,1586,2650,4236
TURCO,consulta externa,nuevas en personas de 15 a 59 anos,2007-10-01,73,94,73,94,167
UMALA,consulta externa,nuevas en personas de 15 a 59 anos,2007-10-01,29,33,29,33,62
UNCIA,consulta externa,nuevas en personas de 15 a 59 anos,2007-10-01,575,1137,575,1137,1712
URIONDO (A. CONCEPCION),consulta externa,nuevas en personas de 15 a 59 anos,2007-10-01,427,917,427,917,1344
URUBICHA,consulta externa,nuevas en personas de 15 a 59 anos,2007-10-01,52,123,52,123,175
UYUNI,consulta externa,nuevas en personas de 15 a 59 anos,2007-10-01,546,1039,546,1039,1585
VACAS,consulta externa,nuevas en personas de 15 a 59 anos,2007-10-01,108,240,108,240,348
VALLEGRANDE,consulta externa,nuevas en personas de 15 a 59 anos,2007-10-01,499,992,499,992,1491
VIACHA,consulta externa,nuevas en personas de 15 a 59 anos,2007-10-01,593,1161,593,1161,1754
VILA VILA,consulta externa,nuevas en personas de 15 a 59 anos,2007-10-01,32,62,32,62,94
VILLA MONTES,consulta externa,nuevas en personas de 15 a 59 anos,2007-10-01,976,1472,976,1472,2448
VILLA NUEVA (LOMA ALTA),consulta externa,nuevas en personas de 15 a 59 anos,2007-10-01,62,131,62,131,193
VILLA RIVERO,consulta externa,nuevas en personas de 15 a 59 anos,2007-10-01,42,67,42,67,109
VILLA SERRANO,consulta externa,nuevas en personas de 15 a 59 anos,2007-10-01,222,506,222,506,728
VILLA TUNARI,consulta externa,nuevas en personas de 15 a 59 anos,2007-10-01,798,1902,798,1902,2700
VILLA VACA GUZMAN (MUYUPAMPA),consulta externa,nuevas en personas de 15 a 59 anos,2007-10-01,290,528,290,528,818
VILLAZON,consulta externa,nuevas en personas de 15 a 59 anos,2007-10-01,727,1918,727,1918,2645
VINTO,consulta externa,nuevas en personas de 15 a 59 anos,2007-10-01,208,402,208,402,610
VITICHI,consulta externa,nuevas en personas de 15 a 59 anos,2007-10-01,162,335,162,335,497
WALDO BALLIVIAN,consulta externa,nuevas en personas de 15 a 59 anos,2007-10-01,16,44,16,44,60
WARNES,consulta externa,nuevas en personas de 15 a 59 anos,2007-10-01,522,1031,522,1031,1553
YACO,consulta externa,nuevas en personas de 15 a 59 anos,2007-10-01,79,140,79,140,219
YACUIBA,consulta externa,nuevas en personas de 15 a 59 anos,2007-10-01,2487,5468,2487,5468,7955
YAMPARAEZ,consulta externa,nuevas en personas de 15 a 59 anos,2007-10-01,120,208,120,208,328
YANACACHI,consulta externa,nuevas en personas de 15 a 59 anos,2007-10-01,141,149,141,149,290
YAPACANI,consulta externa,nuevas en personas de 15 a 59 anos,2007-10-01,774,1445,774,1445,2219
YOCALLA,consulta externa,nuevas en personas de 15 a 59 anos,2007-10-01,104,210,104,210,314
YOTALA,consulta externa,nuevas en personas de 15 a 59 anos,2007-10-01,128,241,128,241,369
YUNCHARA,consulta externa,nuevas en personas de 15 a 59 anos,2007-10-01,149,376,149,376,525
ZUDAÑEZ,consulta externa,nuevas en personas de 15 a 59 anos,2007-10-01,245,353,245,353,598
ACACIO,consulta externa,nuevas en personas de 15 a 59 anos,2007-11-01,98,169,98,169,267
ACHACACHI,consulta externa,nuevas en personas de 15 a 59 anos,2007-11-01,361,644,361,644,1005
ACHOCALLA,consulta externa,nuevas en personas de 15 a 59 anos,2007-11-01,35,74,35,74,109
AIQUILE,consulta externa,nuevas en personas de 15 a 59 anos,2007-11-01,253,686,253,686,939
ALALAY,consulta externa,nuevas en personas de 15 a 59 anos,2007-11-01,18,29,18,29,47
ALCALA,consulta externa,nuevas en personas de 15 a 59 anos,2007-11-01,75,298,75,298,373
ANCORAIMES,consulta externa,nuevas en personas de 15 a 59 anos,2007-11-01,93,211,93,211,304
ANDAMARCA,consulta externa,nuevas en personas de 15 a 59 anos,2007-11-01,68,94,68,94,162
ANTEQUERA,consulta externa,nuevas en personas de 15 a 59 anos,2007-11-01,28,43,28,43,71
ANZALDO,consulta externa,nuevas en personas de 15 a 59 anos,2007-11-01,48,84,48,84,132
APOLO,consulta externa,nuevas en personas de 15 a 59 anos,2007-11-01,133,276,133,276,409
ARAMPAMPA,consulta externa,nuevas en personas de 15 a 59 anos,2007-11-01,62,118,62,118,180
ARANI,consulta externa,nuevas en personas de 15 a 59 anos,2007-11-01,32,76,32,76,108
ARBIETO,consulta externa,nuevas en personas de 15 a 59 anos,2007-11-01,51,160,51,160,211
ARQUE,consulta externa,nuevas en personas de 15 a 59 anos,2007-11-01,83,232,83,232,315
ASCENCION DE GUARAYOS,consulta externa,nuevas en personas de 15 a 59 anos,2007-11-01,136,249,136,249,385
ATOCHA,consulta externa,nuevas en personas de 15 a 59 anos,2007-11-01,1161,976,1161,976,2137
AUCAPATA,consulta externa,nuevas en personas de 15 a 59 anos,2007-11-01,105,127,105,127,232
AYATA,consulta externa,nuevas en personas de 15 a 59 anos,2007-11-01,119,219,119,219,338
AYO AYO,consulta externa,nuevas en personas de 15 a 59 anos,2007-11-01,51,90,51,90,141
AYOPAYA (V. DE INDEPENDENCIA),consulta externa,nuevas en personas de 15 a 59 anos,2007-11-01,270,493,270,493,763
AZURDUY,consulta externa,nuevas en personas de 15 a 59 anos,2007-11-01,220,541,220,541,761
BATALLAS,consulta externa,nuevas en personas de 15 a 59 anos,2007-11-01,76,169,76,169,245
BAURES,consulta externa,nuevas en personas de 15 a 59 anos,2007-11-01,48,188,48,188,236
BELEN DE ANDAMARCA,consulta externa,nuevas en personas de 15 a 59 anos,2007-11-01,26,34,26,34,60
BELEN DE URMIRI,consulta externa,nuevas en personas de 15 a 59 anos,2007-11-01,34,56,34,56,90
BELLA FLOR,consulta externa,nuevas en personas de 15 a 59 anos,2007-11-01,225,147,225,147,372
BERMEJO,consulta externa,nuevas en personas de 15 a 59 anos,2007-11-01,1416,2263,1416,2263,3679
BETANZOS,consulta externa,nuevas en personas de 15 a 59 anos,2007-11-01,478,1037,478,1037,1515
BOLIVAR,consulta externa,nuevas en personas de 15 a 59 anos,2007-11-01,58,125,58,125,183
BOLPEBRA,consulta externa,nuevas en personas de 15 a 59 anos,2007-11-01,36,63,36,63,99
BOYUIBE,consulta externa,nuevas en personas de 15 a 59 anos,2007-11-01,53,114,53,114,167
BUENA VISTA,consulta externa,nuevas en personas de 15 a 59 anos,2007-11-01,182,263,182,263,445
CABEZAS,consulta externa,nuevas en personas de 15 a 59 anos,2007-11-01,327,476,327,476,803
CAIROMA,consulta externa,nuevas en personas de 15 a 59 anos,2007-11-01,217,218,217,218,435
"CAIZA ""D""",consulta externa,nuevas en personas de 15 a 59 anos,2007-11-01,180,283,180,283,463
CAJUATA,consulta externa,nuevas en personas de 15 a 59 anos,2007-11-01,113,217,113,217,330
CALACOTO,consulta externa,nuevas en personas de 15 a 59 anos,2007-11-01,92,155,92,155,247
CALAMARCA,consulta externa,nuevas en personas de 15 a 59 anos,2007-11-01,89,190,89,190,279
CAMARGO,consulta externa,nuevas en personas de 15 a 59 anos,2007-11-01,420,912,420,912,1332
CAMATAQUI (C. VILLA ABECIA),consulta externa,nuevas en personas de 15 a 59 anos,2007-11-01,79,178,79,178,257
CAMIRI,consulta externa,nuevas en personas de 15 a 59 anos,2007-11-01,664,1585,664,1585,2249
CAPINOTA,consulta externa,nuevas en personas de 15 a 59 anos,2007-11-01,232,498,232,498,730
CAQUIAVIRI,consulta externa,nuevas en personas de 15 a 59 anos,2007-11-01,101,137,101,137,238
CARACOLLO,consulta externa,nuevas en personas de 15 a 59 anos,2007-11-01,113,254,113,254,367
CARANAVI,consulta externa,nuevas en personas de 15 a 59 anos,2007-11-01,785,1553,785,1553,2338
CARANGAS,consulta externa,nuevas en personas de 15 a 59 anos,2007-11-01,2,4,2,4,6
CARAPARI,consulta externa,nuevas en personas de 15 a 59 anos,2007-11-01,496,740,496,740,1236
CARIPUYO,consulta externa,nuevas en personas de 15 a 59 anos,2007-11-01,77,137,77,137,214
CARMEN RIVERO TORREZ,consulta externa,nuevas en personas de 15 a 59 anos,2007-11-01,65,68,65,68,133
CATACORA,consulta externa,nuevas en personas de 15 a 59 anos,2007-11-01,44,75,44,75,119
CHACARILLA,consulta externa,nuevas en personas de 15 a 59 anos,2007-11-01,16,16,16,16,32
CHALLAPATA,consulta externa,nuevas en personas de 15 a 59 anos,2007-11-01,280,595,280,595,875
CHAQUI,consulta externa,nuevas en personas de 15 a 59 anos,2007-11-01,96,172,96,172,268
CHARAGUA,consulta externa,nuevas en personas de 15 a 59 anos,2007-11-01,169,436,169,436,605
CHARAÑA,consulta externa,nuevas en personas de 15 a 59 anos,2007-11-01,85,69,85,69,154
CHAYANTA,consulta externa,nuevas en personas de 15 a 59 anos,2007-11-01,188,403,188,403,591
CHIMORE,consulta externa,nuevas en personas de 15 a 59 anos,2007-11-01,145,223,145,223,368
CHIPAYA,consulta externa,nuevas en personas de 15 a 59 anos,2007-11-01,22,20,22,20,42
CHOQUE COTA,consulta externa,nuevas en personas de 15 a 59 anos,2007-11-01,9,23,9,23,32
CHULUMANI (V. DE LA LIBERTAD),consulta externa,nuevas en personas de 15 a 59 anos,2007-11-01,254,269,254,269,523
CHUMA,consulta externa,nuevas en personas de 15 a 59 anos,2007-11-01,158,270,158,270,428
CLIZA,consulta externa,nuevas en personas de 15 a 59 anos,2007-11-01,89,135,89,135,224
COBIJA,consulta externa,nuevas en personas de 15 a 59 anos,2007-11-01,794,1850,794,1850,2644
COCHABAMBA,consulta externa,nuevas en personas de 15 a 59 anos,2007-11-01,11861,22450,11861,22450,34311
COIPASA,consulta externa,nuevas en personas de 15 a 59 anos,2007-11-01,12,11,12,11,23
COLCAPIRHUA,consulta externa,nuevas en personas de 15 a 59 anos,2007-11-01,386,762,386,762,1148
"COLCHA ""K""",consulta externa,nuevas en personas de 15 a 59 anos,2007-11-01,181,373,181,373,554
COLLANA,consulta externa,nuevas en personas de 15 a 59 anos,2007-11-01,26,39,26,39,65
COLOMI,consulta externa,nuevas en personas de 15 a 59 anos,2007-11-01,122,298,122,298,420
COLPA BELGICA,consulta externa,nuevas en personas de 15 a 59 anos,2007-11-01,206,215,206,215,421
COLQUECHACA,consulta externa,nuevas en personas de 15 a 59 anos,2007-11-01,312,688,312,688,1000
COLQUENCHA,consulta externa,nuevas en personas de 15 a 59 anos,2007-11-01,103,198,103,198,301
COLQUIRI,consulta externa,nuevas en personas de 15 a 59 anos,2007-11-01,255,422,255,422,677
COMANCHE,consulta externa,nuevas en personas de 15 a 59 anos,2007-11-01,52,91,52,91,143
COMARAPA,consulta externa,nuevas en personas de 15 a 59 anos,2007-11-01,261,566,261,566,827
COMBAYA,consulta externa,nuevas en personas de 15 a 59 anos,2007-11-01,32,38,32,38,70
CONCEPCION,consulta externa,nuevas en personas de 15 a 59 anos,2007-11-01,144,280,144,280,424
COPACABANA,consulta externa,nuevas en personas de 15 a 59 anos,2007-11-01,92,191,92,191,283
CORIPATA,consulta externa,nuevas en personas de 15 a 59 anos,2007-11-01,157,253,157,253,410
CORO CORO,consulta externa,nuevas en personas de 15 a 59 anos,2007-11-01,73,139,73,139,212
COROICO,consulta externa,nuevas en personas de 15 a 59 anos,2007-11-01,196,262,196,262,458
CORQUE,consulta externa,nuevas en personas de 15 a 59 anos,2007-11-01,114,213,114,213,327
COTAGAITA,consulta externa,nuevas en personas de 15 a 59 anos,2007-11-01,517,946,517,946,1463
COTOCA,consulta externa,nuevas en personas de 15 a 59 anos,2007-11-01,179,508,179,508,687
CUATRO CAÑADAS,consulta externa,nuevas en personas de 15 a 59 anos,2007-11-01,261,484,261,484,745
CUCHUMUELA (V. G. VILLARROEL),consulta externa,nuevas en personas de 15 a 59 anos,2007-11-01,9,28,9,28,37
CUEVO,consulta externa,nuevas en personas de 15 a 59 anos,2007-11-01,74,102,74,102,176
CULPINA,consulta externa,nuevas en personas de 15 a 59 anos,2007-11-01,238,608,238,608,846
CURAHUARA DE CARANGAS,consulta externa,nuevas en personas de 15 a 59 anos,2007-11-01,75,143,75,143,218
CURVA,consulta externa,nuevas en personas de 15 a 59 anos,2007-11-01,27,68,27,68,95
DESAGUADERO,consulta externa,nuevas en personas de 15 a 59 anos,2007-11-01,36,85,36,85,121
EL ALTO,consulta externa,nuevas en personas de 15 a 59 anos,2007-11-01,6793,15155,6793,15155,21948
EL CHORO,consulta externa,nuevas en personas de 15 a 59 anos,2007-11-01,75,132,75,132,207
EL PUENTE(STC),consulta externa,nuevas en personas de 15 a 59 anos,2007-11-01,102,223,102,223,325
EL PUENTE(TJA),consulta externa,nuevas en personas de 15 a 59 anos,2007-11-01,414,829,414,829,1243
EL TORNO,consulta externa,nuevas en personas de 15 a 59 anos,2007-11-01,797,1819,797,1819,2616
EL VILLAR,consulta externa,nuevas en personas de 15 a 59 anos,2007-11-01,140,272,140,272,412
ENTRE RIOS,consulta externa,nuevas en personas de 15 a 59 anos,2007-11-01,863,1370,863,1370,2233
ENTRE RIOS,consulta externa,nuevas en personas de 15 a 59 anos,2007-11-01,171,292,171,292,463
ESCARA,consulta externa,nuevas en personas de 15 a 59 anos,2007-11-01,3,6,3,6,9
ESMERALDA,consulta externa,nuevas en personas de 15 a 59 anos,2007-11-01,2,10,2,10,12
EUCALIPTUS,consulta externa,nuevas en personas de 15 a 59 anos,2007-11-01,79,125,79,125,204
EUREKA (SANTOS MERCADO),consulta externa,nuevas en personas de 15 a 59 anos,2007-11-01,47,76,47,76,123
EXALTACION,consulta externa,nuevas en personas de 15 a 59 anos,2007-11-01,32,66,32,66,98
FERNANDEZ ALONSO,consulta externa,nuevas en personas de 15 a 59 anos,2007-11-01,126,382,126,382,508
FILADELFIA,consulta externa,nuevas en personas de 15 a 59 anos,2007-11-01,99,174,99,174,273
GENERAL SAAVEDRA,consulta externa,nuevas en personas de 15 a 59 anos,2007-11-01,181,354,181,354,535
GRAL. J.J. PEREZ (CHARAZANI),consulta externa,nuevas en personas de 15 a 59 anos,2007-11-01,116,280,116,280,396
GUANAY,consulta externa,nuevas en personas de 15 a 59 anos,2007-11-01,144,295,144,295,439
GUAQUI,consulta externa,nuevas en personas de 15 a 59 anos,2007-11-01,41,90,41,90,131
GUAYARAMERIN,consulta externa,nuevas en personas de 15 a 59 anos,2007-11-01,513,1394,513,1394,1907
GUTIERREZ,consulta externa,nuevas en personas de 15 a 59 anos,2007-11-01,192,330,192,330,522
HUACARETA,consulta externa,nuevas en personas de 15 a 59 anos,2007-11-01,285,437,285,437,722
HUACAYA (VILLA DE HUACAYA),consulta externa,nuevas en personas de 15 a 59 anos,2007-11-01,38,148,38,148,186
HUACHACALLA,consulta externa,nuevas en personas de 15 a 59 anos,2007-11-01,114,144,114,144,258
HUANUNI,consulta externa,nuevas en personas de 15 a 59 anos,2007-11-01,515,707,515,707,1222
HUARACAJE,consulta externa,nuevas en personas de 15 a 59 anos,2007-11-01,27,72,27,72,99
HUAYLLAMARCA,consulta externa,nuevas en personas de 15 a 59 anos,2007-11-01,45,44,45,44,89
ICHOCA,consulta externa,nuevas en personas de 15 a 59 anos,2007-11-01,42,77,42,77,119
ICLA,consulta externa,nuevas en personas de 15 a 59 anos,2007-11-01,105,248,105,248,353
INCAHUASI,consulta externa,nuevas en personas de 15 a 59 anos,2007-11-01,258,775,258,775,1033
INGAVI (HUMAITA),consulta externa,nuevas en personas de 15 a 59 anos,2007-11-01,7,12,7,12,19
INQUISIVI,consulta externa,nuevas en personas de 15 a 59 anos,2007-11-01,123,196,123,196,319
IRUPANA (VILLA DE LANZA),consulta externa,nuevas en personas de 15 a 59 anos,2007-11-01,170,502,170,502,672
IXIAMAS,consulta externa,nuevas en personas de 15 a 59 anos,2007-11-01,106,920,106,920,1026
JESUS DE MACHACA,consulta externa,nuevas en personas de 15 a 59 anos,2007-11-01,119,320,119,320,439
LA ASUNTA,consulta externa,nuevas en personas de 15 a 59 anos,2007-11-01,368,565,368,565,933
LA GUARDIA,consulta externa,nuevas en personas de 15 a 59 anos,2007-11-01,352,840,352,840,1192
LA PAZ,consulta externa,nuevas en personas de 15 a 59 anos,2007-11-01,20403,37687,20403,37687,58090
LA RIVERA,consulta externa,nuevas en personas de 15 a 59 anos,2007-11-01,11,16,11,16,27
LAGUNILLAS,consulta externa,nuevas en personas de 15 a 59 anos,2007-11-01,208,326,208,326,534
LAJA,consulta externa,nuevas en personas de 15 a 59 anos,2007-11-01,79,213,79,213,292
LAS CARRERAS,consulta externa,nuevas en personas de 15 a 59 anos,2007-11-01,53,137,53,137,190
LICOMA PAMPA,consulta externa,nuevas en personas de 15 a 59 anos,2007-11-01,35,42,35,42,77
LLALLAGUA,consulta externa,nuevas en personas de 15 a 59 anos,2007-11-01,496,880,496,880,1376
LLICA,consulta externa,nuevas en personas de 15 a 59 anos,2007-11-01,128,182,128,182,310
LORETO,consulta externa,nuevas en personas de 15 a 59 anos,2007-11-01,29,28,29,28,57
LURIBAY,consulta externa,nuevas en personas de 15 a 59 anos,2007-11-01,179,329,179,329,508
MACHACAMARCA,consulta externa,nuevas en personas de 15 a 59 anos,2007-11-01,86,131,86,131,217
MACHARETI,consulta externa,nuevas en personas de 15 a 59 anos,2007-11-01,180,398,180,398,578
MAGDALENA,consulta externa,nuevas en personas de 15 a 59 anos,2007-11-01,115,184,115,184,299
MAIRANA,consulta externa,nuevas en personas de 15 a 59 anos,2007-11-01,76,228,76,228,304
MALLA,consulta externa,nuevas en personas de 15 a 59 anos,2007-11-01,35,87,35,87,122
MAPIRI,consulta externa,nuevas en personas de 15 a 59 anos,2007-11-01,163,319,163,319,482
MECAPACA,consulta externa,nuevas en personas de 15 a 59 anos,2007-11-01,147,197,147,197,344
MINEROS,consulta externa,nuevas en personas de 15 a 59 anos,2007-11-01,71,279,71,279,350
MIZQUE,consulta externa,nuevas en personas de 15 a 59 anos,2007-11-01,103,211,103,211,314
MOCOMOCO,consulta externa,nuevas en personas de 15 a 59 anos,2007-11-01,231,321,231,321,552
MOJINETE,consulta externa,nuevas en personas de 15 a 59 anos,2007-11-01,11,20,11,20,31
MOJOCOYA,consulta externa,nuevas en personas de 15 a 59 anos,2007-11-01,111,265,111,265,376
MONTEAGUDO,consulta externa,nuevas en personas de 15 a 59 anos,2007-11-01,777,1499,777,1499,2276
MONTERO,consulta externa,nuevas en personas de 15 a 59 anos,2007-11-01,853,2555,853,2555,3408
MORO MORO,consulta externa,nuevas en personas de 15 a 59 anos,2007-11-01,31,75,31,75,106
MOROCHATA,consulta externa,nuevas en personas de 15 a 59 anos,2007-11-01,111,287,111,287,398
NACEBE (SANTA ROSA DEL ABUNA),consulta externa,nuevas en personas de 15 a 59 anos,2007-11-01,206,152,206,152,358
NAZACARA DE PACAJES,consulta externa,nuevas en personas de 15 a 59 anos,2007-11-01,4,6,4,6,10
NUEVO MANOA (NUEVA ESPERANZA),consulta externa,nuevas en personas de 15 a 59 anos,2007-11-01,34,55,34,55,89
OCURI,consulta externa,nuevas en personas de 15 a 59 anos,2007-11-01,284,504,284,504,788
OKINAWA,consulta externa,nuevas en personas de 15 a 59 anos,2007-11-01,302,559,302,559,861
OMEREQUE,consulta externa,nuevas en personas de 15 a 59 anos,2007-11-01,82,155,82,155,237
ORURO,consulta externa,nuevas en personas de 15 a 59 anos,2007-11-01,7021,11216,7021,11216,18237
PADCAYA,consulta externa,nuevas en personas de 15 a 59 anos,2007-11-01,621,1160,621,1160,1781
PADILLA,consulta externa,nuevas en personas de 15 a 59 anos,2007-11-01,366,780,366,780,1146
PAILON,consulta externa,nuevas en personas de 15 a 59 anos,2007-11-01,164,210,164,210,374
PALCA,consulta externa,nuevas en personas de 15 a 59 anos,2007-11-01,112,172,112,172,284
PALOS BLANCOS,consulta externa,nuevas en personas de 15 a 59 anos,2007-11-01,517,700,517,700,1217
PAMPA AULLAGAS,consulta externa,nuevas en personas de 15 a 59 anos,2007-11-01,39,48,39,48,87
PAMPA GRANDE,consulta externa,nuevas en personas de 15 a 59 anos,2007-11-01,64,112,64,112,176
PAPEL PAMPA,consulta externa,nuevas en personas de 15 a 59 anos,2007-11-01,87,126,87,126,213
PASORAPA,consulta externa,nuevas en personas de 15 a 59 anos,2007-11-01,18,54,18,54,72
PATACAMAYA,consulta externa,nuevas en personas de 15 a 59 anos,2007-11-01,236,355,236,355,591
PAZÑA,consulta externa,nuevas en personas de 15 a 59 anos,2007-11-01,103,211,103,211,314
PELECHUCO,consulta externa,nuevas en personas de 15 a 59 anos,2007-11-01,124,114,124,114,238
POCOATA,consulta externa,nuevas en personas de 15 a 59 anos,2007-11-01,234,444,234,444,678
POCONA,consulta externa,nuevas en personas de 15 a 59 anos,2007-11-01,126,178,126,178,304
POJO (CBBA),consulta externa,nuevas en personas de 15 a 59 anos,2007-11-01,17,64,17,64,81
POOPO,consulta externa,nuevas en personas de 15 a 59 anos,2007-11-01,81,104,81,104,185
PORCO,consulta externa,nuevas en personas de 15 a 59 anos,2007-11-01,145,164,145,164,309
POROMA,consulta externa,nuevas en personas de 15 a 59 anos,2007-11-01,320,672,320,672,992
PORONGO,consulta externa,nuevas en personas de 15 a 59 anos,2007-11-01,70,163,70,163,233
PORTACHUELO,consulta externa,nuevas en personas de 15 a 59 anos,2007-11-01,212,692,212,692,904
PORVENIR,consulta externa,nuevas en personas de 15 a 59 anos,2007-11-01,87,114,87,114,201
POSTRER VALLE,consulta externa,nuevas en personas de 15 a 59 anos,2007-11-01,60,100,60,100,160
POTOSI,consulta externa,nuevas en personas de 15 a 59 anos,2007-11-01,3387,7430,3387,7430,10817
PRESTO,consulta externa,nuevas en personas de 15 a 59 anos,2007-11-01,87,278,87,278,365
PUCARA,consulta externa,nuevas en personas de 15 a 59 anos,2007-11-01,49,126,49,126,175
PUCARANI,consulta externa,nuevas en personas de 15 a 59 anos,2007-11-01,186,303,186,303,489
PUERTO ACOSTA,consulta externa,nuevas en personas de 15 a 59 anos,2007-11-01,250,383,250,383,633
PUERTO CARABUCO,consulta externa,nuevas en personas de 15 a 59 anos,2007-11-01,185,232,185,232,417
PUERTO GONZALO MORENO,consulta externa,nuevas en personas de 15 a 59 anos,2007-11-01,77,127,77,127,204
PUERTO PEREZ,consulta externa,nuevas en personas de 15 a 59 anos,2007-11-01,74,94,74,94,168
PUERTO QUIJARRO,consulta externa,nuevas en personas de 15 a 59 anos,2007-11-01,520,526,520,526,1046
PUERTO RICO,consulta externa,nuevas en personas de 15 a 59 anos,2007-11-01,218,320,218,320,538
PUERTO SILES,consulta externa,nuevas en personas de 15 a 59 anos,2007-11-01,35,26,35,26,61
PUERTO SUAREZ,consulta externa,nuevas en personas de 15 a 59 anos,2007-11-01,319,367,319,367,686
PUERTO VILLARROEL,consulta externa,nuevas en personas de 15 a 59 anos,2007-11-01,552,912,552,912,1464
PUNA,consulta externa,nuevas en personas de 15 a 59 anos,2007-11-01,487,1053,487,1053,1540
PUNATA,consulta externa,nuevas en personas de 15 a 59 anos,2007-11-01,308,889,308,889,1197
QUIABAYA,consulta externa,nuevas en personas de 15 a 59 anos,2007-11-01,28,38,28,38,66
QUILLACOLLO,consulta externa,nuevas en personas de 15 a 59 anos,2007-11-01,725,1499,725,1499,2224
QUIME,consulta externa,nuevas en personas de 15 a 59 anos,2007-11-01,328,150,328,150,478
QUIRUSILLAS,consulta externa,nuevas en personas de 15 a 59 anos,2007-11-01,26,44,26,44,70
RAVELO,consulta externa,nuevas en personas de 15 a 59 anos,2007-11-01,181,343,181,343,524
REYES,consulta externa,nuevas en personas de 15 a 59 anos,2007-11-01,117,366,117,366,483
RIBERALTA,consulta externa,nuevas en personas de 15 a 59 anos,2007-11-01,1104,1968,1104,1968,3072
ROBORE,consulta externa,nuevas en personas de 15 a 59 anos,2007-11-01,217,661,217,661,878
RURRENABAQUE,consulta externa,nuevas en personas de 15 a 59 anos,2007-11-01,187,367,187,367,554
SABAYA,consulta externa,nuevas en personas de 15 a 59 anos,2007-11-01,112,146,112,146,258
SACABA,consulta externa,nuevas en personas de 15 a 59 anos,2007-11-01,809,1562,809,1562,2371
SACABAMBA,consulta externa,nuevas en personas de 15 a 59 anos,2007-11-01,37,41,37,41,78
SACACA,consulta externa,nuevas en personas de 15 a 59 anos,2007-11-01,192,375,192,375,567
SAIPINA,consulta externa,nuevas en personas de 15 a 59 anos,2007-11-01,223,380,223,380,603
SALINAS DE GARCI MENDOZA,consulta externa,nuevas en personas de 15 a 59 anos,2007-11-01,140,236,140,236,376
SAMAIPATA,consulta externa,nuevas en personas de 15 a 59 anos,2007-11-01,90,148,90,148,238
SAN AGUSTIN,consulta externa,nuevas en personas de 15 a 59 anos,2007-11-01,48,84,48,84,132
SAN ANDRES,consulta externa,nuevas en personas de 15 a 59 anos,2007-11-01,73,194,73,194,267
SAN ANDRES DE MACHACA,consulta externa,nuevas en personas de 15 a 59 anos,2007-11-01,92,158,92,158,250
SAN ANTONIO DE ESMORUCO,consulta externa,nuevas en personas de 15 a 59 anos,2007-11-01,54,77,54,77,131
SAN ANTONIO DE LOMERIO,consulta externa,nuevas en personas de 15 a 59 anos,2007-11-01,52,69,52,69,121
SAN BENITO,consulta externa,nuevas en personas de 15 a 59 anos,2007-11-01,67,137,67,137,204
SAN BORJA,consulta externa,nuevas en personas de 15 a 59 anos,2007-11-01,206,562,206,562,768
SAN BUENA VENTURA,consulta externa,nuevas en personas de 15 a 59 anos,2007-11-01,217,327,217,327,544
SAN CARLOS,consulta externa,nuevas en personas de 15 a 59 anos,2007-11-01,182,563,182,563,745
SAN IGNACIO,consulta externa,nuevas en personas de 15 a 59 anos,2007-11-01,341,657,341,657,998
SAN IGNACIO DE VELASCO,consulta externa,nuevas en personas de 15 a 59 anos,2007-11-01,739,1436,739,1436,2175
SAN JAVIER(BNI),consulta externa,nuevas en personas de 15 a 59 anos,2007-11-01,29,59,29,59,88
SAN JAVIER(STC),consulta externa,nuevas en personas de 15 a 59 anos,2007-11-01,44,155,44,155,199
SAN JOAQUIN,consulta externa,nuevas en personas de 15 a 59 anos,2007-11-01,38,144,38,144,182
SAN JOSE DE CHIQUITOS,consulta externa,nuevas en personas de 15 a 59 anos,2007-11-01,232,501,232,501,733
SAN JUAN DE YAPACANI,consulta externa,nuevas en personas de 15 a 59 anos,2007-11-01,197,366,197,366,563
SAN JULIAN,consulta externa,nuevas en personas de 15 a 59 anos,2007-11-01,740,10554,740,10554,11294
SAN LORENZO(PND),consulta externa,nuevas en personas de 15 a 59 anos,2007-11-01,63,82,63,82,145
SAN LORENZO(TJA),consulta externa,nuevas en personas de 15 a 59 anos,2007-11-01,421,1025,421,1025,1446
SAN LUCAS,consulta externa,nuevas en personas de 15 a 59 anos,2007-11-01,692,1723,692,1723,2415
SAN MATIAS,consulta externa,nuevas en personas de 15 a 59 anos,2007-11-01,164,261,164,261,425
SAN MIGUEL DE VELASCO,consulta externa,nuevas en personas de 15 a 59 anos,2007-11-01,90,197,90,197,287
SAN PABLO DE LIPEZ,consulta externa,nuevas en personas de 15 a 59 anos,2007-11-01,93,175,93,175,268
SAN PEDRO,consulta externa,nuevas en personas de 15 a 59 anos,2007-11-01,389,664,389,664,1053
SAN PEDRO DE BUENA VISTA,consulta externa,nuevas en personas de 15 a 59 anos,2007-11-01,259,475,259,475,734
SAN PEDRO DE CURAHUARA,consulta externa,nuevas en personas de 15 a 59 anos,2007-11-01,68,103,68,103,171
SAN PEDRO DE QUEMES,consulta externa,nuevas en personas de 15 a 59 anos,2007-11-01,6,18,6,18,24
SAN PEDRO DE TIQUINA,consulta externa,nuevas en personas de 15 a 59 anos,2007-11-01,30,46,30,46,76
SAN PEDRO(PND),consulta externa,nuevas en personas de 15 a 59 anos,2007-11-01,10,10,10,10,20
SAN RAFAEL,consulta externa,nuevas en personas de 15 a 59 anos,2007-11-01,104,138,104,138,242
SAN RAMON,consulta externa,nuevas en personas de 15 a 59 anos,2007-11-01,87,177,87,177,264
SAN RAMON,consulta externa,nuevas en personas de 15 a 59 anos,2007-11-01,216,299,216,299,515
SANTA ANA,consulta externa,nuevas en personas de 15 a 59 anos,2007-11-01,191,531,191,531,722
SANTA CRUZ DE LA SIERRA,consulta externa,nuevas en personas de 15 a 59 anos,2007-11-01,19614,39815,19614,39815,59429
SANTA ROSA,consulta externa,nuevas en personas de 15 a 59 anos,2007-11-01,153,223,153,223,376
SANTA ROSA DEL SARA,consulta externa,nuevas en personas de 15 a 59 anos,2007-11-01,166,312,166,312,478
SANTIAGO DE CALLAPA,consulta externa,nuevas en personas de 15 a 59 anos,2007-11-01,28,34,28,34,62
SANTIAGO DE HUARI,consulta externa,nuevas en personas de 15 a 59 anos,2007-11-01,147,177,147,177,324
SANTIAGO DE MACHACA,consulta externa,nuevas en personas de 15 a 59 anos,2007-11-01,28,43,28,43,71
SANTIVAÑES,consulta externa,nuevas en personas de 15 a 59 anos,2007-11-01,50,87,50,87,137
SANTUARIO DE QUILLACAS,consulta externa,nuevas en personas de 15 a 59 anos,2007-11-01,30,24,30,24,54
SAPAHAQUI,consulta externa,nuevas en personas de 15 a 59 anos,2007-11-01,113,141,113,141,254
SENA,consulta externa,nuevas en personas de 15 a 59 anos,2007-11-01,23,46,23,46,69
SICA SICA (VILLA AROMA),consulta externa,nuevas en personas de 15 a 59 anos,2007-11-01,155,242,155,242,397
SICAYA,consulta externa,nuevas en personas de 15 a 59 anos,2007-11-01,19,49,19,49,68
SIPE SIPE,consulta externa,nuevas en personas de 15 a 59 anos,2007-11-01,82,381,82,381,463
SOPACHUY,consulta externa,nuevas en personas de 15 a 59 anos,2007-11-01,143,286,143,286,429
SORACACHI,consulta externa,nuevas en personas de 15 a 59 anos,2007-11-01,62,82,62,82,144
SORATA,consulta externa,nuevas en personas de 15 a 59 anos,2007-11-01,231,307,231,307,538
SUCRE,consulta externa,nuevas en personas de 15 a 59 anos,2007-11-01,7891,15760,7891,15760,23651
TACACHI,consulta externa,nuevas en personas de 15 a 59 anos,2007-11-01,9,38,9,38,47
TACACOMA,consulta externa,nuevas en personas de 15 a 59 anos,2007-11-01,66,100,66,100,166
TACOBAMBA,consulta externa,nuevas en personas de 15 a 59 anos,2007-11-01,108,164,108,164,272
TACOPAYA,consulta externa,nuevas en personas de 15 a 59 anos,2007-11-01,66,135,66,135,201
TAHUA,consulta externa,nuevas en personas de 15 a 59 anos,2007-11-01,36,55,36,55,91
TAPACARI,consulta externa,nuevas en personas de 15 a 59 anos,2007-11-01,148,408,148,408,556
TARABUCO,consulta externa,nuevas en personas de 15 a 59 anos,2007-11-01,246,423,246,423,669
TARACO,consulta externa,nuevas en personas de 15 a 59 anos,2007-11-01,27,82,27,82,109
TARATA,consulta externa,nuevas en personas de 15 a 59 anos,2007-11-01,53,138,53,138,191
TARIJA,consulta externa,nuevas en personas de 15 a 59 anos,2007-11-01,6092,10899,6092,10899,16991
TARVITA,consulta externa,nuevas en personas de 15 a 59 anos,2007-11-01,306,800,306,800,1106
TEOPONTE,consulta externa,nuevas en personas de 15 a 59 anos,2007-11-01,74,138,74,138,212
TIAWANACU,consulta externa,nuevas en personas de 15 a 59 anos,2007-11-01,160,203,160,203,363
TINGUIPAYA,consulta externa,nuevas en personas de 15 a 59 anos,2007-11-01,151,405,151,405,556
TIPUANI,consulta externa,nuevas en personas de 15 a 59 anos,2007-11-01,99,166,99,166,265
TIQUIPAYA,consulta externa,nuevas en personas de 15 a 59 anos,2007-11-01,171,655,171,655,826
TIRAQUE (CBBA),consulta externa,nuevas en personas de 15 a 59 anos,2007-11-01,366,577,366,577,943
TITO YUPANQUI (PARQUIPUJIO),consulta externa,nuevas en personas de 15 a 59 anos,2007-11-01,25,63,25,63,88
TOCO,consulta externa,nuevas en personas de 15 a 59 anos,2007-11-01,30,60,30,60,90
TODOS SANTOS,consulta externa,nuevas en personas de 15 a 59 anos,2007-11-01,21,28,21,28,49
TOLATA,consulta externa,nuevas en personas de 15 a 59 anos,2007-11-01,29,76,29,76,105
TOLEDO,consulta externa,nuevas en personas de 15 a 59 anos,2007-11-01,86,207,86,207,293
TOMAVE,consulta externa,nuevas en personas de 15 a 59 anos,2007-11-01,179,361,179,361,540
TOMINA,consulta externa,nuevas en personas de 15 a 59 anos,2007-11-01,229,422,229,422,651
TORO TORO,consulta externa,nuevas en personas de 15 a 59 anos,2007-11-01,187,322,187,322,509
TOTORA(CBBA),consulta externa,nuevas en personas de 15 a 59 anos,2007-11-01,72,114,72,114,186
TOTORA(ORR),consulta externa,nuevas en personas de 15 a 59 anos,2007-11-01,59,117,59,117,176
TRIGAL,consulta externa,nuevas en personas de 15 a 59 anos,2007-11-01,38,69,38,69,107
TRINIDAD,consulta externa,nuevas en personas de 15 a 59 anos,2007-11-01,575,2160,575,2160,2735
TUPIZA,consulta externa,nuevas en personas de 15 a 59 anos,2007-11-01,1582,2871,1582,2871,4453
TURCO,consulta externa,nuevas en personas de 15 a 59 anos,2007-11-01,90,145,90,145,235
UMALA,consulta externa,nuevas en personas de 15 a 59 anos,2007-11-01,35,58,35,58,93
UNCIA,consulta externa,nuevas en personas de 15 a 59 anos,2007-11-01,577,1150,577,1150,1727
URIONDO (A. CONCEPCION),consulta externa,nuevas en personas de 15 a 59 anos,2007-11-01,341,819,341,819,1160
URUBICHA,consulta externa,nuevas en personas de 15 a 59 anos,2007-11-01,42,88,42,88,130
UYUNI,consulta externa,nuevas en personas de 15 a 59 anos,2007-11-01,429,935,429,935,1364
VACAS,consulta externa,nuevas en personas de 15 a 59 anos,2007-11-01,90,196,90,196,286
VALLEGRANDE,consulta externa,nuevas en personas de 15 a 59 anos,2007-11-01,335,696,335,696,1031
VIACHA,consulta externa,nuevas en personas de 15 a 59 anos,2007-11-01,479,1121,479,1121,1600
VILA VILA,consulta externa,nuevas en personas de 15 a 59 anos,2007-11-01,27,71,27,71,98
VILLA MONTES,consulta externa,nuevas en personas de 15 a 59 anos,2007-11-01,694,1123,694,1123,1817
VILLA NUEVA (LOMA ALTA),consulta externa,nuevas en personas de 15 a 59 anos,2007-11-01,33,20,33,20,53
VILLA RIVERO,consulta externa,nuevas en personas de 15 a 59 anos,2007-11-01,42,93,42,93,135
VILLA SERRANO,consulta externa,nuevas en personas de 15 a 59 anos,2007-11-01,276,455,276,455,731
VILLA TUNARI,consulta externa,nuevas en personas de 15 a 59 anos,2007-11-01,645,1123,645,1123,1768
VILLA VACA GUZMAN (MUYUPAMPA),consulta externa,nuevas en personas de 15 a 59 anos,2007-11-01,251,534,251,534,785
VILLAZON,consulta externa,nuevas en personas de 15 a 59 anos,2007-11-01,687,1906,687,1906,2593
VINTO,consulta externa,nuevas en personas de 15 a 59 anos,2007-11-01,189,338,189,338,527
VITICHI,consulta externa,nuevas en personas de 15 a 59 anos,2007-11-01,145,363,145,363,508
WALDO BALLIVIAN,consulta externa,nuevas en personas de 15 a 59 anos,2007-11-01,8,28,8,28,36
WARNES,consulta externa,nuevas en personas de 15 a 59 anos,2007-11-01,205,553,205,553,758
YACO,consulta externa,nuevas en personas de 15 a 59 anos,2007-11-01,101,170,101,170,271
YACUIBA,consulta externa,nuevas en personas de 15 a 59 anos,2007-11-01,2195,4991,2195,4991,7186
YAMPARAEZ,consulta externa,nuevas en personas de 15 a 59 anos,2007-11-01,94,183,94,183,277
YANACACHI,consulta externa,nuevas en personas de 15 a 59 anos,2007-11-01,111,106,111,106,217
YAPACANI,consulta externa,nuevas en personas de 15 a 59 anos,2007-11-01,714,1254,714,1254,1968
YOCALLA,consulta externa,nuevas en personas de 15 a 59 anos,2007-11-01,87,182,87,182,269
YOTALA,consulta externa,nuevas en personas de 15 a 59 anos,2007-11-01,143,225,143,225,368
YUNCHARA,consulta externa,nuevas en personas de 15 a 59 anos,2007-11-01,207,505,207,505,712
ZUDAÑEZ,consulta externa,nuevas en personas de 15 a 59 anos,2007-11-01,185,414,185,414,599
ACACIO,consulta externa,nuevas en personas de 15 a 59 anos,2007-12-01,93,103,93,103,196
ACHACACHI,consulta externa,nuevas en personas de 15 a 59 anos,2007-12-01,358,1555,358,1555,1913
ACHOCALLA,consulta externa,nuevas en personas de 15 a 59 anos,2007-12-01,28,88,28,88,116
AIQUILE,consulta externa,nuevas en personas de 15 a 59 anos,2007-12-01,238,578,238,578,816
ALALAY,consulta externa,nuevas en personas de 15 a 59 anos,2007-12-01,10,39,10,39,49
ALCALA,consulta externa,nuevas en personas de 15 a 59 anos,2007-12-01,70,260,70,260,330
ANCORAIMES,consulta externa,nuevas en personas de 15 a 59 anos,2007-12-01,97,177,97,177,274
ANDAMARCA,consulta externa,nuevas en personas de 15 a 59 anos,2007-12-01,51,109,51,109,160
ANTEQUERA,consulta externa,nuevas en personas de 15 a 59 anos,2007-12-01,19,32,19,32,51
ANZALDO,consulta externa,nuevas en personas de 15 a 59 anos,2007-12-01,28,39,28,39,67
APOLO,consulta externa,nuevas en personas de 15 a 59 anos,2007-12-01,92,222,92,222,314
ARAMPAMPA,consulta externa,nuevas en personas de 15 a 59 anos,2007-12-01,48,111,48,111,159
ARANI,consulta externa,nuevas en personas de 15 a 59 anos,2007-12-01,45,91,45,91,136
ARBIETO,consulta externa,nuevas en personas de 15 a 59 anos,2007-12-01,41,163,41,163,204
ARQUE,consulta externa,nuevas en personas de 15 a 59 anos,2007-12-01,70,177,70,177,247
ASCENCION DE GUARAYOS,consulta externa,nuevas en personas de 15 a 59 anos,2007-12-01,127,271,127,271,398
ATOCHA,consulta externa,nuevas en personas de 15 a 59 anos,2007-12-01,787,1129,787,1129,1916
AUCAPATA,consulta externa,nuevas en personas de 15 a 59 anos,2007-12-01,91,134,91,134,225
AYATA,consulta externa,nuevas en personas de 15 a 59 anos,2007-12-01,72,137,72,137,209
AYO AYO,consulta externa,nuevas en personas de 15 a 59 anos,2007-12-01,64,93,64,93,157
AYOPAYA (V. DE INDEPENDENCIA),consulta externa,nuevas en personas de 15 a 59 anos,2007-12-01,207,381,207,381,588
AZURDUY,consulta externa,nuevas en personas de 15 a 59 anos,2007-12-01,160,310,160,310,470
BATALLAS,consulta externa,nuevas en personas de 15 a 59 anos,2007-12-01,85,174,85,174,259
BAURES,consulta externa,nuevas en personas de 15 a 59 anos,2007-12-01,37,82,37,82,119
BELEN DE ANDAMARCA,consulta externa,nuevas en personas de 15 a 59 anos,2007-12-01,13,33,13,33,46
BELEN DE URMIRI,consulta externa,nuevas en personas de 15 a 59 anos,2007-12-01,13,52,13,52,65
BELLA FLOR,consulta externa,nuevas en personas de 15 a 59 anos,2007-12-01,29,41,29,41,70
BERMEJO,consulta externa,nuevas en personas de 15 a 59 anos,2007-12-01,1425,2415,1425,2415,3840
BETANZOS,consulta externa,nuevas en personas de 15 a 59 anos,2007-12-01,406,922,406,922,1328
BOLIVAR,consulta externa,nuevas en personas de 15 a 59 anos,2007-12-01,48,66,48,66,114
BOLPEBRA,consulta externa,nuevas en personas de 15 a 59 anos,2007-12-01,48,51,48,51,99
BOYUIBE,consulta externa,nuevas en personas de 15 a 59 anos,2007-12-01,52,102,52,102,154
BUENA VISTA,consulta externa,nuevas en personas de 15 a 59 anos,2007-12-01,204,290,204,290,494
CABEZAS,consulta externa,nuevas en personas de 15 a 59 anos,2007-12-01,315,593,315,593,908
CAIROMA,consulta externa,nuevas en personas de 15 a 59 anos,2007-12-01,106,205,106,205,311
"CAIZA ""D""",consulta externa,nuevas en personas de 15 a 59 anos,2007-12-01,198,286,198,286,484
CAJUATA,consulta externa,nuevas en personas de 15 a 59 anos,2007-12-01,116,195,116,195,311
CALACOTO,consulta externa,nuevas en personas de 15 a 59 anos,2007-12-01,83,134,83,134,217
CALAMARCA,consulta externa,nuevas en personas de 15 a 59 anos,2007-12-01,72,172,72,172,244
CAMARGO,consulta externa,nuevas en personas de 15 a 59 anos,2007-12-01,321,713,321,713,1034
CAMATAQUI (C. VILLA ABECIA),consulta externa,nuevas en personas de 15 a 59 anos,2007-12-01,78,170,78,170,248
CAMIRI,consulta externa,nuevas en personas de 15 a 59 anos,2007-12-01,610,1352,610,1352,1962
CAPINOTA,consulta externa,nuevas en personas de 15 a 59 anos,2007-12-01,185,514,185,514,699
CAQUIAVIRI,consulta externa,nuevas en personas de 15 a 59 anos,2007-12-01,59,87,59,87,146
CARACOLLO,consulta externa,nuevas en personas de 15 a 59 anos,2007-12-01,68,190,68,190,258
CARANAVI,consulta externa,nuevas en personas de 15 a 59 anos,2007-12-01,766,1302,766,1302,2068
CARANGAS,consulta externa,nuevas en personas de 15 a 59 anos,2007-12-01,2,1,2,1,3
CARAPARI,consulta externa,nuevas en personas de 15 a 59 anos,2007-12-01,451,579,451,579,1030
CARIPUYO,consulta externa,nuevas en personas de 15 a 59 anos,2007-12-01,62,171,62,171,233
CARMEN RIVERO TORREZ,consulta externa,nuevas en personas de 15 a 59 anos,2007-12-01,36,81,36,81,117
CATACORA,consulta externa,nuevas en personas de 15 a 59 anos,2007-12-01,24,46,24,46,70
CHACARILLA,consulta externa,nuevas en personas de 15 a 59 anos,2007-12-01,11,13,11,13,24
CHALLAPATA,consulta externa,nuevas en personas de 15 a 59 anos,2007-12-01,311,598,311,598,909
CHAQUI,consulta externa,nuevas en personas de 15 a 59 anos,2007-12-01,59,144,59,144,203
CHARAGUA,consulta externa,nuevas en personas de 15 a 59 anos,2007-12-01,116,271,116,271,387
CHARAÑA,consulta externa,nuevas en personas de 15 a 59 anos,2007-12-01,50,50,50,50,100
CHAYANTA,consulta externa,nuevas en personas de 15 a 59 anos,2007-12-01,133,323,133,323,456
CHIMORE,consulta externa,nuevas en personas de 15 a 59 anos,2007-12-01,132,206,132,206,338
CHIPAYA,consulta externa,nuevas en personas de 15 a 59 anos,2007-12-01,8,16,8,16,24
CHOQUE COTA,consulta externa,nuevas en personas de 15 a 59 anos,2007-12-01,5,18,5,18,23
CHULUMANI (V. DE LA LIBERTAD),consulta externa,nuevas en personas de 15 a 59 anos,2007-12-01,202,314,202,314,516
CHUMA,consulta externa,nuevas en personas de 15 a 59 anos,2007-12-01,105,168,105,168,273
CLIZA,consulta externa,nuevas en personas de 15 a 59 anos,2007-12-01,77,125,77,125,202
COBIJA,consulta externa,nuevas en personas de 15 a 59 anos,2007-12-01,821,1459,821,1459,2280
COCHABAMBA,consulta externa,nuevas en personas de 15 a 59 anos,2007-12-01,12376,22920,12376,22920,35296
COIPASA,consulta externa,nuevas en personas de 15 a 59 anos,2007-12-01,4,9,4,9,13
COLCAPIRHUA,consulta externa,nuevas en personas de 15 a 59 anos,2007-12-01,378,678,378,678,1056
"COLCHA ""K""",consulta externa,nuevas en personas de 15 a 59 anos,2007-12-01,161,280,161,280,441
COLLANA,consulta externa,nuevas en personas de 15 a 59 anos,2007-12-01,18,33,18,33,51
COLOMI,consulta externa,nuevas en personas de 15 a 59 anos,2007-12-01,144,200,144,200,344
COLPA BELGICA,consulta externa,nuevas en personas de 15 a 59 anos,2007-12-01,168,197,168,197,365
COLQUECHACA,consulta externa,nuevas en personas de 15 a 59 anos,2007-12-01,324,606,324,606,930
COLQUENCHA,consulta externa,nuevas en personas de 15 a 59 anos,2007-12-01,74,162,74,162,236
COLQUIRI,consulta externa,nuevas en personas de 15 a 59 anos,2007-12-01,226,385,226,385,611
COMANCHE,consulta externa,nuevas en personas de 15 a 59 anos,2007-12-01,43,62,43,62,105
COMARAPA,consulta externa,nuevas en personas de 15 a 59 anos,2007-12-01,179,458,179,458,637
COMBAYA,consulta externa,nuevas en personas de 15 a 59 anos,2007-12-01,16,26,16,26,42
CONCEPCION,consulta externa,nuevas en personas de 15 a 59 anos,2007-12-01,35,121,35,121,156
COPACABANA,consulta externa,nuevas en personas de 15 a 59 anos,2007-12-01,15,139,15,139,154
CORIPATA,consulta externa,nuevas en personas de 15 a 59 anos,2007-12-01,137,188,137,188,325
CORO CORO,consulta externa,nuevas en personas de 15 a 59 anos,2007-12-01,71,91,71,91,162
COROICO,consulta externa,nuevas en personas de 15 a 59 anos,2007-12-01,154,216,154,216,370
CORQUE,consulta externa,nuevas en personas de 15 a 59 anos,2007-12-01,74,149,74,149,223
COTAGAITA,consulta externa,nuevas en personas de 15 a 59 anos,2007-12-01,735,1187,735,1187,1922
COTOCA,consulta externa,nuevas en personas de 15 a 59 anos,2007-12-01,260,471,260,471,731
CUATRO CAÑADAS,consulta externa,nuevas en personas de 15 a 59 anos,2007-12-01,194,375,194,375,569
CUCHUMUELA (V. G. VILLARROEL),consulta externa,nuevas en personas de 15 a 59 anos,2007-12-01,14,15,14,15,29
CUEVO,consulta externa,nuevas en personas de 15 a 59 anos,2007-12-01,69,111,69,111,180
CULPINA,consulta externa,nuevas en personas de 15 a 59 anos,2007-12-01,216,518,216,518,734
CURAHUARA DE CARANGAS,consulta externa,nuevas en personas de 15 a 59 anos,2007-12-01,51,125,51,125,176
CURVA,consulta externa,nuevas en personas de 15 a 59 anos,2007-12-01,36,65,36,65,101
DESAGUADERO,consulta externa,nuevas en personas de 15 a 59 anos,2007-12-01,35,68,35,68,103
EL ALTO,consulta externa,nuevas en personas de 15 a 59 anos,2007-12-01,7209,13296,7209,13296,20505
EL CHORO,consulta externa,nuevas en personas de 15 a 59 anos,2007-12-01,52,126,52,126,178
EL PUENTE(STC),consulta externa,nuevas en personas de 15 a 59 anos,2007-12-01,80,194,80,194,274
EL PUENTE(TJA),consulta externa,nuevas en personas de 15 a 59 anos,2007-12-01,232,600,232,600,832
EL TORNO,consulta externa,nuevas en personas de 15 a 59 anos,2007-12-01,988,1781,988,1781,2769
EL VILLAR,consulta externa,nuevas en personas de 15 a 59 anos,2007-12-01,131,280,131,280,411
ENTRE RIOS,consulta externa,nuevas en personas de 15 a 59 anos,2007-12-01,712,1154,712,1154,1866
ENTRE RIOS,consulta externa,nuevas en personas de 15 a 59 anos,2007-12-01,268,333,268,333,601
ESMERALDA,consulta externa,nuevas en personas de 15 a 59 anos,2007-12-01,1,3,1,3,4
EUCALIPTUS,consulta externa,nuevas en personas de 15 a 59 anos,2007-12-01,44,98,44,98,142
EUREKA (SANTOS MERCADO),consulta externa,nuevas en personas de 15 a 59 anos,2007-12-01,13,18,13,18,31
EXALTACION,consulta externa,nuevas en personas de 15 a 59 anos,2007-12-01,12,32,12,32,44
FERNANDEZ ALONSO,consulta externa,nuevas en personas de 15 a 59 anos,2007-12-01,130,295,130,295,425
FILADELFIA,consulta externa,nuevas en personas de 15 a 59 anos,2007-12-01,90,102,90,102,192
GENERAL SAAVEDRA,consulta externa,nuevas en personas de 15 a 59 anos,2007-12-01,160,319,160,319,479
GRAL. J.J. PEREZ (CHARAZANI),consulta externa,nuevas en personas de 15 a 59 anos,2007-12-01,74,146,74,146,220
GUANAY,consulta externa,nuevas en personas de 15 a 59 anos,2007-12-01,104,303,104,303,407
GUAQUI,consulta externa,nuevas en personas de 15 a 59 anos,2007-12-01,36,79,36,79,115
GUAYARAMERIN,consulta externa,nuevas en personas de 15 a 59 anos,2007-12-01,1469,1780,1469,1780,3249
GUTIERREZ,consulta externa,nuevas en personas de 15 a 59 anos,2007-12-01,187,304,187,304,491
HUACARETA,consulta externa,nuevas en personas de 15 a 59 anos,2007-12-01,215,382,215,382,597
HUACAYA (VILLA DE HUACAYA),consulta externa,nuevas en personas de 15 a 59 anos,2007-12-01,23,94,23,94,117
HUACHACALLA,consulta externa,nuevas en personas de 15 a 59 anos,2007-12-01,47,45,47,45,92
HUANUNI,consulta externa,nuevas en personas de 15 a 59 anos,2007-12-01,386,408,386,408,794
HUARACAJE,consulta externa,nuevas en personas de 15 a 59 anos,2007-12-01,25,48,25,48,73
HUAYLLAMARCA,consulta externa,nuevas en personas de 15 a 59 anos,2007-12-01,20,20,20,20,40
ICHOCA,consulta externa,nuevas en personas de 15 a 59 anos,2007-12-01,32,56,32,56,88
ICLA,consulta externa,nuevas en personas de 15 a 59 anos,2007-12-01,90,246,90,246,336
INCAHUASI,consulta externa,nuevas en personas de 15 a 59 anos,2007-12-01,155,555,155,555,710
INGAVI (HUMAITA),consulta externa,nuevas en personas de 15 a 59 anos,2007-12-01,12,17,12,17,29
INQUISIVI,consulta externa,nuevas en personas de 15 a 59 anos,2007-12-01,100,181,100,181,281
IRUPANA (VILLA DE LANZA),consulta externa,nuevas en personas de 15 a 59 anos,2007-12-01,198,319,198,319,517
IXIAMAS,consulta externa,nuevas en personas de 15 a 59 anos,2007-12-01,87,137,87,137,224
JESUS DE MACHACA,consulta externa,nuevas en personas de 15 a 59 anos,2007-12-01,106,330,106,330,436
LA ASUNTA,consulta externa,nuevas en personas de 15 a 59 anos,2007-12-01,326,433,326,433,759
LA GUARDIA,consulta externa,nuevas en personas de 15 a 59 anos,2007-12-01,354,846,354,846,1200
LA PAZ,consulta externa,nuevas en personas de 15 a 59 anos,2007-12-01,19036,33406,19036,33406,52442
LA RIVERA,consulta externa,nuevas en personas de 15 a 59 anos,2007-12-01,8,11,8,11,19
LAGUNILLAS,consulta externa,nuevas en personas de 15 a 59 anos,2007-12-01,137,254,137,254,391
LAJA,consulta externa,nuevas en personas de 15 a 59 anos,2007-12-01,74,157,74,157,231
LAS CARRERAS,consulta externa,nuevas en personas de 15 a 59 anos,2007-12-01,48,142,48,142,190
LICOMA PAMPA,consulta externa,nuevas en personas de 15 a 59 anos,2007-12-01,37,65,37,65,102
LLALLAGUA,consulta externa,nuevas en personas de 15 a 59 anos,2007-12-01,312,548,312,548,860
LLICA,consulta externa,nuevas en personas de 15 a 59 anos,2007-12-01,88,117,88,117,205
LORETO,consulta externa,nuevas en personas de 15 a 59 anos,2007-12-01,27,40,27,40,67
LURIBAY,consulta externa,nuevas en personas de 15 a 59 anos,2007-12-01,167,257,167,257,424
MACHACAMARCA,consulta externa,nuevas en personas de 15 a 59 anos,2007-12-01,39,68,39,68,107
MACHARETI,consulta externa,nuevas en personas de 15 a 59 anos,2007-12-01,147,347,147,347,494
MAGDALENA,consulta externa,nuevas en personas de 15 a 59 anos,2007-12-01,110,180,110,180,290
MAIRANA,consulta externa,nuevas en personas de 15 a 59 anos,2007-12-01,133,265,133,265,398
MALLA,consulta externa,nuevas en personas de 15 a 59 anos,2007-12-01,33,60,33,60,93
MAPIRI,consulta externa,nuevas en personas de 15 a 59 anos,2007-12-01,138,263,138,263,401
MECAPACA,consulta externa,nuevas en personas de 15 a 59 anos,2007-12-01,139,181,139,181,320
MINEROS,consulta externa,nuevas en personas de 15 a 59 anos,2007-12-01,83,192,83,192,275
MIZQUE,consulta externa,nuevas en personas de 15 a 59 anos,2007-12-01,78,149,78,149,227
MOCOMOCO,consulta externa,nuevas en personas de 15 a 59 anos,2007-12-01,153,214,153,214,367
MOJINETE,consulta externa,nuevas en personas de 15 a 59 anos,2007-12-01,12,22,12,22,34
MOJOCOYA,consulta externa,nuevas en personas de 15 a 59 anos,2007-12-01,119,257,119,257,376
MONTEAGUDO,consulta externa,nuevas en personas de 15 a 59 anos,2007-12-01,733,1315,733,1315,2048
MONTERO,consulta externa,nuevas en personas de 15 a 59 anos,2007-12-01,1060,2843,1060,2843,3903
MORO MORO,consulta externa,nuevas en personas de 15 a 59 anos,2007-12-01,21,69,21,69,90
MOROCHATA,consulta externa,nuevas en personas de 15 a 59 anos,2007-12-01,76,163,76,163,239
NACEBE (SANTA ROSA DEL ABUNA),consulta externa,nuevas en personas de 15 a 59 anos,2007-12-01,117,106,117,106,223
NAZACARA DE PACAJES,consulta externa,nuevas en personas de 15 a 59 anos,2007-12-01,9,9,9,9,18
NUEVO MANOA (NUEVA ESPERANZA),consulta externa,nuevas en personas de 15 a 59 anos,2007-12-01,53,72,53,72,125
OCURI,consulta externa,nuevas en personas de 15 a 59 anos,2007-12-01,127,376,127,376,503
OKINAWA,consulta externa,nuevas en personas de 15 a 59 anos,2007-12-01,166,365,166,365,531
OMEREQUE,consulta externa,nuevas en personas de 15 a 59 anos,2007-12-01,76,164,76,164,240
ORURO,consulta externa,nuevas en personas de 15 a 59 anos,2007-12-01,6640,10771,6640,10771,17411
PADCAYA,consulta externa,nuevas en personas de 15 a 59 anos,2007-12-01,502,984,502,984,1486
PADILLA,consulta externa,nuevas en personas de 15 a 59 anos,2007-12-01,303,552,303,552,855
PAILON,consulta externa,nuevas en personas de 15 a 59 anos,2007-12-01,132,163,132,163,295
PALCA,consulta externa,nuevas en personas de 15 a 59 anos,2007-12-01,181,110,181,110,291
PALOS BLANCOS,consulta externa,nuevas en personas de 15 a 59 anos,2007-12-01,283,458,283,458,741
PAMPA AULLAGAS,consulta externa,nuevas en personas de 15 a 59 anos,2007-12-01,17,40,17,40,57
PAMPA GRANDE,consulta externa,nuevas en personas de 15 a 59 anos,2007-12-01,60,100,60,100,160
PAPEL PAMPA,consulta externa,nuevas en personas de 15 a 59 anos,2007-12-01,42,73,42,73,115
PASORAPA,consulta externa,nuevas en personas de 15 a 59 anos,2007-12-01,29,49,29,49,78
PATACAMAYA,consulta externa,nuevas en personas de 15 a 59 anos,2007-12-01,198,249,198,249,447
PAZÑA,consulta externa,nuevas en personas de 15 a 59 anos,2007-12-01,70,193,70,193,263
PELECHUCO,consulta externa,nuevas en personas de 15 a 59 anos,2007-12-01,74,122,74,122,196
POCOATA,consulta externa,nuevas en personas de 15 a 59 anos,2007-12-01,152,361,152,361,513
POCONA,consulta externa,nuevas en personas de 15 a 59 anos,2007-12-01,88,174,88,174,262
POJO (CBBA),consulta externa,nuevas en personas de 15 a 59 anos,2007-12-01,37,75,37,75,112
POOPO,consulta externa,nuevas en personas de 15 a 59 anos,2007-12-01,50,82,50,82,132
PORCO,consulta externa,nuevas en personas de 15 a 59 anos,2007-12-01,140,191,140,191,331
POROMA,consulta externa,nuevas en personas de 15 a 59 anos,2007-12-01,138,385,138,385,523
PORONGO,consulta externa,nuevas en personas de 15 a 59 anos,2007-12-01,100,143,100,143,243
PORTACHUELO,consulta externa,nuevas en personas de 15 a 59 anos,2007-12-01,253,584,253,584,837
PORVENIR,consulta externa,nuevas en personas de 15 a 59 anos,2007-12-01,106,138,106,138,244
POSTRER VALLE,consulta externa,nuevas en personas de 15 a 59 anos,2007-12-01,44,59,44,59,103
POTOSI,consulta externa,nuevas en personas de 15 a 59 anos,2007-12-01,3613,7094,3613,7094,10707
PRESTO,consulta externa,nuevas en personas de 15 a 59 anos,2007-12-01,92,254,92,254,346
PUCARA,consulta externa,nuevas en personas de 15 a 59 anos,2007-12-01,31,60,31,60,91
PUCARANI,consulta externa,nuevas en personas de 15 a 59 anos,2007-12-01,117,245,117,245,362
PUERTO ACOSTA,consulta externa,nuevas en personas de 15 a 59 anos,2007-12-01,211,308,211,308,519
PUERTO CARABUCO,consulta externa,nuevas en personas de 15 a 59 anos,2007-12-01,135,164,135,164,299
PUERTO GONZALO MORENO,consulta externa,nuevas en personas de 15 a 59 anos,2007-12-01,94,185,94,185,279
PUERTO PEREZ,consulta externa,nuevas en personas de 15 a 59 anos,2007-12-01,52,95,52,95,147
PUERTO QUIJARRO,consulta externa,nuevas en personas de 15 a 59 anos,2007-12-01,339,328,339,328,667
PUERTO RICO,consulta externa,nuevas en personas de 15 a 59 anos,2007-12-01,200,249,200,249,449
PUERTO SILES,consulta externa,nuevas en personas de 15 a 59 anos,2007-12-01,46,59,46,59,105
PUERTO SUAREZ,consulta externa,nuevas en personas de 15 a 59 anos,2007-12-01,285,306,285,306,591
PUERTO VILLARROEL,consulta externa,nuevas en personas de 15 a 59 anos,2007-12-01,537,929,537,929,1466
PUNA,consulta externa,nuevas en personas de 15 a 59 anos,2007-12-01,428,998,428,998,1426
PUNATA,consulta externa,nuevas en personas de 15 a 59 anos,2007-12-01,295,1097,295,1097,1392
QUIABAYA,consulta externa,nuevas en personas de 15 a 59 anos,2007-12-01,12,26,12,26,38
QUILLACOLLO,consulta externa,nuevas en personas de 15 a 59 anos,2007-12-01,778,1530,778,1530,2308
QUIME,consulta externa,nuevas en personas de 15 a 59 anos,2007-12-01,268,133,268,133,401
QUIRUSILLAS,consulta externa,nuevas en personas de 15 a 59 anos,2007-12-01,36,59,36,59,95
RAVELO,consulta externa,nuevas en personas de 15 a 59 anos,2007-12-01,140,320,140,320,460
REYES,consulta externa,nuevas en personas de 15 a 59 anos,2007-12-01,91,241,91,241,332
RIBERALTA,consulta externa,nuevas en personas de 15 a 59 anos,2007-12-01,890,2316,890,2316,3206
ROBORE,consulta externa,nuevas en personas de 15 a 59 anos,2007-12-01,196,281,196,281,477
RURRENABAQUE,consulta externa,nuevas en personas de 15 a 59 anos,2007-12-01,156,350,156,350,506
SABAYA,consulta externa,nuevas en personas de 15 a 59 anos,2007-12-01,125,162,125,162,287
SACABA,consulta externa,nuevas en personas de 15 a 59 anos,2007-12-01,732,1471,732,1471,2203
SACABAMBA,consulta externa,nuevas en personas de 15 a 59 anos,2007-12-01,35,31,35,31,66
SACACA,consulta externa,nuevas en personas de 15 a 59 anos,2007-12-01,163,447,163,447,610
SAIPINA,consulta externa,nuevas en personas de 15 a 59 anos,2007-12-01,63,133,63,133,196
SALINAS DE GARCI MENDOZA,consulta externa,nuevas en personas de 15 a 59 anos,2007-12-01,142,202,142,202,344
SAMAIPATA,consulta externa,nuevas en personas de 15 a 59 anos,2007-12-01,93,123,93,123,216
SAN AGUSTIN,consulta externa,nuevas en personas de 15 a 59 anos,2007-12-01,35,76,35,76,111
SAN ANDRES,consulta externa,nuevas en personas de 15 a 59 anos,2007-12-01,54,107,54,107,161
SAN ANDRES DE MACHACA,consulta externa,nuevas en personas de 15 a 59 anos,2007-12-01,66,88,66,88,154
SAN ANTONIO DE ESMORUCO,consulta externa,nuevas en personas de 15 a 59 anos,2007-12-01,24,78,24,78,102
SAN ANTONIO DE LOMERIO,consulta externa,nuevas en personas de 15 a 59 anos,2007-12-01,44,67,44,67,111
SAN BENITO,consulta externa,nuevas en personas de 15 a 59 anos,2007-12-01,47,847,47,847,894
SAN BORJA,consulta externa,nuevas en personas de 15 a 59 anos,2007-12-01,188,468,188,468,656
SAN BUENA VENTURA,consulta externa,nuevas en personas de 15 a 59 anos,2007-12-01,255,381,255,381,636
SAN CARLOS,consulta externa,nuevas en personas de 15 a 59 anos,2007-12-01,179,557,179,557,736
SAN IGNACIO,consulta externa,nuevas en personas de 15 a 59 anos,2007-12-01,428,754,428,754,1182
SAN IGNACIO DE VELASCO,consulta externa,nuevas en personas de 15 a 59 anos,2007-12-01,556,1242,556,1242,1798
SAN JAVIER(BNI),consulta externa,nuevas en personas de 15 a 59 anos,2007-12-01,34,56,34,56,90
SAN JAVIER(STC),consulta externa,nuevas en personas de 15 a 59 anos,2007-12-01,73,159,73,159,232
SAN JOAQUIN,consulta externa,nuevas en personas de 15 a 59 anos,2007-12-01,52,87,52,87,139
SAN JOSE DE CHIQUITOS,consulta externa,nuevas en personas de 15 a 59 anos,2007-12-01,136,362,136,362,498
SAN JUAN DE YAPACANI,consulta externa,nuevas en personas de 15 a 59 anos,2007-12-01,235,425,235,425,660
SAN JULIAN,consulta externa,nuevas en personas de 15 a 59 anos,2007-12-01,715,960,715,960,1675
SAN LORENZO(PND),consulta externa,nuevas en personas de 15 a 59 anos,2007-12-01,62,89,62,89,151
SAN LORENZO(TJA),consulta externa,nuevas en personas de 15 a 59 anos,2007-12-01,340,815,340,815,1155
SAN LUCAS,consulta externa,nuevas en personas de 15 a 59 anos,2007-12-01,459,1267,459,1267,1726
SAN MATIAS,consulta externa,nuevas en personas de 15 a 59 anos,2007-12-01,134,231,134,231,365
SAN MIGUEL DE VELASCO,consulta externa,nuevas en personas de 15 a 59 anos,2007-12-01,86,186,86,186,272
SAN PABLO DE LIPEZ,consulta externa,nuevas en personas de 15 a 59 anos,2007-12-01,87,196,87,196,283
SAN PEDRO,consulta externa,nuevas en personas de 15 a 59 anos,2007-12-01,379,546,379,546,925
SAN PEDRO DE BUENA VISTA,consulta externa,nuevas en personas de 15 a 59 anos,2007-12-01,163,358,163,358,521
SAN PEDRO DE CURAHUARA,consulta externa,nuevas en personas de 15 a 59 anos,2007-12-01,45,58,45,58,103
SAN PEDRO DE QUEMES,consulta externa,nuevas en personas de 15 a 59 anos,2007-12-01,6,6,6,6,12
SAN PEDRO DE TIQUINA,consulta externa,nuevas en personas de 15 a 59 anos,2007-12-01,42,62,42,62,104
SAN PEDRO(PND),consulta externa,nuevas en personas de 15 a 59 anos,2007-12-01,14,14,14,14,28
SAN RAFAEL,consulta externa,nuevas en personas de 15 a 59 anos,2007-12-01,92,124,92,124,216
SAN RAMON,consulta externa,nuevas en personas de 15 a 59 anos,2007-12-01,50,153,50,153,203
SAN RAMON,consulta externa,nuevas en personas de 15 a 59 anos,2007-12-01,98,179,98,179,277
SANTA ANA,consulta externa,nuevas en personas de 15 a 59 anos,2007-12-01,122,313,122,313,435
SANTA CRUZ DE LA SIERRA,consulta externa,nuevas en personas de 15 a 59 anos,2007-12-01,21164,40702,21164,40702,61866
SANTA ROSA,consulta externa,nuevas en personas de 15 a 59 anos,2007-12-01,80,213,80,213,293
SANTA ROSA DEL SARA,consulta externa,nuevas en personas de 15 a 59 anos,2007-12-01,171,275,171,275,446
SANTIAGO DE CALLAPA,consulta externa,nuevas en personas de 15 a 59 anos,2007-12-01,17,30,17,30,47
SANTIAGO DE HUARI,consulta externa,nuevas en personas de 15 a 59 anos,2007-12-01,29,68,29,68,97
SANTIAGO DE MACHACA,consulta externa,nuevas en personas de 15 a 59 anos,2007-12-01,13,45,13,45,58
SANTIVAÑES,consulta externa,nuevas en personas de 15 a 59 anos,2007-12-01,40,65,40,65,105
SANTUARIO DE QUILLACAS,consulta externa,nuevas en personas de 15 a 59 anos,2007-12-01,44,23,44,23,67
SAPAHAQUI,consulta externa,nuevas en personas de 15 a 59 anos,2007-12-01,88,94,88,94,182
SENA,consulta externa,nuevas en personas de 15 a 59 anos,2007-12-01,45,61,45,61,106
SICA SICA (VILLA AROMA),consulta externa,nuevas en personas de 15 a 59 anos,2007-12-01,136,260,136,260,396
SICAYA,consulta externa,nuevas en personas de 15 a 59 anos,2007-12-01,17,15,17,15,32
SIPE SIPE,consulta externa,nuevas en personas de 15 a 59 anos,2007-12-01,84,393,84,393,477
SOPACHUY,consulta externa,nuevas en personas de 15 a 59 anos,2007-12-01,114,204,114,204,318
SORACACHI,consulta externa,nuevas en personas de 15 a 59 anos,2007-12-01,66,98,66,98,164
SORATA,consulta externa,nuevas en personas de 15 a 59 anos,2007-12-01,150,249,150,249,399
SUCRE,consulta externa,nuevas en personas de 15 a 59 anos,2007-12-01,6906,14592,6906,14592,21498
TACACHI,consulta externa,nuevas en personas de 15 a 59 anos,2007-12-01,14,29,14,29,43
TACACOMA,consulta externa,nuevas en personas de 15 a 59 anos,2007-12-01,51,107,51,107,158
TACOBAMBA,consulta externa,nuevas en personas de 15 a 59 anos,2007-12-01,93,133,93,133,226
TACOPAYA,consulta externa,nuevas en personas de 15 a 59 anos,2007-12-01,61,143,61,143,204
TAHUA,consulta externa,nuevas en personas de 15 a 59 anos,2007-12-01,20,50,20,50,70
TAPACARI,consulta externa,nuevas en personas de 15 a 59 anos,2007-12-01,127,396,127,396,523
TARABUCO,consulta externa,nuevas en personas de 15 a 59 anos,2007-12-01,248,443,248,443,691
TARACO,consulta externa,nuevas en personas de 15 a 59 anos,2007-12-01,25,33,25,33,58
TARATA,consulta externa,nuevas en personas de 15 a 59 anos,2007-12-01,62,94,62,94,156
TARIJA,consulta externa,nuevas en personas de 15 a 59 anos,2007-12-01,5976,12168,5976,12168,18144
TARVITA,consulta externa,nuevas en personas de 15 a 59 anos,2007-12-01,160,489,160,489,649
TEOPONTE,consulta externa,nuevas en personas de 15 a 59 anos,2007-12-01,82,141,82,141,223
TIAWANACU,consulta externa,nuevas en personas de 15 a 59 anos,2007-12-01,73,141,73,141,214
TINGUIPAYA,consulta externa,nuevas en personas de 15 a 59 anos,2007-12-01,116,277,116,277,393
TIPUANI,consulta externa,nuevas en personas de 15 a 59 anos,2007-12-01,81,127,81,127,208
TIQUIPAYA,consulta externa,nuevas en personas de 15 a 59 anos,2007-12-01,152,585,152,585,737
TIRAQUE (CBBA),consulta externa,nuevas en personas de 15 a 59 anos,2007-12-01,272,485,272,485,757
TITO YUPANQUI (PARQUIPUJIO),consulta externa,nuevas en personas de 15 a 59 anos,2007-12-01,23,55,23,55,78
TOCO,consulta externa,nuevas en personas de 15 a 59 anos,2007-12-01,29,56,29,56,85
TODOS SANTOS,consulta externa,nuevas en personas de 15 a 59 anos,2007-12-01,8,19,8,19,27
TOLATA,consulta externa,nuevas en personas de 15 a 59 anos,2007-12-01,14,75,14,75,89
TOLEDO,consulta externa,nuevas en personas de 15 a 59 anos,2007-12-01,49,93,49,93,142
TOMAVE,consulta externa,nuevas en personas de 15 a 59 anos,2007-12-01,154,352,154,352,506
TOMINA,consulta externa,nuevas en personas de 15 a 59 anos,2007-12-01,202,340,202,340,542
TORO TORO,consulta externa,nuevas en personas de 15 a 59 anos,2007-12-01,106,248,106,248,354
TOTORA(CBBA),consulta externa,nuevas en personas de 15 a 59 anos,2007-12-01,76,119,76,119,195
TOTORA(ORR),consulta externa,nuevas en personas de 15 a 59 anos,2007-12-01,41,86,41,86,127
TRIGAL,consulta externa,nuevas en personas de 15 a 59 anos,2007-12-01,54,77,54,77,131
TRINIDAD,consulta externa,nuevas en personas de 15 a 59 anos,2007-12-01,1181,2324,1181,2324,3505
TUPIZA,consulta externa,nuevas en personas de 15 a 59 anos,2007-12-01,1433,2534,1433,2534,3967
TURCO,consulta externa,nuevas en personas de 15 a 59 anos,2007-12-01,78,99,78,99,177
UMALA,consulta externa,nuevas en personas de 15 a 59 anos,2007-12-01,13,29,13,29,42
UNCIA,consulta externa,nuevas en personas de 15 a 59 anos,2007-12-01,124,432,124,432,556
URIONDO (A. CONCEPCION),consulta externa,nuevas en personas de 15 a 59 anos,2007-12-01,384,858,384,858,1242
URUBICHA,consulta externa,nuevas en personas de 15 a 59 anos,2007-12-01,36,58,36,58,94
UYUNI,consulta externa,nuevas en personas de 15 a 59 anos,2007-12-01,368,741,368,741,1109
VACAS,consulta externa,nuevas en personas de 15 a 59 anos,2007-12-01,65,169,65,169,234
VALLEGRANDE,consulta externa,nuevas en personas de 15 a 59 anos,2007-12-01,281,620,281,620,901
VIACHA,consulta externa,nuevas en personas de 15 a 59 anos,2007-12-01,524,1048,524,1048,1572
VILA VILA,consulta externa,nuevas en personas de 15 a 59 anos,2007-12-01,20,57,20,57,77
VILLA MONTES,consulta externa,nuevas en personas de 15 a 59 anos,2007-12-01,732,1289,732,1289,2021
VILLA NUEVA (LOMA ALTA),consulta externa,nuevas en personas de 15 a 59 anos,2007-12-01,41,52,41,52,93
VILLA RIVERO,consulta externa,nuevas en personas de 15 a 59 anos,2007-12-01,39,58,39,58,97
VILLA SERRANO,consulta externa,nuevas en personas de 15 a 59 anos,2007-12-01,139,295,139,295,434
VILLA TUNARI,consulta externa,nuevas en personas de 15 a 59 anos,2007-12-01,772,1469,772,1469,2241
VILLA VACA GUZMAN (MUYUPAMPA),consulta externa,nuevas en personas de 15 a 59 anos,2007-12-01,184,299,184,299,483
VILLAZON,consulta externa,nuevas en personas de 15 a 59 anos,2007-12-01,691,1671,691,1671,2362
VINTO,consulta externa,nuevas en personas de 15 a 59 anos,2007-12-01,114,105,114,105,219
VITICHI,consulta externa,nuevas en personas de 15 a 59 anos,2007-12-01,108,307,108,307,415
WALDO BALLIVIAN,consulta externa,nuevas en personas de 15 a 59 anos,2007-12-01,9,32,9,32,41
WARNES,consulta externa,nuevas en personas de 15 a 59 anos,2007-12-01,373,721,373,721,1094
YACO,consulta externa,nuevas en personas de 15 a 59 anos,2007-12-01,63,136,63,136,199
YACUIBA,consulta externa,nuevas en personas de 15 a 59 anos,2007-12-01,2289,4184,2289,4184,6473
YAMPARAEZ,consulta externa,nuevas en personas de 15 a 59 anos,2007-12-01,81,156,81,156,237
YANACACHI,consulta externa,nuevas en personas de 15 a 59 anos,2007-12-01,125,112,125,112,237
YAPACANI,consulta externa,nuevas en personas de 15 a 59 anos,2007-12-01,1105,1450,1105,1450,2555
YOCALLA,consulta externa,nuevas en personas de 15 a 59 anos,2007-12-01,103,250,103,250,353
YOTALA,consulta externa,nuevas en personas de 15 a 59 anos,2007-12-01,113,182,113,182,295
YUNCHARA,consulta externa,nuevas en personas de 15 a 59 anos,2007-12-01,145,326,145,326,471
ZUDAÑEZ,consulta externa,nuevas en personas de 15 a 59 anos,2007-12-01,103,200,103,200,303
