municipality,group,variable,month,Nuevas en personas de 5 a 14 años -Hombre,Nuevas en personas de 5 a 14 años -Mujer,TOTAL-H,TOTAL-M,TOTAL
ACACIO,consulta externa,nuevas en personas de 5 a 14 anos,2007-01-01,33,36,33,36,69
ACHACACHI,consulta externa,nuevas en personas de 5 a 14 anos,2007-01-01,124,116,124,116,240
ACHOCALLA,consulta externa,nuevas en personas de 5 a 14 anos,2007-01-01,50,73,50,73,123
AIQUILE,consulta externa,nuevas en personas de 5 a 14 anos,2007-01-01,98,86,98,86,184
ALALAY,consulta externa,nuevas en personas de 5 a 14 anos,2007-01-01,0,1,0,1,1
ALCALA,consulta externa,nuevas en personas de 5 a 14 anos,2007-01-01,33,43,33,43,76
ANCORAIMES,consulta externa,nuevas en personas de 5 a 14 anos,2007-01-01,23,27,23,27,50
ANDAMARCA,consulta externa,nuevas en personas de 5 a 14 anos,2007-01-01,19,21,19,21,40
ANTEQUERA,consulta externa,nuevas en personas de 5 a 14 anos,2007-01-01,16,4,16,4,20
ANZALDO,consulta externa,nuevas en personas de 5 a 14 anos,2007-01-01,21,19,21,19,40
APOLO,consulta externa,nuevas en personas de 5 a 14 anos,2007-01-01,53,59,53,59,112
ARAMPAMPA,consulta externa,nuevas en personas de 5 a 14 anos,2007-01-01,24,19,24,19,43
ARANI,consulta externa,nuevas en personas de 5 a 14 anos,2007-01-01,20,13,20,13,33
ARBIETO,consulta externa,nuevas en personas de 5 a 14 anos,2007-01-01,23,19,23,19,42
ARQUE,consulta externa,nuevas en personas de 5 a 14 anos,2007-01-01,18,20,18,20,38
ASCENCION DE GUARAYOS,consulta externa,nuevas en personas de 5 a 14 anos,2007-01-01,79,124,79,124,203
ATOCHA,consulta externa,nuevas en personas de 5 a 14 anos,2007-01-01,156,208,156,208,364
AUCAPATA,consulta externa,nuevas en personas de 5 a 14 anos,2007-01-01,15,9,15,9,24
AYATA,consulta externa,nuevas en personas de 5 a 14 anos,2007-01-01,26,36,26,36,62
AYO AYO,consulta externa,nuevas en personas de 5 a 14 anos,2007-01-01,10,8,10,8,18
AYOPAYA (V. DE INDEPENDENCIA),consulta externa,nuevas en personas de 5 a 14 anos,2007-01-01,65,56,65,56,121
AZURDUY,consulta externa,nuevas en personas de 5 a 14 anos,2007-01-01,110,109,110,109,219
BATALLAS,consulta externa,nuevas en personas de 5 a 14 anos,2007-01-01,34,29,34,29,63
BAURES,consulta externa,nuevas en personas de 5 a 14 anos,2007-01-01,13,12,13,12,25
BELEN DE ANDAMARCA,consulta externa,nuevas en personas de 5 a 14 anos,2007-01-01,7,3,7,3,10
BELEN DE URMIRI,consulta externa,nuevas en personas de 5 a 14 anos,2007-01-01,11,14,11,14,25
BELLA FLOR,consulta externa,nuevas en personas de 5 a 14 anos,2007-01-01,13,16,13,16,29
BERMEJO,consulta externa,nuevas en personas de 5 a 14 anos,2007-01-01,792,790,792,790,1582
BETANZOS,consulta externa,nuevas en personas de 5 a 14 anos,2007-01-01,111,102,111,102,213
BOLIVAR,consulta externa,nuevas en personas de 5 a 14 anos,2007-01-01,18,14,18,14,32
BOLPEBRA,consulta externa,nuevas en personas de 5 a 14 anos,2007-01-01,5,8,5,8,13
BOYUIBE,consulta externa,nuevas en personas de 5 a 14 anos,2007-01-01,43,44,43,44,87
BUENA VISTA,consulta externa,nuevas en personas de 5 a 14 anos,2007-01-01,67,80,67,80,147
CABEZAS,consulta externa,nuevas en personas de 5 a 14 anos,2007-01-01,165,150,165,150,315
CAIROMA,consulta externa,nuevas en personas de 5 a 14 anos,2007-01-01,71,57,71,57,128
"CAIZA ""D""",consulta externa,nuevas en personas de 5 a 14 anos,2007-01-01,40,37,40,37,77
CAJUATA,consulta externa,nuevas en personas de 5 a 14 anos,2007-01-01,48,48,48,48,96
CALACOTO,consulta externa,nuevas en personas de 5 a 14 anos,2007-01-01,16,12,16,12,28
CALAMARCA,consulta externa,nuevas en personas de 5 a 14 anos,2007-01-01,33,23,33,23,56
CAMARGO,consulta externa,nuevas en personas de 5 a 14 anos,2007-01-01,139,123,139,123,262
CAMATAQUI (C. VILLA ABECIA),consulta externa,nuevas en personas de 5 a 14 anos,2007-01-01,28,42,28,42,70
CAMIRI,consulta externa,nuevas en personas de 5 a 14 anos,2007-01-01,479,631,479,631,1110
CAPINOTA,consulta externa,nuevas en personas de 5 a 14 anos,2007-01-01,92,92,92,92,184
CAQUIAVIRI,consulta externa,nuevas en personas de 5 a 14 anos,2007-01-01,28,19,28,19,47
CARACOLLO,consulta externa,nuevas en personas de 5 a 14 anos,2007-01-01,42,38,42,38,80
CARANAVI,consulta externa,nuevas en personas de 5 a 14 anos,2007-01-01,386,347,386,347,733
CARANGAS,consulta externa,nuevas en personas de 5 a 14 anos,2007-01-01,6,3,6,3,9
CARAPARI,consulta externa,nuevas en personas de 5 a 14 anos,2007-01-01,243,192,243,192,435
CARIPUYO,consulta externa,nuevas en personas de 5 a 14 anos,2007-01-01,18,14,18,14,32
CARMEN RIVERO TORREZ,consulta externa,nuevas en personas de 5 a 14 anos,2007-01-01,19,12,19,12,31
CATACORA,consulta externa,nuevas en personas de 5 a 14 anos,2007-01-01,10,7,10,7,17
CHACARILLA,consulta externa,nuevas en personas de 5 a 14 anos,2007-01-01,2,4,2,4,6
CHALLAPATA,consulta externa,nuevas en personas de 5 a 14 anos,2007-01-01,95,74,95,74,169
CHAQUI,consulta externa,nuevas en personas de 5 a 14 anos,2007-01-01,14,16,14,16,30
CHARAGUA,consulta externa,nuevas en personas de 5 a 14 anos,2007-01-01,103,100,103,100,203
CHARAÑA,consulta externa,nuevas en personas de 5 a 14 anos,2007-01-01,28,18,28,18,46
CHAYANTA,consulta externa,nuevas en personas de 5 a 14 anos,2007-01-01,36,43,36,43,79
CHIMORE,consulta externa,nuevas en personas de 5 a 14 anos,2007-01-01,136,110,136,110,246
CHIPAYA,consulta externa,nuevas en personas de 5 a 14 anos,2007-01-01,2,6,2,6,8
CHOQUE COTA,consulta externa,nuevas en personas de 5 a 14 anos,2007-01-01,27,17,27,17,44
CHULUMANI (V. DE LA LIBERTAD),consulta externa,nuevas en personas de 5 a 14 anos,2007-01-01,89,96,89,96,185
CHUMA,consulta externa,nuevas en personas de 5 a 14 anos,2007-01-01,49,57,49,57,106
CLIZA,consulta externa,nuevas en personas de 5 a 14 anos,2007-01-01,45,62,45,62,107
COBIJA,consulta externa,nuevas en personas de 5 a 14 anos,2007-01-01,405,306,405,306,711
COCHABAMBA,consulta externa,nuevas en personas de 5 a 14 anos,2007-01-01,4661,4437,4661,4437,9098
COIPASA,consulta externa,nuevas en personas de 5 a 14 anos,2007-01-01,6,10,6,10,16
COLCAPIRHUA,consulta externa,nuevas en personas de 5 a 14 anos,2007-01-01,80,76,80,76,156
"COLCHA ""K""",consulta externa,nuevas en personas de 5 a 14 anos,2007-01-01,46,44,46,44,90
COLLANA,consulta externa,nuevas en personas de 5 a 14 anos,2007-01-01,7,5,7,5,12
COLOMI,consulta externa,nuevas en personas de 5 a 14 anos,2007-01-01,45,39,45,39,84
COLPA BELGICA,consulta externa,nuevas en personas de 5 a 14 anos,2007-01-01,60,60,60,60,120
COLQUECHACA,consulta externa,nuevas en personas de 5 a 14 anos,2007-01-01,110,120,110,120,230
COLQUENCHA,consulta externa,nuevas en personas de 5 a 14 anos,2007-01-01,25,31,25,31,56
COLQUIRI,consulta externa,nuevas en personas de 5 a 14 anos,2007-01-01,26,33,26,33,59
COMANCHE,consulta externa,nuevas en personas de 5 a 14 anos,2007-01-01,9,5,9,5,14
COMARAPA,consulta externa,nuevas en personas de 5 a 14 anos,2007-01-01,80,91,80,91,171
COMBAYA,consulta externa,nuevas en personas de 5 a 14 anos,2007-01-01,5,4,5,4,9
CONCEPCION,consulta externa,nuevas en personas de 5 a 14 anos,2007-01-01,14,16,14,16,30
COPACABANA,consulta externa,nuevas en personas de 5 a 14 anos,2007-01-01,48,45,48,45,93
CORIPATA,consulta externa,nuevas en personas de 5 a 14 anos,2007-01-01,52,48,52,48,100
CORO CORO,consulta externa,nuevas en personas de 5 a 14 anos,2007-01-01,13,16,13,16,29
COROICO,consulta externa,nuevas en personas de 5 a 14 anos,2007-01-01,150,126,150,126,276
CORQUE,consulta externa,nuevas en personas de 5 a 14 anos,2007-01-01,24,34,24,34,58
COTAGAITA,consulta externa,nuevas en personas de 5 a 14 anos,2007-01-01,209,254,209,254,463
COTOCA,consulta externa,nuevas en personas de 5 a 14 anos,2007-01-01,118,110,118,110,228
CUATRO CAÑADAS,consulta externa,nuevas en personas de 5 a 14 anos,2007-01-01,141,166,141,166,307
CUCHUMUELA (V. G. VILLARROEL),consulta externa,nuevas en personas de 5 a 14 anos,2007-01-01,6,0,6,0,6
CUEVO,consulta externa,nuevas en personas de 5 a 14 anos,2007-01-01,34,30,34,30,64
CULPINA,consulta externa,nuevas en personas de 5 a 14 anos,2007-01-01,66,78,66,78,144
CURAHUARA DE CARANGAS,consulta externa,nuevas en personas de 5 a 14 anos,2007-01-01,16,27,16,27,43
CURVA,consulta externa,nuevas en personas de 5 a 14 anos,2007-01-01,4,2,4,2,6
DESAGUADERO,consulta externa,nuevas en personas de 5 a 14 anos,2007-01-01,15,16,15,16,31
EL ALTO,consulta externa,nuevas en personas de 5 a 14 anos,2007-01-01,5555,4742,5555,4742,10297
EL CHORO,consulta externa,nuevas en personas de 5 a 14 anos,2007-01-01,30,42,30,42,72
EL PUENTE(STC),consulta externa,nuevas en personas de 5 a 14 anos,2007-01-01,54,43,54,43,97
EL PUENTE(TJA),consulta externa,nuevas en personas de 5 a 14 anos,2007-01-01,126,147,126,147,273
EL TORNO,consulta externa,nuevas en personas de 5 a 14 anos,2007-01-01,277,277,277,277,554
EL VILLAR,consulta externa,nuevas en personas de 5 a 14 anos,2007-01-01,31,26,31,26,57
ENTRE RIOS,consulta externa,nuevas en personas de 5 a 14 anos,2007-01-01,332,332,332,332,664
ENTRE RIOS,consulta externa,nuevas en personas de 5 a 14 anos,2007-01-01,133,102,133,102,235
ESCARA,consulta externa,nuevas en personas de 5 a 14 anos,2007-01-01,1,0,1,0,1
ESMERALDA,consulta externa,nuevas en personas de 5 a 14 anos,2007-01-01,5,9,5,9,14
EUCALIPTUS,consulta externa,nuevas en personas de 5 a 14 anos,2007-01-01,26,20,26,20,46
EUREKA (SANTOS MERCADO),consulta externa,nuevas en personas de 5 a 14 anos,2007-01-01,6,6,6,6,12
EXALTACION,consulta externa,nuevas en personas de 5 a 14 anos,2007-01-01,6,8,6,8,14
FERNANDEZ ALONSO,consulta externa,nuevas en personas de 5 a 14 anos,2007-01-01,53,58,53,58,111
FILADELFIA,consulta externa,nuevas en personas de 5 a 14 anos,2007-01-01,42,27,42,27,69
GENERAL SAAVEDRA,consulta externa,nuevas en personas de 5 a 14 anos,2007-01-01,100,105,100,105,205
GRAL. J.J. PEREZ (CHARAZANI),consulta externa,nuevas en personas de 5 a 14 anos,2007-01-01,20,21,20,21,41
GUANAY,consulta externa,nuevas en personas de 5 a 14 anos,2007-01-01,89,83,89,83,172
GUAQUI,consulta externa,nuevas en personas de 5 a 14 anos,2007-01-01,19,11,19,11,30
GUAYARAMERIN,consulta externa,nuevas en personas de 5 a 14 anos,2007-01-01,269,365,269,365,634
GUTIERREZ,consulta externa,nuevas en personas de 5 a 14 anos,2007-01-01,141,119,141,119,260
HUACARETA,consulta externa,nuevas en personas de 5 a 14 anos,2007-01-01,112,105,112,105,217
HUACAYA (VILLA DE HUACAYA),consulta externa,nuevas en personas de 5 a 14 anos,2007-01-01,30,35,30,35,65
HUACHACALLA,consulta externa,nuevas en personas de 5 a 14 anos,2007-01-01,26,22,26,22,48
HUANUNI,consulta externa,nuevas en personas de 5 a 14 anos,2007-01-01,209,194,209,194,403
HUARACAJE,consulta externa,nuevas en personas de 5 a 14 anos,2007-01-01,21,25,21,25,46
HUAYLLAMARCA,consulta externa,nuevas en personas de 5 a 14 anos,2007-01-01,12,13,12,13,25
ICHOCA,consulta externa,nuevas en personas de 5 a 14 anos,2007-01-01,19,11,19,11,30
ICLA,consulta externa,nuevas en personas de 5 a 14 anos,2007-01-01,36,37,36,37,73
INCAHUASI,consulta externa,nuevas en personas de 5 a 14 anos,2007-01-01,26,52,26,52,78
INGAVI (HUMAITA),consulta externa,nuevas en personas de 5 a 14 anos,2007-01-01,1,4,1,4,5
INQUISIVI,consulta externa,nuevas en personas de 5 a 14 anos,2007-01-01,47,60,47,60,107
IRUPANA (VILLA DE LANZA),consulta externa,nuevas en personas de 5 a 14 anos,2007-01-01,86,113,86,113,199
IXIAMAS,consulta externa,nuevas en personas de 5 a 14 anos,2007-01-01,85,92,85,92,177
JESUS DE MACHACA,consulta externa,nuevas en personas de 5 a 14 anos,2007-01-01,22,24,22,24,46
LA ASUNTA,consulta externa,nuevas en personas de 5 a 14 anos,2007-01-01,102,83,102,83,185
LA GUARDIA,consulta externa,nuevas en personas de 5 a 14 anos,2007-01-01,285,231,285,231,516
LA PAZ,consulta externa,nuevas en personas de 5 a 14 anos,2007-01-01,7853,7549,7853,7549,15402
LA RIVERA,consulta externa,nuevas en personas de 5 a 14 anos,2007-01-01,0,1,0,1,1
LAGUNILLAS,consulta externa,nuevas en personas de 5 a 14 anos,2007-01-01,95,105,95,105,200
LAJA,consulta externa,nuevas en personas de 5 a 14 anos,2007-01-01,22,20,22,20,42
LAS CARRERAS,consulta externa,nuevas en personas de 5 a 14 anos,2007-01-01,19,14,19,14,33
LICOMA PAMPA,consulta externa,nuevas en personas de 5 a 14 anos,2007-01-01,28,20,28,20,48
LLALLAGUA,consulta externa,nuevas en personas de 5 a 14 anos,2007-01-01,122,173,122,173,295
LLICA,consulta externa,nuevas en personas de 5 a 14 anos,2007-01-01,16,26,16,26,42
LORETO,consulta externa,nuevas en personas de 5 a 14 anos,2007-01-01,11,13,11,13,24
LURIBAY,consulta externa,nuevas en personas de 5 a 14 anos,2007-01-01,55,41,55,41,96
MACHACAMARCA,consulta externa,nuevas en personas de 5 a 14 anos,2007-01-01,30,24,30,24,54
MACHARETI,consulta externa,nuevas en personas de 5 a 14 anos,2007-01-01,103,128,103,128,231
MAGDALENA,consulta externa,nuevas en personas de 5 a 14 anos,2007-01-01,109,126,109,126,235
MAIRANA,consulta externa,nuevas en personas de 5 a 14 anos,2007-01-01,34,22,34,22,56
MALLA,consulta externa,nuevas en personas de 5 a 14 anos,2007-01-01,24,43,24,43,67
MAPIRI,consulta externa,nuevas en personas de 5 a 14 anos,2007-01-01,87,99,87,99,186
MECAPACA,consulta externa,nuevas en personas de 5 a 14 anos,2007-01-01,44,53,44,53,97
MINEROS,consulta externa,nuevas en personas de 5 a 14 anos,2007-01-01,60,52,60,52,112
MIZQUE,consulta externa,nuevas en personas de 5 a 14 anos,2007-01-01,45,36,45,36,81
MOCOMOCO,consulta externa,nuevas en personas de 5 a 14 anos,2007-01-01,47,48,47,48,95
MOJINETE,consulta externa,nuevas en personas de 5 a 14 anos,2007-01-01,5,10,5,10,15
MOJOCOYA,consulta externa,nuevas en personas de 5 a 14 anos,2007-01-01,31,27,31,27,58
MONTEAGUDO,consulta externa,nuevas en personas de 5 a 14 anos,2007-01-01,387,231,387,231,618
MONTERO,consulta externa,nuevas en personas de 5 a 14 anos,2007-01-01,839,890,839,890,1729
MORO MORO,consulta externa,nuevas en personas de 5 a 14 anos,2007-01-01,13,10,13,10,23
MOROCHATA,consulta externa,nuevas en personas de 5 a 14 anos,2007-01-01,23,30,23,30,53
NACEBE (SANTA ROSA DEL ABUNA),consulta externa,nuevas en personas de 5 a 14 anos,2007-01-01,17,17,17,17,34
NAZACARA DE PACAJES,consulta externa,nuevas en personas de 5 a 14 anos,2007-01-01,2,2,2,2,4
NUEVO MANOA (NUEVA ESPERANZA),consulta externa,nuevas en personas de 5 a 14 anos,2007-01-01,16,22,16,22,38
OCURI,consulta externa,nuevas en personas de 5 a 14 anos,2007-01-01,56,39,56,39,95
OKINAWA,consulta externa,nuevas en personas de 5 a 14 anos,2007-01-01,169,227,169,227,396
OMEREQUE,consulta externa,nuevas en personas de 5 a 14 anos,2007-01-01,33,35,33,35,68
ORURO,consulta externa,nuevas en personas de 5 a 14 anos,2007-01-01,2527,2731,2527,2731,5258
PADCAYA,consulta externa,nuevas en personas de 5 a 14 anos,2007-01-01,322,335,322,335,657
PADILLA,consulta externa,nuevas en personas de 5 a 14 anos,2007-01-01,105,92,105,92,197
PAILON,consulta externa,nuevas en personas de 5 a 14 anos,2007-01-01,81,81,81,81,162
PALCA,consulta externa,nuevas en personas de 5 a 14 anos,2007-01-01,41,44,41,44,85
PALOS BLANCOS,consulta externa,nuevas en personas de 5 a 14 anos,2007-01-01,192,166,192,166,358
PAMPA AULLAGAS,consulta externa,nuevas en personas de 5 a 14 anos,2007-01-01,15,20,15,20,35
PAMPA GRANDE,consulta externa,nuevas en personas de 5 a 14 anos,2007-01-01,41,32,41,32,73
PAPEL PAMPA,consulta externa,nuevas en personas de 5 a 14 anos,2007-01-01,18,20,18,20,38
PASORAPA,consulta externa,nuevas en personas de 5 a 14 anos,2007-01-01,1,3,1,3,4
PATACAMAYA,consulta externa,nuevas en personas de 5 a 14 anos,2007-01-01,44,32,44,32,76
PAZÑA,consulta externa,nuevas en personas de 5 a 14 anos,2007-01-01,40,41,40,41,81
PELECHUCO,consulta externa,nuevas en personas de 5 a 14 anos,2007-01-01,24,26,24,26,50
POCOATA,consulta externa,nuevas en personas de 5 a 14 anos,2007-01-01,43,48,43,48,91
POCONA,consulta externa,nuevas en personas de 5 a 14 anos,2007-01-01,36,36,36,36,72
POJO (CBBA),consulta externa,nuevas en personas de 5 a 14 anos,2007-01-01,13,14,13,14,27
POOPO,consulta externa,nuevas en personas de 5 a 14 anos,2007-01-01,14,25,14,25,39
PORCO,consulta externa,nuevas en personas de 5 a 14 anos,2007-01-01,36,25,36,25,61
POROMA,consulta externa,nuevas en personas de 5 a 14 anos,2007-01-01,49,45,49,45,94
PORONGO,consulta externa,nuevas en personas de 5 a 14 anos,2007-01-01,56,60,56,60,116
PORTACHUELO,consulta externa,nuevas en personas de 5 a 14 anos,2007-01-01,186,119,186,119,305
PORVENIR,consulta externa,nuevas en personas de 5 a 14 anos,2007-01-01,53,52,53,52,105
POSTRER VALLE,consulta externa,nuevas en personas de 5 a 14 anos,2007-01-01,24,37,24,37,61
POTOSI,consulta externa,nuevas en personas de 5 a 14 anos,2007-01-01,1272,1250,1272,1250,2522
PRESTO,consulta externa,nuevas en personas de 5 a 14 anos,2007-01-01,27,29,27,29,56
PUCARA,consulta externa,nuevas en personas de 5 a 14 anos,2007-01-01,10,6,10,6,16
PUCARANI,consulta externa,nuevas en personas de 5 a 14 anos,2007-01-01,46,37,46,37,83
PUERTO ACOSTA,consulta externa,nuevas en personas de 5 a 14 anos,2007-01-01,57,39,57,39,96
PUERTO CARABUCO,consulta externa,nuevas en personas de 5 a 14 anos,2007-01-01,35,23,35,23,58
PUERTO GONZALO MORENO,consulta externa,nuevas en personas de 5 a 14 anos,2007-01-01,30,32,30,32,62
PUERTO PEREZ,consulta externa,nuevas en personas de 5 a 14 anos,2007-01-01,17,22,17,22,39
PUERTO QUIJARRO,consulta externa,nuevas en personas de 5 a 14 anos,2007-01-01,201,126,201,126,327
PUERTO RICO,consulta externa,nuevas en personas de 5 a 14 anos,2007-01-01,45,70,45,70,115
PUERTO SILES,consulta externa,nuevas en personas de 5 a 14 anos,2007-01-01,0,1,0,1,1
PUERTO SUAREZ,consulta externa,nuevas en personas de 5 a 14 anos,2007-01-01,187,178,187,178,365
PUERTO VILLARROEL,consulta externa,nuevas en personas de 5 a 14 anos,2007-01-01,191,159,191,159,350
PUNA,consulta externa,nuevas en personas de 5 a 14 anos,2007-01-01,87,82,87,82,169
PUNATA,consulta externa,nuevas en personas de 5 a 14 anos,2007-01-01,92,120,92,120,212
QUIABAYA,consulta externa,nuevas en personas de 5 a 14 anos,2007-01-01,13,9,13,9,22
QUILLACOLLO,consulta externa,nuevas en personas de 5 a 14 anos,2007-01-01,435,497,435,497,932
QUIME,consulta externa,nuevas en personas de 5 a 14 anos,2007-01-01,24,30,24,30,54
QUIRUSILLAS,consulta externa,nuevas en personas de 5 a 14 anos,2007-01-01,9,6,9,6,15
RAVELO,consulta externa,nuevas en personas de 5 a 14 anos,2007-01-01,34,27,34,27,61
REYES,consulta externa,nuevas en personas de 5 a 14 anos,2007-01-01,50,31,50,31,81
RIBERALTA,consulta externa,nuevas en personas de 5 a 14 anos,2007-01-01,330,325,330,325,655
ROBORE,consulta externa,nuevas en personas de 5 a 14 anos,2007-01-01,139,163,139,163,302
RURRENABAQUE,consulta externa,nuevas en personas de 5 a 14 anos,2007-01-01,86,90,86,90,176
SABAYA,consulta externa,nuevas en personas de 5 a 14 anos,2007-01-01,7,10,7,10,17
SACABA,consulta externa,nuevas en personas de 5 a 14 anos,2007-01-01,249,246,249,246,495
SACABAMBA,consulta externa,nuevas en personas de 5 a 14 anos,2007-01-01,10,16,10,16,26
SACACA,consulta externa,nuevas en personas de 5 a 14 anos,2007-01-01,49,48,49,48,97
SAIPINA,consulta externa,nuevas en personas de 5 a 14 anos,2007-01-01,36,51,36,51,87
SALINAS DE GARCI MENDOZA,consulta externa,nuevas en personas de 5 a 14 anos,2007-01-01,54,60,54,60,114
SAMAIPATA,consulta externa,nuevas en personas de 5 a 14 anos,2007-01-01,40,35,40,35,75
SAN AGUSTIN,consulta externa,nuevas en personas de 5 a 14 anos,2007-01-01,11,7,11,7,18
SAN ANDRES,consulta externa,nuevas en personas de 5 a 14 anos,2007-01-01,101,91,101,91,192
SAN ANDRES DE MACHACA,consulta externa,nuevas en personas de 5 a 14 anos,2007-01-01,11,7,11,7,18
SAN ANTONIO DE ESMORUCO,consulta externa,nuevas en personas de 5 a 14 anos,2007-01-01,7,14,7,14,21
SAN ANTONIO DE LOMERIO,consulta externa,nuevas en personas de 5 a 14 anos,2007-01-01,18,23,18,23,41
SAN BENITO,consulta externa,nuevas en personas de 5 a 14 anos,2007-01-01,52,40,52,40,92
SAN BORJA,consulta externa,nuevas en personas de 5 a 14 anos,2007-01-01,103,84,103,84,187
SAN BUENA VENTURA,consulta externa,nuevas en personas de 5 a 14 anos,2007-01-01,202,149,202,149,351
SAN CARLOS,consulta externa,nuevas en personas de 5 a 14 anos,2007-01-01,163,192,163,192,355
SAN IGNACIO,consulta externa,nuevas en personas de 5 a 14 anos,2007-01-01,159,156,159,156,315
SAN IGNACIO DE VELASCO,consulta externa,nuevas en personas de 5 a 14 anos,2007-01-01,618,646,618,646,1264
SAN JAVIER(BNI),consulta externa,nuevas en personas de 5 a 14 anos,2007-01-01,15,14,15,14,29
SAN JAVIER(STC),consulta externa,nuevas en personas de 5 a 14 anos,2007-01-01,137,202,137,202,339
SAN JOAQUIN,consulta externa,nuevas en personas de 5 a 14 anos,2007-01-01,125,159,125,159,284
SAN JOSE DE CHIQUITOS,consulta externa,nuevas en personas de 5 a 14 anos,2007-01-01,145,105,145,105,250
SAN JUAN DE YAPACANI,consulta externa,nuevas en personas de 5 a 14 anos,2007-01-01,126,91,126,91,217
SAN JULIAN,consulta externa,nuevas en personas de 5 a 14 anos,2007-01-01,401,398,401,398,799
SAN LORENZO(PND),consulta externa,nuevas en personas de 5 a 14 anos,2007-01-01,21,21,21,21,42
SAN LORENZO(TJA),consulta externa,nuevas en personas de 5 a 14 anos,2007-01-01,406,472,406,472,878
SAN LUCAS,consulta externa,nuevas en personas de 5 a 14 anos,2007-01-01,91,96,91,96,187
SAN MATIAS,consulta externa,nuevas en personas de 5 a 14 anos,2007-01-01,43,40,43,40,83
SAN MIGUEL DE VELASCO,consulta externa,nuevas en personas de 5 a 14 anos,2007-01-01,82,97,82,97,179
SAN PABLO DE LIPEZ,consulta externa,nuevas en personas de 5 a 14 anos,2007-01-01,38,22,38,22,60
SAN PEDRO,consulta externa,nuevas en personas de 5 a 14 anos,2007-01-01,182,153,182,153,335
SAN PEDRO DE BUENA VISTA,consulta externa,nuevas en personas de 5 a 14 anos,2007-01-01,25,29,25,29,54
SAN PEDRO DE CURAHUARA,consulta externa,nuevas en personas de 5 a 14 anos,2007-01-01,35,51,35,51,86
SAN PEDRO DE QUEMES,consulta externa,nuevas en personas de 5 a 14 anos,2007-01-01,1,0,1,0,1
SAN PEDRO DE TIQUINA,consulta externa,nuevas en personas de 5 a 14 anos,2007-01-01,14,15,14,15,29
SAN PEDRO(PND),consulta externa,nuevas en personas de 5 a 14 anos,2007-01-01,2,1,2,1,3
SAN RAFAEL,consulta externa,nuevas en personas de 5 a 14 anos,2007-01-01,28,18,28,18,46
SAN RAMON,consulta externa,nuevas en personas de 5 a 14 anos,2007-01-01,13,17,13,17,30
SAN RAMON,consulta externa,nuevas en personas de 5 a 14 anos,2007-01-01,83,102,83,102,185
SANTA ANA,consulta externa,nuevas en personas de 5 a 14 anos,2007-01-01,53,55,53,55,108
SANTA CRUZ DE LA SIERRA,consulta externa,nuevas en personas de 5 a 14 anos,2007-01-01,11780,13114,11780,13114,24894
SANTA ROSA,consulta externa,nuevas en personas de 5 a 14 anos,2007-01-01,19,23,19,23,42
SANTA ROSA DEL SARA,consulta externa,nuevas en personas de 5 a 14 anos,2007-01-01,214,179,214,179,393
SANTIAGO DE CALLAPA,consulta externa,nuevas en personas de 5 a 14 anos,2007-01-01,13,21,13,21,34
SANTIAGO DE HUARI,consulta externa,nuevas en personas de 5 a 14 anos,2007-01-01,24,29,24,29,53
SANTIAGO DE MACHACA,consulta externa,nuevas en personas de 5 a 14 anos,2007-01-01,2,4,2,4,6
SANTIVAÑES,consulta externa,nuevas en personas de 5 a 14 anos,2007-01-01,28,15,28,15,43
SANTUARIO DE QUILLACAS,consulta externa,nuevas en personas de 5 a 14 anos,2007-01-01,13,23,13,23,36
SAPAHAQUI,consulta externa,nuevas en personas de 5 a 14 anos,2007-01-01,26,29,26,29,55
SENA,consulta externa,nuevas en personas de 5 a 14 anos,2007-01-01,27,20,27,20,47
SICA SICA (VILLA AROMA),consulta externa,nuevas en personas de 5 a 14 anos,2007-01-01,29,36,29,36,65
SICAYA,consulta externa,nuevas en personas de 5 a 14 anos,2007-01-01,6,6,6,6,12
SIPE SIPE,consulta externa,nuevas en personas de 5 a 14 anos,2007-01-01,77,64,77,64,141
SOPACHUY,consulta externa,nuevas en personas de 5 a 14 anos,2007-01-01,41,56,41,56,97
SORACACHI,consulta externa,nuevas en personas de 5 a 14 anos,2007-01-01,29,20,29,20,49
SORATA,consulta externa,nuevas en personas de 5 a 14 anos,2007-01-01,51,42,51,42,93
SUCRE,consulta externa,nuevas en personas de 5 a 14 anos,2007-01-01,2349,2311,2349,2311,4660
TACACHI,consulta externa,nuevas en personas de 5 a 14 anos,2007-01-01,4,0,4,0,4
TACACOMA,consulta externa,nuevas en personas de 5 a 14 anos,2007-01-01,25,17,25,17,42
TACOBAMBA,consulta externa,nuevas en personas de 5 a 14 anos,2007-01-01,11,14,11,14,25
TACOPAYA,consulta externa,nuevas en personas de 5 a 14 anos,2007-01-01,20,27,20,27,47
TAHUA,consulta externa,nuevas en personas de 5 a 14 anos,2007-01-01,4,4,4,4,8
TAPACARI,consulta externa,nuevas en personas de 5 a 14 anos,2007-01-01,59,38,59,38,97
TARABUCO,consulta externa,nuevas en personas de 5 a 14 anos,2007-01-01,65,67,65,67,132
TARACO,consulta externa,nuevas en personas de 5 a 14 anos,2007-01-01,7,12,7,12,19
TARATA,consulta externa,nuevas en personas de 5 a 14 anos,2007-01-01,39,34,39,34,73
TARIJA,consulta externa,nuevas en personas de 5 a 14 anos,2007-01-01,2634,2756,2634,2756,5390
TARVITA,consulta externa,nuevas en personas de 5 a 14 anos,2007-01-01,61,76,61,76,137
TEOPONTE,consulta externa,nuevas en personas de 5 a 14 anos,2007-01-01,49,36,49,36,85
TIAWANACU,consulta externa,nuevas en personas de 5 a 14 anos,2007-01-01,23,19,23,19,42
TINGUIPAYA,consulta externa,nuevas en personas de 5 a 14 anos,2007-01-01,47,60,47,60,107
TIPUANI,consulta externa,nuevas en personas de 5 a 14 anos,2007-01-01,31,27,31,27,58
TIQUIPAYA,consulta externa,nuevas en personas de 5 a 14 anos,2007-01-01,235,217,235,217,452
TIRAQUE (CBBA),consulta externa,nuevas en personas de 5 a 14 anos,2007-01-01,205,204,205,204,409
TITO YUPANQUI (PARQUIPUJIO),consulta externa,nuevas en personas de 5 a 14 anos,2007-01-01,4,14,4,14,18
TOCO,consulta externa,nuevas en personas de 5 a 14 anos,2007-01-01,18,13,18,13,31
TODOS SANTOS,consulta externa,nuevas en personas de 5 a 14 anos,2007-01-01,0,1,0,1,1
TOLATA,consulta externa,nuevas en personas de 5 a 14 anos,2007-01-01,7,9,7,9,16
TOLEDO,consulta externa,nuevas en personas de 5 a 14 anos,2007-01-01,34,27,34,27,61
TOMAVE,consulta externa,nuevas en personas de 5 a 14 anos,2007-01-01,52,50,52,50,102
TOMINA,consulta externa,nuevas en personas de 5 a 14 anos,2007-01-01,66,54,66,54,120
TORO TORO,consulta externa,nuevas en personas de 5 a 14 anos,2007-01-01,25,33,25,33,58
TOTORA(CBBA),consulta externa,nuevas en personas de 5 a 14 anos,2007-01-01,23,30,23,30,53
TOTORA(ORR),consulta externa,nuevas en personas de 5 a 14 anos,2007-01-01,50,48,50,48,98
TRIGAL,consulta externa,nuevas en personas de 5 a 14 anos,2007-01-01,21,13,21,13,34
TRINIDAD,consulta externa,nuevas en personas de 5 a 14 anos,2007-01-01,542,619,542,619,1161
TUPIZA,consulta externa,nuevas en personas de 5 a 14 anos,2007-01-01,601,722,601,722,1323
TURCO,consulta externa,nuevas en personas de 5 a 14 anos,2007-01-01,44,42,44,42,86
UMALA,consulta externa,nuevas en personas de 5 a 14 anos,2007-01-01,9,9,9,9,18
UNCIA,consulta externa,nuevas en personas de 5 a 14 anos,2007-01-01,185,172,185,172,357
URIONDO (A. CONCEPCION),consulta externa,nuevas en personas de 5 a 14 anos,2007-01-01,197,241,197,241,438
URUBICHA,consulta externa,nuevas en personas de 5 a 14 anos,2007-01-01,29,25,29,25,54
UYUNI,consulta externa,nuevas en personas de 5 a 14 anos,2007-01-01,108,127,108,127,235
VACAS,consulta externa,nuevas en personas de 5 a 14 anos,2007-01-01,28,19,28,19,47
VALLEGRANDE,consulta externa,nuevas en personas de 5 a 14 anos,2007-01-01,186,225,186,225,411
VIACHA,consulta externa,nuevas en personas de 5 a 14 anos,2007-01-01,187,192,187,192,379
VILA VILA,consulta externa,nuevas en personas de 5 a 14 anos,2007-01-01,9,12,9,12,21
VILLA MONTES,consulta externa,nuevas en personas de 5 a 14 anos,2007-01-01,581,612,581,612,1193
VILLA NUEVA (LOMA ALTA),consulta externa,nuevas en personas de 5 a 14 anos,2007-01-01,37,30,37,30,67
VILLA RIVERO,consulta externa,nuevas en personas de 5 a 14 anos,2007-01-01,20,9,20,9,29
VILLA SERRANO,consulta externa,nuevas en personas de 5 a 14 anos,2007-01-01,59,68,59,68,127
VILLA TUNARI,consulta externa,nuevas en personas de 5 a 14 anos,2007-01-01,831,235,831,235,1066
VILLA VACA GUZMAN (MUYUPAMPA),consulta externa,nuevas en personas de 5 a 14 anos,2007-01-01,152,147,152,147,299
VILLAZON,consulta externa,nuevas en personas de 5 a 14 anos,2007-01-01,258,262,258,262,520
VINTO,consulta externa,nuevas en personas de 5 a 14 anos,2007-01-01,58,44,58,44,102
VITICHI,consulta externa,nuevas en personas de 5 a 14 anos,2007-01-01,28,36,28,36,64
WALDO BALLIVIAN,consulta externa,nuevas en personas de 5 a 14 anos,2007-01-01,3,3,3,3,6
WARNES,consulta externa,nuevas en personas de 5 a 14 anos,2007-01-01,283,242,283,242,525
YACO,consulta externa,nuevas en personas de 5 a 14 anos,2007-01-01,50,41,50,41,91
YACUIBA,consulta externa,nuevas en personas de 5 a 14 anos,2007-01-01,1245,1160,1245,1160,2405
YAMPARAEZ,consulta externa,nuevas en personas de 5 a 14 anos,2007-01-01,21,21,21,21,42
YANACACHI,consulta externa,nuevas en personas de 5 a 14 anos,2007-01-01,25,20,25,20,45
YAPACANI,consulta externa,nuevas en personas de 5 a 14 anos,2007-01-01,439,381,439,381,820
YOCALLA,consulta externa,nuevas en personas de 5 a 14 anos,2007-01-01,24,33,24,33,57
YOTALA,consulta externa,nuevas en personas de 5 a 14 anos,2007-01-01,35,39,35,39,74
YUNCHARA,consulta externa,nuevas en personas de 5 a 14 anos,2007-01-01,103,120,103,120,223
ZUDAÑEZ,consulta externa,nuevas en personas de 5 a 14 anos,2007-01-01,41,48,41,48,89
ACACIO,consulta externa,nuevas en personas de 5 a 14 anos,2007-02-01,20,22,20,22,42
ACHACACHI,consulta externa,nuevas en personas de 5 a 14 anos,2007-02-01,114,96,114,96,210
ACHOCALLA,consulta externa,nuevas en personas de 5 a 14 anos,2007-02-01,15,21,15,21,36
AIQUILE,consulta externa,nuevas en personas de 5 a 14 anos,2007-02-01,80,90,80,90,170
ALALAY,consulta externa,nuevas en personas de 5 a 14 anos,2007-02-01,2,1,2,1,3
ALCALA,consulta externa,nuevas en personas de 5 a 14 anos,2007-02-01,43,41,43,41,84
ANCORAIMES,consulta externa,nuevas en personas de 5 a 14 anos,2007-02-01,27,17,27,17,44
ANDAMARCA,consulta externa,nuevas en personas de 5 a 14 anos,2007-02-01,33,36,33,36,69
ANTEQUERA,consulta externa,nuevas en personas de 5 a 14 anos,2007-02-01,20,14,20,14,34
ANZALDO,consulta externa,nuevas en personas de 5 a 14 anos,2007-02-01,14,21,14,21,35
APOLO,consulta externa,nuevas en personas de 5 a 14 anos,2007-02-01,49,46,49,46,95
ARAMPAMPA,consulta externa,nuevas en personas de 5 a 14 anos,2007-02-01,8,11,8,11,19
ARANI,consulta externa,nuevas en personas de 5 a 14 anos,2007-02-01,18,9,18,9,27
ARBIETO,consulta externa,nuevas en personas de 5 a 14 anos,2007-02-01,26,39,26,39,65
ARQUE,consulta externa,nuevas en personas de 5 a 14 anos,2007-02-01,28,18,28,18,46
ASCENCION DE GUARAYOS,consulta externa,nuevas en personas de 5 a 14 anos,2007-02-01,295,227,295,227,522
ATOCHA,consulta externa,nuevas en personas de 5 a 14 anos,2007-02-01,117,162,117,162,279
AUCAPATA,consulta externa,nuevas en personas de 5 a 14 anos,2007-02-01,40,35,40,35,75
AYATA,consulta externa,nuevas en personas de 5 a 14 anos,2007-02-01,25,16,25,16,41
AYO AYO,consulta externa,nuevas en personas de 5 a 14 anos,2007-02-01,11,11,11,11,22
AYOPAYA (V. DE INDEPENDENCIA),consulta externa,nuevas en personas de 5 a 14 anos,2007-02-01,56,44,56,44,100
AZURDUY,consulta externa,nuevas en personas de 5 a 14 anos,2007-02-01,61,74,61,74,135
BATALLAS,consulta externa,nuevas en personas de 5 a 14 anos,2007-02-01,29,31,29,31,60
BAURES,consulta externa,nuevas en personas de 5 a 14 anos,2007-02-01,19,7,19,7,26
BELEN DE ANDAMARCA,consulta externa,nuevas en personas de 5 a 14 anos,2007-02-01,18,7,18,7,25
BELEN DE URMIRI,consulta externa,nuevas en personas de 5 a 14 anos,2007-02-01,10,9,10,9,19
BELLA FLOR,consulta externa,nuevas en personas de 5 a 14 anos,2007-02-01,8,7,8,7,15
BERMEJO,consulta externa,nuevas en personas de 5 a 14 anos,2007-02-01,584,589,584,589,1173
BETANZOS,consulta externa,nuevas en personas de 5 a 14 anos,2007-02-01,116,112,116,112,228
BOLIVAR,consulta externa,nuevas en personas de 5 a 14 anos,2007-02-01,19,19,19,19,38
BOLPEBRA,consulta externa,nuevas en personas de 5 a 14 anos,2007-02-01,12,12,12,12,24
BOYUIBE,consulta externa,nuevas en personas de 5 a 14 anos,2007-02-01,220,211,220,211,431
BUENA VISTA,consulta externa,nuevas en personas de 5 a 14 anos,2007-02-01,175,125,175,125,300
CABEZAS,consulta externa,nuevas en personas de 5 a 14 anos,2007-02-01,148,151,148,151,299
CAIROMA,consulta externa,nuevas en personas de 5 a 14 anos,2007-02-01,45,31,45,31,76
"CAIZA ""D""",consulta externa,nuevas en personas de 5 a 14 anos,2007-02-01,27,27,27,27,54
CAJUATA,consulta externa,nuevas en personas de 5 a 14 anos,2007-02-01,42,37,42,37,79
CALACOTO,consulta externa,nuevas en personas de 5 a 14 anos,2007-02-01,27,33,27,33,60
CALAMARCA,consulta externa,nuevas en personas de 5 a 14 anos,2007-02-01,25,16,25,16,41
CAMARGO,consulta externa,nuevas en personas de 5 a 14 anos,2007-02-01,143,129,143,129,272
CAMATAQUI (C. VILLA ABECIA),consulta externa,nuevas en personas de 5 a 14 anos,2007-02-01,29,30,29,30,59
CAMIRI,consulta externa,nuevas en personas de 5 a 14 anos,2007-02-01,580,681,580,681,1261
CAPINOTA,consulta externa,nuevas en personas de 5 a 14 anos,2007-02-01,75,56,75,56,131
CAQUIAVIRI,consulta externa,nuevas en personas de 5 a 14 anos,2007-02-01,24,22,24,22,46
CARACOLLO,consulta externa,nuevas en personas de 5 a 14 anos,2007-02-01,34,33,34,33,67
CARANAVI,consulta externa,nuevas en personas de 5 a 14 anos,2007-02-01,286,283,286,283,569
CARAPARI,consulta externa,nuevas en personas de 5 a 14 anos,2007-02-01,257,216,257,216,473
CARIPUYO,consulta externa,nuevas en personas de 5 a 14 anos,2007-02-01,11,13,11,13,24
CARMEN RIVERO TORREZ,consulta externa,nuevas en personas de 5 a 14 anos,2007-02-01,3,4,3,4,7
CATACORA,consulta externa,nuevas en personas de 5 a 14 anos,2007-02-01,3,3,3,3,6
CHACARILLA,consulta externa,nuevas en personas de 5 a 14 anos,2007-02-01,17,17,17,17,34
CHALLAPATA,consulta externa,nuevas en personas de 5 a 14 anos,2007-02-01,222,104,222,104,326
CHAQUI,consulta externa,nuevas en personas de 5 a 14 anos,2007-02-01,18,12,18,12,30
CHARAGUA,consulta externa,nuevas en personas de 5 a 14 anos,2007-02-01,79,95,79,95,174
CHARAÑA,consulta externa,nuevas en personas de 5 a 14 anos,2007-02-01,5,8,5,8,13
CHAYANTA,consulta externa,nuevas en personas de 5 a 14 anos,2007-02-01,49,39,49,39,88
CHIMORE,consulta externa,nuevas en personas de 5 a 14 anos,2007-02-01,84,88,84,88,172
CHIPAYA,consulta externa,nuevas en personas de 5 a 14 anos,2007-02-01,1,2,1,2,3
CHOQUE COTA,consulta externa,nuevas en personas de 5 a 14 anos,2007-02-01,4,3,4,3,7
CHULUMANI (V. DE LA LIBERTAD),consulta externa,nuevas en personas de 5 a 14 anos,2007-02-01,71,65,71,65,136
CHUMA,consulta externa,nuevas en personas de 5 a 14 anos,2007-02-01,135,118,135,118,253
CLIZA,consulta externa,nuevas en personas de 5 a 14 anos,2007-02-01,63,54,63,54,117
COBIJA,consulta externa,nuevas en personas de 5 a 14 anos,2007-02-01,285,252,285,252,537
COCHABAMBA,consulta externa,nuevas en personas de 5 a 14 anos,2007-02-01,4102,3803,4102,3803,7905
COIPASA,consulta externa,nuevas en personas de 5 a 14 anos,2007-02-01,4,8,4,8,12
COLCAPIRHUA,consulta externa,nuevas en personas de 5 a 14 anos,2007-02-01,92,87,92,87,179
"COLCHA ""K""",consulta externa,nuevas en personas de 5 a 14 anos,2007-02-01,32,48,32,48,80
COLLANA,consulta externa,nuevas en personas de 5 a 14 anos,2007-02-01,6,10,6,10,16
COLOMI,consulta externa,nuevas en personas de 5 a 14 anos,2007-02-01,52,30,52,30,82
COLPA BELGICA,consulta externa,nuevas en personas de 5 a 14 anos,2007-02-01,29,38,29,38,67
COLQUECHACA,consulta externa,nuevas en personas de 5 a 14 anos,2007-02-01,105,101,105,101,206
COLQUENCHA,consulta externa,nuevas en personas de 5 a 14 anos,2007-02-01,27,31,27,31,58
COLQUIRI,consulta externa,nuevas en personas de 5 a 14 anos,2007-02-01,29,36,29,36,65
COMANCHE,consulta externa,nuevas en personas de 5 a 14 anos,2007-02-01,14,8,14,8,22
COMARAPA,consulta externa,nuevas en personas de 5 a 14 anos,2007-02-01,81,76,81,76,157
COMBAYA,consulta externa,nuevas en personas de 5 a 14 anos,2007-02-01,4,3,4,3,7
CONCEPCION,consulta externa,nuevas en personas de 5 a 14 anos,2007-02-01,48,53,48,53,101
COPACABANA,consulta externa,nuevas en personas de 5 a 14 anos,2007-02-01,17,19,17,19,36
CORIPATA,consulta externa,nuevas en personas de 5 a 14 anos,2007-02-01,24,42,24,42,66
CORO CORO,consulta externa,nuevas en personas de 5 a 14 anos,2007-02-01,15,26,15,26,41
COROICO,consulta externa,nuevas en personas de 5 a 14 anos,2007-02-01,81,76,81,76,157
CORQUE,consulta externa,nuevas en personas de 5 a 14 anos,2007-02-01,16,15,16,15,31
COTAGAITA,consulta externa,nuevas en personas de 5 a 14 anos,2007-02-01,199,194,199,194,393
COTOCA,consulta externa,nuevas en personas de 5 a 14 anos,2007-02-01,107,68,107,68,175
CUATRO CAÑADAS,consulta externa,nuevas en personas de 5 a 14 anos,2007-02-01,144,165,144,165,309
CUCHUMUELA (V. G. VILLARROEL),consulta externa,nuevas en personas de 5 a 14 anos,2007-02-01,9,5,9,5,14
CUEVO,consulta externa,nuevas en personas de 5 a 14 anos,2007-02-01,43,39,43,39,82
CULPINA,consulta externa,nuevas en personas de 5 a 14 anos,2007-02-01,77,69,77,69,146
CURAHUARA DE CARANGAS,consulta externa,nuevas en personas de 5 a 14 anos,2007-02-01,13,23,13,23,36
CURVA,consulta externa,nuevas en personas de 5 a 14 anos,2007-02-01,8,11,8,11,19
DESAGUADERO,consulta externa,nuevas en personas de 5 a 14 anos,2007-02-01,16,9,16,9,25
EL ALTO,consulta externa,nuevas en personas de 5 a 14 anos,2007-02-01,3286,3332,3286,3332,6618
EL CHORO,consulta externa,nuevas en personas de 5 a 14 anos,2007-02-01,36,30,36,30,66
EL PUENTE(STC),consulta externa,nuevas en personas de 5 a 14 anos,2007-02-01,71,64,71,64,135
EL PUENTE(TJA),consulta externa,nuevas en personas de 5 a 14 anos,2007-02-01,83,110,83,110,193
EL TORNO,consulta externa,nuevas en personas de 5 a 14 anos,2007-02-01,227,205,227,205,432
EL VILLAR,consulta externa,nuevas en personas de 5 a 14 anos,2007-02-01,45,45,45,45,90
ENTRE RIOS,consulta externa,nuevas en personas de 5 a 14 anos,2007-02-01,60,60,60,60,120
ENTRE RIOS,consulta externa,nuevas en personas de 5 a 14 anos,2007-02-01,390,432,390,432,822
ESMERALDA,consulta externa,nuevas en personas de 5 a 14 anos,2007-02-01,5,3,5,3,8
EUCALIPTUS,consulta externa,nuevas en personas de 5 a 14 anos,2007-02-01,22,21,22,21,43
EUREKA (SANTOS MERCADO),consulta externa,nuevas en personas de 5 a 14 anos,2007-02-01,4,2,4,2,6
EXALTACION,consulta externa,nuevas en personas de 5 a 14 anos,2007-02-01,24,26,24,26,50
FERNANDEZ ALONSO,consulta externa,nuevas en personas de 5 a 14 anos,2007-02-01,97,96,97,96,193
FILADELFIA,consulta externa,nuevas en personas de 5 a 14 anos,2007-02-01,40,25,40,25,65
GENERAL SAAVEDRA,consulta externa,nuevas en personas de 5 a 14 anos,2007-02-01,231,212,231,212,443
GRAL. J.J. PEREZ (CHARAZANI),consulta externa,nuevas en personas de 5 a 14 anos,2007-02-01,19,28,19,28,47
GUANAY,consulta externa,nuevas en personas de 5 a 14 anos,2007-02-01,50,64,50,64,114
GUAQUI,consulta externa,nuevas en personas de 5 a 14 anos,2007-02-01,14,17,14,17,31
GUAYARAMERIN,consulta externa,nuevas en personas de 5 a 14 anos,2007-02-01,354,535,354,535,889
GUTIERREZ,consulta externa,nuevas en personas de 5 a 14 anos,2007-02-01,154,184,154,184,338
HUACARETA,consulta externa,nuevas en personas de 5 a 14 anos,2007-02-01,135,124,135,124,259
HUACAYA (VILLA DE HUACAYA),consulta externa,nuevas en personas de 5 a 14 anos,2007-02-01,21,17,21,17,38
HUACHACALLA,consulta externa,nuevas en personas de 5 a 14 anos,2007-02-01,23,25,23,25,48
HUANUNI,consulta externa,nuevas en personas de 5 a 14 anos,2007-02-01,78,86,78,86,164
HUARACAJE,consulta externa,nuevas en personas de 5 a 14 anos,2007-02-01,27,17,27,17,44
HUAYLLAMARCA,consulta externa,nuevas en personas de 5 a 14 anos,2007-02-01,11,7,11,7,18
ICHOCA,consulta externa,nuevas en personas de 5 a 14 anos,2007-02-01,14,15,14,15,29
ICLA,consulta externa,nuevas en personas de 5 a 14 anos,2007-02-01,44,37,44,37,81
INCAHUASI,consulta externa,nuevas en personas de 5 a 14 anos,2007-02-01,79,114,79,114,193
INGAVI (HUMAITA),consulta externa,nuevas en personas de 5 a 14 anos,2007-02-01,14,10,14,10,24
INQUISIVI,consulta externa,nuevas en personas de 5 a 14 anos,2007-02-01,53,47,53,47,100
IRUPANA (VILLA DE LANZA),consulta externa,nuevas en personas de 5 a 14 anos,2007-02-01,65,60,65,60,125
IXIAMAS,consulta externa,nuevas en personas de 5 a 14 anos,2007-02-01,54,73,54,73,127
JESUS DE MACHACA,consulta externa,nuevas en personas de 5 a 14 anos,2007-02-01,20,24,20,24,44
LA ASUNTA,consulta externa,nuevas en personas de 5 a 14 anos,2007-02-01,79,76,79,76,155
LA GUARDIA,consulta externa,nuevas en personas de 5 a 14 anos,2007-02-01,269,238,269,238,507
LA PAZ,consulta externa,nuevas en personas de 5 a 14 anos,2007-02-01,5835,4986,5835,4986,10821
LA RIVERA,consulta externa,nuevas en personas de 5 a 14 anos,2007-02-01,0,1,0,1,1
LAGUNILLAS,consulta externa,nuevas en personas de 5 a 14 anos,2007-02-01,92,89,92,89,181
LAJA,consulta externa,nuevas en personas de 5 a 14 anos,2007-02-01,25,12,25,12,37
LAS CARRERAS,consulta externa,nuevas en personas de 5 a 14 anos,2007-02-01,19,18,19,18,37
LICOMA PAMPA,consulta externa,nuevas en personas de 5 a 14 anos,2007-02-01,12,14,12,14,26
LLALLAGUA,consulta externa,nuevas en personas de 5 a 14 anos,2007-02-01,126,110,126,110,236
LLICA,consulta externa,nuevas en personas de 5 a 14 anos,2007-02-01,20,26,20,26,46
LORETO,consulta externa,nuevas en personas de 5 a 14 anos,2007-02-01,20,13,20,13,33
LURIBAY,consulta externa,nuevas en personas de 5 a 14 anos,2007-02-01,39,25,39,25,64
MACHACAMARCA,consulta externa,nuevas en personas de 5 a 14 anos,2007-02-01,15,13,15,13,28
MACHARETI,consulta externa,nuevas en personas de 5 a 14 anos,2007-02-01,135,127,135,127,262
MAGDALENA,consulta externa,nuevas en personas de 5 a 14 anos,2007-02-01,63,56,63,56,119
MAIRANA,consulta externa,nuevas en personas de 5 a 14 anos,2007-02-01,34,46,34,46,80
MALLA,consulta externa,nuevas en personas de 5 a 14 anos,2007-02-01,42,21,42,21,63
MAPIRI,consulta externa,nuevas en personas de 5 a 14 anos,2007-02-01,79,75,79,75,154
MECAPACA,consulta externa,nuevas en personas de 5 a 14 anos,2007-02-01,52,37,52,37,89
MINEROS,consulta externa,nuevas en personas de 5 a 14 anos,2007-02-01,134,121,134,121,255
MIZQUE,consulta externa,nuevas en personas de 5 a 14 anos,2007-02-01,32,28,32,28,60
MOCOMOCO,consulta externa,nuevas en personas de 5 a 14 anos,2007-02-01,63,72,63,72,135
MOJINETE,consulta externa,nuevas en personas de 5 a 14 anos,2007-02-01,5,5,5,5,10
MOJOCOYA,consulta externa,nuevas en personas de 5 a 14 anos,2007-02-01,20,21,20,21,41
MONTEAGUDO,consulta externa,nuevas en personas de 5 a 14 anos,2007-02-01,372,345,372,345,717
MONTERO,consulta externa,nuevas en personas de 5 a 14 anos,2007-02-01,1029,1264,1029,1264,2293
MORO MORO,consulta externa,nuevas en personas de 5 a 14 anos,2007-02-01,28,19,28,19,47
MOROCHATA,consulta externa,nuevas en personas de 5 a 14 anos,2007-02-01,20,24,20,24,44
NACEBE (SANTA ROSA DEL ABUNA),consulta externa,nuevas en personas de 5 a 14 anos,2007-02-01,29,29,29,29,58
NAZACARA DE PACAJES,consulta externa,nuevas en personas de 5 a 14 anos,2007-02-01,4,0,4,0,4
NUEVO MANOA (NUEVA ESPERANZA),consulta externa,nuevas en personas de 5 a 14 anos,2007-02-01,6,20,6,20,26
OCURI,consulta externa,nuevas en personas de 5 a 14 anos,2007-02-01,35,28,35,28,63
OKINAWA,consulta externa,nuevas en personas de 5 a 14 anos,2007-02-01,279,271,279,271,550
OMEREQUE,consulta externa,nuevas en personas de 5 a 14 anos,2007-02-01,25,16,25,16,41
ORURO,consulta externa,nuevas en personas de 5 a 14 anos,2007-02-01,1872,1901,1872,1901,3773
PADCAYA,consulta externa,nuevas en personas de 5 a 14 anos,2007-02-01,459,480,459,480,939
PADILLA,consulta externa,nuevas en personas de 5 a 14 anos,2007-02-01,135,87,135,87,222
PAILON,consulta externa,nuevas en personas de 5 a 14 anos,2007-02-01,82,66,82,66,148
PALCA,consulta externa,nuevas en personas de 5 a 14 anos,2007-02-01,42,41,42,41,83
PALOS BLANCOS,consulta externa,nuevas en personas de 5 a 14 anos,2007-02-01,185,134,185,134,319
PAMPA AULLAGAS,consulta externa,nuevas en personas de 5 a 14 anos,2007-02-01,10,16,10,16,26
PAMPA GRANDE,consulta externa,nuevas en personas de 5 a 14 anos,2007-02-01,42,47,42,47,89
PAPEL PAMPA,consulta externa,nuevas en personas de 5 a 14 anos,2007-02-01,18,15,18,15,33
PASORAPA,consulta externa,nuevas en personas de 5 a 14 anos,2007-02-01,3,6,3,6,9
PATACAMAYA,consulta externa,nuevas en personas de 5 a 14 anos,2007-02-01,32,30,32,30,62
PAZÑA,consulta externa,nuevas en personas de 5 a 14 anos,2007-02-01,16,18,16,18,34
PELECHUCO,consulta externa,nuevas en personas de 5 a 14 anos,2007-02-01,24,26,24,26,50
POCOATA,consulta externa,nuevas en personas de 5 a 14 anos,2007-02-01,62,48,62,48,110
POCONA,consulta externa,nuevas en personas de 5 a 14 anos,2007-02-01,34,38,34,38,72
POJO (CBBA),consulta externa,nuevas en personas de 5 a 14 anos,2007-02-01,20,17,20,17,37
POOPO,consulta externa,nuevas en personas de 5 a 14 anos,2007-02-01,26,27,26,27,53
PORCO,consulta externa,nuevas en personas de 5 a 14 anos,2007-02-01,29,42,29,42,71
POROMA,consulta externa,nuevas en personas de 5 a 14 anos,2007-02-01,48,45,48,45,93
PORONGO,consulta externa,nuevas en personas de 5 a 14 anos,2007-02-01,47,78,47,78,125
PORTACHUELO,consulta externa,nuevas en personas de 5 a 14 anos,2007-02-01,110,136,110,136,246
PORVENIR,consulta externa,nuevas en personas de 5 a 14 anos,2007-02-01,30,38,30,38,68
POSTRER VALLE,consulta externa,nuevas en personas de 5 a 14 anos,2007-02-01,16,14,16,14,30
POTOSI,consulta externa,nuevas en personas de 5 a 14 anos,2007-02-01,996,897,996,897,1893
PRESTO,consulta externa,nuevas en personas de 5 a 14 anos,2007-02-01,32,21,32,21,53
PUCARA,consulta externa,nuevas en personas de 5 a 14 anos,2007-02-01,25,24,25,24,49
PUCARANI,consulta externa,nuevas en personas de 5 a 14 anos,2007-02-01,40,29,40,29,69
PUERTO ACOSTA,consulta externa,nuevas en personas de 5 a 14 anos,2007-02-01,107,74,107,74,181
PUERTO CARABUCO,consulta externa,nuevas en personas de 5 a 14 anos,2007-02-01,45,48,45,48,93
PUERTO GONZALO MORENO,consulta externa,nuevas en personas de 5 a 14 anos,2007-02-01,42,57,42,57,99
PUERTO PEREZ,consulta externa,nuevas en personas de 5 a 14 anos,2007-02-01,16,14,16,14,30
PUERTO QUIJARRO,consulta externa,nuevas en personas de 5 a 14 anos,2007-02-01,113,95,113,95,208
PUERTO RICO,consulta externa,nuevas en personas de 5 a 14 anos,2007-02-01,36,39,36,39,75
PUERTO SILES,consulta externa,nuevas en personas de 5 a 14 anos,2007-02-01,5,11,5,11,16
PUERTO SUAREZ,consulta externa,nuevas en personas de 5 a 14 anos,2007-02-01,135,124,135,124,259
PUERTO VILLARROEL,consulta externa,nuevas en personas de 5 a 14 anos,2007-02-01,304,259,304,259,563
PUNA,consulta externa,nuevas en personas de 5 a 14 anos,2007-02-01,104,117,104,117,221
PUNATA,consulta externa,nuevas en personas de 5 a 14 anos,2007-02-01,86,75,86,75,161
QUIABAYA,consulta externa,nuevas en personas de 5 a 14 anos,2007-02-01,10,10,10,10,20
QUILLACOLLO,consulta externa,nuevas en personas de 5 a 14 anos,2007-02-01,388,430,388,430,818
QUIME,consulta externa,nuevas en personas de 5 a 14 anos,2007-02-01,29,32,29,32,61
QUIRUSILLAS,consulta externa,nuevas en personas de 5 a 14 anos,2007-02-01,11,5,11,5,16
RAVELO,consulta externa,nuevas en personas de 5 a 14 anos,2007-02-01,29,38,29,38,67
REYES,consulta externa,nuevas en personas de 5 a 14 anos,2007-02-01,58,56,58,56,114
RIBERALTA,consulta externa,nuevas en personas de 5 a 14 anos,2007-02-01,510,529,510,529,1039
ROBORE,consulta externa,nuevas en personas de 5 a 14 anos,2007-02-01,89,68,89,68,157
RURRENABAQUE,consulta externa,nuevas en personas de 5 a 14 anos,2007-02-01,75,78,75,78,153
SABAYA,consulta externa,nuevas en personas de 5 a 14 anos,2007-02-01,13,22,13,22,35
SACABA,consulta externa,nuevas en personas de 5 a 14 anos,2007-02-01,271,241,271,241,512
SACABAMBA,consulta externa,nuevas en personas de 5 a 14 anos,2007-02-01,11,15,11,15,26
SACACA,consulta externa,nuevas en personas de 5 a 14 anos,2007-02-01,83,84,83,84,167
SAIPINA,consulta externa,nuevas en personas de 5 a 14 anos,2007-02-01,17,20,17,20,37
SALINAS DE GARCI MENDOZA,consulta externa,nuevas en personas de 5 a 14 anos,2007-02-01,32,26,32,26,58
SAMAIPATA,consulta externa,nuevas en personas de 5 a 14 anos,2007-02-01,41,56,41,56,97
SAN AGUSTIN,consulta externa,nuevas en personas de 5 a 14 anos,2007-02-01,8,15,8,15,23
SAN ANDRES,consulta externa,nuevas en personas de 5 a 14 anos,2007-02-01,56,44,56,44,100
SAN ANDRES DE MACHACA,consulta externa,nuevas en personas de 5 a 14 anos,2007-02-01,13,17,13,17,30
SAN ANTONIO DE ESMORUCO,consulta externa,nuevas en personas de 5 a 14 anos,2007-02-01,3,4,3,4,7
SAN ANTONIO DE LOMERIO,consulta externa,nuevas en personas de 5 a 14 anos,2007-02-01,40,28,40,28,68
SAN BENITO,consulta externa,nuevas en personas de 5 a 14 anos,2007-02-01,46,41,46,41,87
SAN BORJA,consulta externa,nuevas en personas de 5 a 14 anos,2007-02-01,134,122,134,122,256
SAN BUENA VENTURA,consulta externa,nuevas en personas de 5 a 14 anos,2007-02-01,99,107,99,107,206
SAN CARLOS,consulta externa,nuevas en personas de 5 a 14 anos,2007-02-01,218,224,218,224,442
SAN IGNACIO,consulta externa,nuevas en personas de 5 a 14 anos,2007-02-01,325,322,325,322,647
SAN IGNACIO DE VELASCO,consulta externa,nuevas en personas de 5 a 14 anos,2007-02-01,489,538,489,538,1027
SAN JAVIER(BNI),consulta externa,nuevas en personas de 5 a 14 anos,2007-02-01,6,7,6,7,13
SAN JAVIER(STC),consulta externa,nuevas en personas de 5 a 14 anos,2007-02-01,80,78,80,78,158
SAN JOAQUIN,consulta externa,nuevas en personas de 5 a 14 anos,2007-02-01,97,107,97,107,204
SAN JOSE DE CHIQUITOS,consulta externa,nuevas en personas de 5 a 14 anos,2007-02-01,89,94,89,94,183
SAN JUAN DE YAPACANI,consulta externa,nuevas en personas de 5 a 14 anos,2007-02-01,109,106,109,106,215
SAN JULIAN,consulta externa,nuevas en personas de 5 a 14 anos,2007-02-01,532,512,532,512,1044
SAN LORENZO(PND),consulta externa,nuevas en personas de 5 a 14 anos,2007-02-01,18,32,18,32,50
SAN LORENZO(TJA),consulta externa,nuevas en personas de 5 a 14 anos,2007-02-01,510,533,510,533,1043
SAN LUCAS,consulta externa,nuevas en personas de 5 a 14 anos,2007-02-01,132,155,132,155,287
SAN MATIAS,consulta externa,nuevas en personas de 5 a 14 anos,2007-02-01,54,72,54,72,126
SAN MIGUEL DE VELASCO,consulta externa,nuevas en personas de 5 a 14 anos,2007-02-01,95,102,95,102,197
SAN PABLO DE LIPEZ,consulta externa,nuevas en personas de 5 a 14 anos,2007-02-01,32,18,32,18,50
SAN PEDRO,consulta externa,nuevas en personas de 5 a 14 anos,2007-02-01,295,270,295,270,565
SAN PEDRO DE BUENA VISTA,consulta externa,nuevas en personas de 5 a 14 anos,2007-02-01,28,24,28,24,52
SAN PEDRO DE CURAHUARA,consulta externa,nuevas en personas de 5 a 14 anos,2007-02-01,25,34,25,34,59
SAN PEDRO DE QUEMES,consulta externa,nuevas en personas de 5 a 14 anos,2007-02-01,1,1,1,1,2
SAN PEDRO DE TIQUINA,consulta externa,nuevas en personas de 5 a 14 anos,2007-02-01,37,5,37,5,42
SAN RAFAEL,consulta externa,nuevas en personas de 5 a 14 anos,2007-02-01,15,17,15,17,32
SAN RAMON,consulta externa,nuevas en personas de 5 a 14 anos,2007-02-01,16,21,16,21,37
SAN RAMON,consulta externa,nuevas en personas de 5 a 14 anos,2007-02-01,55,44,55,44,99
SANTA ANA,consulta externa,nuevas en personas de 5 a 14 anos,2007-02-01,39,45,39,45,84
SANTA CRUZ DE LA SIERRA,consulta externa,nuevas en personas de 5 a 14 anos,2007-02-01,9092,9860,9092,9860,18952
SANTA ROSA,consulta externa,nuevas en personas de 5 a 14 anos,2007-02-01,20,32,20,32,52
SANTA ROSA DEL SARA,consulta externa,nuevas en personas de 5 a 14 anos,2007-02-01,153,127,153,127,280
SANTIAGO DE CALLAPA,consulta externa,nuevas en personas de 5 a 14 anos,2007-02-01,29,23,29,23,52
SANTIAGO DE HUARI,consulta externa,nuevas en personas de 5 a 14 anos,2007-02-01,52,43,52,43,95
SANTIAGO DE MACHACA,consulta externa,nuevas en personas de 5 a 14 anos,2007-02-01,0,3,0,3,3
SANTIVAÑES,consulta externa,nuevas en personas de 5 a 14 anos,2007-02-01,21,27,21,27,48
SANTUARIO DE QUILLACAS,consulta externa,nuevas en personas de 5 a 14 anos,2007-02-01,2,6,2,6,8
SAPAHAQUI,consulta externa,nuevas en personas de 5 a 14 anos,2007-02-01,32,27,32,27,59
SENA,consulta externa,nuevas en personas de 5 a 14 anos,2007-02-01,29,42,29,42,71
SICA SICA (VILLA AROMA),consulta externa,nuevas en personas de 5 a 14 anos,2007-02-01,31,18,31,18,49
SICAYA,consulta externa,nuevas en personas de 5 a 14 anos,2007-02-01,17,3,17,3,20
SIPE SIPE,consulta externa,nuevas en personas de 5 a 14 anos,2007-02-01,63,71,63,71,134
SOPACHUY,consulta externa,nuevas en personas de 5 a 14 anos,2007-02-01,38,56,38,56,94
SORACACHI,consulta externa,nuevas en personas de 5 a 14 anos,2007-02-01,62,62,62,62,124
SORATA,consulta externa,nuevas en personas de 5 a 14 anos,2007-02-01,40,45,40,45,85
SUCRE,consulta externa,nuevas en personas de 5 a 14 anos,2007-02-01,2432,2199,2432,2199,4631
TACACHI,consulta externa,nuevas en personas de 5 a 14 anos,2007-02-01,2,1,2,1,3
TACACOMA,consulta externa,nuevas en personas de 5 a 14 anos,2007-02-01,12,10,12,10,22
TACOBAMBA,consulta externa,nuevas en personas de 5 a 14 anos,2007-02-01,26,23,26,23,49
TACOPAYA,consulta externa,nuevas en personas de 5 a 14 anos,2007-02-01,35,34,35,34,69
TAHUA,consulta externa,nuevas en personas de 5 a 14 anos,2007-02-01,3,2,3,2,5
TAPACARI,consulta externa,nuevas en personas de 5 a 14 anos,2007-02-01,47,35,47,35,82
TARABUCO,consulta externa,nuevas en personas de 5 a 14 anos,2007-02-01,59,68,59,68,127
TARACO,consulta externa,nuevas en personas de 5 a 14 anos,2007-02-01,26,18,26,18,44
TARATA,consulta externa,nuevas en personas de 5 a 14 anos,2007-02-01,33,34,33,34,67
TARIJA,consulta externa,nuevas en personas de 5 a 14 anos,2007-02-01,1950,2086,1950,2086,4036
TARVITA,consulta externa,nuevas en personas de 5 a 14 anos,2007-02-01,44,51,44,51,95
TEOPONTE,consulta externa,nuevas en personas de 5 a 14 anos,2007-02-01,41,32,41,32,73
TIAWANACU,consulta externa,nuevas en personas de 5 a 14 anos,2007-02-01,16,15,16,15,31
TINGUIPAYA,consulta externa,nuevas en personas de 5 a 14 anos,2007-02-01,50,57,50,57,107
TIPUANI,consulta externa,nuevas en personas de 5 a 14 anos,2007-02-01,12,12,12,12,24
TIQUIPAYA,consulta externa,nuevas en personas de 5 a 14 anos,2007-02-01,231,189,231,189,420
TIRAQUE (CBBA),consulta externa,nuevas en personas de 5 a 14 anos,2007-02-01,178,150,178,150,328
TITO YUPANQUI (PARQUIPUJIO),consulta externa,nuevas en personas de 5 a 14 anos,2007-02-01,4,9,4,9,13
TOCO,consulta externa,nuevas en personas de 5 a 14 anos,2007-02-01,18,13,18,13,31
TOLATA,consulta externa,nuevas en personas de 5 a 14 anos,2007-02-01,8,14,8,14,22
TOLEDO,consulta externa,nuevas en personas de 5 a 14 anos,2007-02-01,39,49,39,49,88
TOMAVE,consulta externa,nuevas en personas de 5 a 14 anos,2007-02-01,38,54,38,54,92
TOMINA,consulta externa,nuevas en personas de 5 a 14 anos,2007-02-01,44,45,44,45,89
TORO TORO,consulta externa,nuevas en personas de 5 a 14 anos,2007-02-01,26,33,26,33,59
TOTORA(CBBA),consulta externa,nuevas en personas de 5 a 14 anos,2007-02-01,24,19,24,19,43
TOTORA(ORR),consulta externa,nuevas en personas de 5 a 14 anos,2007-02-01,9,9,9,9,18
TRIGAL,consulta externa,nuevas en personas de 5 a 14 anos,2007-02-01,6,3,6,3,9
TRINIDAD,consulta externa,nuevas en personas de 5 a 14 anos,2007-02-01,618,662,618,662,1280
TUPIZA,consulta externa,nuevas en personas de 5 a 14 anos,2007-02-01,483,630,483,630,1113
TURCO,consulta externa,nuevas en personas de 5 a 14 anos,2007-02-01,17,13,17,13,30
UMALA,consulta externa,nuevas en personas de 5 a 14 anos,2007-02-01,15,19,15,19,34
UNCIA,consulta externa,nuevas en personas de 5 a 14 anos,2007-02-01,173,156,173,156,329
URIONDO (A. CONCEPCION),consulta externa,nuevas en personas de 5 a 14 anos,2007-02-01,195,223,195,223,418
URUBICHA,consulta externa,nuevas en personas de 5 a 14 anos,2007-02-01,18,19,18,19,37
UYUNI,consulta externa,nuevas en personas de 5 a 14 anos,2007-02-01,91,69,91,69,160
VACAS,consulta externa,nuevas en personas de 5 a 14 anos,2007-02-01,41,34,41,34,75
VALLEGRANDE,consulta externa,nuevas en personas de 5 a 14 anos,2007-02-01,110,149,110,149,259
VIACHA,consulta externa,nuevas en personas de 5 a 14 anos,2007-02-01,145,174,145,174,319
VILA VILA,consulta externa,nuevas en personas de 5 a 14 anos,2007-02-01,2,9,2,9,11
VILLA MONTES,consulta externa,nuevas en personas de 5 a 14 anos,2007-02-01,463,472,463,472,935
VILLA NUEVA (LOMA ALTA),consulta externa,nuevas en personas de 5 a 14 anos,2007-02-01,22,31,22,31,53
VILLA RIVERO,consulta externa,nuevas en personas de 5 a 14 anos,2007-02-01,24,17,24,17,41
VILLA SERRANO,consulta externa,nuevas en personas de 5 a 14 anos,2007-02-01,35,47,35,47,82
VILLA TUNARI,consulta externa,nuevas en personas de 5 a 14 anos,2007-02-01,397,405,397,405,802
VILLA VACA GUZMAN (MUYUPAMPA),consulta externa,nuevas en personas de 5 a 14 anos,2007-02-01,95,71,95,71,166
VILLAZON,consulta externa,nuevas en personas de 5 a 14 anos,2007-02-01,271,275,271,275,546
VINTO,consulta externa,nuevas en personas de 5 a 14 anos,2007-02-01,54,58,54,58,112
VITICHI,consulta externa,nuevas en personas de 5 a 14 anos,2007-02-01,39,43,39,43,82
WALDO BALLIVIAN,consulta externa,nuevas en personas de 5 a 14 anos,2007-02-01,7,7,7,7,14
WARNES,consulta externa,nuevas en personas de 5 a 14 anos,2007-02-01,356,313,356,313,669
YACO,consulta externa,nuevas en personas de 5 a 14 anos,2007-02-01,30,27,30,27,57
YACUIBA,consulta externa,nuevas en personas de 5 a 14 anos,2007-02-01,1006,1057,1006,1057,2063
YAMPARAEZ,consulta externa,nuevas en personas de 5 a 14 anos,2007-02-01,28,26,28,26,54
YANACACHI,consulta externa,nuevas en personas de 5 a 14 anos,2007-02-01,39,35,39,35,74
YAPACANI,consulta externa,nuevas en personas de 5 a 14 anos,2007-02-01,380,353,380,353,733
YOCALLA,consulta externa,nuevas en personas de 5 a 14 anos,2007-02-01,26,21,26,21,47
YOTALA,consulta externa,nuevas en personas de 5 a 14 anos,2007-02-01,33,29,33,29,62
YUNCHARA,consulta externa,nuevas en personas de 5 a 14 anos,2007-02-01,55,66,55,66,121
ZUDAÑEZ,consulta externa,nuevas en personas de 5 a 14 anos,2007-02-01,45,38,45,38,83
ACACIO,consulta externa,nuevas en personas de 5 a 14 anos,2007-03-01,25,30,25,30,55
ACHACACHI,consulta externa,nuevas en personas de 5 a 14 anos,2007-03-01,146,110,146,110,256
ACHOCALLA,consulta externa,nuevas en personas de 5 a 14 anos,2007-03-01,13,25,13,25,38
AIQUILE,consulta externa,nuevas en personas de 5 a 14 anos,2007-03-01,128,157,128,157,285
ALALAY,consulta externa,nuevas en personas de 5 a 14 anos,2007-03-01,6,3,6,3,9
ALCALA,consulta externa,nuevas en personas de 5 a 14 anos,2007-03-01,67,77,67,77,144
ANCORAIMES,consulta externa,nuevas en personas de 5 a 14 anos,2007-03-01,30,19,30,19,49
ANDAMARCA,consulta externa,nuevas en personas de 5 a 14 anos,2007-03-01,83,76,83,76,159
ANTEQUERA,consulta externa,nuevas en personas de 5 a 14 anos,2007-03-01,31,33,31,33,64
ANZALDO,consulta externa,nuevas en personas de 5 a 14 anos,2007-03-01,22,34,22,34,56
APOLO,consulta externa,nuevas en personas de 5 a 14 anos,2007-03-01,70,91,70,91,161
ARAMPAMPA,consulta externa,nuevas en personas de 5 a 14 anos,2007-03-01,17,19,17,19,36
ARANI,consulta externa,nuevas en personas de 5 a 14 anos,2007-03-01,19,18,19,18,37
ARBIETO,consulta externa,nuevas en personas de 5 a 14 anos,2007-03-01,35,36,35,36,71
ARQUE,consulta externa,nuevas en personas de 5 a 14 anos,2007-03-01,53,32,53,32,85
ASCENCION DE GUARAYOS,consulta externa,nuevas en personas de 5 a 14 anos,2007-03-01,138,165,138,165,303
ATOCHA,consulta externa,nuevas en personas de 5 a 14 anos,2007-03-01,243,290,243,290,533
AUCAPATA,consulta externa,nuevas en personas de 5 a 14 anos,2007-03-01,40,32,40,32,72
AYATA,consulta externa,nuevas en personas de 5 a 14 anos,2007-03-01,41,29,41,29,70
AYO AYO,consulta externa,nuevas en personas de 5 a 14 anos,2007-03-01,30,19,30,19,49
AYOPAYA (V. DE INDEPENDENCIA),consulta externa,nuevas en personas de 5 a 14 anos,2007-03-01,74,85,74,85,159
AZURDUY,consulta externa,nuevas en personas de 5 a 14 anos,2007-03-01,59,86,59,86,145
BATALLAS,consulta externa,nuevas en personas de 5 a 14 anos,2007-03-01,26,26,26,26,52
BAURES,consulta externa,nuevas en personas de 5 a 14 anos,2007-03-01,40,31,40,31,71
BELEN DE ANDAMARCA,consulta externa,nuevas en personas de 5 a 14 anos,2007-03-01,4,7,4,7,11
BELEN DE URMIRI,consulta externa,nuevas en personas de 5 a 14 anos,2007-03-01,21,23,21,23,44
BELLA FLOR,consulta externa,nuevas en personas de 5 a 14 anos,2007-03-01,93,82,93,82,175
BERMEJO,consulta externa,nuevas en personas de 5 a 14 anos,2007-03-01,683,687,683,687,1370
BETANZOS,consulta externa,nuevas en personas de 5 a 14 anos,2007-03-01,142,137,142,137,279
BOLIVAR,consulta externa,nuevas en personas de 5 a 14 anos,2007-03-01,28,29,28,29,57
BOLPEBRA,consulta externa,nuevas en personas de 5 a 14 anos,2007-03-01,15,15,15,15,30
BOYUIBE,consulta externa,nuevas en personas de 5 a 14 anos,2007-03-01,120,85,120,85,205
BUENA VISTA,consulta externa,nuevas en personas de 5 a 14 anos,2007-03-01,123,98,123,98,221
CABEZAS,consulta externa,nuevas en personas de 5 a 14 anos,2007-03-01,151,155,151,155,306
CAIROMA,consulta externa,nuevas en personas de 5 a 14 anos,2007-03-01,72,54,72,54,126
"CAIZA ""D""",consulta externa,nuevas en personas de 5 a 14 anos,2007-03-01,64,78,64,78,142
CAJUATA,consulta externa,nuevas en personas de 5 a 14 anos,2007-03-01,43,45,43,45,88
CALACOTO,consulta externa,nuevas en personas de 5 a 14 anos,2007-03-01,30,27,30,27,57
CALAMARCA,consulta externa,nuevas en personas de 5 a 14 anos,2007-03-01,49,32,49,32,81
CAMARGO,consulta externa,nuevas en personas de 5 a 14 anos,2007-03-01,102,91,102,91,193
CAMATAQUI (C. VILLA ABECIA),consulta externa,nuevas en personas de 5 a 14 anos,2007-03-01,35,38,35,38,73
CAMIRI,consulta externa,nuevas en personas de 5 a 14 anos,2007-03-01,770,879,770,879,1649
CAPINOTA,consulta externa,nuevas en personas de 5 a 14 anos,2007-03-01,110,100,110,100,210
CAQUIAVIRI,consulta externa,nuevas en personas de 5 a 14 anos,2007-03-01,32,17,32,17,49
CARACOLLO,consulta externa,nuevas en personas de 5 a 14 anos,2007-03-01,59,84,59,84,143
CARANAVI,consulta externa,nuevas en personas de 5 a 14 anos,2007-03-01,462,492,462,492,954
CARANGAS,consulta externa,nuevas en personas de 5 a 14 anos,2007-03-01,0,1,0,1,1
CARAPARI,consulta externa,nuevas en personas de 5 a 14 anos,2007-03-01,381,304,381,304,685
CARIPUYO,consulta externa,nuevas en personas de 5 a 14 anos,2007-03-01,54,60,54,60,114
CARMEN RIVERO TORREZ,consulta externa,nuevas en personas de 5 a 14 anos,2007-03-01,23,11,23,11,34
CATACORA,consulta externa,nuevas en personas de 5 a 14 anos,2007-03-01,1,11,1,11,12
CHACARILLA,consulta externa,nuevas en personas de 5 a 14 anos,2007-03-01,3,6,3,6,9
CHALLAPATA,consulta externa,nuevas en personas de 5 a 14 anos,2007-03-01,126,119,126,119,245
CHAQUI,consulta externa,nuevas en personas de 5 a 14 anos,2007-03-01,21,23,21,23,44
CHARAGUA,consulta externa,nuevas en personas de 5 a 14 anos,2007-03-01,96,110,96,110,206
CHARAÑA,consulta externa,nuevas en personas de 5 a 14 anos,2007-03-01,19,14,19,14,33
CHAYANTA,consulta externa,nuevas en personas de 5 a 14 anos,2007-03-01,58,53,58,53,111
CHIMORE,consulta externa,nuevas en personas de 5 a 14 anos,2007-03-01,189,143,189,143,332
CHIPAYA,consulta externa,nuevas en personas de 5 a 14 anos,2007-03-01,6,11,6,11,17
CHOQUE COTA,consulta externa,nuevas en personas de 5 a 14 anos,2007-03-01,8,5,8,5,13
CHULUMANI (V. DE LA LIBERTAD),consulta externa,nuevas en personas de 5 a 14 anos,2007-03-01,71,75,71,75,146
CHUMA,consulta externa,nuevas en personas de 5 a 14 anos,2007-03-01,74,86,74,86,160
CLIZA,consulta externa,nuevas en personas de 5 a 14 anos,2007-03-01,133,126,133,126,259
COBIJA,consulta externa,nuevas en personas de 5 a 14 anos,2007-03-01,325,350,325,350,675
COCHABAMBA,consulta externa,nuevas en personas de 5 a 14 anos,2007-03-01,4520,4309,4520,4309,8829
COIPASA,consulta externa,nuevas en personas de 5 a 14 anos,2007-03-01,9,4,9,4,13
COLCAPIRHUA,consulta externa,nuevas en personas de 5 a 14 anos,2007-03-01,198,180,198,180,378
"COLCHA ""K""",consulta externa,nuevas en personas de 5 a 14 anos,2007-03-01,64,58,64,58,122
COLLANA,consulta externa,nuevas en personas de 5 a 14 anos,2007-03-01,6,8,6,8,14
COLOMI,consulta externa,nuevas en personas de 5 a 14 anos,2007-03-01,63,48,63,48,111
COLPA BELGICA,consulta externa,nuevas en personas de 5 a 14 anos,2007-03-01,40,39,40,39,79
COLQUECHACA,consulta externa,nuevas en personas de 5 a 14 anos,2007-03-01,202,196,202,196,398
COLQUENCHA,consulta externa,nuevas en personas de 5 a 14 anos,2007-03-01,25,42,25,42,67
COLQUIRI,consulta externa,nuevas en personas de 5 a 14 anos,2007-03-01,73,41,73,41,114
COMANCHE,consulta externa,nuevas en personas de 5 a 14 anos,2007-03-01,16,12,16,12,28
COMARAPA,consulta externa,nuevas en personas de 5 a 14 anos,2007-03-01,94,137,94,137,231
COMBAYA,consulta externa,nuevas en personas de 5 a 14 anos,2007-03-01,4,5,4,5,9
CONCEPCION,consulta externa,nuevas en personas de 5 a 14 anos,2007-03-01,103,92,103,92,195
COPACABANA,consulta externa,nuevas en personas de 5 a 14 anos,2007-03-01,29,25,29,25,54
CORIPATA,consulta externa,nuevas en personas de 5 a 14 anos,2007-03-01,47,41,47,41,88
CORO CORO,consulta externa,nuevas en personas de 5 a 14 anos,2007-03-01,19,21,19,21,40
COROICO,consulta externa,nuevas en personas de 5 a 14 anos,2007-03-01,101,92,101,92,193
CORQUE,consulta externa,nuevas en personas de 5 a 14 anos,2007-03-01,65,65,65,65,130
COTAGAITA,consulta externa,nuevas en personas de 5 a 14 anos,2007-03-01,245,291,245,291,536
COTOCA,consulta externa,nuevas en personas de 5 a 14 anos,2007-03-01,164,146,164,146,310
CUATRO CAÑADAS,consulta externa,nuevas en personas de 5 a 14 anos,2007-03-01,246,226,246,226,472
CUCHUMUELA (V. G. VILLARROEL),consulta externa,nuevas en personas de 5 a 14 anos,2007-03-01,6,2,6,2,8
CUEVO,consulta externa,nuevas en personas de 5 a 14 anos,2007-03-01,50,57,50,57,107
CULPINA,consulta externa,nuevas en personas de 5 a 14 anos,2007-03-01,89,93,89,93,182
CURAHUARA DE CARANGAS,consulta externa,nuevas en personas de 5 a 14 anos,2007-03-01,25,22,25,22,47
CURVA,consulta externa,nuevas en personas de 5 a 14 anos,2007-03-01,10,3,10,3,13
DESAGUADERO,consulta externa,nuevas en personas de 5 a 14 anos,2007-03-01,16,20,16,20,36
EL ALTO,consulta externa,nuevas en personas de 5 a 14 anos,2007-03-01,4601,5088,4601,5088,9689
EL CHORO,consulta externa,nuevas en personas de 5 a 14 anos,2007-03-01,33,38,33,38,71
EL PUENTE(STC),consulta externa,nuevas en personas de 5 a 14 anos,2007-03-01,131,132,131,132,263
EL PUENTE(TJA),consulta externa,nuevas en personas de 5 a 14 anos,2007-03-01,204,204,204,204,408
EL TORNO,consulta externa,nuevas en personas de 5 a 14 anos,2007-03-01,280,309,280,309,589
EL VILLAR,consulta externa,nuevas en personas de 5 a 14 anos,2007-03-01,38,41,38,41,79
ENTRE RIOS,consulta externa,nuevas en personas de 5 a 14 anos,2007-03-01,476,527,476,527,1003
ENTRE RIOS,consulta externa,nuevas en personas de 5 a 14 anos,2007-03-01,75,73,75,73,148
ESCARA,consulta externa,nuevas en personas de 5 a 14 anos,2007-03-01,2,0,2,0,2
ESMERALDA,consulta externa,nuevas en personas de 5 a 14 anos,2007-03-01,16,12,16,12,28
EUCALIPTUS,consulta externa,nuevas en personas de 5 a 14 anos,2007-03-01,19,27,19,27,46
EUREKA (SANTOS MERCADO),consulta externa,nuevas en personas de 5 a 14 anos,2007-03-01,6,13,6,13,19
EXALTACION,consulta externa,nuevas en personas de 5 a 14 anos,2007-03-01,20,28,20,28,48
FERNANDEZ ALONSO,consulta externa,nuevas en personas de 5 a 14 anos,2007-03-01,81,65,81,65,146
FILADELFIA,consulta externa,nuevas en personas de 5 a 14 anos,2007-03-01,128,124,128,124,252
GENERAL SAAVEDRA,consulta externa,nuevas en personas de 5 a 14 anos,2007-03-01,86,97,86,97,183
GRAL. J.J. PEREZ (CHARAZANI),consulta externa,nuevas en personas de 5 a 14 anos,2007-03-01,44,39,44,39,83
GUANAY,consulta externa,nuevas en personas de 5 a 14 anos,2007-03-01,73,67,73,67,140
GUAQUI,consulta externa,nuevas en personas de 5 a 14 anos,2007-03-01,17,10,17,10,27
GUAYARAMERIN,consulta externa,nuevas en personas de 5 a 14 anos,2007-03-01,326,187,326,187,513
GUTIERREZ,consulta externa,nuevas en personas de 5 a 14 anos,2007-03-01,301,283,301,283,584
HUACARETA,consulta externa,nuevas en personas de 5 a 14 anos,2007-03-01,164,156,164,156,320
HUACAYA (VILLA DE HUACAYA),consulta externa,nuevas en personas de 5 a 14 anos,2007-03-01,38,40,38,40,78
HUACHACALLA,consulta externa,nuevas en personas de 5 a 14 anos,2007-03-01,15,32,15,32,47
HUANUNI,consulta externa,nuevas en personas de 5 a 14 anos,2007-03-01,190,119,190,119,309
HUARACAJE,consulta externa,nuevas en personas de 5 a 14 anos,2007-03-01,15,24,15,24,39
HUAYLLAMARCA,consulta externa,nuevas en personas de 5 a 14 anos,2007-03-01,48,50,48,50,98
ICHOCA,consulta externa,nuevas en personas de 5 a 14 anos,2007-03-01,19,10,19,10,29
ICLA,consulta externa,nuevas en personas de 5 a 14 anos,2007-03-01,53,44,53,44,97
INCAHUASI,consulta externa,nuevas en personas de 5 a 14 anos,2007-03-01,75,95,75,95,170
INGAVI (HUMAITA),consulta externa,nuevas en personas de 5 a 14 anos,2007-03-01,5,9,5,9,14
INQUISIVI,consulta externa,nuevas en personas de 5 a 14 anos,2007-03-01,34,46,34,46,80
IRUPANA (VILLA DE LANZA),consulta externa,nuevas en personas de 5 a 14 anos,2007-03-01,89,51,89,51,140
IXIAMAS,consulta externa,nuevas en personas de 5 a 14 anos,2007-03-01,49,37,49,37,86
JESUS DE MACHACA,consulta externa,nuevas en personas de 5 a 14 anos,2007-03-01,40,32,40,32,72
LA ASUNTA,consulta externa,nuevas en personas de 5 a 14 anos,2007-03-01,326,340,326,340,666
LA GUARDIA,consulta externa,nuevas en personas de 5 a 14 anos,2007-03-01,281,231,281,231,512
LA PAZ,consulta externa,nuevas en personas de 5 a 14 anos,2007-03-01,7501,6989,7501,6989,14490
LA RIVERA,consulta externa,nuevas en personas de 5 a 14 anos,2007-03-01,1,2,1,2,3
LAGUNILLAS,consulta externa,nuevas en personas de 5 a 14 anos,2007-03-01,356,333,356,333,689
LAJA,consulta externa,nuevas en personas de 5 a 14 anos,2007-03-01,24,20,24,20,44
LAS CARRERAS,consulta externa,nuevas en personas de 5 a 14 anos,2007-03-01,20,12,20,12,32
LICOMA PAMPA,consulta externa,nuevas en personas de 5 a 14 anos,2007-03-01,19,18,19,18,37
LLALLAGUA,consulta externa,nuevas en personas de 5 a 14 anos,2007-03-01,187,159,187,159,346
LLICA,consulta externa,nuevas en personas de 5 a 14 anos,2007-03-01,27,25,27,25,52
LORETO,consulta externa,nuevas en personas de 5 a 14 anos,2007-03-01,81,107,81,107,188
LURIBAY,consulta externa,nuevas en personas de 5 a 14 anos,2007-03-01,49,46,49,46,95
MACHACAMARCA,consulta externa,nuevas en personas de 5 a 14 anos,2007-03-01,25,27,25,27,52
MACHARETI,consulta externa,nuevas en personas de 5 a 14 anos,2007-03-01,134,131,134,131,265
MAGDALENA,consulta externa,nuevas en personas de 5 a 14 anos,2007-03-01,54,62,54,62,116
MAIRANA,consulta externa,nuevas en personas de 5 a 14 anos,2007-03-01,54,37,54,37,91
MALLA,consulta externa,nuevas en personas de 5 a 14 anos,2007-03-01,49,35,49,35,84
MAPIRI,consulta externa,nuevas en personas de 5 a 14 anos,2007-03-01,119,110,119,110,229
MECAPACA,consulta externa,nuevas en personas de 5 a 14 anos,2007-03-01,40,40,40,40,80
MINEROS,consulta externa,nuevas en personas de 5 a 14 anos,2007-03-01,51,53,51,53,104
MIZQUE,consulta externa,nuevas en personas de 5 a 14 anos,2007-03-01,54,33,54,33,87
MOCOMOCO,consulta externa,nuevas en personas de 5 a 14 anos,2007-03-01,58,48,58,48,106
MOJINETE,consulta externa,nuevas en personas de 5 a 14 anos,2007-03-01,6,12,6,12,18
MOJOCOYA,consulta externa,nuevas en personas de 5 a 14 anos,2007-03-01,39,38,39,38,77
MONTEAGUDO,consulta externa,nuevas en personas de 5 a 14 anos,2007-03-01,367,448,367,448,815
MONTERO,consulta externa,nuevas en personas de 5 a 14 anos,2007-03-01,1375,1409,1375,1409,2784
MORO MORO,consulta externa,nuevas en personas de 5 a 14 anos,2007-03-01,60,68,60,68,128
MOROCHATA,consulta externa,nuevas en personas de 5 a 14 anos,2007-03-01,37,41,37,41,78
NACEBE (SANTA ROSA DEL ABUNA),consulta externa,nuevas en personas de 5 a 14 anos,2007-03-01,30,39,30,39,69
NAZACARA DE PACAJES,consulta externa,nuevas en personas de 5 a 14 anos,2007-03-01,2,4,2,4,6
NUEVO MANOA (NUEVA ESPERANZA),consulta externa,nuevas en personas de 5 a 14 anos,2007-03-01,9,14,9,14,23
OCURI,consulta externa,nuevas en personas de 5 a 14 anos,2007-03-01,34,31,34,31,65
OKINAWA,consulta externa,nuevas en personas de 5 a 14 anos,2007-03-01,154,237,154,237,391
OMEREQUE,consulta externa,nuevas en personas de 5 a 14 anos,2007-03-01,19,23,19,23,42
ORURO,consulta externa,nuevas en personas de 5 a 14 anos,2007-03-01,2879,2892,2879,2892,5771
PADCAYA,consulta externa,nuevas en personas de 5 a 14 anos,2007-03-01,600,617,600,617,1217
PADILLA,consulta externa,nuevas en personas de 5 a 14 anos,2007-03-01,159,151,159,151,310
PAILON,consulta externa,nuevas en personas de 5 a 14 anos,2007-03-01,87,78,87,78,165
PALCA,consulta externa,nuevas en personas de 5 a 14 anos,2007-03-01,55,58,55,58,113
PALOS BLANCOS,consulta externa,nuevas en personas de 5 a 14 anos,2007-03-01,217,157,217,157,374
PAMPA AULLAGAS,consulta externa,nuevas en personas de 5 a 14 anos,2007-03-01,19,20,19,20,39
PAMPA GRANDE,consulta externa,nuevas en personas de 5 a 14 anos,2007-03-01,36,45,36,45,81
PAPEL PAMPA,consulta externa,nuevas en personas de 5 a 14 anos,2007-03-01,16,19,16,19,35
PASORAPA,consulta externa,nuevas en personas de 5 a 14 anos,2007-03-01,5,5,5,5,10
PATACAMAYA,consulta externa,nuevas en personas de 5 a 14 anos,2007-03-01,47,26,47,26,73
PAZÑA,consulta externa,nuevas en personas de 5 a 14 anos,2007-03-01,76,89,76,89,165
PELECHUCO,consulta externa,nuevas en personas de 5 a 14 anos,2007-03-01,49,38,49,38,87
POCOATA,consulta externa,nuevas en personas de 5 a 14 anos,2007-03-01,100,93,100,93,193
POCONA,consulta externa,nuevas en personas de 5 a 14 anos,2007-03-01,51,44,51,44,95
POJO (CBBA),consulta externa,nuevas en personas de 5 a 14 anos,2007-03-01,30,49,30,49,79
POOPO,consulta externa,nuevas en personas de 5 a 14 anos,2007-03-01,22,24,22,24,46
PORCO,consulta externa,nuevas en personas de 5 a 14 anos,2007-03-01,39,30,39,30,69
POROMA,consulta externa,nuevas en personas de 5 a 14 anos,2007-03-01,93,100,93,100,193
PORONGO,consulta externa,nuevas en personas de 5 a 14 anos,2007-03-01,210,98,210,98,308
PORTACHUELO,consulta externa,nuevas en personas de 5 a 14 anos,2007-03-01,153,119,153,119,272
PORVENIR,consulta externa,nuevas en personas de 5 a 14 anos,2007-03-01,79,77,79,77,156
POSTRER VALLE,consulta externa,nuevas en personas de 5 a 14 anos,2007-03-01,18,28,18,28,46
POTOSI,consulta externa,nuevas en personas de 5 a 14 anos,2007-03-01,1038,1116,1038,1116,2154
PRESTO,consulta externa,nuevas en personas de 5 a 14 anos,2007-03-01,31,41,31,41,72
PUCARA,consulta externa,nuevas en personas de 5 a 14 anos,2007-03-01,8,9,8,9,17
PUCARANI,consulta externa,nuevas en personas de 5 a 14 anos,2007-03-01,119,99,119,99,218
PUERTO ACOSTA,consulta externa,nuevas en personas de 5 a 14 anos,2007-03-01,102,72,102,72,174
PUERTO CARABUCO,consulta externa,nuevas en personas de 5 a 14 anos,2007-03-01,176,190,176,190,366
PUERTO GONZALO MORENO,consulta externa,nuevas en personas de 5 a 14 anos,2007-03-01,50,41,50,41,91
PUERTO PEREZ,consulta externa,nuevas en personas de 5 a 14 anos,2007-03-01,12,17,12,17,29
PUERTO QUIJARRO,consulta externa,nuevas en personas de 5 a 14 anos,2007-03-01,130,133,130,133,263
PUERTO RICO,consulta externa,nuevas en personas de 5 a 14 anos,2007-03-01,68,74,68,74,142
PUERTO SUAREZ,consulta externa,nuevas en personas de 5 a 14 anos,2007-03-01,101,135,101,135,236
PUERTO VILLARROEL,consulta externa,nuevas en personas de 5 a 14 anos,2007-03-01,480,393,480,393,873
PUNA,consulta externa,nuevas en personas de 5 a 14 anos,2007-03-01,108,115,108,115,223
PUNATA,consulta externa,nuevas en personas de 5 a 14 anos,2007-03-01,88,81,88,81,169
QUIABAYA,consulta externa,nuevas en personas de 5 a 14 anos,2007-03-01,7,11,7,11,18
QUILLACOLLO,consulta externa,nuevas en personas de 5 a 14 anos,2007-03-01,465,533,465,533,998
QUIME,consulta externa,nuevas en personas de 5 a 14 anos,2007-03-01,37,36,37,36,73
QUIRUSILLAS,consulta externa,nuevas en personas de 5 a 14 anos,2007-03-01,4,16,4,16,20
RAVELO,consulta externa,nuevas en personas de 5 a 14 anos,2007-03-01,35,51,35,51,86
REYES,consulta externa,nuevas en personas de 5 a 14 anos,2007-03-01,75,70,75,70,145
RIBERALTA,consulta externa,nuevas en personas de 5 a 14 anos,2007-03-01,625,734,625,734,1359
ROBORE,consulta externa,nuevas en personas de 5 a 14 anos,2007-03-01,124,107,124,107,231
RURRENABAQUE,consulta externa,nuevas en personas de 5 a 14 anos,2007-03-01,66,73,66,73,139
SABAYA,consulta externa,nuevas en personas de 5 a 14 anos,2007-03-01,17,19,17,19,36
SACABA,consulta externa,nuevas en personas de 5 a 14 anos,2007-03-01,380,313,380,313,693
SACABAMBA,consulta externa,nuevas en personas de 5 a 14 anos,2007-03-01,14,15,14,15,29
SACACA,consulta externa,nuevas en personas de 5 a 14 anos,2007-03-01,92,77,92,77,169
SAIPINA,consulta externa,nuevas en personas de 5 a 14 anos,2007-03-01,119,115,119,115,234
SALINAS DE GARCI MENDOZA,consulta externa,nuevas en personas de 5 a 14 anos,2007-03-01,98,98,98,98,196
SAMAIPATA,consulta externa,nuevas en personas de 5 a 14 anos,2007-03-01,50,48,50,48,98
SAN AGUSTIN,consulta externa,nuevas en personas de 5 a 14 anos,2007-03-01,15,12,15,12,27
SAN ANDRES,consulta externa,nuevas en personas de 5 a 14 anos,2007-03-01,164,165,164,165,329
SAN ANDRES DE MACHACA,consulta externa,nuevas en personas de 5 a 14 anos,2007-03-01,26,20,26,20,46
SAN ANTONIO DE ESMORUCO,consulta externa,nuevas en personas de 5 a 14 anos,2007-03-01,23,17,23,17,40
SAN ANTONIO DE LOMERIO,consulta externa,nuevas en personas de 5 a 14 anos,2007-03-01,35,31,35,31,66
SAN BENITO,consulta externa,nuevas en personas de 5 a 14 anos,2007-03-01,49,44,49,44,93
SAN BORJA,consulta externa,nuevas en personas de 5 a 14 anos,2007-03-01,105,125,105,125,230
SAN BUENA VENTURA,consulta externa,nuevas en personas de 5 a 14 anos,2007-03-01,68,84,68,84,152
SAN CARLOS,consulta externa,nuevas en personas de 5 a 14 anos,2007-03-01,125,126,125,126,251
SAN IGNACIO,consulta externa,nuevas en personas de 5 a 14 anos,2007-03-01,370,409,370,409,779
SAN IGNACIO DE VELASCO,consulta externa,nuevas en personas de 5 a 14 anos,2007-03-01,487,469,487,469,956
SAN JAVIER(BNI),consulta externa,nuevas en personas de 5 a 14 anos,2007-03-01,85,114,85,114,199
SAN JAVIER(STC),consulta externa,nuevas en personas de 5 a 14 anos,2007-03-01,122,153,122,153,275
SAN JOAQUIN,consulta externa,nuevas en personas de 5 a 14 anos,2007-03-01,141,152,141,152,293
SAN JOSE DE CHIQUITOS,consulta externa,nuevas en personas de 5 a 14 anos,2007-03-01,140,113,140,113,253
SAN JUAN DE YAPACANI,consulta externa,nuevas en personas de 5 a 14 anos,2007-03-01,106,118,106,118,224
SAN JULIAN,consulta externa,nuevas en personas de 5 a 14 anos,2007-03-01,234,266,234,266,500
SAN LORENZO(PND),consulta externa,nuevas en personas de 5 a 14 anos,2007-03-01,26,29,26,29,55
SAN LORENZO(TJA),consulta externa,nuevas en personas de 5 a 14 anos,2007-03-01,419,516,419,516,935
SAN LUCAS,consulta externa,nuevas en personas de 5 a 14 anos,2007-03-01,209,148,209,148,357
SAN MATIAS,consulta externa,nuevas en personas de 5 a 14 anos,2007-03-01,60,88,60,88,148
SAN MIGUEL DE VELASCO,consulta externa,nuevas en personas de 5 a 14 anos,2007-03-01,116,95,116,95,211
SAN PABLO DE LIPEZ,consulta externa,nuevas en personas de 5 a 14 anos,2007-03-01,28,24,28,24,52
SAN PEDRO,consulta externa,nuevas en personas de 5 a 14 anos,2007-03-01,206,229,206,229,435
SAN PEDRO DE BUENA VISTA,consulta externa,nuevas en personas de 5 a 14 anos,2007-03-01,38,34,38,34,72
SAN PEDRO DE CURAHUARA,consulta externa,nuevas en personas de 5 a 14 anos,2007-03-01,48,44,48,44,92
SAN PEDRO DE QUEMES,consulta externa,nuevas en personas de 5 a 14 anos,2007-03-01,1,0,1,0,1
SAN PEDRO DE TIQUINA,consulta externa,nuevas en personas de 5 a 14 anos,2007-03-01,11,4,11,4,15
SAN PEDRO(PND),consulta externa,nuevas en personas de 5 a 14 anos,2007-03-01,33,44,33,44,77
SAN RAFAEL,consulta externa,nuevas en personas de 5 a 14 anos,2007-03-01,27,34,27,34,61
SAN RAMON,consulta externa,nuevas en personas de 5 a 14 anos,2007-03-01,15,19,15,19,34
SAN RAMON,consulta externa,nuevas en personas de 5 a 14 anos,2007-03-01,75,69,75,69,144
SANTA ANA,consulta externa,nuevas en personas de 5 a 14 anos,2007-03-01,215,177,215,177,392
SANTA CRUZ DE LA SIERRA,consulta externa,nuevas en personas de 5 a 14 anos,2007-03-01,11944,12730,11944,12730,24674
SANTA ROSA,consulta externa,nuevas en personas de 5 a 14 anos,2007-03-01,36,32,36,32,68
SANTA ROSA DEL SARA,consulta externa,nuevas en personas de 5 a 14 anos,2007-03-01,307,316,307,316,623
SANTIAGO DE CALLAPA,consulta externa,nuevas en personas de 5 a 14 anos,2007-03-01,28,23,28,23,51
SANTIAGO DE HUARI,consulta externa,nuevas en personas de 5 a 14 anos,2007-03-01,41,37,41,37,78
SANTIAGO DE MACHACA,consulta externa,nuevas en personas de 5 a 14 anos,2007-03-01,2,8,2,8,10
SANTIVAÑES,consulta externa,nuevas en personas de 5 a 14 anos,2007-03-01,22,22,22,22,44
SANTUARIO DE QUILLACAS,consulta externa,nuevas en personas de 5 a 14 anos,2007-03-01,7,10,7,10,17
SAPAHAQUI,consulta externa,nuevas en personas de 5 a 14 anos,2007-03-01,31,33,31,33,64
SENA,consulta externa,nuevas en personas de 5 a 14 anos,2007-03-01,47,54,47,54,101
SICA SICA (VILLA AROMA),consulta externa,nuevas en personas de 5 a 14 anos,2007-03-01,57,40,57,40,97
SICAYA,consulta externa,nuevas en personas de 5 a 14 anos,2007-03-01,17,10,17,10,27
SIPE SIPE,consulta externa,nuevas en personas de 5 a 14 anos,2007-03-01,74,80,74,80,154
SOPACHUY,consulta externa,nuevas en personas de 5 a 14 anos,2007-03-01,35,41,35,41,76
SORACACHI,consulta externa,nuevas en personas de 5 a 14 anos,2007-03-01,34,17,34,17,51
SORATA,consulta externa,nuevas en personas de 5 a 14 anos,2007-03-01,69,58,69,58,127
SUCRE,consulta externa,nuevas en personas de 5 a 14 anos,2007-03-01,3160,2880,3160,2880,6040
TACACHI,consulta externa,nuevas en personas de 5 a 14 anos,2007-03-01,1,5,1,5,6
TACACOMA,consulta externa,nuevas en personas de 5 a 14 anos,2007-03-01,24,21,24,21,45
TACOBAMBA,consulta externa,nuevas en personas de 5 a 14 anos,2007-03-01,35,20,35,20,55
TACOPAYA,consulta externa,nuevas en personas de 5 a 14 anos,2007-03-01,33,35,33,35,68
TAHUA,consulta externa,nuevas en personas de 5 a 14 anos,2007-03-01,11,12,11,12,23
TAPACARI,consulta externa,nuevas en personas de 5 a 14 anos,2007-03-01,92,74,92,74,166
TARABUCO,consulta externa,nuevas en personas de 5 a 14 anos,2007-03-01,65,45,65,45,110
TARACO,consulta externa,nuevas en personas de 5 a 14 anos,2007-03-01,27,23,27,23,50
TARATA,consulta externa,nuevas en personas de 5 a 14 anos,2007-03-01,46,45,46,45,91
TARIJA,consulta externa,nuevas en personas de 5 a 14 anos,2007-03-01,2933,2679,2933,2679,5612
TARVITA,consulta externa,nuevas en personas de 5 a 14 anos,2007-03-01,108,84,108,84,192
TEOPONTE,consulta externa,nuevas en personas de 5 a 14 anos,2007-03-01,52,54,52,54,106
TIAWANACU,consulta externa,nuevas en personas de 5 a 14 anos,2007-03-01,102,84,102,84,186
TINGUIPAYA,consulta externa,nuevas en personas de 5 a 14 anos,2007-03-01,69,67,69,67,136
TIPUANI,consulta externa,nuevas en personas de 5 a 14 anos,2007-03-01,17,19,17,19,36
TIQUIPAYA,consulta externa,nuevas en personas de 5 a 14 anos,2007-03-01,195,163,195,163,358
TIRAQUE (CBBA),consulta externa,nuevas en personas de 5 a 14 anos,2007-03-01,208,160,208,160,368
TITO YUPANQUI (PARQUIPUJIO),consulta externa,nuevas en personas de 5 a 14 anos,2007-03-01,11,10,11,10,21
TOCO,consulta externa,nuevas en personas de 5 a 14 anos,2007-03-01,16,26,16,26,42
TODOS SANTOS,consulta externa,nuevas en personas de 5 a 14 anos,2007-03-01,1,2,1,2,3
TOLATA,consulta externa,nuevas en personas de 5 a 14 anos,2007-03-01,18,11,18,11,29
TOLEDO,consulta externa,nuevas en personas de 5 a 14 anos,2007-03-01,43,56,43,56,99
TOMAVE,consulta externa,nuevas en personas de 5 a 14 anos,2007-03-01,74,57,74,57,131
TOMINA,consulta externa,nuevas en personas de 5 a 14 anos,2007-03-01,69,59,69,59,128
TORO TORO,consulta externa,nuevas en personas de 5 a 14 anos,2007-03-01,39,47,39,47,86
TOTORA(CBBA),consulta externa,nuevas en personas de 5 a 14 anos,2007-03-01,20,16,20,16,36
TOTORA(ORR),consulta externa,nuevas en personas de 5 a 14 anos,2007-03-01,57,56,57,56,113
TRIGAL,consulta externa,nuevas en personas de 5 a 14 anos,2007-03-01,15,16,15,16,31
TRINIDAD,consulta externa,nuevas en personas de 5 a 14 anos,2007-03-01,726,716,726,716,1442
TUPIZA,consulta externa,nuevas en personas de 5 a 14 anos,2007-03-01,592,786,592,786,1378
TURCO,consulta externa,nuevas en personas de 5 a 14 anos,2007-03-01,54,58,54,58,112
UMALA,consulta externa,nuevas en personas de 5 a 14 anos,2007-03-01,22,22,22,22,44
UNCIA,consulta externa,nuevas en personas de 5 a 14 anos,2007-03-01,190,167,190,167,357
URIONDO (A. CONCEPCION),consulta externa,nuevas en personas de 5 a 14 anos,2007-03-01,272,297,272,297,569
URUBICHA,consulta externa,nuevas en personas de 5 a 14 anos,2007-03-01,259,255,259,255,514
UYUNI,consulta externa,nuevas en personas de 5 a 14 anos,2007-03-01,90,84,90,84,174
VACAS,consulta externa,nuevas en personas de 5 a 14 anos,2007-03-01,35,41,35,41,76
VALLEGRANDE,consulta externa,nuevas en personas de 5 a 14 anos,2007-03-01,208,225,208,225,433
VIACHA,consulta externa,nuevas en personas de 5 a 14 anos,2007-03-01,230,226,230,226,456
VILA VILA,consulta externa,nuevas en personas de 5 a 14 anos,2007-03-01,10,11,10,11,21
VILLA MONTES,consulta externa,nuevas en personas de 5 a 14 anos,2007-03-01,752,734,752,734,1486
VILLA NUEVA (LOMA ALTA),consulta externa,nuevas en personas de 5 a 14 anos,2007-03-01,20,43,20,43,63
VILLA RIVERO,consulta externa,nuevas en personas de 5 a 14 anos,2007-03-01,20,18,20,18,38
VILLA SERRANO,consulta externa,nuevas en personas de 5 a 14 anos,2007-03-01,96,100,96,100,196
VILLA TUNARI,consulta externa,nuevas en personas de 5 a 14 anos,2007-03-01,337,326,337,326,663
VILLA VACA GUZMAN (MUYUPAMPA),consulta externa,nuevas en personas de 5 a 14 anos,2007-03-01,76,98,76,98,174
VILLAZON,consulta externa,nuevas en personas de 5 a 14 anos,2007-03-01,286,278,286,278,564
VINTO,consulta externa,nuevas en personas de 5 a 14 anos,2007-03-01,22,19,22,19,41
VITICHI,consulta externa,nuevas en personas de 5 a 14 anos,2007-03-01,53,56,53,56,109
WALDO BALLIVIAN,consulta externa,nuevas en personas de 5 a 14 anos,2007-03-01,13,11,13,11,24
WARNES,consulta externa,nuevas en personas de 5 a 14 anos,2007-03-01,277,262,277,262,539
YACO,consulta externa,nuevas en personas de 5 a 14 anos,2007-03-01,60,52,60,52,112
YACUIBA,consulta externa,nuevas en personas de 5 a 14 anos,2007-03-01,1447,1403,1447,1403,2850
YAMPARAEZ,consulta externa,nuevas en personas de 5 a 14 anos,2007-03-01,31,28,31,28,59
YANACACHI,consulta externa,nuevas en personas de 5 a 14 anos,2007-03-01,57,39,57,39,96
YAPACANI,consulta externa,nuevas en personas de 5 a 14 anos,2007-03-01,297,279,297,279,576
YOCALLA,consulta externa,nuevas en personas de 5 a 14 anos,2007-03-01,47,34,47,34,81
YOTALA,consulta externa,nuevas en personas de 5 a 14 anos,2007-03-01,51,39,51,39,90
YUNCHARA,consulta externa,nuevas en personas de 5 a 14 anos,2007-03-01,190,201,190,201,391
ZUDAÑEZ,consulta externa,nuevas en personas de 5 a 14 anos,2007-03-01,88,88,88,88,176
ACACIO,consulta externa,nuevas en personas de 5 a 14 anos,2007-04-01,24,20,24,20,44
ACHACACHI,consulta externa,nuevas en personas de 5 a 14 anos,2007-04-01,247,221,247,221,468
ACHOCALLA,consulta externa,nuevas en personas de 5 a 14 anos,2007-04-01,31,35,31,35,66
AIQUILE,consulta externa,nuevas en personas de 5 a 14 anos,2007-04-01,107,117,107,117,224
ALALAY,consulta externa,nuevas en personas de 5 a 14 anos,2007-04-01,5,11,5,11,16
ALCALA,consulta externa,nuevas en personas de 5 a 14 anos,2007-04-01,79,84,79,84,163
ANCORAIMES,consulta externa,nuevas en personas de 5 a 14 anos,2007-04-01,27,31,27,31,58
ANDAMARCA,consulta externa,nuevas en personas de 5 a 14 anos,2007-04-01,28,23,28,23,51
ANTEQUERA,consulta externa,nuevas en personas de 5 a 14 anos,2007-04-01,36,28,36,28,64
ANZALDO,consulta externa,nuevas en personas de 5 a 14 anos,2007-04-01,52,25,52,25,77
APOLO,consulta externa,nuevas en personas de 5 a 14 anos,2007-04-01,62,77,62,77,139
ARAMPAMPA,consulta externa,nuevas en personas de 5 a 14 anos,2007-04-01,19,18,19,18,37
ARANI,consulta externa,nuevas en personas de 5 a 14 anos,2007-04-01,6,8,6,8,14
ARBIETO,consulta externa,nuevas en personas de 5 a 14 anos,2007-04-01,30,41,30,41,71
ARQUE,consulta externa,nuevas en personas de 5 a 14 anos,2007-04-01,39,36,39,36,75
ASCENCION DE GUARAYOS,consulta externa,nuevas en personas de 5 a 14 anos,2007-04-01,88,72,88,72,160
ATOCHA,consulta externa,nuevas en personas de 5 a 14 anos,2007-04-01,246,261,246,261,507
AUCAPATA,consulta externa,nuevas en personas de 5 a 14 anos,2007-04-01,41,38,41,38,79
AYATA,consulta externa,nuevas en personas de 5 a 14 anos,2007-04-01,34,25,34,25,59
AYO AYO,consulta externa,nuevas en personas de 5 a 14 anos,2007-04-01,62,50,62,50,112
AYOPAYA (V. DE INDEPENDENCIA),consulta externa,nuevas en personas de 5 a 14 anos,2007-04-01,80,92,80,92,172
AZURDUY,consulta externa,nuevas en personas de 5 a 14 anos,2007-04-01,73,75,73,75,148
BATALLAS,consulta externa,nuevas en personas de 5 a 14 anos,2007-04-01,27,26,27,26,53
BAURES,consulta externa,nuevas en personas de 5 a 14 anos,2007-04-01,19,25,19,25,44
BELEN DE ANDAMARCA,consulta externa,nuevas en personas de 5 a 14 anos,2007-04-01,4,9,4,9,13
BELEN DE URMIRI,consulta externa,nuevas en personas de 5 a 14 anos,2007-04-01,14,14,14,14,28
BELLA FLOR,consulta externa,nuevas en personas de 5 a 14 anos,2007-04-01,74,81,74,81,155
BERMEJO,consulta externa,nuevas en personas de 5 a 14 anos,2007-04-01,531,509,531,509,1040
BETANZOS,consulta externa,nuevas en personas de 5 a 14 anos,2007-04-01,196,158,196,158,354
BOLIVAR,consulta externa,nuevas en personas de 5 a 14 anos,2007-04-01,16,14,16,14,30
BOLPEBRA,consulta externa,nuevas en personas de 5 a 14 anos,2007-04-01,32,39,32,39,71
BOYUIBE,consulta externa,nuevas en personas de 5 a 14 anos,2007-04-01,50,56,50,56,106
BUENA VISTA,consulta externa,nuevas en personas de 5 a 14 anos,2007-04-01,125,104,125,104,229
CABEZAS,consulta externa,nuevas en personas de 5 a 14 anos,2007-04-01,193,177,193,177,370
CAIROMA,consulta externa,nuevas en personas de 5 a 14 anos,2007-04-01,77,80,77,80,157
"CAIZA ""D""",consulta externa,nuevas en personas de 5 a 14 anos,2007-04-01,66,68,66,68,134
CAJUATA,consulta externa,nuevas en personas de 5 a 14 anos,2007-04-01,68,58,68,58,126
CALACOTO,consulta externa,nuevas en personas de 5 a 14 anos,2007-04-01,42,36,42,36,78
CALAMARCA,consulta externa,nuevas en personas de 5 a 14 anos,2007-04-01,36,21,36,21,57
CAMARGO,consulta externa,nuevas en personas de 5 a 14 anos,2007-04-01,94,82,94,82,176
CAMATAQUI (C. VILLA ABECIA),consulta externa,nuevas en personas de 5 a 14 anos,2007-04-01,23,29,23,29,52
CAMIRI,consulta externa,nuevas en personas de 5 a 14 anos,2007-04-01,629,667,629,667,1296
CAPINOTA,consulta externa,nuevas en personas de 5 a 14 anos,2007-04-01,74,87,74,87,161
CAQUIAVIRI,consulta externa,nuevas en personas de 5 a 14 anos,2007-04-01,24,28,24,28,52
CARACOLLO,consulta externa,nuevas en personas de 5 a 14 anos,2007-04-01,60,79,60,79,139
CARANAVI,consulta externa,nuevas en personas de 5 a 14 anos,2007-04-01,288,238,288,238,526
CARANGAS,consulta externa,nuevas en personas de 5 a 14 anos,2007-04-01,0,1,0,1,1
CARAPARI,consulta externa,nuevas en personas de 5 a 14 anos,2007-04-01,229,206,229,206,435
CARIPUYO,consulta externa,nuevas en personas de 5 a 14 anos,2007-04-01,25,14,25,14,39
CARMEN RIVERO TORREZ,consulta externa,nuevas en personas de 5 a 14 anos,2007-04-01,10,7,10,7,17
CATACORA,consulta externa,nuevas en personas de 5 a 14 anos,2007-04-01,5,0,5,0,5
CHACARILLA,consulta externa,nuevas en personas de 5 a 14 anos,2007-04-01,11,10,11,10,21
CHALLAPATA,consulta externa,nuevas en personas de 5 a 14 anos,2007-04-01,137,100,137,100,237
CHAQUI,consulta externa,nuevas en personas de 5 a 14 anos,2007-04-01,41,38,41,38,79
CHARAGUA,consulta externa,nuevas en personas de 5 a 14 anos,2007-04-01,96,94,96,94,190
CHARAÑA,consulta externa,nuevas en personas de 5 a 14 anos,2007-04-01,22,26,22,26,48
CHAYANTA,consulta externa,nuevas en personas de 5 a 14 anos,2007-04-01,50,34,50,34,84
CHIMORE,consulta externa,nuevas en personas de 5 a 14 anos,2007-04-01,125,117,125,117,242
CHIPAYA,consulta externa,nuevas en personas de 5 a 14 anos,2007-04-01,4,6,4,6,10
CHOQUE COTA,consulta externa,nuevas en personas de 5 a 14 anos,2007-04-01,6,13,6,13,19
CHULUMANI (V. DE LA LIBERTAD),consulta externa,nuevas en personas de 5 a 14 anos,2007-04-01,116,105,116,105,221
CHUMA,consulta externa,nuevas en personas de 5 a 14 anos,2007-04-01,48,51,48,51,99
CLIZA,consulta externa,nuevas en personas de 5 a 14 anos,2007-04-01,77,79,77,79,156
COBIJA,consulta externa,nuevas en personas de 5 a 14 anos,2007-04-01,351,320,351,320,671
COCHABAMBA,consulta externa,nuevas en personas de 5 a 14 anos,2007-04-01,4938,4675,4938,4675,9613
COIPASA,consulta externa,nuevas en personas de 5 a 14 anos,2007-04-01,3,12,3,12,15
COLCAPIRHUA,consulta externa,nuevas en personas de 5 a 14 anos,2007-04-01,198,197,198,197,395
"COLCHA ""K""",consulta externa,nuevas en personas de 5 a 14 anos,2007-04-01,54,52,54,52,106
COLLANA,consulta externa,nuevas en personas de 5 a 14 anos,2007-04-01,12,9,12,9,21
COLOMI,consulta externa,nuevas en personas de 5 a 14 anos,2007-04-01,64,55,64,55,119
COLPA BELGICA,consulta externa,nuevas en personas de 5 a 14 anos,2007-04-01,34,44,34,44,78
COLQUECHACA,consulta externa,nuevas en personas de 5 a 14 anos,2007-04-01,165,145,165,145,310
COLQUENCHA,consulta externa,nuevas en personas de 5 a 14 anos,2007-04-01,51,41,51,41,92
COLQUIRI,consulta externa,nuevas en personas de 5 a 14 anos,2007-04-01,88,68,88,68,156
COMANCHE,consulta externa,nuevas en personas de 5 a 14 anos,2007-04-01,19,16,19,16,35
COMARAPA,consulta externa,nuevas en personas de 5 a 14 anos,2007-04-01,71,81,71,81,152
COMBAYA,consulta externa,nuevas en personas de 5 a 14 anos,2007-04-01,5,15,5,15,20
CONCEPCION,consulta externa,nuevas en personas de 5 a 14 anos,2007-04-01,28,34,28,34,62
COPACABANA,consulta externa,nuevas en personas de 5 a 14 anos,2007-04-01,40,35,40,35,75
CORIPATA,consulta externa,nuevas en personas de 5 a 14 anos,2007-04-01,75,91,75,91,166
CORO CORO,consulta externa,nuevas en personas de 5 a 14 anos,2007-04-01,38,21,38,21,59
COROICO,consulta externa,nuevas en personas de 5 a 14 anos,2007-04-01,99,112,99,112,211
CORQUE,consulta externa,nuevas en personas de 5 a 14 anos,2007-04-01,45,34,45,34,79
COTAGAITA,consulta externa,nuevas en personas de 5 a 14 anos,2007-04-01,441,429,441,429,870
COTOCA,consulta externa,nuevas en personas de 5 a 14 anos,2007-04-01,133,144,133,144,277
CUATRO CAÑADAS,consulta externa,nuevas en personas de 5 a 14 anos,2007-04-01,123,137,123,137,260
CUCHUMUELA (V. G. VILLARROEL),consulta externa,nuevas en personas de 5 a 14 anos,2007-04-01,5,2,5,2,7
CUEVO,consulta externa,nuevas en personas de 5 a 14 anos,2007-04-01,94,104,94,104,198
CULPINA,consulta externa,nuevas en personas de 5 a 14 anos,2007-04-01,107,99,107,99,206
CURAHUARA DE CARANGAS,consulta externa,nuevas en personas de 5 a 14 anos,2007-04-01,22,21,22,21,43
CURVA,consulta externa,nuevas en personas de 5 a 14 anos,2007-04-01,20,15,20,15,35
DESAGUADERO,consulta externa,nuevas en personas de 5 a 14 anos,2007-04-01,13,20,13,20,33
EL ALTO,consulta externa,nuevas en personas de 5 a 14 anos,2007-04-01,4932,5234,4932,5234,10166
EL CHORO,consulta externa,nuevas en personas de 5 a 14 anos,2007-04-01,42,40,42,40,82
EL PUENTE(STC),consulta externa,nuevas en personas de 5 a 14 anos,2007-04-01,129,138,129,138,267
EL PUENTE(TJA),consulta externa,nuevas en personas de 5 a 14 anos,2007-04-01,131,141,131,141,272
EL TORNO,consulta externa,nuevas en personas de 5 a 14 anos,2007-04-01,189,229,189,229,418
EL VILLAR,consulta externa,nuevas en personas de 5 a 14 anos,2007-04-01,90,94,90,94,184
ENTRE RIOS,consulta externa,nuevas en personas de 5 a 14 anos,2007-04-01,385,432,385,432,817
ENTRE RIOS,consulta externa,nuevas en personas de 5 a 14 anos,2007-04-01,89,65,89,65,154
ESCARA,consulta externa,nuevas en personas de 5 a 14 anos,2007-04-01,0,2,0,2,2
ESMERALDA,consulta externa,nuevas en personas de 5 a 14 anos,2007-04-01,14,7,14,7,21
EUCALIPTUS,consulta externa,nuevas en personas de 5 a 14 anos,2007-04-01,33,36,33,36,69
EUREKA (SANTOS MERCADO),consulta externa,nuevas en personas de 5 a 14 anos,2007-04-01,4,4,4,4,8
EXALTACION,consulta externa,nuevas en personas de 5 a 14 anos,2007-04-01,21,31,21,31,52
FERNANDEZ ALONSO,consulta externa,nuevas en personas de 5 a 14 anos,2007-04-01,78,60,78,60,138
FILADELFIA,consulta externa,nuevas en personas de 5 a 14 anos,2007-04-01,102,90,102,90,192
GENERAL SAAVEDRA,consulta externa,nuevas en personas de 5 a 14 anos,2007-04-01,76,80,76,80,156
GRAL. J.J. PEREZ (CHARAZANI),consulta externa,nuevas en personas de 5 a 14 anos,2007-04-01,38,30,38,30,68
GUANAY,consulta externa,nuevas en personas de 5 a 14 anos,2007-04-01,59,41,59,41,100
GUAQUI,consulta externa,nuevas en personas de 5 a 14 anos,2007-04-01,33,18,33,18,51
GUAYARAMERIN,consulta externa,nuevas en personas de 5 a 14 anos,2007-04-01,277,265,277,265,542
GUTIERREZ,consulta externa,nuevas en personas de 5 a 14 anos,2007-04-01,94,108,94,108,202
HUACARETA,consulta externa,nuevas en personas de 5 a 14 anos,2007-04-01,95,86,95,86,181
HUACAYA (VILLA DE HUACAYA),consulta externa,nuevas en personas de 5 a 14 anos,2007-04-01,55,66,55,66,121
HUACHACALLA,consulta externa,nuevas en personas de 5 a 14 anos,2007-04-01,22,26,22,26,48
HUANUNI,consulta externa,nuevas en personas de 5 a 14 anos,2007-04-01,125,102,125,102,227
HUARACAJE,consulta externa,nuevas en personas de 5 a 14 anos,2007-04-01,33,26,33,26,59
HUAYLLAMARCA,consulta externa,nuevas en personas de 5 a 14 anos,2007-04-01,19,9,19,9,28
ICHOCA,consulta externa,nuevas en personas de 5 a 14 anos,2007-04-01,19,15,19,15,34
ICLA,consulta externa,nuevas en personas de 5 a 14 anos,2007-04-01,37,48,37,48,85
INCAHUASI,consulta externa,nuevas en personas de 5 a 14 anos,2007-04-01,133,162,133,162,295
INGAVI (HUMAITA),consulta externa,nuevas en personas de 5 a 14 anos,2007-04-01,17,19,17,19,36
INQUISIVI,consulta externa,nuevas en personas de 5 a 14 anos,2007-04-01,61,64,61,64,125
IRUPANA (VILLA DE LANZA),consulta externa,nuevas en personas de 5 a 14 anos,2007-04-01,82,101,82,101,183
IXIAMAS,consulta externa,nuevas en personas de 5 a 14 anos,2007-04-01,45,51,45,51,96
JESUS DE MACHACA,consulta externa,nuevas en personas de 5 a 14 anos,2007-04-01,85,92,85,92,177
LA ASUNTA,consulta externa,nuevas en personas de 5 a 14 anos,2007-04-01,146,141,146,141,287
LA GUARDIA,consulta externa,nuevas en personas de 5 a 14 anos,2007-04-01,220,200,220,200,420
LA PAZ,consulta externa,nuevas en personas de 5 a 14 anos,2007-04-01,7575,6986,7575,6986,14561
LA RIVERA,consulta externa,nuevas en personas de 5 a 14 anos,2007-04-01,0,1,0,1,1
LAGUNILLAS,consulta externa,nuevas en personas de 5 a 14 anos,2007-04-01,257,230,257,230,487
LAJA,consulta externa,nuevas en personas de 5 a 14 anos,2007-04-01,34,27,34,27,61
LAS CARRERAS,consulta externa,nuevas en personas de 5 a 14 anos,2007-04-01,17,18,17,18,35
LICOMA PAMPA,consulta externa,nuevas en personas de 5 a 14 anos,2007-04-01,64,54,64,54,118
LLALLAGUA,consulta externa,nuevas en personas de 5 a 14 anos,2007-04-01,208,203,208,203,411
LLICA,consulta externa,nuevas en personas de 5 a 14 anos,2007-04-01,32,26,32,26,58
LORETO,consulta externa,nuevas en personas de 5 a 14 anos,2007-04-01,65,53,65,53,118
LURIBAY,consulta externa,nuevas en personas de 5 a 14 anos,2007-04-01,41,49,41,49,90
MACHACAMARCA,consulta externa,nuevas en personas de 5 a 14 anos,2007-04-01,27,19,27,19,46
MACHARETI,consulta externa,nuevas en personas de 5 a 14 anos,2007-04-01,106,125,106,125,231
MAGDALENA,consulta externa,nuevas en personas de 5 a 14 anos,2007-04-01,77,70,77,70,147
MAIRANA,consulta externa,nuevas en personas de 5 a 14 anos,2007-04-01,48,54,48,54,102
MALLA,consulta externa,nuevas en personas de 5 a 14 anos,2007-04-01,47,45,47,45,92
MAPIRI,consulta externa,nuevas en personas de 5 a 14 anos,2007-04-01,68,51,68,51,119
MECAPACA,consulta externa,nuevas en personas de 5 a 14 anos,2007-04-01,76,85,76,85,161
MINEROS,consulta externa,nuevas en personas de 5 a 14 anos,2007-04-01,41,29,41,29,70
MIZQUE,consulta externa,nuevas en personas de 5 a 14 anos,2007-04-01,47,39,47,39,86
MOCOMOCO,consulta externa,nuevas en personas de 5 a 14 anos,2007-04-01,117,117,117,117,234
MOJINETE,consulta externa,nuevas en personas de 5 a 14 anos,2007-04-01,8,10,8,10,18
MOJOCOYA,consulta externa,nuevas en personas de 5 a 14 anos,2007-04-01,77,60,77,60,137
MONTEAGUDO,consulta externa,nuevas en personas de 5 a 14 anos,2007-04-01,303,408,303,408,711
MONTERO,consulta externa,nuevas en personas de 5 a 14 anos,2007-04-01,896,863,896,863,1759
MORO MORO,consulta externa,nuevas en personas de 5 a 14 anos,2007-04-01,92,78,92,78,170
MOROCHATA,consulta externa,nuevas en personas de 5 a 14 anos,2007-04-01,49,59,49,59,108
NACEBE (SANTA ROSA DEL ABUNA),consulta externa,nuevas en personas de 5 a 14 anos,2007-04-01,27,52,27,52,79
NAZACARA DE PACAJES,consulta externa,nuevas en personas de 5 a 14 anos,2007-04-01,4,3,4,3,7
NUEVO MANOA (NUEVA ESPERANZA),consulta externa,nuevas en personas de 5 a 14 anos,2007-04-01,29,22,29,22,51
OCURI,consulta externa,nuevas en personas de 5 a 14 anos,2007-04-01,61,61,61,61,122
OKINAWA,consulta externa,nuevas en personas de 5 a 14 anos,2007-04-01,117,148,117,148,265
OMEREQUE,consulta externa,nuevas en personas de 5 a 14 anos,2007-04-01,32,45,32,45,77
ORURO,consulta externa,nuevas en personas de 5 a 14 anos,2007-04-01,2845,2733,2845,2733,5578
PADCAYA,consulta externa,nuevas en personas de 5 a 14 anos,2007-04-01,516,536,516,536,1052
PADILLA,consulta externa,nuevas en personas de 5 a 14 anos,2007-04-01,117,120,117,120,237
PAILON,consulta externa,nuevas en personas de 5 a 14 anos,2007-04-01,69,76,69,76,145
PALCA,consulta externa,nuevas en personas de 5 a 14 anos,2007-04-01,51,46,51,46,97
PALOS BLANCOS,consulta externa,nuevas en personas de 5 a 14 anos,2007-04-01,156,133,156,133,289
PAMPA AULLAGAS,consulta externa,nuevas en personas de 5 a 14 anos,2007-04-01,32,29,32,29,61
PAMPA GRANDE,consulta externa,nuevas en personas de 5 a 14 anos,2007-04-01,46,63,46,63,109
PAPEL PAMPA,consulta externa,nuevas en personas de 5 a 14 anos,2007-04-01,13,18,13,18,31
PASORAPA,consulta externa,nuevas en personas de 5 a 14 anos,2007-04-01,14,11,14,11,25
PATACAMAYA,consulta externa,nuevas en personas de 5 a 14 anos,2007-04-01,49,39,49,39,88
PAZÑA,consulta externa,nuevas en personas de 5 a 14 anos,2007-04-01,26,41,26,41,67
PELECHUCO,consulta externa,nuevas en personas de 5 a 14 anos,2007-04-01,26,36,26,36,62
POCOATA,consulta externa,nuevas en personas de 5 a 14 anos,2007-04-01,175,72,175,72,247
POCONA,consulta externa,nuevas en personas de 5 a 14 anos,2007-04-01,61,51,61,51,112
POJO (CBBA),consulta externa,nuevas en personas de 5 a 14 anos,2007-04-01,10,15,10,15,25
POOPO,consulta externa,nuevas en personas de 5 a 14 anos,2007-04-01,26,47,26,47,73
PORCO,consulta externa,nuevas en personas de 5 a 14 anos,2007-04-01,41,33,41,33,74
POROMA,consulta externa,nuevas en personas de 5 a 14 anos,2007-04-01,93,105,93,105,198
PORONGO,consulta externa,nuevas en personas de 5 a 14 anos,2007-04-01,86,61,86,61,147
PORTACHUELO,consulta externa,nuevas en personas de 5 a 14 anos,2007-04-01,122,132,122,132,254
PORVENIR,consulta externa,nuevas en personas de 5 a 14 anos,2007-04-01,47,47,47,47,94
POSTRER VALLE,consulta externa,nuevas en personas de 5 a 14 anos,2007-04-01,14,17,14,17,31
POTOSI,consulta externa,nuevas en personas de 5 a 14 anos,2007-04-01,1167,1073,1167,1073,2240
PRESTO,consulta externa,nuevas en personas de 5 a 14 anos,2007-04-01,31,32,31,32,63
PUCARA,consulta externa,nuevas en personas de 5 a 14 anos,2007-04-01,62,61,62,61,123
PUCARANI,consulta externa,nuevas en personas de 5 a 14 anos,2007-04-01,140,130,140,130,270
PUERTO ACOSTA,consulta externa,nuevas en personas de 5 a 14 anos,2007-04-01,86,59,86,59,145
PUERTO CARABUCO,consulta externa,nuevas en personas de 5 a 14 anos,2007-04-01,90,84,90,84,174
PUERTO GONZALO MORENO,consulta externa,nuevas en personas de 5 a 14 anos,2007-04-01,23,27,23,27,50
PUERTO PEREZ,consulta externa,nuevas en personas de 5 a 14 anos,2007-04-01,24,20,24,20,44
PUERTO QUIJARRO,consulta externa,nuevas en personas de 5 a 14 anos,2007-04-01,97,80,97,80,177
PUERTO RICO,consulta externa,nuevas en personas de 5 a 14 anos,2007-04-01,78,77,78,77,155
PUERTO SILES,consulta externa,nuevas en personas de 5 a 14 anos,2007-04-01,14,13,14,13,27
PUERTO SUAREZ,consulta externa,nuevas en personas de 5 a 14 anos,2007-04-01,89,95,89,95,184
PUERTO VILLARROEL,consulta externa,nuevas en personas de 5 a 14 anos,2007-04-01,326,251,326,251,577
PUNA,consulta externa,nuevas en personas de 5 a 14 anos,2007-04-01,181,174,181,174,355
PUNATA,consulta externa,nuevas en personas de 5 a 14 anos,2007-04-01,111,121,111,121,232
QUIABAYA,consulta externa,nuevas en personas de 5 a 14 anos,2007-04-01,11,20,11,20,31
QUILLACOLLO,consulta externa,nuevas en personas de 5 a 14 anos,2007-04-01,443,491,443,491,934
QUIME,consulta externa,nuevas en personas de 5 a 14 anos,2007-04-01,48,57,48,57,105
QUIRUSILLAS,consulta externa,nuevas en personas de 5 a 14 anos,2007-04-01,22,21,22,21,43
RAVELO,consulta externa,nuevas en personas de 5 a 14 anos,2007-04-01,44,63,44,63,107
REYES,consulta externa,nuevas en personas de 5 a 14 anos,2007-04-01,60,69,60,69,129
RIBERALTA,consulta externa,nuevas en personas de 5 a 14 anos,2007-04-01,343,379,343,379,722
ROBORE,consulta externa,nuevas en personas de 5 a 14 anos,2007-04-01,118,87,118,87,205
RURRENABAQUE,consulta externa,nuevas en personas de 5 a 14 anos,2007-04-01,71,70,71,70,141
SABAYA,consulta externa,nuevas en personas de 5 a 14 anos,2007-04-01,15,22,15,22,37
SACABA,consulta externa,nuevas en personas de 5 a 14 anos,2007-04-01,412,404,412,404,816
SACABAMBA,consulta externa,nuevas en personas de 5 a 14 anos,2007-04-01,5,6,5,6,11
SACACA,consulta externa,nuevas en personas de 5 a 14 anos,2007-04-01,91,81,91,81,172
SAIPINA,consulta externa,nuevas en personas de 5 a 14 anos,2007-04-01,25,19,25,19,44
SALINAS DE GARCI MENDOZA,consulta externa,nuevas en personas de 5 a 14 anos,2007-04-01,47,30,47,30,77
SAMAIPATA,consulta externa,nuevas en personas de 5 a 14 anos,2007-04-01,64,78,64,78,142
SAN AGUSTIN,consulta externa,nuevas en personas de 5 a 14 anos,2007-04-01,13,20,13,20,33
SAN ANDRES,consulta externa,nuevas en personas de 5 a 14 anos,2007-04-01,50,54,50,54,104
SAN ANDRES DE MACHACA,consulta externa,nuevas en personas de 5 a 14 anos,2007-04-01,34,25,34,25,59
SAN ANTONIO DE ESMORUCO,consulta externa,nuevas en personas de 5 a 14 anos,2007-04-01,18,10,18,10,28
SAN ANTONIO DE LOMERIO,consulta externa,nuevas en personas de 5 a 14 anos,2007-04-01,31,16,31,16,47
SAN BENITO,consulta externa,nuevas en personas de 5 a 14 anos,2007-04-01,33,18,33,18,51
SAN BORJA,consulta externa,nuevas en personas de 5 a 14 anos,2007-04-01,123,107,123,107,230
SAN BUENA VENTURA,consulta externa,nuevas en personas de 5 a 14 anos,2007-04-01,83,96,83,96,179
SAN CARLOS,consulta externa,nuevas en personas de 5 a 14 anos,2007-04-01,178,210,178,210,388
SAN IGNACIO,consulta externa,nuevas en personas de 5 a 14 anos,2007-04-01,246,225,246,225,471
SAN IGNACIO DE VELASCO,consulta externa,nuevas en personas de 5 a 14 anos,2007-04-01,411,374,411,374,785
SAN JAVIER(BNI),consulta externa,nuevas en personas de 5 a 14 anos,2007-04-01,37,46,37,46,83
SAN JAVIER(STC),consulta externa,nuevas en personas de 5 a 14 anos,2007-04-01,65,51,65,51,116
SAN JOAQUIN,consulta externa,nuevas en personas de 5 a 14 anos,2007-04-01,36,29,36,29,65
SAN JOSE DE CHIQUITOS,consulta externa,nuevas en personas de 5 a 14 anos,2007-04-01,110,109,110,109,219
SAN JUAN DE YAPACANI,consulta externa,nuevas en personas de 5 a 14 anos,2007-04-01,56,65,56,65,121
SAN JULIAN,consulta externa,nuevas en personas de 5 a 14 anos,2007-04-01,367,353,367,353,720
SAN LORENZO(PND),consulta externa,nuevas en personas de 5 a 14 anos,2007-04-01,43,37,43,37,80
SAN LORENZO(TJA),consulta externa,nuevas en personas de 5 a 14 anos,2007-04-01,398,441,398,441,839
SAN LUCAS,consulta externa,nuevas en personas de 5 a 14 anos,2007-04-01,193,199,193,199,392
SAN MATIAS,consulta externa,nuevas en personas de 5 a 14 anos,2007-04-01,70,72,70,72,142
SAN MIGUEL DE VELASCO,consulta externa,nuevas en personas de 5 a 14 anos,2007-04-01,65,75,65,75,140
SAN PABLO DE LIPEZ,consulta externa,nuevas en personas de 5 a 14 anos,2007-04-01,37,42,37,42,79
SAN PEDRO,consulta externa,nuevas en personas de 5 a 14 anos,2007-04-01,166,166,166,166,332
SAN PEDRO DE BUENA VISTA,consulta externa,nuevas en personas de 5 a 14 anos,2007-04-01,70,56,70,56,126
SAN PEDRO DE CURAHUARA,consulta externa,nuevas en personas de 5 a 14 anos,2007-04-01,57,67,57,67,124
SAN PEDRO DE QUEMES,consulta externa,nuevas en personas de 5 a 14 anos,2007-04-01,3,2,3,2,5
SAN PEDRO DE TIQUINA,consulta externa,nuevas en personas de 5 a 14 anos,2007-04-01,13,12,13,12,25
SAN PEDRO(PND),consulta externa,nuevas en personas de 5 a 14 anos,2007-04-01,8,4,8,4,12
SAN RAFAEL,consulta externa,nuevas en personas de 5 a 14 anos,2007-04-01,19,44,19,44,63
SAN RAMON,consulta externa,nuevas en personas de 5 a 14 anos,2007-04-01,5,9,5,9,14
SAN RAMON,consulta externa,nuevas en personas de 5 a 14 anos,2007-04-01,71,83,71,83,154
SANTA ANA,consulta externa,nuevas en personas de 5 a 14 anos,2007-04-01,139,172,139,172,311
SANTA CRUZ DE LA SIERRA,consulta externa,nuevas en personas de 5 a 14 anos,2007-04-01,9413,10453,9413,10453,19866
SANTA ROSA,consulta externa,nuevas en personas de 5 a 14 anos,2007-04-01,92,112,92,112,204
SANTA ROSA DEL SARA,consulta externa,nuevas en personas de 5 a 14 anos,2007-04-01,83,112,83,112,195
SANTIAGO DE CALLAPA,consulta externa,nuevas en personas de 5 a 14 anos,2007-04-01,46,28,46,28,74
SANTIAGO DE HUARI,consulta externa,nuevas en personas de 5 a 14 anos,2007-04-01,51,49,51,49,100
SANTIAGO DE MACHACA,consulta externa,nuevas en personas de 5 a 14 anos,2007-04-01,7,9,7,9,16
SANTIVAÑES,consulta externa,nuevas en personas de 5 a 14 anos,2007-04-01,32,34,32,34,66
SANTUARIO DE QUILLACAS,consulta externa,nuevas en personas de 5 a 14 anos,2007-04-01,8,8,8,8,16
SAPAHAQUI,consulta externa,nuevas en personas de 5 a 14 anos,2007-04-01,47,47,47,47,94
SENA,consulta externa,nuevas en personas de 5 a 14 anos,2007-04-01,38,38,38,38,76
SICA SICA (VILLA AROMA),consulta externa,nuevas en personas de 5 a 14 anos,2007-04-01,38,25,38,25,63
SICAYA,consulta externa,nuevas en personas de 5 a 14 anos,2007-04-01,7,3,7,3,10
SIPE SIPE,consulta externa,nuevas en personas de 5 a 14 anos,2007-04-01,106,81,106,81,187
SOPACHUY,consulta externa,nuevas en personas de 5 a 14 anos,2007-04-01,44,58,44,58,102
SORACACHI,consulta externa,nuevas en personas de 5 a 14 anos,2007-04-01,69,72,69,72,141
SORATA,consulta externa,nuevas en personas de 5 a 14 anos,2007-04-01,71,59,71,59,130
SUCRE,consulta externa,nuevas en personas de 5 a 14 anos,2007-04-01,2715,2657,2715,2657,5372
TACACHI,consulta externa,nuevas en personas de 5 a 14 anos,2007-04-01,4,1,4,1,5
TACACOMA,consulta externa,nuevas en personas de 5 a 14 anos,2007-04-01,19,35,19,35,54
TACOBAMBA,consulta externa,nuevas en personas de 5 a 14 anos,2007-04-01,26,29,26,29,55
TACOPAYA,consulta externa,nuevas en personas de 5 a 14 anos,2007-04-01,41,29,41,29,70
TAHUA,consulta externa,nuevas en personas de 5 a 14 anos,2007-04-01,8,11,8,11,19
TAPACARI,consulta externa,nuevas en personas de 5 a 14 anos,2007-04-01,129,125,129,125,254
TARABUCO,consulta externa,nuevas en personas de 5 a 14 anos,2007-04-01,80,88,80,88,168
TARACO,consulta externa,nuevas en personas de 5 a 14 anos,2007-04-01,40,35,40,35,75
TARATA,consulta externa,nuevas en personas de 5 a 14 anos,2007-04-01,66,61,66,61,127
TARIJA,consulta externa,nuevas en personas de 5 a 14 anos,2007-04-01,2320,2120,2320,2120,4440
TARVITA,consulta externa,nuevas en personas de 5 a 14 anos,2007-04-01,61,81,61,81,142
TEOPONTE,consulta externa,nuevas en personas de 5 a 14 anos,2007-04-01,68,55,68,55,123
TIAWANACU,consulta externa,nuevas en personas de 5 a 14 anos,2007-04-01,96,96,96,96,192
TINGUIPAYA,consulta externa,nuevas en personas de 5 a 14 anos,2007-04-01,52,60,52,60,112
TIPUANI,consulta externa,nuevas en personas de 5 a 14 anos,2007-04-01,20,19,20,19,39
TIQUIPAYA,consulta externa,nuevas en personas de 5 a 14 anos,2007-04-01,163,142,163,142,305
TIRAQUE (CBBA),consulta externa,nuevas en personas de 5 a 14 anos,2007-04-01,180,145,180,145,325
TITO YUPANQUI (PARQUIPUJIO),consulta externa,nuevas en personas de 5 a 14 anos,2007-04-01,10,15,10,15,25
TOCO,consulta externa,nuevas en personas de 5 a 14 anos,2007-04-01,21,18,21,18,39
TODOS SANTOS,consulta externa,nuevas en personas de 5 a 14 anos,2007-04-01,0,1,0,1,1
TOLATA,consulta externa,nuevas en personas de 5 a 14 anos,2007-04-01,12,7,12,7,19
TOLEDO,consulta externa,nuevas en personas de 5 a 14 anos,2007-04-01,68,50,68,50,118
TOMAVE,consulta externa,nuevas en personas de 5 a 14 anos,2007-04-01,65,68,65,68,133
TOMINA,consulta externa,nuevas en personas de 5 a 14 anos,2007-04-01,97,95,97,95,192
TORO TORO,consulta externa,nuevas en personas de 5 a 14 anos,2007-04-01,54,70,54,70,124
TOTORA(CBBA),consulta externa,nuevas en personas de 5 a 14 anos,2007-04-01,29,35,29,35,64
TOTORA(ORR),consulta externa,nuevas en personas de 5 a 14 anos,2007-04-01,50,51,50,51,101
TRIGAL,consulta externa,nuevas en personas de 5 a 14 anos,2007-04-01,10,10,10,10,20
TRINIDAD,consulta externa,nuevas en personas de 5 a 14 anos,2007-04-01,451,512,451,512,963
TUPIZA,consulta externa,nuevas en personas de 5 a 14 anos,2007-04-01,654,793,654,793,1447
TURCO,consulta externa,nuevas en personas de 5 a 14 anos,2007-04-01,26,28,26,28,54
UMALA,consulta externa,nuevas en personas de 5 a 14 anos,2007-04-01,31,16,31,16,47
UNCIA,consulta externa,nuevas en personas de 5 a 14 anos,2007-04-01,230,156,230,156,386
URIONDO (A. CONCEPCION),consulta externa,nuevas en personas de 5 a 14 anos,2007-04-01,250,282,250,282,532
URUBICHA,consulta externa,nuevas en personas de 5 a 14 anos,2007-04-01,34,25,34,25,59
UYUNI,consulta externa,nuevas en personas de 5 a 14 anos,2007-04-01,146,120,146,120,266
VACAS,consulta externa,nuevas en personas de 5 a 14 anos,2007-04-01,24,39,24,39,63
VALLEGRANDE,consulta externa,nuevas en personas de 5 a 14 anos,2007-04-01,145,185,145,185,330
VIACHA,consulta externa,nuevas en personas de 5 a 14 anos,2007-04-01,294,248,294,248,542
VILA VILA,consulta externa,nuevas en personas de 5 a 14 anos,2007-04-01,13,12,13,12,25
VILLA MONTES,consulta externa,nuevas en personas de 5 a 14 anos,2007-04-01,513,461,513,461,974
VILLA NUEVA (LOMA ALTA),consulta externa,nuevas en personas de 5 a 14 anos,2007-04-01,31,47,31,47,78
VILLA RIVERO,consulta externa,nuevas en personas de 5 a 14 anos,2007-04-01,36,51,36,51,87
VILLA SERRANO,consulta externa,nuevas en personas de 5 a 14 anos,2007-04-01,47,42,47,42,89
VILLA TUNARI,consulta externa,nuevas en personas de 5 a 14 anos,2007-04-01,452,380,452,380,832
VILLA VACA GUZMAN (MUYUPAMPA),consulta externa,nuevas en personas de 5 a 14 anos,2007-04-01,63,75,63,75,138
VILLAZON,consulta externa,nuevas en personas de 5 a 14 anos,2007-04-01,244,269,244,269,513
VINTO,consulta externa,nuevas en personas de 5 a 14 anos,2007-04-01,44,50,44,50,94
VITICHI,consulta externa,nuevas en personas de 5 a 14 anos,2007-04-01,61,64,61,64,125
WALDO BALLIVIAN,consulta externa,nuevas en personas de 5 a 14 anos,2007-04-01,4,8,4,8,12
WARNES,consulta externa,nuevas en personas de 5 a 14 anos,2007-04-01,184,192,184,192,376
YACO,consulta externa,nuevas en personas de 5 a 14 anos,2007-04-01,49,43,49,43,92
YACUIBA,consulta externa,nuevas en personas de 5 a 14 anos,2007-04-01,1055,1102,1055,1102,2157
YAMPARAEZ,consulta externa,nuevas en personas de 5 a 14 anos,2007-04-01,47,49,47,49,96
YANACACHI,consulta externa,nuevas en personas de 5 a 14 anos,2007-04-01,53,52,53,52,105
YAPACANI,consulta externa,nuevas en personas de 5 a 14 anos,2007-04-01,262,275,262,275,537
YOCALLA,consulta externa,nuevas en personas de 5 a 14 anos,2007-04-01,23,41,23,41,64
YOTALA,consulta externa,nuevas en personas de 5 a 14 anos,2007-04-01,51,49,51,49,100
YUNCHARA,consulta externa,nuevas en personas de 5 a 14 anos,2007-04-01,62,84,62,84,146
ZUDAÑEZ,consulta externa,nuevas en personas de 5 a 14 anos,2007-04-01,128,120,128,120,248
ACACIO,consulta externa,nuevas en personas de 5 a 14 anos,2007-05-01,38,34,38,34,72
ACHACACHI,consulta externa,nuevas en personas de 5 a 14 anos,2007-05-01,103,127,103,127,230
ACHOCALLA,consulta externa,nuevas en personas de 5 a 14 anos,2007-05-01,19,14,19,14,33
AIQUILE,consulta externa,nuevas en personas de 5 a 14 anos,2007-05-01,115,114,115,114,229
ALALAY,consulta externa,nuevas en personas de 5 a 14 anos,2007-05-01,6,10,6,10,16
ALCALA,consulta externa,nuevas en personas de 5 a 14 anos,2007-05-01,87,102,87,102,189
ANCORAIMES,consulta externa,nuevas en personas de 5 a 14 anos,2007-05-01,39,29,39,29,68
ANDAMARCA,consulta externa,nuevas en personas de 5 a 14 anos,2007-05-01,61,50,61,50,111
ANTEQUERA,consulta externa,nuevas en personas de 5 a 14 anos,2007-05-01,53,41,53,41,94
ANZALDO,consulta externa,nuevas en personas de 5 a 14 anos,2007-05-01,39,44,39,44,83
APOLO,consulta externa,nuevas en personas de 5 a 14 anos,2007-05-01,60,58,60,58,118
ARAMPAMPA,consulta externa,nuevas en personas de 5 a 14 anos,2007-05-01,24,21,24,21,45
ARANI,consulta externa,nuevas en personas de 5 a 14 anos,2007-05-01,17,15,17,15,32
ARBIETO,consulta externa,nuevas en personas de 5 a 14 anos,2007-05-01,42,36,42,36,78
ARQUE,consulta externa,nuevas en personas de 5 a 14 anos,2007-05-01,52,44,52,44,96
ASCENCION DE GUARAYOS,consulta externa,nuevas en personas de 5 a 14 anos,2007-05-01,59,68,59,68,127
ATOCHA,consulta externa,nuevas en personas de 5 a 14 anos,2007-05-01,367,392,367,392,759
AUCAPATA,consulta externa,nuevas en personas de 5 a 14 anos,2007-05-01,36,35,36,35,71
AYATA,consulta externa,nuevas en personas de 5 a 14 anos,2007-05-01,46,39,46,39,85
AYO AYO,consulta externa,nuevas en personas de 5 a 14 anos,2007-05-01,19,28,19,28,47
AYOPAYA (V. DE INDEPENDENCIA),consulta externa,nuevas en personas de 5 a 14 anos,2007-05-01,171,122,171,122,293
AZURDUY,consulta externa,nuevas en personas de 5 a 14 anos,2007-05-01,91,87,91,87,178
BATALLAS,consulta externa,nuevas en personas de 5 a 14 anos,2007-05-01,33,39,33,39,72
BAURES,consulta externa,nuevas en personas de 5 a 14 anos,2007-05-01,34,47,34,47,81
BELEN DE ANDAMARCA,consulta externa,nuevas en personas de 5 a 14 anos,2007-05-01,17,14,17,14,31
BELEN DE URMIRI,consulta externa,nuevas en personas de 5 a 14 anos,2007-05-01,11,13,11,13,24
BELLA FLOR,consulta externa,nuevas en personas de 5 a 14 anos,2007-05-01,28,29,28,29,57
BERMEJO,consulta externa,nuevas en personas de 5 a 14 anos,2007-05-01,673,728,673,728,1401
BETANZOS,consulta externa,nuevas en personas de 5 a 14 anos,2007-05-01,189,200,189,200,389
BOLIVAR,consulta externa,nuevas en personas de 5 a 14 anos,2007-05-01,32,27,32,27,59
BOLPEBRA,consulta externa,nuevas en personas de 5 a 14 anos,2007-05-01,25,10,25,10,35
BOYUIBE,consulta externa,nuevas en personas de 5 a 14 anos,2007-05-01,37,76,37,76,113
BUENA VISTA,consulta externa,nuevas en personas de 5 a 14 anos,2007-05-01,66,71,66,71,137
CABEZAS,consulta externa,nuevas en personas de 5 a 14 anos,2007-05-01,91,130,91,130,221
CAIROMA,consulta externa,nuevas en personas de 5 a 14 anos,2007-05-01,71,50,71,50,121
"CAIZA ""D""",consulta externa,nuevas en personas de 5 a 14 anos,2007-05-01,84,77,84,77,161
CAJUATA,consulta externa,nuevas en personas de 5 a 14 anos,2007-05-01,58,77,58,77,135
CALACOTO,consulta externa,nuevas en personas de 5 a 14 anos,2007-05-01,38,27,38,27,65
CALAMARCA,consulta externa,nuevas en personas de 5 a 14 anos,2007-05-01,46,35,46,35,81
CAMARGO,consulta externa,nuevas en personas de 5 a 14 anos,2007-05-01,138,144,138,144,282
CAMATAQUI (C. VILLA ABECIA),consulta externa,nuevas en personas de 5 a 14 anos,2007-05-01,37,48,37,48,85
CAMIRI,consulta externa,nuevas en personas de 5 a 14 anos,2007-05-01,630,636,630,636,1266
CAPINOTA,consulta externa,nuevas en personas de 5 a 14 anos,2007-05-01,96,87,96,87,183
CAQUIAVIRI,consulta externa,nuevas en personas de 5 a 14 anos,2007-05-01,28,39,28,39,67
CARACOLLO,consulta externa,nuevas en personas de 5 a 14 anos,2007-05-01,118,142,118,142,260
CARANAVI,consulta externa,nuevas en personas de 5 a 14 anos,2007-05-01,347,335,347,335,682
CARANGAS,consulta externa,nuevas en personas de 5 a 14 anos,2007-05-01,9,4,9,4,13
CARAPARI,consulta externa,nuevas en personas de 5 a 14 anos,2007-05-01,301,270,301,270,571
CARIPUYO,consulta externa,nuevas en personas de 5 a 14 anos,2007-05-01,33,39,33,39,72
CARMEN RIVERO TORREZ,consulta externa,nuevas en personas de 5 a 14 anos,2007-05-01,13,6,13,6,19
CATACORA,consulta externa,nuevas en personas de 5 a 14 anos,2007-05-01,15,11,15,11,26
CHACARILLA,consulta externa,nuevas en personas de 5 a 14 anos,2007-05-01,8,8,8,8,16
CHALLAPATA,consulta externa,nuevas en personas de 5 a 14 anos,2007-05-01,136,132,136,132,268
CHAQUI,consulta externa,nuevas en personas de 5 a 14 anos,2007-05-01,48,41,48,41,89
CHARAGUA,consulta externa,nuevas en personas de 5 a 14 anos,2007-05-01,92,97,92,97,189
CHARAÑA,consulta externa,nuevas en personas de 5 a 14 anos,2007-05-01,17,15,17,15,32
CHAYANTA,consulta externa,nuevas en personas de 5 a 14 anos,2007-05-01,70,66,70,66,136
CHIMORE,consulta externa,nuevas en personas de 5 a 14 anos,2007-05-01,99,98,99,98,197
CHIPAYA,consulta externa,nuevas en personas de 5 a 14 anos,2007-05-01,12,14,12,14,26
CHOQUE COTA,consulta externa,nuevas en personas de 5 a 14 anos,2007-05-01,21,14,21,14,35
CHULUMANI (V. DE LA LIBERTAD),consulta externa,nuevas en personas de 5 a 14 anos,2007-05-01,92,75,92,75,167
CHUMA,consulta externa,nuevas en personas de 5 a 14 anos,2007-05-01,54,68,54,68,122
CLIZA,consulta externa,nuevas en personas de 5 a 14 anos,2007-05-01,63,38,63,38,101
COBIJA,consulta externa,nuevas en personas de 5 a 14 anos,2007-05-01,372,379,372,379,751
COCHABAMBA,consulta externa,nuevas en personas de 5 a 14 anos,2007-05-01,5525,5370,5525,5370,10895
COIPASA,consulta externa,nuevas en personas de 5 a 14 anos,2007-05-01,10,19,10,19,29
COLCAPIRHUA,consulta externa,nuevas en personas de 5 a 14 anos,2007-05-01,226,228,226,228,454
"COLCHA ""K""",consulta externa,nuevas en personas de 5 a 14 anos,2007-05-01,85,97,85,97,182
COLLANA,consulta externa,nuevas en personas de 5 a 14 anos,2007-05-01,10,7,10,7,17
COLOMI,consulta externa,nuevas en personas de 5 a 14 anos,2007-05-01,65,50,65,50,115
COLPA BELGICA,consulta externa,nuevas en personas de 5 a 14 anos,2007-05-01,39,36,39,36,75
COLQUECHACA,consulta externa,nuevas en personas de 5 a 14 anos,2007-05-01,221,203,221,203,424
COLQUENCHA,consulta externa,nuevas en personas de 5 a 14 anos,2007-05-01,35,54,35,54,89
COLQUIRI,consulta externa,nuevas en personas de 5 a 14 anos,2007-05-01,121,111,121,111,232
COMANCHE,consulta externa,nuevas en personas de 5 a 14 anos,2007-05-01,22,14,22,14,36
COMARAPA,consulta externa,nuevas en personas de 5 a 14 anos,2007-05-01,143,161,143,161,304
COMBAYA,consulta externa,nuevas en personas de 5 a 14 anos,2007-05-01,4,5,4,5,9
CONCEPCION,consulta externa,nuevas en personas de 5 a 14 anos,2007-05-01,38,29,38,29,67
COPACABANA,consulta externa,nuevas en personas de 5 a 14 anos,2007-05-01,37,31,37,31,68
CORIPATA,consulta externa,nuevas en personas de 5 a 14 anos,2007-05-01,60,63,60,63,123
CORO CORO,consulta externa,nuevas en personas de 5 a 14 anos,2007-05-01,25,22,25,22,47
COROICO,consulta externa,nuevas en personas de 5 a 14 anos,2007-05-01,96,83,96,83,179
CORQUE,consulta externa,nuevas en personas de 5 a 14 anos,2007-05-01,72,85,72,85,157
COTAGAITA,consulta externa,nuevas en personas de 5 a 14 anos,2007-05-01,287,340,287,340,627
COTOCA,consulta externa,nuevas en personas de 5 a 14 anos,2007-05-01,112,114,112,114,226
CUATRO CAÑADAS,consulta externa,nuevas en personas de 5 a 14 anos,2007-05-01,238,203,238,203,441
CUCHUMUELA (V. G. VILLARROEL),consulta externa,nuevas en personas de 5 a 14 anos,2007-05-01,10,7,10,7,17
CUEVO,consulta externa,nuevas en personas de 5 a 14 anos,2007-05-01,57,59,57,59,116
CULPINA,consulta externa,nuevas en personas de 5 a 14 anos,2007-05-01,175,186,175,186,361
CURAHUARA DE CARANGAS,consulta externa,nuevas en personas de 5 a 14 anos,2007-05-01,20,16,20,16,36
CURVA,consulta externa,nuevas en personas de 5 a 14 anos,2007-05-01,4,2,4,2,6
DESAGUADERO,consulta externa,nuevas en personas de 5 a 14 anos,2007-05-01,22,15,22,15,37
EL ALTO,consulta externa,nuevas en personas de 5 a 14 anos,2007-05-01,5189,6139,5189,6139,11328
EL CHORO,consulta externa,nuevas en personas de 5 a 14 anos,2007-05-01,54,49,54,49,103
EL PUENTE(STC),consulta externa,nuevas en personas de 5 a 14 anos,2007-05-01,54,64,54,64,118
EL PUENTE(TJA),consulta externa,nuevas en personas de 5 a 14 anos,2007-05-01,329,358,329,358,687
EL TORNO,consulta externa,nuevas en personas de 5 a 14 anos,2007-05-01,217,231,217,231,448
EL VILLAR,consulta externa,nuevas en personas de 5 a 14 anos,2007-05-01,83,77,83,77,160
ENTRE RIOS,consulta externa,nuevas en personas de 5 a 14 anos,2007-05-01,428,471,428,471,899
ENTRE RIOS,consulta externa,nuevas en personas de 5 a 14 anos,2007-05-01,72,62,72,62,134
ESCARA,consulta externa,nuevas en personas de 5 a 14 anos,2007-05-01,1,0,1,0,1
ESMERALDA,consulta externa,nuevas en personas de 5 a 14 anos,2007-05-01,3,3,3,3,6
EUCALIPTUS,consulta externa,nuevas en personas de 5 a 14 anos,2007-05-01,43,44,43,44,87
EUREKA (SANTOS MERCADO),consulta externa,nuevas en personas de 5 a 14 anos,2007-05-01,2,7,2,7,9
EXALTACION,consulta externa,nuevas en personas de 5 a 14 anos,2007-05-01,33,17,33,17,50
FERNANDEZ ALONSO,consulta externa,nuevas en personas de 5 a 14 anos,2007-05-01,73,59,73,59,132
FILADELFIA,consulta externa,nuevas en personas de 5 a 14 anos,2007-05-01,180,129,180,129,309
GENERAL SAAVEDRA,consulta externa,nuevas en personas de 5 a 14 anos,2007-05-01,85,78,85,78,163
GRAL. J.J. PEREZ (CHARAZANI),consulta externa,nuevas en personas de 5 a 14 anos,2007-05-01,46,47,46,47,93
GUANAY,consulta externa,nuevas en personas de 5 a 14 anos,2007-05-01,85,69,85,69,154
GUAQUI,consulta externa,nuevas en personas de 5 a 14 anos,2007-05-01,24,21,24,21,45
GUAYARAMERIN,consulta externa,nuevas en personas de 5 a 14 anos,2007-05-01,320,377,320,377,697
GUTIERREZ,consulta externa,nuevas en personas de 5 a 14 anos,2007-05-01,131,177,131,177,308
HUACARETA,consulta externa,nuevas en personas de 5 a 14 anos,2007-05-01,90,101,90,101,191
HUACAYA (VILLA DE HUACAYA),consulta externa,nuevas en personas de 5 a 14 anos,2007-05-01,56,44,56,44,100
HUACHACALLA,consulta externa,nuevas en personas de 5 a 14 anos,2007-05-01,11,13,11,13,24
HUANUNI,consulta externa,nuevas en personas de 5 a 14 anos,2007-05-01,370,271,370,271,641
HUARACAJE,consulta externa,nuevas en personas de 5 a 14 anos,2007-05-01,69,49,69,49,118
HUAYLLAMARCA,consulta externa,nuevas en personas de 5 a 14 anos,2007-05-01,24,18,24,18,42
ICHOCA,consulta externa,nuevas en personas de 5 a 14 anos,2007-05-01,18,27,18,27,45
ICLA,consulta externa,nuevas en personas de 5 a 14 anos,2007-05-01,54,54,54,54,108
INCAHUASI,consulta externa,nuevas en personas de 5 a 14 anos,2007-05-01,141,168,141,168,309
INGAVI (HUMAITA),consulta externa,nuevas en personas de 5 a 14 anos,2007-05-01,19,14,19,14,33
INQUISIVI,consulta externa,nuevas en personas de 5 a 14 anos,2007-05-01,63,65,63,65,128
IRUPANA (VILLA DE LANZA),consulta externa,nuevas en personas de 5 a 14 anos,2007-05-01,71,378,71,378,449
IXIAMAS,consulta externa,nuevas en personas de 5 a 14 anos,2007-05-01,58,63,58,63,121
JESUS DE MACHACA,consulta externa,nuevas en personas de 5 a 14 anos,2007-05-01,107,100,107,100,207
LA ASUNTA,consulta externa,nuevas en personas de 5 a 14 anos,2007-05-01,210,213,210,213,423
LA GUARDIA,consulta externa,nuevas en personas de 5 a 14 anos,2007-05-01,167,180,167,180,347
LA PAZ,consulta externa,nuevas en personas de 5 a 14 anos,2007-05-01,7736,7378,7736,7378,15114
LA RIVERA,consulta externa,nuevas en personas de 5 a 14 anos,2007-05-01,1,3,1,3,4
LAGUNILLAS,consulta externa,nuevas en personas de 5 a 14 anos,2007-05-01,89,68,89,68,157
LAJA,consulta externa,nuevas en personas de 5 a 14 anos,2007-05-01,23,34,23,34,57
LAS CARRERAS,consulta externa,nuevas en personas de 5 a 14 anos,2007-05-01,40,49,40,49,89
LICOMA PAMPA,consulta externa,nuevas en personas de 5 a 14 anos,2007-05-01,25,26,25,26,51
LLALLAGUA,consulta externa,nuevas en personas de 5 a 14 anos,2007-05-01,212,204,212,204,416
LLICA,consulta externa,nuevas en personas de 5 a 14 anos,2007-05-01,49,53,49,53,102
LORETO,consulta externa,nuevas en personas de 5 a 14 anos,2007-05-01,10,8,10,8,18
LURIBAY,consulta externa,nuevas en personas de 5 a 14 anos,2007-05-01,59,52,59,52,111
MACHACAMARCA,consulta externa,nuevas en personas de 5 a 14 anos,2007-05-01,34,36,34,36,70
MACHARETI,consulta externa,nuevas en personas de 5 a 14 anos,2007-05-01,93,135,93,135,228
MAGDALENA,consulta externa,nuevas en personas de 5 a 14 anos,2007-05-01,54,79,54,79,133
MAIRANA,consulta externa,nuevas en personas de 5 a 14 anos,2007-05-01,38,24,38,24,62
MALLA,consulta externa,nuevas en personas de 5 a 14 anos,2007-05-01,68,68,68,68,136
MAPIRI,consulta externa,nuevas en personas de 5 a 14 anos,2007-05-01,69,65,69,65,134
MECAPACA,consulta externa,nuevas en personas de 5 a 14 anos,2007-05-01,102,64,102,64,166
MINEROS,consulta externa,nuevas en personas de 5 a 14 anos,2007-05-01,29,33,29,33,62
MIZQUE,consulta externa,nuevas en personas de 5 a 14 anos,2007-05-01,48,52,48,52,100
MOCOMOCO,consulta externa,nuevas en personas de 5 a 14 anos,2007-05-01,67,68,67,68,135
MOJINETE,consulta externa,nuevas en personas de 5 a 14 anos,2007-05-01,6,11,6,11,17
MOJOCOYA,consulta externa,nuevas en personas de 5 a 14 anos,2007-05-01,53,56,53,56,109
MONTEAGUDO,consulta externa,nuevas en personas de 5 a 14 anos,2007-05-01,311,310,311,310,621
MONTERO,consulta externa,nuevas en personas de 5 a 14 anos,2007-05-01,1217,1181,1217,1181,2398
MORO MORO,consulta externa,nuevas en personas de 5 a 14 anos,2007-05-01,11,11,11,11,22
MOROCHATA,consulta externa,nuevas en personas de 5 a 14 anos,2007-05-01,52,49,52,49,101
NACEBE (SANTA ROSA DEL ABUNA),consulta externa,nuevas en personas de 5 a 14 anos,2007-05-01,41,21,41,21,62
NAZACARA DE PACAJES,consulta externa,nuevas en personas de 5 a 14 anos,2007-05-01,1,3,1,3,4
NUEVO MANOA (NUEVA ESPERANZA),consulta externa,nuevas en personas de 5 a 14 anos,2007-05-01,13,19,13,19,32
OCURI,consulta externa,nuevas en personas de 5 a 14 anos,2007-05-01,74,60,74,60,134
OKINAWA,consulta externa,nuevas en personas de 5 a 14 anos,2007-05-01,125,122,125,122,247
OMEREQUE,consulta externa,nuevas en personas de 5 a 14 anos,2007-05-01,25,22,25,22,47
ORURO,consulta externa,nuevas en personas de 5 a 14 anos,2007-05-01,2822,2799,2822,2799,5621
PADCAYA,consulta externa,nuevas en personas de 5 a 14 anos,2007-05-01,411,365,411,365,776
PADILLA,consulta externa,nuevas en personas de 5 a 14 anos,2007-05-01,119,127,119,127,246
PAILON,consulta externa,nuevas en personas de 5 a 14 anos,2007-05-01,78,50,78,50,128
PALCA,consulta externa,nuevas en personas de 5 a 14 anos,2007-05-01,71,50,71,50,121
PALOS BLANCOS,consulta externa,nuevas en personas de 5 a 14 anos,2007-05-01,108,87,108,87,195
PAMPA AULLAGAS,consulta externa,nuevas en personas de 5 a 14 anos,2007-05-01,15,24,15,24,39
PAMPA GRANDE,consulta externa,nuevas en personas de 5 a 14 anos,2007-05-01,39,31,39,31,70
PAPEL PAMPA,consulta externa,nuevas en personas de 5 a 14 anos,2007-05-01,31,105,31,105,136
PASORAPA,consulta externa,nuevas en personas de 5 a 14 anos,2007-05-01,8,4,8,4,12
PATACAMAYA,consulta externa,nuevas en personas de 5 a 14 anos,2007-05-01,90,72,90,72,162
PAZÑA,consulta externa,nuevas en personas de 5 a 14 anos,2007-05-01,68,75,68,75,143
PELECHUCO,consulta externa,nuevas en personas de 5 a 14 anos,2007-05-01,19,25,19,25,44
POCOATA,consulta externa,nuevas en personas de 5 a 14 anos,2007-05-01,85,94,85,94,179
POCONA,consulta externa,nuevas en personas de 5 a 14 anos,2007-05-01,87,88,87,88,175
POJO (CBBA),consulta externa,nuevas en personas de 5 a 14 anos,2007-05-01,27,22,27,22,49
POOPO,consulta externa,nuevas en personas de 5 a 14 anos,2007-05-01,28,31,28,31,59
PORCO,consulta externa,nuevas en personas de 5 a 14 anos,2007-05-01,61,71,61,71,132
POROMA,consulta externa,nuevas en personas de 5 a 14 anos,2007-05-01,153,201,153,201,354
PORONGO,consulta externa,nuevas en personas de 5 a 14 anos,2007-05-01,61,41,61,41,102
PORTACHUELO,consulta externa,nuevas en personas de 5 a 14 anos,2007-05-01,110,123,110,123,233
PORVENIR,consulta externa,nuevas en personas de 5 a 14 anos,2007-05-01,66,57,66,57,123
POSTRER VALLE,consulta externa,nuevas en personas de 5 a 14 anos,2007-05-01,14,10,14,10,24
POTOSI,consulta externa,nuevas en personas de 5 a 14 anos,2007-05-01,1311,1195,1311,1195,2506
PRESTO,consulta externa,nuevas en personas de 5 a 14 anos,2007-05-01,67,56,67,56,123
PUCARA,consulta externa,nuevas en personas de 5 a 14 anos,2007-05-01,21,24,21,24,45
PUCARANI,consulta externa,nuevas en personas de 5 a 14 anos,2007-05-01,98,104,98,104,202
PUERTO ACOSTA,consulta externa,nuevas en personas de 5 a 14 anos,2007-05-01,171,169,171,169,340
PUERTO CARABUCO,consulta externa,nuevas en personas de 5 a 14 anos,2007-05-01,111,81,111,81,192
PUERTO GONZALO MORENO,consulta externa,nuevas en personas de 5 a 14 anos,2007-05-01,24,24,24,24,48
PUERTO PEREZ,consulta externa,nuevas en personas de 5 a 14 anos,2007-05-01,11,11,11,11,22
PUERTO QUIJARRO,consulta externa,nuevas en personas de 5 a 14 anos,2007-05-01,100,108,100,108,208
PUERTO RICO,consulta externa,nuevas en personas de 5 a 14 anos,2007-05-01,72,66,72,66,138
PUERTO SILES,consulta externa,nuevas en personas de 5 a 14 anos,2007-05-01,55,54,55,54,109
PUERTO SUAREZ,consulta externa,nuevas en personas de 5 a 14 anos,2007-05-01,79,83,79,83,162
PUERTO VILLARROEL,consulta externa,nuevas en personas de 5 a 14 anos,2007-05-01,218,182,218,182,400
PUNA,consulta externa,nuevas en personas de 5 a 14 anos,2007-05-01,242,228,242,228,470
PUNATA,consulta externa,nuevas en personas de 5 a 14 anos,2007-05-01,147,113,147,113,260
QUIABAYA,consulta externa,nuevas en personas de 5 a 14 anos,2007-05-01,14,11,14,11,25
QUILLACOLLO,consulta externa,nuevas en personas de 5 a 14 anos,2007-05-01,527,501,527,501,1028
QUIME,consulta externa,nuevas en personas de 5 a 14 anos,2007-05-01,53,61,53,61,114
QUIRUSILLAS,consulta externa,nuevas en personas de 5 a 14 anos,2007-05-01,3,8,3,8,11
RAVELO,consulta externa,nuevas en personas de 5 a 14 anos,2007-05-01,64,55,64,55,119
REYES,consulta externa,nuevas en personas de 5 a 14 anos,2007-05-01,41,46,41,46,87
RIBERALTA,consulta externa,nuevas en personas de 5 a 14 anos,2007-05-01,490,504,490,504,994
ROBORE,consulta externa,nuevas en personas de 5 a 14 anos,2007-05-01,116,98,116,98,214
RURRENABAQUE,consulta externa,nuevas en personas de 5 a 14 anos,2007-05-01,46,58,46,58,104
SABAYA,consulta externa,nuevas en personas de 5 a 14 anos,2007-05-01,33,29,33,29,62
SACABA,consulta externa,nuevas en personas de 5 a 14 anos,2007-05-01,506,438,506,438,944
SACABAMBA,consulta externa,nuevas en personas de 5 a 14 anos,2007-05-01,26,26,26,26,52
SACACA,consulta externa,nuevas en personas de 5 a 14 anos,2007-05-01,100,95,100,95,195
SAIPINA,consulta externa,nuevas en personas de 5 a 14 anos,2007-05-01,106,104,106,104,210
SALINAS DE GARCI MENDOZA,consulta externa,nuevas en personas de 5 a 14 anos,2007-05-01,55,66,55,66,121
SAMAIPATA,consulta externa,nuevas en personas de 5 a 14 anos,2007-05-01,35,35,35,35,70
SAN AGUSTIN,consulta externa,nuevas en personas de 5 a 14 anos,2007-05-01,20,32,20,32,52
SAN ANDRES,consulta externa,nuevas en personas de 5 a 14 anos,2007-05-01,24,28,24,28,52
SAN ANDRES DE MACHACA,consulta externa,nuevas en personas de 5 a 14 anos,2007-05-01,37,25,37,25,62
SAN ANTONIO DE ESMORUCO,consulta externa,nuevas en personas de 5 a 14 anos,2007-05-01,45,48,45,48,93
SAN ANTONIO DE LOMERIO,consulta externa,nuevas en personas de 5 a 14 anos,2007-05-01,20,14,20,14,34
SAN BENITO,consulta externa,nuevas en personas de 5 a 14 anos,2007-05-01,42,47,42,47,89
SAN BORJA,consulta externa,nuevas en personas de 5 a 14 anos,2007-05-01,120,151,120,151,271
SAN BUENA VENTURA,consulta externa,nuevas en personas de 5 a 14 anos,2007-05-01,46,65,46,65,111
SAN CARLOS,consulta externa,nuevas en personas de 5 a 14 anos,2007-05-01,335,343,335,343,678
SAN IGNACIO,consulta externa,nuevas en personas de 5 a 14 anos,2007-05-01,237,282,237,282,519
SAN IGNACIO DE VELASCO,consulta externa,nuevas en personas de 5 a 14 anos,2007-05-01,373,350,373,350,723
SAN JAVIER(BNI),consulta externa,nuevas en personas de 5 a 14 anos,2007-05-01,37,39,37,39,76
SAN JAVIER(STC),consulta externa,nuevas en personas de 5 a 14 anos,2007-05-01,305,280,305,280,585
SAN JOAQUIN,consulta externa,nuevas en personas de 5 a 14 anos,2007-05-01,55,74,55,74,129
SAN JOSE DE CHIQUITOS,consulta externa,nuevas en personas de 5 a 14 anos,2007-05-01,81,77,81,77,158
SAN JUAN DE YAPACANI,consulta externa,nuevas en personas de 5 a 14 anos,2007-05-01,112,94,112,94,206
SAN JULIAN,consulta externa,nuevas en personas de 5 a 14 anos,2007-05-01,248,257,248,257,505
SAN LORENZO(PND),consulta externa,nuevas en personas de 5 a 14 anos,2007-05-01,21,20,21,20,41
SAN LORENZO(TJA),consulta externa,nuevas en personas de 5 a 14 anos,2007-05-01,371,447,371,447,818
SAN LUCAS,consulta externa,nuevas en personas de 5 a 14 anos,2007-05-01,304,319,304,319,623
SAN MATIAS,consulta externa,nuevas en personas de 5 a 14 anos,2007-05-01,47,70,47,70,117
SAN MIGUEL DE VELASCO,consulta externa,nuevas en personas de 5 a 14 anos,2007-05-01,49,49,49,49,98
SAN PABLO DE LIPEZ,consulta externa,nuevas en personas de 5 a 14 anos,2007-05-01,36,37,36,37,73
SAN PEDRO,consulta externa,nuevas en personas de 5 a 14 anos,2007-05-01,160,112,160,112,272
SAN PEDRO DE BUENA VISTA,consulta externa,nuevas en personas de 5 a 14 anos,2007-05-01,113,108,113,108,221
SAN PEDRO DE CURAHUARA,consulta externa,nuevas en personas de 5 a 14 anos,2007-05-01,60,62,60,62,122
SAN PEDRO DE QUEMES,consulta externa,nuevas en personas de 5 a 14 anos,2007-05-01,1,7,1,7,8
SAN PEDRO DE TIQUINA,consulta externa,nuevas en personas de 5 a 14 anos,2007-05-01,16,9,16,9,25
SAN PEDRO(PND),consulta externa,nuevas en personas de 5 a 14 anos,2007-05-01,23,11,23,11,34
SAN RAFAEL,consulta externa,nuevas en personas de 5 a 14 anos,2007-05-01,52,57,52,57,109
SAN RAMON,consulta externa,nuevas en personas de 5 a 14 anos,2007-05-01,6,9,6,9,15
SAN RAMON,consulta externa,nuevas en personas de 5 a 14 anos,2007-05-01,39,43,39,43,82
SANTA ANA,consulta externa,nuevas en personas de 5 a 14 anos,2007-05-01,186,201,186,201,387
SANTA CRUZ DE LA SIERRA,consulta externa,nuevas en personas de 5 a 14 anos,2007-05-01,7175,7332,7175,7332,14507
SANTA ROSA,consulta externa,nuevas en personas de 5 a 14 anos,2007-05-01,81,83,81,83,164
SANTA ROSA DEL SARA,consulta externa,nuevas en personas de 5 a 14 anos,2007-05-01,76,89,76,89,165
SANTIAGO DE CALLAPA,consulta externa,nuevas en personas de 5 a 14 anos,2007-05-01,36,24,36,24,60
SANTIAGO DE HUARI,consulta externa,nuevas en personas de 5 a 14 anos,2007-05-01,34,40,34,40,74
SANTIAGO DE MACHACA,consulta externa,nuevas en personas de 5 a 14 anos,2007-05-01,3,6,3,6,9
SANTIVAÑES,consulta externa,nuevas en personas de 5 a 14 anos,2007-05-01,57,55,57,55,112
SANTUARIO DE QUILLACAS,consulta externa,nuevas en personas de 5 a 14 anos,2007-05-01,23,13,23,13,36
SAPAHAQUI,consulta externa,nuevas en personas de 5 a 14 anos,2007-05-01,49,42,49,42,91
SENA,consulta externa,nuevas en personas de 5 a 14 anos,2007-05-01,20,18,20,18,38
SICA SICA (VILLA AROMA),consulta externa,nuevas en personas de 5 a 14 anos,2007-05-01,77,81,77,81,158
SICAYA,consulta externa,nuevas en personas de 5 a 14 anos,2007-05-01,7,7,7,7,14
SIPE SIPE,consulta externa,nuevas en personas de 5 a 14 anos,2007-05-01,123,114,123,114,237
SOPACHUY,consulta externa,nuevas en personas de 5 a 14 anos,2007-05-01,69,94,69,94,163
SORACACHI,consulta externa,nuevas en personas de 5 a 14 anos,2007-05-01,50,48,50,48,98
SORATA,consulta externa,nuevas en personas de 5 a 14 anos,2007-05-01,74,60,74,60,134
SUCRE,consulta externa,nuevas en personas de 5 a 14 anos,2007-05-01,2908,2923,2908,2923,5831
TACACHI,consulta externa,nuevas en personas de 5 a 14 anos,2007-05-01,5,9,5,9,14
TACACOMA,consulta externa,nuevas en personas de 5 a 14 anos,2007-05-01,39,22,39,22,61
TACOBAMBA,consulta externa,nuevas en personas de 5 a 14 anos,2007-05-01,48,36,48,36,84
TACOPAYA,consulta externa,nuevas en personas de 5 a 14 anos,2007-05-01,52,46,52,46,98
TAHUA,consulta externa,nuevas en personas de 5 a 14 anos,2007-05-01,18,12,18,12,30
TAPACARI,consulta externa,nuevas en personas de 5 a 14 anos,2007-05-01,265,198,265,198,463
TARABUCO,consulta externa,nuevas en personas de 5 a 14 anos,2007-05-01,110,94,110,94,204
TARACO,consulta externa,nuevas en personas de 5 a 14 anos,2007-05-01,28,27,28,27,55
TARATA,consulta externa,nuevas en personas de 5 a 14 anos,2007-05-01,34,49,34,49,83
TARIJA,consulta externa,nuevas en personas de 5 a 14 anos,2007-05-01,2501,2567,2501,2567,5068
TARVITA,consulta externa,nuevas en personas de 5 a 14 anos,2007-05-01,234,257,234,257,491
TEOPONTE,consulta externa,nuevas en personas de 5 a 14 anos,2007-05-01,88,97,88,97,185
TIAWANACU,consulta externa,nuevas en personas de 5 a 14 anos,2007-05-01,100,92,100,92,192
TINGUIPAYA,consulta externa,nuevas en personas de 5 a 14 anos,2007-05-01,156,148,156,148,304
TIPUANI,consulta externa,nuevas en personas de 5 a 14 anos,2007-05-01,41,40,41,40,81
TIQUIPAYA,consulta externa,nuevas en personas de 5 a 14 anos,2007-05-01,219,194,219,194,413
TIRAQUE (CBBA),consulta externa,nuevas en personas de 5 a 14 anos,2007-05-01,176,177,176,177,353
TITO YUPANQUI (PARQUIPUJIO),consulta externa,nuevas en personas de 5 a 14 anos,2007-05-01,7,12,7,12,19
TOCO,consulta externa,nuevas en personas de 5 a 14 anos,2007-05-01,32,31,32,31,63
TOLATA,consulta externa,nuevas en personas de 5 a 14 anos,2007-05-01,17,17,17,17,34
TOLEDO,consulta externa,nuevas en personas de 5 a 14 anos,2007-05-01,82,67,82,67,149
TOMAVE,consulta externa,nuevas en personas de 5 a 14 anos,2007-05-01,93,102,93,102,195
TOMINA,consulta externa,nuevas en personas de 5 a 14 anos,2007-05-01,81,80,81,80,161
TORO TORO,consulta externa,nuevas en personas de 5 a 14 anos,2007-05-01,55,55,55,55,110
TOTORA(CBBA),consulta externa,nuevas en personas de 5 a 14 anos,2007-05-01,23,28,23,28,51
TOTORA(ORR),consulta externa,nuevas en personas de 5 a 14 anos,2007-05-01,33,54,33,54,87
TRIGAL,consulta externa,nuevas en personas de 5 a 14 anos,2007-05-01,5,11,5,11,16
TRINIDAD,consulta externa,nuevas en personas de 5 a 14 anos,2007-05-01,568,520,568,520,1088
TUPIZA,consulta externa,nuevas en personas de 5 a 14 anos,2007-05-01,720,819,720,819,1539
TURCO,consulta externa,nuevas en personas de 5 a 14 anos,2007-05-01,65,55,65,55,120
UMALA,consulta externa,nuevas en personas de 5 a 14 anos,2007-05-01,26,29,26,29,55
UNCIA,consulta externa,nuevas en personas de 5 a 14 anos,2007-05-01,197,200,197,200,397
URIONDO (A. CONCEPCION),consulta externa,nuevas en personas de 5 a 14 anos,2007-05-01,218,284,218,284,502
URUBICHA,consulta externa,nuevas en personas de 5 a 14 anos,2007-05-01,19,24,19,24,43
UYUNI,consulta externa,nuevas en personas de 5 a 14 anos,2007-05-01,160,137,160,137,297
VACAS,consulta externa,nuevas en personas de 5 a 14 anos,2007-05-01,42,43,42,43,85
VALLEGRANDE,consulta externa,nuevas en personas de 5 a 14 anos,2007-05-01,138,125,138,125,263
VIACHA,consulta externa,nuevas en personas de 5 a 14 anos,2007-05-01,226,207,226,207,433
VILA VILA,consulta externa,nuevas en personas de 5 a 14 anos,2007-05-01,25,21,25,21,46
VILLA MONTES,consulta externa,nuevas en personas de 5 a 14 anos,2007-05-01,459,451,459,451,910
VILLA NUEVA (LOMA ALTA),consulta externa,nuevas en personas de 5 a 14 anos,2007-05-01,39,37,39,37,76
VILLA RIVERO,consulta externa,nuevas en personas de 5 a 14 anos,2007-05-01,16,15,16,15,31
VILLA SERRANO,consulta externa,nuevas en personas de 5 a 14 anos,2007-05-01,156,142,156,142,298
VILLA TUNARI,consulta externa,nuevas en personas de 5 a 14 anos,2007-05-01,265,241,265,241,506
VILLA VACA GUZMAN (MUYUPAMPA),consulta externa,nuevas en personas de 5 a 14 anos,2007-05-01,115,96,115,96,211
VILLAZON,consulta externa,nuevas en personas de 5 a 14 anos,2007-05-01,314,349,314,349,663
VINTO,consulta externa,nuevas en personas de 5 a 14 anos,2007-05-01,50,43,50,43,93
VITICHI,consulta externa,nuevas en personas de 5 a 14 anos,2007-05-01,75,64,75,64,139
WALDO BALLIVIAN,consulta externa,nuevas en personas de 5 a 14 anos,2007-05-01,4,6,4,6,10
WARNES,consulta externa,nuevas en personas de 5 a 14 anos,2007-05-01,159,172,159,172,331
YACO,consulta externa,nuevas en personas de 5 a 14 anos,2007-05-01,75,60,75,60,135
YACUIBA,consulta externa,nuevas en personas de 5 a 14 anos,2007-05-01,1036,968,1036,968,2004
YAMPARAEZ,consulta externa,nuevas en personas de 5 a 14 anos,2007-05-01,49,40,49,40,89
YANACACHI,consulta externa,nuevas en personas de 5 a 14 anos,2007-05-01,38,32,38,32,70
YAPACANI,consulta externa,nuevas en personas de 5 a 14 anos,2007-05-01,228,209,228,209,437
YOCALLA,consulta externa,nuevas en personas de 5 a 14 anos,2007-05-01,36,48,36,48,84
YOTALA,consulta externa,nuevas en personas de 5 a 14 anos,2007-05-01,46,37,46,37,83
YUNCHARA,consulta externa,nuevas en personas de 5 a 14 anos,2007-05-01,230,228,230,228,458
ZUDAÑEZ,consulta externa,nuevas en personas de 5 a 14 anos,2007-05-01,162,140,162,140,302
ACACIO,consulta externa,nuevas en personas de 5 a 14 anos,2007-06-01,106,111,106,111,217
ACHACACHI,consulta externa,nuevas en personas de 5 a 14 anos,2007-06-01,108,104,108,104,212
ACHOCALLA,consulta externa,nuevas en personas de 5 a 14 anos,2007-06-01,36,47,36,47,83
AIQUILE,consulta externa,nuevas en personas de 5 a 14 anos,2007-06-01,114,130,114,130,244
ALALAY,consulta externa,nuevas en personas de 5 a 14 anos,2007-06-01,12,9,12,9,21
ALCALA,consulta externa,nuevas en personas de 5 a 14 anos,2007-06-01,83,105,83,105,188
ANCORAIMES,consulta externa,nuevas en personas de 5 a 14 anos,2007-06-01,21,12,21,12,33
ANDAMARCA,consulta externa,nuevas en personas de 5 a 14 anos,2007-06-01,27,34,27,34,61
ANTEQUERA,consulta externa,nuevas en personas de 5 a 14 anos,2007-06-01,18,16,18,16,34
ANZALDO,consulta externa,nuevas en personas de 5 a 14 anos,2007-06-01,17,30,17,30,47
APOLO,consulta externa,nuevas en personas de 5 a 14 anos,2007-06-01,62,86,62,86,148
ARAMPAMPA,consulta externa,nuevas en personas de 5 a 14 anos,2007-06-01,52,28,52,28,80
ARANI,consulta externa,nuevas en personas de 5 a 14 anos,2007-06-01,26,26,26,26,52
ARBIETO,consulta externa,nuevas en personas de 5 a 14 anos,2007-06-01,43,34,43,34,77
ARQUE,consulta externa,nuevas en personas de 5 a 14 anos,2007-06-01,46,38,46,38,84
ASCENCION DE GUARAYOS,consulta externa,nuevas en personas de 5 a 14 anos,2007-06-01,72,86,72,86,158
ATOCHA,consulta externa,nuevas en personas de 5 a 14 anos,2007-06-01,367,415,367,415,782
AUCAPATA,consulta externa,nuevas en personas de 5 a 14 anos,2007-06-01,35,35,35,35,70
AYATA,consulta externa,nuevas en personas de 5 a 14 anos,2007-06-01,41,29,41,29,70
AYO AYO,consulta externa,nuevas en personas de 5 a 14 anos,2007-06-01,26,25,26,25,51
AYOPAYA (V. DE INDEPENDENCIA),consulta externa,nuevas en personas de 5 a 14 anos,2007-06-01,132,140,132,140,272
AZURDUY,consulta externa,nuevas en personas de 5 a 14 anos,2007-06-01,82,78,82,78,160
BATALLAS,consulta externa,nuevas en personas de 5 a 14 anos,2007-06-01,35,41,35,41,76
BAURES,consulta externa,nuevas en personas de 5 a 14 anos,2007-06-01,24,37,24,37,61
BELEN DE ANDAMARCA,consulta externa,nuevas en personas de 5 a 14 anos,2007-06-01,15,21,15,21,36
BELEN DE URMIRI,consulta externa,nuevas en personas de 5 a 14 anos,2007-06-01,16,18,16,18,34
BELLA FLOR,consulta externa,nuevas en personas de 5 a 14 anos,2007-06-01,79,75,79,75,154
BERMEJO,consulta externa,nuevas en personas de 5 a 14 anos,2007-06-01,618,680,618,680,1298
BETANZOS,consulta externa,nuevas en personas de 5 a 14 anos,2007-06-01,211,232,211,232,443
BOLIVAR,consulta externa,nuevas en personas de 5 a 14 anos,2007-06-01,52,50,52,50,102
BOLPEBRA,consulta externa,nuevas en personas de 5 a 14 anos,2007-06-01,10,26,10,26,36
BOYUIBE,consulta externa,nuevas en personas de 5 a 14 anos,2007-06-01,97,76,97,76,173
BUENA VISTA,consulta externa,nuevas en personas de 5 a 14 anos,2007-06-01,74,44,74,44,118
CABEZAS,consulta externa,nuevas en personas de 5 a 14 anos,2007-06-01,124,107,124,107,231
CAIROMA,consulta externa,nuevas en personas de 5 a 14 anos,2007-06-01,80,52,80,52,132
"CAIZA ""D""",consulta externa,nuevas en personas de 5 a 14 anos,2007-06-01,65,71,65,71,136
CAJUATA,consulta externa,nuevas en personas de 5 a 14 anos,2007-06-01,57,60,57,60,117
CALACOTO,consulta externa,nuevas en personas de 5 a 14 anos,2007-06-01,47,43,47,43,90
CALAMARCA,consulta externa,nuevas en personas de 5 a 14 anos,2007-06-01,48,39,48,39,87
CAMARGO,consulta externa,nuevas en personas de 5 a 14 anos,2007-06-01,216,191,216,191,407
CAMATAQUI (C. VILLA ABECIA),consulta externa,nuevas en personas de 5 a 14 anos,2007-06-01,84,83,84,83,167
CAMIRI,consulta externa,nuevas en personas de 5 a 14 anos,2007-06-01,495,479,495,479,974
CAPINOTA,consulta externa,nuevas en personas de 5 a 14 anos,2007-06-01,91,87,91,87,178
CAQUIAVIRI,consulta externa,nuevas en personas de 5 a 14 anos,2007-06-01,23,16,23,16,39
CARACOLLO,consulta externa,nuevas en personas de 5 a 14 anos,2007-06-01,76,76,76,76,152
CARANAVI,consulta externa,nuevas en personas de 5 a 14 anos,2007-06-01,374,320,374,320,694
CARANGAS,consulta externa,nuevas en personas de 5 a 14 anos,2007-06-01,1,1,1,1,2
CARAPARI,consulta externa,nuevas en personas de 5 a 14 anos,2007-06-01,359,362,359,362,721
CARIPUYO,consulta externa,nuevas en personas de 5 a 14 anos,2007-06-01,33,33,33,33,66
CARMEN RIVERO TORREZ,consulta externa,nuevas en personas de 5 a 14 anos,2007-06-01,15,10,15,10,25
CATACORA,consulta externa,nuevas en personas de 5 a 14 anos,2007-06-01,3,3,3,3,6
CHACARILLA,consulta externa,nuevas en personas de 5 a 14 anos,2007-06-01,10,8,10,8,18
CHALLAPATA,consulta externa,nuevas en personas de 5 a 14 anos,2007-06-01,179,198,179,198,377
CHAQUI,consulta externa,nuevas en personas de 5 a 14 anos,2007-06-01,25,28,25,28,53
CHARAGUA,consulta externa,nuevas en personas de 5 a 14 anos,2007-06-01,64,79,64,79,143
CHARAÑA,consulta externa,nuevas en personas de 5 a 14 anos,2007-06-01,11,15,11,15,26
CHAYANTA,consulta externa,nuevas en personas de 5 a 14 anos,2007-06-01,55,60,55,60,115
CHIMORE,consulta externa,nuevas en personas de 5 a 14 anos,2007-06-01,73,77,73,77,150
CHIPAYA,consulta externa,nuevas en personas de 5 a 14 anos,2007-06-01,14,17,14,17,31
CHOQUE COTA,consulta externa,nuevas en personas de 5 a 14 anos,2007-06-01,3,10,3,10,13
CHULUMANI (V. DE LA LIBERTAD),consulta externa,nuevas en personas de 5 a 14 anos,2007-06-01,92,104,92,104,196
CHUMA,consulta externa,nuevas en personas de 5 a 14 anos,2007-06-01,70,55,70,55,125
CLIZA,consulta externa,nuevas en personas de 5 a 14 anos,2007-06-01,90,73,90,73,163
COBIJA,consulta externa,nuevas en personas de 5 a 14 anos,2007-06-01,336,331,336,331,667
COCHABAMBA,consulta externa,nuevas en personas de 5 a 14 anos,2007-06-01,5193,4796,5193,4796,9989
COIPASA,consulta externa,nuevas en personas de 5 a 14 anos,2007-06-01,6,3,6,3,9
COLCAPIRHUA,consulta externa,nuevas en personas de 5 a 14 anos,2007-06-01,199,187,199,187,386
"COLCHA ""K""",consulta externa,nuevas en personas de 5 a 14 anos,2007-06-01,102,113,102,113,215
COLLANA,consulta externa,nuevas en personas de 5 a 14 anos,2007-06-01,7,8,7,8,15
COLOMI,consulta externa,nuevas en personas de 5 a 14 anos,2007-06-01,59,55,59,55,114
COLPA BELGICA,consulta externa,nuevas en personas de 5 a 14 anos,2007-06-01,37,42,37,42,79
COLQUECHACA,consulta externa,nuevas en personas de 5 a 14 anos,2007-06-01,272,247,272,247,519
COLQUENCHA,consulta externa,nuevas en personas de 5 a 14 anos,2007-06-01,33,37,33,37,70
COLQUIRI,consulta externa,nuevas en personas de 5 a 14 anos,2007-06-01,82,62,82,62,144
COMANCHE,consulta externa,nuevas en personas de 5 a 14 anos,2007-06-01,17,13,17,13,30
COMARAPA,consulta externa,nuevas en personas de 5 a 14 anos,2007-06-01,62,33,62,33,95
COMBAYA,consulta externa,nuevas en personas de 5 a 14 anos,2007-06-01,4,7,4,7,11
CONCEPCION,consulta externa,nuevas en personas de 5 a 14 anos,2007-06-01,28,29,28,29,57
COPACABANA,consulta externa,nuevas en personas de 5 a 14 anos,2007-06-01,33,31,33,31,64
CORIPATA,consulta externa,nuevas en personas de 5 a 14 anos,2007-06-01,40,49,40,49,89
CORO CORO,consulta externa,nuevas en personas de 5 a 14 anos,2007-06-01,24,17,24,17,41
COROICO,consulta externa,nuevas en personas de 5 a 14 anos,2007-06-01,96,74,96,74,170
CORQUE,consulta externa,nuevas en personas de 5 a 14 anos,2007-06-01,45,39,45,39,84
COTAGAITA,consulta externa,nuevas en personas de 5 a 14 anos,2007-06-01,306,341,306,341,647
COTOCA,consulta externa,nuevas en personas de 5 a 14 anos,2007-06-01,115,107,115,107,222
CUATRO CAÑADAS,consulta externa,nuevas en personas de 5 a 14 anos,2007-06-01,154,167,154,167,321
CUCHUMUELA (V. G. VILLARROEL),consulta externa,nuevas en personas de 5 a 14 anos,2007-06-01,8,5,8,5,13
CUEVO,consulta externa,nuevas en personas de 5 a 14 anos,2007-06-01,108,98,108,98,206
CULPINA,consulta externa,nuevas en personas de 5 a 14 anos,2007-06-01,125,141,125,141,266
CURAHUARA DE CARANGAS,consulta externa,nuevas en personas de 5 a 14 anos,2007-06-01,16,16,16,16,32
CURVA,consulta externa,nuevas en personas de 5 a 14 anos,2007-06-01,16,18,16,18,34
DESAGUADERO,consulta externa,nuevas en personas de 5 a 14 anos,2007-06-01,19,29,19,29,48
EL ALTO,consulta externa,nuevas en personas de 5 a 14 anos,2007-06-01,4574,4739,4574,4739,9313
EL CHORO,consulta externa,nuevas en personas de 5 a 14 anos,2007-06-01,93,67,93,67,160
EL PUENTE(STC),consulta externa,nuevas en personas de 5 a 14 anos,2007-06-01,90,117,90,117,207
EL PUENTE(TJA),consulta externa,nuevas en personas de 5 a 14 anos,2007-06-01,258,269,258,269,527
EL TORNO,consulta externa,nuevas en personas de 5 a 14 anos,2007-06-01,230,282,230,282,512
EL VILLAR,consulta externa,nuevas en personas de 5 a 14 anos,2007-06-01,77,102,77,102,179
ENTRE RIOS,consulta externa,nuevas en personas de 5 a 14 anos,2007-06-01,490,519,490,519,1009
ENTRE RIOS,consulta externa,nuevas en personas de 5 a 14 anos,2007-06-01,77,56,77,56,133
ESCARA,consulta externa,nuevas en personas de 5 a 14 anos,2007-06-01,1,1,1,1,2
ESMERALDA,consulta externa,nuevas en personas de 5 a 14 anos,2007-06-01,1,3,1,3,4
EUCALIPTUS,consulta externa,nuevas en personas de 5 a 14 anos,2007-06-01,27,34,27,34,61
EUREKA (SANTOS MERCADO),consulta externa,nuevas en personas de 5 a 14 anos,2007-06-01,19,40,19,40,59
EXALTACION,consulta externa,nuevas en personas de 5 a 14 anos,2007-06-01,20,17,20,17,37
FERNANDEZ ALONSO,consulta externa,nuevas en personas de 5 a 14 anos,2007-06-01,54,66,54,66,120
FILADELFIA,consulta externa,nuevas en personas de 5 a 14 anos,2007-06-01,77,72,77,72,149
GENERAL SAAVEDRA,consulta externa,nuevas en personas de 5 a 14 anos,2007-06-01,99,110,99,110,209
GRAL. J.J. PEREZ (CHARAZANI),consulta externa,nuevas en personas de 5 a 14 anos,2007-06-01,42,44,42,44,86
GUANAY,consulta externa,nuevas en personas de 5 a 14 anos,2007-06-01,65,58,65,58,123
GUAQUI,consulta externa,nuevas en personas de 5 a 14 anos,2007-06-01,20,19,20,19,39
GUAYARAMERIN,consulta externa,nuevas en personas de 5 a 14 anos,2007-06-01,423,376,423,376,799
GUTIERREZ,consulta externa,nuevas en personas de 5 a 14 anos,2007-06-01,126,132,126,132,258
HUACARETA,consulta externa,nuevas en personas de 5 a 14 anos,2007-06-01,79,96,79,96,175
HUACAYA (VILLA DE HUACAYA),consulta externa,nuevas en personas de 5 a 14 anos,2007-06-01,26,23,26,23,49
HUACHACALLA,consulta externa,nuevas en personas de 5 a 14 anos,2007-06-01,7,11,7,11,18
HUANUNI,consulta externa,nuevas en personas de 5 a 14 anos,2007-06-01,247,241,247,241,488
HUARACAJE,consulta externa,nuevas en personas de 5 a 14 anos,2007-06-01,63,76,63,76,139
HUAYLLAMARCA,consulta externa,nuevas en personas de 5 a 14 anos,2007-06-01,12,14,12,14,26
ICHOCA,consulta externa,nuevas en personas de 5 a 14 anos,2007-06-01,13,9,13,9,22
ICLA,consulta externa,nuevas en personas de 5 a 14 anos,2007-06-01,70,54,70,54,124
INCAHUASI,consulta externa,nuevas en personas de 5 a 14 anos,2007-06-01,104,151,104,151,255
INGAVI (HUMAITA),consulta externa,nuevas en personas de 5 a 14 anos,2007-06-01,1,4,1,4,5
INQUISIVI,consulta externa,nuevas en personas de 5 a 14 anos,2007-06-01,61,71,61,71,132
IRUPANA (VILLA DE LANZA),consulta externa,nuevas en personas de 5 a 14 anos,2007-06-01,76,87,76,87,163
IXIAMAS,consulta externa,nuevas en personas de 5 a 14 anos,2007-06-01,54,50,54,50,104
JESUS DE MACHACA,consulta externa,nuevas en personas de 5 a 14 anos,2007-06-01,30,35,30,35,65
LA ASUNTA,consulta externa,nuevas en personas de 5 a 14 anos,2007-06-01,100,83,100,83,183
LA GUARDIA,consulta externa,nuevas en personas de 5 a 14 anos,2007-06-01,200,179,200,179,379
LA PAZ,consulta externa,nuevas en personas de 5 a 14 anos,2007-06-01,6842,6229,6842,6229,13071
LA RIVERA,consulta externa,nuevas en personas de 5 a 14 anos,2007-06-01,3,2,3,2,5
LAGUNILLAS,consulta externa,nuevas en personas de 5 a 14 anos,2007-06-01,83,100,83,100,183
LAJA,consulta externa,nuevas en personas de 5 a 14 anos,2007-06-01,33,25,33,25,58
LAS CARRERAS,consulta externa,nuevas en personas de 5 a 14 anos,2007-06-01,37,31,37,31,68
LICOMA PAMPA,consulta externa,nuevas en personas de 5 a 14 anos,2007-06-01,22,23,22,23,45
LLALLAGUA,consulta externa,nuevas en personas de 5 a 14 anos,2007-06-01,201,211,201,211,412
LLICA,consulta externa,nuevas en personas de 5 a 14 anos,2007-06-01,44,38,44,38,82
LORETO,consulta externa,nuevas en personas de 5 a 14 anos,2007-06-01,22,17,22,17,39
LURIBAY,consulta externa,nuevas en personas de 5 a 14 anos,2007-06-01,66,39,66,39,105
MACHACAMARCA,consulta externa,nuevas en personas de 5 a 14 anos,2007-06-01,20,6,20,6,26
MACHARETI,consulta externa,nuevas en personas de 5 a 14 anos,2007-06-01,124,222,124,222,346
MAGDALENA,consulta externa,nuevas en personas de 5 a 14 anos,2007-06-01,64,89,64,89,153
MAIRANA,consulta externa,nuevas en personas de 5 a 14 anos,2007-06-01,33,41,33,41,74
MALLA,consulta externa,nuevas en personas de 5 a 14 anos,2007-06-01,53,53,53,53,106
MAPIRI,consulta externa,nuevas en personas de 5 a 14 anos,2007-06-01,62,70,62,70,132
MECAPACA,consulta externa,nuevas en personas de 5 a 14 anos,2007-06-01,82,67,82,67,149
MINEROS,consulta externa,nuevas en personas de 5 a 14 anos,2007-06-01,28,58,28,58,86
MIZQUE,consulta externa,nuevas en personas de 5 a 14 anos,2007-06-01,66,66,66,66,132
MOCOMOCO,consulta externa,nuevas en personas de 5 a 14 anos,2007-06-01,105,100,105,100,205
MOJINETE,consulta externa,nuevas en personas de 5 a 14 anos,2007-06-01,2,6,2,6,8
MOJOCOYA,consulta externa,nuevas en personas de 5 a 14 anos,2007-06-01,49,31,49,31,80
MONTEAGUDO,consulta externa,nuevas en personas de 5 a 14 anos,2007-06-01,333,336,333,336,669
MONTERO,consulta externa,nuevas en personas de 5 a 14 anos,2007-06-01,1728,1825,1728,1825,3553
MORO MORO,consulta externa,nuevas en personas de 5 a 14 anos,2007-06-01,20,23,20,23,43
MOROCHATA,consulta externa,nuevas en personas de 5 a 14 anos,2007-06-01,50,61,50,61,111
NACEBE (SANTA ROSA DEL ABUNA),consulta externa,nuevas en personas de 5 a 14 anos,2007-06-01,61,96,61,96,157
NAZACARA DE PACAJES,consulta externa,nuevas en personas de 5 a 14 anos,2007-06-01,3,2,3,2,5
NUEVO MANOA (NUEVA ESPERANZA),consulta externa,nuevas en personas de 5 a 14 anos,2007-06-01,12,16,12,16,28
OCURI,consulta externa,nuevas en personas de 5 a 14 anos,2007-06-01,69,46,69,46,115
OKINAWA,consulta externa,nuevas en personas de 5 a 14 anos,2007-06-01,175,173,175,173,348
OMEREQUE,consulta externa,nuevas en personas de 5 a 14 anos,2007-06-01,26,38,26,38,64
ORURO,consulta externa,nuevas en personas de 5 a 14 anos,2007-06-01,2218,2337,2218,2337,4555
PADCAYA,consulta externa,nuevas en personas de 5 a 14 anos,2007-06-01,628,608,628,608,1236
PADILLA,consulta externa,nuevas en personas de 5 a 14 anos,2007-06-01,143,140,143,140,283
PAILON,consulta externa,nuevas en personas de 5 a 14 anos,2007-06-01,31,31,31,31,62
PALCA,consulta externa,nuevas en personas de 5 a 14 anos,2007-06-01,56,52,56,52,108
PALOS BLANCOS,consulta externa,nuevas en personas de 5 a 14 anos,2007-06-01,136,140,136,140,276
PAMPA AULLAGAS,consulta externa,nuevas en personas de 5 a 14 anos,2007-06-01,30,20,30,20,50
PAMPA GRANDE,consulta externa,nuevas en personas de 5 a 14 anos,2007-06-01,45,33,45,33,78
PAPEL PAMPA,consulta externa,nuevas en personas de 5 a 14 anos,2007-06-01,26,30,26,30,56
PASORAPA,consulta externa,nuevas en personas de 5 a 14 anos,2007-06-01,29,27,29,27,56
PATACAMAYA,consulta externa,nuevas en personas de 5 a 14 anos,2007-06-01,70,67,70,67,137
PAZÑA,consulta externa,nuevas en personas de 5 a 14 anos,2007-06-01,57,54,57,54,111
PELECHUCO,consulta externa,nuevas en personas de 5 a 14 anos,2007-06-01,38,37,38,37,75
POCOATA,consulta externa,nuevas en personas de 5 a 14 anos,2007-06-01,89,86,89,86,175
POCONA,consulta externa,nuevas en personas de 5 a 14 anos,2007-06-01,105,86,105,86,191
POJO (CBBA),consulta externa,nuevas en personas de 5 a 14 anos,2007-06-01,21,14,21,14,35
POOPO,consulta externa,nuevas en personas de 5 a 14 anos,2007-06-01,30,46,30,46,76
PORCO,consulta externa,nuevas en personas de 5 a 14 anos,2007-06-01,51,47,51,47,98
POROMA,consulta externa,nuevas en personas de 5 a 14 anos,2007-06-01,198,172,198,172,370
PORONGO,consulta externa,nuevas en personas de 5 a 14 anos,2007-06-01,57,60,57,60,117
PORTACHUELO,consulta externa,nuevas en personas de 5 a 14 anos,2007-06-01,119,109,119,109,228
PORVENIR,consulta externa,nuevas en personas de 5 a 14 anos,2007-06-01,41,48,41,48,89
POSTRER VALLE,consulta externa,nuevas en personas de 5 a 14 anos,2007-06-01,13,4,13,4,17
POTOSI,consulta externa,nuevas en personas de 5 a 14 anos,2007-06-01,1026,1089,1026,1089,2115
PRESTO,consulta externa,nuevas en personas de 5 a 14 anos,2007-06-01,29,37,29,37,66
PUCARA,consulta externa,nuevas en personas de 5 a 14 anos,2007-06-01,27,29,27,29,56
PUCARANI,consulta externa,nuevas en personas de 5 a 14 anos,2007-06-01,79,80,79,80,159
PUERTO ACOSTA,consulta externa,nuevas en personas de 5 a 14 anos,2007-06-01,95,80,95,80,175
PUERTO CARABUCO,consulta externa,nuevas en personas de 5 a 14 anos,2007-06-01,30,26,30,26,56
PUERTO GONZALO MORENO,consulta externa,nuevas en personas de 5 a 14 anos,2007-06-01,29,25,29,25,54
PUERTO PEREZ,consulta externa,nuevas en personas de 5 a 14 anos,2007-06-01,17,23,17,23,40
PUERTO QUIJARRO,consulta externa,nuevas en personas de 5 a 14 anos,2007-06-01,110,100,110,100,210
PUERTO RICO,consulta externa,nuevas en personas de 5 a 14 anos,2007-06-01,144,155,144,155,299
PUERTO SILES,consulta externa,nuevas en personas de 5 a 14 anos,2007-06-01,13,21,13,21,34
PUERTO SUAREZ,consulta externa,nuevas en personas de 5 a 14 anos,2007-06-01,74,73,74,73,147
PUERTO VILLARROEL,consulta externa,nuevas en personas de 5 a 14 anos,2007-06-01,207,163,207,163,370
PUNA,consulta externa,nuevas en personas de 5 a 14 anos,2007-06-01,249,247,249,247,496
PUNATA,consulta externa,nuevas en personas de 5 a 14 anos,2007-06-01,193,115,193,115,308
QUIABAYA,consulta externa,nuevas en personas de 5 a 14 anos,2007-06-01,4,3,4,3,7
QUILLACOLLO,consulta externa,nuevas en personas de 5 a 14 anos,2007-06-01,491,528,491,528,1019
QUIME,consulta externa,nuevas en personas de 5 a 14 anos,2007-06-01,23,22,23,22,45
QUIRUSILLAS,consulta externa,nuevas en personas de 5 a 14 anos,2007-06-01,9,8,9,8,17
RAVELO,consulta externa,nuevas en personas de 5 a 14 anos,2007-06-01,73,70,73,70,143
REYES,consulta externa,nuevas en personas de 5 a 14 anos,2007-06-01,28,28,28,28,56
RIBERALTA,consulta externa,nuevas en personas de 5 a 14 anos,2007-06-01,378,439,378,439,817
ROBORE,consulta externa,nuevas en personas de 5 a 14 anos,2007-06-01,118,119,118,119,237
RURRENABAQUE,consulta externa,nuevas en personas de 5 a 14 anos,2007-06-01,62,77,62,77,139
SABAYA,consulta externa,nuevas en personas de 5 a 14 anos,2007-06-01,25,38,25,38,63
SACABA,consulta externa,nuevas en personas de 5 a 14 anos,2007-06-01,408,382,408,382,790
SACABAMBA,consulta externa,nuevas en personas de 5 a 14 anos,2007-06-01,19,10,19,10,29
SACACA,consulta externa,nuevas en personas de 5 a 14 anos,2007-06-01,86,69,86,69,155
SAIPINA,consulta externa,nuevas en personas de 5 a 14 anos,2007-06-01,13,15,13,15,28
SALINAS DE GARCI MENDOZA,consulta externa,nuevas en personas de 5 a 14 anos,2007-06-01,62,38,62,38,100
SAMAIPATA,consulta externa,nuevas en personas de 5 a 14 anos,2007-06-01,63,64,63,64,127
SAN AGUSTIN,consulta externa,nuevas en personas de 5 a 14 anos,2007-06-01,29,25,29,25,54
SAN ANDRES,consulta externa,nuevas en personas de 5 a 14 anos,2007-06-01,72,80,72,80,152
SAN ANDRES DE MACHACA,consulta externa,nuevas en personas de 5 a 14 anos,2007-06-01,23,35,23,35,58
SAN ANTONIO DE ESMORUCO,consulta externa,nuevas en personas de 5 a 14 anos,2007-06-01,40,38,40,38,78
SAN ANTONIO DE LOMERIO,consulta externa,nuevas en personas de 5 a 14 anos,2007-06-01,17,19,17,19,36
SAN BENITO,consulta externa,nuevas en personas de 5 a 14 anos,2007-06-01,64,66,64,66,130
SAN BORJA,consulta externa,nuevas en personas de 5 a 14 anos,2007-06-01,189,169,189,169,358
SAN BUENA VENTURA,consulta externa,nuevas en personas de 5 a 14 anos,2007-06-01,62,68,62,68,130
SAN CARLOS,consulta externa,nuevas en personas de 5 a 14 anos,2007-06-01,158,167,158,167,325
SAN IGNACIO,consulta externa,nuevas en personas de 5 a 14 anos,2007-06-01,184,197,184,197,381
SAN IGNACIO DE VELASCO,consulta externa,nuevas en personas de 5 a 14 anos,2007-06-01,240,267,240,267,507
SAN JAVIER(BNI),consulta externa,nuevas en personas de 5 a 14 anos,2007-06-01,11,24,11,24,35
SAN JAVIER(STC),consulta externa,nuevas en personas de 5 a 14 anos,2007-06-01,17,29,17,29,46
SAN JOAQUIN,consulta externa,nuevas en personas de 5 a 14 anos,2007-06-01,13,8,13,8,21
SAN JOSE DE CHIQUITOS,consulta externa,nuevas en personas de 5 a 14 anos,2007-06-01,92,86,92,86,178
SAN JUAN DE YAPACANI,consulta externa,nuevas en personas de 5 a 14 anos,2007-06-01,63,95,63,95,158
SAN JULIAN,consulta externa,nuevas en personas de 5 a 14 anos,2007-06-01,266,285,266,285,551
SAN LORENZO(PND),consulta externa,nuevas en personas de 5 a 14 anos,2007-06-01,31,42,31,42,73
SAN LORENZO(TJA),consulta externa,nuevas en personas de 5 a 14 anos,2007-06-01,552,705,552,705,1257
SAN LUCAS,consulta externa,nuevas en personas de 5 a 14 anos,2007-06-01,399,427,399,427,826
SAN MATIAS,consulta externa,nuevas en personas de 5 a 14 anos,2007-06-01,48,35,48,35,83
SAN MIGUEL DE VELASCO,consulta externa,nuevas en personas de 5 a 14 anos,2007-06-01,39,47,39,47,86
SAN PABLO DE LIPEZ,consulta externa,nuevas en personas de 5 a 14 anos,2007-06-01,64,49,64,49,113
SAN PEDRO,consulta externa,nuevas en personas de 5 a 14 anos,2007-06-01,203,202,203,202,405
SAN PEDRO DE BUENA VISTA,consulta externa,nuevas en personas de 5 a 14 anos,2007-06-01,87,76,87,76,163
SAN PEDRO DE CURAHUARA,consulta externa,nuevas en personas de 5 a 14 anos,2007-06-01,65,76,65,76,141
SAN PEDRO DE QUEMES,consulta externa,nuevas en personas de 5 a 14 anos,2007-06-01,0,2,0,2,2
SAN PEDRO DE TIQUINA,consulta externa,nuevas en personas de 5 a 14 anos,2007-06-01,16,5,16,5,21
SAN PEDRO(PND),consulta externa,nuevas en personas de 5 a 14 anos,2007-06-01,5,10,5,10,15
SAN RAFAEL,consulta externa,nuevas en personas de 5 a 14 anos,2007-06-01,18,17,18,17,35
SAN RAMON,consulta externa,nuevas en personas de 5 a 14 anos,2007-06-01,14,17,14,17,31
SAN RAMON,consulta externa,nuevas en personas de 5 a 14 anos,2007-06-01,167,342,167,342,509
SANTA ANA,consulta externa,nuevas en personas de 5 a 14 anos,2007-06-01,133,150,133,150,283
SANTA CRUZ DE LA SIERRA,consulta externa,nuevas en personas de 5 a 14 anos,2007-06-01,8251,8910,8251,8910,17161
SANTA ROSA,consulta externa,nuevas en personas de 5 a 14 anos,2007-06-01,84,73,84,73,157
SANTA ROSA DEL SARA,consulta externa,nuevas en personas de 5 a 14 anos,2007-06-01,85,92,85,92,177
SANTIAGO DE CALLAPA,consulta externa,nuevas en personas de 5 a 14 anos,2007-06-01,25,16,25,16,41
SANTIAGO DE HUARI,consulta externa,nuevas en personas de 5 a 14 anos,2007-06-01,54,70,54,70,124
SANTIAGO DE MACHACA,consulta externa,nuevas en personas de 5 a 14 anos,2007-06-01,6,4,6,4,10
SANTIVAÑES,consulta externa,nuevas en personas de 5 a 14 anos,2007-06-01,55,78,55,78,133
SANTUARIO DE QUILLACAS,consulta externa,nuevas en personas de 5 a 14 anos,2007-06-01,10,13,10,13,23
SAPAHAQUI,consulta externa,nuevas en personas de 5 a 14 anos,2007-06-01,86,90,86,90,176
SENA,consulta externa,nuevas en personas de 5 a 14 anos,2007-06-01,27,20,27,20,47
SICA SICA (VILLA AROMA),consulta externa,nuevas en personas de 5 a 14 anos,2007-06-01,53,44,53,44,97
SICAYA,consulta externa,nuevas en personas de 5 a 14 anos,2007-06-01,10,8,10,8,18
SIPE SIPE,consulta externa,nuevas en personas de 5 a 14 anos,2007-06-01,103,103,103,103,206
SOPACHUY,consulta externa,nuevas en personas de 5 a 14 anos,2007-06-01,59,85,59,85,144
SORACACHI,consulta externa,nuevas en personas de 5 a 14 anos,2007-06-01,76,80,76,80,156
SORATA,consulta externa,nuevas en personas de 5 a 14 anos,2007-06-01,75,73,75,73,148
SUCRE,consulta externa,nuevas en personas de 5 a 14 anos,2007-06-01,3448,3460,3448,3460,6908
TACACHI,consulta externa,nuevas en personas de 5 a 14 anos,2007-06-01,8,7,8,7,15
TACACOMA,consulta externa,nuevas en personas de 5 a 14 anos,2007-06-01,26,24,26,24,50
TACOBAMBA,consulta externa,nuevas en personas de 5 a 14 anos,2007-06-01,42,41,42,41,83
TACOPAYA,consulta externa,nuevas en personas de 5 a 14 anos,2007-06-01,52,52,52,52,104
TAHUA,consulta externa,nuevas en personas de 5 a 14 anos,2007-06-01,11,34,11,34,45
TAPACARI,consulta externa,nuevas en personas de 5 a 14 anos,2007-06-01,98,104,98,104,202
TARABUCO,consulta externa,nuevas en personas de 5 a 14 anos,2007-06-01,234,211,234,211,445
TARACO,consulta externa,nuevas en personas de 5 a 14 anos,2007-06-01,37,21,37,21,58
TARATA,consulta externa,nuevas en personas de 5 a 14 anos,2007-06-01,21,46,21,46,67
TARIJA,consulta externa,nuevas en personas de 5 a 14 anos,2007-06-01,3226,3344,3226,3344,6570
TARVITA,consulta externa,nuevas en personas de 5 a 14 anos,2007-06-01,69,98,69,98,167
TEOPONTE,consulta externa,nuevas en personas de 5 a 14 anos,2007-06-01,163,160,163,160,323
TIAWANACU,consulta externa,nuevas en personas de 5 a 14 anos,2007-06-01,57,56,57,56,113
TINGUIPAYA,consulta externa,nuevas en personas de 5 a 14 anos,2007-06-01,101,85,101,85,186
TIPUANI,consulta externa,nuevas en personas de 5 a 14 anos,2007-06-01,25,45,25,45,70
TIQUIPAYA,consulta externa,nuevas en personas de 5 a 14 anos,2007-06-01,152,153,152,153,305
TIRAQUE (CBBA),consulta externa,nuevas en personas de 5 a 14 anos,2007-06-01,140,113,140,113,253
TITO YUPANQUI (PARQUIPUJIO),consulta externa,nuevas en personas de 5 a 14 anos,2007-06-01,12,11,12,11,23
TOCO,consulta externa,nuevas en personas de 5 a 14 anos,2007-06-01,30,17,30,17,47
TODOS SANTOS,consulta externa,nuevas en personas de 5 a 14 anos,2007-06-01,0,1,0,1,1
TOLATA,consulta externa,nuevas en personas de 5 a 14 anos,2007-06-01,28,42,28,42,70
TOLEDO,consulta externa,nuevas en personas de 5 a 14 anos,2007-06-01,64,46,64,46,110
TOMAVE,consulta externa,nuevas en personas de 5 a 14 anos,2007-06-01,96,119,96,119,215
TOMINA,consulta externa,nuevas en personas de 5 a 14 anos,2007-06-01,81,97,81,97,178
TORO TORO,consulta externa,nuevas en personas de 5 a 14 anos,2007-06-01,74,65,74,65,139
TOTORA(CBBA),consulta externa,nuevas en personas de 5 a 14 anos,2007-06-01,26,23,26,23,49
TOTORA(ORR),consulta externa,nuevas en personas de 5 a 14 anos,2007-06-01,36,47,36,47,83
TRIGAL,consulta externa,nuevas en personas de 5 a 14 anos,2007-06-01,25,28,25,28,53
TRINIDAD,consulta externa,nuevas en personas de 5 a 14 anos,2007-06-01,770,812,770,812,1582
TUPIZA,consulta externa,nuevas en personas de 5 a 14 anos,2007-06-01,1063,1200,1063,1200,2263
TURCO,consulta externa,nuevas en personas de 5 a 14 anos,2007-06-01,35,42,35,42,77
UMALA,consulta externa,nuevas en personas de 5 a 14 anos,2007-06-01,20,20,20,20,40
UNCIA,consulta externa,nuevas en personas de 5 a 14 anos,2007-06-01,207,211,207,211,418
URIONDO (A. CONCEPCION),consulta externa,nuevas en personas de 5 a 14 anos,2007-06-01,365,432,365,432,797
URUBICHA,consulta externa,nuevas en personas de 5 a 14 anos,2007-06-01,26,29,26,29,55
UYUNI,consulta externa,nuevas en personas de 5 a 14 anos,2007-06-01,130,136,130,136,266
VACAS,consulta externa,nuevas en personas de 5 a 14 anos,2007-06-01,39,48,39,48,87
VALLEGRANDE,consulta externa,nuevas en personas de 5 a 14 anos,2007-06-01,69,85,69,85,154
VIACHA,consulta externa,nuevas en personas de 5 a 14 anos,2007-06-01,208,181,208,181,389
VILA VILA,consulta externa,nuevas en personas de 5 a 14 anos,2007-06-01,23,16,23,16,39
VILLA MONTES,consulta externa,nuevas en personas de 5 a 14 anos,2007-06-01,430,489,430,489,919
VILLA NUEVA (LOMA ALTA),consulta externa,nuevas en personas de 5 a 14 anos,2007-06-01,12,17,12,17,29
VILLA RIVERO,consulta externa,nuevas en personas de 5 a 14 anos,2007-06-01,19,24,19,24,43
VILLA SERRANO,consulta externa,nuevas en personas de 5 a 14 anos,2007-06-01,56,73,56,73,129
VILLA TUNARI,consulta externa,nuevas en personas de 5 a 14 anos,2007-06-01,416,386,416,386,802
VILLA VACA GUZMAN (MUYUPAMPA),consulta externa,nuevas en personas de 5 a 14 anos,2007-06-01,90,91,90,91,181
VILLAZON,consulta externa,nuevas en personas de 5 a 14 anos,2007-06-01,376,388,376,388,764
VINTO,consulta externa,nuevas en personas de 5 a 14 anos,2007-06-01,72,47,72,47,119
VITICHI,consulta externa,nuevas en personas de 5 a 14 anos,2007-06-01,103,113,103,113,216
WALDO BALLIVIAN,consulta externa,nuevas en personas de 5 a 14 anos,2007-06-01,4,6,4,6,10
WARNES,consulta externa,nuevas en personas de 5 a 14 anos,2007-06-01,177,201,177,201,378
YACO,consulta externa,nuevas en personas de 5 a 14 anos,2007-06-01,49,49,49,49,98
YACUIBA,consulta externa,nuevas en personas de 5 a 14 anos,2007-06-01,1254,1332,1254,1332,2586
YAMPARAEZ,consulta externa,nuevas en personas de 5 a 14 anos,2007-06-01,53,44,53,44,97
YANACACHI,consulta externa,nuevas en personas de 5 a 14 anos,2007-06-01,21,30,21,30,51
YAPACANI,consulta externa,nuevas en personas de 5 a 14 anos,2007-06-01,260,254,260,254,514
YOCALLA,consulta externa,nuevas en personas de 5 a 14 anos,2007-06-01,41,45,41,45,86
YOTALA,consulta externa,nuevas en personas de 5 a 14 anos,2007-06-01,119,123,119,123,242
YUNCHARA,consulta externa,nuevas en personas de 5 a 14 anos,2007-06-01,106,143,106,143,249
ZUDAÑEZ,consulta externa,nuevas en personas de 5 a 14 anos,2007-06-01,51,32,51,32,83
ACACIO,consulta externa,nuevas en personas de 5 a 14 anos,2007-07-01,33,45,33,45,78
ACHACACHI,consulta externa,nuevas en personas de 5 a 14 anos,2007-07-01,89,89,89,89,178
ACHOCALLA,consulta externa,nuevas en personas de 5 a 14 anos,2007-07-01,67,55,67,55,122
AIQUILE,consulta externa,nuevas en personas de 5 a 14 anos,2007-07-01,89,110,89,110,199
ALALAY,consulta externa,nuevas en personas de 5 a 14 anos,2007-07-01,1,3,1,3,4
ALCALA,consulta externa,nuevas en personas de 5 a 14 anos,2007-07-01,102,125,102,125,227
ANCORAIMES,consulta externa,nuevas en personas de 5 a 14 anos,2007-07-01,27,25,27,25,52
ANDAMARCA,consulta externa,nuevas en personas de 5 a 14 anos,2007-07-01,21,18,21,18,39
ANTEQUERA,consulta externa,nuevas en personas de 5 a 14 anos,2007-07-01,1,2,1,2,3
ANZALDO,consulta externa,nuevas en personas de 5 a 14 anos,2007-07-01,27,33,27,33,60
APOLO,consulta externa,nuevas en personas de 5 a 14 anos,2007-07-01,65,58,65,58,123
ARAMPAMPA,consulta externa,nuevas en personas de 5 a 14 anos,2007-07-01,19,17,19,17,36
ARANI,consulta externa,nuevas en personas de 5 a 14 anos,2007-07-01,11,14,11,14,25
ARBIETO,consulta externa,nuevas en personas de 5 a 14 anos,2007-07-01,18,14,18,14,32
ARQUE,consulta externa,nuevas en personas de 5 a 14 anos,2007-07-01,13,14,13,14,27
ASCENCION DE GUARAYOS,consulta externa,nuevas en personas de 5 a 14 anos,2007-07-01,154,141,154,141,295
ATOCHA,consulta externa,nuevas en personas de 5 a 14 anos,2007-07-01,185,237,185,237,422
AUCAPATA,consulta externa,nuevas en personas de 5 a 14 anos,2007-07-01,37,34,37,34,71
AYATA,consulta externa,nuevas en personas de 5 a 14 anos,2007-07-01,35,39,35,39,74
AYO AYO,consulta externa,nuevas en personas de 5 a 14 anos,2007-07-01,17,23,17,23,40
AYOPAYA (V. DE INDEPENDENCIA),consulta externa,nuevas en personas de 5 a 14 anos,2007-07-01,63,66,63,66,129
AZURDUY,consulta externa,nuevas en personas de 5 a 14 anos,2007-07-01,56,71,56,71,127
BATALLAS,consulta externa,nuevas en personas de 5 a 14 anos,2007-07-01,25,19,25,19,44
BAURES,consulta externa,nuevas en personas de 5 a 14 anos,2007-07-01,28,33,28,33,61
BELEN DE ANDAMARCA,consulta externa,nuevas en personas de 5 a 14 anos,2007-07-01,4,4,4,4,8
BELEN DE URMIRI,consulta externa,nuevas en personas de 5 a 14 anos,2007-07-01,15,14,15,14,29
BELLA FLOR,consulta externa,nuevas en personas de 5 a 14 anos,2007-07-01,24,14,24,14,38
BERMEJO,consulta externa,nuevas en personas de 5 a 14 anos,2007-07-01,892,922,892,922,1814
BETANZOS,consulta externa,nuevas en personas de 5 a 14 anos,2007-07-01,122,145,122,145,267
BOLIVAR,consulta externa,nuevas en personas de 5 a 14 anos,2007-07-01,27,17,27,17,44
BOLPEBRA,consulta externa,nuevas en personas de 5 a 14 anos,2007-07-01,12,22,12,22,34
BOYUIBE,consulta externa,nuevas en personas de 5 a 14 anos,2007-07-01,28,43,28,43,71
BUENA VISTA,consulta externa,nuevas en personas de 5 a 14 anos,2007-07-01,81,88,81,88,169
CABEZAS,consulta externa,nuevas en personas de 5 a 14 anos,2007-07-01,95,106,95,106,201
CAIROMA,consulta externa,nuevas en personas de 5 a 14 anos,2007-07-01,48,52,48,52,100
"CAIZA ""D""",consulta externa,nuevas en personas de 5 a 14 anos,2007-07-01,42,40,42,40,82
CAJUATA,consulta externa,nuevas en personas de 5 a 14 anos,2007-07-01,71,67,71,67,138
CALACOTO,consulta externa,nuevas en personas de 5 a 14 anos,2007-07-01,42,22,42,22,64
CALAMARCA,consulta externa,nuevas en personas de 5 a 14 anos,2007-07-01,36,31,36,31,67
CAMARGO,consulta externa,nuevas en personas de 5 a 14 anos,2007-07-01,136,176,136,176,312
CAMATAQUI (C. VILLA ABECIA),consulta externa,nuevas en personas de 5 a 14 anos,2007-07-01,41,35,41,35,76
CAMIRI,consulta externa,nuevas en personas de 5 a 14 anos,2007-07-01,403,446,403,446,849
CAPINOTA,consulta externa,nuevas en personas de 5 a 14 anos,2007-07-01,56,52,56,52,108
CAQUIAVIRI,consulta externa,nuevas en personas de 5 a 14 anos,2007-07-01,21,17,21,17,38
CARACOLLO,consulta externa,nuevas en personas de 5 a 14 anos,2007-07-01,72,64,72,64,136
CARANAVI,consulta externa,nuevas en personas de 5 a 14 anos,2007-07-01,381,414,381,414,795
CARAPARI,consulta externa,nuevas en personas de 5 a 14 anos,2007-07-01,197,188,197,188,385
CARIPUYO,consulta externa,nuevas en personas de 5 a 14 anos,2007-07-01,16,17,16,17,33
CARMEN RIVERO TORREZ,consulta externa,nuevas en personas de 5 a 14 anos,2007-07-01,12,16,12,16,28
CATACORA,consulta externa,nuevas en personas de 5 a 14 anos,2007-07-01,9,2,9,2,11
CHACARILLA,consulta externa,nuevas en personas de 5 a 14 anos,2007-07-01,2,0,2,0,2
CHALLAPATA,consulta externa,nuevas en personas de 5 a 14 anos,2007-07-01,78,71,78,71,149
CHAQUI,consulta externa,nuevas en personas de 5 a 14 anos,2007-07-01,22,26,22,26,48
CHARAGUA,consulta externa,nuevas en personas de 5 a 14 anos,2007-07-01,117,94,117,94,211
CHARAÑA,consulta externa,nuevas en personas de 5 a 14 anos,2007-07-01,14,16,14,16,30
CHAYANTA,consulta externa,nuevas en personas de 5 a 14 anos,2007-07-01,51,60,51,60,111
CHIMORE,consulta externa,nuevas en personas de 5 a 14 anos,2007-07-01,107,98,107,98,205
CHIPAYA,consulta externa,nuevas en personas de 5 a 14 anos,2007-07-01,9,21,9,21,30
CHOQUE COTA,consulta externa,nuevas en personas de 5 a 14 anos,2007-07-01,1,2,1,2,3
CHULUMANI (V. DE LA LIBERTAD),consulta externa,nuevas en personas de 5 a 14 anos,2007-07-01,92,89,92,89,181
CHUMA,consulta externa,nuevas en personas de 5 a 14 anos,2007-07-01,64,57,64,57,121
CLIZA,consulta externa,nuevas en personas de 5 a 14 anos,2007-07-01,31,36,31,36,67
COBIJA,consulta externa,nuevas en personas de 5 a 14 anos,2007-07-01,271,315,271,315,586
COCHABAMBA,consulta externa,nuevas en personas de 5 a 14 anos,2007-07-01,4999,4670,4999,4670,9669
COIPASA,consulta externa,nuevas en personas de 5 a 14 anos,2007-07-01,4,1,4,1,5
COLCAPIRHUA,consulta externa,nuevas en personas de 5 a 14 anos,2007-07-01,177,144,177,144,321
"COLCHA ""K""",consulta externa,nuevas en personas de 5 a 14 anos,2007-07-01,34,48,34,48,82
COLLANA,consulta externa,nuevas en personas de 5 a 14 anos,2007-07-01,7,6,7,6,13
COLOMI,consulta externa,nuevas en personas de 5 a 14 anos,2007-07-01,36,28,36,28,64
COLPA BELGICA,consulta externa,nuevas en personas de 5 a 14 anos,2007-07-01,28,22,28,22,50
COLQUECHACA,consulta externa,nuevas en personas de 5 a 14 anos,2007-07-01,181,157,181,157,338
COLQUENCHA,consulta externa,nuevas en personas de 5 a 14 anos,2007-07-01,19,21,19,21,40
COLQUIRI,consulta externa,nuevas en personas de 5 a 14 anos,2007-07-01,45,47,45,47,92
COMANCHE,consulta externa,nuevas en personas de 5 a 14 anos,2007-07-01,18,11,18,11,29
COMARAPA,consulta externa,nuevas en personas de 5 a 14 anos,2007-07-01,90,91,90,91,181
COMBAYA,consulta externa,nuevas en personas de 5 a 14 anos,2007-07-01,5,2,5,2,7
CONCEPCION,consulta externa,nuevas en personas de 5 a 14 anos,2007-07-01,37,39,37,39,76
COPACABANA,consulta externa,nuevas en personas de 5 a 14 anos,2007-07-01,36,36,36,36,72
CORIPATA,consulta externa,nuevas en personas de 5 a 14 anos,2007-07-01,51,49,51,49,100
CORO CORO,consulta externa,nuevas en personas de 5 a 14 anos,2007-07-01,10,20,10,20,30
COROICO,consulta externa,nuevas en personas de 5 a 14 anos,2007-07-01,111,83,111,83,194
CORQUE,consulta externa,nuevas en personas de 5 a 14 anos,2007-07-01,27,47,27,47,74
COTAGAITA,consulta externa,nuevas en personas de 5 a 14 anos,2007-07-01,252,263,252,263,515
COTOCA,consulta externa,nuevas en personas de 5 a 14 anos,2007-07-01,340,341,340,341,681
CUATRO CAÑADAS,consulta externa,nuevas en personas de 5 a 14 anos,2007-07-01,120,128,120,128,248
CUCHUMUELA (V. G. VILLARROEL),consulta externa,nuevas en personas de 5 a 14 anos,2007-07-01,2,2,2,2,4
CUEVO,consulta externa,nuevas en personas de 5 a 14 anos,2007-07-01,43,40,43,40,83
CULPINA,consulta externa,nuevas en personas de 5 a 14 anos,2007-07-01,114,105,114,105,219
CURAHUARA DE CARANGAS,consulta externa,nuevas en personas de 5 a 14 anos,2007-07-01,15,28,15,28,43
CURVA,consulta externa,nuevas en personas de 5 a 14 anos,2007-07-01,9,13,9,13,22
DESAGUADERO,consulta externa,nuevas en personas de 5 a 14 anos,2007-07-01,12,12,12,12,24
EL ALTO,consulta externa,nuevas en personas de 5 a 14 anos,2007-07-01,4178,4036,4178,4036,8214
EL CHORO,consulta externa,nuevas en personas de 5 a 14 anos,2007-07-01,37,21,37,21,58
EL PUENTE(STC),consulta externa,nuevas en personas de 5 a 14 anos,2007-07-01,75,94,75,94,169
EL PUENTE(TJA),consulta externa,nuevas en personas de 5 a 14 anos,2007-07-01,160,205,160,205,365
EL TORNO,consulta externa,nuevas en personas de 5 a 14 anos,2007-07-01,297,308,297,308,605
EL VILLAR,consulta externa,nuevas en personas de 5 a 14 anos,2007-07-01,33,29,33,29,62
ENTRE RIOS,consulta externa,nuevas en personas de 5 a 14 anos,2007-07-01,374,401,374,401,775
ENTRE RIOS,consulta externa,nuevas en personas de 5 a 14 anos,2007-07-01,53,53,53,53,106
ESCARA,consulta externa,nuevas en personas de 5 a 14 anos,2007-07-01,0,1,0,1,1
ESMERALDA,consulta externa,nuevas en personas de 5 a 14 anos,2007-07-01,1,1,1,1,2
EUCALIPTUS,consulta externa,nuevas en personas de 5 a 14 anos,2007-07-01,34,24,34,24,58
EUREKA (SANTOS MERCADO),consulta externa,nuevas en personas de 5 a 14 anos,2007-07-01,1,3,1,3,4
EXALTACION,consulta externa,nuevas en personas de 5 a 14 anos,2007-07-01,21,24,21,24,45
FERNANDEZ ALONSO,consulta externa,nuevas en personas de 5 a 14 anos,2007-07-01,54,63,54,63,117
FILADELFIA,consulta externa,nuevas en personas de 5 a 14 anos,2007-07-01,121,125,121,125,246
GENERAL SAAVEDRA,consulta externa,nuevas en personas de 5 a 14 anos,2007-07-01,78,93,78,93,171
GRAL. J.J. PEREZ (CHARAZANI),consulta externa,nuevas en personas de 5 a 14 anos,2007-07-01,47,47,47,47,94
GUANAY,consulta externa,nuevas en personas de 5 a 14 anos,2007-07-01,60,44,60,44,104
GUAQUI,consulta externa,nuevas en personas de 5 a 14 anos,2007-07-01,16,24,16,24,40
GUAYARAMERIN,consulta externa,nuevas en personas de 5 a 14 anos,2007-07-01,323,339,323,339,662
GUTIERREZ,consulta externa,nuevas en personas de 5 a 14 anos,2007-07-01,96,145,96,145,241
HUACARETA,consulta externa,nuevas en personas de 5 a 14 anos,2007-07-01,92,113,92,113,205
HUACAYA (VILLA DE HUACAYA),consulta externa,nuevas en personas de 5 a 14 anos,2007-07-01,21,14,21,14,35
HUACHACALLA,consulta externa,nuevas en personas de 5 a 14 anos,2007-07-01,10,8,10,8,18
HUANUNI,consulta externa,nuevas en personas de 5 a 14 anos,2007-07-01,151,125,151,125,276
HUARACAJE,consulta externa,nuevas en personas de 5 a 14 anos,2007-07-01,37,49,37,49,86
HUAYLLAMARCA,consulta externa,nuevas en personas de 5 a 14 anos,2007-07-01,11,18,11,18,29
ICHOCA,consulta externa,nuevas en personas de 5 a 14 anos,2007-07-01,12,10,12,10,22
ICLA,consulta externa,nuevas en personas de 5 a 14 anos,2007-07-01,55,60,55,60,115
INCAHUASI,consulta externa,nuevas en personas de 5 a 14 anos,2007-07-01,107,138,107,138,245
INGAVI (HUMAITA),consulta externa,nuevas en personas de 5 a 14 anos,2007-07-01,2,4,2,4,6
INQUISIVI,consulta externa,nuevas en personas de 5 a 14 anos,2007-07-01,31,42,31,42,73
IRUPANA (VILLA DE LANZA),consulta externa,nuevas en personas de 5 a 14 anos,2007-07-01,73,81,73,81,154
IXIAMAS,consulta externa,nuevas en personas de 5 a 14 anos,2007-07-01,42,37,42,37,79
JESUS DE MACHACA,consulta externa,nuevas en personas de 5 a 14 anos,2007-07-01,23,26,23,26,49
LA ASUNTA,consulta externa,nuevas en personas de 5 a 14 anos,2007-07-01,182,167,182,167,349
LA GUARDIA,consulta externa,nuevas en personas de 5 a 14 anos,2007-07-01,173,139,173,139,312
LA PAZ,consulta externa,nuevas en personas de 5 a 14 anos,2007-07-01,6355,6586,6355,6586,12941
LA RIVERA,consulta externa,nuevas en personas de 5 a 14 anos,2007-07-01,0,3,0,3,3
LAGUNILLAS,consulta externa,nuevas en personas de 5 a 14 anos,2007-07-01,65,64,65,64,129
LAJA,consulta externa,nuevas en personas de 5 a 14 anos,2007-07-01,20,30,20,30,50
LAS CARRERAS,consulta externa,nuevas en personas de 5 a 14 anos,2007-07-01,42,28,42,28,70
LICOMA PAMPA,consulta externa,nuevas en personas de 5 a 14 anos,2007-07-01,25,27,25,27,52
LLALLAGUA,consulta externa,nuevas en personas de 5 a 14 anos,2007-07-01,190,191,190,191,381
LLICA,consulta externa,nuevas en personas de 5 a 14 anos,2007-07-01,27,28,27,28,55
LORETO,consulta externa,nuevas en personas de 5 a 14 anos,2007-07-01,15,16,15,16,31
LURIBAY,consulta externa,nuevas en personas de 5 a 14 anos,2007-07-01,48,42,48,42,90
MACHACAMARCA,consulta externa,nuevas en personas de 5 a 14 anos,2007-07-01,19,18,19,18,37
MACHARETI,consulta externa,nuevas en personas de 5 a 14 anos,2007-07-01,108,146,108,146,254
MAGDALENA,consulta externa,nuevas en personas de 5 a 14 anos,2007-07-01,39,48,39,48,87
MAIRANA,consulta externa,nuevas en personas de 5 a 14 anos,2007-07-01,37,32,37,32,69
MALLA,consulta externa,nuevas en personas de 5 a 14 anos,2007-07-01,43,28,43,28,71
MAPIRI,consulta externa,nuevas en personas de 5 a 14 anos,2007-07-01,49,29,49,29,78
MECAPACA,consulta externa,nuevas en personas de 5 a 14 anos,2007-07-01,70,62,70,62,132
MINEROS,consulta externa,nuevas en personas de 5 a 14 anos,2007-07-01,41,46,41,46,87
MIZQUE,consulta externa,nuevas en personas de 5 a 14 anos,2007-07-01,51,58,51,58,109
MOCOMOCO,consulta externa,nuevas en personas de 5 a 14 anos,2007-07-01,57,49,57,49,106
MOJINETE,consulta externa,nuevas en personas de 5 a 14 anos,2007-07-01,4,11,4,11,15
MOJOCOYA,consulta externa,nuevas en personas de 5 a 14 anos,2007-07-01,47,33,47,33,80
MONTEAGUDO,consulta externa,nuevas en personas de 5 a 14 anos,2007-07-01,366,355,366,355,721
MONTERO,consulta externa,nuevas en personas de 5 a 14 anos,2007-07-01,978,1127,978,1127,2105
MORO MORO,consulta externa,nuevas en personas de 5 a 14 anos,2007-07-01,26,19,26,19,45
MOROCHATA,consulta externa,nuevas en personas de 5 a 14 anos,2007-07-01,31,49,31,49,80
NACEBE (SANTA ROSA DEL ABUNA),consulta externa,nuevas en personas de 5 a 14 anos,2007-07-01,60,44,60,44,104
NAZACARA DE PACAJES,consulta externa,nuevas en personas de 5 a 14 anos,2007-07-01,1,2,1,2,3
NUEVO MANOA (NUEVA ESPERANZA),consulta externa,nuevas en personas de 5 a 14 anos,2007-07-01,40,36,40,36,76
OCURI,consulta externa,nuevas en personas de 5 a 14 anos,2007-07-01,56,59,56,59,115
OKINAWA,consulta externa,nuevas en personas de 5 a 14 anos,2007-07-01,114,125,114,125,239
OMEREQUE,consulta externa,nuevas en personas de 5 a 14 anos,2007-07-01,39,31,39,31,70
ORURO,consulta externa,nuevas en personas de 5 a 14 anos,2007-07-01,1739,1832,1739,1832,3571
PADCAYA,consulta externa,nuevas en personas de 5 a 14 anos,2007-07-01,468,502,468,502,970
PADILLA,consulta externa,nuevas en personas de 5 a 14 anos,2007-07-01,133,144,133,144,277
PAILON,consulta externa,nuevas en personas de 5 a 14 anos,2007-07-01,37,49,37,49,86
PALCA,consulta externa,nuevas en personas de 5 a 14 anos,2007-07-01,26,44,26,44,70
PALOS BLANCOS,consulta externa,nuevas en personas de 5 a 14 anos,2007-07-01,127,122,127,122,249
PAMPA AULLAGAS,consulta externa,nuevas en personas de 5 a 14 anos,2007-07-01,13,13,13,13,26
PAMPA GRANDE,consulta externa,nuevas en personas de 5 a 14 anos,2007-07-01,29,22,29,22,51
PAPEL PAMPA,consulta externa,nuevas en personas de 5 a 14 anos,2007-07-01,27,30,27,30,57
PASORAPA,consulta externa,nuevas en personas de 5 a 14 anos,2007-07-01,17,20,17,20,37
PATACAMAYA,consulta externa,nuevas en personas de 5 a 14 anos,2007-07-01,44,36,44,36,80
PAZÑA,consulta externa,nuevas en personas de 5 a 14 anos,2007-07-01,40,27,40,27,67
PELECHUCO,consulta externa,nuevas en personas de 5 a 14 anos,2007-07-01,22,32,22,32,54
POCOATA,consulta externa,nuevas en personas de 5 a 14 anos,2007-07-01,81,71,81,71,152
POCONA,consulta externa,nuevas en personas de 5 a 14 anos,2007-07-01,45,54,45,54,99
POJO (CBBA),consulta externa,nuevas en personas de 5 a 14 anos,2007-07-01,17,19,17,19,36
POOPO,consulta externa,nuevas en personas de 5 a 14 anos,2007-07-01,20,24,20,24,44
PORCO,consulta externa,nuevas en personas de 5 a 14 anos,2007-07-01,31,35,31,35,66
POROMA,consulta externa,nuevas en personas de 5 a 14 anos,2007-07-01,103,187,103,187,290
PORONGO,consulta externa,nuevas en personas de 5 a 14 anos,2007-07-01,47,40,47,40,87
PORTACHUELO,consulta externa,nuevas en personas de 5 a 14 anos,2007-07-01,121,110,121,110,231
PORVENIR,consulta externa,nuevas en personas de 5 a 14 anos,2007-07-01,24,31,24,31,55
POSTRER VALLE,consulta externa,nuevas en personas de 5 a 14 anos,2007-07-01,19,20,19,20,39
POTOSI,consulta externa,nuevas en personas de 5 a 14 anos,2007-07-01,940,1145,940,1145,2085
PRESTO,consulta externa,nuevas en personas de 5 a 14 anos,2007-07-01,28,35,28,35,63
PUCARA,consulta externa,nuevas en personas de 5 a 14 anos,2007-07-01,16,19,16,19,35
PUCARANI,consulta externa,nuevas en personas de 5 a 14 anos,2007-07-01,43,54,43,54,97
PUERTO ACOSTA,consulta externa,nuevas en personas de 5 a 14 anos,2007-07-01,62,77,62,77,139
PUERTO CARABUCO,consulta externa,nuevas en personas de 5 a 14 anos,2007-07-01,58,60,58,60,118
PUERTO GONZALO MORENO,consulta externa,nuevas en personas de 5 a 14 anos,2007-07-01,31,43,31,43,74
PUERTO PEREZ,consulta externa,nuevas en personas de 5 a 14 anos,2007-07-01,11,11,11,11,22
PUERTO QUIJARRO,consulta externa,nuevas en personas de 5 a 14 anos,2007-07-01,121,123,121,123,244
PUERTO RICO,consulta externa,nuevas en personas de 5 a 14 anos,2007-07-01,103,98,103,98,201
PUERTO SILES,consulta externa,nuevas en personas de 5 a 14 anos,2007-07-01,1,5,1,5,6
PUERTO SUAREZ,consulta externa,nuevas en personas de 5 a 14 anos,2007-07-01,101,100,101,100,201
PUERTO VILLARROEL,consulta externa,nuevas en personas de 5 a 14 anos,2007-07-01,194,110,194,110,304
PUNA,consulta externa,nuevas en personas de 5 a 14 anos,2007-07-01,153,134,153,134,287
PUNATA,consulta externa,nuevas en personas de 5 a 14 anos,2007-07-01,105,103,105,103,208
QUIABAYA,consulta externa,nuevas en personas de 5 a 14 anos,2007-07-01,4,7,4,7,11
QUILLACOLLO,consulta externa,nuevas en personas de 5 a 14 anos,2007-07-01,680,367,680,367,1047
QUIME,consulta externa,nuevas en personas de 5 a 14 anos,2007-07-01,51,47,51,47,98
QUIRUSILLAS,consulta externa,nuevas en personas de 5 a 14 anos,2007-07-01,25,21,25,21,46
RAVELO,consulta externa,nuevas en personas de 5 a 14 anos,2007-07-01,72,65,72,65,137
REYES,consulta externa,nuevas en personas de 5 a 14 anos,2007-07-01,49,54,49,54,103
RIBERALTA,consulta externa,nuevas en personas de 5 a 14 anos,2007-07-01,679,658,679,658,1337
ROBORE,consulta externa,nuevas en personas de 5 a 14 anos,2007-07-01,158,121,158,121,279
RURRENABAQUE,consulta externa,nuevas en personas de 5 a 14 anos,2007-07-01,96,75,96,75,171
SABAYA,consulta externa,nuevas en personas de 5 a 14 anos,2007-07-01,18,17,18,17,35
SACABA,consulta externa,nuevas en personas de 5 a 14 anos,2007-07-01,323,332,323,332,655
SACABAMBA,consulta externa,nuevas en personas de 5 a 14 anos,2007-07-01,17,12,17,12,29
SACACA,consulta externa,nuevas en personas de 5 a 14 anos,2007-07-01,94,72,94,72,166
SAIPINA,consulta externa,nuevas en personas de 5 a 14 anos,2007-07-01,43,55,43,55,98
SALINAS DE GARCI MENDOZA,consulta externa,nuevas en personas de 5 a 14 anos,2007-07-01,44,77,44,77,121
SAMAIPATA,consulta externa,nuevas en personas de 5 a 14 anos,2007-07-01,33,31,33,31,64
SAN AGUSTIN,consulta externa,nuevas en personas de 5 a 14 anos,2007-07-01,7,3,7,3,10
SAN ANDRES,consulta externa,nuevas en personas de 5 a 14 anos,2007-07-01,77,46,77,46,123
SAN ANDRES DE MACHACA,consulta externa,nuevas en personas de 5 a 14 anos,2007-07-01,17,18,17,18,35
SAN ANTONIO DE ESMORUCO,consulta externa,nuevas en personas de 5 a 14 anos,2007-07-01,6,7,6,7,13
SAN ANTONIO DE LOMERIO,consulta externa,nuevas en personas de 5 a 14 anos,2007-07-01,16,17,16,17,33
SAN BENITO,consulta externa,nuevas en personas de 5 a 14 anos,2007-07-01,33,30,33,30,63
SAN BORJA,consulta externa,nuevas en personas de 5 a 14 anos,2007-07-01,158,163,158,163,321
SAN BUENA VENTURA,consulta externa,nuevas en personas de 5 a 14 anos,2007-07-01,74,90,74,90,164
SAN CARLOS,consulta externa,nuevas en personas de 5 a 14 anos,2007-07-01,158,194,158,194,352
SAN IGNACIO,consulta externa,nuevas en personas de 5 a 14 anos,2007-07-01,86,119,86,119,205
SAN IGNACIO DE VELASCO,consulta externa,nuevas en personas de 5 a 14 anos,2007-07-01,235,268,235,268,503
SAN JAVIER(BNI),consulta externa,nuevas en personas de 5 a 14 anos,2007-07-01,36,28,36,28,64
SAN JAVIER(STC),consulta externa,nuevas en personas de 5 a 14 anos,2007-07-01,64,55,64,55,119
SAN JOAQUIN,consulta externa,nuevas en personas de 5 a 14 anos,2007-07-01,109,176,109,176,285
SAN JOSE DE CHIQUITOS,consulta externa,nuevas en personas de 5 a 14 anos,2007-07-01,78,99,78,99,177
SAN JUAN DE YAPACANI,consulta externa,nuevas en personas de 5 a 14 anos,2007-07-01,78,93,78,93,171
SAN JULIAN,consulta externa,nuevas en personas de 5 a 14 anos,2007-07-01,212,263,212,263,475
SAN LORENZO(PND),consulta externa,nuevas en personas de 5 a 14 anos,2007-07-01,222,169,222,169,391
SAN LORENZO(TJA),consulta externa,nuevas en personas de 5 a 14 anos,2007-07-01,427,460,427,460,887
SAN LUCAS,consulta externa,nuevas en personas de 5 a 14 anos,2007-07-01,255,334,255,334,589
SAN MATIAS,consulta externa,nuevas en personas de 5 a 14 anos,2007-07-01,90,77,90,77,167
SAN MIGUEL DE VELASCO,consulta externa,nuevas en personas de 5 a 14 anos,2007-07-01,36,38,36,38,74
SAN PABLO DE LIPEZ,consulta externa,nuevas en personas de 5 a 14 anos,2007-07-01,21,31,21,31,52
SAN PEDRO,consulta externa,nuevas en personas de 5 a 14 anos,2007-07-01,142,171,142,171,313
SAN PEDRO DE BUENA VISTA,consulta externa,nuevas en personas de 5 a 14 anos,2007-07-01,73,71,73,71,144
SAN PEDRO DE CURAHUARA,consulta externa,nuevas en personas de 5 a 14 anos,2007-07-01,54,50,54,50,104
SAN PEDRO DE QUEMES,consulta externa,nuevas en personas de 5 a 14 anos,2007-07-01,4,1,4,1,5
SAN PEDRO DE TIQUINA,consulta externa,nuevas en personas de 5 a 14 anos,2007-07-01,7,6,7,6,13
SAN PEDRO(PND),consulta externa,nuevas en personas de 5 a 14 anos,2007-07-01,75,57,75,57,132
SAN RAFAEL,consulta externa,nuevas en personas de 5 a 14 anos,2007-07-01,39,10,39,10,49
SAN RAMON,consulta externa,nuevas en personas de 5 a 14 anos,2007-07-01,14,22,14,22,36
SAN RAMON,consulta externa,nuevas en personas de 5 a 14 anos,2007-07-01,250,222,250,222,472
SANTA ANA,consulta externa,nuevas en personas de 5 a 14 anos,2007-07-01,161,210,161,210,371
SANTA CRUZ DE LA SIERRA,consulta externa,nuevas en personas de 5 a 14 anos,2007-07-01,8440,8920,8440,8920,17360
SANTA ROSA,consulta externa,nuevas en personas de 5 a 14 anos,2007-07-01,79,82,79,82,161
SANTA ROSA DEL SARA,consulta externa,nuevas en personas de 5 a 14 anos,2007-07-01,92,96,92,96,188
SANTIAGO DE CALLAPA,consulta externa,nuevas en personas de 5 a 14 anos,2007-07-01,30,17,30,17,47
SANTIAGO DE HUARI,consulta externa,nuevas en personas de 5 a 14 anos,2007-07-01,29,23,29,23,52
SANTIAGO DE MACHACA,consulta externa,nuevas en personas de 5 a 14 anos,2007-07-01,6,7,6,7,13
SANTIVAÑES,consulta externa,nuevas en personas de 5 a 14 anos,2007-07-01,7,18,7,18,25
SANTUARIO DE QUILLACAS,consulta externa,nuevas en personas de 5 a 14 anos,2007-07-01,7,7,7,7,14
SAPAHAQUI,consulta externa,nuevas en personas de 5 a 14 anos,2007-07-01,60,32,60,32,92
SENA,consulta externa,nuevas en personas de 5 a 14 anos,2007-07-01,12,10,12,10,22
SICA SICA (VILLA AROMA),consulta externa,nuevas en personas de 5 a 14 anos,2007-07-01,43,33,43,33,76
SICAYA,consulta externa,nuevas en personas de 5 a 14 anos,2007-07-01,5,2,5,2,7
SIPE SIPE,consulta externa,nuevas en personas de 5 a 14 anos,2007-07-01,62,55,62,55,117
SOPACHUY,consulta externa,nuevas en personas de 5 a 14 anos,2007-07-01,38,43,38,43,81
SORACACHI,consulta externa,nuevas en personas de 5 a 14 anos,2007-07-01,24,27,24,27,51
SORATA,consulta externa,nuevas en personas de 5 a 14 anos,2007-07-01,92,56,92,56,148
SUCRE,consulta externa,nuevas en personas de 5 a 14 anos,2007-07-01,2713,2722,2713,2722,5435
TACACHI,consulta externa,nuevas en personas de 5 a 14 anos,2007-07-01,2,3,2,3,5
TACACOMA,consulta externa,nuevas en personas de 5 a 14 anos,2007-07-01,17,26,17,26,43
TACOBAMBA,consulta externa,nuevas en personas de 5 a 14 anos,2007-07-01,21,28,21,28,49
TACOPAYA,consulta externa,nuevas en personas de 5 a 14 anos,2007-07-01,21,28,21,28,49
TAHUA,consulta externa,nuevas en personas de 5 a 14 anos,2007-07-01,2,10,2,10,12
TAPACARI,consulta externa,nuevas en personas de 5 a 14 anos,2007-07-01,60,48,60,48,108
TARABUCO,consulta externa,nuevas en personas de 5 a 14 anos,2007-07-01,47,43,47,43,90
TARACO,consulta externa,nuevas en personas de 5 a 14 anos,2007-07-01,7,9,7,9,16
TARATA,consulta externa,nuevas en personas de 5 a 14 anos,2007-07-01,22,33,22,33,55
TARIJA,consulta externa,nuevas en personas de 5 a 14 anos,2007-07-01,2533,2717,2533,2717,5250
TARVITA,consulta externa,nuevas en personas de 5 a 14 anos,2007-07-01,109,122,109,122,231
TEOPONTE,consulta externa,nuevas en personas de 5 a 14 anos,2007-07-01,28,25,28,25,53
TIAWANACU,consulta externa,nuevas en personas de 5 a 14 anos,2007-07-01,34,24,34,24,58
TINGUIPAYA,consulta externa,nuevas en personas de 5 a 14 anos,2007-07-01,54,65,54,65,119
TIPUANI,consulta externa,nuevas en personas de 5 a 14 anos,2007-07-01,31,34,31,34,65
TIQUIPAYA,consulta externa,nuevas en personas de 5 a 14 anos,2007-07-01,227,281,227,281,508
TIRAQUE (CBBA),consulta externa,nuevas en personas de 5 a 14 anos,2007-07-01,126,150,126,150,276
TITO YUPANQUI (PARQUIPUJIO),consulta externa,nuevas en personas de 5 a 14 anos,2007-07-01,5,13,5,13,18
TOCO,consulta externa,nuevas en personas de 5 a 14 anos,2007-07-01,17,19,17,19,36
TODOS SANTOS,consulta externa,nuevas en personas de 5 a 14 anos,2007-07-01,6,2,6,2,8
TOLATA,consulta externa,nuevas en personas de 5 a 14 anos,2007-07-01,19,12,19,12,31
TOLEDO,consulta externa,nuevas en personas de 5 a 14 anos,2007-07-01,50,46,50,46,96
TOMAVE,consulta externa,nuevas en personas de 5 a 14 anos,2007-07-01,64,59,64,59,123
TOMINA,consulta externa,nuevas en personas de 5 a 14 anos,2007-07-01,54,46,54,46,100
TORO TORO,consulta externa,nuevas en personas de 5 a 14 anos,2007-07-01,49,57,49,57,106
TOTORA(CBBA),consulta externa,nuevas en personas de 5 a 14 anos,2007-07-01,20,27,20,27,47
TOTORA(ORR),consulta externa,nuevas en personas de 5 a 14 anos,2007-07-01,31,48,31,48,79
TRIGAL,consulta externa,nuevas en personas de 5 a 14 anos,2007-07-01,18,23,18,23,41
TRINIDAD,consulta externa,nuevas en personas de 5 a 14 anos,2007-07-01,704,1190,704,1190,1894
TUPIZA,consulta externa,nuevas en personas de 5 a 14 anos,2007-07-01,639,841,639,841,1480
TURCO,consulta externa,nuevas en personas de 5 a 14 anos,2007-07-01,49,33,49,33,82
UMALA,consulta externa,nuevas en personas de 5 a 14 anos,2007-07-01,9,10,9,10,19
UNCIA,consulta externa,nuevas en personas de 5 a 14 anos,2007-07-01,161,178,161,178,339
URIONDO (A. CONCEPCION),consulta externa,nuevas en personas de 5 a 14 anos,2007-07-01,250,249,250,249,499
URUBICHA,consulta externa,nuevas en personas de 5 a 14 anos,2007-07-01,20,34,20,34,54
UYUNI,consulta externa,nuevas en personas de 5 a 14 anos,2007-07-01,100,105,100,105,205
VACAS,consulta externa,nuevas en personas de 5 a 14 anos,2007-07-01,51,37,51,37,88
VALLEGRANDE,consulta externa,nuevas en personas de 5 a 14 anos,2007-07-01,136,142,136,142,278
VIACHA,consulta externa,nuevas en personas de 5 a 14 anos,2007-07-01,148,155,148,155,303
VILA VILA,consulta externa,nuevas en personas de 5 a 14 anos,2007-07-01,16,17,16,17,33
VILLA MONTES,consulta externa,nuevas en personas de 5 a 14 anos,2007-07-01,389,452,389,452,841
VILLA NUEVA (LOMA ALTA),consulta externa,nuevas en personas de 5 a 14 anos,2007-07-01,48,46,48,46,94
VILLA RIVERO,consulta externa,nuevas en personas de 5 a 14 anos,2007-07-01,7,19,7,19,26
VILLA SERRANO,consulta externa,nuevas en personas de 5 a 14 anos,2007-07-01,93,82,93,82,175
VILLA TUNARI,consulta externa,nuevas en personas de 5 a 14 anos,2007-07-01,282,271,282,271,553
VILLA VACA GUZMAN (MUYUPAMPA),consulta externa,nuevas en personas de 5 a 14 anos,2007-07-01,82,93,82,93,175
VILLAZON,consulta externa,nuevas en personas de 5 a 14 anos,2007-07-01,167,200,167,200,367
VINTO,consulta externa,nuevas en personas de 5 a 14 anos,2007-07-01,95,88,95,88,183
VITICHI,consulta externa,nuevas en personas de 5 a 14 anos,2007-07-01,43,39,43,39,82
WALDO BALLIVIAN,consulta externa,nuevas en personas de 5 a 14 anos,2007-07-01,2,1,2,1,3
WARNES,consulta externa,nuevas en personas de 5 a 14 anos,2007-07-01,193,193,193,193,386
YACO,consulta externa,nuevas en personas de 5 a 14 anos,2007-07-01,22,29,22,29,51
YACUIBA,consulta externa,nuevas en personas de 5 a 14 anos,2007-07-01,957,1063,957,1063,2020
YAMPARAEZ,consulta externa,nuevas en personas de 5 a 14 anos,2007-07-01,28,36,28,36,64
YANACACHI,consulta externa,nuevas en personas de 5 a 14 anos,2007-07-01,42,40,42,40,82
YAPACANI,consulta externa,nuevas en personas de 5 a 14 anos,2007-07-01,166,201,166,201,367
YOCALLA,consulta externa,nuevas en personas de 5 a 14 anos,2007-07-01,23,41,23,41,64
YOTALA,consulta externa,nuevas en personas de 5 a 14 anos,2007-07-01,46,37,46,37,83
YUNCHARA,consulta externa,nuevas en personas de 5 a 14 anos,2007-07-01,210,249,210,249,459
ZUDAÑEZ,consulta externa,nuevas en personas de 5 a 14 anos,2007-07-01,65,77,65,77,142
ACACIO,consulta externa,nuevas en personas de 5 a 14 anos,2007-08-01,32,25,32,25,57
ACHACACHI,consulta externa,nuevas en personas de 5 a 14 anos,2007-08-01,112,131,112,131,243
ACHOCALLA,consulta externa,nuevas en personas de 5 a 14 anos,2007-08-01,11,19,11,19,30
AIQUILE,consulta externa,nuevas en personas de 5 a 14 anos,2007-08-01,84,97,84,97,181
ALALAY,consulta externa,nuevas en personas de 5 a 14 anos,2007-08-01,9,10,9,10,19
ALCALA,consulta externa,nuevas en personas de 5 a 14 anos,2007-08-01,83,82,83,82,165
ANCORAIMES,consulta externa,nuevas en personas de 5 a 14 anos,2007-08-01,26,21,26,21,47
ANDAMARCA,consulta externa,nuevas en personas de 5 a 14 anos,2007-08-01,46,37,46,37,83
ANTEQUERA,consulta externa,nuevas en personas de 5 a 14 anos,2007-08-01,19,18,19,18,37
ANZALDO,consulta externa,nuevas en personas de 5 a 14 anos,2007-08-01,22,19,22,19,41
APOLO,consulta externa,nuevas en personas de 5 a 14 anos,2007-08-01,60,78,60,78,138
ARAMPAMPA,consulta externa,nuevas en personas de 5 a 14 anos,2007-08-01,29,26,29,26,55
ARANI,consulta externa,nuevas en personas de 5 a 14 anos,2007-08-01,20,12,20,12,32
ARBIETO,consulta externa,nuevas en personas de 5 a 14 anos,2007-08-01,27,46,27,46,73
ARQUE,consulta externa,nuevas en personas de 5 a 14 anos,2007-08-01,33,20,33,20,53
ASCENCION DE GUARAYOS,consulta externa,nuevas en personas de 5 a 14 anos,2007-08-01,72,106,72,106,178
ATOCHA,consulta externa,nuevas en personas de 5 a 14 anos,2007-08-01,190,245,190,245,435
AUCAPATA,consulta externa,nuevas en personas de 5 a 14 anos,2007-08-01,37,33,37,33,70
AYATA,consulta externa,nuevas en personas de 5 a 14 anos,2007-08-01,42,41,42,41,83
AYO AYO,consulta externa,nuevas en personas de 5 a 14 anos,2007-08-01,29,38,29,38,67
AYOPAYA (V. DE INDEPENDENCIA),consulta externa,nuevas en personas de 5 a 14 anos,2007-08-01,50,68,50,68,118
AZURDUY,consulta externa,nuevas en personas de 5 a 14 anos,2007-08-01,83,99,83,99,182
BATALLAS,consulta externa,nuevas en personas de 5 a 14 anos,2007-08-01,33,31,33,31,64
BAURES,consulta externa,nuevas en personas de 5 a 14 anos,2007-08-01,44,35,44,35,79
BELEN DE ANDAMARCA,consulta externa,nuevas en personas de 5 a 14 anos,2007-08-01,20,19,20,19,39
BELEN DE URMIRI,consulta externa,nuevas en personas de 5 a 14 anos,2007-08-01,31,27,31,27,58
BELLA FLOR,consulta externa,nuevas en personas de 5 a 14 anos,2007-08-01,42,19,42,19,61
BERMEJO,consulta externa,nuevas en personas de 5 a 14 anos,2007-08-01,865,821,865,821,1686
BETANZOS,consulta externa,nuevas en personas de 5 a 14 anos,2007-08-01,178,202,178,202,380
BOLIVAR,consulta externa,nuevas en personas de 5 a 14 anos,2007-08-01,35,18,35,18,53
BOLPEBRA,consulta externa,nuevas en personas de 5 a 14 anos,2007-08-01,67,48,67,48,115
BOYUIBE,consulta externa,nuevas en personas de 5 a 14 anos,2007-08-01,38,27,38,27,65
BUENA VISTA,consulta externa,nuevas en personas de 5 a 14 anos,2007-08-01,72,46,72,46,118
CABEZAS,consulta externa,nuevas en personas de 5 a 14 anos,2007-08-01,161,121,161,121,282
CAIROMA,consulta externa,nuevas en personas de 5 a 14 anos,2007-08-01,65,54,65,54,119
"CAIZA ""D""",consulta externa,nuevas en personas de 5 a 14 anos,2007-08-01,77,91,77,91,168
CAJUATA,consulta externa,nuevas en personas de 5 a 14 anos,2007-08-01,54,33,54,33,87
CALACOTO,consulta externa,nuevas en personas de 5 a 14 anos,2007-08-01,24,30,24,30,54
CALAMARCA,consulta externa,nuevas en personas de 5 a 14 anos,2007-08-01,25,33,25,33,58
CAMARGO,consulta externa,nuevas en personas de 5 a 14 anos,2007-08-01,123,132,123,132,255
CAMATAQUI (C. VILLA ABECIA),consulta externa,nuevas en personas de 5 a 14 anos,2007-08-01,29,25,29,25,54
CAMIRI,consulta externa,nuevas en personas de 5 a 14 anos,2007-08-01,371,570,371,570,941
CAPINOTA,consulta externa,nuevas en personas de 5 a 14 anos,2007-08-01,93,78,93,78,171
CAQUIAVIRI,consulta externa,nuevas en personas de 5 a 14 anos,2007-08-01,32,39,32,39,71
CARACOLLO,consulta externa,nuevas en personas de 5 a 14 anos,2007-08-01,129,109,129,109,238
CARANAVI,consulta externa,nuevas en personas de 5 a 14 anos,2007-08-01,509,552,509,552,1061
CARANGAS,consulta externa,nuevas en personas de 5 a 14 anos,2007-08-01,1,1,1,1,2
CARAPARI,consulta externa,nuevas en personas de 5 a 14 anos,2007-08-01,194,201,194,201,395
CARIPUYO,consulta externa,nuevas en personas de 5 a 14 anos,2007-08-01,31,21,31,21,52
CARMEN RIVERO TORREZ,consulta externa,nuevas en personas de 5 a 14 anos,2007-08-01,20,8,20,8,28
CATACORA,consulta externa,nuevas en personas de 5 a 14 anos,2007-08-01,3,2,3,2,5
CHACARILLA,consulta externa,nuevas en personas de 5 a 14 anos,2007-08-01,2,5,2,5,7
CHALLAPATA,consulta externa,nuevas en personas de 5 a 14 anos,2007-08-01,105,120,105,120,225
CHAQUI,consulta externa,nuevas en personas de 5 a 14 anos,2007-08-01,34,28,34,28,62
CHARAGUA,consulta externa,nuevas en personas de 5 a 14 anos,2007-08-01,82,121,82,121,203
CHARAÑA,consulta externa,nuevas en personas de 5 a 14 anos,2007-08-01,13,19,13,19,32
CHAYANTA,consulta externa,nuevas en personas de 5 a 14 anos,2007-08-01,60,46,60,46,106
CHIMORE,consulta externa,nuevas en personas de 5 a 14 anos,2007-08-01,47,69,47,69,116
CHIPAYA,consulta externa,nuevas en personas de 5 a 14 anos,2007-08-01,5,7,5,7,12
CHOQUE COTA,consulta externa,nuevas en personas de 5 a 14 anos,2007-08-01,7,7,7,7,14
CHULUMANI (V. DE LA LIBERTAD),consulta externa,nuevas en personas de 5 a 14 anos,2007-08-01,71,57,71,57,128
CHUMA,consulta externa,nuevas en personas de 5 a 14 anos,2007-08-01,44,36,44,36,80
CLIZA,consulta externa,nuevas en personas de 5 a 14 anos,2007-08-01,29,27,29,27,56
COBIJA,consulta externa,nuevas en personas de 5 a 14 anos,2007-08-01,299,340,299,340,639
COCHABAMBA,consulta externa,nuevas en personas de 5 a 14 anos,2007-08-01,3972,3522,3972,3522,7494
COIPASA,consulta externa,nuevas en personas de 5 a 14 anos,2007-08-01,11,15,11,15,26
COLCAPIRHUA,consulta externa,nuevas en personas de 5 a 14 anos,2007-08-01,131,106,131,106,237
"COLCHA ""K""",consulta externa,nuevas en personas de 5 a 14 anos,2007-08-01,58,63,58,63,121
COLLANA,consulta externa,nuevas en personas de 5 a 14 anos,2007-08-01,14,12,14,12,26
COLOMI,consulta externa,nuevas en personas de 5 a 14 anos,2007-08-01,31,31,31,31,62
COLPA BELGICA,consulta externa,nuevas en personas de 5 a 14 anos,2007-08-01,63,52,63,52,115
COLQUECHACA,consulta externa,nuevas en personas de 5 a 14 anos,2007-08-01,181,171,181,171,352
COLQUENCHA,consulta externa,nuevas en personas de 5 a 14 anos,2007-08-01,23,32,23,32,55
COLQUIRI,consulta externa,nuevas en personas de 5 a 14 anos,2007-08-01,50,53,50,53,103
COMANCHE,consulta externa,nuevas en personas de 5 a 14 anos,2007-08-01,20,22,20,22,42
COMARAPA,consulta externa,nuevas en personas de 5 a 14 anos,2007-08-01,71,98,71,98,169
COMBAYA,consulta externa,nuevas en personas de 5 a 14 anos,2007-08-01,4,0,4,0,4
CONCEPCION,consulta externa,nuevas en personas de 5 a 14 anos,2007-08-01,22,21,22,21,43
COPACABANA,consulta externa,nuevas en personas de 5 a 14 anos,2007-08-01,53,28,53,28,81
CORIPATA,consulta externa,nuevas en personas de 5 a 14 anos,2007-08-01,589,585,589,585,1174
CORO CORO,consulta externa,nuevas en personas de 5 a 14 anos,2007-08-01,28,14,28,14,42
COROICO,consulta externa,nuevas en personas de 5 a 14 anos,2007-08-01,92,108,92,108,200
CORQUE,consulta externa,nuevas en personas de 5 a 14 anos,2007-08-01,41,52,41,52,93
COTAGAITA,consulta externa,nuevas en personas de 5 a 14 anos,2007-08-01,315,345,315,345,660
COTOCA,consulta externa,nuevas en personas de 5 a 14 anos,2007-08-01,297,286,297,286,583
CUATRO CAÑADAS,consulta externa,nuevas en personas de 5 a 14 anos,2007-08-01,96,82,96,82,178
CUCHUMUELA (V. G. VILLARROEL),consulta externa,nuevas en personas de 5 a 14 anos,2007-08-01,2,4,2,4,6
CUEVO,consulta externa,nuevas en personas de 5 a 14 anos,2007-08-01,51,51,51,51,102
CULPINA,consulta externa,nuevas en personas de 5 a 14 anos,2007-08-01,142,159,142,159,301
CURAHUARA DE CARANGAS,consulta externa,nuevas en personas de 5 a 14 anos,2007-08-01,25,23,25,23,48
CURVA,consulta externa,nuevas en personas de 5 a 14 anos,2007-08-01,11,8,11,8,19
DESAGUADERO,consulta externa,nuevas en personas de 5 a 14 anos,2007-08-01,10,8,10,8,18
EL ALTO,consulta externa,nuevas en personas de 5 a 14 anos,2007-08-01,4118,4329,4118,4329,8447
EL CHORO,consulta externa,nuevas en personas de 5 a 14 anos,2007-08-01,40,41,40,41,81
EL PUENTE(STC),consulta externa,nuevas en personas de 5 a 14 anos,2007-08-01,75,60,75,60,135
EL PUENTE(TJA),consulta externa,nuevas en personas de 5 a 14 anos,2007-08-01,217,246,217,246,463
EL TORNO,consulta externa,nuevas en personas de 5 a 14 anos,2007-08-01,255,217,255,217,472
EL VILLAR,consulta externa,nuevas en personas de 5 a 14 anos,2007-08-01,62,71,62,71,133
ENTRE RIOS,consulta externa,nuevas en personas de 5 a 14 anos,2007-08-01,525,577,525,577,1102
ENTRE RIOS,consulta externa,nuevas en personas de 5 a 14 anos,2007-08-01,60,58,60,58,118
ESCARA,consulta externa,nuevas en personas de 5 a 14 anos,2007-08-01,2,1,2,1,3
EUCALIPTUS,consulta externa,nuevas en personas de 5 a 14 anos,2007-08-01,8,13,8,13,21
EUREKA (SANTOS MERCADO),consulta externa,nuevas en personas de 5 a 14 anos,2007-08-01,7,5,7,5,12
EXALTACION,consulta externa,nuevas en personas de 5 a 14 anos,2007-08-01,15,19,15,19,34
FERNANDEZ ALONSO,consulta externa,nuevas en personas de 5 a 14 anos,2007-08-01,47,55,47,55,102
FILADELFIA,consulta externa,nuevas en personas de 5 a 14 anos,2007-08-01,85,112,85,112,197
GENERAL SAAVEDRA,consulta externa,nuevas en personas de 5 a 14 anos,2007-08-01,77,55,77,55,132
GRAL. J.J. PEREZ (CHARAZANI),consulta externa,nuevas en personas de 5 a 14 anos,2007-08-01,21,36,21,36,57
GUANAY,consulta externa,nuevas en personas de 5 a 14 anos,2007-08-01,49,68,49,68,117
GUAQUI,consulta externa,nuevas en personas de 5 a 14 anos,2007-08-01,16,10,16,10,26
GUAYARAMERIN,consulta externa,nuevas en personas de 5 a 14 anos,2007-08-01,364,338,364,338,702
GUTIERREZ,consulta externa,nuevas en personas de 5 a 14 anos,2007-08-01,104,139,104,139,243
HUACARETA,consulta externa,nuevas en personas de 5 a 14 anos,2007-08-01,102,104,102,104,206
HUACAYA (VILLA DE HUACAYA),consulta externa,nuevas en personas de 5 a 14 anos,2007-08-01,12,14,12,14,26
HUACHACALLA,consulta externa,nuevas en personas de 5 a 14 anos,2007-08-01,6,5,6,5,11
HUANUNI,consulta externa,nuevas en personas de 5 a 14 anos,2007-08-01,422,397,422,397,819
HUARACAJE,consulta externa,nuevas en personas de 5 a 14 anos,2007-08-01,29,47,29,47,76
HUAYLLAMARCA,consulta externa,nuevas en personas de 5 a 14 anos,2007-08-01,15,14,15,14,29
ICHOCA,consulta externa,nuevas en personas de 5 a 14 anos,2007-08-01,14,19,14,19,33
ICLA,consulta externa,nuevas en personas de 5 a 14 anos,2007-08-01,61,67,61,67,128
INCAHUASI,consulta externa,nuevas en personas de 5 a 14 anos,2007-08-01,205,230,205,230,435
INGAVI (HUMAITA),consulta externa,nuevas en personas de 5 a 14 anos,2007-08-01,3,2,3,2,5
INQUISIVI,consulta externa,nuevas en personas de 5 a 14 anos,2007-08-01,59,31,59,31,90
IRUPANA (VILLA DE LANZA),consulta externa,nuevas en personas de 5 a 14 anos,2007-08-01,87,89,87,89,176
IXIAMAS,consulta externa,nuevas en personas de 5 a 14 anos,2007-08-01,24,49,24,49,73
JESUS DE MACHACA,consulta externa,nuevas en personas de 5 a 14 anos,2007-08-01,26,34,26,34,60
LA ASUNTA,consulta externa,nuevas en personas de 5 a 14 anos,2007-08-01,139,108,139,108,247
LA GUARDIA,consulta externa,nuevas en personas de 5 a 14 anos,2007-08-01,221,212,221,212,433
LA PAZ,consulta externa,nuevas en personas de 5 a 14 anos,2007-08-01,6301,6005,6301,6005,12306
LA RIVERA,consulta externa,nuevas en personas de 5 a 14 anos,2007-08-01,1,3,1,3,4
LAGUNILLAS,consulta externa,nuevas en personas de 5 a 14 anos,2007-08-01,70,51,70,51,121
LAJA,consulta externa,nuevas en personas de 5 a 14 anos,2007-08-01,25,28,25,28,53
LAS CARRERAS,consulta externa,nuevas en personas de 5 a 14 anos,2007-08-01,37,46,37,46,83
LICOMA PAMPA,consulta externa,nuevas en personas de 5 a 14 anos,2007-08-01,112,101,112,101,213
LLALLAGUA,consulta externa,nuevas en personas de 5 a 14 anos,2007-08-01,126,123,126,123,249
LLICA,consulta externa,nuevas en personas de 5 a 14 anos,2007-08-01,21,18,21,18,39
LORETO,consulta externa,nuevas en personas de 5 a 14 anos,2007-08-01,6,19,6,19,25
LURIBAY,consulta externa,nuevas en personas de 5 a 14 anos,2007-08-01,50,31,50,31,81
MACHACAMARCA,consulta externa,nuevas en personas de 5 a 14 anos,2007-08-01,25,20,25,20,45
MACHARETI,consulta externa,nuevas en personas de 5 a 14 anos,2007-08-01,160,177,160,177,337
MAGDALENA,consulta externa,nuevas en personas de 5 a 14 anos,2007-08-01,54,80,54,80,134
MAIRANA,consulta externa,nuevas en personas de 5 a 14 anos,2007-08-01,210,247,210,247,457
MALLA,consulta externa,nuevas en personas de 5 a 14 anos,2007-08-01,45,43,45,43,88
MAPIRI,consulta externa,nuevas en personas de 5 a 14 anos,2007-08-01,62,55,62,55,117
MECAPACA,consulta externa,nuevas en personas de 5 a 14 anos,2007-08-01,67,55,67,55,122
MINEROS,consulta externa,nuevas en personas de 5 a 14 anos,2007-08-01,33,36,33,36,69
MIZQUE,consulta externa,nuevas en personas de 5 a 14 anos,2007-08-01,47,39,47,39,86
MOCOMOCO,consulta externa,nuevas en personas de 5 a 14 anos,2007-08-01,101,105,101,105,206
MOJINETE,consulta externa,nuevas en personas de 5 a 14 anos,2007-08-01,18,6,18,6,24
MOJOCOYA,consulta externa,nuevas en personas de 5 a 14 anos,2007-08-01,46,46,46,46,92
MONTEAGUDO,consulta externa,nuevas en personas de 5 a 14 anos,2007-08-01,310,361,310,361,671
MONTERO,consulta externa,nuevas en personas de 5 a 14 anos,2007-08-01,1028,998,1028,998,2026
MORO MORO,consulta externa,nuevas en personas de 5 a 14 anos,2007-08-01,88,85,88,85,173
MOROCHATA,consulta externa,nuevas en personas de 5 a 14 anos,2007-08-01,37,28,37,28,65
NACEBE (SANTA ROSA DEL ABUNA),consulta externa,nuevas en personas de 5 a 14 anos,2007-08-01,32,35,32,35,67
NAZACARA DE PACAJES,consulta externa,nuevas en personas de 5 a 14 anos,2007-08-01,2,2,2,2,4
NUEVO MANOA (NUEVA ESPERANZA),consulta externa,nuevas en personas de 5 a 14 anos,2007-08-01,28,21,28,21,49
OCURI,consulta externa,nuevas en personas de 5 a 14 anos,2007-08-01,83,62,83,62,145
OKINAWA,consulta externa,nuevas en personas de 5 a 14 anos,2007-08-01,79,95,79,95,174
OMEREQUE,consulta externa,nuevas en personas de 5 a 14 anos,2007-08-01,53,51,53,51,104
ORURO,consulta externa,nuevas en personas de 5 a 14 anos,2007-08-01,2047,2178,2047,2178,4225
PADCAYA,consulta externa,nuevas en personas de 5 a 14 anos,2007-08-01,646,622,646,622,1268
PADILLA,consulta externa,nuevas en personas de 5 a 14 anos,2007-08-01,127,159,127,159,286
PAILON,consulta externa,nuevas en personas de 5 a 14 anos,2007-08-01,35,44,35,44,79
PALCA,consulta externa,nuevas en personas de 5 a 14 anos,2007-08-01,47,66,47,66,113
PALOS BLANCOS,consulta externa,nuevas en personas de 5 a 14 anos,2007-08-01,142,145,142,145,287
PAMPA AULLAGAS,consulta externa,nuevas en personas de 5 a 14 anos,2007-08-01,18,15,18,15,33
PAMPA GRANDE,consulta externa,nuevas en personas de 5 a 14 anos,2007-08-01,41,56,41,56,97
PAPEL PAMPA,consulta externa,nuevas en personas de 5 a 14 anos,2007-08-01,30,28,30,28,58
PASORAPA,consulta externa,nuevas en personas de 5 a 14 anos,2007-08-01,24,15,24,15,39
PATACAMAYA,consulta externa,nuevas en personas de 5 a 14 anos,2007-08-01,64,44,64,44,108
PAZÑA,consulta externa,nuevas en personas de 5 a 14 anos,2007-08-01,27,31,27,31,58
PELECHUCO,consulta externa,nuevas en personas de 5 a 14 anos,2007-08-01,19,24,19,24,43
POCOATA,consulta externa,nuevas en personas de 5 a 14 anos,2007-08-01,60,66,60,66,126
POCONA,consulta externa,nuevas en personas de 5 a 14 anos,2007-08-01,35,40,35,40,75
POJO (CBBA),consulta externa,nuevas en personas de 5 a 14 anos,2007-08-01,11,23,11,23,34
POOPO,consulta externa,nuevas en personas de 5 a 14 anos,2007-08-01,67,63,67,63,130
PORCO,consulta externa,nuevas en personas de 5 a 14 anos,2007-08-01,46,44,46,44,90
POROMA,consulta externa,nuevas en personas de 5 a 14 anos,2007-08-01,173,407,173,407,580
PORONGO,consulta externa,nuevas en personas de 5 a 14 anos,2007-08-01,52,57,52,57,109
PORTACHUELO,consulta externa,nuevas en personas de 5 a 14 anos,2007-08-01,106,97,106,97,203
PORVENIR,consulta externa,nuevas en personas de 5 a 14 anos,2007-08-01,43,51,43,51,94
POSTRER VALLE,consulta externa,nuevas en personas de 5 a 14 anos,2007-08-01,12,19,12,19,31
POTOSI,consulta externa,nuevas en personas de 5 a 14 anos,2007-08-01,1045,956,1045,956,2001
PRESTO,consulta externa,nuevas en personas de 5 a 14 anos,2007-08-01,35,107,35,107,142
PUCARA,consulta externa,nuevas en personas de 5 a 14 anos,2007-08-01,17,18,17,18,35
PUCARANI,consulta externa,nuevas en personas de 5 a 14 anos,2007-08-01,49,39,49,39,88
PUERTO ACOSTA,consulta externa,nuevas en personas de 5 a 14 anos,2007-08-01,119,123,119,123,242
PUERTO CARABUCO,consulta externa,nuevas en personas de 5 a 14 anos,2007-08-01,40,31,40,31,71
PUERTO GONZALO MORENO,consulta externa,nuevas en personas de 5 a 14 anos,2007-08-01,65,79,65,79,144
PUERTO PEREZ,consulta externa,nuevas en personas de 5 a 14 anos,2007-08-01,11,12,11,12,23
PUERTO QUIJARRO,consulta externa,nuevas en personas de 5 a 14 anos,2007-08-01,119,115,119,115,234
PUERTO RICO,consulta externa,nuevas en personas de 5 a 14 anos,2007-08-01,91,130,91,130,221
PUERTO SILES,consulta externa,nuevas en personas de 5 a 14 anos,2007-08-01,1,2,1,2,3
PUERTO SUAREZ,consulta externa,nuevas en personas de 5 a 14 anos,2007-08-01,109,124,109,124,233
PUERTO VILLARROEL,consulta externa,nuevas en personas de 5 a 14 anos,2007-08-01,230,176,230,176,406
PUNA,consulta externa,nuevas en personas de 5 a 14 anos,2007-08-01,185,153,185,153,338
PUNATA,consulta externa,nuevas en personas de 5 a 14 anos,2007-08-01,151,65,151,65,216
QUIABAYA,consulta externa,nuevas en personas de 5 a 14 anos,2007-08-01,4,4,4,4,8
QUILLACOLLO,consulta externa,nuevas en personas de 5 a 14 anos,2007-08-01,403,372,403,372,775
QUIME,consulta externa,nuevas en personas de 5 a 14 anos,2007-08-01,51,41,51,41,92
QUIRUSILLAS,consulta externa,nuevas en personas de 5 a 14 anos,2007-08-01,53,58,53,58,111
RAVELO,consulta externa,nuevas en personas de 5 a 14 anos,2007-08-01,58,49,58,49,107
REYES,consulta externa,nuevas en personas de 5 a 14 anos,2007-08-01,63,52,63,52,115
RIBERALTA,consulta externa,nuevas en personas de 5 a 14 anos,2007-08-01,477,483,477,483,960
ROBORE,consulta externa,nuevas en personas de 5 a 14 anos,2007-08-01,111,92,111,92,203
RURRENABAQUE,consulta externa,nuevas en personas de 5 a 14 anos,2007-08-01,63,77,63,77,140
SABAYA,consulta externa,nuevas en personas de 5 a 14 anos,2007-08-01,22,29,22,29,51
SACABA,consulta externa,nuevas en personas de 5 a 14 anos,2007-08-01,364,289,364,289,653
SACABAMBA,consulta externa,nuevas en personas de 5 a 14 anos,2007-08-01,18,14,18,14,32
SACACA,consulta externa,nuevas en personas de 5 a 14 anos,2007-08-01,87,94,87,94,181
SAIPINA,consulta externa,nuevas en personas de 5 a 14 anos,2007-08-01,66,56,66,56,122
SALINAS DE GARCI MENDOZA,consulta externa,nuevas en personas de 5 a 14 anos,2007-08-01,66,52,66,52,118
SAMAIPATA,consulta externa,nuevas en personas de 5 a 14 anos,2007-08-01,63,58,63,58,121
SAN AGUSTIN,consulta externa,nuevas en personas de 5 a 14 anos,2007-08-01,19,17,19,17,36
SAN ANDRES,consulta externa,nuevas en personas de 5 a 14 anos,2007-08-01,79,86,79,86,165
SAN ANDRES DE MACHACA,consulta externa,nuevas en personas de 5 a 14 anos,2007-08-01,45,32,45,32,77
SAN ANTONIO DE ESMORUCO,consulta externa,nuevas en personas de 5 a 14 anos,2007-08-01,14,28,14,28,42
SAN ANTONIO DE LOMERIO,consulta externa,nuevas en personas de 5 a 14 anos,2007-08-01,16,29,16,29,45
SAN BENITO,consulta externa,nuevas en personas de 5 a 14 anos,2007-08-01,36,43,36,43,79
SAN BORJA,consulta externa,nuevas en personas de 5 a 14 anos,2007-08-01,226,197,226,197,423
SAN BUENA VENTURA,consulta externa,nuevas en personas de 5 a 14 anos,2007-08-01,84,69,84,69,153
SAN CARLOS,consulta externa,nuevas en personas de 5 a 14 anos,2007-08-01,107,147,107,147,254
SAN IGNACIO,consulta externa,nuevas en personas de 5 a 14 anos,2007-08-01,186,203,186,203,389
SAN IGNACIO DE VELASCO,consulta externa,nuevas en personas de 5 a 14 anos,2007-08-01,371,363,371,363,734
SAN JAVIER(BNI),consulta externa,nuevas en personas de 5 a 14 anos,2007-08-01,46,66,46,66,112
SAN JAVIER(STC),consulta externa,nuevas en personas de 5 a 14 anos,2007-08-01,42,41,42,41,83
SAN JOAQUIN,consulta externa,nuevas en personas de 5 a 14 anos,2007-08-01,92,82,92,82,174
SAN JOSE DE CHIQUITOS,consulta externa,nuevas en personas de 5 a 14 anos,2007-08-01,71,92,71,92,163
SAN JUAN DE YAPACANI,consulta externa,nuevas en personas de 5 a 14 anos,2007-08-01,40,45,40,45,85
SAN JULIAN,consulta externa,nuevas en personas de 5 a 14 anos,2007-08-01,250,230,250,230,480
SAN LORENZO(PND),consulta externa,nuevas en personas de 5 a 14 anos,2007-08-01,73,75,73,75,148
SAN LORENZO(TJA),consulta externa,nuevas en personas de 5 a 14 anos,2007-08-01,569,730,569,730,1299
SAN LUCAS,consulta externa,nuevas en personas de 5 a 14 anos,2007-08-01,295,296,295,296,591
SAN MATIAS,consulta externa,nuevas en personas de 5 a 14 anos,2007-08-01,67,69,67,69,136
SAN MIGUEL DE VELASCO,consulta externa,nuevas en personas de 5 a 14 anos,2007-08-01,36,38,36,38,74
SAN PABLO DE LIPEZ,consulta externa,nuevas en personas de 5 a 14 anos,2007-08-01,37,45,37,45,82
SAN PEDRO,consulta externa,nuevas en personas de 5 a 14 anos,2007-08-01,112,122,112,122,234
SAN PEDRO DE BUENA VISTA,consulta externa,nuevas en personas de 5 a 14 anos,2007-08-01,118,100,118,100,218
SAN PEDRO DE CURAHUARA,consulta externa,nuevas en personas de 5 a 14 anos,2007-08-01,99,105,99,105,204
SAN PEDRO DE QUEMES,consulta externa,nuevas en personas de 5 a 14 anos,2007-08-01,13,1,13,1,14
SAN PEDRO DE TIQUINA,consulta externa,nuevas en personas de 5 a 14 anos,2007-08-01,14,9,14,9,23
SAN PEDRO(PND),consulta externa,nuevas en personas de 5 a 14 anos,2007-08-01,44,33,44,33,77
SAN RAFAEL,consulta externa,nuevas en personas de 5 a 14 anos,2007-08-01,19,26,19,26,45
SAN RAMON,consulta externa,nuevas en personas de 5 a 14 anos,2007-08-01,158,126,158,126,284
SAN RAMON,consulta externa,nuevas en personas de 5 a 14 anos,2007-08-01,33,68,33,68,101
SANTA ANA,consulta externa,nuevas en personas de 5 a 14 anos,2007-08-01,59,49,59,49,108
SANTA CRUZ DE LA SIERRA,consulta externa,nuevas en personas de 5 a 14 anos,2007-08-01,8567,9029,8567,9029,17596
SANTA ROSA,consulta externa,nuevas en personas de 5 a 14 anos,2007-08-01,131,124,131,124,255
SANTA ROSA DEL SARA,consulta externa,nuevas en personas de 5 a 14 anos,2007-08-01,83,105,83,105,188
SANTIAGO DE CALLAPA,consulta externa,nuevas en personas de 5 a 14 anos,2007-08-01,25,22,25,22,47
SANTIAGO DE HUARI,consulta externa,nuevas en personas de 5 a 14 anos,2007-08-01,54,43,54,43,97
SANTIAGO DE MACHACA,consulta externa,nuevas en personas de 5 a 14 anos,2007-08-01,5,9,5,9,14
SANTIVAÑES,consulta externa,nuevas en personas de 5 a 14 anos,2007-08-01,17,18,17,18,35
SANTUARIO DE QUILLACAS,consulta externa,nuevas en personas de 5 a 14 anos,2007-08-01,3,3,3,3,6
SAPAHAQUI,consulta externa,nuevas en personas de 5 a 14 anos,2007-08-01,36,27,36,27,63
SENA,consulta externa,nuevas en personas de 5 a 14 anos,2007-08-01,14,29,14,29,43
SICA SICA (VILLA AROMA),consulta externa,nuevas en personas de 5 a 14 anos,2007-08-01,19,22,19,22,41
SICAYA,consulta externa,nuevas en personas de 5 a 14 anos,2007-08-01,7,3,7,3,10
SIPE SIPE,consulta externa,nuevas en personas de 5 a 14 anos,2007-08-01,48,53,48,53,101
SOPACHUY,consulta externa,nuevas en personas de 5 a 14 anos,2007-08-01,63,62,63,62,125
SORACACHI,consulta externa,nuevas en personas de 5 a 14 anos,2007-08-01,72,72,72,72,144
SORATA,consulta externa,nuevas en personas de 5 a 14 anos,2007-08-01,66,45,66,45,111
SUCRE,consulta externa,nuevas en personas de 5 a 14 anos,2007-08-01,2479,2542,2479,2542,5021
TACACHI,consulta externa,nuevas en personas de 5 a 14 anos,2007-08-01,15,8,15,8,23
TACACOMA,consulta externa,nuevas en personas de 5 a 14 anos,2007-08-01,19,16,19,16,35
TACOBAMBA,consulta externa,nuevas en personas de 5 a 14 anos,2007-08-01,64,56,64,56,120
TACOPAYA,consulta externa,nuevas en personas de 5 a 14 anos,2007-08-01,31,34,31,34,65
TAHUA,consulta externa,nuevas en personas de 5 a 14 anos,2007-08-01,8,15,8,15,23
TAPACARI,consulta externa,nuevas en personas de 5 a 14 anos,2007-08-01,67,83,67,83,150
TARABUCO,consulta externa,nuevas en personas de 5 a 14 anos,2007-08-01,64,74,64,74,138
TARACO,consulta externa,nuevas en personas de 5 a 14 anos,2007-08-01,7,6,7,6,13
TARATA,consulta externa,nuevas en personas de 5 a 14 anos,2007-08-01,47,38,47,38,85
TARIJA,consulta externa,nuevas en personas de 5 a 14 anos,2007-08-01,2399,2178,2399,2178,4577
TARVITA,consulta externa,nuevas en personas de 5 a 14 anos,2007-08-01,123,146,123,146,269
TEOPONTE,consulta externa,nuevas en personas de 5 a 14 anos,2007-08-01,27,18,27,18,45
TIAWANACU,consulta externa,nuevas en personas de 5 a 14 anos,2007-08-01,67,81,67,81,148
TINGUIPAYA,consulta externa,nuevas en personas de 5 a 14 anos,2007-08-01,107,86,107,86,193
TIPUANI,consulta externa,nuevas en personas de 5 a 14 anos,2007-08-01,30,33,30,33,63
TIQUIPAYA,consulta externa,nuevas en personas de 5 a 14 anos,2007-08-01,225,203,225,203,428
TIRAQUE (CBBA),consulta externa,nuevas en personas de 5 a 14 anos,2007-08-01,126,96,126,96,222
TITO YUPANQUI (PARQUIPUJIO),consulta externa,nuevas en personas de 5 a 14 anos,2007-08-01,8,7,8,7,15
TOCO,consulta externa,nuevas en personas de 5 a 14 anos,2007-08-01,22,20,22,20,42
TODOS SANTOS,consulta externa,nuevas en personas de 5 a 14 anos,2007-08-01,3,2,3,2,5
TOLATA,consulta externa,nuevas en personas de 5 a 14 anos,2007-08-01,19,25,19,25,44
TOLEDO,consulta externa,nuevas en personas de 5 a 14 anos,2007-08-01,52,49,52,49,101
TOMAVE,consulta externa,nuevas en personas de 5 a 14 anos,2007-08-01,95,86,95,86,181
TOMINA,consulta externa,nuevas en personas de 5 a 14 anos,2007-08-01,148,147,148,147,295
TORO TORO,consulta externa,nuevas en personas de 5 a 14 anos,2007-08-01,111,78,111,78,189
TOTORA(CBBA),consulta externa,nuevas en personas de 5 a 14 anos,2007-08-01,25,19,25,19,44
TOTORA(ORR),consulta externa,nuevas en personas de 5 a 14 anos,2007-08-01,42,44,42,44,86
TRIGAL,consulta externa,nuevas en personas de 5 a 14 anos,2007-08-01,25,27,25,27,52
TRINIDAD,consulta externa,nuevas en personas de 5 a 14 anos,2007-08-01,946,1046,946,1046,1992
TUPIZA,consulta externa,nuevas en personas de 5 a 14 anos,2007-08-01,563,712,563,712,1275
TURCO,consulta externa,nuevas en personas de 5 a 14 anos,2007-08-01,14,14,14,14,28
UMALA,consulta externa,nuevas en personas de 5 a 14 anos,2007-08-01,10,17,10,17,27
UNCIA,consulta externa,nuevas en personas de 5 a 14 anos,2007-08-01,117,116,117,116,233
URIONDO (A. CONCEPCION),consulta externa,nuevas en personas de 5 a 14 anos,2007-08-01,346,381,346,381,727
URUBICHA,consulta externa,nuevas en personas de 5 a 14 anos,2007-08-01,41,27,41,27,68
UYUNI,consulta externa,nuevas en personas de 5 a 14 anos,2007-08-01,107,108,107,108,215
VACAS,consulta externa,nuevas en personas de 5 a 14 anos,2007-08-01,45,42,45,42,87
VALLEGRANDE,consulta externa,nuevas en personas de 5 a 14 anos,2007-08-01,263,241,263,241,504
VIACHA,consulta externa,nuevas en personas de 5 a 14 anos,2007-08-01,218,217,218,217,435
VILA VILA,consulta externa,nuevas en personas de 5 a 14 anos,2007-08-01,24,19,24,19,43
VILLA MONTES,consulta externa,nuevas en personas de 5 a 14 anos,2007-08-01,662,662,662,662,1324
VILLA NUEVA (LOMA ALTA),consulta externa,nuevas en personas de 5 a 14 anos,2007-08-01,28,48,28,48,76
VILLA RIVERO,consulta externa,nuevas en personas de 5 a 14 anos,2007-08-01,12,7,12,7,19
VILLA SERRANO,consulta externa,nuevas en personas de 5 a 14 anos,2007-08-01,84,74,84,74,158
VILLA TUNARI,consulta externa,nuevas en personas de 5 a 14 anos,2007-08-01,242,252,242,252,494
VILLA VACA GUZMAN (MUYUPAMPA),consulta externa,nuevas en personas de 5 a 14 anos,2007-08-01,80,82,80,82,162
VILLAZON,consulta externa,nuevas en personas de 5 a 14 anos,2007-08-01,331,274,331,274,605
VINTO,consulta externa,nuevas en personas de 5 a 14 anos,2007-08-01,40,42,40,42,82
VITICHI,consulta externa,nuevas en personas de 5 a 14 anos,2007-08-01,67,52,67,52,119
WALDO BALLIVIAN,consulta externa,nuevas en personas de 5 a 14 anos,2007-08-01,2,9,2,9,11
WARNES,consulta externa,nuevas en personas de 5 a 14 anos,2007-08-01,214,223,214,223,437
YACO,consulta externa,nuevas en personas de 5 a 14 anos,2007-08-01,49,53,49,53,102
YACUIBA,consulta externa,nuevas en personas de 5 a 14 anos,2007-08-01,1040,1171,1040,1171,2211
YAMPARAEZ,consulta externa,nuevas en personas de 5 a 14 anos,2007-08-01,57,47,57,47,104
YANACACHI,consulta externa,nuevas en personas de 5 a 14 anos,2007-08-01,69,66,69,66,135
YAPACANI,consulta externa,nuevas en personas de 5 a 14 anos,2007-08-01,159,185,159,185,344
YOCALLA,consulta externa,nuevas en personas de 5 a 14 anos,2007-08-01,35,53,35,53,88
YOTALA,consulta externa,nuevas en personas de 5 a 14 anos,2007-08-01,54,61,54,61,115
YUNCHARA,consulta externa,nuevas en personas de 5 a 14 anos,2007-08-01,83,117,83,117,200
ZUDAÑEZ,consulta externa,nuevas en personas de 5 a 14 anos,2007-08-01,93,71,93,71,164
ACACIO,consulta externa,nuevas en personas de 5 a 14 anos,2007-09-01,20,30,20,30,50
ACHACACHI,consulta externa,nuevas en personas de 5 a 14 anos,2007-09-01,106,122,106,122,228
ACHOCALLA,consulta externa,nuevas en personas de 5 a 14 anos,2007-09-01,19,28,19,28,47
AIQUILE,consulta externa,nuevas en personas de 5 a 14 anos,2007-09-01,119,133,119,133,252
ALALAY,consulta externa,nuevas en personas de 5 a 14 anos,2007-09-01,17,11,17,11,28
ALCALA,consulta externa,nuevas en personas de 5 a 14 anos,2007-09-01,127,121,127,121,248
ANCORAIMES,consulta externa,nuevas en personas de 5 a 14 anos,2007-09-01,23,30,23,30,53
ANDAMARCA,consulta externa,nuevas en personas de 5 a 14 anos,2007-09-01,38,25,38,25,63
ANTEQUERA,consulta externa,nuevas en personas de 5 a 14 anos,2007-09-01,9,9,9,9,18
ANZALDO,consulta externa,nuevas en personas de 5 a 14 anos,2007-09-01,35,43,35,43,78
APOLO,consulta externa,nuevas en personas de 5 a 14 anos,2007-09-01,61,60,61,60,121
ARAMPAMPA,consulta externa,nuevas en personas de 5 a 14 anos,2007-09-01,14,8,14,8,22
ARANI,consulta externa,nuevas en personas de 5 a 14 anos,2007-09-01,12,13,12,13,25
ARBIETO,consulta externa,nuevas en personas de 5 a 14 anos,2007-09-01,19,27,19,27,46
ARQUE,consulta externa,nuevas en personas de 5 a 14 anos,2007-09-01,29,13,29,13,42
ASCENCION DE GUARAYOS,consulta externa,nuevas en personas de 5 a 14 anos,2007-09-01,60,66,60,66,126
ATOCHA,consulta externa,nuevas en personas de 5 a 14 anos,2007-09-01,267,333,267,333,600
AUCAPATA,consulta externa,nuevas en personas de 5 a 14 anos,2007-09-01,32,38,32,38,70
AYATA,consulta externa,nuevas en personas de 5 a 14 anos,2007-09-01,34,29,34,29,63
AYO AYO,consulta externa,nuevas en personas de 5 a 14 anos,2007-09-01,16,30,16,30,46
AYOPAYA (V. DE INDEPENDENCIA),consulta externa,nuevas en personas de 5 a 14 anos,2007-09-01,76,87,76,87,163
AZURDUY,consulta externa,nuevas en personas de 5 a 14 anos,2007-09-01,99,134,99,134,233
BATALLAS,consulta externa,nuevas en personas de 5 a 14 anos,2007-09-01,23,23,23,23,46
BAURES,consulta externa,nuevas en personas de 5 a 14 anos,2007-09-01,42,44,42,44,86
BELEN DE ANDAMARCA,consulta externa,nuevas en personas de 5 a 14 anos,2007-09-01,9,10,9,10,19
BELEN DE URMIRI,consulta externa,nuevas en personas de 5 a 14 anos,2007-09-01,11,14,11,14,25
BELLA FLOR,consulta externa,nuevas en personas de 5 a 14 anos,2007-09-01,81,60,81,60,141
BERMEJO,consulta externa,nuevas en personas de 5 a 14 anos,2007-09-01,768,805,768,805,1573
BETANZOS,consulta externa,nuevas en personas de 5 a 14 anos,2007-09-01,233,216,233,216,449
BOLIVAR,consulta externa,nuevas en personas de 5 a 14 anos,2007-09-01,22,20,22,20,42
BOLPEBRA,consulta externa,nuevas en personas de 5 a 14 anos,2007-09-01,6,11,6,11,17
BOYUIBE,consulta externa,nuevas en personas de 5 a 14 anos,2007-09-01,56,74,56,74,130
BUENA VISTA,consulta externa,nuevas en personas de 5 a 14 anos,2007-09-01,79,89,79,89,168
CABEZAS,consulta externa,nuevas en personas de 5 a 14 anos,2007-09-01,115,123,115,123,238
CAIROMA,consulta externa,nuevas en personas de 5 a 14 anos,2007-09-01,64,47,64,47,111
"CAIZA ""D""",consulta externa,nuevas en personas de 5 a 14 anos,2007-09-01,62,69,62,69,131
CAJUATA,consulta externa,nuevas en personas de 5 a 14 anos,2007-09-01,54,58,54,58,112
CALACOTO,consulta externa,nuevas en personas de 5 a 14 anos,2007-09-01,51,61,51,61,112
CALAMARCA,consulta externa,nuevas en personas de 5 a 14 anos,2007-09-01,36,29,36,29,65
CAMARGO,consulta externa,nuevas en personas de 5 a 14 anos,2007-09-01,108,123,108,123,231
CAMATAQUI (C. VILLA ABECIA),consulta externa,nuevas en personas de 5 a 14 anos,2007-09-01,22,23,22,23,45
CAMIRI,consulta externa,nuevas en personas de 5 a 14 anos,2007-09-01,437,552,437,552,989
CAPINOTA,consulta externa,nuevas en personas de 5 a 14 anos,2007-09-01,69,79,69,79,148
CAQUIAVIRI,consulta externa,nuevas en personas de 5 a 14 anos,2007-09-01,37,24,37,24,61
CARACOLLO,consulta externa,nuevas en personas de 5 a 14 anos,2007-09-01,76,98,76,98,174
CARANAVI,consulta externa,nuevas en personas de 5 a 14 anos,2007-09-01,364,511,364,511,875
CARANGAS,consulta externa,nuevas en personas de 5 a 14 anos,2007-09-01,2,2,2,2,4
CARAPARI,consulta externa,nuevas en personas de 5 a 14 anos,2007-09-01,242,214,242,214,456
CARIPUYO,consulta externa,nuevas en personas de 5 a 14 anos,2007-09-01,36,37,36,37,73
CARMEN RIVERO TORREZ,consulta externa,nuevas en personas de 5 a 14 anos,2007-09-01,9,8,9,8,17
CATACORA,consulta externa,nuevas en personas de 5 a 14 anos,2007-09-01,5,5,5,5,10
CHACARILLA,consulta externa,nuevas en personas de 5 a 14 anos,2007-09-01,2,2,2,2,4
CHALLAPATA,consulta externa,nuevas en personas de 5 a 14 anos,2007-09-01,140,128,140,128,268
CHAQUI,consulta externa,nuevas en personas de 5 a 14 anos,2007-09-01,38,37,38,37,75
CHARAGUA,consulta externa,nuevas en personas de 5 a 14 anos,2007-09-01,104,106,104,106,210
CHARAÑA,consulta externa,nuevas en personas de 5 a 14 anos,2007-09-01,14,15,14,15,29
CHAYANTA,consulta externa,nuevas en personas de 5 a 14 anos,2007-09-01,48,60,48,60,108
CHIMORE,consulta externa,nuevas en personas de 5 a 14 anos,2007-09-01,77,52,77,52,129
CHIPAYA,consulta externa,nuevas en personas de 5 a 14 anos,2007-09-01,5,6,5,6,11
CHOQUE COTA,consulta externa,nuevas en personas de 5 a 14 anos,2007-09-01,5,3,5,3,8
CHULUMANI (V. DE LA LIBERTAD),consulta externa,nuevas en personas de 5 a 14 anos,2007-09-01,91,77,91,77,168
CHUMA,consulta externa,nuevas en personas de 5 a 14 anos,2007-09-01,82,68,82,68,150
CLIZA,consulta externa,nuevas en personas de 5 a 14 anos,2007-09-01,36,20,36,20,56
COBIJA,consulta externa,nuevas en personas de 5 a 14 anos,2007-09-01,280,263,280,263,543
COCHABAMBA,consulta externa,nuevas en personas de 5 a 14 anos,2007-09-01,3984,3755,3984,3755,7739
COIPASA,consulta externa,nuevas en personas de 5 a 14 anos,2007-09-01,2,4,2,4,6
COLCAPIRHUA,consulta externa,nuevas en personas de 5 a 14 anos,2007-09-01,139,144,139,144,283
"COLCHA ""K""",consulta externa,nuevas en personas de 5 a 14 anos,2007-09-01,55,65,55,65,120
COLLANA,consulta externa,nuevas en personas de 5 a 14 anos,2007-09-01,18,11,18,11,29
COLOMI,consulta externa,nuevas en personas de 5 a 14 anos,2007-09-01,39,26,39,26,65
COLPA BELGICA,consulta externa,nuevas en personas de 5 a 14 anos,2007-09-01,65,38,65,38,103
COLQUECHACA,consulta externa,nuevas en personas de 5 a 14 anos,2007-09-01,169,136,169,136,305
COLQUENCHA,consulta externa,nuevas en personas de 5 a 14 anos,2007-09-01,18,28,18,28,46
COLQUIRI,consulta externa,nuevas en personas de 5 a 14 anos,2007-09-01,61,54,61,54,115
COMANCHE,consulta externa,nuevas en personas de 5 a 14 anos,2007-09-01,25,27,25,27,52
COMARAPA,consulta externa,nuevas en personas de 5 a 14 anos,2007-09-01,129,117,129,117,246
COMBAYA,consulta externa,nuevas en personas de 5 a 14 anos,2007-09-01,6,3,6,3,9
CONCEPCION,consulta externa,nuevas en personas de 5 a 14 anos,2007-09-01,21,20,21,20,41
COPACABANA,consulta externa,nuevas en personas de 5 a 14 anos,2007-09-01,32,26,32,26,58
CORIPATA,consulta externa,nuevas en personas de 5 a 14 anos,2007-09-01,305,297,305,297,602
CORO CORO,consulta externa,nuevas en personas de 5 a 14 anos,2007-09-01,24,12,24,12,36
COROICO,consulta externa,nuevas en personas de 5 a 14 anos,2007-09-01,82,75,82,75,157
CORQUE,consulta externa,nuevas en personas de 5 a 14 anos,2007-09-01,49,44,49,44,93
COTAGAITA,consulta externa,nuevas en personas de 5 a 14 anos,2007-09-01,295,293,295,293,588
COTOCA,consulta externa,nuevas en personas de 5 a 14 anos,2007-09-01,263,200,263,200,463
CUATRO CAÑADAS,consulta externa,nuevas en personas de 5 a 14 anos,2007-09-01,124,102,124,102,226
CUCHUMUELA (V. G. VILLARROEL),consulta externa,nuevas en personas de 5 a 14 anos,2007-09-01,6,6,6,6,12
CUEVO,consulta externa,nuevas en personas de 5 a 14 anos,2007-09-01,39,28,39,28,67
CULPINA,consulta externa,nuevas en personas de 5 a 14 anos,2007-09-01,193,209,193,209,402
CURAHUARA DE CARANGAS,consulta externa,nuevas en personas de 5 a 14 anos,2007-09-01,43,72,43,72,115
CURVA,consulta externa,nuevas en personas de 5 a 14 anos,2007-09-01,21,22,21,22,43
DESAGUADERO,consulta externa,nuevas en personas de 5 a 14 anos,2007-09-01,12,10,12,10,22
EL ALTO,consulta externa,nuevas en personas de 5 a 14 anos,2007-09-01,4500,4407,4500,4407,8907
EL CHORO,consulta externa,nuevas en personas de 5 a 14 anos,2007-09-01,27,28,27,28,55
EL PUENTE(STC),consulta externa,nuevas en personas de 5 a 14 anos,2007-09-01,66,106,66,106,172
EL PUENTE(TJA),consulta externa,nuevas en personas de 5 a 14 anos,2007-09-01,152,166,152,166,318
EL TORNO,consulta externa,nuevas en personas de 5 a 14 anos,2007-09-01,233,257,233,257,490
EL VILLAR,consulta externa,nuevas en personas de 5 a 14 anos,2007-09-01,43,52,43,52,95
ENTRE RIOS,consulta externa,nuevas en personas de 5 a 14 anos,2007-09-01,465,508,465,508,973
ENTRE RIOS,consulta externa,nuevas en personas de 5 a 14 anos,2007-09-01,119,93,119,93,212
ESCARA,consulta externa,nuevas en personas de 5 a 14 anos,2007-09-01,1,2,1,2,3
EUCALIPTUS,consulta externa,nuevas en personas de 5 a 14 anos,2007-09-01,14,15,14,15,29
EUREKA (SANTOS MERCADO),consulta externa,nuevas en personas de 5 a 14 anos,2007-09-01,27,40,27,40,67
EXALTACION,consulta externa,nuevas en personas de 5 a 14 anos,2007-09-01,20,17,20,17,37
FERNANDEZ ALONSO,consulta externa,nuevas en personas de 5 a 14 anos,2007-09-01,65,67,65,67,132
FILADELFIA,consulta externa,nuevas en personas de 5 a 14 anos,2007-09-01,41,40,41,40,81
GENERAL SAAVEDRA,consulta externa,nuevas en personas de 5 a 14 anos,2007-09-01,60,50,60,50,110
GRAL. J.J. PEREZ (CHARAZANI),consulta externa,nuevas en personas de 5 a 14 anos,2007-09-01,52,37,52,37,89
GUANAY,consulta externa,nuevas en personas de 5 a 14 anos,2007-09-01,50,44,50,44,94
GUAQUI,consulta externa,nuevas en personas de 5 a 14 anos,2007-09-01,17,22,17,22,39
GUAYARAMERIN,consulta externa,nuevas en personas de 5 a 14 anos,2007-09-01,369,327,369,327,696
GUTIERREZ,consulta externa,nuevas en personas de 5 a 14 anos,2007-09-01,156,150,156,150,306
HUACARETA,consulta externa,nuevas en personas de 5 a 14 anos,2007-09-01,85,102,85,102,187
HUACAYA (VILLA DE HUACAYA),consulta externa,nuevas en personas de 5 a 14 anos,2007-09-01,29,27,29,27,56
HUACHACALLA,consulta externa,nuevas en personas de 5 a 14 anos,2007-09-01,2,5,2,5,7
HUANUNI,consulta externa,nuevas en personas de 5 a 14 anos,2007-09-01,326,351,326,351,677
HUARACAJE,consulta externa,nuevas en personas de 5 a 14 anos,2007-09-01,34,27,34,27,61
HUAYLLAMARCA,consulta externa,nuevas en personas de 5 a 14 anos,2007-09-01,19,17,19,17,36
ICHOCA,consulta externa,nuevas en personas de 5 a 14 anos,2007-09-01,14,18,14,18,32
ICLA,consulta externa,nuevas en personas de 5 a 14 anos,2007-09-01,61,61,61,61,122
INCAHUASI,consulta externa,nuevas en personas de 5 a 14 anos,2007-09-01,158,187,158,187,345
INGAVI (HUMAITA),consulta externa,nuevas en personas de 5 a 14 anos,2007-09-01,0,8,0,8,8
INQUISIVI,consulta externa,nuevas en personas de 5 a 14 anos,2007-09-01,59,60,59,60,119
IRUPANA (VILLA DE LANZA),consulta externa,nuevas en personas de 5 a 14 anos,2007-09-01,81,118,81,118,199
IXIAMAS,consulta externa,nuevas en personas de 5 a 14 anos,2007-09-01,36,41,36,41,77
JESUS DE MACHACA,consulta externa,nuevas en personas de 5 a 14 anos,2007-09-01,111,105,111,105,216
LA ASUNTA,consulta externa,nuevas en personas de 5 a 14 anos,2007-09-01,167,136,167,136,303
LA GUARDIA,consulta externa,nuevas en personas de 5 a 14 anos,2007-09-01,234,200,234,200,434
LA PAZ,consulta externa,nuevas en personas de 5 a 14 anos,2007-09-01,6589,6119,6589,6119,12708
LA RIVERA,consulta externa,nuevas en personas de 5 a 14 anos,2007-09-01,1,2,1,2,3
LAGUNILLAS,consulta externa,nuevas en personas de 5 a 14 anos,2007-09-01,111,97,111,97,208
LAJA,consulta externa,nuevas en personas de 5 a 14 anos,2007-09-01,33,22,33,22,55
LAS CARRERAS,consulta externa,nuevas en personas de 5 a 14 anos,2007-09-01,20,17,20,17,37
LICOMA PAMPA,consulta externa,nuevas en personas de 5 a 14 anos,2007-09-01,15,16,15,16,31
LLALLAGUA,consulta externa,nuevas en personas de 5 a 14 anos,2007-09-01,111,119,111,119,230
LLICA,consulta externa,nuevas en personas de 5 a 14 anos,2007-09-01,79,28,79,28,107
LORETO,consulta externa,nuevas en personas de 5 a 14 anos,2007-09-01,16,7,16,7,23
LURIBAY,consulta externa,nuevas en personas de 5 a 14 anos,2007-09-01,50,49,50,49,99
MACHACAMARCA,consulta externa,nuevas en personas de 5 a 14 anos,2007-09-01,22,26,22,26,48
MACHARETI,consulta externa,nuevas en personas de 5 a 14 anos,2007-09-01,149,113,149,113,262
MAGDALENA,consulta externa,nuevas en personas de 5 a 14 anos,2007-09-01,59,67,59,67,126
MAIRANA,consulta externa,nuevas en personas de 5 a 14 anos,2007-09-01,52,45,52,45,97
MALLA,consulta externa,nuevas en personas de 5 a 14 anos,2007-09-01,48,36,48,36,84
MAPIRI,consulta externa,nuevas en personas de 5 a 14 anos,2007-09-01,63,80,63,80,143
MECAPACA,consulta externa,nuevas en personas de 5 a 14 anos,2007-09-01,58,48,58,48,106
MINEROS,consulta externa,nuevas en personas de 5 a 14 anos,2007-09-01,45,56,45,56,101
MIZQUE,consulta externa,nuevas en personas de 5 a 14 anos,2007-09-01,34,44,34,44,78
MOCOMOCO,consulta externa,nuevas en personas de 5 a 14 anos,2007-09-01,95,122,95,122,217
MOJINETE,consulta externa,nuevas en personas de 5 a 14 anos,2007-09-01,5,6,5,6,11
MOJOCOYA,consulta externa,nuevas en personas de 5 a 14 anos,2007-09-01,25,31,25,31,56
MONTEAGUDO,consulta externa,nuevas en personas de 5 a 14 anos,2007-09-01,372,337,372,337,709
MONTERO,consulta externa,nuevas en personas de 5 a 14 anos,2007-09-01,782,842,782,842,1624
MORO MORO,consulta externa,nuevas en personas de 5 a 14 anos,2007-09-01,15,13,15,13,28
MOROCHATA,consulta externa,nuevas en personas de 5 a 14 anos,2007-09-01,67,48,67,48,115
NACEBE (SANTA ROSA DEL ABUNA),consulta externa,nuevas en personas de 5 a 14 anos,2007-09-01,82,86,82,86,168
NAZACARA DE PACAJES,consulta externa,nuevas en personas de 5 a 14 anos,2007-09-01,4,1,4,1,5
NUEVO MANOA (NUEVA ESPERANZA),consulta externa,nuevas en personas de 5 a 14 anos,2007-09-01,49,31,49,31,80
OCURI,consulta externa,nuevas en personas de 5 a 14 anos,2007-09-01,57,41,57,41,98
OKINAWA,consulta externa,nuevas en personas de 5 a 14 anos,2007-09-01,125,124,125,124,249
OMEREQUE,consulta externa,nuevas en personas de 5 a 14 anos,2007-09-01,22,30,22,30,52
ORURO,consulta externa,nuevas en personas de 5 a 14 anos,2007-09-01,2477,2580,2477,2580,5057
PADCAYA,consulta externa,nuevas en personas de 5 a 14 anos,2007-09-01,556,605,556,605,1161
PADILLA,consulta externa,nuevas en personas de 5 a 14 anos,2007-09-01,144,112,144,112,256
PAILON,consulta externa,nuevas en personas de 5 a 14 anos,2007-09-01,90,72,90,72,162
PALCA,consulta externa,nuevas en personas de 5 a 14 anos,2007-09-01,46,48,46,48,94
PALOS BLANCOS,consulta externa,nuevas en personas de 5 a 14 anos,2007-09-01,119,108,119,108,227
PAMPA AULLAGAS,consulta externa,nuevas en personas de 5 a 14 anos,2007-09-01,12,15,12,15,27
PAMPA GRANDE,consulta externa,nuevas en personas de 5 a 14 anos,2007-09-01,20,36,20,36,56
PAPEL PAMPA,consulta externa,nuevas en personas de 5 a 14 anos,2007-09-01,30,33,30,33,63
PASORAPA,consulta externa,nuevas en personas de 5 a 14 anos,2007-09-01,14,24,14,24,38
PATACAMAYA,consulta externa,nuevas en personas de 5 a 14 anos,2007-09-01,49,50,49,50,99
PAZÑA,consulta externa,nuevas en personas de 5 a 14 anos,2007-09-01,41,32,41,32,73
PELECHUCO,consulta externa,nuevas en personas de 5 a 14 anos,2007-09-01,19,33,19,33,52
POCOATA,consulta externa,nuevas en personas de 5 a 14 anos,2007-09-01,84,86,84,86,170
POCONA,consulta externa,nuevas en personas de 5 a 14 anos,2007-09-01,45,40,45,40,85
POJO (CBBA),consulta externa,nuevas en personas de 5 a 14 anos,2007-09-01,21,17,21,17,38
POOPO,consulta externa,nuevas en personas de 5 a 14 anos,2007-09-01,28,35,28,35,63
PORCO,consulta externa,nuevas en personas de 5 a 14 anos,2007-09-01,44,68,44,68,112
POROMA,consulta externa,nuevas en personas de 5 a 14 anos,2007-09-01,228,236,228,236,464
PORONGO,consulta externa,nuevas en personas de 5 a 14 anos,2007-09-01,97,82,97,82,179
PORTACHUELO,consulta externa,nuevas en personas de 5 a 14 anos,2007-09-01,130,94,130,94,224
PORVENIR,consulta externa,nuevas en personas de 5 a 14 anos,2007-09-01,54,34,54,34,88
POSTRER VALLE,consulta externa,nuevas en personas de 5 a 14 anos,2007-09-01,27,32,27,32,59
POTOSI,consulta externa,nuevas en personas de 5 a 14 anos,2007-09-01,1243,1136,1243,1136,2379
PRESTO,consulta externa,nuevas en personas de 5 a 14 anos,2007-09-01,47,49,47,49,96
PUCARA,consulta externa,nuevas en personas de 5 a 14 anos,2007-09-01,36,31,36,31,67
PUCARANI,consulta externa,nuevas en personas de 5 a 14 anos,2007-09-01,39,52,39,52,91
PUERTO ACOSTA,consulta externa,nuevas en personas de 5 a 14 anos,2007-09-01,108,102,108,102,210
PUERTO CARABUCO,consulta externa,nuevas en personas de 5 a 14 anos,2007-09-01,121,106,121,106,227
PUERTO GONZALO MORENO,consulta externa,nuevas en personas de 5 a 14 anos,2007-09-01,114,113,114,113,227
PUERTO PEREZ,consulta externa,nuevas en personas de 5 a 14 anos,2007-09-01,7,8,7,8,15
PUERTO QUIJARRO,consulta externa,nuevas en personas de 5 a 14 anos,2007-09-01,101,96,101,96,197
PUERTO RICO,consulta externa,nuevas en personas de 5 a 14 anos,2007-09-01,154,164,154,164,318
PUERTO SILES,consulta externa,nuevas en personas de 5 a 14 anos,2007-09-01,13,18,13,18,31
PUERTO SUAREZ,consulta externa,nuevas en personas de 5 a 14 anos,2007-09-01,145,144,145,144,289
PUERTO VILLARROEL,consulta externa,nuevas en personas de 5 a 14 anos,2007-09-01,256,199,256,199,455
PUNA,consulta externa,nuevas en personas de 5 a 14 anos,2007-09-01,201,212,201,212,413
PUNATA,consulta externa,nuevas en personas de 5 a 14 anos,2007-09-01,110,121,110,121,231
QUIABAYA,consulta externa,nuevas en personas de 5 a 14 anos,2007-09-01,8,5,8,5,13
QUILLACOLLO,consulta externa,nuevas en personas de 5 a 14 anos,2007-09-01,363,265,363,265,628
QUIME,consulta externa,nuevas en personas de 5 a 14 anos,2007-09-01,55,44,55,44,99
QUIRUSILLAS,consulta externa,nuevas en personas de 5 a 14 anos,2007-09-01,30,25,30,25,55
RAVELO,consulta externa,nuevas en personas de 5 a 14 anos,2007-09-01,61,66,61,66,127
REYES,consulta externa,nuevas en personas de 5 a 14 anos,2007-09-01,86,73,86,73,159
RIBERALTA,consulta externa,nuevas en personas de 5 a 14 anos,2007-09-01,482,511,482,511,993
ROBORE,consulta externa,nuevas en personas de 5 a 14 anos,2007-09-01,106,95,106,95,201
RURRENABAQUE,consulta externa,nuevas en personas de 5 a 14 anos,2007-09-01,87,92,87,92,179
SABAYA,consulta externa,nuevas en personas de 5 a 14 anos,2007-09-01,17,26,17,26,43
SACABA,consulta externa,nuevas en personas de 5 a 14 anos,2007-09-01,333,398,333,398,731
SACABAMBA,consulta externa,nuevas en personas de 5 a 14 anos,2007-09-01,16,17,16,17,33
SACACA,consulta externa,nuevas en personas de 5 a 14 anos,2007-09-01,118,112,118,112,230
SAIPINA,consulta externa,nuevas en personas de 5 a 14 anos,2007-09-01,56,63,56,63,119
SALINAS DE GARCI MENDOZA,consulta externa,nuevas en personas de 5 a 14 anos,2007-09-01,78,81,78,81,159
SAMAIPATA,consulta externa,nuevas en personas de 5 a 14 anos,2007-09-01,34,20,34,20,54
SAN AGUSTIN,consulta externa,nuevas en personas de 5 a 14 anos,2007-09-01,19,26,19,26,45
SAN ANDRES,consulta externa,nuevas en personas de 5 a 14 anos,2007-09-01,125,160,125,160,285
SAN ANDRES DE MACHACA,consulta externa,nuevas en personas de 5 a 14 anos,2007-09-01,16,30,16,30,46
SAN ANTONIO DE ESMORUCO,consulta externa,nuevas en personas de 5 a 14 anos,2007-09-01,26,19,26,19,45
SAN ANTONIO DE LOMERIO,consulta externa,nuevas en personas de 5 a 14 anos,2007-09-01,22,21,22,21,43
SAN BENITO,consulta externa,nuevas en personas de 5 a 14 anos,2007-09-01,46,41,46,41,87
SAN BORJA,consulta externa,nuevas en personas de 5 a 14 anos,2007-09-01,141,152,141,152,293
SAN BUENA VENTURA,consulta externa,nuevas en personas de 5 a 14 anos,2007-09-01,90,83,90,83,173
SAN CARLOS,consulta externa,nuevas en personas de 5 a 14 anos,2007-09-01,116,119,116,119,235
SAN IGNACIO,consulta externa,nuevas en personas de 5 a 14 anos,2007-09-01,281,304,281,304,585
SAN IGNACIO DE VELASCO,consulta externa,nuevas en personas de 5 a 14 anos,2007-09-01,237,253,237,253,490
SAN JAVIER(BNI),consulta externa,nuevas en personas de 5 a 14 anos,2007-09-01,71,66,71,66,137
SAN JAVIER(STC),consulta externa,nuevas en personas de 5 a 14 anos,2007-09-01,57,65,57,65,122
SAN JOAQUIN,consulta externa,nuevas en personas de 5 a 14 anos,2007-09-01,31,63,31,63,94
SAN JOSE DE CHIQUITOS,consulta externa,nuevas en personas de 5 a 14 anos,2007-09-01,80,90,80,90,170
SAN JUAN DE YAPACANI,consulta externa,nuevas en personas de 5 a 14 anos,2007-09-01,44,51,44,51,95
SAN JULIAN,consulta externa,nuevas en personas de 5 a 14 anos,2007-09-01,293,259,293,259,552
SAN LORENZO(PND),consulta externa,nuevas en personas de 5 a 14 anos,2007-09-01,18,23,18,23,41
SAN LORENZO(TJA),consulta externa,nuevas en personas de 5 a 14 anos,2007-09-01,460,570,460,570,1030
SAN LUCAS,consulta externa,nuevas en personas de 5 a 14 anos,2007-09-01,189,241,189,241,430
SAN MATIAS,consulta externa,nuevas en personas de 5 a 14 anos,2007-09-01,37,29,37,29,66
SAN MIGUEL DE VELASCO,consulta externa,nuevas en personas de 5 a 14 anos,2007-09-01,49,49,49,49,98
SAN PABLO DE LIPEZ,consulta externa,nuevas en personas de 5 a 14 anos,2007-09-01,47,56,47,56,103
SAN PEDRO,consulta externa,nuevas en personas de 5 a 14 anos,2007-09-01,137,135,137,135,272
SAN PEDRO DE BUENA VISTA,consulta externa,nuevas en personas de 5 a 14 anos,2007-09-01,122,90,122,90,212
SAN PEDRO DE CURAHUARA,consulta externa,nuevas en personas de 5 a 14 anos,2007-09-01,100,98,100,98,198
SAN PEDRO DE QUEMES,consulta externa,nuevas en personas de 5 a 14 anos,2007-09-01,3,7,3,7,10
SAN PEDRO DE TIQUINA,consulta externa,nuevas en personas de 5 a 14 anos,2007-09-01,10,5,10,5,15
SAN PEDRO(PND),consulta externa,nuevas en personas de 5 a 14 anos,2007-09-01,6,8,6,8,14
SAN RAFAEL,consulta externa,nuevas en personas de 5 a 14 anos,2007-09-01,74,83,74,83,157
SAN RAMON,consulta externa,nuevas en personas de 5 a 14 anos,2007-09-01,9,9,9,9,18
SAN RAMON,consulta externa,nuevas en personas de 5 a 14 anos,2007-09-01,62,73,62,73,135
SANTA ANA,consulta externa,nuevas en personas de 5 a 14 anos,2007-09-01,74,93,74,93,167
SANTA CRUZ DE LA SIERRA,consulta externa,nuevas en personas de 5 a 14 anos,2007-09-01,9385,10214,9385,10214,19599
SANTA ROSA,consulta externa,nuevas en personas de 5 a 14 anos,2007-09-01,75,88,75,88,163
SANTA ROSA DEL SARA,consulta externa,nuevas en personas de 5 a 14 anos,2007-09-01,84,102,84,102,186
SANTIAGO DE CALLAPA,consulta externa,nuevas en personas de 5 a 14 anos,2007-09-01,17,13,17,13,30
SANTIAGO DE HUARI,consulta externa,nuevas en personas de 5 a 14 anos,2007-09-01,29,27,29,27,56
SANTIAGO DE MACHACA,consulta externa,nuevas en personas de 5 a 14 anos,2007-09-01,13,14,13,14,27
SANTIVAÑES,consulta externa,nuevas en personas de 5 a 14 anos,2007-09-01,36,24,36,24,60
SANTUARIO DE QUILLACAS,consulta externa,nuevas en personas de 5 a 14 anos,2007-09-01,8,7,8,7,15
SAPAHAQUI,consulta externa,nuevas en personas de 5 a 14 anos,2007-09-01,47,50,47,50,97
SENA,consulta externa,nuevas en personas de 5 a 14 anos,2007-09-01,29,38,29,38,67
SICA SICA (VILLA AROMA),consulta externa,nuevas en personas de 5 a 14 anos,2007-09-01,39,19,39,19,58
SICAYA,consulta externa,nuevas en personas de 5 a 14 anos,2007-09-01,6,0,6,0,6
SIPE SIPE,consulta externa,nuevas en personas de 5 a 14 anos,2007-09-01,61,51,61,51,112
SOPACHUY,consulta externa,nuevas en personas de 5 a 14 anos,2007-09-01,44,51,44,51,95
SORACACHI,consulta externa,nuevas en personas de 5 a 14 anos,2007-09-01,29,19,29,19,48
SORATA,consulta externa,nuevas en personas de 5 a 14 anos,2007-09-01,86,66,86,66,152
SUCRE,consulta externa,nuevas en personas de 5 a 14 anos,2007-09-01,3002,2980,3002,2980,5982
TACACHI,consulta externa,nuevas en personas de 5 a 14 anos,2007-09-01,4,0,4,0,4
TACACOMA,consulta externa,nuevas en personas de 5 a 14 anos,2007-09-01,23,22,23,22,45
TACOBAMBA,consulta externa,nuevas en personas de 5 a 14 anos,2007-09-01,61,43,61,43,104
TACOPAYA,consulta externa,nuevas en personas de 5 a 14 anos,2007-09-01,22,36,22,36,58
TAHUA,consulta externa,nuevas en personas de 5 a 14 anos,2007-09-01,18,30,18,30,48
TAPACARI,consulta externa,nuevas en personas de 5 a 14 anos,2007-09-01,71,66,71,66,137
TARABUCO,consulta externa,nuevas en personas de 5 a 14 anos,2007-09-01,92,96,92,96,188
TARACO,consulta externa,nuevas en personas de 5 a 14 anos,2007-09-01,9,7,9,7,16
TARATA,consulta externa,nuevas en personas de 5 a 14 anos,2007-09-01,66,58,66,58,124
TARIJA,consulta externa,nuevas en personas de 5 a 14 anos,2007-09-01,2259,2130,2259,2130,4389
TARVITA,consulta externa,nuevas en personas de 5 a 14 anos,2007-09-01,187,221,187,221,408
TEOPONTE,consulta externa,nuevas en personas de 5 a 14 anos,2007-09-01,221,208,221,208,429
TIAWANACU,consulta externa,nuevas en personas de 5 a 14 anos,2007-09-01,84,94,84,94,178
TINGUIPAYA,consulta externa,nuevas en personas de 5 a 14 anos,2007-09-01,66,73,66,73,139
TIPUANI,consulta externa,nuevas en personas de 5 a 14 anos,2007-09-01,45,48,45,48,93
TIQUIPAYA,consulta externa,nuevas en personas de 5 a 14 anos,2007-09-01,134,143,134,143,277
TIRAQUE (CBBA),consulta externa,nuevas en personas de 5 a 14 anos,2007-09-01,180,135,180,135,315
TITO YUPANQUI (PARQUIPUJIO),consulta externa,nuevas en personas de 5 a 14 anos,2007-09-01,7,4,7,4,11
TOCO,consulta externa,nuevas en personas de 5 a 14 anos,2007-09-01,24,12,24,12,36
TODOS SANTOS,consulta externa,nuevas en personas de 5 a 14 anos,2007-09-01,2,2,2,2,4
TOLATA,consulta externa,nuevas en personas de 5 a 14 anos,2007-09-01,23,21,23,21,44
TOLEDO,consulta externa,nuevas en personas de 5 a 14 anos,2007-09-01,44,26,44,26,70
TOMAVE,consulta externa,nuevas en personas de 5 a 14 anos,2007-09-01,83,64,83,64,147
TOMINA,consulta externa,nuevas en personas de 5 a 14 anos,2007-09-01,111,70,111,70,181
TORO TORO,consulta externa,nuevas en personas de 5 a 14 anos,2007-09-01,99,89,99,89,188
TOTORA(CBBA),consulta externa,nuevas en personas de 5 a 14 anos,2007-09-01,17,29,17,29,46
TOTORA(ORR),consulta externa,nuevas en personas de 5 a 14 anos,2007-09-01,49,58,49,58,107
TRIGAL,consulta externa,nuevas en personas de 5 a 14 anos,2007-09-01,16,16,16,16,32
TRINIDAD,consulta externa,nuevas en personas de 5 a 14 anos,2007-09-01,893,825,893,825,1718
TUPIZA,consulta externa,nuevas en personas de 5 a 14 anos,2007-09-01,480,551,480,551,1031
TURCO,consulta externa,nuevas en personas de 5 a 14 anos,2007-09-01,43,54,43,54,97
UMALA,consulta externa,nuevas en personas de 5 a 14 anos,2007-09-01,11,9,11,9,20
UNCIA,consulta externa,nuevas en personas de 5 a 14 anos,2007-09-01,137,107,137,107,244
URIONDO (A. CONCEPCION),consulta externa,nuevas en personas de 5 a 14 anos,2007-09-01,259,289,259,289,548
URUBICHA,consulta externa,nuevas en personas de 5 a 14 anos,2007-09-01,35,33,35,33,68
UYUNI,consulta externa,nuevas en personas de 5 a 14 anos,2007-09-01,109,121,109,121,230
VACAS,consulta externa,nuevas en personas de 5 a 14 anos,2007-09-01,47,38,47,38,85
VALLEGRANDE,consulta externa,nuevas en personas de 5 a 14 anos,2007-09-01,274,287,274,287,561
VIACHA,consulta externa,nuevas en personas de 5 a 14 anos,2007-09-01,168,167,168,167,335
VILA VILA,consulta externa,nuevas en personas de 5 a 14 anos,2007-09-01,17,5,17,5,22
VILLA MONTES,consulta externa,nuevas en personas de 5 a 14 anos,2007-09-01,444,460,444,460,904
VILLA NUEVA (LOMA ALTA),consulta externa,nuevas en personas de 5 a 14 anos,2007-09-01,23,20,23,20,43
VILLA RIVERO,consulta externa,nuevas en personas de 5 a 14 anos,2007-09-01,12,21,12,21,33
VILLA SERRANO,consulta externa,nuevas en personas de 5 a 14 anos,2007-09-01,68,63,68,63,131
VILLA TUNARI,consulta externa,nuevas en personas de 5 a 14 anos,2007-09-01,275,228,275,228,503
VILLA VACA GUZMAN (MUYUPAMPA),consulta externa,nuevas en personas de 5 a 14 anos,2007-09-01,95,85,95,85,180
VILLAZON,consulta externa,nuevas en personas de 5 a 14 anos,2007-09-01,279,256,279,256,535
VINTO,consulta externa,nuevas en personas de 5 a 14 anos,2007-09-01,56,46,56,46,102
VITICHI,consulta externa,nuevas en personas de 5 a 14 anos,2007-09-01,66,57,66,57,123
WALDO BALLIVIAN,consulta externa,nuevas en personas de 5 a 14 anos,2007-09-01,7,9,7,9,16
WARNES,consulta externa,nuevas en personas de 5 a 14 anos,2007-09-01,285,222,285,222,507
YACO,consulta externa,nuevas en personas de 5 a 14 anos,2007-09-01,59,45,59,45,104
YACUIBA,consulta externa,nuevas en personas de 5 a 14 anos,2007-09-01,1083,1168,1083,1168,2251
YAMPARAEZ,consulta externa,nuevas en personas de 5 a 14 anos,2007-09-01,36,49,36,49,85
YANACACHI,consulta externa,nuevas en personas de 5 a 14 anos,2007-09-01,54,52,54,52,106
YAPACANI,consulta externa,nuevas en personas de 5 a 14 anos,2007-09-01,171,167,171,167,338
YOCALLA,consulta externa,nuevas en personas de 5 a 14 anos,2007-09-01,51,61,51,61,112
YOTALA,consulta externa,nuevas en personas de 5 a 14 anos,2007-09-01,47,51,47,51,98
YUNCHARA,consulta externa,nuevas en personas de 5 a 14 anos,2007-09-01,151,201,151,201,352
ZUDAÑEZ,consulta externa,nuevas en personas de 5 a 14 anos,2007-09-01,57,57,57,57,114
ACACIO,consulta externa,nuevas en personas de 5 a 14 anos,2007-10-01,35,27,35,27,62
ACHACACHI,consulta externa,nuevas en personas de 5 a 14 anos,2007-10-01,126,143,126,143,269
ACHOCALLA,consulta externa,nuevas en personas de 5 a 14 anos,2007-10-01,28,25,28,25,53
AIQUILE,consulta externa,nuevas en personas de 5 a 14 anos,2007-10-01,134,147,134,147,281
ALALAY,consulta externa,nuevas en personas de 5 a 14 anos,2007-10-01,11,4,11,4,15
ALCALA,consulta externa,nuevas en personas de 5 a 14 anos,2007-10-01,166,154,166,154,320
ANCORAIMES,consulta externa,nuevas en personas de 5 a 14 anos,2007-10-01,28,36,28,36,64
ANDAMARCA,consulta externa,nuevas en personas de 5 a 14 anos,2007-10-01,61,37,61,37,98
ANTEQUERA,consulta externa,nuevas en personas de 5 a 14 anos,2007-10-01,47,41,47,41,88
ANZALDO,consulta externa,nuevas en personas de 5 a 14 anos,2007-10-01,26,45,26,45,71
APOLO,consulta externa,nuevas en personas de 5 a 14 anos,2007-10-01,70,47,70,47,117
ARAMPAMPA,consulta externa,nuevas en personas de 5 a 14 anos,2007-10-01,18,14,18,14,32
ARANI,consulta externa,nuevas en personas de 5 a 14 anos,2007-10-01,22,20,22,20,42
ARBIETO,consulta externa,nuevas en personas de 5 a 14 anos,2007-10-01,26,35,26,35,61
ARQUE,consulta externa,nuevas en personas de 5 a 14 anos,2007-10-01,55,39,55,39,94
ASCENCION DE GUARAYOS,consulta externa,nuevas en personas de 5 a 14 anos,2007-10-01,82,85,82,85,167
ATOCHA,consulta externa,nuevas en personas de 5 a 14 anos,2007-10-01,341,431,341,431,772
AUCAPATA,consulta externa,nuevas en personas de 5 a 14 anos,2007-10-01,56,47,56,47,103
AYATA,consulta externa,nuevas en personas de 5 a 14 anos,2007-10-01,54,49,54,49,103
AYO AYO,consulta externa,nuevas en personas de 5 a 14 anos,2007-10-01,24,20,24,20,44
AYOPAYA (V. DE INDEPENDENCIA),consulta externa,nuevas en personas de 5 a 14 anos,2007-10-01,126,92,126,92,218
AZURDUY,consulta externa,nuevas en personas de 5 a 14 anos,2007-10-01,97,126,97,126,223
BATALLAS,consulta externa,nuevas en personas de 5 a 14 anos,2007-10-01,36,24,36,24,60
BAURES,consulta externa,nuevas en personas de 5 a 14 anos,2007-10-01,45,38,45,38,83
BELEN DE ANDAMARCA,consulta externa,nuevas en personas de 5 a 14 anos,2007-10-01,19,22,19,22,41
BELEN DE URMIRI,consulta externa,nuevas en personas de 5 a 14 anos,2007-10-01,11,16,11,16,27
BELLA FLOR,consulta externa,nuevas en personas de 5 a 14 anos,2007-10-01,59,92,59,92,151
BERMEJO,consulta externa,nuevas en personas de 5 a 14 anos,2007-10-01,859,776,859,776,1635
BETANZOS,consulta externa,nuevas en personas de 5 a 14 anos,2007-10-01,251,263,251,263,514
BOLIVAR,consulta externa,nuevas en personas de 5 a 14 anos,2007-10-01,22,19,22,19,41
BOLPEBRA,consulta externa,nuevas en personas de 5 a 14 anos,2007-10-01,8,3,8,3,11
BOYUIBE,consulta externa,nuevas en personas de 5 a 14 anos,2007-10-01,116,85,116,85,201
BUENA VISTA,consulta externa,nuevas en personas de 5 a 14 anos,2007-10-01,99,88,99,88,187
CABEZAS,consulta externa,nuevas en personas de 5 a 14 anos,2007-10-01,130,140,130,140,270
CAIROMA,consulta externa,nuevas en personas de 5 a 14 anos,2007-10-01,66,70,66,70,136
"CAIZA ""D""",consulta externa,nuevas en personas de 5 a 14 anos,2007-10-01,45,65,45,65,110
CAJUATA,consulta externa,nuevas en personas de 5 a 14 anos,2007-10-01,71,85,71,85,156
CALACOTO,consulta externa,nuevas en personas de 5 a 14 anos,2007-10-01,173,165,173,165,338
CALAMARCA,consulta externa,nuevas en personas de 5 a 14 anos,2007-10-01,47,54,47,54,101
CAMARGO,consulta externa,nuevas en personas de 5 a 14 anos,2007-10-01,86,115,86,115,201
CAMATAQUI (C. VILLA ABECIA),consulta externa,nuevas en personas de 5 a 14 anos,2007-10-01,31,28,31,28,59
CAMIRI,consulta externa,nuevas en personas de 5 a 14 anos,2007-10-01,504,542,504,542,1046
CAPINOTA,consulta externa,nuevas en personas de 5 a 14 anos,2007-10-01,96,127,96,127,223
CAQUIAVIRI,consulta externa,nuevas en personas de 5 a 14 anos,2007-10-01,26,31,26,31,57
CARACOLLO,consulta externa,nuevas en personas de 5 a 14 anos,2007-10-01,104,121,104,121,225
CARANAVI,consulta externa,nuevas en personas de 5 a 14 anos,2007-10-01,406,364,406,364,770
CARANGAS,consulta externa,nuevas en personas de 5 a 14 anos,2007-10-01,1,4,1,4,5
CARAPARI,consulta externa,nuevas en personas de 5 a 14 anos,2007-10-01,272,284,272,284,556
CARIPUYO,consulta externa,nuevas en personas de 5 a 14 anos,2007-10-01,34,23,34,23,57
CARMEN RIVERO TORREZ,consulta externa,nuevas en personas de 5 a 14 anos,2007-10-01,8,5,8,5,13
CATACORA,consulta externa,nuevas en personas de 5 a 14 anos,2007-10-01,20,24,20,24,44
CHALLAPATA,consulta externa,nuevas en personas de 5 a 14 anos,2007-10-01,179,151,179,151,330
CHAQUI,consulta externa,nuevas en personas de 5 a 14 anos,2007-10-01,43,26,43,26,69
CHARAGUA,consulta externa,nuevas en personas de 5 a 14 anos,2007-10-01,113,112,113,112,225
CHARAÑA,consulta externa,nuevas en personas de 5 a 14 anos,2007-10-01,8,15,8,15,23
CHAYANTA,consulta externa,nuevas en personas de 5 a 14 anos,2007-10-01,101,100,101,100,201
CHIMORE,consulta externa,nuevas en personas de 5 a 14 anos,2007-10-01,85,70,85,70,155
CHIPAYA,consulta externa,nuevas en personas de 5 a 14 anos,2007-10-01,11,10,11,10,21
CHOQUE COTA,consulta externa,nuevas en personas de 5 a 14 anos,2007-10-01,8,13,8,13,21
CHULUMANI (V. DE LA LIBERTAD),consulta externa,nuevas en personas de 5 a 14 anos,2007-10-01,98,69,98,69,167
CHUMA,consulta externa,nuevas en personas de 5 a 14 anos,2007-10-01,52,36,52,36,88
CLIZA,consulta externa,nuevas en personas de 5 a 14 anos,2007-10-01,61,59,61,59,120
COBIJA,consulta externa,nuevas en personas de 5 a 14 anos,2007-10-01,348,323,348,323,671
COCHABAMBA,consulta externa,nuevas en personas de 5 a 14 anos,2007-10-01,5194,5257,5194,5257,10451
COIPASA,consulta externa,nuevas en personas de 5 a 14 anos,2007-10-01,6,8,6,8,14
COLCAPIRHUA,consulta externa,nuevas en personas de 5 a 14 anos,2007-10-01,206,192,206,192,398
"COLCHA ""K""",consulta externa,nuevas en personas de 5 a 14 anos,2007-10-01,61,95,61,95,156
COLLANA,consulta externa,nuevas en personas de 5 a 14 anos,2007-10-01,16,11,16,11,27
COLOMI,consulta externa,nuevas en personas de 5 a 14 anos,2007-10-01,45,40,45,40,85
COLPA BELGICA,consulta externa,nuevas en personas de 5 a 14 anos,2007-10-01,64,79,64,79,143
COLQUECHACA,consulta externa,nuevas en personas de 5 a 14 anos,2007-10-01,137,142,137,142,279
COLQUENCHA,consulta externa,nuevas en personas de 5 a 14 anos,2007-10-01,34,47,34,47,81
COLQUIRI,consulta externa,nuevas en personas de 5 a 14 anos,2007-10-01,72,72,72,72,144
COMANCHE,consulta externa,nuevas en personas de 5 a 14 anos,2007-10-01,34,43,34,43,77
COMARAPA,consulta externa,nuevas en personas de 5 a 14 anos,2007-10-01,100,65,100,65,165
COMBAYA,consulta externa,nuevas en personas de 5 a 14 anos,2007-10-01,6,7,6,7,13
CONCEPCION,consulta externa,nuevas en personas de 5 a 14 anos,2007-10-01,19,17,19,17,36
COPACABANA,consulta externa,nuevas en personas de 5 a 14 anos,2007-10-01,33,27,33,27,60
CORIPATA,consulta externa,nuevas en personas de 5 a 14 anos,2007-10-01,182,182,182,182,364
CORO CORO,consulta externa,nuevas en personas de 5 a 14 anos,2007-10-01,13,28,13,28,41
COROICO,consulta externa,nuevas en personas de 5 a 14 anos,2007-10-01,83,93,83,93,176
CORQUE,consulta externa,nuevas en personas de 5 a 14 anos,2007-10-01,33,41,33,41,74
COTAGAITA,consulta externa,nuevas en personas de 5 a 14 anos,2007-10-01,346,307,346,307,653
COTOCA,consulta externa,nuevas en personas de 5 a 14 anos,2007-10-01,100,84,100,84,184
CUATRO CAÑADAS,consulta externa,nuevas en personas de 5 a 14 anos,2007-10-01,80,77,80,77,157
CUCHUMUELA (V. G. VILLARROEL),consulta externa,nuevas en personas de 5 a 14 anos,2007-10-01,5,4,5,4,9
CUEVO,consulta externa,nuevas en personas de 5 a 14 anos,2007-10-01,73,83,73,83,156
CULPINA,consulta externa,nuevas en personas de 5 a 14 anos,2007-10-01,131,145,131,145,276
CURAHUARA DE CARANGAS,consulta externa,nuevas en personas de 5 a 14 anos,2007-10-01,49,46,49,46,95
CURVA,consulta externa,nuevas en personas de 5 a 14 anos,2007-10-01,26,13,26,13,39
DESAGUADERO,consulta externa,nuevas en personas de 5 a 14 anos,2007-10-01,17,16,17,16,33
EL ALTO,consulta externa,nuevas en personas de 5 a 14 anos,2007-10-01,5246,5353,5246,5353,10599
EL CHORO,consulta externa,nuevas en personas de 5 a 14 anos,2007-10-01,41,46,41,46,87
EL PUENTE(STC),consulta externa,nuevas en personas de 5 a 14 anos,2007-10-01,70,79,70,79,149
EL PUENTE(TJA),consulta externa,nuevas en personas de 5 a 14 anos,2007-10-01,186,209,186,209,395
EL TORNO,consulta externa,nuevas en personas de 5 a 14 anos,2007-10-01,318,325,318,325,643
EL VILLAR,consulta externa,nuevas en personas de 5 a 14 anos,2007-10-01,70,62,70,62,132
ENTRE RIOS,consulta externa,nuevas en personas de 5 a 14 anos,2007-10-01,401,430,401,430,831
ENTRE RIOS,consulta externa,nuevas en personas de 5 a 14 anos,2007-10-01,110,82,110,82,192
ESMERALDA,consulta externa,nuevas en personas de 5 a 14 anos,2007-10-01,2,0,2,0,2
EUCALIPTUS,consulta externa,nuevas en personas de 5 a 14 anos,2007-10-01,38,28,38,28,66
EUREKA (SANTOS MERCADO),consulta externa,nuevas en personas de 5 a 14 anos,2007-10-01,9,5,9,5,14
EXALTACION,consulta externa,nuevas en personas de 5 a 14 anos,2007-10-01,83,78,83,78,161
FERNANDEZ ALONSO,consulta externa,nuevas en personas de 5 a 14 anos,2007-10-01,76,69,76,69,145
FILADELFIA,consulta externa,nuevas en personas de 5 a 14 anos,2007-10-01,30,18,30,18,48
GENERAL SAAVEDRA,consulta externa,nuevas en personas de 5 a 14 anos,2007-10-01,102,80,102,80,182
GRAL. J.J. PEREZ (CHARAZANI),consulta externa,nuevas en personas de 5 a 14 anos,2007-10-01,43,28,43,28,71
GUANAY,consulta externa,nuevas en personas de 5 a 14 anos,2007-10-01,53,48,53,48,101
GUAQUI,consulta externa,nuevas en personas de 5 a 14 anos,2007-10-01,19,23,19,23,42
GUAYARAMERIN,consulta externa,nuevas en personas de 5 a 14 anos,2007-10-01,583,529,583,529,1112
GUTIERREZ,consulta externa,nuevas en personas de 5 a 14 anos,2007-10-01,181,200,181,200,381
HUACARETA,consulta externa,nuevas en personas de 5 a 14 anos,2007-10-01,113,122,113,122,235
HUACAYA (VILLA DE HUACAYA),consulta externa,nuevas en personas de 5 a 14 anos,2007-10-01,33,34,33,34,67
HUACHACALLA,consulta externa,nuevas en personas de 5 a 14 anos,2007-10-01,24,21,24,21,45
HUANUNI,consulta externa,nuevas en personas de 5 a 14 anos,2007-10-01,286,267,286,267,553
HUARACAJE,consulta externa,nuevas en personas de 5 a 14 anos,2007-10-01,16,20,16,20,36
HUAYLLAMARCA,consulta externa,nuevas en personas de 5 a 14 anos,2007-10-01,16,17,16,17,33
ICHOCA,consulta externa,nuevas en personas de 5 a 14 anos,2007-10-01,17,11,17,11,28
ICLA,consulta externa,nuevas en personas de 5 a 14 anos,2007-10-01,65,79,65,79,144
INCAHUASI,consulta externa,nuevas en personas de 5 a 14 anos,2007-10-01,153,187,153,187,340
INGAVI (HUMAITA),consulta externa,nuevas en personas de 5 a 14 anos,2007-10-01,10,6,10,6,16
INQUISIVI,consulta externa,nuevas en personas de 5 a 14 anos,2007-10-01,43,66,43,66,109
IRUPANA (VILLA DE LANZA),consulta externa,nuevas en personas de 5 a 14 anos,2007-10-01,110,117,110,117,227
IXIAMAS,consulta externa,nuevas en personas de 5 a 14 anos,2007-10-01,19,28,19,28,47
JESUS DE MACHACA,consulta externa,nuevas en personas de 5 a 14 anos,2007-10-01,52,68,52,68,120
LA ASUNTA,consulta externa,nuevas en personas de 5 a 14 anos,2007-10-01,178,200,178,200,378
LA GUARDIA,consulta externa,nuevas en personas de 5 a 14 anos,2007-10-01,239,216,239,216,455
LA PAZ,consulta externa,nuevas en personas de 5 a 14 anos,2007-10-01,7845,7323,7845,7323,15168
LA RIVERA,consulta externa,nuevas en personas de 5 a 14 anos,2007-10-01,1,2,1,2,3
LAGUNILLAS,consulta externa,nuevas en personas de 5 a 14 anos,2007-10-01,125,100,125,100,225
LAJA,consulta externa,nuevas en personas de 5 a 14 anos,2007-10-01,37,27,37,27,64
LAS CARRERAS,consulta externa,nuevas en personas de 5 a 14 anos,2007-10-01,29,41,29,41,70
LICOMA PAMPA,consulta externa,nuevas en personas de 5 a 14 anos,2007-10-01,19,25,19,25,44
LLALLAGUA,consulta externa,nuevas en personas de 5 a 14 anos,2007-10-01,171,167,171,167,338
LLICA,consulta externa,nuevas en personas de 5 a 14 anos,2007-10-01,44,41,44,41,85
LORETO,consulta externa,nuevas en personas de 5 a 14 anos,2007-10-01,81,88,81,88,169
LURIBAY,consulta externa,nuevas en personas de 5 a 14 anos,2007-10-01,65,58,65,58,123
MACHACAMARCA,consulta externa,nuevas en personas de 5 a 14 anos,2007-10-01,26,16,26,16,42
MACHARETI,consulta externa,nuevas en personas de 5 a 14 anos,2007-10-01,149,190,149,190,339
MAGDALENA,consulta externa,nuevas en personas de 5 a 14 anos,2007-10-01,45,50,45,50,95
MAIRANA,consulta externa,nuevas en personas de 5 a 14 anos,2007-10-01,65,53,65,53,118
MALLA,consulta externa,nuevas en personas de 5 a 14 anos,2007-10-01,52,43,52,43,95
MAPIRI,consulta externa,nuevas en personas de 5 a 14 anos,2007-10-01,62,43,62,43,105
MECAPACA,consulta externa,nuevas en personas de 5 a 14 anos,2007-10-01,76,57,76,57,133
MINEROS,consulta externa,nuevas en personas de 5 a 14 anos,2007-10-01,48,49,48,49,97
MIZQUE,consulta externa,nuevas en personas de 5 a 14 anos,2007-10-01,52,29,52,29,81
MOCOMOCO,consulta externa,nuevas en personas de 5 a 14 anos,2007-10-01,70,71,70,71,141
MOJINETE,consulta externa,nuevas en personas de 5 a 14 anos,2007-10-01,14,9,14,9,23
MOJOCOYA,consulta externa,nuevas en personas de 5 a 14 anos,2007-10-01,57,45,57,45,102
MONTEAGUDO,consulta externa,nuevas en personas de 5 a 14 anos,2007-10-01,405,377,405,377,782
MONTERO,consulta externa,nuevas en personas de 5 a 14 anos,2007-10-01,963,878,963,878,1841
MORO MORO,consulta externa,nuevas en personas de 5 a 14 anos,2007-10-01,19,21,19,21,40
MOROCHATA,consulta externa,nuevas en personas de 5 a 14 anos,2007-10-01,60,54,60,54,114
NACEBE (SANTA ROSA DEL ABUNA),consulta externa,nuevas en personas de 5 a 14 anos,2007-10-01,53,50,53,50,103
NAZACARA DE PACAJES,consulta externa,nuevas en personas de 5 a 14 anos,2007-10-01,0,1,0,1,1
NUEVO MANOA (NUEVA ESPERANZA),consulta externa,nuevas en personas de 5 a 14 anos,2007-10-01,26,20,26,20,46
OCURI,consulta externa,nuevas en personas de 5 a 14 anos,2007-10-01,105,101,105,101,206
OKINAWA,consulta externa,nuevas en personas de 5 a 14 anos,2007-10-01,183,76,183,76,259
OMEREQUE,consulta externa,nuevas en personas de 5 a 14 anos,2007-10-01,59,57,59,57,116
ORURO,consulta externa,nuevas en personas de 5 a 14 anos,2007-10-01,3180,3205,3180,3205,6385
PADCAYA,consulta externa,nuevas en personas de 5 a 14 anos,2007-10-01,598,668,598,668,1266
PADILLA,consulta externa,nuevas en personas de 5 a 14 anos,2007-10-01,182,219,182,219,401
PAILON,consulta externa,nuevas en personas de 5 a 14 anos,2007-10-01,121,114,121,114,235
PALCA,consulta externa,nuevas en personas de 5 a 14 anos,2007-10-01,51,56,51,56,107
PALOS BLANCOS,consulta externa,nuevas en personas de 5 a 14 anos,2007-10-01,154,131,154,131,285
PAMPA AULLAGAS,consulta externa,nuevas en personas de 5 a 14 anos,2007-10-01,29,32,29,32,61
PAMPA GRANDE,consulta externa,nuevas en personas de 5 a 14 anos,2007-10-01,60,48,60,48,108
PAPEL PAMPA,consulta externa,nuevas en personas de 5 a 14 anos,2007-10-01,61,59,61,59,120
PASORAPA,consulta externa,nuevas en personas de 5 a 14 anos,2007-10-01,22,30,22,30,52
PATACAMAYA,consulta externa,nuevas en personas de 5 a 14 anos,2007-10-01,59,42,59,42,101
PAZÑA,consulta externa,nuevas en personas de 5 a 14 anos,2007-10-01,32,26,32,26,58
PELECHUCO,consulta externa,nuevas en personas de 5 a 14 anos,2007-10-01,26,16,26,16,42
POCOATA,consulta externa,nuevas en personas de 5 a 14 anos,2007-10-01,82,73,82,73,155
POCONA,consulta externa,nuevas en personas de 5 a 14 anos,2007-10-01,44,72,44,72,116
POJO (CBBA),consulta externa,nuevas en personas de 5 a 14 anos,2007-10-01,15,14,15,14,29
POOPO,consulta externa,nuevas en personas de 5 a 14 anos,2007-10-01,72,92,72,92,164
PORCO,consulta externa,nuevas en personas de 5 a 14 anos,2007-10-01,53,57,53,57,110
POROMA,consulta externa,nuevas en personas de 5 a 14 anos,2007-10-01,155,143,155,143,298
PORONGO,consulta externa,nuevas en personas de 5 a 14 anos,2007-10-01,96,95,96,95,191
PORTACHUELO,consulta externa,nuevas en personas de 5 a 14 anos,2007-10-01,150,95,150,95,245
PORVENIR,consulta externa,nuevas en personas de 5 a 14 anos,2007-10-01,57,39,57,39,96
POSTRER VALLE,consulta externa,nuevas en personas de 5 a 14 anos,2007-10-01,31,35,31,35,66
POTOSI,consulta externa,nuevas en personas de 5 a 14 anos,2007-10-01,1402,1333,1402,1333,2735
PRESTO,consulta externa,nuevas en personas de 5 a 14 anos,2007-10-01,65,268,65,268,333
PUCARA,consulta externa,nuevas en personas de 5 a 14 anos,2007-10-01,24,21,24,21,45
PUCARANI,consulta externa,nuevas en personas de 5 a 14 anos,2007-10-01,86,94,86,94,180
PUERTO ACOSTA,consulta externa,nuevas en personas de 5 a 14 anos,2007-10-01,83,81,83,81,164
PUERTO CARABUCO,consulta externa,nuevas en personas de 5 a 14 anos,2007-10-01,122,106,122,106,228
PUERTO GONZALO MORENO,consulta externa,nuevas en personas de 5 a 14 anos,2007-10-01,26,24,26,24,50
PUERTO PEREZ,consulta externa,nuevas en personas de 5 a 14 anos,2007-10-01,16,13,16,13,29
PUERTO QUIJARRO,consulta externa,nuevas en personas de 5 a 14 anos,2007-10-01,127,139,127,139,266
PUERTO RICO,consulta externa,nuevas en personas de 5 a 14 anos,2007-10-01,139,145,139,145,284
PUERTO SILES,consulta externa,nuevas en personas de 5 a 14 anos,2007-10-01,18,23,18,23,41
PUERTO SUAREZ,consulta externa,nuevas en personas de 5 a 14 anos,2007-10-01,113,132,113,132,245
PUERTO VILLARROEL,consulta externa,nuevas en personas de 5 a 14 anos,2007-10-01,221,171,221,171,392
PUNA,consulta externa,nuevas en personas de 5 a 14 anos,2007-10-01,196,209,196,209,405
PUNATA,consulta externa,nuevas en personas de 5 a 14 anos,2007-10-01,140,123,140,123,263
QUIABAYA,consulta externa,nuevas en personas de 5 a 14 anos,2007-10-01,12,8,12,8,20
QUILLACOLLO,consulta externa,nuevas en personas de 5 a 14 anos,2007-10-01,326,293,326,293,619
QUIME,consulta externa,nuevas en personas de 5 a 14 anos,2007-10-01,41,49,41,49,90
QUIRUSILLAS,consulta externa,nuevas en personas de 5 a 14 anos,2007-10-01,33,17,33,17,50
RAVELO,consulta externa,nuevas en personas de 5 a 14 anos,2007-10-01,85,78,85,78,163
REYES,consulta externa,nuevas en personas de 5 a 14 anos,2007-10-01,58,70,58,70,128
RIBERALTA,consulta externa,nuevas en personas de 5 a 14 anos,2007-10-01,549,523,549,523,1072
ROBORE,consulta externa,nuevas en personas de 5 a 14 anos,2007-10-01,107,92,107,92,199
RURRENABAQUE,consulta externa,nuevas en personas de 5 a 14 anos,2007-10-01,73,100,73,100,173
SABAYA,consulta externa,nuevas en personas de 5 a 14 anos,2007-10-01,31,22,31,22,53
SACABA,consulta externa,nuevas en personas de 5 a 14 anos,2007-10-01,414,383,414,383,797
SACABAMBA,consulta externa,nuevas en personas de 5 a 14 anos,2007-10-01,22,17,22,17,39
SACACA,consulta externa,nuevas en personas de 5 a 14 anos,2007-10-01,155,177,155,177,332
SAIPINA,consulta externa,nuevas en personas de 5 a 14 anos,2007-10-01,24,19,24,19,43
SALINAS DE GARCI MENDOZA,consulta externa,nuevas en personas de 5 a 14 anos,2007-10-01,88,78,88,78,166
SAMAIPATA,consulta externa,nuevas en personas de 5 a 14 anos,2007-10-01,85,59,85,59,144
SAN AGUSTIN,consulta externa,nuevas en personas de 5 a 14 anos,2007-10-01,21,21,21,21,42
SAN ANDRES,consulta externa,nuevas en personas de 5 a 14 anos,2007-10-01,132,130,132,130,262
SAN ANDRES DE MACHACA,consulta externa,nuevas en personas de 5 a 14 anos,2007-10-01,31,55,31,55,86
SAN ANTONIO DE ESMORUCO,consulta externa,nuevas en personas de 5 a 14 anos,2007-10-01,32,32,32,32,64
SAN ANTONIO DE LOMERIO,consulta externa,nuevas en personas de 5 a 14 anos,2007-10-01,25,13,25,13,38
SAN BENITO,consulta externa,nuevas en personas de 5 a 14 anos,2007-10-01,43,42,43,42,85
SAN BORJA,consulta externa,nuevas en personas de 5 a 14 anos,2007-10-01,123,122,123,122,245
SAN BUENA VENTURA,consulta externa,nuevas en personas de 5 a 14 anos,2007-10-01,96,83,96,83,179
SAN CARLOS,consulta externa,nuevas en personas de 5 a 14 anos,2007-10-01,116,93,116,93,209
SAN IGNACIO,consulta externa,nuevas en personas de 5 a 14 anos,2007-10-01,313,308,313,308,621
SAN IGNACIO DE VELASCO,consulta externa,nuevas en personas de 5 a 14 anos,2007-10-01,210,255,210,255,465
SAN JAVIER(BNI),consulta externa,nuevas en personas de 5 a 14 anos,2007-10-01,19,21,19,21,40
SAN JAVIER(STC),consulta externa,nuevas en personas de 5 a 14 anos,2007-10-01,32,34,32,34,66
SAN JOAQUIN,consulta externa,nuevas en personas de 5 a 14 anos,2007-10-01,27,38,27,38,65
SAN JOSE DE CHIQUITOS,consulta externa,nuevas en personas de 5 a 14 anos,2007-10-01,142,131,142,131,273
SAN JUAN DE YAPACANI,consulta externa,nuevas en personas de 5 a 14 anos,2007-10-01,73,64,73,64,137
SAN JULIAN,consulta externa,nuevas en personas de 5 a 14 anos,2007-10-01,263,311,263,311,574
SAN LORENZO(PND),consulta externa,nuevas en personas de 5 a 14 anos,2007-10-01,8,19,8,19,27
SAN LORENZO(TJA),consulta externa,nuevas en personas de 5 a 14 anos,2007-10-01,456,530,456,530,986
SAN LUCAS,consulta externa,nuevas en personas de 5 a 14 anos,2007-10-01,215,224,215,224,439
SAN MATIAS,consulta externa,nuevas en personas de 5 a 14 anos,2007-10-01,53,57,53,57,110
SAN MIGUEL DE VELASCO,consulta externa,nuevas en personas de 5 a 14 anos,2007-10-01,56,49,56,49,105
SAN PABLO DE LIPEZ,consulta externa,nuevas en personas de 5 a 14 anos,2007-10-01,53,40,53,40,93
SAN PEDRO,consulta externa,nuevas en personas de 5 a 14 anos,2007-10-01,153,134,153,134,287
SAN PEDRO DE BUENA VISTA,consulta externa,nuevas en personas de 5 a 14 anos,2007-10-01,109,92,109,92,201
SAN PEDRO DE CURAHUARA,consulta externa,nuevas en personas de 5 a 14 anos,2007-10-01,151,164,151,164,315
SAN PEDRO DE QUEMES,consulta externa,nuevas en personas de 5 a 14 anos,2007-10-01,5,5,5,5,10
SAN PEDRO DE TIQUINA,consulta externa,nuevas en personas de 5 a 14 anos,2007-10-01,21,8,21,8,29
SAN PEDRO(PND),consulta externa,nuevas en personas de 5 a 14 anos,2007-10-01,25,25,25,25,50
SAN RAFAEL,consulta externa,nuevas en personas de 5 a 14 anos,2007-10-01,21,16,21,16,37
SAN RAMON,consulta externa,nuevas en personas de 5 a 14 anos,2007-10-01,59,60,59,60,119
SANTA ANA,consulta externa,nuevas en personas de 5 a 14 anos,2007-10-01,79,89,79,89,168
SANTA CRUZ DE LA SIERRA,consulta externa,nuevas en personas de 5 a 14 anos,2007-10-01,11793,11583,11793,11583,23376
SANTA ROSA,consulta externa,nuevas en personas de 5 a 14 anos,2007-10-01,126,122,126,122,248
SANTA ROSA DEL SARA,consulta externa,nuevas en personas de 5 a 14 anos,2007-10-01,113,145,113,145,258
SANTIAGO DE CALLAPA,consulta externa,nuevas en personas de 5 a 14 anos,2007-10-01,60,42,60,42,102
SANTIAGO DE HUARI,consulta externa,nuevas en personas de 5 a 14 anos,2007-10-01,53,74,53,74,127
SANTIAGO DE MACHACA,consulta externa,nuevas en personas de 5 a 14 anos,2007-10-01,1,10,1,10,11
SANTIVAÑES,consulta externa,nuevas en personas de 5 a 14 anos,2007-10-01,29,35,29,35,64
SANTUARIO DE QUILLACAS,consulta externa,nuevas en personas de 5 a 14 anos,2007-10-01,7,5,7,5,12
SAPAHAQUI,consulta externa,nuevas en personas de 5 a 14 anos,2007-10-01,56,53,56,53,109
SENA,consulta externa,nuevas en personas de 5 a 14 anos,2007-10-01,4,10,4,10,14
SICA SICA (VILLA AROMA),consulta externa,nuevas en personas de 5 a 14 anos,2007-10-01,49,49,49,49,98
SICAYA,consulta externa,nuevas en personas de 5 a 14 anos,2007-10-01,6,6,6,6,12
SIPE SIPE,consulta externa,nuevas en personas de 5 a 14 anos,2007-10-01,81,105,81,105,186
SOPACHUY,consulta externa,nuevas en personas de 5 a 14 anos,2007-10-01,67,45,67,45,112
SORACACHI,consulta externa,nuevas en personas de 5 a 14 anos,2007-10-01,69,99,69,99,168
SORATA,consulta externa,nuevas en personas de 5 a 14 anos,2007-10-01,77,63,77,63,140
SUCRE,consulta externa,nuevas en personas de 5 a 14 anos,2007-10-01,2744,2964,2744,2964,5708
TACACHI,consulta externa,nuevas en personas de 5 a 14 anos,2007-10-01,1,6,1,6,7
TACACOMA,consulta externa,nuevas en personas de 5 a 14 anos,2007-10-01,28,25,28,25,53
TACOBAMBA,consulta externa,nuevas en personas de 5 a 14 anos,2007-10-01,82,64,82,64,146
TACOPAYA,consulta externa,nuevas en personas de 5 a 14 anos,2007-10-01,42,40,42,40,82
TAHUA,consulta externa,nuevas en personas de 5 a 14 anos,2007-10-01,10,16,10,16,26
TAPACARI,consulta externa,nuevas en personas de 5 a 14 anos,2007-10-01,76,94,76,94,170
TARABUCO,consulta externa,nuevas en personas de 5 a 14 anos,2007-10-01,75,90,75,90,165
TARACO,consulta externa,nuevas en personas de 5 a 14 anos,2007-10-01,15,9,15,9,24
TARATA,consulta externa,nuevas en personas de 5 a 14 anos,2007-10-01,21,27,21,27,48
TARIJA,consulta externa,nuevas en personas de 5 a 14 anos,2007-10-01,2596,2507,2596,2507,5103
TARVITA,consulta externa,nuevas en personas de 5 a 14 anos,2007-10-01,99,115,99,115,214
TEOPONTE,consulta externa,nuevas en personas de 5 a 14 anos,2007-10-01,38,51,38,51,89
TIAWANACU,consulta externa,nuevas en personas de 5 a 14 anos,2007-10-01,62,50,62,50,112
TINGUIPAYA,consulta externa,nuevas en personas de 5 a 14 anos,2007-10-01,117,116,117,116,233
TIPUANI,consulta externa,nuevas en personas de 5 a 14 anos,2007-10-01,32,34,32,34,66
TIQUIPAYA,consulta externa,nuevas en personas de 5 a 14 anos,2007-10-01,165,181,165,181,346
TIRAQUE (CBBA),consulta externa,nuevas en personas de 5 a 14 anos,2007-10-01,127,138,127,138,265
TITO YUPANQUI (PARQUIPUJIO),consulta externa,nuevas en personas de 5 a 14 anos,2007-10-01,12,9,12,9,21
TOCO,consulta externa,nuevas en personas de 5 a 14 anos,2007-10-01,12,20,12,20,32
TODOS SANTOS,consulta externa,nuevas en personas de 5 a 14 anos,2007-10-01,5,2,5,2,7
TOLATA,consulta externa,nuevas en personas de 5 a 14 anos,2007-10-01,36,31,36,31,67
TOLEDO,consulta externa,nuevas en personas de 5 a 14 anos,2007-10-01,35,38,35,38,73
TOMAVE,consulta externa,nuevas en personas de 5 a 14 anos,2007-10-01,74,95,74,95,169
TOMINA,consulta externa,nuevas en personas de 5 a 14 anos,2007-10-01,82,90,82,90,172
TORO TORO,consulta externa,nuevas en personas de 5 a 14 anos,2007-10-01,59,54,59,54,113
TOTORA(CBBA),consulta externa,nuevas en personas de 5 a 14 anos,2007-10-01,24,40,24,40,64
TOTORA(ORR),consulta externa,nuevas en personas de 5 a 14 anos,2007-10-01,40,42,40,42,82
TRIGAL,consulta externa,nuevas en personas de 5 a 14 anos,2007-10-01,10,12,10,12,22
TRINIDAD,consulta externa,nuevas en personas de 5 a 14 anos,2007-10-01,874,851,874,851,1725
TUPIZA,consulta externa,nuevas en personas de 5 a 14 anos,2007-10-01,702,734,702,734,1436
TURCO,consulta externa,nuevas en personas de 5 a 14 anos,2007-10-01,25,29,25,29,54
UMALA,consulta externa,nuevas en personas de 5 a 14 anos,2007-10-01,18,25,18,25,43
UNCIA,consulta externa,nuevas en personas de 5 a 14 anos,2007-10-01,269,215,269,215,484
URIONDO (A. CONCEPCION),consulta externa,nuevas en personas de 5 a 14 anos,2007-10-01,283,351,283,351,634
URUBICHA,consulta externa,nuevas en personas de 5 a 14 anos,2007-10-01,35,18,35,18,53
UYUNI,consulta externa,nuevas en personas de 5 a 14 anos,2007-10-01,172,136,172,136,308
VACAS,consulta externa,nuevas en personas de 5 a 14 anos,2007-10-01,41,38,41,38,79
VALLEGRANDE,consulta externa,nuevas en personas de 5 a 14 anos,2007-10-01,253,241,253,241,494
VIACHA,consulta externa,nuevas en personas de 5 a 14 anos,2007-10-01,227,245,227,245,472
VILA VILA,consulta externa,nuevas en personas de 5 a 14 anos,2007-10-01,19,19,19,19,38
VILLA MONTES,consulta externa,nuevas en personas de 5 a 14 anos,2007-10-01,598,630,598,630,1228
VILLA NUEVA (LOMA ALTA),consulta externa,nuevas en personas de 5 a 14 anos,2007-10-01,42,48,42,48,90
VILLA RIVERO,consulta externa,nuevas en personas de 5 a 14 anos,2007-10-01,22,17,22,17,39
VILLA SERRANO,consulta externa,nuevas en personas de 5 a 14 anos,2007-10-01,62,69,62,69,131
VILLA TUNARI,consulta externa,nuevas en personas de 5 a 14 anos,2007-10-01,374,317,374,317,691
VILLA VACA GUZMAN (MUYUPAMPA),consulta externa,nuevas en personas de 5 a 14 anos,2007-10-01,105,103,105,103,208
VILLAZON,consulta externa,nuevas en personas de 5 a 14 anos,2007-10-01,297,304,297,304,601
VINTO,consulta externa,nuevas en personas de 5 a 14 anos,2007-10-01,62,80,62,80,142
VITICHI,consulta externa,nuevas en personas de 5 a 14 anos,2007-10-01,45,64,45,64,109
WALDO BALLIVIAN,consulta externa,nuevas en personas de 5 a 14 anos,2007-10-01,4,6,4,6,10
WARNES,consulta externa,nuevas en personas de 5 a 14 anos,2007-10-01,297,256,297,256,553
YACO,consulta externa,nuevas en personas de 5 a 14 anos,2007-10-01,74,66,74,66,140
YACUIBA,consulta externa,nuevas en personas de 5 a 14 anos,2007-10-01,1271,1245,1271,1245,2516
YAMPARAEZ,consulta externa,nuevas en personas de 5 a 14 anos,2007-10-01,57,52,57,52,109
YANACACHI,consulta externa,nuevas en personas de 5 a 14 anos,2007-10-01,34,41,34,41,75
YAPACANI,consulta externa,nuevas en personas de 5 a 14 anos,2007-10-01,176,159,176,159,335
YOCALLA,consulta externa,nuevas en personas de 5 a 14 anos,2007-10-01,46,92,46,92,138
YOTALA,consulta externa,nuevas en personas de 5 a 14 anos,2007-10-01,53,64,53,64,117
YUNCHARA,consulta externa,nuevas en personas de 5 a 14 anos,2007-10-01,93,93,93,93,186
ZUDAÑEZ,consulta externa,nuevas en personas de 5 a 14 anos,2007-10-01,57,329,57,329,386
ACACIO,consulta externa,nuevas en personas de 5 a 14 anos,2007-11-01,35,22,35,22,57
ACHACACHI,consulta externa,nuevas en personas de 5 a 14 anos,2007-11-01,105,124,105,124,229
ACHOCALLA,consulta externa,nuevas en personas de 5 a 14 anos,2007-11-01,35,21,35,21,56
AIQUILE,consulta externa,nuevas en personas de 5 a 14 anos,2007-11-01,108,91,108,91,199
ALALAY,consulta externa,nuevas en personas de 5 a 14 anos,2007-11-01,3,3,3,3,6
ALCALA,consulta externa,nuevas en personas de 5 a 14 anos,2007-11-01,102,122,102,122,224
ANCORAIMES,consulta externa,nuevas en personas de 5 a 14 anos,2007-11-01,28,19,28,19,47
ANDAMARCA,consulta externa,nuevas en personas de 5 a 14 anos,2007-11-01,35,50,35,50,85
ANTEQUERA,consulta externa,nuevas en personas de 5 a 14 anos,2007-11-01,52,51,52,51,103
ANZALDO,consulta externa,nuevas en personas de 5 a 14 anos,2007-11-01,15,28,15,28,43
APOLO,consulta externa,nuevas en personas de 5 a 14 anos,2007-11-01,72,68,72,68,140
ARAMPAMPA,consulta externa,nuevas en personas de 5 a 14 anos,2007-11-01,14,9,14,9,23
ARANI,consulta externa,nuevas en personas de 5 a 14 anos,2007-11-01,28,24,28,24,52
ARBIETO,consulta externa,nuevas en personas de 5 a 14 anos,2007-11-01,23,21,23,21,44
ARQUE,consulta externa,nuevas en personas de 5 a 14 anos,2007-11-01,33,29,33,29,62
ASCENCION DE GUARAYOS,consulta externa,nuevas en personas de 5 a 14 anos,2007-11-01,63,54,63,54,117
ATOCHA,consulta externa,nuevas en personas de 5 a 14 anos,2007-11-01,277,297,277,297,574
AUCAPATA,consulta externa,nuevas en personas de 5 a 14 anos,2007-11-01,43,54,43,54,97
AYATA,consulta externa,nuevas en personas de 5 a 14 anos,2007-11-01,52,47,52,47,99
AYO AYO,consulta externa,nuevas en personas de 5 a 14 anos,2007-11-01,19,13,19,13,32
AYOPAYA (V. DE INDEPENDENCIA),consulta externa,nuevas en personas de 5 a 14 anos,2007-11-01,93,100,93,100,193
AZURDUY,consulta externa,nuevas en personas de 5 a 14 anos,2007-11-01,59,69,59,69,128
BATALLAS,consulta externa,nuevas en personas de 5 a 14 anos,2007-11-01,24,13,24,13,37
BAURES,consulta externa,nuevas en personas de 5 a 14 anos,2007-11-01,46,41,46,41,87
BELEN DE ANDAMARCA,consulta externa,nuevas en personas de 5 a 14 anos,2007-11-01,10,14,10,14,24
BELEN DE URMIRI,consulta externa,nuevas en personas de 5 a 14 anos,2007-11-01,11,3,11,3,14
BELLA FLOR,consulta externa,nuevas en personas de 5 a 14 anos,2007-11-01,54,66,54,66,120
BERMEJO,consulta externa,nuevas en personas de 5 a 14 anos,2007-11-01,656,670,656,670,1326
BETANZOS,consulta externa,nuevas en personas de 5 a 14 anos,2007-11-01,171,179,171,179,350
BOLIVAR,consulta externa,nuevas en personas de 5 a 14 anos,2007-11-01,26,33,26,33,59
BOLPEBRA,consulta externa,nuevas en personas de 5 a 14 anos,2007-11-01,7,10,7,10,17
BOYUIBE,consulta externa,nuevas en personas de 5 a 14 anos,2007-11-01,29,27,29,27,56
BUENA VISTA,consulta externa,nuevas en personas de 5 a 14 anos,2007-11-01,86,68,86,68,154
CABEZAS,consulta externa,nuevas en personas de 5 a 14 anos,2007-11-01,113,110,113,110,223
CAIROMA,consulta externa,nuevas en personas de 5 a 14 anos,2007-11-01,65,69,65,69,134
"CAIZA ""D""",consulta externa,nuevas en personas de 5 a 14 anos,2007-11-01,53,59,53,59,112
CAJUATA,consulta externa,nuevas en personas de 5 a 14 anos,2007-11-01,73,55,73,55,128
CALACOTO,consulta externa,nuevas en personas de 5 a 14 anos,2007-11-01,146,163,146,163,309
CALAMARCA,consulta externa,nuevas en personas de 5 a 14 anos,2007-11-01,46,62,46,62,108
CAMARGO,consulta externa,nuevas en personas de 5 a 14 anos,2007-11-01,142,127,142,127,269
CAMATAQUI (C. VILLA ABECIA),consulta externa,nuevas en personas de 5 a 14 anos,2007-11-01,24,36,24,36,60
CAMIRI,consulta externa,nuevas en personas de 5 a 14 anos,2007-11-01,383,441,383,441,824
CAPINOTA,consulta externa,nuevas en personas de 5 a 14 anos,2007-11-01,53,97,53,97,150
CAQUIAVIRI,consulta externa,nuevas en personas de 5 a 14 anos,2007-11-01,47,41,47,41,88
CARACOLLO,consulta externa,nuevas en personas de 5 a 14 anos,2007-11-01,94,127,94,127,221
CARANAVI,consulta externa,nuevas en personas de 5 a 14 anos,2007-11-01,415,401,415,401,816
CARANGAS,consulta externa,nuevas en personas de 5 a 14 anos,2007-11-01,2,1,2,1,3
CARAPARI,consulta externa,nuevas en personas de 5 a 14 anos,2007-11-01,626,578,626,578,1204
CARIPUYO,consulta externa,nuevas en personas de 5 a 14 anos,2007-11-01,37,30,37,30,67
CARMEN RIVERO TORREZ,consulta externa,nuevas en personas de 5 a 14 anos,2007-11-01,19,12,19,12,31
CATACORA,consulta externa,nuevas en personas de 5 a 14 anos,2007-11-01,27,26,27,26,53
CHACARILLA,consulta externa,nuevas en personas de 5 a 14 anos,2007-11-01,4,6,4,6,10
CHALLAPATA,consulta externa,nuevas en personas de 5 a 14 anos,2007-11-01,100,78,100,78,178
CHAQUI,consulta externa,nuevas en personas de 5 a 14 anos,2007-11-01,37,35,37,35,72
CHARAGUA,consulta externa,nuevas en personas de 5 a 14 anos,2007-11-01,92,120,92,120,212
CHARAÑA,consulta externa,nuevas en personas de 5 a 14 anos,2007-11-01,20,9,20,9,29
CHAYANTA,consulta externa,nuevas en personas de 5 a 14 anos,2007-11-01,98,77,98,77,175
CHIMORE,consulta externa,nuevas en personas de 5 a 14 anos,2007-11-01,102,82,102,82,184
CHIPAYA,consulta externa,nuevas en personas de 5 a 14 anos,2007-11-01,6,6,6,6,12
CHOQUE COTA,consulta externa,nuevas en personas de 5 a 14 anos,2007-11-01,6,8,6,8,14
CHULUMANI (V. DE LA LIBERTAD),consulta externa,nuevas en personas de 5 a 14 anos,2007-11-01,91,97,91,97,188
CHUMA,consulta externa,nuevas en personas de 5 a 14 anos,2007-11-01,99,83,99,83,182
CLIZA,consulta externa,nuevas en personas de 5 a 14 anos,2007-11-01,56,48,56,48,104
COBIJA,consulta externa,nuevas en personas de 5 a 14 anos,2007-11-01,226,247,226,247,473
COCHABAMBA,consulta externa,nuevas en personas de 5 a 14 anos,2007-11-01,4260,4246,4260,4246,8506
COIPASA,consulta externa,nuevas en personas de 5 a 14 anos,2007-11-01,5,1,5,1,6
COLCAPIRHUA,consulta externa,nuevas en personas de 5 a 14 anos,2007-11-01,150,152,150,152,302
"COLCHA ""K""",consulta externa,nuevas en personas de 5 a 14 anos,2007-11-01,65,66,65,66,131
COLLANA,consulta externa,nuevas en personas de 5 a 14 anos,2007-11-01,17,9,17,9,26
COLOMI,consulta externa,nuevas en personas de 5 a 14 anos,2007-11-01,47,38,47,38,85
COLPA BELGICA,consulta externa,nuevas en personas de 5 a 14 anos,2007-11-01,39,77,39,77,116
COLQUECHACA,consulta externa,nuevas en personas de 5 a 14 anos,2007-11-01,153,132,153,132,285
COLQUENCHA,consulta externa,nuevas en personas de 5 a 14 anos,2007-11-01,34,35,34,35,69
COLQUIRI,consulta externa,nuevas en personas de 5 a 14 anos,2007-11-01,55,62,55,62,117
COMANCHE,consulta externa,nuevas en personas de 5 a 14 anos,2007-11-01,51,44,51,44,95
COMARAPA,consulta externa,nuevas en personas de 5 a 14 anos,2007-11-01,124,112,124,112,236
COMBAYA,consulta externa,nuevas en personas de 5 a 14 anos,2007-11-01,1,5,1,5,6
CONCEPCION,consulta externa,nuevas en personas de 5 a 14 anos,2007-11-01,58,40,58,40,98
COPACABANA,consulta externa,nuevas en personas de 5 a 14 anos,2007-11-01,32,31,32,31,63
CORIPATA,consulta externa,nuevas en personas de 5 a 14 anos,2007-11-01,70,89,70,89,159
CORO CORO,consulta externa,nuevas en personas de 5 a 14 anos,2007-11-01,49,33,49,33,82
COROICO,consulta externa,nuevas en personas de 5 a 14 anos,2007-11-01,74,88,74,88,162
CORQUE,consulta externa,nuevas en personas de 5 a 14 anos,2007-11-01,61,42,61,42,103
COTAGAITA,consulta externa,nuevas en personas de 5 a 14 anos,2007-11-01,153,189,153,189,342
COTOCA,consulta externa,nuevas en personas de 5 a 14 anos,2007-11-01,64,64,64,64,128
CUATRO CAÑADAS,consulta externa,nuevas en personas de 5 a 14 anos,2007-11-01,95,121,95,121,216
CUCHUMUELA (V. G. VILLARROEL),consulta externa,nuevas en personas de 5 a 14 anos,2007-11-01,7,7,7,7,14
CUEVO,consulta externa,nuevas en personas de 5 a 14 anos,2007-11-01,29,40,29,40,69
CULPINA,consulta externa,nuevas en personas de 5 a 14 anos,2007-11-01,121,107,121,107,228
CURAHUARA DE CARANGAS,consulta externa,nuevas en personas de 5 a 14 anos,2007-11-01,40,38,40,38,78
CURVA,consulta externa,nuevas en personas de 5 a 14 anos,2007-11-01,6,7,6,7,13
DESAGUADERO,consulta externa,nuevas en personas de 5 a 14 anos,2007-11-01,12,11,12,11,23
EL ALTO,consulta externa,nuevas en personas de 5 a 14 anos,2007-11-01,4877,4705,4877,4705,9582
EL CHORO,consulta externa,nuevas en personas de 5 a 14 anos,2007-11-01,63,50,63,50,113
EL PUENTE(STC),consulta externa,nuevas en personas de 5 a 14 anos,2007-11-01,83,65,83,65,148
EL PUENTE(TJA),consulta externa,nuevas en personas de 5 a 14 anos,2007-11-01,261,298,261,298,559
EL TORNO,consulta externa,nuevas en personas de 5 a 14 anos,2007-11-01,296,357,296,357,653
EL VILLAR,consulta externa,nuevas en personas de 5 a 14 anos,2007-11-01,56,42,56,42,98
ENTRE RIOS,consulta externa,nuevas en personas de 5 a 14 anos,2007-11-01,465,503,465,503,968
ENTRE RIOS,consulta externa,nuevas en personas de 5 a 14 anos,2007-11-01,82,58,82,58,140
ESCARA,consulta externa,nuevas en personas de 5 a 14 anos,2007-11-01,2,0,2,0,2
ESMERALDA,consulta externa,nuevas en personas de 5 a 14 anos,2007-11-01,6,2,6,2,8
EUCALIPTUS,consulta externa,nuevas en personas de 5 a 14 anos,2007-11-01,31,21,31,21,52
EUREKA (SANTOS MERCADO),consulta externa,nuevas en personas de 5 a 14 anos,2007-11-01,16,40,16,40,56
EXALTACION,consulta externa,nuevas en personas de 5 a 14 anos,2007-11-01,69,55,69,55,124
FERNANDEZ ALONSO,consulta externa,nuevas en personas de 5 a 14 anos,2007-11-01,87,58,87,58,145
FILADELFIA,consulta externa,nuevas en personas de 5 a 14 anos,2007-11-01,51,49,51,49,100
GENERAL SAAVEDRA,consulta externa,nuevas en personas de 5 a 14 anos,2007-11-01,74,72,74,72,146
GRAL. J.J. PEREZ (CHARAZANI),consulta externa,nuevas en personas de 5 a 14 anos,2007-11-01,48,52,48,52,100
GUANAY,consulta externa,nuevas en personas de 5 a 14 anos,2007-11-01,54,36,54,36,90
GUAQUI,consulta externa,nuevas en personas de 5 a 14 anos,2007-11-01,12,23,12,23,35
GUAYARAMERIN,consulta externa,nuevas en personas de 5 a 14 anos,2007-11-01,335,284,335,284,619
GUTIERREZ,consulta externa,nuevas en personas de 5 a 14 anos,2007-11-01,124,102,124,102,226
HUACARETA,consulta externa,nuevas en personas de 5 a 14 anos,2007-11-01,108,78,108,78,186
HUACAYA (VILLA DE HUACAYA),consulta externa,nuevas en personas de 5 a 14 anos,2007-11-01,29,30,29,30,59
HUACHACALLA,consulta externa,nuevas en personas de 5 a 14 anos,2007-11-01,22,9,22,9,31
HUANUNI,consulta externa,nuevas en personas de 5 a 14 anos,2007-11-01,298,246,298,246,544
HUARACAJE,consulta externa,nuevas en personas de 5 a 14 anos,2007-11-01,21,23,21,23,44
HUAYLLAMARCA,consulta externa,nuevas en personas de 5 a 14 anos,2007-11-01,23,15,23,15,38
ICHOCA,consulta externa,nuevas en personas de 5 a 14 anos,2007-11-01,12,11,12,11,23
ICLA,consulta externa,nuevas en personas de 5 a 14 anos,2007-11-01,36,33,36,33,69
INCAHUASI,consulta externa,nuevas en personas de 5 a 14 anos,2007-11-01,123,123,123,123,246
INGAVI (HUMAITA),consulta externa,nuevas en personas de 5 a 14 anos,2007-11-01,3,2,3,2,5
INQUISIVI,consulta externa,nuevas en personas de 5 a 14 anos,2007-11-01,55,41,55,41,96
IRUPANA (VILLA DE LANZA),consulta externa,nuevas en personas de 5 a 14 anos,2007-11-01,104,103,104,103,207
IXIAMAS,consulta externa,nuevas en personas de 5 a 14 anos,2007-11-01,43,55,43,55,98
JESUS DE MACHACA,consulta externa,nuevas en personas de 5 a 14 anos,2007-11-01,198,196,198,196,394
LA ASUNTA,consulta externa,nuevas en personas de 5 a 14 anos,2007-11-01,128,119,128,119,247
LA GUARDIA,consulta externa,nuevas en personas de 5 a 14 anos,2007-11-01,278,275,278,275,553
LA PAZ,consulta externa,nuevas en personas de 5 a 14 anos,2007-11-01,6257,6499,6257,6499,12756
LA RIVERA,consulta externa,nuevas en personas de 5 a 14 anos,2007-11-01,34,20,34,20,54
LAGUNILLAS,consulta externa,nuevas en personas de 5 a 14 anos,2007-11-01,82,105,82,105,187
LAJA,consulta externa,nuevas en personas de 5 a 14 anos,2007-11-01,38,27,38,27,65
LAS CARRERAS,consulta externa,nuevas en personas de 5 a 14 anos,2007-11-01,36,19,36,19,55
LICOMA PAMPA,consulta externa,nuevas en personas de 5 a 14 anos,2007-11-01,14,22,14,22,36
LLALLAGUA,consulta externa,nuevas en personas de 5 a 14 anos,2007-11-01,177,147,177,147,324
LLICA,consulta externa,nuevas en personas de 5 a 14 anos,2007-11-01,59,52,59,52,111
LORETO,consulta externa,nuevas en personas de 5 a 14 anos,2007-11-01,6,7,6,7,13
LURIBAY,consulta externa,nuevas en personas de 5 a 14 anos,2007-11-01,77,48,77,48,125
MACHACAMARCA,consulta externa,nuevas en personas de 5 a 14 anos,2007-11-01,39,52,39,52,91
MACHARETI,consulta externa,nuevas en personas de 5 a 14 anos,2007-11-01,75,91,75,91,166
MAGDALENA,consulta externa,nuevas en personas de 5 a 14 anos,2007-11-01,40,63,40,63,103
MAIRANA,consulta externa,nuevas en personas de 5 a 14 anos,2007-11-01,41,20,41,20,61
MALLA,consulta externa,nuevas en personas de 5 a 14 anos,2007-11-01,97,88,97,88,185
MAPIRI,consulta externa,nuevas en personas de 5 a 14 anos,2007-11-01,50,49,50,49,99
MECAPACA,consulta externa,nuevas en personas de 5 a 14 anos,2007-11-01,62,45,62,45,107
MINEROS,consulta externa,nuevas en personas de 5 a 14 anos,2007-11-01,16,27,16,27,43
MIZQUE,consulta externa,nuevas en personas de 5 a 14 anos,2007-11-01,44,48,44,48,92
MOCOMOCO,consulta externa,nuevas en personas de 5 a 14 anos,2007-11-01,108,94,108,94,202
MOJINETE,consulta externa,nuevas en personas de 5 a 14 anos,2007-11-01,6,7,6,7,13
MOJOCOYA,consulta externa,nuevas en personas de 5 a 14 anos,2007-11-01,48,50,48,50,98
MONTEAGUDO,consulta externa,nuevas en personas de 5 a 14 anos,2007-11-01,362,322,362,322,684
MONTERO,consulta externa,nuevas en personas de 5 a 14 anos,2007-11-01,870,773,870,773,1643
MORO MORO,consulta externa,nuevas en personas de 5 a 14 anos,2007-11-01,14,15,14,15,29
MOROCHATA,consulta externa,nuevas en personas de 5 a 14 anos,2007-11-01,48,55,48,55,103
NACEBE (SANTA ROSA DEL ABUNA),consulta externa,nuevas en personas de 5 a 14 anos,2007-11-01,49,46,49,46,95
NAZACARA DE PACAJES,consulta externa,nuevas en personas de 5 a 14 anos,2007-11-01,2,0,2,0,2
NUEVO MANOA (NUEVA ESPERANZA),consulta externa,nuevas en personas de 5 a 14 anos,2007-11-01,19,21,19,21,40
OCURI,consulta externa,nuevas en personas de 5 a 14 anos,2007-11-01,79,66,79,66,145
OKINAWA,consulta externa,nuevas en personas de 5 a 14 anos,2007-11-01,101,136,101,136,237
OMEREQUE,consulta externa,nuevas en personas de 5 a 14 anos,2007-11-01,36,48,36,48,84
ORURO,consulta externa,nuevas en personas de 5 a 14 anos,2007-11-01,2291,2009,2291,2009,4300
PADCAYA,consulta externa,nuevas en personas de 5 a 14 anos,2007-11-01,618,575,618,575,1193
PADILLA,consulta externa,nuevas en personas de 5 a 14 anos,2007-11-01,149,135,149,135,284
PAILON,consulta externa,nuevas en personas de 5 a 14 anos,2007-11-01,71,78,71,78,149
PALCA,consulta externa,nuevas en personas de 5 a 14 anos,2007-11-01,45,45,45,45,90
PALOS BLANCOS,consulta externa,nuevas en personas de 5 a 14 anos,2007-11-01,153,106,153,106,259
PAMPA AULLAGAS,consulta externa,nuevas en personas de 5 a 14 anos,2007-11-01,19,21,19,21,40
PAMPA GRANDE,consulta externa,nuevas en personas de 5 a 14 anos,2007-11-01,21,14,21,14,35
PAPEL PAMPA,consulta externa,nuevas en personas de 5 a 14 anos,2007-11-01,51,41,51,41,92
PASORAPA,consulta externa,nuevas en personas de 5 a 14 anos,2007-11-01,9,12,9,12,21
PATACAMAYA,consulta externa,nuevas en personas de 5 a 14 anos,2007-11-01,50,37,50,37,87
PAZÑA,consulta externa,nuevas en personas de 5 a 14 anos,2007-11-01,39,37,39,37,76
PELECHUCO,consulta externa,nuevas en personas de 5 a 14 anos,2007-11-01,25,25,25,25,50
POCOATA,consulta externa,nuevas en personas de 5 a 14 anos,2007-11-01,85,93,85,93,178
POCONA,consulta externa,nuevas en personas de 5 a 14 anos,2007-11-01,42,63,42,63,105
POJO (CBBA),consulta externa,nuevas en personas de 5 a 14 anos,2007-11-01,9,11,9,11,20
POOPO,consulta externa,nuevas en personas de 5 a 14 anos,2007-11-01,23,23,23,23,46
PORCO,consulta externa,nuevas en personas de 5 a 14 anos,2007-11-01,55,51,55,51,106
POROMA,consulta externa,nuevas en personas de 5 a 14 anos,2007-11-01,572,552,572,552,1124
PORONGO,consulta externa,nuevas en personas de 5 a 14 anos,2007-11-01,54,39,54,39,93
PORTACHUELO,consulta externa,nuevas en personas de 5 a 14 anos,2007-11-01,75,78,75,78,153
PORVENIR,consulta externa,nuevas en personas de 5 a 14 anos,2007-11-01,33,28,33,28,61
POSTRER VALLE,consulta externa,nuevas en personas de 5 a 14 anos,2007-11-01,26,33,26,33,59
POTOSI,consulta externa,nuevas en personas de 5 a 14 anos,2007-11-01,1109,995,1109,995,2104
PRESTO,consulta externa,nuevas en personas de 5 a 14 anos,2007-11-01,30,52,30,52,82
PUCARA,consulta externa,nuevas en personas de 5 a 14 anos,2007-11-01,11,12,11,12,23
PUCARANI,consulta externa,nuevas en personas de 5 a 14 anos,2007-11-01,81,69,81,69,150
PUERTO ACOSTA,consulta externa,nuevas en personas de 5 a 14 anos,2007-11-01,169,179,169,179,348
PUERTO CARABUCO,consulta externa,nuevas en personas de 5 a 14 anos,2007-11-01,84,92,84,92,176
PUERTO GONZALO MORENO,consulta externa,nuevas en personas de 5 a 14 anos,2007-11-01,38,63,38,63,101
PUERTO PEREZ,consulta externa,nuevas en personas de 5 a 14 anos,2007-11-01,20,15,20,15,35
PUERTO QUIJARRO,consulta externa,nuevas en personas de 5 a 14 anos,2007-11-01,161,161,161,161,322
PUERTO RICO,consulta externa,nuevas en personas de 5 a 14 anos,2007-11-01,251,263,251,263,514
PUERTO SILES,consulta externa,nuevas en personas de 5 a 14 anos,2007-11-01,25,29,25,29,54
PUERTO SUAREZ,consulta externa,nuevas en personas de 5 a 14 anos,2007-11-01,109,112,109,112,221
PUERTO VILLARROEL,consulta externa,nuevas en personas de 5 a 14 anos,2007-11-01,237,183,237,183,420
PUNA,consulta externa,nuevas en personas de 5 a 14 anos,2007-11-01,183,205,183,205,388
PUNATA,consulta externa,nuevas en personas de 5 a 14 anos,2007-11-01,101,110,101,110,211
QUIABAYA,consulta externa,nuevas en personas de 5 a 14 anos,2007-11-01,4,1,4,1,5
QUILLACOLLO,consulta externa,nuevas en personas de 5 a 14 anos,2007-11-01,356,239,356,239,595
QUIME,consulta externa,nuevas en personas de 5 a 14 anos,2007-11-01,37,38,37,38,75
QUIRUSILLAS,consulta externa,nuevas en personas de 5 a 14 anos,2007-11-01,13,7,13,7,20
RAVELO,consulta externa,nuevas en personas de 5 a 14 anos,2007-11-01,50,42,50,42,92
REYES,consulta externa,nuevas en personas de 5 a 14 anos,2007-11-01,106,146,106,146,252
RIBERALTA,consulta externa,nuevas en personas de 5 a 14 anos,2007-11-01,533,529,533,529,1062
ROBORE,consulta externa,nuevas en personas de 5 a 14 anos,2007-11-01,117,76,117,76,193
RURRENABAQUE,consulta externa,nuevas en personas de 5 a 14 anos,2007-11-01,72,82,72,82,154
SABAYA,consulta externa,nuevas en personas de 5 a 14 anos,2007-11-01,36,30,36,30,66
SACABA,consulta externa,nuevas en personas de 5 a 14 anos,2007-11-01,311,280,311,280,591
SACABAMBA,consulta externa,nuevas en personas de 5 a 14 anos,2007-11-01,10,22,10,22,32
SACACA,consulta externa,nuevas en personas de 5 a 14 anos,2007-11-01,81,63,81,63,144
SAIPINA,consulta externa,nuevas en personas de 5 a 14 anos,2007-11-01,93,74,93,74,167
SALINAS DE GARCI MENDOZA,consulta externa,nuevas en personas de 5 a 14 anos,2007-11-01,50,71,50,71,121
SAMAIPATA,consulta externa,nuevas en personas de 5 a 14 anos,2007-11-01,36,32,36,32,68
SAN AGUSTIN,consulta externa,nuevas en personas de 5 a 14 anos,2007-11-01,14,25,14,25,39
SAN ANDRES,consulta externa,nuevas en personas de 5 a 14 anos,2007-11-01,80,75,80,75,155
SAN ANDRES DE MACHACA,consulta externa,nuevas en personas de 5 a 14 anos,2007-11-01,34,45,34,45,79
SAN ANTONIO DE ESMORUCO,consulta externa,nuevas en personas de 5 a 14 anos,2007-11-01,21,9,21,9,30
SAN ANTONIO DE LOMERIO,consulta externa,nuevas en personas de 5 a 14 anos,2007-11-01,24,10,24,10,34
SAN BENITO,consulta externa,nuevas en personas de 5 a 14 anos,2007-11-01,51,52,51,52,103
SAN BORJA,consulta externa,nuevas en personas de 5 a 14 anos,2007-11-01,118,115,118,115,233
SAN BUENA VENTURA,consulta externa,nuevas en personas de 5 a 14 anos,2007-11-01,98,73,98,73,171
SAN CARLOS,consulta externa,nuevas en personas de 5 a 14 anos,2007-11-01,110,151,110,151,261
SAN IGNACIO,consulta externa,nuevas en personas de 5 a 14 anos,2007-11-01,178,162,178,162,340
SAN IGNACIO DE VELASCO,consulta externa,nuevas en personas de 5 a 14 anos,2007-11-01,316,345,316,345,661
SAN JAVIER(BNI),consulta externa,nuevas en personas de 5 a 14 anos,2007-11-01,29,39,29,39,68
SAN JAVIER(STC),consulta externa,nuevas en personas de 5 a 14 anos,2007-11-01,33,34,33,34,67
SAN JOAQUIN,consulta externa,nuevas en personas de 5 a 14 anos,2007-11-01,42,26,42,26,68
SAN JOSE DE CHIQUITOS,consulta externa,nuevas en personas de 5 a 14 anos,2007-11-01,99,114,99,114,213
SAN JUAN DE YAPACANI,consulta externa,nuevas en personas de 5 a 14 anos,2007-11-01,56,70,56,70,126
SAN JULIAN,consulta externa,nuevas en personas de 5 a 14 anos,2007-11-01,345,344,345,344,689
SAN LORENZO(PND),consulta externa,nuevas en personas de 5 a 14 anos,2007-11-01,32,33,32,33,65
SAN LORENZO(TJA),consulta externa,nuevas en personas de 5 a 14 anos,2007-11-01,456,529,456,529,985
SAN LUCAS,consulta externa,nuevas en personas de 5 a 14 anos,2007-11-01,241,267,241,267,508
SAN MATIAS,consulta externa,nuevas en personas de 5 a 14 anos,2007-11-01,58,57,58,57,115
SAN MIGUEL DE VELASCO,consulta externa,nuevas en personas de 5 a 14 anos,2007-11-01,32,36,32,36,68
SAN PABLO DE LIPEZ,consulta externa,nuevas en personas de 5 a 14 anos,2007-11-01,35,35,35,35,70
SAN PEDRO,consulta externa,nuevas en personas de 5 a 14 anos,2007-11-01,162,127,162,127,289
SAN PEDRO DE BUENA VISTA,consulta externa,nuevas en personas de 5 a 14 anos,2007-11-01,99,86,99,86,185
SAN PEDRO DE CURAHUARA,consulta externa,nuevas en personas de 5 a 14 anos,2007-11-01,84,69,84,69,153
SAN PEDRO DE QUEMES,consulta externa,nuevas en personas de 5 a 14 anos,2007-11-01,4,3,4,3,7
SAN PEDRO DE TIQUINA,consulta externa,nuevas en personas de 5 a 14 anos,2007-11-01,16,5,16,5,21
SAN PEDRO(PND),consulta externa,nuevas en personas de 5 a 14 anos,2007-11-01,5,7,5,7,12
SAN RAFAEL,consulta externa,nuevas en personas de 5 a 14 anos,2007-11-01,15,13,15,13,28
SAN RAMON,consulta externa,nuevas en personas de 5 a 14 anos,2007-11-01,44,50,44,50,94
SAN RAMON,consulta externa,nuevas en personas de 5 a 14 anos,2007-11-01,79,52,79,52,131
SANTA ANA,consulta externa,nuevas en personas de 5 a 14 anos,2007-11-01,141,143,141,143,284
SANTA CRUZ DE LA SIERRA,consulta externa,nuevas en personas de 5 a 14 anos,2007-11-01,8030,8466,8030,8466,16496
SANTA ROSA,consulta externa,nuevas en personas de 5 a 14 anos,2007-11-01,500,429,500,429,929
SANTA ROSA DEL SARA,consulta externa,nuevas en personas de 5 a 14 anos,2007-11-01,86,97,86,97,183
SANTIAGO DE CALLAPA,consulta externa,nuevas en personas de 5 a 14 anos,2007-11-01,43,47,43,47,90
SANTIAGO DE HUARI,consulta externa,nuevas en personas de 5 a 14 anos,2007-11-01,26,45,26,45,71
SANTIAGO DE MACHACA,consulta externa,nuevas en personas de 5 a 14 anos,2007-11-01,6,8,6,8,14
SANTIVAÑES,consulta externa,nuevas en personas de 5 a 14 anos,2007-11-01,24,25,24,25,49
SANTUARIO DE QUILLACAS,consulta externa,nuevas en personas de 5 a 14 anos,2007-11-01,11,2,11,2,13
SAPAHAQUI,consulta externa,nuevas en personas de 5 a 14 anos,2007-11-01,55,57,55,57,112
SENA,consulta externa,nuevas en personas de 5 a 14 anos,2007-11-01,30,26,30,26,56
SICA SICA (VILLA AROMA),consulta externa,nuevas en personas de 5 a 14 anos,2007-11-01,86,59,86,59,145
SICAYA,consulta externa,nuevas en personas de 5 a 14 anos,2007-11-01,6,6,6,6,12
SIPE SIPE,consulta externa,nuevas en personas de 5 a 14 anos,2007-11-01,91,70,91,70,161
SOPACHUY,consulta externa,nuevas en personas de 5 a 14 anos,2007-11-01,53,50,53,50,103
SORACACHI,consulta externa,nuevas en personas de 5 a 14 anos,2007-11-01,21,27,21,27,48
SORATA,consulta externa,nuevas en personas de 5 a 14 anos,2007-11-01,81,65,81,65,146
SUCRE,consulta externa,nuevas en personas de 5 a 14 anos,2007-11-01,2143,2089,2143,2089,4232
TACACHI,consulta externa,nuevas en personas de 5 a 14 anos,2007-11-01,7,7,7,7,14
TACACOMA,consulta externa,nuevas en personas de 5 a 14 anos,2007-11-01,21,21,21,21,42
TACOBAMBA,consulta externa,nuevas en personas de 5 a 14 anos,2007-11-01,57,32,57,32,89
TACOPAYA,consulta externa,nuevas en personas de 5 a 14 anos,2007-11-01,39,32,39,32,71
TAHUA,consulta externa,nuevas en personas de 5 a 14 anos,2007-11-01,13,8,13,8,21
TAPACARI,consulta externa,nuevas en personas de 5 a 14 anos,2007-11-01,75,52,75,52,127
TARABUCO,consulta externa,nuevas en personas de 5 a 14 anos,2007-11-01,90,51,90,51,141
TARACO,consulta externa,nuevas en personas de 5 a 14 anos,2007-11-01,12,12,12,12,24
TARATA,consulta externa,nuevas en personas de 5 a 14 anos,2007-11-01,39,34,39,34,73
TARIJA,consulta externa,nuevas en personas de 5 a 14 anos,2007-11-01,2354,2480,2354,2480,4834
TARVITA,consulta externa,nuevas en personas de 5 a 14 anos,2007-11-01,99,119,99,119,218
TEOPONTE,consulta externa,nuevas en personas de 5 a 14 anos,2007-11-01,32,35,32,35,67
TIAWANACU,consulta externa,nuevas en personas de 5 a 14 anos,2007-11-01,120,85,120,85,205
TINGUIPAYA,consulta externa,nuevas en personas de 5 a 14 anos,2007-11-01,156,153,156,153,309
TIPUANI,consulta externa,nuevas en personas de 5 a 14 anos,2007-11-01,47,44,47,44,91
TIQUIPAYA,consulta externa,nuevas en personas de 5 a 14 anos,2007-11-01,186,175,186,175,361
TIRAQUE (CBBA),consulta externa,nuevas en personas de 5 a 14 anos,2007-11-01,177,206,177,206,383
TITO YUPANQUI (PARQUIPUJIO),consulta externa,nuevas en personas de 5 a 14 anos,2007-11-01,12,13,12,13,25
TOCO,consulta externa,nuevas en personas de 5 a 14 anos,2007-11-01,25,24,25,24,49
TODOS SANTOS,consulta externa,nuevas en personas de 5 a 14 anos,2007-11-01,13,9,13,9,22
TOLATA,consulta externa,nuevas en personas de 5 a 14 anos,2007-11-01,22,28,22,28,50
TOLEDO,consulta externa,nuevas en personas de 5 a 14 anos,2007-11-01,36,39,36,39,75
TOMAVE,consulta externa,nuevas en personas de 5 a 14 anos,2007-11-01,48,53,48,53,101
TOMINA,consulta externa,nuevas en personas de 5 a 14 anos,2007-11-01,78,83,78,83,161
TORO TORO,consulta externa,nuevas en personas de 5 a 14 anos,2007-11-01,44,52,44,52,96
TOTORA(CBBA),consulta externa,nuevas en personas de 5 a 14 anos,2007-11-01,40,41,40,41,81
TOTORA(ORR),consulta externa,nuevas en personas de 5 a 14 anos,2007-11-01,47,48,47,48,95
TRIGAL,consulta externa,nuevas en personas de 5 a 14 anos,2007-11-01,14,17,14,17,31
TRINIDAD,consulta externa,nuevas en personas de 5 a 14 anos,2007-11-01,702,595,702,595,1297
TUPIZA,consulta externa,nuevas en personas de 5 a 14 anos,2007-11-01,645,776,645,776,1421
TURCO,consulta externa,nuevas en personas de 5 a 14 anos,2007-11-01,37,30,37,30,67
UMALA,consulta externa,nuevas en personas de 5 a 14 anos,2007-11-01,9,13,9,13,22
UNCIA,consulta externa,nuevas en personas de 5 a 14 anos,2007-11-01,208,171,208,171,379
URIONDO (A. CONCEPCION),consulta externa,nuevas en personas de 5 a 14 anos,2007-11-01,279,281,279,281,560
URUBICHA,consulta externa,nuevas en personas de 5 a 14 anos,2007-11-01,34,36,34,36,70
UYUNI,consulta externa,nuevas en personas de 5 a 14 anos,2007-11-01,130,143,130,143,273
VACAS,consulta externa,nuevas en personas de 5 a 14 anos,2007-11-01,30,44,30,44,74
VALLEGRANDE,consulta externa,nuevas en personas de 5 a 14 anos,2007-11-01,178,218,178,218,396
VIACHA,consulta externa,nuevas en personas de 5 a 14 anos,2007-11-01,279,204,279,204,483
VILA VILA,consulta externa,nuevas en personas de 5 a 14 anos,2007-11-01,21,25,21,25,46
VILLA MONTES,consulta externa,nuevas en personas de 5 a 14 anos,2007-11-01,438,481,438,481,919
VILLA NUEVA (LOMA ALTA),consulta externa,nuevas en personas de 5 a 14 anos,2007-11-01,13,14,13,14,27
VILLA RIVERO,consulta externa,nuevas en personas de 5 a 14 anos,2007-11-01,25,19,25,19,44
VILLA SERRANO,consulta externa,nuevas en personas de 5 a 14 anos,2007-11-01,112,116,112,116,228
VILLA TUNARI,consulta externa,nuevas en personas de 5 a 14 anos,2007-11-01,269,241,269,241,510
VILLA VACA GUZMAN (MUYUPAMPA),consulta externa,nuevas en personas de 5 a 14 anos,2007-11-01,90,121,90,121,211
VILLAZON,consulta externa,nuevas en personas de 5 a 14 anos,2007-11-01,282,291,282,291,573
VINTO,consulta externa,nuevas en personas de 5 a 14 anos,2007-11-01,62,61,62,61,123
VITICHI,consulta externa,nuevas en personas de 5 a 14 anos,2007-11-01,42,54,42,54,96
WALDO BALLIVIAN,consulta externa,nuevas en personas de 5 a 14 anos,2007-11-01,4,7,4,7,11
WARNES,consulta externa,nuevas en personas de 5 a 14 anos,2007-11-01,182,203,182,203,385
YACO,consulta externa,nuevas en personas de 5 a 14 anos,2007-11-01,160,152,160,152,312
YACUIBA,consulta externa,nuevas en personas de 5 a 14 anos,2007-11-01,1179,1150,1179,1150,2329
YAMPARAEZ,consulta externa,nuevas en personas de 5 a 14 anos,2007-11-01,50,45,50,45,95
YANACACHI,consulta externa,nuevas en personas de 5 a 14 anos,2007-11-01,36,43,36,43,79
YAPACANI,consulta externa,nuevas en personas de 5 a 14 anos,2007-11-01,184,155,184,155,339
YOCALLA,consulta externa,nuevas en personas de 5 a 14 anos,2007-11-01,35,42,35,42,77
YOTALA,consulta externa,nuevas en personas de 5 a 14 anos,2007-11-01,35,57,35,57,92
YUNCHARA,consulta externa,nuevas en personas de 5 a 14 anos,2007-11-01,129,189,129,189,318
ZUDAÑEZ,consulta externa,nuevas en personas de 5 a 14 anos,2007-11-01,74,65,74,65,139
ACACIO,consulta externa,nuevas en personas de 5 a 14 anos,2007-12-01,21,17,21,17,38
ACHACACHI,consulta externa,nuevas en personas de 5 a 14 anos,2007-12-01,91,103,91,103,194
ACHOCALLA,consulta externa,nuevas en personas de 5 a 14 anos,2007-12-01,16,19,16,19,35
AIQUILE,consulta externa,nuevas en personas de 5 a 14 anos,2007-12-01,103,103,103,103,206
ALALAY,consulta externa,nuevas en personas de 5 a 14 anos,2007-12-01,6,2,6,2,8
ALCALA,consulta externa,nuevas en personas de 5 a 14 anos,2007-12-01,49,58,49,58,107
ANCORAIMES,consulta externa,nuevas en personas de 5 a 14 anos,2007-12-01,19,14,19,14,33
ANDAMARCA,consulta externa,nuevas en personas de 5 a 14 anos,2007-12-01,21,21,21,21,42
ANTEQUERA,consulta externa,nuevas en personas de 5 a 14 anos,2007-12-01,17,17,17,17,34
ANZALDO,consulta externa,nuevas en personas de 5 a 14 anos,2007-12-01,20,22,20,22,42
APOLO,consulta externa,nuevas en personas de 5 a 14 anos,2007-12-01,56,81,56,81,137
ARAMPAMPA,consulta externa,nuevas en personas de 5 a 14 anos,2007-12-01,9,7,9,7,16
ARANI,consulta externa,nuevas en personas de 5 a 14 anos,2007-12-01,23,28,23,28,51
ARBIETO,consulta externa,nuevas en personas de 5 a 14 anos,2007-12-01,25,34,25,34,59
ARQUE,consulta externa,nuevas en personas de 5 a 14 anos,2007-12-01,36,20,36,20,56
ASCENCION DE GUARAYOS,consulta externa,nuevas en personas de 5 a 14 anos,2007-12-01,55,52,55,52,107
ATOCHA,consulta externa,nuevas en personas de 5 a 14 anos,2007-12-01,267,310,267,310,577
AUCAPATA,consulta externa,nuevas en personas de 5 a 14 anos,2007-12-01,42,37,42,37,79
AYATA,consulta externa,nuevas en personas de 5 a 14 anos,2007-12-01,36,47,36,47,83
AYO AYO,consulta externa,nuevas en personas de 5 a 14 anos,2007-12-01,20,26,20,26,46
AYOPAYA (V. DE INDEPENDENCIA),consulta externa,nuevas en personas de 5 a 14 anos,2007-12-01,72,62,72,62,134
AZURDUY,consulta externa,nuevas en personas de 5 a 14 anos,2007-12-01,46,54,46,54,100
BATALLAS,consulta externa,nuevas en personas de 5 a 14 anos,2007-12-01,35,46,35,46,81
BAURES,consulta externa,nuevas en personas de 5 a 14 anos,2007-12-01,21,22,21,22,43
BELEN DE ANDAMARCA,consulta externa,nuevas en personas de 5 a 14 anos,2007-12-01,6,9,6,9,15
BELEN DE URMIRI,consulta externa,nuevas en personas de 5 a 14 anos,2007-12-01,18,17,18,17,35
BELLA FLOR,consulta externa,nuevas en personas de 5 a 14 anos,2007-12-01,8,3,8,3,11
BERMEJO,consulta externa,nuevas en personas de 5 a 14 anos,2007-12-01,763,808,763,808,1571
BETANZOS,consulta externa,nuevas en personas de 5 a 14 anos,2007-12-01,160,157,160,157,317
BOLIVAR,consulta externa,nuevas en personas de 5 a 14 anos,2007-12-01,13,12,13,12,25
BOLPEBRA,consulta externa,nuevas en personas de 5 a 14 anos,2007-12-01,6,15,6,15,21
BOYUIBE,consulta externa,nuevas en personas de 5 a 14 anos,2007-12-01,20,28,20,28,48
BUENA VISTA,consulta externa,nuevas en personas de 5 a 14 anos,2007-12-01,79,82,79,82,161
CABEZAS,consulta externa,nuevas en personas de 5 a 14 anos,2007-12-01,131,126,131,126,257
CAIROMA,consulta externa,nuevas en personas de 5 a 14 anos,2007-12-01,40,31,40,31,71
"CAIZA ""D""",consulta externa,nuevas en personas de 5 a 14 anos,2007-12-01,46,42,46,42,88
CAJUATA,consulta externa,nuevas en personas de 5 a 14 anos,2007-12-01,60,49,60,49,109
CALACOTO,consulta externa,nuevas en personas de 5 a 14 anos,2007-12-01,58,45,58,45,103
CALAMARCA,consulta externa,nuevas en personas de 5 a 14 anos,2007-12-01,18,19,18,19,37
CAMARGO,consulta externa,nuevas en personas de 5 a 14 anos,2007-12-01,59,99,59,99,158
CAMATAQUI (C. VILLA ABECIA),consulta externa,nuevas en personas de 5 a 14 anos,2007-12-01,28,41,28,41,69
CAMIRI,consulta externa,nuevas en personas de 5 a 14 anos,2007-12-01,279,270,279,270,549
CAPINOTA,consulta externa,nuevas en personas de 5 a 14 anos,2007-12-01,74,73,74,73,147
CAQUIAVIRI,consulta externa,nuevas en personas de 5 a 14 anos,2007-12-01,24,19,24,19,43
CARACOLLO,consulta externa,nuevas en personas de 5 a 14 anos,2007-12-01,60,64,60,64,124
CARANAVI,consulta externa,nuevas en personas de 5 a 14 anos,2007-12-01,241,319,241,319,560
CARAPARI,consulta externa,nuevas en personas de 5 a 14 anos,2007-12-01,178,166,178,166,344
CARIPUYO,consulta externa,nuevas en personas de 5 a 14 anos,2007-12-01,27,22,27,22,49
CARMEN RIVERO TORREZ,consulta externa,nuevas en personas de 5 a 14 anos,2007-12-01,9,11,9,11,20
CATACORA,consulta externa,nuevas en personas de 5 a 14 anos,2007-12-01,12,8,12,8,20
CHACARILLA,consulta externa,nuevas en personas de 5 a 14 anos,2007-12-01,3,6,3,6,9
CHALLAPATA,consulta externa,nuevas en personas de 5 a 14 anos,2007-12-01,86,97,86,97,183
CHAQUI,consulta externa,nuevas en personas de 5 a 14 anos,2007-12-01,11,17,11,17,28
CHARAGUA,consulta externa,nuevas en personas de 5 a 14 anos,2007-12-01,52,77,52,77,129
CHARAÑA,consulta externa,nuevas en personas de 5 a 14 anos,2007-12-01,16,13,16,13,29
CHAYANTA,consulta externa,nuevas en personas de 5 a 14 anos,2007-12-01,40,42,40,42,82
CHIMORE,consulta externa,nuevas en personas de 5 a 14 anos,2007-12-01,92,107,92,107,199
CHIPAYA,consulta externa,nuevas en personas de 5 a 14 anos,2007-12-01,7,7,7,7,14
CHOQUE COTA,consulta externa,nuevas en personas de 5 a 14 anos,2007-12-01,5,3,5,3,8
CHULUMANI (V. DE LA LIBERTAD),consulta externa,nuevas en personas de 5 a 14 anos,2007-12-01,82,76,82,76,158
CHUMA,consulta externa,nuevas en personas de 5 a 14 anos,2007-12-01,54,32,54,32,86
CLIZA,consulta externa,nuevas en personas de 5 a 14 anos,2007-12-01,53,54,53,54,107
COBIJA,consulta externa,nuevas en personas de 5 a 14 anos,2007-12-01,223,241,223,241,464
COCHABAMBA,consulta externa,nuevas en personas de 5 a 14 anos,2007-12-01,4032,4110,4032,4110,8142
COIPASA,consulta externa,nuevas en personas de 5 a 14 anos,2007-12-01,3,1,3,1,4
COLCAPIRHUA,consulta externa,nuevas en personas de 5 a 14 anos,2007-12-01,167,124,167,124,291
"COLCHA ""K""",consulta externa,nuevas en personas de 5 a 14 anos,2007-12-01,35,48,35,48,83
COLLANA,consulta externa,nuevas en personas de 5 a 14 anos,2007-12-01,4,7,4,7,11
COLOMI,consulta externa,nuevas en personas de 5 a 14 anos,2007-12-01,69,37,69,37,106
COLPA BELGICA,consulta externa,nuevas en personas de 5 a 14 anos,2007-12-01,33,48,33,48,81
COLQUECHACA,consulta externa,nuevas en personas de 5 a 14 anos,2007-12-01,138,144,138,144,282
COLQUENCHA,consulta externa,nuevas en personas de 5 a 14 anos,2007-12-01,29,27,29,27,56
COLQUIRI,consulta externa,nuevas en personas de 5 a 14 anos,2007-12-01,47,50,47,50,97
COMANCHE,consulta externa,nuevas en personas de 5 a 14 anos,2007-12-01,26,36,26,36,62
COMARAPA,consulta externa,nuevas en personas de 5 a 14 anos,2007-12-01,91,61,91,61,152
COMBAYA,consulta externa,nuevas en personas de 5 a 14 anos,2007-12-01,1,0,1,0,1
CONCEPCION,consulta externa,nuevas en personas de 5 a 14 anos,2007-12-01,21,27,21,27,48
COPACABANA,consulta externa,nuevas en personas de 5 a 14 anos,2007-12-01,49,50,49,50,99
CORIPATA,consulta externa,nuevas en personas de 5 a 14 anos,2007-12-01,34,48,34,48,82
CORO CORO,consulta externa,nuevas en personas de 5 a 14 anos,2007-12-01,27,23,27,23,50
COROICO,consulta externa,nuevas en personas de 5 a 14 anos,2007-12-01,80,52,80,52,132
CORQUE,consulta externa,nuevas en personas de 5 a 14 anos,2007-12-01,40,53,40,53,93
COTAGAITA,consulta externa,nuevas en personas de 5 a 14 anos,2007-12-01,220,250,220,250,470
COTOCA,consulta externa,nuevas en personas de 5 a 14 anos,2007-12-01,97,84,97,84,181
CUATRO CAÑADAS,consulta externa,nuevas en personas de 5 a 14 anos,2007-12-01,100,85,100,85,185
CUCHUMUELA (V. G. VILLARROEL),consulta externa,nuevas en personas de 5 a 14 anos,2007-12-01,7,7,7,7,14
CUEVO,consulta externa,nuevas en personas de 5 a 14 anos,2007-12-01,38,44,38,44,82
CULPINA,consulta externa,nuevas en personas de 5 a 14 anos,2007-12-01,87,75,87,75,162
CURAHUARA DE CARANGAS,consulta externa,nuevas en personas de 5 a 14 anos,2007-12-01,13,23,13,23,36
CURVA,consulta externa,nuevas en personas de 5 a 14 anos,2007-12-01,7,5,7,5,12
DESAGUADERO,consulta externa,nuevas en personas de 5 a 14 anos,2007-12-01,9,9,9,9,18
EL ALTO,consulta externa,nuevas en personas de 5 a 14 anos,2007-12-01,4506,4592,4506,4592,9098
EL CHORO,consulta externa,nuevas en personas de 5 a 14 anos,2007-12-01,29,32,29,32,61
EL PUENTE(STC),consulta externa,nuevas en personas de 5 a 14 anos,2007-12-01,67,52,67,52,119
EL PUENTE(TJA),consulta externa,nuevas en personas de 5 a 14 anos,2007-12-01,130,170,130,170,300
EL TORNO,consulta externa,nuevas en personas de 5 a 14 anos,2007-12-01,381,366,381,366,747
EL VILLAR,consulta externa,nuevas en personas de 5 a 14 anos,2007-12-01,46,35,46,35,81
ENTRE RIOS,consulta externa,nuevas en personas de 5 a 14 anos,2007-12-01,267,321,267,321,588
ENTRE RIOS,consulta externa,nuevas en personas de 5 a 14 anos,2007-12-01,99,98,99,98,197
EUCALIPTUS,consulta externa,nuevas en personas de 5 a 14 anos,2007-12-01,25,24,25,24,49
EUREKA (SANTOS MERCADO),consulta externa,nuevas en personas de 5 a 14 anos,2007-12-01,4,5,4,5,9
EXALTACION,consulta externa,nuevas en personas de 5 a 14 anos,2007-12-01,49,42,49,42,91
FERNANDEZ ALONSO,consulta externa,nuevas en personas de 5 a 14 anos,2007-12-01,60,51,60,51,111
FILADELFIA,consulta externa,nuevas en personas de 5 a 14 anos,2007-12-01,35,32,35,32,67
GENERAL SAAVEDRA,consulta externa,nuevas en personas de 5 a 14 anos,2007-12-01,76,78,76,78,154
GRAL. J.J. PEREZ (CHARAZANI),consulta externa,nuevas en personas de 5 a 14 anos,2007-12-01,30,15,30,15,45
GUANAY,consulta externa,nuevas en personas de 5 a 14 anos,2007-12-01,32,33,32,33,65
GUAQUI,consulta externa,nuevas en personas de 5 a 14 anos,2007-12-01,22,14,22,14,36
GUAYARAMERIN,consulta externa,nuevas en personas de 5 a 14 anos,2007-12-01,857,791,857,791,1648
GUTIERREZ,consulta externa,nuevas en personas de 5 a 14 anos,2007-12-01,104,90,104,90,194
HUACARETA,consulta externa,nuevas en personas de 5 a 14 anos,2007-12-01,69,55,69,55,124
HUACAYA (VILLA DE HUACAYA),consulta externa,nuevas en personas de 5 a 14 anos,2007-12-01,11,20,11,20,31
HUACHACALLA,consulta externa,nuevas en personas de 5 a 14 anos,2007-12-01,1,8,1,8,9
HUANUNI,consulta externa,nuevas en personas de 5 a 14 anos,2007-12-01,208,205,208,205,413
HUARACAJE,consulta externa,nuevas en personas de 5 a 14 anos,2007-12-01,35,36,35,36,71
HUAYLLAMARCA,consulta externa,nuevas en personas de 5 a 14 anos,2007-12-01,5,6,5,6,11
ICHOCA,consulta externa,nuevas en personas de 5 a 14 anos,2007-12-01,5,13,5,13,18
ICLA,consulta externa,nuevas en personas de 5 a 14 anos,2007-12-01,78,92,78,92,170
INCAHUASI,consulta externa,nuevas en personas de 5 a 14 anos,2007-12-01,81,83,81,83,164
INGAVI (HUMAITA),consulta externa,nuevas en personas de 5 a 14 anos,2007-12-01,19,14,19,14,33
INQUISIVI,consulta externa,nuevas en personas de 5 a 14 anos,2007-12-01,42,44,42,44,86
IRUPANA (VILLA DE LANZA),consulta externa,nuevas en personas de 5 a 14 anos,2007-12-01,84,109,84,109,193
IXIAMAS,consulta externa,nuevas en personas de 5 a 14 anos,2007-12-01,32,20,32,20,52
JESUS DE MACHACA,consulta externa,nuevas en personas de 5 a 14 anos,2007-12-01,47,66,47,66,113
LA ASUNTA,consulta externa,nuevas en personas de 5 a 14 anos,2007-12-01,131,117,131,117,248
LA GUARDIA,consulta externa,nuevas en personas de 5 a 14 anos,2007-12-01,284,277,284,277,561
LA PAZ,consulta externa,nuevas en personas de 5 a 14 anos,2007-12-01,6097,6386,6097,6386,12483
LA RIVERA,consulta externa,nuevas en personas de 5 a 14 anos,2007-12-01,6,16,6,16,22
LAGUNILLAS,consulta externa,nuevas en personas de 5 a 14 anos,2007-12-01,91,86,91,86,177
LAJA,consulta externa,nuevas en personas de 5 a 14 anos,2007-12-01,27,43,27,43,70
LAS CARRERAS,consulta externa,nuevas en personas de 5 a 14 anos,2007-12-01,27,21,27,21,48
LICOMA PAMPA,consulta externa,nuevas en personas de 5 a 14 anos,2007-12-01,17,12,17,12,29
LLALLAGUA,consulta externa,nuevas en personas de 5 a 14 anos,2007-12-01,88,98,88,98,186
LLICA,consulta externa,nuevas en personas de 5 a 14 anos,2007-12-01,28,12,28,12,40
LORETO,consulta externa,nuevas en personas de 5 a 14 anos,2007-12-01,15,15,15,15,30
LURIBAY,consulta externa,nuevas en personas de 5 a 14 anos,2007-12-01,68,56,68,56,124
MACHACAMARCA,consulta externa,nuevas en personas de 5 a 14 anos,2007-12-01,15,13,15,13,28
MACHARETI,consulta externa,nuevas en personas de 5 a 14 anos,2007-12-01,44,61,44,61,105
MAGDALENA,consulta externa,nuevas en personas de 5 a 14 anos,2007-12-01,61,53,61,53,114
MAIRANA,consulta externa,nuevas en personas de 5 a 14 anos,2007-12-01,41,33,41,33,74
MALLA,consulta externa,nuevas en personas de 5 a 14 anos,2007-12-01,58,54,58,54,112
MAPIRI,consulta externa,nuevas en personas de 5 a 14 anos,2007-12-01,54,50,54,50,104
MECAPACA,consulta externa,nuevas en personas de 5 a 14 anos,2007-12-01,62,55,62,55,117
MINEROS,consulta externa,nuevas en personas de 5 a 14 anos,2007-12-01,29,16,29,16,45
MIZQUE,consulta externa,nuevas en personas de 5 a 14 anos,2007-12-01,28,19,28,19,47
MOCOMOCO,consulta externa,nuevas en personas de 5 a 14 anos,2007-12-01,48,59,48,59,107
MOJINETE,consulta externa,nuevas en personas de 5 a 14 anos,2007-12-01,5,3,5,3,8
MOJOCOYA,consulta externa,nuevas en personas de 5 a 14 anos,2007-12-01,46,35,46,35,81
MONTEAGUDO,consulta externa,nuevas en personas de 5 a 14 anos,2007-12-01,342,292,342,292,634
MONTERO,consulta externa,nuevas en personas de 5 a 14 anos,2007-12-01,630,743,630,743,1373
MORO MORO,consulta externa,nuevas en personas de 5 a 14 anos,2007-12-01,12,9,12,9,21
MOROCHATA,consulta externa,nuevas en personas de 5 a 14 anos,2007-12-01,35,35,35,35,70
NACEBE (SANTA ROSA DEL ABUNA),consulta externa,nuevas en personas de 5 a 14 anos,2007-12-01,33,38,33,38,71
NAZACARA DE PACAJES,consulta externa,nuevas en personas de 5 a 14 anos,2007-12-01,2,2,2,2,4
NUEVO MANOA (NUEVA ESPERANZA),consulta externa,nuevas en personas de 5 a 14 anos,2007-12-01,28,20,28,20,48
OCURI,consulta externa,nuevas en personas de 5 a 14 anos,2007-12-01,50,56,50,56,106
OKINAWA,consulta externa,nuevas en personas de 5 a 14 anos,2007-12-01,71,111,71,111,182
OMEREQUE,consulta externa,nuevas en personas de 5 a 14 anos,2007-12-01,21,27,21,27,48
ORURO,consulta externa,nuevas en personas de 5 a 14 anos,2007-12-01,2152,2158,2152,2158,4310
PADCAYA,consulta externa,nuevas en personas de 5 a 14 anos,2007-12-01,290,304,290,304,594
PADILLA,consulta externa,nuevas en personas de 5 a 14 anos,2007-12-01,79,78,79,78,157
PAILON,consulta externa,nuevas en personas de 5 a 14 anos,2007-12-01,52,48,52,48,100
PALCA,consulta externa,nuevas en personas de 5 a 14 anos,2007-12-01,31,28,31,28,59
PALOS BLANCOS,consulta externa,nuevas en personas de 5 a 14 anos,2007-12-01,111,94,111,94,205
PAMPA AULLAGAS,consulta externa,nuevas en personas de 5 a 14 anos,2007-12-01,15,16,15,16,31
PAMPA GRANDE,consulta externa,nuevas en personas de 5 a 14 anos,2007-12-01,19,19,19,19,38
PAPEL PAMPA,consulta externa,nuevas en personas de 5 a 14 anos,2007-12-01,18,25,18,25,43
PASORAPA,consulta externa,nuevas en personas de 5 a 14 anos,2007-12-01,22,30,22,30,52
PATACAMAYA,consulta externa,nuevas en personas de 5 a 14 anos,2007-12-01,43,24,43,24,67
PAZÑA,consulta externa,nuevas en personas de 5 a 14 anos,2007-12-01,9,16,9,16,25
PELECHUCO,consulta externa,nuevas en personas de 5 a 14 anos,2007-12-01,24,32,24,32,56
POCOATA,consulta externa,nuevas en personas de 5 a 14 anos,2007-12-01,51,54,51,54,105
POCONA,consulta externa,nuevas en personas de 5 a 14 anos,2007-12-01,26,40,26,40,66
POJO (CBBA),consulta externa,nuevas en personas de 5 a 14 anos,2007-12-01,11,14,11,14,25
POOPO,consulta externa,nuevas en personas de 5 a 14 anos,2007-12-01,8,18,8,18,26
PORCO,consulta externa,nuevas en personas de 5 a 14 anos,2007-12-01,51,54,51,54,105
POROMA,consulta externa,nuevas en personas de 5 a 14 anos,2007-12-01,219,192,219,192,411
PORONGO,consulta externa,nuevas en personas de 5 a 14 anos,2007-12-01,61,48,61,48,109
PORTACHUELO,consulta externa,nuevas en personas de 5 a 14 anos,2007-12-01,98,98,98,98,196
PORVENIR,consulta externa,nuevas en personas de 5 a 14 anos,2007-12-01,38,32,38,32,70
POSTRER VALLE,consulta externa,nuevas en personas de 5 a 14 anos,2007-12-01,18,22,18,22,40
POTOSI,consulta externa,nuevas en personas de 5 a 14 anos,2007-12-01,1170,1020,1170,1020,2190
PRESTO,consulta externa,nuevas en personas de 5 a 14 anos,2007-12-01,21,41,21,41,62
PUCARA,consulta externa,nuevas en personas de 5 a 14 anos,2007-12-01,5,14,5,14,19
PUCARANI,consulta externa,nuevas en personas de 5 a 14 anos,2007-12-01,54,42,54,42,96
PUERTO ACOSTA,consulta externa,nuevas en personas de 5 a 14 anos,2007-12-01,72,57,72,57,129
PUERTO CARABUCO,consulta externa,nuevas en personas de 5 a 14 anos,2007-12-01,28,36,28,36,64
PUERTO GONZALO MORENO,consulta externa,nuevas en personas de 5 a 14 anos,2007-12-01,59,40,59,40,99
PUERTO PEREZ,consulta externa,nuevas en personas de 5 a 14 anos,2007-12-01,13,18,13,18,31
PUERTO QUIJARRO,consulta externa,nuevas en personas de 5 a 14 anos,2007-12-01,118,94,118,94,212
PUERTO RICO,consulta externa,nuevas en personas de 5 a 14 anos,2007-12-01,113,138,113,138,251
PUERTO SILES,consulta externa,nuevas en personas de 5 a 14 anos,2007-12-01,14,13,14,13,27
PUERTO SUAREZ,consulta externa,nuevas en personas de 5 a 14 anos,2007-12-01,110,101,110,101,211
PUERTO VILLARROEL,consulta externa,nuevas en personas de 5 a 14 anos,2007-12-01,283,192,283,192,475
PUNA,consulta externa,nuevas en personas de 5 a 14 anos,2007-12-01,131,149,131,149,280
PUNATA,consulta externa,nuevas en personas de 5 a 14 anos,2007-12-01,78,106,78,106,184
QUIABAYA,consulta externa,nuevas en personas de 5 a 14 anos,2007-12-01,7,0,7,0,7
QUILLACOLLO,consulta externa,nuevas en personas de 5 a 14 anos,2007-12-01,295,261,295,261,556
QUIME,consulta externa,nuevas en personas de 5 a 14 anos,2007-12-01,56,42,56,42,98
QUIRUSILLAS,consulta externa,nuevas en personas de 5 a 14 anos,2007-12-01,19,13,19,13,32
RAVELO,consulta externa,nuevas en personas de 5 a 14 anos,2007-12-01,63,51,63,51,114
REYES,consulta externa,nuevas en personas de 5 a 14 anos,2007-12-01,64,70,64,70,134
RIBERALTA,consulta externa,nuevas en personas de 5 a 14 anos,2007-12-01,603,577,603,577,1180
ROBORE,consulta externa,nuevas en personas de 5 a 14 anos,2007-12-01,96,73,96,73,169
RURRENABAQUE,consulta externa,nuevas en personas de 5 a 14 anos,2007-12-01,99,115,99,115,214
SABAYA,consulta externa,nuevas en personas de 5 a 14 anos,2007-12-01,32,23,32,23,55
SACABA,consulta externa,nuevas en personas de 5 a 14 anos,2007-12-01,360,297,360,297,657
SACABAMBA,consulta externa,nuevas en personas de 5 a 14 anos,2007-12-01,8,8,8,8,16
SACACA,consulta externa,nuevas en personas de 5 a 14 anos,2007-12-01,66,59,66,59,125
SAIPINA,consulta externa,nuevas en personas de 5 a 14 anos,2007-12-01,19,21,19,21,40
SALINAS DE GARCI MENDOZA,consulta externa,nuevas en personas de 5 a 14 anos,2007-12-01,34,40,34,40,74
SAMAIPATA,consulta externa,nuevas en personas de 5 a 14 anos,2007-12-01,29,31,29,31,60
SAN AGUSTIN,consulta externa,nuevas en personas de 5 a 14 anos,2007-12-01,8,13,8,13,21
SAN ANDRES,consulta externa,nuevas en personas de 5 a 14 anos,2007-12-01,103,114,103,114,217
SAN ANDRES DE MACHACA,consulta externa,nuevas en personas de 5 a 14 anos,2007-12-01,23,26,23,26,49
SAN ANTONIO DE ESMORUCO,consulta externa,nuevas en personas de 5 a 14 anos,2007-12-01,11,11,11,11,22
SAN ANTONIO DE LOMERIO,consulta externa,nuevas en personas de 5 a 14 anos,2007-12-01,25,23,25,23,48
SAN BENITO,consulta externa,nuevas en personas de 5 a 14 anos,2007-12-01,33,23,33,23,56
SAN BORJA,consulta externa,nuevas en personas de 5 a 14 anos,2007-12-01,104,117,104,117,221
SAN BUENA VENTURA,consulta externa,nuevas en personas de 5 a 14 anos,2007-12-01,87,92,87,92,179
SAN CARLOS,consulta externa,nuevas en personas de 5 a 14 anos,2007-12-01,146,157,146,157,303
SAN IGNACIO,consulta externa,nuevas en personas de 5 a 14 anos,2007-12-01,257,277,257,277,534
SAN IGNACIO DE VELASCO,consulta externa,nuevas en personas de 5 a 14 anos,2007-12-01,208,230,208,230,438
SAN JAVIER(BNI),consulta externa,nuevas en personas de 5 a 14 anos,2007-12-01,22,30,22,30,52
SAN JAVIER(STC),consulta externa,nuevas en personas de 5 a 14 anos,2007-12-01,20,42,20,42,62
SAN JOAQUIN,consulta externa,nuevas en personas de 5 a 14 anos,2007-12-01,22,18,22,18,40
SAN JOSE DE CHIQUITOS,consulta externa,nuevas en personas de 5 a 14 anos,2007-12-01,72,62,72,62,134
SAN JUAN DE YAPACANI,consulta externa,nuevas en personas de 5 a 14 anos,2007-12-01,110,99,110,99,209
SAN JULIAN,consulta externa,nuevas en personas de 5 a 14 anos,2007-12-01,280,275,280,275,555
SAN LORENZO(PND),consulta externa,nuevas en personas de 5 a 14 anos,2007-12-01,40,50,40,50,90
SAN LORENZO(TJA),consulta externa,nuevas en personas de 5 a 14 anos,2007-12-01,246,281,246,281,527
SAN LUCAS,consulta externa,nuevas en personas de 5 a 14 anos,2007-12-01,170,164,170,164,334
SAN MATIAS,consulta externa,nuevas en personas de 5 a 14 anos,2007-12-01,50,43,50,43,93
SAN MIGUEL DE VELASCO,consulta externa,nuevas en personas de 5 a 14 anos,2007-12-01,25,33,25,33,58
SAN PABLO DE LIPEZ,consulta externa,nuevas en personas de 5 a 14 anos,2007-12-01,24,34,24,34,58
SAN PEDRO,consulta externa,nuevas en personas de 5 a 14 anos,2007-12-01,153,135,153,135,288
SAN PEDRO DE BUENA VISTA,consulta externa,nuevas en personas de 5 a 14 anos,2007-12-01,54,66,54,66,120
SAN PEDRO DE CURAHUARA,consulta externa,nuevas en personas de 5 a 14 anos,2007-12-01,42,47,42,47,89
SAN PEDRO DE QUEMES,consulta externa,nuevas en personas de 5 a 14 anos,2007-12-01,4,2,4,2,6
SAN PEDRO DE TIQUINA,consulta externa,nuevas en personas de 5 a 14 anos,2007-12-01,19,8,19,8,27
SAN PEDRO(PND),consulta externa,nuevas en personas de 5 a 14 anos,2007-12-01,4,4,4,4,8
SAN RAFAEL,consulta externa,nuevas en personas de 5 a 14 anos,2007-12-01,23,17,23,17,40
SAN RAMON,consulta externa,nuevas en personas de 5 a 14 anos,2007-12-01,36,34,36,34,70
SAN RAMON,consulta externa,nuevas en personas de 5 a 14 anos,2007-12-01,55,35,55,35,90
SANTA ANA,consulta externa,nuevas en personas de 5 a 14 anos,2007-12-01,59,71,59,71,130
SANTA CRUZ DE LA SIERRA,consulta externa,nuevas en personas de 5 a 14 anos,2007-12-01,9156,10086,9156,10086,19242
SANTA ROSA,consulta externa,nuevas en personas de 5 a 14 anos,2007-12-01,110,123,110,123,233
SANTA ROSA DEL SARA,consulta externa,nuevas en personas de 5 a 14 anos,2007-12-01,56,55,56,55,111
SANTIAGO DE CALLAPA,consulta externa,nuevas en personas de 5 a 14 anos,2007-12-01,10,8,10,8,18
SANTIAGO DE HUARI,consulta externa,nuevas en personas de 5 a 14 anos,2007-12-01,10,22,10,22,32
SANTIAGO DE MACHACA,consulta externa,nuevas en personas de 5 a 14 anos,2007-12-01,5,14,5,14,19
SANTIVAÑES,consulta externa,nuevas en personas de 5 a 14 anos,2007-12-01,18,26,18,26,44
SANTUARIO DE QUILLACAS,consulta externa,nuevas en personas de 5 a 14 anos,2007-12-01,12,6,12,6,18
SAPAHAQUI,consulta externa,nuevas en personas de 5 a 14 anos,2007-12-01,44,36,44,36,80
SENA,consulta externa,nuevas en personas de 5 a 14 anos,2007-12-01,24,32,24,32,56
SICA SICA (VILLA AROMA),consulta externa,nuevas en personas de 5 a 14 anos,2007-12-01,58,69,58,69,127
SICAYA,consulta externa,nuevas en personas de 5 a 14 anos,2007-12-01,6,1,6,1,7
SIPE SIPE,consulta externa,nuevas en personas de 5 a 14 anos,2007-12-01,80,87,80,87,167
SOPACHUY,consulta externa,nuevas en personas de 5 a 14 anos,2007-12-01,33,47,33,47,80
SORACACHI,consulta externa,nuevas en personas de 5 a 14 anos,2007-12-01,49,34,49,34,83
SORATA,consulta externa,nuevas en personas de 5 a 14 anos,2007-12-01,50,58,50,58,108
SUCRE,consulta externa,nuevas en personas de 5 a 14 anos,2007-12-01,2037,1837,2037,1837,3874
TACACHI,consulta externa,nuevas en personas de 5 a 14 anos,2007-12-01,4,1,4,1,5
TACACOMA,consulta externa,nuevas en personas de 5 a 14 anos,2007-12-01,12,27,12,27,39
TACOBAMBA,consulta externa,nuevas en personas de 5 a 14 anos,2007-12-01,32,36,32,36,68
TACOPAYA,consulta externa,nuevas en personas de 5 a 14 anos,2007-12-01,34,21,34,21,55
TAHUA,consulta externa,nuevas en personas de 5 a 14 anos,2007-12-01,11,14,11,14,25
TAPACARI,consulta externa,nuevas en personas de 5 a 14 anos,2007-12-01,66,69,66,69,135
TARABUCO,consulta externa,nuevas en personas de 5 a 14 anos,2007-12-01,60,74,60,74,134
TARACO,consulta externa,nuevas en personas de 5 a 14 anos,2007-12-01,9,7,9,7,16
TARATA,consulta externa,nuevas en personas de 5 a 14 anos,2007-12-01,34,35,34,35,69
TARIJA,consulta externa,nuevas en personas de 5 a 14 anos,2007-12-01,2053,2126,2053,2126,4179
TARVITA,consulta externa,nuevas en personas de 5 a 14 anos,2007-12-01,41,46,41,46,87
TEOPONTE,consulta externa,nuevas en personas de 5 a 14 anos,2007-12-01,34,34,34,34,68
TIAWANACU,consulta externa,nuevas en personas de 5 a 14 anos,2007-12-01,49,55,49,55,104
TINGUIPAYA,consulta externa,nuevas en personas de 5 a 14 anos,2007-12-01,134,97,134,97,231
TIPUANI,consulta externa,nuevas en personas de 5 a 14 anos,2007-12-01,31,21,31,21,52
TIQUIPAYA,consulta externa,nuevas en personas de 5 a 14 anos,2007-12-01,129,157,129,157,286
TIRAQUE (CBBA),consulta externa,nuevas en personas de 5 a 14 anos,2007-12-01,121,128,121,128,249
TITO YUPANQUI (PARQUIPUJIO),consulta externa,nuevas en personas de 5 a 14 anos,2007-12-01,8,5,8,5,13
TOCO,consulta externa,nuevas en personas de 5 a 14 anos,2007-12-01,26,22,26,22,48
TODOS SANTOS,consulta externa,nuevas en personas de 5 a 14 anos,2007-12-01,8,3,8,3,11
TOLATA,consulta externa,nuevas en personas de 5 a 14 anos,2007-12-01,16,19,16,19,35
TOLEDO,consulta externa,nuevas en personas de 5 a 14 anos,2007-12-01,22,16,22,16,38
TOMAVE,consulta externa,nuevas en personas de 5 a 14 anos,2007-12-01,55,58,55,58,113
TOMINA,consulta externa,nuevas en personas de 5 a 14 anos,2007-12-01,55,60,55,60,115
TORO TORO,consulta externa,nuevas en personas de 5 a 14 anos,2007-12-01,33,41,33,41,74
TOTORA(CBBA),consulta externa,nuevas en personas de 5 a 14 anos,2007-12-01,24,24,24,24,48
TOTORA(ORR),consulta externa,nuevas en personas de 5 a 14 anos,2007-12-01,30,50,30,50,80
TRIGAL,consulta externa,nuevas en personas de 5 a 14 anos,2007-12-01,14,27,14,27,41
TRINIDAD,consulta externa,nuevas en personas de 5 a 14 anos,2007-12-01,736,663,736,663,1399
TUPIZA,consulta externa,nuevas en personas de 5 a 14 anos,2007-12-01,574,734,574,734,1308
TURCO,consulta externa,nuevas en personas de 5 a 14 anos,2007-12-01,22,24,22,24,46
UMALA,consulta externa,nuevas en personas de 5 a 14 anos,2007-12-01,6,5,6,5,11
UNCIA,consulta externa,nuevas en personas de 5 a 14 anos,2007-12-01,71,55,71,55,126
URIONDO (A. CONCEPCION),consulta externa,nuevas en personas de 5 a 14 anos,2007-12-01,184,212,184,212,396
URUBICHA,consulta externa,nuevas en personas de 5 a 14 anos,2007-12-01,41,36,41,36,77
UYUNI,consulta externa,nuevas en personas de 5 a 14 anos,2007-12-01,84,86,84,86,170
VACAS,consulta externa,nuevas en personas de 5 a 14 anos,2007-12-01,29,15,29,15,44
VALLEGRANDE,consulta externa,nuevas en personas de 5 a 14 anos,2007-12-01,107,101,107,101,208
VIACHA,consulta externa,nuevas en personas de 5 a 14 anos,2007-12-01,171,190,171,190,361
VILA VILA,consulta externa,nuevas en personas de 5 a 14 anos,2007-12-01,6,15,6,15,21
VILLA MONTES,consulta externa,nuevas en personas de 5 a 14 anos,2007-12-01,306,297,306,297,603
VILLA NUEVA (LOMA ALTA),consulta externa,nuevas en personas de 5 a 14 anos,2007-12-01,15,11,15,11,26
VILLA RIVERO,consulta externa,nuevas en personas de 5 a 14 anos,2007-12-01,22,12,22,12,34
VILLA SERRANO,consulta externa,nuevas en personas de 5 a 14 anos,2007-12-01,41,62,41,62,103
VILLA TUNARI,consulta externa,nuevas en personas de 5 a 14 anos,2007-12-01,329,310,329,310,639
VILLA VACA GUZMAN (MUYUPAMPA),consulta externa,nuevas en personas de 5 a 14 anos,2007-12-01,69,63,69,63,132
VILLAZON,consulta externa,nuevas en personas de 5 a 14 anos,2007-12-01,263,260,263,260,523
VINTO,consulta externa,nuevas en personas de 5 a 14 anos,2007-12-01,57,36,57,36,93
VITICHI,consulta externa,nuevas en personas de 5 a 14 anos,2007-12-01,34,59,34,59,93
WALDO BALLIVIAN,consulta externa,nuevas en personas de 5 a 14 anos,2007-12-01,3,3,3,3,6
WARNES,consulta externa,nuevas en personas de 5 a 14 anos,2007-12-01,169,160,169,160,329
YACO,consulta externa,nuevas en personas de 5 a 14 anos,2007-12-01,55,45,55,45,100
YACUIBA,consulta externa,nuevas en personas de 5 a 14 anos,2007-12-01,1159,1219,1159,1219,2378
YAMPARAEZ,consulta externa,nuevas en personas de 5 a 14 anos,2007-12-01,30,21,30,21,51
YANACACHI,consulta externa,nuevas en personas de 5 a 14 anos,2007-12-01,26,42,26,42,68
YAPACANI,consulta externa,nuevas en personas de 5 a 14 anos,2007-12-01,201,180,201,180,381
YOCALLA,consulta externa,nuevas en personas de 5 a 14 anos,2007-12-01,24,32,24,32,56
YOTALA,consulta externa,nuevas en personas de 5 a 14 anos,2007-12-01,41,51,41,51,92
YUNCHARA,consulta externa,nuevas en personas de 5 a 14 anos,2007-12-01,51,50,51,50,101
ZUDAÑEZ,consulta externa,nuevas en personas de 5 a 14 anos,2007-12-01,31,41,31,41,72
