municipality,group,variable,month,Nuevas en menores de 5 años -Hombre,Nuevas en menores de 5 años -Mujer,TOTAL-H,TOTAL-M,TOTAL
ACACIO,consulta externa,nuevas en menores de 5 anos,2007-01-01,116,133,116,133,249
ACHACACHI,consulta externa,nuevas en menores de 5 anos,2007-01-01,281,273,281,273,554
ACHOCALLA,consulta externa,nuevas en menores de 5 anos,2007-01-01,72,82,72,82,154
AIQUILE,consulta externa,nuevas en menores de 5 anos,2007-01-01,315,289,315,289,604
ALALAY,consulta externa,nuevas en menores de 5 anos,2007-01-01,10,4,10,4,14
ALCALA,consulta externa,nuevas en menores de 5 anos,2007-01-01,158,158,158,158,316
ANCORAIMES,consulta externa,nuevas en menores de 5 anos,2007-01-01,207,193,207,193,400
ANDAMARCA,consulta externa,nuevas en menores de 5 anos,2007-01-01,50,47,50,47,97
ANTEQUERA,consulta externa,nuevas en menores de 5 anos,2007-01-01,49,0,49,0,49
ANZALDO,consulta externa,nuevas en menores de 5 anos,2007-01-01,80,54,80,54,134
APOLO,consulta externa,nuevas en menores de 5 anos,2007-01-01,352,315,352,315,667
ARAMPAMPA,consulta externa,nuevas en menores de 5 anos,2007-01-01,126,135,126,135,261
ARANI,consulta externa,nuevas en menores de 5 anos,2007-01-01,64,84,64,84,148
ARBIETO,consulta externa,nuevas en menores de 5 anos,2007-01-01,92,101,92,101,193
ARQUE,consulta externa,nuevas en menores de 5 anos,2007-01-01,117,108,117,108,225
ASCENCION DE GUARAYOS,consulta externa,nuevas en menores de 5 anos,2007-01-01,546,545,546,545,1091
ATOCHA,consulta externa,nuevas en menores de 5 anos,2007-01-01,232,273,232,273,505
AUCAPATA,consulta externa,nuevas en menores de 5 anos,2007-01-01,82,72,82,72,154
AYATA,consulta externa,nuevas en menores de 5 anos,2007-01-01,111,105,111,105,216
AYO AYO,consulta externa,nuevas en menores de 5 anos,2007-01-01,52,61,52,61,113
AYOPAYA (V. DE INDEPENDENCIA),consulta externa,nuevas en menores de 5 anos,2007-01-01,385,456,385,456,841
AZURDUY,consulta externa,nuevas en menores de 5 anos,2007-01-01,273,235,273,235,508
BATALLAS,consulta externa,nuevas en menores de 5 anos,2007-01-01,102,80,102,80,182
BAURES,consulta externa,nuevas en menores de 5 anos,2007-01-01,69,70,69,70,139
BELEN DE ANDAMARCA,consulta externa,nuevas en menores de 5 anos,2007-01-01,16,15,16,15,31
BELEN DE URMIRI,consulta externa,nuevas en menores de 5 anos,2007-01-01,18,29,18,29,47
BELLA FLOR,consulta externa,nuevas en menores de 5 anos,2007-01-01,46,52,46,52,98
BERMEJO,consulta externa,nuevas en menores de 5 anos,2007-01-01,797,700,797,700,1497
BETANZOS,consulta externa,nuevas en menores de 5 anos,2007-01-01,473,441,473,441,914
BOLIVAR,consulta externa,nuevas en menores de 5 anos,2007-01-01,120,116,120,116,236
BOLPEBRA,consulta externa,nuevas en menores de 5 anos,2007-01-01,17,20,17,20,37
BOYUIBE,consulta externa,nuevas en menores de 5 anos,2007-01-01,88,93,88,93,181
BUENA VISTA,consulta externa,nuevas en menores de 5 anos,2007-01-01,391,339,391,339,730
CABEZAS,consulta externa,nuevas en menores de 5 anos,2007-01-01,530,447,530,447,977
CAIROMA,consulta externa,nuevas en menores de 5 anos,2007-01-01,186,134,186,134,320
"CAIZA ""D""",consulta externa,nuevas en menores de 5 anos,2007-01-01,106,101,106,101,207
CAJUATA,consulta externa,nuevas en menores de 5 anos,2007-01-01,153,139,153,139,292
CALACOTO,consulta externa,nuevas en menores de 5 anos,2007-01-01,47,41,47,41,88
CALAMARCA,consulta externa,nuevas en menores de 5 anos,2007-01-01,153,114,153,114,267
CAMARGO,consulta externa,nuevas en menores de 5 anos,2007-01-01,364,422,364,422,786
CAMATAQUI (C. VILLA ABECIA),consulta externa,nuevas en menores de 5 anos,2007-01-01,119,90,119,90,209
CAMIRI,consulta externa,nuevas en menores de 5 anos,2007-01-01,1138,1017,1138,1017,2155
CAPINOTA,consulta externa,nuevas en menores de 5 anos,2007-01-01,343,362,343,362,705
CAQUIAVIRI,consulta externa,nuevas en menores de 5 anos,2007-01-01,58,77,58,77,135
CARACOLLO,consulta externa,nuevas en menores de 5 anos,2007-01-01,187,162,187,162,349
CARANAVI,consulta externa,nuevas en menores de 5 anos,2007-01-01,1024,978,1024,978,2002
CARANGAS,consulta externa,nuevas en menores de 5 anos,2007-01-01,1,1,1,1,2
CARAPARI,consulta externa,nuevas en menores de 5 anos,2007-01-01,244,220,244,220,464
CARIPUYO,consulta externa,nuevas en menores de 5 anos,2007-01-01,239,214,239,214,453
CARMEN RIVERO TORREZ,consulta externa,nuevas en menores de 5 anos,2007-01-01,55,53,55,53,108
CATACORA,consulta externa,nuevas en menores de 5 anos,2007-01-01,18,11,18,11,29
CHACARILLA,consulta externa,nuevas en menores de 5 anos,2007-01-01,20,41,20,41,61
CHALLAPATA,consulta externa,nuevas en menores de 5 anos,2007-01-01,365,308,365,308,673
CHAQUI,consulta externa,nuevas en menores de 5 anos,2007-01-01,80,79,80,79,159
CHARAGUA,consulta externa,nuevas en menores de 5 anos,2007-01-01,840,840,840,840,1680
CHARAÑA,consulta externa,nuevas en menores de 5 anos,2007-01-01,32,30,32,30,62
CHAYANTA,consulta externa,nuevas en menores de 5 anos,2007-01-01,257,238,257,238,495
CHIMORE,consulta externa,nuevas en menores de 5 anos,2007-01-01,706,677,706,677,1383
CHIPAYA,consulta externa,nuevas en menores de 5 anos,2007-01-01,12,30,12,30,42
CHOQUE COTA,consulta externa,nuevas en menores de 5 anos,2007-01-01,27,19,27,19,46
CHULUMANI (V. DE LA LIBERTAD),consulta externa,nuevas en menores de 5 anos,2007-01-01,243,229,243,229,472
CHUMA,consulta externa,nuevas en menores de 5 anos,2007-01-01,142,155,142,155,297
CLIZA,consulta externa,nuevas en menores de 5 anos,2007-01-01,244,224,244,224,468
COBIJA,consulta externa,nuevas en menores de 5 anos,2007-01-01,1021,877,1021,877,1898
COCHABAMBA,consulta externa,nuevas en menores de 5 anos,2007-01-01,8467,8282,8467,8282,16749
COIPASA,consulta externa,nuevas en menores de 5 anos,2007-01-01,6,8,6,8,14
COLCAPIRHUA,consulta externa,nuevas en menores de 5 anos,2007-01-01,329,215,329,215,544
"COLCHA ""K""",consulta externa,nuevas en menores de 5 anos,2007-01-01,99,107,99,107,206
COLLANA,consulta externa,nuevas en menores de 5 anos,2007-01-01,14,11,14,11,25
COLOMI,consulta externa,nuevas en menores de 5 anos,2007-01-01,356,276,356,276,632
COLPA BELGICA,consulta externa,nuevas en menores de 5 anos,2007-01-01,164,138,164,138,302
COLQUECHACA,consulta externa,nuevas en menores de 5 anos,2007-01-01,631,597,631,597,1228
COLQUENCHA,consulta externa,nuevas en menores de 5 anos,2007-01-01,66,99,66,99,165
COLQUIRI,consulta externa,nuevas en menores de 5 anos,2007-01-01,210,233,210,233,443
COMANCHE,consulta externa,nuevas en menores de 5 anos,2007-01-01,20,18,20,18,38
COMARAPA,consulta externa,nuevas en menores de 5 anos,2007-01-01,308,294,308,294,602
COMBAYA,consulta externa,nuevas en menores de 5 anos,2007-01-01,18,15,18,15,33
CONCEPCION,consulta externa,nuevas en menores de 5 anos,2007-01-01,195,186,195,186,381
COPACABANA,consulta externa,nuevas en menores de 5 anos,2007-01-01,107,77,107,77,184
CORIPATA,consulta externa,nuevas en menores de 5 anos,2007-01-01,178,187,178,187,365
CORO CORO,consulta externa,nuevas en menores de 5 anos,2007-01-01,63,52,63,52,115
COROICO,consulta externa,nuevas en menores de 5 anos,2007-01-01,166,167,166,167,333
CORQUE,consulta externa,nuevas en menores de 5 anos,2007-01-01,90,107,90,107,197
COTAGAITA,consulta externa,nuevas en menores de 5 anos,2007-01-01,481,512,481,512,993
COTOCA,consulta externa,nuevas en menores de 5 anos,2007-01-01,805,775,805,775,1580
CUATRO CAÑADAS,consulta externa,nuevas en menores de 5 anos,2007-01-01,512,577,512,577,1089
CUCHUMUELA (V. G. VILLARROEL),consulta externa,nuevas en menores de 5 anos,2007-01-01,17,16,17,16,33
CUEVO,consulta externa,nuevas en menores de 5 anos,2007-01-01,94,113,94,113,207
CULPINA,consulta externa,nuevas en menores de 5 anos,2007-01-01,446,385,446,385,831
CURAHUARA DE CARANGAS,consulta externa,nuevas en menores de 5 anos,2007-01-01,62,57,62,57,119
CURVA,consulta externa,nuevas en menores de 5 anos,2007-01-01,37,32,37,32,69
DESAGUADERO,consulta externa,nuevas en menores de 5 anos,2007-01-01,35,24,35,24,59
EL ALTO,consulta externa,nuevas en menores de 5 anos,2007-01-01,8979,8713,8979,8713,17692
EL CHORO,consulta externa,nuevas en menores de 5 anos,2007-01-01,54,54,54,54,108
EL PUENTE(STC),consulta externa,nuevas en menores de 5 anos,2007-01-01,293,275,293,275,568
EL PUENTE(TJA),consulta externa,nuevas en menores de 5 anos,2007-01-01,179,147,179,147,326
EL TORNO,consulta externa,nuevas en menores de 5 anos,2007-01-01,911,878,911,878,1789
EL VILLAR,consulta externa,nuevas en menores de 5 anos,2007-01-01,130,121,130,121,251
ENTRE RIOS,consulta externa,nuevas en menores de 5 anos,2007-01-01,403,404,403,404,807
ENTRE RIOS,consulta externa,nuevas en menores de 5 anos,2007-01-01,600,621,600,621,1221
ESCARA,consulta externa,nuevas en menores de 5 anos,2007-01-01,4,1,4,1,5
ESMERALDA,consulta externa,nuevas en menores de 5 anos,2007-01-01,9,5,9,5,14
EUCALIPTUS,consulta externa,nuevas en menores de 5 anos,2007-01-01,96,81,96,81,177
EUREKA (SANTOS MERCADO),consulta externa,nuevas en menores de 5 anos,2007-01-01,14,12,14,12,26
EXALTACION,consulta externa,nuevas en menores de 5 anos,2007-01-01,27,32,27,32,59
FERNANDEZ ALONSO,consulta externa,nuevas en menores de 5 anos,2007-01-01,416,368,416,368,784
FILADELFIA,consulta externa,nuevas en menores de 5 anos,2007-01-01,90,112,90,112,202
GENERAL SAAVEDRA,consulta externa,nuevas en menores de 5 anos,2007-01-01,473,447,473,447,920
GRAL. J.J. PEREZ (CHARAZANI),consulta externa,nuevas en menores de 5 anos,2007-01-01,125,104,125,104,229
GUANAY,consulta externa,nuevas en menores de 5 anos,2007-01-01,395,364,395,364,759
GUAQUI,consulta externa,nuevas en menores de 5 anos,2007-01-01,39,38,39,38,77
GUAYARAMERIN,consulta externa,nuevas en menores de 5 anos,2007-01-01,2124,1208,2124,1208,3332
GUTIERREZ,consulta externa,nuevas en menores de 5 anos,2007-01-01,686,604,686,604,1290
HUACARETA,consulta externa,nuevas en menores de 5 anos,2007-01-01,241,231,241,231,472
HUACAYA (VILLA DE HUACAYA),consulta externa,nuevas en menores de 5 anos,2007-01-01,81,94,81,94,175
HUACHACALLA,consulta externa,nuevas en menores de 5 anos,2007-01-01,27,16,27,16,43
HUANUNI,consulta externa,nuevas en menores de 5 anos,2007-01-01,492,284,492,284,776
HUARACAJE,consulta externa,nuevas en menores de 5 anos,2007-01-01,128,94,128,94,222
HUAYLLAMARCA,consulta externa,nuevas en menores de 5 anos,2007-01-01,18,34,18,34,52
ICHOCA,consulta externa,nuevas en menores de 5 anos,2007-01-01,65,70,65,70,135
ICLA,consulta externa,nuevas en menores de 5 anos,2007-01-01,291,283,291,283,574
INCAHUASI,consulta externa,nuevas en menores de 5 anos,2007-01-01,530,441,530,441,971
INGAVI (HUMAITA),consulta externa,nuevas en menores de 5 anos,2007-01-01,13,10,13,10,23
INQUISIVI,consulta externa,nuevas en menores de 5 anos,2007-01-01,180,186,180,186,366
IRUPANA (VILLA DE LANZA),consulta externa,nuevas en menores de 5 anos,2007-01-01,233,265,233,265,498
IXIAMAS,consulta externa,nuevas en menores de 5 anos,2007-01-01,296,235,296,235,531
JESUS DE MACHACA,consulta externa,nuevas en menores de 5 anos,2007-01-01,118,137,118,137,255
LA ASUNTA,consulta externa,nuevas en menores de 5 anos,2007-01-01,725,612,725,612,1337
LA GUARDIA,consulta externa,nuevas en menores de 5 anos,2007-01-01,1629,1436,1629,1436,3065
LA PAZ,consulta externa,nuevas en menores de 5 anos,2007-01-01,13323,12755,13323,12755,26078
LA RIVERA,consulta externa,nuevas en menores de 5 anos,2007-01-01,4,3,4,3,7
LAGUNILLAS,consulta externa,nuevas en menores de 5 anos,2007-01-01,257,315,257,315,572
LAJA,consulta externa,nuevas en menores de 5 anos,2007-01-01,92,113,92,113,205
LAS CARRERAS,consulta externa,nuevas en menores de 5 anos,2007-01-01,55,57,55,57,112
LICOMA PAMPA,consulta externa,nuevas en menores de 5 anos,2007-01-01,35,33,35,33,68
LLALLAGUA,consulta externa,nuevas en menores de 5 anos,2007-01-01,680,611,680,611,1291
LLICA,consulta externa,nuevas en menores de 5 anos,2007-01-01,48,51,48,51,99
LORETO,consulta externa,nuevas en menores de 5 anos,2007-01-01,49,41,49,41,90
LURIBAY,consulta externa,nuevas en menores de 5 anos,2007-01-01,117,105,117,105,222
MACHACAMARCA,consulta externa,nuevas en menores de 5 anos,2007-01-01,66,58,66,58,124
MACHARETI,consulta externa,nuevas en menores de 5 anos,2007-01-01,304,289,304,289,593
MAGDALENA,consulta externa,nuevas en menores de 5 anos,2007-01-01,281,263,281,263,544
MAIRANA,consulta externa,nuevas en menores de 5 anos,2007-01-01,136,114,136,114,250
MALLA,consulta externa,nuevas en menores de 5 anos,2007-01-01,62,38,62,38,100
MAPIRI,consulta externa,nuevas en menores de 5 anos,2007-01-01,313,246,313,246,559
MECAPACA,consulta externa,nuevas en menores de 5 anos,2007-01-01,151,117,151,117,268
MINEROS,consulta externa,nuevas en menores de 5 anos,2007-01-01,532,399,532,399,931
MIZQUE,consulta externa,nuevas en menores de 5 anos,2007-01-01,335,315,335,315,650
MOCOMOCO,consulta externa,nuevas en menores de 5 anos,2007-01-01,87,76,87,76,163
MOJINETE,consulta externa,nuevas en menores de 5 anos,2007-01-01,16,12,16,12,28
MOJOCOYA,consulta externa,nuevas en menores de 5 anos,2007-01-01,147,126,147,126,273
MONTEAGUDO,consulta externa,nuevas en menores de 5 anos,2007-01-01,656,639,656,639,1295
MONTERO,consulta externa,nuevas en menores de 5 anos,2007-01-01,2879,2596,2879,2596,5475
MORO MORO,consulta externa,nuevas en menores de 5 anos,2007-01-01,43,42,43,42,85
MOROCHATA,consulta externa,nuevas en menores de 5 anos,2007-01-01,127,103,127,103,230
NACEBE (SANTA ROSA DEL ABUNA),consulta externa,nuevas en menores de 5 anos,2007-01-01,30,25,30,25,55
NAZACARA DE PACAJES,consulta externa,nuevas en menores de 5 anos,2007-01-01,6,6,6,6,12
NUEVO MANOA (NUEVA ESPERANZA),consulta externa,nuevas en menores de 5 anos,2007-01-01,33,39,33,39,72
OCURI,consulta externa,nuevas en menores de 5 anos,2007-01-01,351,309,351,309,660
OKINAWA,consulta externa,nuevas en menores de 5 anos,2007-01-01,442,446,442,446,888
OMEREQUE,consulta externa,nuevas en menores de 5 anos,2007-01-01,187,186,187,186,373
ORURO,consulta externa,nuevas en menores de 5 anos,2007-01-01,4537,4090,4537,4090,8627
PADCAYA,consulta externa,nuevas en menores de 5 anos,2007-01-01,315,305,315,305,620
PADILLA,consulta externa,nuevas en menores de 5 anos,2007-01-01,381,322,381,322,703
PAILON,consulta externa,nuevas en menores de 5 anos,2007-01-01,334,350,334,350,684
PALCA,consulta externa,nuevas en menores de 5 anos,2007-01-01,122,86,122,86,208
PALOS BLANCOS,consulta externa,nuevas en menores de 5 anos,2007-01-01,743,676,743,676,1419
PAMPA AULLAGAS,consulta externa,nuevas en menores de 5 anos,2007-01-01,64,55,64,55,119
PAMPA GRANDE,consulta externa,nuevas en menores de 5 anos,2007-01-01,128,125,128,125,253
PAPEL PAMPA,consulta externa,nuevas en menores de 5 anos,2007-01-01,29,40,29,40,69
PASORAPA,consulta externa,nuevas en menores de 5 anos,2007-01-01,23,11,23,11,34
PATACAMAYA,consulta externa,nuevas en menores de 5 anos,2007-01-01,222,175,222,175,397
PAZÑA,consulta externa,nuevas en menores de 5 anos,2007-01-01,55,60,55,60,115
PELECHUCO,consulta externa,nuevas en menores de 5 anos,2007-01-01,75,62,75,62,137
POCOATA,consulta externa,nuevas en menores de 5 anos,2007-01-01,295,266,295,266,561
POCONA,consulta externa,nuevas en menores de 5 anos,2007-01-01,207,199,207,199,406
POJO (CBBA),consulta externa,nuevas en menores de 5 anos,2007-01-01,87,87,87,87,174
POOPO,consulta externa,nuevas en menores de 5 anos,2007-01-01,49,42,49,42,91
PORCO,consulta externa,nuevas en menores de 5 anos,2007-01-01,156,155,156,155,311
POROMA,consulta externa,nuevas en menores de 5 anos,2007-01-01,292,221,292,221,513
PORONGO,consulta externa,nuevas en menores de 5 anos,2007-01-01,195,150,195,150,345
PORTACHUELO,consulta externa,nuevas en menores de 5 anos,2007-01-01,477,440,477,440,917
PORVENIR,consulta externa,nuevas en menores de 5 anos,2007-01-01,127,146,127,146,273
POSTRER VALLE,consulta externa,nuevas en menores de 5 anos,2007-01-01,29,32,29,32,61
POTOSI,consulta externa,nuevas en menores de 5 anos,2007-01-01,3202,3130,3202,3130,6332
PRESTO,consulta externa,nuevas en menores de 5 anos,2007-01-01,189,179,189,179,368
PUCARA,consulta externa,nuevas en menores de 5 anos,2007-01-01,22,9,22,9,31
PUCARANI,consulta externa,nuevas en menores de 5 anos,2007-01-01,199,171,199,171,370
PUERTO ACOSTA,consulta externa,nuevas en menores de 5 anos,2007-01-01,569,141,569,141,710
PUERTO CARABUCO,consulta externa,nuevas en menores de 5 anos,2007-01-01,133,123,133,123,256
PUERTO GONZALO MORENO,consulta externa,nuevas en menores de 5 anos,2007-01-01,90,119,90,119,209
PUERTO PEREZ,consulta externa,nuevas en menores de 5 anos,2007-01-01,97,86,97,86,183
PUERTO QUIJARRO,consulta externa,nuevas en menores de 5 anos,2007-01-01,248,207,248,207,455
PUERTO RICO,consulta externa,nuevas en menores de 5 anos,2007-01-01,158,155,158,155,313
PUERTO SILES,consulta externa,nuevas en menores de 5 anos,2007-01-01,18,15,18,15,33
PUERTO SUAREZ,consulta externa,nuevas en menores de 5 anos,2007-01-01,354,298,354,298,652
PUERTO VILLARROEL,consulta externa,nuevas en menores de 5 anos,2007-01-01,967,882,967,882,1849
PUNA,consulta externa,nuevas en menores de 5 anos,2007-01-01,386,327,386,327,713
PUNATA,consulta externa,nuevas en menores de 5 anos,2007-01-01,305,324,305,324,629
QUIABAYA,consulta externa,nuevas en menores de 5 anos,2007-01-01,45,37,45,37,82
QUILLACOLLO,consulta externa,nuevas en menores de 5 anos,2007-01-01,1375,1171,1375,1171,2546
QUIME,consulta externa,nuevas en menores de 5 anos,2007-01-01,139,125,139,125,264
QUIRUSILLAS,consulta externa,nuevas en menores de 5 anos,2007-01-01,28,20,28,20,48
RAVELO,consulta externa,nuevas en menores de 5 anos,2007-01-01,280,221,280,221,501
REYES,consulta externa,nuevas en menores de 5 anos,2007-01-01,293,277,293,277,570
RIBERALTA,consulta externa,nuevas en menores de 5 anos,2007-01-01,2107,2009,2107,2009,4116
ROBORE,consulta externa,nuevas en menores de 5 anos,2007-01-01,342,325,342,325,667
RURRENABAQUE,consulta externa,nuevas en menores de 5 anos,2007-01-01,406,426,406,426,832
SABAYA,consulta externa,nuevas en menores de 5 anos,2007-01-01,22,21,22,21,43
SACABA,consulta externa,nuevas en menores de 5 anos,2007-01-01,1134,991,1134,991,2125
SACABAMBA,consulta externa,nuevas en menores de 5 anos,2007-01-01,47,37,47,37,84
SACACA,consulta externa,nuevas en menores de 5 anos,2007-01-01,434,403,434,403,837
SAIPINA,consulta externa,nuevas en menores de 5 anos,2007-01-01,100,104,100,104,204
SALINAS DE GARCI MENDOZA,consulta externa,nuevas en menores de 5 anos,2007-01-01,203,191,203,191,394
SAMAIPATA,consulta externa,nuevas en menores de 5 anos,2007-01-01,159,84,159,84,243
SAN AGUSTIN,consulta externa,nuevas en menores de 5 anos,2007-01-01,25,19,25,19,44
SAN ANDRES,consulta externa,nuevas en menores de 5 anos,2007-01-01,244,234,244,234,478
SAN ANDRES DE MACHACA,consulta externa,nuevas en menores de 5 anos,2007-01-01,31,48,31,48,79
SAN ANTONIO DE ESMORUCO,consulta externa,nuevas en menores de 5 anos,2007-01-01,28,36,28,36,64
SAN ANTONIO DE LOMERIO,consulta externa,nuevas en menores de 5 anos,2007-01-01,125,122,125,122,247
SAN BENITO,consulta externa,nuevas en menores de 5 anos,2007-01-01,129,123,129,123,252
SAN BORJA,consulta externa,nuevas en menores de 5 anos,2007-01-01,534,578,534,578,1112
SAN BUENA VENTURA,consulta externa,nuevas en menores de 5 anos,2007-01-01,165,145,165,145,310
SAN CARLOS,consulta externa,nuevas en menores de 5 anos,2007-01-01,486,525,486,525,1011
SAN IGNACIO,consulta externa,nuevas en menores de 5 anos,2007-01-01,595,495,595,495,1090
SAN IGNACIO DE VELASCO,consulta externa,nuevas en menores de 5 anos,2007-01-01,1759,1526,1759,1526,3285
SAN JAVIER(BNI),consulta externa,nuevas en menores de 5 anos,2007-01-01,55,50,55,50,105
SAN JAVIER(STC),consulta externa,nuevas en menores de 5 anos,2007-01-01,273,264,273,264,537
SAN JOAQUIN,consulta externa,nuevas en menores de 5 anos,2007-01-01,151,155,151,155,306
SAN JOSE DE CHIQUITOS,consulta externa,nuevas en menores de 5 anos,2007-01-01,367,341,367,341,708
SAN JUAN DE YAPACANI,consulta externa,nuevas en menores de 5 anos,2007-01-01,347,352,347,352,699
SAN JULIAN,consulta externa,nuevas en menores de 5 anos,2007-01-01,1104,1026,1104,1026,2130
SAN LORENZO(PND),consulta externa,nuevas en menores de 5 anos,2007-01-01,127,88,127,88,215
SAN LORENZO(TJA),consulta externa,nuevas en menores de 5 anos,2007-01-01,445,385,445,385,830
SAN LUCAS,consulta externa,nuevas en menores de 5 anos,2007-01-01,619,534,619,534,1153
SAN MATIAS,consulta externa,nuevas en menores de 5 anos,2007-01-01,192,214,192,214,406
SAN MIGUEL DE VELASCO,consulta externa,nuevas en menores de 5 anos,2007-01-01,215,223,215,223,438
SAN PABLO DE LIPEZ,consulta externa,nuevas en menores de 5 anos,2007-01-01,60,54,60,54,114
SAN PEDRO,consulta externa,nuevas en menores de 5 anos,2007-01-01,621,571,621,571,1192
SAN PEDRO DE BUENA VISTA,consulta externa,nuevas en menores de 5 anos,2007-01-01,341,330,341,330,671
SAN PEDRO DE CURAHUARA,consulta externa,nuevas en menores de 5 anos,2007-01-01,40,29,40,29,69
SAN PEDRO DE QUEMES,consulta externa,nuevas en menores de 5 anos,2007-01-01,8,12,8,12,20
SAN PEDRO DE TIQUINA,consulta externa,nuevas en menores de 5 anos,2007-01-01,50,37,50,37,87
SAN PEDRO(PND),consulta externa,nuevas en menores de 5 anos,2007-01-01,25,16,25,16,41
SAN RAFAEL,consulta externa,nuevas en menores de 5 anos,2007-01-01,124,104,124,104,228
SAN RAMON,consulta externa,nuevas en menores de 5 anos,2007-01-01,130,120,130,120,250
SAN RAMON,consulta externa,nuevas en menores de 5 anos,2007-01-01,233,196,233,196,429
SANTA ANA,consulta externa,nuevas en menores de 5 anos,2007-01-01,274,266,274,266,540
SANTA CRUZ DE LA SIERRA,consulta externa,nuevas en menores de 5 anos,2007-01-01,25637,21916,25637,21916,47553
SANTA ROSA,consulta externa,nuevas en menores de 5 anos,2007-01-01,151,115,151,115,266
SANTA ROSA DEL SARA,consulta externa,nuevas en menores de 5 anos,2007-01-01,762,793,762,793,1555
SANTIAGO DE CALLAPA,consulta externa,nuevas en menores de 5 anos,2007-01-01,19,35,19,35,54
SANTIAGO DE HUARI,consulta externa,nuevas en menores de 5 anos,2007-01-01,136,86,136,86,222
SANTIAGO DE MACHACA,consulta externa,nuevas en menores de 5 anos,2007-01-01,35,30,35,30,65
SANTIVAÑES,consulta externa,nuevas en menores de 5 anos,2007-01-01,97,93,97,93,190
SANTUARIO DE QUILLACAS,consulta externa,nuevas en menores de 5 anos,2007-01-01,44,47,44,47,91
SAPAHAQUI,consulta externa,nuevas en menores de 5 anos,2007-01-01,131,141,131,141,272
SENA,consulta externa,nuevas en menores de 5 anos,2007-01-01,201,179,201,179,380
SICA SICA (VILLA AROMA),consulta externa,nuevas en menores de 5 anos,2007-01-01,113,118,113,118,231
SICAYA,consulta externa,nuevas en menores de 5 anos,2007-01-01,44,42,44,42,86
SIPE SIPE,consulta externa,nuevas en menores de 5 anos,2007-01-01,234,199,234,199,433
SOPACHUY,consulta externa,nuevas en menores de 5 anos,2007-01-01,248,255,248,255,503
SORACACHI,consulta externa,nuevas en menores de 5 anos,2007-01-01,89,108,89,108,197
SORATA,consulta externa,nuevas en menores de 5 anos,2007-01-01,180,199,180,199,379
SUCRE,consulta externa,nuevas en menores de 5 anos,2007-01-01,5075,4240,5075,4240,9315
TACACHI,consulta externa,nuevas en menores de 5 anos,2007-01-01,15,5,15,5,20
TACACOMA,consulta externa,nuevas en menores de 5 anos,2007-01-01,87,89,87,89,176
TACOBAMBA,consulta externa,nuevas en menores de 5 anos,2007-01-01,77,55,77,55,132
TACOPAYA,consulta externa,nuevas en menores de 5 anos,2007-01-01,154,135,154,135,289
TAHUA,consulta externa,nuevas en menores de 5 anos,2007-01-01,19,18,19,18,37
TAPACARI,consulta externa,nuevas en menores de 5 anos,2007-01-01,480,403,480,403,883
TARABUCO,consulta externa,nuevas en menores de 5 anos,2007-01-01,834,797,834,797,1631
TARACO,consulta externa,nuevas en menores de 5 anos,2007-01-01,26,36,26,36,62
TARATA,consulta externa,nuevas en menores de 5 anos,2007-01-01,123,141,123,141,264
TARIJA,consulta externa,nuevas en menores de 5 anos,2007-01-01,3611,3370,3611,3370,6981
TARVITA,consulta externa,nuevas en menores de 5 anos,2007-01-01,587,660,587,660,1247
TEOPONTE,consulta externa,nuevas en menores de 5 anos,2007-01-01,196,202,196,202,398
TIAWANACU,consulta externa,nuevas en menores de 5 anos,2007-01-01,77,67,77,67,144
TINGUIPAYA,consulta externa,nuevas en menores de 5 anos,2007-01-01,281,256,281,256,537
TIPUANI,consulta externa,nuevas en menores de 5 anos,2007-01-01,141,136,141,136,277
TIQUIPAYA,consulta externa,nuevas en menores de 5 anos,2007-01-01,563,526,563,526,1089
TIRAQUE (CBBA),consulta externa,nuevas en menores de 5 anos,2007-01-01,856,732,856,732,1588
TITO YUPANQUI (PARQUIPUJIO),consulta externa,nuevas en menores de 5 anos,2007-01-01,22,32,22,32,54
TOCO,consulta externa,nuevas en menores de 5 anos,2007-01-01,57,57,57,57,114
TODOS SANTOS,consulta externa,nuevas en menores de 5 anos,2007-01-01,5,4,5,4,9
TOLATA,consulta externa,nuevas en menores de 5 anos,2007-01-01,57,55,57,55,112
TOLEDO,consulta externa,nuevas en menores de 5 anos,2007-01-01,70,73,70,73,143
TOMAVE,consulta externa,nuevas en menores de 5 anos,2007-01-01,191,167,191,167,358
TOMINA,consulta externa,nuevas en menores de 5 anos,2007-01-01,270,223,270,223,493
TORO TORO,consulta externa,nuevas en menores de 5 anos,2007-01-01,141,132,141,132,273
TOTORA(CBBA),consulta externa,nuevas en menores de 5 anos,2007-01-01,107,103,107,103,210
TOTORA(ORR),consulta externa,nuevas en menores de 5 anos,2007-01-01,79,80,79,80,159
TRIGAL,consulta externa,nuevas en menores de 5 anos,2007-01-01,31,25,31,25,56
TRINIDAD,consulta externa,nuevas en menores de 5 anos,2007-01-01,2080,1950,2080,1950,4030
TUPIZA,consulta externa,nuevas en menores de 5 anos,2007-01-01,909,927,909,927,1836
TURCO,consulta externa,nuevas en menores de 5 anos,2007-01-01,71,68,71,68,139
UMALA,consulta externa,nuevas en menores de 5 anos,2007-01-01,26,37,26,37,63
UNCIA,consulta externa,nuevas en menores de 5 anos,2007-01-01,607,509,607,509,1116
URIONDO (A. CONCEPCION),consulta externa,nuevas en menores de 5 anos,2007-01-01,437,386,437,386,823
URUBICHA,consulta externa,nuevas en menores de 5 anos,2007-01-01,189,211,189,211,400
UYUNI,consulta externa,nuevas en menores de 5 anos,2007-01-01,280,276,280,276,556
VACAS,consulta externa,nuevas en menores de 5 anos,2007-01-01,117,115,117,115,232
VALLEGRANDE,consulta externa,nuevas en menores de 5 anos,2007-01-01,201,210,201,210,411
VIACHA,consulta externa,nuevas en menores de 5 anos,2007-01-01,434,349,434,349,783
VILA VILA,consulta externa,nuevas en menores de 5 anos,2007-01-01,39,49,39,49,88
VILLA MONTES,consulta externa,nuevas en menores de 5 anos,2007-01-01,947,776,947,776,1723
VILLA NUEVA (LOMA ALTA),consulta externa,nuevas en menores de 5 anos,2007-01-01,69,97,69,97,166
VILLA RIVERO,consulta externa,nuevas en menores de 5 anos,2007-01-01,77,90,77,90,167
VILLA SERRANO,consulta externa,nuevas en menores de 5 anos,2007-01-01,339,317,339,317,656
VILLA TUNARI,consulta externa,nuevas en menores de 5 anos,2007-01-01,1757,1486,1757,1486,3243
VILLA VACA GUZMAN (MUYUPAMPA),consulta externa,nuevas en menores de 5 anos,2007-01-01,278,281,278,281,559
VILLAZON,consulta externa,nuevas en menores de 5 anos,2007-01-01,751,682,751,682,1433
VINTO,consulta externa,nuevas en menores de 5 anos,2007-01-01,152,103,152,103,255
VITICHI,consulta externa,nuevas en menores de 5 anos,2007-01-01,168,158,168,158,326
WALDO BALLIVIAN,consulta externa,nuevas en menores de 5 anos,2007-01-01,30,36,30,36,66
WARNES,consulta externa,nuevas en menores de 5 anos,2007-01-01,1212,1123,1212,1123,2335
YACO,consulta externa,nuevas en menores de 5 anos,2007-01-01,107,101,107,101,208
YACUIBA,consulta externa,nuevas en menores de 5 anos,2007-01-01,2129,1996,2129,1996,4125
YAMPARAEZ,consulta externa,nuevas en menores de 5 anos,2007-01-01,94,91,94,91,185
YANACACHI,consulta externa,nuevas en menores de 5 anos,2007-01-01,36,41,36,41,77
YAPACANI,consulta externa,nuevas en menores de 5 anos,2007-01-01,746,674,746,674,1420
YOCALLA,consulta externa,nuevas en menores de 5 anos,2007-01-01,82,57,82,57,139
YOTALA,consulta externa,nuevas en menores de 5 anos,2007-01-01,113,117,113,117,230
YUNCHARA,consulta externa,nuevas en menores de 5 anos,2007-01-01,98,106,98,106,204
ZUDAÑEZ,consulta externa,nuevas en menores de 5 anos,2007-01-01,264,245,264,245,509
ACACIO,consulta externa,nuevas en menores de 5 anos,2007-02-01,94,99,94,99,193
ACHACACHI,consulta externa,nuevas en menores de 5 anos,2007-02-01,286,264,286,264,550
ACHOCALLA,consulta externa,nuevas en menores de 5 anos,2007-02-01,84,66,84,66,150
AIQUILE,consulta externa,nuevas en menores de 5 anos,2007-02-01,253,183,253,183,436
ALALAY,consulta externa,nuevas en menores de 5 anos,2007-02-01,31,36,31,36,67
ALCALA,consulta externa,nuevas en menores de 5 anos,2007-02-01,157,147,157,147,304
ANCORAIMES,consulta externa,nuevas en menores de 5 anos,2007-02-01,163,156,163,156,319
ANDAMARCA,consulta externa,nuevas en menores de 5 anos,2007-02-01,86,94,86,94,180
ANTEQUERA,consulta externa,nuevas en menores de 5 anos,2007-02-01,40,31,40,31,71
ANZALDO,consulta externa,nuevas en menores de 5 anos,2007-02-01,91,99,91,99,190
APOLO,consulta externa,nuevas en menores de 5 anos,2007-02-01,339,342,339,342,681
ARAMPAMPA,consulta externa,nuevas en menores de 5 anos,2007-02-01,113,95,113,95,208
ARANI,consulta externa,nuevas en menores de 5 anos,2007-02-01,89,66,89,66,155
ARBIETO,consulta externa,nuevas en menores de 5 anos,2007-02-01,240,221,240,221,461
ARQUE,consulta externa,nuevas en menores de 5 anos,2007-02-01,110,89,110,89,199
ASCENCION DE GUARAYOS,consulta externa,nuevas en menores de 5 anos,2007-02-01,443,554,443,554,997
ATOCHA,consulta externa,nuevas en menores de 5 anos,2007-02-01,254,194,254,194,448
AUCAPATA,consulta externa,nuevas en menores de 5 anos,2007-02-01,121,117,121,117,238
AYATA,consulta externa,nuevas en menores de 5 anos,2007-02-01,112,91,112,91,203
AYO AYO,consulta externa,nuevas en menores de 5 anos,2007-02-01,41,42,41,42,83
AYOPAYA (V. DE INDEPENDENCIA),consulta externa,nuevas en menores de 5 anos,2007-02-01,347,334,347,334,681
AZURDUY,consulta externa,nuevas en menores de 5 anos,2007-02-01,475,462,475,462,937
BATALLAS,consulta externa,nuevas en menores de 5 anos,2007-02-01,95,69,95,69,164
BAURES,consulta externa,nuevas en menores de 5 anos,2007-02-01,48,68,48,68,116
BELEN DE ANDAMARCA,consulta externa,nuevas en menores de 5 anos,2007-02-01,21,19,21,19,40
BELEN DE URMIRI,consulta externa,nuevas en menores de 5 anos,2007-02-01,31,31,31,31,62
BELLA FLOR,consulta externa,nuevas en menores de 5 anos,2007-02-01,53,50,53,50,103
BERMEJO,consulta externa,nuevas en menores de 5 anos,2007-02-01,561,443,561,443,1004
BETANZOS,consulta externa,nuevas en menores de 5 anos,2007-02-01,508,464,508,464,972
BOLIVAR,consulta externa,nuevas en menores de 5 anos,2007-02-01,133,122,133,122,255
BOLPEBRA,consulta externa,nuevas en menores de 5 anos,2007-02-01,34,40,34,40,74
BOYUIBE,consulta externa,nuevas en menores de 5 anos,2007-02-01,138,147,138,147,285
BUENA VISTA,consulta externa,nuevas en menores de 5 anos,2007-02-01,275,242,275,242,517
CABEZAS,consulta externa,nuevas en menores de 5 anos,2007-02-01,596,488,596,488,1084
CAIROMA,consulta externa,nuevas en menores de 5 anos,2007-02-01,141,117,141,117,258
"CAIZA ""D""",consulta externa,nuevas en menores de 5 anos,2007-02-01,80,92,80,92,172
CAJUATA,consulta externa,nuevas en menores de 5 anos,2007-02-01,168,165,168,165,333
CALACOTO,consulta externa,nuevas en menores de 5 anos,2007-02-01,48,46,48,46,94
CALAMARCA,consulta externa,nuevas en menores de 5 anos,2007-02-01,126,104,126,104,230
CAMARGO,consulta externa,nuevas en menores de 5 anos,2007-02-01,334,346,334,346,680
CAMATAQUI (C. VILLA ABECIA),consulta externa,nuevas en menores de 5 anos,2007-02-01,90,77,90,77,167
CAMIRI,consulta externa,nuevas en menores de 5 anos,2007-02-01,836,763,836,763,1599
CAPINOTA,consulta externa,nuevas en menores de 5 anos,2007-02-01,316,263,316,263,579
CAQUIAVIRI,consulta externa,nuevas en menores de 5 anos,2007-02-01,52,70,52,70,122
CARACOLLO,consulta externa,nuevas en menores de 5 anos,2007-02-01,139,129,139,129,268
CARANAVI,consulta externa,nuevas en menores de 5 anos,2007-02-01,1116,990,1116,990,2106
CARANGAS,consulta externa,nuevas en menores de 5 anos,2007-02-01,2,0,2,0,2
CARAPARI,consulta externa,nuevas en menores de 5 anos,2007-02-01,288,281,288,281,569
CARIPUYO,consulta externa,nuevas en menores de 5 anos,2007-02-01,120,135,120,135,255
CARMEN RIVERO TORREZ,consulta externa,nuevas en menores de 5 anos,2007-02-01,48,38,48,38,86
CATACORA,consulta externa,nuevas en menores de 5 anos,2007-02-01,12,17,12,17,29
CHACARILLA,consulta externa,nuevas en menores de 5 anos,2007-02-01,36,54,36,54,90
CHALLAPATA,consulta externa,nuevas en menores de 5 anos,2007-02-01,280,252,280,252,532
CHAQUI,consulta externa,nuevas en menores de 5 anos,2007-02-01,93,83,93,83,176
CHARAGUA,consulta externa,nuevas en menores de 5 anos,2007-02-01,756,812,756,812,1568
CHARAÑA,consulta externa,nuevas en menores de 5 anos,2007-02-01,16,21,16,21,37
CHAYANTA,consulta externa,nuevas en menores de 5 anos,2007-02-01,319,340,319,340,659
CHIMORE,consulta externa,nuevas en menores de 5 anos,2007-02-01,612,546,612,546,1158
CHIPAYA,consulta externa,nuevas en menores de 5 anos,2007-02-01,18,15,18,15,33
CHOQUE COTA,consulta externa,nuevas en menores de 5 anos,2007-02-01,6,6,6,6,12
CHULUMANI (V. DE LA LIBERTAD),consulta externa,nuevas en menores de 5 anos,2007-02-01,187,181,187,181,368
CHUMA,consulta externa,nuevas en menores de 5 anos,2007-02-01,138,136,138,136,274
CLIZA,consulta externa,nuevas en menores de 5 anos,2007-02-01,231,201,231,201,432
COBIJA,consulta externa,nuevas en menores de 5 anos,2007-02-01,827,746,827,746,1573
COCHABAMBA,consulta externa,nuevas en menores de 5 anos,2007-02-01,8090,7165,8090,7165,15255
COIPASA,consulta externa,nuevas en menores de 5 anos,2007-02-01,9,12,9,12,21
COLCAPIRHUA,consulta externa,nuevas en menores de 5 anos,2007-02-01,353,350,353,350,703
"COLCHA ""K""",consulta externa,nuevas en menores de 5 anos,2007-02-01,119,142,119,142,261
COLLANA,consulta externa,nuevas en menores de 5 anos,2007-02-01,17,11,17,11,28
COLOMI,consulta externa,nuevas en menores de 5 anos,2007-02-01,299,230,299,230,529
COLPA BELGICA,consulta externa,nuevas en menores de 5 anos,2007-02-01,115,94,115,94,209
COLQUECHACA,consulta externa,nuevas en menores de 5 anos,2007-02-01,631,632,631,632,1263
COLQUENCHA,consulta externa,nuevas en menores de 5 anos,2007-02-01,66,74,66,74,140
COLQUIRI,consulta externa,nuevas en menores de 5 anos,2007-02-01,212,215,212,215,427
COMANCHE,consulta externa,nuevas en menores de 5 anos,2007-02-01,22,15,22,15,37
COMARAPA,consulta externa,nuevas en menores de 5 anos,2007-02-01,298,295,298,295,593
COMBAYA,consulta externa,nuevas en menores de 5 anos,2007-02-01,24,22,24,22,46
CONCEPCION,consulta externa,nuevas en menores de 5 anos,2007-02-01,351,254,351,254,605
COPACABANA,consulta externa,nuevas en menores de 5 anos,2007-02-01,83,69,83,69,152
CORIPATA,consulta externa,nuevas en menores de 5 anos,2007-02-01,205,182,205,182,387
CORO CORO,consulta externa,nuevas en menores de 5 anos,2007-02-01,77,66,77,66,143
COROICO,consulta externa,nuevas en menores de 5 anos,2007-02-01,166,139,166,139,305
CORQUE,consulta externa,nuevas en menores de 5 anos,2007-02-01,52,66,52,66,118
COTAGAITA,consulta externa,nuevas en menores de 5 anos,2007-02-01,463,473,463,473,936
COTOCA,consulta externa,nuevas en menores de 5 anos,2007-02-01,673,636,673,636,1309
CUATRO CAÑADAS,consulta externa,nuevas en menores de 5 anos,2007-02-01,368,470,368,470,838
CUCHUMUELA (V. G. VILLARROEL),consulta externa,nuevas en menores de 5 anos,2007-02-01,25,19,25,19,44
CUEVO,consulta externa,nuevas en menores de 5 anos,2007-02-01,104,105,104,105,209
CULPINA,consulta externa,nuevas en menores de 5 anos,2007-02-01,458,469,458,469,927
CURAHUARA DE CARANGAS,consulta externa,nuevas en menores de 5 anos,2007-02-01,71,56,71,56,127
CURVA,consulta externa,nuevas en menores de 5 anos,2007-02-01,48,36,48,36,84
DESAGUADERO,consulta externa,nuevas en menores de 5 anos,2007-02-01,33,39,33,39,72
EL ALTO,consulta externa,nuevas en menores de 5 anos,2007-02-01,7688,7203,7688,7203,14891
EL CHORO,consulta externa,nuevas en menores de 5 anos,2007-02-01,58,45,58,45,103
EL PUENTE(STC),consulta externa,nuevas en menores de 5 anos,2007-02-01,300,285,300,285,585
EL PUENTE(TJA),consulta externa,nuevas en menores de 5 anos,2007-02-01,178,149,178,149,327
EL TORNO,consulta externa,nuevas en menores de 5 anos,2007-02-01,772,732,772,732,1504
EL VILLAR,consulta externa,nuevas en menores de 5 anos,2007-02-01,163,159,163,159,322
ENTRE RIOS,consulta externa,nuevas en menores de 5 anos,2007-02-01,422,388,422,388,810
ENTRE RIOS,consulta externa,nuevas en menores de 5 anos,2007-02-01,513,511,513,511,1024
ESCARA,consulta externa,nuevas en menores de 5 anos,2007-02-01,2,1,2,1,3
ESMERALDA,consulta externa,nuevas en menores de 5 anos,2007-02-01,5,6,5,6,11
EUCALIPTUS,consulta externa,nuevas en menores de 5 anos,2007-02-01,105,96,105,96,201
EUREKA (SANTOS MERCADO),consulta externa,nuevas en menores de 5 anos,2007-02-01,18,14,18,14,32
EXALTACION,consulta externa,nuevas en menores de 5 anos,2007-02-01,62,56,62,56,118
FERNANDEZ ALONSO,consulta externa,nuevas en menores de 5 anos,2007-02-01,453,442,453,442,895
FILADELFIA,consulta externa,nuevas en menores de 5 anos,2007-02-01,100,75,100,75,175
GENERAL SAAVEDRA,consulta externa,nuevas en menores de 5 anos,2007-02-01,516,437,516,437,953
GRAL. J.J. PEREZ (CHARAZANI),consulta externa,nuevas en menores de 5 anos,2007-02-01,121,105,121,105,226
GUANAY,consulta externa,nuevas en menores de 5 anos,2007-02-01,335,338,335,338,673
GUAQUI,consulta externa,nuevas en menores de 5 anos,2007-02-01,28,27,28,27,55
GUAYARAMERIN,consulta externa,nuevas en menores de 5 anos,2007-02-01,939,965,939,965,1904
GUTIERREZ,consulta externa,nuevas en menores de 5 anos,2007-02-01,636,622,636,622,1258
HUACARETA,consulta externa,nuevas en menores de 5 anos,2007-02-01,254,255,254,255,509
HUACAYA (VILLA DE HUACAYA),consulta externa,nuevas en menores de 5 anos,2007-02-01,75,71,75,71,146
HUACHACALLA,consulta externa,nuevas en menores de 5 anos,2007-02-01,22,28,22,28,50
HUANUNI,consulta externa,nuevas en menores de 5 anos,2007-02-01,275,252,275,252,527
HUARACAJE,consulta externa,nuevas en menores de 5 anos,2007-02-01,98,65,98,65,163
HUAYLLAMARCA,consulta externa,nuevas en menores de 5 anos,2007-02-01,26,34,26,34,60
ICHOCA,consulta externa,nuevas en menores de 5 anos,2007-02-01,87,91,87,91,178
ICLA,consulta externa,nuevas en menores de 5 anos,2007-02-01,394,425,394,425,819
INCAHUASI,consulta externa,nuevas en menores de 5 anos,2007-02-01,547,555,547,555,1102
INGAVI (HUMAITA),consulta externa,nuevas en menores de 5 anos,2007-02-01,30,20,30,20,50
INQUISIVI,consulta externa,nuevas en menores de 5 anos,2007-02-01,186,175,186,175,361
IRUPANA (VILLA DE LANZA),consulta externa,nuevas en menores de 5 anos,2007-02-01,228,257,228,257,485
IXIAMAS,consulta externa,nuevas en menores de 5 anos,2007-02-01,202,218,202,218,420
JESUS DE MACHACA,consulta externa,nuevas en menores de 5 anos,2007-02-01,109,112,109,112,221
LA ASUNTA,consulta externa,nuevas en menores de 5 anos,2007-02-01,609,574,609,574,1183
LA GUARDIA,consulta externa,nuevas en menores de 5 anos,2007-02-01,1226,1004,1226,1004,2230
LA PAZ,consulta externa,nuevas en menores de 5 anos,2007-02-01,11261,10314,11261,10314,21575
LA RIVERA,consulta externa,nuevas en menores de 5 anos,2007-02-01,3,2,3,2,5
LAGUNILLAS,consulta externa,nuevas en menores de 5 anos,2007-02-01,209,221,209,221,430
LAJA,consulta externa,nuevas en menores de 5 anos,2007-02-01,79,87,79,87,166
LAS CARRERAS,consulta externa,nuevas en menores de 5 anos,2007-02-01,83,75,83,75,158
LICOMA PAMPA,consulta externa,nuevas en menores de 5 anos,2007-02-01,30,26,30,26,56
LLALLAGUA,consulta externa,nuevas en menores de 5 anos,2007-02-01,459,498,459,498,957
LLICA,consulta externa,nuevas en menores de 5 anos,2007-02-01,46,43,46,43,89
LORETO,consulta externa,nuevas en menores de 5 anos,2007-02-01,67,58,67,58,125
LURIBAY,consulta externa,nuevas en menores de 5 anos,2007-02-01,91,74,91,74,165
MACHACAMARCA,consulta externa,nuevas en menores de 5 anos,2007-02-01,56,49,56,49,105
MACHARETI,consulta externa,nuevas en menores de 5 anos,2007-02-01,287,282,287,282,569
MAGDALENA,consulta externa,nuevas en menores de 5 anos,2007-02-01,212,194,212,194,406
MAIRANA,consulta externa,nuevas en menores de 5 anos,2007-02-01,122,103,122,103,225
MALLA,consulta externa,nuevas en menores de 5 anos,2007-02-01,37,14,37,14,51
MAPIRI,consulta externa,nuevas en menores de 5 anos,2007-02-01,283,221,283,221,504
MECAPACA,consulta externa,nuevas en menores de 5 anos,2007-02-01,103,104,103,104,207
MINEROS,consulta externa,nuevas en menores de 5 anos,2007-02-01,511,470,511,470,981
MIZQUE,consulta externa,nuevas en menores de 5 anos,2007-02-01,280,248,280,248,528
MOCOMOCO,consulta externa,nuevas en menores de 5 anos,2007-02-01,98,110,98,110,208
MOJINETE,consulta externa,nuevas en menores de 5 anos,2007-02-01,9,14,9,14,23
MOJOCOYA,consulta externa,nuevas en menores de 5 anos,2007-02-01,111,123,111,123,234
MONTEAGUDO,consulta externa,nuevas en menores de 5 anos,2007-02-01,1205,540,1205,540,1745
MONTERO,consulta externa,nuevas en menores de 5 anos,2007-02-01,2817,2329,2817,2329,5146
MORO MORO,consulta externa,nuevas en menores de 5 anos,2007-02-01,58,24,58,24,82
MOROCHATA,consulta externa,nuevas en menores de 5 anos,2007-02-01,306,185,306,185,491
NACEBE (SANTA ROSA DEL ABUNA),consulta externa,nuevas en menores de 5 anos,2007-02-01,49,37,49,37,86
NAZACARA DE PACAJES,consulta externa,nuevas en menores de 5 anos,2007-02-01,4,4,4,4,8
NUEVO MANOA (NUEVA ESPERANZA),consulta externa,nuevas en menores de 5 anos,2007-02-01,22,20,22,20,42
OCURI,consulta externa,nuevas en menores de 5 anos,2007-02-01,323,294,323,294,617
OKINAWA,consulta externa,nuevas en menores de 5 anos,2007-02-01,387,370,387,370,757
OMEREQUE,consulta externa,nuevas en menores de 5 anos,2007-02-01,117,112,117,112,229
ORURO,consulta externa,nuevas en menores de 5 anos,2007-02-01,3368,2991,3368,2991,6359
PADCAYA,consulta externa,nuevas en menores de 5 anos,2007-02-01,355,336,355,336,691
PADILLA,consulta externa,nuevas en menores de 5 anos,2007-02-01,359,396,359,396,755
PAILON,consulta externa,nuevas en menores de 5 anos,2007-02-01,341,369,341,369,710
PALCA,consulta externa,nuevas en menores de 5 anos,2007-02-01,144,96,144,96,240
PALOS BLANCOS,consulta externa,nuevas en menores de 5 anos,2007-02-01,735,546,735,546,1281
PAMPA AULLAGAS,consulta externa,nuevas en menores de 5 anos,2007-02-01,39,26,39,26,65
PAMPA GRANDE,consulta externa,nuevas en menores de 5 anos,2007-02-01,121,140,121,140,261
PAPEL PAMPA,consulta externa,nuevas en menores de 5 anos,2007-02-01,35,28,35,28,63
PASORAPA,consulta externa,nuevas en menores de 5 anos,2007-02-01,49,52,49,52,101
PATACAMAYA,consulta externa,nuevas en menores de 5 anos,2007-02-01,188,191,188,191,379
PAZÑA,consulta externa,nuevas en menores de 5 anos,2007-02-01,75,57,75,57,132
PELECHUCO,consulta externa,nuevas en menores de 5 anos,2007-02-01,105,75,105,75,180
POCOATA,consulta externa,nuevas en menores de 5 anos,2007-02-01,301,357,301,357,658
POCONA,consulta externa,nuevas en menores de 5 anos,2007-02-01,152,145,152,145,297
POJO (CBBA),consulta externa,nuevas en menores de 5 anos,2007-02-01,86,66,86,66,152
POOPO,consulta externa,nuevas en menores de 5 anos,2007-02-01,50,41,50,41,91
PORCO,consulta externa,nuevas en menores de 5 anos,2007-02-01,105,122,105,122,227
POROMA,consulta externa,nuevas en menores de 5 anos,2007-02-01,250,190,250,190,440
PORONGO,consulta externa,nuevas en menores de 5 anos,2007-02-01,209,190,209,190,399
PORTACHUELO,consulta externa,nuevas en menores de 5 anos,2007-02-01,439,438,439,438,877
PORVENIR,consulta externa,nuevas en menores de 5 anos,2007-02-01,128,92,128,92,220
POSTRER VALLE,consulta externa,nuevas en menores de 5 anos,2007-02-01,24,36,24,36,60
POTOSI,consulta externa,nuevas en menores de 5 anos,2007-02-01,2484,2422,2484,2422,4906
PRESTO,consulta externa,nuevas en menores de 5 anos,2007-02-01,252,254,252,254,506
PUCARA,consulta externa,nuevas en menores de 5 anos,2007-02-01,54,40,54,40,94
PUCARANI,consulta externa,nuevas en menores de 5 anos,2007-02-01,135,151,135,151,286
PUERTO ACOSTA,consulta externa,nuevas en menores de 5 anos,2007-02-01,155,144,155,144,299
PUERTO CARABUCO,consulta externa,nuevas en menores de 5 anos,2007-02-01,91,95,91,95,186
PUERTO GONZALO MORENO,consulta externa,nuevas en menores de 5 anos,2007-02-01,109,89,109,89,198
PUERTO PEREZ,consulta externa,nuevas en menores de 5 anos,2007-02-01,62,67,62,67,129
PUERTO QUIJARRO,consulta externa,nuevas en menores de 5 anos,2007-02-01,255,218,255,218,473
PUERTO RICO,consulta externa,nuevas en menores de 5 anos,2007-02-01,123,110,123,110,233
PUERTO SILES,consulta externa,nuevas en menores de 5 anos,2007-02-01,30,28,30,28,58
PUERTO SUAREZ,consulta externa,nuevas en menores de 5 anos,2007-02-01,364,313,364,313,677
PUERTO VILLARROEL,consulta externa,nuevas en menores de 5 anos,2007-02-01,1292,1132,1292,1132,2424
PUNA,consulta externa,nuevas en menores de 5 anos,2007-02-01,551,429,551,429,980
PUNATA,consulta externa,nuevas en menores de 5 anos,2007-02-01,295,277,295,277,572
QUIABAYA,consulta externa,nuevas en menores de 5 anos,2007-02-01,66,57,66,57,123
QUILLACOLLO,consulta externa,nuevas en menores de 5 anos,2007-02-01,1280,1111,1280,1111,2391
QUIME,consulta externa,nuevas en menores de 5 anos,2007-02-01,84,89,84,89,173
QUIRUSILLAS,consulta externa,nuevas en menores de 5 anos,2007-02-01,30,33,30,33,63
RAVELO,consulta externa,nuevas en menores de 5 anos,2007-02-01,236,222,236,222,458
REYES,consulta externa,nuevas en menores de 5 anos,2007-02-01,259,259,259,259,518
RIBERALTA,consulta externa,nuevas en menores de 5 anos,2007-02-01,2028,1945,2028,1945,3973
ROBORE,consulta externa,nuevas en menores de 5 anos,2007-02-01,313,283,313,283,596
RURRENABAQUE,consulta externa,nuevas en menores de 5 anos,2007-02-01,415,418,415,418,833
SABAYA,consulta externa,nuevas en menores de 5 anos,2007-02-01,33,33,33,33,66
SACABA,consulta externa,nuevas en menores de 5 anos,2007-02-01,1011,854,1011,854,1865
SACABAMBA,consulta externa,nuevas en menores de 5 anos,2007-02-01,63,42,63,42,105
SACACA,consulta externa,nuevas en menores de 5 anos,2007-02-01,633,551,633,551,1184
SAIPINA,consulta externa,nuevas en menores de 5 anos,2007-02-01,72,62,72,62,134
SALINAS DE GARCI MENDOZA,consulta externa,nuevas en menores de 5 anos,2007-02-01,193,173,193,173,366
SAMAIPATA,consulta externa,nuevas en menores de 5 anos,2007-02-01,165,84,165,84,249
SAN AGUSTIN,consulta externa,nuevas en menores de 5 anos,2007-02-01,37,39,37,39,76
SAN ANDRES,consulta externa,nuevas en menores de 5 anos,2007-02-01,211,182,211,182,393
SAN ANDRES DE MACHACA,consulta externa,nuevas en menores de 5 anos,2007-02-01,52,44,52,44,96
SAN ANTONIO DE ESMORUCO,consulta externa,nuevas en menores de 5 anos,2007-02-01,34,25,34,25,59
SAN ANTONIO DE LOMERIO,consulta externa,nuevas en menores de 5 anos,2007-02-01,156,123,156,123,279
SAN BENITO,consulta externa,nuevas en menores de 5 anos,2007-02-01,143,117,143,117,260
SAN BORJA,consulta externa,nuevas en menores de 5 anos,2007-02-01,698,633,698,633,1331
SAN BUENA VENTURA,consulta externa,nuevas en menores de 5 anos,2007-02-01,249,231,249,231,480
SAN CARLOS,consulta externa,nuevas en menores de 5 anos,2007-02-01,480,468,480,468,948
SAN IGNACIO,consulta externa,nuevas en menores de 5 anos,2007-02-01,603,549,603,549,1152
SAN IGNACIO DE VELASCO,consulta externa,nuevas en menores de 5 anos,2007-02-01,1186,1129,1186,1129,2315
SAN JAVIER(BNI),consulta externa,nuevas en menores de 5 anos,2007-02-01,24,30,24,30,54
SAN JAVIER(STC),consulta externa,nuevas en menores de 5 anos,2007-02-01,192,196,192,196,388
SAN JOAQUIN,consulta externa,nuevas en menores de 5 anos,2007-02-01,140,163,140,163,303
SAN JOSE DE CHIQUITOS,consulta externa,nuevas en menores de 5 anos,2007-02-01,382,338,382,338,720
SAN JUAN DE YAPACANI,consulta externa,nuevas en menores de 5 anos,2007-02-01,244,285,244,285,529
SAN JULIAN,consulta externa,nuevas en menores de 5 anos,2007-02-01,897,831,897,831,1728
SAN LORENZO(PND),consulta externa,nuevas en menores de 5 anos,2007-02-01,117,78,117,78,195
SAN LORENZO(TJA),consulta externa,nuevas en menores de 5 anos,2007-02-01,393,415,393,415,808
SAN LUCAS,consulta externa,nuevas en menores de 5 anos,2007-02-01,1055,975,1055,975,2030
SAN MATIAS,consulta externa,nuevas en menores de 5 anos,2007-02-01,280,242,280,242,522
SAN MIGUEL DE VELASCO,consulta externa,nuevas en menores de 5 anos,2007-02-01,252,197,252,197,449
SAN PABLO DE LIPEZ,consulta externa,nuevas en menores de 5 anos,2007-02-01,83,57,83,57,140
SAN PEDRO,consulta externa,nuevas en menores de 5 anos,2007-02-01,673,661,673,661,1334
SAN PEDRO DE BUENA VISTA,consulta externa,nuevas en menores de 5 anos,2007-02-01,338,286,338,286,624
SAN PEDRO DE CURAHUARA,consulta externa,nuevas en menores de 5 anos,2007-02-01,42,28,42,28,70
SAN PEDRO DE QUEMES,consulta externa,nuevas en menores de 5 anos,2007-02-01,5,8,5,8,13
SAN PEDRO DE TIQUINA,consulta externa,nuevas en menores de 5 anos,2007-02-01,21,34,21,34,55
SAN PEDRO(PND),consulta externa,nuevas en menores de 5 anos,2007-02-01,10,11,10,11,21
SAN RAFAEL,consulta externa,nuevas en menores de 5 anos,2007-02-01,139,112,139,112,251
SAN RAMON,consulta externa,nuevas en menores de 5 anos,2007-02-01,137,168,137,168,305
SAN RAMON,consulta externa,nuevas en menores de 5 anos,2007-02-01,180,171,180,171,351
SANTA ANA,consulta externa,nuevas en menores de 5 anos,2007-02-01,233,224,233,224,457
SANTA CRUZ DE LA SIERRA,consulta externa,nuevas en menores de 5 anos,2007-02-01,22650,18877,22650,18877,41527
SANTA ROSA,consulta externa,nuevas en menores de 5 anos,2007-02-01,148,142,148,142,290
SANTA ROSA DEL SARA,consulta externa,nuevas en menores de 5 anos,2007-02-01,599,593,599,593,1192
SANTIAGO DE CALLAPA,consulta externa,nuevas en menores de 5 anos,2007-02-01,42,48,42,48,90
SANTIAGO DE HUARI,consulta externa,nuevas en menores de 5 anos,2007-02-01,109,109,109,109,218
SANTIAGO DE MACHACA,consulta externa,nuevas en menores de 5 anos,2007-02-01,13,16,13,16,29
SANTIVAÑES,consulta externa,nuevas en menores de 5 anos,2007-02-01,109,79,109,79,188
SANTUARIO DE QUILLACAS,consulta externa,nuevas en menores de 5 anos,2007-02-01,26,32,26,32,58
SAPAHAQUI,consulta externa,nuevas en menores de 5 anos,2007-02-01,116,89,116,89,205
SENA,consulta externa,nuevas en menores de 5 anos,2007-02-01,194,52,194,52,246
SICA SICA (VILLA AROMA),consulta externa,nuevas en menores de 5 anos,2007-02-01,145,103,145,103,248
SICAYA,consulta externa,nuevas en menores de 5 anos,2007-02-01,40,33,40,33,73
SIPE SIPE,consulta externa,nuevas en menores de 5 anos,2007-02-01,199,203,199,203,402
SOPACHUY,consulta externa,nuevas en menores de 5 anos,2007-02-01,309,318,309,318,627
SORACACHI,consulta externa,nuevas en menores de 5 anos,2007-02-01,130,117,130,117,247
SORATA,consulta externa,nuevas en menores de 5 anos,2007-02-01,149,147,149,147,296
SUCRE,consulta externa,nuevas en menores de 5 anos,2007-02-01,5112,4702,5112,4702,9814
TACACHI,consulta externa,nuevas en menores de 5 anos,2007-02-01,10,13,10,13,23
TACACOMA,consulta externa,nuevas en menores de 5 anos,2007-02-01,77,59,77,59,136
TACOBAMBA,consulta externa,nuevas en menores de 5 anos,2007-02-01,104,85,104,85,189
TACOPAYA,consulta externa,nuevas en menores de 5 anos,2007-02-01,191,191,191,191,382
TAHUA,consulta externa,nuevas en menores de 5 anos,2007-02-01,25,18,25,18,43
TAPACARI,consulta externa,nuevas en menores de 5 anos,2007-02-01,380,363,380,363,743
TARABUCO,consulta externa,nuevas en menores de 5 anos,2007-02-01,721,419,721,419,1140
TARACO,consulta externa,nuevas en menores de 5 anos,2007-02-01,32,48,32,48,80
TARATA,consulta externa,nuevas en menores de 5 anos,2007-02-01,126,119,126,119,245
TARIJA,consulta externa,nuevas en menores de 5 anos,2007-02-01,3177,2966,3177,2966,6143
TARVITA,consulta externa,nuevas en menores de 5 anos,2007-02-01,498,505,498,505,1003
TEOPONTE,consulta externa,nuevas en menores de 5 anos,2007-02-01,171,184,171,184,355
TIAWANACU,consulta externa,nuevas en menores de 5 anos,2007-02-01,75,71,75,71,146
TINGUIPAYA,consulta externa,nuevas en menores de 5 anos,2007-02-01,286,275,286,275,561
TIPUANI,consulta externa,nuevas en menores de 5 anos,2007-02-01,89,82,89,82,171
TIQUIPAYA,consulta externa,nuevas en menores de 5 anos,2007-02-01,557,255,557,255,812
TIRAQUE (CBBA),consulta externa,nuevas en menores de 5 anos,2007-02-01,640,580,640,580,1220
TITO YUPANQUI (PARQUIPUJIO),consulta externa,nuevas en menores de 5 anos,2007-02-01,3,18,3,18,21
TOCO,consulta externa,nuevas en menores de 5 anos,2007-02-01,82,55,82,55,137
TOLATA,consulta externa,nuevas en menores de 5 anos,2007-02-01,55,58,55,58,113
TOLEDO,consulta externa,nuevas en menores de 5 anos,2007-02-01,92,72,92,72,164
TOMAVE,consulta externa,nuevas en menores de 5 anos,2007-02-01,175,186,175,186,361
TOMINA,consulta externa,nuevas en menores de 5 anos,2007-02-01,259,209,259,209,468
TORO TORO,consulta externa,nuevas en menores de 5 anos,2007-02-01,202,210,202,210,412
TOTORA(CBBA),consulta externa,nuevas en menores de 5 anos,2007-02-01,170,161,170,161,331
TOTORA(ORR),consulta externa,nuevas en menores de 5 anos,2007-02-01,106,57,106,57,163
TRIGAL,consulta externa,nuevas en menores de 5 anos,2007-02-01,17,19,17,19,36
TRINIDAD,consulta externa,nuevas en menores de 5 anos,2007-02-01,2145,2023,2145,2023,4168
TUPIZA,consulta externa,nuevas en menores de 5 anos,2007-02-01,875,856,875,856,1731
TURCO,consulta externa,nuevas en menores de 5 anos,2007-02-01,56,42,56,42,98
UMALA,consulta externa,nuevas en menores de 5 anos,2007-02-01,29,36,29,36,65
UNCIA,consulta externa,nuevas en menores de 5 anos,2007-02-01,565,472,565,472,1037
URIONDO (A. CONCEPCION),consulta externa,nuevas en menores de 5 anos,2007-02-01,437,419,437,419,856
URUBICHA,consulta externa,nuevas en menores de 5 anos,2007-02-01,124,143,124,143,267
UYUNI,consulta externa,nuevas en menores de 5 anos,2007-02-01,190,195,190,195,385
VACAS,consulta externa,nuevas en menores de 5 anos,2007-02-01,140,115,140,115,255
VALLEGRANDE,consulta externa,nuevas en menores de 5 anos,2007-02-01,233,184,233,184,417
VIACHA,consulta externa,nuevas en menores de 5 anos,2007-02-01,333,319,333,319,652
VILA VILA,consulta externa,nuevas en menores de 5 anos,2007-02-01,31,29,31,29,60
VILLA MONTES,consulta externa,nuevas en menores de 5 anos,2007-02-01,728,671,728,671,1399
VILLA NUEVA (LOMA ALTA),consulta externa,nuevas en menores de 5 anos,2007-02-01,41,69,41,69,110
VILLA RIVERO,consulta externa,nuevas en menores de 5 anos,2007-02-01,120,102,120,102,222
VILLA SERRANO,consulta externa,nuevas en menores de 5 anos,2007-02-01,275,279,275,279,554
VILLA TUNARI,consulta externa,nuevas en menores de 5 anos,2007-02-01,1728,1472,1728,1472,3200
VILLA VACA GUZMAN (MUYUPAMPA),consulta externa,nuevas en menores de 5 anos,2007-02-01,206,254,206,254,460
VILLAZON,consulta externa,nuevas en menores de 5 anos,2007-02-01,510,577,510,577,1087
VINTO,consulta externa,nuevas en menores de 5 anos,2007-02-01,152,130,152,130,282
VITICHI,consulta externa,nuevas en menores de 5 anos,2007-02-01,159,154,159,154,313
WALDO BALLIVIAN,consulta externa,nuevas en menores de 5 anos,2007-02-01,17,27,17,27,44
WARNES,consulta externa,nuevas en menores de 5 anos,2007-02-01,1032,1112,1032,1112,2144
YACO,consulta externa,nuevas en menores de 5 anos,2007-02-01,112,107,112,107,219
YACUIBA,consulta externa,nuevas en menores de 5 anos,2007-02-01,1786,1627,1786,1627,3413
YAMPARAEZ,consulta externa,nuevas en menores de 5 anos,2007-02-01,131,150,131,150,281
YANACACHI,consulta externa,nuevas en menores de 5 anos,2007-02-01,58,61,58,61,119
YAPACANI,consulta externa,nuevas en menores de 5 anos,2007-02-01,596,674,596,674,1270
YOCALLA,consulta externa,nuevas en menores de 5 anos,2007-02-01,67,50,67,50,117
YOTALA,consulta externa,nuevas en menores de 5 anos,2007-02-01,169,140,169,140,309
YUNCHARA,consulta externa,nuevas en menores de 5 anos,2007-02-01,68,56,68,56,124
ZUDAÑEZ,consulta externa,nuevas en menores de 5 anos,2007-02-01,157,177,157,177,334
ACACIO,consulta externa,nuevas en menores de 5 anos,2007-03-01,131,145,131,145,276
ACHACACHI,consulta externa,nuevas en menores de 5 anos,2007-03-01,333,258,333,258,591
ACHOCALLA,consulta externa,nuevas en menores de 5 anos,2007-03-01,99,108,99,108,207
AIQUILE,consulta externa,nuevas en menores de 5 anos,2007-03-01,460,423,460,423,883
ALALAY,consulta externa,nuevas en menores de 5 anos,2007-03-01,39,17,39,17,56
ALCALA,consulta externa,nuevas en menores de 5 anos,2007-03-01,151,169,151,169,320
ANCORAIMES,consulta externa,nuevas en menores de 5 anos,2007-03-01,185,171,185,171,356
ANDAMARCA,consulta externa,nuevas en menores de 5 anos,2007-03-01,107,74,107,74,181
ANTEQUERA,consulta externa,nuevas en menores de 5 anos,2007-03-01,53,49,53,49,102
ANZALDO,consulta externa,nuevas en menores de 5 anos,2007-03-01,121,167,121,167,288
APOLO,consulta externa,nuevas en menores de 5 anos,2007-03-01,326,296,326,296,622
ARAMPAMPA,consulta externa,nuevas en menores de 5 anos,2007-03-01,143,159,143,159,302
ARANI,consulta externa,nuevas en menores de 5 anos,2007-03-01,127,98,127,98,225
ARBIETO,consulta externa,nuevas en menores de 5 anos,2007-03-01,148,162,148,162,310
ARQUE,consulta externa,nuevas en menores de 5 anos,2007-03-01,127,148,127,148,275
ASCENCION DE GUARAYOS,consulta externa,nuevas en menores de 5 anos,2007-03-01,581,480,581,480,1061
ATOCHA,consulta externa,nuevas en menores de 5 anos,2007-03-01,364,329,364,329,693
AUCAPATA,consulta externa,nuevas en menores de 5 anos,2007-03-01,105,87,105,87,192
AYATA,consulta externa,nuevas en menores de 5 anos,2007-03-01,172,156,172,156,328
AYO AYO,consulta externa,nuevas en menores de 5 anos,2007-03-01,71,72,71,72,143
AYOPAYA (V. DE INDEPENDENCIA),consulta externa,nuevas en menores de 5 anos,2007-03-01,506,465,506,465,971
AZURDUY,consulta externa,nuevas en menores de 5 anos,2007-03-01,476,452,476,452,928
BATALLAS,consulta externa,nuevas en menores de 5 anos,2007-03-01,100,108,100,108,208
BAURES,consulta externa,nuevas en menores de 5 anos,2007-03-01,90,105,90,105,195
BELEN DE ANDAMARCA,consulta externa,nuevas en menores de 5 anos,2007-03-01,20,22,20,22,42
BELEN DE URMIRI,consulta externa,nuevas en menores de 5 anos,2007-03-01,48,49,48,49,97
BELLA FLOR,consulta externa,nuevas en menores de 5 anos,2007-03-01,133,105,133,105,238
BERMEJO,consulta externa,nuevas en menores de 5 anos,2007-03-01,786,505,786,505,1291
BETANZOS,consulta externa,nuevas en menores de 5 anos,2007-03-01,667,535,667,535,1202
BOLIVAR,consulta externa,nuevas en menores de 5 anos,2007-03-01,140,132,140,132,272
BOLPEBRA,consulta externa,nuevas en menores de 5 anos,2007-03-01,38,38,38,38,76
BOYUIBE,consulta externa,nuevas en menores de 5 anos,2007-03-01,123,84,123,84,207
BUENA VISTA,consulta externa,nuevas en menores de 5 anos,2007-03-01,313,288,313,288,601
CABEZAS,consulta externa,nuevas en menores de 5 anos,2007-03-01,538,486,538,486,1024
CAIROMA,consulta externa,nuevas en menores de 5 anos,2007-03-01,189,163,189,163,352
"CAIZA ""D""",consulta externa,nuevas en menores de 5 anos,2007-03-01,143,126,143,126,269
CAJUATA,consulta externa,nuevas en menores de 5 anos,2007-03-01,158,159,158,159,317
CALACOTO,consulta externa,nuevas en menores de 5 anos,2007-03-01,60,49,60,49,109
CALAMARCA,consulta externa,nuevas en menores de 5 anos,2007-03-01,141,131,141,131,272
CAMARGO,consulta externa,nuevas en menores de 5 anos,2007-03-01,376,385,376,385,761
CAMATAQUI (C. VILLA ABECIA),consulta externa,nuevas en menores de 5 anos,2007-03-01,105,73,105,73,178
CAMIRI,consulta externa,nuevas en menores de 5 anos,2007-03-01,1510,1379,1510,1379,2889
CAPINOTA,consulta externa,nuevas en menores de 5 anos,2007-03-01,363,367,363,367,730
CAQUIAVIRI,consulta externa,nuevas en menores de 5 anos,2007-03-01,76,90,76,90,166
CARACOLLO,consulta externa,nuevas en menores de 5 anos,2007-03-01,198,215,198,215,413
CARANAVI,consulta externa,nuevas en menores de 5 anos,2007-03-01,1076,1015,1076,1015,2091
CARANGAS,consulta externa,nuevas en menores de 5 anos,2007-03-01,4,5,4,5,9
CARAPARI,consulta externa,nuevas en menores de 5 anos,2007-03-01,291,236,291,236,527
CARIPUYO,consulta externa,nuevas en menores de 5 anos,2007-03-01,273,207,273,207,480
CARMEN RIVERO TORREZ,consulta externa,nuevas en menores de 5 anos,2007-03-01,75,61,75,61,136
CATACORA,consulta externa,nuevas en menores de 5 anos,2007-03-01,13,14,13,14,27
CHACARILLA,consulta externa,nuevas en menores de 5 anos,2007-03-01,19,39,19,39,58
CHALLAPATA,consulta externa,nuevas en menores de 5 anos,2007-03-01,385,332,385,332,717
CHAQUI,consulta externa,nuevas en menores de 5 anos,2007-03-01,134,104,134,104,238
CHARAGUA,consulta externa,nuevas en menores de 5 anos,2007-03-01,805,733,805,733,1538
CHARAÑA,consulta externa,nuevas en menores de 5 anos,2007-03-01,35,39,35,39,74
CHAYANTA,consulta externa,nuevas en menores de 5 anos,2007-03-01,430,398,430,398,828
CHIMORE,consulta externa,nuevas en menores de 5 anos,2007-03-01,606,589,606,589,1195
CHIPAYA,consulta externa,nuevas en menores de 5 anos,2007-03-01,13,32,13,32,45
CHOQUE COTA,consulta externa,nuevas en menores de 5 anos,2007-03-01,11,17,11,17,28
CHULUMANI (V. DE LA LIBERTAD),consulta externa,nuevas en menores de 5 anos,2007-03-01,282,263,282,263,545
CHUMA,consulta externa,nuevas en menores de 5 anos,2007-03-01,153,139,153,139,292
CLIZA,consulta externa,nuevas en menores de 5 anos,2007-03-01,357,345,357,345,702
COBIJA,consulta externa,nuevas en menores de 5 anos,2007-03-01,1023,943,1023,943,1966
COCHABAMBA,consulta externa,nuevas en menores de 5 anos,2007-03-01,10380,9312,10380,9312,19692
COIPASA,consulta externa,nuevas en menores de 5 anos,2007-03-01,9,14,9,14,23
COLCAPIRHUA,consulta externa,nuevas en menores de 5 anos,2007-03-01,544,602,544,602,1146
"COLCHA ""K""",consulta externa,nuevas en menores de 5 anos,2007-03-01,159,147,159,147,306
COLLANA,consulta externa,nuevas en menores de 5 anos,2007-03-01,19,12,19,12,31
COLOMI,consulta externa,nuevas en menores de 5 anos,2007-03-01,289,267,289,267,556
COLPA BELGICA,consulta externa,nuevas en menores de 5 anos,2007-03-01,157,166,157,166,323
COLQUECHACA,consulta externa,nuevas en menores de 5 anos,2007-03-01,910,894,910,894,1804
COLQUENCHA,consulta externa,nuevas en menores de 5 anos,2007-03-01,97,113,97,113,210
COLQUIRI,consulta externa,nuevas en menores de 5 anos,2007-03-01,272,237,272,237,509
COMANCHE,consulta externa,nuevas en menores de 5 anos,2007-03-01,32,27,32,27,59
COMARAPA,consulta externa,nuevas en menores de 5 anos,2007-03-01,447,472,447,472,919
COMBAYA,consulta externa,nuevas en menores de 5 anos,2007-03-01,22,9,22,9,31
CONCEPCION,consulta externa,nuevas en menores de 5 anos,2007-03-01,415,304,415,304,719
COPACABANA,consulta externa,nuevas en menores de 5 anos,2007-03-01,96,99,96,99,195
CORIPATA,consulta externa,nuevas en menores de 5 anos,2007-03-01,264,270,264,270,534
CORO CORO,consulta externa,nuevas en menores de 5 anos,2007-03-01,84,78,84,78,162
COROICO,consulta externa,nuevas en menores de 5 anos,2007-03-01,223,223,223,223,446
CORQUE,consulta externa,nuevas en menores de 5 anos,2007-03-01,125,96,125,96,221
COTAGAITA,consulta externa,nuevas en menores de 5 anos,2007-03-01,571,596,571,596,1167
COTOCA,consulta externa,nuevas en menores de 5 anos,2007-03-01,897,836,897,836,1733
CUATRO CAÑADAS,consulta externa,nuevas en menores de 5 anos,2007-03-01,589,531,589,531,1120
CUCHUMUELA (V. G. VILLARROEL),consulta externa,nuevas en menores de 5 anos,2007-03-01,13,12,13,12,25
CUEVO,consulta externa,nuevas en menores de 5 anos,2007-03-01,80,101,80,101,181
CULPINA,consulta externa,nuevas en menores de 5 anos,2007-03-01,591,632,591,632,1223
CURAHUARA DE CARANGAS,consulta externa,nuevas en menores de 5 anos,2007-03-01,77,67,77,67,144
CURVA,consulta externa,nuevas en menores de 5 anos,2007-03-01,29,21,29,21,50
DESAGUADERO,consulta externa,nuevas en menores de 5 anos,2007-03-01,58,37,58,37,95
EL ALTO,consulta externa,nuevas en menores de 5 anos,2007-03-01,10408,9293,10408,9293,19701
EL CHORO,consulta externa,nuevas en menores de 5 anos,2007-03-01,70,66,70,66,136
EL PUENTE(STC),consulta externa,nuevas en menores de 5 anos,2007-03-01,377,346,377,346,723
EL PUENTE(TJA),consulta externa,nuevas en menores de 5 anos,2007-03-01,209,185,209,185,394
EL TORNO,consulta externa,nuevas en menores de 5 anos,2007-03-01,903,899,903,899,1802
EL VILLAR,consulta externa,nuevas en menores de 5 anos,2007-03-01,180,178,180,178,358
ENTRE RIOS,consulta externa,nuevas en menores de 5 anos,2007-03-01,562,522,562,522,1084
ENTRE RIOS,consulta externa,nuevas en menores de 5 anos,2007-03-01,603,532,603,532,1135
ESCARA,consulta externa,nuevas en menores de 5 anos,2007-03-01,2,4,2,4,6
ESMERALDA,consulta externa,nuevas en menores de 5 anos,2007-03-01,3,2,3,2,5
EUCALIPTUS,consulta externa,nuevas en menores de 5 anos,2007-03-01,138,135,138,135,273
EUREKA (SANTOS MERCADO),consulta externa,nuevas en menores de 5 anos,2007-03-01,22,25,22,25,47
EXALTACION,consulta externa,nuevas en menores de 5 anos,2007-03-01,73,70,73,70,143
FERNANDEZ ALONSO,consulta externa,nuevas en menores de 5 anos,2007-03-01,672,561,672,561,1233
FILADELFIA,consulta externa,nuevas en menores de 5 anos,2007-03-01,203,161,203,161,364
GENERAL SAAVEDRA,consulta externa,nuevas en menores de 5 anos,2007-03-01,588,497,588,497,1085
GRAL. J.J. PEREZ (CHARAZANI),consulta externa,nuevas en menores de 5 anos,2007-03-01,141,120,141,120,261
GUANAY,consulta externa,nuevas en menores de 5 anos,2007-03-01,380,402,380,402,782
GUAQUI,consulta externa,nuevas en menores de 5 anos,2007-03-01,47,49,47,49,96
GUAYARAMERIN,consulta externa,nuevas en menores de 5 anos,2007-03-01,1199,1167,1199,1167,2366
GUTIERREZ,consulta externa,nuevas en menores de 5 anos,2007-03-01,538,546,538,546,1084
HUACARETA,consulta externa,nuevas en menores de 5 anos,2007-03-01,305,337,305,337,642
HUACAYA (VILLA DE HUACAYA),consulta externa,nuevas en menores de 5 anos,2007-03-01,90,116,90,116,206
HUACHACALLA,consulta externa,nuevas en menores de 5 anos,2007-03-01,18,23,18,23,41
HUANUNI,consulta externa,nuevas en menores de 5 anos,2007-03-01,437,377,437,377,814
HUARACAJE,consulta externa,nuevas en menores de 5 anos,2007-03-01,83,79,83,79,162
HUAYLLAMARCA,consulta externa,nuevas en menores de 5 anos,2007-03-01,46,61,46,61,107
ICHOCA,consulta externa,nuevas en menores de 5 anos,2007-03-01,86,86,86,86,172
ICLA,consulta externa,nuevas en menores de 5 anos,2007-03-01,412,392,412,392,804
INCAHUASI,consulta externa,nuevas en menores de 5 anos,2007-03-01,573,542,573,542,1115
INGAVI (HUMAITA),consulta externa,nuevas en menores de 5 anos,2007-03-01,20,18,20,18,38
INQUISIVI,consulta externa,nuevas en menores de 5 anos,2007-03-01,203,181,203,181,384
IRUPANA (VILLA DE LANZA),consulta externa,nuevas en menores de 5 anos,2007-03-01,258,268,258,268,526
IXIAMAS,consulta externa,nuevas en menores de 5 anos,2007-03-01,273,217,273,217,490
JESUS DE MACHACA,consulta externa,nuevas en menores de 5 anos,2007-03-01,163,154,163,154,317
LA ASUNTA,consulta externa,nuevas en menores de 5 anos,2007-03-01,488,519,488,519,1007
LA GUARDIA,consulta externa,nuevas en menores de 5 anos,2007-03-01,1412,1267,1412,1267,2679
LA PAZ,consulta externa,nuevas en menores de 5 anos,2007-03-01,14569,13609,14569,13609,28178
LA RIVERA,consulta externa,nuevas en menores de 5 anos,2007-03-01,4,1,4,1,5
LAGUNILLAS,consulta externa,nuevas en menores de 5 anos,2007-03-01,294,316,294,316,610
LAJA,consulta externa,nuevas en menores de 5 anos,2007-03-01,192,136,192,136,328
LAS CARRERAS,consulta externa,nuevas en menores de 5 anos,2007-03-01,77,72,77,72,149
LICOMA PAMPA,consulta externa,nuevas en menores de 5 anos,2007-03-01,43,46,43,46,89
LLALLAGUA,consulta externa,nuevas en menores de 5 anos,2007-03-01,926,775,926,775,1701
LLICA,consulta externa,nuevas en menores de 5 anos,2007-03-01,64,61,64,61,125
LORETO,consulta externa,nuevas en menores de 5 anos,2007-03-01,101,112,101,112,213
LURIBAY,consulta externa,nuevas en menores de 5 anos,2007-03-01,89,97,89,97,186
MACHACAMARCA,consulta externa,nuevas en menores de 5 anos,2007-03-01,47,66,47,66,113
MACHARETI,consulta externa,nuevas en menores de 5 anos,2007-03-01,355,331,355,331,686
MAGDALENA,consulta externa,nuevas en menores de 5 anos,2007-03-01,203,197,203,197,400
MAIRANA,consulta externa,nuevas en menores de 5 anos,2007-03-01,187,180,187,180,367
MALLA,consulta externa,nuevas en menores de 5 anos,2007-03-01,37,38,37,38,75
MAPIRI,consulta externa,nuevas en menores de 5 anos,2007-03-01,376,318,376,318,694
MECAPACA,consulta externa,nuevas en menores de 5 anos,2007-03-01,148,106,148,106,254
MINEROS,consulta externa,nuevas en menores de 5 anos,2007-03-01,653,519,653,519,1172
MIZQUE,consulta externa,nuevas en menores de 5 anos,2007-03-01,491,433,491,433,924
MOCOMOCO,consulta externa,nuevas en menores de 5 anos,2007-03-01,113,109,113,109,222
MOJINETE,consulta externa,nuevas en menores de 5 anos,2007-03-01,16,32,16,32,48
MOJOCOYA,consulta externa,nuevas en menores de 5 anos,2007-03-01,130,139,130,139,269
MONTEAGUDO,consulta externa,nuevas en menores de 5 anos,2007-03-01,658,568,658,568,1226
MONTERO,consulta externa,nuevas en menores de 5 anos,2007-03-01,4445,3405,4445,3405,7850
MORO MORO,consulta externa,nuevas en menores de 5 anos,2007-03-01,56,45,56,45,101
MOROCHATA,consulta externa,nuevas en menores de 5 anos,2007-03-01,243,186,243,186,429
NACEBE (SANTA ROSA DEL ABUNA),consulta externa,nuevas en menores de 5 anos,2007-03-01,33,34,33,34,67
NAZACARA DE PACAJES,consulta externa,nuevas en menores de 5 anos,2007-03-01,2,2,2,2,4
NUEVO MANOA (NUEVA ESPERANZA),consulta externa,nuevas en menores de 5 anos,2007-03-01,16,16,16,16,32
OCURI,consulta externa,nuevas en menores de 5 anos,2007-03-01,425,387,425,387,812
OKINAWA,consulta externa,nuevas en menores de 5 anos,2007-03-01,391,440,391,440,831
OMEREQUE,consulta externa,nuevas en menores de 5 anos,2007-03-01,118,99,118,99,217
ORURO,consulta externa,nuevas en menores de 5 anos,2007-03-01,4905,4403,4905,4403,9308
PADCAYA,consulta externa,nuevas en menores de 5 anos,2007-03-01,416,409,416,409,825
PADILLA,consulta externa,nuevas en menores de 5 anos,2007-03-01,427,441,427,441,868
PAILON,consulta externa,nuevas en menores de 5 anos,2007-03-01,365,407,365,407,772
PALCA,consulta externa,nuevas en menores de 5 anos,2007-03-01,133,109,133,109,242
PALOS BLANCOS,consulta externa,nuevas en menores de 5 anos,2007-03-01,872,761,872,761,1633
PAMPA AULLAGAS,consulta externa,nuevas en menores de 5 anos,2007-03-01,56,48,56,48,104
PAMPA GRANDE,consulta externa,nuevas en menores de 5 anos,2007-03-01,177,132,177,132,309
PAPEL PAMPA,consulta externa,nuevas en menores de 5 anos,2007-03-01,38,49,38,49,87
PASORAPA,consulta externa,nuevas en menores de 5 anos,2007-03-01,33,34,33,34,67
PATACAMAYA,consulta externa,nuevas en menores de 5 anos,2007-03-01,193,205,193,205,398
PAZÑA,consulta externa,nuevas en menores de 5 anos,2007-03-01,112,94,112,94,206
PELECHUCO,consulta externa,nuevas en menores de 5 anos,2007-03-01,96,92,96,92,188
POCOATA,consulta externa,nuevas en menores de 5 anos,2007-03-01,484,454,484,454,938
POCONA,consulta externa,nuevas en menores de 5 anos,2007-03-01,169,162,169,162,331
POJO (CBBA),consulta externa,nuevas en menores de 5 anos,2007-03-01,207,231,207,231,438
POOPO,consulta externa,nuevas en menores de 5 anos,2007-03-01,45,58,45,58,103
PORCO,consulta externa,nuevas en menores de 5 anos,2007-03-01,176,182,176,182,358
POROMA,consulta externa,nuevas en menores de 5 anos,2007-03-01,449,390,449,390,839
PORONGO,consulta externa,nuevas en menores de 5 anos,2007-03-01,268,240,268,240,508
PORTACHUELO,consulta externa,nuevas en menores de 5 anos,2007-03-01,559,552,559,552,1111
PORVENIR,consulta externa,nuevas en menores de 5 anos,2007-03-01,123,110,123,110,233
POSTRER VALLE,consulta externa,nuevas en menores de 5 anos,2007-03-01,35,37,35,37,72
POTOSI,consulta externa,nuevas en menores de 5 anos,2007-03-01,3335,3151,3335,3151,6486
PRESTO,consulta externa,nuevas en menores de 5 anos,2007-03-01,396,300,396,300,696
PUCARA,consulta externa,nuevas en menores de 5 anos,2007-03-01,20,16,20,16,36
PUCARANI,consulta externa,nuevas en menores de 5 anos,2007-03-01,187,180,187,180,367
PUERTO ACOSTA,consulta externa,nuevas en menores de 5 anos,2007-03-01,214,177,214,177,391
PUERTO CARABUCO,consulta externa,nuevas en menores de 5 anos,2007-03-01,348,131,348,131,479
PUERTO GONZALO MORENO,consulta externa,nuevas en menores de 5 anos,2007-03-01,111,86,111,86,197
PUERTO PEREZ,consulta externa,nuevas en menores de 5 anos,2007-03-01,82,65,82,65,147
PUERTO QUIJARRO,consulta externa,nuevas en menores de 5 anos,2007-03-01,327,291,327,291,618
PUERTO RICO,consulta externa,nuevas en menores de 5 anos,2007-03-01,162,206,162,206,368
PUERTO SILES,consulta externa,nuevas en menores de 5 anos,2007-03-01,8,12,8,12,20
PUERTO SUAREZ,consulta externa,nuevas en menores de 5 anos,2007-03-01,335,358,335,358,693
PUERTO VILLARROEL,consulta externa,nuevas en menores de 5 anos,2007-03-01,1295,1122,1295,1122,2417
PUNA,consulta externa,nuevas en menores de 5 anos,2007-03-01,645,563,645,563,1208
PUNATA,consulta externa,nuevas en menores de 5 anos,2007-03-01,344,302,344,302,646
QUIABAYA,consulta externa,nuevas en menores de 5 anos,2007-03-01,56,43,56,43,99
QUILLACOLLO,consulta externa,nuevas en menores de 5 anos,2007-03-01,1485,1355,1485,1355,2840
QUIME,consulta externa,nuevas en menores de 5 anos,2007-03-01,149,133,149,133,282
QUIRUSILLAS,consulta externa,nuevas en menores de 5 anos,2007-03-01,29,22,29,22,51
RAVELO,consulta externa,nuevas en menores de 5 anos,2007-03-01,420,383,420,383,803
REYES,consulta externa,nuevas en menores de 5 anos,2007-03-01,335,337,335,337,672
RIBERALTA,consulta externa,nuevas en menores de 5 anos,2007-03-01,2511,2398,2511,2398,4909
ROBORE,consulta externa,nuevas en menores de 5 anos,2007-03-01,356,335,356,335,691
RURRENABAQUE,consulta externa,nuevas en menores de 5 anos,2007-03-01,435,400,435,400,835
SABAYA,consulta externa,nuevas en menores de 5 anos,2007-03-01,54,51,54,51,105
SACABA,consulta externa,nuevas en menores de 5 anos,2007-03-01,1090,1179,1090,1179,2269
SACABAMBA,consulta externa,nuevas en menores de 5 anos,2007-03-01,93,58,93,58,151
SACACA,consulta externa,nuevas en menores de 5 anos,2007-03-01,589,596,589,596,1185
SAIPINA,consulta externa,nuevas en menores de 5 anos,2007-03-01,205,187,205,187,392
SALINAS DE GARCI MENDOZA,consulta externa,nuevas en menores de 5 anos,2007-03-01,262,214,262,214,476
SAMAIPATA,consulta externa,nuevas en menores de 5 anos,2007-03-01,142,109,142,109,251
SAN AGUSTIN,consulta externa,nuevas en menores de 5 anos,2007-03-01,34,32,34,32,66
SAN ANDRES,consulta externa,nuevas en menores de 5 anos,2007-03-01,447,384,447,384,831
SAN ANDRES DE MACHACA,consulta externa,nuevas en menores de 5 anos,2007-03-01,63,63,63,63,126
SAN ANTONIO DE ESMORUCO,consulta externa,nuevas en menores de 5 anos,2007-03-01,43,34,43,34,77
SAN ANTONIO DE LOMERIO,consulta externa,nuevas en menores de 5 anos,2007-03-01,181,161,181,161,342
SAN BENITO,consulta externa,nuevas en menores de 5 anos,2007-03-01,159,120,159,120,279
SAN BORJA,consulta externa,nuevas en menores de 5 anos,2007-03-01,721,716,721,716,1437
SAN BUENA VENTURA,consulta externa,nuevas en menores de 5 anos,2007-03-01,283,275,283,275,558
SAN CARLOS,consulta externa,nuevas en menores de 5 anos,2007-03-01,462,485,462,485,947
SAN IGNACIO,consulta externa,nuevas en menores de 5 anos,2007-03-01,651,598,651,598,1249
SAN IGNACIO DE VELASCO,consulta externa,nuevas en menores de 5 anos,2007-03-01,1758,1626,1758,1626,3384
SAN JAVIER(BNI),consulta externa,nuevas en menores de 5 anos,2007-03-01,67,84,67,84,151
SAN JAVIER(STC),consulta externa,nuevas en menores de 5 anos,2007-03-01,289,295,289,295,584
SAN JOAQUIN,consulta externa,nuevas en menores de 5 anos,2007-03-01,171,175,171,175,346
SAN JOSE DE CHIQUITOS,consulta externa,nuevas en menores de 5 anos,2007-03-01,350,417,350,417,767
SAN JUAN DE YAPACANI,consulta externa,nuevas en menores de 5 anos,2007-03-01,456,471,456,471,927
SAN JULIAN,consulta externa,nuevas en menores de 5 anos,2007-03-01,906,918,906,918,1824
SAN LORENZO(PND),consulta externa,nuevas en menores de 5 anos,2007-03-01,119,123,119,123,242
SAN LORENZO(TJA),consulta externa,nuevas en menores de 5 anos,2007-03-01,487,498,487,498,985
SAN LUCAS,consulta externa,nuevas en menores de 5 anos,2007-03-01,864,899,864,899,1763
SAN MATIAS,consulta externa,nuevas en menores de 5 anos,2007-03-01,313,293,313,293,606
SAN MIGUEL DE VELASCO,consulta externa,nuevas en menores de 5 anos,2007-03-01,292,284,292,284,576
SAN PABLO DE LIPEZ,consulta externa,nuevas en menores de 5 anos,2007-03-01,84,79,84,79,163
SAN PEDRO,consulta externa,nuevas en menores de 5 anos,2007-03-01,716,644,716,644,1360
SAN PEDRO DE BUENA VISTA,consulta externa,nuevas en menores de 5 anos,2007-03-01,594,515,594,515,1109
SAN PEDRO DE CURAHUARA,consulta externa,nuevas en menores de 5 anos,2007-03-01,50,39,50,39,89
SAN PEDRO DE QUEMES,consulta externa,nuevas en menores de 5 anos,2007-03-01,8,11,8,11,19
SAN PEDRO DE TIQUINA,consulta externa,nuevas en menores de 5 anos,2007-03-01,32,63,32,63,95
SAN PEDRO(PND),consulta externa,nuevas en menores de 5 anos,2007-03-01,48,61,48,61,109
SAN RAFAEL,consulta externa,nuevas en menores de 5 anos,2007-03-01,133,101,133,101,234
SAN RAMON,consulta externa,nuevas en menores de 5 anos,2007-03-01,125,111,125,111,236
SAN RAMON,consulta externa,nuevas en menores de 5 anos,2007-03-01,207,189,207,189,396
SANTA ANA,consulta externa,nuevas en menores de 5 anos,2007-03-01,407,408,407,408,815
SANTA CRUZ DE LA SIERRA,consulta externa,nuevas en menores de 5 anos,2007-03-01,23791,23827,23791,23827,47618
SANTA ROSA,consulta externa,nuevas en menores de 5 anos,2007-03-01,207,183,207,183,390
SANTA ROSA DEL SARA,consulta externa,nuevas en menores de 5 anos,2007-03-01,995,975,995,975,1970
SANTIAGO DE CALLAPA,consulta externa,nuevas en menores de 5 anos,2007-03-01,26,40,26,40,66
SANTIAGO DE HUARI,consulta externa,nuevas en menores de 5 anos,2007-03-01,112,100,112,100,212
SANTIAGO DE MACHACA,consulta externa,nuevas en menores de 5 anos,2007-03-01,24,17,24,17,41
SANTIVAÑES,consulta externa,nuevas en menores de 5 anos,2007-03-01,97,83,97,83,180
SANTUARIO DE QUILLACAS,consulta externa,nuevas en menores de 5 anos,2007-03-01,50,61,50,61,111
SAPAHAQUI,consulta externa,nuevas en menores de 5 anos,2007-03-01,151,126,151,126,277
SENA,consulta externa,nuevas en menores de 5 anos,2007-03-01,86,103,86,103,189
SICA SICA (VILLA AROMA),consulta externa,nuevas en menores de 5 anos,2007-03-01,225,216,225,216,441
SICAYA,consulta externa,nuevas en menores de 5 anos,2007-03-01,55,52,55,52,107
SIPE SIPE,consulta externa,nuevas en menores de 5 anos,2007-03-01,228,212,228,212,440
SOPACHUY,consulta externa,nuevas en menores de 5 anos,2007-03-01,334,316,334,316,650
SORACACHI,consulta externa,nuevas en menores de 5 anos,2007-03-01,93,87,93,87,180
SORATA,consulta externa,nuevas en menores de 5 anos,2007-03-01,171,189,171,189,360
SUCRE,consulta externa,nuevas en menores de 5 anos,2007-03-01,7578,6966,7578,6966,14544
TACACHI,consulta externa,nuevas en menores de 5 anos,2007-03-01,9,11,9,11,20
TACACOMA,consulta externa,nuevas en menores de 5 anos,2007-03-01,79,69,79,69,148
TACOBAMBA,consulta externa,nuevas en menores de 5 anos,2007-03-01,101,84,101,84,185
TACOPAYA,consulta externa,nuevas en menores de 5 anos,2007-03-01,133,133,133,133,266
TAHUA,consulta externa,nuevas en menores de 5 anos,2007-03-01,29,28,29,28,57
TAPACARI,consulta externa,nuevas en menores de 5 anos,2007-03-01,558,504,558,504,1062
TARABUCO,consulta externa,nuevas en menores de 5 anos,2007-03-01,727,725,727,725,1452
TARACO,consulta externa,nuevas en menores de 5 anos,2007-03-01,67,57,67,57,124
TARATA,consulta externa,nuevas en menores de 5 anos,2007-03-01,152,154,152,154,306
TARIJA,consulta externa,nuevas en menores de 5 anos,2007-03-01,3776,3955,3776,3955,7731
TARVITA,consulta externa,nuevas en menores de 5 anos,2007-03-01,666,618,666,618,1284
TEOPONTE,consulta externa,nuevas en menores de 5 anos,2007-03-01,225,220,225,220,445
TIAWANACU,consulta externa,nuevas en menores de 5 anos,2007-03-01,124,93,124,93,217
TINGUIPAYA,consulta externa,nuevas en menores de 5 anos,2007-03-01,371,327,371,327,698
TIPUANI,consulta externa,nuevas en menores de 5 anos,2007-03-01,146,104,146,104,250
TIQUIPAYA,consulta externa,nuevas en menores de 5 anos,2007-03-01,863,716,863,716,1579
TIRAQUE (CBBA),consulta externa,nuevas en menores de 5 anos,2007-03-01,835,776,835,776,1611
TITO YUPANQUI (PARQUIPUJIO),consulta externa,nuevas en menores de 5 anos,2007-03-01,13,31,13,31,44
TOCO,consulta externa,nuevas en menores de 5 anos,2007-03-01,121,68,121,68,189
TODOS SANTOS,consulta externa,nuevas en menores de 5 anos,2007-03-01,7,3,7,3,10
TOLATA,consulta externa,nuevas en menores de 5 anos,2007-03-01,82,80,82,80,162
TOLEDO,consulta externa,nuevas en menores de 5 anos,2007-03-01,90,73,90,73,163
TOMAVE,consulta externa,nuevas en menores de 5 anos,2007-03-01,212,232,212,232,444
TOMINA,consulta externa,nuevas en menores de 5 anos,2007-03-01,309,245,309,245,554
TORO TORO,consulta externa,nuevas en menores de 5 anos,2007-03-01,327,232,327,232,559
TOTORA(CBBA),consulta externa,nuevas en menores de 5 anos,2007-03-01,158,141,158,141,299
TOTORA(ORR),consulta externa,nuevas en menores de 5 anos,2007-03-01,70,78,70,78,148
TRIGAL,consulta externa,nuevas en menores de 5 anos,2007-03-01,36,33,36,33,69
TRINIDAD,consulta externa,nuevas en menores de 5 anos,2007-03-01,2536,2525,2536,2525,5061
TUPIZA,consulta externa,nuevas en menores de 5 anos,2007-03-01,1076,1053,1076,1053,2129
TURCO,consulta externa,nuevas en menores de 5 anos,2007-03-01,92,118,92,118,210
UMALA,consulta externa,nuevas en menores de 5 anos,2007-03-01,55,50,55,50,105
UNCIA,consulta externa,nuevas en menores de 5 anos,2007-03-01,793,738,793,738,1531
URIONDO (A. CONCEPCION),consulta externa,nuevas en menores de 5 anos,2007-03-01,464,409,464,409,873
URUBICHA,consulta externa,nuevas en menores de 5 anos,2007-03-01,194,206,194,206,400
UYUNI,consulta externa,nuevas en menores de 5 anos,2007-03-01,253,252,253,252,505
VACAS,consulta externa,nuevas en menores de 5 anos,2007-03-01,171,128,171,128,299
VALLEGRANDE,consulta externa,nuevas en menores de 5 anos,2007-03-01,298,262,298,262,560
VIACHA,consulta externa,nuevas en menores de 5 anos,2007-03-01,499,461,499,461,960
VILA VILA,consulta externa,nuevas en menores de 5 anos,2007-03-01,106,81,106,81,187
VILLA MONTES,consulta externa,nuevas en menores de 5 anos,2007-03-01,871,785,871,785,1656
VILLA NUEVA (LOMA ALTA),consulta externa,nuevas en menores de 5 anos,2007-03-01,64,69,64,69,133
VILLA RIVERO,consulta externa,nuevas en menores de 5 anos,2007-03-01,97,105,97,105,202
VILLA SERRANO,consulta externa,nuevas en menores de 5 anos,2007-03-01,425,425,425,425,850
VILLA TUNARI,consulta externa,nuevas en menores de 5 anos,2007-03-01,1896,1658,1896,1658,3554
VILLA VACA GUZMAN (MUYUPAMPA),consulta externa,nuevas en menores de 5 anos,2007-03-01,250,278,250,278,528
VILLAZON,consulta externa,nuevas en menores de 5 anos,2007-03-01,823,744,823,744,1567
VINTO,consulta externa,nuevas en menores de 5 anos,2007-03-01,73,83,73,83,156
VITICHI,consulta externa,nuevas en menores de 5 anos,2007-03-01,145,157,145,157,302
WALDO BALLIVIAN,consulta externa,nuevas en menores de 5 anos,2007-03-01,39,42,39,42,81
WARNES,consulta externa,nuevas en menores de 5 anos,2007-03-01,1929,1165,1929,1165,3094
YACO,consulta externa,nuevas en menores de 5 anos,2007-03-01,152,157,152,157,309
YACUIBA,consulta externa,nuevas en menores de 5 anos,2007-03-01,2220,2012,2220,2012,4232
YAMPARAEZ,consulta externa,nuevas en menores de 5 anos,2007-03-01,192,165,192,165,357
YANACACHI,consulta externa,nuevas en menores de 5 anos,2007-03-01,45,51,45,51,96
YAPACANI,consulta externa,nuevas en menores de 5 anos,2007-03-01,775,762,775,762,1537
YOCALLA,consulta externa,nuevas en menores de 5 anos,2007-03-01,84,47,84,47,131
YOTALA,consulta externa,nuevas en menores de 5 anos,2007-03-01,196,172,196,172,368
YUNCHARA,consulta externa,nuevas en menores de 5 anos,2007-03-01,175,165,175,165,340
ZUDAÑEZ,consulta externa,nuevas en menores de 5 anos,2007-03-01,349,318,349,318,667
ACACIO,consulta externa,nuevas en menores de 5 anos,2007-04-01,139,140,139,140,279
ACHACACHI,consulta externa,nuevas en menores de 5 anos,2007-04-01,420,343,420,343,763
ACHOCALLA,consulta externa,nuevas en menores de 5 anos,2007-04-01,108,95,108,95,203
AIQUILE,consulta externa,nuevas en menores de 5 anos,2007-04-01,311,361,311,361,672
ALALAY,consulta externa,nuevas en menores de 5 anos,2007-04-01,54,44,54,44,98
ALCALA,consulta externa,nuevas en menores de 5 anos,2007-04-01,171,175,171,175,346
ANCORAIMES,consulta externa,nuevas en menores de 5 anos,2007-04-01,215,182,215,182,397
ANDAMARCA,consulta externa,nuevas en menores de 5 anos,2007-04-01,75,72,75,72,147
ANTEQUERA,consulta externa,nuevas en menores de 5 anos,2007-04-01,113,71,113,71,184
ANZALDO,consulta externa,nuevas en menores de 5 anos,2007-04-01,120,97,120,97,217
APOLO,consulta externa,nuevas en menores de 5 anos,2007-04-01,422,439,422,439,861
ARAMPAMPA,consulta externa,nuevas en menores de 5 anos,2007-04-01,137,133,137,133,270
ARANI,consulta externa,nuevas en menores de 5 anos,2007-04-01,61,39,61,39,100
ARBIETO,consulta externa,nuevas en menores de 5 anos,2007-04-01,140,117,140,117,257
ARQUE,consulta externa,nuevas en menores de 5 anos,2007-04-01,108,98,108,98,206
ASCENCION DE GUARAYOS,consulta externa,nuevas en menores de 5 anos,2007-04-01,551,500,551,500,1051
ATOCHA,consulta externa,nuevas en menores de 5 anos,2007-04-01,345,304,345,304,649
AUCAPATA,consulta externa,nuevas en menores de 5 anos,2007-04-01,107,99,107,99,206
AYATA,consulta externa,nuevas en menores de 5 anos,2007-04-01,147,132,147,132,279
AYO AYO,consulta externa,nuevas en menores de 5 anos,2007-04-01,99,89,99,89,188
AYOPAYA (V. DE INDEPENDENCIA),consulta externa,nuevas en menores de 5 anos,2007-04-01,451,449,451,449,900
AZURDUY,consulta externa,nuevas en menores de 5 anos,2007-04-01,587,505,587,505,1092
BATALLAS,consulta externa,nuevas en menores de 5 anos,2007-04-01,115,101,115,101,216
BAURES,consulta externa,nuevas en menores de 5 anos,2007-04-01,89,65,89,65,154
BELEN DE ANDAMARCA,consulta externa,nuevas en menores de 5 anos,2007-04-01,24,35,24,35,59
BELEN DE URMIRI,consulta externa,nuevas en menores de 5 anos,2007-04-01,41,40,41,40,81
BELLA FLOR,consulta externa,nuevas en menores de 5 anos,2007-04-01,90,80,90,80,170
BERMEJO,consulta externa,nuevas en menores de 5 anos,2007-04-01,713,675,713,675,1388
BETANZOS,consulta externa,nuevas en menores de 5 anos,2007-04-01,690,660,690,660,1350
BOLIVAR,consulta externa,nuevas en menores de 5 anos,2007-04-01,148,124,148,124,272
BOLPEBRA,consulta externa,nuevas en menores de 5 anos,2007-04-01,54,46,54,46,100
BOYUIBE,consulta externa,nuevas en menores de 5 anos,2007-04-01,99,93,99,93,192
BUENA VISTA,consulta externa,nuevas en menores de 5 anos,2007-04-01,272,237,272,237,509
CABEZAS,consulta externa,nuevas en menores de 5 anos,2007-04-01,751,665,751,665,1416
CAIROMA,consulta externa,nuevas en menores de 5 anos,2007-04-01,190,162,190,162,352
"CAIZA ""D""",consulta externa,nuevas en menores de 5 anos,2007-04-01,131,107,131,107,238
CAJUATA,consulta externa,nuevas en menores de 5 anos,2007-04-01,184,167,184,167,351
CALACOTO,consulta externa,nuevas en menores de 5 anos,2007-04-01,90,70,90,70,160
CALAMARCA,consulta externa,nuevas en menores de 5 anos,2007-04-01,151,136,151,136,287
CAMARGO,consulta externa,nuevas en menores de 5 anos,2007-04-01,388,418,388,418,806
CAMATAQUI (C. VILLA ABECIA),consulta externa,nuevas en menores de 5 anos,2007-04-01,113,116,113,116,229
CAMIRI,consulta externa,nuevas en menores de 5 anos,2007-04-01,1384,1288,1384,1288,2672
CAPINOTA,consulta externa,nuevas en menores de 5 anos,2007-04-01,314,320,314,320,634
CAQUIAVIRI,consulta externa,nuevas en menores de 5 anos,2007-04-01,70,98,70,98,168
CARACOLLO,consulta externa,nuevas en menores de 5 anos,2007-04-01,218,200,218,200,418
CARANAVI,consulta externa,nuevas en menores de 5 anos,2007-04-01,1029,919,1029,919,1948
CARANGAS,consulta externa,nuevas en menores de 5 anos,2007-04-01,3,8,3,8,11
CARAPARI,consulta externa,nuevas en menores de 5 anos,2007-04-01,280,233,280,233,513
CARIPUYO,consulta externa,nuevas en menores de 5 anos,2007-04-01,170,149,170,149,319
CARMEN RIVERO TORREZ,consulta externa,nuevas en menores de 5 anos,2007-04-01,40,53,40,53,93
CATACORA,consulta externa,nuevas en menores de 5 anos,2007-04-01,16,6,16,6,22
CHACARILLA,consulta externa,nuevas en menores de 5 anos,2007-04-01,46,69,46,69,115
CHALLAPATA,consulta externa,nuevas en menores de 5 anos,2007-04-01,391,412,391,412,803
CHAQUI,consulta externa,nuevas en menores de 5 anos,2007-04-01,120,117,120,117,237
CHARAGUA,consulta externa,nuevas en menores de 5 anos,2007-04-01,733,702,733,702,1435
CHARAÑA,consulta externa,nuevas en menores de 5 anos,2007-04-01,29,62,29,62,91
CHAYANTA,consulta externa,nuevas en menores de 5 anos,2007-04-01,267,282,267,282,549
CHIMORE,consulta externa,nuevas en menores de 5 anos,2007-04-01,672,612,672,612,1284
CHIPAYA,consulta externa,nuevas en menores de 5 anos,2007-04-01,9,25,9,25,34
CHOQUE COTA,consulta externa,nuevas en menores de 5 anos,2007-04-01,15,8,15,8,23
CHULUMANI (V. DE LA LIBERTAD),consulta externa,nuevas en menores de 5 anos,2007-04-01,285,233,285,233,518
CHUMA,consulta externa,nuevas en menores de 5 anos,2007-04-01,131,129,131,129,260
CLIZA,consulta externa,nuevas en menores de 5 anos,2007-04-01,271,215,271,215,486
COBIJA,consulta externa,nuevas en menores de 5 anos,2007-04-01,1028,1007,1028,1007,2035
COCHABAMBA,consulta externa,nuevas en menores de 5 anos,2007-04-01,9914,9079,9914,9079,18993
COIPASA,consulta externa,nuevas en menores de 5 anos,2007-04-01,13,22,13,22,35
COLCAPIRHUA,consulta externa,nuevas en menores de 5 anos,2007-04-01,515,520,515,520,1035
"COLCHA ""K""",consulta externa,nuevas en menores de 5 anos,2007-04-01,134,123,134,123,257
COLLANA,consulta externa,nuevas en menores de 5 anos,2007-04-01,17,10,17,10,27
COLOMI,consulta externa,nuevas en menores de 5 anos,2007-04-01,476,402,476,402,878
COLPA BELGICA,consulta externa,nuevas en menores de 5 anos,2007-04-01,175,177,175,177,352
COLQUECHACA,consulta externa,nuevas en menores de 5 anos,2007-04-01,873,759,873,759,1632
COLQUENCHA,consulta externa,nuevas en menores de 5 anos,2007-04-01,96,107,96,107,203
COLQUIRI,consulta externa,nuevas en menores de 5 anos,2007-04-01,291,244,291,244,535
COMANCHE,consulta externa,nuevas en menores de 5 anos,2007-04-01,37,21,37,21,58
COMARAPA,consulta externa,nuevas en menores de 5 anos,2007-04-01,342,337,342,337,679
COMBAYA,consulta externa,nuevas en menores de 5 anos,2007-04-01,16,21,16,21,37
CONCEPCION,consulta externa,nuevas en menores de 5 anos,2007-04-01,279,173,279,173,452
COPACABANA,consulta externa,nuevas en menores de 5 anos,2007-04-01,126,142,126,142,268
CORIPATA,consulta externa,nuevas en menores de 5 anos,2007-04-01,263,236,263,236,499
CORO CORO,consulta externa,nuevas en menores de 5 anos,2007-04-01,106,126,106,126,232
COROICO,consulta externa,nuevas en menores de 5 anos,2007-04-01,269,256,269,256,525
CORQUE,consulta externa,nuevas en menores de 5 anos,2007-04-01,108,112,108,112,220
COTAGAITA,consulta externa,nuevas en menores de 5 anos,2007-04-01,734,678,734,678,1412
COTOCA,consulta externa,nuevas en menores de 5 anos,2007-04-01,748,708,748,708,1456
CUATRO CAÑADAS,consulta externa,nuevas en menores de 5 anos,2007-04-01,492,469,492,469,961
CUCHUMUELA (V. G. VILLARROEL),consulta externa,nuevas en menores de 5 anos,2007-04-01,17,11,17,11,28
CUEVO,consulta externa,nuevas en menores de 5 anos,2007-04-01,119,134,119,134,253
CULPINA,consulta externa,nuevas en menores de 5 anos,2007-04-01,571,536,571,536,1107
CURAHUARA DE CARANGAS,consulta externa,nuevas en menores de 5 anos,2007-04-01,72,90,72,90,162
CURVA,consulta externa,nuevas en menores de 5 anos,2007-04-01,63,41,63,41,104
DESAGUADERO,consulta externa,nuevas en menores de 5 anos,2007-04-01,51,33,51,33,84
EL ALTO,consulta externa,nuevas en menores de 5 anos,2007-04-01,10611,9903,10611,9903,20514
EL CHORO,consulta externa,nuevas en menores de 5 anos,2007-04-01,83,79,83,79,162
EL PUENTE(STC),consulta externa,nuevas en menores de 5 anos,2007-04-01,419,388,419,388,807
EL PUENTE(TJA),consulta externa,nuevas en menores de 5 anos,2007-04-01,199,175,199,175,374
EL TORNO,consulta externa,nuevas en menores de 5 anos,2007-04-01,799,748,799,748,1547
EL VILLAR,consulta externa,nuevas en menores de 5 anos,2007-04-01,186,204,186,204,390
ENTRE RIOS,consulta externa,nuevas en menores de 5 anos,2007-04-01,434,382,434,382,816
ENTRE RIOS,consulta externa,nuevas en menores de 5 anos,2007-04-01,622,563,622,563,1185
ESCARA,consulta externa,nuevas en menores de 5 anos,2007-04-01,3,4,3,4,7
ESMERALDA,consulta externa,nuevas en menores de 5 anos,2007-04-01,12,6,12,6,18
EUCALIPTUS,consulta externa,nuevas en menores de 5 anos,2007-04-01,95,79,95,79,174
EUREKA (SANTOS MERCADO),consulta externa,nuevas en menores de 5 anos,2007-04-01,13,25,13,25,38
EXALTACION,consulta externa,nuevas en menores de 5 anos,2007-04-01,65,60,65,60,125
FERNANDEZ ALONSO,consulta externa,nuevas en menores de 5 anos,2007-04-01,632,513,632,513,1145
FILADELFIA,consulta externa,nuevas en menores de 5 anos,2007-04-01,141,106,141,106,247
GENERAL SAAVEDRA,consulta externa,nuevas en menores de 5 anos,2007-04-01,414,410,414,410,824
GRAL. J.J. PEREZ (CHARAZANI),consulta externa,nuevas en menores de 5 anos,2007-04-01,147,145,147,145,292
GUANAY,consulta externa,nuevas en menores de 5 anos,2007-04-01,311,317,311,317,628
GUAQUI,consulta externa,nuevas en menores de 5 anos,2007-04-01,76,54,76,54,130
GUAYARAMERIN,consulta externa,nuevas en menores de 5 anos,2007-04-01,999,961,999,961,1960
GUTIERREZ,consulta externa,nuevas en menores de 5 anos,2007-04-01,390,418,390,418,808
HUACARETA,consulta externa,nuevas en menores de 5 anos,2007-04-01,300,273,300,273,573
HUACAYA (VILLA DE HUACAYA),consulta externa,nuevas en menores de 5 anos,2007-04-01,126,98,126,98,224
HUACHACALLA,consulta externa,nuevas en menores de 5 anos,2007-04-01,25,17,25,17,42
HUANUNI,consulta externa,nuevas en menores de 5 anos,2007-04-01,614,436,614,436,1050
HUARACAJE,consulta externa,nuevas en menores de 5 anos,2007-04-01,98,91,98,91,189
HUAYLLAMARCA,consulta externa,nuevas en menores de 5 anos,2007-04-01,37,37,37,37,74
ICHOCA,consulta externa,nuevas en menores de 5 anos,2007-04-01,87,79,87,79,166
ICLA,consulta externa,nuevas en menores de 5 anos,2007-04-01,481,437,481,437,918
INCAHUASI,consulta externa,nuevas en menores de 5 anos,2007-04-01,780,733,780,733,1513
INGAVI (HUMAITA),consulta externa,nuevas en menores de 5 anos,2007-04-01,58,30,58,30,88
INQUISIVI,consulta externa,nuevas en menores de 5 anos,2007-04-01,160,155,160,155,315
IRUPANA (VILLA DE LANZA),consulta externa,nuevas en menores de 5 anos,2007-04-01,327,315,327,315,642
IXIAMAS,consulta externa,nuevas en menores de 5 anos,2007-04-01,330,320,330,320,650
JESUS DE MACHACA,consulta externa,nuevas en menores de 5 anos,2007-04-01,241,178,241,178,419
LA ASUNTA,consulta externa,nuevas en menores de 5 anos,2007-04-01,628,646,628,646,1274
LA GUARDIA,consulta externa,nuevas en menores de 5 anos,2007-04-01,1425,1409,1425,1409,2834
LA PAZ,consulta externa,nuevas en menores de 5 anos,2007-04-01,14616,13767,14616,13767,28383
LA RIVERA,consulta externa,nuevas en menores de 5 anos,2007-04-01,3,2,3,2,5
LAGUNILLAS,consulta externa,nuevas en menores de 5 anos,2007-04-01,153,178,153,178,331
LAJA,consulta externa,nuevas en menores de 5 anos,2007-04-01,126,119,126,119,245
LAS CARRERAS,consulta externa,nuevas en menores de 5 anos,2007-04-01,63,67,63,67,130
LICOMA PAMPA,consulta externa,nuevas en menores de 5 anos,2007-04-01,26,45,26,45,71
LLALLAGUA,consulta externa,nuevas en menores de 5 anos,2007-04-01,724,571,724,571,1295
LLICA,consulta externa,nuevas en menores de 5 anos,2007-04-01,46,52,46,52,98
LORETO,consulta externa,nuevas en menores de 5 anos,2007-04-01,92,82,92,82,174
LURIBAY,consulta externa,nuevas en menores de 5 anos,2007-04-01,136,116,136,116,252
MACHACAMARCA,consulta externa,nuevas en menores de 5 anos,2007-04-01,56,49,56,49,105
MACHARETI,consulta externa,nuevas en menores de 5 anos,2007-04-01,285,299,285,299,584
MAGDALENA,consulta externa,nuevas en menores de 5 anos,2007-04-01,252,226,252,226,478
MAIRANA,consulta externa,nuevas en menores de 5 anos,2007-04-01,184,175,184,175,359
MALLA,consulta externa,nuevas en menores de 5 anos,2007-04-01,60,27,60,27,87
MAPIRI,consulta externa,nuevas en menores de 5 anos,2007-04-01,314,302,314,302,616
MECAPACA,consulta externa,nuevas en menores de 5 anos,2007-04-01,177,129,177,129,306
MINEROS,consulta externa,nuevas en menores de 5 anos,2007-04-01,585,484,585,484,1069
MIZQUE,consulta externa,nuevas en menores de 5 anos,2007-04-01,495,423,495,423,918
MOCOMOCO,consulta externa,nuevas en menores de 5 anos,2007-04-01,122,77,122,77,199
MOJINETE,consulta externa,nuevas en menores de 5 anos,2007-04-01,12,16,12,16,28
MOJOCOYA,consulta externa,nuevas en menores de 5 anos,2007-04-01,170,208,170,208,378
MONTEAGUDO,consulta externa,nuevas en menores de 5 anos,2007-04-01,796,706,796,706,1502
MONTERO,consulta externa,nuevas en menores de 5 anos,2007-04-01,2721,2325,2721,2325,5046
MORO MORO,consulta externa,nuevas en menores de 5 anos,2007-04-01,79,51,79,51,130
MOROCHATA,consulta externa,nuevas en menores de 5 anos,2007-04-01,355,318,355,318,673
NACEBE (SANTA ROSA DEL ABUNA),consulta externa,nuevas en menores de 5 anos,2007-04-01,62,55,62,55,117
NAZACARA DE PACAJES,consulta externa,nuevas en menores de 5 anos,2007-04-01,13,6,13,6,19
NUEVO MANOA (NUEVA ESPERANZA),consulta externa,nuevas en menores de 5 anos,2007-04-01,26,34,26,34,60
OCURI,consulta externa,nuevas en menores de 5 anos,2007-04-01,420,374,420,374,794
OKINAWA,consulta externa,nuevas en menores de 5 anos,2007-04-01,406,394,406,394,800
OMEREQUE,consulta externa,nuevas en menores de 5 anos,2007-04-01,88,137,88,137,225
ORURO,consulta externa,nuevas en menores de 5 anos,2007-04-01,4994,4444,4994,4444,9438
PADCAYA,consulta externa,nuevas en menores de 5 anos,2007-04-01,402,416,402,416,818
PADILLA,consulta externa,nuevas en menores de 5 anos,2007-04-01,386,417,386,417,803
PAILON,consulta externa,nuevas en menores de 5 anos,2007-04-01,350,352,350,352,702
PALCA,consulta externa,nuevas en menores de 5 anos,2007-04-01,124,107,124,107,231
PALOS BLANCOS,consulta externa,nuevas en menores de 5 anos,2007-04-01,691,659,691,659,1350
PAMPA AULLAGAS,consulta externa,nuevas en menores de 5 anos,2007-04-01,73,63,73,63,136
PAMPA GRANDE,consulta externa,nuevas en menores de 5 anos,2007-04-01,142,159,142,159,301
PAPEL PAMPA,consulta externa,nuevas en menores de 5 anos,2007-04-01,51,57,51,57,108
PASORAPA,consulta externa,nuevas en menores de 5 anos,2007-04-01,25,31,25,31,56
PATACAMAYA,consulta externa,nuevas en menores de 5 anos,2007-04-01,305,233,305,233,538
PAZÑA,consulta externa,nuevas en menores de 5 anos,2007-04-01,109,101,109,101,210
PELECHUCO,consulta externa,nuevas en menores de 5 anos,2007-04-01,130,104,130,104,234
POCOATA,consulta externa,nuevas en menores de 5 anos,2007-04-01,398,372,398,372,770
POCONA,consulta externa,nuevas en menores de 5 anos,2007-04-01,240,214,240,214,454
POJO (CBBA),consulta externa,nuevas en menores de 5 anos,2007-04-01,125,93,125,93,218
POOPO,consulta externa,nuevas en menores de 5 anos,2007-04-01,137,68,137,68,205
PORCO,consulta externa,nuevas en menores de 5 anos,2007-04-01,181,206,181,206,387
POROMA,consulta externa,nuevas en menores de 5 anos,2007-04-01,430,325,430,325,755
PORONGO,consulta externa,nuevas en menores de 5 anos,2007-04-01,188,194,188,194,382
PORTACHUELO,consulta externa,nuevas en menores de 5 anos,2007-04-01,643,495,643,495,1138
PORVENIR,consulta externa,nuevas en menores de 5 anos,2007-04-01,132,107,132,107,239
POSTRER VALLE,consulta externa,nuevas en menores de 5 anos,2007-04-01,45,54,45,54,99
POTOSI,consulta externa,nuevas en menores de 5 anos,2007-04-01,3256,3159,3256,3159,6415
PRESTO,consulta externa,nuevas en menores de 5 anos,2007-04-01,365,302,365,302,667
PUCARA,consulta externa,nuevas en menores de 5 anos,2007-04-01,64,50,64,50,114
PUCARANI,consulta externa,nuevas en menores de 5 anos,2007-04-01,208,228,208,228,436
PUERTO ACOSTA,consulta externa,nuevas en menores de 5 anos,2007-04-01,210,188,210,188,398
PUERTO CARABUCO,consulta externa,nuevas en menores de 5 anos,2007-04-01,116,105,116,105,221
PUERTO GONZALO MORENO,consulta externa,nuevas en menores de 5 anos,2007-04-01,85,97,85,97,182
PUERTO PEREZ,consulta externa,nuevas en menores de 5 anos,2007-04-01,74,71,74,71,145
PUERTO QUIJARRO,consulta externa,nuevas en menores de 5 anos,2007-04-01,200,190,200,190,390
PUERTO RICO,consulta externa,nuevas en menores de 5 anos,2007-04-01,197,173,197,173,370
PUERTO SILES,consulta externa,nuevas en menores de 5 anos,2007-04-01,36,33,36,33,69
PUERTO SUAREZ,consulta externa,nuevas en menores de 5 anos,2007-04-01,287,241,287,241,528
PUERTO VILLARROEL,consulta externa,nuevas en menores de 5 anos,2007-04-01,1456,1287,1456,1287,2743
PUNA,consulta externa,nuevas en menores de 5 anos,2007-04-01,638,569,638,569,1207
PUNATA,consulta externa,nuevas en menores de 5 anos,2007-04-01,372,354,372,354,726
QUIABAYA,consulta externa,nuevas en menores de 5 anos,2007-04-01,71,53,71,53,124
QUILLACOLLO,consulta externa,nuevas en menores de 5 anos,2007-04-01,1360,1380,1360,1380,2740
QUIME,consulta externa,nuevas en menores de 5 anos,2007-04-01,155,117,155,117,272
QUIRUSILLAS,consulta externa,nuevas en menores de 5 anos,2007-04-01,42,25,42,25,67
RAVELO,consulta externa,nuevas en menores de 5 anos,2007-04-01,445,403,445,403,848
REYES,consulta externa,nuevas en menores de 5 anos,2007-04-01,356,354,356,354,710
RIBERALTA,consulta externa,nuevas en menores de 5 anos,2007-04-01,1921,1677,1921,1677,3598
ROBORE,consulta externa,nuevas en menores de 5 anos,2007-04-01,323,301,323,301,624
RURRENABAQUE,consulta externa,nuevas en menores de 5 anos,2007-04-01,365,321,365,321,686
SABAYA,consulta externa,nuevas en menores de 5 anos,2007-04-01,54,54,54,54,108
SACABA,consulta externa,nuevas en menores de 5 anos,2007-04-01,1316,1105,1316,1105,2421
SACABAMBA,consulta externa,nuevas en menores de 5 anos,2007-04-01,55,50,55,50,105
SACACA,consulta externa,nuevas en menores de 5 anos,2007-04-01,558,557,558,557,1115
SAIPINA,consulta externa,nuevas en menores de 5 anos,2007-04-01,90,64,90,64,154
SALINAS DE GARCI MENDOZA,consulta externa,nuevas en menores de 5 anos,2007-04-01,214,209,214,209,423
SAMAIPATA,consulta externa,nuevas en menores de 5 anos,2007-04-01,197,134,197,134,331
SAN AGUSTIN,consulta externa,nuevas en menores de 5 anos,2007-04-01,44,34,44,34,78
SAN ANDRES,consulta externa,nuevas en menores de 5 anos,2007-04-01,333,325,333,325,658
SAN ANDRES DE MACHACA,consulta externa,nuevas en menores de 5 anos,2007-04-01,67,78,67,78,145
SAN ANTONIO DE ESMORUCO,consulta externa,nuevas en menores de 5 anos,2007-04-01,33,50,33,50,83
SAN ANTONIO DE LOMERIO,consulta externa,nuevas en menores de 5 anos,2007-04-01,164,140,164,140,304
SAN BENITO,consulta externa,nuevas en menores de 5 anos,2007-04-01,103,83,103,83,186
SAN BORJA,consulta externa,nuevas en menores de 5 anos,2007-04-01,689,671,689,671,1360
SAN BUENA VENTURA,consulta externa,nuevas en menores de 5 anos,2007-04-01,336,290,336,290,626
SAN CARLOS,consulta externa,nuevas en menores de 5 anos,2007-04-01,515,438,515,438,953
SAN IGNACIO,consulta externa,nuevas en menores de 5 anos,2007-04-01,639,549,639,549,1188
SAN IGNACIO DE VELASCO,consulta externa,nuevas en menores de 5 anos,2007-04-01,1478,1453,1478,1453,2931
SAN JAVIER(BNI),consulta externa,nuevas en menores de 5 anos,2007-04-01,28,40,28,40,68
SAN JAVIER(STC),consulta externa,nuevas en menores de 5 anos,2007-04-01,188,180,188,180,368
SAN JOAQUIN,consulta externa,nuevas en menores de 5 anos,2007-04-01,59,50,59,50,109
SAN JOSE DE CHIQUITOS,consulta externa,nuevas en menores de 5 anos,2007-04-01,349,328,349,328,677
SAN JUAN DE YAPACANI,consulta externa,nuevas en menores de 5 anos,2007-04-01,411,402,411,402,813
SAN JULIAN,consulta externa,nuevas en menores de 5 anos,2007-04-01,956,868,956,868,1824
SAN LORENZO(PND),consulta externa,nuevas en menores de 5 anos,2007-04-01,159,180,159,180,339
SAN LORENZO(TJA),consulta externa,nuevas en menores de 5 anos,2007-04-01,453,458,453,458,911
SAN LUCAS,consulta externa,nuevas en menores de 5 anos,2007-04-01,1090,1035,1090,1035,2125
SAN MATIAS,consulta externa,nuevas en menores de 5 anos,2007-04-01,383,235,383,235,618
SAN MIGUEL DE VELASCO,consulta externa,nuevas en menores de 5 anos,2007-04-01,275,222,275,222,497
SAN PABLO DE LIPEZ,consulta externa,nuevas en menores de 5 anos,2007-04-01,129,115,129,115,244
SAN PEDRO,consulta externa,nuevas en menores de 5 anos,2007-04-01,684,687,684,687,1371
SAN PEDRO DE BUENA VISTA,consulta externa,nuevas en menores de 5 anos,2007-04-01,523,421,523,421,944
SAN PEDRO DE CURAHUARA,consulta externa,nuevas en menores de 5 anos,2007-04-01,87,71,87,71,158
SAN PEDRO DE QUEMES,consulta externa,nuevas en menores de 5 anos,2007-04-01,5,7,5,7,12
SAN PEDRO DE TIQUINA,consulta externa,nuevas en menores de 5 anos,2007-04-01,47,43,47,43,90
SAN PEDRO(PND),consulta externa,nuevas en menores de 5 anos,2007-04-01,30,18,30,18,48
SAN RAFAEL,consulta externa,nuevas en menores de 5 anos,2007-04-01,165,143,165,143,308
SAN RAMON,consulta externa,nuevas en menores de 5 anos,2007-04-01,114,110,114,110,224
SAN RAMON,consulta externa,nuevas en menores de 5 anos,2007-04-01,246,242,246,242,488
SANTA ANA,consulta externa,nuevas en menores de 5 anos,2007-04-01,293,282,293,282,575
SANTA CRUZ DE LA SIERRA,consulta externa,nuevas en menores de 5 anos,2007-04-01,22095,21025,22095,21025,43120
SANTA ROSA,consulta externa,nuevas en menores de 5 anos,2007-04-01,236,200,236,200,436
SANTA ROSA DEL SARA,consulta externa,nuevas en menores de 5 anos,2007-04-01,643,652,643,652,1295
SANTIAGO DE CALLAPA,consulta externa,nuevas en menores de 5 anos,2007-04-01,58,49,58,49,107
SANTIAGO DE HUARI,consulta externa,nuevas en menores de 5 anos,2007-04-01,150,115,150,115,265
SANTIAGO DE MACHACA,consulta externa,nuevas en menores de 5 anos,2007-04-01,47,32,47,32,79
SANTIVAÑES,consulta externa,nuevas en menores de 5 anos,2007-04-01,79,87,79,87,166
SANTUARIO DE QUILLACAS,consulta externa,nuevas en menores de 5 anos,2007-04-01,32,40,32,40,72
SAPAHAQUI,consulta externa,nuevas en menores de 5 anos,2007-04-01,174,157,174,157,331
SENA,consulta externa,nuevas en menores de 5 anos,2007-04-01,111,101,111,101,212
SICA SICA (VILLA AROMA),consulta externa,nuevas en menores de 5 anos,2007-04-01,181,181,181,181,362
SICAYA,consulta externa,nuevas en menores de 5 anos,2007-04-01,10,11,10,11,21
SIPE SIPE,consulta externa,nuevas en menores de 5 anos,2007-04-01,329,345,329,345,674
SOPACHUY,consulta externa,nuevas en menores de 5 anos,2007-04-01,344,185,344,185,529
SORACACHI,consulta externa,nuevas en menores de 5 anos,2007-04-01,191,185,191,185,376
SORATA,consulta externa,nuevas en menores de 5 anos,2007-04-01,193,185,193,185,378
SUCRE,consulta externa,nuevas en menores de 5 anos,2007-04-01,6516,6604,6516,6604,13120
TACACHI,consulta externa,nuevas en menores de 5 anos,2007-04-01,16,10,16,10,26
TACACOMA,consulta externa,nuevas en menores de 5 anos,2007-04-01,93,94,93,94,187
TACOBAMBA,consulta externa,nuevas en menores de 5 anos,2007-04-01,158,122,158,122,280
TACOPAYA,consulta externa,nuevas en menores de 5 anos,2007-04-01,229,252,229,252,481
TAHUA,consulta externa,nuevas en menores de 5 anos,2007-04-01,14,18,14,18,32
TAPACARI,consulta externa,nuevas en menores de 5 anos,2007-04-01,459,424,459,424,883
TARABUCO,consulta externa,nuevas en menores de 5 anos,2007-04-01,726,818,726,818,1544
TARACO,consulta externa,nuevas en menores de 5 anos,2007-04-01,60,73,60,73,133
TARATA,consulta externa,nuevas en menores de 5 anos,2007-04-01,70,78,70,78,148
TARIJA,consulta externa,nuevas en menores de 5 anos,2007-04-01,3994,3664,3994,3664,7658
TARVITA,consulta externa,nuevas en menores de 5 anos,2007-04-01,586,547,586,547,1133
TEOPONTE,consulta externa,nuevas en menores de 5 anos,2007-04-01,195,185,195,185,380
TIAWANACU,consulta externa,nuevas en menores de 5 anos,2007-04-01,156,107,156,107,263
TINGUIPAYA,consulta externa,nuevas en menores de 5 anos,2007-04-01,288,277,288,277,565
TIPUANI,consulta externa,nuevas en menores de 5 anos,2007-04-01,101,100,101,100,201
TIQUIPAYA,consulta externa,nuevas en menores de 5 anos,2007-04-01,782,694,782,694,1476
TIRAQUE (CBBA),consulta externa,nuevas en menores de 5 anos,2007-04-01,818,758,818,758,1576
TITO YUPANQUI (PARQUIPUJIO),consulta externa,nuevas en menores de 5 anos,2007-04-01,22,32,22,32,54
TOCO,consulta externa,nuevas en menores de 5 anos,2007-04-01,73,57,73,57,130
TODOS SANTOS,consulta externa,nuevas en menores de 5 anos,2007-04-01,6,5,6,5,11
TOLATA,consulta externa,nuevas en menores de 5 anos,2007-04-01,48,47,48,47,95
TOLEDO,consulta externa,nuevas en menores de 5 anos,2007-04-01,110,89,110,89,199
TOMAVE,consulta externa,nuevas en menores de 5 anos,2007-04-01,231,227,231,227,458
TOMINA,consulta externa,nuevas en menores de 5 anos,2007-04-01,363,327,363,327,690
TORO TORO,consulta externa,nuevas en menores de 5 anos,2007-04-01,282,224,282,224,506
TOTORA(CBBA),consulta externa,nuevas en menores de 5 anos,2007-04-01,161,130,161,130,291
TOTORA(ORR),consulta externa,nuevas en menores de 5 anos,2007-04-01,85,91,85,91,176
TRIGAL,consulta externa,nuevas en menores de 5 anos,2007-04-01,35,22,35,22,57
TRINIDAD,consulta externa,nuevas en menores de 5 anos,2007-04-01,2167,2053,2167,2053,4220
TUPIZA,consulta externa,nuevas en menores de 5 anos,2007-04-01,1069,1032,1069,1032,2101
TURCO,consulta externa,nuevas en menores de 5 anos,2007-04-01,63,79,63,79,142
UMALA,consulta externa,nuevas en menores de 5 anos,2007-04-01,57,47,57,47,104
UNCIA,consulta externa,nuevas en menores de 5 anos,2007-04-01,554,462,554,462,1016
URIONDO (A. CONCEPCION),consulta externa,nuevas en menores de 5 anos,2007-04-01,439,416,439,416,855
URUBICHA,consulta externa,nuevas en menores de 5 anos,2007-04-01,259,275,259,275,534
UYUNI,consulta externa,nuevas en menores de 5 anos,2007-04-01,203,221,203,221,424
VACAS,consulta externa,nuevas en menores de 5 anos,2007-04-01,166,143,166,143,309
VALLEGRANDE,consulta externa,nuevas en menores de 5 anos,2007-04-01,269,254,269,254,523
VIACHA,consulta externa,nuevas en menores de 5 anos,2007-04-01,603,516,603,516,1119
VILA VILA,consulta externa,nuevas en menores de 5 anos,2007-04-01,35,26,35,26,61
VILLA MONTES,consulta externa,nuevas en menores de 5 anos,2007-04-01,559,545,559,545,1104
VILLA NUEVA (LOMA ALTA),consulta externa,nuevas en menores de 5 anos,2007-04-01,109,106,109,106,215
VILLA RIVERO,consulta externa,nuevas en menores de 5 anos,2007-04-01,82,86,82,86,168
VILLA SERRANO,consulta externa,nuevas en menores de 5 anos,2007-04-01,389,406,389,406,795
VILLA TUNARI,consulta externa,nuevas en menores de 5 anos,2007-04-01,1793,1656,1793,1656,3449
VILLA VACA GUZMAN (MUYUPAMPA),consulta externa,nuevas en menores de 5 anos,2007-04-01,170,206,170,206,376
VILLAZON,consulta externa,nuevas en menores de 5 anos,2007-04-01,750,719,750,719,1469
VINTO,consulta externa,nuevas en menores de 5 anos,2007-04-01,103,67,103,67,170
VITICHI,consulta externa,nuevas en menores de 5 anos,2007-04-01,187,193,187,193,380
WALDO BALLIVIAN,consulta externa,nuevas en menores de 5 anos,2007-04-01,48,44,48,44,92
WARNES,consulta externa,nuevas en menores de 5 anos,2007-04-01,1094,936,1094,936,2030
YACO,consulta externa,nuevas en menores de 5 anos,2007-04-01,141,105,141,105,246
YACUIBA,consulta externa,nuevas en menores de 5 anos,2007-04-01,1860,1745,1860,1745,3605
YAMPARAEZ,consulta externa,nuevas en menores de 5 anos,2007-04-01,227,179,227,179,406
YANACACHI,consulta externa,nuevas en menores de 5 anos,2007-04-01,122,132,122,132,254
YAPACANI,consulta externa,nuevas en menores de 5 anos,2007-04-01,804,753,804,753,1557
YOCALLA,consulta externa,nuevas en menores de 5 anos,2007-04-01,122,77,122,77,199
YOTALA,consulta externa,nuevas en menores de 5 anos,2007-04-01,188,170,188,170,358
YUNCHARA,consulta externa,nuevas en menores de 5 anos,2007-04-01,112,92,112,92,204
ZUDAÑEZ,consulta externa,nuevas en menores de 5 anos,2007-04-01,321,287,321,287,608
ACACIO,consulta externa,nuevas en menores de 5 anos,2007-05-01,119,104,119,104,223
ACHACACHI,consulta externa,nuevas en menores de 5 anos,2007-05-01,364,355,364,355,719
ACHOCALLA,consulta externa,nuevas en menores de 5 anos,2007-05-01,112,95,112,95,207
AIQUILE,consulta externa,nuevas en menores de 5 anos,2007-05-01,365,352,365,352,717
ALALAY,consulta externa,nuevas en menores de 5 anos,2007-05-01,46,31,46,31,77
ALCALA,consulta externa,nuevas en menores de 5 anos,2007-05-01,165,198,165,198,363
ANCORAIMES,consulta externa,nuevas en menores de 5 anos,2007-05-01,172,173,172,173,345
ANDAMARCA,consulta externa,nuevas en menores de 5 anos,2007-05-01,131,99,131,99,230
ANTEQUERA,consulta externa,nuevas en menores de 5 anos,2007-05-01,66,60,66,60,126
ANZALDO,consulta externa,nuevas en menores de 5 anos,2007-05-01,127,129,127,129,256
APOLO,consulta externa,nuevas en menores de 5 anos,2007-05-01,369,312,369,312,681
ARAMPAMPA,consulta externa,nuevas en menores de 5 anos,2007-05-01,138,160,138,160,298
ARANI,consulta externa,nuevas en menores de 5 anos,2007-05-01,75,118,75,118,193
ARBIETO,consulta externa,nuevas en menores de 5 anos,2007-05-01,178,123,178,123,301
ARQUE,consulta externa,nuevas en menores de 5 anos,2007-05-01,208,211,208,211,419
ASCENCION DE GUARAYOS,consulta externa,nuevas en menores de 5 anos,2007-05-01,370,331,370,331,701
ATOCHA,consulta externa,nuevas en menores de 5 anos,2007-05-01,412,453,412,453,865
AUCAPATA,consulta externa,nuevas en menores de 5 anos,2007-05-01,108,96,108,96,204
AYATA,consulta externa,nuevas en menores de 5 anos,2007-05-01,197,159,197,159,356
AYO AYO,consulta externa,nuevas en menores de 5 anos,2007-05-01,83,85,83,85,168
AYOPAYA (V. DE INDEPENDENCIA),consulta externa,nuevas en menores de 5 anos,2007-05-01,515,499,515,499,1014
AZURDUY,consulta externa,nuevas en menores de 5 anos,2007-05-01,503,449,503,449,952
BATALLAS,consulta externa,nuevas en menores de 5 anos,2007-05-01,124,119,124,119,243
BAURES,consulta externa,nuevas en menores de 5 anos,2007-05-01,120,107,120,107,227
BELEN DE ANDAMARCA,consulta externa,nuevas en menores de 5 anos,2007-05-01,23,21,23,21,44
BELEN DE URMIRI,consulta externa,nuevas en menores de 5 anos,2007-05-01,47,47,47,47,94
BELLA FLOR,consulta externa,nuevas en menores de 5 anos,2007-05-01,67,70,67,70,137
BERMEJO,consulta externa,nuevas en menores de 5 anos,2007-05-01,1010,873,1010,873,1883
BETANZOS,consulta externa,nuevas en menores de 5 anos,2007-05-01,720,724,720,724,1444
BOLIVAR,consulta externa,nuevas en menores de 5 anos,2007-05-01,192,188,192,188,380
BOLPEBRA,consulta externa,nuevas en menores de 5 anos,2007-05-01,56,53,56,53,109
BOYUIBE,consulta externa,nuevas en menores de 5 anos,2007-05-01,107,94,107,94,201
BUENA VISTA,consulta externa,nuevas en menores de 5 anos,2007-05-01,282,266,282,266,548
CABEZAS,consulta externa,nuevas en menores de 5 anos,2007-05-01,564,403,564,403,967
CAIROMA,consulta externa,nuevas en menores de 5 anos,2007-05-01,228,192,228,192,420
"CAIZA ""D""",consulta externa,nuevas en menores de 5 anos,2007-05-01,172,143,172,143,315
CAJUATA,consulta externa,nuevas en menores de 5 anos,2007-05-01,185,184,185,184,369
CALACOTO,consulta externa,nuevas en menores de 5 anos,2007-05-01,77,64,77,64,141
CALAMARCA,consulta externa,nuevas en menores de 5 anos,2007-05-01,196,172,196,172,368
CAMARGO,consulta externa,nuevas en menores de 5 anos,2007-05-01,539,410,539,410,949
CAMATAQUI (C. VILLA ABECIA),consulta externa,nuevas en menores de 5 anos,2007-05-01,129,117,129,117,246
CAMIRI,consulta externa,nuevas en menores de 5 anos,2007-05-01,1282,1071,1282,1071,2353
CAPINOTA,consulta externa,nuevas en menores de 5 anos,2007-05-01,322,300,322,300,622
CAQUIAVIRI,consulta externa,nuevas en menores de 5 anos,2007-05-01,98,82,98,82,180
CARACOLLO,consulta externa,nuevas en menores de 5 anos,2007-05-01,321,324,321,324,645
CARANAVI,consulta externa,nuevas en menores de 5 anos,2007-05-01,1019,1029,1019,1029,2048
CARANGAS,consulta externa,nuevas en menores de 5 anos,2007-05-01,4,5,4,5,9
CARAPARI,consulta externa,nuevas en menores de 5 anos,2007-05-01,243,254,243,254,497
CARIPUYO,consulta externa,nuevas en menores de 5 anos,2007-05-01,203,184,203,184,387
CARMEN RIVERO TORREZ,consulta externa,nuevas en menores de 5 anos,2007-05-01,77,63,77,63,140
CATACORA,consulta externa,nuevas en menores de 5 anos,2007-05-01,36,34,36,34,70
CHACARILLA,consulta externa,nuevas en menores de 5 anos,2007-05-01,10,12,10,12,22
CHALLAPATA,consulta externa,nuevas en menores de 5 anos,2007-05-01,418,397,418,397,815
CHAQUI,consulta externa,nuevas en menores de 5 anos,2007-05-01,158,146,158,146,304
CHARAGUA,consulta externa,nuevas en menores de 5 anos,2007-05-01,726,757,726,757,1483
CHARAÑA,consulta externa,nuevas en menores de 5 anos,2007-05-01,46,48,46,48,94
CHAYANTA,consulta externa,nuevas en menores de 5 anos,2007-05-01,379,323,379,323,702
CHIMORE,consulta externa,nuevas en menores de 5 anos,2007-05-01,550,513,550,513,1063
CHIPAYA,consulta externa,nuevas en menores de 5 anos,2007-05-01,30,41,30,41,71
CHOQUE COTA,consulta externa,nuevas en menores de 5 anos,2007-05-01,31,32,31,32,63
CHULUMANI (V. DE LA LIBERTAD),consulta externa,nuevas en menores de 5 anos,2007-05-01,287,289,287,289,576
CHUMA,consulta externa,nuevas en menores de 5 anos,2007-05-01,147,179,147,179,326
CLIZA,consulta externa,nuevas en menores de 5 anos,2007-05-01,240,271,240,271,511
COBIJA,consulta externa,nuevas en menores de 5 anos,2007-05-01,977,962,977,962,1939
COCHABAMBA,consulta externa,nuevas en menores de 5 anos,2007-05-01,10386,9329,10386,9329,19715
COIPASA,consulta externa,nuevas en menores de 5 anos,2007-05-01,23,30,23,30,53
COLCAPIRHUA,consulta externa,nuevas en menores de 5 anos,2007-05-01,568,588,568,588,1156
"COLCHA ""K""",consulta externa,nuevas en menores de 5 anos,2007-05-01,196,169,196,169,365
COLLANA,consulta externa,nuevas en menores de 5 anos,2007-05-01,27,12,27,12,39
COLOMI,consulta externa,nuevas en menores de 5 anos,2007-05-01,355,305,355,305,660
COLPA BELGICA,consulta externa,nuevas en menores de 5 anos,2007-05-01,146,150,146,150,296
COLQUECHACA,consulta externa,nuevas en menores de 5 anos,2007-05-01,1016,863,1016,863,1879
COLQUENCHA,consulta externa,nuevas en menores de 5 anos,2007-05-01,111,96,111,96,207
COLQUIRI,consulta externa,nuevas en menores de 5 anos,2007-05-01,337,326,337,326,663
COMANCHE,consulta externa,nuevas en menores de 5 anos,2007-05-01,50,43,50,43,93
COMARAPA,consulta externa,nuevas en menores de 5 anos,2007-05-01,397,373,397,373,770
COMBAYA,consulta externa,nuevas en menores de 5 anos,2007-05-01,27,16,27,16,43
CONCEPCION,consulta externa,nuevas en menores de 5 anos,2007-05-01,226,180,226,180,406
COPACABANA,consulta externa,nuevas en menores de 5 anos,2007-05-01,119,100,119,100,219
CORIPATA,consulta externa,nuevas en menores de 5 anos,2007-05-01,254,218,254,218,472
CORO CORO,consulta externa,nuevas en menores de 5 anos,2007-05-01,84,78,84,78,162
COROICO,consulta externa,nuevas en menores de 5 anos,2007-05-01,226,176,226,176,402
CORQUE,consulta externa,nuevas en menores de 5 anos,2007-05-01,165,163,165,163,328
COTAGAITA,consulta externa,nuevas en menores de 5 anos,2007-05-01,677,666,677,666,1343
COTOCA,consulta externa,nuevas en menores de 5 anos,2007-05-01,601,573,601,573,1174
CUATRO CAÑADAS,consulta externa,nuevas en menores de 5 anos,2007-05-01,490,497,490,497,987
CUCHUMUELA (V. G. VILLARROEL),consulta externa,nuevas en menores de 5 anos,2007-05-01,16,14,16,14,30
CUEVO,consulta externa,nuevas en menores de 5 anos,2007-05-01,113,106,113,106,219
CULPINA,consulta externa,nuevas en menores de 5 anos,2007-05-01,670,640,670,640,1310
CURAHUARA DE CARANGAS,consulta externa,nuevas en menores de 5 anos,2007-05-01,109,101,109,101,210
CURVA,consulta externa,nuevas en menores de 5 anos,2007-05-01,46,37,46,37,83
DESAGUADERO,consulta externa,nuevas en menores de 5 anos,2007-05-01,34,34,34,34,68
EL ALTO,consulta externa,nuevas en menores de 5 anos,2007-05-01,10409,9795,10409,9795,20204
EL CHORO,consulta externa,nuevas en menores de 5 anos,2007-05-01,87,79,87,79,166
EL PUENTE(STC),consulta externa,nuevas en menores de 5 anos,2007-05-01,1061,262,1061,262,1323
EL PUENTE(TJA),consulta externa,nuevas en menores de 5 anos,2007-05-01,294,293,294,293,587
EL TORNO,consulta externa,nuevas en menores de 5 anos,2007-05-01,927,845,927,845,1772
EL VILLAR,consulta externa,nuevas en menores de 5 anos,2007-05-01,214,202,214,202,416
ENTRE RIOS,consulta externa,nuevas en menores de 5 anos,2007-05-01,516,502,516,502,1018
ENTRE RIOS,consulta externa,nuevas en menores de 5 anos,2007-05-01,524,439,524,439,963
ESCARA,consulta externa,nuevas en menores de 5 anos,2007-05-01,2,3,2,3,5
ESMERALDA,consulta externa,nuevas en menores de 5 anos,2007-05-01,0,3,0,3,3
EUCALIPTUS,consulta externa,nuevas en menores de 5 anos,2007-05-01,134,147,134,147,281
EUREKA (SANTOS MERCADO),consulta externa,nuevas en menores de 5 anos,2007-05-01,33,30,33,30,63
EXALTACION,consulta externa,nuevas en menores de 5 anos,2007-05-01,42,47,42,47,89
FERNANDEZ ALONSO,consulta externa,nuevas en menores de 5 anos,2007-05-01,568,466,568,466,1034
FILADELFIA,consulta externa,nuevas en menores de 5 anos,2007-05-01,160,140,160,140,300
GENERAL SAAVEDRA,consulta externa,nuevas en menores de 5 anos,2007-05-01,463,380,463,380,843
GRAL. J.J. PEREZ (CHARAZANI),consulta externa,nuevas en menores de 5 anos,2007-05-01,202,195,202,195,397
GUANAY,consulta externa,nuevas en menores de 5 anos,2007-05-01,356,389,356,389,745
GUAQUI,consulta externa,nuevas en menores de 5 anos,2007-05-01,60,77,60,77,137
GUAYARAMERIN,consulta externa,nuevas en menores de 5 anos,2007-05-01,625,683,625,683,1308
GUTIERREZ,consulta externa,nuevas en menores de 5 anos,2007-05-01,380,406,380,406,786
HUACARETA,consulta externa,nuevas en menores de 5 anos,2007-05-01,278,239,278,239,517
HUACAYA (VILLA DE HUACAYA),consulta externa,nuevas en menores de 5 anos,2007-05-01,176,147,176,147,323
HUACHACALLA,consulta externa,nuevas en menores de 5 anos,2007-05-01,27,29,27,29,56
HUANUNI,consulta externa,nuevas en menores de 5 anos,2007-05-01,605,433,605,433,1038
HUARACAJE,consulta externa,nuevas en menores de 5 anos,2007-05-01,119,109,119,109,228
HUAYLLAMARCA,consulta externa,nuevas en menores de 5 anos,2007-05-01,62,87,62,87,149
ICHOCA,consulta externa,nuevas en menores de 5 anos,2007-05-01,91,73,91,73,164
ICLA,consulta externa,nuevas en menores de 5 anos,2007-05-01,378,376,378,376,754
INCAHUASI,consulta externa,nuevas en menores de 5 anos,2007-05-01,853,828,853,828,1681
INGAVI (HUMAITA),consulta externa,nuevas en menores de 5 anos,2007-05-01,32,27,32,27,59
INQUISIVI,consulta externa,nuevas en menores de 5 anos,2007-05-01,241,211,241,211,452
IRUPANA (VILLA DE LANZA),consulta externa,nuevas en menores de 5 anos,2007-05-01,230,256,230,256,486
IXIAMAS,consulta externa,nuevas en menores de 5 anos,2007-05-01,306,267,306,267,573
JESUS DE MACHACA,consulta externa,nuevas en menores de 5 anos,2007-05-01,181,241,181,241,422
LA ASUNTA,consulta externa,nuevas en menores de 5 anos,2007-05-01,657,659,657,659,1316
LA GUARDIA,consulta externa,nuevas en menores de 5 anos,2007-05-01,1250,1437,1250,1437,2687
LA PAZ,consulta externa,nuevas en menores de 5 anos,2007-05-01,15122,13871,15122,13871,28993
LA RIVERA,consulta externa,nuevas en menores de 5 anos,2007-05-01,1,1,1,1,2
LAGUNILLAS,consulta externa,nuevas en menores de 5 anos,2007-05-01,239,223,239,223,462
LAJA,consulta externa,nuevas en menores de 5 anos,2007-05-01,171,150,171,150,321
LAS CARRERAS,consulta externa,nuevas en menores de 5 anos,2007-05-01,99,86,99,86,185
LICOMA PAMPA,consulta externa,nuevas en menores de 5 anos,2007-05-01,36,60,36,60,96
LLALLAGUA,consulta externa,nuevas en menores de 5 anos,2007-05-01,797,768,797,768,1565
LLICA,consulta externa,nuevas en menores de 5 anos,2007-05-01,67,62,67,62,129
LORETO,consulta externa,nuevas en menores de 5 anos,2007-05-01,41,46,41,46,87
LURIBAY,consulta externa,nuevas en menores de 5 anos,2007-05-01,175,168,175,168,343
MACHACAMARCA,consulta externa,nuevas en menores de 5 anos,2007-05-01,94,77,94,77,171
MACHARETI,consulta externa,nuevas en menores de 5 anos,2007-05-01,285,296,285,296,581
MAGDALENA,consulta externa,nuevas en menores de 5 anos,2007-05-01,182,188,182,188,370
MAIRANA,consulta externa,nuevas en menores de 5 anos,2007-05-01,169,143,169,143,312
MALLA,consulta externa,nuevas en menores de 5 anos,2007-05-01,79,42,79,42,121
MAPIRI,consulta externa,nuevas en menores de 5 anos,2007-05-01,350,299,350,299,649
MECAPACA,consulta externa,nuevas en menores de 5 anos,2007-05-01,144,123,144,123,267
MINEROS,consulta externa,nuevas en menores de 5 anos,2007-05-01,377,368,377,368,745
MIZQUE,consulta externa,nuevas en menores de 5 anos,2007-05-01,393,410,393,410,803
MOCOMOCO,consulta externa,nuevas en menores de 5 anos,2007-05-01,110,100,110,100,210
MOJINETE,consulta externa,nuevas en menores de 5 anos,2007-05-01,16,26,16,26,42
MOJOCOYA,consulta externa,nuevas en menores de 5 anos,2007-05-01,168,125,168,125,293
MONTEAGUDO,consulta externa,nuevas en menores de 5 anos,2007-05-01,653,615,653,615,1268
MONTERO,consulta externa,nuevas en menores de 5 anos,2007-05-01,2622,2544,2622,2544,5166
MORO MORO,consulta externa,nuevas en menores de 5 anos,2007-05-01,53,46,53,46,99
MOROCHATA,consulta externa,nuevas en menores de 5 anos,2007-05-01,347,307,347,307,654
NACEBE (SANTA ROSA DEL ABUNA),consulta externa,nuevas en menores de 5 anos,2007-05-01,40,42,40,42,82
NAZACARA DE PACAJES,consulta externa,nuevas en menores de 5 anos,2007-05-01,1,1,1,1,2
NUEVO MANOA (NUEVA ESPERANZA),consulta externa,nuevas en menores de 5 anos,2007-05-01,25,41,25,41,66
OCURI,consulta externa,nuevas en menores de 5 anos,2007-05-01,488,428,488,428,916
OKINAWA,consulta externa,nuevas en menores de 5 anos,2007-05-01,414,335,414,335,749
OMEREQUE,consulta externa,nuevas en menores de 5 anos,2007-05-01,110,94,110,94,204
ORURO,consulta externa,nuevas en menores de 5 anos,2007-05-01,5688,4880,5688,4880,10568
PADCAYA,consulta externa,nuevas en menores de 5 anos,2007-05-01,355,365,355,365,720
PADILLA,consulta externa,nuevas en menores de 5 anos,2007-05-01,334,362,334,362,696
PAILON,consulta externa,nuevas en menores de 5 anos,2007-05-01,323,341,323,341,664
PALCA,consulta externa,nuevas en menores de 5 anos,2007-05-01,147,128,147,128,275
PALOS BLANCOS,consulta externa,nuevas en menores de 5 anos,2007-05-01,540,513,540,513,1053
PAMPA AULLAGAS,consulta externa,nuevas en menores de 5 anos,2007-05-01,81,57,81,57,138
PAMPA GRANDE,consulta externa,nuevas en menores de 5 anos,2007-05-01,113,90,113,90,203
PAPEL PAMPA,consulta externa,nuevas en menores de 5 anos,2007-05-01,53,51,53,51,104
PASORAPA,consulta externa,nuevas en menores de 5 anos,2007-05-01,60,73,60,73,133
PATACAMAYA,consulta externa,nuevas en menores de 5 anos,2007-05-01,378,278,378,278,656
PAZÑA,consulta externa,nuevas en menores de 5 anos,2007-05-01,149,164,149,164,313
PELECHUCO,consulta externa,nuevas en menores de 5 anos,2007-05-01,72,66,72,66,138
POCOATA,consulta externa,nuevas en menores de 5 anos,2007-05-01,537,498,537,498,1035
POCONA,consulta externa,nuevas en menores de 5 anos,2007-05-01,193,218,193,218,411
POJO (CBBA),consulta externa,nuevas en menores de 5 anos,2007-05-01,195,182,195,182,377
POOPO,consulta externa,nuevas en menores de 5 anos,2007-05-01,129,80,129,80,209
PORCO,consulta externa,nuevas en menores de 5 anos,2007-05-01,277,279,277,279,556
POROMA,consulta externa,nuevas en menores de 5 anos,2007-05-01,562,495,562,495,1057
PORONGO,consulta externa,nuevas en menores de 5 anos,2007-05-01,212,191,212,191,403
PORTACHUELO,consulta externa,nuevas en menores de 5 anos,2007-05-01,478,439,478,439,917
PORVENIR,consulta externa,nuevas en menores de 5 anos,2007-05-01,54,28,54,28,82
POSTRER VALLE,consulta externa,nuevas en menores de 5 anos,2007-05-01,27,40,27,40,67
POTOSI,consulta externa,nuevas en menores de 5 anos,2007-05-01,3823,3513,3823,3513,7336
PRESTO,consulta externa,nuevas en menores de 5 anos,2007-05-01,394,313,394,313,707
PUCARA,consulta externa,nuevas en menores de 5 anos,2007-05-01,31,20,31,20,51
PUCARANI,consulta externa,nuevas en menores de 5 anos,2007-05-01,252,230,252,230,482
PUERTO ACOSTA,consulta externa,nuevas en menores de 5 anos,2007-05-01,240,193,240,193,433
PUERTO CARABUCO,consulta externa,nuevas en menores de 5 anos,2007-05-01,159,191,159,191,350
PUERTO GONZALO MORENO,consulta externa,nuevas en menores de 5 anos,2007-05-01,126,113,126,113,239
PUERTO PEREZ,consulta externa,nuevas en menores de 5 anos,2007-05-01,96,71,96,71,167
PUERTO QUIJARRO,consulta externa,nuevas en menores de 5 anos,2007-05-01,177,150,177,150,327
PUERTO RICO,consulta externa,nuevas en menores de 5 anos,2007-05-01,180,128,180,128,308
PUERTO SILES,consulta externa,nuevas en menores de 5 anos,2007-05-01,66,61,66,61,127
PUERTO SUAREZ,consulta externa,nuevas en menores de 5 anos,2007-05-01,237,187,237,187,424
PUERTO VILLARROEL,consulta externa,nuevas en menores de 5 anos,2007-05-01,1273,1074,1273,1074,2347
PUNA,consulta externa,nuevas en menores de 5 anos,2007-05-01,786,696,786,696,1482
PUNATA,consulta externa,nuevas en menores de 5 anos,2007-05-01,489,448,489,448,937
QUIABAYA,consulta externa,nuevas en menores de 5 anos,2007-05-01,55,32,55,32,87
QUILLACOLLO,consulta externa,nuevas en menores de 5 anos,2007-05-01,1551,1391,1551,1391,2942
QUIME,consulta externa,nuevas en menores de 5 anos,2007-05-01,172,119,172,119,291
QUIRUSILLAS,consulta externa,nuevas en menores de 5 anos,2007-05-01,40,24,40,24,64
RAVELO,consulta externa,nuevas en menores de 5 anos,2007-05-01,432,403,432,403,835
REYES,consulta externa,nuevas en menores de 5 anos,2007-05-01,257,267,257,267,524
RIBERALTA,consulta externa,nuevas en menores de 5 anos,2007-05-01,2034,2015,2034,2015,4049
ROBORE,consulta externa,nuevas en menores de 5 anos,2007-05-01,298,278,298,278,576
RURRENABAQUE,consulta externa,nuevas en menores de 5 anos,2007-05-01,277,286,277,286,563
SABAYA,consulta externa,nuevas en menores de 5 anos,2007-05-01,49,47,49,47,96
SACABA,consulta externa,nuevas en menores de 5 anos,2007-05-01,1279,1086,1279,1086,2365
SACABAMBA,consulta externa,nuevas en menores de 5 anos,2007-05-01,80,61,80,61,141
SACACA,consulta externa,nuevas en menores de 5 anos,2007-05-01,535,525,535,525,1060
SAIPINA,consulta externa,nuevas en menores de 5 anos,2007-05-01,146,158,146,158,304
SALINAS DE GARCI MENDOZA,consulta externa,nuevas en menores de 5 anos,2007-05-01,203,221,203,221,424
SAMAIPATA,consulta externa,nuevas en menores de 5 anos,2007-05-01,141,87,141,87,228
SAN AGUSTIN,consulta externa,nuevas en menores de 5 anos,2007-05-01,51,33,51,33,84
SAN ANDRES,consulta externa,nuevas en menores de 5 anos,2007-05-01,339,325,339,325,664
SAN ANDRES DE MACHACA,consulta externa,nuevas en menores de 5 anos,2007-05-01,82,68,82,68,150
SAN ANTONIO DE ESMORUCO,consulta externa,nuevas en menores de 5 anos,2007-05-01,77,80,77,80,157
SAN ANTONIO DE LOMERIO,consulta externa,nuevas en menores de 5 anos,2007-05-01,90,105,90,105,195
SAN BENITO,consulta externa,nuevas en menores de 5 anos,2007-05-01,139,111,139,111,250
SAN BORJA,consulta externa,nuevas en menores de 5 anos,2007-05-01,925,891,925,891,1816
SAN BUENA VENTURA,consulta externa,nuevas en menores de 5 anos,2007-05-01,349,297,349,297,646
SAN CARLOS,consulta externa,nuevas en menores de 5 anos,2007-05-01,443,409,443,409,852
SAN IGNACIO,consulta externa,nuevas en menores de 5 anos,2007-05-01,801,694,801,694,1495
SAN IGNACIO DE VELASCO,consulta externa,nuevas en menores de 5 anos,2007-05-01,1222,1136,1222,1136,2358
SAN JAVIER(BNI),consulta externa,nuevas en menores de 5 anos,2007-05-01,106,112,106,112,218
SAN JAVIER(STC),consulta externa,nuevas en menores de 5 anos,2007-05-01,291,185,291,185,476
SAN JOAQUIN,consulta externa,nuevas en menores de 5 anos,2007-05-01,108,96,108,96,204
SAN JOSE DE CHIQUITOS,consulta externa,nuevas en menores de 5 anos,2007-05-01,279,240,279,240,519
SAN JUAN DE YAPACANI,consulta externa,nuevas en menores de 5 anos,2007-05-01,444,426,444,426,870
SAN JULIAN,consulta externa,nuevas en menores de 5 anos,2007-05-01,834,784,834,784,1618
SAN LORENZO(PND),consulta externa,nuevas en menores de 5 anos,2007-05-01,149,200,149,200,349
SAN LORENZO(TJA),consulta externa,nuevas en menores de 5 anos,2007-05-01,568,513,568,513,1081
SAN LUCAS,consulta externa,nuevas en menores de 5 anos,2007-05-01,1105,1078,1105,1078,2183
SAN MATIAS,consulta externa,nuevas en menores de 5 anos,2007-05-01,726,219,726,219,945
SAN MIGUEL DE VELASCO,consulta externa,nuevas en menores de 5 anos,2007-05-01,175,174,175,174,349
SAN PABLO DE LIPEZ,consulta externa,nuevas en menores de 5 anos,2007-05-01,114,84,114,84,198
SAN PEDRO,consulta externa,nuevas en menores de 5 anos,2007-05-01,550,547,550,547,1097
SAN PEDRO DE BUENA VISTA,consulta externa,nuevas en menores de 5 anos,2007-05-01,734,661,734,661,1395
SAN PEDRO DE CURAHUARA,consulta externa,nuevas en menores de 5 anos,2007-05-01,62,71,62,71,133
SAN PEDRO DE QUEMES,consulta externa,nuevas en menores de 5 anos,2007-05-01,6,7,6,7,13
SAN PEDRO DE TIQUINA,consulta externa,nuevas en menores de 5 anos,2007-05-01,38,33,38,33,71
SAN PEDRO(PND),consulta externa,nuevas en menores de 5 anos,2007-05-01,34,38,34,38,72
SAN RAFAEL,consulta externa,nuevas en menores de 5 anos,2007-05-01,116,83,116,83,199
SAN RAMON,consulta externa,nuevas en menores de 5 anos,2007-05-01,63,50,63,50,113
SAN RAMON,consulta externa,nuevas en menores de 5 anos,2007-05-01,230,194,230,194,424
SANTA ANA,consulta externa,nuevas en menores de 5 anos,2007-05-01,405,350,405,350,755
SANTA CRUZ DE LA SIERRA,consulta externa,nuevas en menores de 5 anos,2007-05-01,29551,16818,29551,16818,46369
SANTA ROSA,consulta externa,nuevas en menores de 5 anos,2007-05-01,217,218,217,218,435
SANTA ROSA DEL SARA,consulta externa,nuevas en menores de 5 anos,2007-05-01,594,611,594,611,1205
SANTIAGO DE CALLAPA,consulta externa,nuevas en menores de 5 anos,2007-05-01,41,54,41,54,95
SANTIAGO DE HUARI,consulta externa,nuevas en menores de 5 anos,2007-05-01,150,137,150,137,287
SANTIAGO DE MACHACA,consulta externa,nuevas en menores de 5 anos,2007-05-01,26,25,26,25,51
SANTIVAÑES,consulta externa,nuevas en menores de 5 anos,2007-05-01,116,94,116,94,210
SANTUARIO DE QUILLACAS,consulta externa,nuevas en menores de 5 anos,2007-05-01,72,55,72,55,127
SAPAHAQUI,consulta externa,nuevas en menores de 5 anos,2007-05-01,157,122,157,122,279
SENA,consulta externa,nuevas en menores de 5 anos,2007-05-01,50,55,50,55,105
SICA SICA (VILLA AROMA),consulta externa,nuevas en menores de 5 anos,2007-05-01,322,304,322,304,626
SICAYA,consulta externa,nuevas en menores de 5 anos,2007-05-01,18,26,18,26,44
SIPE SIPE,consulta externa,nuevas en menores de 5 anos,2007-05-01,394,390,394,390,784
SOPACHUY,consulta externa,nuevas en menores de 5 anos,2007-05-01,387,413,387,413,800
SORACACHI,consulta externa,nuevas en menores de 5 anos,2007-05-01,155,149,155,149,304
SORATA,consulta externa,nuevas en menores de 5 anos,2007-05-01,229,179,229,179,408
SUCRE,consulta externa,nuevas en menores de 5 anos,2007-05-01,6663,6227,6663,6227,12890
TACACHI,consulta externa,nuevas en menores de 5 anos,2007-05-01,11,10,11,10,21
TACACOMA,consulta externa,nuevas en menores de 5 anos,2007-05-01,97,89,97,89,186
TACOBAMBA,consulta externa,nuevas en menores de 5 anos,2007-05-01,116,99,116,99,215
TACOPAYA,consulta externa,nuevas en menores de 5 anos,2007-05-01,172,150,172,150,322
TAHUA,consulta externa,nuevas en menores de 5 anos,2007-05-01,48,23,48,23,71
TAPACARI,consulta externa,nuevas en menores de 5 anos,2007-05-01,709,662,709,662,1371
TARABUCO,consulta externa,nuevas en menores de 5 anos,2007-05-01,807,838,807,838,1645
TARACO,consulta externa,nuevas en menores de 5 anos,2007-05-01,68,67,68,67,135
TARATA,consulta externa,nuevas en menores de 5 anos,2007-05-01,152,157,152,157,309
TARIJA,consulta externa,nuevas en menores de 5 anos,2007-05-01,4524,4227,4524,4227,8751
TARVITA,consulta externa,nuevas en menores de 5 anos,2007-05-01,800,699,800,699,1499
TEOPONTE,consulta externa,nuevas en menores de 5 anos,2007-05-01,176,134,176,134,310
TIAWANACU,consulta externa,nuevas en menores de 5 anos,2007-05-01,161,109,161,109,270
TINGUIPAYA,consulta externa,nuevas en menores de 5 anos,2007-05-01,402,395,402,395,797
TIPUANI,consulta externa,nuevas en menores de 5 anos,2007-05-01,145,123,145,123,268
TIQUIPAYA,consulta externa,nuevas en menores de 5 anos,2007-05-01,1005,812,1005,812,1817
TIRAQUE (CBBA),consulta externa,nuevas en menores de 5 anos,2007-05-01,756,657,756,657,1413
TITO YUPANQUI (PARQUIPUJIO),consulta externa,nuevas en menores de 5 anos,2007-05-01,23,23,23,23,46
TOCO,consulta externa,nuevas en menores de 5 anos,2007-05-01,87,73,87,73,160
TODOS SANTOS,consulta externa,nuevas en menores de 5 anos,2007-05-01,8,2,8,2,10
TOLATA,consulta externa,nuevas en menores de 5 anos,2007-05-01,72,90,72,90,162
TOLEDO,consulta externa,nuevas en menores de 5 anos,2007-05-01,147,97,147,97,244
TOMAVE,consulta externa,nuevas en menores de 5 anos,2007-05-01,317,258,317,258,575
TOMINA,consulta externa,nuevas en menores de 5 anos,2007-05-01,373,314,373,314,687
TORO TORO,consulta externa,nuevas en menores de 5 anos,2007-05-01,256,238,256,238,494
TOTORA(CBBA),consulta externa,nuevas en menores de 5 anos,2007-05-01,176,127,176,127,303
TOTORA(ORR),consulta externa,nuevas en menores de 5 anos,2007-05-01,358,127,358,127,485
TRIGAL,consulta externa,nuevas en menores de 5 anos,2007-05-01,29,16,29,16,45
TRINIDAD,consulta externa,nuevas en menores de 5 anos,2007-05-01,1810,1541,1810,1541,3351
TUPIZA,consulta externa,nuevas en menores de 5 anos,2007-05-01,1187,1170,1187,1170,2357
TURCO,consulta externa,nuevas en menores de 5 anos,2007-05-01,110,125,110,125,235
UMALA,consulta externa,nuevas en menores de 5 anos,2007-05-01,60,64,60,64,124
UNCIA,consulta externa,nuevas en menores de 5 anos,2007-05-01,853,635,853,635,1488
URIONDO (A. CONCEPCION),consulta externa,nuevas en menores de 5 anos,2007-05-01,503,433,503,433,936
URUBICHA,consulta externa,nuevas en menores de 5 anos,2007-05-01,191,206,191,206,397
UYUNI,consulta externa,nuevas en menores de 5 anos,2007-05-01,373,341,373,341,714
VACAS,consulta externa,nuevas en menores de 5 anos,2007-05-01,157,134,157,134,291
VALLEGRANDE,consulta externa,nuevas en menores de 5 anos,2007-05-01,243,186,243,186,429
VIACHA,consulta externa,nuevas en menores de 5 anos,2007-05-01,636,547,636,547,1183
VILA VILA,consulta externa,nuevas en menores de 5 anos,2007-05-01,79,80,79,80,159
VILLA MONTES,consulta externa,nuevas en menores de 5 anos,2007-05-01,487,443,487,443,930
VILLA NUEVA (LOMA ALTA),consulta externa,nuevas en menores de 5 anos,2007-05-01,74,75,74,75,149
VILLA RIVERO,consulta externa,nuevas en menores de 5 anos,2007-05-01,76,73,76,73,149
VILLA SERRANO,consulta externa,nuevas en menores de 5 anos,2007-05-01,464,466,464,466,930
VILLA TUNARI,consulta externa,nuevas en menores de 5 anos,2007-05-01,1642,1493,1642,1493,3135
VILLA VACA GUZMAN (MUYUPAMPA),consulta externa,nuevas en menores de 5 anos,2007-05-01,307,331,307,331,638
VILLAZON,consulta externa,nuevas en menores de 5 anos,2007-05-01,898,838,898,838,1736
VINTO,consulta externa,nuevas en menores de 5 anos,2007-05-01,201,140,201,140,341
VITICHI,consulta externa,nuevas en menores de 5 anos,2007-05-01,240,195,240,195,435
WALDO BALLIVIAN,consulta externa,nuevas en menores de 5 anos,2007-05-01,24,39,24,39,63
WARNES,consulta externa,nuevas en menores de 5 anos,2007-05-01,1086,1091,1086,1091,2177
YACO,consulta externa,nuevas en menores de 5 anos,2007-05-01,178,152,178,152,330
YACUIBA,consulta externa,nuevas en menores de 5 anos,2007-05-01,1960,1747,1960,1747,3707
YAMPARAEZ,consulta externa,nuevas en menores de 5 anos,2007-05-01,209,195,209,195,404
YANACACHI,consulta externa,nuevas en menores de 5 anos,2007-05-01,68,66,68,66,134
YAPACANI,consulta externa,nuevas en menores de 5 anos,2007-05-01,611,582,611,582,1193
YOCALLA,consulta externa,nuevas en menores de 5 anos,2007-05-01,128,101,128,101,229
YOTALA,consulta externa,nuevas en menores de 5 anos,2007-05-01,164,150,164,150,314
YUNCHARA,consulta externa,nuevas en menores de 5 anos,2007-05-01,185,172,185,172,357
ZUDAÑEZ,consulta externa,nuevas en menores de 5 anos,2007-05-01,227,311,227,311,538
ACACIO,consulta externa,nuevas en menores de 5 anos,2007-06-01,211,237,211,237,448
ACHACACHI,consulta externa,nuevas en menores de 5 anos,2007-06-01,317,327,317,327,644
ACHOCALLA,consulta externa,nuevas en menores de 5 anos,2007-06-01,120,92,120,92,212
AIQUILE,consulta externa,nuevas en menores de 5 anos,2007-06-01,428,473,428,473,901
ALALAY,consulta externa,nuevas en menores de 5 anos,2007-06-01,61,76,61,76,137
ALCALA,consulta externa,nuevas en menores de 5 anos,2007-06-01,153,182,153,182,335
ANCORAIMES,consulta externa,nuevas en menores de 5 anos,2007-06-01,188,159,188,159,347
ANDAMARCA,consulta externa,nuevas en menores de 5 anos,2007-06-01,114,78,114,78,192
ANTEQUERA,consulta externa,nuevas en menores de 5 anos,2007-06-01,47,60,47,60,107
ANZALDO,consulta externa,nuevas en menores de 5 anos,2007-06-01,137,133,137,133,270
APOLO,consulta externa,nuevas en menores de 5 anos,2007-06-01,495,489,495,489,984
ARAMPAMPA,consulta externa,nuevas en menores de 5 anos,2007-06-01,177,124,177,124,301
ARANI,consulta externa,nuevas en menores de 5 anos,2007-06-01,121,100,121,100,221
ARBIETO,consulta externa,nuevas en menores de 5 anos,2007-06-01,190,135,190,135,325
ARQUE,consulta externa,nuevas en menores de 5 anos,2007-06-01,199,216,199,216,415
ASCENCION DE GUARAYOS,consulta externa,nuevas en menores de 5 anos,2007-06-01,562,516,562,516,1078
ATOCHA,consulta externa,nuevas en menores de 5 anos,2007-06-01,450,381,450,381,831
AUCAPATA,consulta externa,nuevas en menores de 5 anos,2007-06-01,84,70,84,70,154
AYATA,consulta externa,nuevas en menores de 5 anos,2007-06-01,128,106,128,106,234
AYO AYO,consulta externa,nuevas en menores de 5 anos,2007-06-01,102,73,102,73,175
AYOPAYA (V. DE INDEPENDENCIA),consulta externa,nuevas en menores de 5 anos,2007-06-01,610,580,610,580,1190
AZURDUY,consulta externa,nuevas en menores de 5 anos,2007-06-01,593,574,593,574,1167
BATALLAS,consulta externa,nuevas en menores de 5 anos,2007-06-01,95,105,95,105,200
BAURES,consulta externa,nuevas en menores de 5 anos,2007-06-01,143,110,143,110,253
BELEN DE ANDAMARCA,consulta externa,nuevas en menores de 5 anos,2007-06-01,18,15,18,15,33
BELEN DE URMIRI,consulta externa,nuevas en menores de 5 anos,2007-06-01,56,34,56,34,90
BELLA FLOR,consulta externa,nuevas en menores de 5 anos,2007-06-01,110,99,110,99,209
BERMEJO,consulta externa,nuevas en menores de 5 anos,2007-06-01,1244,1057,1244,1057,2301
BETANZOS,consulta externa,nuevas en menores de 5 anos,2007-06-01,810,752,810,752,1562
BOLIVAR,consulta externa,nuevas en menores de 5 anos,2007-06-01,167,146,167,146,313
BOLPEBRA,consulta externa,nuevas en menores de 5 anos,2007-06-01,57,68,57,68,125
BOYUIBE,consulta externa,nuevas en menores de 5 anos,2007-06-01,140,127,140,127,267
BUENA VISTA,consulta externa,nuevas en menores de 5 anos,2007-06-01,287,309,287,309,596
CABEZAS,consulta externa,nuevas en menores de 5 anos,2007-06-01,585,502,585,502,1087
CAIROMA,consulta externa,nuevas en menores de 5 anos,2007-06-01,240,198,240,198,438
"CAIZA ""D""",consulta externa,nuevas en menores de 5 anos,2007-06-01,199,142,199,142,341
CAJUATA,consulta externa,nuevas en menores de 5 anos,2007-06-01,179,163,179,163,342
CALACOTO,consulta externa,nuevas en menores de 5 anos,2007-06-01,66,55,66,55,121
CALAMARCA,consulta externa,nuevas en menores de 5 anos,2007-06-01,170,143,170,143,313
CAMARGO,consulta externa,nuevas en menores de 5 anos,2007-06-01,549,533,549,533,1082
CAMATAQUI (C. VILLA ABECIA),consulta externa,nuevas en menores de 5 anos,2007-06-01,113,120,113,120,233
CAMIRI,consulta externa,nuevas en menores de 5 anos,2007-06-01,1162,1037,1162,1037,2199
CAPINOTA,consulta externa,nuevas en menores de 5 anos,2007-06-01,390,384,390,384,774
CAQUIAVIRI,consulta externa,nuevas en menores de 5 anos,2007-06-01,80,78,80,78,158
CARACOLLO,consulta externa,nuevas en menores de 5 anos,2007-06-01,245,234,245,234,479
CARANAVI,consulta externa,nuevas en menores de 5 anos,2007-06-01,1147,1169,1147,1169,2316
CARANGAS,consulta externa,nuevas en menores de 5 anos,2007-06-01,10,9,10,9,19
CARAPARI,consulta externa,nuevas en menores de 5 anos,2007-06-01,273,256,273,256,529
CARIPUYO,consulta externa,nuevas en menores de 5 anos,2007-06-01,271,220,271,220,491
CARMEN RIVERO TORREZ,consulta externa,nuevas en menores de 5 anos,2007-06-01,108,80,108,80,188
CATACORA,consulta externa,nuevas en menores de 5 anos,2007-06-01,17,19,17,19,36
CHACARILLA,consulta externa,nuevas en menores de 5 anos,2007-06-01,59,82,59,82,141
CHALLAPATA,consulta externa,nuevas en menores de 5 anos,2007-06-01,410,402,410,402,812
CHAQUI,consulta externa,nuevas en menores de 5 anos,2007-06-01,175,166,175,166,341
CHARAGUA,consulta externa,nuevas en menores de 5 anos,2007-06-01,691,677,691,677,1368
CHARAÑA,consulta externa,nuevas en menores de 5 anos,2007-06-01,31,42,31,42,73
CHAYANTA,consulta externa,nuevas en menores de 5 anos,2007-06-01,503,453,503,453,956
CHIMORE,consulta externa,nuevas en menores de 5 anos,2007-06-01,401,346,401,346,747
CHIPAYA,consulta externa,nuevas en menores de 5 anos,2007-06-01,42,37,42,37,79
CHOQUE COTA,consulta externa,nuevas en menores de 5 anos,2007-06-01,27,23,27,23,50
CHULUMANI (V. DE LA LIBERTAD),consulta externa,nuevas en menores de 5 anos,2007-06-01,246,319,246,319,565
CHUMA,consulta externa,nuevas en menores de 5 anos,2007-06-01,127,150,127,150,277
CLIZA,consulta externa,nuevas en menores de 5 anos,2007-06-01,280,264,280,264,544
COBIJA,consulta externa,nuevas en menores de 5 anos,2007-06-01,1165,1143,1165,1143,2308
COCHABAMBA,consulta externa,nuevas en menores de 5 anos,2007-06-01,9865,9130,9865,9130,18995
COIPASA,consulta externa,nuevas en menores de 5 anos,2007-06-01,10,17,10,17,27
COLCAPIRHUA,consulta externa,nuevas en menores de 5 anos,2007-06-01,625,547,625,547,1172
"COLCHA ""K""",consulta externa,nuevas en menores de 5 anos,2007-06-01,240,197,240,197,437
COLLANA,consulta externa,nuevas en menores de 5 anos,2007-06-01,24,20,24,20,44
COLOMI,consulta externa,nuevas en menores de 5 anos,2007-06-01,336,290,336,290,626
COLPA BELGICA,consulta externa,nuevas en menores de 5 anos,2007-06-01,186,160,186,160,346
COLQUECHACA,consulta externa,nuevas en menores de 5 anos,2007-06-01,1073,1013,1073,1013,2086
COLQUENCHA,consulta externa,nuevas en menores de 5 anos,2007-06-01,108,126,108,126,234
COLQUIRI,consulta externa,nuevas en menores de 5 anos,2007-06-01,254,529,254,529,783
COMANCHE,consulta externa,nuevas en menores de 5 anos,2007-06-01,34,24,34,24,58
COMARAPA,consulta externa,nuevas en menores de 5 anos,2007-06-01,341,304,341,304,645
COMBAYA,consulta externa,nuevas en menores de 5 anos,2007-06-01,30,13,30,13,43
CONCEPCION,consulta externa,nuevas en menores de 5 anos,2007-06-01,367,286,367,286,653
COPACABANA,consulta externa,nuevas en menores de 5 anos,2007-06-01,171,136,171,136,307
CORIPATA,consulta externa,nuevas en menores de 5 anos,2007-06-01,190,226,190,226,416
CORO CORO,consulta externa,nuevas en menores de 5 anos,2007-06-01,81,89,81,89,170
COROICO,consulta externa,nuevas en menores de 5 anos,2007-06-01,199,153,199,153,352
CORQUE,consulta externa,nuevas en menores de 5 anos,2007-06-01,121,116,121,116,237
COTAGAITA,consulta externa,nuevas en menores de 5 anos,2007-06-01,679,726,679,726,1405
COTOCA,consulta externa,nuevas en menores de 5 anos,2007-06-01,865,772,865,772,1637
CUATRO CAÑADAS,consulta externa,nuevas en menores de 5 anos,2007-06-01,512,456,512,456,968
CUCHUMUELA (V. G. VILLARROEL),consulta externa,nuevas en menores de 5 anos,2007-06-01,64,63,64,63,127
CUEVO,consulta externa,nuevas en menores de 5 anos,2007-06-01,123,154,123,154,277
CULPINA,consulta externa,nuevas en menores de 5 anos,2007-06-01,618,593,618,593,1211
CURAHUARA DE CARANGAS,consulta externa,nuevas en menores de 5 anos,2007-06-01,122,85,122,85,207
CURVA,consulta externa,nuevas en menores de 5 anos,2007-06-01,83,64,83,64,147
DESAGUADERO,consulta externa,nuevas en menores de 5 anos,2007-06-01,46,38,46,38,84
EL ALTO,consulta externa,nuevas en menores de 5 anos,2007-06-01,9316,8828,9316,8828,18144
EL CHORO,consulta externa,nuevas en menores de 5 anos,2007-06-01,91,55,91,55,146
EL PUENTE(STC),consulta externa,nuevas en menores de 5 anos,2007-06-01,337,332,337,332,669
EL PUENTE(TJA),consulta externa,nuevas en menores de 5 anos,2007-06-01,251,242,251,242,493
EL TORNO,consulta externa,nuevas en menores de 5 anos,2007-06-01,961,825,961,825,1786
EL VILLAR,consulta externa,nuevas en menores de 5 anos,2007-06-01,257,306,257,306,563
ENTRE RIOS,consulta externa,nuevas en menores de 5 anos,2007-06-01,571,474,571,474,1045
ENTRE RIOS,consulta externa,nuevas en menores de 5 anos,2007-06-01,502,417,502,417,919
ESCARA,consulta externa,nuevas en menores de 5 anos,2007-06-01,1,2,1,2,3
ESMERALDA,consulta externa,nuevas en menores de 5 anos,2007-06-01,2,1,2,1,3
EUCALIPTUS,consulta externa,nuevas en menores de 5 anos,2007-06-01,113,148,113,148,261
EUREKA (SANTOS MERCADO),consulta externa,nuevas en menores de 5 anos,2007-06-01,30,58,30,58,88
EXALTACION,consulta externa,nuevas en menores de 5 anos,2007-06-01,53,56,53,56,109
FERNANDEZ ALONSO,consulta externa,nuevas en menores de 5 anos,2007-06-01,627,531,627,531,1158
FILADELFIA,consulta externa,nuevas en menores de 5 anos,2007-06-01,108,96,108,96,204
GENERAL SAAVEDRA,consulta externa,nuevas en menores de 5 anos,2007-06-01,652,631,652,631,1283
GRAL. J.J. PEREZ (CHARAZANI),consulta externa,nuevas en menores de 5 anos,2007-06-01,174,172,174,172,346
GUANAY,consulta externa,nuevas en menores de 5 anos,2007-06-01,322,310,322,310,632
GUAQUI,consulta externa,nuevas en menores de 5 anos,2007-06-01,80,78,80,78,158
GUAYARAMERIN,consulta externa,nuevas en menores de 5 anos,2007-06-01,1356,943,1356,943,2299
GUTIERREZ,consulta externa,nuevas en menores de 5 anos,2007-06-01,421,384,421,384,805
HUACARETA,consulta externa,nuevas en menores de 5 anos,2007-06-01,252,295,252,295,547
HUACAYA (VILLA DE HUACAYA),consulta externa,nuevas en menores de 5 anos,2007-06-01,108,98,108,98,206
HUACHACALLA,consulta externa,nuevas en menores de 5 anos,2007-06-01,39,41,39,41,80
HUANUNI,consulta externa,nuevas en menores de 5 anos,2007-06-01,363,314,363,314,677
HUARACAJE,consulta externa,nuevas en menores de 5 anos,2007-06-01,129,87,129,87,216
HUAYLLAMARCA,consulta externa,nuevas en menores de 5 anos,2007-06-01,42,34,42,34,76
ICHOCA,consulta externa,nuevas en menores de 5 anos,2007-06-01,43,63,43,63,106
ICLA,consulta externa,nuevas en menores de 5 anos,2007-06-01,458,463,458,463,921
INCAHUASI,consulta externa,nuevas en menores de 5 anos,2007-06-01,849,878,849,878,1727
INGAVI (HUMAITA),consulta externa,nuevas en menores de 5 anos,2007-06-01,3,3,3,3,6
INQUISIVI,consulta externa,nuevas en menores de 5 anos,2007-06-01,159,164,159,164,323
IRUPANA (VILLA DE LANZA),consulta externa,nuevas en menores de 5 anos,2007-06-01,273,293,273,293,566
IXIAMAS,consulta externa,nuevas en menores de 5 anos,2007-06-01,308,321,308,321,629
JESUS DE MACHACA,consulta externa,nuevas en menores de 5 anos,2007-06-01,172,180,172,180,352
LA ASUNTA,consulta externa,nuevas en menores de 5 anos,2007-06-01,645,691,645,691,1336
LA GUARDIA,consulta externa,nuevas en menores de 5 anos,2007-06-01,1312,1274,1312,1274,2586
LA PAZ,consulta externa,nuevas en menores de 5 anos,2007-06-01,13887,13132,13887,13132,27019
LA RIVERA,consulta externa,nuevas en menores de 5 anos,2007-06-01,5,10,5,10,15
LAGUNILLAS,consulta externa,nuevas en menores de 5 anos,2007-06-01,247,212,247,212,459
LAJA,consulta externa,nuevas en menores de 5 anos,2007-06-01,141,119,141,119,260
LAS CARRERAS,consulta externa,nuevas en menores de 5 anos,2007-06-01,109,76,109,76,185
LICOMA PAMPA,consulta externa,nuevas en menores de 5 anos,2007-06-01,42,59,42,59,101
LLALLAGUA,consulta externa,nuevas en menores de 5 anos,2007-06-01,895,818,895,818,1713
LLICA,consulta externa,nuevas en menores de 5 anos,2007-06-01,64,76,64,76,140
LORETO,consulta externa,nuevas en menores de 5 anos,2007-06-01,78,79,78,79,157
LURIBAY,consulta externa,nuevas en menores de 5 anos,2007-06-01,165,156,165,156,321
MACHACAMARCA,consulta externa,nuevas en menores de 5 anos,2007-06-01,25,26,25,26,51
MACHARETI,consulta externa,nuevas en menores de 5 anos,2007-06-01,303,316,303,316,619
MAGDALENA,consulta externa,nuevas en menores de 5 anos,2007-06-01,286,254,286,254,540
MAIRANA,consulta externa,nuevas en menores de 5 anos,2007-06-01,155,148,155,148,303
MALLA,consulta externa,nuevas en menores de 5 anos,2007-06-01,68,35,68,35,103
MAPIRI,consulta externa,nuevas en menores de 5 anos,2007-06-01,346,289,346,289,635
MECAPACA,consulta externa,nuevas en menores de 5 anos,2007-06-01,138,120,138,120,258
MINEROS,consulta externa,nuevas en menores de 5 anos,2007-06-01,592,515,592,515,1107
MIZQUE,consulta externa,nuevas en menores de 5 anos,2007-06-01,417,430,417,430,847
MOCOMOCO,consulta externa,nuevas en menores de 5 anos,2007-06-01,150,162,150,162,312
MOJINETE,consulta externa,nuevas en menores de 5 anos,2007-06-01,13,22,13,22,35
MOJOCOYA,consulta externa,nuevas en menores de 5 anos,2007-06-01,192,162,192,162,354
MONTEAGUDO,consulta externa,nuevas en menores de 5 anos,2007-06-01,745,668,745,668,1413
MONTERO,consulta externa,nuevas en menores de 5 anos,2007-06-01,2826,2454,2826,2454,5280
MORO MORO,consulta externa,nuevas en menores de 5 anos,2007-06-01,52,70,52,70,122
MOROCHATA,consulta externa,nuevas en menores de 5 anos,2007-06-01,372,395,372,395,767
NACEBE (SANTA ROSA DEL ABUNA),consulta externa,nuevas en menores de 5 anos,2007-06-01,62,84,62,84,146
NAZACARA DE PACAJES,consulta externa,nuevas en menores de 5 anos,2007-06-01,5,2,5,2,7
NUEVO MANOA (NUEVA ESPERANZA),consulta externa,nuevas en menores de 5 anos,2007-06-01,23,30,23,30,53
OCURI,consulta externa,nuevas en menores de 5 anos,2007-06-01,521,485,521,485,1006
OKINAWA,consulta externa,nuevas en menores de 5 anos,2007-06-01,456,428,456,428,884
OMEREQUE,consulta externa,nuevas en menores de 5 anos,2007-06-01,137,135,137,135,272
ORURO,consulta externa,nuevas en menores de 5 anos,2007-06-01,4523,3860,4523,3860,8383
PADCAYA,consulta externa,nuevas en menores de 5 anos,2007-06-01,514,474,514,474,988
PADILLA,consulta externa,nuevas en menores de 5 anos,2007-06-01,364,405,364,405,769
PAILON,consulta externa,nuevas en menores de 5 anos,2007-06-01,366,339,366,339,705
PALCA,consulta externa,nuevas en menores de 5 anos,2007-06-01,135,107,135,107,242
PALOS BLANCOS,consulta externa,nuevas en menores de 5 anos,2007-06-01,630,553,630,553,1183
PAMPA AULLAGAS,consulta externa,nuevas en menores de 5 anos,2007-06-01,49,65,49,65,114
PAMPA GRANDE,consulta externa,nuevas en menores de 5 anos,2007-06-01,121,111,121,111,232
PAPEL PAMPA,consulta externa,nuevas en menores de 5 anos,2007-06-01,51,63,51,63,114
PASORAPA,consulta externa,nuevas en menores de 5 anos,2007-06-01,54,51,54,51,105
PATACAMAYA,consulta externa,nuevas en menores de 5 anos,2007-06-01,268,233,268,233,501
PAZÑA,consulta externa,nuevas en menores de 5 anos,2007-06-01,123,109,123,109,232
PELECHUCO,consulta externa,nuevas en menores de 5 anos,2007-06-01,131,116,131,116,247
POCOATA,consulta externa,nuevas en menores de 5 anos,2007-06-01,495,518,495,518,1013
POCONA,consulta externa,nuevas en menores de 5 anos,2007-06-01,231,249,231,249,480
POJO (CBBA),consulta externa,nuevas en menores de 5 anos,2007-06-01,101,116,101,116,217
POOPO,consulta externa,nuevas en menores de 5 anos,2007-06-01,82,75,82,75,157
PORCO,consulta externa,nuevas en menores de 5 anos,2007-06-01,191,233,191,233,424
POROMA,consulta externa,nuevas en menores de 5 anos,2007-06-01,470,433,470,433,903
PORONGO,consulta externa,nuevas en menores de 5 anos,2007-06-01,189,202,189,202,391
PORTACHUELO,consulta externa,nuevas en menores de 5 anos,2007-06-01,593,560,593,560,1153
PORVENIR,consulta externa,nuevas en menores de 5 anos,2007-06-01,233,320,233,320,553
POSTRER VALLE,consulta externa,nuevas en menores de 5 anos,2007-06-01,29,36,29,36,65
POTOSI,consulta externa,nuevas en menores de 5 anos,2007-06-01,3216,3155,3216,3155,6371
PRESTO,consulta externa,nuevas en menores de 5 anos,2007-06-01,298,243,298,243,541
PUCARA,consulta externa,nuevas en menores de 5 anos,2007-06-01,56,43,56,43,99
PUCARANI,consulta externa,nuevas en menores de 5 anos,2007-06-01,204,220,204,220,424
PUERTO ACOSTA,consulta externa,nuevas en menores de 5 anos,2007-06-01,179,169,179,169,348
PUERTO CARABUCO,consulta externa,nuevas en menores de 5 anos,2007-06-01,171,149,171,149,320
PUERTO GONZALO MORENO,consulta externa,nuevas en menores de 5 anos,2007-06-01,136,172,136,172,308
PUERTO PEREZ,consulta externa,nuevas en menores de 5 anos,2007-06-01,72,44,72,44,116
PUERTO QUIJARRO,consulta externa,nuevas en menores de 5 anos,2007-06-01,286,211,286,211,497
PUERTO RICO,consulta externa,nuevas en menores de 5 anos,2007-06-01,447,334,447,334,781
PUERTO SILES,consulta externa,nuevas en menores de 5 anos,2007-06-01,59,40,59,40,99
PUERTO SUAREZ,consulta externa,nuevas en menores de 5 anos,2007-06-01,313,307,313,307,620
PUERTO VILLARROEL,consulta externa,nuevas en menores de 5 anos,2007-06-01,1228,1126,1228,1126,2354
PUNA,consulta externa,nuevas en menores de 5 anos,2007-06-01,1070,896,1070,896,1966
PUNATA,consulta externa,nuevas en menores de 5 anos,2007-06-01,474,415,474,415,889
QUIABAYA,consulta externa,nuevas en menores de 5 anos,2007-06-01,50,28,50,28,78
QUILLACOLLO,consulta externa,nuevas en menores de 5 anos,2007-06-01,1500,1301,1500,1301,2801
QUIME,consulta externa,nuevas en menores de 5 anos,2007-06-01,144,113,144,113,257
QUIRUSILLAS,consulta externa,nuevas en menores de 5 anos,2007-06-01,38,18,38,18,56
RAVELO,consulta externa,nuevas en menores de 5 anos,2007-06-01,360,290,360,290,650
REYES,consulta externa,nuevas en menores de 5 anos,2007-06-01,263,257,263,257,520
RIBERALTA,consulta externa,nuevas en menores de 5 anos,2007-06-01,2484,2232,2484,2232,4716
ROBORE,consulta externa,nuevas en menores de 5 anos,2007-06-01,343,320,343,320,663
RURRENABAQUE,consulta externa,nuevas en menores de 5 anos,2007-06-01,339,316,339,316,655
SABAYA,consulta externa,nuevas en menores de 5 anos,2007-06-01,66,50,66,50,116
SACABA,consulta externa,nuevas en menores de 5 anos,2007-06-01,1329,1177,1329,1177,2506
SACABAMBA,consulta externa,nuevas en menores de 5 anos,2007-06-01,61,55,61,55,116
SACACA,consulta externa,nuevas en menores de 5 anos,2007-06-01,2692,696,2692,696,3388
SAIPINA,consulta externa,nuevas en menores de 5 anos,2007-06-01,111,115,111,115,226
SALINAS DE GARCI MENDOZA,consulta externa,nuevas en menores de 5 anos,2007-06-01,265,258,265,258,523
SAMAIPATA,consulta externa,nuevas en menores de 5 anos,2007-06-01,157,100,157,100,257
SAN AGUSTIN,consulta externa,nuevas en menores de 5 anos,2007-06-01,57,51,57,51,108
SAN ANDRES,consulta externa,nuevas en menores de 5 anos,2007-06-01,255,219,255,219,474
SAN ANDRES DE MACHACA,consulta externa,nuevas en menores de 5 anos,2007-06-01,86,54,86,54,140
SAN ANTONIO DE ESMORUCO,consulta externa,nuevas en menores de 5 anos,2007-06-01,77,84,77,84,161
SAN ANTONIO DE LOMERIO,consulta externa,nuevas en menores de 5 anos,2007-06-01,93,91,93,91,184
SAN BENITO,consulta externa,nuevas en menores de 5 anos,2007-06-01,219,192,219,192,411
SAN BORJA,consulta externa,nuevas en menores de 5 anos,2007-06-01,710,686,710,686,1396
SAN BUENA VENTURA,consulta externa,nuevas en menores de 5 anos,2007-06-01,264,253,264,253,517
SAN CARLOS,consulta externa,nuevas en menores de 5 anos,2007-06-01,437,461,437,461,898
SAN IGNACIO,consulta externa,nuevas en menores de 5 anos,2007-06-01,736,694,736,694,1430
SAN IGNACIO DE VELASCO,consulta externa,nuevas en menores de 5 anos,2007-06-01,1177,1184,1177,1184,2361
SAN JAVIER(BNI),consulta externa,nuevas en menores de 5 anos,2007-06-01,56,57,56,57,113
SAN JAVIER(STC),consulta externa,nuevas en menores de 5 anos,2007-06-01,251,250,251,250,501
SAN JOAQUIN,consulta externa,nuevas en menores de 5 anos,2007-06-01,83,73,83,73,156
SAN JOSE DE CHIQUITOS,consulta externa,nuevas en menores de 5 anos,2007-06-01,348,335,348,335,683
SAN JUAN DE YAPACANI,consulta externa,nuevas en menores de 5 anos,2007-06-01,452,412,452,412,864
SAN JULIAN,consulta externa,nuevas en menores de 5 anos,2007-06-01,896,810,896,810,1706
SAN LORENZO(PND),consulta externa,nuevas en menores de 5 anos,2007-06-01,202,173,202,173,375
SAN LORENZO(TJA),consulta externa,nuevas en menores de 5 anos,2007-06-01,657,552,657,552,1209
SAN LUCAS,consulta externa,nuevas en menores de 5 anos,2007-06-01,1556,1410,1556,1410,2966
SAN MATIAS,consulta externa,nuevas en menores de 5 anos,2007-06-01,338,161,338,161,499
SAN MIGUEL DE VELASCO,consulta externa,nuevas en menores de 5 anos,2007-06-01,209,185,209,185,394
SAN PABLO DE LIPEZ,consulta externa,nuevas en menores de 5 anos,2007-06-01,149,117,149,117,266
SAN PEDRO,consulta externa,nuevas en menores de 5 anos,2007-06-01,616,605,616,605,1221
SAN PEDRO DE BUENA VISTA,consulta externa,nuevas en menores de 5 anos,2007-06-01,728,708,728,708,1436
SAN PEDRO DE CURAHUARA,consulta externa,nuevas en menores de 5 anos,2007-06-01,73,64,73,64,137
SAN PEDRO DE QUEMES,consulta externa,nuevas en menores de 5 anos,2007-06-01,14,14,14,14,28
SAN PEDRO DE TIQUINA,consulta externa,nuevas en menores de 5 anos,2007-06-01,35,42,35,42,77
SAN PEDRO(PND),consulta externa,nuevas en menores de 5 anos,2007-06-01,31,24,31,24,55
SAN RAFAEL,consulta externa,nuevas en menores de 5 anos,2007-06-01,115,103,115,103,218
SAN RAMON,consulta externa,nuevas en menores de 5 anos,2007-06-01,151,129,151,129,280
SAN RAMON,consulta externa,nuevas en menores de 5 anos,2007-06-01,228,251,228,251,479
SANTA ANA,consulta externa,nuevas en menores de 5 anos,2007-06-01,372,349,372,349,721
SANTA CRUZ DE LA SIERRA,consulta externa,nuevas en menores de 5 anos,2007-06-01,27566,19478,27566,19478,47044
SANTA ROSA,consulta externa,nuevas en menores de 5 anos,2007-06-01,163,226,163,226,389
SANTA ROSA DEL SARA,consulta externa,nuevas en menores de 5 anos,2007-06-01,682,682,682,682,1364
SANTIAGO DE CALLAPA,consulta externa,nuevas en menores de 5 anos,2007-06-01,29,52,29,52,81
SANTIAGO DE HUARI,consulta externa,nuevas en menores de 5 anos,2007-06-01,158,131,158,131,289
SANTIAGO DE MACHACA,consulta externa,nuevas en menores de 5 anos,2007-06-01,35,26,35,26,61
SANTIVAÑES,consulta externa,nuevas en menores de 5 anos,2007-06-01,124,110,124,110,234
SANTUARIO DE QUILLACAS,consulta externa,nuevas en menores de 5 anos,2007-06-01,49,37,49,37,86
SAPAHAQUI,consulta externa,nuevas en menores de 5 anos,2007-06-01,213,184,213,184,397
SENA,consulta externa,nuevas en menores de 5 anos,2007-06-01,78,102,78,102,180
SICA SICA (VILLA AROMA),consulta externa,nuevas en menores de 5 anos,2007-06-01,290,233,290,233,523
SICAYA,consulta externa,nuevas en menores de 5 anos,2007-06-01,52,55,52,55,107
SIPE SIPE,consulta externa,nuevas en menores de 5 anos,2007-06-01,364,341,364,341,705
SOPACHUY,consulta externa,nuevas en menores de 5 anos,2007-06-01,416,360,416,360,776
SORACACHI,consulta externa,nuevas en menores de 5 anos,2007-06-01,463,203,463,203,666
SORATA,consulta externa,nuevas en menores de 5 anos,2007-06-01,227,200,227,200,427
SUCRE,consulta externa,nuevas en menores de 5 anos,2007-06-01,7235,6843,7235,6843,14078
TACACHI,consulta externa,nuevas en menores de 5 anos,2007-06-01,10,10,10,10,20
TACACOMA,consulta externa,nuevas en menores de 5 anos,2007-06-01,78,94,78,94,172
TACOBAMBA,consulta externa,nuevas en menores de 5 anos,2007-06-01,203,159,203,159,362
TACOPAYA,consulta externa,nuevas en menores de 5 anos,2007-06-01,240,237,240,237,477
TAHUA,consulta externa,nuevas en menores de 5 anos,2007-06-01,52,36,52,36,88
TAPACARI,consulta externa,nuevas en menores de 5 anos,2007-06-01,637,600,637,600,1237
TARABUCO,consulta externa,nuevas en menores de 5 anos,2007-06-01,840,739,840,739,1579
TARACO,consulta externa,nuevas en menores de 5 anos,2007-06-01,56,47,56,47,103
TARATA,consulta externa,nuevas en menores de 5 anos,2007-06-01,130,145,130,145,275
TARIJA,consulta externa,nuevas en menores de 5 anos,2007-06-01,4695,4470,4695,4470,9165
TARVITA,consulta externa,nuevas en menores de 5 anos,2007-06-01,687,637,687,637,1324
TEOPONTE,consulta externa,nuevas en menores de 5 anos,2007-06-01,270,266,270,266,536
TIAWANACU,consulta externa,nuevas en menores de 5 anos,2007-06-01,111,89,111,89,200
TINGUIPAYA,consulta externa,nuevas en menores de 5 anos,2007-06-01,420,388,420,388,808
TIPUANI,consulta externa,nuevas en menores de 5 anos,2007-06-01,126,121,126,121,247
TIQUIPAYA,consulta externa,nuevas en menores de 5 anos,2007-06-01,743,584,743,584,1327
TIRAQUE (CBBA),consulta externa,nuevas en menores de 5 anos,2007-06-01,753,719,753,719,1472
TITO YUPANQUI (PARQUIPUJIO),consulta externa,nuevas en menores de 5 anos,2007-06-01,15,22,15,22,37
TOCO,consulta externa,nuevas en menores de 5 anos,2007-06-01,70,70,70,70,140
TODOS SANTOS,consulta externa,nuevas en menores de 5 anos,2007-06-01,8,1,8,1,9
TOLATA,consulta externa,nuevas en menores de 5 anos,2007-06-01,43,40,43,40,83
TOLEDO,consulta externa,nuevas en menores de 5 anos,2007-06-01,124,109,124,109,233
TOMAVE,consulta externa,nuevas en menores de 5 anos,2007-06-01,273,303,273,303,576
TOMINA,consulta externa,nuevas en menores de 5 anos,2007-06-01,322,294,322,294,616
TORO TORO,consulta externa,nuevas en menores de 5 anos,2007-06-01,286,317,286,317,603
TOTORA(CBBA),consulta externa,nuevas en menores de 5 anos,2007-06-01,159,148,159,148,307
TOTORA(ORR),consulta externa,nuevas en menores de 5 anos,2007-06-01,70,92,70,92,162
TRIGAL,consulta externa,nuevas en menores de 5 anos,2007-06-01,33,32,33,32,65
TRINIDAD,consulta externa,nuevas en menores de 5 anos,2007-06-01,2357,2133,2357,2133,4490
TUPIZA,consulta externa,nuevas en menores de 5 anos,2007-06-01,1314,1220,1314,1220,2534
TURCO,consulta externa,nuevas en menores de 5 anos,2007-06-01,100,83,100,83,183
UMALA,consulta externa,nuevas en menores de 5 anos,2007-06-01,53,51,53,51,104
UNCIA,consulta externa,nuevas en menores de 5 anos,2007-06-01,830,715,830,715,1545
URIONDO (A. CONCEPCION),consulta externa,nuevas en menores de 5 anos,2007-06-01,592,582,592,582,1174
URUBICHA,consulta externa,nuevas en menores de 5 anos,2007-06-01,257,271,257,271,528
UYUNI,consulta externa,nuevas en menores de 5 anos,2007-06-01,341,309,341,309,650
VACAS,consulta externa,nuevas en menores de 5 anos,2007-06-01,162,190,162,190,352
VALLEGRANDE,consulta externa,nuevas en menores de 5 anos,2007-06-01,245,185,245,185,430
VIACHA,consulta externa,nuevas en menores de 5 anos,2007-06-01,597,510,597,510,1107
VILA VILA,consulta externa,nuevas en menores de 5 anos,2007-06-01,64,80,64,80,144
VILLA MONTES,consulta externa,nuevas en menores de 5 anos,2007-06-01,679,612,679,612,1291
VILLA NUEVA (LOMA ALTA),consulta externa,nuevas en menores de 5 anos,2007-06-01,89,103,89,103,192
VILLA RIVERO,consulta externa,nuevas en menores de 5 anos,2007-06-01,61,65,61,65,126
VILLA SERRANO,consulta externa,nuevas en menores de 5 anos,2007-06-01,402,403,402,403,805
VILLA TUNARI,consulta externa,nuevas en menores de 5 anos,2007-06-01,1731,1680,1731,1680,3411
VILLA VACA GUZMAN (MUYUPAMPA),consulta externa,nuevas en menores de 5 anos,2007-06-01,192,214,192,214,406
VILLAZON,consulta externa,nuevas en menores de 5 anos,2007-06-01,936,967,936,967,1903
VINTO,consulta externa,nuevas en menores de 5 anos,2007-06-01,202,160,202,160,362
VITICHI,consulta externa,nuevas en menores de 5 anos,2007-06-01,319,307,319,307,626
WALDO BALLIVIAN,consulta externa,nuevas en menores de 5 anos,2007-06-01,29,37,29,37,66
WARNES,consulta externa,nuevas en menores de 5 anos,2007-06-01,1338,1284,1338,1284,2622
YACO,consulta externa,nuevas en menores de 5 anos,2007-06-01,155,126,155,126,281
YACUIBA,consulta externa,nuevas en menores de 5 anos,2007-06-01,1919,1832,1919,1832,3751
YAMPARAEZ,consulta externa,nuevas en menores de 5 anos,2007-06-01,205,197,205,197,402
YANACACHI,consulta externa,nuevas en menores de 5 anos,2007-06-01,54,52,54,52,106
YAPACANI,consulta externa,nuevas en menores de 5 anos,2007-06-01,646,648,646,648,1294
YOCALLA,consulta externa,nuevas en menores de 5 anos,2007-06-01,90,100,90,100,190
YOTALA,consulta externa,nuevas en menores de 5 anos,2007-06-01,254,259,254,259,513
YUNCHARA,consulta externa,nuevas en menores de 5 anos,2007-06-01,168,125,168,125,293
ZUDAÑEZ,consulta externa,nuevas en menores de 5 anos,2007-06-01,313,273,313,273,586
ACACIO,consulta externa,nuevas en menores de 5 anos,2007-07-01,141,108,141,108,249
ACHACACHI,consulta externa,nuevas en menores de 5 anos,2007-07-01,309,239,309,239,548
ACHOCALLA,consulta externa,nuevas en menores de 5 anos,2007-07-01,82,82,82,82,164
AIQUILE,consulta externa,nuevas en menores de 5 anos,2007-07-01,494,408,494,408,902
ALALAY,consulta externa,nuevas en menores de 5 anos,2007-07-01,47,32,47,32,79
ALCALA,consulta externa,nuevas en menores de 5 anos,2007-07-01,163,172,163,172,335
ANCORAIMES,consulta externa,nuevas en menores de 5 anos,2007-07-01,176,190,176,190,366
ANDAMARCA,consulta externa,nuevas en menores de 5 anos,2007-07-01,54,53,54,53,107
ANTEQUERA,consulta externa,nuevas en menores de 5 anos,2007-07-01,12,6,12,6,18
ANZALDO,consulta externa,nuevas en menores de 5 anos,2007-07-01,92,86,92,86,178
APOLO,consulta externa,nuevas en menores de 5 anos,2007-07-01,407,417,407,417,824
ARAMPAMPA,consulta externa,nuevas en menores de 5 anos,2007-07-01,147,133,147,133,280
ARANI,consulta externa,nuevas en menores de 5 anos,2007-07-01,75,68,75,68,143
ARBIETO,consulta externa,nuevas en menores de 5 anos,2007-07-01,132,105,132,105,237
ARQUE,consulta externa,nuevas en menores de 5 anos,2007-07-01,135,138,135,138,273
ASCENCION DE GUARAYOS,consulta externa,nuevas en menores de 5 anos,2007-07-01,565,473,565,473,1038
ATOCHA,consulta externa,nuevas en menores de 5 anos,2007-07-01,281,255,281,255,536
AUCAPATA,consulta externa,nuevas en menores de 5 anos,2007-07-01,90,87,90,87,177
AYATA,consulta externa,nuevas en menores de 5 anos,2007-07-01,177,146,177,146,323
AYO AYO,consulta externa,nuevas en menores de 5 anos,2007-07-01,67,70,67,70,137
AYOPAYA (V. DE INDEPENDENCIA),consulta externa,nuevas en menores de 5 anos,2007-07-01,520,477,520,477,997
AZURDUY,consulta externa,nuevas en menores de 5 anos,2007-07-01,521,461,521,461,982
BATALLAS,consulta externa,nuevas en menores de 5 anos,2007-07-01,106,96,106,96,202
BAURES,consulta externa,nuevas en menores de 5 anos,2007-07-01,127,125,127,125,252
BELEN DE ANDAMARCA,consulta externa,nuevas en menores de 5 anos,2007-07-01,23,27,23,27,50
BELEN DE URMIRI,consulta externa,nuevas en menores de 5 anos,2007-07-01,27,34,27,34,61
BELLA FLOR,consulta externa,nuevas en menores de 5 anos,2007-07-01,77,70,77,70,147
BERMEJO,consulta externa,nuevas en menores de 5 anos,2007-07-01,1209,1082,1209,1082,2291
BETANZOS,consulta externa,nuevas en menores de 5 anos,2007-07-01,660,573,660,573,1233
BOLIVAR,consulta externa,nuevas en menores de 5 anos,2007-07-01,187,171,187,171,358
BOLPEBRA,consulta externa,nuevas en menores de 5 anos,2007-07-01,57,51,57,51,108
BOYUIBE,consulta externa,nuevas en menores de 5 anos,2007-07-01,128,116,128,116,244
BUENA VISTA,consulta externa,nuevas en menores de 5 anos,2007-07-01,295,298,295,298,593
CABEZAS,consulta externa,nuevas en menores de 5 anos,2007-07-01,560,443,560,443,1003
CAIROMA,consulta externa,nuevas en menores de 5 anos,2007-07-01,198,181,198,181,379
"CAIZA ""D""",consulta externa,nuevas en menores de 5 anos,2007-07-01,130,121,130,121,251
CAJUATA,consulta externa,nuevas en menores de 5 anos,2007-07-01,169,132,169,132,301
CALACOTO,consulta externa,nuevas en menores de 5 anos,2007-07-01,55,50,55,50,105
CALAMARCA,consulta externa,nuevas en menores de 5 anos,2007-07-01,146,145,146,145,291
CAMARGO,consulta externa,nuevas en menores de 5 anos,2007-07-01,425,471,425,471,896
CAMATAQUI (C. VILLA ABECIA),consulta externa,nuevas en menores de 5 anos,2007-07-01,133,121,133,121,254
CAMIRI,consulta externa,nuevas en menores de 5 anos,2007-07-01,969,968,969,968,1937
CAPINOTA,consulta externa,nuevas en menores de 5 anos,2007-07-01,350,292,350,292,642
CAQUIAVIRI,consulta externa,nuevas en menores de 5 anos,2007-07-01,81,68,81,68,149
CARACOLLO,consulta externa,nuevas en menores de 5 anos,2007-07-01,181,203,181,203,384
CARANAVI,consulta externa,nuevas en menores de 5 anos,2007-07-01,1054,1038,1054,1038,2092
CARANGAS,consulta externa,nuevas en menores de 5 anos,2007-07-01,2,4,2,4,6
CARAPARI,consulta externa,nuevas en menores de 5 anos,2007-07-01,235,202,235,202,437
CARIPUYO,consulta externa,nuevas en menores de 5 anos,2007-07-01,211,171,211,171,382
CARMEN RIVERO TORREZ,consulta externa,nuevas en menores de 5 anos,2007-07-01,79,76,79,76,155
CATACORA,consulta externa,nuevas en menores de 5 anos,2007-07-01,26,17,26,17,43
CHACARILLA,consulta externa,nuevas en menores de 5 anos,2007-07-01,31,38,31,38,69
CHALLAPATA,consulta externa,nuevas en menores de 5 anos,2007-07-01,315,262,315,262,577
CHAQUI,consulta externa,nuevas en menores de 5 anos,2007-07-01,117,118,117,118,235
CHARAGUA,consulta externa,nuevas en menores de 5 anos,2007-07-01,699,653,699,653,1352
CHARAÑA,consulta externa,nuevas en menores de 5 anos,2007-07-01,35,33,35,33,68
CHAYANTA,consulta externa,nuevas en menores de 5 anos,2007-07-01,356,360,356,360,716
CHIMORE,consulta externa,nuevas en menores de 5 anos,2007-07-01,533,475,533,475,1008
CHIPAYA,consulta externa,nuevas en menores de 5 anos,2007-07-01,42,49,42,49,91
CHOQUE COTA,consulta externa,nuevas en menores de 5 anos,2007-07-01,14,9,14,9,23
CHULUMANI (V. DE LA LIBERTAD),consulta externa,nuevas en menores de 5 anos,2007-07-01,240,198,240,198,438
CHUMA,consulta externa,nuevas en menores de 5 anos,2007-07-01,124,135,124,135,259
CLIZA,consulta externa,nuevas en menores de 5 anos,2007-07-01,228,180,228,180,408
COBIJA,consulta externa,nuevas en menores de 5 anos,2007-07-01,1049,950,1049,950,1999
COCHABAMBA,consulta externa,nuevas en menores de 5 anos,2007-07-01,9269,8432,9269,8432,17701
COIPASA,consulta externa,nuevas en menores de 5 anos,2007-07-01,4,11,4,11,15
COLCAPIRHUA,consulta externa,nuevas en menores de 5 anos,2007-07-01,521,464,521,464,985
"COLCHA ""K""",consulta externa,nuevas en menores de 5 anos,2007-07-01,143,124,143,124,267
COLLANA,consulta externa,nuevas en menores de 5 anos,2007-07-01,22,22,22,22,44
COLOMI,consulta externa,nuevas en menores de 5 anos,2007-07-01,199,189,199,189,388
COLPA BELGICA,consulta externa,nuevas en menores de 5 anos,2007-07-01,151,108,151,108,259
COLQUECHACA,consulta externa,nuevas en menores de 5 anos,2007-07-01,852,736,852,736,1588
COLQUENCHA,consulta externa,nuevas en menores de 5 anos,2007-07-01,75,71,75,71,146
COLQUIRI,consulta externa,nuevas en menores de 5 anos,2007-07-01,201,208,201,208,409
COMANCHE,consulta externa,nuevas en menores de 5 anos,2007-07-01,20,23,20,23,43
COMARAPA,consulta externa,nuevas en menores de 5 anos,2007-07-01,314,323,314,323,637
COMBAYA,consulta externa,nuevas en menores de 5 anos,2007-07-01,27,16,27,16,43
CONCEPCION,consulta externa,nuevas en menores de 5 anos,2007-07-01,296,217,296,217,513
COPACABANA,consulta externa,nuevas en menores de 5 anos,2007-07-01,104,78,104,78,182
CORIPATA,consulta externa,nuevas en menores de 5 anos,2007-07-01,209,190,209,190,399
CORO CORO,consulta externa,nuevas en menores de 5 anos,2007-07-01,66,71,66,71,137
COROICO,consulta externa,nuevas en menores de 5 anos,2007-07-01,179,162,179,162,341
CORQUE,consulta externa,nuevas en menores de 5 anos,2007-07-01,109,117,109,117,226
COTAGAITA,consulta externa,nuevas en menores de 5 anos,2007-07-01,581,522,581,522,1103
COTOCA,consulta externa,nuevas en menores de 5 anos,2007-07-01,759,638,759,638,1397
CUATRO CAÑADAS,consulta externa,nuevas en menores de 5 anos,2007-07-01,451,415,451,415,866
CUCHUMUELA (V. G. VILLARROEL),consulta externa,nuevas en menores de 5 anos,2007-07-01,18,12,18,12,30
CUEVO,consulta externa,nuevas en menores de 5 anos,2007-07-01,96,117,96,117,213
CULPINA,consulta externa,nuevas en menores de 5 anos,2007-07-01,536,528,536,528,1064
CURAHUARA DE CARANGAS,consulta externa,nuevas en menores de 5 anos,2007-07-01,93,57,93,57,150
CURVA,consulta externa,nuevas en menores de 5 anos,2007-07-01,69,51,69,51,120
DESAGUADERO,consulta externa,nuevas en menores de 5 anos,2007-07-01,49,28,49,28,77
EL ALTO,consulta externa,nuevas en menores de 5 anos,2007-07-01,7971,7712,7971,7712,15683
EL CHORO,consulta externa,nuevas en menores de 5 anos,2007-07-01,77,70,77,70,147
EL PUENTE(STC),consulta externa,nuevas en menores de 5 anos,2007-07-01,372,310,372,310,682
EL PUENTE(TJA),consulta externa,nuevas en menores de 5 anos,2007-07-01,218,226,218,226,444
EL TORNO,consulta externa,nuevas en menores de 5 anos,2007-07-01,886,876,886,876,1762
EL VILLAR,consulta externa,nuevas en menores de 5 anos,2007-07-01,164,151,164,151,315
ENTRE RIOS,consulta externa,nuevas en menores de 5 anos,2007-07-01,439,463,439,463,902
ENTRE RIOS,consulta externa,nuevas en menores de 5 anos,2007-07-01,437,492,437,492,929
ESCARA,consulta externa,nuevas en menores de 5 anos,2007-07-01,2,3,2,3,5
ESMERALDA,consulta externa,nuevas en menores de 5 anos,2007-07-01,5,3,5,3,8
EUCALIPTUS,consulta externa,nuevas en menores de 5 anos,2007-07-01,111,93,111,93,204
EUREKA (SANTOS MERCADO),consulta externa,nuevas en menores de 5 anos,2007-07-01,7,7,7,7,14
EXALTACION,consulta externa,nuevas en menores de 5 anos,2007-07-01,45,51,45,51,96
FERNANDEZ ALONSO,consulta externa,nuevas en menores de 5 anos,2007-07-01,627,527,627,527,1154
FILADELFIA,consulta externa,nuevas en menores de 5 anos,2007-07-01,161,142,161,142,303
GENERAL SAAVEDRA,consulta externa,nuevas en menores de 5 anos,2007-07-01,629,551,629,551,1180
GRAL. J.J. PEREZ (CHARAZANI),consulta externa,nuevas en menores de 5 anos,2007-07-01,213,208,213,208,421
GUANAY,consulta externa,nuevas en menores de 5 anos,2007-07-01,253,288,253,288,541
GUAQUI,consulta externa,nuevas en menores de 5 anos,2007-07-01,61,58,61,58,119
GUAYARAMERIN,consulta externa,nuevas en menores de 5 anos,2007-07-01,1074,1011,1074,1011,2085
GUTIERREZ,consulta externa,nuevas en menores de 5 anos,2007-07-01,556,486,556,486,1042
HUACARETA,consulta externa,nuevas en menores de 5 anos,2007-07-01,261,244,261,244,505
HUACAYA (VILLA DE HUACAYA),consulta externa,nuevas en menores de 5 anos,2007-07-01,116,111,116,111,227
HUACHACALLA,consulta externa,nuevas en menores de 5 anos,2007-07-01,15,16,15,16,31
HUANUNI,consulta externa,nuevas en menores de 5 anos,2007-07-01,354,534,354,534,888
HUARACAJE,consulta externa,nuevas en menores de 5 anos,2007-07-01,103,85,103,85,188
HUAYLLAMARCA,consulta externa,nuevas en menores de 5 anos,2007-07-01,42,32,42,32,74
ICHOCA,consulta externa,nuevas en menores de 5 anos,2007-07-01,59,49,59,49,108
ICLA,consulta externa,nuevas en menores de 5 anos,2007-07-01,344,268,344,268,612
INCAHUASI,consulta externa,nuevas en menores de 5 anos,2007-07-01,863,940,863,940,1803
INGAVI (HUMAITA),consulta externa,nuevas en menores de 5 anos,2007-07-01,7,6,7,6,13
INQUISIVI,consulta externa,nuevas en menores de 5 anos,2007-07-01,159,116,159,116,275
IRUPANA (VILLA DE LANZA),consulta externa,nuevas en menores de 5 anos,2007-07-01,234,266,234,266,500
IXIAMAS,consulta externa,nuevas en menores de 5 anos,2007-07-01,277,238,277,238,515
JESUS DE MACHACA,consulta externa,nuevas en menores de 5 anos,2007-07-01,142,143,142,143,285
LA ASUNTA,consulta externa,nuevas en menores de 5 anos,2007-07-01,609,527,609,527,1136
LA GUARDIA,consulta externa,nuevas en menores de 5 anos,2007-07-01,1238,1083,1238,1083,2321
LA PAZ,consulta externa,nuevas en menores de 5 anos,2007-07-01,11203,10811,11203,10811,22014
LA RIVERA,consulta externa,nuevas en menores de 5 anos,2007-07-01,4,5,4,5,9
LAGUNILLAS,consulta externa,nuevas en menores de 5 anos,2007-07-01,260,294,260,294,554
LAJA,consulta externa,nuevas en menores de 5 anos,2007-07-01,112,84,112,84,196
LAS CARRERAS,consulta externa,nuevas en menores de 5 anos,2007-07-01,88,73,88,73,161
LICOMA PAMPA,consulta externa,nuevas en menores de 5 anos,2007-07-01,21,36,21,36,57
LLALLAGUA,consulta externa,nuevas en menores de 5 anos,2007-07-01,795,717,795,717,1512
LLICA,consulta externa,nuevas en menores de 5 anos,2007-07-01,47,33,47,33,80
LORETO,consulta externa,nuevas en menores de 5 anos,2007-07-01,88,93,88,93,181
LURIBAY,consulta externa,nuevas en menores de 5 anos,2007-07-01,151,140,151,140,291
MACHACAMARCA,consulta externa,nuevas en menores de 5 anos,2007-07-01,50,39,50,39,89
MACHARETI,consulta externa,nuevas en menores de 5 anos,2007-07-01,312,380,312,380,692
MAGDALENA,consulta externa,nuevas en menores de 5 anos,2007-07-01,197,169,197,169,366
MAIRANA,consulta externa,nuevas en menores de 5 anos,2007-07-01,140,138,140,138,278
MALLA,consulta externa,nuevas en menores de 5 anos,2007-07-01,54,27,54,27,81
MAPIRI,consulta externa,nuevas en menores de 5 anos,2007-07-01,245,182,245,182,427
MECAPACA,consulta externa,nuevas en menores de 5 anos,2007-07-01,94,108,94,108,202
MINEROS,consulta externa,nuevas en menores de 5 anos,2007-07-01,589,525,589,525,1114
MIZQUE,consulta externa,nuevas en menores de 5 anos,2007-07-01,425,369,425,369,794
MOCOMOCO,consulta externa,nuevas en menores de 5 anos,2007-07-01,158,118,158,118,276
MOJINETE,consulta externa,nuevas en menores de 5 anos,2007-07-01,23,24,23,24,47
MOJOCOYA,consulta externa,nuevas en menores de 5 anos,2007-07-01,128,144,128,144,272
MONTEAGUDO,consulta externa,nuevas en menores de 5 anos,2007-07-01,664,685,664,685,1349
MONTERO,consulta externa,nuevas en menores de 5 anos,2007-07-01,2257,2322,2257,2322,4579
MORO MORO,consulta externa,nuevas en menores de 5 anos,2007-07-01,48,54,48,54,102
MOROCHATA,consulta externa,nuevas en menores de 5 anos,2007-07-01,312,287,312,287,599
NACEBE (SANTA ROSA DEL ABUNA),consulta externa,nuevas en menores de 5 anos,2007-07-01,68,52,68,52,120
NAZACARA DE PACAJES,consulta externa,nuevas en menores de 5 anos,2007-07-01,7,5,7,5,12
NUEVO MANOA (NUEVA ESPERANZA),consulta externa,nuevas en menores de 5 anos,2007-07-01,32,30,32,30,62
OCURI,consulta externa,nuevas en menores de 5 anos,2007-07-01,512,434,512,434,946
OKINAWA,consulta externa,nuevas en menores de 5 anos,2007-07-01,412,365,412,365,777
OMEREQUE,consulta externa,nuevas en menores de 5 anos,2007-07-01,124,139,124,139,263
ORURO,consulta externa,nuevas en menores de 5 anos,2007-07-01,4322,3610,4322,3610,7932
PADCAYA,consulta externa,nuevas en menores de 5 anos,2007-07-01,414,474,414,474,888
PADILLA,consulta externa,nuevas en menores de 5 anos,2007-07-01,381,414,381,414,795
PAILON,consulta externa,nuevas en menores de 5 anos,2007-07-01,326,319,326,319,645
PALCA,consulta externa,nuevas en menores de 5 anos,2007-07-01,88,81,88,81,169
PALOS BLANCOS,consulta externa,nuevas en menores de 5 anos,2007-07-01,633,543,633,543,1176
PAMPA AULLAGAS,consulta externa,nuevas en menores de 5 anos,2007-07-01,33,29,33,29,62
PAMPA GRANDE,consulta externa,nuevas en menores de 5 anos,2007-07-01,111,90,111,90,201
PAPEL PAMPA,consulta externa,nuevas en menores de 5 anos,2007-07-01,68,87,68,87,155
PASORAPA,consulta externa,nuevas en menores de 5 anos,2007-07-01,71,64,71,64,135
PATACAMAYA,consulta externa,nuevas en menores de 5 anos,2007-07-01,206,215,206,215,421
PAZÑA,consulta externa,nuevas en menores de 5 anos,2007-07-01,116,96,116,96,212
PELECHUCO,consulta externa,nuevas en menores de 5 anos,2007-07-01,100,56,100,56,156
POCOATA,consulta externa,nuevas en menores de 5 anos,2007-07-01,453,443,453,443,896
POCONA,consulta externa,nuevas en menores de 5 anos,2007-07-01,204,128,204,128,332
POJO (CBBA),consulta externa,nuevas en menores de 5 anos,2007-07-01,224,208,224,208,432
POOPO,consulta externa,nuevas en menores de 5 anos,2007-07-01,66,58,66,58,124
PORCO,consulta externa,nuevas en menores de 5 anos,2007-07-01,174,141,174,141,315
POROMA,consulta externa,nuevas en menores de 5 anos,2007-07-01,519,504,519,504,1023
PORONGO,consulta externa,nuevas en menores de 5 anos,2007-07-01,190,202,190,202,392
PORTACHUELO,consulta externa,nuevas en menores de 5 anos,2007-07-01,435,401,435,401,836
PORVENIR,consulta externa,nuevas en menores de 5 anos,2007-07-01,142,126,142,126,268
POSTRER VALLE,consulta externa,nuevas en menores de 5 anos,2007-07-01,30,43,30,43,73
POTOSI,consulta externa,nuevas en menores de 5 anos,2007-07-01,3106,2935,3106,2935,6041
PRESTO,consulta externa,nuevas en menores de 5 anos,2007-07-01,272,223,272,223,495
PUCARA,consulta externa,nuevas en menores de 5 anos,2007-07-01,44,29,44,29,73
PUCARANI,consulta externa,nuevas en menores de 5 anos,2007-07-01,162,146,162,146,308
PUERTO ACOSTA,consulta externa,nuevas en menores de 5 anos,2007-07-01,174,164,174,164,338
PUERTO CARABUCO,consulta externa,nuevas en menores de 5 anos,2007-07-01,148,167,148,167,315
PUERTO GONZALO MORENO,consulta externa,nuevas en menores de 5 anos,2007-07-01,135,164,135,164,299
PUERTO PEREZ,consulta externa,nuevas en menores de 5 anos,2007-07-01,63,53,63,53,116
PUERTO QUIJARRO,consulta externa,nuevas en menores de 5 anos,2007-07-01,233,211,233,211,444
PUERTO RICO,consulta externa,nuevas en menores de 5 anos,2007-07-01,298,272,298,272,570
PUERTO SILES,consulta externa,nuevas en menores de 5 anos,2007-07-01,44,67,44,67,111
PUERTO SUAREZ,consulta externa,nuevas en menores de 5 anos,2007-07-01,301,241,301,241,542
PUERTO VILLARROEL,consulta externa,nuevas en menores de 5 anos,2007-07-01,885,829,885,829,1714
PUNA,consulta externa,nuevas en menores de 5 anos,2007-07-01,773,753,773,753,1526
PUNATA,consulta externa,nuevas en menores de 5 anos,2007-07-01,431,398,431,398,829
QUIABAYA,consulta externa,nuevas en menores de 5 anos,2007-07-01,69,67,69,67,136
QUILLACOLLO,consulta externa,nuevas en menores de 5 anos,2007-07-01,923,851,923,851,1774
QUIME,consulta externa,nuevas en menores de 5 anos,2007-07-01,123,110,123,110,233
QUIRUSILLAS,consulta externa,nuevas en menores de 5 anos,2007-07-01,44,26,44,26,70
RAVELO,consulta externa,nuevas en menores de 5 anos,2007-07-01,383,405,383,405,788
REYES,consulta externa,nuevas en menores de 5 anos,2007-07-01,326,309,326,309,635
RIBERALTA,consulta externa,nuevas en menores de 5 anos,2007-07-01,2322,2029,2322,2029,4351
ROBORE,consulta externa,nuevas en menores de 5 anos,2007-07-01,359,353,359,353,712
RURRENABAQUE,consulta externa,nuevas en menores de 5 anos,2007-07-01,315,268,315,268,583
SABAYA,consulta externa,nuevas en menores de 5 anos,2007-07-01,44,39,44,39,83
SACABA,consulta externa,nuevas en menores de 5 anos,2007-07-01,1225,1088,1225,1088,2313
SACABAMBA,consulta externa,nuevas en menores de 5 anos,2007-07-01,61,31,61,31,92
SACACA,consulta externa,nuevas en menores de 5 anos,2007-07-01,579,582,579,582,1161
SAIPINA,consulta externa,nuevas en menores de 5 anos,2007-07-01,131,86,131,86,217
SALINAS DE GARCI MENDOZA,consulta externa,nuevas en menores de 5 anos,2007-07-01,218,217,218,217,435
SAMAIPATA,consulta externa,nuevas en menores de 5 anos,2007-07-01,137,104,137,104,241
SAN AGUSTIN,consulta externa,nuevas en menores de 5 anos,2007-07-01,23,27,23,27,50
SAN ANDRES,consulta externa,nuevas en menores de 5 anos,2007-07-01,343,311,343,311,654
SAN ANDRES DE MACHACA,consulta externa,nuevas en menores de 5 anos,2007-07-01,56,67,56,67,123
SAN ANTONIO DE ESMORUCO,consulta externa,nuevas en menores de 5 anos,2007-07-01,21,26,21,26,47
SAN ANTONIO DE LOMERIO,consulta externa,nuevas en menores de 5 anos,2007-07-01,137,105,137,105,242
SAN BENITO,consulta externa,nuevas en menores de 5 anos,2007-07-01,142,122,142,122,264
SAN BORJA,consulta externa,nuevas en menores de 5 anos,2007-07-01,779,747,779,747,1526
SAN BUENA VENTURA,consulta externa,nuevas en menores de 5 anos,2007-07-01,213,220,213,220,433
SAN CARLOS,consulta externa,nuevas en menores de 5 anos,2007-07-01,384,388,384,388,772
SAN IGNACIO,consulta externa,nuevas en menores de 5 anos,2007-07-01,514,438,514,438,952
SAN IGNACIO DE VELASCO,consulta externa,nuevas en menores de 5 anos,2007-07-01,1130,1136,1130,1136,2266
SAN JAVIER(BNI),consulta externa,nuevas en menores de 5 anos,2007-07-01,101,75,101,75,176
SAN JAVIER(STC),consulta externa,nuevas en menores de 5 anos,2007-07-01,299,262,299,262,561
SAN JOAQUIN,consulta externa,nuevas en menores de 5 anos,2007-07-01,182,188,182,188,370
SAN JOSE DE CHIQUITOS,consulta externa,nuevas en menores de 5 anos,2007-07-01,284,285,284,285,569
SAN JUAN DE YAPACANI,consulta externa,nuevas en menores de 5 anos,2007-07-01,359,402,359,402,761
SAN JULIAN,consulta externa,nuevas en menores de 5 anos,2007-07-01,892,820,892,820,1712
SAN LORENZO(PND),consulta externa,nuevas en menores de 5 anos,2007-07-01,167,170,167,170,337
SAN LORENZO(TJA),consulta externa,nuevas en menores de 5 anos,2007-07-01,409,476,409,476,885
SAN LUCAS,consulta externa,nuevas en menores de 5 anos,2007-07-01,1400,1241,1400,1241,2641
SAN MATIAS,consulta externa,nuevas en menores de 5 anos,2007-07-01,288,263,288,263,551
SAN MIGUEL DE VELASCO,consulta externa,nuevas en menores de 5 anos,2007-07-01,214,158,214,158,372
SAN PABLO DE LIPEZ,consulta externa,nuevas en menores de 5 anos,2007-07-01,70,70,70,70,140
SAN PEDRO,consulta externa,nuevas en menores de 5 anos,2007-07-01,630,578,630,578,1208
SAN PEDRO DE BUENA VISTA,consulta externa,nuevas en menores de 5 anos,2007-07-01,649,565,649,565,1214
SAN PEDRO DE CURAHUARA,consulta externa,nuevas en menores de 5 anos,2007-07-01,92,70,92,70,162
SAN PEDRO DE QUEMES,consulta externa,nuevas en menores de 5 anos,2007-07-01,6,10,6,10,16
SAN PEDRO DE TIQUINA,consulta externa,nuevas en menores de 5 anos,2007-07-01,45,63,45,63,108
SAN PEDRO(PND),consulta externa,nuevas en menores de 5 anos,2007-07-01,68,65,68,65,133
SAN RAFAEL,consulta externa,nuevas en menores de 5 anos,2007-07-01,135,107,135,107,242
SAN RAMON,consulta externa,nuevas en menores de 5 anos,2007-07-01,14,8,14,8,22
SAN RAMON,consulta externa,nuevas en menores de 5 anos,2007-07-01,191,191,191,191,382
SANTA ANA,consulta externa,nuevas en menores de 5 anos,2007-07-01,355,318,355,318,673
SANTA CRUZ DE LA SIERRA,consulta externa,nuevas en menores de 5 anos,2007-07-01,24285,17546,24285,17546,41831
SANTA ROSA,consulta externa,nuevas en menores de 5 anos,2007-07-01,253,253,253,253,506
SANTA ROSA DEL SARA,consulta externa,nuevas en menores de 5 anos,2007-07-01,591,623,591,623,1214
SANTIAGO DE CALLAPA,consulta externa,nuevas en menores de 5 anos,2007-07-01,44,52,44,52,96
SANTIAGO DE HUARI,consulta externa,nuevas en menores de 5 anos,2007-07-01,88,77,88,77,165
SANTIAGO DE MACHACA,consulta externa,nuevas en menores de 5 anos,2007-07-01,28,23,28,23,51
SANTIVAÑES,consulta externa,nuevas en menores de 5 anos,2007-07-01,90,73,90,73,163
SANTUARIO DE QUILLACAS,consulta externa,nuevas en menores de 5 anos,2007-07-01,40,36,40,36,76
SAPAHAQUI,consulta externa,nuevas en menores de 5 anos,2007-07-01,123,107,123,107,230
SENA,consulta externa,nuevas en menores de 5 anos,2007-07-01,69,75,69,75,144
SICA SICA (VILLA AROMA),consulta externa,nuevas en menores de 5 anos,2007-07-01,227,171,227,171,398
SICAYA,consulta externa,nuevas en menores de 5 anos,2007-07-01,31,28,31,28,59
SIPE SIPE,consulta externa,nuevas en menores de 5 anos,2007-07-01,319,351,319,351,670
SOPACHUY,consulta externa,nuevas en menores de 5 anos,2007-07-01,239,228,239,228,467
SORACACHI,consulta externa,nuevas en menores de 5 anos,2007-07-01,149,139,149,139,288
SORATA,consulta externa,nuevas en menores de 5 anos,2007-07-01,215,183,215,183,398
SUCRE,consulta externa,nuevas en menores de 5 anos,2007-07-01,6376,6524,6376,6524,12900
TACACHI,consulta externa,nuevas en menores de 5 anos,2007-07-01,8,7,8,7,15
TACACOMA,consulta externa,nuevas en menores de 5 anos,2007-07-01,73,67,73,67,140
TACOBAMBA,consulta externa,nuevas en menores de 5 anos,2007-07-01,115,96,115,96,211
TACOPAYA,consulta externa,nuevas en menores de 5 anos,2007-07-01,112,76,112,76,188
TAHUA,consulta externa,nuevas en menores de 5 anos,2007-07-01,17,11,17,11,28
TAPACARI,consulta externa,nuevas en menores de 5 anos,2007-07-01,573,520,573,520,1093
TARABUCO,consulta externa,nuevas en menores de 5 anos,2007-07-01,1032,679,1032,679,1711
TARACO,consulta externa,nuevas en menores de 5 anos,2007-07-01,44,43,44,43,87
TARATA,consulta externa,nuevas en menores de 5 anos,2007-07-01,70,80,70,80,150
TARIJA,consulta externa,nuevas en menores de 5 anos,2007-07-01,3924,3678,3924,3678,7602
TARVITA,consulta externa,nuevas en menores de 5 anos,2007-07-01,870,837,870,837,1707
TEOPONTE,consulta externa,nuevas en menores de 5 anos,2007-07-01,125,137,125,137,262
TIAWANACU,consulta externa,nuevas en menores de 5 anos,2007-07-01,62,54,62,54,116
TINGUIPAYA,consulta externa,nuevas en menores de 5 anos,2007-07-01,395,313,395,313,708
TIPUANI,consulta externa,nuevas en menores de 5 anos,2007-07-01,148,142,148,142,290
TIQUIPAYA,consulta externa,nuevas en menores de 5 anos,2007-07-01,842,740,842,740,1582
TIRAQUE (CBBA),consulta externa,nuevas en menores de 5 anos,2007-07-01,678,667,678,667,1345
TITO YUPANQUI (PARQUIPUJIO),consulta externa,nuevas en menores de 5 anos,2007-07-01,18,22,18,22,40
TOCO,consulta externa,nuevas en menores de 5 anos,2007-07-01,62,54,62,54,116
TODOS SANTOS,consulta externa,nuevas en menores de 5 anos,2007-07-01,9,4,9,4,13
TOLATA,consulta externa,nuevas en menores de 5 anos,2007-07-01,46,53,46,53,99
TOLEDO,consulta externa,nuevas en menores de 5 anos,2007-07-01,72,72,72,72,144
TOMAVE,consulta externa,nuevas en menores de 5 anos,2007-07-01,212,158,212,158,370
TOMINA,consulta externa,nuevas en menores de 5 anos,2007-07-01,207,197,207,197,404
TORO TORO,consulta externa,nuevas en menores de 5 anos,2007-07-01,256,303,256,303,559
TOTORA(CBBA),consulta externa,nuevas en menores de 5 anos,2007-07-01,169,140,169,140,309
TOTORA(ORR),consulta externa,nuevas en menores de 5 anos,2007-07-01,56,88,56,88,144
TRIGAL,consulta externa,nuevas en menores de 5 anos,2007-07-01,33,28,33,28,61
TRINIDAD,consulta externa,nuevas en menores de 5 anos,2007-07-01,2219,2001,2219,2001,4220
TUPIZA,consulta externa,nuevas en menores de 5 anos,2007-07-01,944,906,944,906,1850
TURCO,consulta externa,nuevas en menores de 5 anos,2007-07-01,84,83,84,83,167
UMALA,consulta externa,nuevas en menores de 5 anos,2007-07-01,53,41,53,41,94
UNCIA,consulta externa,nuevas en menores de 5 anos,2007-07-01,680,553,680,553,1233
URIONDO (A. CONCEPCION),consulta externa,nuevas en menores de 5 anos,2007-07-01,489,475,489,475,964
URUBICHA,consulta externa,nuevas en menores de 5 anos,2007-07-01,166,152,166,152,318
UYUNI,consulta externa,nuevas en menores de 5 anos,2007-07-01,312,311,312,311,623
VACAS,consulta externa,nuevas en menores de 5 anos,2007-07-01,127,130,127,130,257
VALLEGRANDE,consulta externa,nuevas en menores de 5 anos,2007-07-01,206,220,206,220,426
VIACHA,consulta externa,nuevas en menores de 5 anos,2007-07-01,560,402,560,402,962
VILA VILA,consulta externa,nuevas en menores de 5 anos,2007-07-01,69,75,69,75,144
VILLA MONTES,consulta externa,nuevas en menores de 5 anos,2007-07-01,620,546,620,546,1166
VILLA NUEVA (LOMA ALTA),consulta externa,nuevas en menores de 5 anos,2007-07-01,80,98,80,98,178
VILLA RIVERO,consulta externa,nuevas en menores de 5 anos,2007-07-01,53,42,53,42,95
VILLA SERRANO,consulta externa,nuevas en menores de 5 anos,2007-07-01,421,446,421,446,867
VILLA TUNARI,consulta externa,nuevas en menores de 5 anos,2007-07-01,1571,1346,1571,1346,2917
VILLA VACA GUZMAN (MUYUPAMPA),consulta externa,nuevas en menores de 5 anos,2007-07-01,266,290,266,290,556
VILLAZON,consulta externa,nuevas en menores de 5 anos,2007-07-01,813,762,813,762,1575
VINTO,consulta externa,nuevas en menores de 5 anos,2007-07-01,196,151,196,151,347
VITICHI,consulta externa,nuevas en menores de 5 anos,2007-07-01,161,148,161,148,309
WALDO BALLIVIAN,consulta externa,nuevas en menores de 5 anos,2007-07-01,27,20,27,20,47
WARNES,consulta externa,nuevas en menores de 5 anos,2007-07-01,1116,987,1116,987,2103
YACO,consulta externa,nuevas en menores de 5 anos,2007-07-01,148,128,148,128,276
YACUIBA,consulta externa,nuevas en menores de 5 anos,2007-07-01,1691,1514,1691,1514,3205
YAMPARAEZ,consulta externa,nuevas en menores de 5 anos,2007-07-01,177,161,177,161,338
YANACACHI,consulta externa,nuevas en menores de 5 anos,2007-07-01,69,68,69,68,137
YAPACANI,consulta externa,nuevas en menores de 5 anos,2007-07-01,551,489,551,489,1040
YOCALLA,consulta externa,nuevas en menores de 5 anos,2007-07-01,124,81,124,81,205
YOTALA,consulta externa,nuevas en menores de 5 anos,2007-07-01,163,149,163,149,312
YUNCHARA,consulta externa,nuevas en menores de 5 anos,2007-07-01,196,139,196,139,335
ZUDAÑEZ,consulta externa,nuevas en menores de 5 anos,2007-07-01,199,171,199,171,370
ACACIO,consulta externa,nuevas en menores de 5 anos,2007-08-01,153,141,153,141,294
ACHACACHI,consulta externa,nuevas en menores de 5 anos,2007-08-01,272,276,272,276,548
ACHOCALLA,consulta externa,nuevas en menores de 5 anos,2007-08-01,94,115,94,115,209
AIQUILE,consulta externa,nuevas en menores de 5 anos,2007-08-01,598,466,598,466,1064
ALALAY,consulta externa,nuevas en menores de 5 anos,2007-08-01,84,73,84,73,157
ALCALA,consulta externa,nuevas en menores de 5 anos,2007-08-01,144,171,144,171,315
ANCORAIMES,consulta externa,nuevas en menores de 5 anos,2007-08-01,198,154,198,154,352
ANDAMARCA,consulta externa,nuevas en menores de 5 anos,2007-08-01,127,81,127,81,208
ANTEQUERA,consulta externa,nuevas en menores de 5 anos,2007-08-01,31,22,31,22,53
ANZALDO,consulta externa,nuevas en menores de 5 anos,2007-08-01,101,104,101,104,205
APOLO,consulta externa,nuevas en menores de 5 anos,2007-08-01,431,410,431,410,841
ARAMPAMPA,consulta externa,nuevas en menores de 5 anos,2007-08-01,127,138,127,138,265
ARANI,consulta externa,nuevas en menores de 5 anos,2007-08-01,71,65,71,65,136
ARBIETO,consulta externa,nuevas en menores de 5 anos,2007-08-01,142,151,142,151,293
ARQUE,consulta externa,nuevas en menores de 5 anos,2007-08-01,207,200,207,200,407
ASCENCION DE GUARAYOS,consulta externa,nuevas en menores de 5 anos,2007-08-01,538,472,538,472,1010
ATOCHA,consulta externa,nuevas en menores de 5 anos,2007-08-01,278,278,278,278,556
AUCAPATA,consulta externa,nuevas en menores de 5 anos,2007-08-01,95,70,95,70,165
AYATA,consulta externa,nuevas en menores de 5 anos,2007-08-01,182,147,182,147,329
AYO AYO,consulta externa,nuevas en menores de 5 anos,2007-08-01,82,61,82,61,143
AYOPAYA (V. DE INDEPENDENCIA),consulta externa,nuevas en menores de 5 anos,2007-08-01,435,463,435,463,898
AZURDUY,consulta externa,nuevas en menores de 5 anos,2007-08-01,596,603,596,603,1199
BATALLAS,consulta externa,nuevas en menores de 5 anos,2007-08-01,74,129,74,129,203
BAURES,consulta externa,nuevas en menores de 5 anos,2007-08-01,167,155,167,155,322
BELEN DE ANDAMARCA,consulta externa,nuevas en menores de 5 anos,2007-08-01,27,25,27,25,52
BELEN DE URMIRI,consulta externa,nuevas en menores de 5 anos,2007-08-01,59,43,59,43,102
BELLA FLOR,consulta externa,nuevas en menores de 5 anos,2007-08-01,81,75,81,75,156
BERMEJO,consulta externa,nuevas en menores de 5 anos,2007-08-01,69155,946,69155,946,70101
BETANZOS,consulta externa,nuevas en menores de 5 anos,2007-08-01,855,765,855,765,1620
BOLIVAR,consulta externa,nuevas en menores de 5 anos,2007-08-01,139,139,139,139,278
BOLPEBRA,consulta externa,nuevas en menores de 5 anos,2007-08-01,74,87,74,87,161
BOYUIBE,consulta externa,nuevas en menores de 5 anos,2007-08-01,106,77,106,77,183
BUENA VISTA,consulta externa,nuevas en menores de 5 anos,2007-08-01,588,297,588,297,885
CABEZAS,consulta externa,nuevas en menores de 5 anos,2007-08-01,592,537,592,537,1129
CAIROMA,consulta externa,nuevas en menores de 5 anos,2007-08-01,175,169,175,169,344
"CAIZA ""D""",consulta externa,nuevas en menores de 5 anos,2007-08-01,172,138,172,138,310
CAJUATA,consulta externa,nuevas en menores de 5 anos,2007-08-01,180,174,180,174,354
CALACOTO,consulta externa,nuevas en menores de 5 anos,2007-08-01,75,65,75,65,140
CALAMARCA,consulta externa,nuevas en menores de 5 anos,2007-08-01,153,130,153,130,283
CAMARGO,consulta externa,nuevas en menores de 5 anos,2007-08-01,406,406,406,406,812
CAMATAQUI (C. VILLA ABECIA),consulta externa,nuevas en menores de 5 anos,2007-08-01,70,88,70,88,158
CAMIRI,consulta externa,nuevas en menores de 5 anos,2007-08-01,1036,1079,1036,1079,2115
CAPINOTA,consulta externa,nuevas en menores de 5 anos,2007-08-01,366,384,366,384,750
CAQUIAVIRI,consulta externa,nuevas en menores de 5 anos,2007-08-01,83,95,83,95,178
CARACOLLO,consulta externa,nuevas en menores de 5 anos,2007-08-01,167,200,167,200,367
CARANAVI,consulta externa,nuevas en menores de 5 anos,2007-08-01,1233,1146,1233,1146,2379
CARANGAS,consulta externa,nuevas en menores de 5 anos,2007-08-01,5,7,5,7,12
CARAPARI,consulta externa,nuevas en menores de 5 anos,2007-08-01,222,238,222,238,460
CARIPUYO,consulta externa,nuevas en menores de 5 anos,2007-08-01,195,184,195,184,379
CARMEN RIVERO TORREZ,consulta externa,nuevas en menores de 5 anos,2007-08-01,75,93,75,93,168
CATACORA,consulta externa,nuevas en menores de 5 anos,2007-08-01,27,20,27,20,47
CHACARILLA,consulta externa,nuevas en menores de 5 anos,2007-08-01,49,62,49,62,111
CHALLAPATA,consulta externa,nuevas en menores de 5 anos,2007-08-01,385,320,385,320,705
CHAQUI,consulta externa,nuevas en menores de 5 anos,2007-08-01,133,120,133,120,253
CHARAGUA,consulta externa,nuevas en menores de 5 anos,2007-08-01,862,803,862,803,1665
CHARAÑA,consulta externa,nuevas en menores de 5 anos,2007-08-01,52,48,52,48,100
CHAYANTA,consulta externa,nuevas en menores de 5 anos,2007-08-01,411,400,411,400,811
CHIMORE,consulta externa,nuevas en menores de 5 anos,2007-08-01,472,409,472,409,881
CHIPAYA,consulta externa,nuevas en menores de 5 anos,2007-08-01,25,39,25,39,64
CHOQUE COTA,consulta externa,nuevas en menores de 5 anos,2007-08-01,18,10,18,10,28
CHULUMANI (V. DE LA LIBERTAD),consulta externa,nuevas en menores de 5 anos,2007-08-01,232,210,232,210,442
CHUMA,consulta externa,nuevas en menores de 5 anos,2007-08-01,123,145,123,145,268
CLIZA,consulta externa,nuevas en menores de 5 anos,2007-08-01,195,170,195,170,365
COBIJA,consulta externa,nuevas en menores de 5 anos,2007-08-01,1113,1025,1113,1025,2138
COCHABAMBA,consulta externa,nuevas en menores de 5 anos,2007-08-01,8991,8351,8991,8351,17342
COIPASA,consulta externa,nuevas en menores de 5 anos,2007-08-01,8,18,8,18,26
COLCAPIRHUA,consulta externa,nuevas en menores de 5 anos,2007-08-01,464,415,464,415,879
"COLCHA ""K""",consulta externa,nuevas en menores de 5 anos,2007-08-01,146,128,146,128,274
COLLANA,consulta externa,nuevas en menores de 5 anos,2007-08-01,25,15,25,15,40
COLOMI,consulta externa,nuevas en menores de 5 anos,2007-08-01,314,297,314,297,611
COLPA BELGICA,consulta externa,nuevas en menores de 5 anos,2007-08-01,140,114,140,114,254
COLQUECHACA,consulta externa,nuevas en menores de 5 anos,2007-08-01,902,862,902,862,1764
COLQUENCHA,consulta externa,nuevas en menores de 5 anos,2007-08-01,81,81,81,81,162
COLQUIRI,consulta externa,nuevas en menores de 5 anos,2007-08-01,281,215,281,215,496
COMANCHE,consulta externa,nuevas en menores de 5 anos,2007-08-01,39,30,39,30,69
COMARAPA,consulta externa,nuevas en menores de 5 anos,2007-08-01,372,304,372,304,676
COMBAYA,consulta externa,nuevas en menores de 5 anos,2007-08-01,19,14,19,14,33
CONCEPCION,consulta externa,nuevas en menores de 5 anos,2007-08-01,279,225,279,225,504
COPACABANA,consulta externa,nuevas en menores de 5 anos,2007-08-01,107,109,107,109,216
CORIPATA,consulta externa,nuevas en menores de 5 anos,2007-08-01,251,242,251,242,493
CORO CORO,consulta externa,nuevas en menores de 5 anos,2007-08-01,90,80,90,80,170
COROICO,consulta externa,nuevas en menores de 5 anos,2007-08-01,200,183,200,183,383
CORQUE,consulta externa,nuevas en menores de 5 anos,2007-08-01,123,134,123,134,257
COTAGAITA,consulta externa,nuevas en menores de 5 anos,2007-08-01,761,649,761,649,1410
COTOCA,consulta externa,nuevas en menores de 5 anos,2007-08-01,671,631,671,631,1302
CUATRO CAÑADAS,consulta externa,nuevas en menores de 5 anos,2007-08-01,434,336,434,336,770
CUCHUMUELA (V. G. VILLARROEL),consulta externa,nuevas en menores de 5 anos,2007-08-01,32,34,32,34,66
CUEVO,consulta externa,nuevas en menores de 5 anos,2007-08-01,98,121,98,121,219
CULPINA,consulta externa,nuevas en menores de 5 anos,2007-08-01,686,603,686,603,1289
CURAHUARA DE CARANGAS,consulta externa,nuevas en menores de 5 anos,2007-08-01,92,73,92,73,165
CURVA,consulta externa,nuevas en menores de 5 anos,2007-08-01,62,53,62,53,115
DESAGUADERO,consulta externa,nuevas en menores de 5 anos,2007-08-01,52,42,52,42,94
EL ALTO,consulta externa,nuevas en menores de 5 anos,2007-08-01,8738,8502,8738,8502,17240
EL CHORO,consulta externa,nuevas en menores de 5 anos,2007-08-01,128,72,128,72,200
EL PUENTE(STC),consulta externa,nuevas en menores de 5 anos,2007-08-01,298,320,298,320,618
EL PUENTE(TJA),consulta externa,nuevas en menores de 5 anos,2007-08-01,232,197,232,197,429
EL TORNO,consulta externa,nuevas en menores de 5 anos,2007-08-01,1195,965,1195,965,2160
EL VILLAR,consulta externa,nuevas en menores de 5 anos,2007-08-01,194,178,194,178,372
ENTRE RIOS,consulta externa,nuevas en menores de 5 anos,2007-08-01,570,446,570,446,1016
ENTRE RIOS,consulta externa,nuevas en menores de 5 anos,2007-08-01,464,435,464,435,899
ESCARA,consulta externa,nuevas en menores de 5 anos,2007-08-01,3,1,3,1,4
EUCALIPTUS,consulta externa,nuevas en menores de 5 anos,2007-08-01,86,93,86,93,179
EUREKA (SANTOS MERCADO),consulta externa,nuevas en menores de 5 anos,2007-08-01,27,30,27,30,57
EXALTACION,consulta externa,nuevas en menores de 5 anos,2007-08-01,42,55,42,55,97
FERNANDEZ ALONSO,consulta externa,nuevas en menores de 5 anos,2007-08-01,607,454,607,454,1061
FILADELFIA,consulta externa,nuevas en menores de 5 anos,2007-08-01,196,158,196,158,354
GENERAL SAAVEDRA,consulta externa,nuevas en menores de 5 anos,2007-08-01,600,585,600,585,1185
GRAL. J.J. PEREZ (CHARAZANI),consulta externa,nuevas en menores de 5 anos,2007-08-01,158,154,158,154,312
GUANAY,consulta externa,nuevas en menores de 5 anos,2007-08-01,331,351,331,351,682
GUAQUI,consulta externa,nuevas en menores de 5 anos,2007-08-01,57,50,57,50,107
GUAYARAMERIN,consulta externa,nuevas en menores de 5 anos,2007-08-01,1353,1262,1353,1262,2615
GUTIERREZ,consulta externa,nuevas en menores de 5 anos,2007-08-01,472,486,472,486,958
HUACARETA,consulta externa,nuevas en menores de 5 anos,2007-08-01,342,305,342,305,647
HUACAYA (VILLA DE HUACAYA),consulta externa,nuevas en menores de 5 anos,2007-08-01,113,117,113,117,230
HUACHACALLA,consulta externa,nuevas en menores de 5 anos,2007-08-01,19,18,19,18,37
HUANUNI,consulta externa,nuevas en menores de 5 anos,2007-08-01,620,488,620,488,1108
HUARACAJE,consulta externa,nuevas en menores de 5 anos,2007-08-01,149,124,149,124,273
HUAYLLAMARCA,consulta externa,nuevas en menores de 5 anos,2007-08-01,38,44,38,44,82
ICHOCA,consulta externa,nuevas en menores de 5 anos,2007-08-01,49,61,49,61,110
ICLA,consulta externa,nuevas en menores de 5 anos,2007-08-01,450,438,450,438,888
INCAHUASI,consulta externa,nuevas en menores de 5 anos,2007-08-01,1029,964,1029,964,1993
INGAVI (HUMAITA),consulta externa,nuevas en menores de 5 anos,2007-08-01,32,21,32,21,53
INQUISIVI,consulta externa,nuevas en menores de 5 anos,2007-08-01,153,133,153,133,286
IRUPANA (VILLA DE LANZA),consulta externa,nuevas en menores de 5 anos,2007-08-01,249,270,249,270,519
IXIAMAS,consulta externa,nuevas en menores de 5 anos,2007-08-01,259,249,259,249,508
JESUS DE MACHACA,consulta externa,nuevas en menores de 5 anos,2007-08-01,142,165,142,165,307
LA ASUNTA,consulta externa,nuevas en menores de 5 anos,2007-08-01,749,642,749,642,1391
LA GUARDIA,consulta externa,nuevas en menores de 5 anos,2007-08-01,1211,1202,1211,1202,2413
LA PAZ,consulta externa,nuevas en menores de 5 anos,2007-08-01,12890,12550,12890,12550,25440
LA RIVERA,consulta externa,nuevas en menores de 5 anos,2007-08-01,5,5,5,5,10
LAGUNILLAS,consulta externa,nuevas en menores de 5 anos,2007-08-01,274,239,274,239,513
LAJA,consulta externa,nuevas en menores de 5 anos,2007-08-01,93,87,93,87,180
LAS CARRERAS,consulta externa,nuevas en menores de 5 anos,2007-08-01,95,64,95,64,159
LICOMA PAMPA,consulta externa,nuevas en menores de 5 anos,2007-08-01,30,29,30,29,59
LLALLAGUA,consulta externa,nuevas en menores de 5 anos,2007-08-01,716,633,716,633,1349
LLICA,consulta externa,nuevas en menores de 5 anos,2007-08-01,24,43,24,43,67
LORETO,consulta externa,nuevas en menores de 5 anos,2007-08-01,64,77,64,77,141
LURIBAY,consulta externa,nuevas en menores de 5 anos,2007-08-01,141,116,141,116,257
MACHACAMARCA,consulta externa,nuevas en menores de 5 anos,2007-08-01,48,50,48,50,98
MACHARETI,consulta externa,nuevas en menores de 5 anos,2007-08-01,340,310,340,310,650
MAGDALENA,consulta externa,nuevas en menores de 5 anos,2007-08-01,281,231,281,231,512
MAIRANA,consulta externa,nuevas en menores de 5 anos,2007-08-01,205,223,205,223,428
MALLA,consulta externa,nuevas en menores de 5 anos,2007-08-01,43,30,43,30,73
MAPIRI,consulta externa,nuevas en menores de 5 anos,2007-08-01,353,284,353,284,637
MECAPACA,consulta externa,nuevas en menores de 5 anos,2007-08-01,115,103,115,103,218
MINEROS,consulta externa,nuevas en menores de 5 anos,2007-08-01,528,377,528,377,905
MIZQUE,consulta externa,nuevas en menores de 5 anos,2007-08-01,459,497,459,497,956
MOCOMOCO,consulta externa,nuevas en menores de 5 anos,2007-08-01,156,132,156,132,288
MOJINETE,consulta externa,nuevas en menores de 5 anos,2007-08-01,24,24,24,24,48
MOJOCOYA,consulta externa,nuevas en menores de 5 anos,2007-08-01,168,186,168,186,354
MONTEAGUDO,consulta externa,nuevas en menores de 5 anos,2007-08-01,699,660,699,660,1359
MONTERO,consulta externa,nuevas en menores de 5 anos,2007-08-01,2526,2143,2526,2143,4669
MORO MORO,consulta externa,nuevas en menores de 5 anos,2007-08-01,70,62,70,62,132
MOROCHATA,consulta externa,nuevas en menores de 5 anos,2007-08-01,409,325,409,325,734
NACEBE (SANTA ROSA DEL ABUNA),consulta externa,nuevas en menores de 5 anos,2007-08-01,62,24,62,24,86
NAZACARA DE PACAJES,consulta externa,nuevas en menores de 5 anos,2007-08-01,5,3,5,3,8
NUEVO MANOA (NUEVA ESPERANZA),consulta externa,nuevas en menores de 5 anos,2007-08-01,24,38,24,38,62
OCURI,consulta externa,nuevas en menores de 5 anos,2007-08-01,489,474,489,474,963
OKINAWA,consulta externa,nuevas en menores de 5 anos,2007-08-01,401,381,401,381,782
OMEREQUE,consulta externa,nuevas en menores de 5 anos,2007-08-01,139,147,139,147,286
ORURO,consulta externa,nuevas en menores de 5 anos,2007-08-01,4712,4246,4712,4246,8958
PADCAYA,consulta externa,nuevas en menores de 5 anos,2007-08-01,455,418,455,418,873
PADILLA,consulta externa,nuevas en menores de 5 anos,2007-08-01,336,388,336,388,724
PAILON,consulta externa,nuevas en menores de 5 anos,2007-08-01,391,376,391,376,767
PALCA,consulta externa,nuevas en menores de 5 anos,2007-08-01,124,111,124,111,235
PALOS BLANCOS,consulta externa,nuevas en menores de 5 anos,2007-08-01,763,606,763,606,1369
PAMPA AULLAGAS,consulta externa,nuevas en menores de 5 anos,2007-08-01,42,26,42,26,68
PAMPA GRANDE,consulta externa,nuevas en menores de 5 anos,2007-08-01,145,128,145,128,273
PAPEL PAMPA,consulta externa,nuevas en menores de 5 anos,2007-08-01,69,59,69,59,128
PASORAPA,consulta externa,nuevas en menores de 5 anos,2007-08-01,91,71,91,71,162
PATACAMAYA,consulta externa,nuevas en menores de 5 anos,2007-08-01,261,186,261,186,447
PAZÑA,consulta externa,nuevas en menores de 5 anos,2007-08-01,106,79,106,79,185
PELECHUCO,consulta externa,nuevas en menores de 5 anos,2007-08-01,117,64,117,64,181
POCOATA,consulta externa,nuevas en menores de 5 anos,2007-08-01,441,415,441,415,856
POCONA,consulta externa,nuevas en menores de 5 anos,2007-08-01,189,210,189,210,399
POJO (CBBA),consulta externa,nuevas en menores de 5 anos,2007-08-01,112,111,112,111,223
POOPO,consulta externa,nuevas en menores de 5 anos,2007-08-01,107,94,107,94,201
PORCO,consulta externa,nuevas en menores de 5 anos,2007-08-01,135,147,135,147,282
POROMA,consulta externa,nuevas en menores de 5 anos,2007-08-01,595,506,595,506,1101
PORONGO,consulta externa,nuevas en menores de 5 anos,2007-08-01,235,207,235,207,442
PORTACHUELO,consulta externa,nuevas en menores de 5 anos,2007-08-01,480,442,480,442,922
PORVENIR,consulta externa,nuevas en menores de 5 anos,2007-08-01,209,189,209,189,398
POSTRER VALLE,consulta externa,nuevas en menores de 5 anos,2007-08-01,37,38,37,38,75
POTOSI,consulta externa,nuevas en menores de 5 anos,2007-08-01,3072,2976,3072,2976,6048
PRESTO,consulta externa,nuevas en menores de 5 anos,2007-08-01,382,290,382,290,672
PUCARA,consulta externa,nuevas en menores de 5 anos,2007-08-01,49,46,49,46,95
PUCARANI,consulta externa,nuevas en menores de 5 anos,2007-08-01,179,142,179,142,321
PUERTO ACOSTA,consulta externa,nuevas en menores de 5 anos,2007-08-01,148,156,148,156,304
PUERTO CARABUCO,consulta externa,nuevas en menores de 5 anos,2007-08-01,128,144,128,144,272
PUERTO GONZALO MORENO,consulta externa,nuevas en menores de 5 anos,2007-08-01,161,150,161,150,311
PUERTO PEREZ,consulta externa,nuevas en menores de 5 anos,2007-08-01,71,51,71,51,122
PUERTO QUIJARRO,consulta externa,nuevas en menores de 5 anos,2007-08-01,226,232,226,232,458
PUERTO RICO,consulta externa,nuevas en menores de 5 anos,2007-08-01,276,239,276,239,515
PUERTO SILES,consulta externa,nuevas en menores de 5 anos,2007-08-01,17,38,17,38,55
PUERTO SUAREZ,consulta externa,nuevas en menores de 5 anos,2007-08-01,405,372,405,372,777
PUERTO VILLARROEL,consulta externa,nuevas en menores de 5 anos,2007-08-01,1071,983,1071,983,2054
PUNA,consulta externa,nuevas en menores de 5 anos,2007-08-01,696,661,696,661,1357
PUNATA,consulta externa,nuevas en menores de 5 anos,2007-08-01,354,282,354,282,636
QUIABAYA,consulta externa,nuevas en menores de 5 anos,2007-08-01,48,46,48,46,94
QUILLACOLLO,consulta externa,nuevas en menores de 5 anos,2007-08-01,946,870,946,870,1816
QUIME,consulta externa,nuevas en menores de 5 anos,2007-08-01,143,112,143,112,255
QUIRUSILLAS,consulta externa,nuevas en menores de 5 anos,2007-08-01,35,28,35,28,63
RAVELO,consulta externa,nuevas en menores de 5 anos,2007-08-01,442,352,442,352,794
REYES,consulta externa,nuevas en menores de 5 anos,2007-08-01,350,367,350,367,717
RIBERALTA,consulta externa,nuevas en menores de 5 anos,2007-08-01,2522,2479,2522,2479,5001
ROBORE,consulta externa,nuevas en menores de 5 anos,2007-08-01,440,378,440,378,818
RURRENABAQUE,consulta externa,nuevas en menores de 5 anos,2007-08-01,358,355,358,355,713
SABAYA,consulta externa,nuevas en menores de 5 anos,2007-08-01,67,64,67,64,131
SACABA,consulta externa,nuevas en menores de 5 anos,2007-08-01,828,795,828,795,1623
SACABAMBA,consulta externa,nuevas en menores de 5 anos,2007-08-01,38,44,38,44,82
SACACA,consulta externa,nuevas en menores de 5 anos,2007-08-01,699,573,699,573,1272
SAIPINA,consulta externa,nuevas en menores de 5 anos,2007-08-01,92,99,92,99,191
SALINAS DE GARCI MENDOZA,consulta externa,nuevas en menores de 5 anos,2007-08-01,223,171,223,171,394
SAMAIPATA,consulta externa,nuevas en menores de 5 anos,2007-08-01,175,114,175,114,289
SAN AGUSTIN,consulta externa,nuevas en menores de 5 anos,2007-08-01,33,39,33,39,72
SAN ANDRES,consulta externa,nuevas en menores de 5 anos,2007-08-01,447,366,447,366,813
SAN ANDRES DE MACHACA,consulta externa,nuevas en menores de 5 anos,2007-08-01,55,51,55,51,106
SAN ANTONIO DE ESMORUCO,consulta externa,nuevas en menores de 5 anos,2007-08-01,46,48,46,48,94
SAN ANTONIO DE LOMERIO,consulta externa,nuevas en menores de 5 anos,2007-08-01,137,128,137,128,265
SAN BENITO,consulta externa,nuevas en menores de 5 anos,2007-08-01,141,147,141,147,288
SAN BORJA,consulta externa,nuevas en menores de 5 anos,2007-08-01,745,707,745,707,1452
SAN BUENA VENTURA,consulta externa,nuevas en menores de 5 anos,2007-08-01,219,252,219,252,471
SAN CARLOS,consulta externa,nuevas en menores de 5 anos,2007-08-01,393,381,393,381,774
SAN IGNACIO,consulta externa,nuevas en menores de 5 anos,2007-08-01,780,872,780,872,1652
SAN IGNACIO DE VELASCO,consulta externa,nuevas en menores de 5 anos,2007-08-01,1383,1265,1383,1265,2648
SAN JAVIER(BNI),consulta externa,nuevas en menores de 5 anos,2007-08-01,114,97,114,97,211
SAN JAVIER(STC),consulta externa,nuevas en menores de 5 anos,2007-08-01,126,139,126,139,265
SAN JOAQUIN,consulta externa,nuevas en menores de 5 anos,2007-08-01,188,205,188,205,393
SAN JOSE DE CHIQUITOS,consulta externa,nuevas en menores de 5 anos,2007-08-01,382,406,382,406,788
SAN JUAN DE YAPACANI,consulta externa,nuevas en menores de 5 anos,2007-08-01,270,296,270,296,566
SAN JULIAN,consulta externa,nuevas en menores de 5 anos,2007-08-01,1000,878,1000,878,1878
SAN LORENZO(PND),consulta externa,nuevas en menores de 5 anos,2007-08-01,173,135,173,135,308
SAN LORENZO(TJA),consulta externa,nuevas en menores de 5 anos,2007-08-01,519,448,519,448,967
SAN LUCAS,consulta externa,nuevas en menores de 5 anos,2007-08-01,1535,1425,1535,1425,2960
SAN MATIAS,consulta externa,nuevas en menores de 5 anos,2007-08-01,224,212,224,212,436
SAN MIGUEL DE VELASCO,consulta externa,nuevas en menores de 5 anos,2007-08-01,210,203,210,203,413
SAN PABLO DE LIPEZ,consulta externa,nuevas en menores de 5 anos,2007-08-01,108,94,108,94,202
SAN PEDRO,consulta externa,nuevas en menores de 5 anos,2007-08-01,536,525,536,525,1061
SAN PEDRO DE BUENA VISTA,consulta externa,nuevas en menores de 5 anos,2007-08-01,796,783,796,783,1579
SAN PEDRO DE CURAHUARA,consulta externa,nuevas en menores de 5 anos,2007-08-01,121,99,121,99,220
SAN PEDRO DE QUEMES,consulta externa,nuevas en menores de 5 anos,2007-08-01,14,12,14,12,26
SAN PEDRO DE TIQUINA,consulta externa,nuevas en menores de 5 anos,2007-08-01,54,49,54,49,103
SAN PEDRO(PND),consulta externa,nuevas en menores de 5 anos,2007-08-01,59,39,59,39,98
SAN RAFAEL,consulta externa,nuevas en menores de 5 anos,2007-08-01,122,115,122,115,237
SAN RAMON,consulta externa,nuevas en menores de 5 anos,2007-08-01,214,188,214,188,402
SAN RAMON,consulta externa,nuevas en menores de 5 anos,2007-08-01,152,148,152,148,300
SANTA ANA,consulta externa,nuevas en menores de 5 anos,2007-08-01,294,288,294,288,582
SANTA CRUZ DE LA SIERRA,consulta externa,nuevas en menores de 5 anos,2007-08-01,27347,18058,27347,18058,45405
SANTA ROSA,consulta externa,nuevas en menores de 5 anos,2007-08-01,251,221,251,221,472
SANTA ROSA DEL SARA,consulta externa,nuevas en menores de 5 anos,2007-08-01,621,663,621,663,1284
SANTIAGO DE CALLAPA,consulta externa,nuevas en menores de 5 anos,2007-08-01,24,28,24,28,52
SANTIAGO DE HUARI,consulta externa,nuevas en menores de 5 anos,2007-08-01,152,113,152,113,265
SANTIAGO DE MACHACA,consulta externa,nuevas en menores de 5 anos,2007-08-01,34,26,34,26,60
SANTIVAÑES,consulta externa,nuevas en menores de 5 anos,2007-08-01,66,79,66,79,145
SANTUARIO DE QUILLACAS,consulta externa,nuevas en menores de 5 anos,2007-08-01,42,48,42,48,90
SAPAHAQUI,consulta externa,nuevas en menores de 5 anos,2007-08-01,120,110,120,110,230
SENA,consulta externa,nuevas en menores de 5 anos,2007-08-01,105,94,105,94,199
SICA SICA (VILLA AROMA),consulta externa,nuevas en menores de 5 anos,2007-08-01,185,174,185,174,359
SICAYA,consulta externa,nuevas en menores de 5 anos,2007-08-01,48,62,48,62,110
SIPE SIPE,consulta externa,nuevas en menores de 5 anos,2007-08-01,309,252,309,252,561
SOPACHUY,consulta externa,nuevas en menores de 5 anos,2007-08-01,278,279,278,279,557
SORACACHI,consulta externa,nuevas en menores de 5 anos,2007-08-01,198,177,198,177,375
SORATA,consulta externa,nuevas en menores de 5 anos,2007-08-01,227,212,227,212,439
SUCRE,consulta externa,nuevas en menores de 5 anos,2007-08-01,5840,5095,5840,5095,10935
TACACHI,consulta externa,nuevas en menores de 5 anos,2007-08-01,10,7,10,7,17
TACACOMA,consulta externa,nuevas en menores de 5 anos,2007-08-01,58,65,58,65,123
TACOBAMBA,consulta externa,nuevas en menores de 5 anos,2007-08-01,195,197,195,197,392
TACOPAYA,consulta externa,nuevas en menores de 5 anos,2007-08-01,267,265,267,265,532
TAHUA,consulta externa,nuevas en menores de 5 anos,2007-08-01,23,27,23,27,50
TAPACARI,consulta externa,nuevas en menores de 5 anos,2007-08-01,531,456,531,456,987
TARABUCO,consulta externa,nuevas en menores de 5 anos,2007-08-01,763,823,763,823,1586
TARACO,consulta externa,nuevas en menores de 5 anos,2007-08-01,45,39,45,39,84
TARATA,consulta externa,nuevas en menores de 5 anos,2007-08-01,142,125,142,125,267
TARIJA,consulta externa,nuevas en menores de 5 anos,2007-08-01,3938,3405,3938,3405,7343
TARVITA,consulta externa,nuevas en menores de 5 anos,2007-08-01,850,776,850,776,1626
TEOPONTE,consulta externa,nuevas en menores de 5 anos,2007-08-01,172,132,172,132,304
TIAWANACU,consulta externa,nuevas en menores de 5 anos,2007-08-01,72,74,72,74,146
TINGUIPAYA,consulta externa,nuevas en menores de 5 anos,2007-08-01,472,383,472,383,855
TIPUANI,consulta externa,nuevas en menores de 5 anos,2007-08-01,136,158,136,158,294
TIQUIPAYA,consulta externa,nuevas en menores de 5 anos,2007-08-01,702,597,702,597,1299
TIRAQUE (CBBA),consulta externa,nuevas en menores de 5 anos,2007-08-01,661,700,661,700,1361
TITO YUPANQUI (PARQUIPUJIO),consulta externa,nuevas en menores de 5 anos,2007-08-01,13,29,13,29,42
TOCO,consulta externa,nuevas en menores de 5 anos,2007-08-01,66,55,66,55,121
TODOS SANTOS,consulta externa,nuevas en menores de 5 anos,2007-08-01,12,7,12,7,19
TOLATA,consulta externa,nuevas en menores de 5 anos,2007-08-01,66,62,66,62,128
TOLEDO,consulta externa,nuevas en menores de 5 anos,2007-08-01,127,99,127,99,226
TOMAVE,consulta externa,nuevas en menores de 5 anos,2007-08-01,227,202,227,202,429
TOMINA,consulta externa,nuevas en menores de 5 anos,2007-08-01,356,306,356,306,662
TORO TORO,consulta externa,nuevas en menores de 5 anos,2007-08-01,296,276,296,276,572
TOTORA(CBBA),consulta externa,nuevas en menores de 5 anos,2007-08-01,165,141,165,141,306
TOTORA(ORR),consulta externa,nuevas en menores de 5 anos,2007-08-01,87,95,87,95,182
TRIGAL,consulta externa,nuevas en menores de 5 anos,2007-08-01,34,36,34,36,70
TRINIDAD,consulta externa,nuevas en menores de 5 anos,2007-08-01,2276,1937,2276,1937,4213
TUPIZA,consulta externa,nuevas en menores de 5 anos,2007-08-01,1052,990,1052,990,2042
TURCO,consulta externa,nuevas en menores de 5 anos,2007-08-01,80,67,80,67,147
UMALA,consulta externa,nuevas en menores de 5 anos,2007-08-01,36,43,36,43,79
UNCIA,consulta externa,nuevas en menores de 5 anos,2007-08-01,659,538,659,538,1197
URIONDO (A. CONCEPCION),consulta externa,nuevas en menores de 5 anos,2007-08-01,601,525,601,525,1126
URUBICHA,consulta externa,nuevas en menores de 5 anos,2007-08-01,261,255,261,255,516
UYUNI,consulta externa,nuevas en menores de 5 anos,2007-08-01,309,250,309,250,559
VACAS,consulta externa,nuevas en menores de 5 anos,2007-08-01,160,149,160,149,309
VALLEGRANDE,consulta externa,nuevas en menores de 5 anos,2007-08-01,263,212,263,212,475
VIACHA,consulta externa,nuevas en menores de 5 anos,2007-08-01,444,420,444,420,864
VILA VILA,consulta externa,nuevas en menores de 5 anos,2007-08-01,52,49,52,49,101
VILLA MONTES,consulta externa,nuevas en menores de 5 anos,2007-08-01,525,444,525,444,969
VILLA NUEVA (LOMA ALTA),consulta externa,nuevas en menores de 5 anos,2007-08-01,95,84,95,84,179
VILLA RIVERO,consulta externa,nuevas en menores de 5 anos,2007-08-01,80,58,80,58,138
VILLA SERRANO,consulta externa,nuevas en menores de 5 anos,2007-08-01,439,403,439,403,842
VILLA TUNARI,consulta externa,nuevas en menores de 5 anos,2007-08-01,1573,1340,1573,1340,2913
VILLA VACA GUZMAN (MUYUPAMPA),consulta externa,nuevas en menores de 5 anos,2007-08-01,234,214,234,214,448
VILLAZON,consulta externa,nuevas en menores de 5 anos,2007-08-01,800,753,800,753,1553
VINTO,consulta externa,nuevas en menores de 5 anos,2007-08-01,151,123,151,123,274
VITICHI,consulta externa,nuevas en menores de 5 anos,2007-08-01,180,180,180,180,360
WALDO BALLIVIAN,consulta externa,nuevas en menores de 5 anos,2007-08-01,24,40,24,40,64
WARNES,consulta externa,nuevas en menores de 5 anos,2007-08-01,1246,1197,1246,1197,2443
YACO,consulta externa,nuevas en menores de 5 anos,2007-08-01,117,119,117,119,236
YACUIBA,consulta externa,nuevas en menores de 5 anos,2007-08-01,1782,1635,1782,1635,3417
YAMPARAEZ,consulta externa,nuevas en menores de 5 anos,2007-08-01,196,166,196,166,362
YANACACHI,consulta externa,nuevas en menores de 5 anos,2007-08-01,65,71,65,71,136
YAPACANI,consulta externa,nuevas en menores de 5 anos,2007-08-01,633,596,633,596,1229
YOCALLA,consulta externa,nuevas en menores de 5 anos,2007-08-01,132,95,132,95,227
YOTALA,consulta externa,nuevas en menores de 5 anos,2007-08-01,152,99,152,99,251
YUNCHARA,consulta externa,nuevas en menores de 5 anos,2007-08-01,96,75,96,75,171
ZUDAÑEZ,consulta externa,nuevas en menores de 5 anos,2007-08-01,299,253,299,253,552
ACACIO,consulta externa,nuevas en menores de 5 anos,2007-09-01,119,117,119,117,236
ACHACACHI,consulta externa,nuevas en menores de 5 anos,2007-09-01,361,280,361,280,641
ACHOCALLA,consulta externa,nuevas en menores de 5 anos,2007-09-01,107,80,107,80,187
AIQUILE,consulta externa,nuevas en menores de 5 anos,2007-09-01,509,473,509,473,982
ALALAY,consulta externa,nuevas en menores de 5 anos,2007-09-01,68,36,68,36,104
ALCALA,consulta externa,nuevas en menores de 5 anos,2007-09-01,143,165,143,165,308
ANCORAIMES,consulta externa,nuevas en menores de 5 anos,2007-09-01,135,119,135,119,254
ANDAMARCA,consulta externa,nuevas en menores de 5 anos,2007-09-01,108,105,108,105,213
ANTEQUERA,consulta externa,nuevas en menores de 5 anos,2007-09-01,13,15,13,15,28
ANZALDO,consulta externa,nuevas en menores de 5 anos,2007-09-01,113,116,113,116,229
APOLO,consulta externa,nuevas en menores de 5 anos,2007-09-01,450,447,450,447,897
ARAMPAMPA,consulta externa,nuevas en menores de 5 anos,2007-09-01,171,152,171,152,323
ARANI,consulta externa,nuevas en menores de 5 anos,2007-09-01,117,92,117,92,209
ARBIETO,consulta externa,nuevas en menores de 5 anos,2007-09-01,136,143,136,143,279
ARQUE,consulta externa,nuevas en menores de 5 anos,2007-09-01,148,165,148,165,313
ASCENCION DE GUARAYOS,consulta externa,nuevas en menores de 5 anos,2007-09-01,423,369,423,369,792
ATOCHA,consulta externa,nuevas en menores de 5 anos,2007-09-01,339,347,339,347,686
AUCAPATA,consulta externa,nuevas en menores de 5 anos,2007-09-01,109,91,109,91,200
AYATA,consulta externa,nuevas en menores de 5 anos,2007-09-01,141,110,141,110,251
AYO AYO,consulta externa,nuevas en menores de 5 anos,2007-09-01,74,50,74,50,124
AYOPAYA (V. DE INDEPENDENCIA),consulta externa,nuevas en menores de 5 anos,2007-09-01,426,449,426,449,875
AZURDUY,consulta externa,nuevas en menores de 5 anos,2007-09-01,529,507,529,507,1036
BATALLAS,consulta externa,nuevas en menores de 5 anos,2007-09-01,99,97,99,97,196
BAURES,consulta externa,nuevas en menores de 5 anos,2007-09-01,123,107,123,107,230
BELEN DE ANDAMARCA,consulta externa,nuevas en menores de 5 anos,2007-09-01,21,14,21,14,35
BELEN DE URMIRI,consulta externa,nuevas en menores de 5 anos,2007-09-01,34,48,34,48,82
BELLA FLOR,consulta externa,nuevas en menores de 5 anos,2007-09-01,91,81,91,81,172
BERMEJO,consulta externa,nuevas en menores de 5 anos,2007-09-01,1044,960,1044,960,2004
BETANZOS,consulta externa,nuevas en menores de 5 anos,2007-09-01,744,645,744,645,1389
BOLIVAR,consulta externa,nuevas en menores de 5 anos,2007-09-01,144,135,144,135,279
BOLPEBRA,consulta externa,nuevas en menores de 5 anos,2007-09-01,55,29,55,29,84
BOYUIBE,consulta externa,nuevas en menores de 5 anos,2007-09-01,98,117,98,117,215
BUENA VISTA,consulta externa,nuevas en menores de 5 anos,2007-09-01,292,265,292,265,557
CABEZAS,consulta externa,nuevas en menores de 5 anos,2007-09-01,576,526,576,526,1102
CAIROMA,consulta externa,nuevas en menores de 5 anos,2007-09-01,172,178,172,178,350
"CAIZA ""D""",consulta externa,nuevas en menores de 5 anos,2007-09-01,119,117,119,117,236
CAJUATA,consulta externa,nuevas en menores de 5 anos,2007-09-01,169,145,169,145,314
CALACOTO,consulta externa,nuevas en menores de 5 anos,2007-09-01,62,65,62,65,127
CALAMARCA,consulta externa,nuevas en menores de 5 anos,2007-09-01,152,137,152,137,289
CAMARGO,consulta externa,nuevas en menores de 5 anos,2007-09-01,387,411,387,411,798
CAMATAQUI (C. VILLA ABECIA),consulta externa,nuevas en menores de 5 anos,2007-09-01,66,95,66,95,161
CAMIRI,consulta externa,nuevas en menores de 5 anos,2007-09-01,1098,1051,1098,1051,2149
CAPINOTA,consulta externa,nuevas en menores de 5 anos,2007-09-01,419,418,419,418,837
CAQUIAVIRI,consulta externa,nuevas en menores de 5 anos,2007-09-01,108,105,108,105,213
CARACOLLO,consulta externa,nuevas en menores de 5 anos,2007-09-01,229,219,229,219,448
CARANAVI,consulta externa,nuevas en menores de 5 anos,2007-09-01,1152,1163,1152,1163,2315
CARANGAS,consulta externa,nuevas en menores de 5 anos,2007-09-01,4,3,4,3,7
CARAPARI,consulta externa,nuevas en menores de 5 anos,2007-09-01,274,273,274,273,547
CARIPUYO,consulta externa,nuevas en menores de 5 anos,2007-09-01,175,159,175,159,334
CARMEN RIVERO TORREZ,consulta externa,nuevas en menores de 5 anos,2007-09-01,82,66,82,66,148
CATACORA,consulta externa,nuevas en menores de 5 anos,2007-09-01,23,19,23,19,42
CHACARILLA,consulta externa,nuevas en menores de 5 anos,2007-09-01,24,26,24,26,50
CHALLAPATA,consulta externa,nuevas en menores de 5 anos,2007-09-01,400,305,400,305,705
CHAQUI,consulta externa,nuevas en menores de 5 anos,2007-09-01,116,106,116,106,222
CHARAGUA,consulta externa,nuevas en menores de 5 anos,2007-09-01,722,727,722,727,1449
CHARAÑA,consulta externa,nuevas en menores de 5 anos,2007-09-01,36,46,36,46,82
CHAYANTA,consulta externa,nuevas en menores de 5 anos,2007-09-01,344,289,344,289,633
CHIMORE,consulta externa,nuevas en menores de 5 anos,2007-09-01,593,475,593,475,1068
CHIPAYA,consulta externa,nuevas en menores de 5 anos,2007-09-01,13,18,13,18,31
CHOQUE COTA,consulta externa,nuevas en menores de 5 anos,2007-09-01,19,8,19,8,27
CHULUMANI (V. DE LA LIBERTAD),consulta externa,nuevas en menores de 5 anos,2007-09-01,270,224,270,224,494
CHUMA,consulta externa,nuevas en menores de 5 anos,2007-09-01,134,149,134,149,283
CLIZA,consulta externa,nuevas en menores de 5 anos,2007-09-01,205,166,205,166,371
COBIJA,consulta externa,nuevas en menores de 5 anos,2007-09-01,969,792,969,792,1761
COCHABAMBA,consulta externa,nuevas en menores de 5 anos,2007-09-01,8103,7714,8103,7714,15817
COIPASA,consulta externa,nuevas en menores de 5 anos,2007-09-01,7,17,7,17,24
COLCAPIRHUA,consulta externa,nuevas en menores de 5 anos,2007-09-01,464,414,464,414,878
"COLCHA ""K""",consulta externa,nuevas en menores de 5 anos,2007-09-01,159,127,159,127,286
COLLANA,consulta externa,nuevas en menores de 5 anos,2007-09-01,25,16,25,16,41
COLOMI,consulta externa,nuevas en menores de 5 anos,2007-09-01,214,175,214,175,389
COLPA BELGICA,consulta externa,nuevas en menores de 5 anos,2007-09-01,175,140,175,140,315
COLQUECHACA,consulta externa,nuevas en menores de 5 anos,2007-09-01,717,635,717,635,1352
COLQUENCHA,consulta externa,nuevas en menores de 5 anos,2007-09-01,87,83,87,83,170
COLQUIRI,consulta externa,nuevas en menores de 5 anos,2007-09-01,191,188,191,188,379
COMANCHE,consulta externa,nuevas en menores de 5 anos,2007-09-01,37,37,37,37,74
COMARAPA,consulta externa,nuevas en menores de 5 anos,2007-09-01,411,377,411,377,788
COMBAYA,consulta externa,nuevas en menores de 5 anos,2007-09-01,22,17,22,17,39
CONCEPCION,consulta externa,nuevas en menores de 5 anos,2007-09-01,150,132,150,132,282
COPACABANA,consulta externa,nuevas en menores de 5 anos,2007-09-01,99,76,99,76,175
CORIPATA,consulta externa,nuevas en menores de 5 anos,2007-09-01,256,224,256,224,480
CORO CORO,consulta externa,nuevas en menores de 5 anos,2007-09-01,57,54,57,54,111
COROICO,consulta externa,nuevas en menores de 5 anos,2007-09-01,192,179,192,179,371
CORQUE,consulta externa,nuevas en menores de 5 anos,2007-09-01,134,146,134,146,280
COTAGAITA,consulta externa,nuevas en menores de 5 anos,2007-09-01,569,510,569,510,1079
COTOCA,consulta externa,nuevas en menores de 5 anos,2007-09-01,679,619,679,619,1298
CUATRO CAÑADAS,consulta externa,nuevas en menores de 5 anos,2007-09-01,382,401,382,401,783
CUCHUMUELA (V. G. VILLARROEL),consulta externa,nuevas en menores de 5 anos,2007-09-01,13,18,13,18,31
CUEVO,consulta externa,nuevas en menores de 5 anos,2007-09-01,60,105,60,105,165
CULPINA,consulta externa,nuevas en menores de 5 anos,2007-09-01,675,672,675,672,1347
CURAHUARA DE CARANGAS,consulta externa,nuevas en menores de 5 anos,2007-09-01,122,126,122,126,248
CURVA,consulta externa,nuevas en menores de 5 anos,2007-09-01,71,64,71,64,135
DESAGUADERO,consulta externa,nuevas en menores de 5 anos,2007-09-01,43,28,43,28,71
EL ALTO,consulta externa,nuevas en menores de 5 anos,2007-09-01,8378,8065,8378,8065,16443
EL CHORO,consulta externa,nuevas en menores de 5 anos,2007-09-01,83,51,83,51,134
EL PUENTE(STC),consulta externa,nuevas en menores de 5 anos,2007-09-01,374,362,374,362,736
EL PUENTE(TJA),consulta externa,nuevas en menores de 5 anos,2007-09-01,202,204,202,204,406
EL TORNO,consulta externa,nuevas en menores de 5 anos,2007-09-01,896,825,896,825,1721
EL VILLAR,consulta externa,nuevas en menores de 5 anos,2007-09-01,189,207,189,207,396
ENTRE RIOS,consulta externa,nuevas en menores de 5 anos,2007-09-01,514,478,514,478,992
ENTRE RIOS,consulta externa,nuevas en menores de 5 anos,2007-09-01,597,497,597,497,1094
ESCARA,consulta externa,nuevas en menores de 5 anos,2007-09-01,2,2,2,2,4
ESMERALDA,consulta externa,nuevas en menores de 5 anos,2007-09-01,2,1,2,1,3
EUCALIPTUS,consulta externa,nuevas en menores de 5 anos,2007-09-01,177,70,177,70,247
EUREKA (SANTOS MERCADO),consulta externa,nuevas en menores de 5 anos,2007-09-01,45,54,45,54,99
EXALTACION,consulta externa,nuevas en menores de 5 anos,2007-09-01,39,45,39,45,84
FERNANDEZ ALONSO,consulta externa,nuevas en menores de 5 anos,2007-09-01,536,493,536,493,1029
FILADELFIA,consulta externa,nuevas en menores de 5 anos,2007-09-01,113,92,113,92,205
GENERAL SAAVEDRA,consulta externa,nuevas en menores de 5 anos,2007-09-01,541,525,541,525,1066
GRAL. J.J. PEREZ (CHARAZANI),consulta externa,nuevas en menores de 5 anos,2007-09-01,213,198,213,198,411
GUANAY,consulta externa,nuevas en menores de 5 anos,2007-09-01,247,261,247,261,508
GUAQUI,consulta externa,nuevas en menores de 5 anos,2007-09-01,35,35,35,35,70
GUAYARAMERIN,consulta externa,nuevas en menores de 5 anos,2007-09-01,1245,1047,1245,1047,2292
GUTIERREZ,consulta externa,nuevas en menores de 5 anos,2007-09-01,451,429,451,429,880
HUACARETA,consulta externa,nuevas en menores de 5 anos,2007-09-01,224,243,224,243,467
HUACAYA (VILLA DE HUACAYA),consulta externa,nuevas en menores de 5 anos,2007-09-01,203,177,203,177,380
HUACHACALLA,consulta externa,nuevas en menores de 5 anos,2007-09-01,7,11,7,11,18
HUANUNI,consulta externa,nuevas en menores de 5 anos,2007-09-01,432,436,432,436,868
HUARACAJE,consulta externa,nuevas en menores de 5 anos,2007-09-01,99,82,99,82,181
HUAYLLAMARCA,consulta externa,nuevas en menores de 5 anos,2007-09-01,46,56,46,56,102
ICHOCA,consulta externa,nuevas en menores de 5 anos,2007-09-01,47,46,47,46,93
ICLA,consulta externa,nuevas en menores de 5 anos,2007-09-01,291,226,291,226,517
INCAHUASI,consulta externa,nuevas en menores de 5 anos,2007-09-01,791,802,791,802,1593
INGAVI (HUMAITA),consulta externa,nuevas en menores de 5 anos,2007-09-01,0,1,0,1,1
INQUISIVI,consulta externa,nuevas en menores de 5 anos,2007-09-01,187,182,187,182,369
IRUPANA (VILLA DE LANZA),consulta externa,nuevas en menores de 5 anos,2007-09-01,293,255,293,255,548
IXIAMAS,consulta externa,nuevas en menores de 5 anos,2007-09-01,267,276,267,276,543
JESUS DE MACHACA,consulta externa,nuevas en menores de 5 anos,2007-09-01,141,179,141,179,320
LA ASUNTA,consulta externa,nuevas en menores de 5 anos,2007-09-01,657,707,657,707,1364
LA GUARDIA,consulta externa,nuevas en menores de 5 anos,2007-09-01,1197,1163,1197,1163,2360
LA PAZ,consulta externa,nuevas en menores de 5 anos,2007-09-01,12208,11676,12208,11676,23884
LA RIVERA,consulta externa,nuevas en menores de 5 anos,2007-09-01,3,6,3,6,9
LAGUNILLAS,consulta externa,nuevas en menores de 5 anos,2007-09-01,289,300,289,300,589
LAJA,consulta externa,nuevas en menores de 5 anos,2007-09-01,109,91,109,91,200
LAS CARRERAS,consulta externa,nuevas en menores de 5 anos,2007-09-01,82,75,82,75,157
LICOMA PAMPA,consulta externa,nuevas en menores de 5 anos,2007-09-01,17,21,17,21,38
LLALLAGUA,consulta externa,nuevas en menores de 5 anos,2007-09-01,660,590,660,590,1250
LLICA,consulta externa,nuevas en menores de 5 anos,2007-09-01,49,51,49,51,100
LORETO,consulta externa,nuevas en menores de 5 anos,2007-09-01,67,90,67,90,157
LURIBAY,consulta externa,nuevas en menores de 5 anos,2007-09-01,142,116,142,116,258
MACHACAMARCA,consulta externa,nuevas en menores de 5 anos,2007-09-01,54,65,54,65,119
MACHARETI,consulta externa,nuevas en menores de 5 anos,2007-09-01,370,321,370,321,691
MAGDALENA,consulta externa,nuevas en menores de 5 anos,2007-09-01,257,223,257,223,480
MAIRANA,consulta externa,nuevas en menores de 5 anos,2007-09-01,183,144,183,144,327
MALLA,consulta externa,nuevas en menores de 5 anos,2007-09-01,42,32,42,32,74
MAPIRI,consulta externa,nuevas en menores de 5 anos,2007-09-01,354,304,354,304,658
MECAPACA,consulta externa,nuevas en menores de 5 anos,2007-09-01,134,110,134,110,244
MINEROS,consulta externa,nuevas en menores de 5 anos,2007-09-01,526,439,526,439,965
MIZQUE,consulta externa,nuevas en menores de 5 anos,2007-09-01,398,396,398,396,794
MOCOMOCO,consulta externa,nuevas en menores de 5 anos,2007-09-01,135,119,135,119,254
MOJINETE,consulta externa,nuevas en menores de 5 anos,2007-09-01,17,27,17,27,44
MOJOCOYA,consulta externa,nuevas en menores de 5 anos,2007-09-01,168,176,168,176,344
MONTEAGUDO,consulta externa,nuevas en menores de 5 anos,2007-09-01,662,1625,662,1625,2287
MONTERO,consulta externa,nuevas en menores de 5 anos,2007-09-01,2476,2190,2476,2190,4666
MORO MORO,consulta externa,nuevas en menores de 5 anos,2007-09-01,30,52,30,52,82
MOROCHATA,consulta externa,nuevas en menores de 5 anos,2007-09-01,385,399,385,399,784
NACEBE (SANTA ROSA DEL ABUNA),consulta externa,nuevas en menores de 5 anos,2007-09-01,94,89,94,89,183
NAZACARA DE PACAJES,consulta externa,nuevas en menores de 5 anos,2007-09-01,4,2,4,2,6
NUEVO MANOA (NUEVA ESPERANZA),consulta externa,nuevas en menores de 5 anos,2007-09-01,49,41,49,41,90
OCURI,consulta externa,nuevas en menores de 5 anos,2007-09-01,419,381,419,381,800
OKINAWA,consulta externa,nuevas en menores de 5 anos,2007-09-01,376,337,376,337,713
OMEREQUE,consulta externa,nuevas en menores de 5 anos,2007-09-01,119,114,119,114,233
ORURO,consulta externa,nuevas en menores de 5 anos,2007-09-01,4327,4093,4327,4093,8420
PADCAYA,consulta externa,nuevas en menores de 5 anos,2007-09-01,595,513,595,513,1108
PADILLA,consulta externa,nuevas en menores de 5 anos,2007-09-01,322,356,322,356,678
PAILON,consulta externa,nuevas en menores de 5 anos,2007-09-01,324,370,324,370,694
PALCA,consulta externa,nuevas en menores de 5 anos,2007-09-01,106,79,106,79,185
PALOS BLANCOS,consulta externa,nuevas en menores de 5 anos,2007-09-01,770,660,770,660,1430
PAMPA AULLAGAS,consulta externa,nuevas en menores de 5 anos,2007-09-01,33,32,33,32,65
PAMPA GRANDE,consulta externa,nuevas en menores de 5 anos,2007-09-01,86,74,86,74,160
PAPEL PAMPA,consulta externa,nuevas en menores de 5 anos,2007-09-01,74,78,74,78,152
PASORAPA,consulta externa,nuevas en menores de 5 anos,2007-09-01,39,36,39,36,75
PATACAMAYA,consulta externa,nuevas en menores de 5 anos,2007-09-01,219,178,219,178,397
PAZÑA,consulta externa,nuevas en menores de 5 anos,2007-09-01,100,93,100,93,193
PELECHUCO,consulta externa,nuevas en menores de 5 anos,2007-09-01,101,73,101,73,174
POCOATA,consulta externa,nuevas en menores de 5 anos,2007-09-01,448,443,448,443,891
POCONA,consulta externa,nuevas en menores de 5 anos,2007-09-01,137,141,137,141,278
POJO (CBBA),consulta externa,nuevas en menores de 5 anos,2007-09-01,196,160,196,160,356
POOPO,consulta externa,nuevas en menores de 5 anos,2007-09-01,90,95,90,95,185
PORCO,consulta externa,nuevas en menores de 5 anos,2007-09-01,159,192,159,192,351
POROMA,consulta externa,nuevas en menores de 5 anos,2007-09-01,542,501,542,501,1043
PORONGO,consulta externa,nuevas en menores de 5 anos,2007-09-01,204,143,204,143,347
PORTACHUELO,consulta externa,nuevas en menores de 5 anos,2007-09-01,431,436,431,436,867
PORVENIR,consulta externa,nuevas en menores de 5 anos,2007-09-01,193,141,193,141,334
POSTRER VALLE,consulta externa,nuevas en menores de 5 anos,2007-09-01,44,42,44,42,86
POTOSI,consulta externa,nuevas en menores de 5 anos,2007-09-01,3056,2894,3056,2894,5950
PRESTO,consulta externa,nuevas en menores de 5 anos,2007-09-01,355,286,355,286,641
PUCARA,consulta externa,nuevas en menores de 5 anos,2007-09-01,35,23,35,23,58
PUCARANI,consulta externa,nuevas en menores de 5 anos,2007-09-01,168,133,168,133,301
PUERTO ACOSTA,consulta externa,nuevas en menores de 5 anos,2007-09-01,141,136,141,136,277
PUERTO CARABUCO,consulta externa,nuevas en menores de 5 anos,2007-09-01,131,126,131,126,257
PUERTO GONZALO MORENO,consulta externa,nuevas en menores de 5 anos,2007-09-01,115,137,115,137,252
PUERTO PEREZ,consulta externa,nuevas en menores de 5 anos,2007-09-01,51,41,51,41,92
PUERTO QUIJARRO,consulta externa,nuevas en menores de 5 anos,2007-09-01,244,212,244,212,456
PUERTO RICO,consulta externa,nuevas en menores de 5 anos,2007-09-01,297,248,297,248,545
PUERTO SILES,consulta externa,nuevas en menores de 5 anos,2007-09-01,38,54,38,54,92
PUERTO SUAREZ,consulta externa,nuevas en menores de 5 anos,2007-09-01,318,260,318,260,578
PUERTO VILLARROEL,consulta externa,nuevas en menores de 5 anos,2007-09-01,1397,1175,1397,1175,2572
PUNA,consulta externa,nuevas en menores de 5 anos,2007-09-01,815,767,815,767,1582
PUNATA,consulta externa,nuevas en menores de 5 anos,2007-09-01,398,338,398,338,736
QUIABAYA,consulta externa,nuevas en menores de 5 anos,2007-09-01,63,49,63,49,112
QUILLACOLLO,consulta externa,nuevas en menores de 5 anos,2007-09-01,1058,869,1058,869,1927
QUIME,consulta externa,nuevas en menores de 5 anos,2007-09-01,134,111,134,111,245
QUIRUSILLAS,consulta externa,nuevas en menores de 5 anos,2007-09-01,51,29,51,29,80
RAVELO,consulta externa,nuevas en menores de 5 anos,2007-09-01,492,406,492,406,898
REYES,consulta externa,nuevas en menores de 5 anos,2007-09-01,285,272,285,272,557
RIBERALTA,consulta externa,nuevas en menores de 5 anos,2007-09-01,2464,2148,2464,2148,4612
ROBORE,consulta externa,nuevas en menores de 5 anos,2007-09-01,359,310,359,310,669
RURRENABAQUE,consulta externa,nuevas en menores de 5 anos,2007-09-01,356,347,356,347,703
SABAYA,consulta externa,nuevas en menores de 5 anos,2007-09-01,56,42,56,42,98
SACABA,consulta externa,nuevas en menores de 5 anos,2007-09-01,868,814,868,814,1682
SACABAMBA,consulta externa,nuevas en menores de 5 anos,2007-09-01,52,46,52,46,98
SACACA,consulta externa,nuevas en menores de 5 anos,2007-09-01,581,557,581,557,1138
SAIPINA,consulta externa,nuevas en menores de 5 anos,2007-09-01,121,112,121,112,233
SALINAS DE GARCI MENDOZA,consulta externa,nuevas en menores de 5 anos,2007-09-01,204,180,204,180,384
SAMAIPATA,consulta externa,nuevas en menores de 5 anos,2007-09-01,122,90,122,90,212
SAN AGUSTIN,consulta externa,nuevas en menores de 5 anos,2007-09-01,30,28,30,28,58
SAN ANDRES,consulta externa,nuevas en menores de 5 anos,2007-09-01,392,371,392,371,763
SAN ANDRES DE MACHACA,consulta externa,nuevas en menores de 5 anos,2007-09-01,42,52,42,52,94
SAN ANTONIO DE ESMORUCO,consulta externa,nuevas en menores de 5 anos,2007-09-01,59,61,59,61,120
SAN ANTONIO DE LOMERIO,consulta externa,nuevas en menores de 5 anos,2007-09-01,290,117,290,117,407
SAN BENITO,consulta externa,nuevas en menores de 5 anos,2007-09-01,133,153,133,153,286
SAN BORJA,consulta externa,nuevas en menores de 5 anos,2007-09-01,753,662,753,662,1415
SAN BUENA VENTURA,consulta externa,nuevas en menores de 5 anos,2007-09-01,283,302,283,302,585
SAN CARLOS,consulta externa,nuevas en menores de 5 anos,2007-09-01,1465,390,1465,390,1855
SAN IGNACIO,consulta externa,nuevas en menores de 5 anos,2007-09-01,754,689,754,689,1443
SAN IGNACIO DE VELASCO,consulta externa,nuevas en menores de 5 anos,2007-09-01,1276,1108,1276,1108,2384
SAN JAVIER(BNI),consulta externa,nuevas en menores de 5 anos,2007-09-01,88,61,88,61,149
SAN JAVIER(STC),consulta externa,nuevas en menores de 5 anos,2007-09-01,154,122,154,122,276
SAN JOAQUIN,consulta externa,nuevas en menores de 5 anos,2007-09-01,132,118,132,118,250
SAN JOSE DE CHIQUITOS,consulta externa,nuevas en menores de 5 anos,2007-09-01,340,335,340,335,675
SAN JUAN DE YAPACANI,consulta externa,nuevas en menores de 5 anos,2007-09-01,300,332,300,332,632
SAN JULIAN,consulta externa,nuevas en menores de 5 anos,2007-09-01,923,858,923,858,1781
SAN LORENZO(PND),consulta externa,nuevas en menores de 5 anos,2007-09-01,185,156,185,156,341
SAN LORENZO(TJA),consulta externa,nuevas en menores de 5 anos,2007-09-01,427,411,427,411,838
SAN LUCAS,consulta externa,nuevas en menores de 5 anos,2007-09-01,1284,1248,1284,1248,2532
SAN MATIAS,consulta externa,nuevas en menores de 5 anos,2007-09-01,223,184,223,184,407
SAN MIGUEL DE VELASCO,consulta externa,nuevas en menores de 5 anos,2007-09-01,192,147,192,147,339
SAN PABLO DE LIPEZ,consulta externa,nuevas en menores de 5 anos,2007-09-01,131,101,131,101,232
SAN PEDRO,consulta externa,nuevas en menores de 5 anos,2007-09-01,621,562,621,562,1183
SAN PEDRO DE BUENA VISTA,consulta externa,nuevas en menores de 5 anos,2007-09-01,812,761,812,761,1573
SAN PEDRO DE CURAHUARA,consulta externa,nuevas en menores de 5 anos,2007-09-01,122,96,122,96,218
SAN PEDRO DE QUEMES,consulta externa,nuevas en menores de 5 anos,2007-09-01,12,13,12,13,25
SAN PEDRO DE TIQUINA,consulta externa,nuevas en menores de 5 anos,2007-09-01,49,49,49,49,98
SAN PEDRO(PND),consulta externa,nuevas en menores de 5 anos,2007-09-01,28,22,28,22,50
SAN RAFAEL,consulta externa,nuevas en menores de 5 anos,2007-09-01,123,100,123,100,223
SAN RAMON,consulta externa,nuevas en menores de 5 anos,2007-09-01,4,8,4,8,12
SAN RAMON,consulta externa,nuevas en menores de 5 anos,2007-09-01,194,166,194,166,360
SANTA ANA,consulta externa,nuevas en menores de 5 anos,2007-09-01,266,207,266,207,473
SANTA CRUZ DE LA SIERRA,consulta externa,nuevas en menores de 5 anos,2007-09-01,25405,19324,25405,19324,44729
SANTA ROSA,consulta externa,nuevas en menores de 5 anos,2007-09-01,301,245,301,245,546
SANTA ROSA DEL SARA,consulta externa,nuevas en menores de 5 anos,2007-09-01,648,670,648,670,1318
SANTIAGO DE CALLAPA,consulta externa,nuevas en menores de 5 anos,2007-09-01,33,52,33,52,85
SANTIAGO DE HUARI,consulta externa,nuevas en menores de 5 anos,2007-09-01,89,81,89,81,170
SANTIAGO DE MACHACA,consulta externa,nuevas en menores de 5 anos,2007-09-01,34,22,34,22,56
SANTIVAÑES,consulta externa,nuevas en menores de 5 anos,2007-09-01,95,81,95,81,176
SANTUARIO DE QUILLACAS,consulta externa,nuevas en menores de 5 anos,2007-09-01,49,51,49,51,100
SAPAHAQUI,consulta externa,nuevas en menores de 5 anos,2007-09-01,77,102,77,102,179
SENA,consulta externa,nuevas en menores de 5 anos,2007-09-01,83,95,83,95,178
SICA SICA (VILLA AROMA),consulta externa,nuevas en menores de 5 anos,2007-09-01,246,211,246,211,457
SICAYA,consulta externa,nuevas en menores de 5 anos,2007-09-01,49,46,49,46,95
SIPE SIPE,consulta externa,nuevas en menores de 5 anos,2007-09-01,295,253,295,253,548
SOPACHUY,consulta externa,nuevas en menores de 5 anos,2007-09-01,187,198,187,198,385
SORACACHI,consulta externa,nuevas en menores de 5 anos,2007-09-01,106,91,106,91,197
SORATA,consulta externa,nuevas en menores de 5 anos,2007-09-01,195,167,195,167,362
SUCRE,consulta externa,nuevas en menores de 5 anos,2007-09-01,6131,5563,6131,5563,11694
TACACHI,consulta externa,nuevas en menores de 5 anos,2007-09-01,8,7,8,7,15
TACACOMA,consulta externa,nuevas en menores de 5 anos,2007-09-01,101,89,101,89,190
TACOBAMBA,consulta externa,nuevas en menores de 5 anos,2007-09-01,152,158,152,158,310
TACOPAYA,consulta externa,nuevas en menores de 5 anos,2007-09-01,113,108,113,108,221
TAHUA,consulta externa,nuevas en menores de 5 anos,2007-09-01,30,31,30,31,61
TAPACARI,consulta externa,nuevas en menores de 5 anos,2007-09-01,621,547,621,547,1168
TARABUCO,consulta externa,nuevas en menores de 5 anos,2007-09-01,755,729,755,729,1484
TARACO,consulta externa,nuevas en menores de 5 anos,2007-09-01,39,26,39,26,65
TARATA,consulta externa,nuevas en menores de 5 anos,2007-09-01,137,107,137,107,244
TARIJA,consulta externa,nuevas en menores de 5 anos,2007-09-01,3877,3423,3877,3423,7300
TARVITA,consulta externa,nuevas en menores de 5 anos,2007-09-01,817,720,817,720,1537
TEOPONTE,consulta externa,nuevas en menores de 5 anos,2007-09-01,211,190,211,190,401
TIAWANACU,consulta externa,nuevas en menores de 5 anos,2007-09-01,97,96,97,96,193
TINGUIPAYA,consulta externa,nuevas en menores de 5 anos,2007-09-01,423,339,423,339,762
TIPUANI,consulta externa,nuevas en menores de 5 anos,2007-09-01,220,188,220,188,408
TIQUIPAYA,consulta externa,nuevas en menores de 5 anos,2007-09-01,611,542,611,542,1153
TIRAQUE (CBBA),consulta externa,nuevas en menores de 5 anos,2007-09-01,3786,753,3786,753,4539
TITO YUPANQUI (PARQUIPUJIO),consulta externa,nuevas en menores de 5 anos,2007-09-01,7,10,7,10,17
TOCO,consulta externa,nuevas en menores de 5 anos,2007-09-01,53,40,53,40,93
TODOS SANTOS,consulta externa,nuevas en menores de 5 anos,2007-09-01,7,3,7,3,10
TOLATA,consulta externa,nuevas en menores de 5 anos,2007-09-01,47,64,47,64,111
TOLEDO,consulta externa,nuevas en menores de 5 anos,2007-09-01,79,76,79,76,155
TOMAVE,consulta externa,nuevas en menores de 5 anos,2007-09-01,222,211,222,211,433
TOMINA,consulta externa,nuevas en menores de 5 anos,2007-09-01,290,236,290,236,526
TORO TORO,consulta externa,nuevas en menores de 5 anos,2007-09-01,287,293,287,293,580
TOTORA(CBBA),consulta externa,nuevas en menores de 5 anos,2007-09-01,145,143,145,143,288
TOTORA(ORR),consulta externa,nuevas en menores de 5 anos,2007-09-01,442,93,442,93,535
TRIGAL,consulta externa,nuevas en menores de 5 anos,2007-09-01,47,27,47,27,74
TRINIDAD,consulta externa,nuevas en menores de 5 anos,2007-09-01,2399,2079,2399,2079,4478
TUPIZA,consulta externa,nuevas en menores de 5 anos,2007-09-01,854,806,854,806,1660
TURCO,consulta externa,nuevas en menores de 5 anos,2007-09-01,117,122,117,122,239
UMALA,consulta externa,nuevas en menores de 5 anos,2007-09-01,71,67,71,67,138
UNCIA,consulta externa,nuevas en menores de 5 anos,2007-09-01,599,611,599,611,1210
URIONDO (A. CONCEPCION),consulta externa,nuevas en menores de 5 anos,2007-09-01,466,463,466,463,929
URUBICHA,consulta externa,nuevas en menores de 5 anos,2007-09-01,136,161,136,161,297
UYUNI,consulta externa,nuevas en menores de 5 anos,2007-09-01,367,373,367,373,740
VACAS,consulta externa,nuevas en menores de 5 anos,2007-09-01,166,164,166,164,330
VALLEGRANDE,consulta externa,nuevas en menores de 5 anos,2007-09-01,251,231,251,231,482
VIACHA,consulta externa,nuevas en menores de 5 anos,2007-09-01,290,254,290,254,544
VILA VILA,consulta externa,nuevas en menores de 5 anos,2007-09-01,60,48,60,48,108
VILLA MONTES,consulta externa,nuevas en menores de 5 anos,2007-09-01,604,554,604,554,1158
VILLA NUEVA (LOMA ALTA),consulta externa,nuevas en menores de 5 anos,2007-09-01,85,82,85,82,167
VILLA RIVERO,consulta externa,nuevas en menores de 5 anos,2007-09-01,34,49,34,49,83
VILLA SERRANO,consulta externa,nuevas en menores de 5 anos,2007-09-01,392,410,392,410,802
VILLA TUNARI,consulta externa,nuevas en menores de 5 anos,2007-09-01,1692,1509,1692,1509,3201
VILLA VACA GUZMAN (MUYUPAMPA),consulta externa,nuevas en menores de 5 anos,2007-09-01,307,282,307,282,589
VILLAZON,consulta externa,nuevas en menores de 5 anos,2007-09-01,806,758,806,758,1564
VINTO,consulta externa,nuevas en menores de 5 anos,2007-09-01,192,138,192,138,330
VITICHI,consulta externa,nuevas en menores de 5 anos,2007-09-01,154,158,154,158,312
WALDO BALLIVIAN,consulta externa,nuevas en menores de 5 anos,2007-09-01,38,47,38,47,85
WARNES,consulta externa,nuevas en menores de 5 anos,2007-09-01,1416,1255,1416,1255,2671
YACO,consulta externa,nuevas en menores de 5 anos,2007-09-01,116,128,116,128,244
YACUIBA,consulta externa,nuevas en menores de 5 anos,2007-09-01,1780,1681,1780,1681,3461
YAMPARAEZ,consulta externa,nuevas en menores de 5 anos,2007-09-01,189,196,189,196,385
YANACACHI,consulta externa,nuevas en menores de 5 anos,2007-09-01,82,84,82,84,166
YAPACANI,consulta externa,nuevas en menores de 5 anos,2007-09-01,634,536,634,536,1170
YOCALLA,consulta externa,nuevas en menores de 5 anos,2007-09-01,128,110,128,110,238
YOTALA,consulta externa,nuevas en menores de 5 anos,2007-09-01,129,128,129,128,257
YUNCHARA,consulta externa,nuevas en menores de 5 anos,2007-09-01,186,149,186,149,335
ZUDAÑEZ,consulta externa,nuevas en menores de 5 anos,2007-09-01,295,325,295,325,620
ACACIO,consulta externa,nuevas en menores de 5 anos,2007-10-01,142,131,142,131,273
ACHACACHI,consulta externa,nuevas en menores de 5 anos,2007-10-01,316,309,316,309,625
ACHOCALLA,consulta externa,nuevas en menores de 5 anos,2007-10-01,121,158,121,158,279
AIQUILE,consulta externa,nuevas en menores de 5 anos,2007-10-01,490,467,490,467,957
ALALAY,consulta externa,nuevas en menores de 5 anos,2007-10-01,71,60,71,60,131
ALCALA,consulta externa,nuevas en menores de 5 anos,2007-10-01,154,144,154,144,298
ANCORAIMES,consulta externa,nuevas en menores de 5 anos,2007-10-01,196,201,196,201,397
ANDAMARCA,consulta externa,nuevas en menores de 5 anos,2007-10-01,109,93,109,93,202
ANTEQUERA,consulta externa,nuevas en menores de 5 anos,2007-10-01,59,62,59,62,121
ANZALDO,consulta externa,nuevas en menores de 5 anos,2007-10-01,99,109,99,109,208
APOLO,consulta externa,nuevas en menores de 5 anos,2007-10-01,500,496,500,496,996
ARAMPAMPA,consulta externa,nuevas en menores de 5 anos,2007-10-01,171,167,171,167,338
ARANI,consulta externa,nuevas en menores de 5 anos,2007-10-01,112,81,112,81,193
ARBIETO,consulta externa,nuevas en menores de 5 anos,2007-10-01,194,216,194,216,410
ARQUE,consulta externa,nuevas en menores de 5 anos,2007-10-01,266,231,266,231,497
ASCENCION DE GUARAYOS,consulta externa,nuevas en menores de 5 anos,2007-10-01,386,348,386,348,734
ATOCHA,consulta externa,nuevas en menores de 5 anos,2007-10-01,353,356,353,356,709
AUCAPATA,consulta externa,nuevas en menores de 5 anos,2007-10-01,103,81,103,81,184
AYATA,consulta externa,nuevas en menores de 5 anos,2007-10-01,174,158,174,158,332
AYO AYO,consulta externa,nuevas en menores de 5 anos,2007-10-01,89,88,89,88,177
AYOPAYA (V. DE INDEPENDENCIA),consulta externa,nuevas en menores de 5 anos,2007-10-01,656,672,656,672,1328
AZURDUY,consulta externa,nuevas en menores de 5 anos,2007-10-01,469,450,469,450,919
BATALLAS,consulta externa,nuevas en menores de 5 anos,2007-10-01,113,94,113,94,207
BAURES,consulta externa,nuevas en menores de 5 anos,2007-10-01,121,100,121,100,221
BELEN DE ANDAMARCA,consulta externa,nuevas en menores de 5 anos,2007-10-01,30,19,30,19,49
BELEN DE URMIRI,consulta externa,nuevas en menores de 5 anos,2007-10-01,47,37,47,37,84
BELLA FLOR,consulta externa,nuevas en menores de 5 anos,2007-10-01,76,55,76,55,131
BERMEJO,consulta externa,nuevas en menores de 5 anos,2007-10-01,1504,1270,1504,1270,2774
BETANZOS,consulta externa,nuevas en menores de 5 anos,2007-10-01,876,739,876,739,1615
BOLIVAR,consulta externa,nuevas en menores de 5 anos,2007-10-01,170,142,170,142,312
BOLPEBRA,consulta externa,nuevas en menores de 5 anos,2007-10-01,32,32,32,32,64
BOYUIBE,consulta externa,nuevas en menores de 5 anos,2007-10-01,128,136,128,136,264
BUENA VISTA,consulta externa,nuevas en menores de 5 anos,2007-10-01,316,302,316,302,618
CABEZAS,consulta externa,nuevas en menores de 5 anos,2007-10-01,774,630,774,630,1404
CAIROMA,consulta externa,nuevas en menores de 5 anos,2007-10-01,188,178,188,178,366
"CAIZA ""D""",consulta externa,nuevas en menores de 5 anos,2007-10-01,150,130,150,130,280
CAJUATA,consulta externa,nuevas en menores de 5 anos,2007-10-01,242,218,242,218,460
CALACOTO,consulta externa,nuevas en menores de 5 anos,2007-10-01,120,114,120,114,234
CALAMARCA,consulta externa,nuevas en menores de 5 anos,2007-10-01,193,153,193,153,346
CAMARGO,consulta externa,nuevas en menores de 5 anos,2007-10-01,403,415,403,415,818
CAMATAQUI (C. VILLA ABECIA),consulta externa,nuevas en menores de 5 anos,2007-10-01,86,62,86,62,148
CAMIRI,consulta externa,nuevas en menores de 5 anos,2007-10-01,1192,1092,1192,1092,2284
CAPINOTA,consulta externa,nuevas en menores de 5 anos,2007-10-01,397,457,397,457,854
CAQUIAVIRI,consulta externa,nuevas en menores de 5 anos,2007-10-01,71,68,71,68,139
CARACOLLO,consulta externa,nuevas en menores de 5 anos,2007-10-01,225,226,225,226,451
CARANAVI,consulta externa,nuevas en menores de 5 anos,2007-10-01,1386,1309,1386,1309,2695
CARANGAS,consulta externa,nuevas en menores de 5 anos,2007-10-01,5,11,5,11,16
CARAPARI,consulta externa,nuevas en menores de 5 anos,2007-10-01,301,316,301,316,617
CARIPUYO,consulta externa,nuevas en menores de 5 anos,2007-10-01,175,158,175,158,333
CARMEN RIVERO TORREZ,consulta externa,nuevas en menores de 5 anos,2007-10-01,112,86,112,86,198
CATACORA,consulta externa,nuevas en menores de 5 anos,2007-10-01,33,40,33,40,73
CHACARILLA,consulta externa,nuevas en menores de 5 anos,2007-10-01,1,2,1,2,3
CHALLAPATA,consulta externa,nuevas en menores de 5 anos,2007-10-01,476,405,476,405,881
CHAQUI,consulta externa,nuevas en menores de 5 anos,2007-10-01,133,112,133,112,245
CHARAGUA,consulta externa,nuevas en menores de 5 anos,2007-10-01,812,731,812,731,1543
CHARAÑA,consulta externa,nuevas en menores de 5 anos,2007-10-01,30,43,30,43,73
CHAYANTA,consulta externa,nuevas en menores de 5 anos,2007-10-01,398,394,398,394,792
CHIMORE,consulta externa,nuevas en menores de 5 anos,2007-10-01,588,564,588,564,1152
CHIPAYA,consulta externa,nuevas en menores de 5 anos,2007-10-01,22,26,22,26,48
CHOQUE COTA,consulta externa,nuevas en menores de 5 anos,2007-10-01,21,12,21,12,33
CHULUMANI (V. DE LA LIBERTAD),consulta externa,nuevas en menores de 5 anos,2007-10-01,286,269,286,269,555
CHUMA,consulta externa,nuevas en menores de 5 anos,2007-10-01,115,105,115,105,220
CLIZA,consulta externa,nuevas en menores de 5 anos,2007-10-01,252,168,252,168,420
COBIJA,consulta externa,nuevas en menores de 5 anos,2007-10-01,1114,1017,1114,1017,2131
COCHABAMBA,consulta externa,nuevas en menores de 5 anos,2007-10-01,9982,9850,9982,9850,19832
COIPASA,consulta externa,nuevas en menores de 5 anos,2007-10-01,7,13,7,13,20
COLCAPIRHUA,consulta externa,nuevas en menores de 5 anos,2007-10-01,776,746,776,746,1522
"COLCHA ""K""",consulta externa,nuevas en menores de 5 anos,2007-10-01,188,154,188,154,342
COLLANA,consulta externa,nuevas en menores de 5 anos,2007-10-01,16,23,16,23,39
COLOMI,consulta externa,nuevas en menores de 5 anos,2007-10-01,224,187,224,187,411
COLPA BELGICA,consulta externa,nuevas en menores de 5 anos,2007-10-01,177,157,177,157,334
COLQUECHACA,consulta externa,nuevas en menores de 5 anos,2007-10-01,921,883,921,883,1804
COLQUENCHA,consulta externa,nuevas en menores de 5 anos,2007-10-01,123,114,123,114,237
COLQUIRI,consulta externa,nuevas en menores de 5 anos,2007-10-01,262,213,262,213,475
COMANCHE,consulta externa,nuevas en menores de 5 anos,2007-10-01,34,30,34,30,64
COMARAPA,consulta externa,nuevas en menores de 5 anos,2007-10-01,377,324,377,324,701
COMBAYA,consulta externa,nuevas en menores de 5 anos,2007-10-01,40,29,40,29,69
CONCEPCION,consulta externa,nuevas en menores de 5 anos,2007-10-01,212,167,212,167,379
COPACABANA,consulta externa,nuevas en menores de 5 anos,2007-10-01,84,75,84,75,159
CORIPATA,consulta externa,nuevas en menores de 5 anos,2007-10-01,319,230,319,230,549
CORO CORO,consulta externa,nuevas en menores de 5 anos,2007-10-01,115,91,115,91,206
COROICO,consulta externa,nuevas en menores de 5 anos,2007-10-01,231,216,231,216,447
CORQUE,consulta externa,nuevas en menores de 5 anos,2007-10-01,106,120,106,120,226
COTAGAITA,consulta externa,nuevas en menores de 5 anos,2007-10-01,590,752,590,752,1342
COTOCA,consulta externa,nuevas en menores de 5 anos,2007-10-01,819,683,819,683,1502
CUATRO CAÑADAS,consulta externa,nuevas en menores de 5 anos,2007-10-01,383,389,383,389,772
CUCHUMUELA (V. G. VILLARROEL),consulta externa,nuevas en menores de 5 anos,2007-10-01,26,18,26,18,44
CUEVO,consulta externa,nuevas en menores de 5 anos,2007-10-01,112,151,112,151,263
CULPINA,consulta externa,nuevas en menores de 5 anos,2007-10-01,558,541,558,541,1099
CURAHUARA DE CARANGAS,consulta externa,nuevas en menores de 5 anos,2007-10-01,94,121,94,121,215
CURVA,consulta externa,nuevas en menores de 5 anos,2007-10-01,96,56,96,56,152
DESAGUADERO,consulta externa,nuevas en menores de 5 anos,2007-10-01,35,29,35,29,64
EL ALTO,consulta externa,nuevas en menores de 5 anos,2007-10-01,10767,10340,10767,10340,21107
EL CHORO,consulta externa,nuevas en menores de 5 anos,2007-10-01,142,86,142,86,228
EL PUENTE(STC),consulta externa,nuevas en menores de 5 anos,2007-10-01,389,338,389,338,727
EL PUENTE(TJA),consulta externa,nuevas en menores de 5 anos,2007-10-01,263,248,263,248,511
EL TORNO,consulta externa,nuevas en menores de 5 anos,2007-10-01,1134,1038,1134,1038,2172
EL VILLAR,consulta externa,nuevas en menores de 5 anos,2007-10-01,205,194,205,194,399
ENTRE RIOS,consulta externa,nuevas en menores de 5 anos,2007-10-01,527,491,527,491,1018
ENTRE RIOS,consulta externa,nuevas en menores de 5 anos,2007-10-01,552,585,552,585,1137
ESCARA,consulta externa,nuevas en menores de 5 anos,2007-10-01,3,1,3,1,4
ESMERALDA,consulta externa,nuevas en menores de 5 anos,2007-10-01,3,1,3,1,4
EUCALIPTUS,consulta externa,nuevas en menores de 5 anos,2007-10-01,176,168,176,168,344
EUREKA (SANTOS MERCADO),consulta externa,nuevas en menores de 5 anos,2007-10-01,31,29,31,29,60
EXALTACION,consulta externa,nuevas en menores de 5 anos,2007-10-01,101,102,101,102,203
FERNANDEZ ALONSO,consulta externa,nuevas en menores de 5 anos,2007-10-01,658,551,658,551,1209
FILADELFIA,consulta externa,nuevas en menores de 5 anos,2007-10-01,93,84,93,84,177
GENERAL SAAVEDRA,consulta externa,nuevas en menores de 5 anos,2007-10-01,576,414,576,414,990
GRAL. J.J. PEREZ (CHARAZANI),consulta externa,nuevas en menores de 5 anos,2007-10-01,157,160,157,160,317
GUANAY,consulta externa,nuevas en menores de 5 anos,2007-10-01,329,360,329,360,689
GUAQUI,consulta externa,nuevas en menores de 5 anos,2007-10-01,49,56,49,56,105
GUAYARAMERIN,consulta externa,nuevas en menores de 5 anos,2007-10-01,1453,1328,1453,1328,2781
GUTIERREZ,consulta externa,nuevas en menores de 5 anos,2007-10-01,554,504,554,504,1058
HUACARETA,consulta externa,nuevas en menores de 5 anos,2007-10-01,292,308,292,308,600
HUACAYA (VILLA DE HUACAYA),consulta externa,nuevas en menores de 5 anos,2007-10-01,125,122,125,122,247
HUACHACALLA,consulta externa,nuevas en menores de 5 anos,2007-10-01,30,32,30,32,62
HUANUNI,consulta externa,nuevas en menores de 5 anos,2007-10-01,485,403,485,403,888
HUARACAJE,consulta externa,nuevas en menores de 5 anos,2007-10-01,56,44,56,44,100
HUAYLLAMARCA,consulta externa,nuevas en menores de 5 anos,2007-10-01,36,35,36,35,71
ICHOCA,consulta externa,nuevas en menores de 5 anos,2007-10-01,51,52,51,52,103
ICLA,consulta externa,nuevas en menores de 5 anos,2007-10-01,331,331,331,331,662
INCAHUASI,consulta externa,nuevas en menores de 5 anos,2007-10-01,871,875,871,875,1746
INGAVI (HUMAITA),consulta externa,nuevas en menores de 5 anos,2007-10-01,12,14,12,14,26
INQUISIVI,consulta externa,nuevas en menores de 5 anos,2007-10-01,161,140,161,140,301
IRUPANA (VILLA DE LANZA),consulta externa,nuevas en menores de 5 anos,2007-10-01,293,297,293,297,590
IXIAMAS,consulta externa,nuevas en menores de 5 anos,2007-10-01,240,217,240,217,457
JESUS DE MACHACA,consulta externa,nuevas en menores de 5 anos,2007-10-01,173,171,173,171,344
LA ASUNTA,consulta externa,nuevas en menores de 5 anos,2007-10-01,740,810,740,810,1550
LA GUARDIA,consulta externa,nuevas en menores de 5 anos,2007-10-01,1268,1243,1268,1243,2511
LA PAZ,consulta externa,nuevas en menores de 5 anos,2007-10-01,16700,18303,16700,18303,35003
LA RIVERA,consulta externa,nuevas en menores de 5 anos,2007-10-01,7,4,7,4,11
LAGUNILLAS,consulta externa,nuevas en menores de 5 anos,2007-10-01,229,236,229,236,465
LAJA,consulta externa,nuevas en menores de 5 anos,2007-10-01,121,118,121,118,239
LAS CARRERAS,consulta externa,nuevas en menores de 5 anos,2007-10-01,94,91,94,91,185
LICOMA PAMPA,consulta externa,nuevas en menores de 5 anos,2007-10-01,35,39,35,39,74
LLALLAGUA,consulta externa,nuevas en menores de 5 anos,2007-10-01,738,593,738,593,1331
LLICA,consulta externa,nuevas en menores de 5 anos,2007-10-01,81,83,81,83,164
LORETO,consulta externa,nuevas en menores de 5 anos,2007-10-01,136,188,136,188,324
LURIBAY,consulta externa,nuevas en menores de 5 anos,2007-10-01,140,119,140,119,259
MACHACAMARCA,consulta externa,nuevas en menores de 5 anos,2007-10-01,41,48,41,48,89
MACHARETI,consulta externa,nuevas en menores de 5 anos,2007-10-01,334,301,334,301,635
MAGDALENA,consulta externa,nuevas en menores de 5 anos,2007-10-01,204,169,204,169,373
MAIRANA,consulta externa,nuevas en menores de 5 anos,2007-10-01,203,158,203,158,361
MALLA,consulta externa,nuevas en menores de 5 anos,2007-10-01,62,39,62,39,101
MAPIRI,consulta externa,nuevas en menores de 5 anos,2007-10-01,301,286,301,286,587
MECAPACA,consulta externa,nuevas en menores de 5 anos,2007-10-01,134,139,134,139,273
MINEROS,consulta externa,nuevas en menores de 5 anos,2007-10-01,573,472,573,472,1045
MIZQUE,consulta externa,nuevas en menores de 5 anos,2007-10-01,464,435,464,435,899
MOCOMOCO,consulta externa,nuevas en menores de 5 anos,2007-10-01,151,141,151,141,292
MOJINETE,consulta externa,nuevas en menores de 5 anos,2007-10-01,22,22,22,22,44
MOJOCOYA,consulta externa,nuevas en menores de 5 anos,2007-10-01,139,192,139,192,331
MONTEAGUDO,consulta externa,nuevas en menores de 5 anos,2007-10-01,807,654,807,654,1461
MONTERO,consulta externa,nuevas en menores de 5 anos,2007-10-01,2762,2594,2762,2594,5356
MORO MORO,consulta externa,nuevas en menores de 5 anos,2007-10-01,45,77,45,77,122
MOROCHATA,consulta externa,nuevas en menores de 5 anos,2007-10-01,327,324,327,324,651
NACEBE (SANTA ROSA DEL ABUNA),consulta externa,nuevas en menores de 5 anos,2007-10-01,55,47,55,47,102
NAZACARA DE PACAJES,consulta externa,nuevas en menores de 5 anos,2007-10-01,1,0,1,0,1
NUEVO MANOA (NUEVA ESPERANZA),consulta externa,nuevas en menores de 5 anos,2007-10-01,41,35,41,35,76
OCURI,consulta externa,nuevas en menores de 5 anos,2007-10-01,509,458,509,458,967
OKINAWA,consulta externa,nuevas en menores de 5 anos,2007-10-01,484,420,484,420,904
OMEREQUE,consulta externa,nuevas en menores de 5 anos,2007-10-01,177,190,177,190,367
ORURO,consulta externa,nuevas en menores de 5 anos,2007-10-01,5677,5040,5677,5040,10717
PADCAYA,consulta externa,nuevas en menores de 5 anos,2007-10-01,497,461,497,461,958
PADILLA,consulta externa,nuevas en menores de 5 anos,2007-10-01,367,375,367,375,742
PAILON,consulta externa,nuevas en menores de 5 anos,2007-10-01,422,419,422,419,841
PALCA,consulta externa,nuevas en menores de 5 anos,2007-10-01,144,157,144,157,301
PALOS BLANCOS,consulta externa,nuevas en menores de 5 anos,2007-10-01,833,726,833,726,1559
PAMPA AULLAGAS,consulta externa,nuevas en menores de 5 anos,2007-10-01,43,48,43,48,91
PAMPA GRANDE,consulta externa,nuevas en menores de 5 anos,2007-10-01,130,118,130,118,248
PAPEL PAMPA,consulta externa,nuevas en menores de 5 anos,2007-10-01,115,95,115,95,210
PASORAPA,consulta externa,nuevas en menores de 5 anos,2007-10-01,96,84,96,84,180
PATACAMAYA,consulta externa,nuevas en menores de 5 anos,2007-10-01,269,230,269,230,499
PAZÑA,consulta externa,nuevas en menores de 5 anos,2007-10-01,141,123,141,123,264
PELECHUCO,consulta externa,nuevas en menores de 5 anos,2007-10-01,111,95,111,95,206
POCOATA,consulta externa,nuevas en menores de 5 anos,2007-10-01,471,702,471,702,1173
POCONA,consulta externa,nuevas en menores de 5 anos,2007-10-01,192,185,192,185,377
POJO (CBBA),consulta externa,nuevas en menores de 5 anos,2007-10-01,133,124,133,124,257
POOPO,consulta externa,nuevas en menores de 5 anos,2007-10-01,118,119,118,119,237
PORCO,consulta externa,nuevas en menores de 5 anos,2007-10-01,234,225,234,225,459
POROMA,consulta externa,nuevas en menores de 5 anos,2007-10-01,450,436,450,436,886
PORONGO,consulta externa,nuevas en menores de 5 anos,2007-10-01,217,224,217,224,441
PORTACHUELO,consulta externa,nuevas en menores de 5 anos,2007-10-01,586,542,586,542,1128
PORVENIR,consulta externa,nuevas en menores de 5 anos,2007-10-01,184,159,184,159,343
POSTRER VALLE,consulta externa,nuevas en menores de 5 anos,2007-10-01,37,25,37,25,62
POTOSI,consulta externa,nuevas en menores de 5 anos,2007-10-01,3337,3272,3337,3272,6609
PRESTO,consulta externa,nuevas en menores de 5 anos,2007-10-01,307,219,307,219,526
PUCARA,consulta externa,nuevas en menores de 5 anos,2007-10-01,48,39,48,39,87
PUCARANI,consulta externa,nuevas en menores de 5 anos,2007-10-01,264,206,264,206,470
PUERTO ACOSTA,consulta externa,nuevas en menores de 5 anos,2007-10-01,139,154,139,154,293
PUERTO CARABUCO,consulta externa,nuevas en menores de 5 anos,2007-10-01,177,168,177,168,345
PUERTO GONZALO MORENO,consulta externa,nuevas en menores de 5 anos,2007-10-01,106,105,106,105,211
PUERTO PEREZ,consulta externa,nuevas en menores de 5 anos,2007-10-01,42,29,42,29,71
PUERTO QUIJARRO,consulta externa,nuevas en menores de 5 anos,2007-10-01,292,270,292,270,562
PUERTO RICO,consulta externa,nuevas en menores de 5 anos,2007-10-01,292,274,292,274,566
PUERTO SILES,consulta externa,nuevas en menores de 5 anos,2007-10-01,62,53,62,53,115
PUERTO SUAREZ,consulta externa,nuevas en menores de 5 anos,2007-10-01,288,299,288,299,587
PUERTO VILLARROEL,consulta externa,nuevas en menores de 5 anos,2007-10-01,1412,1239,1412,1239,2651
PUNA,consulta externa,nuevas en menores de 5 anos,2007-10-01,882,728,882,728,1610
PUNATA,consulta externa,nuevas en menores de 5 anos,2007-10-01,577,494,577,494,1071
QUIABAYA,consulta externa,nuevas en menores de 5 anos,2007-10-01,36,45,36,45,81
QUILLACOLLO,consulta externa,nuevas en menores de 5 anos,2007-10-01,1486,1378,1486,1378,2864
QUIME,consulta externa,nuevas en menores de 5 anos,2007-10-01,120,97,120,97,217
QUIRUSILLAS,consulta externa,nuevas en menores de 5 anos,2007-10-01,51,34,51,34,85
RAVELO,consulta externa,nuevas en menores de 5 anos,2007-10-01,493,412,493,412,905
REYES,consulta externa,nuevas en menores de 5 anos,2007-10-01,323,335,323,335,658
RIBERALTA,consulta externa,nuevas en menores de 5 anos,2007-10-01,2688,2518,2688,2518,5206
ROBORE,consulta externa,nuevas en menores de 5 anos,2007-10-01,373,332,373,332,705
RURRENABAQUE,consulta externa,nuevas en menores de 5 anos,2007-10-01,399,384,399,384,783
SABAYA,consulta externa,nuevas en menores de 5 anos,2007-10-01,72,68,72,68,140
SACABA,consulta externa,nuevas en menores de 5 anos,2007-10-01,1223,1074,1223,1074,2297
SACABAMBA,consulta externa,nuevas en menores de 5 anos,2007-10-01,74,70,74,70,144
SACACA,consulta externa,nuevas en menores de 5 anos,2007-10-01,758,755,758,755,1513
SAIPINA,consulta externa,nuevas en menores de 5 anos,2007-10-01,118,71,118,71,189
SALINAS DE GARCI MENDOZA,consulta externa,nuevas en menores de 5 anos,2007-10-01,214,221,214,221,435
SAMAIPATA,consulta externa,nuevas en menores de 5 anos,2007-10-01,164,118,164,118,282
SAN AGUSTIN,consulta externa,nuevas en menores de 5 anos,2007-10-01,29,55,29,55,84
SAN ANDRES,consulta externa,nuevas en menores de 5 anos,2007-10-01,378,327,378,327,705
SAN ANDRES DE MACHACA,consulta externa,nuevas en menores de 5 anos,2007-10-01,54,72,54,72,126
SAN ANTONIO DE ESMORUCO,consulta externa,nuevas en menores de 5 anos,2007-10-01,67,71,67,71,138
SAN ANTONIO DE LOMERIO,consulta externa,nuevas en menores de 5 anos,2007-10-01,92,106,92,106,198
SAN BENITO,consulta externa,nuevas en menores de 5 anos,2007-10-01,162,164,162,164,326
SAN BORJA,consulta externa,nuevas en menores de 5 anos,2007-10-01,616,684,616,684,1300
SAN BUENA VENTURA,consulta externa,nuevas en menores de 5 anos,2007-10-01,360,337,360,337,697
SAN CARLOS,consulta externa,nuevas en menores de 5 anos,2007-10-01,421,421,421,421,842
SAN IGNACIO,consulta externa,nuevas en menores de 5 anos,2007-10-01,976,873,976,873,1849
SAN IGNACIO DE VELASCO,consulta externa,nuevas en menores de 5 anos,2007-10-01,1246,1061,1246,1061,2307
SAN JAVIER(BNI),consulta externa,nuevas en menores de 5 anos,2007-10-01,77,59,77,59,136
SAN JAVIER(STC),consulta externa,nuevas en menores de 5 anos,2007-10-01,163,139,163,139,302
SAN JOAQUIN,consulta externa,nuevas en menores de 5 anos,2007-10-01,97,79,97,79,176
SAN JOSE DE CHIQUITOS,consulta externa,nuevas en menores de 5 anos,2007-10-01,501,482,501,482,983
SAN JUAN DE YAPACANI,consulta externa,nuevas en menores de 5 anos,2007-10-01,427,443,427,443,870
SAN JULIAN,consulta externa,nuevas en menores de 5 anos,2007-10-01,1058,935,1058,935,1993
SAN LORENZO(PND),consulta externa,nuevas en menores de 5 anos,2007-10-01,101,70,101,70,171
SAN LORENZO(TJA),consulta externa,nuevas en menores de 5 anos,2007-10-01,494,458,494,458,952
SAN LUCAS,consulta externa,nuevas en menores de 5 anos,2007-10-01,1129,1131,1129,1131,2260
SAN MATIAS,consulta externa,nuevas en menores de 5 anos,2007-10-01,316,321,316,321,637
SAN MIGUEL DE VELASCO,consulta externa,nuevas en menores de 5 anos,2007-10-01,214,166,214,166,380
SAN PABLO DE LIPEZ,consulta externa,nuevas en menores de 5 anos,2007-10-01,107,93,107,93,200
SAN PEDRO,consulta externa,nuevas en menores de 5 anos,2007-10-01,675,545,675,545,1220
SAN PEDRO DE BUENA VISTA,consulta externa,nuevas en menores de 5 anos,2007-10-01,803,743,803,743,1546
SAN PEDRO DE CURAHUARA,consulta externa,nuevas en menores de 5 anos,2007-10-01,120,97,120,97,217
SAN PEDRO DE QUEMES,consulta externa,nuevas en menores de 5 anos,2007-10-01,6,6,6,6,12
SAN PEDRO DE TIQUINA,consulta externa,nuevas en menores de 5 anos,2007-10-01,32,18,32,18,50
SAN PEDRO(PND),consulta externa,nuevas en menores de 5 anos,2007-10-01,53,53,53,53,106
SAN RAFAEL,consulta externa,nuevas en menores de 5 anos,2007-10-01,161,131,161,131,292
SAN RAMON,consulta externa,nuevas en menores de 5 anos,2007-10-01,202,202,202,202,404
SANTA ANA,consulta externa,nuevas en menores de 5 anos,2007-10-01,308,305,308,305,613
SANTA CRUZ DE LA SIERRA,consulta externa,nuevas en menores de 5 anos,2007-10-01,28008,22689,28008,22689,50697
SANTA ROSA,consulta externa,nuevas en menores de 5 anos,2007-10-01,279,285,279,285,564
SANTA ROSA DEL SARA,consulta externa,nuevas en menores de 5 anos,2007-10-01,670,617,670,617,1287
SANTIAGO DE CALLAPA,consulta externa,nuevas en menores de 5 anos,2007-10-01,43,50,43,50,93
SANTIAGO DE HUARI,consulta externa,nuevas en menores de 5 anos,2007-10-01,135,137,135,137,272
SANTIAGO DE MACHACA,consulta externa,nuevas en menores de 5 anos,2007-10-01,28,19,28,19,47
SANTIVAÑES,consulta externa,nuevas en menores de 5 anos,2007-10-01,97,101,97,101,198
SANTUARIO DE QUILLACAS,consulta externa,nuevas en menores de 5 anos,2007-10-01,31,19,31,19,50
SAPAHAQUI,consulta externa,nuevas en menores de 5 anos,2007-10-01,164,156,164,156,320
SENA,consulta externa,nuevas en menores de 5 anos,2007-10-01,73,54,73,54,127
SICA SICA (VILLA AROMA),consulta externa,nuevas en menores de 5 anos,2007-10-01,222,217,222,217,439
SICAYA,consulta externa,nuevas en menores de 5 anos,2007-10-01,52,50,52,50,102
SIPE SIPE,consulta externa,nuevas en menores de 5 anos,2007-10-01,418,351,418,351,769
SOPACHUY,consulta externa,nuevas en menores de 5 anos,2007-10-01,173,191,173,191,364
SORACACHI,consulta externa,nuevas en menores de 5 anos,2007-10-01,208,206,208,206,414
SORATA,consulta externa,nuevas en menores de 5 anos,2007-10-01,222,216,222,216,438
SUCRE,consulta externa,nuevas en menores de 5 anos,2007-10-01,6966,6301,6966,6301,13267
TACACHI,consulta externa,nuevas en menores de 5 anos,2007-10-01,8,8,8,8,16
TACACOMA,consulta externa,nuevas en menores de 5 anos,2007-10-01,122,101,122,101,223
TACOBAMBA,consulta externa,nuevas en menores de 5 anos,2007-10-01,213,187,213,187,400
TACOPAYA,consulta externa,nuevas en menores de 5 anos,2007-10-01,266,276,266,276,542
TAHUA,consulta externa,nuevas en menores de 5 anos,2007-10-01,26,83,26,83,109
TAPACARI,consulta externa,nuevas en menores de 5 anos,2007-10-01,620,628,620,628,1248
TARABUCO,consulta externa,nuevas en menores de 5 anos,2007-10-01,755,756,755,756,1511
TARACO,consulta externa,nuevas en menores de 5 anos,2007-10-01,49,53,49,53,102
TARATA,consulta externa,nuevas en menores de 5 anos,2007-10-01,111,96,111,96,207
TARIJA,consulta externa,nuevas en menores de 5 anos,2007-10-01,4664,4041,4664,4041,8705
TARVITA,consulta externa,nuevas en menores de 5 anos,2007-10-01,527,584,527,584,1111
TEOPONTE,consulta externa,nuevas en menores de 5 anos,2007-10-01,264,242,264,242,506
TIAWANACU,consulta externa,nuevas en menores de 5 anos,2007-10-01,118,98,118,98,216
TINGUIPAYA,consulta externa,nuevas en menores de 5 anos,2007-10-01,378,339,378,339,717
TIPUANI,consulta externa,nuevas en menores de 5 anos,2007-10-01,231,211,231,211,442
TIQUIPAYA,consulta externa,nuevas en menores de 5 anos,2007-10-01,865,758,865,758,1623
TIRAQUE (CBBA),consulta externa,nuevas en menores de 5 anos,2007-10-01,774,686,774,686,1460
TITO YUPANQUI (PARQUIPUJIO),consulta externa,nuevas en menores de 5 anos,2007-10-01,20,28,20,28,48
TOCO,consulta externa,nuevas en menores de 5 anos,2007-10-01,63,50,63,50,113
TODOS SANTOS,consulta externa,nuevas en menores de 5 anos,2007-10-01,14,9,14,9,23
TOLATA,consulta externa,nuevas en menores de 5 anos,2007-10-01,91,66,91,66,157
TOLEDO,consulta externa,nuevas en menores de 5 anos,2007-10-01,128,103,128,103,231
TOMAVE,consulta externa,nuevas en menores de 5 anos,2007-10-01,219,231,219,231,450
TOMINA,consulta externa,nuevas en menores de 5 anos,2007-10-01,341,322,341,322,663
TORO TORO,consulta externa,nuevas en menores de 5 anos,2007-10-01,234,217,234,217,451
TOTORA(CBBA),consulta externa,nuevas en menores de 5 anos,2007-10-01,176,128,176,128,304
TOTORA(ORR),consulta externa,nuevas en menores de 5 anos,2007-10-01,67,85,67,85,152
TRIGAL,consulta externa,nuevas en menores de 5 anos,2007-10-01,36,32,36,32,68
TRINIDAD,consulta externa,nuevas en menores de 5 anos,2007-10-01,3543,2262,3543,2262,5805
TUPIZA,consulta externa,nuevas en menores de 5 anos,2007-10-01,1104,1033,1104,1033,2137
TURCO,consulta externa,nuevas en menores de 5 anos,2007-10-01,99,85,99,85,184
UMALA,consulta externa,nuevas en menores de 5 anos,2007-10-01,91,85,91,85,176
UNCIA,consulta externa,nuevas en menores de 5 anos,2007-10-01,707,623,707,623,1330
URIONDO (A. CONCEPCION),consulta externa,nuevas en menores de 5 anos,2007-10-01,527,502,527,502,1029
URUBICHA,consulta externa,nuevas en menores de 5 anos,2007-10-01,259,282,259,282,541
UYUNI,consulta externa,nuevas en menores de 5 anos,2007-10-01,319,321,319,321,640
VACAS,consulta externa,nuevas en menores de 5 anos,2007-10-01,214,181,214,181,395
VALLEGRANDE,consulta externa,nuevas en menores de 5 anos,2007-10-01,221,215,221,215,436
VIACHA,consulta externa,nuevas en menores de 5 anos,2007-10-01,578,593,578,593,1171
VILA VILA,consulta externa,nuevas en menores de 5 anos,2007-10-01,59,51,59,51,110
VILLA MONTES,consulta externa,nuevas en menores de 5 anos,2007-10-01,784,695,784,695,1479
VILLA NUEVA (LOMA ALTA),consulta externa,nuevas en menores de 5 anos,2007-10-01,149,104,149,104,253
VILLA RIVERO,consulta externa,nuevas en menores de 5 anos,2007-10-01,62,63,62,63,125
VILLA SERRANO,consulta externa,nuevas en menores de 5 anos,2007-10-01,413,394,413,394,807
VILLA TUNARI,consulta externa,nuevas en menores de 5 anos,2007-10-01,2013,1802,2013,1802,3815
VILLA VACA GUZMAN (MUYUPAMPA),consulta externa,nuevas en menores de 5 anos,2007-10-01,218,227,218,227,445
VILLAZON,consulta externa,nuevas en menores de 5 anos,2007-10-01,852,797,852,797,1649
VINTO,consulta externa,nuevas en menores de 5 anos,2007-10-01,307,267,307,267,574
VITICHI,consulta externa,nuevas en menores de 5 anos,2007-10-01,214,186,214,186,400
WALDO BALLIVIAN,consulta externa,nuevas en menores de 5 anos,2007-10-01,22,27,22,27,49
WARNES,consulta externa,nuevas en menores de 5 anos,2007-10-01,1381,1326,1381,1326,2707
YACO,consulta externa,nuevas en menores de 5 anos,2007-10-01,92,117,92,117,209
YACUIBA,consulta externa,nuevas en menores de 5 anos,2007-10-01,2050,2000,2050,2000,4050
YAMPARAEZ,consulta externa,nuevas en menores de 5 anos,2007-10-01,242,143,242,143,385
YANACACHI,consulta externa,nuevas en menores de 5 anos,2007-10-01,73,93,73,93,166
YAPACANI,consulta externa,nuevas en menores de 5 anos,2007-10-01,563,630,563,630,1193
YOCALLA,consulta externa,nuevas en menores de 5 anos,2007-10-01,155,114,155,114,269
YOTALA,consulta externa,nuevas en menores de 5 anos,2007-10-01,187,152,187,152,339
YUNCHARA,consulta externa,nuevas en menores de 5 anos,2007-10-01,133,120,133,120,253
ZUDAÑEZ,consulta externa,nuevas en menores de 5 anos,2007-10-01,387,405,387,405,792
ACACIO,consulta externa,nuevas en menores de 5 anos,2007-11-01,142,107,142,107,249
ACHACACHI,consulta externa,nuevas en menores de 5 anos,2007-11-01,370,337,370,337,707
ACHOCALLA,consulta externa,nuevas en menores de 5 anos,2007-11-01,102,111,102,111,213
AIQUILE,consulta externa,nuevas en menores de 5 anos,2007-11-01,415,444,415,444,859
ALALAY,consulta externa,nuevas en menores de 5 anos,2007-11-01,26,23,26,23,49
ALCALA,consulta externa,nuevas en menores de 5 anos,2007-11-01,123,138,123,138,261
ANCORAIMES,consulta externa,nuevas en menores de 5 anos,2007-11-01,180,168,180,168,348
ANDAMARCA,consulta externa,nuevas en menores de 5 anos,2007-11-01,109,79,109,79,188
ANTEQUERA,consulta externa,nuevas en menores de 5 anos,2007-11-01,60,36,60,36,96
ANZALDO,consulta externa,nuevas en menores de 5 anos,2007-11-01,127,116,127,116,243
APOLO,consulta externa,nuevas en menores de 5 anos,2007-11-01,484,457,484,457,941
ARAMPAMPA,consulta externa,nuevas en menores de 5 anos,2007-11-01,152,107,152,107,259
ARANI,consulta externa,nuevas en menores de 5 anos,2007-11-01,131,125,131,125,256
ARBIETO,consulta externa,nuevas en menores de 5 anos,2007-11-01,204,176,204,176,380
ARQUE,consulta externa,nuevas en menores de 5 anos,2007-11-01,233,217,233,217,450
ASCENCION DE GUARAYOS,consulta externa,nuevas en menores de 5 anos,2007-11-01,397,352,397,352,749
ATOCHA,consulta externa,nuevas en menores de 5 anos,2007-11-01,311,332,311,332,643
AUCAPATA,consulta externa,nuevas en menores de 5 anos,2007-11-01,93,75,93,75,168
AYATA,consulta externa,nuevas en menores de 5 anos,2007-11-01,165,159,165,159,324
AYO AYO,consulta externa,nuevas en menores de 5 anos,2007-11-01,73,79,73,79,152
AYOPAYA (V. DE INDEPENDENCIA),consulta externa,nuevas en menores de 5 anos,2007-11-01,490,451,490,451,941
AZURDUY,consulta externa,nuevas en menores de 5 anos,2007-11-01,550,503,550,503,1053
BATALLAS,consulta externa,nuevas en menores de 5 anos,2007-11-01,118,93,118,93,211
BAURES,consulta externa,nuevas en menores de 5 anos,2007-11-01,99,92,99,92,191
BELEN DE ANDAMARCA,consulta externa,nuevas en menores de 5 anos,2007-11-01,10,13,10,13,23
BELEN DE URMIRI,consulta externa,nuevas en menores de 5 anos,2007-11-01,45,45,45,45,90
BELLA FLOR,consulta externa,nuevas en menores de 5 anos,2007-11-01,58,72,58,72,130
BERMEJO,consulta externa,nuevas en menores de 5 anos,2007-11-01,933,880,933,880,1813
BETANZOS,consulta externa,nuevas en menores de 5 anos,2007-11-01,744,613,744,613,1357
BOLIVAR,consulta externa,nuevas en menores de 5 anos,2007-11-01,198,219,198,219,417
BOLPEBRA,consulta externa,nuevas en menores de 5 anos,2007-11-01,49,38,49,38,87
BOYUIBE,consulta externa,nuevas en menores de 5 anos,2007-11-01,111,75,111,75,186
BUENA VISTA,consulta externa,nuevas en menores de 5 anos,2007-11-01,271,230,271,230,501
CABEZAS,consulta externa,nuevas en menores de 5 anos,2007-11-01,588,482,588,482,1070
CAIROMA,consulta externa,nuevas en menores de 5 anos,2007-11-01,199,182,199,182,381
"CAIZA ""D""",consulta externa,nuevas en menores de 5 anos,2007-11-01,119,102,119,102,221
CAJUATA,consulta externa,nuevas en menores de 5 anos,2007-11-01,206,209,206,209,415
CALACOTO,consulta externa,nuevas en menores de 5 anos,2007-11-01,98,88,98,88,186
CALAMARCA,consulta externa,nuevas en menores de 5 anos,2007-11-01,188,164,188,164,352
CAMARGO,consulta externa,nuevas en menores de 5 anos,2007-11-01,327,342,327,342,669
CAMATAQUI (C. VILLA ABECIA),consulta externa,nuevas en menores de 5 anos,2007-11-01,75,78,75,78,153
CAMIRI,consulta externa,nuevas en menores de 5 anos,2007-11-01,916,949,916,949,1865
CAPINOTA,consulta externa,nuevas en menores de 5 anos,2007-11-01,376,383,376,383,759
CAQUIAVIRI,consulta externa,nuevas en menores de 5 anos,2007-11-01,144,127,144,127,271
CARACOLLO,consulta externa,nuevas en menores de 5 anos,2007-11-01,247,248,247,248,495
CARANAVI,consulta externa,nuevas en menores de 5 anos,2007-11-01,1094,1026,1094,1026,2120
CARANGAS,consulta externa,nuevas en menores de 5 anos,2007-11-01,3,9,3,9,12
CARAPARI,consulta externa,nuevas en menores de 5 anos,2007-11-01,289,273,289,273,562
CARIPUYO,consulta externa,nuevas en menores de 5 anos,2007-11-01,205,184,205,184,389
CARMEN RIVERO TORREZ,consulta externa,nuevas en menores de 5 anos,2007-11-01,63,51,63,51,114
CATACORA,consulta externa,nuevas en menores de 5 anos,2007-11-01,38,32,38,32,70
CHACARILLA,consulta externa,nuevas en menores de 5 anos,2007-11-01,10,14,10,14,24
CHALLAPATA,consulta externa,nuevas en menores de 5 anos,2007-11-01,304,273,304,273,577
CHAQUI,consulta externa,nuevas en menores de 5 anos,2007-11-01,127,111,127,111,238
CHARAGUA,consulta externa,nuevas en menores de 5 anos,2007-11-01,808,786,808,786,1594
CHARAÑA,consulta externa,nuevas en menores de 5 anos,2007-11-01,45,34,45,34,79
CHAYANTA,consulta externa,nuevas en menores de 5 anos,2007-11-01,415,356,415,356,771
CHIMORE,consulta externa,nuevas en menores de 5 anos,2007-11-01,561,526,561,526,1087
CHIPAYA,consulta externa,nuevas en menores de 5 anos,2007-11-01,10,16,10,16,26
CHOQUE COTA,consulta externa,nuevas en menores de 5 anos,2007-11-01,21,9,21,9,30
CHULUMANI (V. DE LA LIBERTAD),consulta externa,nuevas en menores de 5 anos,2007-11-01,274,268,274,268,542
CHUMA,consulta externa,nuevas en menores de 5 anos,2007-11-01,164,153,164,153,317
CLIZA,consulta externa,nuevas en menores de 5 anos,2007-11-01,204,148,204,148,352
COBIJA,consulta externa,nuevas en menores de 5 anos,2007-11-01,848,766,848,766,1614
COCHABAMBA,consulta externa,nuevas en menores de 5 anos,2007-11-01,8974,8634,8974,8634,17608
COIPASA,consulta externa,nuevas en menores de 5 anos,2007-11-01,4,7,4,7,11
COLCAPIRHUA,consulta externa,nuevas en menores de 5 anos,2007-11-01,469,419,469,419,888
"COLCHA ""K""",consulta externa,nuevas en menores de 5 anos,2007-11-01,128,139,128,139,267
COLLANA,consulta externa,nuevas en menores de 5 anos,2007-11-01,24,20,24,20,44
COLOMI,consulta externa,nuevas en menores de 5 anos,2007-11-01,262,229,262,229,491
COLPA BELGICA,consulta externa,nuevas en menores de 5 anos,2007-11-01,148,138,148,138,286
COLQUECHACA,consulta externa,nuevas en menores de 5 anos,2007-11-01,603,565,603,565,1168
COLQUENCHA,consulta externa,nuevas en menores de 5 anos,2007-11-01,128,106,128,106,234
COLQUIRI,consulta externa,nuevas en menores de 5 anos,2007-11-01,203,208,203,208,411
COMANCHE,consulta externa,nuevas en menores de 5 anos,2007-11-01,35,38,35,38,73
COMARAPA,consulta externa,nuevas en menores de 5 anos,2007-11-01,308,343,308,343,651
COMBAYA,consulta externa,nuevas en menores de 5 anos,2007-11-01,32,20,32,20,52
CONCEPCION,consulta externa,nuevas en menores de 5 anos,2007-11-01,218,197,218,197,415
COPACABANA,consulta externa,nuevas en menores de 5 anos,2007-11-01,115,110,115,110,225
CORIPATA,consulta externa,nuevas en menores de 5 anos,2007-11-01,260,219,260,219,479
CORO CORO,consulta externa,nuevas en menores de 5 anos,2007-11-01,108,78,108,78,186
COROICO,consulta externa,nuevas en menores de 5 anos,2007-11-01,226,193,226,193,419
CORQUE,consulta externa,nuevas en menores de 5 anos,2007-11-01,131,134,131,134,265
COTAGAITA,consulta externa,nuevas en menores de 5 anos,2007-11-01,425,462,425,462,887
COTOCA,consulta externa,nuevas en menores de 5 anos,2007-11-01,728,633,728,633,1361
CUATRO CAÑADAS,consulta externa,nuevas en menores de 5 anos,2007-11-01,424,429,424,429,853
CUCHUMUELA (V. G. VILLARROEL),consulta externa,nuevas en menores de 5 anos,2007-11-01,47,14,47,14,61
CUEVO,consulta externa,nuevas en menores de 5 anos,2007-11-01,65,99,65,99,164
CULPINA,consulta externa,nuevas en menores de 5 anos,2007-11-01,484,449,484,449,933
CURAHUARA DE CARANGAS,consulta externa,nuevas en menores de 5 anos,2007-11-01,118,88,118,88,206
CURVA,consulta externa,nuevas en menores de 5 anos,2007-11-01,42,42,42,42,84
DESAGUADERO,consulta externa,nuevas en menores de 5 anos,2007-11-01,31,31,31,31,62
EL ALTO,consulta externa,nuevas en menores de 5 anos,2007-11-01,9362,9759,9362,9759,19121
EL CHORO,consulta externa,nuevas en menores de 5 anos,2007-11-01,101,63,101,63,164
EL PUENTE(STC),consulta externa,nuevas en menores de 5 anos,2007-11-01,297,277,297,277,574
EL PUENTE(TJA),consulta externa,nuevas en menores de 5 anos,2007-11-01,274,280,274,280,554
EL TORNO,consulta externa,nuevas en menores de 5 anos,2007-11-01,1177,1014,1177,1014,2191
EL VILLAR,consulta externa,nuevas en menores de 5 anos,2007-11-01,212,237,212,237,449
ENTRE RIOS,consulta externa,nuevas en menores de 5 anos,2007-11-01,547,519,547,519,1066
ENTRE RIOS,consulta externa,nuevas en menores de 5 anos,2007-11-01,508,493,508,493,1001
ESCARA,consulta externa,nuevas en menores de 5 anos,2007-11-01,4,0,4,0,4
ESMERALDA,consulta externa,nuevas en menores de 5 anos,2007-11-01,8,5,8,5,13
EUCALIPTUS,consulta externa,nuevas en menores de 5 anos,2007-11-01,130,110,130,110,240
EUREKA (SANTOS MERCADO),consulta externa,nuevas en menores de 5 anos,2007-11-01,35,64,35,64,99
EXALTACION,consulta externa,nuevas en menores de 5 anos,2007-11-01,45,40,45,40,85
FERNANDEZ ALONSO,consulta externa,nuevas en menores de 5 anos,2007-11-01,574,477,574,477,1051
FILADELFIA,consulta externa,nuevas en menores de 5 anos,2007-11-01,92,89,92,89,181
GENERAL SAAVEDRA,consulta externa,nuevas en menores de 5 anos,2007-11-01,558,478,558,478,1036
GRAL. J.J. PEREZ (CHARAZANI),consulta externa,nuevas en menores de 5 anos,2007-11-01,199,222,199,222,421
GUANAY,consulta externa,nuevas en menores de 5 anos,2007-11-01,101,243,101,243,344
GUAQUI,consulta externa,nuevas en menores de 5 anos,2007-11-01,61,48,61,48,109
GUAYARAMERIN,consulta externa,nuevas en menores de 5 anos,2007-11-01,1059,924,1059,924,1983
GUTIERREZ,consulta externa,nuevas en menores de 5 anos,2007-11-01,363,398,363,398,761
HUACARETA,consulta externa,nuevas en menores de 5 anos,2007-11-01,243,255,243,255,498
HUACAYA (VILLA DE HUACAYA),consulta externa,nuevas en menores de 5 anos,2007-11-01,131,133,131,133,264
HUACHACALLA,consulta externa,nuevas en menores de 5 anos,2007-11-01,15,14,15,14,29
HUANUNI,consulta externa,nuevas en menores de 5 anos,2007-11-01,486,381,486,381,867
HUARACAJE,consulta externa,nuevas en menores de 5 anos,2007-11-01,94,70,94,70,164
HUAYLLAMARCA,consulta externa,nuevas en menores de 5 anos,2007-11-01,59,46,59,46,105
ICHOCA,consulta externa,nuevas en menores de 5 anos,2007-11-01,48,62,48,62,110
ICLA,consulta externa,nuevas en menores de 5 anos,2007-11-01,270,272,270,272,542
INCAHUASI,consulta externa,nuevas en menores de 5 anos,2007-11-01,657,615,657,615,1272
INGAVI (HUMAITA),consulta externa,nuevas en menores de 5 anos,2007-11-01,10,17,10,17,27
INQUISIVI,consulta externa,nuevas en menores de 5 anos,2007-11-01,164,136,164,136,300
IRUPANA (VILLA DE LANZA),consulta externa,nuevas en menores de 5 anos,2007-11-01,217,258,217,258,475
IXIAMAS,consulta externa,nuevas en menores de 5 anos,2007-11-01,291,258,291,258,549
JESUS DE MACHACA,consulta externa,nuevas en menores de 5 anos,2007-11-01,208,206,208,206,414
LA ASUNTA,consulta externa,nuevas en menores de 5 anos,2007-11-01,686,698,686,698,1384
LA GUARDIA,consulta externa,nuevas en menores de 5 anos,2007-11-01,1345,1255,1345,1255,2600
LA PAZ,consulta externa,nuevas en menores de 5 anos,2007-11-01,13507,13018,13507,13018,26525
LA RIVERA,consulta externa,nuevas en menores de 5 anos,2007-11-01,11,19,11,19,30
LAGUNILLAS,consulta externa,nuevas en menores de 5 anos,2007-11-01,315,293,315,293,608
LAJA,consulta externa,nuevas en menores de 5 anos,2007-11-01,123,109,123,109,232
LAS CARRERAS,consulta externa,nuevas en menores de 5 anos,2007-11-01,86,75,86,75,161
LICOMA PAMPA,consulta externa,nuevas en menores de 5 anos,2007-11-01,39,40,39,40,79
LLALLAGUA,consulta externa,nuevas en menores de 5 anos,2007-11-01,613,546,613,546,1159
LLICA,consulta externa,nuevas en menores de 5 anos,2007-11-01,62,74,62,74,136
LORETO,consulta externa,nuevas en menores de 5 anos,2007-11-01,40,40,40,40,80
LURIBAY,consulta externa,nuevas en menores de 5 anos,2007-11-01,162,165,162,165,327
MACHACAMARCA,consulta externa,nuevas en menores de 5 anos,2007-11-01,70,62,70,62,132
MACHARETI,consulta externa,nuevas en menores de 5 anos,2007-11-01,294,269,294,269,563
MAGDALENA,consulta externa,nuevas en menores de 5 anos,2007-11-01,190,195,190,195,385
MAIRANA,consulta externa,nuevas en menores de 5 anos,2007-11-01,166,110,166,110,276
MALLA,consulta externa,nuevas en menores de 5 anos,2007-11-01,59,39,59,39,98
MAPIRI,consulta externa,nuevas en menores de 5 anos,2007-11-01,287,255,287,255,542
MECAPACA,consulta externa,nuevas en menores de 5 anos,2007-11-01,147,123,147,123,270
MINEROS,consulta externa,nuevas en menores de 5 anos,2007-11-01,406,366,406,366,772
MIZQUE,consulta externa,nuevas en menores de 5 anos,2007-11-01,432,387,432,387,819
MOCOMOCO,consulta externa,nuevas en menores de 5 anos,2007-11-01,170,148,170,148,318
MOJINETE,consulta externa,nuevas en menores de 5 anos,2007-11-01,9,11,9,11,20
MOJOCOYA,consulta externa,nuevas en menores de 5 anos,2007-11-01,138,147,138,147,285
MONTEAGUDO,consulta externa,nuevas en menores de 5 anos,2007-11-01,599,571,599,571,1170
MONTERO,consulta externa,nuevas en menores de 5 anos,2007-11-01,2328,1935,2328,1935,4263
MORO MORO,consulta externa,nuevas en menores de 5 anos,2007-11-01,23,30,23,30,53
MOROCHATA,consulta externa,nuevas en menores de 5 anos,2007-11-01,314,319,314,319,633
NACEBE (SANTA ROSA DEL ABUNA),consulta externa,nuevas en menores de 5 anos,2007-11-01,55,44,55,44,99
NAZACARA DE PACAJES,consulta externa,nuevas en menores de 5 anos,2007-11-01,2,5,2,5,7
NUEVO MANOA (NUEVA ESPERANZA),consulta externa,nuevas en menores de 5 anos,2007-11-01,34,45,34,45,79
OCURI,consulta externa,nuevas en menores de 5 anos,2007-11-01,535,539,535,539,1074
OKINAWA,consulta externa,nuevas en menores de 5 anos,2007-11-01,377,321,377,321,698
OMEREQUE,consulta externa,nuevas en menores de 5 anos,2007-11-01,107,107,107,107,214
ORURO,consulta externa,nuevas en menores de 5 anos,2007-11-01,4636,4104,4636,4104,8740
PADCAYA,consulta externa,nuevas en menores de 5 anos,2007-11-01,415,364,415,364,779
PADILLA,consulta externa,nuevas en menores de 5 anos,2007-11-01,349,322,349,322,671
PAILON,consulta externa,nuevas en menores de 5 anos,2007-11-01,364,357,364,357,721
PALCA,consulta externa,nuevas en menores de 5 anos,2007-11-01,124,109,124,109,233
PALOS BLANCOS,consulta externa,nuevas en menores de 5 anos,2007-11-01,764,624,764,624,1388
PAMPA AULLAGAS,consulta externa,nuevas en menores de 5 anos,2007-11-01,34,42,34,42,76
PAMPA GRANDE,consulta externa,nuevas en menores de 5 anos,2007-11-01,69,51,69,51,120
PAPEL PAMPA,consulta externa,nuevas en menores de 5 anos,2007-11-01,97,97,97,97,194
PASORAPA,consulta externa,nuevas en menores de 5 anos,2007-11-01,55,51,55,51,106
PATACAMAYA,consulta externa,nuevas en menores de 5 anos,2007-11-01,275,174,275,174,449
PAZÑA,consulta externa,nuevas en menores de 5 anos,2007-11-01,168,106,168,106,274
PELECHUCO,consulta externa,nuevas en menores de 5 anos,2007-11-01,93,70,93,70,163
POCOATA,consulta externa,nuevas en menores de 5 anos,2007-11-01,482,847,482,847,1329
POCONA,consulta externa,nuevas en menores de 5 anos,2007-11-01,171,148,171,148,319
POJO (CBBA),consulta externa,nuevas en menores de 5 anos,2007-11-01,108,100,108,100,208
POOPO,consulta externa,nuevas en menores de 5 anos,2007-11-01,87,74,87,74,161
PORCO,consulta externa,nuevas en menores de 5 anos,2007-11-01,156,172,156,172,328
POROMA,consulta externa,nuevas en menores de 5 anos,2007-11-01,482,493,482,493,975
PORONGO,consulta externa,nuevas en menores de 5 anos,2007-11-01,223,189,223,189,412
PORTACHUELO,consulta externa,nuevas en menores de 5 anos,2007-11-01,444,382,444,382,826
PORVENIR,consulta externa,nuevas en menores de 5 anos,2007-11-01,128,90,128,90,218
POSTRER VALLE,consulta externa,nuevas en menores de 5 anos,2007-11-01,30,41,30,41,71
POTOSI,consulta externa,nuevas en menores de 5 anos,2007-11-01,2948,2882,2948,2882,5830
PRESTO,consulta externa,nuevas en menores de 5 anos,2007-11-01,259,199,259,199,458
PUCARA,consulta externa,nuevas en menores de 5 anos,2007-11-01,31,27,31,27,58
PUCARANI,consulta externa,nuevas en menores de 5 anos,2007-11-01,229,200,229,200,429
PUERTO ACOSTA,consulta externa,nuevas en menores de 5 anos,2007-11-01,200,191,200,191,391
PUERTO CARABUCO,consulta externa,nuevas en menores de 5 anos,2007-11-01,154,130,154,130,284
PUERTO GONZALO MORENO,consulta externa,nuevas en menores de 5 anos,2007-11-01,168,181,168,181,349
PUERTO PEREZ,consulta externa,nuevas en menores de 5 anos,2007-11-01,38,27,38,27,65
PUERTO QUIJARRO,consulta externa,nuevas en menores de 5 anos,2007-11-01,267,275,267,275,542
PUERTO RICO,consulta externa,nuevas en menores de 5 anos,2007-11-01,245,226,245,226,471
PUERTO SILES,consulta externa,nuevas en menores de 5 anos,2007-11-01,21,37,21,37,58
PUERTO SUAREZ,consulta externa,nuevas en menores de 5 anos,2007-11-01,299,260,299,260,559
PUERTO VILLARROEL,consulta externa,nuevas en menores de 5 anos,2007-11-01,1302,1132,1302,1132,2434
PUNA,consulta externa,nuevas en menores de 5 anos,2007-11-01,836,655,836,655,1491
PUNATA,consulta externa,nuevas en menores de 5 anos,2007-11-01,355,382,355,382,737
QUIABAYA,consulta externa,nuevas en menores de 5 anos,2007-11-01,37,43,37,43,80
QUILLACOLLO,consulta externa,nuevas en menores de 5 anos,2007-11-01,805,721,805,721,1526
QUIME,consulta externa,nuevas en menores de 5 anos,2007-11-01,127,113,127,113,240
QUIRUSILLAS,consulta externa,nuevas en menores de 5 anos,2007-11-01,37,35,37,35,72
RAVELO,consulta externa,nuevas en menores de 5 anos,2007-11-01,441,360,441,360,801
REYES,consulta externa,nuevas en menores de 5 anos,2007-11-01,263,331,263,331,594
RIBERALTA,consulta externa,nuevas en menores de 5 anos,2007-11-01,2494,2206,2494,2206,4700
ROBORE,consulta externa,nuevas en menores de 5 anos,2007-11-01,340,315,340,315,655
RURRENABAQUE,consulta externa,nuevas en menores de 5 anos,2007-11-01,372,323,372,323,695
SABAYA,consulta externa,nuevas en menores de 5 anos,2007-11-01,72,53,72,53,125
SACABA,consulta externa,nuevas en menores de 5 anos,2007-11-01,1200,1092,1200,1092,2292
SACABAMBA,consulta externa,nuevas en menores de 5 anos,2007-11-01,55,34,55,34,89
SACACA,consulta externa,nuevas en menores de 5 anos,2007-11-01,456,381,456,381,837
SAIPINA,consulta externa,nuevas en menores de 5 anos,2007-11-01,170,158,170,158,328
SALINAS DE GARCI MENDOZA,consulta externa,nuevas en menores de 5 anos,2007-11-01,222,218,222,218,440
SAMAIPATA,consulta externa,nuevas en menores de 5 anos,2007-11-01,135,80,135,80,215
SAN AGUSTIN,consulta externa,nuevas en menores de 5 anos,2007-11-01,22,41,22,41,63
SAN ANDRES,consulta externa,nuevas en menores de 5 anos,2007-11-01,296,264,296,264,560
SAN ANDRES DE MACHACA,consulta externa,nuevas en menores de 5 anos,2007-11-01,96,58,96,58,154
SAN ANTONIO DE ESMORUCO,consulta externa,nuevas en menores de 5 anos,2007-11-01,33,47,33,47,80
SAN ANTONIO DE LOMERIO,consulta externa,nuevas en menores de 5 anos,2007-11-01,83,91,83,91,174
SAN BENITO,consulta externa,nuevas en menores de 5 anos,2007-11-01,126,125,126,125,251
SAN BORJA,consulta externa,nuevas en menores de 5 anos,2007-11-01,564,567,564,567,1131
SAN BUENA VENTURA,consulta externa,nuevas en menores de 5 anos,2007-11-01,257,267,257,267,524
SAN CARLOS,consulta externa,nuevas en menores de 5 anos,2007-11-01,375,332,375,332,707
SAN IGNACIO,consulta externa,nuevas en menores de 5 anos,2007-11-01,674,519,674,519,1193
SAN IGNACIO DE VELASCO,consulta externa,nuevas en menores de 5 anos,2007-11-01,1241,1137,1241,1137,2378
SAN JAVIER(BNI),consulta externa,nuevas en menores de 5 anos,2007-11-01,50,59,50,59,109
SAN JAVIER(STC),consulta externa,nuevas en menores de 5 anos,2007-11-01,152,148,152,148,300
SAN JOAQUIN,consulta externa,nuevas en menores de 5 anos,2007-11-01,125,137,125,137,262
SAN JOSE DE CHIQUITOS,consulta externa,nuevas en menores de 5 anos,2007-11-01,324,326,324,326,650
SAN JUAN DE YAPACANI,consulta externa,nuevas en menores de 5 anos,2007-11-01,351,321,351,321,672
SAN JULIAN,consulta externa,nuevas en menores de 5 anos,2007-11-01,841,1307,841,1307,2148
SAN LORENZO(PND),consulta externa,nuevas en menores de 5 anos,2007-11-01,209,205,209,205,414
SAN LORENZO(TJA),consulta externa,nuevas en menores de 5 anos,2007-11-01,381,398,381,398,779
SAN LUCAS,consulta externa,nuevas en menores de 5 anos,2007-11-01,1210,1225,1210,1225,2435
SAN MATIAS,consulta externa,nuevas en menores de 5 anos,2007-11-01,294,280,294,280,574
SAN MIGUEL DE VELASCO,consulta externa,nuevas en menores de 5 anos,2007-11-01,172,158,172,158,330
SAN PABLO DE LIPEZ,consulta externa,nuevas en menores de 5 anos,2007-11-01,95,88,95,88,183
SAN PEDRO,consulta externa,nuevas en menores de 5 anos,2007-11-01,563,582,563,582,1145
SAN PEDRO DE BUENA VISTA,consulta externa,nuevas en menores de 5 anos,2007-11-01,611,547,611,547,1158
SAN PEDRO DE CURAHUARA,consulta externa,nuevas en menores de 5 anos,2007-11-01,68,66,68,66,134
SAN PEDRO DE QUEMES,consulta externa,nuevas en menores de 5 anos,2007-11-01,15,14,15,14,29
SAN PEDRO DE TIQUINA,consulta externa,nuevas en menores de 5 anos,2007-11-01,24,29,24,29,53
SAN PEDRO(PND),consulta externa,nuevas en menores de 5 anos,2007-11-01,23,24,23,24,47
SAN RAFAEL,consulta externa,nuevas en menores de 5 anos,2007-11-01,123,92,123,92,215
SAN RAMON,consulta externa,nuevas en menores de 5 anos,2007-11-01,173,151,173,151,324
SAN RAMON,consulta externa,nuevas en menores de 5 anos,2007-11-01,158,165,158,165,323
SANTA ANA,consulta externa,nuevas en menores de 5 anos,2007-11-01,363,274,363,274,637
SANTA CRUZ DE LA SIERRA,consulta externa,nuevas en menores de 5 anos,2007-11-01,18238,17904,18238,17904,36142
SANTA ROSA,consulta externa,nuevas en menores de 5 anos,2007-11-01,146,149,146,149,295
SANTA ROSA DEL SARA,consulta externa,nuevas en menores de 5 anos,2007-11-01,545,561,545,561,1106
SANTIAGO DE CALLAPA,consulta externa,nuevas en menores de 5 anos,2007-11-01,29,46,29,46,75
SANTIAGO DE HUARI,consulta externa,nuevas en menores de 5 anos,2007-11-01,129,115,129,115,244
SANTIAGO DE MACHACA,consulta externa,nuevas en menores de 5 anos,2007-11-01,37,25,37,25,62
SANTIVAÑES,consulta externa,nuevas en menores de 5 anos,2007-11-01,78,69,78,69,147
SANTUARIO DE QUILLACAS,consulta externa,nuevas en menores de 5 anos,2007-11-01,43,30,43,30,73
SAPAHAQUI,consulta externa,nuevas en menores de 5 anos,2007-11-01,125,85,125,85,210
SENA,consulta externa,nuevas en menores de 5 anos,2007-11-01,44,59,44,59,103
SICA SICA (VILLA AROMA),consulta externa,nuevas en menores de 5 anos,2007-11-01,257,248,257,248,505
SICAYA,consulta externa,nuevas en menores de 5 anos,2007-11-01,43,34,43,34,77
SIPE SIPE,consulta externa,nuevas en menores de 5 anos,2007-11-01,372,286,372,286,658
SOPACHUY,consulta externa,nuevas en menores de 5 anos,2007-11-01,210,219,210,219,429
SORACACHI,consulta externa,nuevas en menores de 5 anos,2007-11-01,129,114,129,114,243
SORATA,consulta externa,nuevas en menores de 5 anos,2007-11-01,200,187,200,187,387
SUCRE,consulta externa,nuevas en menores de 5 anos,2007-11-01,6959,4936,6959,4936,11895
TACACHI,consulta externa,nuevas en menores de 5 anos,2007-11-01,7,5,7,5,12
TACACOMA,consulta externa,nuevas en menores de 5 anos,2007-11-01,83,101,83,101,184
TACOBAMBA,consulta externa,nuevas en menores de 5 anos,2007-11-01,107,100,107,100,207
TACOPAYA,consulta externa,nuevas en menores de 5 anos,2007-11-01,140,133,140,133,273
TAHUA,consulta externa,nuevas en menores de 5 anos,2007-11-01,26,22,26,22,48
TAPACARI,consulta externa,nuevas en menores de 5 anos,2007-11-01,577,552,577,552,1129
TARABUCO,consulta externa,nuevas en menores de 5 anos,2007-11-01,652,633,652,633,1285
TARACO,consulta externa,nuevas en menores de 5 anos,2007-11-01,35,27,35,27,62
TARATA,consulta externa,nuevas en menores de 5 anos,2007-11-01,94,108,94,108,202
TARIJA,consulta externa,nuevas en menores de 5 anos,2007-11-01,3746,3316,3746,3316,7062
TARVITA,consulta externa,nuevas en menores de 5 anos,2007-11-01,651,604,651,604,1255
TEOPONTE,consulta externa,nuevas en menores de 5 anos,2007-11-01,169,178,169,178,347
TIAWANACU,consulta externa,nuevas en menores de 5 anos,2007-11-01,139,107,139,107,246
TINGUIPAYA,consulta externa,nuevas en menores de 5 anos,2007-11-01,268,280,268,280,548
TIPUANI,consulta externa,nuevas en menores de 5 anos,2007-11-01,216,178,216,178,394
TIQUIPAYA,consulta externa,nuevas en menores de 5 anos,2007-11-01,756,643,756,643,1399
TIRAQUE (CBBA),consulta externa,nuevas en menores de 5 anos,2007-11-01,800,702,800,702,1502
TITO YUPANQUI (PARQUIPUJIO),consulta externa,nuevas en menores de 5 anos,2007-11-01,14,32,14,32,46
TOCO,consulta externa,nuevas en menores de 5 anos,2007-11-01,60,58,60,58,118
TODOS SANTOS,consulta externa,nuevas en menores de 5 anos,2007-11-01,24,9,24,9,33
TOLATA,consulta externa,nuevas en menores de 5 anos,2007-11-01,68,67,68,67,135
TOLEDO,consulta externa,nuevas en menores de 5 anos,2007-11-01,96,64,96,64,160
TOMAVE,consulta externa,nuevas en menores de 5 anos,2007-11-01,181,164,181,164,345
TOMINA,consulta externa,nuevas en menores de 5 anos,2007-11-01,304,350,304,350,654
TORO TORO,consulta externa,nuevas en menores de 5 anos,2007-11-01,421,256,421,256,677
TOTORA(CBBA),consulta externa,nuevas en menores de 5 anos,2007-11-01,168,157,168,157,325
TOTORA(ORR),consulta externa,nuevas en menores de 5 anos,2007-11-01,85,109,85,109,194
TRIGAL,consulta externa,nuevas en menores de 5 anos,2007-11-01,42,23,42,23,65
TRINIDAD,consulta externa,nuevas en menores de 5 anos,2007-11-01,2162,1656,2162,1656,3818
TUPIZA,consulta externa,nuevas en menores de 5 anos,2007-11-01,1150,1065,1150,1065,2215
TURCO,consulta externa,nuevas en menores de 5 anos,2007-11-01,114,108,114,108,222
UMALA,consulta externa,nuevas en menores de 5 anos,2007-11-01,50,47,50,47,97
UNCIA,consulta externa,nuevas en menores de 5 anos,2007-11-01,790,672,790,672,1462
URIONDO (A. CONCEPCION),consulta externa,nuevas en menores de 5 anos,2007-11-01,430,399,430,399,829
URUBICHA,consulta externa,nuevas en menores de 5 anos,2007-11-01,151,150,151,150,301
UYUNI,consulta externa,nuevas en menores de 5 anos,2007-11-01,317,337,317,337,654
VACAS,consulta externa,nuevas en menores de 5 anos,2007-11-01,141,116,141,116,257
VALLEGRANDE,consulta externa,nuevas en menores de 5 anos,2007-11-01,132,136,132,136,268
VIACHA,consulta externa,nuevas en menores de 5 anos,2007-11-01,513,498,513,498,1011
VILA VILA,consulta externa,nuevas en menores de 5 anos,2007-11-01,64,66,64,66,130
VILLA MONTES,consulta externa,nuevas en menores de 5 anos,2007-11-01,564,566,564,566,1130
VILLA NUEVA (LOMA ALTA),consulta externa,nuevas en menores de 5 anos,2007-11-01,79,62,79,62,141
VILLA RIVERO,consulta externa,nuevas en menores de 5 anos,2007-11-01,43,52,43,52,95
VILLA SERRANO,consulta externa,nuevas en menores de 5 anos,2007-11-01,496,466,496,466,962
VILLA TUNARI,consulta externa,nuevas en menores de 5 anos,2007-11-01,1714,1501,1714,1501,3215
VILLA VACA GUZMAN (MUYUPAMPA),consulta externa,nuevas en menores de 5 anos,2007-11-01,233,268,233,268,501
VILLAZON,consulta externa,nuevas en menores de 5 anos,2007-11-01,835,762,835,762,1597
VINTO,consulta externa,nuevas en menores de 5 anos,2007-11-01,274,262,274,262,536
VITICHI,consulta externa,nuevas en menores de 5 anos,2007-11-01,130,136,130,136,266
WALDO BALLIVIAN,consulta externa,nuevas en menores de 5 anos,2007-11-01,26,21,26,21,47
WARNES,consulta externa,nuevas en menores de 5 anos,2007-11-01,1067,1006,1067,1006,2073
YACO,consulta externa,nuevas en menores de 5 anos,2007-11-01,169,169,169,169,338
YACUIBA,consulta externa,nuevas en menores de 5 anos,2007-11-01,2089,1863,2089,1863,3952
YAMPARAEZ,consulta externa,nuevas en menores de 5 anos,2007-11-01,196,184,196,184,380
YANACACHI,consulta externa,nuevas en menores de 5 anos,2007-11-01,61,72,61,72,133
YAPACANI,consulta externa,nuevas en menores de 5 anos,2007-11-01,592,548,592,548,1140
YOCALLA,consulta externa,nuevas en menores de 5 anos,2007-11-01,116,81,116,81,197
YOTALA,consulta externa,nuevas en menores de 5 anos,2007-11-01,196,156,196,156,352
YUNCHARA,consulta externa,nuevas en menores de 5 anos,2007-11-01,150,156,150,156,306
ZUDAÑEZ,consulta externa,nuevas en menores de 5 anos,2007-11-01,274,280,274,280,554
ACACIO,consulta externa,nuevas en menores de 5 anos,2007-12-01,112,95,112,95,207
ACHACACHI,consulta externa,nuevas en menores de 5 anos,2007-12-01,268,235,268,235,503
ACHOCALLA,consulta externa,nuevas en menores de 5 anos,2007-12-01,91,104,91,104,195
AIQUILE,consulta externa,nuevas en menores de 5 anos,2007-12-01,271,282,271,282,553
ALALAY,consulta externa,nuevas en menores de 5 anos,2007-12-01,35,48,35,48,83
ALCALA,consulta externa,nuevas en menores de 5 anos,2007-12-01,139,167,139,167,306
ANCORAIMES,consulta externa,nuevas en menores de 5 anos,2007-12-01,126,123,126,123,249
ANDAMARCA,consulta externa,nuevas en menores de 5 anos,2007-12-01,67,48,67,48,115
ANTEQUERA,consulta externa,nuevas en menores de 5 anos,2007-12-01,34,46,34,46,80
ANZALDO,consulta externa,nuevas en menores de 5 anos,2007-12-01,65,57,65,57,122
APOLO,consulta externa,nuevas en menores de 5 anos,2007-12-01,341,341,341,341,682
ARAMPAMPA,consulta externa,nuevas en menores de 5 anos,2007-12-01,134,122,134,122,256
ARANI,consulta externa,nuevas en menores de 5 anos,2007-12-01,106,80,106,80,186
ARBIETO,consulta externa,nuevas en menores de 5 anos,2007-12-01,172,194,172,194,366
ARQUE,consulta externa,nuevas en menores de 5 anos,2007-12-01,146,118,146,118,264
ASCENCION DE GUARAYOS,consulta externa,nuevas en menores de 5 anos,2007-12-01,337,316,337,316,653
ATOCHA,consulta externa,nuevas en menores de 5 anos,2007-12-01,296,337,296,337,633
AUCAPATA,consulta externa,nuevas en menores de 5 anos,2007-12-01,84,77,84,77,161
AYATA,consulta externa,nuevas en menores de 5 anos,2007-12-01,125,114,125,114,239
AYO AYO,consulta externa,nuevas en menores de 5 anos,2007-12-01,69,59,69,59,128
AYOPAYA (V. DE INDEPENDENCIA),consulta externa,nuevas en menores de 5 anos,2007-12-01,354,347,354,347,701
AZURDUY,consulta externa,nuevas en menores de 5 anos,2007-12-01,370,345,370,345,715
BATALLAS,consulta externa,nuevas en menores de 5 anos,2007-12-01,113,85,113,85,198
BAURES,consulta externa,nuevas en menores de 5 anos,2007-12-01,87,66,87,66,153
BELEN DE ANDAMARCA,consulta externa,nuevas en menores de 5 anos,2007-12-01,14,8,14,8,22
BELEN DE URMIRI,consulta externa,nuevas en menores de 5 anos,2007-12-01,37,23,37,23,60
BELLA FLOR,consulta externa,nuevas en menores de 5 anos,2007-12-01,36,20,36,20,56
BERMEJO,consulta externa,nuevas en menores de 5 anos,2007-12-01,830,850,830,850,1680
BETANZOS,consulta externa,nuevas en menores de 5 anos,2007-12-01,611,528,611,528,1139
BOLIVAR,consulta externa,nuevas en menores de 5 anos,2007-12-01,111,87,111,87,198
BOLPEBRA,consulta externa,nuevas en menores de 5 anos,2007-12-01,40,40,40,40,80
BOYUIBE,consulta externa,nuevas en menores de 5 anos,2007-12-01,57,60,57,60,117
BUENA VISTA,consulta externa,nuevas en menores de 5 anos,2007-12-01,332,289,332,289,621
CABEZAS,consulta externa,nuevas en menores de 5 anos,2007-12-01,597,481,597,481,1078
CAIROMA,consulta externa,nuevas en menores de 5 anos,2007-12-01,161,136,161,136,297
"CAIZA ""D""",consulta externa,nuevas en menores de 5 anos,2007-12-01,126,103,126,103,229
CAJUATA,consulta externa,nuevas en menores de 5 anos,2007-12-01,145,159,145,159,304
CALACOTO,consulta externa,nuevas en menores de 5 anos,2007-12-01,54,67,54,67,121
CALAMARCA,consulta externa,nuevas en menores de 5 anos,2007-12-01,160,156,160,156,316
CAMARGO,consulta externa,nuevas en menores de 5 anos,2007-12-01,241,316,241,316,557
CAMATAQUI (C. VILLA ABECIA),consulta externa,nuevas en menores de 5 anos,2007-12-01,73,74,73,74,147
CAMIRI,consulta externa,nuevas en menores de 5 anos,2007-12-01,748,652,748,652,1400
CAPINOTA,consulta externa,nuevas en menores de 5 anos,2007-12-01,346,288,346,288,634
CAQUIAVIRI,consulta externa,nuevas en menores de 5 anos,2007-12-01,75,71,75,71,146
CARACOLLO,consulta externa,nuevas en menores de 5 anos,2007-12-01,187,180,187,180,367
CARANAVI,consulta externa,nuevas en menores de 5 anos,2007-12-01,1026,893,1026,893,1919
CARANGAS,consulta externa,nuevas en menores de 5 anos,2007-12-01,1,8,1,8,9
CARAPARI,consulta externa,nuevas en menores de 5 anos,2007-12-01,230,234,230,234,464
CARIPUYO,consulta externa,nuevas en menores de 5 anos,2007-12-01,192,204,192,204,396
CARMEN RIVERO TORREZ,consulta externa,nuevas en menores de 5 anos,2007-12-01,69,47,69,47,116
CATACORA,consulta externa,nuevas en menores de 5 anos,2007-12-01,18,14,18,14,32
CHACARILLA,consulta externa,nuevas en menores de 5 anos,2007-12-01,7,7,7,7,14
CHALLAPATA,consulta externa,nuevas en menores de 5 anos,2007-12-01,303,258,303,258,561
CHAQUI,consulta externa,nuevas en menores de 5 anos,2007-12-01,104,67,104,67,171
CHARAGUA,consulta externa,nuevas en menores de 5 anos,2007-12-01,588,563,588,563,1151
CHARAÑA,consulta externa,nuevas en menores de 5 anos,2007-12-01,16,25,16,25,41
CHAYANTA,consulta externa,nuevas en menores de 5 anos,2007-12-01,343,335,343,335,678
CHIMORE,consulta externa,nuevas en menores de 5 anos,2007-12-01,450,403,450,403,853
CHIPAYA,consulta externa,nuevas en menores de 5 anos,2007-12-01,12,20,12,20,32
CHOQUE COTA,consulta externa,nuevas en menores de 5 anos,2007-12-01,21,8,21,8,29
CHULUMANI (V. DE LA LIBERTAD),consulta externa,nuevas en menores de 5 anos,2007-12-01,271,223,271,223,494
CHUMA,consulta externa,nuevas en menores de 5 anos,2007-12-01,98,123,98,123,221
CLIZA,consulta externa,nuevas en menores de 5 anos,2007-12-01,168,180,168,180,348
COBIJA,consulta externa,nuevas en menores de 5 anos,2007-12-01,716,601,716,601,1317
COCHABAMBA,consulta externa,nuevas en menores de 5 anos,2007-12-01,7585,7488,7585,7488,15073
COIPASA,consulta externa,nuevas en menores de 5 anos,2007-12-01,2,6,2,6,8
COLCAPIRHUA,consulta externa,nuevas en menores de 5 anos,2007-12-01,424,367,424,367,791
"COLCHA ""K""",consulta externa,nuevas en menores de 5 anos,2007-12-01,124,91,124,91,215
COLLANA,consulta externa,nuevas en menores de 5 anos,2007-12-01,18,13,18,13,31
COLOMI,consulta externa,nuevas en menores de 5 anos,2007-12-01,221,199,221,199,420
COLPA BELGICA,consulta externa,nuevas en menores de 5 anos,2007-12-01,164,141,164,141,305
COLQUECHACA,consulta externa,nuevas en menores de 5 anos,2007-12-01,759,720,759,720,1479
COLQUENCHA,consulta externa,nuevas en menores de 5 anos,2007-12-01,104,68,104,68,172
COLQUIRI,consulta externa,nuevas en menores de 5 anos,2007-12-01,205,215,205,215,420
COMANCHE,consulta externa,nuevas en menores de 5 anos,2007-12-01,33,28,33,28,61
COMARAPA,consulta externa,nuevas en menores de 5 anos,2007-12-01,365,314,365,314,679
COMBAYA,consulta externa,nuevas en menores de 5 anos,2007-12-01,49,42,49,42,91
CONCEPCION,consulta externa,nuevas en menores de 5 anos,2007-12-01,120,105,120,105,225
COPACABANA,consulta externa,nuevas en menores de 5 anos,2007-12-01,111,92,111,92,203
CORIPATA,consulta externa,nuevas en menores de 5 anos,2007-12-01,230,208,230,208,438
CORO CORO,consulta externa,nuevas en menores de 5 anos,2007-12-01,86,69,86,69,155
COROICO,consulta externa,nuevas en menores de 5 anos,2007-12-01,152,154,152,154,306
CORQUE,consulta externa,nuevas en menores de 5 anos,2007-12-01,88,97,88,97,185
COTAGAITA,consulta externa,nuevas en menores de 5 anos,2007-12-01,488,444,488,444,932
COTOCA,consulta externa,nuevas en menores de 5 anos,2007-12-01,653,574,653,574,1227
CUATRO CAÑADAS,consulta externa,nuevas en menores de 5 anos,2007-12-01,426,337,426,337,763
CUCHUMUELA (V. G. VILLARROEL),consulta externa,nuevas en menores de 5 anos,2007-12-01,17,15,17,15,32
CUEVO,consulta externa,nuevas en menores de 5 anos,2007-12-01,70,84,70,84,154
CULPINA,consulta externa,nuevas en menores de 5 anos,2007-12-01,451,465,451,465,916
CURAHUARA DE CARANGAS,consulta externa,nuevas en menores de 5 anos,2007-12-01,76,61,76,61,137
CURVA,consulta externa,nuevas en menores de 5 anos,2007-12-01,45,42,45,42,87
DESAGUADERO,consulta externa,nuevas en menores de 5 anos,2007-12-01,37,29,37,29,66
EL ALTO,consulta externa,nuevas en menores de 5 anos,2007-12-01,8030,7677,8030,7677,15707
EL CHORO,consulta externa,nuevas en menores de 5 anos,2007-12-01,75,74,75,74,149
EL PUENTE(STC),consulta externa,nuevas en menores de 5 anos,2007-12-01,321,312,321,312,633
EL PUENTE(TJA),consulta externa,nuevas en menores de 5 anos,2007-12-01,268,246,268,246,514
EL TORNO,consulta externa,nuevas en menores de 5 anos,2007-12-01,1112,1025,1112,1025,2137
EL VILLAR,consulta externa,nuevas en menores de 5 anos,2007-12-01,129,144,129,144,273
ENTRE RIOS,consulta externa,nuevas en menores de 5 anos,2007-12-01,447,432,447,432,879
ENTRE RIOS,consulta externa,nuevas en menores de 5 anos,2007-12-01,478,432,478,432,910
ESMERALDA,consulta externa,nuevas en menores de 5 anos,2007-12-01,4,0,4,0,4
EUCALIPTUS,consulta externa,nuevas en menores de 5 anos,2007-12-01,104,126,104,126,230
EUREKA (SANTOS MERCADO),consulta externa,nuevas en menores de 5 anos,2007-12-01,24,22,24,22,46
EXALTACION,consulta externa,nuevas en menores de 5 anos,2007-12-01,22,22,22,22,44
FERNANDEZ ALONSO,consulta externa,nuevas en menores de 5 anos,2007-12-01,518,407,518,407,925
FILADELFIA,consulta externa,nuevas en menores de 5 anos,2007-12-01,129,110,129,110,239
GENERAL SAAVEDRA,consulta externa,nuevas en menores de 5 anos,2007-12-01,433,501,433,501,934
GRAL. J.J. PEREZ (CHARAZANI),consulta externa,nuevas en menores de 5 anos,2007-12-01,110,109,110,109,219
GUANAY,consulta externa,nuevas en menores de 5 anos,2007-12-01,272,251,272,251,523
GUAQUI,consulta externa,nuevas en menores de 5 anos,2007-12-01,49,34,49,34,83
GUAYARAMERIN,consulta externa,nuevas en menores de 5 anos,2007-12-01,1340,1341,1340,1341,2681
GUTIERREZ,consulta externa,nuevas en menores de 5 anos,2007-12-01,530,421,530,421,951
HUACARETA,consulta externa,nuevas en menores de 5 anos,2007-12-01,208,182,208,182,390
HUACAYA (VILLA DE HUACAYA),consulta externa,nuevas en menores de 5 anos,2007-12-01,55,65,55,65,120
HUACHACALLA,consulta externa,nuevas en menores de 5 anos,2007-12-01,21,11,21,11,32
HUANUNI,consulta externa,nuevas en menores de 5 anos,2007-12-01,381,344,381,344,725
HUARACAJE,consulta externa,nuevas en menores de 5 anos,2007-12-01,63,47,63,47,110
HUAYLLAMARCA,consulta externa,nuevas en menores de 5 anos,2007-12-01,24,13,24,13,37
ICHOCA,consulta externa,nuevas en menores de 5 anos,2007-12-01,26,38,26,38,64
ICLA,consulta externa,nuevas en menores de 5 anos,2007-12-01,343,295,343,295,638
INCAHUASI,consulta externa,nuevas en menores de 5 anos,2007-12-01,500,442,500,442,942
INGAVI (HUMAITA),consulta externa,nuevas en menores de 5 anos,2007-12-01,20,29,20,29,49
INQUISIVI,consulta externa,nuevas en menores de 5 anos,2007-12-01,169,166,169,166,335
IRUPANA (VILLA DE LANZA),consulta externa,nuevas en menores de 5 anos,2007-12-01,229,245,229,245,474
IXIAMAS,consulta externa,nuevas en menores de 5 anos,2007-12-01,185,159,185,159,344
JESUS DE MACHACA,consulta externa,nuevas en menores de 5 anos,2007-12-01,139,176,139,176,315
LA ASUNTA,consulta externa,nuevas en menores de 5 anos,2007-12-01,527,473,527,473,1000
LA GUARDIA,consulta externa,nuevas en menores de 5 anos,2007-12-01,1326,1200,1326,1200,2526
LA PAZ,consulta externa,nuevas en menores de 5 anos,2007-12-01,10898,10329,10898,10329,21227
LA RIVERA,consulta externa,nuevas en menores de 5 anos,2007-12-01,3,6,3,6,9
LAGUNILLAS,consulta externa,nuevas en menores de 5 anos,2007-12-01,281,340,281,340,621
LAJA,consulta externa,nuevas en menores de 5 anos,2007-12-01,118,94,118,94,212
LAS CARRERAS,consulta externa,nuevas en menores de 5 anos,2007-12-01,92,59,92,59,151
LICOMA PAMPA,consulta externa,nuevas en menores de 5 anos,2007-12-01,32,26,32,26,58
LLALLAGUA,consulta externa,nuevas en menores de 5 anos,2007-12-01,597,493,597,493,1090
LLICA,consulta externa,nuevas en menores de 5 anos,2007-12-01,38,38,38,38,76
LORETO,consulta externa,nuevas en menores de 5 anos,2007-12-01,86,60,86,60,146
LURIBAY,consulta externa,nuevas en menores de 5 anos,2007-12-01,138,131,138,131,269
MACHACAMARCA,consulta externa,nuevas en menores de 5 anos,2007-12-01,47,46,47,46,93
MACHARETI,consulta externa,nuevas en menores de 5 anos,2007-12-01,207,247,207,247,454
MAGDALENA,consulta externa,nuevas en menores de 5 anos,2007-12-01,165,188,165,188,353
MAIRANA,consulta externa,nuevas en menores de 5 anos,2007-12-01,169,134,169,134,303
MALLA,consulta externa,nuevas en menores de 5 anos,2007-12-01,36,28,36,28,64
MAPIRI,consulta externa,nuevas en menores de 5 anos,2007-12-01,232,209,232,209,441
MECAPACA,consulta externa,nuevas en menores de 5 anos,2007-12-01,124,112,124,112,236
MINEROS,consulta externa,nuevas en menores de 5 anos,2007-12-01,411,308,411,308,719
MIZQUE,consulta externa,nuevas en menores de 5 anos,2007-12-01,244,200,244,200,444
MOCOMOCO,consulta externa,nuevas en menores de 5 anos,2007-12-01,86,78,86,78,164
MOJINETE,consulta externa,nuevas en menores de 5 anos,2007-12-01,13,8,13,8,21
MOJOCOYA,consulta externa,nuevas en menores de 5 anos,2007-12-01,137,115,137,115,252
MONTEAGUDO,consulta externa,nuevas en menores de 5 anos,2007-12-01,608,451,608,451,1059
MONTERO,consulta externa,nuevas en menores de 5 anos,2007-12-01,2439,2272,2439,2272,4711
MORO MORO,consulta externa,nuevas en menores de 5 anos,2007-12-01,43,30,43,30,73
MOROCHATA,consulta externa,nuevas en menores de 5 anos,2007-12-01,201,162,201,162,363
NACEBE (SANTA ROSA DEL ABUNA),consulta externa,nuevas en menores de 5 anos,2007-12-01,27,28,27,28,55
NAZACARA DE PACAJES,consulta externa,nuevas en menores de 5 anos,2007-12-01,4,1,4,1,5
NUEVO MANOA (NUEVA ESPERANZA),consulta externa,nuevas en menores de 5 anos,2007-12-01,53,56,53,56,109
OCURI,consulta externa,nuevas en menores de 5 anos,2007-12-01,360,359,360,359,719
OKINAWA,consulta externa,nuevas en menores de 5 anos,2007-12-01,303,284,303,284,587
OMEREQUE,consulta externa,nuevas en menores de 5 anos,2007-12-01,128,115,128,115,243
ORURO,consulta externa,nuevas en menores de 5 anos,2007-12-01,4305,3494,4305,3494,7799
PADCAYA,consulta externa,nuevas en menores de 5 anos,2007-12-01,371,364,371,364,735
PADILLA,consulta externa,nuevas en menores de 5 anos,2007-12-01,247,248,247,248,495
PAILON,consulta externa,nuevas en menores de 5 anos,2007-12-01,384,333,384,333,717
PALCA,consulta externa,nuevas en menores de 5 anos,2007-12-01,63,80,63,80,143
PALOS BLANCOS,consulta externa,nuevas en menores de 5 anos,2007-12-01,520,439,520,439,959
PAMPA AULLAGAS,consulta externa,nuevas en menores de 5 anos,2007-12-01,27,30,27,30,57
PAMPA GRANDE,consulta externa,nuevas en menores de 5 anos,2007-12-01,80,70,80,70,150
PAPEL PAMPA,consulta externa,nuevas en menores de 5 anos,2007-12-01,60,55,60,55,115
PASORAPA,consulta externa,nuevas en menores de 5 anos,2007-12-01,53,51,53,51,104
PATACAMAYA,consulta externa,nuevas en menores de 5 anos,2007-12-01,224,188,224,188,412
PAZÑA,consulta externa,nuevas en menores de 5 anos,2007-12-01,98,55,98,55,153
PELECHUCO,consulta externa,nuevas en menores de 5 anos,2007-12-01,134,92,134,92,226
POCOATA,consulta externa,nuevas en menores de 5 anos,2007-12-01,427,451,427,451,878
POCONA,consulta externa,nuevas en menores de 5 anos,2007-12-01,150,133,150,133,283
POJO (CBBA),consulta externa,nuevas en menores de 5 anos,2007-12-01,99,74,99,74,173
POOPO,consulta externa,nuevas en menores de 5 anos,2007-12-01,63,70,63,70,133
PORCO,consulta externa,nuevas en menores de 5 anos,2007-12-01,172,159,172,159,331
POROMA,consulta externa,nuevas en menores de 5 anos,2007-12-01,280,218,280,218,498
PORONGO,consulta externa,nuevas en menores de 5 anos,2007-12-01,212,189,212,189,401
PORTACHUELO,consulta externa,nuevas en menores de 5 anos,2007-12-01,468,383,468,383,851
PORVENIR,consulta externa,nuevas en menores de 5 anos,2007-12-01,116,101,116,101,217
POSTRER VALLE,consulta externa,nuevas en menores de 5 anos,2007-12-01,45,24,45,24,69
POTOSI,consulta externa,nuevas en menores de 5 anos,2007-12-01,2866,2755,2866,2755,5621
PRESTO,consulta externa,nuevas en menores de 5 anos,2007-12-01,195,150,195,150,345
PUCARA,consulta externa,nuevas en menores de 5 anos,2007-12-01,21,19,21,19,40
PUCARANI,consulta externa,nuevas en menores de 5 anos,2007-12-01,188,210,188,210,398
PUERTO ACOSTA,consulta externa,nuevas en menores de 5 anos,2007-12-01,143,112,143,112,255
PUERTO CARABUCO,consulta externa,nuevas en menores de 5 anos,2007-12-01,115,104,115,104,219
PUERTO GONZALO MORENO,consulta externa,nuevas en menores de 5 anos,2007-12-01,141,137,141,137,278
PUERTO PEREZ,consulta externa,nuevas en menores de 5 anos,2007-12-01,47,23,47,23,70
PUERTO QUIJARRO,consulta externa,nuevas en menores de 5 anos,2007-12-01,266,206,266,206,472
PUERTO RICO,consulta externa,nuevas en menores de 5 anos,2007-12-01,257,222,257,222,479
PUERTO SILES,consulta externa,nuevas en menores de 5 anos,2007-12-01,37,35,37,35,72
PUERTO SUAREZ,consulta externa,nuevas en menores de 5 anos,2007-12-01,243,226,243,226,469
PUERTO VILLARROEL,consulta externa,nuevas en menores de 5 anos,2007-12-01,1098,961,1098,961,2059
PUNA,consulta externa,nuevas en menores de 5 anos,2007-12-01,602,568,602,568,1170
PUNATA,consulta externa,nuevas en menores de 5 anos,2007-12-01,349,337,349,337,686
QUIABAYA,consulta externa,nuevas en menores de 5 anos,2007-12-01,31,17,31,17,48
QUILLACOLLO,consulta externa,nuevas en menores de 5 anos,2007-12-01,663,672,663,672,1335
QUIME,consulta externa,nuevas en menores de 5 anos,2007-12-01,79,82,79,82,161
QUIRUSILLAS,consulta externa,nuevas en menores de 5 anos,2007-12-01,41,35,41,35,76
RAVELO,consulta externa,nuevas en menores de 5 anos,2007-12-01,373,300,373,300,673
REYES,consulta externa,nuevas en menores de 5 anos,2007-12-01,169,182,169,182,351
RIBERALTA,consulta externa,nuevas en menores de 5 anos,2007-12-01,2027,1857,2027,1857,3884
ROBORE,consulta externa,nuevas en menores de 5 anos,2007-12-01,271,230,271,230,501
RURRENABAQUE,consulta externa,nuevas en menores de 5 anos,2007-12-01,406,410,406,410,816
SABAYA,consulta externa,nuevas en menores de 5 anos,2007-12-01,74,50,74,50,124
SACABA,consulta externa,nuevas en menores de 5 anos,2007-12-01,870,751,870,751,1621
SACABAMBA,consulta externa,nuevas en menores de 5 anos,2007-12-01,27,28,27,28,55
SACACA,consulta externa,nuevas en menores de 5 anos,2007-12-01,515,504,515,504,1019
SAIPINA,consulta externa,nuevas en menores de 5 anos,2007-12-01,115,77,115,77,192
SALINAS DE GARCI MENDOZA,consulta externa,nuevas en menores de 5 anos,2007-12-01,235,208,235,208,443
SAMAIPATA,consulta externa,nuevas en menores de 5 anos,2007-12-01,113,78,113,78,191
SAN AGUSTIN,consulta externa,nuevas en menores de 5 anos,2007-12-01,16,24,16,24,40
SAN ANDRES,consulta externa,nuevas en menores de 5 anos,2007-12-01,328,257,328,257,585
SAN ANDRES DE MACHACA,consulta externa,nuevas en menores de 5 anos,2007-12-01,38,36,38,36,74
SAN ANTONIO DE ESMORUCO,consulta externa,nuevas en menores de 5 anos,2007-12-01,35,40,35,40,75
SAN ANTONIO DE LOMERIO,consulta externa,nuevas en menores de 5 anos,2007-12-01,95,96,95,96,191
SAN BENITO,consulta externa,nuevas en menores de 5 anos,2007-12-01,162,128,162,128,290
SAN BORJA,consulta externa,nuevas en menores de 5 anos,2007-12-01,588,626,588,626,1214
SAN BUENA VENTURA,consulta externa,nuevas en menores de 5 anos,2007-12-01,299,316,299,316,615
SAN CARLOS,consulta externa,nuevas en menores de 5 anos,2007-12-01,349,325,349,325,674
SAN IGNACIO,consulta externa,nuevas en menores de 5 anos,2007-12-01,614,595,614,595,1209
SAN IGNACIO DE VELASCO,consulta externa,nuevas en menores de 5 anos,2007-12-01,974,859,974,859,1833
SAN JAVIER(BNI),consulta externa,nuevas en menores de 5 anos,2007-12-01,66,47,66,47,113
SAN JAVIER(STC),consulta externa,nuevas en menores de 5 anos,2007-12-01,127,121,127,121,248
SAN JOAQUIN,consulta externa,nuevas en menores de 5 anos,2007-12-01,54,61,54,61,115
SAN JOSE DE CHIQUITOS,consulta externa,nuevas en menores de 5 anos,2007-12-01,283,302,283,302,585
SAN JUAN DE YAPACANI,consulta externa,nuevas en menores de 5 anos,2007-12-01,291,336,291,336,627
SAN JULIAN,consulta externa,nuevas en menores de 5 anos,2007-12-01,994,891,994,891,1885
SAN LORENZO(PND),consulta externa,nuevas en menores de 5 anos,2007-12-01,138,94,138,94,232
SAN LORENZO(TJA),consulta externa,nuevas en menores de 5 anos,2007-12-01,400,380,400,380,780
SAN LUCAS,consulta externa,nuevas en menores de 5 anos,2007-12-01,851,850,851,850,1701
SAN MATIAS,consulta externa,nuevas en menores de 5 anos,2007-12-01,212,198,212,198,410
SAN MIGUEL DE VELASCO,consulta externa,nuevas en menores de 5 anos,2007-12-01,163,144,163,144,307
SAN PABLO DE LIPEZ,consulta externa,nuevas en menores de 5 anos,2007-12-01,68,53,68,53,121
SAN PEDRO,consulta externa,nuevas en menores de 5 anos,2007-12-01,466,528,466,528,994
SAN PEDRO DE BUENA VISTA,consulta externa,nuevas en menores de 5 anos,2007-12-01,512,479,512,479,991
SAN PEDRO DE CURAHUARA,consulta externa,nuevas en menores de 5 anos,2007-12-01,47,180,47,180,227
SAN PEDRO DE QUEMES,consulta externa,nuevas en menores de 5 anos,2007-12-01,2,4,2,4,6
SAN PEDRO DE TIQUINA,consulta externa,nuevas en menores de 5 anos,2007-12-01,32,41,32,41,73
SAN PEDRO(PND),consulta externa,nuevas en menores de 5 anos,2007-12-01,23,25,23,25,48
SAN RAFAEL,consulta externa,nuevas en menores de 5 anos,2007-12-01,109,102,109,102,211
SAN RAMON,consulta externa,nuevas en menores de 5 anos,2007-12-01,116,89,116,89,205
SAN RAMON,consulta externa,nuevas en menores de 5 anos,2007-12-01,183,169,183,169,352
SANTA ANA,consulta externa,nuevas en menores de 5 anos,2007-12-01,179,147,179,147,326
SANTA CRUZ DE LA SIERRA,consulta externa,nuevas en menores de 5 anos,2007-12-01,20689,19121,20689,19121,39810
SANTA ROSA,consulta externa,nuevas en menores de 5 anos,2007-12-01,189,174,189,174,363
SANTA ROSA DEL SARA,consulta externa,nuevas en menores de 5 anos,2007-12-01,546,516,546,516,1062
SANTIAGO DE CALLAPA,consulta externa,nuevas en menores de 5 anos,2007-12-01,25,27,25,27,52
SANTIAGO DE HUARI,consulta externa,nuevas en menores de 5 anos,2007-12-01,89,117,89,117,206
SANTIAGO DE MACHACA,consulta externa,nuevas en menores de 5 anos,2007-12-01,21,16,21,16,37
SANTIVAÑES,consulta externa,nuevas en menores de 5 anos,2007-12-01,109,102,109,102,211
SANTUARIO DE QUILLACAS,consulta externa,nuevas en menores de 5 anos,2007-12-01,21,23,21,23,44
SAPAHAQUI,consulta externa,nuevas en menores de 5 anos,2007-12-01,70,65,70,65,135
SENA,consulta externa,nuevas en menores de 5 anos,2007-12-01,115,101,115,101,216
SICA SICA (VILLA AROMA),consulta externa,nuevas en menores de 5 anos,2007-12-01,136,190,136,190,326
SICAYA,consulta externa,nuevas en menores de 5 anos,2007-12-01,20,10,20,10,30
SIPE SIPE,consulta externa,nuevas en menores de 5 anos,2007-12-01,370,295,370,295,665
SOPACHUY,consulta externa,nuevas en menores de 5 anos,2007-12-01,167,158,167,158,325
SORACACHI,consulta externa,nuevas en menores de 5 anos,2007-12-01,126,118,126,118,244
SORATA,consulta externa,nuevas en menores de 5 anos,2007-12-01,194,202,194,202,396
SUCRE,consulta externa,nuevas en menores de 5 anos,2007-12-01,8767,3974,8767,3974,12741
TACACHI,consulta externa,nuevas en menores de 5 anos,2007-12-01,7,6,7,6,13
TACACOMA,consulta externa,nuevas en menores de 5 anos,2007-12-01,81,85,81,85,166
TACOBAMBA,consulta externa,nuevas en menores de 5 anos,2007-12-01,103,80,103,80,183
TACOPAYA,consulta externa,nuevas en menores de 5 anos,2007-12-01,132,123,132,123,255
TAHUA,consulta externa,nuevas en menores de 5 anos,2007-12-01,23,22,23,22,45
TAPACARI,consulta externa,nuevas en menores de 5 anos,2007-12-01,463,438,463,438,901
TARABUCO,consulta externa,nuevas en menores de 5 anos,2007-12-01,607,665,607,665,1272
TARACO,consulta externa,nuevas en menores de 5 anos,2007-12-01,23,14,23,14,37
TARATA,consulta externa,nuevas en menores de 5 anos,2007-12-01,117,108,117,108,225
TARIJA,consulta externa,nuevas en menores de 5 anos,2007-12-01,3566,3277,3566,3277,6843
TARVITA,consulta externa,nuevas en menores de 5 anos,2007-12-01,433,399,433,399,832
TEOPONTE,consulta externa,nuevas en menores de 5 anos,2007-12-01,174,175,174,175,349
TIAWANACU,consulta externa,nuevas en menores de 5 anos,2007-12-01,93,97,93,97,190
TINGUIPAYA,consulta externa,nuevas en menores de 5 anos,2007-12-01,258,207,258,207,465
TIPUANI,consulta externa,nuevas en menores de 5 anos,2007-12-01,147,124,147,124,271
TIQUIPAYA,consulta externa,nuevas en menores de 5 anos,2007-12-01,483,453,483,453,936
TIRAQUE (CBBA),consulta externa,nuevas en menores de 5 anos,2007-12-01,641,611,641,611,1252
TITO YUPANQUI (PARQUIPUJIO),consulta externa,nuevas en menores de 5 anos,2007-12-01,18,24,18,24,42
TOCO,consulta externa,nuevas en menores de 5 anos,2007-12-01,65,53,65,53,118
TODOS SANTOS,consulta externa,nuevas en menores de 5 anos,2007-12-01,12,7,12,7,19
TOLATA,consulta externa,nuevas en menores de 5 anos,2007-12-01,56,50,56,50,106
TOLEDO,consulta externa,nuevas en menores de 5 anos,2007-12-01,69,52,69,52,121
TOMAVE,consulta externa,nuevas en menores de 5 anos,2007-12-01,219,194,219,194,413
TOMINA,consulta externa,nuevas en menores de 5 anos,2007-12-01,306,296,306,296,602
TORO TORO,consulta externa,nuevas en menores de 5 anos,2007-12-01,196,222,196,222,418
TOTORA(CBBA),consulta externa,nuevas en menores de 5 anos,2007-12-01,85,84,85,84,169
TOTORA(ORR),consulta externa,nuevas en menores de 5 anos,2007-12-01,197,59,197,59,256
TRIGAL,consulta externa,nuevas en menores de 5 anos,2007-12-01,43,50,43,50,93
TRINIDAD,consulta externa,nuevas en menores de 5 anos,2007-12-01,2064,1941,2064,1941,4005
TUPIZA,consulta externa,nuevas en menores de 5 anos,2007-12-01,963,902,963,902,1865
TURCO,consulta externa,nuevas en menores de 5 anos,2007-12-01,68,72,68,72,140
UMALA,consulta externa,nuevas en menores de 5 anos,2007-12-01,23,38,23,38,61
UNCIA,consulta externa,nuevas en menores de 5 anos,2007-12-01,605,563,605,563,1168
URIONDO (A. CONCEPCION),consulta externa,nuevas en menores de 5 anos,2007-12-01,384,377,384,377,761
URUBICHA,consulta externa,nuevas en menores de 5 anos,2007-12-01,264,291,264,291,555
UYUNI,consulta externa,nuevas en menores de 5 anos,2007-12-01,239,213,239,213,452
VACAS,consulta externa,nuevas en menores de 5 anos,2007-12-01,118,107,118,107,225
VALLEGRANDE,consulta externa,nuevas en menores de 5 anos,2007-12-01,182,136,182,136,318
VIACHA,consulta externa,nuevas en menores de 5 anos,2007-12-01,456,388,456,388,844
VILA VILA,consulta externa,nuevas en menores de 5 anos,2007-12-01,67,58,67,58,125
VILLA MONTES,consulta externa,nuevas en menores de 5 anos,2007-12-01,512,467,512,467,979
VILLA NUEVA (LOMA ALTA),consulta externa,nuevas en menores de 5 anos,2007-12-01,48,63,48,63,111
VILLA RIVERO,consulta externa,nuevas en menores de 5 anos,2007-12-01,36,38,36,38,74
VILLA SERRANO,consulta externa,nuevas en menores de 5 anos,2007-12-01,437,297,437,297,734
VILLA TUNARI,consulta externa,nuevas en menores de 5 anos,2007-12-01,1366,1336,1366,1336,2702
VILLA VACA GUZMAN (MUYUPAMPA),consulta externa,nuevas en menores de 5 anos,2007-12-01,131,127,131,127,258
VILLAZON,consulta externa,nuevas en menores de 5 anos,2007-12-01,768,672,768,672,1440
VINTO,consulta externa,nuevas en menores de 5 anos,2007-12-01,322,277,322,277,599
VITICHI,consulta externa,nuevas en menores de 5 anos,2007-12-01,117,137,117,137,254
WALDO BALLIVIAN,consulta externa,nuevas en menores de 5 anos,2007-12-01,15,21,15,21,36
WARNES,consulta externa,nuevas en menores de 5 anos,2007-12-01,1082,921,1082,921,2003
YACO,consulta externa,nuevas en menores de 5 anos,2007-12-01,106,102,106,102,208
YACUIBA,consulta externa,nuevas en menores de 5 anos,2007-12-01,1916,1639,1916,1639,3555
YAMPARAEZ,consulta externa,nuevas en menores de 5 anos,2007-12-01,135,113,135,113,248
YANACACHI,consulta externa,nuevas en menores de 5 anos,2007-12-01,49,65,49,65,114
YAPACANI,consulta externa,nuevas en menores de 5 anos,2007-12-01,457,571,457,571,1028
YOCALLA,consulta externa,nuevas en menores de 5 anos,2007-12-01,112,80,112,80,192
YOTALA,consulta externa,nuevas en menores de 5 anos,2007-12-01,133,121,133,121,254
YUNCHARA,consulta externa,nuevas en menores de 5 anos,2007-12-01,125,100,125,100,225
ZUDAÑEZ,consulta externa,nuevas en menores de 5 anos,2007-12-01,174,157,174,157,331
