municipality,group,variable,month,Nuevas en personas de 60 años o más -Hombre,Nuevas en personas de 60 años o más -Mujer,TOTAL-H,TOTAL-M,TOTAL
ACACIO,consulta externa,nuevas en personas de 60 anos o mas,2007-01-01,19,42,19,42,61
ACHACACHI,consulta externa,nuevas en personas de 60 anos o mas,2007-01-01,168,161,168,161,329
ACHOCALLA,consulta externa,nuevas en personas de 60 anos o mas,2007-01-01,29,33,29,33,62
AIQUILE,consulta externa,nuevas en personas de 60 anos o mas,2007-01-01,112,151,112,151,263
ALALAY,consulta externa,nuevas en personas de 60 anos o mas,2007-01-01,1,2,1,2,3
ALCALA,consulta externa,nuevas en personas de 60 anos o mas,2007-01-01,24,53,24,53,77
ANCORAIMES,consulta externa,nuevas en personas de 60 anos o mas,2007-01-01,34,31,34,31,65
ANDAMARCA,consulta externa,nuevas en personas de 60 anos o mas,2007-01-01,22,29,22,29,51
ANTEQUERA,consulta externa,nuevas en personas de 60 anos o mas,2007-01-01,2,12,2,12,14
ANZALDO,consulta externa,nuevas en personas de 60 anos o mas,2007-01-01,17,25,17,25,42
APOLO,consulta externa,nuevas en personas de 60 anos o mas,2007-01-01,48,48,48,48,96
ARAMPAMPA,consulta externa,nuevas en personas de 60 anos o mas,2007-01-01,7,13,7,13,20
ARANI,consulta externa,nuevas en personas de 60 anos o mas,2007-01-01,11,19,11,19,30
ARBIETO,consulta externa,nuevas en personas de 60 anos o mas,2007-01-01,20,52,20,52,72
ARQUE,consulta externa,nuevas en personas de 60 anos o mas,2007-01-01,11,29,11,29,40
ASCENCION DE GUARAYOS,consulta externa,nuevas en personas de 60 anos o mas,2007-01-01,32,24,32,24,56
ATOCHA,consulta externa,nuevas en personas de 60 anos o mas,2007-01-01,85,115,85,115,200
AUCAPATA,consulta externa,nuevas en personas de 60 anos o mas,2007-01-01,4,10,4,10,14
AYATA,consulta externa,nuevas en personas de 60 anos o mas,2007-01-01,20,28,20,28,48
AYO AYO,consulta externa,nuevas en personas de 60 anos o mas,2007-01-01,17,19,17,19,36
AYOPAYA (V. DE INDEPENDENCIA),consulta externa,nuevas en personas de 60 anos o mas,2007-01-01,58,59,58,59,117
AZURDUY,consulta externa,nuevas en personas de 60 anos o mas,2007-01-01,39,45,39,45,84
BATALLAS,consulta externa,nuevas en personas de 60 anos o mas,2007-01-01,47,29,47,29,76
BAURES,consulta externa,nuevas en personas de 60 anos o mas,2007-01-01,15,10,15,10,25
BELEN DE ANDAMARCA,consulta externa,nuevas en personas de 60 anos o mas,2007-01-01,12,6,12,6,18
BELEN DE URMIRI,consulta externa,nuevas en personas de 60 anos o mas,2007-01-01,10,9,10,9,19
BELLA FLOR,consulta externa,nuevas en personas de 60 anos o mas,2007-01-01,6,2,6,2,8
BERMEJO,consulta externa,nuevas en personas de 60 anos o mas,2007-01-01,328,305,328,305,633
BETANZOS,consulta externa,nuevas en personas de 60 anos o mas,2007-01-01,159,243,159,243,402
BOLIVAR,consulta externa,nuevas en personas de 60 anos o mas,2007-01-01,19,23,19,23,42
BOLPEBRA,consulta externa,nuevas en personas de 60 anos o mas,2007-01-01,3,1,3,1,4
BOYUIBE,consulta externa,nuevas en personas de 60 anos o mas,2007-01-01,13,25,13,25,38
BUENA VISTA,consulta externa,nuevas en personas de 60 anos o mas,2007-01-01,83,50,83,50,133
CABEZAS,consulta externa,nuevas en personas de 60 anos o mas,2007-01-01,33,39,33,39,72
CAIROMA,consulta externa,nuevas en personas de 60 anos o mas,2007-01-01,41,42,41,42,83
"CAIZA ""D""",consulta externa,nuevas en personas de 60 anos o mas,2007-01-01,44,98,44,98,142
CAJUATA,consulta externa,nuevas en personas de 60 anos o mas,2007-01-01,36,43,36,43,79
CALACOTO,consulta externa,nuevas en personas de 60 anos o mas,2007-01-01,30,34,30,34,64
CALAMARCA,consulta externa,nuevas en personas de 60 anos o mas,2007-01-01,24,18,24,18,42
CAMARGO,consulta externa,nuevas en personas de 60 anos o mas,2007-01-01,212,308,212,308,520
CAMATAQUI (C. VILLA ABECIA),consulta externa,nuevas en personas de 60 anos o mas,2007-01-01,28,46,28,46,74
CAMIRI,consulta externa,nuevas en personas de 60 anos o mas,2007-01-01,664,997,664,997,1661
CAPINOTA,consulta externa,nuevas en personas de 60 anos o mas,2007-01-01,41,65,41,65,106
CAQUIAVIRI,consulta externa,nuevas en personas de 60 anos o mas,2007-01-01,36,36,36,36,72
CARACOLLO,consulta externa,nuevas en personas de 60 anos o mas,2007-01-01,138,89,138,89,227
CARANAVI,consulta externa,nuevas en personas de 60 anos o mas,2007-01-01,346,221,346,221,567
CARANGAS,consulta externa,nuevas en personas de 60 anos o mas,2007-01-01,7,3,7,3,10
CARAPARI,consulta externa,nuevas en personas de 60 anos o mas,2007-01-01,44,52,44,52,96
CARIPUYO,consulta externa,nuevas en personas de 60 anos o mas,2007-01-01,12,16,12,16,28
CARMEN RIVERO TORREZ,consulta externa,nuevas en personas de 60 anos o mas,2007-01-01,1,3,1,3,4
CATACORA,consulta externa,nuevas en personas de 60 anos o mas,2007-01-01,9,8,9,8,17
CHACARILLA,consulta externa,nuevas en personas de 60 anos o mas,2007-01-01,3,1,3,1,4
CHALLAPATA,consulta externa,nuevas en personas de 60 anos o mas,2007-01-01,140,102,140,102,242
CHAQUI,consulta externa,nuevas en personas de 60 anos o mas,2007-01-01,27,44,27,44,71
CHARAGUA,consulta externa,nuevas en personas de 60 anos o mas,2007-01-01,43,46,43,46,89
CHARAÑA,consulta externa,nuevas en personas de 60 anos o mas,2007-01-01,14,14,14,14,28
CHAYANTA,consulta externa,nuevas en personas de 60 anos o mas,2007-01-01,67,90,67,90,157
CHIMORE,consulta externa,nuevas en personas de 60 anos o mas,2007-01-01,26,13,26,13,39
CHIPAYA,consulta externa,nuevas en personas de 60 anos o mas,2007-01-01,8,8,8,8,16
CHOQUE COTA,consulta externa,nuevas en personas de 60 anos o mas,2007-01-01,12,20,12,20,32
CHULUMANI (V. DE LA LIBERTAD),consulta externa,nuevas en personas de 60 anos o mas,2007-01-01,58,29,58,29,87
CHUMA,consulta externa,nuevas en personas de 60 anos o mas,2007-01-01,58,85,58,85,143
CLIZA,consulta externa,nuevas en personas de 60 anos o mas,2007-01-01,23,35,23,35,58
COBIJA,consulta externa,nuevas en personas de 60 anos o mas,2007-01-01,223,288,223,288,511
COCHABAMBA,consulta externa,nuevas en personas de 60 anos o mas,2007-01-01,5370,6165,5370,6165,11535
COIPASA,consulta externa,nuevas en personas de 60 anos o mas,2007-01-01,8,1,8,1,9
COLCAPIRHUA,consulta externa,nuevas en personas de 60 anos o mas,2007-01-01,11,17,11,17,28
"COLCHA ""K""",consulta externa,nuevas en personas de 60 anos o mas,2007-01-01,70,86,70,86,156
COLLANA,consulta externa,nuevas en personas de 60 anos o mas,2007-01-01,16,7,16,7,23
COLOMI,consulta externa,nuevas en personas de 60 anos o mas,2007-01-01,19,12,19,12,31
COLPA BELGICA,consulta externa,nuevas en personas de 60 anos o mas,2007-01-01,66,44,66,44,110
COLQUECHACA,consulta externa,nuevas en personas de 60 anos o mas,2007-01-01,79,109,79,109,188
COLQUENCHA,consulta externa,nuevas en personas de 60 anos o mas,2007-01-01,29,54,29,54,83
COLQUIRI,consulta externa,nuevas en personas de 60 anos o mas,2007-01-01,22,33,22,33,55
COMANCHE,consulta externa,nuevas en personas de 60 anos o mas,2007-01-01,31,12,31,12,43
COMARAPA,consulta externa,nuevas en personas de 60 anos o mas,2007-01-01,108,110,108,110,218
COMBAYA,consulta externa,nuevas en personas de 60 anos o mas,2007-01-01,8,5,8,5,13
CONCEPCION,consulta externa,nuevas en personas de 60 anos o mas,2007-01-01,20,21,20,21,41
COPACABANA,consulta externa,nuevas en personas de 60 anos o mas,2007-01-01,24,28,24,28,52
CORIPATA,consulta externa,nuevas en personas de 60 anos o mas,2007-01-01,21,24,21,24,45
CORO CORO,consulta externa,nuevas en personas de 60 anos o mas,2007-01-01,24,19,24,19,43
COROICO,consulta externa,nuevas en personas de 60 anos o mas,2007-01-01,127,99,127,99,226
CORQUE,consulta externa,nuevas en personas de 60 anos o mas,2007-01-01,44,56,44,56,100
COTAGAITA,consulta externa,nuevas en personas de 60 anos o mas,2007-01-01,208,378,208,378,586
COTOCA,consulta externa,nuevas en personas de 60 anos o mas,2007-01-01,114,104,114,104,218
CUATRO CAÑADAS,consulta externa,nuevas en personas de 60 anos o mas,2007-01-01,70,38,70,38,108
CUCHUMUELA (V. G. VILLARROEL),consulta externa,nuevas en personas de 60 anos o mas,2007-01-01,8,7,8,7,15
CUEVO,consulta externa,nuevas en personas de 60 anos o mas,2007-01-01,24,37,24,37,61
CULPINA,consulta externa,nuevas en personas de 60 anos o mas,2007-01-01,72,90,72,90,162
CURAHUARA DE CARANGAS,consulta externa,nuevas en personas de 60 anos o mas,2007-01-01,33,33,33,33,66
CURVA,consulta externa,nuevas en personas de 60 anos o mas,2007-01-01,6,9,6,9,15
DESAGUADERO,consulta externa,nuevas en personas de 60 anos o mas,2007-01-01,35,35,35,35,70
EL ALTO,consulta externa,nuevas en personas de 60 anos o mas,2007-01-01,1489,1846,1489,1846,3335
EL CHORO,consulta externa,nuevas en personas de 60 anos o mas,2007-01-01,82,90,82,90,172
EL PUENTE(STC),consulta externa,nuevas en personas de 60 anos o mas,2007-01-01,5,15,5,15,20
EL PUENTE(TJA),consulta externa,nuevas en personas de 60 anos o mas,2007-01-01,32,67,32,67,99
EL TORNO,consulta externa,nuevas en personas de 60 anos o mas,2007-01-01,186,180,186,180,366
EL VILLAR,consulta externa,nuevas en personas de 60 anos o mas,2007-01-01,23,46,23,46,69
ENTRE RIOS,consulta externa,nuevas en personas de 60 anos o mas,2007-01-01,99,133,99,133,232
ENTRE RIOS,consulta externa,nuevas en personas de 60 anos o mas,2007-01-01,23,22,23,22,45
ESCARA,consulta externa,nuevas en personas de 60 anos o mas,2007-01-01,1,4,1,4,5
ESMERALDA,consulta externa,nuevas en personas de 60 anos o mas,2007-01-01,17,9,17,9,26
EUCALIPTUS,consulta externa,nuevas en personas de 60 anos o mas,2007-01-01,64,63,64,63,127
EUREKA (SANTOS MERCADO),consulta externa,nuevas en personas de 60 anos o mas,2007-01-01,3,1,3,1,4
EXALTACION,consulta externa,nuevas en personas de 60 anos o mas,2007-01-01,1,2,1,2,3
FERNANDEZ ALONSO,consulta externa,nuevas en personas de 60 anos o mas,2007-01-01,19,17,19,17,36
FILADELFIA,consulta externa,nuevas en personas de 60 anos o mas,2007-01-01,10,6,10,6,16
GENERAL SAAVEDRA,consulta externa,nuevas en personas de 60 anos o mas,2007-01-01,33,28,33,28,61
GRAL. J.J. PEREZ (CHARAZANI),consulta externa,nuevas en personas de 60 anos o mas,2007-01-01,27,31,27,31,58
GUANAY,consulta externa,nuevas en personas de 60 anos o mas,2007-01-01,78,75,78,75,153
GUAQUI,consulta externa,nuevas en personas de 60 anos o mas,2007-01-01,27,29,27,29,56
GUAYARAMERIN,consulta externa,nuevas en personas de 60 anos o mas,2007-01-01,248,241,248,241,489
GUTIERREZ,consulta externa,nuevas en personas de 60 anos o mas,2007-01-01,29,64,29,64,93
HUACARETA,consulta externa,nuevas en personas de 60 anos o mas,2007-01-01,60,88,60,88,148
HUACAYA (VILLA DE HUACAYA),consulta externa,nuevas en personas de 60 anos o mas,2007-01-01,10,29,10,29,39
HUACHACALLA,consulta externa,nuevas en personas de 60 anos o mas,2007-01-01,79,75,79,75,154
HUANUNI,consulta externa,nuevas en personas de 60 anos o mas,2007-01-01,211,213,211,213,424
HUARACAJE,consulta externa,nuevas en personas de 60 anos o mas,2007-01-01,15,10,15,10,25
HUAYLLAMARCA,consulta externa,nuevas en personas de 60 anos o mas,2007-01-01,43,37,43,37,80
ICHOCA,consulta externa,nuevas en personas de 60 anos o mas,2007-01-01,20,17,20,17,37
ICLA,consulta externa,nuevas en personas de 60 anos o mas,2007-01-01,28,79,28,79,107
INCAHUASI,consulta externa,nuevas en personas de 60 anos o mas,2007-01-01,31,55,31,55,86
INGAVI (HUMAITA),consulta externa,nuevas en personas de 60 anos o mas,2007-01-01,1,2,1,2,3
INQUISIVI,consulta externa,nuevas en personas de 60 anos o mas,2007-01-01,53,38,53,38,91
IRUPANA (VILLA DE LANZA),consulta externa,nuevas en personas de 60 anos o mas,2007-01-01,52,53,52,53,105
IXIAMAS,consulta externa,nuevas en personas de 60 anos o mas,2007-01-01,41,18,41,18,59
JESUS DE MACHACA,consulta externa,nuevas en personas de 60 anos o mas,2007-01-01,109,156,109,156,265
LA ASUNTA,consulta externa,nuevas en personas de 60 anos o mas,2007-01-01,20,14,20,14,34
LA GUARDIA,consulta externa,nuevas en personas de 60 anos o mas,2007-01-01,53,71,53,71,124
LA PAZ,consulta externa,nuevas en personas de 60 anos o mas,2007-01-01,8910,10187,8910,10187,19097
LA RIVERA,consulta externa,nuevas en personas de 60 anos o mas,2007-01-01,1,5,1,5,6
LAGUNILLAS,consulta externa,nuevas en personas de 60 anos o mas,2007-01-01,30,41,30,41,71
LAJA,consulta externa,nuevas en personas de 60 anos o mas,2007-01-01,48,38,48,38,86
LAS CARRERAS,consulta externa,nuevas en personas de 60 anos o mas,2007-01-01,17,25,17,25,42
LICOMA PAMPA,consulta externa,nuevas en personas de 60 anos o mas,2007-01-01,21,13,21,13,34
LLALLAGUA,consulta externa,nuevas en personas de 60 anos o mas,2007-01-01,228,376,228,376,604
LLICA,consulta externa,nuevas en personas de 60 anos o mas,2007-01-01,44,60,44,60,104
LORETO,consulta externa,nuevas en personas de 60 anos o mas,2007-01-01,9,8,9,8,17
LURIBAY,consulta externa,nuevas en personas de 60 anos o mas,2007-01-01,55,55,55,55,110
MACHACAMARCA,consulta externa,nuevas en personas de 60 anos o mas,2007-01-01,83,101,83,101,184
MACHARETI,consulta externa,nuevas en personas de 60 anos o mas,2007-01-01,87,102,87,102,189
MAGDALENA,consulta externa,nuevas en personas de 60 anos o mas,2007-01-01,45,55,45,55,100
MAIRANA,consulta externa,nuevas en personas de 60 anos o mas,2007-01-01,50,63,50,63,113
MALLA,consulta externa,nuevas en personas de 60 anos o mas,2007-01-01,12,13,12,13,25
MAPIRI,consulta externa,nuevas en personas de 60 anos o mas,2007-01-01,42,32,42,32,74
MECAPACA,consulta externa,nuevas en personas de 60 anos o mas,2007-01-01,30,23,30,23,53
MINEROS,consulta externa,nuevas en personas de 60 anos o mas,2007-01-01,16,18,16,18,34
MIZQUE,consulta externa,nuevas en personas de 60 anos o mas,2007-01-01,17,33,17,33,50
MOCOMOCO,consulta externa,nuevas en personas de 60 anos o mas,2007-01-01,68,47,68,47,115
MOJINETE,consulta externa,nuevas en personas de 60 anos o mas,2007-01-01,8,24,8,24,32
MOJOCOYA,consulta externa,nuevas en personas de 60 anos o mas,2007-01-01,33,55,33,55,88
MONTEAGUDO,consulta externa,nuevas en personas de 60 anos o mas,2007-01-01,439,535,439,535,974
MONTERO,consulta externa,nuevas en personas de 60 anos o mas,2007-01-01,453,564,453,564,1017
MORO MORO,consulta externa,nuevas en personas de 60 anos o mas,2007-01-01,27,48,27,48,75
MOROCHATA,consulta externa,nuevas en personas de 60 anos o mas,2007-01-01,27,27,27,27,54
NACEBE (SANTA ROSA DEL ABUNA),consulta externa,nuevas en personas de 60 anos o mas,2007-01-01,0,3,0,3,3
NAZACARA DE PACAJES,consulta externa,nuevas en personas de 60 anos o mas,2007-01-01,7,11,7,11,18
NUEVO MANOA (NUEVA ESPERANZA),consulta externa,nuevas en personas de 60 anos o mas,2007-01-01,10,4,10,4,14
OCURI,consulta externa,nuevas en personas de 60 anos o mas,2007-01-01,33,74,33,74,107
OKINAWA,consulta externa,nuevas en personas de 60 anos o mas,2007-01-01,140,105,140,105,245
OMEREQUE,consulta externa,nuevas en personas de 60 anos o mas,2007-01-01,11,42,11,42,53
ORURO,consulta externa,nuevas en personas de 60 anos o mas,2007-01-01,3272,3822,3272,3822,7094
PADCAYA,consulta externa,nuevas en personas de 60 anos o mas,2007-01-01,99,147,99,147,246
PADILLA,consulta externa,nuevas en personas de 60 anos o mas,2007-01-01,161,235,161,235,396
PAILON,consulta externa,nuevas en personas de 60 anos o mas,2007-01-01,21,22,21,22,43
PALCA,consulta externa,nuevas en personas de 60 anos o mas,2007-01-01,35,44,35,44,79
PALOS BLANCOS,consulta externa,nuevas en personas de 60 anos o mas,2007-01-01,57,41,57,41,98
PAMPA AULLAGAS,consulta externa,nuevas en personas de 60 anos o mas,2007-01-01,21,25,21,25,46
PAMPA GRANDE,consulta externa,nuevas en personas de 60 anos o mas,2007-01-01,27,28,27,28,55
PAPEL PAMPA,consulta externa,nuevas en personas de 60 anos o mas,2007-01-01,24,29,24,29,53
PASORAPA,consulta externa,nuevas en personas de 60 anos o mas,2007-01-01,5,4,5,4,9
PATACAMAYA,consulta externa,nuevas en personas de 60 anos o mas,2007-01-01,16,28,16,28,44
PAZÑA,consulta externa,nuevas en personas de 60 anos o mas,2007-01-01,51,47,51,47,98
PELECHUCO,consulta externa,nuevas en personas de 60 anos o mas,2007-01-01,16,15,16,15,31
POCOATA,consulta externa,nuevas en personas de 60 anos o mas,2007-01-01,53,78,53,78,131
POCONA,consulta externa,nuevas en personas de 60 anos o mas,2007-01-01,25,59,25,59,84
POJO (CBBA),consulta externa,nuevas en personas de 60 anos o mas,2007-01-01,6,12,6,12,18
POOPO,consulta externa,nuevas en personas de 60 anos o mas,2007-01-01,39,57,39,57,96
PORCO,consulta externa,nuevas en personas de 60 anos o mas,2007-01-01,11,19,11,19,30
POROMA,consulta externa,nuevas en personas de 60 anos o mas,2007-01-01,34,51,34,51,85
PORONGO,consulta externa,nuevas en personas de 60 anos o mas,2007-01-01,18,10,18,10,28
PORTACHUELO,consulta externa,nuevas en personas de 60 anos o mas,2007-01-01,156,167,156,167,323
PORVENIR,consulta externa,nuevas en personas de 60 anos o mas,2007-01-01,17,16,17,16,33
POSTRER VALLE,consulta externa,nuevas en personas de 60 anos o mas,2007-01-01,41,34,41,34,75
POTOSI,consulta externa,nuevas en personas de 60 anos o mas,2007-01-01,1389,1780,1389,1780,3169
PRESTO,consulta externa,nuevas en personas de 60 anos o mas,2007-01-01,33,37,33,37,70
PUCARA,consulta externa,nuevas en personas de 60 anos o mas,2007-01-01,13,18,13,18,31
PUCARANI,consulta externa,nuevas en personas de 60 anos o mas,2007-01-01,43,45,43,45,88
PUERTO ACOSTA,consulta externa,nuevas en personas de 60 anos o mas,2007-01-01,157,142,157,142,299
PUERTO CARABUCO,consulta externa,nuevas en personas de 60 anos o mas,2007-01-01,59,73,59,73,132
PUERTO GONZALO MORENO,consulta externa,nuevas en personas de 60 anos o mas,2007-01-01,12,10,12,10,22
PUERTO PEREZ,consulta externa,nuevas en personas de 60 anos o mas,2007-01-01,29,21,29,21,50
PUERTO QUIJARRO,consulta externa,nuevas en personas de 60 anos o mas,2007-01-01,148,124,148,124,272
PUERTO RICO,consulta externa,nuevas en personas de 60 anos o mas,2007-01-01,20,19,20,19,39
PUERTO SUAREZ,consulta externa,nuevas en personas de 60 anos o mas,2007-01-01,146,130,146,130,276
PUERTO VILLARROEL,consulta externa,nuevas en personas de 60 anos o mas,2007-01-01,39,32,39,32,71
PUNA,consulta externa,nuevas en personas de 60 anos o mas,2007-01-01,123,222,123,222,345
PUNATA,consulta externa,nuevas en personas de 60 anos o mas,2007-01-01,209,229,209,229,438
QUIABAYA,consulta externa,nuevas en personas de 60 anos o mas,2007-01-01,9,15,9,15,24
QUILLACOLLO,consulta externa,nuevas en personas de 60 anos o mas,2007-01-01,469,593,469,593,1062
QUIME,consulta externa,nuevas en personas de 60 anos o mas,2007-01-01,19,14,19,14,33
QUIRUSILLAS,consulta externa,nuevas en personas de 60 anos o mas,2007-01-01,3,8,3,8,11
RAVELO,consulta externa,nuevas en personas de 60 anos o mas,2007-01-01,61,73,61,73,134
REYES,consulta externa,nuevas en personas de 60 anos o mas,2007-01-01,98,97,98,97,195
RIBERALTA,consulta externa,nuevas en personas de 60 anos o mas,2007-01-01,102,143,102,143,245
ROBORE,consulta externa,nuevas en personas de 60 anos o mas,2007-01-01,139,190,139,190,329
RURRENABAQUE,consulta externa,nuevas en personas de 60 anos o mas,2007-01-01,129,138,129,138,267
SABAYA,consulta externa,nuevas en personas de 60 anos o mas,2007-01-01,44,45,44,45,89
SACABA,consulta externa,nuevas en personas de 60 anos o mas,2007-01-01,160,231,160,231,391
SACABAMBA,consulta externa,nuevas en personas de 60 anos o mas,2007-01-01,21,19,21,19,40
SACACA,consulta externa,nuevas en personas de 60 anos o mas,2007-01-01,25,58,25,58,83
SAIPINA,consulta externa,nuevas en personas de 60 anos o mas,2007-01-01,18,23,18,23,41
SALINAS DE GARCI MENDOZA,consulta externa,nuevas en personas de 60 anos o mas,2007-01-01,52,49,52,49,101
SAMAIPATA,consulta externa,nuevas en personas de 60 anos o mas,2007-01-01,48,49,48,49,97
SAN AGUSTIN,consulta externa,nuevas en personas de 60 anos o mas,2007-01-01,17,19,17,19,36
SAN ANDRES,consulta externa,nuevas en personas de 60 anos o mas,2007-01-01,13,17,13,17,30
SAN ANDRES DE MACHACA,consulta externa,nuevas en personas de 60 anos o mas,2007-01-01,41,47,41,47,88
SAN ANTONIO DE ESMORUCO,consulta externa,nuevas en personas de 60 anos o mas,2007-01-01,10,10,10,10,20
SAN ANTONIO DE LOMERIO,consulta externa,nuevas en personas de 60 anos o mas,2007-01-01,15,20,15,20,35
SAN BENITO,consulta externa,nuevas en personas de 60 anos o mas,2007-01-01,34,52,34,52,86
SAN BORJA,consulta externa,nuevas en personas de 60 anos o mas,2007-01-01,147,121,147,121,268
SAN BUENA VENTURA,consulta externa,nuevas en personas de 60 anos o mas,2007-01-01,291,449,291,449,740
SAN CARLOS,consulta externa,nuevas en personas de 60 anos o mas,2007-01-01,130,127,130,127,257
SAN IGNACIO,consulta externa,nuevas en personas de 60 anos o mas,2007-01-01,57,65,57,65,122
SAN IGNACIO DE VELASCO,consulta externa,nuevas en personas de 60 anos o mas,2007-01-01,303,372,303,372,675
SAN JAVIER(BNI),consulta externa,nuevas en personas de 60 anos o mas,2007-01-01,1,6,1,6,7
SAN JAVIER(STC),consulta externa,nuevas en personas de 60 anos o mas,2007-01-01,74,74,74,74,148
SAN JOAQUIN,consulta externa,nuevas en personas de 60 anos o mas,2007-01-01,134,195,134,195,329
SAN JOSE DE CHIQUITOS,consulta externa,nuevas en personas de 60 anos o mas,2007-01-01,71,79,71,79,150
SAN JUAN DE YAPACANI,consulta externa,nuevas en personas de 60 anos o mas,2007-01-01,100,108,100,108,208
SAN JULIAN,consulta externa,nuevas en personas de 60 anos o mas,2007-01-01,141,135,141,135,276
SAN LORENZO(PND),consulta externa,nuevas en personas de 60 anos o mas,2007-01-01,8,3,8,3,11
SAN LORENZO(TJA),consulta externa,nuevas en personas de 60 anos o mas,2007-01-01,67,105,67,105,172
SAN LUCAS,consulta externa,nuevas en personas de 60 anos o mas,2007-01-01,110,170,110,170,280
SAN MATIAS,consulta externa,nuevas en personas de 60 anos o mas,2007-01-01,7,9,7,9,16
SAN MIGUEL DE VELASCO,consulta externa,nuevas en personas de 60 anos o mas,2007-01-01,128,140,128,140,268
SAN PABLO DE LIPEZ,consulta externa,nuevas en personas de 60 anos o mas,2007-01-01,17,19,17,19,36
SAN PEDRO,consulta externa,nuevas en personas de 60 anos o mas,2007-01-01,39,47,39,47,86
SAN PEDRO DE BUENA VISTA,consulta externa,nuevas en personas de 60 anos o mas,2007-01-01,15,45,15,45,60
SAN PEDRO DE CURAHUARA,consulta externa,nuevas en personas de 60 anos o mas,2007-01-01,30,27,30,27,57
SAN PEDRO DE QUEMES,consulta externa,nuevas en personas de 60 anos o mas,2007-01-01,3,1,3,1,4
SAN PEDRO DE TIQUINA,consulta externa,nuevas en personas de 60 anos o mas,2007-01-01,26,26,26,26,52
SAN PEDRO(PND),consulta externa,nuevas en personas de 60 anos o mas,2007-01-01,1,0,1,0,1
SAN RAFAEL,consulta externa,nuevas en personas de 60 anos o mas,2007-01-01,8,22,8,22,30
SAN RAMON,consulta externa,nuevas en personas de 60 anos o mas,2007-01-01,3,8,3,8,11
SAN RAMON,consulta externa,nuevas en personas de 60 anos o mas,2007-01-01,37,33,37,33,70
SANTA ANA,consulta externa,nuevas en personas de 60 anos o mas,2007-01-01,99,116,99,116,215
SANTA CRUZ DE LA SIERRA,consulta externa,nuevas en personas de 60 anos o mas,2007-01-01,7890,11526,7890,11526,19416
SANTA ROSA,consulta externa,nuevas en personas de 60 anos o mas,2007-01-01,28,21,28,21,49
SANTA ROSA DEL SARA,consulta externa,nuevas en personas de 60 anos o mas,2007-01-01,78,70,78,70,148
SANTIAGO DE CALLAPA,consulta externa,nuevas en personas de 60 anos o mas,2007-01-01,14,16,14,16,30
SANTIAGO DE HUARI,consulta externa,nuevas en personas de 60 anos o mas,2007-01-01,76,46,76,46,122
SANTIAGO DE MACHACA,consulta externa,nuevas en personas de 60 anos o mas,2007-01-01,14,14,14,14,28
SANTIVAÑES,consulta externa,nuevas en personas de 60 anos o mas,2007-01-01,21,44,21,44,65
SANTUARIO DE QUILLACAS,consulta externa,nuevas en personas de 60 anos o mas,2007-01-01,13,20,13,20,33
SAPAHAQUI,consulta externa,nuevas en personas de 60 anos o mas,2007-01-01,20,25,20,25,45
SENA,consulta externa,nuevas en personas de 60 anos o mas,2007-01-01,7,5,7,5,12
SICA SICA (VILLA AROMA),consulta externa,nuevas en personas de 60 anos o mas,2007-01-01,34,51,34,51,85
SICAYA,consulta externa,nuevas en personas de 60 anos o mas,2007-01-01,10,13,10,13,23
SIPE SIPE,consulta externa,nuevas en personas de 60 anos o mas,2007-01-01,18,44,18,44,62
SOPACHUY,consulta externa,nuevas en personas de 60 anos o mas,2007-01-01,38,67,38,67,105
SORACACHI,consulta externa,nuevas en personas de 60 anos o mas,2007-01-01,10,24,10,24,34
SORATA,consulta externa,nuevas en personas de 60 anos o mas,2007-01-01,53,48,53,48,101
SUCRE,consulta externa,nuevas en personas de 60 anos o mas,2007-01-01,2407,3260,2407,3260,5667
TACACHI,consulta externa,nuevas en personas de 60 anos o mas,2007-01-01,4,9,4,9,13
TACACOMA,consulta externa,nuevas en personas de 60 anos o mas,2007-01-01,20,15,20,15,35
TACOBAMBA,consulta externa,nuevas en personas de 60 anos o mas,2007-01-01,17,32,17,32,49
TACOPAYA,consulta externa,nuevas en personas de 60 anos o mas,2007-01-01,20,43,20,43,63
TAHUA,consulta externa,nuevas en personas de 60 anos o mas,2007-01-01,5,7,5,7,12
TAPACARI,consulta externa,nuevas en personas de 60 anos o mas,2007-01-01,51,76,51,76,127
TARABUCO,consulta externa,nuevas en personas de 60 anos o mas,2007-01-01,68,104,68,104,172
TARACO,consulta externa,nuevas en personas de 60 anos o mas,2007-01-01,29,41,29,41,70
TARATA,consulta externa,nuevas en personas de 60 anos o mas,2007-01-01,14,38,14,38,52
TARIJA,consulta externa,nuevas en personas de 60 anos o mas,2007-01-01,2100,2419,2100,2419,4519
TARVITA,consulta externa,nuevas en personas de 60 anos o mas,2007-01-01,63,121,63,121,184
TEOPONTE,consulta externa,nuevas en personas de 60 anos o mas,2007-01-01,48,46,48,46,94
TIAWANACU,consulta externa,nuevas en personas de 60 anos o mas,2007-01-01,27,19,27,19,46
TINGUIPAYA,consulta externa,nuevas en personas de 60 anos o mas,2007-01-01,41,55,41,55,96
TIPUANI,consulta externa,nuevas en personas de 60 anos o mas,2007-01-01,17,18,17,18,35
TIQUIPAYA,consulta externa,nuevas en personas de 60 anos o mas,2007-01-01,26,34,26,34,60
TIRAQUE (CBBA),consulta externa,nuevas en personas de 60 anos o mas,2007-01-01,91,112,91,112,203
TITO YUPANQUI (PARQUIPUJIO),consulta externa,nuevas en personas de 60 anos o mas,2007-01-01,21,19,21,19,40
TOCO,consulta externa,nuevas en personas de 60 anos o mas,2007-01-01,15,29,15,29,44
TODOS SANTOS,consulta externa,nuevas en personas de 60 anos o mas,2007-01-01,1,1,1,1,2
TOLATA,consulta externa,nuevas en personas de 60 anos o mas,2007-01-01,4,9,4,9,13
TOLEDO,consulta externa,nuevas en personas de 60 anos o mas,2007-01-01,36,29,36,29,65
TOMAVE,consulta externa,nuevas en personas de 60 anos o mas,2007-01-01,52,95,52,95,147
TOMINA,consulta externa,nuevas en personas de 60 anos o mas,2007-01-01,48,72,48,72,120
TORO TORO,consulta externa,nuevas en personas de 60 anos o mas,2007-01-01,15,33,15,33,48
TOTORA(CBBA),consulta externa,nuevas en personas de 60 anos o mas,2007-01-01,21,28,21,28,49
TOTORA(ORR),consulta externa,nuevas en personas de 60 anos o mas,2007-01-01,28,52,28,52,80
TRIGAL,consulta externa,nuevas en personas de 60 anos o mas,2007-01-01,24,31,24,31,55
TRINIDAD,consulta externa,nuevas en personas de 60 anos o mas,2007-01-01,365,412,365,412,777
TUPIZA,consulta externa,nuevas en personas de 60 anos o mas,2007-01-01,368,541,368,541,909
TURCO,consulta externa,nuevas en personas de 60 anos o mas,2007-01-01,54,55,54,55,109
UMALA,consulta externa,nuevas en personas de 60 anos o mas,2007-01-01,9,18,9,18,27
UNCIA,consulta externa,nuevas en personas de 60 anos o mas,2007-01-01,148,269,148,269,417
URIONDO (A. CONCEPCION),consulta externa,nuevas en personas de 60 anos o mas,2007-01-01,32,66,32,66,98
URUBICHA,consulta externa,nuevas en personas de 60 anos o mas,2007-01-01,12,29,12,29,41
UYUNI,consulta externa,nuevas en personas de 60 anos o mas,2007-01-01,207,239,207,239,446
VACAS,consulta externa,nuevas en personas de 60 anos o mas,2007-01-01,13,32,13,32,45
VALLEGRANDE,consulta externa,nuevas en personas de 60 anos o mas,2007-01-01,410,512,410,512,922
VIACHA,consulta externa,nuevas en personas de 60 anos o mas,2007-01-01,357,338,357,338,695
VILA VILA,consulta externa,nuevas en personas de 60 anos o mas,2007-01-01,6,16,6,16,22
VILLA MONTES,consulta externa,nuevas en personas de 60 anos o mas,2007-01-01,265,286,265,286,551
VILLA NUEVA (LOMA ALTA),consulta externa,nuevas en personas de 60 anos o mas,2007-01-01,12,6,12,6,18
VILLA RIVERO,consulta externa,nuevas en personas de 60 anos o mas,2007-01-01,7,18,7,18,25
VILLA SERRANO,consulta externa,nuevas en personas de 60 anos o mas,2007-01-01,82,128,82,128,210
VILLA TUNARI,consulta externa,nuevas en personas de 60 anos o mas,2007-01-01,103,93,103,93,196
VILLA VACA GUZMAN (MUYUPAMPA),consulta externa,nuevas en personas de 60 anos o mas,2007-01-01,64,104,64,104,168
VILLAZON,consulta externa,nuevas en personas de 60 anos o mas,2007-01-01,313,473,313,473,786
VINTO,consulta externa,nuevas en personas de 60 anos o mas,2007-01-01,21,21,21,21,42
VITICHI,consulta externa,nuevas en personas de 60 anos o mas,2007-01-01,57,108,57,108,165
WALDO BALLIVIAN,consulta externa,nuevas en personas de 60 anos o mas,2007-01-01,5,8,5,8,13
WARNES,consulta externa,nuevas en personas de 60 anos o mas,2007-01-01,68,54,68,54,122
YACO,consulta externa,nuevas en personas de 60 anos o mas,2007-01-01,24,21,24,21,45
YACUIBA,consulta externa,nuevas en personas de 60 anos o mas,2007-01-01,713,879,713,879,1592
YAMPARAEZ,consulta externa,nuevas en personas de 60 anos o mas,2007-01-01,25,39,25,39,64
YANACACHI,consulta externa,nuevas en personas de 60 anos o mas,2007-01-01,18,14,18,14,32
YAPACANI,consulta externa,nuevas en personas de 60 anos o mas,2007-01-01,279,189,279,189,468
YOCALLA,consulta externa,nuevas en personas de 60 anos o mas,2007-01-01,46,61,46,61,107
YOTALA,consulta externa,nuevas en personas de 60 anos o mas,2007-01-01,21,75,21,75,96
YUNCHARA,consulta externa,nuevas en personas de 60 anos o mas,2007-01-01,7,19,7,19,26
ZUDAÑEZ,consulta externa,nuevas en personas de 60 anos o mas,2007-01-01,50,88,50,88,138
ACACIO,consulta externa,nuevas en personas de 60 anos o mas,2007-02-01,9,33,9,33,42
ACHACACHI,consulta externa,nuevas en personas de 60 anos o mas,2007-02-01,151,154,151,154,305
ACHOCALLA,consulta externa,nuevas en personas de 60 anos o mas,2007-02-01,20,5,20,5,25
AIQUILE,consulta externa,nuevas en personas de 60 anos o mas,2007-02-01,84,96,84,96,180
ALALAY,consulta externa,nuevas en personas de 60 anos o mas,2007-02-01,3,8,3,8,11
ALCALA,consulta externa,nuevas en personas de 60 anos o mas,2007-02-01,18,37,18,37,55
ANCORAIMES,consulta externa,nuevas en personas de 60 anos o mas,2007-02-01,36,29,36,29,65
ANDAMARCA,consulta externa,nuevas en personas de 60 anos o mas,2007-02-01,38,61,38,61,99
ANTEQUERA,consulta externa,nuevas en personas de 60 anos o mas,2007-02-01,11,12,11,12,23
ANZALDO,consulta externa,nuevas en personas de 60 anos o mas,2007-02-01,23,32,23,32,55
APOLO,consulta externa,nuevas en personas de 60 anos o mas,2007-02-01,39,42,39,42,81
ARAMPAMPA,consulta externa,nuevas en personas de 60 anos o mas,2007-02-01,12,9,12,9,21
ARANI,consulta externa,nuevas en personas de 60 anos o mas,2007-02-01,5,17,5,17,22
ARBIETO,consulta externa,nuevas en personas de 60 anos o mas,2007-02-01,23,45,23,45,68
ARQUE,consulta externa,nuevas en personas de 60 anos o mas,2007-02-01,14,16,14,16,30
ASCENCION DE GUARAYOS,consulta externa,nuevas en personas de 60 anos o mas,2007-02-01,60,39,60,39,99
ATOCHA,consulta externa,nuevas en personas de 60 anos o mas,2007-02-01,73,92,73,92,165
AUCAPATA,consulta externa,nuevas en personas de 60 anos o mas,2007-02-01,25,24,25,24,49
AYATA,consulta externa,nuevas en personas de 60 anos o mas,2007-02-01,23,21,23,21,44
AYO AYO,consulta externa,nuevas en personas de 60 anos o mas,2007-02-01,15,12,15,12,27
AYOPAYA (V. DE INDEPENDENCIA),consulta externa,nuevas en personas de 60 anos o mas,2007-02-01,46,62,46,62,108
AZURDUY,consulta externa,nuevas en personas de 60 anos o mas,2007-02-01,52,64,52,64,116
BATALLAS,consulta externa,nuevas en personas de 60 anos o mas,2007-02-01,35,41,35,41,76
BAURES,consulta externa,nuevas en personas de 60 anos o mas,2007-02-01,8,8,8,8,16
BELEN DE ANDAMARCA,consulta externa,nuevas en personas de 60 anos o mas,2007-02-01,10,11,10,11,21
BELEN DE URMIRI,consulta externa,nuevas en personas de 60 anos o mas,2007-02-01,12,22,12,22,34
BELLA FLOR,consulta externa,nuevas en personas de 60 anos o mas,2007-02-01,3,5,3,5,8
BERMEJO,consulta externa,nuevas en personas de 60 anos o mas,2007-02-01,259,243,259,243,502
BETANZOS,consulta externa,nuevas en personas de 60 anos o mas,2007-02-01,164,237,164,237,401
BOLIVAR,consulta externa,nuevas en personas de 60 anos o mas,2007-02-01,18,30,18,30,48
BOLPEBRA,consulta externa,nuevas en personas de 60 anos o mas,2007-02-01,6,7,6,7,13
BOYUIBE,consulta externa,nuevas en personas de 60 anos o mas,2007-02-01,13,28,13,28,41
BUENA VISTA,consulta externa,nuevas en personas de 60 anos o mas,2007-02-01,78,50,78,50,128
CABEZAS,consulta externa,nuevas en personas de 60 anos o mas,2007-02-01,30,30,30,30,60
CAIROMA,consulta externa,nuevas en personas de 60 anos o mas,2007-02-01,33,27,33,27,60
"CAIZA ""D""",consulta externa,nuevas en personas de 60 anos o mas,2007-02-01,44,53,44,53,97
CAJUATA,consulta externa,nuevas en personas de 60 anos o mas,2007-02-01,29,30,29,30,59
CALACOTO,consulta externa,nuevas en personas de 60 anos o mas,2007-02-01,30,32,30,32,62
CALAMARCA,consulta externa,nuevas en personas de 60 anos o mas,2007-02-01,17,14,17,14,31
CAMARGO,consulta externa,nuevas en personas de 60 anos o mas,2007-02-01,201,279,201,279,480
CAMATAQUI (C. VILLA ABECIA),consulta externa,nuevas en personas de 60 anos o mas,2007-02-01,24,19,24,19,43
CAMIRI,consulta externa,nuevas en personas de 60 anos o mas,2007-02-01,523,807,523,807,1330
CAPINOTA,consulta externa,nuevas en personas de 60 anos o mas,2007-02-01,25,34,25,34,59
CAQUIAVIRI,consulta externa,nuevas en personas de 60 anos o mas,2007-02-01,19,48,19,48,67
CARACOLLO,consulta externa,nuevas en personas de 60 anos o mas,2007-02-01,75,78,75,78,153
CARANAVI,consulta externa,nuevas en personas de 60 anos o mas,2007-02-01,249,139,249,139,388
CARANGAS,consulta externa,nuevas en personas de 60 anos o mas,2007-02-01,2,5,2,5,7
CARAPARI,consulta externa,nuevas en personas de 60 anos o mas,2007-02-01,41,49,41,49,90
CARIPUYO,consulta externa,nuevas en personas de 60 anos o mas,2007-02-01,8,17,8,17,25
CARMEN RIVERO TORREZ,consulta externa,nuevas en personas de 60 anos o mas,2007-02-01,2,4,2,4,6
CATACORA,consulta externa,nuevas en personas de 60 anos o mas,2007-02-01,5,3,5,3,8
CHACARILLA,consulta externa,nuevas en personas de 60 anos o mas,2007-02-01,5,7,5,7,12
CHALLAPATA,consulta externa,nuevas en personas de 60 anos o mas,2007-02-01,113,82,113,82,195
CHAQUI,consulta externa,nuevas en personas de 60 anos o mas,2007-02-01,19,36,19,36,55
CHARAGUA,consulta externa,nuevas en personas de 60 anos o mas,2007-02-01,37,33,37,33,70
CHARAÑA,consulta externa,nuevas en personas de 60 anos o mas,2007-02-01,6,14,6,14,20
CHAYANTA,consulta externa,nuevas en personas de 60 anos o mas,2007-02-01,69,118,69,118,187
CHIMORE,consulta externa,nuevas en personas de 60 anos o mas,2007-02-01,28,17,28,17,45
CHIPAYA,consulta externa,nuevas en personas de 60 anos o mas,2007-02-01,3,0,3,0,3
CHOQUE COTA,consulta externa,nuevas en personas de 60 anos o mas,2007-02-01,12,4,12,4,16
CHULUMANI (V. DE LA LIBERTAD),consulta externa,nuevas en personas de 60 anos o mas,2007-02-01,51,20,51,20,71
CHUMA,consulta externa,nuevas en personas de 60 anos o mas,2007-02-01,70,111,70,111,181
CLIZA,consulta externa,nuevas en personas de 60 anos o mas,2007-02-01,32,41,32,41,73
COBIJA,consulta externa,nuevas en personas de 60 anos o mas,2007-02-01,173,132,173,132,305
COCHABAMBA,consulta externa,nuevas en personas de 60 anos o mas,2007-02-01,4322,5635,4322,5635,9957
COIPASA,consulta externa,nuevas en personas de 60 anos o mas,2007-02-01,2,1,2,1,3
COLCAPIRHUA,consulta externa,nuevas en personas de 60 anos o mas,2007-02-01,107,195,107,195,302
"COLCHA ""K""",consulta externa,nuevas en personas de 60 anos o mas,2007-02-01,102,89,102,89,191
COLLANA,consulta externa,nuevas en personas de 60 anos o mas,2007-02-01,6,11,6,11,17
COLOMI,consulta externa,nuevas en personas de 60 anos o mas,2007-02-01,17,6,17,6,23
COLPA BELGICA,consulta externa,nuevas en personas de 60 anos o mas,2007-02-01,59,38,59,38,97
COLQUECHACA,consulta externa,nuevas en personas de 60 anos o mas,2007-02-01,82,135,82,135,217
COLQUENCHA,consulta externa,nuevas en personas de 60 anos o mas,2007-02-01,29,44,29,44,73
COLQUIRI,consulta externa,nuevas en personas de 60 anos o mas,2007-02-01,33,50,33,50,83
COMANCHE,consulta externa,nuevas en personas de 60 anos o mas,2007-02-01,26,25,26,25,51
COMARAPA,consulta externa,nuevas en personas de 60 anos o mas,2007-02-01,78,98,78,98,176
COMBAYA,consulta externa,nuevas en personas de 60 anos o mas,2007-02-01,2,8,2,8,10
CONCEPCION,consulta externa,nuevas en personas de 60 anos o mas,2007-02-01,37,45,37,45,82
COPACABANA,consulta externa,nuevas en personas de 60 anos o mas,2007-02-01,38,36,38,36,74
CORIPATA,consulta externa,nuevas en personas de 60 anos o mas,2007-02-01,31,23,31,23,54
CORO CORO,consulta externa,nuevas en personas de 60 anos o mas,2007-02-01,25,20,25,20,45
COROICO,consulta externa,nuevas en personas de 60 anos o mas,2007-02-01,63,47,63,47,110
CORQUE,consulta externa,nuevas en personas de 60 anos o mas,2007-02-01,38,44,38,44,82
COTAGAITA,consulta externa,nuevas en personas de 60 anos o mas,2007-02-01,220,374,220,374,594
COTOCA,consulta externa,nuevas en personas de 60 anos o mas,2007-02-01,15,21,15,21,36
CUATRO CAÑADAS,consulta externa,nuevas en personas de 60 anos o mas,2007-02-01,47,36,47,36,83
CUCHUMUELA (V. G. VILLARROEL),consulta externa,nuevas en personas de 60 anos o mas,2007-02-01,5,10,5,10,15
CUEVO,consulta externa,nuevas en personas de 60 anos o mas,2007-02-01,15,27,15,27,42
CULPINA,consulta externa,nuevas en personas de 60 anos o mas,2007-02-01,67,105,67,105,172
CURAHUARA DE CARANGAS,consulta externa,nuevas en personas de 60 anos o mas,2007-02-01,22,25,22,25,47
CURVA,consulta externa,nuevas en personas de 60 anos o mas,2007-02-01,10,15,10,15,25
DESAGUADERO,consulta externa,nuevas en personas de 60 anos o mas,2007-02-01,14,15,14,15,29
EL ALTO,consulta externa,nuevas en personas de 60 anos o mas,2007-02-01,1296,1448,1296,1448,2744
EL CHORO,consulta externa,nuevas en personas de 60 anos o mas,2007-02-01,62,71,62,71,133
EL PUENTE(STC),consulta externa,nuevas en personas de 60 anos o mas,2007-02-01,15,12,15,12,27
EL PUENTE(TJA),consulta externa,nuevas en personas de 60 anos o mas,2007-02-01,31,49,31,49,80
EL TORNO,consulta externa,nuevas en personas de 60 anos o mas,2007-02-01,372,381,372,381,753
EL VILLAR,consulta externa,nuevas en personas de 60 anos o mas,2007-02-01,36,65,36,65,101
ENTRE RIOS,consulta externa,nuevas en personas de 60 anos o mas,2007-02-01,92,98,92,98,190
ENTRE RIOS,consulta externa,nuevas en personas de 60 anos o mas,2007-02-01,14,15,14,15,29
ESCARA,consulta externa,nuevas en personas de 60 anos o mas,2007-02-01,1,2,1,2,3
ESMERALDA,consulta externa,nuevas en personas de 60 anos o mas,2007-02-01,11,11,11,11,22
EUCALIPTUS,consulta externa,nuevas en personas de 60 anos o mas,2007-02-01,55,45,55,45,100
EUREKA (SANTOS MERCADO),consulta externa,nuevas en personas de 60 anos o mas,2007-02-01,1,0,1,0,1
EXALTACION,consulta externa,nuevas en personas de 60 anos o mas,2007-02-01,4,3,4,3,7
FERNANDEZ ALONSO,consulta externa,nuevas en personas de 60 anos o mas,2007-02-01,19,26,19,26,45
FILADELFIA,consulta externa,nuevas en personas de 60 anos o mas,2007-02-01,12,10,12,10,22
GENERAL SAAVEDRA,consulta externa,nuevas en personas de 60 anos o mas,2007-02-01,90,87,90,87,177
GRAL. J.J. PEREZ (CHARAZANI),consulta externa,nuevas en personas de 60 anos o mas,2007-02-01,31,34,31,34,65
GUANAY,consulta externa,nuevas en personas de 60 anos o mas,2007-02-01,60,68,60,68,128
GUAQUI,consulta externa,nuevas en personas de 60 anos o mas,2007-02-01,20,20,20,20,40
GUAYARAMERIN,consulta externa,nuevas en personas de 60 anos o mas,2007-02-01,232,451,232,451,683
GUTIERREZ,consulta externa,nuevas en personas de 60 anos o mas,2007-02-01,44,51,44,51,95
HUACARETA,consulta externa,nuevas en personas de 60 anos o mas,2007-02-01,55,71,55,71,126
HUACAYA (VILLA DE HUACAYA),consulta externa,nuevas en personas de 60 anos o mas,2007-02-01,11,21,11,21,32
HUACHACALLA,consulta externa,nuevas en personas de 60 anos o mas,2007-02-01,58,37,58,37,95
HUANUNI,consulta externa,nuevas en personas de 60 anos o mas,2007-02-01,235,230,235,230,465
HUARACAJE,consulta externa,nuevas en personas de 60 anos o mas,2007-02-01,11,16,11,16,27
HUAYLLAMARCA,consulta externa,nuevas en personas de 60 anos o mas,2007-02-01,33,22,33,22,55
ICHOCA,consulta externa,nuevas en personas de 60 anos o mas,2007-02-01,24,23,24,23,47
ICLA,consulta externa,nuevas en personas de 60 anos o mas,2007-02-01,32,48,32,48,80
INCAHUASI,consulta externa,nuevas en personas de 60 anos o mas,2007-02-01,66,87,66,87,153
INGAVI (HUMAITA),consulta externa,nuevas en personas de 60 anos o mas,2007-02-01,2,0,2,0,2
INQUISIVI,consulta externa,nuevas en personas de 60 anos o mas,2007-02-01,44,34,44,34,78
IRUPANA (VILLA DE LANZA),consulta externa,nuevas en personas de 60 anos o mas,2007-02-01,41,38,41,38,79
IXIAMAS,consulta externa,nuevas en personas de 60 anos o mas,2007-02-01,41,26,41,26,67
JESUS DE MACHACA,consulta externa,nuevas en personas de 60 anos o mas,2007-02-01,101,116,101,116,217
LA ASUNTA,consulta externa,nuevas en personas de 60 anos o mas,2007-02-01,14,12,14,12,26
LA GUARDIA,consulta externa,nuevas en personas de 60 anos o mas,2007-02-01,58,91,58,91,149
LA PAZ,consulta externa,nuevas en personas de 60 anos o mas,2007-02-01,8622,9402,8622,9402,18024
LA RIVERA,consulta externa,nuevas en personas de 60 anos o mas,2007-02-01,1,5,1,5,6
LAGUNILLAS,consulta externa,nuevas en personas de 60 anos o mas,2007-02-01,32,40,32,40,72
LAJA,consulta externa,nuevas en personas de 60 anos o mas,2007-02-01,26,35,26,35,61
LAS CARRERAS,consulta externa,nuevas en personas de 60 anos o mas,2007-02-01,27,52,27,52,79
LICOMA PAMPA,consulta externa,nuevas en personas de 60 anos o mas,2007-02-01,10,15,10,15,25
LLALLAGUA,consulta externa,nuevas en personas de 60 anos o mas,2007-02-01,231,316,231,316,547
LLICA,consulta externa,nuevas en personas de 60 anos o mas,2007-02-01,25,40,25,40,65
LORETO,consulta externa,nuevas en personas de 60 anos o mas,2007-02-01,7,10,7,10,17
LURIBAY,consulta externa,nuevas en personas de 60 anos o mas,2007-02-01,41,45,41,45,86
MACHACAMARCA,consulta externa,nuevas en personas de 60 anos o mas,2007-02-01,45,73,45,73,118
MACHARETI,consulta externa,nuevas en personas de 60 anos o mas,2007-02-01,57,68,57,68,125
MAGDALENA,consulta externa,nuevas en personas de 60 anos o mas,2007-02-01,37,29,37,29,66
MAIRANA,consulta externa,nuevas en personas de 60 anos o mas,2007-02-01,37,44,37,44,81
MALLA,consulta externa,nuevas en personas de 60 anos o mas,2007-02-01,7,12,7,12,19
MAPIRI,consulta externa,nuevas en personas de 60 anos o mas,2007-02-01,27,25,27,25,52
MECAPACA,consulta externa,nuevas en personas de 60 anos o mas,2007-02-01,33,35,33,35,68
MINEROS,consulta externa,nuevas en personas de 60 anos o mas,2007-02-01,31,26,31,26,57
MIZQUE,consulta externa,nuevas en personas de 60 anos o mas,2007-02-01,35,40,35,40,75
MOCOMOCO,consulta externa,nuevas en personas de 60 anos o mas,2007-02-01,75,69,75,69,144
MOJINETE,consulta externa,nuevas en personas de 60 anos o mas,2007-02-01,0,10,0,10,10
MOJOCOYA,consulta externa,nuevas en personas de 60 anos o mas,2007-02-01,20,24,20,24,44
MONTEAGUDO,consulta externa,nuevas en personas de 60 anos o mas,2007-02-01,286,442,286,442,728
MONTERO,consulta externa,nuevas en personas de 60 anos o mas,2007-02-01,399,886,399,886,1285
MORO MORO,consulta externa,nuevas en personas de 60 anos o mas,2007-02-01,28,42,28,42,70
MOROCHATA,consulta externa,nuevas en personas de 60 anos o mas,2007-02-01,23,38,23,38,61
NACEBE (SANTA ROSA DEL ABUNA),consulta externa,nuevas en personas de 60 anos o mas,2007-02-01,4,5,4,5,9
NAZACARA DE PACAJES,consulta externa,nuevas en personas de 60 anos o mas,2007-02-01,4,6,4,6,10
NUEVO MANOA (NUEVA ESPERANZA),consulta externa,nuevas en personas de 60 anos o mas,2007-02-01,10,0,10,0,10
OCURI,consulta externa,nuevas en personas de 60 anos o mas,2007-02-01,34,52,34,52,86
OKINAWA,consulta externa,nuevas en personas de 60 anos o mas,2007-02-01,112,114,112,114,226
OMEREQUE,consulta externa,nuevas en personas de 60 anos o mas,2007-02-01,9,17,9,17,26
ORURO,consulta externa,nuevas en personas de 60 anos o mas,2007-02-01,2704,2976,2704,2976,5680
PADCAYA,consulta externa,nuevas en personas de 60 anos o mas,2007-02-01,111,144,111,144,255
PADILLA,consulta externa,nuevas en personas de 60 anos o mas,2007-02-01,219,304,219,304,523
PAILON,consulta externa,nuevas en personas de 60 anos o mas,2007-02-01,16,13,16,13,29
PALCA,consulta externa,nuevas en personas de 60 anos o mas,2007-02-01,38,30,38,30,68
PALOS BLANCOS,consulta externa,nuevas en personas de 60 anos o mas,2007-02-01,41,29,41,29,70
PAMPA AULLAGAS,consulta externa,nuevas en personas de 60 anos o mas,2007-02-01,9,23,9,23,32
PAMPA GRANDE,consulta externa,nuevas en personas de 60 anos o mas,2007-02-01,28,41,28,41,69
PAPEL PAMPA,consulta externa,nuevas en personas de 60 anos o mas,2007-02-01,40,39,40,39,79
PASORAPA,consulta externa,nuevas en personas de 60 anos o mas,2007-02-01,3,14,3,14,17
PATACAMAYA,consulta externa,nuevas en personas de 60 anos o mas,2007-02-01,29,18,29,18,47
PAZÑA,consulta externa,nuevas en personas de 60 anos o mas,2007-02-01,46,58,46,58,104
PELECHUCO,consulta externa,nuevas en personas de 60 anos o mas,2007-02-01,15,21,15,21,36
POCOATA,consulta externa,nuevas en personas de 60 anos o mas,2007-02-01,62,85,62,85,147
POCONA,consulta externa,nuevas en personas de 60 anos o mas,2007-02-01,35,48,35,48,83
POJO (CBBA),consulta externa,nuevas en personas de 60 anos o mas,2007-02-01,8,13,8,13,21
POOPO,consulta externa,nuevas en personas de 60 anos o mas,2007-02-01,37,51,37,51,88
PORCO,consulta externa,nuevas en personas de 60 anos o mas,2007-02-01,10,27,10,27,37
POROMA,consulta externa,nuevas en personas de 60 anos o mas,2007-02-01,41,63,41,63,104
PORONGO,consulta externa,nuevas en personas de 60 anos o mas,2007-02-01,30,33,30,33,63
PORTACHUELO,consulta externa,nuevas en personas de 60 anos o mas,2007-02-01,150,120,150,120,270
PORVENIR,consulta externa,nuevas en personas de 60 anos o mas,2007-02-01,12,13,12,13,25
POSTRER VALLE,consulta externa,nuevas en personas de 60 anos o mas,2007-02-01,15,27,15,27,42
POTOSI,consulta externa,nuevas en personas de 60 anos o mas,2007-02-01,1316,1650,1316,1650,2966
PRESTO,consulta externa,nuevas en personas de 60 anos o mas,2007-02-01,42,42,42,42,84
PUCARA,consulta externa,nuevas en personas de 60 anos o mas,2007-02-01,15,27,15,27,42
PUCARANI,consulta externa,nuevas en personas de 60 anos o mas,2007-02-01,70,40,70,40,110
PUERTO ACOSTA,consulta externa,nuevas en personas de 60 anos o mas,2007-02-01,162,106,162,106,268
PUERTO CARABUCO,consulta externa,nuevas en personas de 60 anos o mas,2007-02-01,41,50,41,50,91
PUERTO GONZALO MORENO,consulta externa,nuevas en personas de 60 anos o mas,2007-02-01,12,13,12,13,25
PUERTO PEREZ,consulta externa,nuevas en personas de 60 anos o mas,2007-02-01,20,25,20,25,45
PUERTO QUIJARRO,consulta externa,nuevas en personas de 60 anos o mas,2007-02-01,103,85,103,85,188
PUERTO RICO,consulta externa,nuevas en personas de 60 anos o mas,2007-02-01,13,7,13,7,20
PUERTO SILES,consulta externa,nuevas en personas de 60 anos o mas,2007-02-01,2,2,2,2,4
PUERTO SUAREZ,consulta externa,nuevas en personas de 60 anos o mas,2007-02-01,141,134,141,134,275
PUERTO VILLARROEL,consulta externa,nuevas en personas de 60 anos o mas,2007-02-01,44,44,44,44,88
PUNA,consulta externa,nuevas en personas de 60 anos o mas,2007-02-01,175,242,175,242,417
PUNATA,consulta externa,nuevas en personas de 60 anos o mas,2007-02-01,106,165,106,165,271
QUIABAYA,consulta externa,nuevas en personas de 60 anos o mas,2007-02-01,22,14,22,14,36
QUILLACOLLO,consulta externa,nuevas en personas de 60 anos o mas,2007-02-01,573,561,573,561,1134
QUIME,consulta externa,nuevas en personas de 60 anos o mas,2007-02-01,21,20,21,20,41
QUIRUSILLAS,consulta externa,nuevas en personas de 60 anos o mas,2007-02-01,8,7,8,7,15
RAVELO,consulta externa,nuevas en personas de 60 anos o mas,2007-02-01,63,80,63,80,143
REYES,consulta externa,nuevas en personas de 60 anos o mas,2007-02-01,60,79,60,79,139
RIBERALTA,consulta externa,nuevas en personas de 60 anos o mas,2007-02-01,420,540,420,540,960
ROBORE,consulta externa,nuevas en personas de 60 anos o mas,2007-02-01,235,181,235,181,416
RURRENABAQUE,consulta externa,nuevas en personas de 60 anos o mas,2007-02-01,102,90,102,90,192
SABAYA,consulta externa,nuevas en personas de 60 anos o mas,2007-02-01,52,53,52,53,105
SACABA,consulta externa,nuevas en personas de 60 anos o mas,2007-02-01,156,210,156,210,366
SACABAMBA,consulta externa,nuevas en personas de 60 anos o mas,2007-02-01,19,38,19,38,57
SACACA,consulta externa,nuevas en personas de 60 anos o mas,2007-02-01,31,71,31,71,102
SAIPINA,consulta externa,nuevas en personas de 60 anos o mas,2007-02-01,7,6,7,6,13
SALINAS DE GARCI MENDOZA,consulta externa,nuevas en personas de 60 anos o mas,2007-02-01,77,64,77,64,141
SAMAIPATA,consulta externa,nuevas en personas de 60 anos o mas,2007-02-01,47,43,47,43,90
SAN AGUSTIN,consulta externa,nuevas en personas de 60 anos o mas,2007-02-01,11,14,11,14,25
SAN ANDRES,consulta externa,nuevas en personas de 60 anos o mas,2007-02-01,14,23,14,23,37
SAN ANDRES DE MACHACA,consulta externa,nuevas en personas de 60 anos o mas,2007-02-01,40,76,40,76,116
SAN ANTONIO DE ESMORUCO,consulta externa,nuevas en personas de 60 anos o mas,2007-02-01,5,3,5,3,8
SAN ANTONIO DE LOMERIO,consulta externa,nuevas en personas de 60 anos o mas,2007-02-01,35,42,35,42,77
SAN BENITO,consulta externa,nuevas en personas de 60 anos o mas,2007-02-01,25,33,25,33,58
SAN BORJA,consulta externa,nuevas en personas de 60 anos o mas,2007-02-01,86,109,86,109,195
SAN BUENA VENTURA,consulta externa,nuevas en personas de 60 anos o mas,2007-02-01,39,39,39,39,78
SAN CARLOS,consulta externa,nuevas en personas de 60 anos o mas,2007-02-01,100,131,100,131,231
SAN IGNACIO,consulta externa,nuevas en personas de 60 anos o mas,2007-02-01,145,130,145,130,275
SAN IGNACIO DE VELASCO,consulta externa,nuevas en personas de 60 anos o mas,2007-02-01,283,323,283,323,606
SAN JAVIER(BNI),consulta externa,nuevas en personas de 60 anos o mas,2007-02-01,1,3,1,3,4
SAN JAVIER(STC),consulta externa,nuevas en personas de 60 anos o mas,2007-02-01,45,55,45,55,100
SAN JOAQUIN,consulta externa,nuevas en personas de 60 anos o mas,2007-02-01,71,91,71,91,162
SAN JOSE DE CHIQUITOS,consulta externa,nuevas en personas de 60 anos o mas,2007-02-01,68,103,68,103,171
SAN JUAN DE YAPACANI,consulta externa,nuevas en personas de 60 anos o mas,2007-02-01,64,58,64,58,122
SAN JULIAN,consulta externa,nuevas en personas de 60 anos o mas,2007-02-01,112,178,112,178,290
SAN LORENZO(PND),consulta externa,nuevas en personas de 60 anos o mas,2007-02-01,1,2,1,2,3
SAN LORENZO(TJA),consulta externa,nuevas en personas de 60 anos o mas,2007-02-01,63,98,63,98,161
SAN LUCAS,consulta externa,nuevas en personas de 60 anos o mas,2007-02-01,161,309,161,309,470
SAN MATIAS,consulta externa,nuevas en personas de 60 anos o mas,2007-02-01,27,18,27,18,45
SAN MIGUEL DE VELASCO,consulta externa,nuevas en personas de 60 anos o mas,2007-02-01,144,184,144,184,328
SAN PABLO DE LIPEZ,consulta externa,nuevas en personas de 60 anos o mas,2007-02-01,23,19,23,19,42
SAN PEDRO,consulta externa,nuevas en personas de 60 anos o mas,2007-02-01,77,57,77,57,134
SAN PEDRO DE BUENA VISTA,consulta externa,nuevas en personas de 60 anos o mas,2007-02-01,29,37,29,37,66
SAN PEDRO DE CURAHUARA,consulta externa,nuevas en personas de 60 anos o mas,2007-02-01,22,26,22,26,48
SAN PEDRO DE QUEMES,consulta externa,nuevas en personas de 60 anos o mas,2007-02-01,3,1,3,1,4
SAN PEDRO DE TIQUINA,consulta externa,nuevas en personas de 60 anos o mas,2007-02-01,21,29,21,29,50
SAN PEDRO(PND),consulta externa,nuevas en personas de 60 anos o mas,2007-02-01,1,0,1,0,1
SAN RAFAEL,consulta externa,nuevas en personas de 60 anos o mas,2007-02-01,14,4,14,4,18
SAN RAMON,consulta externa,nuevas en personas de 60 anos o mas,2007-02-01,40,30,40,30,70
SAN RAMON,consulta externa,nuevas en personas de 60 anos o mas,2007-02-01,18,19,18,19,37
SANTA ANA,consulta externa,nuevas en personas de 60 anos o mas,2007-02-01,104,156,104,156,260
SANTA CRUZ DE LA SIERRA,consulta externa,nuevas en personas de 60 anos o mas,2007-02-01,16165,8410,16165,8410,24575
SANTA ROSA,consulta externa,nuevas en personas de 60 anos o mas,2007-02-01,48,56,48,56,104
SANTA ROSA DEL SARA,consulta externa,nuevas en personas de 60 anos o mas,2007-02-01,57,51,57,51,108
SANTIAGO DE CALLAPA,consulta externa,nuevas en personas de 60 anos o mas,2007-02-01,18,20,18,20,38
SANTIAGO DE HUARI,consulta externa,nuevas en personas de 60 anos o mas,2007-02-01,85,93,85,93,178
SANTIAGO DE MACHACA,consulta externa,nuevas en personas de 60 anos o mas,2007-02-01,11,5,11,5,16
SANTIVAÑES,consulta externa,nuevas en personas de 60 anos o mas,2007-02-01,17,26,17,26,43
SANTUARIO DE QUILLACAS,consulta externa,nuevas en personas de 60 anos o mas,2007-02-01,6,21,6,21,27
SAPAHAQUI,consulta externa,nuevas en personas de 60 anos o mas,2007-02-01,25,30,25,30,55
SENA,consulta externa,nuevas en personas de 60 anos o mas,2007-02-01,14,5,14,5,19
SICA SICA (VILLA AROMA),consulta externa,nuevas en personas de 60 anos o mas,2007-02-01,46,46,46,46,92
SICAYA,consulta externa,nuevas en personas de 60 anos o mas,2007-02-01,18,14,18,14,32
SIPE SIPE,consulta externa,nuevas en personas de 60 anos o mas,2007-02-01,31,49,31,49,80
SOPACHUY,consulta externa,nuevas en personas de 60 anos o mas,2007-02-01,51,84,51,84,135
SORACACHI,consulta externa,nuevas en personas de 60 anos o mas,2007-02-01,23,34,23,34,57
SORATA,consulta externa,nuevas en personas de 60 anos o mas,2007-02-01,50,54,50,54,104
SUCRE,consulta externa,nuevas en personas de 60 anos o mas,2007-02-01,2372,3217,2372,3217,5589
TACACHI,consulta externa,nuevas en personas de 60 anos o mas,2007-02-01,3,6,3,6,9
TACACOMA,consulta externa,nuevas en personas de 60 anos o mas,2007-02-01,12,12,12,12,24
TACOBAMBA,consulta externa,nuevas en personas de 60 anos o mas,2007-02-01,14,46,14,46,60
TACOPAYA,consulta externa,nuevas en personas de 60 anos o mas,2007-02-01,15,25,15,25,40
TAHUA,consulta externa,nuevas en personas de 60 anos o mas,2007-02-01,7,12,7,12,19
TAPACARI,consulta externa,nuevas en personas de 60 anos o mas,2007-02-01,33,55,33,55,88
TARABUCO,consulta externa,nuevas en personas de 60 anos o mas,2007-02-01,65,82,65,82,147
TARACO,consulta externa,nuevas en personas de 60 anos o mas,2007-02-01,34,29,34,29,63
TARATA,consulta externa,nuevas en personas de 60 anos o mas,2007-02-01,14,24,14,24,38
TARIJA,consulta externa,nuevas en personas de 60 anos o mas,2007-02-01,1670,2278,1670,2278,3948
TARVITA,consulta externa,nuevas en personas de 60 anos o mas,2007-02-01,52,92,52,92,144
TEOPONTE,consulta externa,nuevas en personas de 60 anos o mas,2007-02-01,66,6,66,6,72
TIAWANACU,consulta externa,nuevas en personas de 60 anos o mas,2007-02-01,20,22,20,22,42
TINGUIPAYA,consulta externa,nuevas en personas de 60 anos o mas,2007-02-01,53,60,53,60,113
TIPUANI,consulta externa,nuevas en personas de 60 anos o mas,2007-02-01,7,8,7,8,15
TIQUIPAYA,consulta externa,nuevas en personas de 60 anos o mas,2007-02-01,17,15,17,15,32
TIRAQUE (CBBA),consulta externa,nuevas en personas de 60 anos o mas,2007-02-01,80,81,80,81,161
TITO YUPANQUI (PARQUIPUJIO),consulta externa,nuevas en personas de 60 anos o mas,2007-02-01,8,12,8,12,20
TOCO,consulta externa,nuevas en personas de 60 anos o mas,2007-02-01,14,21,14,21,35
TOLATA,consulta externa,nuevas en personas de 60 anos o mas,2007-02-01,6,8,6,8,14
TOLEDO,consulta externa,nuevas en personas de 60 anos o mas,2007-02-01,38,41,38,41,79
TOMAVE,consulta externa,nuevas en personas de 60 anos o mas,2007-02-01,65,100,65,100,165
TOMINA,consulta externa,nuevas en personas de 60 anos o mas,2007-02-01,34,67,34,67,101
TORO TORO,consulta externa,nuevas en personas de 60 anos o mas,2007-02-01,29,67,29,67,96
TOTORA(CBBA),consulta externa,nuevas en personas de 60 anos o mas,2007-02-01,6,23,6,23,29
TOTORA(ORR),consulta externa,nuevas en personas de 60 anos o mas,2007-02-01,18,29,18,29,47
TRIGAL,consulta externa,nuevas en personas de 60 anos o mas,2007-02-01,16,39,16,39,55
TRINIDAD,consulta externa,nuevas en personas de 60 anos o mas,2007-02-01,367,448,367,448,815
TUPIZA,consulta externa,nuevas en personas de 60 anos o mas,2007-02-01,325,546,325,546,871
TURCO,consulta externa,nuevas en personas de 60 anos o mas,2007-02-01,41,40,41,40,81
UMALA,consulta externa,nuevas en personas de 60 anos o mas,2007-02-01,9,12,9,12,21
UNCIA,consulta externa,nuevas en personas de 60 anos o mas,2007-02-01,126,210,126,210,336
URIONDO (A. CONCEPCION),consulta externa,nuevas en personas de 60 anos o mas,2007-02-01,52,60,52,60,112
URUBICHA,consulta externa,nuevas en personas de 60 anos o mas,2007-02-01,11,23,11,23,34
UYUNI,consulta externa,nuevas en personas de 60 anos o mas,2007-02-01,169,148,169,148,317
VACAS,consulta externa,nuevas en personas de 60 anos o mas,2007-02-01,24,41,24,41,65
VALLEGRANDE,consulta externa,nuevas en personas de 60 anos o mas,2007-02-01,257,319,257,319,576
VIACHA,consulta externa,nuevas en personas de 60 anos o mas,2007-02-01,271,259,271,259,530
VILA VILA,consulta externa,nuevas en personas de 60 anos o mas,2007-02-01,9,7,9,7,16
VILLA MONTES,consulta externa,nuevas en personas de 60 anos o mas,2007-02-01,145,141,145,141,286
VILLA NUEVA (LOMA ALTA),consulta externa,nuevas en personas de 60 anos o mas,2007-02-01,10,4,10,4,14
VILLA RIVERO,consulta externa,nuevas en personas de 60 anos o mas,2007-02-01,15,19,15,19,34
VILLA SERRANO,consulta externa,nuevas en personas de 60 anos o mas,2007-02-01,62,128,62,128,190
VILLA TUNARI,consulta externa,nuevas en personas de 60 anos o mas,2007-02-01,103,83,103,83,186
VILLA VACA GUZMAN (MUYUPAMPA),consulta externa,nuevas en personas de 60 anos o mas,2007-02-01,37,56,37,56,93
VILLAZON,consulta externa,nuevas en personas de 60 anos o mas,2007-02-01,314,449,314,449,763
VINTO,consulta externa,nuevas en personas de 60 anos o mas,2007-02-01,13,16,13,16,29
VITICHI,consulta externa,nuevas en personas de 60 anos o mas,2007-02-01,57,95,57,95,152
WALDO BALLIVIAN,consulta externa,nuevas en personas de 60 anos o mas,2007-02-01,1,6,1,6,7
WARNES,consulta externa,nuevas en personas de 60 anos o mas,2007-02-01,117,66,117,66,183
YACO,consulta externa,nuevas en personas de 60 anos o mas,2007-02-01,24,16,24,16,40
YACUIBA,consulta externa,nuevas en personas de 60 anos o mas,2007-02-01,557,749,557,749,1306
YAMPARAEZ,consulta externa,nuevas en personas de 60 anos o mas,2007-02-01,23,51,23,51,74
YANACACHI,consulta externa,nuevas en personas de 60 anos o mas,2007-02-01,20,16,20,16,36
YAPACANI,consulta externa,nuevas en personas de 60 anos o mas,2007-02-01,245,157,245,157,402
YOCALLA,consulta externa,nuevas en personas de 60 anos o mas,2007-02-01,42,41,42,41,83
YOTALA,consulta externa,nuevas en personas de 60 anos o mas,2007-02-01,18,48,18,48,66
YUNCHARA,consulta externa,nuevas en personas de 60 anos o mas,2007-02-01,12,16,12,16,28
ZUDAÑEZ,consulta externa,nuevas en personas de 60 anos o mas,2007-02-01,32,58,32,58,90
ACACIO,consulta externa,nuevas en personas de 60 anos o mas,2007-03-01,23,44,23,44,67
ACHACACHI,consulta externa,nuevas en personas de 60 anos o mas,2007-03-01,185,152,185,152,337
ACHOCALLA,consulta externa,nuevas en personas de 60 anos o mas,2007-03-01,12,7,12,7,19
AIQUILE,consulta externa,nuevas en personas de 60 anos o mas,2007-03-01,81,121,81,121,202
ALALAY,consulta externa,nuevas en personas de 60 anos o mas,2007-03-01,8,4,8,4,12
ALCALA,consulta externa,nuevas en personas de 60 anos o mas,2007-03-01,20,60,20,60,80
ANCORAIMES,consulta externa,nuevas en personas de 60 anos o mas,2007-03-01,29,33,29,33,62
ANDAMARCA,consulta externa,nuevas en personas de 60 anos o mas,2007-03-01,60,78,60,78,138
ANTEQUERA,consulta externa,nuevas en personas de 60 anos o mas,2007-03-01,2,6,2,6,8
ANZALDO,consulta externa,nuevas en personas de 60 anos o mas,2007-03-01,26,18,26,18,44
APOLO,consulta externa,nuevas en personas de 60 anos o mas,2007-03-01,42,39,42,39,81
ARAMPAMPA,consulta externa,nuevas en personas de 60 anos o mas,2007-03-01,17,11,17,11,28
ARANI,consulta externa,nuevas en personas de 60 anos o mas,2007-03-01,8,13,8,13,21
ARBIETO,consulta externa,nuevas en personas de 60 anos o mas,2007-03-01,32,50,32,50,82
ARQUE,consulta externa,nuevas en personas de 60 anos o mas,2007-03-01,20,31,20,31,51
ASCENCION DE GUARAYOS,consulta externa,nuevas en personas de 60 anos o mas,2007-03-01,35,30,35,30,65
ATOCHA,consulta externa,nuevas en personas de 60 anos o mas,2007-03-01,98,139,98,139,237
AUCAPATA,consulta externa,nuevas en personas de 60 anos o mas,2007-03-01,17,13,17,13,30
AYATA,consulta externa,nuevas en personas de 60 anos o mas,2007-03-01,22,27,22,27,49
AYO AYO,consulta externa,nuevas en personas de 60 anos o mas,2007-03-01,21,20,21,20,41
AYOPAYA (V. DE INDEPENDENCIA),consulta externa,nuevas en personas de 60 anos o mas,2007-03-01,78,98,78,98,176
AZURDUY,consulta externa,nuevas en personas de 60 anos o mas,2007-03-01,82,98,82,98,180
BATALLAS,consulta externa,nuevas en personas de 60 anos o mas,2007-03-01,41,26,41,26,67
BAURES,consulta externa,nuevas en personas de 60 anos o mas,2007-03-01,5,20,5,20,25
BELEN DE ANDAMARCA,consulta externa,nuevas en personas de 60 anos o mas,2007-03-01,13,16,13,16,29
BELEN DE URMIRI,consulta externa,nuevas en personas de 60 anos o mas,2007-03-01,12,19,12,19,31
BELLA FLOR,consulta externa,nuevas en personas de 60 anos o mas,2007-03-01,13,10,13,10,23
BERMEJO,consulta externa,nuevas en personas de 60 anos o mas,2007-03-01,335,342,335,342,677
BETANZOS,consulta externa,nuevas en personas de 60 anos o mas,2007-03-01,188,320,188,320,508
BOLIVAR,consulta externa,nuevas en personas de 60 anos o mas,2007-03-01,25,27,25,27,52
BOLPEBRA,consulta externa,nuevas en personas de 60 anos o mas,2007-03-01,9,8,9,8,17
BOYUIBE,consulta externa,nuevas en personas de 60 anos o mas,2007-03-01,16,32,16,32,48
BUENA VISTA,consulta externa,nuevas en personas de 60 anos o mas,2007-03-01,104,72,104,72,176
CABEZAS,consulta externa,nuevas en personas de 60 anos o mas,2007-03-01,41,39,41,39,80
CAIROMA,consulta externa,nuevas en personas de 60 anos o mas,2007-03-01,42,54,42,54,96
"CAIZA ""D""",consulta externa,nuevas en personas de 60 anos o mas,2007-03-01,64,92,64,92,156
CAJUATA,consulta externa,nuevas en personas de 60 anos o mas,2007-03-01,27,34,27,34,61
CALACOTO,consulta externa,nuevas en personas de 60 anos o mas,2007-03-01,39,41,39,41,80
CALAMARCA,consulta externa,nuevas en personas de 60 anos o mas,2007-03-01,28,22,28,22,50
CAMARGO,consulta externa,nuevas en personas de 60 anos o mas,2007-03-01,206,326,206,326,532
CAMATAQUI (C. VILLA ABECIA),consulta externa,nuevas en personas de 60 anos o mas,2007-03-01,52,66,52,66,118
CAMIRI,consulta externa,nuevas en personas de 60 anos o mas,2007-03-01,513,1109,513,1109,1622
CAPINOTA,consulta externa,nuevas en personas de 60 anos o mas,2007-03-01,65,88,65,88,153
CAQUIAVIRI,consulta externa,nuevas en personas de 60 anos o mas,2007-03-01,35,46,35,46,81
CARACOLLO,consulta externa,nuevas en personas de 60 anos o mas,2007-03-01,131,87,131,87,218
CARANAVI,consulta externa,nuevas en personas de 60 anos o mas,2007-03-01,332,224,332,224,556
CARAPARI,consulta externa,nuevas en personas de 60 anos o mas,2007-03-01,88,83,88,83,171
CARIPUYO,consulta externa,nuevas en personas de 60 anos o mas,2007-03-01,11,29,11,29,40
CARMEN RIVERO TORREZ,consulta externa,nuevas en personas de 60 anos o mas,2007-03-01,2,2,2,2,4
CATACORA,consulta externa,nuevas en personas de 60 anos o mas,2007-03-01,7,6,7,6,13
CHACARILLA,consulta externa,nuevas en personas de 60 anos o mas,2007-03-01,3,1,3,1,4
CHALLAPATA,consulta externa,nuevas en personas de 60 anos o mas,2007-03-01,122,77,122,77,199
CHAQUI,consulta externa,nuevas en personas de 60 anos o mas,2007-03-01,34,48,34,48,82
CHARAGUA,consulta externa,nuevas en personas de 60 anos o mas,2007-03-01,40,39,40,39,79
CHARAÑA,consulta externa,nuevas en personas de 60 anos o mas,2007-03-01,9,13,9,13,22
CHAYANTA,consulta externa,nuevas en personas de 60 anos o mas,2007-03-01,76,103,76,103,179
CHIMORE,consulta externa,nuevas en personas de 60 anos o mas,2007-03-01,36,16,36,16,52
CHIPAYA,consulta externa,nuevas en personas de 60 anos o mas,2007-03-01,5,4,5,4,9
CHOQUE COTA,consulta externa,nuevas en personas de 60 anos o mas,2007-03-01,11,14,11,14,25
CHULUMANI (V. DE LA LIBERTAD),consulta externa,nuevas en personas de 60 anos o mas,2007-03-01,75,54,75,54,129
CHUMA,consulta externa,nuevas en personas de 60 anos o mas,2007-03-01,53,76,53,76,129
CLIZA,consulta externa,nuevas en personas de 60 anos o mas,2007-03-01,27,38,27,38,65
COBIJA,consulta externa,nuevas en personas de 60 anos o mas,2007-03-01,211,205,211,205,416
COCHABAMBA,consulta externa,nuevas en personas de 60 anos o mas,2007-03-01,5501,6711,5501,6711,12212
COIPASA,consulta externa,nuevas en personas de 60 anos o mas,2007-03-01,1,3,1,3,4
COLCAPIRHUA,consulta externa,nuevas en personas de 60 anos o mas,2007-03-01,142,232,142,232,374
"COLCHA ""K""",consulta externa,nuevas en personas de 60 anos o mas,2007-03-01,80,101,80,101,181
COLLANA,consulta externa,nuevas en personas de 60 anos o mas,2007-03-01,21,12,21,12,33
COLOMI,consulta externa,nuevas en personas de 60 anos o mas,2007-03-01,6,16,6,16,22
COLPA BELGICA,consulta externa,nuevas en personas de 60 anos o mas,2007-03-01,89,57,89,57,146
COLQUECHACA,consulta externa,nuevas en personas de 60 anos o mas,2007-03-01,109,144,109,144,253
COLQUENCHA,consulta externa,nuevas en personas de 60 anos o mas,2007-03-01,35,49,35,49,84
COLQUIRI,consulta externa,nuevas en personas de 60 anos o mas,2007-03-01,50,51,50,51,101
COMANCHE,consulta externa,nuevas en personas de 60 anos o mas,2007-03-01,22,12,22,12,34
COMARAPA,consulta externa,nuevas en personas de 60 anos o mas,2007-03-01,98,129,98,129,227
COMBAYA,consulta externa,nuevas en personas de 60 anos o mas,2007-03-01,7,5,7,5,12
CONCEPCION,consulta externa,nuevas en personas de 60 anos o mas,2007-03-01,63,65,63,65,128
COPACABANA,consulta externa,nuevas en personas de 60 anos o mas,2007-03-01,43,36,43,36,79
CORIPATA,consulta externa,nuevas en personas de 60 anos o mas,2007-03-01,29,24,29,24,53
CORO CORO,consulta externa,nuevas en personas de 60 anos o mas,2007-03-01,24,25,24,25,49
COROICO,consulta externa,nuevas en personas de 60 anos o mas,2007-03-01,79,48,79,48,127
CORQUE,consulta externa,nuevas en personas de 60 anos o mas,2007-03-01,58,68,58,68,126
COTAGAITA,consulta externa,nuevas en personas de 60 anos o mas,2007-03-01,233,407,233,407,640
COTOCA,consulta externa,nuevas en personas de 60 anos o mas,2007-03-01,29,21,29,21,50
CUATRO CAÑADAS,consulta externa,nuevas en personas de 60 anos o mas,2007-03-01,48,54,48,54,102
CUCHUMUELA (V. G. VILLARROEL),consulta externa,nuevas en personas de 60 anos o mas,2007-03-01,8,6,8,6,14
CUEVO,consulta externa,nuevas en personas de 60 anos o mas,2007-03-01,18,40,18,40,58
CULPINA,consulta externa,nuevas en personas de 60 anos o mas,2007-03-01,55,88,55,88,143
CURAHUARA DE CARANGAS,consulta externa,nuevas en personas de 60 anos o mas,2007-03-01,25,28,25,28,53
CURVA,consulta externa,nuevas en personas de 60 anos o mas,2007-03-01,2,6,2,6,8
DESAGUADERO,consulta externa,nuevas en personas de 60 anos o mas,2007-03-01,15,29,15,29,44
EL ALTO,consulta externa,nuevas en personas de 60 anos o mas,2007-03-01,1571,1490,1571,1490,3061
EL CHORO,consulta externa,nuevas en personas de 60 anos o mas,2007-03-01,42,64,42,64,106
EL PUENTE(STC),consulta externa,nuevas en personas de 60 anos o mas,2007-03-01,28,14,28,14,42
EL PUENTE(TJA),consulta externa,nuevas en personas de 60 anos o mas,2007-03-01,57,91,57,91,148
EL TORNO,consulta externa,nuevas en personas de 60 anos o mas,2007-03-01,179,207,179,207,386
EL VILLAR,consulta externa,nuevas en personas de 60 anos o mas,2007-03-01,40,77,40,77,117
ENTRE RIOS,consulta externa,nuevas en personas de 60 anos o mas,2007-03-01,110,136,110,136,246
ENTRE RIOS,consulta externa,nuevas en personas de 60 anos o mas,2007-03-01,24,11,24,11,35
ESCARA,consulta externa,nuevas en personas de 60 anos o mas,2007-03-01,1,2,1,2,3
ESMERALDA,consulta externa,nuevas en personas de 60 anos o mas,2007-03-01,14,7,14,7,21
EUCALIPTUS,consulta externa,nuevas en personas de 60 anos o mas,2007-03-01,46,55,46,55,101
EUREKA (SANTOS MERCADO),consulta externa,nuevas en personas de 60 anos o mas,2007-03-01,0,1,0,1,1
EXALTACION,consulta externa,nuevas en personas de 60 anos o mas,2007-03-01,7,9,7,9,16
FERNANDEZ ALONSO,consulta externa,nuevas en personas de 60 anos o mas,2007-03-01,20,17,20,17,37
FILADELFIA,consulta externa,nuevas en personas de 60 anos o mas,2007-03-01,24,22,24,22,46
GENERAL SAAVEDRA,consulta externa,nuevas en personas de 60 anos o mas,2007-03-01,37,27,37,27,64
GRAL. J.J. PEREZ (CHARAZANI),consulta externa,nuevas en personas de 60 anos o mas,2007-03-01,26,40,26,40,66
GUANAY,consulta externa,nuevas en personas de 60 anos o mas,2007-03-01,105,83,105,83,188
GUAQUI,consulta externa,nuevas en personas de 60 anos o mas,2007-03-01,48,48,48,48,96
GUAYARAMERIN,consulta externa,nuevas en personas de 60 anos o mas,2007-03-01,451,477,451,477,928
GUTIERREZ,consulta externa,nuevas en personas de 60 anos o mas,2007-03-01,52,55,52,55,107
HUACARETA,consulta externa,nuevas en personas de 60 anos o mas,2007-03-01,74,102,74,102,176
HUACAYA (VILLA DE HUACAYA),consulta externa,nuevas en personas de 60 anos o mas,2007-03-01,16,41,16,41,57
HUACHACALLA,consulta externa,nuevas en personas de 60 anos o mas,2007-03-01,53,37,53,37,90
HUANUNI,consulta externa,nuevas en personas de 60 anos o mas,2007-03-01,223,249,223,249,472
HUARACAJE,consulta externa,nuevas en personas de 60 anos o mas,2007-03-01,13,12,13,12,25
HUAYLLAMARCA,consulta externa,nuevas en personas de 60 anos o mas,2007-03-01,25,32,25,32,57
ICHOCA,consulta externa,nuevas en personas de 60 anos o mas,2007-03-01,27,16,27,16,43
ICLA,consulta externa,nuevas en personas de 60 anos o mas,2007-03-01,21,43,21,43,64
INCAHUASI,consulta externa,nuevas en personas de 60 anos o mas,2007-03-01,50,73,50,73,123
INGAVI (HUMAITA),consulta externa,nuevas en personas de 60 anos o mas,2007-03-01,0,1,0,1,1
INQUISIVI,consulta externa,nuevas en personas de 60 anos o mas,2007-03-01,35,30,35,30,65
IRUPANA (VILLA DE LANZA),consulta externa,nuevas en personas de 60 anos o mas,2007-03-01,41,55,41,55,96
IXIAMAS,consulta externa,nuevas en personas de 60 anos o mas,2007-03-01,24,17,24,17,41
JESUS DE MACHACA,consulta externa,nuevas en personas de 60 anos o mas,2007-03-01,94,113,94,113,207
LA ASUNTA,consulta externa,nuevas en personas de 60 anos o mas,2007-03-01,53,58,53,58,111
LA GUARDIA,consulta externa,nuevas en personas de 60 anos o mas,2007-03-01,63,73,63,73,136
LA PAZ,consulta externa,nuevas en personas de 60 anos o mas,2007-03-01,9135,11027,9135,11027,20162
LA RIVERA,consulta externa,nuevas en personas de 60 anos o mas,2007-03-01,2,7,2,7,9
LAGUNILLAS,consulta externa,nuevas en personas de 60 anos o mas,2007-03-01,19,23,19,23,42
LAJA,consulta externa,nuevas en personas de 60 anos o mas,2007-03-01,30,32,30,32,62
LAS CARRERAS,consulta externa,nuevas en personas de 60 anos o mas,2007-03-01,41,45,41,45,86
LICOMA PAMPA,consulta externa,nuevas en personas de 60 anos o mas,2007-03-01,15,19,15,19,34
LLALLAGUA,consulta externa,nuevas en personas de 60 anos o mas,2007-03-01,289,400,289,400,689
LLICA,consulta externa,nuevas en personas de 60 anos o mas,2007-03-01,60,63,60,63,123
LORETO,consulta externa,nuevas en personas de 60 anos o mas,2007-03-01,33,24,33,24,57
LURIBAY,consulta externa,nuevas en personas de 60 anos o mas,2007-03-01,65,55,65,55,120
MACHACAMARCA,consulta externa,nuevas en personas de 60 anos o mas,2007-03-01,77,91,77,91,168
MACHARETI,consulta externa,nuevas en personas de 60 anos o mas,2007-03-01,78,96,78,96,174
MAGDALENA,consulta externa,nuevas en personas de 60 anos o mas,2007-03-01,34,30,34,30,64
MAIRANA,consulta externa,nuevas en personas de 60 anos o mas,2007-03-01,58,76,58,76,134
MALLA,consulta externa,nuevas en personas de 60 anos o mas,2007-03-01,10,19,10,19,29
MAPIRI,consulta externa,nuevas en personas de 60 anos o mas,2007-03-01,32,22,32,22,54
MECAPACA,consulta externa,nuevas en personas de 60 anos o mas,2007-03-01,46,25,46,25,71
MINEROS,consulta externa,nuevas en personas de 60 anos o mas,2007-03-01,35,27,35,27,62
MIZQUE,consulta externa,nuevas en personas de 60 anos o mas,2007-03-01,37,51,37,51,88
MOCOMOCO,consulta externa,nuevas en personas de 60 anos o mas,2007-03-01,70,81,70,81,151
MOJINETE,consulta externa,nuevas en personas de 60 anos o mas,2007-03-01,8,19,8,19,27
MOJOCOYA,consulta externa,nuevas en personas de 60 anos o mas,2007-03-01,27,22,27,22,49
MONTEAGUDO,consulta externa,nuevas en personas de 60 anos o mas,2007-03-01,383,484,383,484,867
MONTERO,consulta externa,nuevas en personas de 60 anos o mas,2007-03-01,346,402,346,402,748
MORO MORO,consulta externa,nuevas en personas de 60 anos o mas,2007-03-01,26,26,26,26,52
MOROCHATA,consulta externa,nuevas en personas de 60 anos o mas,2007-03-01,36,46,36,46,82
NACEBE (SANTA ROSA DEL ABUNA),consulta externa,nuevas en personas de 60 anos o mas,2007-03-01,10,13,10,13,23
NAZACARA DE PACAJES,consulta externa,nuevas en personas de 60 anos o mas,2007-03-01,2,4,2,4,6
NUEVO MANOA (NUEVA ESPERANZA),consulta externa,nuevas en personas de 60 anos o mas,2007-03-01,14,2,14,2,16
OCURI,consulta externa,nuevas en personas de 60 anos o mas,2007-03-01,29,48,29,48,77
OKINAWA,consulta externa,nuevas en personas de 60 anos o mas,2007-03-01,100,99,100,99,199
OMEREQUE,consulta externa,nuevas en personas de 60 anos o mas,2007-03-01,17,31,17,31,48
ORURO,consulta externa,nuevas en personas de 60 anos o mas,2007-03-01,3084,3558,3084,3558,6642
PADCAYA,consulta externa,nuevas en personas de 60 anos o mas,2007-03-01,98,139,98,139,237
PADILLA,consulta externa,nuevas en personas de 60 anos o mas,2007-03-01,192,351,192,351,543
PAILON,consulta externa,nuevas en personas de 60 anos o mas,2007-03-01,18,20,18,20,38
PALCA,consulta externa,nuevas en personas de 60 anos o mas,2007-03-01,43,45,43,45,88
PALOS BLANCOS,consulta externa,nuevas en personas de 60 anos o mas,2007-03-01,65,39,65,39,104
PAMPA AULLAGAS,consulta externa,nuevas en personas de 60 anos o mas,2007-03-01,11,15,11,15,26
PAMPA GRANDE,consulta externa,nuevas en personas de 60 anos o mas,2007-03-01,20,27,20,27,47
PAPEL PAMPA,consulta externa,nuevas en personas de 60 anos o mas,2007-03-01,26,35,26,35,61
PASORAPA,consulta externa,nuevas en personas de 60 anos o mas,2007-03-01,7,21,7,21,28
PATACAMAYA,consulta externa,nuevas en personas de 60 anos o mas,2007-03-01,39,30,39,30,69
PAZÑA,consulta externa,nuevas en personas de 60 anos o mas,2007-03-01,101,84,101,84,185
PELECHUCO,consulta externa,nuevas en personas de 60 anos o mas,2007-03-01,12,22,12,22,34
POCOATA,consulta externa,nuevas en personas de 60 anos o mas,2007-03-01,80,93,80,93,173
POCONA,consulta externa,nuevas en personas de 60 anos o mas,2007-03-01,26,60,26,60,86
POJO (CBBA),consulta externa,nuevas en personas de 60 anos o mas,2007-03-01,13,13,13,13,26
POOPO,consulta externa,nuevas en personas de 60 anos o mas,2007-03-01,50,53,50,53,103
PORCO,consulta externa,nuevas en personas de 60 anos o mas,2007-03-01,6,26,6,26,32
POROMA,consulta externa,nuevas en personas de 60 anos o mas,2007-03-01,58,99,58,99,157
PORONGO,consulta externa,nuevas en personas de 60 anos o mas,2007-03-01,33,17,33,17,50
PORTACHUELO,consulta externa,nuevas en personas de 60 anos o mas,2007-03-01,140,149,140,149,289
PORVENIR,consulta externa,nuevas en personas de 60 anos o mas,2007-03-01,32,13,32,13,45
POSTRER VALLE,consulta externa,nuevas en personas de 60 anos o mas,2007-03-01,23,35,23,35,58
POTOSI,consulta externa,nuevas en personas de 60 anos o mas,2007-03-01,1362,1872,1362,1872,3234
PRESTO,consulta externa,nuevas en personas de 60 anos o mas,2007-03-01,38,58,38,58,96
PUCARA,consulta externa,nuevas en personas de 60 anos o mas,2007-03-01,21,28,21,28,49
PUCARANI,consulta externa,nuevas en personas de 60 anos o mas,2007-03-01,82,58,82,58,140
PUERTO ACOSTA,consulta externa,nuevas en personas de 60 anos o mas,2007-03-01,186,203,186,203,389
PUERTO CARABUCO,consulta externa,nuevas en personas de 60 anos o mas,2007-03-01,67,71,67,71,138
PUERTO GONZALO MORENO,consulta externa,nuevas en personas de 60 anos o mas,2007-03-01,26,12,26,12,38
PUERTO PEREZ,consulta externa,nuevas en personas de 60 anos o mas,2007-03-01,21,35,21,35,56
PUERTO QUIJARRO,consulta externa,nuevas en personas de 60 anos o mas,2007-03-01,120,95,120,95,215
PUERTO RICO,consulta externa,nuevas en personas de 60 anos o mas,2007-03-01,30,26,30,26,56
PUERTO SUAREZ,consulta externa,nuevas en personas de 60 anos o mas,2007-03-01,158,164,158,164,322
PUERTO VILLARROEL,consulta externa,nuevas en personas de 60 anos o mas,2007-03-01,56,50,56,50,106
PUNA,consulta externa,nuevas en personas de 60 anos o mas,2007-03-01,199,307,199,307,506
PUNATA,consulta externa,nuevas en personas de 60 anos o mas,2007-03-01,132,149,132,149,281
QUIABAYA,consulta externa,nuevas en personas de 60 anos o mas,2007-03-01,12,14,12,14,26
QUILLACOLLO,consulta externa,nuevas en personas de 60 anos o mas,2007-03-01,534,629,534,629,1163
QUIME,consulta externa,nuevas en personas de 60 anos o mas,2007-03-01,25,13,25,13,38
QUIRUSILLAS,consulta externa,nuevas en personas de 60 anos o mas,2007-03-01,4,4,4,4,8
RAVELO,consulta externa,nuevas en personas de 60 anos o mas,2007-03-01,56,86,56,86,142
REYES,consulta externa,nuevas en personas de 60 anos o mas,2007-03-01,76,77,76,77,153
RIBERALTA,consulta externa,nuevas en personas de 60 anos o mas,2007-03-01,388,342,388,342,730
ROBORE,consulta externa,nuevas en personas de 60 anos o mas,2007-03-01,168,154,168,154,322
RURRENABAQUE,consulta externa,nuevas en personas de 60 anos o mas,2007-03-01,72,71,72,71,143
SABAYA,consulta externa,nuevas en personas de 60 anos o mas,2007-03-01,47,47,47,47,94
SACABA,consulta externa,nuevas en personas de 60 anos o mas,2007-03-01,171,273,171,273,444
SACABAMBA,consulta externa,nuevas en personas de 60 anos o mas,2007-03-01,21,40,21,40,61
SACACA,consulta externa,nuevas en personas de 60 anos o mas,2007-03-01,39,80,39,80,119
SAIPINA,consulta externa,nuevas en personas de 60 anos o mas,2007-03-01,126,210,126,210,336
SALINAS DE GARCI MENDOZA,consulta externa,nuevas en personas de 60 anos o mas,2007-03-01,93,86,93,86,179
SAMAIPATA,consulta externa,nuevas en personas de 60 anos o mas,2007-03-01,68,52,68,52,120
SAN AGUSTIN,consulta externa,nuevas en personas de 60 anos o mas,2007-03-01,9,13,9,13,22
SAN ANDRES,consulta externa,nuevas en personas de 60 anos o mas,2007-03-01,33,40,33,40,73
SAN ANDRES DE MACHACA,consulta externa,nuevas en personas de 60 anos o mas,2007-03-01,39,60,39,60,99
SAN ANTONIO DE ESMORUCO,consulta externa,nuevas en personas de 60 anos o mas,2007-03-01,7,8,7,8,15
SAN ANTONIO DE LOMERIO,consulta externa,nuevas en personas de 60 anos o mas,2007-03-01,39,35,39,35,74
SAN BENITO,consulta externa,nuevas en personas de 60 anos o mas,2007-03-01,38,42,38,42,80
SAN BORJA,consulta externa,nuevas en personas de 60 anos o mas,2007-03-01,109,111,109,111,220
SAN BUENA VENTURA,consulta externa,nuevas en personas de 60 anos o mas,2007-03-01,61,59,61,59,120
SAN CARLOS,consulta externa,nuevas en personas de 60 anos o mas,2007-03-01,113,116,113,116,229
SAN IGNACIO,consulta externa,nuevas en personas de 60 anos o mas,2007-03-01,163,183,163,183,346
SAN IGNACIO DE VELASCO,consulta externa,nuevas en personas de 60 anos o mas,2007-03-01,578,485,578,485,1063
SAN JAVIER(BNI),consulta externa,nuevas en personas de 60 anos o mas,2007-03-01,22,28,22,28,50
SAN JAVIER(STC),consulta externa,nuevas en personas de 60 anos o mas,2007-03-01,67,71,67,71,138
SAN JOAQUIN,consulta externa,nuevas en personas de 60 anos o mas,2007-03-01,50,72,50,72,122
SAN JOSE DE CHIQUITOS,consulta externa,nuevas en personas de 60 anos o mas,2007-03-01,135,111,135,111,246
SAN JUAN DE YAPACANI,consulta externa,nuevas en personas de 60 anos o mas,2007-03-01,70,82,70,82,152
SAN JULIAN,consulta externa,nuevas en personas de 60 anos o mas,2007-03-01,54,62,54,62,116
SAN LORENZO(PND),consulta externa,nuevas en personas de 60 anos o mas,2007-03-01,16,6,16,6,22
SAN LORENZO(TJA),consulta externa,nuevas en personas de 60 anos o mas,2007-03-01,63,112,63,112,175
SAN LUCAS,consulta externa,nuevas en personas de 60 anos o mas,2007-03-01,184,281,184,281,465
SAN MATIAS,consulta externa,nuevas en personas de 60 anos o mas,2007-03-01,21,12,21,12,33
SAN MIGUEL DE VELASCO,consulta externa,nuevas en personas de 60 anos o mas,2007-03-01,186,182,186,182,368
SAN PABLO DE LIPEZ,consulta externa,nuevas en personas de 60 anos o mas,2007-03-01,21,29,21,29,50
SAN PEDRO,consulta externa,nuevas en personas de 60 anos o mas,2007-03-01,52,73,52,73,125
SAN PEDRO DE BUENA VISTA,consulta externa,nuevas en personas de 60 anos o mas,2007-03-01,49,77,49,77,126
SAN PEDRO DE CURAHUARA,consulta externa,nuevas en personas de 60 anos o mas,2007-03-01,16,38,16,38,54
SAN PEDRO DE QUEMES,consulta externa,nuevas en personas de 60 anos o mas,2007-03-01,1,0,1,0,1
SAN PEDRO DE TIQUINA,consulta externa,nuevas en personas de 60 anos o mas,2007-03-01,17,13,17,13,30
SAN PEDRO(PND),consulta externa,nuevas en personas de 60 anos o mas,2007-03-01,5,5,5,5,10
SAN RAFAEL,consulta externa,nuevas en personas de 60 anos o mas,2007-03-01,8,6,8,6,14
SAN RAMON,consulta externa,nuevas en personas de 60 anos o mas,2007-03-01,38,35,38,35,73
SAN RAMON,consulta externa,nuevas en personas de 60 anos o mas,2007-03-01,25,26,25,26,51
SANTA ANA,consulta externa,nuevas en personas de 60 anos o mas,2007-03-01,123,181,123,181,304
SANTA CRUZ DE LA SIERRA,consulta externa,nuevas en personas de 60 anos o mas,2007-03-01,7378,10967,7378,10967,18345
SANTA ROSA,consulta externa,nuevas en personas de 60 anos o mas,2007-03-01,40,37,40,37,77
SANTA ROSA DEL SARA,consulta externa,nuevas en personas de 60 anos o mas,2007-03-01,79,65,79,65,144
SANTIAGO DE CALLAPA,consulta externa,nuevas en personas de 60 anos o mas,2007-03-01,17,10,17,10,27
SANTIAGO DE HUARI,consulta externa,nuevas en personas de 60 anos o mas,2007-03-01,94,100,94,100,194
SANTIAGO DE MACHACA,consulta externa,nuevas en personas de 60 anos o mas,2007-03-01,19,10,19,10,29
SANTIVAÑES,consulta externa,nuevas en personas de 60 anos o mas,2007-03-01,19,51,19,51,70
SANTUARIO DE QUILLACAS,consulta externa,nuevas en personas de 60 anos o mas,2007-03-01,16,24,16,24,40
SAPAHAQUI,consulta externa,nuevas en personas de 60 anos o mas,2007-03-01,32,23,32,23,55
SENA,consulta externa,nuevas en personas de 60 anos o mas,2007-03-01,6,3,6,3,9
SICA SICA (VILLA AROMA),consulta externa,nuevas en personas de 60 anos o mas,2007-03-01,51,46,51,46,97
SICAYA,consulta externa,nuevas en personas de 60 anos o mas,2007-03-01,11,13,11,13,24
SIPE SIPE,consulta externa,nuevas en personas de 60 anos o mas,2007-03-01,23,73,23,73,96
SOPACHUY,consulta externa,nuevas en personas de 60 anos o mas,2007-03-01,54,80,54,80,134
SORACACHI,consulta externa,nuevas en personas de 60 anos o mas,2007-03-01,19,28,19,28,47
SORATA,consulta externa,nuevas en personas de 60 anos o mas,2007-03-01,63,63,63,63,126
SUCRE,consulta externa,nuevas en personas de 60 anos o mas,2007-03-01,3006,3250,3006,3250,6256
TACACHI,consulta externa,nuevas en personas de 60 anos o mas,2007-03-01,4,6,4,6,10
TACACOMA,consulta externa,nuevas en personas de 60 anos o mas,2007-03-01,17,13,17,13,30
TACOBAMBA,consulta externa,nuevas en personas de 60 anos o mas,2007-03-01,16,45,16,45,61
TACOPAYA,consulta externa,nuevas en personas de 60 anos o mas,2007-03-01,14,29,14,29,43
TAHUA,consulta externa,nuevas en personas de 60 anos o mas,2007-03-01,12,27,12,27,39
TAPACARI,consulta externa,nuevas en personas de 60 anos o mas,2007-03-01,66,60,66,60,126
TARABUCO,consulta externa,nuevas en personas de 60 anos o mas,2007-03-01,78,117,78,117,195
TARACO,consulta externa,nuevas en personas de 60 anos o mas,2007-03-01,27,29,27,29,56
TARATA,consulta externa,nuevas en personas de 60 anos o mas,2007-03-01,17,22,17,22,39
TARIJA,consulta externa,nuevas en personas de 60 anos o mas,2007-03-01,2128,2521,2128,2521,4649
TARVITA,consulta externa,nuevas en personas de 60 anos o mas,2007-03-01,97,131,97,131,228
TEOPONTE,consulta externa,nuevas en personas de 60 anos o mas,2007-03-01,77,56,77,56,133
TIAWANACU,consulta externa,nuevas en personas de 60 anos o mas,2007-03-01,33,32,33,32,65
TINGUIPAYA,consulta externa,nuevas en personas de 60 anos o mas,2007-03-01,44,70,44,70,114
TIPUANI,consulta externa,nuevas en personas de 60 anos o mas,2007-03-01,6,13,6,13,19
TIQUIPAYA,consulta externa,nuevas en personas de 60 anos o mas,2007-03-01,26,61,26,61,87
TIRAQUE (CBBA),consulta externa,nuevas en personas de 60 anos o mas,2007-03-01,40,40,40,40,80
TITO YUPANQUI (PARQUIPUJIO),consulta externa,nuevas en personas de 60 anos o mas,2007-03-01,15,19,15,19,34
TOCO,consulta externa,nuevas en personas de 60 anos o mas,2007-03-01,20,13,20,13,33
TODOS SANTOS,consulta externa,nuevas en personas de 60 anos o mas,2007-03-01,2,0,2,0,2
TOLATA,consulta externa,nuevas en personas de 60 anos o mas,2007-03-01,0,10,0,10,10
TOLEDO,consulta externa,nuevas en personas de 60 anos o mas,2007-03-01,46,65,46,65,111
TOMAVE,consulta externa,nuevas en personas de 60 anos o mas,2007-03-01,56,97,56,97,153
TOMINA,consulta externa,nuevas en personas de 60 anos o mas,2007-03-01,51,69,51,69,120
TORO TORO,consulta externa,nuevas en personas de 60 anos o mas,2007-03-01,40,73,40,73,113
TOTORA(CBBA),consulta externa,nuevas en personas de 60 anos o mas,2007-03-01,18,30,18,30,48
TOTORA(ORR),consulta externa,nuevas en personas de 60 anos o mas,2007-03-01,46,52,46,52,98
TRIGAL,consulta externa,nuevas en personas de 60 anos o mas,2007-03-01,20,34,20,34,54
TRINIDAD,consulta externa,nuevas en personas de 60 anos o mas,2007-03-01,500,487,500,487,987
TUPIZA,consulta externa,nuevas en personas de 60 anos o mas,2007-03-01,321,535,321,535,856
TURCO,consulta externa,nuevas en personas de 60 anos o mas,2007-03-01,37,32,37,32,69
UMALA,consulta externa,nuevas en personas de 60 anos o mas,2007-03-01,14,14,14,14,28
UNCIA,consulta externa,nuevas en personas de 60 anos o mas,2007-03-01,179,216,179,216,395
URIONDO (A. CONCEPCION),consulta externa,nuevas en personas de 60 anos o mas,2007-03-01,41,74,41,74,115
URUBICHA,consulta externa,nuevas en personas de 60 anos o mas,2007-03-01,8,16,8,16,24
UYUNI,consulta externa,nuevas en personas de 60 anos o mas,2007-03-01,222,222,222,222,444
VACAS,consulta externa,nuevas en personas de 60 anos o mas,2007-03-01,18,63,18,63,81
VALLEGRANDE,consulta externa,nuevas en personas de 60 anos o mas,2007-03-01,386,442,386,442,828
VIACHA,consulta externa,nuevas en personas de 60 anos o mas,2007-03-01,290,309,290,309,599
VILA VILA,consulta externa,nuevas en personas de 60 anos o mas,2007-03-01,10,12,10,12,22
VILLA MONTES,consulta externa,nuevas en personas de 60 anos o mas,2007-03-01,280,240,280,240,520
VILLA NUEVA (LOMA ALTA),consulta externa,nuevas en personas de 60 anos o mas,2007-03-01,9,4,9,4,13
VILLA RIVERO,consulta externa,nuevas en personas de 60 anos o mas,2007-03-01,9,15,9,15,24
VILLA SERRANO,consulta externa,nuevas en personas de 60 anos o mas,2007-03-01,61,184,61,184,245
VILLA TUNARI,consulta externa,nuevas en personas de 60 anos o mas,2007-03-01,104,93,104,93,197
VILLA VACA GUZMAN (MUYUPAMPA),consulta externa,nuevas en personas de 60 anos o mas,2007-03-01,59,86,59,86,145
VILLAZON,consulta externa,nuevas en personas de 60 anos o mas,2007-03-01,335,518,335,518,853
VINTO,consulta externa,nuevas en personas de 60 anos o mas,2007-03-01,11,12,11,12,23
VITICHI,consulta externa,nuevas en personas de 60 anos o mas,2007-03-01,74,102,74,102,176
WALDO BALLIVIAN,consulta externa,nuevas en personas de 60 anos o mas,2007-03-01,6,9,6,9,15
WARNES,consulta externa,nuevas en personas de 60 anos o mas,2007-03-01,146,124,146,124,270
YACO,consulta externa,nuevas en personas de 60 anos o mas,2007-03-01,37,31,37,31,68
YACUIBA,consulta externa,nuevas en personas de 60 anos o mas,2007-03-01,637,1075,637,1075,1712
YAMPARAEZ,consulta externa,nuevas en personas de 60 anos o mas,2007-03-01,33,55,33,55,88
YANACACHI,consulta externa,nuevas en personas de 60 anos o mas,2007-03-01,18,23,18,23,41
YAPACANI,consulta externa,nuevas en personas de 60 anos o mas,2007-03-01,393,225,393,225,618
YOCALLA,consulta externa,nuevas en personas de 60 anos o mas,2007-03-01,49,69,49,69,118
YOTALA,consulta externa,nuevas en personas de 60 anos o mas,2007-03-01,38,59,38,59,97
YUNCHARA,consulta externa,nuevas en personas de 60 anos o mas,2007-03-01,17,36,17,36,53
ZUDAÑEZ,consulta externa,nuevas en personas de 60 anos o mas,2007-03-01,56,84,56,84,140
ACACIO,consulta externa,nuevas en personas de 60 anos o mas,2007-04-01,16,38,16,38,54
ACHACACHI,consulta externa,nuevas en personas de 60 anos o mas,2007-04-01,182,174,182,174,356
ACHOCALLA,consulta externa,nuevas en personas de 60 anos o mas,2007-04-01,14,11,14,11,25
AIQUILE,consulta externa,nuevas en personas de 60 anos o mas,2007-04-01,105,144,105,144,249
ALALAY,consulta externa,nuevas en personas de 60 anos o mas,2007-04-01,5,11,5,11,16
ALCALA,consulta externa,nuevas en personas de 60 anos o mas,2007-04-01,33,57,33,57,90
ANCORAIMES,consulta externa,nuevas en personas de 60 anos o mas,2007-04-01,33,38,33,38,71
ANDAMARCA,consulta externa,nuevas en personas de 60 anos o mas,2007-04-01,58,60,58,60,118
ANTEQUERA,consulta externa,nuevas en personas de 60 anos o mas,2007-04-01,3,3,3,3,6
ANZALDO,consulta externa,nuevas en personas de 60 anos o mas,2007-04-01,19,30,19,30,49
APOLO,consulta externa,nuevas en personas de 60 anos o mas,2007-04-01,35,37,35,37,72
ARAMPAMPA,consulta externa,nuevas en personas de 60 anos o mas,2007-04-01,14,25,14,25,39
ARANI,consulta externa,nuevas en personas de 60 anos o mas,2007-04-01,7,10,7,10,17
ARBIETO,consulta externa,nuevas en personas de 60 anos o mas,2007-04-01,20,39,20,39,59
ARQUE,consulta externa,nuevas en personas de 60 anos o mas,2007-04-01,14,17,14,17,31
ASCENCION DE GUARAYOS,consulta externa,nuevas en personas de 60 anos o mas,2007-04-01,21,19,21,19,40
ATOCHA,consulta externa,nuevas en personas de 60 anos o mas,2007-04-01,70,107,70,107,177
AUCAPATA,consulta externa,nuevas en personas de 60 anos o mas,2007-04-01,20,25,20,25,45
AYATA,consulta externa,nuevas en personas de 60 anos o mas,2007-04-01,31,36,31,36,67
AYO AYO,consulta externa,nuevas en personas de 60 anos o mas,2007-04-01,16,28,16,28,44
AYOPAYA (V. DE INDEPENDENCIA),consulta externa,nuevas en personas de 60 anos o mas,2007-04-01,60,77,60,77,137
AZURDUY,consulta externa,nuevas en personas de 60 anos o mas,2007-04-01,73,89,73,89,162
BATALLAS,consulta externa,nuevas en personas de 60 anos o mas,2007-04-01,40,23,40,23,63
BAURES,consulta externa,nuevas en personas de 60 anos o mas,2007-04-01,6,12,6,12,18
BELEN DE ANDAMARCA,consulta externa,nuevas en personas de 60 anos o mas,2007-04-01,16,28,16,28,44
BELEN DE URMIRI,consulta externa,nuevas en personas de 60 anos o mas,2007-04-01,12,25,12,25,37
BELLA FLOR,consulta externa,nuevas en personas de 60 anos o mas,2007-04-01,15,9,15,9,24
BERMEJO,consulta externa,nuevas en personas de 60 anos o mas,2007-04-01,275,322,275,322,597
BETANZOS,consulta externa,nuevas en personas de 60 anos o mas,2007-04-01,198,299,198,299,497
BOLIVAR,consulta externa,nuevas en personas de 60 anos o mas,2007-04-01,13,23,13,23,36
BOLPEBRA,consulta externa,nuevas en personas de 60 anos o mas,2007-04-01,10,10,10,10,20
BOYUIBE,consulta externa,nuevas en personas de 60 anos o mas,2007-04-01,8,27,8,27,35
BUENA VISTA,consulta externa,nuevas en personas de 60 anos o mas,2007-04-01,85,63,85,63,148
CABEZAS,consulta externa,nuevas en personas de 60 anos o mas,2007-04-01,62,47,62,47,109
CAIROMA,consulta externa,nuevas en personas de 60 anos o mas,2007-04-01,41,48,41,48,89
"CAIZA ""D""",consulta externa,nuevas en personas de 60 anos o mas,2007-04-01,61,110,61,110,171
CAJUATA,consulta externa,nuevas en personas de 60 anos o mas,2007-04-01,31,24,31,24,55
CALACOTO,consulta externa,nuevas en personas de 60 anos o mas,2007-04-01,45,45,45,45,90
CALAMARCA,consulta externa,nuevas en personas de 60 anos o mas,2007-04-01,20,27,20,27,47
CAMARGO,consulta externa,nuevas en personas de 60 anos o mas,2007-04-01,158,227,158,227,385
CAMATAQUI (C. VILLA ABECIA),consulta externa,nuevas en personas de 60 anos o mas,2007-04-01,65,98,65,98,163
CAMIRI,consulta externa,nuevas en personas de 60 anos o mas,2007-04-01,776,944,776,944,1720
CAPINOTA,consulta externa,nuevas en personas de 60 anos o mas,2007-04-01,19,57,19,57,76
CAQUIAVIRI,consulta externa,nuevas en personas de 60 anos o mas,2007-04-01,37,50,37,50,87
CARACOLLO,consulta externa,nuevas en personas de 60 anos o mas,2007-04-01,118,93,118,93,211
CARANAVI,consulta externa,nuevas en personas de 60 anos o mas,2007-04-01,306,163,306,163,469
CARANGAS,consulta externa,nuevas en personas de 60 anos o mas,2007-04-01,3,2,3,2,5
CARAPARI,consulta externa,nuevas en personas de 60 anos o mas,2007-04-01,87,102,87,102,189
CARIPUYO,consulta externa,nuevas en personas de 60 anos o mas,2007-04-01,13,23,13,23,36
CARMEN RIVERO TORREZ,consulta externa,nuevas en personas de 60 anos o mas,2007-04-01,8,3,8,3,11
CATACORA,consulta externa,nuevas en personas de 60 anos o mas,2007-04-01,7,9,7,9,16
CHACARILLA,consulta externa,nuevas en personas de 60 anos o mas,2007-04-01,2,4,2,4,6
CHALLAPATA,consulta externa,nuevas en personas de 60 anos o mas,2007-04-01,155,121,155,121,276
CHAQUI,consulta externa,nuevas en personas de 60 anos o mas,2007-04-01,32,51,32,51,83
CHARAGUA,consulta externa,nuevas en personas de 60 anos o mas,2007-04-01,28,23,28,23,51
CHARAÑA,consulta externa,nuevas en personas de 60 anos o mas,2007-04-01,3,18,3,18,21
CHAYANTA,consulta externa,nuevas en personas de 60 anos o mas,2007-04-01,44,78,44,78,122
CHIMORE,consulta externa,nuevas en personas de 60 anos o mas,2007-04-01,19,24,19,24,43
CHIPAYA,consulta externa,nuevas en personas de 60 anos o mas,2007-04-01,2,9,2,9,11
CHOQUE COTA,consulta externa,nuevas en personas de 60 anos o mas,2007-04-01,6,22,6,22,28
CHULUMANI (V. DE LA LIBERTAD),consulta externa,nuevas en personas de 60 anos o mas,2007-04-01,56,40,56,40,96
CHUMA,consulta externa,nuevas en personas de 60 anos o mas,2007-04-01,57,47,57,47,104
CLIZA,consulta externa,nuevas en personas de 60 anos o mas,2007-04-01,37,44,37,44,81
COBIJA,consulta externa,nuevas en personas de 60 anos o mas,2007-04-01,250,398,250,398,648
COCHABAMBA,consulta externa,nuevas en personas de 60 anos o mas,2007-04-01,4574,6360,4574,6360,10934
COIPASA,consulta externa,nuevas en personas de 60 anos o mas,2007-04-01,6,0,6,0,6
COLCAPIRHUA,consulta externa,nuevas en personas de 60 anos o mas,2007-04-01,147,251,147,251,398
"COLCHA ""K""",consulta externa,nuevas en personas de 60 anos o mas,2007-04-01,76,100,76,100,176
COLLANA,consulta externa,nuevas en personas de 60 anos o mas,2007-04-01,10,10,10,10,20
COLOMI,consulta externa,nuevas en personas de 60 anos o mas,2007-04-01,12,22,12,22,34
COLPA BELGICA,consulta externa,nuevas en personas de 60 anos o mas,2007-04-01,79,53,79,53,132
COLQUECHACA,consulta externa,nuevas en personas de 60 anos o mas,2007-04-01,94,124,94,124,218
COLQUENCHA,consulta externa,nuevas en personas de 60 anos o mas,2007-04-01,32,56,32,56,88
COLQUIRI,consulta externa,nuevas en personas de 60 anos o mas,2007-04-01,55,45,55,45,100
COMANCHE,consulta externa,nuevas en personas de 60 anos o mas,2007-04-01,27,19,27,19,46
COMARAPA,consulta externa,nuevas en personas de 60 anos o mas,2007-04-01,106,114,106,114,220
COMBAYA,consulta externa,nuevas en personas de 60 anos o mas,2007-04-01,1,8,1,8,9
CONCEPCION,consulta externa,nuevas en personas de 60 anos o mas,2007-04-01,25,28,25,28,53
COPACABANA,consulta externa,nuevas en personas de 60 anos o mas,2007-04-01,39,32,39,32,71
CORIPATA,consulta externa,nuevas en personas de 60 anos o mas,2007-04-01,36,24,36,24,60
CORO CORO,consulta externa,nuevas en personas de 60 anos o mas,2007-04-01,22,31,22,31,53
COROICO,consulta externa,nuevas en personas de 60 anos o mas,2007-04-01,78,55,78,55,133
CORQUE,consulta externa,nuevas en personas de 60 anos o mas,2007-04-01,53,68,53,68,121
COTAGAITA,consulta externa,nuevas en personas de 60 anos o mas,2007-04-01,259,509,259,509,768
COTOCA,consulta externa,nuevas en personas de 60 anos o mas,2007-04-01,15,24,15,24,39
CUATRO CAÑADAS,consulta externa,nuevas en personas de 60 anos o mas,2007-04-01,42,44,42,44,86
CUCHUMUELA (V. G. VILLARROEL),consulta externa,nuevas en personas de 60 anos o mas,2007-04-01,3,7,3,7,10
CUEVO,consulta externa,nuevas en personas de 60 anos o mas,2007-04-01,13,31,13,31,44
CULPINA,consulta externa,nuevas en personas de 60 anos o mas,2007-04-01,40,70,40,70,110
CURAHUARA DE CARANGAS,consulta externa,nuevas en personas de 60 anos o mas,2007-04-01,31,22,31,22,53
CURVA,consulta externa,nuevas en personas de 60 anos o mas,2007-04-01,3,8,3,8,11
DESAGUADERO,consulta externa,nuevas en personas de 60 anos o mas,2007-04-01,12,12,12,12,24
EL ALTO,consulta externa,nuevas en personas de 60 anos o mas,2007-04-01,1204,1234,1204,1234,2438
EL CHORO,consulta externa,nuevas en personas de 60 anos o mas,2007-04-01,33,38,33,38,71
EL PUENTE(STC),consulta externa,nuevas en personas de 60 anos o mas,2007-04-01,34,17,34,17,51
EL PUENTE(TJA),consulta externa,nuevas en personas de 60 anos o mas,2007-04-01,38,66,38,66,104
EL TORNO,consulta externa,nuevas en personas de 60 anos o mas,2007-04-01,153,157,153,157,310
EL VILLAR,consulta externa,nuevas en personas de 60 anos o mas,2007-04-01,34,56,34,56,90
ENTRE RIOS,consulta externa,nuevas en personas de 60 anos o mas,2007-04-01,94,103,94,103,197
ENTRE RIOS,consulta externa,nuevas en personas de 60 anos o mas,2007-04-01,8,7,8,7,15
ESCARA,consulta externa,nuevas en personas de 60 anos o mas,2007-04-01,3,4,3,4,7
ESMERALDA,consulta externa,nuevas en personas de 60 anos o mas,2007-04-01,8,10,8,10,18
EUCALIPTUS,consulta externa,nuevas en personas de 60 anos o mas,2007-04-01,46,26,46,26,72
EUREKA (SANTOS MERCADO),consulta externa,nuevas en personas de 60 anos o mas,2007-04-01,1,1,1,1,2
EXALTACION,consulta externa,nuevas en personas de 60 anos o mas,2007-04-01,8,6,8,6,14
FERNANDEZ ALONSO,consulta externa,nuevas en personas de 60 anos o mas,2007-04-01,19,17,19,17,36
FILADELFIA,consulta externa,nuevas en personas de 60 anos o mas,2007-04-01,29,35,29,35,64
GENERAL SAAVEDRA,consulta externa,nuevas en personas de 60 anos o mas,2007-04-01,28,24,28,24,52
GRAL. J.J. PEREZ (CHARAZANI),consulta externa,nuevas en personas de 60 anos o mas,2007-04-01,39,49,39,49,88
GUANAY,consulta externa,nuevas en personas de 60 anos o mas,2007-04-01,82,83,82,83,165
GUAQUI,consulta externa,nuevas en personas de 60 anos o mas,2007-04-01,28,32,28,32,60
GUAYARAMERIN,consulta externa,nuevas en personas de 60 anos o mas,2007-04-01,319,275,319,275,594
GUTIERREZ,consulta externa,nuevas en personas de 60 anos o mas,2007-04-01,37,31,37,31,68
HUACARETA,consulta externa,nuevas en personas de 60 anos o mas,2007-04-01,80,88,80,88,168
HUACAYA (VILLA DE HUACAYA),consulta externa,nuevas en personas de 60 anos o mas,2007-04-01,27,22,27,22,49
HUACHACALLA,consulta externa,nuevas en personas de 60 anos o mas,2007-04-01,78,60,78,60,138
HUANUNI,consulta externa,nuevas en personas de 60 anos o mas,2007-04-01,159,179,159,179,338
HUARACAJE,consulta externa,nuevas en personas de 60 anos o mas,2007-04-01,15,22,15,22,37
HUAYLLAMARCA,consulta externa,nuevas en personas de 60 anos o mas,2007-04-01,23,26,23,26,49
ICHOCA,consulta externa,nuevas en personas de 60 anos o mas,2007-04-01,16,16,16,16,32
ICLA,consulta externa,nuevas en personas de 60 anos o mas,2007-04-01,24,47,24,47,71
INCAHUASI,consulta externa,nuevas en personas de 60 anos o mas,2007-04-01,75,143,75,143,218
INGAVI (HUMAITA),consulta externa,nuevas en personas de 60 anos o mas,2007-04-01,2,4,2,4,6
INQUISIVI,consulta externa,nuevas en personas de 60 anos o mas,2007-04-01,42,30,42,30,72
IRUPANA (VILLA DE LANZA),consulta externa,nuevas en personas de 60 anos o mas,2007-04-01,49,59,49,59,108
IXIAMAS,consulta externa,nuevas en personas de 60 anos o mas,2007-04-01,46,25,46,25,71
JESUS DE MACHACA,consulta externa,nuevas en personas de 60 anos o mas,2007-04-01,106,111,106,111,217
LA ASUNTA,consulta externa,nuevas en personas de 60 anos o mas,2007-04-01,42,31,42,31,73
LA GUARDIA,consulta externa,nuevas en personas de 60 anos o mas,2007-04-01,101,93,101,93,194
LA PAZ,consulta externa,nuevas en personas de 60 anos o mas,2007-04-01,8417,9918,8417,9918,18335
LA RIVERA,consulta externa,nuevas en personas de 60 anos o mas,2007-04-01,2,3,2,3,5
LAGUNILLAS,consulta externa,nuevas en personas de 60 anos o mas,2007-04-01,34,37,34,37,71
LAJA,consulta externa,nuevas en personas de 60 anos o mas,2007-04-01,25,36,25,36,61
LAS CARRERAS,consulta externa,nuevas en personas de 60 anos o mas,2007-04-01,24,40,24,40,64
LICOMA PAMPA,consulta externa,nuevas en personas de 60 anos o mas,2007-04-01,14,11,14,11,25
LLALLAGUA,consulta externa,nuevas en personas de 60 anos o mas,2007-04-01,220,366,220,366,586
LLICA,consulta externa,nuevas en personas de 60 anos o mas,2007-04-01,46,64,46,64,110
LORETO,consulta externa,nuevas en personas de 60 anos o mas,2007-04-01,19,17,19,17,36
LURIBAY,consulta externa,nuevas en personas de 60 anos o mas,2007-04-01,64,64,64,64,128
MACHACAMARCA,consulta externa,nuevas en personas de 60 anos o mas,2007-04-01,54,74,54,74,128
MACHARETI,consulta externa,nuevas en personas de 60 anos o mas,2007-04-01,66,54,66,54,120
MAGDALENA,consulta externa,nuevas en personas de 60 anos o mas,2007-04-01,33,25,33,25,58
MAIRANA,consulta externa,nuevas en personas de 60 anos o mas,2007-04-01,34,67,34,67,101
MALLA,consulta externa,nuevas en personas de 60 anos o mas,2007-04-01,11,13,11,13,24
MAPIRI,consulta externa,nuevas en personas de 60 anos o mas,2007-04-01,37,42,37,42,79
MECAPACA,consulta externa,nuevas en personas de 60 anos o mas,2007-04-01,55,42,55,42,97
MINEROS,consulta externa,nuevas en personas de 60 anos o mas,2007-04-01,9,13,9,13,22
MIZQUE,consulta externa,nuevas en personas de 60 anos o mas,2007-04-01,28,44,28,44,72
MOCOMOCO,consulta externa,nuevas en personas de 60 anos o mas,2007-04-01,71,59,71,59,130
MOJINETE,consulta externa,nuevas en personas de 60 anos o mas,2007-04-01,5,15,5,15,20
MOJOCOYA,consulta externa,nuevas en personas de 60 anos o mas,2007-04-01,40,42,40,42,82
MONTEAGUDO,consulta externa,nuevas en personas de 60 anos o mas,2007-04-01,337,482,337,482,819
MONTERO,consulta externa,nuevas en personas de 60 anos o mas,2007-04-01,358,581,358,581,939
MORO MORO,consulta externa,nuevas en personas de 60 anos o mas,2007-04-01,26,32,26,32,58
MOROCHATA,consulta externa,nuevas en personas de 60 anos o mas,2007-04-01,37,43,37,43,80
NACEBE (SANTA ROSA DEL ABUNA),consulta externa,nuevas en personas de 60 anos o mas,2007-04-01,10,9,10,9,19
NAZACARA DE PACAJES,consulta externa,nuevas en personas de 60 anos o mas,2007-04-01,10,2,10,2,12
NUEVO MANOA (NUEVA ESPERANZA),consulta externa,nuevas en personas de 60 anos o mas,2007-04-01,9,0,9,0,9
OCURI,consulta externa,nuevas en personas de 60 anos o mas,2007-04-01,39,48,39,48,87
OKINAWA,consulta externa,nuevas en personas de 60 anos o mas,2007-04-01,84,108,84,108,192
OMEREQUE,consulta externa,nuevas en personas de 60 anos o mas,2007-04-01,15,23,15,23,38
ORURO,consulta externa,nuevas en personas de 60 anos o mas,2007-04-01,2993,3414,2993,3414,6407
PADCAYA,consulta externa,nuevas en personas de 60 anos o mas,2007-04-01,71,94,71,94,165
PADILLA,consulta externa,nuevas en personas de 60 anos o mas,2007-04-01,169,257,169,257,426
PAILON,consulta externa,nuevas en personas de 60 anos o mas,2007-04-01,13,14,13,14,27
PALCA,consulta externa,nuevas en personas de 60 anos o mas,2007-04-01,36,29,36,29,65
PALOS BLANCOS,consulta externa,nuevas en personas de 60 anos o mas,2007-04-01,55,30,55,30,85
PAMPA AULLAGAS,consulta externa,nuevas en personas de 60 anos o mas,2007-04-01,8,13,8,13,21
PAMPA GRANDE,consulta externa,nuevas en personas de 60 anos o mas,2007-04-01,33,32,33,32,65
PAPEL PAMPA,consulta externa,nuevas en personas de 60 anos o mas,2007-04-01,23,46,23,46,69
PASORAPA,consulta externa,nuevas en personas de 60 anos o mas,2007-04-01,20,13,20,13,33
PATACAMAYA,consulta externa,nuevas en personas de 60 anos o mas,2007-04-01,40,29,40,29,69
PAZÑA,consulta externa,nuevas en personas de 60 anos o mas,2007-04-01,42,68,42,68,110
PELECHUCO,consulta externa,nuevas en personas de 60 anos o mas,2007-04-01,20,19,20,19,39
POCOATA,consulta externa,nuevas en personas de 60 anos o mas,2007-04-01,70,92,70,92,162
POCONA,consulta externa,nuevas en personas de 60 anos o mas,2007-04-01,26,59,26,59,85
POJO (CBBA),consulta externa,nuevas en personas de 60 anos o mas,2007-04-01,9,9,9,9,18
POOPO,consulta externa,nuevas en personas de 60 anos o mas,2007-04-01,37,46,37,46,83
PORCO,consulta externa,nuevas en personas de 60 anos o mas,2007-04-01,13,22,13,22,35
POROMA,consulta externa,nuevas en personas de 60 anos o mas,2007-04-01,61,78,61,78,139
PORONGO,consulta externa,nuevas en personas de 60 anos o mas,2007-04-01,32,20,32,20,52
PORTACHUELO,consulta externa,nuevas en personas de 60 anos o mas,2007-04-01,135,131,135,131,266
PORVENIR,consulta externa,nuevas en personas de 60 anos o mas,2007-04-01,14,8,14,8,22
POSTRER VALLE,consulta externa,nuevas en personas de 60 anos o mas,2007-04-01,34,21,34,21,55
POTOSI,consulta externa,nuevas en personas de 60 anos o mas,2007-04-01,1282,1717,1282,1717,2999
PRESTO,consulta externa,nuevas en personas de 60 anos o mas,2007-04-01,27,50,27,50,77
PUCARA,consulta externa,nuevas en personas de 60 anos o mas,2007-04-01,45,76,45,76,121
PUCARANI,consulta externa,nuevas en personas de 60 anos o mas,2007-04-01,73,67,73,67,140
PUERTO ACOSTA,consulta externa,nuevas en personas de 60 anos o mas,2007-04-01,144,152,144,152,296
PUERTO CARABUCO,consulta externa,nuevas en personas de 60 anos o mas,2007-04-01,66,82,66,82,148
PUERTO GONZALO MORENO,consulta externa,nuevas en personas de 60 anos o mas,2007-04-01,16,11,16,11,27
PUERTO PEREZ,consulta externa,nuevas en personas de 60 anos o mas,2007-04-01,16,31,16,31,47
PUERTO QUIJARRO,consulta externa,nuevas en personas de 60 anos o mas,2007-04-01,100,73,100,73,173
PUERTO RICO,consulta externa,nuevas en personas de 60 anos o mas,2007-04-01,19,24,19,24,43
PUERTO SILES,consulta externa,nuevas en personas de 60 anos o mas,2007-04-01,7,4,7,4,11
PUERTO SUAREZ,consulta externa,nuevas en personas de 60 anos o mas,2007-04-01,85,104,85,104,189
PUERTO VILLARROEL,consulta externa,nuevas en personas de 60 anos o mas,2007-04-01,53,30,53,30,83
PUNA,consulta externa,nuevas en personas de 60 anos o mas,2007-04-01,196,342,196,342,538
PUNATA,consulta externa,nuevas en personas de 60 anos o mas,2007-04-01,124,144,124,144,268
QUIABAYA,consulta externa,nuevas en personas de 60 anos o mas,2007-04-01,13,6,13,6,19
QUILLACOLLO,consulta externa,nuevas en personas de 60 anos o mas,2007-04-01,498,596,498,596,1094
QUIME,consulta externa,nuevas en personas de 60 anos o mas,2007-04-01,28,27,28,27,55
QUIRUSILLAS,consulta externa,nuevas en personas de 60 anos o mas,2007-04-01,14,13,14,13,27
RAVELO,consulta externa,nuevas en personas de 60 anos o mas,2007-04-01,57,112,57,112,169
REYES,consulta externa,nuevas en personas de 60 anos o mas,2007-04-01,69,97,69,97,166
RIBERALTA,consulta externa,nuevas en personas de 60 anos o mas,2007-04-01,90,85,90,85,175
ROBORE,consulta externa,nuevas en personas de 60 anos o mas,2007-04-01,188,238,188,238,426
RURRENABAQUE,consulta externa,nuevas en personas de 60 anos o mas,2007-04-01,114,103,114,103,217
SABAYA,consulta externa,nuevas en personas de 60 anos o mas,2007-04-01,40,58,40,58,98
SACABA,consulta externa,nuevas en personas de 60 anos o mas,2007-04-01,182,311,182,311,493
SACABAMBA,consulta externa,nuevas en personas de 60 anos o mas,2007-04-01,11,15,11,15,26
SACACA,consulta externa,nuevas en personas de 60 anos o mas,2007-04-01,36,66,36,66,102
SAIPINA,consulta externa,nuevas en personas de 60 anos o mas,2007-04-01,5,10,5,10,15
SALINAS DE GARCI MENDOZA,consulta externa,nuevas en personas de 60 anos o mas,2007-04-01,50,52,50,52,102
SAMAIPATA,consulta externa,nuevas en personas de 60 anos o mas,2007-04-01,69,75,69,75,144
SAN AGUSTIN,consulta externa,nuevas en personas de 60 anos o mas,2007-04-01,18,18,18,18,36
SAN ANDRES,consulta externa,nuevas en personas de 60 anos o mas,2007-04-01,25,16,25,16,41
SAN ANDRES DE MACHACA,consulta externa,nuevas en personas de 60 anos o mas,2007-04-01,79,89,79,89,168
SAN ANTONIO DE ESMORUCO,consulta externa,nuevas en personas de 60 anos o mas,2007-04-01,6,6,6,6,12
SAN ANTONIO DE LOMERIO,consulta externa,nuevas en personas de 60 anos o mas,2007-04-01,26,18,26,18,44
SAN BENITO,consulta externa,nuevas en personas de 60 anos o mas,2007-04-01,9,16,9,16,25
SAN BORJA,consulta externa,nuevas en personas de 60 anos o mas,2007-04-01,114,116,114,116,230
SAN BUENA VENTURA,consulta externa,nuevas en personas de 60 anos o mas,2007-04-01,50,34,50,34,84
SAN CARLOS,consulta externa,nuevas en personas de 60 anos o mas,2007-04-01,91,89,91,89,180
SAN IGNACIO,consulta externa,nuevas en personas de 60 anos o mas,2007-04-01,123,152,123,152,275
SAN IGNACIO DE VELASCO,consulta externa,nuevas en personas de 60 anos o mas,2007-04-01,257,304,257,304,561
SAN JAVIER(BNI),consulta externa,nuevas en personas de 60 anos o mas,2007-04-01,4,6,4,6,10
SAN JAVIER(STC),consulta externa,nuevas en personas de 60 anos o mas,2007-04-01,57,57,57,57,114
SAN JOAQUIN,consulta externa,nuevas en personas de 60 anos o mas,2007-04-01,63,85,63,85,148
SAN JOSE DE CHIQUITOS,consulta externa,nuevas en personas de 60 anos o mas,2007-04-01,95,101,95,101,196
SAN JUAN DE YAPACANI,consulta externa,nuevas en personas de 60 anos o mas,2007-04-01,38,63,38,63,101
SAN JULIAN,consulta externa,nuevas en personas de 60 anos o mas,2007-04-01,110,110,110,110,220
SAN LORENZO(PND),consulta externa,nuevas en personas de 60 anos o mas,2007-04-01,8,4,8,4,12
SAN LORENZO(TJA),consulta externa,nuevas en personas de 60 anos o mas,2007-04-01,57,94,57,94,151
SAN LUCAS,consulta externa,nuevas en personas de 60 anos o mas,2007-04-01,157,225,157,225,382
SAN MATIAS,consulta externa,nuevas en personas de 60 anos o mas,2007-04-01,20,31,20,31,51
SAN MIGUEL DE VELASCO,consulta externa,nuevas en personas de 60 anos o mas,2007-04-01,78,97,78,97,175
SAN PABLO DE LIPEZ,consulta externa,nuevas en personas de 60 anos o mas,2007-04-01,18,27,18,27,45
SAN PEDRO,consulta externa,nuevas en personas de 60 anos o mas,2007-04-01,39,41,39,41,80
SAN PEDRO DE BUENA VISTA,consulta externa,nuevas en personas de 60 anos o mas,2007-04-01,38,54,38,54,92
SAN PEDRO DE CURAHUARA,consulta externa,nuevas en personas de 60 anos o mas,2007-04-01,27,28,27,28,55
SAN PEDRO DE QUEMES,consulta externa,nuevas en personas de 60 anos o mas,2007-04-01,1,2,1,2,3
SAN PEDRO DE TIQUINA,consulta externa,nuevas en personas de 60 anos o mas,2007-04-01,20,30,20,30,50
SAN PEDRO(PND),consulta externa,nuevas en personas de 60 anos o mas,2007-04-01,2,1,2,1,3
SAN RAFAEL,consulta externa,nuevas en personas de 60 anos o mas,2007-04-01,14,9,14,9,23
SAN RAMON,consulta externa,nuevas en personas de 60 anos o mas,2007-04-01,31,38,31,38,69
SAN RAMON,consulta externa,nuevas en personas de 60 anos o mas,2007-04-01,29,40,29,40,69
SANTA ANA,consulta externa,nuevas en personas de 60 anos o mas,2007-04-01,149,177,149,177,326
SANTA CRUZ DE LA SIERRA,consulta externa,nuevas en personas de 60 anos o mas,2007-04-01,6583,9154,6583,9154,15737
SANTA ROSA,consulta externa,nuevas en personas de 60 anos o mas,2007-04-01,47,47,47,47,94
SANTA ROSA DEL SARA,consulta externa,nuevas en personas de 60 anos o mas,2007-04-01,45,37,45,37,82
SANTIAGO DE CALLAPA,consulta externa,nuevas en personas de 60 anos o mas,2007-04-01,15,14,15,14,29
SANTIAGO DE HUARI,consulta externa,nuevas en personas de 60 anos o mas,2007-04-01,63,50,63,50,113
SANTIAGO DE MACHACA,consulta externa,nuevas en personas de 60 anos o mas,2007-04-01,17,22,17,22,39
SANTIVAÑES,consulta externa,nuevas en personas de 60 anos o mas,2007-04-01,42,38,42,38,80
SANTUARIO DE QUILLACAS,consulta externa,nuevas en personas de 60 anos o mas,2007-04-01,24,22,24,22,46
SAPAHAQUI,consulta externa,nuevas en personas de 60 anos o mas,2007-04-01,40,31,40,31,71
SENA,consulta externa,nuevas en personas de 60 anos o mas,2007-04-01,2,3,2,3,5
SICA SICA (VILLA AROMA),consulta externa,nuevas en personas de 60 anos o mas,2007-04-01,49,41,49,41,90
SICAYA,consulta externa,nuevas en personas de 60 anos o mas,2007-04-01,8,4,8,4,12
SIPE SIPE,consulta externa,nuevas en personas de 60 anos o mas,2007-04-01,24,27,24,27,51
SOPACHUY,consulta externa,nuevas en personas de 60 anos o mas,2007-04-01,45,75,45,75,120
SORACACHI,consulta externa,nuevas en personas de 60 anos o mas,2007-04-01,24,21,24,21,45
SORATA,consulta externa,nuevas en personas de 60 anos o mas,2007-04-01,55,48,55,48,103
SUCRE,consulta externa,nuevas en personas de 60 anos o mas,2007-04-01,2736,3628,2736,3628,6364
TACACHI,consulta externa,nuevas en personas de 60 anos o mas,2007-04-01,5,3,5,3,8
TACACOMA,consulta externa,nuevas en personas de 60 anos o mas,2007-04-01,27,20,27,20,47
TACOBAMBA,consulta externa,nuevas en personas de 60 anos o mas,2007-04-01,33,46,33,46,79
TACOPAYA,consulta externa,nuevas en personas de 60 anos o mas,2007-04-01,28,34,28,34,62
TAHUA,consulta externa,nuevas en personas de 60 anos o mas,2007-04-01,10,14,10,14,24
TAPACARI,consulta externa,nuevas en personas de 60 anos o mas,2007-04-01,46,59,46,59,105
TARABUCO,consulta externa,nuevas en personas de 60 anos o mas,2007-04-01,103,163,103,163,266
TARACO,consulta externa,nuevas en personas de 60 anos o mas,2007-04-01,32,32,32,32,64
TARATA,consulta externa,nuevas en personas de 60 anos o mas,2007-04-01,17,35,17,35,52
TARIJA,consulta externa,nuevas en personas de 60 anos o mas,2007-04-01,1974,2287,1974,2287,4261
TARVITA,consulta externa,nuevas en personas de 60 anos o mas,2007-04-01,50,112,50,112,162
TEOPONTE,consulta externa,nuevas en personas de 60 anos o mas,2007-04-01,70,51,70,51,121
TIAWANACU,consulta externa,nuevas en personas de 60 anos o mas,2007-04-01,20,37,20,37,57
TINGUIPAYA,consulta externa,nuevas en personas de 60 anos o mas,2007-04-01,36,66,36,66,102
TIPUANI,consulta externa,nuevas en personas de 60 anos o mas,2007-04-01,8,3,8,3,11
TIQUIPAYA,consulta externa,nuevas en personas de 60 anos o mas,2007-04-01,33,54,33,54,87
TIRAQUE (CBBA),consulta externa,nuevas en personas de 60 anos o mas,2007-04-01,36,51,36,51,87
TITO YUPANQUI (PARQUIPUJIO),consulta externa,nuevas en personas de 60 anos o mas,2007-04-01,11,14,11,14,25
TOCO,consulta externa,nuevas en personas de 60 anos o mas,2007-04-01,10,10,10,10,20
TODOS SANTOS,consulta externa,nuevas en personas de 60 anos o mas,2007-04-01,2,1,2,1,3
TOLATA,consulta externa,nuevas en personas de 60 anos o mas,2007-04-01,2,5,2,5,7
TOLEDO,consulta externa,nuevas en personas de 60 anos o mas,2007-04-01,43,61,43,61,104
TOMAVE,consulta externa,nuevas en personas de 60 anos o mas,2007-04-01,62,74,62,74,136
TOMINA,consulta externa,nuevas en personas de 60 anos o mas,2007-04-01,52,80,52,80,132
TORO TORO,consulta externa,nuevas en personas de 60 anos o mas,2007-04-01,47,79,47,79,126
TOTORA(CBBA),consulta externa,nuevas en personas de 60 anos o mas,2007-04-01,17,25,17,25,42
TOTORA(ORR),consulta externa,nuevas en personas de 60 anos o mas,2007-04-01,21,25,21,25,46
TRIGAL,consulta externa,nuevas en personas de 60 anos o mas,2007-04-01,15,25,15,25,40
TRINIDAD,consulta externa,nuevas en personas de 60 anos o mas,2007-04-01,498,340,498,340,838
TUPIZA,consulta externa,nuevas en personas de 60 anos o mas,2007-04-01,292,558,292,558,850
TURCO,consulta externa,nuevas en personas de 60 anos o mas,2007-04-01,54,43,54,43,97
UMALA,consulta externa,nuevas en personas de 60 anos o mas,2007-04-01,16,16,16,16,32
UNCIA,consulta externa,nuevas en personas de 60 anos o mas,2007-04-01,90,196,90,196,286
URIONDO (A. CONCEPCION),consulta externa,nuevas en personas de 60 anos o mas,2007-04-01,72,98,72,98,170
URUBICHA,consulta externa,nuevas en personas de 60 anos o mas,2007-04-01,9,16,9,16,25
UYUNI,consulta externa,nuevas en personas de 60 anos o mas,2007-04-01,179,183,179,183,362
VACAS,consulta externa,nuevas en personas de 60 anos o mas,2007-04-01,26,44,26,44,70
VALLEGRANDE,consulta externa,nuevas en personas de 60 anos o mas,2007-04-01,281,345,281,345,626
VIACHA,consulta externa,nuevas en personas de 60 anos o mas,2007-04-01,317,316,317,316,633
VILA VILA,consulta externa,nuevas en personas de 60 anos o mas,2007-04-01,1,4,1,4,5
VILLA MONTES,consulta externa,nuevas en personas de 60 anos o mas,2007-04-01,185,211,185,211,396
VILLA NUEVA (LOMA ALTA),consulta externa,nuevas en personas de 60 anos o mas,2007-04-01,17,13,17,13,30
VILLA RIVERO,consulta externa,nuevas en personas de 60 anos o mas,2007-04-01,9,13,9,13,22
VILLA SERRANO,consulta externa,nuevas en personas de 60 anos o mas,2007-04-01,69,92,69,92,161
VILLA TUNARI,consulta externa,nuevas en personas de 60 anos o mas,2007-04-01,92,84,92,84,176
VILLA VACA GUZMAN (MUYUPAMPA),consulta externa,nuevas en personas de 60 anos o mas,2007-04-01,40,89,40,89,129
VILLAZON,consulta externa,nuevas en personas de 60 anos o mas,2007-04-01,241,360,241,360,601
VINTO,consulta externa,nuevas en personas de 60 anos o mas,2007-04-01,9,18,9,18,27
VITICHI,consulta externa,nuevas en personas de 60 anos o mas,2007-04-01,51,107,51,107,158
WALDO BALLIVIAN,consulta externa,nuevas en personas de 60 anos o mas,2007-04-01,6,6,6,6,12
WARNES,consulta externa,nuevas en personas de 60 anos o mas,2007-04-01,42,48,42,48,90
YACO,consulta externa,nuevas en personas de 60 anos o mas,2007-04-01,29,16,29,16,45
YACUIBA,consulta externa,nuevas en personas de 60 anos o mas,2007-04-01,630,942,630,942,1572
YAMPARAEZ,consulta externa,nuevas en personas de 60 anos o mas,2007-04-01,46,51,46,51,97
YANACACHI,consulta externa,nuevas en personas de 60 anos o mas,2007-04-01,15,18,15,18,33
YAPACANI,consulta externa,nuevas en personas de 60 anos o mas,2007-04-01,357,214,357,214,571
YOCALLA,consulta externa,nuevas en personas de 60 anos o mas,2007-04-01,40,74,40,74,114
YOTALA,consulta externa,nuevas en personas de 60 anos o mas,2007-04-01,27,67,27,67,94
YUNCHARA,consulta externa,nuevas en personas de 60 anos o mas,2007-04-01,11,12,11,12,23
ZUDAÑEZ,consulta externa,nuevas en personas de 60 anos o mas,2007-04-01,64,105,64,105,169
ACACIO,consulta externa,nuevas en personas de 60 anos o mas,2007-05-01,11,31,11,31,42
ACHACACHI,consulta externa,nuevas en personas de 60 anos o mas,2007-05-01,181,166,181,166,347
ACHOCALLA,consulta externa,nuevas en personas de 60 anos o mas,2007-05-01,9,13,9,13,22
AIQUILE,consulta externa,nuevas en personas de 60 anos o mas,2007-05-01,116,148,116,148,264
ALALAY,consulta externa,nuevas en personas de 60 anos o mas,2007-05-01,1,10,1,10,11
ALCALA,consulta externa,nuevas en personas de 60 anos o mas,2007-05-01,22,37,22,37,59
ANCORAIMES,consulta externa,nuevas en personas de 60 anos o mas,2007-05-01,39,29,39,29,68
ANDAMARCA,consulta externa,nuevas en personas de 60 anos o mas,2007-05-01,64,68,64,68,132
ANTEQUERA,consulta externa,nuevas en personas de 60 anos o mas,2007-05-01,4,12,4,12,16
ANZALDO,consulta externa,nuevas en personas de 60 anos o mas,2007-05-01,19,28,19,28,47
APOLO,consulta externa,nuevas en personas de 60 anos o mas,2007-05-01,36,44,36,44,80
ARAMPAMPA,consulta externa,nuevas en personas de 60 anos o mas,2007-05-01,8,19,8,19,27
ARANI,consulta externa,nuevas en personas de 60 anos o mas,2007-05-01,11,14,11,14,25
ARBIETO,consulta externa,nuevas en personas de 60 anos o mas,2007-05-01,27,48,27,48,75
ARQUE,consulta externa,nuevas en personas de 60 anos o mas,2007-05-01,14,20,14,20,34
ASCENCION DE GUARAYOS,consulta externa,nuevas en personas de 60 anos o mas,2007-05-01,14,11,14,11,25
ATOCHA,consulta externa,nuevas en personas de 60 anos o mas,2007-05-01,102,116,102,116,218
AUCAPATA,consulta externa,nuevas en personas de 60 anos o mas,2007-05-01,17,15,17,15,32
AYATA,consulta externa,nuevas en personas de 60 anos o mas,2007-05-01,42,40,42,40,82
AYO AYO,consulta externa,nuevas en personas de 60 anos o mas,2007-05-01,18,13,18,13,31
AYOPAYA (V. DE INDEPENDENCIA),consulta externa,nuevas en personas de 60 anos o mas,2007-05-01,59,82,59,82,141
AZURDUY,consulta externa,nuevas en personas de 60 anos o mas,2007-05-01,99,118,99,118,217
BATALLAS,consulta externa,nuevas en personas de 60 anos o mas,2007-05-01,44,42,44,42,86
BAURES,consulta externa,nuevas en personas de 60 anos o mas,2007-05-01,13,20,13,20,33
BELEN DE ANDAMARCA,consulta externa,nuevas en personas de 60 anos o mas,2007-05-01,10,16,10,16,26
BELEN DE URMIRI,consulta externa,nuevas en personas de 60 anos o mas,2007-05-01,13,10,13,10,23
BELLA FLOR,consulta externa,nuevas en personas de 60 anos o mas,2007-05-01,8,6,8,6,14
BERMEJO,consulta externa,nuevas en personas de 60 anos o mas,2007-05-01,257,286,257,286,543
BETANZOS,consulta externa,nuevas en personas de 60 anos o mas,2007-05-01,188,376,188,376,564
BOLIVAR,consulta externa,nuevas en personas de 60 anos o mas,2007-05-01,24,39,24,39,63
BOLPEBRA,consulta externa,nuevas en personas de 60 anos o mas,2007-05-01,7,8,7,8,15
BOYUIBE,consulta externa,nuevas en personas de 60 anos o mas,2007-05-01,4,17,4,17,21
BUENA VISTA,consulta externa,nuevas en personas de 60 anos o mas,2007-05-01,77,73,77,73,150
CABEZAS,consulta externa,nuevas en personas de 60 anos o mas,2007-05-01,26,36,26,36,62
CAIROMA,consulta externa,nuevas en personas de 60 anos o mas,2007-05-01,53,39,53,39,92
"CAIZA ""D""",consulta externa,nuevas en personas de 60 anos o mas,2007-05-01,60,92,60,92,152
CAJUATA,consulta externa,nuevas en personas de 60 anos o mas,2007-05-01,35,41,35,41,76
CALACOTO,consulta externa,nuevas en personas de 60 anos o mas,2007-05-01,42,29,42,29,71
CALAMARCA,consulta externa,nuevas en personas de 60 anos o mas,2007-05-01,22,18,22,18,40
CAMARGO,consulta externa,nuevas en personas de 60 anos o mas,2007-05-01,227,328,227,328,555
CAMATAQUI (C. VILLA ABECIA),consulta externa,nuevas en personas de 60 anos o mas,2007-05-01,61,69,61,69,130
CAMIRI,consulta externa,nuevas en personas de 60 anos o mas,2007-05-01,748,848,748,848,1596
CAPINOTA,consulta externa,nuevas en personas de 60 anos o mas,2007-05-01,50,69,50,69,119
CAQUIAVIRI,consulta externa,nuevas en personas de 60 anos o mas,2007-05-01,32,32,32,32,64
CARACOLLO,consulta externa,nuevas en personas de 60 anos o mas,2007-05-01,119,79,119,79,198
CARANAVI,consulta externa,nuevas en personas de 60 anos o mas,2007-05-01,377,171,377,171,548
CARANGAS,consulta externa,nuevas en personas de 60 anos o mas,2007-05-01,2,1,2,1,3
CARAPARI,consulta externa,nuevas en personas de 60 anos o mas,2007-05-01,106,112,106,112,218
CARIPUYO,consulta externa,nuevas en personas de 60 anos o mas,2007-05-01,12,16,12,16,28
CARMEN RIVERO TORREZ,consulta externa,nuevas en personas de 60 anos o mas,2007-05-01,4,1,4,1,5
CATACORA,consulta externa,nuevas en personas de 60 anos o mas,2007-05-01,6,14,6,14,20
CHACARILLA,consulta externa,nuevas en personas de 60 anos o mas,2007-05-01,2,3,2,3,5
CHALLAPATA,consulta externa,nuevas en personas de 60 anos o mas,2007-05-01,114,132,114,132,246
CHAQUI,consulta externa,nuevas en personas de 60 anos o mas,2007-05-01,35,52,35,52,87
CHARAGUA,consulta externa,nuevas en personas de 60 anos o mas,2007-05-01,34,35,34,35,69
CHARAÑA,consulta externa,nuevas en personas de 60 anos o mas,2007-05-01,16,20,16,20,36
CHAYANTA,consulta externa,nuevas en personas de 60 anos o mas,2007-05-01,56,102,56,102,158
CHIMORE,consulta externa,nuevas en personas de 60 anos o mas,2007-05-01,15,14,15,14,29
CHIPAYA,consulta externa,nuevas en personas de 60 anos o mas,2007-05-01,6,6,6,6,12
CHOQUE COTA,consulta externa,nuevas en personas de 60 anos o mas,2007-05-01,11,12,11,12,23
CHULUMANI (V. DE LA LIBERTAD),consulta externa,nuevas en personas de 60 anos o mas,2007-05-01,71,47,71,47,118
CHUMA,consulta externa,nuevas en personas de 60 anos o mas,2007-05-01,54,58,54,58,112
CLIZA,consulta externa,nuevas en personas de 60 anos o mas,2007-05-01,29,49,29,49,78
COBIJA,consulta externa,nuevas en personas de 60 anos o mas,2007-05-01,284,333,284,333,617
COCHABAMBA,consulta externa,nuevas en personas de 60 anos o mas,2007-05-01,6879,6929,6879,6929,13808
COIPASA,consulta externa,nuevas en personas de 60 anos o mas,2007-05-01,5,2,5,2,7
COLCAPIRHUA,consulta externa,nuevas en personas de 60 anos o mas,2007-05-01,182,428,182,428,610
"COLCHA ""K""",consulta externa,nuevas en personas de 60 anos o mas,2007-05-01,96,109,96,109,205
COLLANA,consulta externa,nuevas en personas de 60 anos o mas,2007-05-01,13,12,13,12,25
COLOMI,consulta externa,nuevas en personas de 60 anos o mas,2007-05-01,22,16,22,16,38
COLPA BELGICA,consulta externa,nuevas en personas de 60 anos o mas,2007-05-01,70,47,70,47,117
COLQUECHACA,consulta externa,nuevas en personas de 60 anos o mas,2007-05-01,81,140,81,140,221
COLQUENCHA,consulta externa,nuevas en personas de 60 anos o mas,2007-05-01,40,47,40,47,87
COLQUIRI,consulta externa,nuevas en personas de 60 anos o mas,2007-05-01,55,42,55,42,97
COMANCHE,consulta externa,nuevas en personas de 60 anos o mas,2007-05-01,18,16,18,16,34
COMARAPA,consulta externa,nuevas en personas de 60 anos o mas,2007-05-01,92,85,92,85,177
COMBAYA,consulta externa,nuevas en personas de 60 anos o mas,2007-05-01,9,7,9,7,16
CONCEPCION,consulta externa,nuevas en personas de 60 anos o mas,2007-05-01,24,41,24,41,65
COPACABANA,consulta externa,nuevas en personas de 60 anos o mas,2007-05-01,37,34,37,34,71
CORIPATA,consulta externa,nuevas en personas de 60 anos o mas,2007-05-01,27,23,27,23,50
CORO CORO,consulta externa,nuevas en personas de 60 anos o mas,2007-05-01,23,23,23,23,46
COROICO,consulta externa,nuevas en personas de 60 anos o mas,2007-05-01,78,61,78,61,139
CORQUE,consulta externa,nuevas en personas de 60 anos o mas,2007-05-01,63,57,63,57,120
COTAGAITA,consulta externa,nuevas en personas de 60 anos o mas,2007-05-01,187,433,187,433,620
COTOCA,consulta externa,nuevas en personas de 60 anos o mas,2007-05-01,18,21,18,21,39
CUATRO CAÑADAS,consulta externa,nuevas en personas de 60 anos o mas,2007-05-01,50,52,50,52,102
CUCHUMUELA (V. G. VILLARROEL),consulta externa,nuevas en personas de 60 anos o mas,2007-05-01,6,6,6,6,12
CUEVO,consulta externa,nuevas en personas de 60 anos o mas,2007-05-01,20,26,20,26,46
CULPINA,consulta externa,nuevas en personas de 60 anos o mas,2007-05-01,77,115,77,115,192
CURAHUARA DE CARANGAS,consulta externa,nuevas en personas de 60 anos o mas,2007-05-01,33,34,33,34,67
CURVA,consulta externa,nuevas en personas de 60 anos o mas,2007-05-01,5,7,5,7,12
DESAGUADERO,consulta externa,nuevas en personas de 60 anos o mas,2007-05-01,18,20,18,20,38
EL ALTO,consulta externa,nuevas en personas de 60 anos o mas,2007-05-01,1314,1472,1314,1472,2786
EL CHORO,consulta externa,nuevas en personas de 60 anos o mas,2007-05-01,29,32,29,32,61
EL PUENTE(STC),consulta externa,nuevas en personas de 60 anos o mas,2007-05-01,32,32,32,32,64
EL PUENTE(TJA),consulta externa,nuevas en personas de 60 anos o mas,2007-05-01,70,110,70,110,180
EL TORNO,consulta externa,nuevas en personas de 60 anos o mas,2007-05-01,268,201,268,201,469
EL VILLAR,consulta externa,nuevas en personas de 60 anos o mas,2007-05-01,29,67,29,67,96
ENTRE RIOS,consulta externa,nuevas en personas de 60 anos o mas,2007-05-01,86,66,86,66,152
ENTRE RIOS,consulta externa,nuevas en personas de 60 anos o mas,2007-05-01,18,16,18,16,34
ESCARA,consulta externa,nuevas en personas de 60 anos o mas,2007-05-01,5,2,5,2,7
ESMERALDA,consulta externa,nuevas en personas de 60 anos o mas,2007-05-01,9,11,9,11,20
EUCALIPTUS,consulta externa,nuevas en personas de 60 anos o mas,2007-05-01,49,50,49,50,99
EUREKA (SANTOS MERCADO),consulta externa,nuevas en personas de 60 anos o mas,2007-05-01,1,1,1,1,2
EXALTACION,consulta externa,nuevas en personas de 60 anos o mas,2007-05-01,12,13,12,13,25
FERNANDEZ ALONSO,consulta externa,nuevas en personas de 60 anos o mas,2007-05-01,21,18,21,18,39
FILADELFIA,consulta externa,nuevas en personas de 60 anos o mas,2007-05-01,15,14,15,14,29
GENERAL SAAVEDRA,consulta externa,nuevas en personas de 60 anos o mas,2007-05-01,30,14,30,14,44
GRAL. J.J. PEREZ (CHARAZANI),consulta externa,nuevas en personas de 60 anos o mas,2007-05-01,33,46,33,46,79
GUANAY,consulta externa,nuevas en personas de 60 anos o mas,2007-05-01,105,100,105,100,205
GUAQUI,consulta externa,nuevas en personas de 60 anos o mas,2007-05-01,38,57,38,57,95
GUAYARAMERIN,consulta externa,nuevas en personas de 60 anos o mas,2007-05-01,364,480,364,480,844
GUTIERREZ,consulta externa,nuevas en personas de 60 anos o mas,2007-05-01,40,49,40,49,89
HUACARETA,consulta externa,nuevas en personas de 60 anos o mas,2007-05-01,90,72,90,72,162
HUACAYA (VILLA DE HUACAYA),consulta externa,nuevas en personas de 60 anos o mas,2007-05-01,16,31,16,31,47
HUACHACALLA,consulta externa,nuevas en personas de 60 anos o mas,2007-05-01,57,31,57,31,88
HUANUNI,consulta externa,nuevas en personas de 60 anos o mas,2007-05-01,142,130,142,130,272
HUARACAJE,consulta externa,nuevas en personas de 60 anos o mas,2007-05-01,13,9,13,9,22
HUAYLLAMARCA,consulta externa,nuevas en personas de 60 anos o mas,2007-05-01,41,36,41,36,77
ICHOCA,consulta externa,nuevas en personas de 60 anos o mas,2007-05-01,17,15,17,15,32
ICLA,consulta externa,nuevas en personas de 60 anos o mas,2007-05-01,18,38,18,38,56
INCAHUASI,consulta externa,nuevas en personas de 60 anos o mas,2007-05-01,72,97,72,97,169
INGAVI (HUMAITA),consulta externa,nuevas en personas de 60 anos o mas,2007-05-01,2,1,2,1,3
INQUISIVI,consulta externa,nuevas en personas de 60 anos o mas,2007-05-01,47,34,47,34,81
IRUPANA (VILLA DE LANZA),consulta externa,nuevas en personas de 60 anos o mas,2007-05-01,51,37,51,37,88
IXIAMAS,consulta externa,nuevas en personas de 60 anos o mas,2007-05-01,11,8,11,8,19
JESUS DE MACHACA,consulta externa,nuevas en personas de 60 anos o mas,2007-05-01,105,101,105,101,206
LA ASUNTA,consulta externa,nuevas en personas de 60 anos o mas,2007-05-01,43,36,43,36,79
LA GUARDIA,consulta externa,nuevas en personas de 60 anos o mas,2007-05-01,50,51,50,51,101
LA PAZ,consulta externa,nuevas en personas de 60 anos o mas,2007-05-01,8827,10405,8827,10405,19232
LA RIVERA,consulta externa,nuevas en personas de 60 anos o mas,2007-05-01,4,2,4,2,6
LAGUNILLAS,consulta externa,nuevas en personas de 60 anos o mas,2007-05-01,18,27,18,27,45
LAJA,consulta externa,nuevas en personas de 60 anos o mas,2007-05-01,21,32,21,32,53
LAS CARRERAS,consulta externa,nuevas en personas de 60 anos o mas,2007-05-01,58,72,58,72,130
LICOMA PAMPA,consulta externa,nuevas en personas de 60 anos o mas,2007-05-01,26,16,26,16,42
LLALLAGUA,consulta externa,nuevas en personas de 60 anos o mas,2007-05-01,262,323,262,323,585
LLICA,consulta externa,nuevas en personas de 60 anos o mas,2007-05-01,59,54,59,54,113
LORETO,consulta externa,nuevas en personas de 60 anos o mas,2007-05-01,5,4,5,4,9
LURIBAY,consulta externa,nuevas en personas de 60 anos o mas,2007-05-01,66,56,66,56,122
MACHACAMARCA,consulta externa,nuevas en personas de 60 anos o mas,2007-05-01,66,81,66,81,147
MACHARETI,consulta externa,nuevas en personas de 60 anos o mas,2007-05-01,54,60,54,60,114
MAGDALENA,consulta externa,nuevas en personas de 60 anos o mas,2007-05-01,27,32,27,32,59
MAIRANA,consulta externa,nuevas en personas de 60 anos o mas,2007-05-01,44,61,44,61,105
MALLA,consulta externa,nuevas en personas de 60 anos o mas,2007-05-01,13,8,13,8,21
MAPIRI,consulta externa,nuevas en personas de 60 anos o mas,2007-05-01,46,36,46,36,82
MECAPACA,consulta externa,nuevas en personas de 60 anos o mas,2007-05-01,47,44,47,44,91
MINEROS,consulta externa,nuevas en personas de 60 anos o mas,2007-05-01,18,12,18,12,30
MIZQUE,consulta externa,nuevas en personas de 60 anos o mas,2007-05-01,36,41,36,41,77
MOCOMOCO,consulta externa,nuevas en personas de 60 anos o mas,2007-05-01,80,82,80,82,162
MOJINETE,consulta externa,nuevas en personas de 60 anos o mas,2007-05-01,3,11,3,11,14
MOJOCOYA,consulta externa,nuevas en personas de 60 anos o mas,2007-05-01,25,40,25,40,65
MONTEAGUDO,consulta externa,nuevas en personas de 60 anos o mas,2007-05-01,297,383,297,383,680
MONTERO,consulta externa,nuevas en personas de 60 anos o mas,2007-05-01,424,318,424,318,742
MORO MORO,consulta externa,nuevas en personas de 60 anos o mas,2007-05-01,12,32,12,32,44
MOROCHATA,consulta externa,nuevas en personas de 60 anos o mas,2007-05-01,30,49,30,49,79
NACEBE (SANTA ROSA DEL ABUNA),consulta externa,nuevas en personas de 60 anos o mas,2007-05-01,7,7,7,7,14
NAZACARA DE PACAJES,consulta externa,nuevas en personas de 60 anos o mas,2007-05-01,3,3,3,3,6
NUEVO MANOA (NUEVA ESPERANZA),consulta externa,nuevas en personas de 60 anos o mas,2007-05-01,10,4,10,4,14
OCURI,consulta externa,nuevas en personas de 60 anos o mas,2007-05-01,52,66,52,66,118
OKINAWA,consulta externa,nuevas en personas de 60 anos o mas,2007-05-01,142,149,142,149,291
OMEREQUE,consulta externa,nuevas en personas de 60 anos o mas,2007-05-01,24,25,24,25,49
ORURO,consulta externa,nuevas en personas de 60 anos o mas,2007-05-01,3592,3791,3592,3791,7383
PADCAYA,consulta externa,nuevas en personas de 60 anos o mas,2007-05-01,68,94,68,94,162
PADILLA,consulta externa,nuevas en personas de 60 anos o mas,2007-05-01,167,235,167,235,402
PAILON,consulta externa,nuevas en personas de 60 anos o mas,2007-05-01,21,17,21,17,38
PALCA,consulta externa,nuevas en personas de 60 anos o mas,2007-05-01,29,25,29,25,54
PALOS BLANCOS,consulta externa,nuevas en personas de 60 anos o mas,2007-05-01,49,29,49,29,78
PAMPA AULLAGAS,consulta externa,nuevas en personas de 60 anos o mas,2007-05-01,12,6,12,6,18
PAMPA GRANDE,consulta externa,nuevas en personas de 60 anos o mas,2007-05-01,16,22,16,22,38
PAPEL PAMPA,consulta externa,nuevas en personas de 60 anos o mas,2007-05-01,38,24,38,24,62
PASORAPA,consulta externa,nuevas en personas de 60 anos o mas,2007-05-01,9,24,9,24,33
PATACAMAYA,consulta externa,nuevas en personas de 60 anos o mas,2007-05-01,114,117,114,117,231
PAZÑA,consulta externa,nuevas en personas de 60 anos o mas,2007-05-01,51,52,51,52,103
PELECHUCO,consulta externa,nuevas en personas de 60 anos o mas,2007-05-01,15,18,15,18,33
POCOATA,consulta externa,nuevas en personas de 60 anos o mas,2007-05-01,61,94,61,94,155
POCONA,consulta externa,nuevas en personas de 60 anos o mas,2007-05-01,25,51,25,51,76
POJO (CBBA),consulta externa,nuevas en personas de 60 anos o mas,2007-05-01,5,14,5,14,19
POOPO,consulta externa,nuevas en personas de 60 anos o mas,2007-05-01,35,32,35,32,67
PORCO,consulta externa,nuevas en personas de 60 anos o mas,2007-05-01,18,36,18,36,54
POROMA,consulta externa,nuevas en personas de 60 anos o mas,2007-05-01,68,104,68,104,172
PORONGO,consulta externa,nuevas en personas de 60 anos o mas,2007-05-01,34,13,34,13,47
PORTACHUELO,consulta externa,nuevas en personas de 60 anos o mas,2007-05-01,150,123,150,123,273
PORVENIR,consulta externa,nuevas en personas de 60 anos o mas,2007-05-01,16,9,16,9,25
POSTRER VALLE,consulta externa,nuevas en personas de 60 anos o mas,2007-05-01,18,21,18,21,39
POTOSI,consulta externa,nuevas en personas de 60 anos o mas,2007-05-01,1347,1881,1347,1881,3228
PRESTO,consulta externa,nuevas en personas de 60 anos o mas,2007-05-01,41,52,41,52,93
PUCARA,consulta externa,nuevas en personas de 60 anos o mas,2007-05-01,21,44,21,44,65
PUCARANI,consulta externa,nuevas en personas de 60 anos o mas,2007-05-01,51,49,51,49,100
PUERTO ACOSTA,consulta externa,nuevas en personas de 60 anos o mas,2007-05-01,144,135,144,135,279
PUERTO CARABUCO,consulta externa,nuevas en personas de 60 anos o mas,2007-05-01,65,72,65,72,137
PUERTO GONZALO MORENO,consulta externa,nuevas en personas de 60 anos o mas,2007-05-01,17,6,17,6,23
PUERTO PEREZ,consulta externa,nuevas en personas de 60 anos o mas,2007-05-01,29,19,29,19,48
PUERTO QUIJARRO,consulta externa,nuevas en personas de 60 anos o mas,2007-05-01,119,73,119,73,192
PUERTO RICO,consulta externa,nuevas en personas de 60 anos o mas,2007-05-01,11,16,11,16,27
PUERTO SILES,consulta externa,nuevas en personas de 60 anos o mas,2007-05-01,6,1,6,1,7
PUERTO SUAREZ,consulta externa,nuevas en personas de 60 anos o mas,2007-05-01,118,77,118,77,195
PUERTO VILLARROEL,consulta externa,nuevas en personas de 60 anos o mas,2007-05-01,64,35,64,35,99
PUNA,consulta externa,nuevas en personas de 60 anos o mas,2007-05-01,144,286,144,286,430
PUNATA,consulta externa,nuevas en personas de 60 anos o mas,2007-05-01,196,234,196,234,430
QUIABAYA,consulta externa,nuevas en personas de 60 anos o mas,2007-05-01,11,17,11,17,28
QUILLACOLLO,consulta externa,nuevas en personas de 60 anos o mas,2007-05-01,552,650,552,650,1202
QUIME,consulta externa,nuevas en personas de 60 anos o mas,2007-05-01,31,27,31,27,58
QUIRUSILLAS,consulta externa,nuevas en personas de 60 anos o mas,2007-05-01,5,4,5,4,9
RAVELO,consulta externa,nuevas en personas de 60 anos o mas,2007-05-01,57,79,57,79,136
REYES,consulta externa,nuevas en personas de 60 anos o mas,2007-05-01,49,88,49,88,137
RIBERALTA,consulta externa,nuevas en personas de 60 anos o mas,2007-05-01,507,578,507,578,1085
ROBORE,consulta externa,nuevas en personas de 60 anos o mas,2007-05-01,149,219,149,219,368
RURRENABAQUE,consulta externa,nuevas en personas de 60 anos o mas,2007-05-01,81,80,81,80,161
SABAYA,consulta externa,nuevas en personas de 60 anos o mas,2007-05-01,52,50,52,50,102
SACABA,consulta externa,nuevas en personas de 60 anos o mas,2007-05-01,223,315,223,315,538
SACABAMBA,consulta externa,nuevas en personas de 60 anos o mas,2007-05-01,26,35,26,35,61
SACACA,consulta externa,nuevas en personas de 60 anos o mas,2007-05-01,36,64,36,64,100
SAIPINA,consulta externa,nuevas en personas de 60 anos o mas,2007-05-01,98,176,98,176,274
SALINAS DE GARCI MENDOZA,consulta externa,nuevas en personas de 60 anos o mas,2007-05-01,63,46,63,46,109
SAMAIPATA,consulta externa,nuevas en personas de 60 anos o mas,2007-05-01,36,45,36,45,81
SAN AGUSTIN,consulta externa,nuevas en personas de 60 anos o mas,2007-05-01,15,14,15,14,29
SAN ANDRES,consulta externa,nuevas en personas de 60 anos o mas,2007-05-01,15,18,15,18,33
SAN ANDRES DE MACHACA,consulta externa,nuevas en personas de 60 anos o mas,2007-05-01,39,71,39,71,110
SAN ANTONIO DE ESMORUCO,consulta externa,nuevas en personas de 60 anos o mas,2007-05-01,10,9,10,9,19
SAN ANTONIO DE LOMERIO,consulta externa,nuevas en personas de 60 anos o mas,2007-05-01,28,10,28,10,38
SAN BENITO,consulta externa,nuevas en personas de 60 anos o mas,2007-05-01,23,28,23,28,51
SAN BORJA,consulta externa,nuevas en personas de 60 anos o mas,2007-05-01,135,139,135,139,274
SAN BUENA VENTURA,consulta externa,nuevas en personas de 60 anos o mas,2007-05-01,29,26,29,26,55
SAN CARLOS,consulta externa,nuevas en personas de 60 anos o mas,2007-05-01,143,156,143,156,299
SAN IGNACIO,consulta externa,nuevas en personas de 60 anos o mas,2007-05-01,136,129,136,129,265
SAN IGNACIO DE VELASCO,consulta externa,nuevas en personas de 60 anos o mas,2007-05-01,301,330,301,330,631
SAN JAVIER(BNI),consulta externa,nuevas en personas de 60 anos o mas,2007-05-01,12,10,12,10,22
SAN JAVIER(STC),consulta externa,nuevas en personas de 60 anos o mas,2007-05-01,213,195,213,195,408
SAN JOAQUIN,consulta externa,nuevas en personas de 60 anos o mas,2007-05-01,81,112,81,112,193
SAN JOSE DE CHIQUITOS,consulta externa,nuevas en personas de 60 anos o mas,2007-05-01,79,91,79,91,170
SAN JUAN DE YAPACANI,consulta externa,nuevas en personas de 60 anos o mas,2007-05-01,84,81,84,81,165
SAN JULIAN,consulta externa,nuevas en personas de 60 anos o mas,2007-05-01,72,114,72,114,186
SAN LORENZO(PND),consulta externa,nuevas en personas de 60 anos o mas,2007-05-01,4,6,4,6,10
SAN LORENZO(TJA),consulta externa,nuevas en personas de 60 anos o mas,2007-05-01,38,78,38,78,116
SAN LUCAS,consulta externa,nuevas en personas de 60 anos o mas,2007-05-01,184,261,184,261,445
SAN MATIAS,consulta externa,nuevas en personas de 60 anos o mas,2007-05-01,8,12,8,12,20
SAN MIGUEL DE VELASCO,consulta externa,nuevas en personas de 60 anos o mas,2007-05-01,24,35,24,35,59
SAN PABLO DE LIPEZ,consulta externa,nuevas en personas de 60 anos o mas,2007-05-01,15,25,15,25,40
SAN PEDRO,consulta externa,nuevas en personas de 60 anos o mas,2007-05-01,53,49,53,49,102
SAN PEDRO DE BUENA VISTA,consulta externa,nuevas en personas de 60 anos o mas,2007-05-01,39,77,39,77,116
SAN PEDRO DE CURAHUARA,consulta externa,nuevas en personas de 60 anos o mas,2007-05-01,29,36,29,36,65
SAN PEDRO DE QUEMES,consulta externa,nuevas en personas de 60 anos o mas,2007-05-01,4,3,4,3,7
SAN PEDRO DE TIQUINA,consulta externa,nuevas en personas de 60 anos o mas,2007-05-01,25,21,25,21,46
SAN PEDRO(PND),consulta externa,nuevas en personas de 60 anos o mas,2007-05-01,6,4,6,4,10
SAN RAFAEL,consulta externa,nuevas en personas de 60 anos o mas,2007-05-01,9,6,9,6,15
SAN RAMON,consulta externa,nuevas en personas de 60 anos o mas,2007-05-01,43,57,43,57,100
SAN RAMON,consulta externa,nuevas en personas de 60 anos o mas,2007-05-01,12,13,12,13,25
SANTA ANA,consulta externa,nuevas en personas de 60 anos o mas,2007-05-01,172,170,172,170,342
SANTA CRUZ DE LA SIERRA,consulta externa,nuevas en personas de 60 anos o mas,2007-05-01,7357,8794,7357,8794,16151
SANTA ROSA,consulta externa,nuevas en personas de 60 anos o mas,2007-05-01,25,27,25,27,52
SANTA ROSA DEL SARA,consulta externa,nuevas en personas de 60 anos o mas,2007-05-01,52,36,52,36,88
SANTIAGO DE CALLAPA,consulta externa,nuevas en personas de 60 anos o mas,2007-05-01,17,22,17,22,39
SANTIAGO DE HUARI,consulta externa,nuevas en personas de 60 anos o mas,2007-05-01,54,50,54,50,104
SANTIAGO DE MACHACA,consulta externa,nuevas en personas de 60 anos o mas,2007-05-01,12,16,12,16,28
SANTIVAÑES,consulta externa,nuevas en personas de 60 anos o mas,2007-05-01,27,60,27,60,87
SANTUARIO DE QUILLACAS,consulta externa,nuevas en personas de 60 anos o mas,2007-05-01,22,33,22,33,55
SAPAHAQUI,consulta externa,nuevas en personas de 60 anos o mas,2007-05-01,35,29,35,29,64
SENA,consulta externa,nuevas en personas de 60 anos o mas,2007-05-01,21,14,21,14,35
SICA SICA (VILLA AROMA),consulta externa,nuevas en personas de 60 anos o mas,2007-05-01,45,48,45,48,93
SICAYA,consulta externa,nuevas en personas de 60 anos o mas,2007-05-01,8,8,8,8,16
SIPE SIPE,consulta externa,nuevas en personas de 60 anos o mas,2007-05-01,36,44,36,44,80
SOPACHUY,consulta externa,nuevas en personas de 60 anos o mas,2007-05-01,57,76,57,76,133
SORACACHI,consulta externa,nuevas en personas de 60 anos o mas,2007-05-01,22,26,22,26,48
SORATA,consulta externa,nuevas en personas de 60 anos o mas,2007-05-01,45,78,45,78,123
SUCRE,consulta externa,nuevas en personas de 60 anos o mas,2007-05-01,2341,3024,2341,3024,5365
TACACHI,consulta externa,nuevas en personas de 60 anos o mas,2007-05-01,1,9,1,9,10
TACACOMA,consulta externa,nuevas en personas de 60 anos o mas,2007-05-01,14,9,14,9,23
TACOBAMBA,consulta externa,nuevas en personas de 60 anos o mas,2007-05-01,16,28,16,28,44
TACOPAYA,consulta externa,nuevas en personas de 60 anos o mas,2007-05-01,18,29,18,29,47
TAHUA,consulta externa,nuevas en personas de 60 anos o mas,2007-05-01,12,12,12,12,24
TAPACARI,consulta externa,nuevas en personas de 60 anos o mas,2007-05-01,60,92,60,92,152
TARABUCO,consulta externa,nuevas en personas de 60 anos o mas,2007-05-01,97,171,97,171,268
TARACO,consulta externa,nuevas en personas de 60 anos o mas,2007-05-01,43,45,43,45,88
TARATA,consulta externa,nuevas en personas de 60 anos o mas,2007-05-01,23,26,23,26,49
TARIJA,consulta externa,nuevas en personas de 60 anos o mas,2007-05-01,1839,2321,1839,2321,4160
TARVITA,consulta externa,nuevas en personas de 60 anos o mas,2007-05-01,152,229,152,229,381
TEOPONTE,consulta externa,nuevas en personas de 60 anos o mas,2007-05-01,65,54,65,54,119
TIAWANACU,consulta externa,nuevas en personas de 60 anos o mas,2007-05-01,36,32,36,32,68
TINGUIPAYA,consulta externa,nuevas en personas de 60 anos o mas,2007-05-01,50,69,50,69,119
TIPUANI,consulta externa,nuevas en personas de 60 anos o mas,2007-05-01,17,12,17,12,29
TIQUIPAYA,consulta externa,nuevas en personas de 60 anos o mas,2007-05-01,29,37,29,37,66
TIRAQUE (CBBA),consulta externa,nuevas en personas de 60 anos o mas,2007-05-01,45,53,45,53,98
TITO YUPANQUI (PARQUIPUJIO),consulta externa,nuevas en personas de 60 anos o mas,2007-05-01,11,18,11,18,29
TOCO,consulta externa,nuevas en personas de 60 anos o mas,2007-05-01,12,18,12,18,30
TODOS SANTOS,consulta externa,nuevas en personas de 60 anos o mas,2007-05-01,3,1,3,1,4
TOLATA,consulta externa,nuevas en personas de 60 anos o mas,2007-05-01,10,18,10,18,28
TOLEDO,consulta externa,nuevas en personas de 60 anos o mas,2007-05-01,25,33,25,33,58
TOMAVE,consulta externa,nuevas en personas de 60 anos o mas,2007-05-01,91,132,91,132,223
TOMINA,consulta externa,nuevas en personas de 60 anos o mas,2007-05-01,56,82,56,82,138
TORO TORO,consulta externa,nuevas en personas de 60 anos o mas,2007-05-01,46,67,46,67,113
TOTORA(CBBA),consulta externa,nuevas en personas de 60 anos o mas,2007-05-01,16,20,16,20,36
TOTORA(ORR),consulta externa,nuevas en personas de 60 anos o mas,2007-05-01,22,30,22,30,52
TRIGAL,consulta externa,nuevas en personas de 60 anos o mas,2007-05-01,22,21,22,21,43
TRINIDAD,consulta externa,nuevas en personas de 60 anos o mas,2007-05-01,340,303,340,303,643
TUPIZA,consulta externa,nuevas en personas de 60 anos o mas,2007-05-01,335,499,335,499,834
TURCO,consulta externa,nuevas en personas de 60 anos o mas,2007-05-01,57,39,57,39,96
UMALA,consulta externa,nuevas en personas de 60 anos o mas,2007-05-01,17,13,17,13,30
UNCIA,consulta externa,nuevas en personas de 60 anos o mas,2007-05-01,157,190,157,190,347
URIONDO (A. CONCEPCION),consulta externa,nuevas en personas de 60 anos o mas,2007-05-01,29,45,29,45,74
URUBICHA,consulta externa,nuevas en personas de 60 anos o mas,2007-05-01,3,12,3,12,15
UYUNI,consulta externa,nuevas en personas de 60 anos o mas,2007-05-01,212,205,212,205,417
VACAS,consulta externa,nuevas en personas de 60 anos o mas,2007-05-01,24,53,24,53,77
VALLEGRANDE,consulta externa,nuevas en personas de 60 anos o mas,2007-05-01,163,214,163,214,377
VIACHA,consulta externa,nuevas en personas de 60 anos o mas,2007-05-01,318,297,318,297,615
VILA VILA,consulta externa,nuevas en personas de 60 anos o mas,2007-05-01,11,15,11,15,26
VILLA MONTES,consulta externa,nuevas en personas de 60 anos o mas,2007-05-01,184,173,184,173,357
VILLA NUEVA (LOMA ALTA),consulta externa,nuevas en personas de 60 anos o mas,2007-05-01,7,4,7,4,11
VILLA RIVERO,consulta externa,nuevas en personas de 60 anos o mas,2007-05-01,6,15,6,15,21
VILLA SERRANO,consulta externa,nuevas en personas de 60 anos o mas,2007-05-01,60,113,60,113,173
VILLA TUNARI,consulta externa,nuevas en personas de 60 anos o mas,2007-05-01,63,73,63,73,136
VILLA VACA GUZMAN (MUYUPAMPA),consulta externa,nuevas en personas de 60 anos o mas,2007-05-01,59,86,59,86,145
VILLAZON,consulta externa,nuevas en personas de 60 anos o mas,2007-05-01,305,374,305,374,679
VINTO,consulta externa,nuevas en personas de 60 anos o mas,2007-05-01,13,21,13,21,34
VITICHI,consulta externa,nuevas en personas de 60 anos o mas,2007-05-01,62,95,62,95,157
WALDO BALLIVIAN,consulta externa,nuevas en personas de 60 anos o mas,2007-05-01,6,7,6,7,13
WARNES,consulta externa,nuevas en personas de 60 anos o mas,2007-05-01,127,95,127,95,222
YACO,consulta externa,nuevas en personas de 60 anos o mas,2007-05-01,29,20,29,20,49
YACUIBA,consulta externa,nuevas en personas de 60 anos o mas,2007-05-01,624,751,624,751,1375
YAMPARAEZ,consulta externa,nuevas en personas de 60 anos o mas,2007-05-01,43,49,43,49,92
YANACACHI,consulta externa,nuevas en personas de 60 anos o mas,2007-05-01,11,9,11,9,20
YAPACANI,consulta externa,nuevas en personas de 60 anos o mas,2007-05-01,263,159,263,159,422
YOCALLA,consulta externa,nuevas en personas de 60 anos o mas,2007-05-01,42,70,42,70,112
YOTALA,consulta externa,nuevas en personas de 60 anos o mas,2007-05-01,27,60,27,60,87
YUNCHARA,consulta externa,nuevas en personas de 60 anos o mas,2007-05-01,19,22,19,22,41
ZUDAÑEZ,consulta externa,nuevas en personas de 60 anos o mas,2007-05-01,75,115,75,115,190
ACACIO,consulta externa,nuevas en personas de 60 anos o mas,2007-06-01,33,47,33,47,80
ACHACACHI,consulta externa,nuevas en personas de 60 anos o mas,2007-06-01,154,137,154,137,291
ACHOCALLA,consulta externa,nuevas en personas de 60 anos o mas,2007-06-01,10,5,10,5,15
AIQUILE,consulta externa,nuevas en personas de 60 anos o mas,2007-06-01,129,117,129,117,246
ALALAY,consulta externa,nuevas en personas de 60 anos o mas,2007-06-01,5,9,5,9,14
ALCALA,consulta externa,nuevas en personas de 60 anos o mas,2007-06-01,23,42,23,42,65
ANCORAIMES,consulta externa,nuevas en personas de 60 anos o mas,2007-06-01,27,32,27,32,59
ANDAMARCA,consulta externa,nuevas en personas de 60 anos o mas,2007-06-01,31,46,31,46,77
ANTEQUERA,consulta externa,nuevas en personas de 60 anos o mas,2007-06-01,5,5,5,5,10
ANZALDO,consulta externa,nuevas en personas de 60 anos o mas,2007-06-01,19,33,19,33,52
APOLO,consulta externa,nuevas en personas de 60 anos o mas,2007-06-01,34,59,34,59,93
ARAMPAMPA,consulta externa,nuevas en personas de 60 anos o mas,2007-06-01,9,19,9,19,28
ARANI,consulta externa,nuevas en personas de 60 anos o mas,2007-06-01,14,23,14,23,37
ARBIETO,consulta externa,nuevas en personas de 60 anos o mas,2007-06-01,29,89,29,89,118
ARQUE,consulta externa,nuevas en personas de 60 anos o mas,2007-06-01,10,23,10,23,33
ASCENCION DE GUARAYOS,consulta externa,nuevas en personas de 60 anos o mas,2007-06-01,23,21,23,21,44
ATOCHA,consulta externa,nuevas en personas de 60 anos o mas,2007-06-01,98,127,98,127,225
AUCAPATA,consulta externa,nuevas en personas de 60 anos o mas,2007-06-01,14,21,14,21,35
AYATA,consulta externa,nuevas en personas de 60 anos o mas,2007-06-01,29,23,29,23,52
AYO AYO,consulta externa,nuevas en personas de 60 anos o mas,2007-06-01,17,19,17,19,36
AYOPAYA (V. DE INDEPENDENCIA),consulta externa,nuevas en personas de 60 anos o mas,2007-06-01,62,93,62,93,155
AZURDUY,consulta externa,nuevas en personas de 60 anos o mas,2007-06-01,85,135,85,135,220
BATALLAS,consulta externa,nuevas en personas de 60 anos o mas,2007-06-01,49,40,49,40,89
BAURES,consulta externa,nuevas en personas de 60 anos o mas,2007-06-01,16,16,16,16,32
BELEN DE ANDAMARCA,consulta externa,nuevas en personas de 60 anos o mas,2007-06-01,11,6,11,6,17
BELEN DE URMIRI,consulta externa,nuevas en personas de 60 anos o mas,2007-06-01,18,15,18,15,33
BELLA FLOR,consulta externa,nuevas en personas de 60 anos o mas,2007-06-01,20,13,20,13,33
BERMEJO,consulta externa,nuevas en personas de 60 anos o mas,2007-06-01,335,281,335,281,616
BETANZOS,consulta externa,nuevas en personas de 60 anos o mas,2007-06-01,210,315,210,315,525
BOLIVAR,consulta externa,nuevas en personas de 60 anos o mas,2007-06-01,18,28,18,28,46
BOLPEBRA,consulta externa,nuevas en personas de 60 anos o mas,2007-06-01,10,3,10,3,13
BOYUIBE,consulta externa,nuevas en personas de 60 anos o mas,2007-06-01,13,27,13,27,40
BUENA VISTA,consulta externa,nuevas en personas de 60 anos o mas,2007-06-01,93,78,93,78,171
CABEZAS,consulta externa,nuevas en personas de 60 anos o mas,2007-06-01,39,46,39,46,85
CAIROMA,consulta externa,nuevas en personas de 60 anos o mas,2007-06-01,40,52,40,52,92
"CAIZA ""D""",consulta externa,nuevas en personas de 60 anos o mas,2007-06-01,52,94,52,94,146
CAJUATA,consulta externa,nuevas en personas de 60 anos o mas,2007-06-01,45,47,45,47,92
CALACOTO,consulta externa,nuevas en personas de 60 anos o mas,2007-06-01,29,33,29,33,62
CALAMARCA,consulta externa,nuevas en personas de 60 anos o mas,2007-06-01,16,24,16,24,40
CAMARGO,consulta externa,nuevas en personas de 60 anos o mas,2007-06-01,268,298,268,298,566
CAMATAQUI (C. VILLA ABECIA),consulta externa,nuevas en personas de 60 anos o mas,2007-06-01,68,130,68,130,198
CAMIRI,consulta externa,nuevas en personas de 60 anos o mas,2007-06-01,698,775,698,775,1473
CAPINOTA,consulta externa,nuevas en personas de 60 anos o mas,2007-06-01,24,39,24,39,63
CAQUIAVIRI,consulta externa,nuevas en personas de 60 anos o mas,2007-06-01,27,35,27,35,62
CARACOLLO,consulta externa,nuevas en personas de 60 anos o mas,2007-06-01,99,66,99,66,165
CARANAVI,consulta externa,nuevas en personas de 60 anos o mas,2007-06-01,338,191,338,191,529
CARANGAS,consulta externa,nuevas en personas de 60 anos o mas,2007-06-01,1,0,1,0,1
CARAPARI,consulta externa,nuevas en personas de 60 anos o mas,2007-06-01,35,49,35,49,84
CARIPUYO,consulta externa,nuevas en personas de 60 anos o mas,2007-06-01,11,26,11,26,37
CARMEN RIVERO TORREZ,consulta externa,nuevas en personas de 60 anos o mas,2007-06-01,3,8,3,8,11
CATACORA,consulta externa,nuevas en personas de 60 anos o mas,2007-06-01,8,4,8,4,12
CHACARILLA,consulta externa,nuevas en personas de 60 anos o mas,2007-06-01,12,6,12,6,18
CHALLAPATA,consulta externa,nuevas en personas de 60 anos o mas,2007-06-01,182,113,182,113,295
CHAQUI,consulta externa,nuevas en personas de 60 anos o mas,2007-06-01,38,62,38,62,100
CHARAGUA,consulta externa,nuevas en personas de 60 anos o mas,2007-06-01,36,42,36,42,78
CHARAÑA,consulta externa,nuevas en personas de 60 anos o mas,2007-06-01,18,20,18,20,38
CHAYANTA,consulta externa,nuevas en personas de 60 anos o mas,2007-06-01,75,101,75,101,176
CHIMORE,consulta externa,nuevas en personas de 60 anos o mas,2007-06-01,22,16,22,16,38
CHIPAYA,consulta externa,nuevas en personas de 60 anos o mas,2007-06-01,4,3,4,3,7
CHOQUE COTA,consulta externa,nuevas en personas de 60 anos o mas,2007-06-01,11,26,11,26,37
CHULUMANI (V. DE LA LIBERTAD),consulta externa,nuevas en personas de 60 anos o mas,2007-06-01,94,64,94,64,158
CHUMA,consulta externa,nuevas en personas de 60 anos o mas,2007-06-01,36,43,36,43,79
CLIZA,consulta externa,nuevas en personas de 60 anos o mas,2007-06-01,53,67,53,67,120
COBIJA,consulta externa,nuevas en personas de 60 anos o mas,2007-06-01,346,278,346,278,624
COCHABAMBA,consulta externa,nuevas en personas de 60 anos o mas,2007-06-01,5116,6909,5116,6909,12025
COIPASA,consulta externa,nuevas en personas de 60 anos o mas,2007-06-01,5,1,5,1,6
COLCAPIRHUA,consulta externa,nuevas en personas de 60 anos o mas,2007-06-01,139,246,139,246,385
"COLCHA ""K""",consulta externa,nuevas en personas de 60 anos o mas,2007-06-01,64,75,64,75,139
COLLANA,consulta externa,nuevas en personas de 60 anos o mas,2007-06-01,13,16,13,16,29
COLOMI,consulta externa,nuevas en personas de 60 anos o mas,2007-06-01,12,23,12,23,35
COLPA BELGICA,consulta externa,nuevas en personas de 60 anos o mas,2007-06-01,86,63,86,63,149
COLQUECHACA,consulta externa,nuevas en personas de 60 anos o mas,2007-06-01,114,170,114,170,284
COLQUENCHA,consulta externa,nuevas en personas de 60 anos o mas,2007-06-01,36,55,36,55,91
COLQUIRI,consulta externa,nuevas en personas de 60 anos o mas,2007-06-01,47,54,47,54,101
COMANCHE,consulta externa,nuevas en personas de 60 anos o mas,2007-06-01,12,16,12,16,28
COMARAPA,consulta externa,nuevas en personas de 60 anos o mas,2007-06-01,107,106,107,106,213
COMBAYA,consulta externa,nuevas en personas de 60 anos o mas,2007-06-01,3,4,3,4,7
CONCEPCION,consulta externa,nuevas en personas de 60 anos o mas,2007-06-01,45,56,45,56,101
COPACABANA,consulta externa,nuevas en personas de 60 anos o mas,2007-06-01,38,48,38,48,86
CORIPATA,consulta externa,nuevas en personas de 60 anos o mas,2007-06-01,7,9,7,9,16
CORO CORO,consulta externa,nuevas en personas de 60 anos o mas,2007-06-01,31,25,31,25,56
COROICO,consulta externa,nuevas en personas de 60 anos o mas,2007-06-01,65,57,65,57,122
CORQUE,consulta externa,nuevas en personas de 60 anos o mas,2007-06-01,58,51,58,51,109
COTAGAITA,consulta externa,nuevas en personas de 60 anos o mas,2007-06-01,275,574,275,574,849
COTOCA,consulta externa,nuevas en personas de 60 anos o mas,2007-06-01,95,104,95,104,199
CUATRO CAÑADAS,consulta externa,nuevas en personas de 60 anos o mas,2007-06-01,90,94,90,94,184
CUCHUMUELA (V. G. VILLARROEL),consulta externa,nuevas en personas de 60 anos o mas,2007-06-01,8,5,8,5,13
CUEVO,consulta externa,nuevas en personas de 60 anos o mas,2007-06-01,26,35,26,35,61
CULPINA,consulta externa,nuevas en personas de 60 anos o mas,2007-06-01,71,128,71,128,199
CURAHUARA DE CARANGAS,consulta externa,nuevas en personas de 60 anos o mas,2007-06-01,25,24,25,24,49
CURVA,consulta externa,nuevas en personas de 60 anos o mas,2007-06-01,8,11,8,11,19
DESAGUADERO,consulta externa,nuevas en personas de 60 anos o mas,2007-06-01,23,19,23,19,42
EL ALTO,consulta externa,nuevas en personas de 60 anos o mas,2007-06-01,1302,1797,1302,1797,3099
EL CHORO,consulta externa,nuevas en personas de 60 anos o mas,2007-06-01,63,44,63,44,107
EL PUENTE(STC),consulta externa,nuevas en personas de 60 anos o mas,2007-06-01,34,29,34,29,63
EL PUENTE(TJA),consulta externa,nuevas en personas de 60 anos o mas,2007-06-01,50,101,50,101,151
EL TORNO,consulta externa,nuevas en personas de 60 anos o mas,2007-06-01,248,236,248,236,484
EL VILLAR,consulta externa,nuevas en personas de 60 anos o mas,2007-06-01,34,74,34,74,108
ENTRE RIOS,consulta externa,nuevas en personas de 60 anos o mas,2007-06-01,82,99,82,99,181
ENTRE RIOS,consulta externa,nuevas en personas de 60 anos o mas,2007-06-01,12,10,12,10,22
ESCARA,consulta externa,nuevas en personas de 60 anos o mas,2007-06-01,0,1,0,1,1
ESMERALDA,consulta externa,nuevas en personas de 60 anos o mas,2007-06-01,1,3,1,3,4
EUCALIPTUS,consulta externa,nuevas en personas de 60 anos o mas,2007-06-01,39,29,39,29,68
EUREKA (SANTOS MERCADO),consulta externa,nuevas en personas de 60 anos o mas,2007-06-01,7,2,7,2,9
EXALTACION,consulta externa,nuevas en personas de 60 anos o mas,2007-06-01,6,2,6,2,8
FERNANDEZ ALONSO,consulta externa,nuevas en personas de 60 anos o mas,2007-06-01,10,15,10,15,25
FILADELFIA,consulta externa,nuevas en personas de 60 anos o mas,2007-06-01,14,13,14,13,27
GENERAL SAAVEDRA,consulta externa,nuevas en personas de 60 anos o mas,2007-06-01,52,40,52,40,92
GRAL. J.J. PEREZ (CHARAZANI),consulta externa,nuevas en personas de 60 anos o mas,2007-06-01,39,44,39,44,83
GUANAY,consulta externa,nuevas en personas de 60 anos o mas,2007-06-01,87,101,87,101,188
GUAQUI,consulta externa,nuevas en personas de 60 anos o mas,2007-06-01,25,42,25,42,67
GUAYARAMERIN,consulta externa,nuevas en personas de 60 anos o mas,2007-06-01,305,392,305,392,697
GUTIERREZ,consulta externa,nuevas en personas de 60 anos o mas,2007-06-01,37,49,37,49,86
HUACARETA,consulta externa,nuevas en personas de 60 anos o mas,2007-06-01,61,85,61,85,146
HUACAYA (VILLA DE HUACAYA),consulta externa,nuevas en personas de 60 anos o mas,2007-06-01,18,13,18,13,31
HUACHACALLA,consulta externa,nuevas en personas de 60 anos o mas,2007-06-01,32,29,32,29,61
HUANUNI,consulta externa,nuevas en personas de 60 anos o mas,2007-06-01,149,148,149,148,297
HUARACAJE,consulta externa,nuevas en personas de 60 anos o mas,2007-06-01,19,14,19,14,33
HUAYLLAMARCA,consulta externa,nuevas en personas de 60 anos o mas,2007-06-01,24,23,24,23,47
ICHOCA,consulta externa,nuevas en personas de 60 anos o mas,2007-06-01,17,14,17,14,31
ICLA,consulta externa,nuevas en personas de 60 anos o mas,2007-06-01,25,44,25,44,69
INCAHUASI,consulta externa,nuevas en personas de 60 anos o mas,2007-06-01,47,95,47,95,142
INGAVI (HUMAITA),consulta externa,nuevas en personas de 60 anos o mas,2007-06-01,1,2,1,2,3
INQUISIVI,consulta externa,nuevas en personas de 60 anos o mas,2007-06-01,42,32,42,32,74
IRUPANA (VILLA DE LANZA),consulta externa,nuevas en personas de 60 anos o mas,2007-06-01,63,63,63,63,126
IXIAMAS,consulta externa,nuevas en personas de 60 anos o mas,2007-06-01,17,6,17,6,23
JESUS DE MACHACA,consulta externa,nuevas en personas de 60 anos o mas,2007-06-01,79,94,79,94,173
LA ASUNTA,consulta externa,nuevas en personas de 60 anos o mas,2007-06-01,17,13,17,13,30
LA GUARDIA,consulta externa,nuevas en personas de 60 anos o mas,2007-06-01,47,61,47,61,108
LA PAZ,consulta externa,nuevas en personas de 60 anos o mas,2007-06-01,7322,8272,7322,8272,15594
LA RIVERA,consulta externa,nuevas en personas de 60 anos o mas,2007-06-01,2,3,2,3,5
LAGUNILLAS,consulta externa,nuevas en personas de 60 anos o mas,2007-06-01,31,32,31,32,63
LAJA,consulta externa,nuevas en personas de 60 anos o mas,2007-06-01,35,27,35,27,62
LAS CARRERAS,consulta externa,nuevas en personas de 60 anos o mas,2007-06-01,34,62,34,62,96
LICOMA PAMPA,consulta externa,nuevas en personas de 60 anos o mas,2007-06-01,19,20,19,20,39
LLALLAGUA,consulta externa,nuevas en personas de 60 anos o mas,2007-06-01,254,340,254,340,594
LLICA,consulta externa,nuevas en personas de 60 anos o mas,2007-06-01,58,51,58,51,109
LORETO,consulta externa,nuevas en personas de 60 anos o mas,2007-06-01,14,9,14,9,23
LURIBAY,consulta externa,nuevas en personas de 60 anos o mas,2007-06-01,65,74,65,74,139
MACHACAMARCA,consulta externa,nuevas en personas de 60 anos o mas,2007-06-01,59,71,59,71,130
MACHARETI,consulta externa,nuevas en personas de 60 anos o mas,2007-06-01,57,66,57,66,123
MAGDALENA,consulta externa,nuevas en personas de 60 anos o mas,2007-06-01,24,38,24,38,62
MAIRANA,consulta externa,nuevas en personas de 60 anos o mas,2007-06-01,45,51,45,51,96
MALLA,consulta externa,nuevas en personas de 60 anos o mas,2007-06-01,10,11,10,11,21
MAPIRI,consulta externa,nuevas en personas de 60 anos o mas,2007-06-01,48,30,48,30,78
MECAPACA,consulta externa,nuevas en personas de 60 anos o mas,2007-06-01,55,39,55,39,94
MINEROS,consulta externa,nuevas en personas de 60 anos o mas,2007-06-01,19,14,19,14,33
MIZQUE,consulta externa,nuevas en personas de 60 anos o mas,2007-06-01,21,36,21,36,57
MOCOMOCO,consulta externa,nuevas en personas de 60 anos o mas,2007-06-01,93,81,93,81,174
MOJINETE,consulta externa,nuevas en personas de 60 anos o mas,2007-06-01,6,14,6,14,20
MOJOCOYA,consulta externa,nuevas en personas de 60 anos o mas,2007-06-01,33,39,33,39,72
MONTEAGUDO,consulta externa,nuevas en personas de 60 anos o mas,2007-06-01,305,410,305,410,715
MONTERO,consulta externa,nuevas en personas de 60 anos o mas,2007-06-01,550,621,550,621,1171
MORO MORO,consulta externa,nuevas en personas de 60 anos o mas,2007-06-01,25,21,25,21,46
MOROCHATA,consulta externa,nuevas en personas de 60 anos o mas,2007-06-01,41,66,41,66,107
NACEBE (SANTA ROSA DEL ABUNA),consulta externa,nuevas en personas de 60 anos o mas,2007-06-01,15,19,15,19,34
NAZACARA DE PACAJES,consulta externa,nuevas en personas de 60 anos o mas,2007-06-01,3,7,3,7,10
NUEVO MANOA (NUEVA ESPERANZA),consulta externa,nuevas en personas de 60 anos o mas,2007-06-01,3,2,3,2,5
OCURI,consulta externa,nuevas en personas de 60 anos o mas,2007-06-01,44,76,44,76,120
OKINAWA,consulta externa,nuevas en personas de 60 anos o mas,2007-06-01,91,97,91,97,188
OMEREQUE,consulta externa,nuevas en personas de 60 anos o mas,2007-06-01,15,41,15,41,56
ORURO,consulta externa,nuevas en personas de 60 anos o mas,2007-06-01,3015,3324,3015,3324,6339
PADCAYA,consulta externa,nuevas en personas de 60 anos o mas,2007-06-01,111,128,111,128,239
PADILLA,consulta externa,nuevas en personas de 60 anos o mas,2007-06-01,165,298,165,298,463
PAILON,consulta externa,nuevas en personas de 60 anos o mas,2007-06-01,12,12,12,12,24
PALCA,consulta externa,nuevas en personas de 60 anos o mas,2007-06-01,27,34,27,34,61
PALOS BLANCOS,consulta externa,nuevas en personas de 60 anos o mas,2007-06-01,42,29,42,29,71
PAMPA AULLAGAS,consulta externa,nuevas en personas de 60 anos o mas,2007-06-01,17,13,17,13,30
PAMPA GRANDE,consulta externa,nuevas en personas de 60 anos o mas,2007-06-01,28,31,28,31,59
PAPEL PAMPA,consulta externa,nuevas en personas de 60 anos o mas,2007-06-01,40,26,40,26,66
PASORAPA,consulta externa,nuevas en personas de 60 anos o mas,2007-06-01,12,19,12,19,31
PATACAMAYA,consulta externa,nuevas en personas de 60 anos o mas,2007-06-01,98,63,98,63,161
PAZÑA,consulta externa,nuevas en personas de 60 anos o mas,2007-06-01,58,53,58,53,111
PELECHUCO,consulta externa,nuevas en personas de 60 anos o mas,2007-06-01,9,18,9,18,27
POCOATA,consulta externa,nuevas en personas de 60 anos o mas,2007-06-01,64,106,64,106,170
POCONA,consulta externa,nuevas en personas de 60 anos o mas,2007-06-01,25,86,25,86,111
POJO (CBBA),consulta externa,nuevas en personas de 60 anos o mas,2007-06-01,11,11,11,11,22
POOPO,consulta externa,nuevas en personas de 60 anos o mas,2007-06-01,58,69,58,69,127
PORCO,consulta externa,nuevas en personas de 60 anos o mas,2007-06-01,15,24,15,24,39
POROMA,consulta externa,nuevas en personas de 60 anos o mas,2007-06-01,68,82,68,82,150
PORONGO,consulta externa,nuevas en personas de 60 anos o mas,2007-06-01,16,29,16,29,45
PORTACHUELO,consulta externa,nuevas en personas de 60 anos o mas,2007-06-01,145,145,145,145,290
PORVENIR,consulta externa,nuevas en personas de 60 anos o mas,2007-06-01,16,15,16,15,31
POSTRER VALLE,consulta externa,nuevas en personas de 60 anos o mas,2007-06-01,32,37,32,37,69
POTOSI,consulta externa,nuevas en personas de 60 anos o mas,2007-06-01,1359,1760,1359,1760,3119
PRESTO,consulta externa,nuevas en personas de 60 anos o mas,2007-06-01,19,41,19,41,60
PUCARA,consulta externa,nuevas en personas de 60 anos o mas,2007-06-01,25,31,25,31,56
PUCARANI,consulta externa,nuevas en personas de 60 anos o mas,2007-06-01,44,34,44,34,78
PUERTO ACOSTA,consulta externa,nuevas en personas de 60 anos o mas,2007-06-01,167,143,167,143,310
PUERTO CARABUCO,consulta externa,nuevas en personas de 60 anos o mas,2007-06-01,60,57,60,57,117
PUERTO GONZALO MORENO,consulta externa,nuevas en personas de 60 anos o mas,2007-06-01,24,17,24,17,41
PUERTO PEREZ,consulta externa,nuevas en personas de 60 anos o mas,2007-06-01,19,21,19,21,40
PUERTO QUIJARRO,consulta externa,nuevas en personas de 60 anos o mas,2007-06-01,155,84,155,84,239
PUERTO RICO,consulta externa,nuevas en personas de 60 anos o mas,2007-06-01,31,35,31,35,66
PUERTO SILES,consulta externa,nuevas en personas de 60 anos o mas,2007-06-01,13,3,13,3,16
PUERTO SUAREZ,consulta externa,nuevas en personas de 60 anos o mas,2007-06-01,134,122,134,122,256
PUERTO VILLARROEL,consulta externa,nuevas en personas de 60 anos o mas,2007-06-01,48,29,48,29,77
PUNA,consulta externa,nuevas en personas de 60 anos o mas,2007-06-01,194,277,194,277,471
PUNATA,consulta externa,nuevas en personas de 60 anos o mas,2007-06-01,216,260,216,260,476
QUIABAYA,consulta externa,nuevas en personas de 60 anos o mas,2007-06-01,13,12,13,12,25
QUILLACOLLO,consulta externa,nuevas en personas de 60 anos o mas,2007-06-01,564,760,564,760,1324
QUIME,consulta externa,nuevas en personas de 60 anos o mas,2007-06-01,19,9,19,9,28
QUIRUSILLAS,consulta externa,nuevas en personas de 60 anos o mas,2007-06-01,6,6,6,6,12
RAVELO,consulta externa,nuevas en personas de 60 anos o mas,2007-06-01,64,72,64,72,136
REYES,consulta externa,nuevas en personas de 60 anos o mas,2007-06-01,58,103,58,103,161
RIBERALTA,consulta externa,nuevas en personas de 60 anos o mas,2007-06-01,104,95,104,95,199
ROBORE,consulta externa,nuevas en personas de 60 anos o mas,2007-06-01,146,132,146,132,278
RURRENABAQUE,consulta externa,nuevas en personas de 60 anos o mas,2007-06-01,108,115,108,115,223
SABAYA,consulta externa,nuevas en personas de 60 anos o mas,2007-06-01,37,47,37,47,84
SACABA,consulta externa,nuevas en personas de 60 anos o mas,2007-06-01,208,246,208,246,454
SACABAMBA,consulta externa,nuevas en personas de 60 anos o mas,2007-06-01,19,26,19,26,45
SACACA,consulta externa,nuevas en personas de 60 anos o mas,2007-06-01,44,68,44,68,112
SAIPINA,consulta externa,nuevas en personas de 60 anos o mas,2007-06-01,12,17,12,17,29
SALINAS DE GARCI MENDOZA,consulta externa,nuevas en personas de 60 anos o mas,2007-06-01,75,76,75,76,151
SAMAIPATA,consulta externa,nuevas en personas de 60 anos o mas,2007-06-01,55,63,55,63,118
SAN AGUSTIN,consulta externa,nuevas en personas de 60 anos o mas,2007-06-01,10,12,10,12,22
SAN ANDRES,consulta externa,nuevas en personas de 60 anos o mas,2007-06-01,10,13,10,13,23
SAN ANDRES DE MACHACA,consulta externa,nuevas en personas de 60 anos o mas,2007-06-01,58,80,58,80,138
SAN ANTONIO DE ESMORUCO,consulta externa,nuevas en personas de 60 anos o mas,2007-06-01,12,10,12,10,22
SAN ANTONIO DE LOMERIO,consulta externa,nuevas en personas de 60 anos o mas,2007-06-01,19,12,19,12,31
SAN BENITO,consulta externa,nuevas en personas de 60 anos o mas,2007-06-01,14,26,14,26,40
SAN BORJA,consulta externa,nuevas en personas de 60 anos o mas,2007-06-01,110,134,110,134,244
SAN BUENA VENTURA,consulta externa,nuevas en personas de 60 anos o mas,2007-06-01,36,31,36,31,67
SAN CARLOS,consulta externa,nuevas en personas de 60 anos o mas,2007-06-01,114,145,114,145,259
SAN IGNACIO,consulta externa,nuevas en personas de 60 anos o mas,2007-06-01,143,138,143,138,281
SAN IGNACIO DE VELASCO,consulta externa,nuevas en personas de 60 anos o mas,2007-06-01,200,269,200,269,469
SAN JAVIER(BNI),consulta externa,nuevas en personas de 60 anos o mas,2007-06-01,4,7,4,7,11
SAN JAVIER(STC),consulta externa,nuevas en personas de 60 anos o mas,2007-06-01,25,22,25,22,47
SAN JOAQUIN,consulta externa,nuevas en personas de 60 anos o mas,2007-06-01,43,55,43,55,98
SAN JOSE DE CHIQUITOS,consulta externa,nuevas en personas de 60 anos o mas,2007-06-01,61,90,61,90,151
SAN JUAN DE YAPACANI,consulta externa,nuevas en personas de 60 anos o mas,2007-06-01,45,55,45,55,100
SAN JULIAN,consulta externa,nuevas en personas de 60 anos o mas,2007-06-01,139,103,139,103,242
SAN LORENZO(PND),consulta externa,nuevas en personas de 60 anos o mas,2007-06-01,10,10,10,10,20
SAN LORENZO(TJA),consulta externa,nuevas en personas de 60 anos o mas,2007-06-01,83,92,83,92,175
SAN LUCAS,consulta externa,nuevas en personas de 60 anos o mas,2007-06-01,146,233,146,233,379
SAN MATIAS,consulta externa,nuevas en personas de 60 anos o mas,2007-06-01,15,18,15,18,33
SAN MIGUEL DE VELASCO,consulta externa,nuevas en personas de 60 anos o mas,2007-06-01,33,64,33,64,97
SAN PABLO DE LIPEZ,consulta externa,nuevas en personas de 60 anos o mas,2007-06-01,8,20,8,20,28
SAN PEDRO,consulta externa,nuevas en personas de 60 anos o mas,2007-06-01,99,76,99,76,175
SAN PEDRO DE BUENA VISTA,consulta externa,nuevas en personas de 60 anos o mas,2007-06-01,28,50,28,50,78
SAN PEDRO DE CURAHUARA,consulta externa,nuevas en personas de 60 anos o mas,2007-06-01,38,31,38,31,69
SAN PEDRO DE QUEMES,consulta externa,nuevas en personas de 60 anos o mas,2007-06-01,3,3,3,3,6
SAN PEDRO DE TIQUINA,consulta externa,nuevas en personas de 60 anos o mas,2007-06-01,26,43,26,43,69
SAN PEDRO(PND),consulta externa,nuevas en personas de 60 anos o mas,2007-06-01,2,0,2,0,2
SAN RAFAEL,consulta externa,nuevas en personas de 60 anos o mas,2007-06-01,10,4,10,4,14
SAN RAMON,consulta externa,nuevas en personas de 60 anos o mas,2007-06-01,44,49,44,49,93
SAN RAMON,consulta externa,nuevas en personas de 60 anos o mas,2007-06-01,61,72,61,72,133
SANTA ANA,consulta externa,nuevas en personas de 60 anos o mas,2007-06-01,184,211,184,211,395
SANTA CRUZ DE LA SIERRA,consulta externa,nuevas en personas de 60 anos o mas,2007-06-01,7611,10683,7611,10683,18294
SANTA ROSA,consulta externa,nuevas en personas de 60 anos o mas,2007-06-01,82,87,82,87,169
SANTA ROSA DEL SARA,consulta externa,nuevas en personas de 60 anos o mas,2007-06-01,51,37,51,37,88
SANTIAGO DE CALLAPA,consulta externa,nuevas en personas de 60 anos o mas,2007-06-01,15,11,15,11,26
SANTIAGO DE HUARI,consulta externa,nuevas en personas de 60 anos o mas,2007-06-01,73,82,73,82,155
SANTIAGO DE MACHACA,consulta externa,nuevas en personas de 60 anos o mas,2007-06-01,16,13,16,13,29
SANTIVAÑES,consulta externa,nuevas en personas de 60 anos o mas,2007-06-01,44,66,44,66,110
SANTUARIO DE QUILLACAS,consulta externa,nuevas en personas de 60 anos o mas,2007-06-01,23,36,23,36,59
SAPAHAQUI,consulta externa,nuevas en personas de 60 anos o mas,2007-06-01,30,37,30,37,67
SENA,consulta externa,nuevas en personas de 60 anos o mas,2007-06-01,7,3,7,3,10
SICA SICA (VILLA AROMA),consulta externa,nuevas en personas de 60 anos o mas,2007-06-01,38,41,38,41,79
SICAYA,consulta externa,nuevas en personas de 60 anos o mas,2007-06-01,6,9,6,9,15
SIPE SIPE,consulta externa,nuevas en personas de 60 anos o mas,2007-06-01,25,44,25,44,69
SOPACHUY,consulta externa,nuevas en personas de 60 anos o mas,2007-06-01,45,78,45,78,123
SORACACHI,consulta externa,nuevas en personas de 60 anos o mas,2007-06-01,37,33,37,33,70
SORATA,consulta externa,nuevas en personas de 60 anos o mas,2007-06-01,64,54,64,54,118
SUCRE,consulta externa,nuevas en personas de 60 anos o mas,2007-06-01,2360,3751,2360,3751,6111
TACACHI,consulta externa,nuevas en personas de 60 anos o mas,2007-06-01,3,7,3,7,10
TACACOMA,consulta externa,nuevas en personas de 60 anos o mas,2007-06-01,10,13,10,13,23
TACOBAMBA,consulta externa,nuevas en personas de 60 anos o mas,2007-06-01,31,43,31,43,74
TACOPAYA,consulta externa,nuevas en personas de 60 anos o mas,2007-06-01,16,30,16,30,46
TAHUA,consulta externa,nuevas en personas de 60 anos o mas,2007-06-01,9,12,9,12,21
TAPACARI,consulta externa,nuevas en personas de 60 anos o mas,2007-06-01,49,84,49,84,133
TARABUCO,consulta externa,nuevas en personas de 60 anos o mas,2007-06-01,92,156,92,156,248
TARACO,consulta externa,nuevas en personas de 60 anos o mas,2007-06-01,33,32,33,32,65
TARATA,consulta externa,nuevas en personas de 60 anos o mas,2007-06-01,11,29,11,29,40
TARIJA,consulta externa,nuevas en personas de 60 anos o mas,2007-06-01,2153,2566,2153,2566,4719
TARVITA,consulta externa,nuevas en personas de 60 anos o mas,2007-06-01,78,114,78,114,192
TEOPONTE,consulta externa,nuevas en personas de 60 anos o mas,2007-06-01,83,70,83,70,153
TIAWANACU,consulta externa,nuevas en personas de 60 anos o mas,2007-06-01,23,32,23,32,55
TINGUIPAYA,consulta externa,nuevas en personas de 60 anos o mas,2007-06-01,62,90,62,90,152
TIPUANI,consulta externa,nuevas en personas de 60 anos o mas,2007-06-01,22,14,22,14,36
TIQUIPAYA,consulta externa,nuevas en personas de 60 anos o mas,2007-06-01,34,131,34,131,165
TIRAQUE (CBBA),consulta externa,nuevas en personas de 60 anos o mas,2007-06-01,43,37,43,37,80
TITO YUPANQUI (PARQUIPUJIO),consulta externa,nuevas en personas de 60 anos o mas,2007-06-01,14,10,14,10,24
TOCO,consulta externa,nuevas en personas de 60 anos o mas,2007-06-01,14,38,14,38,52
TODOS SANTOS,consulta externa,nuevas en personas de 60 anos o mas,2007-06-01,3,1,3,1,4
TOLATA,consulta externa,nuevas en personas de 60 anos o mas,2007-06-01,3,14,3,14,17
TOLEDO,consulta externa,nuevas en personas de 60 anos o mas,2007-06-01,36,34,36,34,70
TOMAVE,consulta externa,nuevas en personas de 60 anos o mas,2007-06-01,75,115,75,115,190
TOMINA,consulta externa,nuevas en personas de 60 anos o mas,2007-06-01,41,96,41,96,137
TORO TORO,consulta externa,nuevas en personas de 60 anos o mas,2007-06-01,44,68,44,68,112
TOTORA(CBBA),consulta externa,nuevas en personas de 60 anos o mas,2007-06-01,21,5,21,5,26
TOTORA(ORR),consulta externa,nuevas en personas de 60 anos o mas,2007-06-01,40,18,40,18,58
TRIGAL,consulta externa,nuevas en personas de 60 anos o mas,2007-06-01,20,34,20,34,54
TRINIDAD,consulta externa,nuevas en personas de 60 anos o mas,2007-06-01,378,412,378,412,790
TUPIZA,consulta externa,nuevas en personas de 60 anos o mas,2007-06-01,384,553,384,553,937
TURCO,consulta externa,nuevas en personas de 60 anos o mas,2007-06-01,49,31,49,31,80
UMALA,consulta externa,nuevas en personas de 60 anos o mas,2007-06-01,15,20,15,20,35
UNCIA,consulta externa,nuevas en personas de 60 anos o mas,2007-06-01,152,200,152,200,352
URIONDO (A. CONCEPCION),consulta externa,nuevas en personas de 60 anos o mas,2007-06-01,48,74,48,74,122
URUBICHA,consulta externa,nuevas en personas de 60 anos o mas,2007-06-01,12,13,12,13,25
UYUNI,consulta externa,nuevas en personas de 60 anos o mas,2007-06-01,248,233,248,233,481
VACAS,consulta externa,nuevas en personas de 60 anos o mas,2007-06-01,43,85,43,85,128
VALLEGRANDE,consulta externa,nuevas en personas de 60 anos o mas,2007-06-01,249,262,249,262,511
VIACHA,consulta externa,nuevas en personas de 60 anos o mas,2007-06-01,307,295,307,295,602
VILA VILA,consulta externa,nuevas en personas de 60 anos o mas,2007-06-01,9,12,9,12,21
VILLA MONTES,consulta externa,nuevas en personas de 60 anos o mas,2007-06-01,173,203,173,203,376
VILLA NUEVA (LOMA ALTA),consulta externa,nuevas en personas de 60 anos o mas,2007-06-01,5,6,5,6,11
VILLA RIVERO,consulta externa,nuevas en personas de 60 anos o mas,2007-06-01,10,22,10,22,32
VILLA SERRANO,consulta externa,nuevas en personas de 60 anos o mas,2007-06-01,77,97,77,97,174
VILLA TUNARI,consulta externa,nuevas en personas de 60 anos o mas,2007-06-01,93,84,93,84,177
VILLA VACA GUZMAN (MUYUPAMPA),consulta externa,nuevas en personas de 60 anos o mas,2007-06-01,44,84,44,84,128
VILLAZON,consulta externa,nuevas en personas de 60 anos o mas,2007-06-01,328,402,328,402,730
VINTO,consulta externa,nuevas en personas de 60 anos o mas,2007-06-01,17,25,17,25,42
VITICHI,consulta externa,nuevas en personas de 60 anos o mas,2007-06-01,83,104,83,104,187
WALDO BALLIVIAN,consulta externa,nuevas en personas de 60 anos o mas,2007-06-01,2,8,2,8,10
WARNES,consulta externa,nuevas en personas de 60 anos o mas,2007-06-01,264,218,264,218,482
YACO,consulta externa,nuevas en personas de 60 anos o mas,2007-06-01,29,35,29,35,64
YACUIBA,consulta externa,nuevas en personas de 60 anos o mas,2007-06-01,471,669,471,669,1140
YAMPARAEZ,consulta externa,nuevas en personas de 60 anos o mas,2007-06-01,45,57,45,57,102
YANACACHI,consulta externa,nuevas en personas de 60 anos o mas,2007-06-01,14,2,14,2,16
YAPACANI,consulta externa,nuevas en personas de 60 anos o mas,2007-06-01,446,320,446,320,766
YOCALLA,consulta externa,nuevas en personas de 60 anos o mas,2007-06-01,41,49,41,49,90
YOTALA,consulta externa,nuevas en personas de 60 anos o mas,2007-06-01,67,55,67,55,122
YUNCHARA,consulta externa,nuevas en personas de 60 anos o mas,2007-06-01,15,23,15,23,38
ZUDAÑEZ,consulta externa,nuevas en personas de 60 anos o mas,2007-06-01,55,76,55,76,131
ACACIO,consulta externa,nuevas en personas de 60 anos o mas,2007-07-01,25,35,25,35,60
ACHACACHI,consulta externa,nuevas en personas de 60 anos o mas,2007-07-01,138,158,138,158,296
ACHOCALLA,consulta externa,nuevas en personas de 60 anos o mas,2007-07-01,31,32,31,32,63
AIQUILE,consulta externa,nuevas en personas de 60 anos o mas,2007-07-01,119,146,119,146,265
ALALAY,consulta externa,nuevas en personas de 60 anos o mas,2007-07-01,5,11,5,11,16
ALCALA,consulta externa,nuevas en personas de 60 anos o mas,2007-07-01,25,44,25,44,69
ANCORAIMES,consulta externa,nuevas en personas de 60 anos o mas,2007-07-01,34,38,34,38,72
ANDAMARCA,consulta externa,nuevas en personas de 60 anos o mas,2007-07-01,31,53,31,53,84
ANTEQUERA,consulta externa,nuevas en personas de 60 anos o mas,2007-07-01,2,1,2,1,3
ANZALDO,consulta externa,nuevas en personas de 60 anos o mas,2007-07-01,19,30,19,30,49
APOLO,consulta externa,nuevas en personas de 60 anos o mas,2007-07-01,53,55,53,55,108
ARAMPAMPA,consulta externa,nuevas en personas de 60 anos o mas,2007-07-01,15,16,15,16,31
ARANI,consulta externa,nuevas en personas de 60 anos o mas,2007-07-01,10,16,10,16,26
ARBIETO,consulta externa,nuevas en personas de 60 anos o mas,2007-07-01,30,104,30,104,134
ARQUE,consulta externa,nuevas en personas de 60 anos o mas,2007-07-01,21,16,21,16,37
ASCENCION DE GUARAYOS,consulta externa,nuevas en personas de 60 anos o mas,2007-07-01,23,28,23,28,51
ATOCHA,consulta externa,nuevas en personas de 60 anos o mas,2007-07-01,73,101,73,101,174
AUCAPATA,consulta externa,nuevas en personas de 60 anos o mas,2007-07-01,23,29,23,29,52
AYATA,consulta externa,nuevas en personas de 60 anos o mas,2007-07-01,25,35,25,35,60
AYO AYO,consulta externa,nuevas en personas de 60 anos o mas,2007-07-01,26,22,26,22,48
AYOPAYA (V. DE INDEPENDENCIA),consulta externa,nuevas en personas de 60 anos o mas,2007-07-01,68,96,68,96,164
AZURDUY,consulta externa,nuevas en personas de 60 anos o mas,2007-07-01,76,93,76,93,169
BATALLAS,consulta externa,nuevas en personas de 60 anos o mas,2007-07-01,48,37,48,37,85
BAURES,consulta externa,nuevas en personas de 60 anos o mas,2007-07-01,14,16,14,16,30
BELEN DE ANDAMARCA,consulta externa,nuevas en personas de 60 anos o mas,2007-07-01,15,8,15,8,23
BELEN DE URMIRI,consulta externa,nuevas en personas de 60 anos o mas,2007-07-01,18,14,18,14,32
BELLA FLOR,consulta externa,nuevas en personas de 60 anos o mas,2007-07-01,5,1,5,1,6
BERMEJO,consulta externa,nuevas en personas de 60 anos o mas,2007-07-01,369,407,369,407,776
BETANZOS,consulta externa,nuevas en personas de 60 anos o mas,2007-07-01,185,331,185,331,516
BOLIVAR,consulta externa,nuevas en personas de 60 anos o mas,2007-07-01,13,29,13,29,42
BOLPEBRA,consulta externa,nuevas en personas de 60 anos o mas,2007-07-01,6,8,6,8,14
BOYUIBE,consulta externa,nuevas en personas de 60 anos o mas,2007-07-01,13,16,13,16,29
BUENA VISTA,consulta externa,nuevas en personas de 60 anos o mas,2007-07-01,97,67,97,67,164
CABEZAS,consulta externa,nuevas en personas de 60 anos o mas,2007-07-01,39,31,39,31,70
CAIROMA,consulta externa,nuevas en personas de 60 anos o mas,2007-07-01,30,43,30,43,73
"CAIZA ""D""",consulta externa,nuevas en personas de 60 anos o mas,2007-07-01,50,101,50,101,151
CAJUATA,consulta externa,nuevas en personas de 60 anos o mas,2007-07-01,66,40,66,40,106
CALACOTO,consulta externa,nuevas en personas de 60 anos o mas,2007-07-01,31,32,31,32,63
CALAMARCA,consulta externa,nuevas en personas de 60 anos o mas,2007-07-01,29,11,29,11,40
CAMARGO,consulta externa,nuevas en personas de 60 anos o mas,2007-07-01,260,300,260,300,560
CAMATAQUI (C. VILLA ABECIA),consulta externa,nuevas en personas de 60 anos o mas,2007-07-01,36,50,36,50,86
CAMIRI,consulta externa,nuevas en personas de 60 anos o mas,2007-07-01,152,228,152,228,380
CAPINOTA,consulta externa,nuevas en personas de 60 anos o mas,2007-07-01,37,43,37,43,80
CAQUIAVIRI,consulta externa,nuevas en personas de 60 anos o mas,2007-07-01,36,36,36,36,72
CARACOLLO,consulta externa,nuevas en personas de 60 anos o mas,2007-07-01,107,79,107,79,186
CARANAVI,consulta externa,nuevas en personas de 60 anos o mas,2007-07-01,359,233,359,233,592
CARANGAS,consulta externa,nuevas en personas de 60 anos o mas,2007-07-01,4,2,4,2,6
CARAPARI,consulta externa,nuevas en personas de 60 anos o mas,2007-07-01,28,44,28,44,72
CARIPUYO,consulta externa,nuevas en personas de 60 anos o mas,2007-07-01,13,22,13,22,35
CARMEN RIVERO TORREZ,consulta externa,nuevas en personas de 60 anos o mas,2007-07-01,13,7,13,7,20
CATACORA,consulta externa,nuevas en personas de 60 anos o mas,2007-07-01,6,10,6,10,16
CHACARILLA,consulta externa,nuevas en personas de 60 anos o mas,2007-07-01,3,1,3,1,4
CHALLAPATA,consulta externa,nuevas en personas de 60 anos o mas,2007-07-01,143,130,143,130,273
CHAQUI,consulta externa,nuevas en personas de 60 anos o mas,2007-07-01,36,33,36,33,69
CHARAGUA,consulta externa,nuevas en personas de 60 anos o mas,2007-07-01,51,62,51,62,113
CHARAÑA,consulta externa,nuevas en personas de 60 anos o mas,2007-07-01,13,17,13,17,30
CHAYANTA,consulta externa,nuevas en personas de 60 anos o mas,2007-07-01,57,96,57,96,153
CHIMORE,consulta externa,nuevas en personas de 60 anos o mas,2007-07-01,29,7,29,7,36
CHIPAYA,consulta externa,nuevas en personas de 60 anos o mas,2007-07-01,8,7,8,7,15
CHOQUE COTA,consulta externa,nuevas en personas de 60 anos o mas,2007-07-01,15,20,15,20,35
CHULUMANI (V. DE LA LIBERTAD),consulta externa,nuevas en personas de 60 anos o mas,2007-07-01,82,47,82,47,129
CHUMA,consulta externa,nuevas en personas de 60 anos o mas,2007-07-01,58,51,58,51,109
CLIZA,consulta externa,nuevas en personas de 60 anos o mas,2007-07-01,37,60,37,60,97
COBIJA,consulta externa,nuevas en personas de 60 anos o mas,2007-07-01,216,243,216,243,459
COCHABAMBA,consulta externa,nuevas en personas de 60 anos o mas,2007-07-01,6440,8416,6440,8416,14856
COIPASA,consulta externa,nuevas en personas de 60 anos o mas,2007-07-01,7,1,7,1,8
COLCAPIRHUA,consulta externa,nuevas en personas de 60 anos o mas,2007-07-01,147,318,147,318,465
"COLCHA ""K""",consulta externa,nuevas en personas de 60 anos o mas,2007-07-01,34,45,34,45,79
COLLANA,consulta externa,nuevas en personas de 60 anos o mas,2007-07-01,16,13,16,13,29
COLOMI,consulta externa,nuevas en personas de 60 anos o mas,2007-07-01,13,15,13,15,28
COLPA BELGICA,consulta externa,nuevas en personas de 60 anos o mas,2007-07-01,70,26,70,26,96
COLQUECHACA,consulta externa,nuevas en personas de 60 anos o mas,2007-07-01,90,128,90,128,218
COLQUENCHA,consulta externa,nuevas en personas de 60 anos o mas,2007-07-01,33,53,33,53,86
COLQUIRI,consulta externa,nuevas en personas de 60 anos o mas,2007-07-01,54,49,54,49,103
COMANCHE,consulta externa,nuevas en personas de 60 anos o mas,2007-07-01,20,14,20,14,34
COMARAPA,consulta externa,nuevas en personas de 60 anos o mas,2007-07-01,112,157,112,157,269
COMBAYA,consulta externa,nuevas en personas de 60 anos o mas,2007-07-01,3,1,3,1,4
CONCEPCION,consulta externa,nuevas en personas de 60 anos o mas,2007-07-01,42,46,42,46,88
COPACABANA,consulta externa,nuevas en personas de 60 anos o mas,2007-07-01,28,37,28,37,65
CORIPATA,consulta externa,nuevas en personas de 60 anos o mas,2007-07-01,128,69,128,69,197
CORO CORO,consulta externa,nuevas en personas de 60 anos o mas,2007-07-01,32,26,32,26,58
COROICO,consulta externa,nuevas en personas de 60 anos o mas,2007-07-01,63,62,63,62,125
CORQUE,consulta externa,nuevas en personas de 60 anos o mas,2007-07-01,68,58,68,58,126
COTAGAITA,consulta externa,nuevas en personas de 60 anos o mas,2007-07-01,227,366,227,366,593
COTOCA,consulta externa,nuevas en personas de 60 anos o mas,2007-07-01,95,102,95,102,197
CUATRO CAÑADAS,consulta externa,nuevas en personas de 60 anos o mas,2007-07-01,55,70,55,70,125
CUCHUMUELA (V. G. VILLARROEL),consulta externa,nuevas en personas de 60 anos o mas,2007-07-01,1,4,1,4,5
CUEVO,consulta externa,nuevas en personas de 60 anos o mas,2007-07-01,16,28,16,28,44
CULPINA,consulta externa,nuevas en personas de 60 anos o mas,2007-07-01,60,98,60,98,158
CURAHUARA DE CARANGAS,consulta externa,nuevas en personas de 60 anos o mas,2007-07-01,31,29,31,29,60
CURVA,consulta externa,nuevas en personas de 60 anos o mas,2007-07-01,6,2,6,2,8
DESAGUADERO,consulta externa,nuevas en personas de 60 anos o mas,2007-07-01,21,29,21,29,50
EL ALTO,consulta externa,nuevas en personas de 60 anos o mas,2007-07-01,1363,1605,1363,1605,2968
EL CHORO,consulta externa,nuevas en personas de 60 anos o mas,2007-07-01,61,36,61,36,97
EL PUENTE(STC),consulta externa,nuevas en personas de 60 anos o mas,2007-07-01,37,34,37,34,71
EL PUENTE(TJA),consulta externa,nuevas en personas de 60 anos o mas,2007-07-01,40,57,40,57,97
EL TORNO,consulta externa,nuevas en personas de 60 anos o mas,2007-07-01,254,261,254,261,515
EL VILLAR,consulta externa,nuevas en personas de 60 anos o mas,2007-07-01,41,80,41,80,121
ENTRE RIOS,consulta externa,nuevas en personas de 60 anos o mas,2007-07-01,103,120,103,120,223
ENTRE RIOS,consulta externa,nuevas en personas de 60 anos o mas,2007-07-01,18,8,18,8,26
ESCARA,consulta externa,nuevas en personas de 60 anos o mas,2007-07-01,0,6,0,6,6
ESMERALDA,consulta externa,nuevas en personas de 60 anos o mas,2007-07-01,11,14,11,14,25
EUCALIPTUS,consulta externa,nuevas en personas de 60 anos o mas,2007-07-01,44,45,44,45,89
EXALTACION,consulta externa,nuevas en personas de 60 anos o mas,2007-07-01,3,10,3,10,13
FERNANDEZ ALONSO,consulta externa,nuevas en personas de 60 anos o mas,2007-07-01,12,15,12,15,27
FILADELFIA,consulta externa,nuevas en personas de 60 anos o mas,2007-07-01,79,67,79,67,146
GENERAL SAAVEDRA,consulta externa,nuevas en personas de 60 anos o mas,2007-07-01,47,27,47,27,74
GRAL. J.J. PEREZ (CHARAZANI),consulta externa,nuevas en personas de 60 anos o mas,2007-07-01,38,44,38,44,82
GUANAY,consulta externa,nuevas en personas de 60 anos o mas,2007-07-01,80,63,80,63,143
GUAQUI,consulta externa,nuevas en personas de 60 anos o mas,2007-07-01,32,31,32,31,63
GUAYARAMERIN,consulta externa,nuevas en personas de 60 anos o mas,2007-07-01,452,462,452,462,914
GUTIERREZ,consulta externa,nuevas en personas de 60 anos o mas,2007-07-01,41,50,41,50,91
HUACARETA,consulta externa,nuevas en personas de 60 anos o mas,2007-07-01,75,120,75,120,195
HUACAYA (VILLA DE HUACAYA),consulta externa,nuevas en personas de 60 anos o mas,2007-07-01,8,25,8,25,33
HUACHACALLA,consulta externa,nuevas en personas de 60 anos o mas,2007-07-01,25,17,25,17,42
HUANUNI,consulta externa,nuevas en personas de 60 anos o mas,2007-07-01,293,307,293,307,600
HUARACAJE,consulta externa,nuevas en personas de 60 anos o mas,2007-07-01,16,9,16,9,25
HUAYLLAMARCA,consulta externa,nuevas en personas de 60 anos o mas,2007-07-01,24,23,24,23,47
ICHOCA,consulta externa,nuevas en personas de 60 anos o mas,2007-07-01,12,10,12,10,22
ICLA,consulta externa,nuevas en personas de 60 anos o mas,2007-07-01,13,28,13,28,41
INCAHUASI,consulta externa,nuevas en personas de 60 anos o mas,2007-07-01,66,107,66,107,173
INQUISIVI,consulta externa,nuevas en personas de 60 anos o mas,2007-07-01,28,16,28,16,44
IRUPANA (VILLA DE LANZA),consulta externa,nuevas en personas de 60 anos o mas,2007-07-01,65,98,65,98,163
IXIAMAS,consulta externa,nuevas en personas de 60 anos o mas,2007-07-01,21,17,21,17,38
JESUS DE MACHACA,consulta externa,nuevas en personas de 60 anos o mas,2007-07-01,82,118,82,118,200
LA ASUNTA,consulta externa,nuevas en personas de 60 anos o mas,2007-07-01,30,24,30,24,54
LA GUARDIA,consulta externa,nuevas en personas de 60 anos o mas,2007-07-01,62,64,62,64,126
LA PAZ,consulta externa,nuevas en personas de 60 anos o mas,2007-07-01,8573,9914,8573,9914,18487
LA RIVERA,consulta externa,nuevas en personas de 60 anos o mas,2007-07-01,1,8,1,8,9
LAGUNILLAS,consulta externa,nuevas en personas de 60 anos o mas,2007-07-01,22,31,22,31,53
LAJA,consulta externa,nuevas en personas de 60 anos o mas,2007-07-01,29,21,29,21,50
LAS CARRERAS,consulta externa,nuevas en personas de 60 anos o mas,2007-07-01,37,55,37,55,92
LICOMA PAMPA,consulta externa,nuevas en personas de 60 anos o mas,2007-07-01,14,12,14,12,26
LLALLAGUA,consulta externa,nuevas en personas de 60 anos o mas,2007-07-01,270,305,270,305,575
LLICA,consulta externa,nuevas en personas de 60 anos o mas,2007-07-01,30,35,30,35,65
LORETO,consulta externa,nuevas en personas de 60 anos o mas,2007-07-01,9,8,9,8,17
LURIBAY,consulta externa,nuevas en personas de 60 anos o mas,2007-07-01,62,65,62,65,127
MACHACAMARCA,consulta externa,nuevas en personas de 60 anos o mas,2007-07-01,57,71,57,71,128
MACHARETI,consulta externa,nuevas en personas de 60 anos o mas,2007-07-01,66,64,66,64,130
MAGDALENA,consulta externa,nuevas en personas de 60 anos o mas,2007-07-01,31,18,31,18,49
MAIRANA,consulta externa,nuevas en personas de 60 anos o mas,2007-07-01,47,77,47,77,124
MALLA,consulta externa,nuevas en personas de 60 anos o mas,2007-07-01,10,13,10,13,23
MAPIRI,consulta externa,nuevas en personas de 60 anos o mas,2007-07-01,17,19,17,19,36
MECAPACA,consulta externa,nuevas en personas de 60 anos o mas,2007-07-01,35,24,35,24,59
MINEROS,consulta externa,nuevas en personas de 60 anos o mas,2007-07-01,15,20,15,20,35
MIZQUE,consulta externa,nuevas en personas de 60 anos o mas,2007-07-01,35,104,35,104,139
MOCOMOCO,consulta externa,nuevas en personas de 60 anos o mas,2007-07-01,75,101,75,101,176
MOJINETE,consulta externa,nuevas en personas de 60 anos o mas,2007-07-01,10,8,10,8,18
MOJOCOYA,consulta externa,nuevas en personas de 60 anos o mas,2007-07-01,45,78,45,78,123
MONTEAGUDO,consulta externa,nuevas en personas de 60 anos o mas,2007-07-01,343,525,343,525,868
MONTERO,consulta externa,nuevas en personas de 60 anos o mas,2007-07-01,680,721,680,721,1401
MORO MORO,consulta externa,nuevas en personas de 60 anos o mas,2007-07-01,22,37,22,37,59
MOROCHATA,consulta externa,nuevas en personas de 60 anos o mas,2007-07-01,47,54,47,54,101
NACEBE (SANTA ROSA DEL ABUNA),consulta externa,nuevas en personas de 60 anos o mas,2007-07-01,18,7,18,7,25
NAZACARA DE PACAJES,consulta externa,nuevas en personas de 60 anos o mas,2007-07-01,2,2,2,2,4
NUEVO MANOA (NUEVA ESPERANZA),consulta externa,nuevas en personas de 60 anos o mas,2007-07-01,7,2,7,2,9
OCURI,consulta externa,nuevas en personas de 60 anos o mas,2007-07-01,59,80,59,80,139
OKINAWA,consulta externa,nuevas en personas de 60 anos o mas,2007-07-01,80,92,80,92,172
OMEREQUE,consulta externa,nuevas en personas de 60 anos o mas,2007-07-01,16,33,16,33,49
ORURO,consulta externa,nuevas en personas de 60 anos o mas,2007-07-01,3013,3186,3013,3186,6199
PADCAYA,consulta externa,nuevas en personas de 60 anos o mas,2007-07-01,64,97,64,97,161
PADILLA,consulta externa,nuevas en personas de 60 anos o mas,2007-07-01,214,321,214,321,535
PAILON,consulta externa,nuevas en personas de 60 anos o mas,2007-07-01,11,20,11,20,31
PALCA,consulta externa,nuevas en personas de 60 anos o mas,2007-07-01,33,48,33,48,81
PALOS BLANCOS,consulta externa,nuevas en personas de 60 anos o mas,2007-07-01,43,28,43,28,71
PAMPA AULLAGAS,consulta externa,nuevas en personas de 60 anos o mas,2007-07-01,6,8,6,8,14
PAMPA GRANDE,consulta externa,nuevas en personas de 60 anos o mas,2007-07-01,23,21,23,21,44
PAPEL PAMPA,consulta externa,nuevas en personas de 60 anos o mas,2007-07-01,15,31,15,31,46
PASORAPA,consulta externa,nuevas en personas de 60 anos o mas,2007-07-01,10,15,10,15,25
PATACAMAYA,consulta externa,nuevas en personas de 60 anos o mas,2007-07-01,68,58,68,58,126
PAZÑA,consulta externa,nuevas en personas de 60 anos o mas,2007-07-01,64,55,64,55,119
PELECHUCO,consulta externa,nuevas en personas de 60 anos o mas,2007-07-01,24,22,24,22,46
POCOATA,consulta externa,nuevas en personas de 60 anos o mas,2007-07-01,56,81,56,81,137
POCONA,consulta externa,nuevas en personas de 60 anos o mas,2007-07-01,26,56,26,56,82
POJO (CBBA),consulta externa,nuevas en personas de 60 anos o mas,2007-07-01,5,12,5,12,17
POOPO,consulta externa,nuevas en personas de 60 anos o mas,2007-07-01,35,32,35,32,67
PORCO,consulta externa,nuevas en personas de 60 anos o mas,2007-07-01,19,19,19,19,38
POROMA,consulta externa,nuevas en personas de 60 anos o mas,2007-07-01,73,98,73,98,171
PORONGO,consulta externa,nuevas en personas de 60 anos o mas,2007-07-01,13,21,13,21,34
PORTACHUELO,consulta externa,nuevas en personas de 60 anos o mas,2007-07-01,149,80,149,80,229
PORVENIR,consulta externa,nuevas en personas de 60 anos o mas,2007-07-01,15,12,15,12,27
POSTRER VALLE,consulta externa,nuevas en personas de 60 anos o mas,2007-07-01,26,23,26,23,49
POTOSI,consulta externa,nuevas en personas de 60 anos o mas,2007-07-01,1328,1828,1328,1828,3156
PRESTO,consulta externa,nuevas en personas de 60 anos o mas,2007-07-01,26,38,26,38,64
PUCARA,consulta externa,nuevas en personas de 60 anos o mas,2007-07-01,17,24,17,24,41
PUCARANI,consulta externa,nuevas en personas de 60 anos o mas,2007-07-01,49,41,49,41,90
PUERTO ACOSTA,consulta externa,nuevas en personas de 60 anos o mas,2007-07-01,163,152,163,152,315
PUERTO CARABUCO,consulta externa,nuevas en personas de 60 anos o mas,2007-07-01,52,59,52,59,111
PUERTO GONZALO MORENO,consulta externa,nuevas en personas de 60 anos o mas,2007-07-01,19,8,19,8,27
PUERTO PEREZ,consulta externa,nuevas en personas de 60 anos o mas,2007-07-01,21,18,21,18,39
PUERTO QUIJARRO,consulta externa,nuevas en personas de 60 anos o mas,2007-07-01,136,85,136,85,221
PUERTO RICO,consulta externa,nuevas en personas de 60 anos o mas,2007-07-01,24,20,24,20,44
PUERTO SILES,consulta externa,nuevas en personas de 60 anos o mas,2007-07-01,0,4,0,4,4
PUERTO SUAREZ,consulta externa,nuevas en personas de 60 anos o mas,2007-07-01,120,124,120,124,244
PUERTO VILLARROEL,consulta externa,nuevas en personas de 60 anos o mas,2007-07-01,39,32,39,32,71
PUNA,consulta externa,nuevas en personas de 60 anos o mas,2007-07-01,186,272,186,272,458
PUNATA,consulta externa,nuevas en personas de 60 anos o mas,2007-07-01,161,216,161,216,377
QUIABAYA,consulta externa,nuevas en personas de 60 anos o mas,2007-07-01,9,11,9,11,20
QUILLACOLLO,consulta externa,nuevas en personas de 60 anos o mas,2007-07-01,520,590,520,590,1110
QUIME,consulta externa,nuevas en personas de 60 anos o mas,2007-07-01,15,21,15,21,36
QUIRUSILLAS,consulta externa,nuevas en personas de 60 anos o mas,2007-07-01,8,9,8,9,17
RAVELO,consulta externa,nuevas en personas de 60 anos o mas,2007-07-01,76,110,76,110,186
REYES,consulta externa,nuevas en personas de 60 anos o mas,2007-07-01,61,85,61,85,146
RIBERALTA,consulta externa,nuevas en personas de 60 anos o mas,2007-07-01,109,100,109,100,209
ROBORE,consulta externa,nuevas en personas de 60 anos o mas,2007-07-01,126,127,126,127,253
RURRENABAQUE,consulta externa,nuevas en personas de 60 anos o mas,2007-07-01,152,112,152,112,264
SABAYA,consulta externa,nuevas en personas de 60 anos o mas,2007-07-01,29,51,29,51,80
SACABA,consulta externa,nuevas en personas de 60 anos o mas,2007-07-01,212,315,212,315,527
SACABAMBA,consulta externa,nuevas en personas de 60 anos o mas,2007-07-01,20,40,20,40,60
SACACA,consulta externa,nuevas en personas de 60 anos o mas,2007-07-01,41,70,41,70,111
SAIPINA,consulta externa,nuevas en personas de 60 anos o mas,2007-07-01,28,19,28,19,47
SALINAS DE GARCI MENDOZA,consulta externa,nuevas en personas de 60 anos o mas,2007-07-01,77,78,77,78,155
SAMAIPATA,consulta externa,nuevas en personas de 60 anos o mas,2007-07-01,61,46,61,46,107
SAN AGUSTIN,consulta externa,nuevas en personas de 60 anos o mas,2007-07-01,8,7,8,7,15
SAN ANDRES,consulta externa,nuevas en personas de 60 anos o mas,2007-07-01,18,22,18,22,40
SAN ANDRES DE MACHACA,consulta externa,nuevas en personas de 60 anos o mas,2007-07-01,45,42,45,42,87
SAN ANTONIO DE ESMORUCO,consulta externa,nuevas en personas de 60 anos o mas,2007-07-01,2,6,2,6,8
SAN ANTONIO DE LOMERIO,consulta externa,nuevas en personas de 60 anos o mas,2007-07-01,20,23,20,23,43
SAN BENITO,consulta externa,nuevas en personas de 60 anos o mas,2007-07-01,11,20,11,20,31
SAN BORJA,consulta externa,nuevas en personas de 60 anos o mas,2007-07-01,114,126,114,126,240
SAN BUENA VENTURA,consulta externa,nuevas en personas de 60 anos o mas,2007-07-01,20,16,20,16,36
SAN CARLOS,consulta externa,nuevas en personas de 60 anos o mas,2007-07-01,153,179,153,179,332
SAN IGNACIO,consulta externa,nuevas en personas de 60 anos o mas,2007-07-01,94,127,94,127,221
SAN IGNACIO DE VELASCO,consulta externa,nuevas en personas de 60 anos o mas,2007-07-01,203,199,203,199,402
SAN JAVIER(BNI),consulta externa,nuevas en personas de 60 anos o mas,2007-07-01,7,11,7,11,18
SAN JAVIER(STC),consulta externa,nuevas en personas de 60 anos o mas,2007-07-01,59,83,59,83,142
SAN JOAQUIN,consulta externa,nuevas en personas de 60 anos o mas,2007-07-01,166,1202,166,1202,1368
SAN JOSE DE CHIQUITOS,consulta externa,nuevas en personas de 60 anos o mas,2007-07-01,79,98,79,98,177
SAN JUAN DE YAPACANI,consulta externa,nuevas en personas de 60 anos o mas,2007-07-01,78,69,78,69,147
SAN JULIAN,consulta externa,nuevas en personas de 60 anos o mas,2007-07-01,102,79,102,79,181
SAN LORENZO(PND),consulta externa,nuevas en personas de 60 anos o mas,2007-07-01,24,15,24,15,39
SAN LORENZO(TJA),consulta externa,nuevas en personas de 60 anos o mas,2007-07-01,79,150,79,150,229
SAN LUCAS,consulta externa,nuevas en personas de 60 anos o mas,2007-07-01,230,331,230,331,561
SAN MATIAS,consulta externa,nuevas en personas de 60 anos o mas,2007-07-01,17,12,17,12,29
SAN MIGUEL DE VELASCO,consulta externa,nuevas en personas de 60 anos o mas,2007-07-01,36,51,36,51,87
SAN PABLO DE LIPEZ,consulta externa,nuevas en personas de 60 anos o mas,2007-07-01,14,14,14,14,28
SAN PEDRO,consulta externa,nuevas en personas de 60 anos o mas,2007-07-01,93,78,93,78,171
SAN PEDRO DE BUENA VISTA,consulta externa,nuevas en personas de 60 anos o mas,2007-07-01,64,63,64,63,127
SAN PEDRO DE CURAHUARA,consulta externa,nuevas en personas de 60 anos o mas,2007-07-01,29,32,29,32,61
SAN PEDRO DE QUEMES,consulta externa,nuevas en personas de 60 anos o mas,2007-07-01,3,1,3,1,4
SAN PEDRO DE TIQUINA,consulta externa,nuevas en personas de 60 anos o mas,2007-07-01,15,24,15,24,39
SAN PEDRO(PND),consulta externa,nuevas en personas de 60 anos o mas,2007-07-01,5,8,5,8,13
SAN RAFAEL,consulta externa,nuevas en personas de 60 anos o mas,2007-07-01,11,4,11,4,15
SAN RAMON,consulta externa,nuevas en personas de 60 anos o mas,2007-07-01,38,70,38,70,108
SAN RAMON,consulta externa,nuevas en personas de 60 anos o mas,2007-07-01,38,119,38,119,157
SANTA ANA,consulta externa,nuevas en personas de 60 anos o mas,2007-07-01,187,206,187,206,393
SANTA CRUZ DE LA SIERRA,consulta externa,nuevas en personas de 60 anos o mas,2007-07-01,6767,9787,6767,9787,16554
SANTA ROSA,consulta externa,nuevas en personas de 60 anos o mas,2007-07-01,93,86,93,86,179
SANTA ROSA DEL SARA,consulta externa,nuevas en personas de 60 anos o mas,2007-07-01,46,54,46,54,100
SANTIAGO DE CALLAPA,consulta externa,nuevas en personas de 60 anos o mas,2007-07-01,12,18,12,18,30
SANTIAGO DE HUARI,consulta externa,nuevas en personas de 60 anos o mas,2007-07-01,63,70,63,70,133
SANTIAGO DE MACHACA,consulta externa,nuevas en personas de 60 anos o mas,2007-07-01,15,13,15,13,28
SANTIVAÑES,consulta externa,nuevas en personas de 60 anos o mas,2007-07-01,19,53,19,53,72
SANTUARIO DE QUILLACAS,consulta externa,nuevas en personas de 60 anos o mas,2007-07-01,15,11,15,11,26
SAPAHAQUI,consulta externa,nuevas en personas de 60 anos o mas,2007-07-01,27,38,27,38,65
SENA,consulta externa,nuevas en personas de 60 anos o mas,2007-07-01,2,1,2,1,3
SICA SICA (VILLA AROMA),consulta externa,nuevas en personas de 60 anos o mas,2007-07-01,44,33,44,33,77
SICAYA,consulta externa,nuevas en personas de 60 anos o mas,2007-07-01,4,9,4,9,13
SIPE SIPE,consulta externa,nuevas en personas de 60 anos o mas,2007-07-01,21,32,21,32,53
SOPACHUY,consulta externa,nuevas en personas de 60 anos o mas,2007-07-01,40,75,40,75,115
SORACACHI,consulta externa,nuevas en personas de 60 anos o mas,2007-07-01,20,20,20,20,40
SORATA,consulta externa,nuevas en personas de 60 anos o mas,2007-07-01,68,64,68,64,132
SUCRE,consulta externa,nuevas en personas de 60 anos o mas,2007-07-01,2600,3401,2600,3401,6001
TACACHI,consulta externa,nuevas en personas de 60 anos o mas,2007-07-01,4,4,4,4,8
TACACOMA,consulta externa,nuevas en personas de 60 anos o mas,2007-07-01,23,16,23,16,39
TACOBAMBA,consulta externa,nuevas en personas de 60 anos o mas,2007-07-01,14,31,14,31,45
TACOPAYA,consulta externa,nuevas en personas de 60 anos o mas,2007-07-01,20,31,20,31,51
TAHUA,consulta externa,nuevas en personas de 60 anos o mas,2007-07-01,8,11,8,11,19
TAPACARI,consulta externa,nuevas en personas de 60 anos o mas,2007-07-01,48,66,48,66,114
TARABUCO,consulta externa,nuevas en personas de 60 anos o mas,2007-07-01,67,97,67,97,164
TARACO,consulta externa,nuevas en personas de 60 anos o mas,2007-07-01,41,39,41,39,80
TARATA,consulta externa,nuevas en personas de 60 anos o mas,2007-07-01,16,38,16,38,54
TARIJA,consulta externa,nuevas en personas de 60 anos o mas,2007-07-01,2005,2386,2005,2386,4391
TARVITA,consulta externa,nuevas en personas de 60 anos o mas,2007-07-01,105,174,105,174,279
TEOPONTE,consulta externa,nuevas en personas de 60 anos o mas,2007-07-01,59,49,59,49,108
TIAWANACU,consulta externa,nuevas en personas de 60 anos o mas,2007-07-01,19,22,19,22,41
TINGUIPAYA,consulta externa,nuevas en personas de 60 anos o mas,2007-07-01,58,73,58,73,131
TIPUANI,consulta externa,nuevas en personas de 60 anos o mas,2007-07-01,28,17,28,17,45
TIQUIPAYA,consulta externa,nuevas en personas de 60 anos o mas,2007-07-01,21,36,21,36,57
TIRAQUE (CBBA),consulta externa,nuevas en personas de 60 anos o mas,2007-07-01,44,44,44,44,88
TITO YUPANQUI (PARQUIPUJIO),consulta externa,nuevas en personas de 60 anos o mas,2007-07-01,7,10,7,10,17
TOCO,consulta externa,nuevas en personas de 60 anos o mas,2007-07-01,10,14,10,14,24
TODOS SANTOS,consulta externa,nuevas en personas de 60 anos o mas,2007-07-01,3,3,3,3,6
TOLATA,consulta externa,nuevas en personas de 60 anos o mas,2007-07-01,3,9,3,9,12
TOLEDO,consulta externa,nuevas en personas de 60 anos o mas,2007-07-01,33,34,33,34,67
TOMAVE,consulta externa,nuevas en personas de 60 anos o mas,2007-07-01,36,88,36,88,124
TOMINA,consulta externa,nuevas en personas de 60 anos o mas,2007-07-01,79,96,79,96,175
TORO TORO,consulta externa,nuevas en personas de 60 anos o mas,2007-07-01,37,71,37,71,108
TOTORA(CBBA),consulta externa,nuevas en personas de 60 anos o mas,2007-07-01,13,22,13,22,35
TOTORA(ORR),consulta externa,nuevas en personas de 60 anos o mas,2007-07-01,29,33,29,33,62
TRIGAL,consulta externa,nuevas en personas de 60 anos o mas,2007-07-01,19,21,19,21,40
TRINIDAD,consulta externa,nuevas en personas de 60 anos o mas,2007-07-01,339,383,339,383,722
TUPIZA,consulta externa,nuevas en personas de 60 anos o mas,2007-07-01,356,567,356,567,923
TURCO,consulta externa,nuevas en personas de 60 anos o mas,2007-07-01,62,61,62,61,123
UMALA,consulta externa,nuevas en personas de 60 anos o mas,2007-07-01,12,11,12,11,23
UNCIA,consulta externa,nuevas en personas de 60 anos o mas,2007-07-01,220,277,220,277,497
URIONDO (A. CONCEPCION),consulta externa,nuevas en personas de 60 anos o mas,2007-07-01,40,56,40,56,96
URUBICHA,consulta externa,nuevas en personas de 60 anos o mas,2007-07-01,18,31,18,31,49
UYUNI,consulta externa,nuevas en personas de 60 anos o mas,2007-07-01,226,225,226,225,451
VACAS,consulta externa,nuevas en personas de 60 anos o mas,2007-07-01,47,81,47,81,128
VALLEGRANDE,consulta externa,nuevas en personas de 60 anos o mas,2007-07-01,202,261,202,261,463
VIACHA,consulta externa,nuevas en personas de 60 anos o mas,2007-07-01,413,377,413,377,790
VILA VILA,consulta externa,nuevas en personas de 60 anos o mas,2007-07-01,12,13,12,13,25
VILLA MONTES,consulta externa,nuevas en personas de 60 anos o mas,2007-07-01,213,218,213,218,431
VILLA NUEVA (LOMA ALTA),consulta externa,nuevas en personas de 60 anos o mas,2007-07-01,5,5,5,5,10
VILLA RIVERO,consulta externa,nuevas en personas de 60 anos o mas,2007-07-01,10,24,10,24,34
VILLA SERRANO,consulta externa,nuevas en personas de 60 anos o mas,2007-07-01,102,151,102,151,253
VILLA TUNARI,consulta externa,nuevas en personas de 60 anos o mas,2007-07-01,94,91,94,91,185
VILLA VACA GUZMAN (MUYUPAMPA),consulta externa,nuevas en personas de 60 anos o mas,2007-07-01,67,106,67,106,173
VILLAZON,consulta externa,nuevas en personas de 60 anos o mas,2007-07-01,195,218,195,218,413
VINTO,consulta externa,nuevas en personas de 60 anos o mas,2007-07-01,64,82,64,82,146
VITICHI,consulta externa,nuevas en personas de 60 anos o mas,2007-07-01,58,84,58,84,142
WALDO BALLIVIAN,consulta externa,nuevas en personas de 60 anos o mas,2007-07-01,8,7,8,7,15
WARNES,consulta externa,nuevas en personas de 60 anos o mas,2007-07-01,209,161,209,161,370
YACO,consulta externa,nuevas en personas de 60 anos o mas,2007-07-01,26,15,26,15,41
YACUIBA,consulta externa,nuevas en personas de 60 anos o mas,2007-07-01,618,838,618,838,1456
YAMPARAEZ,consulta externa,nuevas en personas de 60 anos o mas,2007-07-01,39,92,39,92,131
YANACACHI,consulta externa,nuevas en personas de 60 anos o mas,2007-07-01,21,18,21,18,39
YAPACANI,consulta externa,nuevas en personas de 60 anos o mas,2007-07-01,237,167,237,167,404
YOCALLA,consulta externa,nuevas en personas de 60 anos o mas,2007-07-01,33,54,33,54,87
YOTALA,consulta externa,nuevas en personas de 60 anos o mas,2007-07-01,24,50,24,50,74
YUNCHARA,consulta externa,nuevas en personas de 60 anos o mas,2007-07-01,27,40,27,40,67
ZUDAÑEZ,consulta externa,nuevas en personas de 60 anos o mas,2007-07-01,70,98,70,98,168
ACACIO,consulta externa,nuevas en personas de 60 anos o mas,2007-08-01,18,47,18,47,65
ACHACACHI,consulta externa,nuevas en personas de 60 anos o mas,2007-08-01,152,147,152,147,299
ACHOCALLA,consulta externa,nuevas en personas de 60 anos o mas,2007-08-01,13,16,13,16,29
AIQUILE,consulta externa,nuevas en personas de 60 anos o mas,2007-08-01,101,146,101,146,247
ALALAY,consulta externa,nuevas en personas de 60 anos o mas,2007-08-01,10,12,10,12,22
ALCALA,consulta externa,nuevas en personas de 60 anos o mas,2007-08-01,25,52,25,52,77
ANCORAIMES,consulta externa,nuevas en personas de 60 anos o mas,2007-08-01,29,26,29,26,55
ANDAMARCA,consulta externa,nuevas en personas de 60 anos o mas,2007-08-01,35,66,35,66,101
ANTEQUERA,consulta externa,nuevas en personas de 60 anos o mas,2007-08-01,6,6,6,6,12
ANZALDO,consulta externa,nuevas en personas de 60 anos o mas,2007-08-01,28,25,28,25,53
APOLO,consulta externa,nuevas en personas de 60 anos o mas,2007-08-01,49,38,49,38,87
ARAMPAMPA,consulta externa,nuevas en personas de 60 anos o mas,2007-08-01,13,24,13,24,37
ARANI,consulta externa,nuevas en personas de 60 anos o mas,2007-08-01,10,24,10,24,34
ARBIETO,consulta externa,nuevas en personas de 60 anos o mas,2007-08-01,26,62,26,62,88
ARQUE,consulta externa,nuevas en personas de 60 anos o mas,2007-08-01,20,23,20,23,43
ASCENCION DE GUARAYOS,consulta externa,nuevas en personas de 60 anos o mas,2007-08-01,19,15,19,15,34
ATOCHA,consulta externa,nuevas en personas de 60 anos o mas,2007-08-01,73,115,73,115,188
AUCAPATA,consulta externa,nuevas en personas de 60 anos o mas,2007-08-01,19,27,19,27,46
AYATA,consulta externa,nuevas en personas de 60 anos o mas,2007-08-01,41,48,41,48,89
AYO AYO,consulta externa,nuevas en personas de 60 anos o mas,2007-08-01,20,18,20,18,38
AYOPAYA (V. DE INDEPENDENCIA),consulta externa,nuevas en personas de 60 anos o mas,2007-08-01,75,88,75,88,163
AZURDUY,consulta externa,nuevas en personas de 60 anos o mas,2007-08-01,87,98,87,98,185
BATALLAS,consulta externa,nuevas en personas de 60 anos o mas,2007-08-01,38,33,38,33,71
BAURES,consulta externa,nuevas en personas de 60 anos o mas,2007-08-01,19,20,19,20,39
BELEN DE ANDAMARCA,consulta externa,nuevas en personas de 60 anos o mas,2007-08-01,63,55,63,55,118
BELEN DE URMIRI,consulta externa,nuevas en personas de 60 anos o mas,2007-08-01,22,29,22,29,51
BELLA FLOR,consulta externa,nuevas en personas de 60 anos o mas,2007-08-01,10,6,10,6,16
BERMEJO,consulta externa,nuevas en personas de 60 anos o mas,2007-08-01,358,407,358,407,765
BETANZOS,consulta externa,nuevas en personas de 60 anos o mas,2007-08-01,257,371,257,371,628
BOLIVAR,consulta externa,nuevas en personas de 60 anos o mas,2007-08-01,21,46,21,46,67
BOLPEBRA,consulta externa,nuevas en personas de 60 anos o mas,2007-08-01,18,7,18,7,25
BOYUIBE,consulta externa,nuevas en personas de 60 anos o mas,2007-08-01,20,40,20,40,60
BUENA VISTA,consulta externa,nuevas en personas de 60 anos o mas,2007-08-01,113,67,113,67,180
CABEZAS,consulta externa,nuevas en personas de 60 anos o mas,2007-08-01,46,50,46,50,96
CAIROMA,consulta externa,nuevas en personas de 60 anos o mas,2007-08-01,42,30,42,30,72
"CAIZA ""D""",consulta externa,nuevas en personas de 60 anos o mas,2007-08-01,57,82,57,82,139
CAJUATA,consulta externa,nuevas en personas de 60 anos o mas,2007-08-01,41,37,41,37,78
CALACOTO,consulta externa,nuevas en personas de 60 anos o mas,2007-08-01,40,40,40,40,80
CALAMARCA,consulta externa,nuevas en personas de 60 anos o mas,2007-08-01,33,36,33,36,69
CAMARGO,consulta externa,nuevas en personas de 60 anos o mas,2007-08-01,237,333,237,333,570
CAMATAQUI (C. VILLA ABECIA),consulta externa,nuevas en personas de 60 anos o mas,2007-08-01,40,66,40,66,106
CAMIRI,consulta externa,nuevas en personas de 60 anos o mas,2007-08-01,885,780,885,780,1665
CAPINOTA,consulta externa,nuevas en personas de 60 anos o mas,2007-08-01,68,79,68,79,147
CAQUIAVIRI,consulta externa,nuevas en personas de 60 anos o mas,2007-08-01,47,69,47,69,116
CARACOLLO,consulta externa,nuevas en personas de 60 anos o mas,2007-08-01,122,77,122,77,199
CARANAVI,consulta externa,nuevas en personas de 60 anos o mas,2007-08-01,333,232,333,232,565
CARANGAS,consulta externa,nuevas en personas de 60 anos o mas,2007-08-01,2,3,2,3,5
CARAPARI,consulta externa,nuevas en personas de 60 anos o mas,2007-08-01,42,53,42,53,95
CARIPUYO,consulta externa,nuevas en personas de 60 anos o mas,2007-08-01,14,20,14,20,34
CARMEN RIVERO TORREZ,consulta externa,nuevas en personas de 60 anos o mas,2007-08-01,1,5,1,5,6
CATACORA,consulta externa,nuevas en personas de 60 anos o mas,2007-08-01,4,9,4,9,13
CHACARILLA,consulta externa,nuevas en personas de 60 anos o mas,2007-08-01,10,7,10,7,17
CHALLAPATA,consulta externa,nuevas en personas de 60 anos o mas,2007-08-01,88,177,88,177,265
CHAQUI,consulta externa,nuevas en personas de 60 anos o mas,2007-08-01,30,69,30,69,99
CHARAGUA,consulta externa,nuevas en personas de 60 anos o mas,2007-08-01,58,77,58,77,135
CHARAÑA,consulta externa,nuevas en personas de 60 anos o mas,2007-08-01,13,9,13,9,22
CHAYANTA,consulta externa,nuevas en personas de 60 anos o mas,2007-08-01,60,144,60,144,204
CHIMORE,consulta externa,nuevas en personas de 60 anos o mas,2007-08-01,28,16,28,16,44
CHIPAYA,consulta externa,nuevas en personas de 60 anos o mas,2007-08-01,3,1,3,1,4
CHOQUE COTA,consulta externa,nuevas en personas de 60 anos o mas,2007-08-01,11,26,11,26,37
CHULUMANI (V. DE LA LIBERTAD),consulta externa,nuevas en personas de 60 anos o mas,2007-08-01,73,47,73,47,120
CHUMA,consulta externa,nuevas en personas de 60 anos o mas,2007-08-01,40,61,40,61,101
CLIZA,consulta externa,nuevas en personas de 60 anos o mas,2007-08-01,51,67,51,67,118
COBIJA,consulta externa,nuevas en personas de 60 anos o mas,2007-08-01,242,293,242,293,535
COCHABAMBA,consulta externa,nuevas en personas de 60 anos o mas,2007-08-01,5124,5954,5124,5954,11078
COIPASA,consulta externa,nuevas en personas de 60 anos o mas,2007-08-01,0,2,0,2,2
COLCAPIRHUA,consulta externa,nuevas en personas de 60 anos o mas,2007-08-01,135,249,135,249,384
"COLCHA ""K""",consulta externa,nuevas en personas de 60 anos o mas,2007-08-01,86,108,86,108,194
COLLANA,consulta externa,nuevas en personas de 60 anos o mas,2007-08-01,18,8,18,8,26
COLOMI,consulta externa,nuevas en personas de 60 anos o mas,2007-08-01,16,16,16,16,32
COLPA BELGICA,consulta externa,nuevas en personas de 60 anos o mas,2007-08-01,78,48,78,48,126
COLQUECHACA,consulta externa,nuevas en personas de 60 anos o mas,2007-08-01,89,146,89,146,235
COLQUENCHA,consulta externa,nuevas en personas de 60 anos o mas,2007-08-01,35,54,35,54,89
COLQUIRI,consulta externa,nuevas en personas de 60 anos o mas,2007-08-01,57,73,57,73,130
COMANCHE,consulta externa,nuevas en personas de 60 anos o mas,2007-08-01,24,18,24,18,42
COMARAPA,consulta externa,nuevas en personas de 60 anos o mas,2007-08-01,100,133,100,133,233
COMBAYA,consulta externa,nuevas en personas de 60 anos o mas,2007-08-01,5,7,5,7,12
CONCEPCION,consulta externa,nuevas en personas de 60 anos o mas,2007-08-01,33,32,33,32,65
COPACABANA,consulta externa,nuevas en personas de 60 anos o mas,2007-08-01,30,32,30,32,62
CORIPATA,consulta externa,nuevas en personas de 60 anos o mas,2007-08-01,45,44,45,44,89
CORO CORO,consulta externa,nuevas en personas de 60 anos o mas,2007-08-01,31,27,31,27,58
COROICO,consulta externa,nuevas en personas de 60 anos o mas,2007-08-01,88,48,88,48,136
CORQUE,consulta externa,nuevas en personas de 60 anos o mas,2007-08-01,63,48,63,48,111
COTAGAITA,consulta externa,nuevas en personas de 60 anos o mas,2007-08-01,265,498,265,498,763
COTOCA,consulta externa,nuevas en personas de 60 anos o mas,2007-08-01,174,178,174,178,352
CUATRO CAÑADAS,consulta externa,nuevas en personas de 60 anos o mas,2007-08-01,38,28,38,28,66
CUCHUMUELA (V. G. VILLARROEL),consulta externa,nuevas en personas de 60 anos o mas,2007-08-01,3,9,3,9,12
CUEVO,consulta externa,nuevas en personas de 60 anos o mas,2007-08-01,24,50,24,50,74
CULPINA,consulta externa,nuevas en personas de 60 anos o mas,2007-08-01,106,111,106,111,217
CURAHUARA DE CARANGAS,consulta externa,nuevas en personas de 60 anos o mas,2007-08-01,31,22,31,22,53
CURVA,consulta externa,nuevas en personas de 60 anos o mas,2007-08-01,5,14,5,14,19
DESAGUADERO,consulta externa,nuevas en personas de 60 anos o mas,2007-08-01,19,13,19,13,32
EL ALTO,consulta externa,nuevas en personas de 60 anos o mas,2007-08-01,1307,1825,1307,1825,3132
EL CHORO,consulta externa,nuevas en personas de 60 anos o mas,2007-08-01,33,40,33,40,73
EL PUENTE(STC),consulta externa,nuevas en personas de 60 anos o mas,2007-08-01,25,28,25,28,53
EL PUENTE(TJA),consulta externa,nuevas en personas de 60 anos o mas,2007-08-01,54,86,54,86,140
EL TORNO,consulta externa,nuevas en personas de 60 anos o mas,2007-08-01,238,249,238,249,487
EL VILLAR,consulta externa,nuevas en personas de 60 anos o mas,2007-08-01,62,90,62,90,152
ENTRE RIOS,consulta externa,nuevas en personas de 60 anos o mas,2007-08-01,103,104,103,104,207
ENTRE RIOS,consulta externa,nuevas en personas de 60 anos o mas,2007-08-01,18,13,18,13,31
ESCARA,consulta externa,nuevas en personas de 60 anos o mas,2007-08-01,1,2,1,2,3
EUCALIPTUS,consulta externa,nuevas en personas de 60 anos o mas,2007-08-01,32,19,32,19,51
EUREKA (SANTOS MERCADO),consulta externa,nuevas en personas de 60 anos o mas,2007-08-01,1,0,1,0,1
EXALTACION,consulta externa,nuevas en personas de 60 anos o mas,2007-08-01,4,6,4,6,10
FERNANDEZ ALONSO,consulta externa,nuevas en personas de 60 anos o mas,2007-08-01,18,16,18,16,34
FILADELFIA,consulta externa,nuevas en personas de 60 anos o mas,2007-08-01,30,24,30,24,54
GENERAL SAAVEDRA,consulta externa,nuevas en personas de 60 anos o mas,2007-08-01,24,37,24,37,61
GRAL. J.J. PEREZ (CHARAZANI),consulta externa,nuevas en personas de 60 anos o mas,2007-08-01,25,48,25,48,73
GUANAY,consulta externa,nuevas en personas de 60 anos o mas,2007-08-01,83,78,83,78,161
GUAQUI,consulta externa,nuevas en personas de 60 anos o mas,2007-08-01,34,36,34,36,70
GUAYARAMERIN,consulta externa,nuevas en personas de 60 anos o mas,2007-08-01,231,198,231,198,429
GUTIERREZ,consulta externa,nuevas en personas de 60 anos o mas,2007-08-01,60,69,60,69,129
HUACARETA,consulta externa,nuevas en personas de 60 anos o mas,2007-08-01,66,100,66,100,166
HUACAYA (VILLA DE HUACAYA),consulta externa,nuevas en personas de 60 anos o mas,2007-08-01,8,25,8,25,33
HUACHACALLA,consulta externa,nuevas en personas de 60 anos o mas,2007-08-01,74,68,74,68,142
HUANUNI,consulta externa,nuevas en personas de 60 anos o mas,2007-08-01,310,238,310,238,548
HUARACAJE,consulta externa,nuevas en personas de 60 anos o mas,2007-08-01,15,13,15,13,28
HUAYLLAMARCA,consulta externa,nuevas en personas de 60 anos o mas,2007-08-01,47,42,47,42,89
ICHOCA,consulta externa,nuevas en personas de 60 anos o mas,2007-08-01,23,16,23,16,39
ICLA,consulta externa,nuevas en personas de 60 anos o mas,2007-08-01,36,61,36,61,97
INCAHUASI,consulta externa,nuevas en personas de 60 anos o mas,2007-08-01,71,106,71,106,177
INGAVI (HUMAITA),consulta externa,nuevas en personas de 60 anos o mas,2007-08-01,2,3,2,3,5
INQUISIVI,consulta externa,nuevas en personas de 60 anos o mas,2007-08-01,27,27,27,27,54
IRUPANA (VILLA DE LANZA),consulta externa,nuevas en personas de 60 anos o mas,2007-08-01,57,60,57,60,117
IXIAMAS,consulta externa,nuevas en personas de 60 anos o mas,2007-08-01,19,13,19,13,32
JESUS DE MACHACA,consulta externa,nuevas en personas de 60 anos o mas,2007-08-01,116,162,116,162,278
LA ASUNTA,consulta externa,nuevas en personas de 60 anos o mas,2007-08-01,25,18,25,18,43
LA GUARDIA,consulta externa,nuevas en personas de 60 anos o mas,2007-08-01,59,80,59,80,139
LA PAZ,consulta externa,nuevas en personas de 60 anos o mas,2007-08-01,9586,11392,9586,11392,20978
LA RIVERA,consulta externa,nuevas en personas de 60 anos o mas,2007-08-01,3,6,3,6,9
LAGUNILLAS,consulta externa,nuevas en personas de 60 anos o mas,2007-08-01,36,40,36,40,76
LAJA,consulta externa,nuevas en personas de 60 anos o mas,2007-08-01,37,29,37,29,66
LAS CARRERAS,consulta externa,nuevas en personas de 60 anos o mas,2007-08-01,44,81,44,81,125
LICOMA PAMPA,consulta externa,nuevas en personas de 60 anos o mas,2007-08-01,8,9,8,9,17
LLALLAGUA,consulta externa,nuevas en personas de 60 anos o mas,2007-08-01,222,345,222,345,567
LLICA,consulta externa,nuevas en personas de 60 anos o mas,2007-08-01,58,38,58,38,96
LORETO,consulta externa,nuevas en personas de 60 anos o mas,2007-08-01,11,4,11,4,15
LURIBAY,consulta externa,nuevas en personas de 60 anos o mas,2007-08-01,89,62,89,62,151
MACHACAMARCA,consulta externa,nuevas en personas de 60 anos o mas,2007-08-01,45,61,45,61,106
MACHARETI,consulta externa,nuevas en personas de 60 anos o mas,2007-08-01,147,127,147,127,274
MAGDALENA,consulta externa,nuevas en personas de 60 anos o mas,2007-08-01,34,41,34,41,75
MAIRANA,consulta externa,nuevas en personas de 60 anos o mas,2007-08-01,259,341,259,341,600
MALLA,consulta externa,nuevas en personas de 60 anos o mas,2007-08-01,11,11,11,11,22
MAPIRI,consulta externa,nuevas en personas de 60 anos o mas,2007-08-01,48,36,48,36,84
MECAPACA,consulta externa,nuevas en personas de 60 anos o mas,2007-08-01,35,26,35,26,61
MINEROS,consulta externa,nuevas en personas de 60 anos o mas,2007-08-01,29,15,29,15,44
MIZQUE,consulta externa,nuevas en personas de 60 anos o mas,2007-08-01,26,52,26,52,78
MOCOMOCO,consulta externa,nuevas en personas de 60 anos o mas,2007-08-01,75,93,75,93,168
MOJINETE,consulta externa,nuevas en personas de 60 anos o mas,2007-08-01,1,12,1,12,13
MOJOCOYA,consulta externa,nuevas en personas de 60 anos o mas,2007-08-01,44,51,44,51,95
MONTEAGUDO,consulta externa,nuevas en personas de 60 anos o mas,2007-08-01,354,469,354,469,823
MONTERO,consulta externa,nuevas en personas de 60 anos o mas,2007-08-01,340,525,340,525,865
MORO MORO,consulta externa,nuevas en personas de 60 anos o mas,2007-08-01,27,31,27,31,58
MOROCHATA,consulta externa,nuevas en personas de 60 anos o mas,2007-08-01,34,49,34,49,83
NACEBE (SANTA ROSA DEL ABUNA),consulta externa,nuevas en personas de 60 anos o mas,2007-08-01,8,6,8,6,14
NAZACARA DE PACAJES,consulta externa,nuevas en personas de 60 anos o mas,2007-08-01,3,3,3,3,6
NUEVO MANOA (NUEVA ESPERANZA),consulta externa,nuevas en personas de 60 anos o mas,2007-08-01,10,5,10,5,15
OCURI,consulta externa,nuevas en personas de 60 anos o mas,2007-08-01,45,82,45,82,127
OKINAWA,consulta externa,nuevas en personas de 60 anos o mas,2007-08-01,70,79,70,79,149
OMEREQUE,consulta externa,nuevas en personas de 60 anos o mas,2007-08-01,19,34,19,34,53
ORURO,consulta externa,nuevas en personas de 60 anos o mas,2007-08-01,3143,3754,3143,3754,6897
PADCAYA,consulta externa,nuevas en personas de 60 anos o mas,2007-08-01,60,84,60,84,144
PADILLA,consulta externa,nuevas en personas de 60 anos o mas,2007-08-01,204,331,204,331,535
PAILON,consulta externa,nuevas en personas de 60 anos o mas,2007-08-01,22,26,22,26,48
PALCA,consulta externa,nuevas en personas de 60 anos o mas,2007-08-01,41,37,41,37,78
PALOS BLANCOS,consulta externa,nuevas en personas de 60 anos o mas,2007-08-01,113,139,113,139,252
PAMPA AULLAGAS,consulta externa,nuevas en personas de 60 anos o mas,2007-08-01,10,9,10,9,19
PAMPA GRANDE,consulta externa,nuevas en personas de 60 anos o mas,2007-08-01,38,44,38,44,82
PAPEL PAMPA,consulta externa,nuevas en personas de 60 anos o mas,2007-08-01,31,21,31,21,52
PASORAPA,consulta externa,nuevas en personas de 60 anos o mas,2007-08-01,8,25,8,25,33
PATACAMAYA,consulta externa,nuevas en personas de 60 anos o mas,2007-08-01,69,68,69,68,137
PAZÑA,consulta externa,nuevas en personas de 60 anos o mas,2007-08-01,40,59,40,59,99
PELECHUCO,consulta externa,nuevas en personas de 60 anos o mas,2007-08-01,25,20,25,20,45
POCOATA,consulta externa,nuevas en personas de 60 anos o mas,2007-08-01,79,75,79,75,154
POCONA,consulta externa,nuevas en personas de 60 anos o mas,2007-08-01,28,45,28,45,73
POJO (CBBA),consulta externa,nuevas en personas de 60 anos o mas,2007-08-01,4,8,4,8,12
POOPO,consulta externa,nuevas en personas de 60 anos o mas,2007-08-01,63,53,63,53,116
PORCO,consulta externa,nuevas en personas de 60 anos o mas,2007-08-01,8,29,8,29,37
POROMA,consulta externa,nuevas en personas de 60 anos o mas,2007-08-01,92,111,92,111,203
PORONGO,consulta externa,nuevas en personas de 60 anos o mas,2007-08-01,17,15,17,15,32
PORTACHUELO,consulta externa,nuevas en personas de 60 anos o mas,2007-08-01,117,139,117,139,256
PORVENIR,consulta externa,nuevas en personas de 60 anos o mas,2007-08-01,25,13,25,13,38
POSTRER VALLE,consulta externa,nuevas en personas de 60 anos o mas,2007-08-01,26,26,26,26,52
POTOSI,consulta externa,nuevas en personas de 60 anos o mas,2007-08-01,1603,1987,1603,1987,3590
PRESTO,consulta externa,nuevas en personas de 60 anos o mas,2007-08-01,43,76,43,76,119
PUCARA,consulta externa,nuevas en personas de 60 anos o mas,2007-08-01,17,34,17,34,51
PUCARANI,consulta externa,nuevas en personas de 60 anos o mas,2007-08-01,55,64,55,64,119
PUERTO ACOSTA,consulta externa,nuevas en personas de 60 anos o mas,2007-08-01,155,120,155,120,275
PUERTO CARABUCO,consulta externa,nuevas en personas de 60 anos o mas,2007-08-01,44,54,44,54,98
PUERTO GONZALO MORENO,consulta externa,nuevas en personas de 60 anos o mas,2007-08-01,38,24,38,24,62
PUERTO PEREZ,consulta externa,nuevas en personas de 60 anos o mas,2007-08-01,24,28,24,28,52
PUERTO QUIJARRO,consulta externa,nuevas en personas de 60 anos o mas,2007-08-01,88,74,88,74,162
PUERTO RICO,consulta externa,nuevas en personas de 60 anos o mas,2007-08-01,37,28,37,28,65
PUERTO SILES,consulta externa,nuevas en personas de 60 anos o mas,2007-08-01,3,2,3,2,5
PUERTO SUAREZ,consulta externa,nuevas en personas de 60 anos o mas,2007-08-01,103,103,103,103,206
PUERTO VILLARROEL,consulta externa,nuevas en personas de 60 anos o mas,2007-08-01,44,41,44,41,85
PUNA,consulta externa,nuevas en personas de 60 anos o mas,2007-08-01,183,281,183,281,464
PUNATA,consulta externa,nuevas en personas de 60 anos o mas,2007-08-01,186,231,186,231,417
QUIABAYA,consulta externa,nuevas en personas de 60 anos o mas,2007-08-01,14,11,14,11,25
QUILLACOLLO,consulta externa,nuevas en personas de 60 anos o mas,2007-08-01,469,534,469,534,1003
QUIME,consulta externa,nuevas en personas de 60 anos o mas,2007-08-01,25,18,25,18,43
QUIRUSILLAS,consulta externa,nuevas en personas de 60 anos o mas,2007-08-01,33,39,33,39,72
RAVELO,consulta externa,nuevas en personas de 60 anos o mas,2007-08-01,64,82,64,82,146
REYES,consulta externa,nuevas en personas de 60 anos o mas,2007-08-01,95,83,95,83,178
RIBERALTA,consulta externa,nuevas en personas de 60 anos o mas,2007-08-01,117,100,117,100,217
ROBORE,consulta externa,nuevas en personas de 60 anos o mas,2007-08-01,218,236,218,236,454
RURRENABAQUE,consulta externa,nuevas en personas de 60 anos o mas,2007-08-01,141,109,141,109,250
SABAYA,consulta externa,nuevas en personas de 60 anos o mas,2007-08-01,28,51,28,51,79
SACABA,consulta externa,nuevas en personas de 60 anos o mas,2007-08-01,225,340,225,340,565
SACABAMBA,consulta externa,nuevas en personas de 60 anos o mas,2007-08-01,21,34,21,34,55
SACACA,consulta externa,nuevas en personas de 60 anos o mas,2007-08-01,43,78,43,78,121
SAIPINA,consulta externa,nuevas en personas de 60 anos o mas,2007-08-01,72,126,72,126,198
SALINAS DE GARCI MENDOZA,consulta externa,nuevas en personas de 60 anos o mas,2007-08-01,78,73,78,73,151
SAMAIPATA,consulta externa,nuevas en personas de 60 anos o mas,2007-08-01,73,62,73,62,135
SAN AGUSTIN,consulta externa,nuevas en personas de 60 anos o mas,2007-08-01,12,19,12,19,31
SAN ANDRES,consulta externa,nuevas en personas de 60 anos o mas,2007-08-01,8,15,8,15,23
SAN ANDRES DE MACHACA,consulta externa,nuevas en personas de 60 anos o mas,2007-08-01,48,54,48,54,102
SAN ANTONIO DE ESMORUCO,consulta externa,nuevas en personas de 60 anos o mas,2007-08-01,8,4,8,4,12
SAN ANTONIO DE LOMERIO,consulta externa,nuevas en personas de 60 anos o mas,2007-08-01,33,47,33,47,80
SAN BENITO,consulta externa,nuevas en personas de 60 anos o mas,2007-08-01,17,34,17,34,51
SAN BORJA,consulta externa,nuevas en personas de 60 anos o mas,2007-08-01,182,206,182,206,388
SAN BUENA VENTURA,consulta externa,nuevas en personas de 60 anos o mas,2007-08-01,32,27,32,27,59
SAN CARLOS,consulta externa,nuevas en personas de 60 anos o mas,2007-08-01,146,159,146,159,305
SAN IGNACIO,consulta externa,nuevas en personas de 60 anos o mas,2007-08-01,105,127,105,127,232
SAN IGNACIO DE VELASCO,consulta externa,nuevas en personas de 60 anos o mas,2007-08-01,285,361,285,361,646
SAN JAVIER(BNI),consulta externa,nuevas en personas de 60 anos o mas,2007-08-01,12,17,12,17,29
SAN JAVIER(STC),consulta externa,nuevas en personas de 60 anos o mas,2007-08-01,52,51,52,51,103
SAN JOAQUIN,consulta externa,nuevas en personas de 60 anos o mas,2007-08-01,122,126,122,126,248
SAN JOSE DE CHIQUITOS,consulta externa,nuevas en personas de 60 anos o mas,2007-08-01,86,84,86,84,170
SAN JUAN DE YAPACANI,consulta externa,nuevas en personas de 60 anos o mas,2007-08-01,47,58,47,58,105
SAN JULIAN,consulta externa,nuevas en personas de 60 anos o mas,2007-08-01,139,114,139,114,253
SAN LORENZO(PND),consulta externa,nuevas en personas de 60 anos o mas,2007-08-01,6,3,6,3,9
SAN LORENZO(TJA),consulta externa,nuevas en personas de 60 anos o mas,2007-08-01,80,167,80,167,247
SAN LUCAS,consulta externa,nuevas en personas de 60 anos o mas,2007-08-01,218,415,218,415,633
SAN MATIAS,consulta externa,nuevas en personas de 60 anos o mas,2007-08-01,23,21,23,21,44
SAN MIGUEL DE VELASCO,consulta externa,nuevas en personas de 60 anos o mas,2007-08-01,33,69,33,69,102
SAN PABLO DE LIPEZ,consulta externa,nuevas en personas de 60 anos o mas,2007-08-01,21,26,21,26,47
SAN PEDRO,consulta externa,nuevas en personas de 60 anos o mas,2007-08-01,91,70,91,70,161
SAN PEDRO DE BUENA VISTA,consulta externa,nuevas en personas de 60 anos o mas,2007-08-01,44,92,44,92,136
SAN PEDRO DE CURAHUARA,consulta externa,nuevas en personas de 60 anos o mas,2007-08-01,33,35,33,35,68
SAN PEDRO DE QUEMES,consulta externa,nuevas en personas de 60 anos o mas,2007-08-01,10,6,10,6,16
SAN PEDRO DE TIQUINA,consulta externa,nuevas en personas de 60 anos o mas,2007-08-01,18,20,18,20,38
SAN PEDRO(PND),consulta externa,nuevas en personas de 60 anos o mas,2007-08-01,2,5,2,5,7
SAN RAFAEL,consulta externa,nuevas en personas de 60 anos o mas,2007-08-01,12,19,12,19,31
SAN RAMON,consulta externa,nuevas en personas de 60 anos o mas,2007-08-01,60,71,60,71,131
SAN RAMON,consulta externa,nuevas en personas de 60 anos o mas,2007-08-01,16,10,16,10,26
SANTA ANA,consulta externa,nuevas en personas de 60 anos o mas,2007-08-01,101,136,101,136,237
SANTA CRUZ DE LA SIERRA,consulta externa,nuevas en personas de 60 anos o mas,2007-08-01,7867,9843,7867,9843,17710
SANTA ROSA,consulta externa,nuevas en personas de 60 anos o mas,2007-08-01,89,73,89,73,162
SANTA ROSA DEL SARA,consulta externa,nuevas en personas de 60 anos o mas,2007-08-01,78,43,78,43,121
SANTIAGO DE CALLAPA,consulta externa,nuevas en personas de 60 anos o mas,2007-08-01,14,14,14,14,28
SANTIAGO DE HUARI,consulta externa,nuevas en personas de 60 anos o mas,2007-08-01,111,108,111,108,219
SANTIAGO DE MACHACA,consulta externa,nuevas en personas de 60 anos o mas,2007-08-01,22,20,22,20,42
SANTIVAÑES,consulta externa,nuevas en personas de 60 anos o mas,2007-08-01,24,38,24,38,62
SANTUARIO DE QUILLACAS,consulta externa,nuevas en personas de 60 anos o mas,2007-08-01,7,16,7,16,23
SAPAHAQUI,consulta externa,nuevas en personas de 60 anos o mas,2007-08-01,28,43,28,43,71
SENA,consulta externa,nuevas en personas de 60 anos o mas,2007-08-01,14,3,14,3,17
SICA SICA (VILLA AROMA),consulta externa,nuevas en personas de 60 anos o mas,2007-08-01,40,35,40,35,75
SICAYA,consulta externa,nuevas en personas de 60 anos o mas,2007-08-01,0,1,0,1,1
SIPE SIPE,consulta externa,nuevas en personas de 60 anos o mas,2007-08-01,23,54,23,54,77
SOPACHUY,consulta externa,nuevas en personas de 60 anos o mas,2007-08-01,48,84,48,84,132
SORACACHI,consulta externa,nuevas en personas de 60 anos o mas,2007-08-01,28,33,28,33,61
SORATA,consulta externa,nuevas en personas de 60 anos o mas,2007-08-01,68,76,68,76,144
SUCRE,consulta externa,nuevas en personas de 60 anos o mas,2007-08-01,3392,4151,3392,4151,7543
TACACHI,consulta externa,nuevas en personas de 60 anos o mas,2007-08-01,0,6,0,6,6
TACACOMA,consulta externa,nuevas en personas de 60 anos o mas,2007-08-01,11,11,11,11,22
TACOBAMBA,consulta externa,nuevas en personas de 60 anos o mas,2007-08-01,48,73,48,73,121
TACOPAYA,consulta externa,nuevas en personas de 60 anos o mas,2007-08-01,17,43,17,43,60
TAHUA,consulta externa,nuevas en personas de 60 anos o mas,2007-08-01,11,18,11,18,29
TAPACARI,consulta externa,nuevas en personas de 60 anos o mas,2007-08-01,41,66,41,66,107
TARABUCO,consulta externa,nuevas en personas de 60 anos o mas,2007-08-01,67,141,67,141,208
TARACO,consulta externa,nuevas en personas de 60 anos o mas,2007-08-01,33,25,33,25,58
TARATA,consulta externa,nuevas en personas de 60 anos o mas,2007-08-01,14,23,14,23,37
TARIJA,consulta externa,nuevas en personas de 60 anos o mas,2007-08-01,1876,2281,1876,2281,4157
TARVITA,consulta externa,nuevas en personas de 60 anos o mas,2007-08-01,123,182,123,182,305
TEOPONTE,consulta externa,nuevas en personas de 60 anos o mas,2007-08-01,61,30,61,30,91
TIAWANACU,consulta externa,nuevas en personas de 60 anos o mas,2007-08-01,20,22,20,22,42
TINGUIPAYA,consulta externa,nuevas en personas de 60 anos o mas,2007-08-01,43,69,43,69,112
TIPUANI,consulta externa,nuevas en personas de 60 anos o mas,2007-08-01,29,16,29,16,45
TIQUIPAYA,consulta externa,nuevas en personas de 60 anos o mas,2007-08-01,36,45,36,45,81
TIRAQUE (CBBA),consulta externa,nuevas en personas de 60 anos o mas,2007-08-01,49,33,49,33,82
TITO YUPANQUI (PARQUIPUJIO),consulta externa,nuevas en personas de 60 anos o mas,2007-08-01,14,15,14,15,29
TOCO,consulta externa,nuevas en personas de 60 anos o mas,2007-08-01,17,17,17,17,34
TODOS SANTOS,consulta externa,nuevas en personas de 60 anos o mas,2007-08-01,2,0,2,0,2
TOLATA,consulta externa,nuevas en personas de 60 anos o mas,2007-08-01,5,13,5,13,18
TOLEDO,consulta externa,nuevas en personas de 60 anos o mas,2007-08-01,49,47,49,47,96
TOMAVE,consulta externa,nuevas en personas de 60 anos o mas,2007-08-01,68,120,68,120,188
TOMINA,consulta externa,nuevas en personas de 60 anos o mas,2007-08-01,62,94,62,94,156
TORO TORO,consulta externa,nuevas en personas de 60 anos o mas,2007-08-01,55,86,55,86,141
TOTORA(CBBA),consulta externa,nuevas en personas de 60 anos o mas,2007-08-01,13,18,13,18,31
TOTORA(ORR),consulta externa,nuevas en personas de 60 anos o mas,2007-08-01,25,30,25,30,55
TRIGAL,consulta externa,nuevas en personas de 60 anos o mas,2007-08-01,23,46,23,46,69
TRINIDAD,consulta externa,nuevas en personas de 60 anos o mas,2007-08-01,392,435,392,435,827
TUPIZA,consulta externa,nuevas en personas de 60 anos o mas,2007-08-01,332,547,332,547,879
TURCO,consulta externa,nuevas en personas de 60 anos o mas,2007-08-01,31,37,31,37,68
UMALA,consulta externa,nuevas en personas de 60 anos o mas,2007-08-01,10,14,10,14,24
UNCIA,consulta externa,nuevas en personas de 60 anos o mas,2007-08-01,211,291,211,291,502
URIONDO (A. CONCEPCION),consulta externa,nuevas en personas de 60 anos o mas,2007-08-01,53,83,53,83,136
URUBICHA,consulta externa,nuevas en personas de 60 anos o mas,2007-08-01,14,15,14,15,29
UYUNI,consulta externa,nuevas en personas de 60 anos o mas,2007-08-01,226,228,226,228,454
VACAS,consulta externa,nuevas en personas de 60 anos o mas,2007-08-01,50,109,50,109,159
VALLEGRANDE,consulta externa,nuevas en personas de 60 anos o mas,2007-08-01,319,363,319,363,682
VIACHA,consulta externa,nuevas en personas de 60 anos o mas,2007-08-01,353,289,353,289,642
VILA VILA,consulta externa,nuevas en personas de 60 anos o mas,2007-08-01,10,13,10,13,23
VILLA MONTES,consulta externa,nuevas en personas de 60 anos o mas,2007-08-01,220,259,220,259,479
VILLA NUEVA (LOMA ALTA),consulta externa,nuevas en personas de 60 anos o mas,2007-08-01,1,2,1,2,3
VILLA RIVERO,consulta externa,nuevas en personas de 60 anos o mas,2007-08-01,16,11,16,11,27
VILLA SERRANO,consulta externa,nuevas en personas de 60 anos o mas,2007-08-01,89,87,89,87,176
VILLA TUNARI,consulta externa,nuevas en personas de 60 anos o mas,2007-08-01,92,73,92,73,165
VILLA VACA GUZMAN (MUYUPAMPA),consulta externa,nuevas en personas de 60 anos o mas,2007-08-01,47,101,47,101,148
VILLAZON,consulta externa,nuevas en personas de 60 anos o mas,2007-08-01,259,327,259,327,586
VINTO,consulta externa,nuevas en personas de 60 anos o mas,2007-08-01,45,77,45,77,122
VITICHI,consulta externa,nuevas en personas de 60 anos o mas,2007-08-01,68,122,68,122,190
WALDO BALLIVIAN,consulta externa,nuevas en personas de 60 anos o mas,2007-08-01,3,9,3,9,12
WARNES,consulta externa,nuevas en personas de 60 anos o mas,2007-08-01,254,210,254,210,464
YACO,consulta externa,nuevas en personas de 60 anos o mas,2007-08-01,32,24,32,24,56
YACUIBA,consulta externa,nuevas en personas de 60 anos o mas,2007-08-01,698,753,698,753,1451
YAMPARAEZ,consulta externa,nuevas en personas de 60 anos o mas,2007-08-01,47,91,47,91,138
YANACACHI,consulta externa,nuevas en personas de 60 anos o mas,2007-08-01,59,40,59,40,99
YAPACANI,consulta externa,nuevas en personas de 60 anos o mas,2007-08-01,220,117,220,117,337
YOCALLA,consulta externa,nuevas en personas de 60 anos o mas,2007-08-01,77,66,77,66,143
YOTALA,consulta externa,nuevas en personas de 60 anos o mas,2007-08-01,59,75,59,75,134
YUNCHARA,consulta externa,nuevas en personas de 60 anos o mas,2007-08-01,14,26,14,26,40
ZUDAÑEZ,consulta externa,nuevas en personas de 60 anos o mas,2007-08-01,68,108,68,108,176
ACACIO,consulta externa,nuevas en personas de 60 anos o mas,2007-09-01,27,42,27,42,69
ACHACACHI,consulta externa,nuevas en personas de 60 anos o mas,2007-09-01,149,143,149,143,292
ACHOCALLA,consulta externa,nuevas en personas de 60 anos o mas,2007-09-01,14,11,14,11,25
AIQUILE,consulta externa,nuevas en personas de 60 anos o mas,2007-09-01,120,153,120,153,273
ALALAY,consulta externa,nuevas en personas de 60 anos o mas,2007-09-01,9,11,9,11,20
ALCALA,consulta externa,nuevas en personas de 60 anos o mas,2007-09-01,25,47,25,47,72
ANCORAIMES,consulta externa,nuevas en personas de 60 anos o mas,2007-09-01,26,37,26,37,63
ANDAMARCA,consulta externa,nuevas en personas de 60 anos o mas,2007-09-01,32,60,32,60,92
ANTEQUERA,consulta externa,nuevas en personas de 60 anos o mas,2007-09-01,1,6,1,6,7
ANZALDO,consulta externa,nuevas en personas de 60 anos o mas,2007-09-01,17,33,17,33,50
APOLO,consulta externa,nuevas en personas de 60 anos o mas,2007-09-01,46,41,46,41,87
ARAMPAMPA,consulta externa,nuevas en personas de 60 anos o mas,2007-09-01,14,18,14,18,32
ARANI,consulta externa,nuevas en personas de 60 anos o mas,2007-09-01,11,18,11,18,29
ARBIETO,consulta externa,nuevas en personas de 60 anos o mas,2007-09-01,33,61,33,61,94
ARQUE,consulta externa,nuevas en personas de 60 anos o mas,2007-09-01,10,13,10,13,23
ASCENCION DE GUARAYOS,consulta externa,nuevas en personas de 60 anos o mas,2007-09-01,23,20,23,20,43
ATOCHA,consulta externa,nuevas en personas de 60 anos o mas,2007-09-01,78,102,78,102,180
AUCAPATA,consulta externa,nuevas en personas de 60 anos o mas,2007-09-01,24,28,24,28,52
AYATA,consulta externa,nuevas en personas de 60 anos o mas,2007-09-01,21,28,21,28,49
AYO AYO,consulta externa,nuevas en personas de 60 anos o mas,2007-09-01,23,10,23,10,33
AYOPAYA (V. DE INDEPENDENCIA),consulta externa,nuevas en personas de 60 anos o mas,2007-09-01,53,80,53,80,133
AZURDUY,consulta externa,nuevas en personas de 60 anos o mas,2007-09-01,69,102,69,102,171
BATALLAS,consulta externa,nuevas en personas de 60 anos o mas,2007-09-01,48,36,48,36,84
BAURES,consulta externa,nuevas en personas de 60 anos o mas,2007-09-01,33,28,33,28,61
BELEN DE ANDAMARCA,consulta externa,nuevas en personas de 60 anos o mas,2007-09-01,18,10,18,10,28
BELEN DE URMIRI,consulta externa,nuevas en personas de 60 anos o mas,2007-09-01,11,20,11,20,31
BELLA FLOR,consulta externa,nuevas en personas de 60 anos o mas,2007-09-01,10,9,10,9,19
BERMEJO,consulta externa,nuevas en personas de 60 anos o mas,2007-09-01,323,428,323,428,751
BETANZOS,consulta externa,nuevas en personas de 60 anos o mas,2007-09-01,222,380,222,380,602
BOLIVAR,consulta externa,nuevas en personas de 60 anos o mas,2007-09-01,26,40,26,40,66
BOLPEBRA,consulta externa,nuevas en personas de 60 anos o mas,2007-09-01,7,5,7,5,12
BOYUIBE,consulta externa,nuevas en personas de 60 anos o mas,2007-09-01,15,42,15,42,57
BUENA VISTA,consulta externa,nuevas en personas de 60 anos o mas,2007-09-01,87,73,87,73,160
CABEZAS,consulta externa,nuevas en personas de 60 anos o mas,2007-09-01,48,170,48,170,218
CAIROMA,consulta externa,nuevas en personas de 60 anos o mas,2007-09-01,29,30,29,30,59
"CAIZA ""D""",consulta externa,nuevas en personas de 60 anos o mas,2007-09-01,56,107,56,107,163
CAJUATA,consulta externa,nuevas en personas de 60 anos o mas,2007-09-01,58,43,58,43,101
CALACOTO,consulta externa,nuevas en personas de 60 anos o mas,2007-09-01,117,118,117,118,235
CALAMARCA,consulta externa,nuevas en personas de 60 anos o mas,2007-09-01,26,27,26,27,53
CAMARGO,consulta externa,nuevas en personas de 60 anos o mas,2007-09-01,309,484,309,484,793
CAMATAQUI (C. VILLA ABECIA),consulta externa,nuevas en personas de 60 anos o mas,2007-09-01,49,61,49,61,110
CAMIRI,consulta externa,nuevas en personas de 60 anos o mas,2007-09-01,733,882,733,882,1615
CAPINOTA,consulta externa,nuevas en personas de 60 anos o mas,2007-09-01,66,63,66,63,129
CAQUIAVIRI,consulta externa,nuevas en personas de 60 anos o mas,2007-09-01,39,51,39,51,90
CARACOLLO,consulta externa,nuevas en personas de 60 anos o mas,2007-09-01,90,70,90,70,160
CARANAVI,consulta externa,nuevas en personas de 60 anos o mas,2007-09-01,298,167,298,167,465
CARANGAS,consulta externa,nuevas en personas de 60 anos o mas,2007-09-01,5,1,5,1,6
CARAPARI,consulta externa,nuevas en personas de 60 anos o mas,2007-09-01,54,75,54,75,129
CARIPUYO,consulta externa,nuevas en personas de 60 anos o mas,2007-09-01,13,27,13,27,40
CARMEN RIVERO TORREZ,consulta externa,nuevas en personas de 60 anos o mas,2007-09-01,4,2,4,2,6
CATACORA,consulta externa,nuevas en personas de 60 anos o mas,2007-09-01,8,4,8,4,12
CHACARILLA,consulta externa,nuevas en personas de 60 anos o mas,2007-09-01,3,2,3,2,5
CHALLAPATA,consulta externa,nuevas en personas de 60 anos o mas,2007-09-01,188,143,188,143,331
CHAQUI,consulta externa,nuevas en personas de 60 anos o mas,2007-09-01,20,71,20,71,91
CHARAGUA,consulta externa,nuevas en personas de 60 anos o mas,2007-09-01,57,58,57,58,115
CHARAÑA,consulta externa,nuevas en personas de 60 anos o mas,2007-09-01,16,20,16,20,36
CHAYANTA,consulta externa,nuevas en personas de 60 anos o mas,2007-09-01,58,104,58,104,162
CHIMORE,consulta externa,nuevas en personas de 60 anos o mas,2007-09-01,20,20,20,20,40
CHIPAYA,consulta externa,nuevas en personas de 60 anos o mas,2007-09-01,4,4,4,4,8
CHOQUE COTA,consulta externa,nuevas en personas de 60 anos o mas,2007-09-01,15,16,15,16,31
CHULUMANI (V. DE LA LIBERTAD),consulta externa,nuevas en personas de 60 anos o mas,2007-09-01,88,64,88,64,152
CHUMA,consulta externa,nuevas en personas de 60 anos o mas,2007-09-01,56,57,56,57,113
CLIZA,consulta externa,nuevas en personas de 60 anos o mas,2007-09-01,34,65,34,65,99
COBIJA,consulta externa,nuevas en personas de 60 anos o mas,2007-09-01,220,228,220,228,448
COCHABAMBA,consulta externa,nuevas en personas de 60 anos o mas,2007-09-01,4518,6811,4518,6811,11329
COIPASA,consulta externa,nuevas en personas de 60 anos o mas,2007-09-01,8,2,8,2,10
COLCAPIRHUA,consulta externa,nuevas en personas de 60 anos o mas,2007-09-01,141,269,141,269,410
"COLCHA ""K""",consulta externa,nuevas en personas de 60 anos o mas,2007-09-01,76,92,76,92,168
COLLANA,consulta externa,nuevas en personas de 60 anos o mas,2007-09-01,12,15,12,15,27
COLOMI,consulta externa,nuevas en personas de 60 anos o mas,2007-09-01,6,13,6,13,19
COLPA BELGICA,consulta externa,nuevas en personas de 60 anos o mas,2007-09-01,111,42,111,42,153
COLQUECHACA,consulta externa,nuevas en personas de 60 anos o mas,2007-09-01,102,111,102,111,213
COLQUENCHA,consulta externa,nuevas en personas de 60 anos o mas,2007-09-01,34,87,34,87,121
COLQUIRI,consulta externa,nuevas en personas de 60 anos o mas,2007-09-01,55,56,55,56,111
COMANCHE,consulta externa,nuevas en personas de 60 anos o mas,2007-09-01,26,23,26,23,49
COMARAPA,consulta externa,nuevas en personas de 60 anos o mas,2007-09-01,139,157,139,157,296
COMBAYA,consulta externa,nuevas en personas de 60 anos o mas,2007-09-01,8,5,8,5,13
CONCEPCION,consulta externa,nuevas en personas de 60 anos o mas,2007-09-01,34,23,34,23,57
COPACABANA,consulta externa,nuevas en personas de 60 anos o mas,2007-09-01,28,31,28,31,59
CORIPATA,consulta externa,nuevas en personas de 60 anos o mas,2007-09-01,34,26,34,26,60
CORO CORO,consulta externa,nuevas en personas de 60 anos o mas,2007-09-01,15,19,15,19,34
COROICO,consulta externa,nuevas en personas de 60 anos o mas,2007-09-01,54,56,54,56,110
CORQUE,consulta externa,nuevas en personas de 60 anos o mas,2007-09-01,60,70,60,70,130
COTAGAITA,consulta externa,nuevas en personas de 60 anos o mas,2007-09-01,267,443,267,443,710
COTOCA,consulta externa,nuevas en personas de 60 anos o mas,2007-09-01,177,191,177,191,368
CUATRO CAÑADAS,consulta externa,nuevas en personas de 60 anos o mas,2007-09-01,68,50,68,50,118
CUCHUMUELA (V. G. VILLARROEL),consulta externa,nuevas en personas de 60 anos o mas,2007-09-01,5,8,5,8,13
CUEVO,consulta externa,nuevas en personas de 60 anos o mas,2007-09-01,11,27,11,27,38
CULPINA,consulta externa,nuevas en personas de 60 anos o mas,2007-09-01,80,110,80,110,190
CURAHUARA DE CARANGAS,consulta externa,nuevas en personas de 60 anos o mas,2007-09-01,34,30,34,30,64
CURVA,consulta externa,nuevas en personas de 60 anos o mas,2007-09-01,12,15,12,15,27
DESAGUADERO,consulta externa,nuevas en personas de 60 anos o mas,2007-09-01,25,12,25,12,37
EL ALTO,consulta externa,nuevas en personas de 60 anos o mas,2007-09-01,1443,1613,1443,1613,3056
EL CHORO,consulta externa,nuevas en personas de 60 anos o mas,2007-09-01,25,20,25,20,45
EL PUENTE(STC),consulta externa,nuevas en personas de 60 anos o mas,2007-09-01,37,31,37,31,68
EL PUENTE(TJA),consulta externa,nuevas en personas de 60 anos o mas,2007-09-01,29,83,29,83,112
EL TORNO,consulta externa,nuevas en personas de 60 anos o mas,2007-09-01,286,275,286,275,561
EL VILLAR,consulta externa,nuevas en personas de 60 anos o mas,2007-09-01,26,54,26,54,80
ENTRE RIOS,consulta externa,nuevas en personas de 60 anos o mas,2007-09-01,80,113,80,113,193
ENTRE RIOS,consulta externa,nuevas en personas de 60 anos o mas,2007-09-01,23,21,23,21,44
ESCARA,consulta externa,nuevas en personas de 60 anos o mas,2007-09-01,3,2,3,2,5
ESMERALDA,consulta externa,nuevas en personas de 60 anos o mas,2007-09-01,5,11,5,11,16
EUCALIPTUS,consulta externa,nuevas en personas de 60 anos o mas,2007-09-01,44,47,44,47,91
EUREKA (SANTOS MERCADO),consulta externa,nuevas en personas de 60 anos o mas,2007-09-01,9,5,9,5,14
EXALTACION,consulta externa,nuevas en personas de 60 anos o mas,2007-09-01,8,3,8,3,11
FERNANDEZ ALONSO,consulta externa,nuevas en personas de 60 anos o mas,2007-09-01,17,18,17,18,35
FILADELFIA,consulta externa,nuevas en personas de 60 anos o mas,2007-09-01,54,21,54,21,75
GENERAL SAAVEDRA,consulta externa,nuevas en personas de 60 anos o mas,2007-09-01,40,30,40,30,70
GRAL. J.J. PEREZ (CHARAZANI),consulta externa,nuevas en personas de 60 anos o mas,2007-09-01,32,48,32,48,80
GUANAY,consulta externa,nuevas en personas de 60 anos o mas,2007-09-01,70,76,70,76,146
GUAQUI,consulta externa,nuevas en personas de 60 anos o mas,2007-09-01,22,17,22,17,39
GUAYARAMERIN,consulta externa,nuevas en personas de 60 anos o mas,2007-09-01,311,296,311,296,607
GUTIERREZ,consulta externa,nuevas en personas de 60 anos o mas,2007-09-01,51,72,51,72,123
HUACARETA,consulta externa,nuevas en personas de 60 anos o mas,2007-09-01,60,104,60,104,164
HUACAYA (VILLA DE HUACAYA),consulta externa,nuevas en personas de 60 anos o mas,2007-09-01,10,32,10,32,42
HUACHACALLA,consulta externa,nuevas en personas de 60 anos o mas,2007-09-01,20,18,20,18,38
HUANUNI,consulta externa,nuevas en personas de 60 anos o mas,2007-09-01,156,174,156,174,330
HUARACAJE,consulta externa,nuevas en personas de 60 anos o mas,2007-09-01,10,9,10,9,19
HUAYLLAMARCA,consulta externa,nuevas en personas de 60 anos o mas,2007-09-01,30,36,30,36,66
ICHOCA,consulta externa,nuevas en personas de 60 anos o mas,2007-09-01,11,19,11,19,30
ICLA,consulta externa,nuevas en personas de 60 anos o mas,2007-09-01,17,40,17,40,57
INCAHUASI,consulta externa,nuevas en personas de 60 anos o mas,2007-09-01,57,145,57,145,202
INGAVI (HUMAITA),consulta externa,nuevas en personas de 60 anos o mas,2007-09-01,3,2,3,2,5
INQUISIVI,consulta externa,nuevas en personas de 60 anos o mas,2007-09-01,48,41,48,41,89
IRUPANA (VILLA DE LANZA),consulta externa,nuevas en personas de 60 anos o mas,2007-09-01,54,53,54,53,107
IXIAMAS,consulta externa,nuevas en personas de 60 anos o mas,2007-09-01,11,5,11,5,16
JESUS DE MACHACA,consulta externa,nuevas en personas de 60 anos o mas,2007-09-01,154,141,154,141,295
LA ASUNTA,consulta externa,nuevas en personas de 60 anos o mas,2007-09-01,42,25,42,25,67
LA GUARDIA,consulta externa,nuevas en personas de 60 anos o mas,2007-09-01,65,83,65,83,148
LA PAZ,consulta externa,nuevas en personas de 60 anos o mas,2007-09-01,9155,11320,9155,11320,20475
LA RIVERA,consulta externa,nuevas en personas de 60 anos o mas,2007-09-01,2,1,2,1,3
LAGUNILLAS,consulta externa,nuevas en personas de 60 anos o mas,2007-09-01,31,44,31,44,75
LAJA,consulta externa,nuevas en personas de 60 anos o mas,2007-09-01,21,28,21,28,49
LAS CARRERAS,consulta externa,nuevas en personas de 60 anos o mas,2007-09-01,41,62,41,62,103
LICOMA PAMPA,consulta externa,nuevas en personas de 60 anos o mas,2007-09-01,17,16,17,16,33
LLALLAGUA,consulta externa,nuevas en personas de 60 anos o mas,2007-09-01,208,304,208,304,512
LLICA,consulta externa,nuevas en personas de 60 anos o mas,2007-09-01,58,53,58,53,111
LORETO,consulta externa,nuevas en personas de 60 anos o mas,2007-09-01,8,4,8,4,12
LURIBAY,consulta externa,nuevas en personas de 60 anos o mas,2007-09-01,63,53,63,53,116
MACHACAMARCA,consulta externa,nuevas en personas de 60 anos o mas,2007-09-01,67,27,67,27,94
MACHARETI,consulta externa,nuevas en personas de 60 anos o mas,2007-09-01,74,78,74,78,152
MAGDALENA,consulta externa,nuevas en personas de 60 anos o mas,2007-09-01,33,29,33,29,62
MAIRANA,consulta externa,nuevas en personas de 60 anos o mas,2007-09-01,59,43,59,43,102
MALLA,consulta externa,nuevas en personas de 60 anos o mas,2007-09-01,14,11,14,11,25
MAPIRI,consulta externa,nuevas en personas de 60 anos o mas,2007-09-01,38,35,38,35,73
MECAPACA,consulta externa,nuevas en personas de 60 anos o mas,2007-09-01,44,37,44,37,81
MINEROS,consulta externa,nuevas en personas de 60 anos o mas,2007-09-01,11,7,11,7,18
MIZQUE,consulta externa,nuevas en personas de 60 anos o mas,2007-09-01,27,24,27,24,51
MOCOMOCO,consulta externa,nuevas en personas de 60 anos o mas,2007-09-01,82,70,82,70,152
MOJINETE,consulta externa,nuevas en personas de 60 anos o mas,2007-09-01,6,14,6,14,20
MOJOCOYA,consulta externa,nuevas en personas de 60 anos o mas,2007-09-01,41,31,41,31,72
MONTEAGUDO,consulta externa,nuevas en personas de 60 anos o mas,2007-09-01,352,508,352,508,860
MONTERO,consulta externa,nuevas en personas de 60 anos o mas,2007-09-01,445,629,445,629,1074
MORO MORO,consulta externa,nuevas en personas de 60 anos o mas,2007-09-01,29,37,29,37,66
MOROCHATA,consulta externa,nuevas en personas de 60 anos o mas,2007-09-01,53,56,53,56,109
NACEBE (SANTA ROSA DEL ABUNA),consulta externa,nuevas en personas de 60 anos o mas,2007-09-01,7,2,7,2,9
NAZACARA DE PACAJES,consulta externa,nuevas en personas de 60 anos o mas,2007-09-01,3,2,3,2,5
NUEVO MANOA (NUEVA ESPERANZA),consulta externa,nuevas en personas de 60 anos o mas,2007-09-01,16,5,16,5,21
OCURI,consulta externa,nuevas en personas de 60 anos o mas,2007-09-01,28,52,28,52,80
OKINAWA,consulta externa,nuevas en personas de 60 anos o mas,2007-09-01,107,99,107,99,206
OMEREQUE,consulta externa,nuevas en personas de 60 anos o mas,2007-09-01,22,31,22,31,53
ORURO,consulta externa,nuevas en personas de 60 anos o mas,2007-09-01,2901,3644,2901,3644,6545
PADCAYA,consulta externa,nuevas en personas de 60 anos o mas,2007-09-01,64,89,64,89,153
PADILLA,consulta externa,nuevas en personas de 60 anos o mas,2007-09-01,215,317,215,317,532
PAILON,consulta externa,nuevas en personas de 60 anos o mas,2007-09-01,25,24,25,24,49
PALCA,consulta externa,nuevas en personas de 60 anos o mas,2007-09-01,44,64,44,64,108
PALOS BLANCOS,consulta externa,nuevas en personas de 60 anos o mas,2007-09-01,56,19,56,19,75
PAMPA AULLAGAS,consulta externa,nuevas en personas de 60 anos o mas,2007-09-01,9,10,9,10,19
PAMPA GRANDE,consulta externa,nuevas en personas de 60 anos o mas,2007-09-01,22,23,22,23,45
PAPEL PAMPA,consulta externa,nuevas en personas de 60 anos o mas,2007-09-01,30,30,30,30,60
PASORAPA,consulta externa,nuevas en personas de 60 anos o mas,2007-09-01,7,15,7,15,22
PATACAMAYA,consulta externa,nuevas en personas de 60 anos o mas,2007-09-01,68,61,68,61,129
PAZÑA,consulta externa,nuevas en personas de 60 anos o mas,2007-09-01,43,39,43,39,82
PELECHUCO,consulta externa,nuevas en personas de 60 anos o mas,2007-09-01,15,10,15,10,25
POCOATA,consulta externa,nuevas en personas de 60 anos o mas,2007-09-01,83,85,83,85,168
POCONA,consulta externa,nuevas en personas de 60 anos o mas,2007-09-01,28,40,28,40,68
POJO (CBBA),consulta externa,nuevas en personas de 60 anos o mas,2007-09-01,10,9,10,9,19
POOPO,consulta externa,nuevas en personas de 60 anos o mas,2007-09-01,32,45,32,45,77
PORCO,consulta externa,nuevas en personas de 60 anos o mas,2007-09-01,11,24,11,24,35
POROMA,consulta externa,nuevas en personas de 60 anos o mas,2007-09-01,90,99,90,99,189
PORONGO,consulta externa,nuevas en personas de 60 anos o mas,2007-09-01,42,16,42,16,58
PORTACHUELO,consulta externa,nuevas en personas de 60 anos o mas,2007-09-01,145,161,145,161,306
PORVENIR,consulta externa,nuevas en personas de 60 anos o mas,2007-09-01,24,13,24,13,37
POSTRER VALLE,consulta externa,nuevas en personas de 60 anos o mas,2007-09-01,29,28,29,28,57
POTOSI,consulta externa,nuevas en personas de 60 anos o mas,2007-09-01,1412,1784,1412,1784,3196
PRESTO,consulta externa,nuevas en personas de 60 anos o mas,2007-09-01,45,71,45,71,116
PUCARA,consulta externa,nuevas en personas de 60 anos o mas,2007-09-01,20,36,20,36,56
PUCARANI,consulta externa,nuevas en personas de 60 anos o mas,2007-09-01,46,53,46,53,99
PUERTO ACOSTA,consulta externa,nuevas en personas de 60 anos o mas,2007-09-01,127,137,127,137,264
PUERTO CARABUCO,consulta externa,nuevas en personas de 60 anos o mas,2007-09-01,55,59,55,59,114
PUERTO GONZALO MORENO,consulta externa,nuevas en personas de 60 anos o mas,2007-09-01,24,25,24,25,49
PUERTO PEREZ,consulta externa,nuevas en personas de 60 anos o mas,2007-09-01,22,29,22,29,51
PUERTO QUIJARRO,consulta externa,nuevas en personas de 60 anos o mas,2007-09-01,28,59,28,59,87
PUERTO RICO,consulta externa,nuevas en personas de 60 anos o mas,2007-09-01,36,39,36,39,75
PUERTO SILES,consulta externa,nuevas en personas de 60 anos o mas,2007-09-01,4,4,4,4,8
PUERTO SUAREZ,consulta externa,nuevas en personas de 60 anos o mas,2007-09-01,101,106,101,106,207
PUERTO VILLARROEL,consulta externa,nuevas en personas de 60 anos o mas,2007-09-01,49,24,49,24,73
PUNA,consulta externa,nuevas en personas de 60 anos o mas,2007-09-01,191,328,191,328,519
PUNATA,consulta externa,nuevas en personas de 60 anos o mas,2007-09-01,161,221,161,221,382
QUIABAYA,consulta externa,nuevas en personas de 60 anos o mas,2007-09-01,12,13,12,13,25
QUILLACOLLO,consulta externa,nuevas en personas de 60 anos o mas,2007-09-01,383,655,383,655,1038
QUIME,consulta externa,nuevas en personas de 60 anos o mas,2007-09-01,27,18,27,18,45
QUIRUSILLAS,consulta externa,nuevas en personas de 60 anos o mas,2007-09-01,32,30,32,30,62
RAVELO,consulta externa,nuevas en personas de 60 anos o mas,2007-09-01,55,96,55,96,151
REYES,consulta externa,nuevas en personas de 60 anos o mas,2007-09-01,72,93,72,93,165
RIBERALTA,consulta externa,nuevas en personas de 60 anos o mas,2007-09-01,110,81,110,81,191
ROBORE,consulta externa,nuevas en personas de 60 anos o mas,2007-09-01,182,136,182,136,318
RURRENABAQUE,consulta externa,nuevas en personas de 60 anos o mas,2007-09-01,114,106,114,106,220
SABAYA,consulta externa,nuevas en personas de 60 anos o mas,2007-09-01,51,57,51,57,108
SACABA,consulta externa,nuevas en personas de 60 anos o mas,2007-09-01,185,234,185,234,419
SACABAMBA,consulta externa,nuevas en personas de 60 anos o mas,2007-09-01,11,35,11,35,46
SACACA,consulta externa,nuevas en personas de 60 anos o mas,2007-09-01,38,80,38,80,118
SAIPINA,consulta externa,nuevas en personas de 60 anos o mas,2007-09-01,59,98,59,98,157
SALINAS DE GARCI MENDOZA,consulta externa,nuevas en personas de 60 anos o mas,2007-09-01,45,51,45,51,96
SAMAIPATA,consulta externa,nuevas en personas de 60 anos o mas,2007-09-01,48,43,48,43,91
SAN AGUSTIN,consulta externa,nuevas en personas de 60 anos o mas,2007-09-01,11,16,11,16,27
SAN ANDRES,consulta externa,nuevas en personas de 60 anos o mas,2007-09-01,14,26,14,26,40
SAN ANDRES DE MACHACA,consulta externa,nuevas en personas de 60 anos o mas,2007-09-01,57,90,57,90,147
SAN ANTONIO DE ESMORUCO,consulta externa,nuevas en personas de 60 anos o mas,2007-09-01,10,8,10,8,18
SAN ANTONIO DE LOMERIO,consulta externa,nuevas en personas de 60 anos o mas,2007-09-01,26,26,26,26,52
SAN BENITO,consulta externa,nuevas en personas de 60 anos o mas,2007-09-01,20,28,20,28,48
SAN BORJA,consulta externa,nuevas en personas de 60 anos o mas,2007-09-01,238,133,238,133,371
SAN BUENA VENTURA,consulta externa,nuevas en personas de 60 anos o mas,2007-09-01,38,23,38,23,61
SAN CARLOS,consulta externa,nuevas en personas de 60 anos o mas,2007-09-01,165,144,165,144,309
SAN IGNACIO,consulta externa,nuevas en personas de 60 anos o mas,2007-09-01,120,124,120,124,244
SAN IGNACIO DE VELASCO,consulta externa,nuevas en personas de 60 anos o mas,2007-09-01,236,239,236,239,475
SAN JAVIER(BNI),consulta externa,nuevas en personas de 60 anos o mas,2007-09-01,16,14,16,14,30
SAN JAVIER(STC),consulta externa,nuevas en personas de 60 anos o mas,2007-09-01,65,65,65,65,130
SAN JOAQUIN,consulta externa,nuevas en personas de 60 anos o mas,2007-09-01,67,86,67,86,153
SAN JOSE DE CHIQUITOS,consulta externa,nuevas en personas de 60 anos o mas,2007-09-01,87,92,87,92,179
SAN JUAN DE YAPACANI,consulta externa,nuevas en personas de 60 anos o mas,2007-09-01,42,108,42,108,150
SAN JULIAN,consulta externa,nuevas en personas de 60 anos o mas,2007-09-01,84,98,84,98,182
SAN LORENZO(PND),consulta externa,nuevas en personas de 60 anos o mas,2007-09-01,7,5,7,5,12
SAN LORENZO(TJA),consulta externa,nuevas en personas de 60 anos o mas,2007-09-01,61,117,61,117,178
SAN LUCAS,consulta externa,nuevas en personas de 60 anos o mas,2007-09-01,182,333,182,333,515
SAN MATIAS,consulta externa,nuevas en personas de 60 anos o mas,2007-09-01,22,13,22,13,35
SAN MIGUEL DE VELASCO,consulta externa,nuevas en personas de 60 anos o mas,2007-09-01,34,47,34,47,81
SAN PABLO DE LIPEZ,consulta externa,nuevas en personas de 60 anos o mas,2007-09-01,24,25,24,25,49
SAN PEDRO,consulta externa,nuevas en personas de 60 anos o mas,2007-09-01,93,67,93,67,160
SAN PEDRO DE BUENA VISTA,consulta externa,nuevas en personas de 60 anos o mas,2007-09-01,39,114,39,114,153
SAN PEDRO DE CURAHUARA,consulta externa,nuevas en personas de 60 anos o mas,2007-09-01,38,25,38,25,63
SAN PEDRO DE QUEMES,consulta externa,nuevas en personas de 60 anos o mas,2007-09-01,9,9,9,9,18
SAN PEDRO DE TIQUINA,consulta externa,nuevas en personas de 60 anos o mas,2007-09-01,18,25,18,25,43
SAN PEDRO(PND),consulta externa,nuevas en personas de 60 anos o mas,2007-09-01,5,2,5,2,7
SAN RAFAEL,consulta externa,nuevas en personas de 60 anos o mas,2007-09-01,12,9,12,9,21
SAN RAMON,consulta externa,nuevas en personas de 60 anos o mas,2007-09-01,17,27,17,27,44
SAN RAMON,consulta externa,nuevas en personas de 60 anos o mas,2007-09-01,35,22,35,22,57
SANTA ANA,consulta externa,nuevas en personas de 60 anos o mas,2007-09-01,122,124,122,124,246
SANTA CRUZ DE LA SIERRA,consulta externa,nuevas en personas de 60 anos o mas,2007-09-01,7065,9010,7065,9010,16075
SANTA ROSA,consulta externa,nuevas en personas de 60 anos o mas,2007-09-01,111,90,111,90,201
SANTA ROSA DEL SARA,consulta externa,nuevas en personas de 60 anos o mas,2007-09-01,48,29,48,29,77
SANTIAGO DE CALLAPA,consulta externa,nuevas en personas de 60 anos o mas,2007-09-01,10,17,10,17,27
SANTIAGO DE HUARI,consulta externa,nuevas en personas de 60 anos o mas,2007-09-01,101,104,101,104,205
SANTIAGO DE MACHACA,consulta externa,nuevas en personas de 60 anos o mas,2007-09-01,31,32,31,32,63
SANTIVAÑES,consulta externa,nuevas en personas de 60 anos o mas,2007-09-01,30,65,30,65,95
SANTUARIO DE QUILLACAS,consulta externa,nuevas en personas de 60 anos o mas,2007-09-01,17,34,17,34,51
SAPAHAQUI,consulta externa,nuevas en personas de 60 anos o mas,2007-09-01,35,36,35,36,71
SENA,consulta externa,nuevas en personas de 60 anos o mas,2007-09-01,9,6,9,6,15
SICA SICA (VILLA AROMA),consulta externa,nuevas en personas de 60 anos o mas,2007-09-01,42,38,42,38,80
SICAYA,consulta externa,nuevas en personas de 60 anos o mas,2007-09-01,6,7,6,7,13
SIPE SIPE,consulta externa,nuevas en personas de 60 anos o mas,2007-09-01,16,34,16,34,50
SOPACHUY,consulta externa,nuevas en personas de 60 anos o mas,2007-09-01,55,95,55,95,150
SORACACHI,consulta externa,nuevas en personas de 60 anos o mas,2007-09-01,14,19,14,19,33
SORATA,consulta externa,nuevas en personas de 60 anos o mas,2007-09-01,62,79,62,79,141
SUCRE,consulta externa,nuevas en personas de 60 anos o mas,2007-09-01,3427,4005,3427,4005,7432
TACACHI,consulta externa,nuevas en personas de 60 anos o mas,2007-09-01,1,7,1,7,8
TACACOMA,consulta externa,nuevas en personas de 60 anos o mas,2007-09-01,14,19,14,19,33
TACOBAMBA,consulta externa,nuevas en personas de 60 anos o mas,2007-09-01,24,66,24,66,90
TACOPAYA,consulta externa,nuevas en personas de 60 anos o mas,2007-09-01,15,26,15,26,41
TAHUA,consulta externa,nuevas en personas de 60 anos o mas,2007-09-01,14,26,14,26,40
TAPACARI,consulta externa,nuevas en personas de 60 anos o mas,2007-09-01,57,64,57,64,121
TARABUCO,consulta externa,nuevas en personas de 60 anos o mas,2007-09-01,59,98,59,98,157
TARACO,consulta externa,nuevas en personas de 60 anos o mas,2007-09-01,39,32,39,32,71
TARATA,consulta externa,nuevas en personas de 60 anos o mas,2007-09-01,24,83,24,83,107
TARIJA,consulta externa,nuevas en personas de 60 anos o mas,2007-09-01,1802,2155,1802,2155,3957
TARVITA,consulta externa,nuevas en personas de 60 anos o mas,2007-09-01,98,153,98,153,251
TEOPONTE,consulta externa,nuevas en personas de 60 anos o mas,2007-09-01,58,36,58,36,94
TIAWANACU,consulta externa,nuevas en personas de 60 anos o mas,2007-09-01,17,31,17,31,48
TINGUIPAYA,consulta externa,nuevas en personas de 60 anos o mas,2007-09-01,43,76,43,76,119
TIPUANI,consulta externa,nuevas en personas de 60 anos o mas,2007-09-01,28,14,28,14,42
TIQUIPAYA,consulta externa,nuevas en personas de 60 anos o mas,2007-09-01,32,39,32,39,71
TIRAQUE (CBBA),consulta externa,nuevas en personas de 60 anos o mas,2007-09-01,47,46,47,46,93
TITO YUPANQUI (PARQUIPUJIO),consulta externa,nuevas en personas de 60 anos o mas,2007-09-01,10,13,10,13,23
TOCO,consulta externa,nuevas en personas de 60 anos o mas,2007-09-01,14,19,14,19,33
TODOS SANTOS,consulta externa,nuevas en personas de 60 anos o mas,2007-09-01,6,1,6,1,7
TOLATA,consulta externa,nuevas en personas de 60 anos o mas,2007-09-01,24,25,24,25,49
TOLEDO,consulta externa,nuevas en personas de 60 anos o mas,2007-09-01,43,49,43,49,92
TOMAVE,consulta externa,nuevas en personas de 60 anos o mas,2007-09-01,73,136,73,136,209
TOMINA,consulta externa,nuevas en personas de 60 anos o mas,2007-09-01,47,70,47,70,117
TORO TORO,consulta externa,nuevas en personas de 60 anos o mas,2007-09-01,39,78,39,78,117
TOTORA(CBBA),consulta externa,nuevas en personas de 60 anos o mas,2007-09-01,13,28,13,28,41
TOTORA(ORR),consulta externa,nuevas en personas de 60 anos o mas,2007-09-01,22,25,22,25,47
TRIGAL,consulta externa,nuevas en personas de 60 anos o mas,2007-09-01,41,44,41,44,85
TRINIDAD,consulta externa,nuevas en personas de 60 anos o mas,2007-09-01,378,475,378,475,853
TUPIZA,consulta externa,nuevas en personas de 60 anos o mas,2007-09-01,266,462,266,462,728
TURCO,consulta externa,nuevas en personas de 60 anos o mas,2007-09-01,38,35,38,35,73
UMALA,consulta externa,nuevas en personas de 60 anos o mas,2007-09-01,9,17,9,17,26
UNCIA,consulta externa,nuevas en personas de 60 anos o mas,2007-09-01,98,196,98,196,294
URIONDO (A. CONCEPCION),consulta externa,nuevas en personas de 60 anos o mas,2007-09-01,41,80,41,80,121
URUBICHA,consulta externa,nuevas en personas de 60 anos o mas,2007-09-01,13,20,13,20,33
UYUNI,consulta externa,nuevas en personas de 60 anos o mas,2007-09-01,352,418,352,418,770
VACAS,consulta externa,nuevas en personas de 60 anos o mas,2007-09-01,41,78,41,78,119
VALLEGRANDE,consulta externa,nuevas en personas de 60 anos o mas,2007-09-01,272,345,272,345,617
VIACHA,consulta externa,nuevas en personas de 60 anos o mas,2007-09-01,290,263,290,263,553
VILA VILA,consulta externa,nuevas en personas de 60 anos o mas,2007-09-01,4,10,4,10,14
VILLA MONTES,consulta externa,nuevas en personas de 60 anos o mas,2007-09-01,229,237,229,237,466
VILLA NUEVA (LOMA ALTA),consulta externa,nuevas en personas de 60 anos o mas,2007-09-01,2,2,2,2,4
VILLA RIVERO,consulta externa,nuevas en personas de 60 anos o mas,2007-09-01,12,15,12,15,27
VILLA SERRANO,consulta externa,nuevas en personas de 60 anos o mas,2007-09-01,85,105,85,105,190
VILLA TUNARI,consulta externa,nuevas en personas de 60 anos o mas,2007-09-01,69,77,69,77,146
VILLA VACA GUZMAN (MUYUPAMPA),consulta externa,nuevas en personas de 60 anos o mas,2007-09-01,78,109,78,109,187
VILLAZON,consulta externa,nuevas en personas de 60 anos o mas,2007-09-01,319,1486,319,1486,1805
VINTO,consulta externa,nuevas en personas de 60 anos o mas,2007-09-01,44,94,44,94,138
VITICHI,consulta externa,nuevas en personas de 60 anos o mas,2007-09-01,71,101,71,101,172
WALDO BALLIVIAN,consulta externa,nuevas en personas de 60 anos o mas,2007-09-01,4,4,4,4,8
WARNES,consulta externa,nuevas en personas de 60 anos o mas,2007-09-01,267,193,267,193,460
YACO,consulta externa,nuevas en personas de 60 anos o mas,2007-09-01,36,23,36,23,59
YACUIBA,consulta externa,nuevas en personas de 60 anos o mas,2007-09-01,783,913,783,913,1696
YAMPARAEZ,consulta externa,nuevas en personas de 60 anos o mas,2007-09-01,36,54,36,54,90
YANACACHI,consulta externa,nuevas en personas de 60 anos o mas,2007-09-01,47,33,47,33,80
YAPACANI,consulta externa,nuevas en personas de 60 anos o mas,2007-09-01,156,152,156,152,308
YOCALLA,consulta externa,nuevas en personas de 60 anos o mas,2007-09-01,63,75,63,75,138
YOTALA,consulta externa,nuevas en personas de 60 anos o mas,2007-09-01,32,76,32,76,108
YUNCHARA,consulta externa,nuevas en personas de 60 anos o mas,2007-09-01,18,29,18,29,47
ZUDAÑEZ,consulta externa,nuevas en personas de 60 anos o mas,2007-09-01,53,87,53,87,140
ACACIO,consulta externa,nuevas en personas de 60 anos o mas,2007-10-01,27,56,27,56,83
ACHACACHI,consulta externa,nuevas en personas de 60 anos o mas,2007-10-01,191,176,191,176,367
ACHOCALLA,consulta externa,nuevas en personas de 60 anos o mas,2007-10-01,15,8,15,8,23
AIQUILE,consulta externa,nuevas en personas de 60 anos o mas,2007-10-01,129,173,129,173,302
ALALAY,consulta externa,nuevas en personas de 60 anos o mas,2007-10-01,8,9,8,9,17
ALCALA,consulta externa,nuevas en personas de 60 anos o mas,2007-10-01,31,46,31,46,77
ANCORAIMES,consulta externa,nuevas en personas de 60 anos o mas,2007-10-01,37,39,37,39,76
ANDAMARCA,consulta externa,nuevas en personas de 60 anos o mas,2007-10-01,60,52,60,52,112
ANTEQUERA,consulta externa,nuevas en personas de 60 anos o mas,2007-10-01,7,12,7,12,19
ANZALDO,consulta externa,nuevas en personas de 60 anos o mas,2007-10-01,16,31,16,31,47
APOLO,consulta externa,nuevas en personas de 60 anos o mas,2007-10-01,53,39,53,39,92
ARAMPAMPA,consulta externa,nuevas en personas de 60 anos o mas,2007-10-01,18,22,18,22,40
ARANI,consulta externa,nuevas en personas de 60 anos o mas,2007-10-01,21,38,21,38,59
ARBIETO,consulta externa,nuevas en personas de 60 anos o mas,2007-10-01,36,67,36,67,103
ARQUE,consulta externa,nuevas en personas de 60 anos o mas,2007-10-01,19,30,19,30,49
ASCENCION DE GUARAYOS,consulta externa,nuevas en personas de 60 anos o mas,2007-10-01,25,23,25,23,48
ATOCHA,consulta externa,nuevas en personas de 60 anos o mas,2007-10-01,76,103,76,103,179
AUCAPATA,consulta externa,nuevas en personas de 60 anos o mas,2007-10-01,24,26,24,26,50
AYATA,consulta externa,nuevas en personas de 60 anos o mas,2007-10-01,31,38,31,38,69
AYO AYO,consulta externa,nuevas en personas de 60 anos o mas,2007-10-01,16,14,16,14,30
AYOPAYA (V. DE INDEPENDENCIA),consulta externa,nuevas en personas de 60 anos o mas,2007-10-01,60,90,60,90,150
AZURDUY,consulta externa,nuevas en personas de 60 anos o mas,2007-10-01,73,105,73,105,178
BATALLAS,consulta externa,nuevas en personas de 60 anos o mas,2007-10-01,49,49,49,49,98
BAURES,consulta externa,nuevas en personas de 60 anos o mas,2007-10-01,18,29,18,29,47
BELEN DE ANDAMARCA,consulta externa,nuevas en personas de 60 anos o mas,2007-10-01,21,23,21,23,44
BELEN DE URMIRI,consulta externa,nuevas en personas de 60 anos o mas,2007-10-01,11,13,11,13,24
BELLA FLOR,consulta externa,nuevas en personas de 60 anos o mas,2007-10-01,12,9,12,9,21
BERMEJO,consulta externa,nuevas en personas de 60 anos o mas,2007-10-01,313,357,313,357,670
BETANZOS,consulta externa,nuevas en personas de 60 anos o mas,2007-10-01,281,349,281,349,630
BOLIVAR,consulta externa,nuevas en personas de 60 anos o mas,2007-10-01,15,19,15,19,34
BOLPEBRA,consulta externa,nuevas en personas de 60 anos o mas,2007-10-01,9,4,9,4,13
BOYUIBE,consulta externa,nuevas en personas de 60 anos o mas,2007-10-01,11,28,11,28,39
BUENA VISTA,consulta externa,nuevas en personas de 60 anos o mas,2007-10-01,100,76,100,76,176
CABEZAS,consulta externa,nuevas en personas de 60 anos o mas,2007-10-01,63,55,63,55,118
CAIROMA,consulta externa,nuevas en personas de 60 anos o mas,2007-10-01,42,31,42,31,73
"CAIZA ""D""",consulta externa,nuevas en personas de 60 anos o mas,2007-10-01,49,99,49,99,148
CAJUATA,consulta externa,nuevas en personas de 60 anos o mas,2007-10-01,57,63,57,63,120
CALACOTO,consulta externa,nuevas en personas de 60 anos o mas,2007-10-01,40,43,40,43,83
CALAMARCA,consulta externa,nuevas en personas de 60 anos o mas,2007-10-01,29,31,29,31,60
CAMARGO,consulta externa,nuevas en personas de 60 anos o mas,2007-10-01,234,367,234,367,601
CAMATAQUI (C. VILLA ABECIA),consulta externa,nuevas en personas de 60 anos o mas,2007-10-01,26,42,26,42,68
CAMIRI,consulta externa,nuevas en personas de 60 anos o mas,2007-10-01,817,1141,817,1141,1958
CAPINOTA,consulta externa,nuevas en personas de 60 anos o mas,2007-10-01,59,75,59,75,134
CAQUIAVIRI,consulta externa,nuevas en personas de 60 anos o mas,2007-10-01,49,62,49,62,111
CARACOLLO,consulta externa,nuevas en personas de 60 anos o mas,2007-10-01,84,85,84,85,169
CARANAVI,consulta externa,nuevas en personas de 60 anos o mas,2007-10-01,338,197,338,197,535
CARANGAS,consulta externa,nuevas en personas de 60 anos o mas,2007-10-01,3,2,3,2,5
CARAPARI,consulta externa,nuevas en personas de 60 anos o mas,2007-10-01,46,64,46,64,110
CARIPUYO,consulta externa,nuevas en personas de 60 anos o mas,2007-10-01,12,16,12,16,28
CARMEN RIVERO TORREZ,consulta externa,nuevas en personas de 60 anos o mas,2007-10-01,13,14,13,14,27
CATACORA,consulta externa,nuevas en personas de 60 anos o mas,2007-10-01,20,16,20,16,36
CHALLAPATA,consulta externa,nuevas en personas de 60 anos o mas,2007-10-01,225,197,225,197,422
CHAQUI,consulta externa,nuevas en personas de 60 anos o mas,2007-10-01,45,72,45,72,117
CHARAGUA,consulta externa,nuevas en personas de 60 anos o mas,2007-10-01,50,67,50,67,117
CHARAÑA,consulta externa,nuevas en personas de 60 anos o mas,2007-10-01,23,15,23,15,38
CHAYANTA,consulta externa,nuevas en personas de 60 anos o mas,2007-10-01,66,128,66,128,194
CHIMORE,consulta externa,nuevas en personas de 60 anos o mas,2007-10-01,31,15,31,15,46
CHIPAYA,consulta externa,nuevas en personas de 60 anos o mas,2007-10-01,10,10,10,10,20
CHOQUE COTA,consulta externa,nuevas en personas de 60 anos o mas,2007-10-01,10,20,10,20,30
CHULUMANI (V. DE LA LIBERTAD),consulta externa,nuevas en personas de 60 anos o mas,2007-10-01,95,64,95,64,159
CHUMA,consulta externa,nuevas en personas de 60 anos o mas,2007-10-01,36,52,36,52,88
CLIZA,consulta externa,nuevas en personas de 60 anos o mas,2007-10-01,45,75,45,75,120
COBIJA,consulta externa,nuevas en personas de 60 anos o mas,2007-10-01,327,365,327,365,692
COCHABAMBA,consulta externa,nuevas en personas de 60 anos o mas,2007-10-01,6583,8211,6583,8211,14794
COIPASA,consulta externa,nuevas en personas de 60 anos o mas,2007-10-01,5,2,5,2,7
COLCAPIRHUA,consulta externa,nuevas en personas de 60 anos o mas,2007-10-01,157,277,157,277,434
"COLCHA ""K""",consulta externa,nuevas en personas de 60 anos o mas,2007-10-01,76,117,76,117,193
COLLANA,consulta externa,nuevas en personas de 60 anos o mas,2007-10-01,19,14,19,14,33
COLOMI,consulta externa,nuevas en personas de 60 anos o mas,2007-10-01,15,19,15,19,34
COLPA BELGICA,consulta externa,nuevas en personas de 60 anos o mas,2007-10-01,30,83,30,83,113
COLQUECHACA,consulta externa,nuevas en personas de 60 anos o mas,2007-10-01,70,155,70,155,225
COLQUENCHA,consulta externa,nuevas en personas de 60 anos o mas,2007-10-01,33,53,33,53,86
COLQUIRI,consulta externa,nuevas en personas de 60 anos o mas,2007-10-01,66,69,66,69,135
COMANCHE,consulta externa,nuevas en personas de 60 anos o mas,2007-10-01,70,62,70,62,132
COMARAPA,consulta externa,nuevas en personas de 60 anos o mas,2007-10-01,95,127,95,127,222
COMBAYA,consulta externa,nuevas en personas de 60 anos o mas,2007-10-01,11,10,11,10,21
CONCEPCION,consulta externa,nuevas en personas de 60 anos o mas,2007-10-01,12,7,12,7,19
COPACABANA,consulta externa,nuevas en personas de 60 anos o mas,2007-10-01,26,34,26,34,60
CORIPATA,consulta externa,nuevas en personas de 60 anos o mas,2007-10-01,35,33,35,33,68
CORO CORO,consulta externa,nuevas en personas de 60 anos o mas,2007-10-01,20,16,20,16,36
COROICO,consulta externa,nuevas en personas de 60 anos o mas,2007-10-01,53,59,53,59,112
CORQUE,consulta externa,nuevas en personas de 60 anos o mas,2007-10-01,62,54,62,54,116
COTAGAITA,consulta externa,nuevas en personas de 60 anos o mas,2007-10-01,339,534,339,534,873
COTOCA,consulta externa,nuevas en personas de 60 anos o mas,2007-10-01,208,161,208,161,369
CUATRO CAÑADAS,consulta externa,nuevas en personas de 60 anos o mas,2007-10-01,31,31,31,31,62
CUCHUMUELA (V. G. VILLARROEL),consulta externa,nuevas en personas de 60 anos o mas,2007-10-01,4,8,4,8,12
CUEVO,consulta externa,nuevas en personas de 60 anos o mas,2007-10-01,32,59,32,59,91
CULPINA,consulta externa,nuevas en personas de 60 anos o mas,2007-10-01,79,108,79,108,187
CURAHUARA DE CARANGAS,consulta externa,nuevas en personas de 60 anos o mas,2007-10-01,34,30,34,30,64
CURVA,consulta externa,nuevas en personas de 60 anos o mas,2007-10-01,10,15,10,15,25
DESAGUADERO,consulta externa,nuevas en personas de 60 anos o mas,2007-10-01,21,15,21,15,36
EL ALTO,consulta externa,nuevas en personas de 60 anos o mas,2007-10-01,1590,1849,1590,1849,3439
EL CHORO,consulta externa,nuevas en personas de 60 anos o mas,2007-10-01,60,41,60,41,101
EL PUENTE(STC),consulta externa,nuevas en personas de 60 anos o mas,2007-10-01,41,40,41,40,81
EL PUENTE(TJA),consulta externa,nuevas en personas de 60 anos o mas,2007-10-01,43,120,43,120,163
EL TORNO,consulta externa,nuevas en personas de 60 anos o mas,2007-10-01,589,610,589,610,1199
EL VILLAR,consulta externa,nuevas en personas de 60 anos o mas,2007-10-01,47,65,47,65,112
ENTRE RIOS,consulta externa,nuevas en personas de 60 anos o mas,2007-10-01,85,99,85,99,184
ENTRE RIOS,consulta externa,nuevas en personas de 60 anos o mas,2007-10-01,30,20,30,20,50
ESCARA,consulta externa,nuevas en personas de 60 anos o mas,2007-10-01,1,3,1,3,4
ESMERALDA,consulta externa,nuevas en personas de 60 anos o mas,2007-10-01,12,11,12,11,23
EUCALIPTUS,consulta externa,nuevas en personas de 60 anos o mas,2007-10-01,44,44,44,44,88
EUREKA (SANTOS MERCADO),consulta externa,nuevas en personas de 60 anos o mas,2007-10-01,0,1,0,1,1
EXALTACION,consulta externa,nuevas en personas de 60 anos o mas,2007-10-01,22,19,22,19,41
FERNANDEZ ALONSO,consulta externa,nuevas en personas de 60 anos o mas,2007-10-01,24,14,24,14,38
FILADELFIA,consulta externa,nuevas en personas de 60 anos o mas,2007-10-01,9,11,9,11,20
GENERAL SAAVEDRA,consulta externa,nuevas en personas de 60 anos o mas,2007-10-01,30,42,30,42,72
GRAL. J.J. PEREZ (CHARAZANI),consulta externa,nuevas en personas de 60 anos o mas,2007-10-01,28,32,28,32,60
GUANAY,consulta externa,nuevas en personas de 60 anos o mas,2007-10-01,106,54,106,54,160
GUAQUI,consulta externa,nuevas en personas de 60 anos o mas,2007-10-01,43,45,43,45,88
GUAYARAMERIN,consulta externa,nuevas en personas de 60 anos o mas,2007-10-01,931,949,931,949,1880
GUTIERREZ,consulta externa,nuevas en personas de 60 anos o mas,2007-10-01,48,73,48,73,121
HUACARETA,consulta externa,nuevas en personas de 60 anos o mas,2007-10-01,69,93,69,93,162
HUACAYA (VILLA DE HUACAYA),consulta externa,nuevas en personas de 60 anos o mas,2007-10-01,18,28,18,28,46
HUACHACALLA,consulta externa,nuevas en personas de 60 anos o mas,2007-10-01,58,44,58,44,102
HUANUNI,consulta externa,nuevas en personas de 60 anos o mas,2007-10-01,225,168,225,168,393
HUARACAJE,consulta externa,nuevas en personas de 60 anos o mas,2007-10-01,7,12,7,12,19
HUAYLLAMARCA,consulta externa,nuevas en personas de 60 anos o mas,2007-10-01,32,28,32,28,60
ICHOCA,consulta externa,nuevas en personas de 60 anos o mas,2007-10-01,17,21,17,21,38
ICLA,consulta externa,nuevas en personas de 60 anos o mas,2007-10-01,34,49,34,49,83
INCAHUASI,consulta externa,nuevas en personas de 60 anos o mas,2007-10-01,67,116,67,116,183
INGAVI (HUMAITA),consulta externa,nuevas en personas de 60 anos o mas,2007-10-01,3,3,3,3,6
INQUISIVI,consulta externa,nuevas en personas de 60 anos o mas,2007-10-01,54,35,54,35,89
IRUPANA (VILLA DE LANZA),consulta externa,nuevas en personas de 60 anos o mas,2007-10-01,75,65,75,65,140
IXIAMAS,consulta externa,nuevas en personas de 60 anos o mas,2007-10-01,15,6,15,6,21
JESUS DE MACHACA,consulta externa,nuevas en personas de 60 anos o mas,2007-10-01,163,176,163,176,339
LA ASUNTA,consulta externa,nuevas en personas de 60 anos o mas,2007-10-01,71,67,71,67,138
LA GUARDIA,consulta externa,nuevas en personas de 60 anos o mas,2007-10-01,58,87,58,87,145
LA PAZ,consulta externa,nuevas en personas de 60 anos o mas,2007-10-01,9527,11357,9527,11357,20884
LA RIVERA,consulta externa,nuevas en personas de 60 anos o mas,2007-10-01,2,4,2,4,6
LAGUNILLAS,consulta externa,nuevas en personas de 60 anos o mas,2007-10-01,47,41,47,41,88
LAJA,consulta externa,nuevas en personas de 60 anos o mas,2007-10-01,32,44,32,44,76
LAS CARRERAS,consulta externa,nuevas en personas de 60 anos o mas,2007-10-01,56,83,56,83,139
LICOMA PAMPA,consulta externa,nuevas en personas de 60 anos o mas,2007-10-01,13,15,13,15,28
LLALLAGUA,consulta externa,nuevas en personas de 60 anos o mas,2007-10-01,242,329,242,329,571
LLICA,consulta externa,nuevas en personas de 60 anos o mas,2007-10-01,49,54,49,54,103
LORETO,consulta externa,nuevas en personas de 60 anos o mas,2007-10-01,18,15,18,15,33
LURIBAY,consulta externa,nuevas en personas de 60 anos o mas,2007-10-01,64,78,64,78,142
MACHACAMARCA,consulta externa,nuevas en personas de 60 anos o mas,2007-10-01,49,70,49,70,119
MACHARETI,consulta externa,nuevas en personas de 60 anos o mas,2007-10-01,97,102,97,102,199
MAGDALENA,consulta externa,nuevas en personas de 60 anos o mas,2007-10-01,34,17,34,17,51
MAIRANA,consulta externa,nuevas en personas de 60 anos o mas,2007-10-01,57,75,57,75,132
MALLA,consulta externa,nuevas en personas de 60 anos o mas,2007-10-01,12,9,12,9,21
MAPIRI,consulta externa,nuevas en personas de 60 anos o mas,2007-10-01,34,29,34,29,63
MECAPACA,consulta externa,nuevas en personas de 60 anos o mas,2007-10-01,51,47,51,47,98
MINEROS,consulta externa,nuevas en personas de 60 anos o mas,2007-10-01,21,10,21,10,31
MIZQUE,consulta externa,nuevas en personas de 60 anos o mas,2007-10-01,22,36,22,36,58
MOCOMOCO,consulta externa,nuevas en personas de 60 anos o mas,2007-10-01,100,91,100,91,191
MOJINETE,consulta externa,nuevas en personas de 60 anos o mas,2007-10-01,9,9,9,9,18
MOJOCOYA,consulta externa,nuevas en personas de 60 anos o mas,2007-10-01,29,48,29,48,77
MONTEAGUDO,consulta externa,nuevas en personas de 60 anos o mas,2007-10-01,338,408,338,408,746
MONTERO,consulta externa,nuevas en personas de 60 anos o mas,2007-10-01,145,194,145,194,339
MORO MORO,consulta externa,nuevas en personas de 60 anos o mas,2007-10-01,29,50,29,50,79
MOROCHATA,consulta externa,nuevas en personas de 60 anos o mas,2007-10-01,32,47,32,47,79
NACEBE (SANTA ROSA DEL ABUNA),consulta externa,nuevas en personas de 60 anos o mas,2007-10-01,8,6,8,6,14
NAZACARA DE PACAJES,consulta externa,nuevas en personas de 60 anos o mas,2007-10-01,2,1,2,1,3
NUEVO MANOA (NUEVA ESPERANZA),consulta externa,nuevas en personas de 60 anos o mas,2007-10-01,14,3,14,3,17
OCURI,consulta externa,nuevas en personas de 60 anos o mas,2007-10-01,51,96,51,96,147
OKINAWA,consulta externa,nuevas en personas de 60 anos o mas,2007-10-01,159,139,159,139,298
OMEREQUE,consulta externa,nuevas en personas de 60 anos o mas,2007-10-01,23,38,23,38,61
ORURO,consulta externa,nuevas en personas de 60 anos o mas,2007-10-01,3244,4382,3244,4382,7626
PADCAYA,consulta externa,nuevas en personas de 60 anos o mas,2007-10-01,54,76,54,76,130
PADILLA,consulta externa,nuevas en personas de 60 anos o mas,2007-10-01,233,369,233,369,602
PAILON,consulta externa,nuevas en personas de 60 anos o mas,2007-10-01,19,15,19,15,34
PALCA,consulta externa,nuevas en personas de 60 anos o mas,2007-10-01,60,85,60,85,145
PALOS BLANCOS,consulta externa,nuevas en personas de 60 anos o mas,2007-10-01,47,37,47,37,84
PAMPA AULLAGAS,consulta externa,nuevas en personas de 60 anos o mas,2007-10-01,15,13,15,13,28
PAMPA GRANDE,consulta externa,nuevas en personas de 60 anos o mas,2007-10-01,34,46,34,46,80
PAPEL PAMPA,consulta externa,nuevas en personas de 60 anos o mas,2007-10-01,25,32,25,32,57
PASORAPA,consulta externa,nuevas en personas de 60 anos o mas,2007-10-01,10,22,10,22,32
PATACAMAYA,consulta externa,nuevas en personas de 60 anos o mas,2007-10-01,71,68,71,68,139
PAZÑA,consulta externa,nuevas en personas de 60 anos o mas,2007-10-01,34,53,34,53,87
PELECHUCO,consulta externa,nuevas en personas de 60 anos o mas,2007-10-01,14,10,14,10,24
POCOATA,consulta externa,nuevas en personas de 60 anos o mas,2007-10-01,86,120,86,120,206
POCONA,consulta externa,nuevas en personas de 60 anos o mas,2007-10-01,22,49,22,49,71
POJO (CBBA),consulta externa,nuevas en personas de 60 anos o mas,2007-10-01,6,13,6,13,19
POOPO,consulta externa,nuevas en personas de 60 anos o mas,2007-10-01,61,57,61,57,118
PORCO,consulta externa,nuevas en personas de 60 anos o mas,2007-10-01,11,26,11,26,37
POROMA,consulta externa,nuevas en personas de 60 anos o mas,2007-10-01,81,105,81,105,186
PORONGO,consulta externa,nuevas en personas de 60 anos o mas,2007-10-01,30,24,30,24,54
PORTACHUELO,consulta externa,nuevas en personas de 60 anos o mas,2007-10-01,143,170,143,170,313
PORVENIR,consulta externa,nuevas en personas de 60 anos o mas,2007-10-01,12,13,12,13,25
POSTRER VALLE,consulta externa,nuevas en personas de 60 anos o mas,2007-10-01,36,37,36,37,73
POTOSI,consulta externa,nuevas en personas de 60 anos o mas,2007-10-01,1593,2147,1593,2147,3740
PRESTO,consulta externa,nuevas en personas de 60 anos o mas,2007-10-01,36,44,36,44,80
PUCARA,consulta externa,nuevas en personas de 60 anos o mas,2007-10-01,31,56,31,56,87
PUCARANI,consulta externa,nuevas en personas de 60 anos o mas,2007-10-01,102,91,102,91,193
PUERTO ACOSTA,consulta externa,nuevas en personas de 60 anos o mas,2007-10-01,120,129,120,129,249
PUERTO CARABUCO,consulta externa,nuevas en personas de 60 anos o mas,2007-10-01,41,68,41,68,109
PUERTO GONZALO MORENO,consulta externa,nuevas en personas de 60 anos o mas,2007-10-01,34,25,34,25,59
PUERTO PEREZ,consulta externa,nuevas en personas de 60 anos o mas,2007-10-01,30,43,30,43,73
PUERTO QUIJARRO,consulta externa,nuevas en personas de 60 anos o mas,2007-10-01,134,71,134,71,205
PUERTO RICO,consulta externa,nuevas en personas de 60 anos o mas,2007-10-01,27,33,27,33,60
PUERTO SILES,consulta externa,nuevas en personas de 60 anos o mas,2007-10-01,17,9,17,9,26
PUERTO SUAREZ,consulta externa,nuevas en personas de 60 anos o mas,2007-10-01,126,135,126,135,261
PUERTO VILLARROEL,consulta externa,nuevas en personas de 60 anos o mas,2007-10-01,47,33,47,33,80
PUNA,consulta externa,nuevas en personas de 60 anos o mas,2007-10-01,165,332,165,332,497
PUNATA,consulta externa,nuevas en personas de 60 anos o mas,2007-10-01,238,289,238,289,527
QUIABAYA,consulta externa,nuevas en personas de 60 anos o mas,2007-10-01,17,18,17,18,35
QUILLACOLLO,consulta externa,nuevas en personas de 60 anos o mas,2007-10-01,489,612,489,612,1101
QUIME,consulta externa,nuevas en personas de 60 anos o mas,2007-10-01,31,28,31,28,59
QUIRUSILLAS,consulta externa,nuevas en personas de 60 anos o mas,2007-10-01,32,27,32,27,59
RAVELO,consulta externa,nuevas en personas de 60 anos o mas,2007-10-01,72,126,72,126,198
REYES,consulta externa,nuevas en personas de 60 anos o mas,2007-10-01,80,101,80,101,181
RIBERALTA,consulta externa,nuevas en personas de 60 anos o mas,2007-10-01,107,93,107,93,200
ROBORE,consulta externa,nuevas en personas de 60 anos o mas,2007-10-01,187,240,187,240,427
RURRENABAQUE,consulta externa,nuevas en personas de 60 anos o mas,2007-10-01,150,121,150,121,271
SABAYA,consulta externa,nuevas en personas de 60 anos o mas,2007-10-01,67,63,67,63,130
SACABA,consulta externa,nuevas en personas de 60 anos o mas,2007-10-01,192,331,192,331,523
SACABAMBA,consulta externa,nuevas en personas de 60 anos o mas,2007-10-01,13,36,13,36,49
SACACA,consulta externa,nuevas en personas de 60 anos o mas,2007-10-01,60,75,60,75,135
SAIPINA,consulta externa,nuevas en personas de 60 anos o mas,2007-10-01,16,11,16,11,27
SALINAS DE GARCI MENDOZA,consulta externa,nuevas en personas de 60 anos o mas,2007-10-01,67,55,67,55,122
SAMAIPATA,consulta externa,nuevas en personas de 60 anos o mas,2007-10-01,69,75,69,75,144
SAN AGUSTIN,consulta externa,nuevas en personas de 60 anos o mas,2007-10-01,10,16,10,16,26
SAN ANDRES,consulta externa,nuevas en personas de 60 anos o mas,2007-10-01,21,18,21,18,39
SAN ANDRES DE MACHACA,consulta externa,nuevas en personas de 60 anos o mas,2007-10-01,63,55,63,55,118
SAN ANTONIO DE ESMORUCO,consulta externa,nuevas en personas de 60 anos o mas,2007-10-01,7,15,7,15,22
SAN ANTONIO DE LOMERIO,consulta externa,nuevas en personas de 60 anos o mas,2007-10-01,16,14,16,14,30
SAN BENITO,consulta externa,nuevas en personas de 60 anos o mas,2007-10-01,21,34,21,34,55
SAN BORJA,consulta externa,nuevas en personas de 60 anos o mas,2007-10-01,111,131,111,131,242
SAN BUENA VENTURA,consulta externa,nuevas en personas de 60 anos o mas,2007-10-01,26,31,26,31,57
SAN CARLOS,consulta externa,nuevas en personas de 60 anos o mas,2007-10-01,109,140,109,140,249
SAN IGNACIO,consulta externa,nuevas en personas de 60 anos o mas,2007-10-01,145,157,145,157,302
SAN IGNACIO DE VELASCO,consulta externa,nuevas en personas de 60 anos o mas,2007-10-01,269,249,269,249,518
SAN JAVIER(BNI),consulta externa,nuevas en personas de 60 anos o mas,2007-10-01,6,10,6,10,16
SAN JAVIER(STC),consulta externa,nuevas en personas de 60 anos o mas,2007-10-01,42,58,42,58,100
SAN JOAQUIN,consulta externa,nuevas en personas de 60 anos o mas,2007-10-01,45,63,45,63,108
SAN JOSE DE CHIQUITOS,consulta externa,nuevas en personas de 60 anos o mas,2007-10-01,78,101,78,101,179
SAN JUAN DE YAPACANI,consulta externa,nuevas en personas de 60 anos o mas,2007-10-01,54,62,54,62,116
SAN JULIAN,consulta externa,nuevas en personas de 60 anos o mas,2007-10-01,257,222,257,222,479
SAN LORENZO(PND),consulta externa,nuevas en personas de 60 anos o mas,2007-10-01,3,2,3,2,5
SAN LORENZO(TJA),consulta externa,nuevas en personas de 60 anos o mas,2007-10-01,59,95,59,95,154
SAN LUCAS,consulta externa,nuevas en personas de 60 anos o mas,2007-10-01,183,293,183,293,476
SAN MATIAS,consulta externa,nuevas en personas de 60 anos o mas,2007-10-01,28,22,28,22,50
SAN MIGUEL DE VELASCO,consulta externa,nuevas en personas de 60 anos o mas,2007-10-01,40,66,40,66,106
SAN PABLO DE LIPEZ,consulta externa,nuevas en personas de 60 anos o mas,2007-10-01,27,37,27,37,64
SAN PEDRO,consulta externa,nuevas en personas de 60 anos o mas,2007-10-01,109,86,109,86,195
SAN PEDRO DE BUENA VISTA,consulta externa,nuevas en personas de 60 anos o mas,2007-10-01,39,82,39,82,121
SAN PEDRO DE CURAHUARA,consulta externa,nuevas en personas de 60 anos o mas,2007-10-01,39,39,39,39,78
SAN PEDRO DE QUEMES,consulta externa,nuevas en personas de 60 anos o mas,2007-10-01,6,7,6,7,13
SAN PEDRO DE TIQUINA,consulta externa,nuevas en personas de 60 anos o mas,2007-10-01,13,24,13,24,37
SAN PEDRO(PND),consulta externa,nuevas en personas de 60 anos o mas,2007-10-01,4,3,4,3,7
SAN RAFAEL,consulta externa,nuevas en personas de 60 anos o mas,2007-10-01,4,12,4,12,16
SAN RAMON,consulta externa,nuevas en personas de 60 anos o mas,2007-10-01,19,14,19,14,33
SANTA ANA,consulta externa,nuevas en personas de 60 anos o mas,2007-10-01,100,161,100,161,261
SANTA CRUZ DE LA SIERRA,consulta externa,nuevas en personas de 60 anos o mas,2007-10-01,8021,10444,8021,10444,18465
SANTA ROSA,consulta externa,nuevas en personas de 60 anos o mas,2007-10-01,115,83,115,83,198
SANTA ROSA DEL SARA,consulta externa,nuevas en personas de 60 anos o mas,2007-10-01,63,56,63,56,119
SANTIAGO DE CALLAPA,consulta externa,nuevas en personas de 60 anos o mas,2007-10-01,18,17,18,17,35
SANTIAGO DE HUARI,consulta externa,nuevas en personas de 60 anos o mas,2007-10-01,116,133,116,133,249
SANTIAGO DE MACHACA,consulta externa,nuevas en personas de 60 anos o mas,2007-10-01,14,29,14,29,43
SANTIVAÑES,consulta externa,nuevas en personas de 60 anos o mas,2007-10-01,42,57,42,57,99
SANTUARIO DE QUILLACAS,consulta externa,nuevas en personas de 60 anos o mas,2007-10-01,15,27,15,27,42
SAPAHAQUI,consulta externa,nuevas en personas de 60 anos o mas,2007-10-01,36,48,36,48,84
SENA,consulta externa,nuevas en personas de 60 anos o mas,2007-10-01,3,2,3,2,5
SICA SICA (VILLA AROMA),consulta externa,nuevas en personas de 60 anos o mas,2007-10-01,48,63,48,63,111
SICAYA,consulta externa,nuevas en personas de 60 anos o mas,2007-10-01,1,6,1,6,7
SIPE SIPE,consulta externa,nuevas en personas de 60 anos o mas,2007-10-01,21,43,21,43,64
SOPACHUY,consulta externa,nuevas en personas de 60 anos o mas,2007-10-01,48,69,48,69,117
SORACACHI,consulta externa,nuevas en personas de 60 anos o mas,2007-10-01,24,40,24,40,64
SORATA,consulta externa,nuevas en personas de 60 anos o mas,2007-10-01,76,59,76,59,135
SUCRE,consulta externa,nuevas en personas de 60 anos o mas,2007-10-01,2551,3762,2551,3762,6313
TACACHI,consulta externa,nuevas en personas de 60 anos o mas,2007-10-01,3,3,3,3,6
TACACOMA,consulta externa,nuevas en personas de 60 anos o mas,2007-10-01,12,17,12,17,29
TACOBAMBA,consulta externa,nuevas en personas de 60 anos o mas,2007-10-01,38,75,38,75,113
TACOPAYA,consulta externa,nuevas en personas de 60 anos o mas,2007-10-01,23,54,23,54,77
TAHUA,consulta externa,nuevas en personas de 60 anos o mas,2007-10-01,17,9,17,9,26
TAPACARI,consulta externa,nuevas en personas de 60 anos o mas,2007-10-01,54,61,54,61,115
TARABUCO,consulta externa,nuevas en personas de 60 anos o mas,2007-10-01,96,143,96,143,239
TARACO,consulta externa,nuevas en personas de 60 anos o mas,2007-10-01,32,25,32,25,57
TARATA,consulta externa,nuevas en personas de 60 anos o mas,2007-10-01,19,28,19,28,47
TARIJA,consulta externa,nuevas en personas de 60 anos o mas,2007-10-01,2149,2516,2149,2516,4665
TARVITA,consulta externa,nuevas en personas de 60 anos o mas,2007-10-01,103,171,103,171,274
TEOPONTE,consulta externa,nuevas en personas de 60 anos o mas,2007-10-01,55,49,55,49,104
TIAWANACU,consulta externa,nuevas en personas de 60 anos o mas,2007-10-01,29,40,29,40,69
TINGUIPAYA,consulta externa,nuevas en personas de 60 anos o mas,2007-10-01,44,89,44,89,133
TIPUANI,consulta externa,nuevas en personas de 60 anos o mas,2007-10-01,22,18,22,18,40
TIQUIPAYA,consulta externa,nuevas en personas de 60 anos o mas,2007-10-01,38,41,38,41,79
TIRAQUE (CBBA),consulta externa,nuevas en personas de 60 anos o mas,2007-10-01,35,42,35,42,77
TITO YUPANQUI (PARQUIPUJIO),consulta externa,nuevas en personas de 60 anos o mas,2007-10-01,5,18,5,18,23
TOCO,consulta externa,nuevas en personas de 60 anos o mas,2007-10-01,6,18,6,18,24
TODOS SANTOS,consulta externa,nuevas en personas de 60 anos o mas,2007-10-01,4,7,4,7,11
TOLATA,consulta externa,nuevas en personas de 60 anos o mas,2007-10-01,23,18,23,18,41
TOLEDO,consulta externa,nuevas en personas de 60 anos o mas,2007-10-01,36,47,36,47,83
TOMAVE,consulta externa,nuevas en personas de 60 anos o mas,2007-10-01,69,104,69,104,173
TOMINA,consulta externa,nuevas en personas de 60 anos o mas,2007-10-01,41,89,41,89,130
TORO TORO,consulta externa,nuevas en personas de 60 anos o mas,2007-10-01,33,84,33,84,117
TOTORA(CBBA),consulta externa,nuevas en personas de 60 anos o mas,2007-10-01,12,34,12,34,46
TOTORA(ORR),consulta externa,nuevas en personas de 60 anos o mas,2007-10-01,24,27,24,27,51
TRIGAL,consulta externa,nuevas en personas de 60 anos o mas,2007-10-01,31,49,31,49,80
TRINIDAD,consulta externa,nuevas en personas de 60 anos o mas,2007-10-01,370,478,370,478,848
TUPIZA,consulta externa,nuevas en personas de 60 anos o mas,2007-10-01,358,525,358,525,883
TURCO,consulta externa,nuevas en personas de 60 anos o mas,2007-10-01,50,48,50,48,98
UMALA,consulta externa,nuevas en personas de 60 anos o mas,2007-10-01,13,14,13,14,27
UNCIA,consulta externa,nuevas en personas de 60 anos o mas,2007-10-01,299,423,299,423,722
URIONDO (A. CONCEPCION),consulta externa,nuevas en personas de 60 anos o mas,2007-10-01,50,90,50,90,140
URUBICHA,consulta externa,nuevas en personas de 60 anos o mas,2007-10-01,8,10,8,10,18
UYUNI,consulta externa,nuevas en personas de 60 anos o mas,2007-10-01,262,270,262,270,532
VACAS,consulta externa,nuevas en personas de 60 anos o mas,2007-10-01,51,85,51,85,136
VALLEGRANDE,consulta externa,nuevas en personas de 60 anos o mas,2007-10-01,207,276,207,276,483
VIACHA,consulta externa,nuevas en personas de 60 anos o mas,2007-10-01,346,322,346,322,668
VILA VILA,consulta externa,nuevas en personas de 60 anos o mas,2007-10-01,9,8,9,8,17
VILLA MONTES,consulta externa,nuevas en personas de 60 anos o mas,2007-10-01,224,165,224,165,389
VILLA NUEVA (LOMA ALTA),consulta externa,nuevas en personas de 60 anos o mas,2007-10-01,16,16,16,16,32
VILLA RIVERO,consulta externa,nuevas en personas de 60 anos o mas,2007-10-01,14,15,14,15,29
VILLA SERRANO,consulta externa,nuevas en personas de 60 anos o mas,2007-10-01,80,115,80,115,195
VILLA TUNARI,consulta externa,nuevas en personas de 60 anos o mas,2007-10-01,77,56,77,56,133
VILLA VACA GUZMAN (MUYUPAMPA),consulta externa,nuevas en personas de 60 anos o mas,2007-10-01,75,122,75,122,197
VILLAZON,consulta externa,nuevas en personas de 60 anos o mas,2007-10-01,235,329,235,329,564
VINTO,consulta externa,nuevas en personas de 60 anos o mas,2007-10-01,59,107,59,107,166
VITICHI,consulta externa,nuevas en personas de 60 anos o mas,2007-10-01,59,117,59,117,176
WALDO BALLIVIAN,consulta externa,nuevas en personas de 60 anos o mas,2007-10-01,4,9,4,9,13
WARNES,consulta externa,nuevas en personas de 60 anos o mas,2007-10-01,277,213,277,213,490
YACO,consulta externa,nuevas en personas de 60 anos o mas,2007-10-01,37,36,37,36,73
YACUIBA,consulta externa,nuevas en personas de 60 anos o mas,2007-10-01,711,832,711,832,1543
YAMPARAEZ,consulta externa,nuevas en personas de 60 anos o mas,2007-10-01,53,70,53,70,123
YANACACHI,consulta externa,nuevas en personas de 60 anos o mas,2007-10-01,32,29,32,29,61
YAPACANI,consulta externa,nuevas en personas de 60 anos o mas,2007-10-01,284,175,284,175,459
YOCALLA,consulta externa,nuevas en personas de 60 anos o mas,2007-10-01,52,70,52,70,122
YOTALA,consulta externa,nuevas en personas de 60 anos o mas,2007-10-01,41,70,41,70,111
YUNCHARA,consulta externa,nuevas en personas de 60 anos o mas,2007-10-01,12,26,12,26,38
ZUDAÑEZ,consulta externa,nuevas en personas de 60 anos o mas,2007-10-01,37,97,37,97,134
ACACIO,consulta externa,nuevas en personas de 60 anos o mas,2007-11-01,15,51,15,51,66
ACHACACHI,consulta externa,nuevas en personas de 60 anos o mas,2007-11-01,164,181,164,181,345
ACHOCALLA,consulta externa,nuevas en personas de 60 anos o mas,2007-11-01,9,2,9,2,11
AIQUILE,consulta externa,nuevas en personas de 60 anos o mas,2007-11-01,128,165,128,165,293
ALALAY,consulta externa,nuevas en personas de 60 anos o mas,2007-11-01,1,9,1,9,10
ALCALA,consulta externa,nuevas en personas de 60 anos o mas,2007-11-01,28,59,28,59,87
ANCORAIMES,consulta externa,nuevas en personas de 60 anos o mas,2007-11-01,38,49,38,49,87
ANDAMARCA,consulta externa,nuevas en personas de 60 anos o mas,2007-11-01,25,34,25,34,59
ANTEQUERA,consulta externa,nuevas en personas de 60 anos o mas,2007-11-01,9,5,9,5,14
ANZALDO,consulta externa,nuevas en personas de 60 anos o mas,2007-11-01,15,30,15,30,45
APOLO,consulta externa,nuevas en personas de 60 anos o mas,2007-11-01,35,62,35,62,97
ARAMPAMPA,consulta externa,nuevas en personas de 60 anos o mas,2007-11-01,10,23,10,23,33
ARANI,consulta externa,nuevas en personas de 60 anos o mas,2007-11-01,11,21,11,21,32
ARBIETO,consulta externa,nuevas en personas de 60 anos o mas,2007-11-01,38,55,38,55,93
ARQUE,consulta externa,nuevas en personas de 60 anos o mas,2007-11-01,22,22,22,22,44
ASCENCION DE GUARAYOS,consulta externa,nuevas en personas de 60 anos o mas,2007-11-01,29,16,29,16,45
ATOCHA,consulta externa,nuevas en personas de 60 anos o mas,2007-11-01,66,101,66,101,167
AUCAPATA,consulta externa,nuevas en personas de 60 anos o mas,2007-11-01,18,23,18,23,41
AYATA,consulta externa,nuevas en personas de 60 anos o mas,2007-11-01,41,50,41,50,91
AYO AYO,consulta externa,nuevas en personas de 60 anos o mas,2007-11-01,18,17,18,17,35
AYOPAYA (V. DE INDEPENDENCIA),consulta externa,nuevas en personas de 60 anos o mas,2007-11-01,62,116,62,116,178
AZURDUY,consulta externa,nuevas en personas de 60 anos o mas,2007-11-01,74,89,74,89,163
BATALLAS,consulta externa,nuevas en personas de 60 anos o mas,2007-11-01,44,42,44,42,86
BAURES,consulta externa,nuevas en personas de 60 anos o mas,2007-11-01,20,49,20,49,69
BELEN DE ANDAMARCA,consulta externa,nuevas en personas de 60 anos o mas,2007-11-01,16,19,16,19,35
BELEN DE URMIRI,consulta externa,nuevas en personas de 60 anos o mas,2007-11-01,12,12,12,12,24
BELLA FLOR,consulta externa,nuevas en personas de 60 anos o mas,2007-11-01,13,4,13,4,17
BERMEJO,consulta externa,nuevas en personas de 60 anos o mas,2007-11-01,362,380,362,380,742
BETANZOS,consulta externa,nuevas en personas de 60 anos o mas,2007-11-01,214,311,214,311,525
BOLIVAR,consulta externa,nuevas en personas de 60 anos o mas,2007-11-01,24,22,24,22,46
BOLPEBRA,consulta externa,nuevas en personas de 60 anos o mas,2007-11-01,1,2,1,2,3
BOYUIBE,consulta externa,nuevas en personas de 60 anos o mas,2007-11-01,21,37,21,37,58
BUENA VISTA,consulta externa,nuevas en personas de 60 anos o mas,2007-11-01,100,83,100,83,183
CABEZAS,consulta externa,nuevas en personas de 60 anos o mas,2007-11-01,48,45,48,45,93
CAIROMA,consulta externa,nuevas en personas de 60 anos o mas,2007-11-01,36,38,36,38,74
"CAIZA ""D""",consulta externa,nuevas en personas de 60 anos o mas,2007-11-01,65,121,65,121,186
CAJUATA,consulta externa,nuevas en personas de 60 anos o mas,2007-11-01,49,42,49,42,91
CALACOTO,consulta externa,nuevas en personas de 60 anos o mas,2007-11-01,82,72,82,72,154
CALAMARCA,consulta externa,nuevas en personas de 60 anos o mas,2007-11-01,18,30,18,30,48
CAMARGO,consulta externa,nuevas en personas de 60 anos o mas,2007-11-01,260,351,260,351,611
CAMATAQUI (C. VILLA ABECIA),consulta externa,nuevas en personas de 60 anos o mas,2007-11-01,31,68,31,68,99
CAMIRI,consulta externa,nuevas en personas de 60 anos o mas,2007-11-01,214,382,214,382,596
CAPINOTA,consulta externa,nuevas en personas de 60 anos o mas,2007-11-01,100,268,100,268,368
CAQUIAVIRI,consulta externa,nuevas en personas de 60 anos o mas,2007-11-01,39,50,39,50,89
CARACOLLO,consulta externa,nuevas en personas de 60 anos o mas,2007-11-01,88,84,88,84,172
CARANAVI,consulta externa,nuevas en personas de 60 anos o mas,2007-11-01,284,173,284,173,457
CARANGAS,consulta externa,nuevas en personas de 60 anos o mas,2007-11-01,1,1,1,1,2
CARAPARI,consulta externa,nuevas en personas de 60 anos o mas,2007-11-01,49,70,49,70,119
CARIPUYO,consulta externa,nuevas en personas de 60 anos o mas,2007-11-01,13,28,13,28,41
CARMEN RIVERO TORREZ,consulta externa,nuevas en personas de 60 anos o mas,2007-11-01,3,10,3,10,13
CATACORA,consulta externa,nuevas en personas de 60 anos o mas,2007-11-01,20,24,20,24,44
CHACARILLA,consulta externa,nuevas en personas de 60 anos o mas,2007-11-01,1,5,1,5,6
CHALLAPATA,consulta externa,nuevas en personas de 60 anos o mas,2007-11-01,144,150,144,150,294
CHAQUI,consulta externa,nuevas en personas de 60 anos o mas,2007-11-01,28,61,28,61,89
CHARAGUA,consulta externa,nuevas en personas de 60 anos o mas,2007-11-01,40,60,40,60,100
CHARAÑA,consulta externa,nuevas en personas de 60 anos o mas,2007-11-01,13,12,13,12,25
CHAYANTA,consulta externa,nuevas en personas de 60 anos o mas,2007-11-01,72,118,72,118,190
CHIMORE,consulta externa,nuevas en personas de 60 anos o mas,2007-11-01,22,13,22,13,35
CHIPAYA,consulta externa,nuevas en personas de 60 anos o mas,2007-11-01,5,10,5,10,15
CHOQUE COTA,consulta externa,nuevas en personas de 60 anos o mas,2007-11-01,20,36,20,36,56
CHULUMANI (V. DE LA LIBERTAD),consulta externa,nuevas en personas de 60 anos o mas,2007-11-01,83,61,83,61,144
CHUMA,consulta externa,nuevas en personas de 60 anos o mas,2007-11-01,59,91,59,91,150
CLIZA,consulta externa,nuevas en personas de 60 anos o mas,2007-11-01,47,61,47,61,108
COBIJA,consulta externa,nuevas en personas de 60 anos o mas,2007-11-01,233,252,233,252,485
COCHABAMBA,consulta externa,nuevas en personas de 60 anos o mas,2007-11-01,5044,5985,5044,5985,11029
COIPASA,consulta externa,nuevas en personas de 60 anos o mas,2007-11-01,0,1,0,1,1
COLCAPIRHUA,consulta externa,nuevas en personas de 60 anos o mas,2007-11-01,133,236,133,236,369
"COLCHA ""K""",consulta externa,nuevas en personas de 60 anos o mas,2007-11-01,72,94,72,94,166
COLLANA,consulta externa,nuevas en personas de 60 anos o mas,2007-11-01,16,7,16,7,23
COLOMI,consulta externa,nuevas en personas de 60 anos o mas,2007-11-01,17,29,17,29,46
COLPA BELGICA,consulta externa,nuevas en personas de 60 anos o mas,2007-11-01,108,77,108,77,185
COLQUECHACA,consulta externa,nuevas en personas de 60 anos o mas,2007-11-01,89,126,89,126,215
COLQUENCHA,consulta externa,nuevas en personas de 60 anos o mas,2007-11-01,32,49,32,49,81
COLQUIRI,consulta externa,nuevas en personas de 60 anos o mas,2007-11-01,59,62,59,62,121
COMANCHE,consulta externa,nuevas en personas de 60 anos o mas,2007-11-01,51,45,51,45,96
COMARAPA,consulta externa,nuevas en personas de 60 anos o mas,2007-11-01,104,118,104,118,222
COMBAYA,consulta externa,nuevas en personas de 60 anos o mas,2007-11-01,24,17,24,17,41
CONCEPCION,consulta externa,nuevas en personas de 60 anos o mas,2007-11-01,24,31,24,31,55
COPACABANA,consulta externa,nuevas en personas de 60 anos o mas,2007-11-01,28,32,28,32,60
CORIPATA,consulta externa,nuevas en personas de 60 anos o mas,2007-11-01,47,42,47,42,89
CORO CORO,consulta externa,nuevas en personas de 60 anos o mas,2007-11-01,36,43,36,43,79
COROICO,consulta externa,nuevas en personas de 60 anos o mas,2007-11-01,40,33,40,33,73
CORQUE,consulta externa,nuevas en personas de 60 anos o mas,2007-11-01,91,73,91,73,164
COTAGAITA,consulta externa,nuevas en personas de 60 anos o mas,2007-11-01,223,397,223,397,620
COTOCA,consulta externa,nuevas en personas de 60 anos o mas,2007-11-01,158,154,158,154,312
CUATRO CAÑADAS,consulta externa,nuevas en personas de 60 anos o mas,2007-11-01,38,51,38,51,89
CUCHUMUELA (V. G. VILLARROEL),consulta externa,nuevas en personas de 60 anos o mas,2007-11-01,4,12,4,12,16
CUEVO,consulta externa,nuevas en personas de 60 anos o mas,2007-11-01,25,43,25,43,68
CULPINA,consulta externa,nuevas en personas de 60 anos o mas,2007-11-01,58,128,58,128,186
CURAHUARA DE CARANGAS,consulta externa,nuevas en personas de 60 anos o mas,2007-11-01,40,25,40,25,65
CURVA,consulta externa,nuevas en personas de 60 anos o mas,2007-11-01,5,18,5,18,23
DESAGUADERO,consulta externa,nuevas en personas de 60 anos o mas,2007-11-01,26,18,26,18,44
EL ALTO,consulta externa,nuevas en personas de 60 anos o mas,2007-11-01,1428,1723,1428,1723,3151
EL CHORO,consulta externa,nuevas en personas de 60 anos o mas,2007-11-01,49,35,49,35,84
EL PUENTE(STC),consulta externa,nuevas en personas de 60 anos o mas,2007-11-01,34,34,34,34,68
EL PUENTE(TJA),consulta externa,nuevas en personas de 60 anos o mas,2007-11-01,62,99,62,99,161
EL TORNO,consulta externa,nuevas en personas de 60 anos o mas,2007-11-01,452,474,452,474,926
EL VILLAR,consulta externa,nuevas en personas de 60 anos o mas,2007-11-01,29,65,29,65,94
ENTRE RIOS,consulta externa,nuevas en personas de 60 anos o mas,2007-11-01,96,132,96,132,228
ENTRE RIOS,consulta externa,nuevas en personas de 60 anos o mas,2007-11-01,11,15,11,15,26
ESCARA,consulta externa,nuevas en personas de 60 anos o mas,2007-11-01,5,6,5,6,11
ESMERALDA,consulta externa,nuevas en personas de 60 anos o mas,2007-11-01,7,10,7,10,17
EUCALIPTUS,consulta externa,nuevas en personas de 60 anos o mas,2007-11-01,37,43,37,43,80
EUREKA (SANTOS MERCADO),consulta externa,nuevas en personas de 60 anos o mas,2007-11-01,3,1,3,1,4
EXALTACION,consulta externa,nuevas en personas de 60 anos o mas,2007-11-01,8,4,8,4,12
FERNANDEZ ALONSO,consulta externa,nuevas en personas de 60 anos o mas,2007-11-01,24,13,24,13,37
FILADELFIA,consulta externa,nuevas en personas de 60 anos o mas,2007-11-01,18,9,18,9,27
GENERAL SAAVEDRA,consulta externa,nuevas en personas de 60 anos o mas,2007-11-01,31,30,31,30,61
GRAL. J.J. PEREZ (CHARAZANI),consulta externa,nuevas en personas de 60 anos o mas,2007-11-01,31,41,31,41,72
GUANAY,consulta externa,nuevas en personas de 60 anos o mas,2007-11-01,68,54,68,54,122
GUAQUI,consulta externa,nuevas en personas de 60 anos o mas,2007-11-01,27,35,27,35,62
GUAYARAMERIN,consulta externa,nuevas en personas de 60 anos o mas,2007-11-01,217,253,217,253,470
GUTIERREZ,consulta externa,nuevas en personas de 60 anos o mas,2007-11-01,47,61,47,61,108
HUACARETA,consulta externa,nuevas en personas de 60 anos o mas,2007-11-01,75,94,75,94,169
HUACAYA (VILLA DE HUACAYA),consulta externa,nuevas en personas de 60 anos o mas,2007-11-01,13,28,13,28,41
HUACHACALLA,consulta externa,nuevas en personas de 60 anos o mas,2007-11-01,40,44,40,44,84
HUANUNI,consulta externa,nuevas en personas de 60 anos o mas,2007-11-01,159,217,159,217,376
HUARACAJE,consulta externa,nuevas en personas de 60 anos o mas,2007-11-01,7,9,7,9,16
HUAYLLAMARCA,consulta externa,nuevas en personas de 60 anos o mas,2007-11-01,42,36,42,36,78
ICHOCA,consulta externa,nuevas en personas de 60 anos o mas,2007-11-01,15,24,15,24,39
ICLA,consulta externa,nuevas en personas de 60 anos o mas,2007-11-01,11,60,11,60,71
INCAHUASI,consulta externa,nuevas en personas de 60 anos o mas,2007-11-01,63,108,63,108,171
INGAVI (HUMAITA),consulta externa,nuevas en personas de 60 anos o mas,2007-11-01,0,1,0,1,1
INQUISIVI,consulta externa,nuevas en personas de 60 anos o mas,2007-11-01,34,17,34,17,51
IRUPANA (VILLA DE LANZA),consulta externa,nuevas en personas de 60 anos o mas,2007-11-01,68,74,68,74,142
IXIAMAS,consulta externa,nuevas en personas de 60 anos o mas,2007-11-01,9,13,9,13,22
JESUS DE MACHACA,consulta externa,nuevas en personas de 60 anos o mas,2007-11-01,177,200,177,200,377
LA ASUNTA,consulta externa,nuevas en personas de 60 anos o mas,2007-11-01,28,16,28,16,44
LA GUARDIA,consulta externa,nuevas en personas de 60 anos o mas,2007-11-01,62,90,62,90,152
LA PAZ,consulta externa,nuevas en personas de 60 anos o mas,2007-11-01,9557,11402,9557,11402,20959
LA RIVERA,consulta externa,nuevas en personas de 60 anos o mas,2007-11-01,5,1,5,1,6
LAGUNILLAS,consulta externa,nuevas en personas de 60 anos o mas,2007-11-01,39,48,39,48,87
LAJA,consulta externa,nuevas en personas de 60 anos o mas,2007-11-01,31,46,31,46,77
LAS CARRERAS,consulta externa,nuevas en personas de 60 anos o mas,2007-11-01,16,40,16,40,56
LICOMA PAMPA,consulta externa,nuevas en personas de 60 anos o mas,2007-11-01,11,15,11,15,26
LLALLAGUA,consulta externa,nuevas en personas de 60 anos o mas,2007-11-01,225,306,225,306,531
LLICA,consulta externa,nuevas en personas de 60 anos o mas,2007-11-01,41,34,41,34,75
LORETO,consulta externa,nuevas en personas de 60 anos o mas,2007-11-01,6,6,6,6,12
LURIBAY,consulta externa,nuevas en personas de 60 anos o mas,2007-11-01,69,68,69,68,137
MACHACAMARCA,consulta externa,nuevas en personas de 60 anos o mas,2007-11-01,64,80,64,80,144
MACHARETI,consulta externa,nuevas en personas de 60 anos o mas,2007-11-01,50,64,50,64,114
MAGDALENA,consulta externa,nuevas en personas de 60 anos o mas,2007-11-01,34,30,34,30,64
MAIRANA,consulta externa,nuevas en personas de 60 anos o mas,2007-11-01,50,64,50,64,114
MALLA,consulta externa,nuevas en personas de 60 anos o mas,2007-11-01,4,8,4,8,12
MAPIRI,consulta externa,nuevas en personas de 60 anos o mas,2007-11-01,36,16,36,16,52
MECAPACA,consulta externa,nuevas en personas de 60 anos o mas,2007-11-01,62,38,62,38,100
MINEROS,consulta externa,nuevas en personas de 60 anos o mas,2007-11-01,8,6,8,6,14
MIZQUE,consulta externa,nuevas en personas de 60 anos o mas,2007-11-01,29,36,29,36,65
MOCOMOCO,consulta externa,nuevas en personas de 60 anos o mas,2007-11-01,89,98,89,98,187
MOJINETE,consulta externa,nuevas en personas de 60 anos o mas,2007-11-01,5,7,5,7,12
MOJOCOYA,consulta externa,nuevas en personas de 60 anos o mas,2007-11-01,26,39,26,39,65
MONTEAGUDO,consulta externa,nuevas en personas de 60 anos o mas,2007-11-01,289,353,289,353,642
MONTERO,consulta externa,nuevas en personas de 60 anos o mas,2007-11-01,686,546,686,546,1232
MORO MORO,consulta externa,nuevas en personas de 60 anos o mas,2007-11-01,16,33,16,33,49
MOROCHATA,consulta externa,nuevas en personas de 60 anos o mas,2007-11-01,58,51,58,51,109
NACEBE (SANTA ROSA DEL ABUNA),consulta externa,nuevas en personas de 60 anos o mas,2007-11-01,19,3,19,3,22
NAZACARA DE PACAJES,consulta externa,nuevas en personas de 60 anos o mas,2007-11-01,2,1,2,1,3
NUEVO MANOA (NUEVA ESPERANZA),consulta externa,nuevas en personas de 60 anos o mas,2007-11-01,12,11,12,11,23
OCURI,consulta externa,nuevas en personas de 60 anos o mas,2007-11-01,33,72,33,72,105
OKINAWA,consulta externa,nuevas en personas de 60 anos o mas,2007-11-01,102,110,102,110,212
OMEREQUE,consulta externa,nuevas en personas de 60 anos o mas,2007-11-01,20,29,20,29,49
ORURO,consulta externa,nuevas en personas de 60 anos o mas,2007-11-01,2904,3473,2904,3473,6377
PADCAYA,consulta externa,nuevas en personas de 60 anos o mas,2007-11-01,87,128,87,128,215
PADILLA,consulta externa,nuevas en personas de 60 anos o mas,2007-11-01,209,333,209,333,542
PAILON,consulta externa,nuevas en personas de 60 anos o mas,2007-11-01,13,27,13,27,40
PALCA,consulta externa,nuevas en personas de 60 anos o mas,2007-11-01,24,40,24,40,64
PALOS BLANCOS,consulta externa,nuevas en personas de 60 anos o mas,2007-11-01,76,47,76,47,123
PAMPA AULLAGAS,consulta externa,nuevas en personas de 60 anos o mas,2007-11-01,19,18,19,18,37
PAMPA GRANDE,consulta externa,nuevas en personas de 60 anos o mas,2007-11-01,19,25,19,25,44
PAPEL PAMPA,consulta externa,nuevas en personas de 60 anos o mas,2007-11-01,42,47,42,47,89
PASORAPA,consulta externa,nuevas en personas de 60 anos o mas,2007-11-01,13,22,13,22,35
PATACAMAYA,consulta externa,nuevas en personas de 60 anos o mas,2007-11-01,70,60,70,60,130
PAZÑA,consulta externa,nuevas en personas de 60 anos o mas,2007-11-01,51,41,51,41,92
PELECHUCO,consulta externa,nuevas en personas de 60 anos o mas,2007-11-01,24,21,24,21,45
POCOATA,consulta externa,nuevas en personas de 60 anos o mas,2007-11-01,74,97,74,97,171
POCONA,consulta externa,nuevas en personas de 60 anos o mas,2007-11-01,29,67,29,67,96
POJO (CBBA),consulta externa,nuevas en personas de 60 anos o mas,2007-11-01,3,10,3,10,13
POOPO,consulta externa,nuevas en personas de 60 anos o mas,2007-11-01,52,57,52,57,109
PORCO,consulta externa,nuevas en personas de 60 anos o mas,2007-11-01,8,32,8,32,40
POROMA,consulta externa,nuevas en personas de 60 anos o mas,2007-11-01,73,105,73,105,178
PORONGO,consulta externa,nuevas en personas de 60 anos o mas,2007-11-01,24,21,24,21,45
PORTACHUELO,consulta externa,nuevas en personas de 60 anos o mas,2007-11-01,109,114,109,114,223
PORVENIR,consulta externa,nuevas en personas de 60 anos o mas,2007-11-01,11,15,11,15,26
POSTRER VALLE,consulta externa,nuevas en personas de 60 anos o mas,2007-11-01,29,34,29,34,63
POTOSI,consulta externa,nuevas en personas de 60 anos o mas,2007-11-01,1476,1835,1476,1835,3311
PRESTO,consulta externa,nuevas en personas de 60 anos o mas,2007-11-01,30,50,30,50,80
PUCARA,consulta externa,nuevas en personas de 60 anos o mas,2007-11-01,28,53,28,53,81
PUCARANI,consulta externa,nuevas en personas de 60 anos o mas,2007-11-01,87,82,87,82,169
PUERTO ACOSTA,consulta externa,nuevas en personas de 60 anos o mas,2007-11-01,119,124,119,124,243
PUERTO CARABUCO,consulta externa,nuevas en personas de 60 anos o mas,2007-11-01,59,53,59,53,112
PUERTO GONZALO MORENO,consulta externa,nuevas en personas de 60 anos o mas,2007-11-01,22,14,22,14,36
PUERTO PEREZ,consulta externa,nuevas en personas de 60 anos o mas,2007-11-01,25,39,25,39,64
PUERTO QUIJARRO,consulta externa,nuevas en personas de 60 anos o mas,2007-11-01,124,101,124,101,225
PUERTO RICO,consulta externa,nuevas en personas de 60 anos o mas,2007-11-01,37,37,37,37,74
PUERTO SILES,consulta externa,nuevas en personas de 60 anos o mas,2007-11-01,1,2,1,2,3
PUERTO SUAREZ,consulta externa,nuevas en personas de 60 anos o mas,2007-11-01,133,110,133,110,243
PUERTO VILLARROEL,consulta externa,nuevas en personas de 60 anos o mas,2007-11-01,39,28,39,28,67
PUNA,consulta externa,nuevas en personas de 60 anos o mas,2007-11-01,193,315,193,315,508
PUNATA,consulta externa,nuevas en personas de 60 anos o mas,2007-11-01,165,277,165,277,442
QUIABAYA,consulta externa,nuevas en personas de 60 anos o mas,2007-11-01,12,12,12,12,24
QUILLACOLLO,consulta externa,nuevas en personas de 60 anos o mas,2007-11-01,511,580,511,580,1091
QUIME,consulta externa,nuevas en personas de 60 anos o mas,2007-11-01,32,23,32,23,55
QUIRUSILLAS,consulta externa,nuevas en personas de 60 anos o mas,2007-11-01,10,20,10,20,30
RAVELO,consulta externa,nuevas en personas de 60 anos o mas,2007-11-01,63,80,63,80,143
REYES,consulta externa,nuevas en personas de 60 anos o mas,2007-11-01,74,111,74,111,185
RIBERALTA,consulta externa,nuevas en personas de 60 anos o mas,2007-11-01,86,113,86,113,199
ROBORE,consulta externa,nuevas en personas de 60 anos o mas,2007-11-01,130,153,130,153,283
RURRENABAQUE,consulta externa,nuevas en personas de 60 anos o mas,2007-11-01,129,122,129,122,251
SABAYA,consulta externa,nuevas en personas de 60 anos o mas,2007-11-01,57,64,57,64,121
SACABA,consulta externa,nuevas en personas de 60 anos o mas,2007-11-01,214,303,214,303,517
SACABAMBA,consulta externa,nuevas en personas de 60 anos o mas,2007-11-01,10,39,10,39,49
SACACA,consulta externa,nuevas en personas de 60 anos o mas,2007-11-01,26,64,26,64,90
SAIPINA,consulta externa,nuevas en personas de 60 anos o mas,2007-11-01,86,168,86,168,254
SALINAS DE GARCI MENDOZA,consulta externa,nuevas en personas de 60 anos o mas,2007-11-01,53,43,53,43,96
SAMAIPATA,consulta externa,nuevas en personas de 60 anos o mas,2007-11-01,48,41,48,41,89
SAN AGUSTIN,consulta externa,nuevas en personas de 60 anos o mas,2007-11-01,10,14,10,14,24
SAN ANDRES,consulta externa,nuevas en personas de 60 anos o mas,2007-11-01,15,13,15,13,28
SAN ANDRES DE MACHACA,consulta externa,nuevas en personas de 60 anos o mas,2007-11-01,43,56,43,56,99
SAN ANTONIO DE ESMORUCO,consulta externa,nuevas en personas de 60 anos o mas,2007-11-01,12,9,12,9,21
SAN ANTONIO DE LOMERIO,consulta externa,nuevas en personas de 60 anos o mas,2007-11-01,12,11,12,11,23
SAN BENITO,consulta externa,nuevas en personas de 60 anos o mas,2007-11-01,24,31,24,31,55
SAN BORJA,consulta externa,nuevas en personas de 60 anos o mas,2007-11-01,107,103,107,103,210
SAN BUENA VENTURA,consulta externa,nuevas en personas de 60 anos o mas,2007-11-01,51,31,51,31,82
SAN CARLOS,consulta externa,nuevas en personas de 60 anos o mas,2007-11-01,103,135,103,135,238
SAN IGNACIO,consulta externa,nuevas en personas de 60 anos o mas,2007-11-01,102,125,102,125,227
SAN IGNACIO DE VELASCO,consulta externa,nuevas en personas de 60 anos o mas,2007-11-01,282,279,282,279,561
SAN JAVIER(BNI),consulta externa,nuevas en personas de 60 anos o mas,2007-11-01,3,2,3,2,5
SAN JAVIER(STC),consulta externa,nuevas en personas de 60 anos o mas,2007-11-01,8,15,8,15,23
SAN JOAQUIN,consulta externa,nuevas en personas de 60 anos o mas,2007-11-01,70,57,70,57,127
SAN JOSE DE CHIQUITOS,consulta externa,nuevas en personas de 60 anos o mas,2007-11-01,47,76,47,76,123
SAN JUAN DE YAPACANI,consulta externa,nuevas en personas de 60 anos o mas,2007-11-01,44,48,44,48,92
SAN JULIAN,consulta externa,nuevas en personas de 60 anos o mas,2007-11-01,82,99,82,99,181
SAN LORENZO(PND),consulta externa,nuevas en personas de 60 anos o mas,2007-11-01,9,7,9,7,16
SAN LORENZO(TJA),consulta externa,nuevas en personas de 60 anos o mas,2007-11-01,71,102,71,102,173
SAN LUCAS,consulta externa,nuevas en personas de 60 anos o mas,2007-11-01,205,345,205,345,550
SAN MATIAS,consulta externa,nuevas en personas de 60 anos o mas,2007-11-01,21,17,21,17,38
SAN MIGUEL DE VELASCO,consulta externa,nuevas en personas de 60 anos o mas,2007-11-01,35,42,35,42,77
SAN PABLO DE LIPEZ,consulta externa,nuevas en personas de 60 anos o mas,2007-11-01,15,32,15,32,47
SAN PEDRO,consulta externa,nuevas en personas de 60 anos o mas,2007-11-01,119,67,119,67,186
SAN PEDRO DE BUENA VISTA,consulta externa,nuevas en personas de 60 anos o mas,2007-11-01,44,65,44,65,109
SAN PEDRO DE CURAHUARA,consulta externa,nuevas en personas de 60 anos o mas,2007-11-01,24,36,24,36,60
SAN PEDRO DE QUEMES,consulta externa,nuevas en personas de 60 anos o mas,2007-11-01,6,4,6,4,10
SAN PEDRO DE TIQUINA,consulta externa,nuevas en personas de 60 anos o mas,2007-11-01,21,25,21,25,46
SAN PEDRO(PND),consulta externa,nuevas en personas de 60 anos o mas,2007-11-01,1,3,1,3,4
SAN RAFAEL,consulta externa,nuevas en personas de 60 anos o mas,2007-11-01,9,7,9,7,16
SAN RAMON,consulta externa,nuevas en personas de 60 anos o mas,2007-11-01,40,51,40,51,91
SAN RAMON,consulta externa,nuevas en personas de 60 anos o mas,2007-11-01,16,30,16,30,46
SANTA ANA,consulta externa,nuevas en personas de 60 anos o mas,2007-11-01,127,185,127,185,312
SANTA CRUZ DE LA SIERRA,consulta externa,nuevas en personas de 60 anos o mas,2007-11-01,5520,7468,5520,7468,12988
SANTA ROSA,consulta externa,nuevas en personas de 60 anos o mas,2007-11-01,75,96,75,96,171
SANTA ROSA DEL SARA,consulta externa,nuevas en personas de 60 anos o mas,2007-11-01,38,40,38,40,78
SANTIAGO DE CALLAPA,consulta externa,nuevas en personas de 60 anos o mas,2007-11-01,12,12,12,12,24
SANTIAGO DE HUARI,consulta externa,nuevas en personas de 60 anos o mas,2007-11-01,100,96,100,96,196
SANTIAGO DE MACHACA,consulta externa,nuevas en personas de 60 anos o mas,2007-11-01,22,30,22,30,52
SANTIVAÑES,consulta externa,nuevas en personas de 60 anos o mas,2007-11-01,28,42,28,42,70
SANTUARIO DE QUILLACAS,consulta externa,nuevas en personas de 60 anos o mas,2007-11-01,20,16,20,16,36
SAPAHAQUI,consulta externa,nuevas en personas de 60 anos o mas,2007-11-01,27,25,27,25,52
SENA,consulta externa,nuevas en personas de 60 anos o mas,2007-11-01,3,1,3,1,4
SICA SICA (VILLA AROMA),consulta externa,nuevas en personas de 60 anos o mas,2007-11-01,63,57,63,57,120
SICAYA,consulta externa,nuevas en personas de 60 anos o mas,2007-11-01,7,11,7,11,18
SIPE SIPE,consulta externa,nuevas en personas de 60 anos o mas,2007-11-01,31,66,31,66,97
SOPACHUY,consulta externa,nuevas en personas de 60 anos o mas,2007-11-01,21,83,21,83,104
SORACACHI,consulta externa,nuevas en personas de 60 anos o mas,2007-11-01,17,17,17,17,34
SORATA,consulta externa,nuevas en personas de 60 anos o mas,2007-11-01,75,69,75,69,144
SUCRE,consulta externa,nuevas en personas de 60 anos o mas,2007-11-01,2348,3353,2348,3353,5701
TACACHI,consulta externa,nuevas en personas de 60 anos o mas,2007-11-01,1,5,1,5,6
TACACOMA,consulta externa,nuevas en personas de 60 anos o mas,2007-11-01,15,12,15,12,27
TACOBAMBA,consulta externa,nuevas en personas de 60 anos o mas,2007-11-01,17,43,17,43,60
TACOPAYA,consulta externa,nuevas en personas de 60 anos o mas,2007-11-01,19,30,19,30,49
TAHUA,consulta externa,nuevas en personas de 60 anos o mas,2007-11-01,12,14,12,14,26
TAPACARI,consulta externa,nuevas en personas de 60 anos o mas,2007-11-01,63,67,63,67,130
TARABUCO,consulta externa,nuevas en personas de 60 anos o mas,2007-11-01,75,110,75,110,185
TARACO,consulta externa,nuevas en personas de 60 anos o mas,2007-11-01,37,24,37,24,61
TARATA,consulta externa,nuevas en personas de 60 anos o mas,2007-11-01,13,27,13,27,40
TARIJA,consulta externa,nuevas en personas de 60 anos o mas,2007-11-01,1816,2597,1816,2597,4413
TARVITA,consulta externa,nuevas en personas de 60 anos o mas,2007-11-01,65,133,65,133,198
TEOPONTE,consulta externa,nuevas en personas de 60 anos o mas,2007-11-01,48,38,48,38,86
TIAWANACU,consulta externa,nuevas en personas de 60 anos o mas,2007-11-01,37,25,37,25,62
TINGUIPAYA,consulta externa,nuevas en personas de 60 anos o mas,2007-11-01,47,74,47,74,121
TIPUANI,consulta externa,nuevas en personas de 60 anos o mas,2007-11-01,32,17,32,17,49
TIQUIPAYA,consulta externa,nuevas en personas de 60 anos o mas,2007-11-01,35,50,35,50,85
TIRAQUE (CBBA),consulta externa,nuevas en personas de 60 anos o mas,2007-11-01,42,58,42,58,100
TITO YUPANQUI (PARQUIPUJIO),consulta externa,nuevas en personas de 60 anos o mas,2007-11-01,11,19,11,19,30
TOCO,consulta externa,nuevas en personas de 60 anos o mas,2007-11-01,13,21,13,21,34
TODOS SANTOS,consulta externa,nuevas en personas de 60 anos o mas,2007-11-01,6,6,6,6,12
TOLATA,consulta externa,nuevas en personas de 60 anos o mas,2007-11-01,7,19,7,19,26
TOLEDO,consulta externa,nuevas en personas de 60 anos o mas,2007-11-01,56,69,56,69,125
TOMAVE,consulta externa,nuevas en personas de 60 anos o mas,2007-11-01,70,94,70,94,164
TOMINA,consulta externa,nuevas en personas de 60 anos o mas,2007-11-01,58,84,58,84,142
TORO TORO,consulta externa,nuevas en personas de 60 anos o mas,2007-11-01,29,57,29,57,86
TOTORA(CBBA),consulta externa,nuevas en personas de 60 anos o mas,2007-11-01,23,19,23,19,42
TOTORA(ORR),consulta externa,nuevas en personas de 60 anos o mas,2007-11-01,20,24,20,24,44
TRIGAL,consulta externa,nuevas en personas de 60 anos o mas,2007-11-01,39,58,39,58,97
TRINIDAD,consulta externa,nuevas en personas de 60 anos o mas,2007-11-01,351,422,351,422,773
TUPIZA,consulta externa,nuevas en personas de 60 anos o mas,2007-11-01,332,570,332,570,902
TURCO,consulta externa,nuevas en personas de 60 anos o mas,2007-11-01,49,44,49,44,93
UMALA,consulta externa,nuevas en personas de 60 anos o mas,2007-11-01,9,11,9,11,20
UNCIA,consulta externa,nuevas en personas de 60 anos o mas,2007-11-01,171,309,171,309,480
URIONDO (A. CONCEPCION),consulta externa,nuevas en personas de 60 anos o mas,2007-11-01,46,82,46,82,128
URUBICHA,consulta externa,nuevas en personas de 60 anos o mas,2007-11-01,10,13,10,13,23
UYUNI,consulta externa,nuevas en personas de 60 anos o mas,2007-11-01,214,260,214,260,474
VACAS,consulta externa,nuevas en personas de 60 anos o mas,2007-11-01,44,84,44,84,128
VALLEGRANDE,consulta externa,nuevas en personas de 60 anos o mas,2007-11-01,162,197,162,197,359
VIACHA,consulta externa,nuevas en personas de 60 anos o mas,2007-11-01,267,323,267,323,590
VILA VILA,consulta externa,nuevas en personas de 60 anos o mas,2007-11-01,9,11,9,11,20
VILLA MONTES,consulta externa,nuevas en personas de 60 anos o mas,2007-11-01,173,188,173,188,361
VILLA NUEVA (LOMA ALTA),consulta externa,nuevas en personas de 60 anos o mas,2007-11-01,4,5,4,5,9
VILLA RIVERO,consulta externa,nuevas en personas de 60 anos o mas,2007-11-01,13,18,13,18,31
VILLA SERRANO,consulta externa,nuevas en personas de 60 anos o mas,2007-11-01,67,101,67,101,168
VILLA TUNARI,consulta externa,nuevas en personas de 60 anos o mas,2007-11-01,85,85,85,85,170
VILLA VACA GUZMAN (MUYUPAMPA),consulta externa,nuevas en personas de 60 anos o mas,2007-11-01,82,101,82,101,183
VILLAZON,consulta externa,nuevas en personas de 60 anos o mas,2007-11-01,319,451,319,451,770
VINTO,consulta externa,nuevas en personas de 60 anos o mas,2007-11-01,53,87,53,87,140
VITICHI,consulta externa,nuevas en personas de 60 anos o mas,2007-11-01,48,107,48,107,155
WALDO BALLIVIAN,consulta externa,nuevas en personas de 60 anos o mas,2007-11-01,4,4,4,4,8
WARNES,consulta externa,nuevas en personas de 60 anos o mas,2007-11-01,251,231,251,231,482
YACO,consulta externa,nuevas en personas de 60 anos o mas,2007-11-01,51,25,51,25,76
YACUIBA,consulta externa,nuevas en personas de 60 anos o mas,2007-11-01,756,807,756,807,1563
YAMPARAEZ,consulta externa,nuevas en personas de 60 anos o mas,2007-11-01,29,54,29,54,83
YANACACHI,consulta externa,nuevas en personas de 60 anos o mas,2007-11-01,27,35,27,35,62
YAPACANI,consulta externa,nuevas en personas de 60 anos o mas,2007-11-01,262,162,262,162,424
YOCALLA,consulta externa,nuevas en personas de 60 anos o mas,2007-11-01,40,77,40,77,117
YOTALA,consulta externa,nuevas en personas de 60 anos o mas,2007-11-01,43,84,43,84,127
YUNCHARA,consulta externa,nuevas en personas de 60 anos o mas,2007-11-01,11,34,11,34,45
ZUDAÑEZ,consulta externa,nuevas en personas de 60 anos o mas,2007-11-01,73,105,73,105,178
ACACIO,consulta externa,nuevas en personas de 60 anos o mas,2007-12-01,16,33,16,33,49
ACHACACHI,consulta externa,nuevas en personas de 60 anos o mas,2007-12-01,146,169,146,169,315
ACHOCALLA,consulta externa,nuevas en personas de 60 anos o mas,2007-12-01,8,7,8,7,15
AIQUILE,consulta externa,nuevas en personas de 60 anos o mas,2007-12-01,95,118,95,118,213
ALALAY,consulta externa,nuevas en personas de 60 anos o mas,2007-12-01,2,9,2,9,11
ALCALA,consulta externa,nuevas en personas de 60 anos o mas,2007-12-01,23,29,23,29,52
ANCORAIMES,consulta externa,nuevas en personas de 60 anos o mas,2007-12-01,29,33,29,33,62
ANDAMARCA,consulta externa,nuevas en personas de 60 anos o mas,2007-12-01,46,47,46,47,93
ANTEQUERA,consulta externa,nuevas en personas de 60 anos o mas,2007-12-01,3,0,3,0,3
ANZALDO,consulta externa,nuevas en personas de 60 anos o mas,2007-12-01,5,21,5,21,26
APOLO,consulta externa,nuevas en personas de 60 anos o mas,2007-12-01,35,31,35,31,66
ARAMPAMPA,consulta externa,nuevas en personas de 60 anos o mas,2007-12-01,14,23,14,23,37
ARANI,consulta externa,nuevas en personas de 60 anos o mas,2007-12-01,18,27,18,27,45
ARBIETO,consulta externa,nuevas en personas de 60 anos o mas,2007-12-01,8,47,8,47,55
ARQUE,consulta externa,nuevas en personas de 60 anos o mas,2007-12-01,13,22,13,22,35
ASCENCION DE GUARAYOS,consulta externa,nuevas en personas de 60 anos o mas,2007-12-01,30,27,30,27,57
ATOCHA,consulta externa,nuevas en personas de 60 anos o mas,2007-12-01,80,104,80,104,184
AUCAPATA,consulta externa,nuevas en personas de 60 anos o mas,2007-12-01,23,26,23,26,49
AYATA,consulta externa,nuevas en personas de 60 anos o mas,2007-12-01,31,38,31,38,69
AYO AYO,consulta externa,nuevas en personas de 60 anos o mas,2007-12-01,9,16,9,16,25
AYOPAYA (V. DE INDEPENDENCIA),consulta externa,nuevas en personas de 60 anos o mas,2007-12-01,67,88,67,88,155
AZURDUY,consulta externa,nuevas en personas de 60 anos o mas,2007-12-01,30,76,30,76,106
BATALLAS,consulta externa,nuevas en personas de 60 anos o mas,2007-12-01,39,37,39,37,76
BAURES,consulta externa,nuevas en personas de 60 anos o mas,2007-12-01,20,20,20,20,40
BELEN DE ANDAMARCA,consulta externa,nuevas en personas de 60 anos o mas,2007-12-01,20,22,20,22,42
BELEN DE URMIRI,consulta externa,nuevas en personas de 60 anos o mas,2007-12-01,17,14,17,14,31
BELLA FLOR,consulta externa,nuevas en personas de 60 anos o mas,2007-12-01,3,8,3,8,11
BERMEJO,consulta externa,nuevas en personas de 60 anos o mas,2007-12-01,359,286,359,286,645
BETANZOS,consulta externa,nuevas en personas de 60 anos o mas,2007-12-01,221,373,221,373,594
BOLIVAR,consulta externa,nuevas en personas de 60 anos o mas,2007-12-01,24,23,24,23,47
BOLPEBRA,consulta externa,nuevas en personas de 60 anos o mas,2007-12-01,6,5,6,5,11
BOYUIBE,consulta externa,nuevas en personas de 60 anos o mas,2007-12-01,19,38,19,38,57
BUENA VISTA,consulta externa,nuevas en personas de 60 anos o mas,2007-12-01,103,87,103,87,190
CABEZAS,consulta externa,nuevas en personas de 60 anos o mas,2007-12-01,59,57,59,57,116
CAIROMA,consulta externa,nuevas en personas de 60 anos o mas,2007-12-01,36,50,36,50,86
"CAIZA ""D""",consulta externa,nuevas en personas de 60 anos o mas,2007-12-01,102,154,102,154,256
CAJUATA,consulta externa,nuevas en personas de 60 anos o mas,2007-12-01,43,42,43,42,85
CALACOTO,consulta externa,nuevas en personas de 60 anos o mas,2007-12-01,47,60,47,60,107
CALAMARCA,consulta externa,nuevas en personas de 60 anos o mas,2007-12-01,26,27,26,27,53
CAMARGO,consulta externa,nuevas en personas de 60 anos o mas,2007-12-01,162,298,162,298,460
CAMATAQUI (C. VILLA ABECIA),consulta externa,nuevas en personas de 60 anos o mas,2007-12-01,35,44,35,44,79
CAMIRI,consulta externa,nuevas en personas de 60 anos o mas,2007-12-01,584,692,584,692,1276
CAPINOTA,consulta externa,nuevas en personas de 60 anos o mas,2007-12-01,104,262,104,262,366
CAQUIAVIRI,consulta externa,nuevas en personas de 60 anos o mas,2007-12-01,25,38,25,38,63
CARACOLLO,consulta externa,nuevas en personas de 60 anos o mas,2007-12-01,72,54,72,54,126
CARANAVI,consulta externa,nuevas en personas de 60 anos o mas,2007-12-01,317,181,317,181,498
CARANGAS,consulta externa,nuevas en personas de 60 anos o mas,2007-12-01,1,2,1,2,3
CARAPARI,consulta externa,nuevas en personas de 60 anos o mas,2007-12-01,35,39,35,39,74
CARIPUYO,consulta externa,nuevas en personas de 60 anos o mas,2007-12-01,12,30,12,30,42
CARMEN RIVERO TORREZ,consulta externa,nuevas en personas de 60 anos o mas,2007-12-01,13,24,13,24,37
CATACORA,consulta externa,nuevas en personas de 60 anos o mas,2007-12-01,15,23,15,23,38
CHACARILLA,consulta externa,nuevas en personas de 60 anos o mas,2007-12-01,5,0,5,0,5
CHALLAPATA,consulta externa,nuevas en personas de 60 anos o mas,2007-12-01,130,127,130,127,257
CHAQUI,consulta externa,nuevas en personas de 60 anos o mas,2007-12-01,29,43,29,43,72
CHARAGUA,consulta externa,nuevas en personas de 60 anos o mas,2007-12-01,18,27,18,27,45
CHARAÑA,consulta externa,nuevas en personas de 60 anos o mas,2007-12-01,13,10,13,10,23
CHAYANTA,consulta externa,nuevas en personas de 60 anos o mas,2007-12-01,28,41,28,41,69
CHIMORE,consulta externa,nuevas en personas de 60 anos o mas,2007-12-01,13,23,13,23,36
CHIPAYA,consulta externa,nuevas en personas de 60 anos o mas,2007-12-01,7,4,7,4,11
CHOQUE COTA,consulta externa,nuevas en personas de 60 anos o mas,2007-12-01,9,18,9,18,27
CHULUMANI (V. DE LA LIBERTAD),consulta externa,nuevas en personas de 60 anos o mas,2007-12-01,65,37,65,37,102
CHUMA,consulta externa,nuevas en personas de 60 anos o mas,2007-12-01,40,59,40,59,99
CLIZA,consulta externa,nuevas en personas de 60 anos o mas,2007-12-01,40,41,40,41,81
COBIJA,consulta externa,nuevas en personas de 60 anos o mas,2007-12-01,254,258,254,258,512
COCHABAMBA,consulta externa,nuevas en personas de 60 anos o mas,2007-12-01,5061,6058,5061,6058,11119
COLCAPIRHUA,consulta externa,nuevas en personas de 60 anos o mas,2007-12-01,111,218,111,218,329
"COLCHA ""K""",consulta externa,nuevas en personas de 60 anos o mas,2007-12-01,54,84,54,84,138
COLLANA,consulta externa,nuevas en personas de 60 anos o mas,2007-12-01,20,22,20,22,42
COLOMI,consulta externa,nuevas en personas de 60 anos o mas,2007-12-01,12,18,12,18,30
COLPA BELGICA,consulta externa,nuevas en personas de 60 anos o mas,2007-12-01,105,69,105,69,174
COLQUECHACA,consulta externa,nuevas en personas de 60 anos o mas,2007-12-01,83,115,83,115,198
COLQUENCHA,consulta externa,nuevas en personas de 60 anos o mas,2007-12-01,25,48,25,48,73
COLQUIRI,consulta externa,nuevas en personas de 60 anos o mas,2007-12-01,60,50,60,50,110
COMANCHE,consulta externa,nuevas en personas de 60 anos o mas,2007-12-01,18,12,18,12,30
COMARAPA,consulta externa,nuevas en personas de 60 anos o mas,2007-12-01,105,114,105,114,219
COMBAYA,consulta externa,nuevas en personas de 60 anos o mas,2007-12-01,4,4,4,4,8
CONCEPCION,consulta externa,nuevas en personas de 60 anos o mas,2007-12-01,46,37,46,37,83
COPACABANA,consulta externa,nuevas en personas de 60 anos o mas,2007-12-01,7,28,7,28,35
CORIPATA,consulta externa,nuevas en personas de 60 anos o mas,2007-12-01,32,23,32,23,55
CORO CORO,consulta externa,nuevas en personas de 60 anos o mas,2007-12-01,22,23,22,23,45
COROICO,consulta externa,nuevas en personas de 60 anos o mas,2007-12-01,44,43,44,43,87
CORQUE,consulta externa,nuevas en personas de 60 anos o mas,2007-12-01,70,69,70,69,139
COTAGAITA,consulta externa,nuevas en personas de 60 anos o mas,2007-12-01,212,388,212,388,600
COTOCA,consulta externa,nuevas en personas de 60 anos o mas,2007-12-01,128,128,128,128,256
CUATRO CAÑADAS,consulta externa,nuevas en personas de 60 anos o mas,2007-12-01,40,38,40,38,78
CUCHUMUELA (V. G. VILLARROEL),consulta externa,nuevas en personas de 60 anos o mas,2007-12-01,4,16,4,16,20
CUEVO,consulta externa,nuevas en personas de 60 anos o mas,2007-12-01,21,53,21,53,74
CULPINA,consulta externa,nuevas en personas de 60 anos o mas,2007-12-01,77,96,77,96,173
CURAHUARA DE CARANGAS,consulta externa,nuevas en personas de 60 anos o mas,2007-12-01,26,32,26,32,58
CURVA,consulta externa,nuevas en personas de 60 anos o mas,2007-12-01,9,17,9,17,26
DESAGUADERO,consulta externa,nuevas en personas de 60 anos o mas,2007-12-01,15,16,15,16,31
EL ALTO,consulta externa,nuevas en personas de 60 anos o mas,2007-12-01,1304,1730,1304,1730,3034
EL CHORO,consulta externa,nuevas en personas de 60 anos o mas,2007-12-01,30,36,30,36,66
EL PUENTE(STC),consulta externa,nuevas en personas de 60 anos o mas,2007-12-01,19,29,19,29,48
EL PUENTE(TJA),consulta externa,nuevas en personas de 60 anos o mas,2007-12-01,38,62,38,62,100
EL TORNO,consulta externa,nuevas en personas de 60 anos o mas,2007-12-01,602,429,602,429,1031
EL VILLAR,consulta externa,nuevas en personas de 60 anos o mas,2007-12-01,23,60,23,60,83
ENTRE RIOS,consulta externa,nuevas en personas de 60 anos o mas,2007-12-01,77,97,77,97,174
ENTRE RIOS,consulta externa,nuevas en personas de 60 anos o mas,2007-12-01,19,10,19,10,29
ESMERALDA,consulta externa,nuevas en personas de 60 anos o mas,2007-12-01,1,2,1,2,3
EUCALIPTUS,consulta externa,nuevas en personas de 60 anos o mas,2007-12-01,52,31,52,31,83
EUREKA (SANTOS MERCADO),consulta externa,nuevas en personas de 60 anos o mas,2007-12-01,1,0,1,0,1
EXALTACION,consulta externa,nuevas en personas de 60 anos o mas,2007-12-01,3,3,3,3,6
FERNANDEZ ALONSO,consulta externa,nuevas en personas de 60 anos o mas,2007-12-01,21,20,21,20,41
FILADELFIA,consulta externa,nuevas en personas de 60 anos o mas,2007-12-01,12,5,12,5,17
GENERAL SAAVEDRA,consulta externa,nuevas en personas de 60 anos o mas,2007-12-01,29,29,29,29,58
GRAL. J.J. PEREZ (CHARAZANI),consulta externa,nuevas en personas de 60 anos o mas,2007-12-01,19,32,19,32,51
GUANAY,consulta externa,nuevas en personas de 60 anos o mas,2007-12-01,65,73,65,73,138
GUAQUI,consulta externa,nuevas en personas de 60 anos o mas,2007-12-01,15,41,15,41,56
GUAYARAMERIN,consulta externa,nuevas en personas de 60 anos o mas,2007-12-01,1463,1662,1463,1662,3125
GUTIERREZ,consulta externa,nuevas en personas de 60 anos o mas,2007-12-01,55,73,55,73,128
HUACARETA,consulta externa,nuevas en personas de 60 anos o mas,2007-12-01,52,81,52,81,133
HUACAYA (VILLA DE HUACAYA),consulta externa,nuevas en personas de 60 anos o mas,2007-12-01,16,27,16,27,43
HUACHACALLA,consulta externa,nuevas en personas de 60 anos o mas,2007-12-01,29,29,29,29,58
HUANUNI,consulta externa,nuevas en personas de 60 anos o mas,2007-12-01,122,149,122,149,271
HUARACAJE,consulta externa,nuevas en personas de 60 anos o mas,2007-12-01,9,7,9,7,16
HUAYLLAMARCA,consulta externa,nuevas en personas de 60 anos o mas,2007-12-01,13,22,13,22,35
ICHOCA,consulta externa,nuevas en personas de 60 anos o mas,2007-12-01,10,11,10,11,21
ICLA,consulta externa,nuevas en personas de 60 anos o mas,2007-12-01,27,61,27,61,88
INCAHUASI,consulta externa,nuevas en personas de 60 anos o mas,2007-12-01,40,66,40,66,106
INGAVI (HUMAITA),consulta externa,nuevas en personas de 60 anos o mas,2007-12-01,2,1,2,1,3
INQUISIVI,consulta externa,nuevas en personas de 60 anos o mas,2007-12-01,28,25,28,25,53
IRUPANA (VILLA DE LANZA),consulta externa,nuevas en personas de 60 anos o mas,2007-12-01,50,61,50,61,111
IXIAMAS,consulta externa,nuevas en personas de 60 anos o mas,2007-12-01,8,4,8,4,12
JESUS DE MACHACA,consulta externa,nuevas en personas de 60 anos o mas,2007-12-01,184,244,184,244,428
LA ASUNTA,consulta externa,nuevas en personas de 60 anos o mas,2007-12-01,18,10,18,10,28
LA GUARDIA,consulta externa,nuevas en personas de 60 anos o mas,2007-12-01,68,83,68,83,151
LA PAZ,consulta externa,nuevas en personas de 60 anos o mas,2007-12-01,8041,10042,8041,10042,18083
LA RIVERA,consulta externa,nuevas en personas de 60 anos o mas,2007-12-01,4,6,4,6,10
LAGUNILLAS,consulta externa,nuevas en personas de 60 anos o mas,2007-12-01,26,53,26,53,79
LAJA,consulta externa,nuevas en personas de 60 anos o mas,2007-12-01,32,27,32,27,59
LAS CARRERAS,consulta externa,nuevas en personas de 60 anos o mas,2007-12-01,22,46,22,46,68
LICOMA PAMPA,consulta externa,nuevas en personas de 60 anos o mas,2007-12-01,13,19,13,19,32
LLALLAGUA,consulta externa,nuevas en personas de 60 anos o mas,2007-12-01,43,80,43,80,123
LLICA,consulta externa,nuevas en personas de 60 anos o mas,2007-12-01,35,33,35,33,68
LORETO,consulta externa,nuevas en personas de 60 anos o mas,2007-12-01,3,4,3,4,7
LURIBAY,consulta externa,nuevas en personas de 60 anos o mas,2007-12-01,72,70,72,70,142
MACHACAMARCA,consulta externa,nuevas en personas de 60 anos o mas,2007-12-01,24,44,24,44,68
MACHARETI,consulta externa,nuevas en personas de 60 anos o mas,2007-12-01,39,81,39,81,120
MAGDALENA,consulta externa,nuevas en personas de 60 anos o mas,2007-12-01,16,14,16,14,30
MAIRANA,consulta externa,nuevas en personas de 60 anos o mas,2007-12-01,50,73,50,73,123
MALLA,consulta externa,nuevas en personas de 60 anos o mas,2007-12-01,3,12,3,12,15
MAPIRI,consulta externa,nuevas en personas de 60 anos o mas,2007-12-01,28,16,28,16,44
MECAPACA,consulta externa,nuevas en personas de 60 anos o mas,2007-12-01,44,30,44,30,74
MINEROS,consulta externa,nuevas en personas de 60 anos o mas,2007-12-01,12,4,12,4,16
MIZQUE,consulta externa,nuevas en personas de 60 anos o mas,2007-12-01,16,20,16,20,36
MOCOMOCO,consulta externa,nuevas en personas de 60 anos o mas,2007-12-01,54,52,54,52,106
MOJINETE,consulta externa,nuevas en personas de 60 anos o mas,2007-12-01,2,5,2,5,7
MOJOCOYA,consulta externa,nuevas en personas de 60 anos o mas,2007-12-01,39,48,39,48,87
MONTEAGUDO,consulta externa,nuevas en personas de 60 anos o mas,2007-12-01,280,339,280,339,619
MONTERO,consulta externa,nuevas en personas de 60 anos o mas,2007-12-01,510,628,510,628,1138
MORO MORO,consulta externa,nuevas en personas de 60 anos o mas,2007-12-01,23,30,23,30,53
MOROCHATA,consulta externa,nuevas en personas de 60 anos o mas,2007-12-01,27,34,27,34,61
NACEBE (SANTA ROSA DEL ABUNA),consulta externa,nuevas en personas de 60 anos o mas,2007-12-01,9,6,9,6,15
NAZACARA DE PACAJES,consulta externa,nuevas en personas de 60 anos o mas,2007-12-01,2,6,2,6,8
NUEVO MANOA (NUEVA ESPERANZA),consulta externa,nuevas en personas de 60 anos o mas,2007-12-01,6,5,6,5,11
OCURI,consulta externa,nuevas en personas de 60 anos o mas,2007-12-01,16,64,16,64,80
OKINAWA,consulta externa,nuevas en personas de 60 anos o mas,2007-12-01,67,75,67,75,142
OMEREQUE,consulta externa,nuevas en personas de 60 anos o mas,2007-12-01,13,31,13,31,44
ORURO,consulta externa,nuevas en personas de 60 anos o mas,2007-12-01,2807,3250,2807,3250,6057
PADCAYA,consulta externa,nuevas en personas de 60 anos o mas,2007-12-01,77,112,77,112,189
PADILLA,consulta externa,nuevas en personas de 60 anos o mas,2007-12-01,132,250,132,250,382
PAILON,consulta externa,nuevas en personas de 60 anos o mas,2007-12-01,16,15,16,15,31
PALCA,consulta externa,nuevas en personas de 60 anos o mas,2007-12-01,27,18,27,18,45
PALOS BLANCOS,consulta externa,nuevas en personas de 60 anos o mas,2007-12-01,89,54,89,54,143
PAMPA AULLAGAS,consulta externa,nuevas en personas de 60 anos o mas,2007-12-01,17,16,17,16,33
PAMPA GRANDE,consulta externa,nuevas en personas de 60 anos o mas,2007-12-01,13,16,13,16,29
PAPEL PAMPA,consulta externa,nuevas en personas de 60 anos o mas,2007-12-01,17,29,17,29,46
PASORAPA,consulta externa,nuevas en personas de 60 anos o mas,2007-12-01,7,8,7,8,15
PATACAMAYA,consulta externa,nuevas en personas de 60 anos o mas,2007-12-01,71,49,71,49,120
PAZÑA,consulta externa,nuevas en personas de 60 anos o mas,2007-12-01,33,27,33,27,60
PELECHUCO,consulta externa,nuevas en personas de 60 anos o mas,2007-12-01,10,12,10,12,22
POCOATA,consulta externa,nuevas en personas de 60 anos o mas,2007-12-01,47,76,47,76,123
POCONA,consulta externa,nuevas en personas de 60 anos o mas,2007-12-01,26,38,26,38,64
POJO (CBBA),consulta externa,nuevas en personas de 60 anos o mas,2007-12-01,7,13,7,13,20
POOPO,consulta externa,nuevas en personas de 60 anos o mas,2007-12-01,35,39,35,39,74
PORCO,consulta externa,nuevas en personas de 60 anos o mas,2007-12-01,16,17,16,17,33
POROMA,consulta externa,nuevas en personas de 60 anos o mas,2007-12-01,31,62,31,62,93
PORONGO,consulta externa,nuevas en personas de 60 anos o mas,2007-12-01,22,20,22,20,42
PORTACHUELO,consulta externa,nuevas en personas de 60 anos o mas,2007-12-01,149,126,149,126,275
PORVENIR,consulta externa,nuevas en personas de 60 anos o mas,2007-12-01,20,12,20,12,32
POSTRER VALLE,consulta externa,nuevas en personas de 60 anos o mas,2007-12-01,36,46,36,46,82
POTOSI,consulta externa,nuevas en personas de 60 anos o mas,2007-12-01,1373,1816,1373,1816,3189
PRESTO,consulta externa,nuevas en personas de 60 anos o mas,2007-12-01,32,58,32,58,90
PUCARA,consulta externa,nuevas en personas de 60 anos o mas,2007-12-01,22,38,22,38,60
PUCARANI,consulta externa,nuevas en personas de 60 anos o mas,2007-12-01,42,52,42,52,94
PUERTO ACOSTA,consulta externa,nuevas en personas de 60 anos o mas,2007-12-01,101,91,101,91,192
PUERTO CARABUCO,consulta externa,nuevas en personas de 60 anos o mas,2007-12-01,36,54,36,54,90
PUERTO GONZALO MORENO,consulta externa,nuevas en personas de 60 anos o mas,2007-12-01,16,11,16,11,27
PUERTO PEREZ,consulta externa,nuevas en personas de 60 anos o mas,2007-12-01,23,34,23,34,57
PUERTO QUIJARRO,consulta externa,nuevas en personas de 60 anos o mas,2007-12-01,84,64,84,64,148
PUERTO RICO,consulta externa,nuevas en personas de 60 anos o mas,2007-12-01,37,24,37,24,61
PUERTO SILES,consulta externa,nuevas en personas de 60 anos o mas,2007-12-01,2,2,2,2,4
PUERTO SUAREZ,consulta externa,nuevas en personas de 60 anos o mas,2007-12-01,98,102,98,102,200
PUERTO VILLARROEL,consulta externa,nuevas en personas de 60 anos o mas,2007-12-01,43,35,43,35,78
PUNA,consulta externa,nuevas en personas de 60 anos o mas,2007-12-01,166,269,166,269,435
PUNATA,consulta externa,nuevas en personas de 60 anos o mas,2007-12-01,133,233,133,233,366
QUIABAYA,consulta externa,nuevas en personas de 60 anos o mas,2007-12-01,6,3,6,3,9
QUILLACOLLO,consulta externa,nuevas en personas de 60 anos o mas,2007-12-01,432,538,432,538,970
QUIME,consulta externa,nuevas en personas de 60 anos o mas,2007-12-01,18,10,18,10,28
QUIRUSILLAS,consulta externa,nuevas en personas de 60 anos o mas,2007-12-01,21,26,21,26,47
RAVELO,consulta externa,nuevas en personas de 60 anos o mas,2007-12-01,53,107,53,107,160
REYES,consulta externa,nuevas en personas de 60 anos o mas,2007-12-01,86,134,86,134,220
RIBERALTA,consulta externa,nuevas en personas de 60 anos o mas,2007-12-01,98,100,98,100,198
ROBORE,consulta externa,nuevas en personas de 60 anos o mas,2007-12-01,63,57,63,57,120
RURRENABAQUE,consulta externa,nuevas en personas de 60 anos o mas,2007-12-01,72,93,72,93,165
SABAYA,consulta externa,nuevas en personas de 60 anos o mas,2007-12-01,63,56,63,56,119
SACABA,consulta externa,nuevas en personas de 60 anos o mas,2007-12-01,142,253,142,253,395
SACABAMBA,consulta externa,nuevas en personas de 60 anos o mas,2007-12-01,15,30,15,30,45
SACACA,consulta externa,nuevas en personas de 60 anos o mas,2007-12-01,42,58,42,58,100
SAIPINA,consulta externa,nuevas en personas de 60 anos o mas,2007-12-01,5,17,5,17,22
SALINAS DE GARCI MENDOZA,consulta externa,nuevas en personas de 60 anos o mas,2007-12-01,45,42,45,42,87
SAMAIPATA,consulta externa,nuevas en personas de 60 anos o mas,2007-12-01,62,45,62,45,107
SAN AGUSTIN,consulta externa,nuevas en personas de 60 anos o mas,2007-12-01,11,11,11,11,22
SAN ANDRES,consulta externa,nuevas en personas de 60 anos o mas,2007-12-01,6,3,6,3,9
SAN ANDRES DE MACHACA,consulta externa,nuevas en personas de 60 anos o mas,2007-12-01,30,39,30,39,69
SAN ANTONIO DE ESMORUCO,consulta externa,nuevas en personas de 60 anos o mas,2007-12-01,4,6,4,6,10
SAN ANTONIO DE LOMERIO,consulta externa,nuevas en personas de 60 anos o mas,2007-12-01,21,23,21,23,44
SAN BENITO,consulta externa,nuevas en personas de 60 anos o mas,2007-12-01,31,53,31,53,84
SAN BORJA,consulta externa,nuevas en personas de 60 anos o mas,2007-12-01,70,67,70,67,137
SAN BUENA VENTURA,consulta externa,nuevas en personas de 60 anos o mas,2007-12-01,29,39,29,39,68
SAN CARLOS,consulta externa,nuevas en personas de 60 anos o mas,2007-12-01,87,90,87,90,177
SAN IGNACIO,consulta externa,nuevas en personas de 60 anos o mas,2007-12-01,89,79,89,79,168
SAN IGNACIO DE VELASCO,consulta externa,nuevas en personas de 60 anos o mas,2007-12-01,192,236,192,236,428
SAN JAVIER(BNI),consulta externa,nuevas en personas de 60 anos o mas,2007-12-01,3,4,3,4,7
SAN JAVIER(STC),consulta externa,nuevas en personas de 60 anos o mas,2007-12-01,20,33,20,33,53
SAN JOAQUIN,consulta externa,nuevas en personas de 60 anos o mas,2007-12-01,46,49,46,49,95
SAN JOSE DE CHIQUITOS,consulta externa,nuevas en personas de 60 anos o mas,2007-12-01,67,56,67,56,123
SAN JUAN DE YAPACANI,consulta externa,nuevas en personas de 60 anos o mas,2007-12-01,63,60,63,60,123
SAN JULIAN,consulta externa,nuevas en personas de 60 anos o mas,2007-12-01,75,88,75,88,163
SAN LORENZO(PND),consulta externa,nuevas en personas de 60 anos o mas,2007-12-01,7,10,7,10,17
SAN LORENZO(TJA),consulta externa,nuevas en personas de 60 anos o mas,2007-12-01,47,82,47,82,129
SAN LUCAS,consulta externa,nuevas en personas de 60 anos o mas,2007-12-01,136,257,136,257,393
SAN MATIAS,consulta externa,nuevas en personas de 60 anos o mas,2007-12-01,34,49,34,49,83
SAN MIGUEL DE VELASCO,consulta externa,nuevas en personas de 60 anos o mas,2007-12-01,31,47,31,47,78
SAN PABLO DE LIPEZ,consulta externa,nuevas en personas de 60 anos o mas,2007-12-01,11,25,11,25,36
SAN PEDRO,consulta externa,nuevas en personas de 60 anos o mas,2007-12-01,85,72,85,72,157
SAN PEDRO DE BUENA VISTA,consulta externa,nuevas en personas de 60 anos o mas,2007-12-01,37,64,37,64,101
SAN PEDRO DE CURAHUARA,consulta externa,nuevas en personas de 60 anos o mas,2007-12-01,26,26,26,26,52
SAN PEDRO DE QUEMES,consulta externa,nuevas en personas de 60 anos o mas,2007-12-01,2,2,2,2,4
SAN PEDRO DE TIQUINA,consulta externa,nuevas en personas de 60 anos o mas,2007-12-01,20,24,20,24,44
SAN PEDRO(PND),consulta externa,nuevas en personas de 60 anos o mas,2007-12-01,1,1,1,1,2
SAN RAFAEL,consulta externa,nuevas en personas de 60 anos o mas,2007-12-01,5,8,5,8,13
SAN RAMON,consulta externa,nuevas en personas de 60 anos o mas,2007-12-01,43,36,43,36,79
SAN RAMON,consulta externa,nuevas en personas de 60 anos o mas,2007-12-01,11,1,11,1,12
SANTA ANA,consulta externa,nuevas en personas de 60 anos o mas,2007-12-01,84,127,84,127,211
SANTA CRUZ DE LA SIERRA,consulta externa,nuevas en personas de 60 anos o mas,2007-12-01,6904,5770,6904,5770,12674
SANTA ROSA,consulta externa,nuevas en personas de 60 anos o mas,2007-12-01,75,77,75,77,152
SANTA ROSA DEL SARA,consulta externa,nuevas en personas de 60 anos o mas,2007-12-01,34,23,34,23,57
SANTIAGO DE CALLAPA,consulta externa,nuevas en personas de 60 anos o mas,2007-12-01,19,14,19,14,33
SANTIAGO DE HUARI,consulta externa,nuevas en personas de 60 anos o mas,2007-12-01,16,21,16,21,37
SANTIAGO DE MACHACA,consulta externa,nuevas en personas de 60 anos o mas,2007-12-01,29,23,29,23,52
SANTIVAÑES,consulta externa,nuevas en personas de 60 anos o mas,2007-12-01,19,25,19,25,44
SANTUARIO DE QUILLACAS,consulta externa,nuevas en personas de 60 anos o mas,2007-12-01,13,20,13,20,33
SAPAHAQUI,consulta externa,nuevas en personas de 60 anos o mas,2007-12-01,31,31,31,31,62
SENA,consulta externa,nuevas en personas de 60 anos o mas,2007-12-01,2,3,2,3,5
SICA SICA (VILLA AROMA),consulta externa,nuevas en personas de 60 anos o mas,2007-12-01,42,57,42,57,99
SICAYA,consulta externa,nuevas en personas de 60 anos o mas,2007-12-01,2,11,2,11,13
SIPE SIPE,consulta externa,nuevas en personas de 60 anos o mas,2007-12-01,23,37,23,37,60
SOPACHUY,consulta externa,nuevas en personas de 60 anos o mas,2007-12-01,34,56,34,56,90
SORACACHI,consulta externa,nuevas en personas de 60 anos o mas,2007-12-01,16,26,16,26,42
SORATA,consulta externa,nuevas en personas de 60 anos o mas,2007-12-01,65,45,65,45,110
SUCRE,consulta externa,nuevas en personas de 60 anos o mas,2007-12-01,2033,2638,2033,2638,4671
TACACHI,consulta externa,nuevas en personas de 60 anos o mas,2007-12-01,1,8,1,8,9
TACACOMA,consulta externa,nuevas en personas de 60 anos o mas,2007-12-01,17,20,17,20,37
TACOBAMBA,consulta externa,nuevas en personas de 60 anos o mas,2007-12-01,20,35,20,35,55
TACOPAYA,consulta externa,nuevas en personas de 60 anos o mas,2007-12-01,19,30,19,30,49
TAHUA,consulta externa,nuevas en personas de 60 anos o mas,2007-12-01,6,12,6,12,18
TAPACARI,consulta externa,nuevas en personas de 60 anos o mas,2007-12-01,54,53,54,53,107
TARABUCO,consulta externa,nuevas en personas de 60 anos o mas,2007-12-01,78,99,78,99,177
TARACO,consulta externa,nuevas en personas de 60 anos o mas,2007-12-01,31,22,31,22,53
TARATA,consulta externa,nuevas en personas de 60 anos o mas,2007-12-01,12,24,12,24,36
TARIJA,consulta externa,nuevas en personas de 60 anos o mas,2007-12-01,1963,2611,1963,2611,4574
TARVITA,consulta externa,nuevas en personas de 60 anos o mas,2007-12-01,56,95,56,95,151
TEOPONTE,consulta externa,nuevas en personas de 60 anos o mas,2007-12-01,58,52,58,52,110
TIAWANACU,consulta externa,nuevas en personas de 60 anos o mas,2007-12-01,21,13,21,13,34
TINGUIPAYA,consulta externa,nuevas en personas de 60 anos o mas,2007-12-01,37,55,37,55,92
TIPUANI,consulta externa,nuevas en personas de 60 anos o mas,2007-12-01,35,28,35,28,63
TIQUIPAYA,consulta externa,nuevas en personas de 60 anos o mas,2007-12-01,31,46,31,46,77
TIRAQUE (CBBA),consulta externa,nuevas en personas de 60 anos o mas,2007-12-01,28,26,28,26,54
TITO YUPANQUI (PARQUIPUJIO),consulta externa,nuevas en personas de 60 anos o mas,2007-12-01,17,25,17,25,42
TOCO,consulta externa,nuevas en personas de 60 anos o mas,2007-12-01,13,31,13,31,44
TODOS SANTOS,consulta externa,nuevas en personas de 60 anos o mas,2007-12-01,2,2,2,2,4
TOLATA,consulta externa,nuevas en personas de 60 anos o mas,2007-12-01,7,6,7,6,13
TOLEDO,consulta externa,nuevas en personas de 60 anos o mas,2007-12-01,26,41,26,41,67
TOMAVE,consulta externa,nuevas en personas de 60 anos o mas,2007-12-01,63,75,63,75,138
TOMINA,consulta externa,nuevas en personas de 60 anos o mas,2007-12-01,45,68,45,68,113
TORO TORO,consulta externa,nuevas en personas de 60 anos o mas,2007-12-01,23,50,23,50,73
TOTORA(CBBA),consulta externa,nuevas en personas de 60 anos o mas,2007-12-01,14,20,14,20,34
TOTORA(ORR),consulta externa,nuevas en personas de 60 anos o mas,2007-12-01,20,22,20,22,42
TRIGAL,consulta externa,nuevas en personas de 60 anos o mas,2007-12-01,26,55,26,55,81
TRINIDAD,consulta externa,nuevas en personas de 60 anos o mas,2007-12-01,397,443,397,443,840
TUPIZA,consulta externa,nuevas en personas de 60 anos o mas,2007-12-01,319,519,319,519,838
TURCO,consulta externa,nuevas en personas de 60 anos o mas,2007-12-01,42,28,42,28,70
UMALA,consulta externa,nuevas en personas de 60 anos o mas,2007-12-01,7,13,7,13,20
UNCIA,consulta externa,nuevas en personas de 60 anos o mas,2007-12-01,12,39,12,39,51
URIONDO (A. CONCEPCION),consulta externa,nuevas en personas de 60 anos o mas,2007-12-01,34,66,34,66,100
URUBICHA,consulta externa,nuevas en personas de 60 anos o mas,2007-12-01,6,17,6,17,23
UYUNI,consulta externa,nuevas en personas de 60 anos o mas,2007-12-01,293,328,293,328,621
VACAS,consulta externa,nuevas en personas de 60 anos o mas,2007-12-01,43,69,43,69,112
VALLEGRANDE,consulta externa,nuevas en personas de 60 anos o mas,2007-12-01,97,99,97,99,196
VIACHA,consulta externa,nuevas en personas de 60 anos o mas,2007-12-01,294,302,294,302,596
VILA VILA,consulta externa,nuevas en personas de 60 anos o mas,2007-12-01,9,9,9,9,18
VILLA MONTES,consulta externa,nuevas en personas de 60 anos o mas,2007-12-01,154,186,154,186,340
VILLA NUEVA (LOMA ALTA),consulta externa,nuevas en personas de 60 anos o mas,2007-12-01,1,2,1,2,3
VILLA RIVERO,consulta externa,nuevas en personas de 60 anos o mas,2007-12-01,6,11,6,11,17
VILLA SERRANO,consulta externa,nuevas en personas de 60 anos o mas,2007-12-01,60,84,60,84,144
VILLA TUNARI,consulta externa,nuevas en personas de 60 anos o mas,2007-12-01,61,57,61,57,118
VILLA VACA GUZMAN (MUYUPAMPA),consulta externa,nuevas en personas de 60 anos o mas,2007-12-01,38,66,38,66,104
VILLAZON,consulta externa,nuevas en personas de 60 anos o mas,2007-12-01,228,395,228,395,623
VINTO,consulta externa,nuevas en personas de 60 anos o mas,2007-12-01,17,18,17,18,35
VITICHI,consulta externa,nuevas en personas de 60 anos o mas,2007-12-01,54,96,54,96,150
WALDO BALLIVIAN,consulta externa,nuevas en personas de 60 anos o mas,2007-12-01,3,4,3,4,7
WARNES,consulta externa,nuevas en personas de 60 anos o mas,2007-12-01,192,223,192,223,415
YACO,consulta externa,nuevas en personas de 60 anos o mas,2007-12-01,28,28,28,28,56
YACUIBA,consulta externa,nuevas en personas de 60 anos o mas,2007-12-01,567,679,567,679,1246
YAMPARAEZ,consulta externa,nuevas en personas de 60 anos o mas,2007-12-01,30,49,30,49,79
YANACACHI,consulta externa,nuevas en personas de 60 anos o mas,2007-12-01,31,7,31,7,38
YAPACANI,consulta externa,nuevas en personas de 60 anos o mas,2007-12-01,265,228,265,228,493
YOCALLA,consulta externa,nuevas en personas de 60 anos o mas,2007-12-01,41,82,41,82,123
YOTALA,consulta externa,nuevas en personas de 60 anos o mas,2007-12-01,27,58,27,58,85
YUNCHARA,consulta externa,nuevas en personas de 60 anos o mas,2007-12-01,6,24,6,24,30
ZUDAÑEZ,consulta externa,nuevas en personas de 60 anos o mas,2007-12-01,32,40,32,40,72
