municipality,group,variable,month,Repetidas en menores de 5 años -Hombre,Repetidas en menores de 5 años -Mujer,TOTAL-H,TOTAL-M,TOTAL
ACACIO,consulta externa,repetidas en menores de 5 anos,2007-01-01,2,4,2,4,6
ACHACACHI,consulta externa,repetidas en menores de 5 anos,2007-01-01,1,6,1,6,7
ACHOCALLA,consulta externa,repetidas en menores de 5 anos,2007-01-01,1,4,1,4,5
AIQUILE,consulta externa,repetidas en menores de 5 anos,2007-01-01,43,60,43,60,103
ALALAY,consulta externa,repetidas en menores de 5 anos,2007-01-01,1,0,1,0,1
ANCORAIMES,consulta externa,repetidas en menores de 5 anos,2007-01-01,10,1,10,1,11
ANTEQUERA,consulta externa,repetidas en menores de 5 anos,2007-01-01,5,28,5,28,33
ANZALDO,consulta externa,repetidas en menores de 5 anos,2007-01-01,2,3,2,3,5
APOLO,consulta externa,repetidas en menores de 5 anos,2007-01-01,2,3,2,3,5
ARANI,consulta externa,repetidas en menores de 5 anos,2007-01-01,4,12,4,12,16
ARBIETO,consulta externa,repetidas en menores de 5 anos,2007-01-01,4,7,4,7,11
ARQUE,consulta externa,repetidas en menores de 5 anos,2007-01-01,29,25,29,25,54
ASCENCION DE GUARAYOS,consulta externa,repetidas en menores de 5 anos,2007-01-01,86,64,86,64,150
ATOCHA,consulta externa,repetidas en menores de 5 anos,2007-01-01,18,29,18,29,47
AUCAPATA,consulta externa,repetidas en menores de 5 anos,2007-01-01,0,5,0,5,5
AYATA,consulta externa,repetidas en menores de 5 anos,2007-01-01,4,5,4,5,9
AYO AYO,consulta externa,repetidas en menores de 5 anos,2007-01-01,0,4,0,4,4
AYOPAYA (V. DE INDEPENDENCIA),consulta externa,repetidas en menores de 5 anos,2007-01-01,12,13,12,13,25
BATALLAS,consulta externa,repetidas en menores de 5 anos,2007-01-01,7,4,7,4,11
BAURES,consulta externa,repetidas en menores de 5 anos,2007-01-01,4,7,4,7,11
BELEN DE ANDAMARCA,consulta externa,repetidas en menores de 5 anos,2007-01-01,2,0,2,0,2
BELEN DE URMIRI,consulta externa,repetidas en menores de 5 anos,2007-01-01,2,0,2,0,2
BELLA FLOR,consulta externa,repetidas en menores de 5 anos,2007-01-01,1,1,1,1,2
BERMEJO,consulta externa,repetidas en menores de 5 anos,2007-01-01,37,34,37,34,71
BETANZOS,consulta externa,repetidas en menores de 5 anos,2007-01-01,5,8,5,8,13
BOLIVAR,consulta externa,repetidas en menores de 5 anos,2007-01-01,2,0,2,0,2
BOLPEBRA,consulta externa,repetidas en menores de 5 anos,2007-01-01,1,6,1,6,7
BOYUIBE,consulta externa,repetidas en menores de 5 anos,2007-01-01,6,10,6,10,16
BUENA VISTA,consulta externa,repetidas en menores de 5 anos,2007-01-01,94,65,94,65,159
CABEZAS,consulta externa,repetidas en menores de 5 anos,2007-01-01,11,10,11,10,21
CAIROMA,consulta externa,repetidas en menores de 5 anos,2007-01-01,6,3,6,3,9
"CAIZA ""D""",consulta externa,repetidas en menores de 5 anos,2007-01-01,2,2,2,2,4
CAJUATA,consulta externa,repetidas en menores de 5 anos,2007-01-01,41,33,41,33,74
CALACOTO,consulta externa,repetidas en menores de 5 anos,2007-01-01,1,2,1,2,3
CALAMARCA,consulta externa,repetidas en menores de 5 anos,2007-01-01,3,3,3,3,6
CAMARGO,consulta externa,repetidas en menores de 5 anos,2007-01-01,8,9,8,9,17
CAMATAQUI (C. VILLA ABECIA),consulta externa,repetidas en menores de 5 anos,2007-01-01,11,8,11,8,19
CAMIRI,consulta externa,repetidas en menores de 5 anos,2007-01-01,115,98,115,98,213
CAPINOTA,consulta externa,repetidas en menores de 5 anos,2007-01-01,58,59,58,59,117
CARACOLLO,consulta externa,repetidas en menores de 5 anos,2007-01-01,6,6,6,6,12
CARANAVI,consulta externa,repetidas en menores de 5 anos,2007-01-01,17,28,17,28,45
CARAPARI,consulta externa,repetidas en menores de 5 anos,2007-01-01,3,2,3,2,5
CARIPUYO,consulta externa,repetidas en menores de 5 anos,2007-01-01,1,1,1,1,2
CARMEN RIVERO TORREZ,consulta externa,repetidas en menores de 5 anos,2007-01-01,3,3,3,3,6
CHALLAPATA,consulta externa,repetidas en menores de 5 anos,2007-01-01,14,12,14,12,26
CHAQUI,consulta externa,repetidas en menores de 5 anos,2007-01-01,1,1,1,1,2
CHARAGUA,consulta externa,repetidas en menores de 5 anos,2007-01-01,58,67,58,67,125
CHARAÑA,consulta externa,repetidas en menores de 5 anos,2007-01-01,1,1,1,1,2
CHAYANTA,consulta externa,repetidas en menores de 5 anos,2007-01-01,1,3,1,3,4
CHIMORE,consulta externa,repetidas en menores de 5 anos,2007-01-01,26,39,26,39,65
CHIPAYA,consulta externa,repetidas en menores de 5 anos,2007-01-01,2,0,2,0,2
CHULUMANI (V. DE LA LIBERTAD),consulta externa,repetidas en menores de 5 anos,2007-01-01,42,39,42,39,81
CHUMA,consulta externa,repetidas en menores de 5 anos,2007-01-01,4,1,4,1,5
CLIZA,consulta externa,repetidas en menores de 5 anos,2007-01-01,76,30,76,30,106
COBIJA,consulta externa,repetidas en menores de 5 anos,2007-01-01,150,146,150,146,296
COCHABAMBA,consulta externa,repetidas en menores de 5 anos,2007-01-01,3601,2616,3601,2616,6217
COLCAPIRHUA,consulta externa,repetidas en menores de 5 anos,2007-01-01,124,125,124,125,249
"COLCHA ""K""",consulta externa,repetidas en menores de 5 anos,2007-01-01,3,0,3,0,3
COLLANA,consulta externa,repetidas en menores de 5 anos,2007-01-01,1,1,1,1,2
COLOMI,consulta externa,repetidas en menores de 5 anos,2007-01-01,69,73,69,73,142
COLPA BELGICA,consulta externa,repetidas en menores de 5 anos,2007-01-01,41,46,41,46,87
COLQUECHACA,consulta externa,repetidas en menores de 5 anos,2007-01-01,1,0,1,0,1
COLQUENCHA,consulta externa,repetidas en menores de 5 anos,2007-01-01,2,6,2,6,8
COLQUIRI,consulta externa,repetidas en menores de 5 anos,2007-01-01,34,30,34,30,64
COMANCHE,consulta externa,repetidas en menores de 5 anos,2007-01-01,1,0,1,0,1
COMARAPA,consulta externa,repetidas en menores de 5 anos,2007-01-01,18,33,18,33,51
CONCEPCION,consulta externa,repetidas en menores de 5 anos,2007-01-01,4,0,4,0,4
CORIPATA,consulta externa,repetidas en menores de 5 anos,2007-01-01,43,46,43,46,89
CORO CORO,consulta externa,repetidas en menores de 5 anos,2007-01-01,2,1,2,1,3
COROICO,consulta externa,repetidas en menores de 5 anos,2007-01-01,20,17,20,17,37
CORQUE,consulta externa,repetidas en menores de 5 anos,2007-01-01,4,7,4,7,11
COTAGAITA,consulta externa,repetidas en menores de 5 anos,2007-01-01,20,27,20,27,47
COTOCA,consulta externa,repetidas en menores de 5 anos,2007-01-01,54,55,54,55,109
CUATRO CAÑADAS,consulta externa,repetidas en menores de 5 anos,2007-01-01,15,19,15,19,34
CUCHUMUELA (V. G. VILLARROEL),consulta externa,repetidas en menores de 5 anos,2007-01-01,4,4,4,4,8
CUEVO,consulta externa,repetidas en menores de 5 anos,2007-01-01,3,8,3,8,11
CULPINA,consulta externa,repetidas en menores de 5 anos,2007-01-01,7,4,7,4,11
CURAHUARA DE CARANGAS,consulta externa,repetidas en menores de 5 anos,2007-01-01,3,1,3,1,4
CURVA,consulta externa,repetidas en menores de 5 anos,2007-01-01,3,2,3,2,5
DESAGUADERO,consulta externa,repetidas en menores de 5 anos,2007-01-01,2,1,2,1,3
EL ALTO,consulta externa,repetidas en menores de 5 anos,2007-01-01,1690,1849,1690,1849,3539
EL CHORO,consulta externa,repetidas en menores de 5 anos,2007-01-01,2,0,2,0,2
EL PUENTE(STC),consulta externa,repetidas en menores de 5 anos,2007-01-01,5,5,5,5,10
EL PUENTE(TJA),consulta externa,repetidas en menores de 5 anos,2007-01-01,56,50,56,50,106
EL TORNO,consulta externa,repetidas en menores de 5 anos,2007-01-01,199,166,199,166,365
EL VILLAR,consulta externa,repetidas en menores de 5 anos,2007-01-01,1,1,1,1,2
ENTRE RIOS,consulta externa,repetidas en menores de 5 anos,2007-01-01,11,10,11,10,21
ENTRE RIOS,consulta externa,repetidas en menores de 5 anos,2007-01-01,8,11,8,11,19
EUCALIPTUS,consulta externa,repetidas en menores de 5 anos,2007-01-01,6,11,6,11,17
EXALTACION,consulta externa,repetidas en menores de 5 anos,2007-01-01,0,16,0,16,16
FERNANDEZ ALONSO,consulta externa,repetidas en menores de 5 anos,2007-01-01,47,32,47,32,79
FILADELFIA,consulta externa,repetidas en menores de 5 anos,2007-01-01,5,6,5,6,11
GENERAL SAAVEDRA,consulta externa,repetidas en menores de 5 anos,2007-01-01,46,29,46,29,75
GRAL. J.J. PEREZ (CHARAZANI),consulta externa,repetidas en menores de 5 anos,2007-01-01,0,1,0,1,1
GUANAY,consulta externa,repetidas en menores de 5 anos,2007-01-01,6,3,6,3,9
GUAQUI,consulta externa,repetidas en menores de 5 anos,2007-01-01,4,7,4,7,11
GUAYARAMERIN,consulta externa,repetidas en menores de 5 anos,2007-01-01,88,84,88,84,172
GUTIERREZ,consulta externa,repetidas en menores de 5 anos,2007-01-01,20,11,20,11,31
HUACARETA,consulta externa,repetidas en menores de 5 anos,2007-01-01,12,17,12,17,29
HUACAYA (VILLA DE HUACAYA),consulta externa,repetidas en menores de 5 anos,2007-01-01,0,2,0,2,2
HUACHACALLA,consulta externa,repetidas en menores de 5 anos,2007-01-01,4,4,4,4,8
HUANUNI,consulta externa,repetidas en menores de 5 anos,2007-01-01,116,81,116,81,197
HUARACAJE,consulta externa,repetidas en menores de 5 anos,2007-01-01,4,5,4,5,9
HUAYLLAMARCA,consulta externa,repetidas en menores de 5 anos,2007-01-01,0,1,0,1,1
ICHOCA,consulta externa,repetidas en menores de 5 anos,2007-01-01,1,0,1,0,1
ICLA,consulta externa,repetidas en menores de 5 anos,2007-01-01,2,3,2,3,5
INCAHUASI,consulta externa,repetidas en menores de 5 anos,2007-01-01,5,4,5,4,9
INGAVI (HUMAITA),consulta externa,repetidas en menores de 5 anos,2007-01-01,1,2,1,2,3
INQUISIVI,consulta externa,repetidas en menores de 5 anos,2007-01-01,2,1,2,1,3
IRUPANA (VILLA DE LANZA),consulta externa,repetidas en menores de 5 anos,2007-01-01,10,0,10,0,10
IXIAMAS,consulta externa,repetidas en menores de 5 anos,2007-01-01,13,14,13,14,27
JESUS DE MACHACA,consulta externa,repetidas en menores de 5 anos,2007-01-01,2,0,2,0,2
LA ASUNTA,consulta externa,repetidas en menores de 5 anos,2007-01-01,3,1,3,1,4
LA GUARDIA,consulta externa,repetidas en menores de 5 anos,2007-01-01,93,87,93,87,180
LA PAZ,consulta externa,repetidas en menores de 5 anos,2007-01-01,3325,4585,3325,4585,7910
LAGUNILLAS,consulta externa,repetidas en menores de 5 anos,2007-01-01,3,7,3,7,10
LAJA,consulta externa,repetidas en menores de 5 anos,2007-01-01,4,5,4,5,9
LAS CARRERAS,consulta externa,repetidas en menores de 5 anos,2007-01-01,3,6,3,6,9
LICOMA PAMPA,consulta externa,repetidas en menores de 5 anos,2007-01-01,2,2,2,2,4
LLALLAGUA,consulta externa,repetidas en menores de 5 anos,2007-01-01,11,19,11,19,30
LLICA,consulta externa,repetidas en menores de 5 anos,2007-01-01,1,1,1,1,2
LORETO,consulta externa,repetidas en menores de 5 anos,2007-01-01,19,17,19,17,36
LURIBAY,consulta externa,repetidas en menores de 5 anos,2007-01-01,3,1,3,1,4
MACHACAMARCA,consulta externa,repetidas en menores de 5 anos,2007-01-01,1,0,1,0,1
MACHARETI,consulta externa,repetidas en menores de 5 anos,2007-01-01,6,6,6,6,12
MAGDALENA,consulta externa,repetidas en menores de 5 anos,2007-01-01,15,18,15,18,33
MAIRANA,consulta externa,repetidas en menores de 5 anos,2007-01-01,7,7,7,7,14
MAPIRI,consulta externa,repetidas en menores de 5 anos,2007-01-01,11,12,11,12,23
MECAPACA,consulta externa,repetidas en menores de 5 anos,2007-01-01,4,5,4,5,9
MINEROS,consulta externa,repetidas en menores de 5 anos,2007-01-01,14,8,14,8,22
MIZQUE,consulta externa,repetidas en menores de 5 anos,2007-01-01,9,8,9,8,17
MOCOMOCO,consulta externa,repetidas en menores de 5 anos,2007-01-01,2,2,2,2,4
MOJINETE,consulta externa,repetidas en menores de 5 anos,2007-01-01,2,2,2,2,4
MOJOCOYA,consulta externa,repetidas en menores de 5 anos,2007-01-01,0,3,0,3,3
MONTEAGUDO,consulta externa,repetidas en menores de 5 anos,2007-01-01,65,62,65,62,127
MONTERO,consulta externa,repetidas en menores de 5 anos,2007-01-01,431,359,431,359,790
MORO MORO,consulta externa,repetidas en menores de 5 anos,2007-01-01,1,3,1,3,4
MOROCHATA,consulta externa,repetidas en menores de 5 anos,2007-01-01,58,41,58,41,99
OCURI,consulta externa,repetidas en menores de 5 anos,2007-01-01,6,1,6,1,7
OKINAWA,consulta externa,repetidas en menores de 5 anos,2007-01-01,10,7,10,7,17
OMEREQUE,consulta externa,repetidas en menores de 5 anos,2007-01-01,0,1,0,1,1
ORURO,consulta externa,repetidas en menores de 5 anos,2007-01-01,627,630,627,630,1257
PADCAYA,consulta externa,repetidas en menores de 5 anos,2007-01-01,7,14,7,14,21
PADILLA,consulta externa,repetidas en menores de 5 anos,2007-01-01,6,1,6,1,7
PAILON,consulta externa,repetidas en menores de 5 anos,2007-01-01,18,6,18,6,24
PALCA,consulta externa,repetidas en menores de 5 anos,2007-01-01,10,8,10,8,18
PALOS BLANCOS,consulta externa,repetidas en menores de 5 anos,2007-01-01,44,30,44,30,74
PAMPA AULLAGAS,consulta externa,repetidas en menores de 5 anos,2007-01-01,2,0,2,0,2
PAMPA GRANDE,consulta externa,repetidas en menores de 5 anos,2007-01-01,3,1,3,1,4
PAPEL PAMPA,consulta externa,repetidas en menores de 5 anos,2007-01-01,0,5,0,5,5
PASORAPA,consulta externa,repetidas en menores de 5 anos,2007-01-01,1,0,1,0,1
PATACAMAYA,consulta externa,repetidas en menores de 5 anos,2007-01-01,4,4,4,4,8
PAZÑA,consulta externa,repetidas en menores de 5 anos,2007-01-01,2,5,2,5,7
PELECHUCO,consulta externa,repetidas en menores de 5 anos,2007-01-01,3,3,3,3,6
POCOATA,consulta externa,repetidas en menores de 5 anos,2007-01-01,10,7,10,7,17
POCONA,consulta externa,repetidas en menores de 5 anos,2007-01-01,4,1,4,1,5
POJO (CBBA),consulta externa,repetidas en menores de 5 anos,2007-01-01,1,0,1,0,1
POOPO,consulta externa,repetidas en menores de 5 anos,2007-01-01,4,3,4,3,7
PORCO,consulta externa,repetidas en menores de 5 anos,2007-01-01,3,5,3,5,8
POROMA,consulta externa,repetidas en menores de 5 anos,2007-01-01,0,3,0,3,3
PORONGO,consulta externa,repetidas en menores de 5 anos,2007-01-01,14,31,14,31,45
PORTACHUELO,consulta externa,repetidas en menores de 5 anos,2007-01-01,40,35,40,35,75
PORVENIR,consulta externa,repetidas en menores de 5 anos,2007-01-01,4,12,4,12,16
POSTRER VALLE,consulta externa,repetidas en menores de 5 anos,2007-01-01,0,1,0,1,1
POTOSI,consulta externa,repetidas en menores de 5 anos,2007-01-01,325,339,325,339,664
PUCARA,consulta externa,repetidas en menores de 5 anos,2007-01-01,2,0,2,0,2
PUCARANI,consulta externa,repetidas en menores de 5 anos,2007-01-01,11,10,11,10,21
PUERTO ACOSTA,consulta externa,repetidas en menores de 5 anos,2007-01-01,1,0,1,0,1
PUERTO CARABUCO,consulta externa,repetidas en menores de 5 anos,2007-01-01,2,5,2,5,7
PUERTO GONZALO MORENO,consulta externa,repetidas en menores de 5 anos,2007-01-01,8,10,8,10,18
PUERTO PEREZ,consulta externa,repetidas en menores de 5 anos,2007-01-01,3,0,3,0,3
PUERTO QUIJARRO,consulta externa,repetidas en menores de 5 anos,2007-01-01,25,15,25,15,40
PUERTO RICO,consulta externa,repetidas en menores de 5 anos,2007-01-01,3,7,3,7,10
PUERTO SILES,consulta externa,repetidas en menores de 5 anos,2007-01-01,1,1,1,1,2
PUERTO SUAREZ,consulta externa,repetidas en menores de 5 anos,2007-01-01,18,24,18,24,42
PUERTO VILLARROEL,consulta externa,repetidas en menores de 5 anos,2007-01-01,129,101,129,101,230
PUNA,consulta externa,repetidas en menores de 5 anos,2007-01-01,5,7,5,7,12
PUNATA,consulta externa,repetidas en menores de 5 anos,2007-01-01,76,86,76,86,162
QUIABAYA,consulta externa,repetidas en menores de 5 anos,2007-01-01,2,3,2,3,5
QUILLACOLLO,consulta externa,repetidas en menores de 5 anos,2007-01-01,269,294,269,294,563
QUIME,consulta externa,repetidas en menores de 5 anos,2007-01-01,4,4,4,4,8
QUIRUSILLAS,consulta externa,repetidas en menores de 5 anos,2007-01-01,0,3,0,3,3
RAVELO,consulta externa,repetidas en menores de 5 anos,2007-01-01,1,0,1,0,1
REYES,consulta externa,repetidas en menores de 5 anos,2007-01-01,16,14,16,14,30
RIBERALTA,consulta externa,repetidas en menores de 5 anos,2007-01-01,216,212,216,212,428
ROBORE,consulta externa,repetidas en menores de 5 anos,2007-01-01,14,10,14,10,24
RURRENABAQUE,consulta externa,repetidas en menores de 5 anos,2007-01-01,27,16,27,16,43
SABAYA,consulta externa,repetidas en menores de 5 anos,2007-01-01,1,0,1,0,1
SACABA,consulta externa,repetidas en menores de 5 anos,2007-01-01,207,163,207,163,370
SACABAMBA,consulta externa,repetidas en menores de 5 anos,2007-01-01,4,1,4,1,5
SACACA,consulta externa,repetidas en menores de 5 anos,2007-01-01,0,1,0,1,1
SAIPINA,consulta externa,repetidas en menores de 5 anos,2007-01-01,3,5,3,5,8
SALINAS DE GARCI MENDOZA,consulta externa,repetidas en menores de 5 anos,2007-01-01,1,0,1,0,1
SAMAIPATA,consulta externa,repetidas en menores de 5 anos,2007-01-01,1,4,1,4,5
SAN AGUSTIN,consulta externa,repetidas en menores de 5 anos,2007-01-01,1,1,1,1,2
SAN ANDRES,consulta externa,repetidas en menores de 5 anos,2007-01-01,12,14,12,14,26
SAN ANDRES DE MACHACA,consulta externa,repetidas en menores de 5 anos,2007-01-01,0,1,0,1,1
SAN ANTONIO DE ESMORUCO,consulta externa,repetidas en menores de 5 anos,2007-01-01,3,1,3,1,4
SAN ANTONIO DE LOMERIO,consulta externa,repetidas en menores de 5 anos,2007-01-01,13,8,13,8,21
SAN BENITO,consulta externa,repetidas en menores de 5 anos,2007-01-01,10,4,10,4,14
SAN BORJA,consulta externa,repetidas en menores de 5 anos,2007-01-01,35,25,35,25,60
SAN BUENA VENTURA,consulta externa,repetidas en menores de 5 anos,2007-01-01,15,10,15,10,25
SAN CARLOS,consulta externa,repetidas en menores de 5 anos,2007-01-01,57,68,57,68,125
SAN IGNACIO,consulta externa,repetidas en menores de 5 anos,2007-01-01,53,35,53,35,88
SAN IGNACIO DE VELASCO,consulta externa,repetidas en menores de 5 anos,2007-01-01,116,140,116,140,256
SAN JAVIER(BNI),consulta externa,repetidas en menores de 5 anos,2007-01-01,3,4,3,4,7
SAN JAVIER(STC),consulta externa,repetidas en menores de 5 anos,2007-01-01,59,68,59,68,127
SAN JOAQUIN,consulta externa,repetidas en menores de 5 anos,2007-01-01,8,10,8,10,18
SAN JOSE DE CHIQUITOS,consulta externa,repetidas en menores de 5 anos,2007-01-01,4,2,4,2,6
SAN JUAN DE YAPACANI,consulta externa,repetidas en menores de 5 anos,2007-01-01,46,34,46,34,80
SAN JULIAN,consulta externa,repetidas en menores de 5 anos,2007-01-01,42,34,42,34,76
SAN LORENZO(PND),consulta externa,repetidas en menores de 5 anos,2007-01-01,4,2,4,2,6
SAN LORENZO(TJA),consulta externa,repetidas en menores de 5 anos,2007-01-01,33,52,33,52,85
SAN LUCAS,consulta externa,repetidas en menores de 5 anos,2007-01-01,7,5,7,5,12
SAN MATIAS,consulta externa,repetidas en menores de 5 anos,2007-01-01,37,30,37,30,67
SAN MIGUEL DE VELASCO,consulta externa,repetidas en menores de 5 anos,2007-01-01,84,69,84,69,153
SAN PABLO DE LIPEZ,consulta externa,repetidas en menores de 5 anos,2007-01-01,3,1,3,1,4
SAN PEDRO,consulta externa,repetidas en menores de 5 anos,2007-01-01,54,34,54,34,88
SAN PEDRO DE CURAHUARA,consulta externa,repetidas en menores de 5 anos,2007-01-01,4,8,4,8,12
SAN PEDRO DE TIQUINA,consulta externa,repetidas en menores de 5 anos,2007-01-01,5,1,5,1,6
SAN RAFAEL,consulta externa,repetidas en menores de 5 anos,2007-01-01,18,12,18,12,30
SAN RAMON,consulta externa,repetidas en menores de 5 anos,2007-01-01,13,12,13,12,25
SAN RAMON,consulta externa,repetidas en menores de 5 anos,2007-01-01,2,2,2,2,4
SANTA ANA,consulta externa,repetidas en menores de 5 anos,2007-01-01,30,27,30,27,57
SANTA CRUZ DE LA SIERRA,consulta externa,repetidas en menores de 5 anos,2007-01-01,3574,3570,3574,3570,7144
SANTA ROSA DEL SARA,consulta externa,repetidas en menores de 5 anos,2007-01-01,14,10,14,10,24
SANTIAGO DE CALLAPA,consulta externa,repetidas en menores de 5 anos,2007-01-01,8,8,8,8,16
SANTIAGO DE HUARI,consulta externa,repetidas en menores de 5 anos,2007-01-01,7,5,7,5,12
SANTIVAÑES,consulta externa,repetidas en menores de 5 anos,2007-01-01,11,5,11,5,16
SANTUARIO DE QUILLACAS,consulta externa,repetidas en menores de 5 anos,2007-01-01,1,2,1,2,3
SAPAHAQUI,consulta externa,repetidas en menores de 5 anos,2007-01-01,0,1,0,1,1
SENA,consulta externa,repetidas en menores de 5 anos,2007-01-01,0,1,0,1,1
SICA SICA (VILLA AROMA),consulta externa,repetidas en menores de 5 anos,2007-01-01,2,4,2,4,6
SIPE SIPE,consulta externa,repetidas en menores de 5 anos,2007-01-01,312,244,312,244,556
SOPACHUY,consulta externa,repetidas en menores de 5 anos,2007-01-01,4,1,4,1,5
SORACACHI,consulta externa,repetidas en menores de 5 anos,2007-01-01,1,2,1,2,3
SORATA,consulta externa,repetidas en menores de 5 anos,2007-01-01,2,4,2,4,6
SUCRE,consulta externa,repetidas en menores de 5 anos,2007-01-01,728,1094,728,1094,1822
TACACHI,consulta externa,repetidas en menores de 5 anos,2007-01-01,1,0,1,0,1
TACACOMA,consulta externa,repetidas en menores de 5 anos,2007-01-01,2,0,2,0,2
TAHUA,consulta externa,repetidas en menores de 5 anos,2007-01-01,6,2,6,2,8
TAPACARI,consulta externa,repetidas en menores de 5 anos,2007-01-01,8,2,8,2,10
TARABUCO,consulta externa,repetidas en menores de 5 anos,2007-01-01,51,68,51,68,119
TARACO,consulta externa,repetidas en menores de 5 anos,2007-01-01,2,1,2,1,3
TARATA,consulta externa,repetidas en menores de 5 anos,2007-01-01,7,10,7,10,17
TARIJA,consulta externa,repetidas en menores de 5 anos,2007-01-01,404,370,404,370,774
TARVITA,consulta externa,repetidas en menores de 5 anos,2007-01-01,6,12,6,12,18
TEOPONTE,consulta externa,repetidas en menores de 5 anos,2007-01-01,7,1,7,1,8
TIAWANACU,consulta externa,repetidas en menores de 5 anos,2007-01-01,2,3,2,3,5
TINGUIPAYA,consulta externa,repetidas en menores de 5 anos,2007-01-01,1,2,1,2,3
TIPUANI,consulta externa,repetidas en menores de 5 anos,2007-01-01,4,5,4,5,9
TIQUIPAYA,consulta externa,repetidas en menores de 5 anos,2007-01-01,198,139,198,139,337
TIRAQUE (CBBA),consulta externa,repetidas en menores de 5 anos,2007-01-01,197,182,197,182,379
TITO YUPANQUI (PARQUIPUJIO),consulta externa,repetidas en menores de 5 anos,2007-01-01,1,1,1,1,2
TOCO,consulta externa,repetidas en menores de 5 anos,2007-01-01,2,0,2,0,2
TOLATA,consulta externa,repetidas en menores de 5 anos,2007-01-01,13,3,13,3,16
TOLEDO,consulta externa,repetidas en menores de 5 anos,2007-01-01,11,20,11,20,31
TOMAVE,consulta externa,repetidas en menores de 5 anos,2007-01-01,5,4,5,4,9
TOMINA,consulta externa,repetidas en menores de 5 anos,2007-01-01,8,11,8,11,19
TORO TORO,consulta externa,repetidas en menores de 5 anos,2007-01-01,0,1,0,1,1
TOTORA(CBBA),consulta externa,repetidas en menores de 5 anos,2007-01-01,86,72,86,72,158
TOTORA(ORR),consulta externa,repetidas en menores de 5 anos,2007-01-01,3,6,3,6,9
TRIGAL,consulta externa,repetidas en menores de 5 anos,2007-01-01,1,2,1,2,3
TRINIDAD,consulta externa,repetidas en menores de 5 anos,2007-01-01,371,355,371,355,726
TUPIZA,consulta externa,repetidas en menores de 5 anos,2007-01-01,50,82,50,82,132
TURCO,consulta externa,repetidas en menores de 5 anos,2007-01-01,2,1,2,1,3
UMALA,consulta externa,repetidas en menores de 5 anos,2007-01-01,0,1,0,1,1
UNCIA,consulta externa,repetidas en menores de 5 anos,2007-01-01,12,6,12,6,18
URIONDO (A. CONCEPCION),consulta externa,repetidas en menores de 5 anos,2007-01-01,9,4,9,4,13
URUBICHA,consulta externa,repetidas en menores de 5 anos,2007-01-01,2,1,2,1,3
UYUNI,consulta externa,repetidas en menores de 5 anos,2007-01-01,17,13,17,13,30
VACAS,consulta externa,repetidas en menores de 5 anos,2007-01-01,19,8,19,8,27
VALLEGRANDE,consulta externa,repetidas en menores de 5 anos,2007-01-01,19,11,19,11,30
VIACHA,consulta externa,repetidas en menores de 5 anos,2007-01-01,68,53,68,53,121
VILA VILA,consulta externa,repetidas en menores de 5 anos,2007-01-01,2,3,2,3,5
VILLA MONTES,consulta externa,repetidas en menores de 5 anos,2007-01-01,49,40,49,40,89
VILLA NUEVA (LOMA ALTA),consulta externa,repetidas en menores de 5 anos,2007-01-01,6,5,6,5,11
VILLA RIVERO,consulta externa,repetidas en menores de 5 anos,2007-01-01,1,1,1,1,2
VILLA SERRANO,consulta externa,repetidas en menores de 5 anos,2007-01-01,3,1,3,1,4
VILLA TUNARI,consulta externa,repetidas en menores de 5 anos,2007-01-01,80,63,80,63,143
VILLA VACA GUZMAN (MUYUPAMPA),consulta externa,repetidas en menores de 5 anos,2007-01-01,7,4,7,4,11
VILLAZON,consulta externa,repetidas en menores de 5 anos,2007-01-01,47,35,47,35,82
VINTO,consulta externa,repetidas en menores de 5 anos,2007-01-01,5,2,5,2,7
VITICHI,consulta externa,repetidas en menores de 5 anos,2007-01-01,1,4,1,4,5
WALDO BALLIVIAN,consulta externa,repetidas en menores de 5 anos,2007-01-01,0,6,0,6,6
WARNES,consulta externa,repetidas en menores de 5 anos,2007-01-01,75,72,75,72,147
YACO,consulta externa,repetidas en menores de 5 anos,2007-01-01,5,3,5,3,8
YACUIBA,consulta externa,repetidas en menores de 5 anos,2007-01-01,182,145,182,145,327
YAMPARAEZ,consulta externa,repetidas en menores de 5 anos,2007-01-01,23,19,23,19,42
YAPACANI,consulta externa,repetidas en menores de 5 anos,2007-01-01,35,28,35,28,63
YOCALLA,consulta externa,repetidas en menores de 5 anos,2007-01-01,0,4,0,4,4
YOTALA,consulta externa,repetidas en menores de 5 anos,2007-01-01,17,22,17,22,39
YUNCHARA,consulta externa,repetidas en menores de 5 anos,2007-01-01,7,5,7,5,12
ZUDAÑEZ,consulta externa,repetidas en menores de 5 anos,2007-01-01,8,6,8,6,14
ACACIO,consulta externa,repetidas en menores de 5 anos,2007-02-01,2,0,2,0,2
ACHACACHI,consulta externa,repetidas en menores de 5 anos,2007-02-01,7,5,7,5,12
ACHOCALLA,consulta externa,repetidas en menores de 5 anos,2007-02-01,5,4,5,4,9
AIQUILE,consulta externa,repetidas en menores de 5 anos,2007-02-01,68,56,68,56,124
ALALAY,consulta externa,repetidas en menores de 5 anos,2007-02-01,3,5,3,5,8
ANCORAIMES,consulta externa,repetidas en menores de 5 anos,2007-02-01,10,3,10,3,13
ANDAMARCA,consulta externa,repetidas en menores de 5 anos,2007-02-01,4,3,4,3,7
ANTEQUERA,consulta externa,repetidas en menores de 5 anos,2007-02-01,7,0,7,0,7
ANZALDO,consulta externa,repetidas en menores de 5 anos,2007-02-01,3,2,3,2,5
APOLO,consulta externa,repetidas en menores de 5 anos,2007-02-01,13,15,13,15,28
ARANI,consulta externa,repetidas en menores de 5 anos,2007-02-01,7,6,7,6,13
ARBIETO,consulta externa,repetidas en menores de 5 anos,2007-02-01,9,18,9,18,27
ARQUE,consulta externa,repetidas en menores de 5 anos,2007-02-01,3,1,3,1,4
ASCENCION DE GUARAYOS,consulta externa,repetidas en menores de 5 anos,2007-02-01,43,51,43,51,94
ATOCHA,consulta externa,repetidas en menores de 5 anos,2007-02-01,29,17,29,17,46
AUCAPATA,consulta externa,repetidas en menores de 5 anos,2007-02-01,12,9,12,9,21
AYATA,consulta externa,repetidas en menores de 5 anos,2007-02-01,3,1,3,1,4
AYO AYO,consulta externa,repetidas en menores de 5 anos,2007-02-01,0,1,0,1,1
AYOPAYA (V. DE INDEPENDENCIA),consulta externa,repetidas en menores de 5 anos,2007-02-01,14,9,14,9,23
AZURDUY,consulta externa,repetidas en menores de 5 anos,2007-02-01,1,0,1,0,1
BATALLAS,consulta externa,repetidas en menores de 5 anos,2007-02-01,1,3,1,3,4
BAURES,consulta externa,repetidas en menores de 5 anos,2007-02-01,8,4,8,4,12
BELEN DE ANDAMARCA,consulta externa,repetidas en menores de 5 anos,2007-02-01,0,1,0,1,1
BELEN DE URMIRI,consulta externa,repetidas en menores de 5 anos,2007-02-01,0,1,0,1,1
BELLA FLOR,consulta externa,repetidas en menores de 5 anos,2007-02-01,1,0,1,0,1
BERMEJO,consulta externa,repetidas en menores de 5 anos,2007-02-01,33,22,33,22,55
BETANZOS,consulta externa,repetidas en menores de 5 anos,2007-02-01,15,11,15,11,26
BOLPEBRA,consulta externa,repetidas en menores de 5 anos,2007-02-01,5,4,5,4,9
BOYUIBE,consulta externa,repetidas en menores de 5 anos,2007-02-01,7,4,7,4,11
BUENA VISTA,consulta externa,repetidas en menores de 5 anos,2007-02-01,63,60,63,60,123
CABEZAS,consulta externa,repetidas en menores de 5 anos,2007-02-01,7,12,7,12,19
CAIROMA,consulta externa,repetidas en menores de 5 anos,2007-02-01,2,2,2,2,4
"CAIZA ""D""",consulta externa,repetidas en menores de 5 anos,2007-02-01,2,2,2,2,4
CAJUATA,consulta externa,repetidas en menores de 5 anos,2007-02-01,17,7,17,7,24
CALACOTO,consulta externa,repetidas en menores de 5 anos,2007-02-01,1,1,1,1,2
CALAMARCA,consulta externa,repetidas en menores de 5 anos,2007-02-01,2,3,2,3,5
CAMARGO,consulta externa,repetidas en menores de 5 anos,2007-02-01,3,7,3,7,10
CAMATAQUI (C. VILLA ABECIA),consulta externa,repetidas en menores de 5 anos,2007-02-01,10,7,10,7,17
CAMIRI,consulta externa,repetidas en menores de 5 anos,2007-02-01,52,71,52,71,123
CAPINOTA,consulta externa,repetidas en menores de 5 anos,2007-02-01,59,38,59,38,97
CARACOLLO,consulta externa,repetidas en menores de 5 anos,2007-02-01,1,3,1,3,4
CARANAVI,consulta externa,repetidas en menores de 5 anos,2007-02-01,26,27,26,27,53
CARAPARI,consulta externa,repetidas en menores de 5 anos,2007-02-01,3,10,3,10,13
CATACORA,consulta externa,repetidas en menores de 5 anos,2007-02-01,0,1,0,1,1
CHALLAPATA,consulta externa,repetidas en menores de 5 anos,2007-02-01,10,6,10,6,16
CHAQUI,consulta externa,repetidas en menores de 5 anos,2007-02-01,2,0,2,0,2
CHARAGUA,consulta externa,repetidas en menores de 5 anos,2007-02-01,20,23,20,23,43
CHAYANTA,consulta externa,repetidas en menores de 5 anos,2007-02-01,2,6,2,6,8
CHIMORE,consulta externa,repetidas en menores de 5 anos,2007-02-01,19,22,19,22,41
CHIPAYA,consulta externa,repetidas en menores de 5 anos,2007-02-01,5,1,5,1,6
CHULUMANI (V. DE LA LIBERTAD),consulta externa,repetidas en menores de 5 anos,2007-02-01,23,18,23,18,41
CHUMA,consulta externa,repetidas en menores de 5 anos,2007-02-01,11,11,11,11,22
CLIZA,consulta externa,repetidas en menores de 5 anos,2007-02-01,21,29,21,29,50
COBIJA,consulta externa,repetidas en menores de 5 anos,2007-02-01,64,57,64,57,121
COCHABAMBA,consulta externa,repetidas en menores de 5 anos,2007-02-01,3283,2819,3283,2819,6102
COLCAPIRHUA,consulta externa,repetidas en menores de 5 anos,2007-02-01,116,89,116,89,205
"COLCHA ""K""",consulta externa,repetidas en menores de 5 anos,2007-02-01,4,9,4,9,13
COLOMI,consulta externa,repetidas en menores de 5 anos,2007-02-01,32,22,32,22,54
COLPA BELGICA,consulta externa,repetidas en menores de 5 anos,2007-02-01,37,27,37,27,64
COLQUENCHA,consulta externa,repetidas en menores de 5 anos,2007-02-01,6,2,6,2,8
COLQUIRI,consulta externa,repetidas en menores de 5 anos,2007-02-01,55,22,55,22,77
COMARAPA,consulta externa,repetidas en menores de 5 anos,2007-02-01,35,23,35,23,58
COMBAYA,consulta externa,repetidas en menores de 5 anos,2007-02-01,1,1,1,1,2
CONCEPCION,consulta externa,repetidas en menores de 5 anos,2007-02-01,23,10,23,10,33
COPACABANA,consulta externa,repetidas en menores de 5 anos,2007-02-01,0,1,0,1,1
CORIPATA,consulta externa,repetidas en menores de 5 anos,2007-02-01,16,20,16,20,36
CORO CORO,consulta externa,repetidas en menores de 5 anos,2007-02-01,2,1,2,1,3
COROICO,consulta externa,repetidas en menores de 5 anos,2007-02-01,17,22,17,22,39
CORQUE,consulta externa,repetidas en menores de 5 anos,2007-02-01,2,8,2,8,10
COTAGAITA,consulta externa,repetidas en menores de 5 anos,2007-02-01,13,14,13,14,27
COTOCA,consulta externa,repetidas en menores de 5 anos,2007-02-01,46,32,46,32,78
CUATRO CAÑADAS,consulta externa,repetidas en menores de 5 anos,2007-02-01,51,37,51,37,88
CUCHUMUELA (V. G. VILLARROEL),consulta externa,repetidas en menores de 5 anos,2007-02-01,2,3,2,3,5
CUEVO,consulta externa,repetidas en menores de 5 anos,2007-02-01,6,5,6,5,11
CULPINA,consulta externa,repetidas en menores de 5 anos,2007-02-01,5,4,5,4,9
CURAHUARA DE CARANGAS,consulta externa,repetidas en menores de 5 anos,2007-02-01,1,0,1,0,1
CURVA,consulta externa,repetidas en menores de 5 anos,2007-02-01,0,1,0,1,1
DESAGUADERO,consulta externa,repetidas en menores de 5 anos,2007-02-01,2,1,2,1,3
EL ALTO,consulta externa,repetidas en menores de 5 anos,2007-02-01,1313,1447,1313,1447,2760
EL PUENTE(STC),consulta externa,repetidas en menores de 5 anos,2007-02-01,4,2,4,2,6
EL PUENTE(TJA),consulta externa,repetidas en menores de 5 anos,2007-02-01,36,44,36,44,80
EL TORNO,consulta externa,repetidas en menores de 5 anos,2007-02-01,106,63,106,63,169
EL VILLAR,consulta externa,repetidas en menores de 5 anos,2007-02-01,1,1,1,1,2
ENTRE RIOS,consulta externa,repetidas en menores de 5 anos,2007-02-01,5,7,5,7,12
ENTRE RIOS,consulta externa,repetidas en menores de 5 anos,2007-02-01,40,36,40,36,76
EUCALIPTUS,consulta externa,repetidas en menores de 5 anos,2007-02-01,12,11,12,11,23
EXALTACION,consulta externa,repetidas en menores de 5 anos,2007-02-01,3,6,3,6,9
FERNANDEZ ALONSO,consulta externa,repetidas en menores de 5 anos,2007-02-01,20,14,20,14,34
FILADELFIA,consulta externa,repetidas en menores de 5 anos,2007-02-01,5,5,5,5,10
GENERAL SAAVEDRA,consulta externa,repetidas en menores de 5 anos,2007-02-01,43,45,43,45,88
GRAL. J.J. PEREZ (CHARAZANI),consulta externa,repetidas en menores de 5 anos,2007-02-01,1,1,1,1,2
GUANAY,consulta externa,repetidas en menores de 5 anos,2007-02-01,5,5,5,5,10
GUAQUI,consulta externa,repetidas en menores de 5 anos,2007-02-01,1,1,1,1,2
GUAYARAMERIN,consulta externa,repetidas en menores de 5 anos,2007-02-01,25,40,25,40,65
GUTIERREZ,consulta externa,repetidas en menores de 5 anos,2007-02-01,11,14,11,14,25
HUACARETA,consulta externa,repetidas en menores de 5 anos,2007-02-01,32,44,32,44,76
HUACAYA (VILLA DE HUACAYA),consulta externa,repetidas en menores de 5 anos,2007-02-01,1,1,1,1,2
HUACHACALLA,consulta externa,repetidas en menores de 5 anos,2007-02-01,3,4,3,4,7
HUANUNI,consulta externa,repetidas en menores de 5 anos,2007-02-01,32,52,32,52,84
HUARACAJE,consulta externa,repetidas en menores de 5 anos,2007-02-01,7,4,7,4,11
HUAYLLAMARCA,consulta externa,repetidas en menores de 5 anos,2007-02-01,2,0,2,0,2
ICLA,consulta externa,repetidas en menores de 5 anos,2007-02-01,3,4,3,4,7
INCAHUASI,consulta externa,repetidas en menores de 5 anos,2007-02-01,6,12,6,12,18
INGAVI (HUMAITA),consulta externa,repetidas en menores de 5 anos,2007-02-01,9,11,9,11,20
INQUISIVI,consulta externa,repetidas en menores de 5 anos,2007-02-01,1,1,1,1,2
IRUPANA (VILLA DE LANZA),consulta externa,repetidas en menores de 5 anos,2007-02-01,6,5,6,5,11
IXIAMAS,consulta externa,repetidas en menores de 5 anos,2007-02-01,5,16,5,16,21
JESUS DE MACHACA,consulta externa,repetidas en menores de 5 anos,2007-02-01,2,4,2,4,6
LA ASUNTA,consulta externa,repetidas en menores de 5 anos,2007-02-01,6,8,6,8,14
LA GUARDIA,consulta externa,repetidas en menores de 5 anos,2007-02-01,101,79,101,79,180
LA PAZ,consulta externa,repetidas en menores de 5 anos,2007-02-01,3518,3350,3518,3350,6868
LA RIVERA,consulta externa,repetidas en menores de 5 anos,2007-02-01,0,2,0,2,2
LAGUNILLAS,consulta externa,repetidas en menores de 5 anos,2007-02-01,0,3,0,3,3
LAJA,consulta externa,repetidas en menores de 5 anos,2007-02-01,6,4,6,4,10
LAS CARRERAS,consulta externa,repetidas en menores de 5 anos,2007-02-01,4,3,4,3,7
LICOMA PAMPA,consulta externa,repetidas en menores de 5 anos,2007-02-01,1,1,1,1,2
LLALLAGUA,consulta externa,repetidas en menores de 5 anos,2007-02-01,10,10,10,10,20
LLICA,consulta externa,repetidas en menores de 5 anos,2007-02-01,1,1,1,1,2
LORETO,consulta externa,repetidas en menores de 5 anos,2007-02-01,7,20,7,20,27
LURIBAY,consulta externa,repetidas en menores de 5 anos,2007-02-01,8,0,8,0,8
MACHACAMARCA,consulta externa,repetidas en menores de 5 anos,2007-02-01,0,2,0,2,2
MACHARETI,consulta externa,repetidas en menores de 5 anos,2007-02-01,34,23,34,23,57
MAGDALENA,consulta externa,repetidas en menores de 5 anos,2007-02-01,15,12,15,12,27
MALLA,consulta externa,repetidas en menores de 5 anos,2007-02-01,1,0,1,0,1
MAPIRI,consulta externa,repetidas en menores de 5 anos,2007-02-01,17,10,17,10,27
MECAPACA,consulta externa,repetidas en menores de 5 anos,2007-02-01,7,7,7,7,14
MINEROS,consulta externa,repetidas en menores de 5 anos,2007-02-01,11,15,11,15,26
MIZQUE,consulta externa,repetidas en menores de 5 anos,2007-02-01,27,11,27,11,38
MOCOMOCO,consulta externa,repetidas en menores de 5 anos,2007-02-01,1,0,1,0,1
MOJINETE,consulta externa,repetidas en menores de 5 anos,2007-02-01,2,1,2,1,3
MOJOCOYA,consulta externa,repetidas en menores de 5 anos,2007-02-01,6,7,6,7,13
MONTEAGUDO,consulta externa,repetidas en menores de 5 anos,2007-02-01,55,22,55,22,77
MONTERO,consulta externa,repetidas en menores de 5 anos,2007-02-01,442,337,442,337,779
MORO MORO,consulta externa,repetidas en menores de 5 anos,2007-02-01,0,1,0,1,1
MOROCHATA,consulta externa,repetidas en menores de 5 anos,2007-02-01,77,74,77,74,151
OCURI,consulta externa,repetidas en menores de 5 anos,2007-02-01,0,2,0,2,2
OKINAWA,consulta externa,repetidas en menores de 5 anos,2007-02-01,6,6,6,6,12
OMEREQUE,consulta externa,repetidas en menores de 5 anos,2007-02-01,0,1,0,1,1
ORURO,consulta externa,repetidas en menores de 5 anos,2007-02-01,520,530,520,530,1050
PADCAYA,consulta externa,repetidas en menores de 5 anos,2007-02-01,14,15,14,15,29
PADILLA,consulta externa,repetidas en menores de 5 anos,2007-02-01,3,0,3,0,3
PAILON,consulta externa,repetidas en menores de 5 anos,2007-02-01,4,7,4,7,11
PALCA,consulta externa,repetidas en menores de 5 anos,2007-02-01,1,4,1,4,5
PALOS BLANCOS,consulta externa,repetidas en menores de 5 anos,2007-02-01,10,14,10,14,24
PAMPA GRANDE,consulta externa,repetidas en menores de 5 anos,2007-02-01,0,3,0,3,3
PASORAPA,consulta externa,repetidas en menores de 5 anos,2007-02-01,2,0,2,0,2
PATACAMAYA,consulta externa,repetidas en menores de 5 anos,2007-02-01,5,5,5,5,10
PAZÑA,consulta externa,repetidas en menores de 5 anos,2007-02-01,1,1,1,1,2
POCOATA,consulta externa,repetidas en menores de 5 anos,2007-02-01,2,5,2,5,7
POCONA,consulta externa,repetidas en menores de 5 anos,2007-02-01,6,4,6,4,10
POJO (CBBA),consulta externa,repetidas en menores de 5 anos,2007-02-01,0,1,0,1,1
POOPO,consulta externa,repetidas en menores de 5 anos,2007-02-01,4,2,4,2,6
PORCO,consulta externa,repetidas en menores de 5 anos,2007-02-01,1,1,1,1,2
POROMA,consulta externa,repetidas en menores de 5 anos,2007-02-01,1,0,1,0,1
PORONGO,consulta externa,repetidas en menores de 5 anos,2007-02-01,8,11,8,11,19
PORTACHUELO,consulta externa,repetidas en menores de 5 anos,2007-02-01,12,10,12,10,22
PORVENIR,consulta externa,repetidas en menores de 5 anos,2007-02-01,1,2,1,2,3
POSTRER VALLE,consulta externa,repetidas en menores de 5 anos,2007-02-01,1,7,1,7,8
POTOSI,consulta externa,repetidas en menores de 5 anos,2007-02-01,274,245,274,245,519
PRESTO,consulta externa,repetidas en menores de 5 anos,2007-02-01,0,1,0,1,1
PUCARANI,consulta externa,repetidas en menores de 5 anos,2007-02-01,10,13,10,13,23
PUERTO ACOSTA,consulta externa,repetidas en menores de 5 anos,2007-02-01,2,3,2,3,5
PUERTO CARABUCO,consulta externa,repetidas en menores de 5 anos,2007-02-01,1,1,1,1,2
PUERTO GONZALO MORENO,consulta externa,repetidas en menores de 5 anos,2007-02-01,7,11,7,11,18
PUERTO PEREZ,consulta externa,repetidas en menores de 5 anos,2007-02-01,1,1,1,1,2
PUERTO QUIJARRO,consulta externa,repetidas en menores de 5 anos,2007-02-01,12,16,12,16,28
PUERTO RICO,consulta externa,repetidas en menores de 5 anos,2007-02-01,5,5,5,5,10
PUERTO SUAREZ,consulta externa,repetidas en menores de 5 anos,2007-02-01,19,25,19,25,44
PUERTO VILLARROEL,consulta externa,repetidas en menores de 5 anos,2007-02-01,57,55,57,55,112
PUNA,consulta externa,repetidas en menores de 5 anos,2007-02-01,4,1,4,1,5
PUNATA,consulta externa,repetidas en menores de 5 anos,2007-02-01,80,65,80,65,145
QUIABAYA,consulta externa,repetidas en menores de 5 anos,2007-02-01,1,1,1,1,2
QUILLACOLLO,consulta externa,repetidas en menores de 5 anos,2007-02-01,416,391,416,391,807
QUIME,consulta externa,repetidas en menores de 5 anos,2007-02-01,3,3,3,3,6
QUIRUSILLAS,consulta externa,repetidas en menores de 5 anos,2007-02-01,0,3,0,3,3
RAVELO,consulta externa,repetidas en menores de 5 anos,2007-02-01,0,1,0,1,1
REYES,consulta externa,repetidas en menores de 5 anos,2007-02-01,9,5,9,5,14
RIBERALTA,consulta externa,repetidas en menores de 5 anos,2007-02-01,269,270,269,270,539
ROBORE,consulta externa,repetidas en menores de 5 anos,2007-02-01,8,5,8,5,13
RURRENABAQUE,consulta externa,repetidas en menores de 5 anos,2007-02-01,20,18,20,18,38
SABAYA,consulta externa,repetidas en menores de 5 anos,2007-02-01,0,2,0,2,2
SACABA,consulta externa,repetidas en menores de 5 anos,2007-02-01,241,203,241,203,444
SACABAMBA,consulta externa,repetidas en menores de 5 anos,2007-02-01,8,5,8,5,13
SACACA,consulta externa,repetidas en menores de 5 anos,2007-02-01,4,3,4,3,7
SAIPINA,consulta externa,repetidas en menores de 5 anos,2007-02-01,3,3,3,3,6
SALINAS DE GARCI MENDOZA,consulta externa,repetidas en menores de 5 anos,2007-02-01,5,0,5,0,5
SAMAIPATA,consulta externa,repetidas en menores de 5 anos,2007-02-01,7,1,7,1,8
SAN AGUSTIN,consulta externa,repetidas en menores de 5 anos,2007-02-01,2,2,2,2,4
SAN ANDRES,consulta externa,repetidas en menores de 5 anos,2007-02-01,13,7,13,7,20
SAN ANDRES DE MACHACA,consulta externa,repetidas en menores de 5 anos,2007-02-01,0,1,0,1,1
SAN ANTONIO DE ESMORUCO,consulta externa,repetidas en menores de 5 anos,2007-02-01,1,0,1,0,1
SAN ANTONIO DE LOMERIO,consulta externa,repetidas en menores de 5 anos,2007-02-01,12,11,12,11,23
SAN BENITO,consulta externa,repetidas en menores de 5 anos,2007-02-01,8,11,8,11,19
SAN BORJA,consulta externa,repetidas en menores de 5 anos,2007-02-01,55,56,55,56,111
SAN BUENA VENTURA,consulta externa,repetidas en menores de 5 anos,2007-02-01,14,3,14,3,17
SAN CARLOS,consulta externa,repetidas en menores de 5 anos,2007-02-01,37,35,37,35,72
SAN IGNACIO,consulta externa,repetidas en menores de 5 anos,2007-02-01,38,35,38,35,73
SAN IGNACIO DE VELASCO,consulta externa,repetidas en menores de 5 anos,2007-02-01,78,101,78,101,179
SAN JAVIER(BNI),consulta externa,repetidas en menores de 5 anos,2007-02-01,0,1,0,1,1
SAN JAVIER(STC),consulta externa,repetidas en menores de 5 anos,2007-02-01,9,4,9,4,13
SAN JOAQUIN,consulta externa,repetidas en menores de 5 anos,2007-02-01,36,37,36,37,73
SAN JOSE DE CHIQUITOS,consulta externa,repetidas en menores de 5 anos,2007-02-01,6,5,6,5,11
SAN JUAN DE YAPACANI,consulta externa,repetidas en menores de 5 anos,2007-02-01,20,27,20,27,47
SAN JULIAN,consulta externa,repetidas en menores de 5 anos,2007-02-01,33,23,33,23,56
SAN LORENZO(PND),consulta externa,repetidas en menores de 5 anos,2007-02-01,5,3,5,3,8
SAN LORENZO(TJA),consulta externa,repetidas en menores de 5 anos,2007-02-01,18,14,18,14,32
SAN LUCAS,consulta externa,repetidas en menores de 5 anos,2007-02-01,40,32,40,32,72
SAN MATIAS,consulta externa,repetidas en menores de 5 anos,2007-02-01,11,8,11,8,19
SAN MIGUEL DE VELASCO,consulta externa,repetidas en menores de 5 anos,2007-02-01,60,46,60,46,106
SAN PABLO DE LIPEZ,consulta externa,repetidas en menores de 5 anos,2007-02-01,2,2,2,2,4
SAN PEDRO,consulta externa,repetidas en menores de 5 anos,2007-02-01,38,40,38,40,78
SAN PEDRO DE QUEMES,consulta externa,repetidas en menores de 5 anos,2007-02-01,1,0,1,0,1
SAN PEDRO DE TIQUINA,consulta externa,repetidas en menores de 5 anos,2007-02-01,4,5,4,5,9
SAN RAFAEL,consulta externa,repetidas en menores de 5 anos,2007-02-01,28,8,28,8,36
SAN RAMON,consulta externa,repetidas en menores de 5 anos,2007-02-01,10,10,10,10,20
SAN RAMON,consulta externa,repetidas en menores de 5 anos,2007-02-01,6,8,6,8,14
SANTA ANA,consulta externa,repetidas en menores de 5 anos,2007-02-01,8,6,8,6,14
SANTA CRUZ DE LA SIERRA,consulta externa,repetidas en menores de 5 anos,2007-02-01,3050,3243,3050,3243,6293
SANTA ROSA,consulta externa,repetidas en menores de 5 anos,2007-02-01,1,1,1,1,2
SANTA ROSA DEL SARA,consulta externa,repetidas en menores de 5 anos,2007-02-01,5,7,5,7,12
SANTIAGO DE CALLAPA,consulta externa,repetidas en menores de 5 anos,2007-02-01,4,0,4,0,4
SANTIAGO DE HUARI,consulta externa,repetidas en menores de 5 anos,2007-02-01,5,3,5,3,8
SANTIVAÑES,consulta externa,repetidas en menores de 5 anos,2007-02-01,7,6,7,6,13
SANTUARIO DE QUILLACAS,consulta externa,repetidas en menores de 5 anos,2007-02-01,0,2,0,2,2
SAPAHAQUI,consulta externa,repetidas en menores de 5 anos,2007-02-01,2,1,2,1,3
SENA,consulta externa,repetidas en menores de 5 anos,2007-02-01,3,0,3,0,3
SICA SICA (VILLA AROMA),consulta externa,repetidas en menores de 5 anos,2007-02-01,5,1,5,1,6
SIPE SIPE,consulta externa,repetidas en menores de 5 anos,2007-02-01,262,260,262,260,522
SOPACHUY,consulta externa,repetidas en menores de 5 anos,2007-02-01,2,4,2,4,6
SORACACHI,consulta externa,repetidas en menores de 5 anos,2007-02-01,1,2,1,2,3
SORATA,consulta externa,repetidas en menores de 5 anos,2007-02-01,2,5,2,5,7
SUCRE,consulta externa,repetidas en menores de 5 anos,2007-02-01,855,789,855,789,1644
TACACHI,consulta externa,repetidas en menores de 5 anos,2007-02-01,3,1,3,1,4
TACACOMA,consulta externa,repetidas en menores de 5 anos,2007-02-01,0,1,0,1,1
TACOBAMBA,consulta externa,repetidas en menores de 5 anos,2007-02-01,2,0,2,0,2
TACOPAYA,consulta externa,repetidas en menores de 5 anos,2007-02-01,30,27,30,27,57
TAPACARI,consulta externa,repetidas en menores de 5 anos,2007-02-01,88,71,88,71,159
TARABUCO,consulta externa,repetidas en menores de 5 anos,2007-02-01,160,167,160,167,327
TARACO,consulta externa,repetidas en menores de 5 anos,2007-02-01,3,0,3,0,3
TARATA,consulta externa,repetidas en menores de 5 anos,2007-02-01,4,15,4,15,19
TARIJA,consulta externa,repetidas en menores de 5 anos,2007-02-01,530,471,530,471,1001
TARVITA,consulta externa,repetidas en menores de 5 anos,2007-02-01,17,17,17,17,34
TEOPONTE,consulta externa,repetidas en menores de 5 anos,2007-02-01,1,0,1,0,1
TIAWANACU,consulta externa,repetidas en menores de 5 anos,2007-02-01,2,2,2,2,4
TINGUIPAYA,consulta externa,repetidas en menores de 5 anos,2007-02-01,3,0,3,0,3
TIPUANI,consulta externa,repetidas en menores de 5 anos,2007-02-01,7,45,7,45,52
TIQUIPAYA,consulta externa,repetidas en menores de 5 anos,2007-02-01,251,53,251,53,304
TIRAQUE (CBBA),consulta externa,repetidas en menores de 5 anos,2007-02-01,151,140,151,140,291
TITO YUPANQUI (PARQUIPUJIO),consulta externa,repetidas en menores de 5 anos,2007-02-01,1,3,1,3,4
TOCO,consulta externa,repetidas en menores de 5 anos,2007-02-01,8,6,8,6,14
TOLATA,consulta externa,repetidas en menores de 5 anos,2007-02-01,10,5,10,5,15
TOLEDO,consulta externa,repetidas en menores de 5 anos,2007-02-01,2,2,2,2,4
TOMAVE,consulta externa,repetidas en menores de 5 anos,2007-02-01,12,4,12,4,16
TOMINA,consulta externa,repetidas en menores de 5 anos,2007-02-01,5,4,5,4,9
TORO TORO,consulta externa,repetidas en menores de 5 anos,2007-02-01,3,4,3,4,7
TOTORA(CBBA),consulta externa,repetidas en menores de 5 anos,2007-02-01,76,57,76,57,133
TOTORA(ORR),consulta externa,repetidas en menores de 5 anos,2007-02-01,3,4,3,4,7
TRIGAL,consulta externa,repetidas en menores de 5 anos,2007-02-01,2,3,2,3,5
TRINIDAD,consulta externa,repetidas en menores de 5 anos,2007-02-01,304,290,304,290,594
TUPIZA,consulta externa,repetidas en menores de 5 anos,2007-02-01,51,63,51,63,114
TURCO,consulta externa,repetidas en menores de 5 anos,2007-02-01,4,0,4,0,4
UMALA,consulta externa,repetidas en menores de 5 anos,2007-02-01,0,3,0,3,3
UNCIA,consulta externa,repetidas en menores de 5 anos,2007-02-01,15,9,15,9,24
URIONDO (A. CONCEPCION),consulta externa,repetidas en menores de 5 anos,2007-02-01,6,4,6,4,10
URUBICHA,consulta externa,repetidas en menores de 5 anos,2007-02-01,6,3,6,3,9
UYUNI,consulta externa,repetidas en menores de 5 anos,2007-02-01,15,9,15,9,24
VACAS,consulta externa,repetidas en menores de 5 anos,2007-02-01,22,20,22,20,42
VALLEGRANDE,consulta externa,repetidas en menores de 5 anos,2007-02-01,16,11,16,11,27
VIACHA,consulta externa,repetidas en menores de 5 anos,2007-02-01,52,43,52,43,95
VILA VILA,consulta externa,repetidas en menores de 5 anos,2007-02-01,2,0,2,0,2
VILLA MONTES,consulta externa,repetidas en menores de 5 anos,2007-02-01,30,22,30,22,52
VILLA NUEVA (LOMA ALTA),consulta externa,repetidas en menores de 5 anos,2007-02-01,3,5,3,5,8
VILLA RIVERO,consulta externa,repetidas en menores de 5 anos,2007-02-01,1,2,1,2,3
VILLA SERRANO,consulta externa,repetidas en menores de 5 anos,2007-02-01,0,2,0,2,2
VILLA TUNARI,consulta externa,repetidas en menores de 5 anos,2007-02-01,101,89,101,89,190
VILLA VACA GUZMAN (MUYUPAMPA),consulta externa,repetidas en menores de 5 anos,2007-02-01,15,6,15,6,21
VILLAZON,consulta externa,repetidas en menores de 5 anos,2007-02-01,42,38,42,38,80
VINTO,consulta externa,repetidas en menores de 5 anos,2007-02-01,120,89,120,89,209
VITICHI,consulta externa,repetidas en menores de 5 anos,2007-02-01,2,0,2,0,2
WALDO BALLIVIAN,consulta externa,repetidas en menores de 5 anos,2007-02-01,0,2,0,2,2
WARNES,consulta externa,repetidas en menores de 5 anos,2007-02-01,65,76,65,76,141
YACO,consulta externa,repetidas en menores de 5 anos,2007-02-01,3,2,3,2,5
YACUIBA,consulta externa,repetidas en menores de 5 anos,2007-02-01,127,92,127,92,219
YAMPARAEZ,consulta externa,repetidas en menores de 5 anos,2007-02-01,5,8,5,8,13
YANACACHI,consulta externa,repetidas en menores de 5 anos,2007-02-01,1,0,1,0,1
YAPACANI,consulta externa,repetidas en menores de 5 anos,2007-02-01,11,14,11,14,25
YOCALLA,consulta externa,repetidas en menores de 5 anos,2007-02-01,1,2,1,2,3
YOTALA,consulta externa,repetidas en menores de 5 anos,2007-02-01,9,20,9,20,29
YUNCHARA,consulta externa,repetidas en menores de 5 anos,2007-02-01,9,9,9,9,18
ZUDAÑEZ,consulta externa,repetidas en menores de 5 anos,2007-02-01,4,3,4,3,7
ACACIO,consulta externa,repetidas en menores de 5 anos,2007-03-01,0,3,0,3,3
ACHACACHI,consulta externa,repetidas en menores de 5 anos,2007-03-01,11,7,11,7,18
ACHOCALLA,consulta externa,repetidas en menores de 5 anos,2007-03-01,10,8,10,8,18
AIQUILE,consulta externa,repetidas en menores de 5 anos,2007-03-01,60,77,60,77,137
ALCALA,consulta externa,repetidas en menores de 5 anos,2007-03-01,1,0,1,0,1
ANCORAIMES,consulta externa,repetidas en menores de 5 anos,2007-03-01,8,8,8,8,16
ANDAMARCA,consulta externa,repetidas en menores de 5 anos,2007-03-01,4,5,4,5,9
ANTEQUERA,consulta externa,repetidas en menores de 5 anos,2007-03-01,2,4,2,4,6
ANZALDO,consulta externa,repetidas en menores de 5 anos,2007-03-01,12,11,12,11,23
APOLO,consulta externa,repetidas en menores de 5 anos,2007-03-01,20,11,20,11,31
ARAMPAMPA,consulta externa,repetidas en menores de 5 anos,2007-03-01,2,5,2,5,7
ARANI,consulta externa,repetidas en menores de 5 anos,2007-03-01,8,2,8,2,10
ARBIETO,consulta externa,repetidas en menores de 5 anos,2007-03-01,6,3,6,3,9
ARQUE,consulta externa,repetidas en menores de 5 anos,2007-03-01,58,58,58,58,116
ASCENCION DE GUARAYOS,consulta externa,repetidas en menores de 5 anos,2007-03-01,81,44,81,44,125
ATOCHA,consulta externa,repetidas en menores de 5 anos,2007-03-01,41,34,41,34,75
AUCAPATA,consulta externa,repetidas en menores de 5 anos,2007-03-01,37,27,37,27,64
AYATA,consulta externa,repetidas en menores de 5 anos,2007-03-01,11,10,11,10,21
AYO AYO,consulta externa,repetidas en menores de 5 anos,2007-03-01,5,2,5,2,7
AYOPAYA (V. DE INDEPENDENCIA),consulta externa,repetidas en menores de 5 anos,2007-03-01,10,21,10,21,31
AZURDUY,consulta externa,repetidas en menores de 5 anos,2007-03-01,0,1,0,1,1
BATALLAS,consulta externa,repetidas en menores de 5 anos,2007-03-01,1,1,1,1,2
BAURES,consulta externa,repetidas en menores de 5 anos,2007-03-01,3,5,3,5,8
BELEN DE URMIRI,consulta externa,repetidas en menores de 5 anos,2007-03-01,3,3,3,3,6
BELLA FLOR,consulta externa,repetidas en menores de 5 anos,2007-03-01,15,11,15,11,26
BERMEJO,consulta externa,repetidas en menores de 5 anos,2007-03-01,58,36,58,36,94
BETANZOS,consulta externa,repetidas en menores de 5 anos,2007-03-01,12,9,12,9,21
BOLIVAR,consulta externa,repetidas en menores de 5 anos,2007-03-01,71,66,71,66,137
BOLPEBRA,consulta externa,repetidas en menores de 5 anos,2007-03-01,3,4,3,4,7
BOYUIBE,consulta externa,repetidas en menores de 5 anos,2007-03-01,8,7,8,7,15
BUENA VISTA,consulta externa,repetidas en menores de 5 anos,2007-03-01,59,56,59,56,115
CABEZAS,consulta externa,repetidas en menores de 5 anos,2007-03-01,16,32,16,32,48
CAIROMA,consulta externa,repetidas en menores de 5 anos,2007-03-01,7,1,7,1,8
"CAIZA ""D""",consulta externa,repetidas en menores de 5 anos,2007-03-01,10,2,10,2,12
CAJUATA,consulta externa,repetidas en menores de 5 anos,2007-03-01,8,13,8,13,21
CALACOTO,consulta externa,repetidas en menores de 5 anos,2007-03-01,1,9,1,9,10
CALAMARCA,consulta externa,repetidas en menores de 5 anos,2007-03-01,14,6,14,6,20
CAMARGO,consulta externa,repetidas en menores de 5 anos,2007-03-01,5,7,5,7,12
CAMATAQUI (C. VILLA ABECIA),consulta externa,repetidas en menores de 5 anos,2007-03-01,10,6,10,6,16
CAMIRI,consulta externa,repetidas en menores de 5 anos,2007-03-01,81,94,81,94,175
CAPINOTA,consulta externa,repetidas en menores de 5 anos,2007-03-01,41,53,41,53,94
CAQUIAVIRI,consulta externa,repetidas en menores de 5 anos,2007-03-01,1,1,1,1,2
CARACOLLO,consulta externa,repetidas en menores de 5 anos,2007-03-01,1,2,1,2,3
CARANAVI,consulta externa,repetidas en menores de 5 anos,2007-03-01,16,15,16,15,31
CARANGAS,consulta externa,repetidas en menores de 5 anos,2007-03-01,0,1,0,1,1
CARAPARI,consulta externa,repetidas en menores de 5 anos,2007-03-01,10,14,10,14,24
CARMEN RIVERO TORREZ,consulta externa,repetidas en menores de 5 anos,2007-03-01,1,1,1,1,2
CHALLAPATA,consulta externa,repetidas en menores de 5 anos,2007-03-01,20,13,20,13,33
CHAQUI,consulta externa,repetidas en menores de 5 anos,2007-03-01,1,1,1,1,2
CHARAGUA,consulta externa,repetidas en menores de 5 anos,2007-03-01,97,115,97,115,212
CHARAÑA,consulta externa,repetidas en menores de 5 anos,2007-03-01,1,0,1,0,1
CHAYANTA,consulta externa,repetidas en menores de 5 anos,2007-03-01,3,9,3,9,12
CHIMORE,consulta externa,repetidas en menores de 5 anos,2007-03-01,38,38,38,38,76
CHULUMANI (V. DE LA LIBERTAD),consulta externa,repetidas en menores de 5 anos,2007-03-01,19,27,19,27,46
CHUMA,consulta externa,repetidas en menores de 5 anos,2007-03-01,4,8,4,8,12
CLIZA,consulta externa,repetidas en menores de 5 anos,2007-03-01,62,42,62,42,104
COBIJA,consulta externa,repetidas en menores de 5 anos,2007-03-01,58,76,58,76,134
COCHABAMBA,consulta externa,repetidas en menores de 5 anos,2007-03-01,4000,3720,4000,3720,7720
COLCAPIRHUA,consulta externa,repetidas en menores de 5 anos,2007-03-01,192,171,192,171,363
"COLCHA ""K""",consulta externa,repetidas en menores de 5 anos,2007-03-01,6,8,6,8,14
COLOMI,consulta externa,repetidas en menores de 5 anos,2007-03-01,88,65,88,65,153
COLPA BELGICA,consulta externa,repetidas en menores de 5 anos,2007-03-01,32,52,32,52,84
COLQUECHACA,consulta externa,repetidas en menores de 5 anos,2007-03-01,6,3,6,3,9
COLQUENCHA,consulta externa,repetidas en menores de 5 anos,2007-03-01,7,14,7,14,21
COLQUIRI,consulta externa,repetidas en menores de 5 anos,2007-03-01,38,28,38,28,66
COMANCHE,consulta externa,repetidas en menores de 5 anos,2007-03-01,2,0,2,0,2
COMARAPA,consulta externa,repetidas en menores de 5 anos,2007-03-01,33,38,33,38,71
CONCEPCION,consulta externa,repetidas en menores de 5 anos,2007-03-01,25,15,25,15,40
COPACABANA,consulta externa,repetidas en menores de 5 anos,2007-03-01,0,1,0,1,1
CORIPATA,consulta externa,repetidas en menores de 5 anos,2007-03-01,6,3,6,3,9
CORO CORO,consulta externa,repetidas en menores de 5 anos,2007-03-01,3,1,3,1,4
COROICO,consulta externa,repetidas en menores de 5 anos,2007-03-01,40,46,40,46,86
CORQUE,consulta externa,repetidas en menores de 5 anos,2007-03-01,6,5,6,5,11
COTAGAITA,consulta externa,repetidas en menores de 5 anos,2007-03-01,21,21,21,21,42
COTOCA,consulta externa,repetidas en menores de 5 anos,2007-03-01,47,68,47,68,115
CUATRO CAÑADAS,consulta externa,repetidas en menores de 5 anos,2007-03-01,81,71,81,71,152
CUCHUMUELA (V. G. VILLARROEL),consulta externa,repetidas en menores de 5 anos,2007-03-01,6,5,6,5,11
CUEVO,consulta externa,repetidas en menores de 5 anos,2007-03-01,3,5,3,5,8
CULPINA,consulta externa,repetidas en menores de 5 anos,2007-03-01,12,6,12,6,18
CURAHUARA DE CARANGAS,consulta externa,repetidas en menores de 5 anos,2007-03-01,2,3,2,3,5
DESAGUADERO,consulta externa,repetidas en menores de 5 anos,2007-03-01,4,1,4,1,5
EL ALTO,consulta externa,repetidas en menores de 5 anos,2007-03-01,2642,2082,2642,2082,4724
EL CHORO,consulta externa,repetidas en menores de 5 anos,2007-03-01,1,0,1,0,1
EL PUENTE(STC),consulta externa,repetidas en menores de 5 anos,2007-03-01,9,8,9,8,17
EL PUENTE(TJA),consulta externa,repetidas en menores de 5 anos,2007-03-01,34,24,34,24,58
EL TORNO,consulta externa,repetidas en menores de 5 anos,2007-03-01,138,136,138,136,274
EL VILLAR,consulta externa,repetidas en menores de 5 anos,2007-03-01,0,3,0,3,3
ENTRE RIOS,consulta externa,repetidas en menores de 5 anos,2007-03-01,7,4,7,4,11
ENTRE RIOS,consulta externa,repetidas en menores de 5 anos,2007-03-01,35,32,35,32,67
EUCALIPTUS,consulta externa,repetidas en menores de 5 anos,2007-03-01,9,10,9,10,19
EXALTACION,consulta externa,repetidas en menores de 5 anos,2007-03-01,9,9,9,9,18
FERNANDEZ ALONSO,consulta externa,repetidas en menores de 5 anos,2007-03-01,23,18,23,18,41
FILADELFIA,consulta externa,repetidas en menores de 5 anos,2007-03-01,7,2,7,2,9
GENERAL SAAVEDRA,consulta externa,repetidas en menores de 5 anos,2007-03-01,7,28,7,28,35
GRAL. J.J. PEREZ (CHARAZANI),consulta externa,repetidas en menores de 5 anos,2007-03-01,8,4,8,4,12
GUANAY,consulta externa,repetidas en menores de 5 anos,2007-03-01,8,12,8,12,20
GUAQUI,consulta externa,repetidas en menores de 5 anos,2007-03-01,1,2,1,2,3
GUAYARAMERIN,consulta externa,repetidas en menores de 5 anos,2007-03-01,69,50,69,50,119
GUTIERREZ,consulta externa,repetidas en menores de 5 anos,2007-03-01,35,28,35,28,63
HUACARETA,consulta externa,repetidas en menores de 5 anos,2007-03-01,13,16,13,16,29
HUACHACALLA,consulta externa,repetidas en menores de 5 anos,2007-03-01,1,1,1,1,2
HUANUNI,consulta externa,repetidas en menores de 5 anos,2007-03-01,65,69,65,69,134
HUARACAJE,consulta externa,repetidas en menores de 5 anos,2007-03-01,2,6,2,6,8
HUAYLLAMARCA,consulta externa,repetidas en menores de 5 anos,2007-03-01,2,7,2,7,9
ICLA,consulta externa,repetidas en menores de 5 anos,2007-03-01,6,6,6,6,12
INCAHUASI,consulta externa,repetidas en menores de 5 anos,2007-03-01,13,9,13,9,22
INGAVI (HUMAITA),consulta externa,repetidas en menores de 5 anos,2007-03-01,6,9,6,9,15
INQUISIVI,consulta externa,repetidas en menores de 5 anos,2007-03-01,1,2,1,2,3
IRUPANA (VILLA DE LANZA),consulta externa,repetidas en menores de 5 anos,2007-03-01,7,6,7,6,13
IXIAMAS,consulta externa,repetidas en menores de 5 anos,2007-03-01,11,5,11,5,16
JESUS DE MACHACA,consulta externa,repetidas en menores de 5 anos,2007-03-01,6,3,6,3,9
LA ASUNTA,consulta externa,repetidas en menores de 5 anos,2007-03-01,12,15,12,15,27
LA GUARDIA,consulta externa,repetidas en menores de 5 anos,2007-03-01,63,68,63,68,131
LA PAZ,consulta externa,repetidas en menores de 5 anos,2007-03-01,4483,4383,4483,4383,8866
LAGUNILLAS,consulta externa,repetidas en menores de 5 anos,2007-03-01,6,12,6,12,18
LAJA,consulta externa,repetidas en menores de 5 anos,2007-03-01,7,12,7,12,19
LAS CARRERAS,consulta externa,repetidas en menores de 5 anos,2007-03-01,1,5,1,5,6
LICOMA PAMPA,consulta externa,repetidas en menores de 5 anos,2007-03-01,2,1,2,1,3
LLALLAGUA,consulta externa,repetidas en menores de 5 anos,2007-03-01,16,17,16,17,33
LLICA,consulta externa,repetidas en menores de 5 anos,2007-03-01,6,5,6,5,11
LORETO,consulta externa,repetidas en menores de 5 anos,2007-03-01,7,3,7,3,10
LURIBAY,consulta externa,repetidas en menores de 5 anos,2007-03-01,2,0,2,0,2
MACHACAMARCA,consulta externa,repetidas en menores de 5 anos,2007-03-01,3,0,3,0,3
MACHARETI,consulta externa,repetidas en menores de 5 anos,2007-03-01,8,7,8,7,15
MAGDALENA,consulta externa,repetidas en menores de 5 anos,2007-03-01,18,18,18,18,36
MAIRANA,consulta externa,repetidas en menores de 5 anos,2007-03-01,9,14,9,14,23
MALLA,consulta externa,repetidas en menores de 5 anos,2007-03-01,0,1,0,1,1
MAPIRI,consulta externa,repetidas en menores de 5 anos,2007-03-01,20,7,20,7,27
MECAPACA,consulta externa,repetidas en menores de 5 anos,2007-03-01,13,5,13,5,18
MINEROS,consulta externa,repetidas en menores de 5 anos,2007-03-01,14,15,14,15,29
MIZQUE,consulta externa,repetidas en menores de 5 anos,2007-03-01,46,24,46,24,70
MOCOMOCO,consulta externa,repetidas en menores de 5 anos,2007-03-01,12,2,12,2,14
MOJINETE,consulta externa,repetidas en menores de 5 anos,2007-03-01,3,5,3,5,8
MOJOCOYA,consulta externa,repetidas en menores de 5 anos,2007-03-01,13,11,13,11,24
MONTEAGUDO,consulta externa,repetidas en menores de 5 anos,2007-03-01,52,39,52,39,91
MONTERO,consulta externa,repetidas en menores de 5 anos,2007-03-01,1633,599,1633,599,2232
MORO MORO,consulta externa,repetidas en menores de 5 anos,2007-03-01,1,3,1,3,4
MOROCHATA,consulta externa,repetidas en menores de 5 anos,2007-03-01,61,59,61,59,120
NACEBE (SANTA ROSA DEL ABUNA),consulta externa,repetidas en menores de 5 anos,2007-03-01,0,1,0,1,1
OCURI,consulta externa,repetidas en menores de 5 anos,2007-03-01,3,0,3,0,3
OKINAWA,consulta externa,repetidas en menores de 5 anos,2007-03-01,8,4,8,4,12
ORURO,consulta externa,repetidas en menores de 5 anos,2007-03-01,739,679,739,679,1418
PADCAYA,consulta externa,repetidas en menores de 5 anos,2007-03-01,43,29,43,29,72
PADILLA,consulta externa,repetidas en menores de 5 anos,2007-03-01,4,1,4,1,5
PAILON,consulta externa,repetidas en menores de 5 anos,2007-03-01,10,11,10,11,21
PALCA,consulta externa,repetidas en menores de 5 anos,2007-03-01,6,10,6,10,16
PALOS BLANCOS,consulta externa,repetidas en menores de 5 anos,2007-03-01,39,36,39,36,75
PAMPA AULLAGAS,consulta externa,repetidas en menores de 5 anos,2007-03-01,0,3,0,3,3
PAMPA GRANDE,consulta externa,repetidas en menores de 5 anos,2007-03-01,4,4,4,4,8
PAPEL PAMPA,consulta externa,repetidas en menores de 5 anos,2007-03-01,1,1,1,1,2
PASORAPA,consulta externa,repetidas en menores de 5 anos,2007-03-01,30,35,30,35,65
PATACAMAYA,consulta externa,repetidas en menores de 5 anos,2007-03-01,3,4,3,4,7
PAZÑA,consulta externa,repetidas en menores de 5 anos,2007-03-01,2,3,2,3,5
POCOATA,consulta externa,repetidas en menores de 5 anos,2007-03-01,9,3,9,3,12
POCONA,consulta externa,repetidas en menores de 5 anos,2007-03-01,5,5,5,5,10
POJO (CBBA),consulta externa,repetidas en menores de 5 anos,2007-03-01,4,4,4,4,8
POOPO,consulta externa,repetidas en menores de 5 anos,2007-03-01,15,6,15,6,21
PORCO,consulta externa,repetidas en menores de 5 anos,2007-03-01,3,1,3,1,4
POROMA,consulta externa,repetidas en menores de 5 anos,2007-03-01,5,2,5,2,7
PORONGO,consulta externa,repetidas en menores de 5 anos,2007-03-01,17,6,17,6,23
PORTACHUELO,consulta externa,repetidas en menores de 5 anos,2007-03-01,29,29,29,29,58
PORVENIR,consulta externa,repetidas en menores de 5 anos,2007-03-01,6,3,6,3,9
POSTRER VALLE,consulta externa,repetidas en menores de 5 anos,2007-03-01,4,2,4,2,6
POTOSI,consulta externa,repetidas en menores de 5 anos,2007-03-01,518,426,518,426,944
PRESTO,consulta externa,repetidas en menores de 5 anos,2007-03-01,2,2,2,2,4
PUCARA,consulta externa,repetidas en menores de 5 anos,2007-03-01,1,0,1,0,1
PUCARANI,consulta externa,repetidas en menores de 5 anos,2007-03-01,4,9,4,9,13
PUERTO ACOSTA,consulta externa,repetidas en menores de 5 anos,2007-03-01,9,7,9,7,16
PUERTO CARABUCO,consulta externa,repetidas en menores de 5 anos,2007-03-01,2,2,2,2,4
PUERTO GONZALO MORENO,consulta externa,repetidas en menores de 5 anos,2007-03-01,8,8,8,8,16
PUERTO PEREZ,consulta externa,repetidas en menores de 5 anos,2007-03-01,3,0,3,0,3
PUERTO QUIJARRO,consulta externa,repetidas en menores de 5 anos,2007-03-01,29,27,29,27,56
PUERTO RICO,consulta externa,repetidas en menores de 5 anos,2007-03-01,13,6,13,6,19
PUERTO SILES,consulta externa,repetidas en menores de 5 anos,2007-03-01,2,0,2,0,2
PUERTO SUAREZ,consulta externa,repetidas en menores de 5 anos,2007-03-01,29,35,29,35,64
PUERTO VILLARROEL,consulta externa,repetidas en menores de 5 anos,2007-03-01,100,101,100,101,201
PUNA,consulta externa,repetidas en menores de 5 anos,2007-03-01,5,6,5,6,11
PUNATA,consulta externa,repetidas en menores de 5 anos,2007-03-01,77,102,77,102,179
QUIABAYA,consulta externa,repetidas en menores de 5 anos,2007-03-01,7,2,7,2,9
QUILLACOLLO,consulta externa,repetidas en menores de 5 anos,2007-03-01,447,399,447,399,846
QUIME,consulta externa,repetidas en menores de 5 anos,2007-03-01,2,1,2,1,3
QUIRUSILLAS,consulta externa,repetidas en menores de 5 anos,2007-03-01,4,3,4,3,7
RAVELO,consulta externa,repetidas en menores de 5 anos,2007-03-01,0,1,0,1,1
REYES,consulta externa,repetidas en menores de 5 anos,2007-03-01,16,26,16,26,42
RIBERALTA,consulta externa,repetidas en menores de 5 anos,2007-03-01,333,280,333,280,613
ROBORE,consulta externa,repetidas en menores de 5 anos,2007-03-01,7,17,7,17,24
RURRENABAQUE,consulta externa,repetidas en menores de 5 anos,2007-03-01,85,66,85,66,151
SABAYA,consulta externa,repetidas en menores de 5 anos,2007-03-01,0,5,0,5,5
SACABA,consulta externa,repetidas en menores de 5 anos,2007-03-01,333,337,333,337,670
SACABAMBA,consulta externa,repetidas en menores de 5 anos,2007-03-01,17,11,17,11,28
SACACA,consulta externa,repetidas en menores de 5 anos,2007-03-01,7,5,7,5,12
SAIPINA,consulta externa,repetidas en menores de 5 anos,2007-03-01,33,15,33,15,48
SALINAS DE GARCI MENDOZA,consulta externa,repetidas en menores de 5 anos,2007-03-01,5,4,5,4,9
SAMAIPATA,consulta externa,repetidas en menores de 5 anos,2007-03-01,8,6,8,6,14
SAN AGUSTIN,consulta externa,repetidas en menores de 5 anos,2007-03-01,1,0,1,0,1
SAN ANDRES,consulta externa,repetidas en menores de 5 anos,2007-03-01,12,7,12,7,19
SAN ANDRES DE MACHACA,consulta externa,repetidas en menores de 5 anos,2007-03-01,8,1,8,1,9
SAN ANTONIO DE LOMERIO,consulta externa,repetidas en menores de 5 anos,2007-03-01,8,6,8,6,14
SAN BENITO,consulta externa,repetidas en menores de 5 anos,2007-03-01,14,23,14,23,37
SAN BORJA,consulta externa,repetidas en menores de 5 anos,2007-03-01,102,81,102,81,183
SAN BUENA VENTURA,consulta externa,repetidas en menores de 5 anos,2007-03-01,14,5,14,5,19
SAN CARLOS,consulta externa,repetidas en menores de 5 anos,2007-03-01,31,56,31,56,87
SAN IGNACIO,consulta externa,repetidas en menores de 5 anos,2007-03-01,56,34,56,34,90
SAN IGNACIO DE VELASCO,consulta externa,repetidas en menores de 5 anos,2007-03-01,249,303,249,303,552
SAN JAVIER(BNI),consulta externa,repetidas en menores de 5 anos,2007-03-01,5,3,5,3,8
SAN JAVIER(STC),consulta externa,repetidas en menores de 5 anos,2007-03-01,12,11,12,11,23
SAN JOAQUIN,consulta externa,repetidas en menores de 5 anos,2007-03-01,33,24,33,24,57
SAN JOSE DE CHIQUITOS,consulta externa,repetidas en menores de 5 anos,2007-03-01,1,1,1,1,2
SAN JUAN DE YAPACANI,consulta externa,repetidas en menores de 5 anos,2007-03-01,35,27,35,27,62
SAN JULIAN,consulta externa,repetidas en menores de 5 anos,2007-03-01,30,37,30,37,67
SAN LORENZO(PND),consulta externa,repetidas en menores de 5 anos,2007-03-01,44,40,44,40,84
SAN LORENZO(TJA),consulta externa,repetidas en menores de 5 anos,2007-03-01,18,16,18,16,34
SAN LUCAS,consulta externa,repetidas en menores de 5 anos,2007-03-01,31,66,31,66,97
SAN MATIAS,consulta externa,repetidas en menores de 5 anos,2007-03-01,9,7,9,7,16
SAN MIGUEL DE VELASCO,consulta externa,repetidas en menores de 5 anos,2007-03-01,62,68,62,68,130
SAN PABLO DE LIPEZ,consulta externa,repetidas en menores de 5 anos,2007-03-01,3,2,3,2,5
SAN PEDRO,consulta externa,repetidas en menores de 5 anos,2007-03-01,49,43,49,43,92
SAN PEDRO DE CURAHUARA,consulta externa,repetidas en menores de 5 anos,2007-03-01,0,1,0,1,1
SAN PEDRO DE TIQUINA,consulta externa,repetidas en menores de 5 anos,2007-03-01,2,6,2,6,8
SAN RAFAEL,consulta externa,repetidas en menores de 5 anos,2007-03-01,18,16,18,16,34
SAN RAMON,consulta externa,repetidas en menores de 5 anos,2007-03-01,6,10,6,10,16
SAN RAMON,consulta externa,repetidas en menores de 5 anos,2007-03-01,15,12,15,12,27
SANTA ANA,consulta externa,repetidas en menores de 5 anos,2007-03-01,9,12,9,12,21
SANTA CRUZ DE LA SIERRA,consulta externa,repetidas en menores de 5 anos,2007-03-01,4004,3906,4004,3906,7910
SANTA ROSA,consulta externa,repetidas en menores de 5 anos,2007-03-01,7,2,7,2,9
SANTA ROSA DEL SARA,consulta externa,repetidas en menores de 5 anos,2007-03-01,6,3,6,3,9
SANTIAGO DE HUARI,consulta externa,repetidas en menores de 5 anos,2007-03-01,13,11,13,11,24
SANTIAGO DE MACHACA,consulta externa,repetidas en menores de 5 anos,2007-03-01,0,2,0,2,2
SANTIVAÑES,consulta externa,repetidas en menores de 5 anos,2007-03-01,5,12,5,12,17
SANTUARIO DE QUILLACAS,consulta externa,repetidas en menores de 5 anos,2007-03-01,1,0,1,0,1
SAPAHAQUI,consulta externa,repetidas en menores de 5 anos,2007-03-01,9,2,9,2,11
SENA,consulta externa,repetidas en menores de 5 anos,2007-03-01,7,7,7,7,14
SICA SICA (VILLA AROMA),consulta externa,repetidas en menores de 5 anos,2007-03-01,3,0,3,0,3
SIPE SIPE,consulta externa,repetidas en menores de 5 anos,2007-03-01,351,296,351,296,647
SOPACHUY,consulta externa,repetidas en menores de 5 anos,2007-03-01,24,25,24,25,49
SORACACHI,consulta externa,repetidas en menores de 5 anos,2007-03-01,7,8,7,8,15
SORATA,consulta externa,repetidas en menores de 5 anos,2007-03-01,0,5,0,5,5
SUCRE,consulta externa,repetidas en menores de 5 anos,2007-03-01,1231,1181,1231,1181,2412
TACACHI,consulta externa,repetidas en menores de 5 anos,2007-03-01,11,5,11,5,16
TACOBAMBA,consulta externa,repetidas en menores de 5 anos,2007-03-01,2,2,2,2,4
TACOPAYA,consulta externa,repetidas en menores de 5 anos,2007-03-01,2,0,2,0,2
TAHUA,consulta externa,repetidas en menores de 5 anos,2007-03-01,4,0,4,0,4
TAPACARI,consulta externa,repetidas en menores de 5 anos,2007-03-01,29,28,29,28,57
TARABUCO,consulta externa,repetidas en menores de 5 anos,2007-03-01,223,260,223,260,483
TARACO,consulta externa,repetidas en menores de 5 anos,2007-03-01,5,0,5,0,5
TARATA,consulta externa,repetidas en menores de 5 anos,2007-03-01,4,17,4,17,21
TARIJA,consulta externa,repetidas en menores de 5 anos,2007-03-01,764,741,764,741,1505
TARVITA,consulta externa,repetidas en menores de 5 anos,2007-03-01,6,2,6,2,8
TEOPONTE,consulta externa,repetidas en menores de 5 anos,2007-03-01,3,3,3,3,6
TIAWANACU,consulta externa,repetidas en menores de 5 anos,2007-03-01,4,1,4,1,5
TINGUIPAYA,consulta externa,repetidas en menores de 5 anos,2007-03-01,4,1,4,1,5
TIPUANI,consulta externa,repetidas en menores de 5 anos,2007-03-01,19,19,19,19,38
TIQUIPAYA,consulta externa,repetidas en menores de 5 anos,2007-03-01,234,188,234,188,422
TIRAQUE (CBBA),consulta externa,repetidas en menores de 5 anos,2007-03-01,136,111,136,111,247
TITO YUPANQUI (PARQUIPUJIO),consulta externa,repetidas en menores de 5 anos,2007-03-01,1,4,1,4,5
TOCO,consulta externa,repetidas en menores de 5 anos,2007-03-01,12,7,12,7,19
TOLATA,consulta externa,repetidas en menores de 5 anos,2007-03-01,17,23,17,23,40
TOLEDO,consulta externa,repetidas en menores de 5 anos,2007-03-01,12,6,12,6,18
TOMAVE,consulta externa,repetidas en menores de 5 anos,2007-03-01,3,2,3,2,5
TOMINA,consulta externa,repetidas en menores de 5 anos,2007-03-01,3,2,3,2,5
TORO TORO,consulta externa,repetidas en menores de 5 anos,2007-03-01,3,0,3,0,3
TOTORA(CBBA),consulta externa,repetidas en menores de 5 anos,2007-03-01,118,88,118,88,206
TOTORA(ORR),consulta externa,repetidas en menores de 5 anos,2007-03-01,5,4,5,4,9
TRIGAL,consulta externa,repetidas en menores de 5 anos,2007-03-01,6,3,6,3,9
TRINIDAD,consulta externa,repetidas en menores de 5 anos,2007-03-01,353,413,353,413,766
TUPIZA,consulta externa,repetidas en menores de 5 anos,2007-03-01,66,92,66,92,158
TURCO,consulta externa,repetidas en menores de 5 anos,2007-03-01,3,4,3,4,7
UNCIA,consulta externa,repetidas en menores de 5 anos,2007-03-01,19,20,19,20,39
URIONDO (A. CONCEPCION),consulta externa,repetidas en menores de 5 anos,2007-03-01,8,12,8,12,20
URUBICHA,consulta externa,repetidas en menores de 5 anos,2007-03-01,3,3,3,3,6
UYUNI,consulta externa,repetidas en menores de 5 anos,2007-03-01,12,15,12,15,27
VACAS,consulta externa,repetidas en menores de 5 anos,2007-03-01,28,24,28,24,52
VALLEGRANDE,consulta externa,repetidas en menores de 5 anos,2007-03-01,13,9,13,9,22
VIACHA,consulta externa,repetidas en menores de 5 anos,2007-03-01,54,48,54,48,102
VILLA MONTES,consulta externa,repetidas en menores de 5 anos,2007-03-01,32,36,32,36,68
VILLA NUEVA (LOMA ALTA),consulta externa,repetidas en menores de 5 anos,2007-03-01,5,4,5,4,9
VILLA RIVERO,consulta externa,repetidas en menores de 5 anos,2007-03-01,1,0,1,0,1
VILLA SERRANO,consulta externa,repetidas en menores de 5 anos,2007-03-01,6,6,6,6,12
VILLA TUNARI,consulta externa,repetidas en menores de 5 anos,2007-03-01,74,65,74,65,139
VILLA VACA GUZMAN (MUYUPAMPA),consulta externa,repetidas en menores de 5 anos,2007-03-01,20,13,20,13,33
VILLAZON,consulta externa,repetidas en menores de 5 anos,2007-03-01,34,47,34,47,81
VINTO,consulta externa,repetidas en menores de 5 anos,2007-03-01,157,128,157,128,285
VITICHI,consulta externa,repetidas en menores de 5 anos,2007-03-01,3,6,3,6,9
WALDO BALLIVIAN,consulta externa,repetidas en menores de 5 anos,2007-03-01,2,3,2,3,5
WARNES,consulta externa,repetidas en menores de 5 anos,2007-03-01,75,81,75,81,156
YACO,consulta externa,repetidas en menores de 5 anos,2007-03-01,0,1,0,1,1
YACUIBA,consulta externa,repetidas en menores de 5 anos,2007-03-01,198,169,198,169,367
YAMPARAEZ,consulta externa,repetidas en menores de 5 anos,2007-03-01,26,21,26,21,47
YANACACHI,consulta externa,repetidas en menores de 5 anos,2007-03-01,3,1,3,1,4
YAPACANI,consulta externa,repetidas en menores de 5 anos,2007-03-01,51,56,51,56,107
YOTALA,consulta externa,repetidas en menores de 5 anos,2007-03-01,40,15,40,15,55
YUNCHARA,consulta externa,repetidas en menores de 5 anos,2007-03-01,5,7,5,7,12
ZUDAÑEZ,consulta externa,repetidas en menores de 5 anos,2007-03-01,5,7,5,7,12
ACACIO,consulta externa,repetidas en menores de 5 anos,2007-04-01,1,4,1,4,5
ACHACACHI,consulta externa,repetidas en menores de 5 anos,2007-04-01,10,12,10,12,22
ACHOCALLA,consulta externa,repetidas en menores de 5 anos,2007-04-01,10,5,10,5,15
AIQUILE,consulta externa,repetidas en menores de 5 anos,2007-04-01,147,135,147,135,282
ALALAY,consulta externa,repetidas en menores de 5 anos,2007-04-01,7,6,7,6,13
ALCALA,consulta externa,repetidas en menores de 5 anos,2007-04-01,6,2,6,2,8
ANCORAIMES,consulta externa,repetidas en menores de 5 anos,2007-04-01,10,5,10,5,15
ANDAMARCA,consulta externa,repetidas en menores de 5 anos,2007-04-01,3,5,3,5,8
ANTEQUERA,consulta externa,repetidas en menores de 5 anos,2007-04-01,6,6,6,6,12
ANZALDO,consulta externa,repetidas en menores de 5 anos,2007-04-01,16,14,16,14,30
APOLO,consulta externa,repetidas en menores de 5 anos,2007-04-01,17,16,17,16,33
ARAMPAMPA,consulta externa,repetidas en menores de 5 anos,2007-04-01,2,0,2,0,2
ARANI,consulta externa,repetidas en menores de 5 anos,2007-04-01,43,36,43,36,79
ARBIETO,consulta externa,repetidas en menores de 5 anos,2007-04-01,14,5,14,5,19
ARQUE,consulta externa,repetidas en menores de 5 anos,2007-04-01,14,21,14,21,35
ASCENCION DE GUARAYOS,consulta externa,repetidas en menores de 5 anos,2007-04-01,38,37,38,37,75
ATOCHA,consulta externa,repetidas en menores de 5 anos,2007-04-01,42,28,42,28,70
AUCAPATA,consulta externa,repetidas en menores de 5 anos,2007-04-01,21,27,21,27,48
AYATA,consulta externa,repetidas en menores de 5 anos,2007-04-01,14,12,14,12,26
AYO AYO,consulta externa,repetidas en menores de 5 anos,2007-04-01,1,4,1,4,5
AYOPAYA (V. DE INDEPENDENCIA),consulta externa,repetidas en menores de 5 anos,2007-04-01,13,13,13,13,26
AZURDUY,consulta externa,repetidas en menores de 5 anos,2007-04-01,2,2,2,2,4
BATALLAS,consulta externa,repetidas en menores de 5 anos,2007-04-01,1,5,1,5,6
BAURES,consulta externa,repetidas en menores de 5 anos,2007-04-01,8,3,8,3,11
BELEN DE ANDAMARCA,consulta externa,repetidas en menores de 5 anos,2007-04-01,0,2,0,2,2
BELEN DE URMIRI,consulta externa,repetidas en menores de 5 anos,2007-04-01,3,5,3,5,8
BELLA FLOR,consulta externa,repetidas en menores de 5 anos,2007-04-01,0,1,0,1,1
BERMEJO,consulta externa,repetidas en menores de 5 anos,2007-04-01,41,31,41,31,72
BETANZOS,consulta externa,repetidas en menores de 5 anos,2007-04-01,23,25,23,25,48
BOLIVAR,consulta externa,repetidas en menores de 5 anos,2007-04-01,4,0,4,0,4
BOLPEBRA,consulta externa,repetidas en menores de 5 anos,2007-04-01,2,3,2,3,5
BOYUIBE,consulta externa,repetidas en menores de 5 anos,2007-04-01,27,23,27,23,50
BUENA VISTA,consulta externa,repetidas en menores de 5 anos,2007-04-01,47,44,47,44,91
CABEZAS,consulta externa,repetidas en menores de 5 anos,2007-04-01,25,8,25,8,33
CAIROMA,consulta externa,repetidas en menores de 5 anos,2007-04-01,4,2,4,2,6
"CAIZA ""D""",consulta externa,repetidas en menores de 5 anos,2007-04-01,6,1,6,1,7
CAJUATA,consulta externa,repetidas en menores de 5 anos,2007-04-01,7,5,7,5,12
CALACOTO,consulta externa,repetidas en menores de 5 anos,2007-04-01,1,3,1,3,4
CALAMARCA,consulta externa,repetidas en menores de 5 anos,2007-04-01,16,7,16,7,23
CAMARGO,consulta externa,repetidas en menores de 5 anos,2007-04-01,10,1,10,1,11
CAMATAQUI (C. VILLA ABECIA),consulta externa,repetidas en menores de 5 anos,2007-04-01,8,11,8,11,19
CAMIRI,consulta externa,repetidas en menores de 5 anos,2007-04-01,146,123,146,123,269
CAPINOTA,consulta externa,repetidas en menores de 5 anos,2007-04-01,59,42,59,42,101
CAQUIAVIRI,consulta externa,repetidas en menores de 5 anos,2007-04-01,1,3,1,3,4
CARACOLLO,consulta externa,repetidas en menores de 5 anos,2007-04-01,2,0,2,0,2
CARANAVI,consulta externa,repetidas en menores de 5 anos,2007-04-01,83,140,83,140,223
CARANGAS,consulta externa,repetidas en menores de 5 anos,2007-04-01,0,1,0,1,1
CARAPARI,consulta externa,repetidas en menores de 5 anos,2007-04-01,9,18,9,18,27
CARIPUYO,consulta externa,repetidas en menores de 5 anos,2007-04-01,1,0,1,0,1
CARMEN RIVERO TORREZ,consulta externa,repetidas en menores de 5 anos,2007-04-01,1,0,1,0,1
CATACORA,consulta externa,repetidas en menores de 5 anos,2007-04-01,0,1,0,1,1
CHACARILLA,consulta externa,repetidas en menores de 5 anos,2007-04-01,1,1,1,1,2
CHALLAPATA,consulta externa,repetidas en menores de 5 anos,2007-04-01,26,39,26,39,65
CHAQUI,consulta externa,repetidas en menores de 5 anos,2007-04-01,2,0,2,0,2
CHARAGUA,consulta externa,repetidas en menores de 5 anos,2007-04-01,57,87,57,87,144
CHARAÑA,consulta externa,repetidas en menores de 5 anos,2007-04-01,0,1,0,1,1
CHAYANTA,consulta externa,repetidas en menores de 5 anos,2007-04-01,1,0,1,0,1
CHIMORE,consulta externa,repetidas en menores de 5 anos,2007-04-01,14,23,14,23,37
CHIPAYA,consulta externa,repetidas en menores de 5 anos,2007-04-01,0,1,0,1,1
CHOQUE COTA,consulta externa,repetidas en menores de 5 anos,2007-04-01,2,0,2,0,2
CHULUMANI (V. DE LA LIBERTAD),consulta externa,repetidas en menores de 5 anos,2007-04-01,24,24,24,24,48
CHUMA,consulta externa,repetidas en menores de 5 anos,2007-04-01,0,2,0,2,2
CLIZA,consulta externa,repetidas en menores de 5 anos,2007-04-01,40,46,40,46,86
COBIJA,consulta externa,repetidas en menores de 5 anos,2007-04-01,90,68,90,68,158
COCHABAMBA,consulta externa,repetidas en menores de 5 anos,2007-04-01,3826,3550,3826,3550,7376
COLCAPIRHUA,consulta externa,repetidas en menores de 5 anos,2007-04-01,116,121,116,121,237
"COLCHA ""K""",consulta externa,repetidas en menores de 5 anos,2007-04-01,2,3,2,3,5
COLLANA,consulta externa,repetidas en menores de 5 anos,2007-04-01,3,0,3,0,3
COLOMI,consulta externa,repetidas en menores de 5 anos,2007-04-01,64,55,64,55,119
COLPA BELGICA,consulta externa,repetidas en menores de 5 anos,2007-04-01,47,48,47,48,95
COLQUECHACA,consulta externa,repetidas en menores de 5 anos,2007-04-01,1,5,1,5,6
COLQUENCHA,consulta externa,repetidas en menores de 5 anos,2007-04-01,4,11,4,11,15
COLQUIRI,consulta externa,repetidas en menores de 5 anos,2007-04-01,30,29,30,29,59
COMANCHE,consulta externa,repetidas en menores de 5 anos,2007-04-01,1,5,1,5,6
COMARAPA,consulta externa,repetidas en menores de 5 anos,2007-04-01,30,13,30,13,43
COMBAYA,consulta externa,repetidas en menores de 5 anos,2007-04-01,1,0,1,0,1
CONCEPCION,consulta externa,repetidas en menores de 5 anos,2007-04-01,14,12,14,12,26
CORIPATA,consulta externa,repetidas en menores de 5 anos,2007-04-01,7,2,7,2,9
CORO CORO,consulta externa,repetidas en menores de 5 anos,2007-04-01,0,1,0,1,1
COROICO,consulta externa,repetidas en menores de 5 anos,2007-04-01,45,29,45,29,74
CORQUE,consulta externa,repetidas en menores de 5 anos,2007-04-01,9,7,9,7,16
COTAGAITA,consulta externa,repetidas en menores de 5 anos,2007-04-01,43,53,43,53,96
COTOCA,consulta externa,repetidas en menores de 5 anos,2007-04-01,33,46,33,46,79
CUATRO CAÑADAS,consulta externa,repetidas en menores de 5 anos,2007-04-01,52,54,52,54,106
CUCHUMUELA (V. G. VILLARROEL),consulta externa,repetidas en menores de 5 anos,2007-04-01,2,5,2,5,7
CUEVO,consulta externa,repetidas en menores de 5 anos,2007-04-01,17,10,17,10,27
CULPINA,consulta externa,repetidas en menores de 5 anos,2007-04-01,11,12,11,12,23
CURAHUARA DE CARANGAS,consulta externa,repetidas en menores de 5 anos,2007-04-01,0,2,0,2,2
DESAGUADERO,consulta externa,repetidas en menores de 5 anos,2007-04-01,1,0,1,0,1
EL ALTO,consulta externa,repetidas en menores de 5 anos,2007-04-01,1813,1836,1813,1836,3649
EL CHORO,consulta externa,repetidas en menores de 5 anos,2007-04-01,0,2,0,2,2
EL PUENTE(STC),consulta externa,repetidas en menores de 5 anos,2007-04-01,12,10,12,10,22
EL PUENTE(TJA),consulta externa,repetidas en menores de 5 anos,2007-04-01,13,9,13,9,22
EL TORNO,consulta externa,repetidas en menores de 5 anos,2007-04-01,76,69,76,69,145
EL VILLAR,consulta externa,repetidas en menores de 5 anos,2007-04-01,1,1,1,1,2
ENTRE RIOS,consulta externa,repetidas en menores de 5 anos,2007-04-01,29,20,29,20,49
ENTRE RIOS,consulta externa,repetidas en menores de 5 anos,2007-04-01,4,2,4,2,6
EUCALIPTUS,consulta externa,repetidas en menores de 5 anos,2007-04-01,13,10,13,10,23
EXALTACION,consulta externa,repetidas en menores de 5 anos,2007-04-01,4,4,4,4,8
FERNANDEZ ALONSO,consulta externa,repetidas en menores de 5 anos,2007-04-01,19,12,19,12,31
FILADELFIA,consulta externa,repetidas en menores de 5 anos,2007-04-01,2,1,2,1,3
GENERAL SAAVEDRA,consulta externa,repetidas en menores de 5 anos,2007-04-01,7,9,7,9,16
GRAL. J.J. PEREZ (CHARAZANI),consulta externa,repetidas en menores de 5 anos,2007-04-01,6,7,6,7,13
GUANAY,consulta externa,repetidas en menores de 5 anos,2007-04-01,8,7,8,7,15
GUAQUI,consulta externa,repetidas en menores de 5 anos,2007-04-01,3,8,3,8,11
GUAYARAMERIN,consulta externa,repetidas en menores de 5 anos,2007-04-01,59,88,59,88,147
GUTIERREZ,consulta externa,repetidas en menores de 5 anos,2007-04-01,21,25,21,25,46
HUACARETA,consulta externa,repetidas en menores de 5 anos,2007-04-01,25,35,25,35,60
HUACAYA (VILLA DE HUACAYA),consulta externa,repetidas en menores de 5 anos,2007-04-01,0,1,0,1,1
HUACHACALLA,consulta externa,repetidas en menores de 5 anos,2007-04-01,3,5,3,5,8
HUANUNI,consulta externa,repetidas en menores de 5 anos,2007-04-01,120,97,120,97,217
HUARACAJE,consulta externa,repetidas en menores de 5 anos,2007-04-01,1,7,1,7,8
HUAYLLAMARCA,consulta externa,repetidas en menores de 5 anos,2007-04-01,2,1,2,1,3
ICHOCA,consulta externa,repetidas en menores de 5 anos,2007-04-01,1,0,1,0,1
ICLA,consulta externa,repetidas en menores de 5 anos,2007-04-01,6,7,6,7,13
INCAHUASI,consulta externa,repetidas en menores de 5 anos,2007-04-01,7,4,7,4,11
INGAVI (HUMAITA),consulta externa,repetidas en menores de 5 anos,2007-04-01,10,5,10,5,15
INQUISIVI,consulta externa,repetidas en menores de 5 anos,2007-04-01,27,21,27,21,48
IRUPANA (VILLA DE LANZA),consulta externa,repetidas en menores de 5 anos,2007-04-01,15,5,15,5,20
IXIAMAS,consulta externa,repetidas en menores de 5 anos,2007-04-01,12,12,12,12,24
JESUS DE MACHACA,consulta externa,repetidas en menores de 5 anos,2007-04-01,5,4,5,4,9
LA ASUNTA,consulta externa,repetidas en menores de 5 anos,2007-04-01,18,23,18,23,41
LA GUARDIA,consulta externa,repetidas en menores de 5 anos,2007-04-01,108,83,108,83,191
LA PAZ,consulta externa,repetidas en menores de 5 anos,2007-04-01,4101,3985,4101,3985,8086
LA RIVERA,consulta externa,repetidas en menores de 5 anos,2007-04-01,1,0,1,0,1
LAGUNILLAS,consulta externa,repetidas en menores de 5 anos,2007-04-01,13,5,13,5,18
LAJA,consulta externa,repetidas en menores de 5 anos,2007-04-01,10,9,10,9,19
LAS CARRERAS,consulta externa,repetidas en menores de 5 anos,2007-04-01,7,8,7,8,15
LICOMA PAMPA,consulta externa,repetidas en menores de 5 anos,2007-04-01,0,2,0,2,2
LLALLAGUA,consulta externa,repetidas en menores de 5 anos,2007-04-01,23,18,23,18,41
LLICA,consulta externa,repetidas en menores de 5 anos,2007-04-01,5,1,5,1,6
LORETO,consulta externa,repetidas en menores de 5 anos,2007-04-01,6,10,6,10,16
LURIBAY,consulta externa,repetidas en menores de 5 anos,2007-04-01,3,8,3,8,11
MACHACAMARCA,consulta externa,repetidas en menores de 5 anos,2007-04-01,4,5,4,5,9
MACHARETI,consulta externa,repetidas en menores de 5 anos,2007-04-01,12,19,12,19,31
MAGDALENA,consulta externa,repetidas en menores de 5 anos,2007-04-01,25,28,25,28,53
MAIRANA,consulta externa,repetidas en menores de 5 anos,2007-04-01,16,12,16,12,28
MAPIRI,consulta externa,repetidas en menores de 5 anos,2007-04-01,27,18,27,18,45
MECAPACA,consulta externa,repetidas en menores de 5 anos,2007-04-01,15,10,15,10,25
MINEROS,consulta externa,repetidas en menores de 5 anos,2007-04-01,8,11,8,11,19
MIZQUE,consulta externa,repetidas en menores de 5 anos,2007-04-01,33,31,33,31,64
MOCOMOCO,consulta externa,repetidas en menores de 5 anos,2007-04-01,2,1,2,1,3
MOJINETE,consulta externa,repetidas en menores de 5 anos,2007-04-01,4,0,4,0,4
MOJOCOYA,consulta externa,repetidas en menores de 5 anos,2007-04-01,16,14,16,14,30
MONTEAGUDO,consulta externa,repetidas en menores de 5 anos,2007-04-01,69,41,69,41,110
MONTERO,consulta externa,repetidas en menores de 5 anos,2007-04-01,430,494,430,494,924
MOROCHATA,consulta externa,repetidas en menores de 5 anos,2007-04-01,66,43,66,43,109
NUEVO MANOA (NUEVA ESPERANZA),consulta externa,repetidas en menores de 5 anos,2007-04-01,2,0,2,0,2
OCURI,consulta externa,repetidas en menores de 5 anos,2007-04-01,3,4,3,4,7
OKINAWA,consulta externa,repetidas en menores de 5 anos,2007-04-01,13,11,13,11,24
OMEREQUE,consulta externa,repetidas en menores de 5 anos,2007-04-01,6,5,6,5,11
ORURO,consulta externa,repetidas en menores de 5 anos,2007-04-01,593,622,593,622,1215
PADCAYA,consulta externa,repetidas en menores de 5 anos,2007-04-01,13,25,13,25,38
PADILLA,consulta externa,repetidas en menores de 5 anos,2007-04-01,9,6,9,6,15
PAILON,consulta externa,repetidas en menores de 5 anos,2007-04-01,20,14,20,14,34
PALCA,consulta externa,repetidas en menores de 5 anos,2007-04-01,8,3,8,3,11
PALOS BLANCOS,consulta externa,repetidas en menores de 5 anos,2007-04-01,22,21,22,21,43
PAMPA AULLAGAS,consulta externa,repetidas en menores de 5 anos,2007-04-01,2,0,2,0,2
PAMPA GRANDE,consulta externa,repetidas en menores de 5 anos,2007-04-01,1,2,1,2,3
PAPEL PAMPA,consulta externa,repetidas en menores de 5 anos,2007-04-01,1,0,1,0,1
PASORAPA,consulta externa,repetidas en menores de 5 anos,2007-04-01,2,2,2,2,4
PATACAMAYA,consulta externa,repetidas en menores de 5 anos,2007-04-01,3,3,3,3,6
PAZÑA,consulta externa,repetidas en menores de 5 anos,2007-04-01,5,2,5,2,7
PELECHUCO,consulta externa,repetidas en menores de 5 anos,2007-04-01,1,0,1,0,1
POCOATA,consulta externa,repetidas en menores de 5 anos,2007-04-01,7,3,7,3,10
POCONA,consulta externa,repetidas en menores de 5 anos,2007-04-01,9,7,9,7,16
POJO (CBBA),consulta externa,repetidas en menores de 5 anos,2007-04-01,4,1,4,1,5
POOPO,consulta externa,repetidas en menores de 5 anos,2007-04-01,4,5,4,5,9
PORCO,consulta externa,repetidas en menores de 5 anos,2007-04-01,6,5,6,5,11
POROMA,consulta externa,repetidas en menores de 5 anos,2007-04-01,1,2,1,2,3
PORONGO,consulta externa,repetidas en menores de 5 anos,2007-04-01,6,22,6,22,28
PORTACHUELO,consulta externa,repetidas en menores de 5 anos,2007-04-01,57,64,57,64,121
PORVENIR,consulta externa,repetidas en menores de 5 anos,2007-04-01,4,2,4,2,6
POSTRER VALLE,consulta externa,repetidas en menores de 5 anos,2007-04-01,2,1,2,1,3
POTOSI,consulta externa,repetidas en menores de 5 anos,2007-04-01,567,475,567,475,1042
PRESTO,consulta externa,repetidas en menores de 5 anos,2007-04-01,1,1,1,1,2
PUCARA,consulta externa,repetidas en menores de 5 anos,2007-04-01,9,6,9,6,15
PUCARANI,consulta externa,repetidas en menores de 5 anos,2007-04-01,10,15,10,15,25
PUERTO ACOSTA,consulta externa,repetidas en menores de 5 anos,2007-04-01,11,4,11,4,15
PUERTO CARABUCO,consulta externa,repetidas en menores de 5 anos,2007-04-01,3,9,3,9,12
PUERTO GONZALO MORENO,consulta externa,repetidas en menores de 5 anos,2007-04-01,12,7,12,7,19
PUERTO PEREZ,consulta externa,repetidas en menores de 5 anos,2007-04-01,1,0,1,0,1
PUERTO QUIJARRO,consulta externa,repetidas en menores de 5 anos,2007-04-01,16,11,16,11,27
PUERTO RICO,consulta externa,repetidas en menores de 5 anos,2007-04-01,8,2,8,2,10
PUERTO SILES,consulta externa,repetidas en menores de 5 anos,2007-04-01,0,3,0,3,3
PUERTO SUAREZ,consulta externa,repetidas en menores de 5 anos,2007-04-01,24,31,24,31,55
PUERTO VILLARROEL,consulta externa,repetidas en menores de 5 anos,2007-04-01,70,59,70,59,129
PUNA,consulta externa,repetidas en menores de 5 anos,2007-04-01,13,2,13,2,15
PUNATA,consulta externa,repetidas en menores de 5 anos,2007-04-01,84,103,84,103,187
QUIABAYA,consulta externa,repetidas en menores de 5 anos,2007-04-01,2,1,2,1,3
QUILLACOLLO,consulta externa,repetidas en menores de 5 anos,2007-04-01,359,358,359,358,717
QUIME,consulta externa,repetidas en menores de 5 anos,2007-04-01,2,6,2,6,8
QUIRUSILLAS,consulta externa,repetidas en menores de 5 anos,2007-04-01,1,4,1,4,5
REYES,consulta externa,repetidas en menores de 5 anos,2007-04-01,20,16,20,16,36
RIBERALTA,consulta externa,repetidas en menores de 5 anos,2007-04-01,157,180,157,180,337
ROBORE,consulta externa,repetidas en menores de 5 anos,2007-04-01,9,14,9,14,23
RURRENABAQUE,consulta externa,repetidas en menores de 5 anos,2007-04-01,66,70,66,70,136
SABAYA,consulta externa,repetidas en menores de 5 anos,2007-04-01,4,2,4,2,6
SACABA,consulta externa,repetidas en menores de 5 anos,2007-04-01,364,286,364,286,650
SACABAMBA,consulta externa,repetidas en menores de 5 anos,2007-04-01,13,2,13,2,15
SACACA,consulta externa,repetidas en menores de 5 anos,2007-04-01,2,2,2,2,4
SAIPINA,consulta externa,repetidas en menores de 5 anos,2007-04-01,1,0,1,0,1
SALINAS DE GARCI MENDOZA,consulta externa,repetidas en menores de 5 anos,2007-04-01,8,6,8,6,14
SAMAIPATA,consulta externa,repetidas en menores de 5 anos,2007-04-01,4,1,4,1,5
SAN ANDRES,consulta externa,repetidas en menores de 5 anos,2007-04-01,10,11,10,11,21
SAN ANDRES DE MACHACA,consulta externa,repetidas en menores de 5 anos,2007-04-01,2,1,2,1,3
SAN ANTONIO DE ESMORUCO,consulta externa,repetidas en menores de 5 anos,2007-04-01,1,4,1,4,5
SAN ANTONIO DE LOMERIO,consulta externa,repetidas en menores de 5 anos,2007-04-01,3,1,3,1,4
SAN BENITO,consulta externa,repetidas en menores de 5 anos,2007-04-01,18,10,18,10,28
SAN BORJA,consulta externa,repetidas en menores de 5 anos,2007-04-01,103,82,103,82,185
SAN BUENA VENTURA,consulta externa,repetidas en menores de 5 anos,2007-04-01,10,14,10,14,24
SAN CARLOS,consulta externa,repetidas en menores de 5 anos,2007-04-01,39,24,39,24,63
SAN IGNACIO,consulta externa,repetidas en menores de 5 anos,2007-04-01,79,63,79,63,142
SAN IGNACIO DE VELASCO,consulta externa,repetidas en menores de 5 anos,2007-04-01,148,169,148,169,317
SAN JAVIER(STC),consulta externa,repetidas en menores de 5 anos,2007-04-01,0,7,0,7,7
SAN JOAQUIN,consulta externa,repetidas en menores de 5 anos,2007-04-01,2,3,2,3,5
SAN JOSE DE CHIQUITOS,consulta externa,repetidas en menores de 5 anos,2007-04-01,7,3,7,3,10
SAN JUAN DE YAPACANI,consulta externa,repetidas en menores de 5 anos,2007-04-01,35,39,35,39,74
SAN JULIAN,consulta externa,repetidas en menores de 5 anos,2007-04-01,48,40,48,40,88
SAN LORENZO(PND),consulta externa,repetidas en menores de 5 anos,2007-04-01,5,1,5,1,6
SAN LORENZO(TJA),consulta externa,repetidas en menores de 5 anos,2007-04-01,30,7,30,7,37
SAN LUCAS,consulta externa,repetidas en menores de 5 anos,2007-04-01,16,12,16,12,28
SAN MATIAS,consulta externa,repetidas en menores de 5 anos,2007-04-01,17,9,17,9,26
SAN MIGUEL DE VELASCO,consulta externa,repetidas en menores de 5 anos,2007-04-01,43,37,43,37,80
SAN PABLO DE LIPEZ,consulta externa,repetidas en menores de 5 anos,2007-04-01,8,3,8,3,11
SAN PEDRO,consulta externa,repetidas en menores de 5 anos,2007-04-01,46,43,46,43,89
SAN PEDRO DE BUENA VISTA,consulta externa,repetidas en menores de 5 anos,2007-04-01,60,39,60,39,99
SAN PEDRO DE CURAHUARA,consulta externa,repetidas en menores de 5 anos,2007-04-01,2,2,2,2,4
SAN PEDRO DE TIQUINA,consulta externa,repetidas en menores de 5 anos,2007-04-01,1,3,1,3,4
SAN PEDRO(PND),consulta externa,repetidas en menores de 5 anos,2007-04-01,1,1,1,1,2
SAN RAFAEL,consulta externa,repetidas en menores de 5 anos,2007-04-01,18,22,18,22,40
SAN RAMON,consulta externa,repetidas en menores de 5 anos,2007-04-01,9,4,9,4,13
SAN RAMON,consulta externa,repetidas en menores de 5 anos,2007-04-01,18,7,18,7,25
SANTA ANA,consulta externa,repetidas en menores de 5 anos,2007-04-01,5,17,5,17,22
SANTA CRUZ DE LA SIERRA,consulta externa,repetidas en menores de 5 anos,2007-04-01,3669,3619,3669,3619,7288
SANTA ROSA,consulta externa,repetidas en menores de 5 anos,2007-04-01,2,3,2,3,5
SANTA ROSA DEL SARA,consulta externa,repetidas en menores de 5 anos,2007-04-01,6,3,6,3,9
SANTIAGO DE HUARI,consulta externa,repetidas en menores de 5 anos,2007-04-01,20,12,20,12,32
SANTIAGO DE MACHACA,consulta externa,repetidas en menores de 5 anos,2007-04-01,1,2,1,2,3
SANTIVAÑES,consulta externa,repetidas en menores de 5 anos,2007-04-01,3,9,3,9,12
SANTUARIO DE QUILLACAS,consulta externa,repetidas en menores de 5 anos,2007-04-01,2,1,2,1,3
SAPAHAQUI,consulta externa,repetidas en menores de 5 anos,2007-04-01,2,0,2,0,2
SENA,consulta externa,repetidas en menores de 5 anos,2007-04-01,4,6,4,6,10
SICA SICA (VILLA AROMA),consulta externa,repetidas en menores de 5 anos,2007-04-01,0,1,0,1,1
SICAYA,consulta externa,repetidas en menores de 5 anos,2007-04-01,10,6,10,6,16
SIPE SIPE,consulta externa,repetidas en menores de 5 anos,2007-04-01,199,153,199,153,352
SOPACHUY,consulta externa,repetidas en menores de 5 anos,2007-04-01,9,7,9,7,16
SORACACHI,consulta externa,repetidas en menores de 5 anos,2007-04-01,2,5,2,5,7
SORATA,consulta externa,repetidas en menores de 5 anos,2007-04-01,0,1,0,1,1
SUCRE,consulta externa,repetidas en menores de 5 anos,2007-04-01,1318,1054,1318,1054,2372
TACACHI,consulta externa,repetidas en menores de 5 anos,2007-04-01,2,2,2,2,4
TACACOMA,consulta externa,repetidas en menores de 5 anos,2007-04-01,1,0,1,0,1
TACOBAMBA,consulta externa,repetidas en menores de 5 anos,2007-04-01,2,0,2,0,2
TACOPAYA,consulta externa,repetidas en menores de 5 anos,2007-04-01,7,16,7,16,23
TAHUA,consulta externa,repetidas en menores de 5 anos,2007-04-01,0,2,0,2,2
TAPACARI,consulta externa,repetidas en menores de 5 anos,2007-04-01,44,39,44,39,83
TARABUCO,consulta externa,repetidas en menores de 5 anos,2007-04-01,172,219,172,219,391
TARATA,consulta externa,repetidas en menores de 5 anos,2007-04-01,3,5,3,5,8
TARIJA,consulta externa,repetidas en menores de 5 anos,2007-04-01,449,410,449,410,859
TARVITA,consulta externa,repetidas en menores de 5 anos,2007-04-01,5,12,5,12,17
TEOPONTE,consulta externa,repetidas en menores de 5 anos,2007-04-01,4,3,4,3,7
TIAWANACU,consulta externa,repetidas en menores de 5 anos,2007-04-01,1,4,1,4,5
TINGUIPAYA,consulta externa,repetidas en menores de 5 anos,2007-04-01,6,1,6,1,7
TIPUANI,consulta externa,repetidas en menores de 5 anos,2007-04-01,42,26,42,26,68
TIQUIPAYA,consulta externa,repetidas en menores de 5 anos,2007-04-01,237,176,237,176,413
TIRAQUE (CBBA),consulta externa,repetidas en menores de 5 anos,2007-04-01,145,124,145,124,269
TITO YUPANQUI (PARQUIPUJIO),consulta externa,repetidas en menores de 5 anos,2007-04-01,1,3,1,3,4
TOCO,consulta externa,repetidas en menores de 5 anos,2007-04-01,10,15,10,15,25
TOLATA,consulta externa,repetidas en menores de 5 anos,2007-04-01,23,17,23,17,40
TOLEDO,consulta externa,repetidas en menores de 5 anos,2007-04-01,6,7,6,7,13
TOMAVE,consulta externa,repetidas en menores de 5 anos,2007-04-01,7,1,7,1,8
TOMINA,consulta externa,repetidas en menores de 5 anos,2007-04-01,8,5,8,5,13
TORO TORO,consulta externa,repetidas en menores de 5 anos,2007-04-01,10,5,10,5,15
TOTORA(CBBA),consulta externa,repetidas en menores de 5 anos,2007-04-01,88,92,88,92,180
TOTORA(ORR),consulta externa,repetidas en menores de 5 anos,2007-04-01,4,4,4,4,8
TRIGAL,consulta externa,repetidas en menores de 5 anos,2007-04-01,0,1,0,1,1
TRINIDAD,consulta externa,repetidas en menores de 5 anos,2007-04-01,434,415,434,415,849
TUPIZA,consulta externa,repetidas en menores de 5 anos,2007-04-01,90,84,90,84,174
TURCO,consulta externa,repetidas en menores de 5 anos,2007-04-01,2,2,2,2,4
UMALA,consulta externa,repetidas en menores de 5 anos,2007-04-01,6,9,6,9,15
UNCIA,consulta externa,repetidas en menores de 5 anos,2007-04-01,26,23,26,23,49
URIONDO (A. CONCEPCION),consulta externa,repetidas en menores de 5 anos,2007-04-01,43,50,43,50,93
URUBICHA,consulta externa,repetidas en menores de 5 anos,2007-04-01,1,3,1,3,4
UYUNI,consulta externa,repetidas en menores de 5 anos,2007-04-01,7,12,7,12,19
VACAS,consulta externa,repetidas en menores de 5 anos,2007-04-01,36,23,36,23,59
VALLEGRANDE,consulta externa,repetidas en menores de 5 anos,2007-04-01,12,17,12,17,29
VIACHA,consulta externa,repetidas en menores de 5 anos,2007-04-01,85,69,85,69,154
VILA VILA,consulta externa,repetidas en menores de 5 anos,2007-04-01,1,2,1,2,3
VILLA MONTES,consulta externa,repetidas en menores de 5 anos,2007-04-01,16,26,16,26,42
VILLA NUEVA (LOMA ALTA),consulta externa,repetidas en menores de 5 anos,2007-04-01,3,1,3,1,4
VILLA RIVERO,consulta externa,repetidas en menores de 5 anos,2007-04-01,10,9,10,9,19
VILLA SERRANO,consulta externa,repetidas en menores de 5 anos,2007-04-01,2,2,2,2,4
VILLA TUNARI,consulta externa,repetidas en menores de 5 anos,2007-04-01,129,110,129,110,239
VILLA VACA GUZMAN (MUYUPAMPA),consulta externa,repetidas en menores de 5 anos,2007-04-01,11,10,11,10,21
VILLAZON,consulta externa,repetidas en menores de 5 anos,2007-04-01,47,47,47,47,94
VINTO,consulta externa,repetidas en menores de 5 anos,2007-04-01,154,87,154,87,241
VITICHI,consulta externa,repetidas en menores de 5 anos,2007-04-01,4,2,4,2,6
WALDO BALLIVIAN,consulta externa,repetidas en menores de 5 anos,2007-04-01,4,0,4,0,4
WARNES,consulta externa,repetidas en menores de 5 anos,2007-04-01,64,70,64,70,134
YACO,consulta externa,repetidas en menores de 5 anos,2007-04-01,3,3,3,3,6
YACUIBA,consulta externa,repetidas en menores de 5 anos,2007-04-01,108,103,108,103,211
YAMPARAEZ,consulta externa,repetidas en menores de 5 anos,2007-04-01,21,19,21,19,40
YANACACHI,consulta externa,repetidas en menores de 5 anos,2007-04-01,2,2,2,2,4
YAPACANI,consulta externa,repetidas en menores de 5 anos,2007-04-01,52,59,52,59,111
YOCALLA,consulta externa,repetidas en menores de 5 anos,2007-04-01,3,2,3,2,5
YOTALA,consulta externa,repetidas en menores de 5 anos,2007-04-01,38,40,38,40,78
YUNCHARA,consulta externa,repetidas en menores de 5 anos,2007-04-01,6,4,6,4,10
ZUDAÑEZ,consulta externa,repetidas en menores de 5 anos,2007-04-01,13,12,13,12,25
ACACIO,consulta externa,repetidas en menores de 5 anos,2007-05-01,5,3,5,3,8
ACHACACHI,consulta externa,repetidas en menores de 5 anos,2007-05-01,8,6,8,6,14
ACHOCALLA,consulta externa,repetidas en menores de 5 anos,2007-05-01,5,3,5,3,8
AIQUILE,consulta externa,repetidas en menores de 5 anos,2007-05-01,176,162,176,162,338
ALALAY,consulta externa,repetidas en menores de 5 anos,2007-05-01,1,0,1,0,1
ALCALA,consulta externa,repetidas en menores de 5 anos,2007-05-01,0,5,0,5,5
ANCORAIMES,consulta externa,repetidas en menores de 5 anos,2007-05-01,5,11,5,11,16
ANDAMARCA,consulta externa,repetidas en menores de 5 anos,2007-05-01,9,4,9,4,13
ANTEQUERA,consulta externa,repetidas en menores de 5 anos,2007-05-01,3,1,3,1,4
ANZALDO,consulta externa,repetidas en menores de 5 anos,2007-05-01,9,9,9,9,18
APOLO,consulta externa,repetidas en menores de 5 anos,2007-05-01,16,9,16,9,25
ARANI,consulta externa,repetidas en menores de 5 anos,2007-05-01,34,27,34,27,61
ARBIETO,consulta externa,repetidas en menores de 5 anos,2007-05-01,14,11,14,11,25
ARQUE,consulta externa,repetidas en menores de 5 anos,2007-05-01,43,42,43,42,85
ASCENCION DE GUARAYOS,consulta externa,repetidas en menores de 5 anos,2007-05-01,31,24,31,24,55
ATOCHA,consulta externa,repetidas en menores de 5 anos,2007-05-01,48,77,48,77,125
AUCAPATA,consulta externa,repetidas en menores de 5 anos,2007-05-01,10,3,10,3,13
AYATA,consulta externa,repetidas en menores de 5 anos,2007-05-01,13,15,13,15,28
AYO AYO,consulta externa,repetidas en menores de 5 anos,2007-05-01,0,2,0,2,2
AYOPAYA (V. DE INDEPENDENCIA),consulta externa,repetidas en menores de 5 anos,2007-05-01,6,16,6,16,22
BATALLAS,consulta externa,repetidas en menores de 5 anos,2007-05-01,3,1,3,1,4
BAURES,consulta externa,repetidas en menores de 5 anos,2007-05-01,7,2,7,2,9
BELEN DE ANDAMARCA,consulta externa,repetidas en menores de 5 anos,2007-05-01,1,3,1,3,4
BELEN DE URMIRI,consulta externa,repetidas en menores de 5 anos,2007-05-01,3,0,3,0,3
BERMEJO,consulta externa,repetidas en menores de 5 anos,2007-05-01,40,28,40,28,68
BETANZOS,consulta externa,repetidas en menores de 5 anos,2007-05-01,34,8,34,8,42
BOLIVAR,consulta externa,repetidas en menores de 5 anos,2007-05-01,6,1,6,1,7
BOLPEBRA,consulta externa,repetidas en menores de 5 anos,2007-05-01,6,1,6,1,7
BOYUIBE,consulta externa,repetidas en menores de 5 anos,2007-05-01,14,8,14,8,22
BUENA VISTA,consulta externa,repetidas en menores de 5 anos,2007-05-01,54,50,54,50,104
CABEZAS,consulta externa,repetidas en menores de 5 anos,2007-05-01,17,10,17,10,27
CAIROMA,consulta externa,repetidas en menores de 5 anos,2007-05-01,2,2,2,2,4
"CAIZA ""D""",consulta externa,repetidas en menores de 5 anos,2007-05-01,10,4,10,4,14
CAJUATA,consulta externa,repetidas en menores de 5 anos,2007-05-01,7,8,7,8,15
CALACOTO,consulta externa,repetidas en menores de 5 anos,2007-05-01,0,4,0,4,4
CALAMARCA,consulta externa,repetidas en menores de 5 anos,2007-05-01,3,3,3,3,6
CAMARGO,consulta externa,repetidas en menores de 5 anos,2007-05-01,6,8,6,8,14
CAMATAQUI (C. VILLA ABECIA),consulta externa,repetidas en menores de 5 anos,2007-05-01,5,15,5,15,20
CAMIRI,consulta externa,repetidas en menores de 5 anos,2007-05-01,155,139,155,139,294
CAPINOTA,consulta externa,repetidas en menores de 5 anos,2007-05-01,56,52,56,52,108
CAQUIAVIRI,consulta externa,repetidas en menores de 5 anos,2007-05-01,0,2,0,2,2
CARACOLLO,consulta externa,repetidas en menores de 5 anos,2007-05-01,1,0,1,0,1
CARANAVI,consulta externa,repetidas en menores de 5 anos,2007-05-01,18,9,18,9,27
CARAPARI,consulta externa,repetidas en menores de 5 anos,2007-05-01,14,7,14,7,21
CARIPUYO,consulta externa,repetidas en menores de 5 anos,2007-05-01,2,2,2,2,4
CARMEN RIVERO TORREZ,consulta externa,repetidas en menores de 5 anos,2007-05-01,5,1,5,1,6
CATACORA,consulta externa,repetidas en menores de 5 anos,2007-05-01,3,0,3,0,3
CHACARILLA,consulta externa,repetidas en menores de 5 anos,2007-05-01,0,1,0,1,1
CHALLAPATA,consulta externa,repetidas en menores de 5 anos,2007-05-01,34,23,34,23,57
CHARAGUA,consulta externa,repetidas en menores de 5 anos,2007-05-01,43,80,43,80,123
CHARAÑA,consulta externa,repetidas en menores de 5 anos,2007-05-01,4,3,4,3,7
CHAYANTA,consulta externa,repetidas en menores de 5 anos,2007-05-01,7,3,7,3,10
CHIMORE,consulta externa,repetidas en menores de 5 anos,2007-05-01,18,15,18,15,33
CHIPAYA,consulta externa,repetidas en menores de 5 anos,2007-05-01,0,3,0,3,3
CHOQUE COTA,consulta externa,repetidas en menores de 5 anos,2007-05-01,1,0,1,0,1
CHULUMANI (V. DE LA LIBERTAD),consulta externa,repetidas en menores de 5 anos,2007-05-01,23,26,23,26,49
CLIZA,consulta externa,repetidas en menores de 5 anos,2007-05-01,45,40,45,40,85
COBIJA,consulta externa,repetidas en menores de 5 anos,2007-05-01,75,82,75,82,157
COCHABAMBA,consulta externa,repetidas en menores de 5 anos,2007-05-01,3861,3338,3861,3338,7199
COIPASA,consulta externa,repetidas en menores de 5 anos,2007-05-01,5,2,5,2,7
COLCAPIRHUA,consulta externa,repetidas en menores de 5 anos,2007-05-01,110,114,110,114,224
"COLCHA ""K""",consulta externa,repetidas en menores de 5 anos,2007-05-01,6,5,6,5,11
COLLANA,consulta externa,repetidas en menores de 5 anos,2007-05-01,1,0,1,0,1
COLOMI,consulta externa,repetidas en menores de 5 anos,2007-05-01,45,39,45,39,84
COLPA BELGICA,consulta externa,repetidas en menores de 5 anos,2007-05-01,40,52,40,52,92
COLQUECHACA,consulta externa,repetidas en menores de 5 anos,2007-05-01,3,2,3,2,5
COLQUENCHA,consulta externa,repetidas en menores de 5 anos,2007-05-01,5,4,5,4,9
COLQUIRI,consulta externa,repetidas en menores de 5 anos,2007-05-01,38,31,38,31,69
COMANCHE,consulta externa,repetidas en menores de 5 anos,2007-05-01,2,2,2,2,4
COMARAPA,consulta externa,repetidas en menores de 5 anos,2007-05-01,30,27,30,27,57
CONCEPCION,consulta externa,repetidas en menores de 5 anos,2007-05-01,18,19,18,19,37
CORIPATA,consulta externa,repetidas en menores de 5 anos,2007-05-01,26,15,26,15,41
CORO CORO,consulta externa,repetidas en menores de 5 anos,2007-05-01,4,2,4,2,6
COROICO,consulta externa,repetidas en menores de 5 anos,2007-05-01,24,16,24,16,40
CORQUE,consulta externa,repetidas en menores de 5 anos,2007-05-01,9,10,9,10,19
COTAGAITA,consulta externa,repetidas en menores de 5 anos,2007-05-01,25,39,25,39,64
COTOCA,consulta externa,repetidas en menores de 5 anos,2007-05-01,32,28,32,28,60
CUATRO CAÑADAS,consulta externa,repetidas en menores de 5 anos,2007-05-01,49,45,49,45,94
CUCHUMUELA (V. G. VILLARROEL),consulta externa,repetidas en menores de 5 anos,2007-05-01,6,7,6,7,13
CUEVO,consulta externa,repetidas en menores de 5 anos,2007-05-01,7,5,7,5,12
CULPINA,consulta externa,repetidas en menores de 5 anos,2007-05-01,11,6,11,6,17
CURAHUARA DE CARANGAS,consulta externa,repetidas en menores de 5 anos,2007-05-01,3,3,3,3,6
CURVA,consulta externa,repetidas en menores de 5 anos,2007-05-01,1,1,1,1,2
EL ALTO,consulta externa,repetidas en menores de 5 anos,2007-05-01,1597,1701,1597,1701,3298
EL CHORO,consulta externa,repetidas en menores de 5 anos,2007-05-01,1,0,1,0,1
EL PUENTE(STC),consulta externa,repetidas en menores de 5 anos,2007-05-01,8,5,8,5,13
EL PUENTE(TJA),consulta externa,repetidas en menores de 5 anos,2007-05-01,37,20,37,20,57
EL TORNO,consulta externa,repetidas en menores de 5 anos,2007-05-01,120,82,120,82,202
EL VILLAR,consulta externa,repetidas en menores de 5 anos,2007-05-01,3,0,3,0,3
ENTRE RIOS,consulta externa,repetidas en menores de 5 anos,2007-05-01,20,32,20,32,52
ENTRE RIOS,consulta externa,repetidas en menores de 5 anos,2007-05-01,7,9,7,9,16
EUCALIPTUS,consulta externa,repetidas en menores de 5 anos,2007-05-01,12,8,12,8,20
EXALTACION,consulta externa,repetidas en menores de 5 anos,2007-05-01,2,3,2,3,5
FERNANDEZ ALONSO,consulta externa,repetidas en menores de 5 anos,2007-05-01,22,13,22,13,35
FILADELFIA,consulta externa,repetidas en menores de 5 anos,2007-05-01,13,8,13,8,21
GENERAL SAAVEDRA,consulta externa,repetidas en menores de 5 anos,2007-05-01,12,6,12,6,18
GRAL. J.J. PEREZ (CHARAZANI),consulta externa,repetidas en menores de 5 anos,2007-05-01,7,8,7,8,15
GUANAY,consulta externa,repetidas en menores de 5 anos,2007-05-01,5,11,5,11,16
GUAQUI,consulta externa,repetidas en menores de 5 anos,2007-05-01,5,4,5,4,9
GUAYARAMERIN,consulta externa,repetidas en menores de 5 anos,2007-05-01,72,64,72,64,136
GUTIERREZ,consulta externa,repetidas en menores de 5 anos,2007-05-01,15,16,15,16,31
HUACARETA,consulta externa,repetidas en menores de 5 anos,2007-05-01,17,23,17,23,40
HUACHACALLA,consulta externa,repetidas en menores de 5 anos,2007-05-01,1,0,1,0,1
HUANUNI,consulta externa,repetidas en menores de 5 anos,2007-05-01,198,110,198,110,308
HUARACAJE,consulta externa,repetidas en menores de 5 anos,2007-05-01,3,8,3,8,11
HUAYLLAMARCA,consulta externa,repetidas en menores de 5 anos,2007-05-01,4,0,4,0,4
ICHOCA,consulta externa,repetidas en menores de 5 anos,2007-05-01,2,0,2,0,2
ICLA,consulta externa,repetidas en menores de 5 anos,2007-05-01,4,10,4,10,14
INCAHUASI,consulta externa,repetidas en menores de 5 anos,2007-05-01,10,15,10,15,25
INGAVI (HUMAITA),consulta externa,repetidas en menores de 5 anos,2007-05-01,12,9,12,9,21
INQUISIVI,consulta externa,repetidas en menores de 5 anos,2007-05-01,10,4,10,4,14
IRUPANA (VILLA DE LANZA),consulta externa,repetidas en menores de 5 anos,2007-05-01,6,8,6,8,14
IXIAMAS,consulta externa,repetidas en menores de 5 anos,2007-05-01,7,4,7,4,11
JESUS DE MACHACA,consulta externa,repetidas en menores de 5 anos,2007-05-01,6,8,6,8,14
LA ASUNTA,consulta externa,repetidas en menores de 5 anos,2007-05-01,22,20,22,20,42
LA GUARDIA,consulta externa,repetidas en menores de 5 anos,2007-05-01,77,68,77,68,145
LA PAZ,consulta externa,repetidas en menores de 5 anos,2007-05-01,4119,4248,4119,4248,8367
LA RIVERA,consulta externa,repetidas en menores de 5 anos,2007-05-01,1,1,1,1,2
LAGUNILLAS,consulta externa,repetidas en menores de 5 anos,2007-05-01,16,19,16,19,35
LAJA,consulta externa,repetidas en menores de 5 anos,2007-05-01,11,4,11,4,15
LAS CARRERAS,consulta externa,repetidas en menores de 5 anos,2007-05-01,9,4,9,4,13
LICOMA PAMPA,consulta externa,repetidas en menores de 5 anos,2007-05-01,5,3,5,3,8
LLALLAGUA,consulta externa,repetidas en menores de 5 anos,2007-05-01,29,25,29,25,54
LLICA,consulta externa,repetidas en menores de 5 anos,2007-05-01,0,2,0,2,2
LORETO,consulta externa,repetidas en menores de 5 anos,2007-05-01,3,4,3,4,7
LURIBAY,consulta externa,repetidas en menores de 5 anos,2007-05-01,5,6,5,6,11
MACHACAMARCA,consulta externa,repetidas en menores de 5 anos,2007-05-01,2,2,2,2,4
MACHARETI,consulta externa,repetidas en menores de 5 anos,2007-05-01,14,4,14,4,18
MAGDALENA,consulta externa,repetidas en menores de 5 anos,2007-05-01,18,26,18,26,44
MAIRANA,consulta externa,repetidas en menores de 5 anos,2007-05-01,18,17,18,17,35
MAPIRI,consulta externa,repetidas en menores de 5 anos,2007-05-01,33,28,33,28,61
MECAPACA,consulta externa,repetidas en menores de 5 anos,2007-05-01,24,21,24,21,45
MINEROS,consulta externa,repetidas en menores de 5 anos,2007-05-01,7,5,7,5,12
MIZQUE,consulta externa,repetidas en menores de 5 anos,2007-05-01,31,44,31,44,75
MOCOMOCO,consulta externa,repetidas en menores de 5 anos,2007-05-01,4,4,4,4,8
MOJINETE,consulta externa,repetidas en menores de 5 anos,2007-05-01,3,3,3,3,6
MOJOCOYA,consulta externa,repetidas en menores de 5 anos,2007-05-01,10,9,10,9,19
MONTEAGUDO,consulta externa,repetidas en menores de 5 anos,2007-05-01,56,63,56,63,119
MONTERO,consulta externa,repetidas en menores de 5 anos,2007-05-01,610,643,610,643,1253
MORO MORO,consulta externa,repetidas en menores de 5 anos,2007-05-01,0,1,0,1,1
MOROCHATA,consulta externa,repetidas en menores de 5 anos,2007-05-01,36,44,36,44,80
OCURI,consulta externa,repetidas en menores de 5 anos,2007-05-01,0,1,0,1,1
OKINAWA,consulta externa,repetidas en menores de 5 anos,2007-05-01,14,7,14,7,21
OMEREQUE,consulta externa,repetidas en menores de 5 anos,2007-05-01,4,8,4,8,12
ORURO,consulta externa,repetidas en menores de 5 anos,2007-05-01,766,731,766,731,1497
PADCAYA,consulta externa,repetidas en menores de 5 anos,2007-05-01,38,28,38,28,66
PADILLA,consulta externa,repetidas en menores de 5 anos,2007-05-01,2,2,2,2,4
PAILON,consulta externa,repetidas en menores de 5 anos,2007-05-01,15,11,15,11,26
PALCA,consulta externa,repetidas en menores de 5 anos,2007-05-01,3,2,3,2,5
PALOS BLANCOS,consulta externa,repetidas en menores de 5 anos,2007-05-01,12,14,12,14,26
PAMPA AULLAGAS,consulta externa,repetidas en menores de 5 anos,2007-05-01,2,0,2,0,2
PAMPA GRANDE,consulta externa,repetidas en menores de 5 anos,2007-05-01,2,1,2,1,3
PAPEL PAMPA,consulta externa,repetidas en menores de 5 anos,2007-05-01,1,1,1,1,2
PASORAPA,consulta externa,repetidas en menores de 5 anos,2007-05-01,7,9,7,9,16
PATACAMAYA,consulta externa,repetidas en menores de 5 anos,2007-05-01,8,3,8,3,11
PAZÑA,consulta externa,repetidas en menores de 5 anos,2007-05-01,7,8,7,8,15
POCOATA,consulta externa,repetidas en menores de 5 anos,2007-05-01,9,5,9,5,14
POCONA,consulta externa,repetidas en menores de 5 anos,2007-05-01,5,4,5,4,9
POJO (CBBA),consulta externa,repetidas en menores de 5 anos,2007-05-01,5,6,5,6,11
POOPO,consulta externa,repetidas en menores de 5 anos,2007-05-01,11,17,11,17,28
PORCO,consulta externa,repetidas en menores de 5 anos,2007-05-01,5,1,5,1,6
POROMA,consulta externa,repetidas en menores de 5 anos,2007-05-01,5,3,5,3,8
PORONGO,consulta externa,repetidas en menores de 5 anos,2007-05-01,15,13,15,13,28
PORTACHUELO,consulta externa,repetidas en menores de 5 anos,2007-05-01,31,38,31,38,69
PORVENIR,consulta externa,repetidas en menores de 5 anos,2007-05-01,193,171,193,171,364
POSTRER VALLE,consulta externa,repetidas en menores de 5 anos,2007-05-01,7,0,7,0,7
POTOSI,consulta externa,repetidas en menores de 5 anos,2007-05-01,532,478,532,478,1010
PRESTO,consulta externa,repetidas en menores de 5 anos,2007-05-01,1,1,1,1,2
PUCARA,consulta externa,repetidas en menores de 5 anos,2007-05-01,6,1,6,1,7
PUCARANI,consulta externa,repetidas en menores de 5 anos,2007-05-01,15,22,15,22,37
PUERTO ACOSTA,consulta externa,repetidas en menores de 5 anos,2007-05-01,8,5,8,5,13
PUERTO CARABUCO,consulta externa,repetidas en menores de 5 anos,2007-05-01,5,3,5,3,8
PUERTO GONZALO MORENO,consulta externa,repetidas en menores de 5 anos,2007-05-01,2,3,2,3,5
PUERTO PEREZ,consulta externa,repetidas en menores de 5 anos,2007-05-01,2,0,2,0,2
PUERTO QUIJARRO,consulta externa,repetidas en menores de 5 anos,2007-05-01,8,6,8,6,14
PUERTO RICO,consulta externa,repetidas en menores de 5 anos,2007-05-01,1,7,1,7,8
PUERTO SILES,consulta externa,repetidas en menores de 5 anos,2007-05-01,2,1,2,1,3
PUERTO SUAREZ,consulta externa,repetidas en menores de 5 anos,2007-05-01,53,48,53,48,101
PUERTO VILLARROEL,consulta externa,repetidas en menores de 5 anos,2007-05-01,62,91,62,91,153
PUNA,consulta externa,repetidas en menores de 5 anos,2007-05-01,26,32,26,32,58
PUNATA,consulta externa,repetidas en menores de 5 anos,2007-05-01,109,112,109,112,221
QUIABAYA,consulta externa,repetidas en menores de 5 anos,2007-05-01,1,0,1,0,1
QUILLACOLLO,consulta externa,repetidas en menores de 5 anos,2007-05-01,371,379,371,379,750
QUIME,consulta externa,repetidas en menores de 5 anos,2007-05-01,4,3,4,3,7
QUIRUSILLAS,consulta externa,repetidas en menores de 5 anos,2007-05-01,7,4,7,4,11
REYES,consulta externa,repetidas en menores de 5 anos,2007-05-01,18,14,18,14,32
RIBERALTA,consulta externa,repetidas en menores de 5 anos,2007-05-01,359,401,359,401,760
ROBORE,consulta externa,repetidas en menores de 5 anos,2007-05-01,4,3,4,3,7
RURRENABAQUE,consulta externa,repetidas en menores de 5 anos,2007-05-01,42,57,42,57,99
SABAYA,consulta externa,repetidas en menores de 5 anos,2007-05-01,1,2,1,2,3
SACABA,consulta externa,repetidas en menores de 5 anos,2007-05-01,423,368,423,368,791
SACABAMBA,consulta externa,repetidas en menores de 5 anos,2007-05-01,17,6,17,6,23
SACACA,consulta externa,repetidas en menores de 5 anos,2007-05-01,0,3,0,3,3
SAIPINA,consulta externa,repetidas en menores de 5 anos,2007-05-01,19,12,19,12,31
SALINAS DE GARCI MENDOZA,consulta externa,repetidas en menores de 5 anos,2007-05-01,5,4,5,4,9
SAMAIPATA,consulta externa,repetidas en menores de 5 anos,2007-05-01,7,4,7,4,11
SAN AGUSTIN,consulta externa,repetidas en menores de 5 anos,2007-05-01,2,3,2,3,5
SAN ANDRES,consulta externa,repetidas en menores de 5 anos,2007-05-01,10,4,10,4,14
SAN ANDRES DE MACHACA,consulta externa,repetidas en menores de 5 anos,2007-05-01,4,1,4,1,5
SAN ANTONIO DE ESMORUCO,consulta externa,repetidas en menores de 5 anos,2007-05-01,7,6,7,6,13
SAN ANTONIO DE LOMERIO,consulta externa,repetidas en menores de 5 anos,2007-05-01,2,5,2,5,7
SAN BENITO,consulta externa,repetidas en menores de 5 anos,2007-05-01,14,3,14,3,17
SAN BORJA,consulta externa,repetidas en menores de 5 anos,2007-05-01,64,66,64,66,130
SAN BUENA VENTURA,consulta externa,repetidas en menores de 5 anos,2007-05-01,24,7,24,7,31
SAN CARLOS,consulta externa,repetidas en menores de 5 anos,2007-05-01,8,12,8,12,20
SAN IGNACIO,consulta externa,repetidas en menores de 5 anos,2007-05-01,43,28,43,28,71
SAN IGNACIO DE VELASCO,consulta externa,repetidas en menores de 5 anos,2007-05-01,259,258,259,258,517
SAN JAVIER(BNI),consulta externa,repetidas en menores de 5 anos,2007-05-01,3,5,3,5,8
SAN JAVIER(STC),consulta externa,repetidas en menores de 5 anos,2007-05-01,10,21,10,21,31
SAN JOAQUIN,consulta externa,repetidas en menores de 5 anos,2007-05-01,18,13,18,13,31
SAN JOSE DE CHIQUITOS,consulta externa,repetidas en menores de 5 anos,2007-05-01,2,9,2,9,11
SAN JUAN DE YAPACANI,consulta externa,repetidas en menores de 5 anos,2007-05-01,20,42,20,42,62
SAN JULIAN,consulta externa,repetidas en menores de 5 anos,2007-05-01,32,43,32,43,75
SAN LORENZO(PND),consulta externa,repetidas en menores de 5 anos,2007-05-01,7,2,7,2,9
SAN LORENZO(TJA),consulta externa,repetidas en menores de 5 anos,2007-05-01,19,9,19,9,28
SAN LUCAS,consulta externa,repetidas en menores de 5 anos,2007-05-01,20,18,20,18,38
SAN MATIAS,consulta externa,repetidas en menores de 5 anos,2007-05-01,25,18,25,18,43
SAN MIGUEL DE VELASCO,consulta externa,repetidas en menores de 5 anos,2007-05-01,5,10,5,10,15
SAN PABLO DE LIPEZ,consulta externa,repetidas en menores de 5 anos,2007-05-01,10,7,10,7,17
SAN PEDRO,consulta externa,repetidas en menores de 5 anos,2007-05-01,40,39,40,39,79
SAN PEDRO DE CURAHUARA,consulta externa,repetidas en menores de 5 anos,2007-05-01,0,1,0,1,1
SAN PEDRO DE QUEMES,consulta externa,repetidas en menores de 5 anos,2007-05-01,1,1,1,1,2
SAN PEDRO DE TIQUINA,consulta externa,repetidas en menores de 5 anos,2007-05-01,2,2,2,2,4
SAN PEDRO(PND),consulta externa,repetidas en menores de 5 anos,2007-05-01,1,2,1,2,3
SAN RAFAEL,consulta externa,repetidas en menores de 5 anos,2007-05-01,8,9,8,9,17
SAN RAMON,consulta externa,repetidas en menores de 5 anos,2007-05-01,6,5,6,5,11
SAN RAMON,consulta externa,repetidas en menores de 5 anos,2007-05-01,8,14,8,14,22
SANTA ANA,consulta externa,repetidas en menores de 5 anos,2007-05-01,16,17,16,17,33
SANTA CRUZ DE LA SIERRA,consulta externa,repetidas en menores de 5 anos,2007-05-01,3056,3242,3056,3242,6298
SANTA ROSA,consulta externa,repetidas en menores de 5 anos,2007-05-01,1,1,1,1,2
SANTA ROSA DEL SARA,consulta externa,repetidas en menores de 5 anos,2007-05-01,2,5,2,5,7
SANTIAGO DE HUARI,consulta externa,repetidas en menores de 5 anos,2007-05-01,22,18,22,18,40
SANTIAGO DE MACHACA,consulta externa,repetidas en menores de 5 anos,2007-05-01,0,1,0,1,1
SANTIVAÑES,consulta externa,repetidas en menores de 5 anos,2007-05-01,9,4,9,4,13
SANTUARIO DE QUILLACAS,consulta externa,repetidas en menores de 5 anos,2007-05-01,8,5,8,5,13
SAPAHAQUI,consulta externa,repetidas en menores de 5 anos,2007-05-01,3,4,3,4,7
SENA,consulta externa,repetidas en menores de 5 anos,2007-05-01,9,7,9,7,16
SICA SICA (VILLA AROMA),consulta externa,repetidas en menores de 5 anos,2007-05-01,2,7,2,7,9
SIPE SIPE,consulta externa,repetidas en menores de 5 anos,2007-05-01,221,216,221,216,437
SOPACHUY,consulta externa,repetidas en menores de 5 anos,2007-05-01,14,5,14,5,19
SORACACHI,consulta externa,repetidas en menores de 5 anos,2007-05-01,7,16,7,16,23
SORATA,consulta externa,repetidas en menores de 5 anos,2007-05-01,9,4,9,4,13
SUCRE,consulta externa,repetidas en menores de 5 anos,2007-05-01,1103,1133,1103,1133,2236
TACACHI,consulta externa,repetidas en menores de 5 anos,2007-05-01,4,4,4,4,8
TACACOMA,consulta externa,repetidas en menores de 5 anos,2007-05-01,1,2,1,2,3
TACOBAMBA,consulta externa,repetidas en menores de 5 anos,2007-05-01,1,2,1,2,3
TACOPAYA,consulta externa,repetidas en menores de 5 anos,2007-05-01,3,2,3,2,5
TAHUA,consulta externa,repetidas en menores de 5 anos,2007-05-01,0,1,0,1,1
TAPACARI,consulta externa,repetidas en menores de 5 anos,2007-05-01,12,13,12,13,25
TARABUCO,consulta externa,repetidas en menores de 5 anos,2007-05-01,197,232,197,232,429
TARATA,consulta externa,repetidas en menores de 5 anos,2007-05-01,3,7,3,7,10
TARIJA,consulta externa,repetidas en menores de 5 anos,2007-05-01,488,441,488,441,929
TARVITA,consulta externa,repetidas en menores de 5 anos,2007-05-01,23,25,23,25,48
TEOPONTE,consulta externa,repetidas en menores de 5 anos,2007-05-01,12,8,12,8,20
TIAWANACU,consulta externa,repetidas en menores de 5 anos,2007-05-01,5,4,5,4,9
TINGUIPAYA,consulta externa,repetidas en menores de 5 anos,2007-05-01,9,6,9,6,15
TIPUANI,consulta externa,repetidas en menores de 5 anos,2007-05-01,41,27,41,27,68
TIQUIPAYA,consulta externa,repetidas en menores de 5 anos,2007-05-01,218,165,218,165,383
TIRAQUE (CBBA),consulta externa,repetidas en menores de 5 anos,2007-05-01,214,166,214,166,380
TITO YUPANQUI (PARQUIPUJIO),consulta externa,repetidas en menores de 5 anos,2007-05-01,2,2,2,2,4
TOCO,consulta externa,repetidas en menores de 5 anos,2007-05-01,20,14,20,14,34
TODOS SANTOS,consulta externa,repetidas en menores de 5 anos,2007-05-01,2,2,2,2,4
TOLATA,consulta externa,repetidas en menores de 5 anos,2007-05-01,13,16,13,16,29
TOLEDO,consulta externa,repetidas en menores de 5 anos,2007-05-01,4,9,4,9,13
TOMAVE,consulta externa,repetidas en menores de 5 anos,2007-05-01,10,5,10,5,15
TOMINA,consulta externa,repetidas en menores de 5 anos,2007-05-01,17,18,17,18,35
TORO TORO,consulta externa,repetidas en menores de 5 anos,2007-05-01,37,39,37,39,76
TOTORA(CBBA),consulta externa,repetidas en menores de 5 anos,2007-05-01,138,119,138,119,257
TOTORA(ORR),consulta externa,repetidas en menores de 5 anos,2007-05-01,8,5,8,5,13
TRIGAL,consulta externa,repetidas en menores de 5 anos,2007-05-01,9,7,9,7,16
TRINIDAD,consulta externa,repetidas en menores de 5 anos,2007-05-01,284,251,284,251,535
TUPIZA,consulta externa,repetidas en menores de 5 anos,2007-05-01,81,85,81,85,166
TURCO,consulta externa,repetidas en menores de 5 anos,2007-05-01,1,1,1,1,2
UNCIA,consulta externa,repetidas en menores de 5 anos,2007-05-01,65,62,65,62,127
URIONDO (A. CONCEPCION),consulta externa,repetidas en menores de 5 anos,2007-05-01,15,15,15,15,30
URUBICHA,consulta externa,repetidas en menores de 5 anos,2007-05-01,5,7,5,7,12
UYUNI,consulta externa,repetidas en menores de 5 anos,2007-05-01,20,32,20,32,52
VACAS,consulta externa,repetidas en menores de 5 anos,2007-05-01,14,17,14,17,31
VALLEGRANDE,consulta externa,repetidas en menores de 5 anos,2007-05-01,22,15,22,15,37
VIACHA,consulta externa,repetidas en menores de 5 anos,2007-05-01,92,74,92,74,166
VILA VILA,consulta externa,repetidas en menores de 5 anos,2007-05-01,2,3,2,3,5
VILLA MONTES,consulta externa,repetidas en menores de 5 anos,2007-05-01,19,19,19,19,38
VILLA NUEVA (LOMA ALTA),consulta externa,repetidas en menores de 5 anos,2007-05-01,6,2,6,2,8
VILLA RIVERO,consulta externa,repetidas en menores de 5 anos,2007-05-01,7,3,7,3,10
VILLA SERRANO,consulta externa,repetidas en menores de 5 anos,2007-05-01,1,3,1,3,4
VILLA TUNARI,consulta externa,repetidas en menores de 5 anos,2007-05-01,85,78,85,78,163
VILLA VACA GUZMAN (MUYUPAMPA),consulta externa,repetidas en menores de 5 anos,2007-05-01,8,5,8,5,13
VILLAZON,consulta externa,repetidas en menores de 5 anos,2007-05-01,49,43,49,43,92
VINTO,consulta externa,repetidas en menores de 5 anos,2007-05-01,211,132,211,132,343
VITICHI,consulta externa,repetidas en menores de 5 anos,2007-05-01,7,4,7,4,11
WALDO BALLIVIAN,consulta externa,repetidas en menores de 5 anos,2007-05-01,1,5,1,5,6
WARNES,consulta externa,repetidas en menores de 5 anos,2007-05-01,65,53,65,53,118
YACO,consulta externa,repetidas en menores de 5 anos,2007-05-01,1,1,1,1,2
YACUIBA,consulta externa,repetidas en menores de 5 anos,2007-05-01,144,93,144,93,237
YAMPARAEZ,consulta externa,repetidas en menores de 5 anos,2007-05-01,24,22,24,22,46
YANACACHI,consulta externa,repetidas en menores de 5 anos,2007-05-01,3,5,3,5,8
YAPACANI,consulta externa,repetidas en menores de 5 anos,2007-05-01,57,71,57,71,128
YOCALLA,consulta externa,repetidas en menores de 5 anos,2007-05-01,0,3,0,3,3
YOTALA,consulta externa,repetidas en menores de 5 anos,2007-05-01,31,35,31,35,66
YUNCHARA,consulta externa,repetidas en menores de 5 anos,2007-05-01,18,17,18,17,35
ZUDAÑEZ,consulta externa,repetidas en menores de 5 anos,2007-05-01,5,4,5,4,9
ACACIO,consulta externa,repetidas en menores de 5 anos,2007-06-01,2,8,2,8,10
ACHACACHI,consulta externa,repetidas en menores de 5 anos,2007-06-01,3,7,3,7,10
ACHOCALLA,consulta externa,repetidas en menores de 5 anos,2007-06-01,7,7,7,7,14
AIQUILE,consulta externa,repetidas en menores de 5 anos,2007-06-01,73,64,73,64,137
ALALAY,consulta externa,repetidas en menores de 5 anos,2007-06-01,7,4,7,4,11
ALCALA,consulta externa,repetidas en menores de 5 anos,2007-06-01,1,0,1,0,1
ANCORAIMES,consulta externa,repetidas en menores de 5 anos,2007-06-01,8,7,8,7,15
ANDAMARCA,consulta externa,repetidas en menores de 5 anos,2007-06-01,7,4,7,4,11
ANTEQUERA,consulta externa,repetidas en menores de 5 anos,2007-06-01,3,2,3,2,5
ANZALDO,consulta externa,repetidas en menores de 5 anos,2007-06-01,27,18,27,18,45
APOLO,consulta externa,repetidas en menores de 5 anos,2007-06-01,23,20,23,20,43
ARANI,consulta externa,repetidas en menores de 5 anos,2007-06-01,7,9,7,9,16
ARBIETO,consulta externa,repetidas en menores de 5 anos,2007-06-01,5,1,5,1,6
ARQUE,consulta externa,repetidas en menores de 5 anos,2007-06-01,20,12,20,12,32
ASCENCION DE GUARAYOS,consulta externa,repetidas en menores de 5 anos,2007-06-01,84,68,84,68,152
ATOCHA,consulta externa,repetidas en menores de 5 anos,2007-06-01,58,66,58,66,124
AUCAPATA,consulta externa,repetidas en menores de 5 anos,2007-06-01,19,12,19,12,31
AYATA,consulta externa,repetidas en menores de 5 anos,2007-06-01,5,7,5,7,12
AYO AYO,consulta externa,repetidas en menores de 5 anos,2007-06-01,4,3,4,3,7
AYOPAYA (V. DE INDEPENDENCIA),consulta externa,repetidas en menores de 5 anos,2007-06-01,9,4,9,4,13
BATALLAS,consulta externa,repetidas en menores de 5 anos,2007-06-01,0,2,0,2,2
BAURES,consulta externa,repetidas en menores de 5 anos,2007-06-01,10,3,10,3,13
BELEN DE ANDAMARCA,consulta externa,repetidas en menores de 5 anos,2007-06-01,1,1,1,1,2
BELEN DE URMIRI,consulta externa,repetidas en menores de 5 anos,2007-06-01,2,4,2,4,6
BELLA FLOR,consulta externa,repetidas en menores de 5 anos,2007-06-01,0,3,0,3,3
BERMEJO,consulta externa,repetidas en menores de 5 anos,2007-06-01,48,72,48,72,120
BETANZOS,consulta externa,repetidas en menores de 5 anos,2007-06-01,26,16,26,16,42
BOLIVAR,consulta externa,repetidas en menores de 5 anos,2007-06-01,2,1,2,1,3
BOLPEBRA,consulta externa,repetidas en menores de 5 anos,2007-06-01,5,2,5,2,7
BOYUIBE,consulta externa,repetidas en menores de 5 anos,2007-06-01,14,5,14,5,19
BUENA VISTA,consulta externa,repetidas en menores de 5 anos,2007-06-01,83,81,83,81,164
CABEZAS,consulta externa,repetidas en menores de 5 anos,2007-06-01,5,6,5,6,11
CAIROMA,consulta externa,repetidas en menores de 5 anos,2007-06-01,3,1,3,1,4
"CAIZA ""D""",consulta externa,repetidas en menores de 5 anos,2007-06-01,12,3,12,3,15
CAJUATA,consulta externa,repetidas en menores de 5 anos,2007-06-01,2,17,2,17,19
CALACOTO,consulta externa,repetidas en menores de 5 anos,2007-06-01,4,10,4,10,14
CALAMARCA,consulta externa,repetidas en menores de 5 anos,2007-06-01,5,4,5,4,9
CAMARGO,consulta externa,repetidas en menores de 5 anos,2007-06-01,4,2,4,2,6
CAMATAQUI (C. VILLA ABECIA),consulta externa,repetidas en menores de 5 anos,2007-06-01,7,16,7,16,23
CAMIRI,consulta externa,repetidas en menores de 5 anos,2007-06-01,78,76,78,76,154
CAPINOTA,consulta externa,repetidas en menores de 5 anos,2007-06-01,25,39,25,39,64
CAQUIAVIRI,consulta externa,repetidas en menores de 5 anos,2007-06-01,0,1,0,1,1
CARACOLLO,consulta externa,repetidas en menores de 5 anos,2007-06-01,2,5,2,5,7
CARANAVI,consulta externa,repetidas en menores de 5 anos,2007-06-01,26,21,26,21,47
CARAPARI,consulta externa,repetidas en menores de 5 anos,2007-06-01,9,2,9,2,11
CARIPUYO,consulta externa,repetidas en menores de 5 anos,2007-06-01,5,1,5,1,6
CARMEN RIVERO TORREZ,consulta externa,repetidas en menores de 5 anos,2007-06-01,4,3,4,3,7
CATACORA,consulta externa,repetidas en menores de 5 anos,2007-06-01,2,1,2,1,3
CHALLAPATA,consulta externa,repetidas en menores de 5 anos,2007-06-01,13,26,13,26,39
CHAQUI,consulta externa,repetidas en menores de 5 anos,2007-06-01,1,2,1,2,3
CHARAGUA,consulta externa,repetidas en menores de 5 anos,2007-06-01,40,72,40,72,112
CHARAÑA,consulta externa,repetidas en menores de 5 anos,2007-06-01,1,1,1,1,2
CHAYANTA,consulta externa,repetidas en menores de 5 anos,2007-06-01,11,9,11,9,20
CHIMORE,consulta externa,repetidas en menores de 5 anos,2007-06-01,26,25,26,25,51
CHIPAYA,consulta externa,repetidas en menores de 5 anos,2007-06-01,0,3,0,3,3
CHOQUE COTA,consulta externa,repetidas en menores de 5 anos,2007-06-01,0,4,0,4,4
CHULUMANI (V. DE LA LIBERTAD),consulta externa,repetidas en menores de 5 anos,2007-06-01,30,30,30,30,60
CHUMA,consulta externa,repetidas en menores de 5 anos,2007-06-01,0,4,0,4,4
CLIZA,consulta externa,repetidas en menores de 5 anos,2007-06-01,55,71,55,71,126
COBIJA,consulta externa,repetidas en menores de 5 anos,2007-06-01,138,117,138,117,255
COCHABAMBA,consulta externa,repetidas en menores de 5 anos,2007-06-01,3971,3640,3971,3640,7611
COIPASA,consulta externa,repetidas en menores de 5 anos,2007-06-01,0,1,0,1,1
COLCAPIRHUA,consulta externa,repetidas en menores de 5 anos,2007-06-01,123,112,123,112,235
"COLCHA ""K""",consulta externa,repetidas en menores de 5 anos,2007-06-01,13,6,13,6,19
COLOMI,consulta externa,repetidas en menores de 5 anos,2007-06-01,28,11,28,11,39
COLPA BELGICA,consulta externa,repetidas en menores de 5 anos,2007-06-01,61,55,61,55,116
COLQUECHACA,consulta externa,repetidas en menores de 5 anos,2007-06-01,7,3,7,3,10
COLQUENCHA,consulta externa,repetidas en menores de 5 anos,2007-06-01,3,1,3,1,4
COLQUIRI,consulta externa,repetidas en menores de 5 anos,2007-06-01,35,25,35,25,60
COMANCHE,consulta externa,repetidas en menores de 5 anos,2007-06-01,1,1,1,1,2
COMARAPA,consulta externa,repetidas en menores de 5 anos,2007-06-01,25,26,25,26,51
CONCEPCION,consulta externa,repetidas en menores de 5 anos,2007-06-01,16,7,16,7,23
COPACABANA,consulta externa,repetidas en menores de 5 anos,2007-06-01,1,3,1,3,4
CORIPATA,consulta externa,repetidas en menores de 5 anos,2007-06-01,19,15,19,15,34
CORO CORO,consulta externa,repetidas en menores de 5 anos,2007-06-01,7,0,7,0,7
COROICO,consulta externa,repetidas en menores de 5 anos,2007-06-01,27,27,27,27,54
CORQUE,consulta externa,repetidas en menores de 5 anos,2007-06-01,1,11,1,11,12
COTAGAITA,consulta externa,repetidas en menores de 5 anos,2007-06-01,24,30,24,30,54
COTOCA,consulta externa,repetidas en menores de 5 anos,2007-06-01,60,62,60,62,122
CUATRO CAÑADAS,consulta externa,repetidas en menores de 5 anos,2007-06-01,52,63,52,63,115
CUCHUMUELA (V. G. VILLARROEL),consulta externa,repetidas en menores de 5 anos,2007-06-01,43,40,43,40,83
CUEVO,consulta externa,repetidas en menores de 5 anos,2007-06-01,1,3,1,3,4
CULPINA,consulta externa,repetidas en menores de 5 anos,2007-06-01,20,18,20,18,38
CURAHUARA DE CARANGAS,consulta externa,repetidas en menores de 5 anos,2007-06-01,2,1,2,1,3
CURVA,consulta externa,repetidas en menores de 5 anos,2007-06-01,2,2,2,2,4
EL ALTO,consulta externa,repetidas en menores de 5 anos,2007-06-01,1809,1989,1809,1989,3798
EL CHORO,consulta externa,repetidas en menores de 5 anos,2007-06-01,3,4,3,4,7
EL PUENTE(STC),consulta externa,repetidas en menores de 5 anos,2007-06-01,8,12,8,12,20
EL PUENTE(TJA),consulta externa,repetidas en menores de 5 anos,2007-06-01,7,8,7,8,15
EL TORNO,consulta externa,repetidas en menores de 5 anos,2007-06-01,57,50,57,50,107
EL VILLAR,consulta externa,repetidas en menores de 5 anos,2007-06-01,18,14,18,14,32
ENTRE RIOS,consulta externa,repetidas en menores de 5 anos,2007-06-01,28,16,28,16,44
ENTRE RIOS,consulta externa,repetidas en menores de 5 anos,2007-06-01,12,9,12,9,21
EUCALIPTUS,consulta externa,repetidas en menores de 5 anos,2007-06-01,16,6,16,6,22
EXALTACION,consulta externa,repetidas en menores de 5 anos,2007-06-01,5,8,5,8,13
FERNANDEZ ALONSO,consulta externa,repetidas en menores de 5 anos,2007-06-01,27,24,27,24,51
FILADELFIA,consulta externa,repetidas en menores de 5 anos,2007-06-01,7,5,7,5,12
GENERAL SAAVEDRA,consulta externa,repetidas en menores de 5 anos,2007-06-01,23,17,23,17,40
GRAL. J.J. PEREZ (CHARAZANI),consulta externa,repetidas en menores de 5 anos,2007-06-01,3,4,3,4,7
GUANAY,consulta externa,repetidas en menores de 5 anos,2007-06-01,16,7,16,7,23
GUAQUI,consulta externa,repetidas en menores de 5 anos,2007-06-01,5,5,5,5,10
GUAYARAMERIN,consulta externa,repetidas en menores de 5 anos,2007-06-01,109,93,109,93,202
GUTIERREZ,consulta externa,repetidas en menores de 5 anos,2007-06-01,52,56,52,56,108
HUACARETA,consulta externa,repetidas en menores de 5 anos,2007-06-01,17,17,17,17,34
HUACHACALLA,consulta externa,repetidas en menores de 5 anos,2007-06-01,0,3,0,3,3
HUANUNI,consulta externa,repetidas en menores de 5 anos,2007-06-01,147,114,147,114,261
HUARACAJE,consulta externa,repetidas en menores de 5 anos,2007-06-01,12,16,12,16,28
HUAYLLAMARCA,consulta externa,repetidas en menores de 5 anos,2007-06-01,7,20,7,20,27
ICLA,consulta externa,repetidas en menores de 5 anos,2007-06-01,8,3,8,3,11
INCAHUASI,consulta externa,repetidas en menores de 5 anos,2007-06-01,9,14,9,14,23
INGAVI (HUMAITA),consulta externa,repetidas en menores de 5 anos,2007-06-01,1,1,1,1,2
INQUISIVI,consulta externa,repetidas en menores de 5 anos,2007-06-01,4,3,4,3,7
IRUPANA (VILLA DE LANZA),consulta externa,repetidas en menores de 5 anos,2007-06-01,7,10,7,10,17
IXIAMAS,consulta externa,repetidas en menores de 5 anos,2007-06-01,12,11,12,11,23
JESUS DE MACHACA,consulta externa,repetidas en menores de 5 anos,2007-06-01,9,7,9,7,16
LA ASUNTA,consulta externa,repetidas en menores de 5 anos,2007-06-01,8,7,8,7,15
LA GUARDIA,consulta externa,repetidas en menores de 5 anos,2007-06-01,111,89,111,89,200
LA PAZ,consulta externa,repetidas en menores de 5 anos,2007-06-01,3998,3790,3998,3790,7788
LA RIVERA,consulta externa,repetidas en menores de 5 anos,2007-06-01,1,0,1,0,1
LAGUNILLAS,consulta externa,repetidas en menores de 5 anos,2007-06-01,7,6,7,6,13
LAJA,consulta externa,repetidas en menores de 5 anos,2007-06-01,10,5,10,5,15
LAS CARRERAS,consulta externa,repetidas en menores de 5 anos,2007-06-01,4,1,4,1,5
LICOMA PAMPA,consulta externa,repetidas en menores de 5 anos,2007-06-01,0,2,0,2,2
LLALLAGUA,consulta externa,repetidas en menores de 5 anos,2007-06-01,29,16,29,16,45
LLICA,consulta externa,repetidas en menores de 5 anos,2007-06-01,1,3,1,3,4
LORETO,consulta externa,repetidas en menores de 5 anos,2007-06-01,5,9,5,9,14
LURIBAY,consulta externa,repetidas en menores de 5 anos,2007-06-01,7,3,7,3,10
MACHARETI,consulta externa,repetidas en menores de 5 anos,2007-06-01,10,12,10,12,22
MAGDALENA,consulta externa,repetidas en menores de 5 anos,2007-06-01,18,17,18,17,35
MAIRANA,consulta externa,repetidas en menores de 5 anos,2007-06-01,7,5,7,5,12
MALLA,consulta externa,repetidas en menores de 5 anos,2007-06-01,4,0,4,0,4
MAPIRI,consulta externa,repetidas en menores de 5 anos,2007-06-01,25,31,25,31,56
MECAPACA,consulta externa,repetidas en menores de 5 anos,2007-06-01,20,15,20,15,35
MINEROS,consulta externa,repetidas en menores de 5 anos,2007-06-01,17,15,17,15,32
MIZQUE,consulta externa,repetidas en menores de 5 anos,2007-06-01,25,22,25,22,47
MOCOMOCO,consulta externa,repetidas en menores de 5 anos,2007-06-01,2,1,2,1,3
MOJINETE,consulta externa,repetidas en menores de 5 anos,2007-06-01,3,3,3,3,6
MOJOCOYA,consulta externa,repetidas en menores de 5 anos,2007-06-01,11,8,11,8,19
MONTEAGUDO,consulta externa,repetidas en menores de 5 anos,2007-06-01,25,28,25,28,53
MONTERO,consulta externa,repetidas en menores de 5 anos,2007-06-01,635,512,635,512,1147
MORO MORO,consulta externa,repetidas en menores de 5 anos,2007-06-01,1,3,1,3,4
MOROCHATA,consulta externa,repetidas en menores de 5 anos,2007-06-01,37,43,37,43,80
NUEVO MANOA (NUEVA ESPERANZA),consulta externa,repetidas en menores de 5 anos,2007-06-01,0,1,0,1,1
OCURI,consulta externa,repetidas en menores de 5 anos,2007-06-01,0,1,0,1,1
OKINAWA,consulta externa,repetidas en menores de 5 anos,2007-06-01,13,14,13,14,27
OMEREQUE,consulta externa,repetidas en menores de 5 anos,2007-06-01,0,4,0,4,4
ORURO,consulta externa,repetidas en menores de 5 anos,2007-06-01,540,540,540,540,1080
PADCAYA,consulta externa,repetidas en menores de 5 anos,2007-06-01,22,22,22,22,44
PADILLA,consulta externa,repetidas en menores de 5 anos,2007-06-01,2,2,2,2,4
PAILON,consulta externa,repetidas en menores de 5 anos,2007-06-01,22,16,22,16,38
PALCA,consulta externa,repetidas en menores de 5 anos,2007-06-01,10,4,10,4,14
PALOS BLANCOS,consulta externa,repetidas en menores de 5 anos,2007-06-01,39,36,39,36,75
PAMPA AULLAGAS,consulta externa,repetidas en menores de 5 anos,2007-06-01,4,3,4,3,7
PAMPA GRANDE,consulta externa,repetidas en menores de 5 anos,2007-06-01,3,1,3,1,4
PAPEL PAMPA,consulta externa,repetidas en menores de 5 anos,2007-06-01,1,0,1,0,1
PASORAPA,consulta externa,repetidas en menores de 5 anos,2007-06-01,3,5,3,5,8
PATACAMAYA,consulta externa,repetidas en menores de 5 anos,2007-06-01,12,9,12,9,21
PAZÑA,consulta externa,repetidas en menores de 5 anos,2007-06-01,3,6,3,6,9
PELECHUCO,consulta externa,repetidas en menores de 5 anos,2007-06-01,3,0,3,0,3
POCOATA,consulta externa,repetidas en menores de 5 anos,2007-06-01,22,19,22,19,41
POCONA,consulta externa,repetidas en menores de 5 anos,2007-06-01,6,6,6,6,12
POJO (CBBA),consulta externa,repetidas en menores de 5 anos,2007-06-01,5,3,5,3,8
POOPO,consulta externa,repetidas en menores de 5 anos,2007-06-01,2,5,2,5,7
PORCO,consulta externa,repetidas en menores de 5 anos,2007-06-01,1,1,1,1,2
POROMA,consulta externa,repetidas en menores de 5 anos,2007-06-01,7,11,7,11,18
PORONGO,consulta externa,repetidas en menores de 5 anos,2007-06-01,17,23,17,23,40
PORTACHUELO,consulta externa,repetidas en menores de 5 anos,2007-06-01,55,49,55,49,104
PORVENIR,consulta externa,repetidas en menores de 5 anos,2007-06-01,7,15,7,15,22
POSTRER VALLE,consulta externa,repetidas en menores de 5 anos,2007-06-01,3,2,3,2,5
POTOSI,consulta externa,repetidas en menores de 5 anos,2007-06-01,427,445,427,445,872
PUCARA,consulta externa,repetidas en menores de 5 anos,2007-06-01,1,1,1,1,2
PUCARANI,consulta externa,repetidas en menores de 5 anos,2007-06-01,21,22,21,22,43
PUERTO ACOSTA,consulta externa,repetidas en menores de 5 anos,2007-06-01,8,4,8,4,12
PUERTO CARABUCO,consulta externa,repetidas en menores de 5 anos,2007-06-01,2,1,2,1,3
PUERTO GONZALO MORENO,consulta externa,repetidas en menores de 5 anos,2007-06-01,3,1,3,1,4
PUERTO QUIJARRO,consulta externa,repetidas en menores de 5 anos,2007-06-01,14,9,14,9,23
PUERTO RICO,consulta externa,repetidas en menores de 5 anos,2007-06-01,86,64,86,64,150
PUERTO SUAREZ,consulta externa,repetidas en menores de 5 anos,2007-06-01,44,34,44,34,78
PUERTO VILLARROEL,consulta externa,repetidas en menores de 5 anos,2007-06-01,79,70,79,70,149
PUNA,consulta externa,repetidas en menores de 5 anos,2007-06-01,22,22,22,22,44
PUNATA,consulta externa,repetidas en menores de 5 anos,2007-06-01,201,218,201,218,419
QUIABAYA,consulta externa,repetidas en menores de 5 anos,2007-06-01,8,0,8,0,8
QUILLACOLLO,consulta externa,repetidas en menores de 5 anos,2007-06-01,544,371,544,371,915
QUIME,consulta externa,repetidas en menores de 5 anos,2007-06-01,1,0,1,0,1
QUIRUSILLAS,consulta externa,repetidas en menores de 5 anos,2007-06-01,1,1,1,1,2
REYES,consulta externa,repetidas en menores de 5 anos,2007-06-01,25,28,25,28,53
RIBERALTA,consulta externa,repetidas en menores de 5 anos,2007-06-01,222,258,222,258,480
ROBORE,consulta externa,repetidas en menores de 5 anos,2007-06-01,5,5,5,5,10
RURRENABAQUE,consulta externa,repetidas en menores de 5 anos,2007-06-01,63,58,63,58,121
SABAYA,consulta externa,repetidas en menores de 5 anos,2007-06-01,4,2,4,2,6
SACABA,consulta externa,repetidas en menores de 5 anos,2007-06-01,304,268,304,268,572
SACABAMBA,consulta externa,repetidas en menores de 5 anos,2007-06-01,9,14,9,14,23
SACACA,consulta externa,repetidas en menores de 5 anos,2007-06-01,8,3,8,3,11
SAIPINA,consulta externa,repetidas en menores de 5 anos,2007-06-01,5,5,5,5,10
SALINAS DE GARCI MENDOZA,consulta externa,repetidas en menores de 5 anos,2007-06-01,5,2,5,2,7
SAMAIPATA,consulta externa,repetidas en menores de 5 anos,2007-06-01,9,2,9,2,11
SAN AGUSTIN,consulta externa,repetidas en menores de 5 anos,2007-06-01,3,1,3,1,4
SAN ANDRES,consulta externa,repetidas en menores de 5 anos,2007-06-01,17,4,17,4,21
SAN ANDRES DE MACHACA,consulta externa,repetidas en menores de 5 anos,2007-06-01,4,2,4,2,6
SAN ANTONIO DE ESMORUCO,consulta externa,repetidas en menores de 5 anos,2007-06-01,7,11,7,11,18
SAN ANTONIO DE LOMERIO,consulta externa,repetidas en menores de 5 anos,2007-06-01,2,1,2,1,3
SAN BENITO,consulta externa,repetidas en menores de 5 anos,2007-06-01,25,24,25,24,49
SAN BORJA,consulta externa,repetidas en menores de 5 anos,2007-06-01,80,54,80,54,134
SAN BUENA VENTURA,consulta externa,repetidas en menores de 5 anos,2007-06-01,26,11,26,11,37
SAN CARLOS,consulta externa,repetidas en menores de 5 anos,2007-06-01,19,18,19,18,37
SAN IGNACIO,consulta externa,repetidas en menores de 5 anos,2007-06-01,32,33,32,33,65
SAN IGNACIO DE VELASCO,consulta externa,repetidas en menores de 5 anos,2007-06-01,123,112,123,112,235
SAN JAVIER(BNI),consulta externa,repetidas en menores de 5 anos,2007-06-01,4,3,4,3,7
SAN JAVIER(STC),consulta externa,repetidas en menores de 5 anos,2007-06-01,13,10,13,10,23
SAN JOAQUIN,consulta externa,repetidas en menores de 5 anos,2007-06-01,1,0,1,0,1
SAN JOSE DE CHIQUITOS,consulta externa,repetidas en menores de 5 anos,2007-06-01,6,4,6,4,10
SAN JUAN DE YAPACANI,consulta externa,repetidas en menores de 5 anos,2007-06-01,35,50,35,50,85
SAN JULIAN,consulta externa,repetidas en menores de 5 anos,2007-06-01,50,57,50,57,107
SAN LORENZO(PND),consulta externa,repetidas en menores de 5 anos,2007-06-01,9,2,9,2,11
SAN LORENZO(TJA),consulta externa,repetidas en menores de 5 anos,2007-06-01,27,27,27,27,54
SAN LUCAS,consulta externa,repetidas en menores de 5 anos,2007-06-01,32,32,32,32,64
SAN MATIAS,consulta externa,repetidas en menores de 5 anos,2007-06-01,93,89,93,89,182
SAN MIGUEL DE VELASCO,consulta externa,repetidas en menores de 5 anos,2007-06-01,4,5,4,5,9
SAN PABLO DE LIPEZ,consulta externa,repetidas en menores de 5 anos,2007-06-01,12,7,12,7,19
SAN PEDRO,consulta externa,repetidas en menores de 5 anos,2007-06-01,40,43,40,43,83
SAN PEDRO DE TIQUINA,consulta externa,repetidas en menores de 5 anos,2007-06-01,0,3,0,3,3
SAN PEDRO(PND),consulta externa,repetidas en menores de 5 anos,2007-06-01,2,7,2,7,9
SAN RAFAEL,consulta externa,repetidas en menores de 5 anos,2007-06-01,7,6,7,6,13
SAN RAMON,consulta externa,repetidas en menores de 5 anos,2007-06-01,19,10,19,10,29
SAN RAMON,consulta externa,repetidas en menores de 5 anos,2007-06-01,21,13,21,13,34
SANTA ANA,consulta externa,repetidas en menores de 5 anos,2007-06-01,31,21,31,21,52
SANTA CRUZ DE LA SIERRA,consulta externa,repetidas en menores de 5 anos,2007-06-01,3855,3632,3855,3632,7487
SANTA ROSA,consulta externa,repetidas en menores de 5 anos,2007-06-01,1,4,1,4,5
SANTA ROSA DEL SARA,consulta externa,repetidas en menores de 5 anos,2007-06-01,3,3,3,3,6
SANTIAGO DE HUARI,consulta externa,repetidas en menores de 5 anos,2007-06-01,22,5,22,5,27
SANTIAGO DE MACHACA,consulta externa,repetidas en menores de 5 anos,2007-06-01,1,1,1,1,2
SANTIVAÑES,consulta externa,repetidas en menores de 5 anos,2007-06-01,4,6,4,6,10
SANTUARIO DE QUILLACAS,consulta externa,repetidas en menores de 5 anos,2007-06-01,3,2,3,2,5
SAPAHAQUI,consulta externa,repetidas en menores de 5 anos,2007-06-01,7,8,7,8,15
SENA,consulta externa,repetidas en menores de 5 anos,2007-06-01,26,30,26,30,56
SICA SICA (VILLA AROMA),consulta externa,repetidas en menores de 5 anos,2007-06-01,2,6,2,6,8
SICAYA,consulta externa,repetidas en menores de 5 anos,2007-06-01,2,0,2,0,2
SIPE SIPE,consulta externa,repetidas en menores de 5 anos,2007-06-01,163,115,163,115,278
SOPACHUY,consulta externa,repetidas en menores de 5 anos,2007-06-01,14,3,14,3,17
SORACACHI,consulta externa,repetidas en menores de 5 anos,2007-06-01,1,1,1,1,2
SORATA,consulta externa,repetidas en menores de 5 anos,2007-06-01,5,1,5,1,6
SUCRE,consulta externa,repetidas en menores de 5 anos,2007-06-01,1168,1134,1168,1134,2302
TACACHI,consulta externa,repetidas en menores de 5 anos,2007-06-01,3,6,3,6,9
TACACOMA,consulta externa,repetidas en menores de 5 anos,2007-06-01,1,0,1,0,1
TACOBAMBA,consulta externa,repetidas en menores de 5 anos,2007-06-01,4,1,4,1,5
TACOPAYA,consulta externa,repetidas en menores de 5 anos,2007-06-01,0,2,0,2,2
TAHUA,consulta externa,repetidas en menores de 5 anos,2007-06-01,2,5,2,5,7
TAPACARI,consulta externa,repetidas en menores de 5 anos,2007-06-01,90,67,90,67,157
TARABUCO,consulta externa,repetidas en menores de 5 anos,2007-06-01,223,214,223,214,437
TARATA,consulta externa,repetidas en menores de 5 anos,2007-06-01,5,5,5,5,10
TARIJA,consulta externa,repetidas en menores de 5 anos,2007-06-01,779,745,779,745,1524
TARVITA,consulta externa,repetidas en menores de 5 anos,2007-06-01,13,21,13,21,34
TEOPONTE,consulta externa,repetidas en menores de 5 anos,2007-06-01,9,13,9,13,22
TIAWANACU,consulta externa,repetidas en menores de 5 anos,2007-06-01,4,5,4,5,9
TINGUIPAYA,consulta externa,repetidas en menores de 5 anos,2007-06-01,3,2,3,2,5
TIPUANI,consulta externa,repetidas en menores de 5 anos,2007-06-01,21,34,21,34,55
TIQUIPAYA,consulta externa,repetidas en menores de 5 anos,2007-06-01,126,136,126,136,262
TIRAQUE (CBBA),consulta externa,repetidas en menores de 5 anos,2007-06-01,80,71,80,71,151
TITO YUPANQUI (PARQUIPUJIO),consulta externa,repetidas en menores de 5 anos,2007-06-01,1,6,1,6,7
TOCO,consulta externa,repetidas en menores de 5 anos,2007-06-01,33,21,33,21,54
TOLATA,consulta externa,repetidas en menores de 5 anos,2007-06-01,46,56,46,56,102
TOLEDO,consulta externa,repetidas en menores de 5 anos,2007-06-01,11,11,11,11,22
TOMAVE,consulta externa,repetidas en menores de 5 anos,2007-06-01,12,10,12,10,22
TOMINA,consulta externa,repetidas en menores de 5 anos,2007-06-01,6,4,6,4,10
TORO TORO,consulta externa,repetidas en menores de 5 anos,2007-06-01,8,0,8,0,8
TOTORA(CBBA),consulta externa,repetidas en menores de 5 anos,2007-06-01,112,104,112,104,216
TOTORA(ORR),consulta externa,repetidas en menores de 5 anos,2007-06-01,1,6,1,6,7
TRIGAL,consulta externa,repetidas en menores de 5 anos,2007-06-01,0,5,0,5,5
TRINIDAD,consulta externa,repetidas en menores de 5 anos,2007-06-01,368,351,368,351,719
TUPIZA,consulta externa,repetidas en menores de 5 anos,2007-06-01,126,140,126,140,266
TURCO,consulta externa,repetidas en menores de 5 anos,2007-06-01,7,4,7,4,11
UMALA,consulta externa,repetidas en menores de 5 anos,2007-06-01,2,1,2,1,3
UNCIA,consulta externa,repetidas en menores de 5 anos,2007-06-01,24,12,24,12,36
URIONDO (A. CONCEPCION),consulta externa,repetidas en menores de 5 anos,2007-06-01,10,9,10,9,19
URUBICHA,consulta externa,repetidas en menores de 5 anos,2007-06-01,7,6,7,6,13
UYUNI,consulta externa,repetidas en menores de 5 anos,2007-06-01,15,14,15,14,29
VACAS,consulta externa,repetidas en menores de 5 anos,2007-06-01,29,19,29,19,48
VALLEGRANDE,consulta externa,repetidas en menores de 5 anos,2007-06-01,33,20,33,20,53
VIACHA,consulta externa,repetidas en menores de 5 anos,2007-06-01,92,68,92,68,160
VILA VILA,consulta externa,repetidas en menores de 5 anos,2007-06-01,3,2,3,2,5
VILLA MONTES,consulta externa,repetidas en menores de 5 anos,2007-06-01,25,15,25,15,40
VILLA NUEVA (LOMA ALTA),consulta externa,repetidas en menores de 5 anos,2007-06-01,8,6,8,6,14
VILLA RIVERO,consulta externa,repetidas en menores de 5 anos,2007-06-01,16,18,16,18,34
VILLA SERRANO,consulta externa,repetidas en menores de 5 anos,2007-06-01,1,3,1,3,4
VILLA TUNARI,consulta externa,repetidas en menores de 5 anos,2007-06-01,100,105,100,105,205
VILLA VACA GUZMAN (MUYUPAMPA),consulta externa,repetidas en menores de 5 anos,2007-06-01,16,10,16,10,26
VILLAZON,consulta externa,repetidas en menores de 5 anos,2007-06-01,50,48,50,48,98
VINTO,consulta externa,repetidas en menores de 5 anos,2007-06-01,121,107,121,107,228
VITICHI,consulta externa,repetidas en menores de 5 anos,2007-06-01,9,3,9,3,12
WALDO BALLIVIAN,consulta externa,repetidas en menores de 5 anos,2007-06-01,2,3,2,3,5
WARNES,consulta externa,repetidas en menores de 5 anos,2007-06-01,142,135,142,135,277
YACO,consulta externa,repetidas en menores de 5 anos,2007-06-01,5,1,5,1,6
YACUIBA,consulta externa,repetidas en menores de 5 anos,2007-06-01,121,95,121,95,216
YAMPARAEZ,consulta externa,repetidas en menores de 5 anos,2007-06-01,27,17,27,17,44
YANACACHI,consulta externa,repetidas en menores de 5 anos,2007-06-01,1,1,1,1,2
YAPACANI,consulta externa,repetidas en menores de 5 anos,2007-06-01,41,39,41,39,80
YOCALLA,consulta externa,repetidas en menores de 5 anos,2007-06-01,1,1,1,1,2
YOTALA,consulta externa,repetidas en menores de 5 anos,2007-06-01,31,28,31,28,59
YUNCHARA,consulta externa,repetidas en menores de 5 anos,2007-06-01,18,28,18,28,46
ZUDAÑEZ,consulta externa,repetidas en menores de 5 anos,2007-06-01,10,7,10,7,17
ACACIO,consulta externa,repetidas en menores de 5 anos,2007-07-01,5,4,5,4,9
ACHACACHI,consulta externa,repetidas en menores de 5 anos,2007-07-01,17,7,17,7,24
ACHOCALLA,consulta externa,repetidas en menores de 5 anos,2007-07-01,1,0,1,0,1
AIQUILE,consulta externa,repetidas en menores de 5 anos,2007-07-01,21,12,21,12,33
ALCALA,consulta externa,repetidas en menores de 5 anos,2007-07-01,2,0,2,0,2
ANCORAIMES,consulta externa,repetidas en menores de 5 anos,2007-07-01,8,3,8,3,11
ANDAMARCA,consulta externa,repetidas en menores de 5 anos,2007-07-01,3,0,3,0,3
ANTEQUERA,consulta externa,repetidas en menores de 5 anos,2007-07-01,34,29,34,29,63
ANZALDO,consulta externa,repetidas en menores de 5 anos,2007-07-01,12,13,12,13,25
APOLO,consulta externa,repetidas en menores de 5 anos,2007-07-01,15,16,15,16,31
ARAMPAMPA,consulta externa,repetidas en menores de 5 anos,2007-07-01,1,2,1,2,3
ARANI,consulta externa,repetidas en menores de 5 anos,2007-07-01,20,11,20,11,31
ARBIETO,consulta externa,repetidas en menores de 5 anos,2007-07-01,14,22,14,22,36
ARQUE,consulta externa,repetidas en menores de 5 anos,2007-07-01,19,11,19,11,30
ASCENCION DE GUARAYOS,consulta externa,repetidas en menores de 5 anos,2007-07-01,67,58,67,58,125
ATOCHA,consulta externa,repetidas en menores de 5 anos,2007-07-01,28,25,28,25,53
AUCAPATA,consulta externa,repetidas en menores de 5 anos,2007-07-01,19,13,19,13,32
AYATA,consulta externa,repetidas en menores de 5 anos,2007-07-01,12,16,12,16,28
AYO AYO,consulta externa,repetidas en menores de 5 anos,2007-07-01,4,0,4,0,4
AYOPAYA (V. DE INDEPENDENCIA),consulta externa,repetidas en menores de 5 anos,2007-07-01,35,4,35,4,39
AZURDUY,consulta externa,repetidas en menores de 5 anos,2007-07-01,61,62,61,62,123
BATALLAS,consulta externa,repetidas en menores de 5 anos,2007-07-01,0,1,0,1,1
BAURES,consulta externa,repetidas en menores de 5 anos,2007-07-01,12,15,12,15,27
BELEN DE ANDAMARCA,consulta externa,repetidas en menores de 5 anos,2007-07-01,2,3,2,3,5
BELEN DE URMIRI,consulta externa,repetidas en menores de 5 anos,2007-07-01,1,2,1,2,3
BELLA FLOR,consulta externa,repetidas en menores de 5 anos,2007-07-01,3,0,3,0,3
BERMEJO,consulta externa,repetidas en menores de 5 anos,2007-07-01,50,45,50,45,95
BETANZOS,consulta externa,repetidas en menores de 5 anos,2007-07-01,17,11,17,11,28
BOLIVAR,consulta externa,repetidas en menores de 5 anos,2007-07-01,7,7,7,7,14
BOLPEBRA,consulta externa,repetidas en menores de 5 anos,2007-07-01,8,1,8,1,9
BOYUIBE,consulta externa,repetidas en menores de 5 anos,2007-07-01,9,5,9,5,14
BUENA VISTA,consulta externa,repetidas en menores de 5 anos,2007-07-01,28,28,28,28,56
CABEZAS,consulta externa,repetidas en menores de 5 anos,2007-07-01,11,10,11,10,21
CAIROMA,consulta externa,repetidas en menores de 5 anos,2007-07-01,3,1,3,1,4
"CAIZA ""D""",consulta externa,repetidas en menores de 5 anos,2007-07-01,6,2,6,2,8
CAJUATA,consulta externa,repetidas en menores de 5 anos,2007-07-01,5,5,5,5,10
CALACOTO,consulta externa,repetidas en menores de 5 anos,2007-07-01,2,1,2,1,3
CALAMARCA,consulta externa,repetidas en menores de 5 anos,2007-07-01,3,8,3,8,11
CAMARGO,consulta externa,repetidas en menores de 5 anos,2007-07-01,3,9,3,9,12
CAMATAQUI (C. VILLA ABECIA),consulta externa,repetidas en menores de 5 anos,2007-07-01,14,8,14,8,22
CAMIRI,consulta externa,repetidas en menores de 5 anos,2007-07-01,96,96,96,96,192
CAPINOTA,consulta externa,repetidas en menores de 5 anos,2007-07-01,36,48,36,48,84
CARACOLLO,consulta externa,repetidas en menores de 5 anos,2007-07-01,1,10,1,10,11
CARANAVI,consulta externa,repetidas en menores de 5 anos,2007-07-01,36,25,36,25,61
CARAPARI,consulta externa,repetidas en menores de 5 anos,2007-07-01,8,4,8,4,12
CARIPUYO,consulta externa,repetidas en menores de 5 anos,2007-07-01,1,1,1,1,2
CARMEN RIVERO TORREZ,consulta externa,repetidas en menores de 5 anos,2007-07-01,6,7,6,7,13
CATACORA,consulta externa,repetidas en menores de 5 anos,2007-07-01,2,1,2,1,3
CHALLAPATA,consulta externa,repetidas en menores de 5 anos,2007-07-01,17,31,17,31,48
CHAQUI,consulta externa,repetidas en menores de 5 anos,2007-07-01,1,2,1,2,3
CHARAGUA,consulta externa,repetidas en menores de 5 anos,2007-07-01,64,75,64,75,139
CHARAÑA,consulta externa,repetidas en menores de 5 anos,2007-07-01,2,1,2,1,3
CHAYANTA,consulta externa,repetidas en menores de 5 anos,2007-07-01,5,2,5,2,7
CHIMORE,consulta externa,repetidas en menores de 5 anos,2007-07-01,62,50,62,50,112
CHIPAYA,consulta externa,repetidas en menores de 5 anos,2007-07-01,1,0,1,0,1
CHULUMANI (V. DE LA LIBERTAD),consulta externa,repetidas en menores de 5 anos,2007-07-01,29,32,29,32,61
CHUMA,consulta externa,repetidas en menores de 5 anos,2007-07-01,2,2,2,2,4
CLIZA,consulta externa,repetidas en menores de 5 anos,2007-07-01,46,30,46,30,76
COBIJA,consulta externa,repetidas en menores de 5 anos,2007-07-01,135,150,135,150,285
COCHABAMBA,consulta externa,repetidas en menores de 5 anos,2007-07-01,3665,3470,3665,3470,7135
COLCAPIRHUA,consulta externa,repetidas en menores de 5 anos,2007-07-01,164,167,164,167,331
"COLCHA ""K""",consulta externa,repetidas en menores de 5 anos,2007-07-01,5,6,5,6,11
COLLANA,consulta externa,repetidas en menores de 5 anos,2007-07-01,1,2,1,2,3
COLOMI,consulta externa,repetidas en menores de 5 anos,2007-07-01,20,18,20,18,38
COLPA BELGICA,consulta externa,repetidas en menores de 5 anos,2007-07-01,51,31,51,31,82
COLQUECHACA,consulta externa,repetidas en menores de 5 anos,2007-07-01,1,4,1,4,5
COLQUENCHA,consulta externa,repetidas en menores de 5 anos,2007-07-01,2,1,2,1,3
COLQUIRI,consulta externa,repetidas en menores de 5 anos,2007-07-01,39,39,39,39,78
COMARAPA,consulta externa,repetidas en menores de 5 anos,2007-07-01,31,23,31,23,54
CONCEPCION,consulta externa,repetidas en menores de 5 anos,2007-07-01,15,18,15,18,33
COPACABANA,consulta externa,repetidas en menores de 5 anos,2007-07-01,3,2,3,2,5
CORIPATA,consulta externa,repetidas en menores de 5 anos,2007-07-01,4,4,4,4,8
CORO CORO,consulta externa,repetidas en menores de 5 anos,2007-07-01,2,1,2,1,3
COROICO,consulta externa,repetidas en menores de 5 anos,2007-07-01,23,23,23,23,46
CORQUE,consulta externa,repetidas en menores de 5 anos,2007-07-01,3,2,3,2,5
COTAGAITA,consulta externa,repetidas en menores de 5 anos,2007-07-01,23,22,23,22,45
COTOCA,consulta externa,repetidas en menores de 5 anos,2007-07-01,38,42,38,42,80
CUATRO CAÑADAS,consulta externa,repetidas en menores de 5 anos,2007-07-01,48,39,48,39,87
CUCHUMUELA (V. G. VILLARROEL),consulta externa,repetidas en menores de 5 anos,2007-07-01,3,3,3,3,6
CUEVO,consulta externa,repetidas en menores de 5 anos,2007-07-01,4,4,4,4,8
CULPINA,consulta externa,repetidas en menores de 5 anos,2007-07-01,10,10,10,10,20
CURAHUARA DE CARANGAS,consulta externa,repetidas en menores de 5 anos,2007-07-01,2,0,2,0,2
CURVA,consulta externa,repetidas en menores de 5 anos,2007-07-01,1,1,1,1,2
EL ALTO,consulta externa,repetidas en menores de 5 anos,2007-07-01,1706,1845,1706,1845,3551
EL CHORO,consulta externa,repetidas en menores de 5 anos,2007-07-01,4,0,4,0,4
EL PUENTE(STC),consulta externa,repetidas en menores de 5 anos,2007-07-01,6,5,6,5,11
EL PUENTE(TJA),consulta externa,repetidas en menores de 5 anos,2007-07-01,11,5,11,5,16
EL TORNO,consulta externa,repetidas en menores de 5 anos,2007-07-01,60,45,60,45,105
EL VILLAR,consulta externa,repetidas en menores de 5 anos,2007-07-01,1,4,1,4,5
ENTRE RIOS,consulta externa,repetidas en menores de 5 anos,2007-07-01,20,18,20,18,38
ENTRE RIOS,consulta externa,repetidas en menores de 5 anos,2007-07-01,15,7,15,7,22
EUCALIPTUS,consulta externa,repetidas en menores de 5 anos,2007-07-01,14,13,14,13,27
EXALTACION,consulta externa,repetidas en menores de 5 anos,2007-07-01,4,5,4,5,9
FERNANDEZ ALONSO,consulta externa,repetidas en menores de 5 anos,2007-07-01,25,19,25,19,44
FILADELFIA,consulta externa,repetidas en menores de 5 anos,2007-07-01,22,28,22,28,50
GENERAL SAAVEDRA,consulta externa,repetidas en menores de 5 anos,2007-07-01,10,10,10,10,20
GRAL. J.J. PEREZ (CHARAZANI),consulta externa,repetidas en menores de 5 anos,2007-07-01,3,2,3,2,5
GUANAY,consulta externa,repetidas en menores de 5 anos,2007-07-01,7,3,7,3,10
GUAQUI,consulta externa,repetidas en menores de 5 anos,2007-07-01,8,4,8,4,12
GUAYARAMERIN,consulta externa,repetidas en menores de 5 anos,2007-07-01,126,124,126,124,250
GUTIERREZ,consulta externa,repetidas en menores de 5 anos,2007-07-01,6,17,6,17,23
HUACARETA,consulta externa,repetidas en menores de 5 anos,2007-07-01,17,9,17,9,26
HUACHACALLA,consulta externa,repetidas en menores de 5 anos,2007-07-01,1,1,1,1,2
HUANUNI,consulta externa,repetidas en menores de 5 anos,2007-07-01,132,201,132,201,333
HUARACAJE,consulta externa,repetidas en menores de 5 anos,2007-07-01,5,7,5,7,12
HUAYLLAMARCA,consulta externa,repetidas en menores de 5 anos,2007-07-01,2,1,2,1,3
ICHOCA,consulta externa,repetidas en menores de 5 anos,2007-07-01,1,0,1,0,1
ICLA,consulta externa,repetidas en menores de 5 anos,2007-07-01,1,5,1,5,6
INCAHUASI,consulta externa,repetidas en menores de 5 anos,2007-07-01,14,24,14,24,38
INGAVI (HUMAITA),consulta externa,repetidas en menores de 5 anos,2007-07-01,2,1,2,1,3
INQUISIVI,consulta externa,repetidas en menores de 5 anos,2007-07-01,7,4,7,4,11
IRUPANA (VILLA DE LANZA),consulta externa,repetidas en menores de 5 anos,2007-07-01,6,7,6,7,13
IXIAMAS,consulta externa,repetidas en menores de 5 anos,2007-07-01,12,1,12,1,13
JESUS DE MACHACA,consulta externa,repetidas en menores de 5 anos,2007-07-01,9,2,9,2,11
LA ASUNTA,consulta externa,repetidas en menores de 5 anos,2007-07-01,30,19,30,19,49
LA GUARDIA,consulta externa,repetidas en menores de 5 anos,2007-07-01,135,98,135,98,233
LA PAZ,consulta externa,repetidas en menores de 5 anos,2007-07-01,3417,3581,3417,3581,6998
LAGUNILLAS,consulta externa,repetidas en menores de 5 anos,2007-07-01,7,7,7,7,14
LAJA,consulta externa,repetidas en menores de 5 anos,2007-07-01,13,10,13,10,23
LAS CARRERAS,consulta externa,repetidas en menores de 5 anos,2007-07-01,1,4,1,4,5
LICOMA PAMPA,consulta externa,repetidas en menores de 5 anos,2007-07-01,0,1,0,1,1
LLALLAGUA,consulta externa,repetidas en menores de 5 anos,2007-07-01,15,19,15,19,34
LLICA,consulta externa,repetidas en menores de 5 anos,2007-07-01,2,1,2,1,3
LORETO,consulta externa,repetidas en menores de 5 anos,2007-07-01,5,5,5,5,10
LURIBAY,consulta externa,repetidas en menores de 5 anos,2007-07-01,4,5,4,5,9
MACHACAMARCA,consulta externa,repetidas en menores de 5 anos,2007-07-01,1,2,1,2,3
MACHARETI,consulta externa,repetidas en menores de 5 anos,2007-07-01,9,10,9,10,19
MAGDALENA,consulta externa,repetidas en menores de 5 anos,2007-07-01,12,9,12,9,21
MAIRANA,consulta externa,repetidas en menores de 5 anos,2007-07-01,6,3,6,3,9
MALLA,consulta externa,repetidas en menores de 5 anos,2007-07-01,1,0,1,0,1
MAPIRI,consulta externa,repetidas en menores de 5 anos,2007-07-01,16,15,16,15,31
MECAPACA,consulta externa,repetidas en menores de 5 anos,2007-07-01,13,19,13,19,32
MINEROS,consulta externa,repetidas en menores de 5 anos,2007-07-01,3,7,3,7,10
MIZQUE,consulta externa,repetidas en menores de 5 anos,2007-07-01,22,14,22,14,36
MOCOMOCO,consulta externa,repetidas en menores de 5 anos,2007-07-01,4,1,4,1,5
MOJINETE,consulta externa,repetidas en menores de 5 anos,2007-07-01,5,1,5,1,6
MOJOCOYA,consulta externa,repetidas en menores de 5 anos,2007-07-01,7,8,7,8,15
MONTEAGUDO,consulta externa,repetidas en menores de 5 anos,2007-07-01,44,65,44,65,109
MONTERO,consulta externa,repetidas en menores de 5 anos,2007-07-01,458,386,458,386,844
MORO MORO,consulta externa,repetidas en menores de 5 anos,2007-07-01,3,1,3,1,4
MOROCHATA,consulta externa,repetidas en menores de 5 anos,2007-07-01,63,51,63,51,114
NACEBE (SANTA ROSA DEL ABUNA),consulta externa,repetidas en menores de 5 anos,2007-07-01,1,1,1,1,2
NUEVO MANOA (NUEVA ESPERANZA),consulta externa,repetidas en menores de 5 anos,2007-07-01,4,1,4,1,5
OCURI,consulta externa,repetidas en menores de 5 anos,2007-07-01,1,2,1,2,3
OKINAWA,consulta externa,repetidas en menores de 5 anos,2007-07-01,11,10,11,10,21
OMEREQUE,consulta externa,repetidas en menores de 5 anos,2007-07-01,3,2,3,2,5
ORURO,consulta externa,repetidas en menores de 5 anos,2007-07-01,674,593,674,593,1267
PADCAYA,consulta externa,repetidas en menores de 5 anos,2007-07-01,14,21,14,21,35
PADILLA,consulta externa,repetidas en menores de 5 anos,2007-07-01,1,5,1,5,6
PAILON,consulta externa,repetidas en menores de 5 anos,2007-07-01,22,16,22,16,38
PALCA,consulta externa,repetidas en menores de 5 anos,2007-07-01,3,4,3,4,7
PALOS BLANCOS,consulta externa,repetidas en menores de 5 anos,2007-07-01,28,17,28,17,45
PAMPA AULLAGAS,consulta externa,repetidas en menores de 5 anos,2007-07-01,1,3,1,3,4
PAMPA GRANDE,consulta externa,repetidas en menores de 5 anos,2007-07-01,2,1,2,1,3
PASORAPA,consulta externa,repetidas en menores de 5 anos,2007-07-01,0,2,0,2,2
PATACAMAYA,consulta externa,repetidas en menores de 5 anos,2007-07-01,5,6,5,6,11
PAZÑA,consulta externa,repetidas en menores de 5 anos,2007-07-01,5,4,5,4,9
PELECHUCO,consulta externa,repetidas en menores de 5 anos,2007-07-01,1,0,1,0,1
POCOATA,consulta externa,repetidas en menores de 5 anos,2007-07-01,25,13,25,13,38
POCONA,consulta externa,repetidas en menores de 5 anos,2007-07-01,3,8,3,8,11
POJO (CBBA),consulta externa,repetidas en menores de 5 anos,2007-07-01,7,11,7,11,18
POOPO,consulta externa,repetidas en menores de 5 anos,2007-07-01,3,2,3,2,5
PORCO,consulta externa,repetidas en menores de 5 anos,2007-07-01,5,1,5,1,6
POROMA,consulta externa,repetidas en menores de 5 anos,2007-07-01,5,5,5,5,10
PORONGO,consulta externa,repetidas en menores de 5 anos,2007-07-01,24,15,24,15,39
PORTACHUELO,consulta externa,repetidas en menores de 5 anos,2007-07-01,43,55,43,55,98
POSTRER VALLE,consulta externa,repetidas en menores de 5 anos,2007-07-01,4,0,4,0,4
POTOSI,consulta externa,repetidas en menores de 5 anos,2007-07-01,577,597,577,597,1174
PRESTO,consulta externa,repetidas en menores de 5 anos,2007-07-01,1,1,1,1,2
PUCARA,consulta externa,repetidas en menores de 5 anos,2007-07-01,2,0,2,0,2
PUCARANI,consulta externa,repetidas en menores de 5 anos,2007-07-01,6,8,6,8,14
PUERTO ACOSTA,consulta externa,repetidas en menores de 5 anos,2007-07-01,1,0,1,0,1
PUERTO CARABUCO,consulta externa,repetidas en menores de 5 anos,2007-07-01,5,2,5,2,7
PUERTO GONZALO MORENO,consulta externa,repetidas en menores de 5 anos,2007-07-01,4,6,4,6,10
PUERTO PEREZ,consulta externa,repetidas en menores de 5 anos,2007-07-01,1,1,1,1,2
PUERTO QUIJARRO,consulta externa,repetidas en menores de 5 anos,2007-07-01,13,9,13,9,22
PUERTO RICO,consulta externa,repetidas en menores de 5 anos,2007-07-01,24,20,24,20,44
PUERTO SILES,consulta externa,repetidas en menores de 5 anos,2007-07-01,0,1,0,1,1
PUERTO SUAREZ,consulta externa,repetidas en menores de 5 anos,2007-07-01,50,42,50,42,92
PUERTO VILLARROEL,consulta externa,repetidas en menores de 5 anos,2007-07-01,158,123,158,123,281
PUNA,consulta externa,repetidas en menores de 5 anos,2007-07-01,11,9,11,9,20
PUNATA,consulta externa,repetidas en menores de 5 anos,2007-07-01,163,178,163,178,341
QUIABAYA,consulta externa,repetidas en menores de 5 anos,2007-07-01,1,5,1,5,6
QUILLACOLLO,consulta externa,repetidas en menores de 5 anos,2007-07-01,446,416,446,416,862
QUIRUSILLAS,consulta externa,repetidas en menores de 5 anos,2007-07-01,2,2,2,2,4
RAVELO,consulta externa,repetidas en menores de 5 anos,2007-07-01,2,3,2,3,5
REYES,consulta externa,repetidas en menores de 5 anos,2007-07-01,33,35,33,35,68
RIBERALTA,consulta externa,repetidas en menores de 5 anos,2007-07-01,188,194,188,194,382
ROBORE,consulta externa,repetidas en menores de 5 anos,2007-07-01,7,5,7,5,12
RURRENABAQUE,consulta externa,repetidas en menores de 5 anos,2007-07-01,57,52,57,52,109
SABAYA,consulta externa,repetidas en menores de 5 anos,2007-07-01,2,0,2,0,2
SACABA,consulta externa,repetidas en menores de 5 anos,2007-07-01,276,262,276,262,538
SACABAMBA,consulta externa,repetidas en menores de 5 anos,2007-07-01,16,8,16,8,24
SACACA,consulta externa,repetidas en menores de 5 anos,2007-07-01,1,1,1,1,2
SAIPINA,consulta externa,repetidas en menores de 5 anos,2007-07-01,0,1,0,1,1
SALINAS DE GARCI MENDOZA,consulta externa,repetidas en menores de 5 anos,2007-07-01,3,1,3,1,4
SAMAIPATA,consulta externa,repetidas en menores de 5 anos,2007-07-01,6,2,6,2,8
SAN ANDRES,consulta externa,repetidas en menores de 5 anos,2007-07-01,11,7,11,7,18
SAN ANDRES DE MACHACA,consulta externa,repetidas en menores de 5 anos,2007-07-01,0,2,0,2,2
SAN ANTONIO DE ESMORUCO,consulta externa,repetidas en menores de 5 anos,2007-07-01,1,1,1,1,2
SAN ANTONIO DE LOMERIO,consulta externa,repetidas en menores de 5 anos,2007-07-01,4,1,4,1,5
SAN BENITO,consulta externa,repetidas en menores de 5 anos,2007-07-01,13,4,13,4,17
SAN BORJA,consulta externa,repetidas en menores de 5 anos,2007-07-01,54,59,54,59,113
SAN BUENA VENTURA,consulta externa,repetidas en menores de 5 anos,2007-07-01,27,33,27,33,60
SAN CARLOS,consulta externa,repetidas en menores de 5 anos,2007-07-01,38,45,38,45,83
SAN IGNACIO,consulta externa,repetidas en menores de 5 anos,2007-07-01,29,23,29,23,52
SAN IGNACIO DE VELASCO,consulta externa,repetidas en menores de 5 anos,2007-07-01,103,83,103,83,186
SAN JAVIER(BNI),consulta externa,repetidas en menores de 5 anos,2007-07-01,5,1,5,1,6
SAN JAVIER(STC),consulta externa,repetidas en menores de 5 anos,2007-07-01,7,1,7,1,8
SAN JOAQUIN,consulta externa,repetidas en menores de 5 anos,2007-07-01,32,41,32,41,73
SAN JOSE DE CHIQUITOS,consulta externa,repetidas en menores de 5 anos,2007-07-01,7,11,7,11,18
SAN JUAN DE YAPACANI,consulta externa,repetidas en menores de 5 anos,2007-07-01,42,44,42,44,86
SAN JULIAN,consulta externa,repetidas en menores de 5 anos,2007-07-01,52,127,52,127,179
SAN LORENZO(PND),consulta externa,repetidas en menores de 5 anos,2007-07-01,3,5,3,5,8
SAN LORENZO(TJA),consulta externa,repetidas en menores de 5 anos,2007-07-01,37,38,37,38,75
SAN LUCAS,consulta externa,repetidas en menores de 5 anos,2007-07-01,40,25,40,25,65
SAN MATIAS,consulta externa,repetidas en menores de 5 anos,2007-07-01,18,21,18,21,39
SAN MIGUEL DE VELASCO,consulta externa,repetidas en menores de 5 anos,2007-07-01,4,1,4,1,5
SAN PABLO DE LIPEZ,consulta externa,repetidas en menores de 5 anos,2007-07-01,8,4,8,4,12
SAN PEDRO,consulta externa,repetidas en menores de 5 anos,2007-07-01,48,48,48,48,96
SAN PEDRO DE BUENA VISTA,consulta externa,repetidas en menores de 5 anos,2007-07-01,1,0,1,0,1
SAN PEDRO DE CURAHUARA,consulta externa,repetidas en menores de 5 anos,2007-07-01,2,3,2,3,5
SAN PEDRO DE QUEMES,consulta externa,repetidas en menores de 5 anos,2007-07-01,0,1,0,1,1
SAN PEDRO DE TIQUINA,consulta externa,repetidas en menores de 5 anos,2007-07-01,1,4,1,4,5
SAN RAFAEL,consulta externa,repetidas en menores de 5 anos,2007-07-01,14,17,14,17,31
SAN RAMON,consulta externa,repetidas en menores de 5 anos,2007-07-01,5,8,5,8,13
SAN RAMON,consulta externa,repetidas en menores de 5 anos,2007-07-01,0,5,0,5,5
SANTA ANA,consulta externa,repetidas en menores de 5 anos,2007-07-01,16,18,16,18,34
SANTA CRUZ DE LA SIERRA,consulta externa,repetidas en menores de 5 anos,2007-07-01,3177,3180,3177,3180,6357
SANTA ROSA,consulta externa,repetidas en menores de 5 anos,2007-07-01,6,6,6,6,12
SANTA ROSA DEL SARA,consulta externa,repetidas en menores de 5 anos,2007-07-01,6,1,6,1,7
SANTIAGO DE CALLAPA,consulta externa,repetidas en menores de 5 anos,2007-07-01,1,0,1,0,1
SANTIAGO DE HUARI,consulta externa,repetidas en menores de 5 anos,2007-07-01,8,5,8,5,13
SANTIAGO DE MACHACA,consulta externa,repetidas en menores de 5 anos,2007-07-01,0,2,0,2,2
SANTIVAÑES,consulta externa,repetidas en menores de 5 anos,2007-07-01,6,8,6,8,14
SANTUARIO DE QUILLACAS,consulta externa,repetidas en menores de 5 anos,2007-07-01,1,0,1,0,1
SAPAHAQUI,consulta externa,repetidas en menores de 5 anos,2007-07-01,8,10,8,10,18
SENA,consulta externa,repetidas en menores de 5 anos,2007-07-01,12,11,12,11,23
SICA SICA (VILLA AROMA),consulta externa,repetidas en menores de 5 anos,2007-07-01,3,1,3,1,4
SIPE SIPE,consulta externa,repetidas en menores de 5 anos,2007-07-01,139,122,139,122,261
SOPACHUY,consulta externa,repetidas en menores de 5 anos,2007-07-01,20,23,20,23,43
SORACACHI,consulta externa,repetidas en menores de 5 anos,2007-07-01,1,1,1,1,2
SORATA,consulta externa,repetidas en menores de 5 anos,2007-07-01,1,0,1,0,1
SUCRE,consulta externa,repetidas en menores de 5 anos,2007-07-01,1057,924,1057,924,1981
TACACHI,consulta externa,repetidas en menores de 5 anos,2007-07-01,0,4,0,4,4
TACOBAMBA,consulta externa,repetidas en menores de 5 anos,2007-07-01,1,0,1,0,1
TAHUA,consulta externa,repetidas en menores de 5 anos,2007-07-01,1,0,1,0,1
TAPACARI,consulta externa,repetidas en menores de 5 anos,2007-07-01,21,21,21,21,42
TARABUCO,consulta externa,repetidas en menores de 5 anos,2007-07-01,183,218,183,218,401
TARATA,consulta externa,repetidas en menores de 5 anos,2007-07-01,7,6,7,6,13
TARIJA,consulta externa,repetidas en menores de 5 anos,2007-07-01,555,592,555,592,1147
TARVITA,consulta externa,repetidas en menores de 5 anos,2007-07-01,33,30,33,30,63
TEOPONTE,consulta externa,repetidas en menores de 5 anos,2007-07-01,31,30,31,30,61
TIAWANACU,consulta externa,repetidas en menores de 5 anos,2007-07-01,2,4,2,4,6
TINGUIPAYA,consulta externa,repetidas en menores de 5 anos,2007-07-01,4,5,4,5,9
TIPUANI,consulta externa,repetidas en menores de 5 anos,2007-07-01,23,25,23,25,48
TIQUIPAYA,consulta externa,repetidas en menores de 5 anos,2007-07-01,102,113,102,113,215
TIRAQUE (CBBA),consulta externa,repetidas en menores de 5 anos,2007-07-01,172,140,172,140,312
TITO YUPANQUI (PARQUIPUJIO),consulta externa,repetidas en menores de 5 anos,2007-07-01,2,0,2,0,2
TOCO,consulta externa,repetidas en menores de 5 anos,2007-07-01,13,7,13,7,20
TOLATA,consulta externa,repetidas en menores de 5 anos,2007-07-01,7,5,7,5,12
TOLEDO,consulta externa,repetidas en menores de 5 anos,2007-07-01,5,5,5,5,10
TOMAVE,consulta externa,repetidas en menores de 5 anos,2007-07-01,4,5,4,5,9
TOMINA,consulta externa,repetidas en menores de 5 anos,2007-07-01,7,5,7,5,12
TORO TORO,consulta externa,repetidas en menores de 5 anos,2007-07-01,3,1,3,1,4
TOTORA(CBBA),consulta externa,repetidas en menores de 5 anos,2007-07-01,127,108,127,108,235
TOTORA(ORR),consulta externa,repetidas en menores de 5 anos,2007-07-01,1,4,1,4,5
TRIGAL,consulta externa,repetidas en menores de 5 anos,2007-07-01,1,3,1,3,4
TRINIDAD,consulta externa,repetidas en menores de 5 anos,2007-07-01,290,289,290,289,579
TUPIZA,consulta externa,repetidas en menores de 5 anos,2007-07-01,85,79,85,79,164
TURCO,consulta externa,repetidas en menores de 5 anos,2007-07-01,7,0,7,0,7
UMALA,consulta externa,repetidas en menores de 5 anos,2007-07-01,1,0,1,0,1
UNCIA,consulta externa,repetidas en menores de 5 anos,2007-07-01,48,50,48,50,98
URIONDO (A. CONCEPCION),consulta externa,repetidas en menores de 5 anos,2007-07-01,13,11,13,11,24
URUBICHA,consulta externa,repetidas en menores de 5 anos,2007-07-01,4,3,4,3,7
UYUNI,consulta externa,repetidas en menores de 5 anos,2007-07-01,17,25,17,25,42
VACAS,consulta externa,repetidas en menores de 5 anos,2007-07-01,12,13,12,13,25
VALLEGRANDE,consulta externa,repetidas en menores de 5 anos,2007-07-01,55,28,55,28,83
VIACHA,consulta externa,repetidas en menores de 5 anos,2007-07-01,72,58,72,58,130
VILA VILA,consulta externa,repetidas en menores de 5 anos,2007-07-01,6,7,6,7,13
VILLA MONTES,consulta externa,repetidas en menores de 5 anos,2007-07-01,20,8,20,8,28
VILLA NUEVA (LOMA ALTA),consulta externa,repetidas en menores de 5 anos,2007-07-01,1,0,1,0,1
VILLA RIVERO,consulta externa,repetidas en menores de 5 anos,2007-07-01,6,8,6,8,14
VILLA SERRANO,consulta externa,repetidas en menores de 5 anos,2007-07-01,3,3,3,3,6
VILLA TUNARI,consulta externa,repetidas en menores de 5 anos,2007-07-01,104,79,104,79,183
VILLA VACA GUZMAN (MUYUPAMPA),consulta externa,repetidas en menores de 5 anos,2007-07-01,5,5,5,5,10
VILLAZON,consulta externa,repetidas en menores de 5 anos,2007-07-01,57,56,57,56,113
VINTO,consulta externa,repetidas en menores de 5 anos,2007-07-01,152,100,152,100,252
VITICHI,consulta externa,repetidas en menores de 5 anos,2007-07-01,0,1,0,1,1
WALDO BALLIVIAN,consulta externa,repetidas en menores de 5 anos,2007-07-01,0,3,0,3,3
WARNES,consulta externa,repetidas en menores de 5 anos,2007-07-01,37,24,37,24,61
YACO,consulta externa,repetidas en menores de 5 anos,2007-07-01,2,1,2,1,3
YACUIBA,consulta externa,repetidas en menores de 5 anos,2007-07-01,117,122,117,122,239
YAMPARAEZ,consulta externa,repetidas en menores de 5 anos,2007-07-01,12,19,12,19,31
YANACACHI,consulta externa,repetidas en menores de 5 anos,2007-07-01,1,1,1,1,2
YAPACANI,consulta externa,repetidas en menores de 5 anos,2007-07-01,49,40,49,40,89
YOCALLA,consulta externa,repetidas en menores de 5 anos,2007-07-01,2,1,2,1,3
YOTALA,consulta externa,repetidas en menores de 5 anos,2007-07-01,29,35,29,35,64
YUNCHARA,consulta externa,repetidas en menores de 5 anos,2007-07-01,28,37,28,37,65
ZUDAÑEZ,consulta externa,repetidas en menores de 5 anos,2007-07-01,7,8,7,8,15
ACACIO,consulta externa,repetidas en menores de 5 anos,2007-08-01,0,1,0,1,1
ACHACACHI,consulta externa,repetidas en menores de 5 anos,2007-08-01,17,15,17,15,32
ACHOCALLA,consulta externa,repetidas en menores de 5 anos,2007-08-01,0,1,0,1,1
AIQUILE,consulta externa,repetidas en menores de 5 anos,2007-08-01,19,33,19,33,52
ALALAY,consulta externa,repetidas en menores de 5 anos,2007-08-01,15,11,15,11,26
ALCALA,consulta externa,repetidas en menores de 5 anos,2007-08-01,1,0,1,0,1
ANCORAIMES,consulta externa,repetidas en menores de 5 anos,2007-08-01,3,2,3,2,5
ANDAMARCA,consulta externa,repetidas en menores de 5 anos,2007-08-01,5,2,5,2,7
ANTEQUERA,consulta externa,repetidas en menores de 5 anos,2007-08-01,33,36,33,36,69
ANZALDO,consulta externa,repetidas en menores de 5 anos,2007-08-01,26,13,26,13,39
APOLO,consulta externa,repetidas en menores de 5 anos,2007-08-01,12,14,12,14,26
ARAMPAMPA,consulta externa,repetidas en menores de 5 anos,2007-08-01,9,2,9,2,11
ARANI,consulta externa,repetidas en menores de 5 anos,2007-08-01,28,11,28,11,39
ARBIETO,consulta externa,repetidas en menores de 5 anos,2007-08-01,15,15,15,15,30
ARQUE,consulta externa,repetidas en menores de 5 anos,2007-08-01,23,16,23,16,39
ASCENCION DE GUARAYOS,consulta externa,repetidas en menores de 5 anos,2007-08-01,79,54,79,54,133
ATOCHA,consulta externa,repetidas en menores de 5 anos,2007-08-01,19,26,19,26,45
AUCAPATA,consulta externa,repetidas en menores de 5 anos,2007-08-01,15,10,15,10,25
AYATA,consulta externa,repetidas en menores de 5 anos,2007-08-01,9,12,9,12,21
AYO AYO,consulta externa,repetidas en menores de 5 anos,2007-08-01,0,15,0,15,15
AYOPAYA (V. DE INDEPENDENCIA),consulta externa,repetidas en menores de 5 anos,2007-08-01,9,14,9,14,23
AZURDUY,consulta externa,repetidas en menores de 5 anos,2007-08-01,4,8,4,8,12
BAURES,consulta externa,repetidas en menores de 5 anos,2007-08-01,14,21,14,21,35
BELEN DE ANDAMARCA,consulta externa,repetidas en menores de 5 anos,2007-08-01,0,1,0,1,1
BELEN DE URMIRI,consulta externa,repetidas en menores de 5 anos,2007-08-01,4,2,4,2,6
BELLA FLOR,consulta externa,repetidas en menores de 5 anos,2007-08-01,3,2,3,2,5
BERMEJO,consulta externa,repetidas en menores de 5 anos,2007-08-01,55,38,55,38,93
BETANZOS,consulta externa,repetidas en menores de 5 anos,2007-08-01,17,15,17,15,32
BOLIVAR,consulta externa,repetidas en menores de 5 anos,2007-08-01,4,4,4,4,8
BOLPEBRA,consulta externa,repetidas en menores de 5 anos,2007-08-01,10,2,10,2,12
BOYUIBE,consulta externa,repetidas en menores de 5 anos,2007-08-01,7,10,7,10,17
BUENA VISTA,consulta externa,repetidas en menores de 5 anos,2007-08-01,42,46,42,46,88
CABEZAS,consulta externa,repetidas en menores de 5 anos,2007-08-01,27,27,27,27,54
CAIROMA,consulta externa,repetidas en menores de 5 anos,2007-08-01,3,5,3,5,8
"CAIZA ""D""",consulta externa,repetidas en menores de 5 anos,2007-08-01,5,6,5,6,11
CAJUATA,consulta externa,repetidas en menores de 5 anos,2007-08-01,6,10,6,10,16
CALAMARCA,consulta externa,repetidas en menores de 5 anos,2007-08-01,7,3,7,3,10
CAMARGO,consulta externa,repetidas en menores de 5 anos,2007-08-01,1,3,1,3,4
CAMATAQUI (C. VILLA ABECIA),consulta externa,repetidas en menores de 5 anos,2007-08-01,3,6,3,6,9
CAMIRI,consulta externa,repetidas en menores de 5 anos,2007-08-01,68,72,68,72,140
CAPINOTA,consulta externa,repetidas en menores de 5 anos,2007-08-01,46,46,46,46,92
CAQUIAVIRI,consulta externa,repetidas en menores de 5 anos,2007-08-01,1,0,1,0,1
CARACOLLO,consulta externa,repetidas en menores de 5 anos,2007-08-01,8,9,8,9,17
CARANAVI,consulta externa,repetidas en menores de 5 anos,2007-08-01,8,13,8,13,21
CARAPARI,consulta externa,repetidas en menores de 5 anos,2007-08-01,5,9,5,9,14
CARIPUYO,consulta externa,repetidas en menores de 5 anos,2007-08-01,4,0,4,0,4
CARMEN RIVERO TORREZ,consulta externa,repetidas en menores de 5 anos,2007-08-01,2,5,2,5,7
CATACORA,consulta externa,repetidas en menores de 5 anos,2007-08-01,1,0,1,0,1
CHALLAPATA,consulta externa,repetidas en menores de 5 anos,2007-08-01,17,15,17,15,32
CHAQUI,consulta externa,repetidas en menores de 5 anos,2007-08-01,2,3,2,3,5
CHARAGUA,consulta externa,repetidas en menores de 5 anos,2007-08-01,68,67,68,67,135
CHAYANTA,consulta externa,repetidas en menores de 5 anos,2007-08-01,2,3,2,3,5
CHIMORE,consulta externa,repetidas en menores de 5 anos,2007-08-01,52,38,52,38,90
CHIPAYA,consulta externa,repetidas en menores de 5 anos,2007-08-01,0,1,0,1,1
CHULUMANI (V. DE LA LIBERTAD),consulta externa,repetidas en menores de 5 anos,2007-08-01,21,17,21,17,38
CHUMA,consulta externa,repetidas en menores de 5 anos,2007-08-01,0,1,0,1,1
CLIZA,consulta externa,repetidas en menores de 5 anos,2007-08-01,30,17,30,17,47
COBIJA,consulta externa,repetidas en menores de 5 anos,2007-08-01,111,142,111,142,253
COCHABAMBA,consulta externa,repetidas en menores de 5 anos,2007-08-01,3709,3417,3709,3417,7126
COIPASA,consulta externa,repetidas en menores de 5 anos,2007-08-01,1,1,1,1,2
COLCAPIRHUA,consulta externa,repetidas en menores de 5 anos,2007-08-01,102,96,102,96,198
"COLCHA ""K""",consulta externa,repetidas en menores de 5 anos,2007-08-01,9,6,9,6,15
COLLANA,consulta externa,repetidas en menores de 5 anos,2007-08-01,2,11,2,11,13
COLOMI,consulta externa,repetidas en menores de 5 anos,2007-08-01,81,80,81,80,161
COLPA BELGICA,consulta externa,repetidas en menores de 5 anos,2007-08-01,43,32,43,32,75
COLQUECHACA,consulta externa,repetidas en menores de 5 anos,2007-08-01,6,3,6,3,9
COLQUENCHA,consulta externa,repetidas en menores de 5 anos,2007-08-01,1,7,1,7,8
COLQUIRI,consulta externa,repetidas en menores de 5 anos,2007-08-01,37,22,37,22,59
COMANCHE,consulta externa,repetidas en menores de 5 anos,2007-08-01,2,1,2,1,3
COMARAPA,consulta externa,repetidas en menores de 5 anos,2007-08-01,46,30,46,30,76
CONCEPCION,consulta externa,repetidas en menores de 5 anos,2007-08-01,8,10,8,10,18
COPACABANA,consulta externa,repetidas en menores de 5 anos,2007-08-01,4,0,4,0,4
CORIPATA,consulta externa,repetidas en menores de 5 anos,2007-08-01,15,7,15,7,22
CORO CORO,consulta externa,repetidas en menores de 5 anos,2007-08-01,4,11,4,11,15
COROICO,consulta externa,repetidas en menores de 5 anos,2007-08-01,41,20,41,20,61
CORQUE,consulta externa,repetidas en menores de 5 anos,2007-08-01,14,8,14,8,22
COTAGAITA,consulta externa,repetidas en menores de 5 anos,2007-08-01,35,43,35,43,78
COTOCA,consulta externa,repetidas en menores de 5 anos,2007-08-01,31,40,31,40,71
CUATRO CAÑADAS,consulta externa,repetidas en menores de 5 anos,2007-08-01,44,36,44,36,80
CUCHUMUELA (V. G. VILLARROEL),consulta externa,repetidas en menores de 5 anos,2007-08-01,30,12,30,12,42
CUEVO,consulta externa,repetidas en menores de 5 anos,2007-08-01,3,3,3,3,6
CULPINA,consulta externa,repetidas en menores de 5 anos,2007-08-01,22,15,22,15,37
CURAHUARA DE CARANGAS,consulta externa,repetidas en menores de 5 anos,2007-08-01,3,5,3,5,8
CURVA,consulta externa,repetidas en menores de 5 anos,2007-08-01,4,1,4,1,5
DESAGUADERO,consulta externa,repetidas en menores de 5 anos,2007-08-01,1,1,1,1,2
EL ALTO,consulta externa,repetidas en menores de 5 anos,2007-08-01,1787,1966,1787,1966,3753
EL CHORO,consulta externa,repetidas en menores de 5 anos,2007-08-01,5,3,5,3,8
EL PUENTE(STC),consulta externa,repetidas en menores de 5 anos,2007-08-01,2,0,2,0,2
EL PUENTE(TJA),consulta externa,repetidas en menores de 5 anos,2007-08-01,12,9,12,9,21
EL TORNO,consulta externa,repetidas en menores de 5 anos,2007-08-01,52,37,52,37,89
EL VILLAR,consulta externa,repetidas en menores de 5 anos,2007-08-01,0,4,0,4,4
ENTRE RIOS,consulta externa,repetidas en menores de 5 anos,2007-08-01,8,16,8,16,24
ENTRE RIOS,consulta externa,repetidas en menores de 5 anos,2007-08-01,68,61,68,61,129
EUCALIPTUS,consulta externa,repetidas en menores de 5 anos,2007-08-01,4,11,4,11,15
EXALTACION,consulta externa,repetidas en menores de 5 anos,2007-08-01,6,9,6,9,15
FERNANDEZ ALONSO,consulta externa,repetidas en menores de 5 anos,2007-08-01,20,10,20,10,30
FILADELFIA,consulta externa,repetidas en menores de 5 anos,2007-08-01,1,1,1,1,2
GENERAL SAAVEDRA,consulta externa,repetidas en menores de 5 anos,2007-08-01,16,22,16,22,38
GRAL. J.J. PEREZ (CHARAZANI),consulta externa,repetidas en menores de 5 anos,2007-08-01,0,3,0,3,3
GUANAY,consulta externa,repetidas en menores de 5 anos,2007-08-01,4,5,4,5,9
GUAQUI,consulta externa,repetidas en menores de 5 anos,2007-08-01,9,2,9,2,11
GUAYARAMERIN,consulta externa,repetidas en menores de 5 anos,2007-08-01,45,37,45,37,82
GUTIERREZ,consulta externa,repetidas en menores de 5 anos,2007-08-01,17,17,17,17,34
HUACARETA,consulta externa,repetidas en menores de 5 anos,2007-08-01,24,30,24,30,54
HUACHACALLA,consulta externa,repetidas en menores de 5 anos,2007-08-01,2,3,2,3,5
HUANUNI,consulta externa,repetidas en menores de 5 anos,2007-08-01,117,91,117,91,208
HUARACAJE,consulta externa,repetidas en menores de 5 anos,2007-08-01,13,13,13,13,26
HUAYLLAMARCA,consulta externa,repetidas en menores de 5 anos,2007-08-01,3,7,3,7,10
ICHOCA,consulta externa,repetidas en menores de 5 anos,2007-08-01,2,0,2,0,2
ICLA,consulta externa,repetidas en menores de 5 anos,2007-08-01,83,106,83,106,189
INCAHUASI,consulta externa,repetidas en menores de 5 anos,2007-08-01,15,12,15,12,27
INGAVI (HUMAITA),consulta externa,repetidas en menores de 5 anos,2007-08-01,76,39,76,39,115
INQUISIVI,consulta externa,repetidas en menores de 5 anos,2007-08-01,0,1,0,1,1
IRUPANA (VILLA DE LANZA),consulta externa,repetidas en menores de 5 anos,2007-08-01,3,6,3,6,9
IXIAMAS,consulta externa,repetidas en menores de 5 anos,2007-08-01,3,5,3,5,8
JESUS DE MACHACA,consulta externa,repetidas en menores de 5 anos,2007-08-01,3,2,3,2,5
LA ASUNTA,consulta externa,repetidas en menores de 5 anos,2007-08-01,19,16,19,16,35
LA GUARDIA,consulta externa,repetidas en menores de 5 anos,2007-08-01,167,142,167,142,309
LA PAZ,consulta externa,repetidas en menores de 5 anos,2007-08-01,3580,3914,3580,3914,7494
LAGUNILLAS,consulta externa,repetidas en menores de 5 anos,2007-08-01,22,0,22,0,22
LAJA,consulta externa,repetidas en menores de 5 anos,2007-08-01,27,17,27,17,44
LAS CARRERAS,consulta externa,repetidas en menores de 5 anos,2007-08-01,3,3,3,3,6
LICOMA PAMPA,consulta externa,repetidas en menores de 5 anos,2007-08-01,1,1,1,1,2
LLALLAGUA,consulta externa,repetidas en menores de 5 anos,2007-08-01,9,10,9,10,19
LLICA,consulta externa,repetidas en menores de 5 anos,2007-08-01,4,0,4,0,4
LORETO,consulta externa,repetidas en menores de 5 anos,2007-08-01,11,11,11,11,22
LURIBAY,consulta externa,repetidas en menores de 5 anos,2007-08-01,5,2,5,2,7
MACHACAMARCA,consulta externa,repetidas en menores de 5 anos,2007-08-01,1,1,1,1,2
MACHARETI,consulta externa,repetidas en menores de 5 anos,2007-08-01,7,1,7,1,8
MAGDALENA,consulta externa,repetidas en menores de 5 anos,2007-08-01,20,20,20,20,40
MAIRANA,consulta externa,repetidas en menores de 5 anos,2007-08-01,4,3,4,3,7
MALLA,consulta externa,repetidas en menores de 5 anos,2007-08-01,0,1,0,1,1
MAPIRI,consulta externa,repetidas en menores de 5 anos,2007-08-01,24,7,24,7,31
MECAPACA,consulta externa,repetidas en menores de 5 anos,2007-08-01,6,10,6,10,16
MINEROS,consulta externa,repetidas en menores de 5 anos,2007-08-01,15,14,15,14,29
MIZQUE,consulta externa,repetidas en menores de 5 anos,2007-08-01,17,15,17,15,32
MOCOMOCO,consulta externa,repetidas en menores de 5 anos,2007-08-01,5,1,5,1,6
MOJINETE,consulta externa,repetidas en menores de 5 anos,2007-08-01,1,1,1,1,2
MOJOCOYA,consulta externa,repetidas en menores de 5 anos,2007-08-01,12,23,12,23,35
MONTEAGUDO,consulta externa,repetidas en menores de 5 anos,2007-08-01,50,32,50,32,82
MONTERO,consulta externa,repetidas en menores de 5 anos,2007-08-01,566,481,566,481,1047
MORO MORO,consulta externa,repetidas en menores de 5 anos,2007-08-01,3,2,3,2,5
MOROCHATA,consulta externa,repetidas en menores de 5 anos,2007-08-01,81,84,81,84,165
NACEBE (SANTA ROSA DEL ABUNA),consulta externa,repetidas en menores de 5 anos,2007-08-01,0,2,0,2,2
NUEVO MANOA (NUEVA ESPERANZA),consulta externa,repetidas en menores de 5 anos,2007-08-01,1,1,1,1,2
OCURI,consulta externa,repetidas en menores de 5 anos,2007-08-01,0,1,0,1,1
OKINAWA,consulta externa,repetidas en menores de 5 anos,2007-08-01,15,13,15,13,28
OMEREQUE,consulta externa,repetidas en menores de 5 anos,2007-08-01,3,9,3,9,12
ORURO,consulta externa,repetidas en menores de 5 anos,2007-08-01,598,601,598,601,1199
PADCAYA,consulta externa,repetidas en menores de 5 anos,2007-08-01,16,14,16,14,30
PADILLA,consulta externa,repetidas en menores de 5 anos,2007-08-01,6,4,6,4,10
PAILON,consulta externa,repetidas en menores de 5 anos,2007-08-01,13,12,13,12,25
PALCA,consulta externa,repetidas en menores de 5 anos,2007-08-01,5,10,5,10,15
PALOS BLANCOS,consulta externa,repetidas en menores de 5 anos,2007-08-01,85,67,85,67,152
PAMPA AULLAGAS,consulta externa,repetidas en menores de 5 anos,2007-08-01,2,1,2,1,3
PAMPA GRANDE,consulta externa,repetidas en menores de 5 anos,2007-08-01,4,3,4,3,7
PAPEL PAMPA,consulta externa,repetidas en menores de 5 anos,2007-08-01,3,0,3,0,3
PASORAPA,consulta externa,repetidas en menores de 5 anos,2007-08-01,1,1,1,1,2
PATACAMAYA,consulta externa,repetidas en menores de 5 anos,2007-08-01,3,0,3,0,3
PAZÑA,consulta externa,repetidas en menores de 5 anos,2007-08-01,6,3,6,3,9
POCOATA,consulta externa,repetidas en menores de 5 anos,2007-08-01,7,5,7,5,12
POCONA,consulta externa,repetidas en menores de 5 anos,2007-08-01,3,9,3,9,12
POJO (CBBA),consulta externa,repetidas en menores de 5 anos,2007-08-01,3,3,3,3,6
POOPO,consulta externa,repetidas en menores de 5 anos,2007-08-01,3,1,3,1,4
POROMA,consulta externa,repetidas en menores de 5 anos,2007-08-01,14,10,14,10,24
PORONGO,consulta externa,repetidas en menores de 5 anos,2007-08-01,17,25,17,25,42
PORTACHUELO,consulta externa,repetidas en menores de 5 anos,2007-08-01,54,71,54,71,125
PORVENIR,consulta externa,repetidas en menores de 5 anos,2007-08-01,1,3,1,3,4
POSTRER VALLE,consulta externa,repetidas en menores de 5 anos,2007-08-01,4,0,4,0,4
POTOSI,consulta externa,repetidas en menores de 5 anos,2007-08-01,467,422,467,422,889
PRESTO,consulta externa,repetidas en menores de 5 anos,2007-08-01,3,4,3,4,7
PUCARA,consulta externa,repetidas en menores de 5 anos,2007-08-01,2,3,2,3,5
PUCARANI,consulta externa,repetidas en menores de 5 anos,2007-08-01,13,14,13,14,27
PUERTO ACOSTA,consulta externa,repetidas en menores de 5 anos,2007-08-01,1,0,1,0,1
PUERTO CARABUCO,consulta externa,repetidas en menores de 5 anos,2007-08-01,3,5,3,5,8
PUERTO GONZALO MORENO,consulta externa,repetidas en menores de 5 anos,2007-08-01,6,7,6,7,13
PUERTO QUIJARRO,consulta externa,repetidas en menores de 5 anos,2007-08-01,12,7,12,7,19
PUERTO RICO,consulta externa,repetidas en menores de 5 anos,2007-08-01,40,33,40,33,73
PUERTO SILES,consulta externa,repetidas en menores de 5 anos,2007-08-01,1,1,1,1,2
PUERTO SUAREZ,consulta externa,repetidas en menores de 5 anos,2007-08-01,51,52,51,52,103
PUERTO VILLARROEL,consulta externa,repetidas en menores de 5 anos,2007-08-01,177,141,177,141,318
PUNA,consulta externa,repetidas en menores de 5 anos,2007-08-01,12,9,12,9,21
PUNATA,consulta externa,repetidas en menores de 5 anos,2007-08-01,107,107,107,107,214
QUIABAYA,consulta externa,repetidas en menores de 5 anos,2007-08-01,0,2,0,2,2
QUILLACOLLO,consulta externa,repetidas en menores de 5 anos,2007-08-01,655,661,655,661,1316
QUIRUSILLAS,consulta externa,repetidas en menores de 5 anos,2007-08-01,5,9,5,9,14
RAVELO,consulta externa,repetidas en menores de 5 anos,2007-08-01,2,0,2,0,2
REYES,consulta externa,repetidas en menores de 5 anos,2007-08-01,28,27,28,27,55
RIBERALTA,consulta externa,repetidas en menores de 5 anos,2007-08-01,61,70,61,70,131
ROBORE,consulta externa,repetidas en menores de 5 anos,2007-08-01,6,3,6,3,9
RURRENABAQUE,consulta externa,repetidas en menores de 5 anos,2007-08-01,30,43,30,43,73
SACABA,consulta externa,repetidas en menores de 5 anos,2007-08-01,254,222,254,222,476
SACABAMBA,consulta externa,repetidas en menores de 5 anos,2007-08-01,22,16,22,16,38
SACACA,consulta externa,repetidas en menores de 5 anos,2007-08-01,3,4,3,4,7
SAIPINA,consulta externa,repetidas en menores de 5 anos,2007-08-01,10,12,10,12,22
SALINAS DE GARCI MENDOZA,consulta externa,repetidas en menores de 5 anos,2007-08-01,6,3,6,3,9
SAMAIPATA,consulta externa,repetidas en menores de 5 anos,2007-08-01,7,2,7,2,9
SAN AGUSTIN,consulta externa,repetidas en menores de 5 anos,2007-08-01,2,1,2,1,3
SAN ANDRES,consulta externa,repetidas en menores de 5 anos,2007-08-01,22,12,22,12,34
SAN ANDRES DE MACHACA,consulta externa,repetidas en menores de 5 anos,2007-08-01,2,0,2,0,2
SAN ANTONIO DE ESMORUCO,consulta externa,repetidas en menores de 5 anos,2007-08-01,3,6,3,6,9
SAN ANTONIO DE LOMERIO,consulta externa,repetidas en menores de 5 anos,2007-08-01,5,3,5,3,8
SAN BENITO,consulta externa,repetidas en menores de 5 anos,2007-08-01,23,23,23,23,46
SAN BORJA,consulta externa,repetidas en menores de 5 anos,2007-08-01,47,36,47,36,83
SAN BUENA VENTURA,consulta externa,repetidas en menores de 5 anos,2007-08-01,12,24,12,24,36
SAN CARLOS,consulta externa,repetidas en menores de 5 anos,2007-08-01,40,35,40,35,75
SAN IGNACIO,consulta externa,repetidas en menores de 5 anos,2007-08-01,40,40,40,40,80
SAN IGNACIO DE VELASCO,consulta externa,repetidas en menores de 5 anos,2007-08-01,239,262,239,262,501
SAN JAVIER(BNI),consulta externa,repetidas en menores de 5 anos,2007-08-01,10,2,10,2,12
SAN JAVIER(STC),consulta externa,repetidas en menores de 5 anos,2007-08-01,7,5,7,5,12
SAN JOAQUIN,consulta externa,repetidas en menores de 5 anos,2007-08-01,27,26,27,26,53
SAN JOSE DE CHIQUITOS,consulta externa,repetidas en menores de 5 anos,2007-08-01,8,7,8,7,15
SAN JUAN DE YAPACANI,consulta externa,repetidas en menores de 5 anos,2007-08-01,39,38,39,38,77
SAN JULIAN,consulta externa,repetidas en menores de 5 anos,2007-08-01,42,33,42,33,75
SAN LORENZO(PND),consulta externa,repetidas en menores de 5 anos,2007-08-01,7,1,7,1,8
SAN LORENZO(TJA),consulta externa,repetidas en menores de 5 anos,2007-08-01,24,14,24,14,38
SAN LUCAS,consulta externa,repetidas en menores de 5 anos,2007-08-01,39,29,39,29,68
SAN MATIAS,consulta externa,repetidas en menores de 5 anos,2007-08-01,9,11,9,11,20
SAN MIGUEL DE VELASCO,consulta externa,repetidas en menores de 5 anos,2007-08-01,8,7,8,7,15
SAN PABLO DE LIPEZ,consulta externa,repetidas en menores de 5 anos,2007-08-01,6,2,6,2,8
SAN PEDRO,consulta externa,repetidas en menores de 5 anos,2007-08-01,40,32,40,32,72
SAN PEDRO DE BUENA VISTA,consulta externa,repetidas en menores de 5 anos,2007-08-01,0,1,0,1,1
SAN PEDRO DE CURAHUARA,consulta externa,repetidas en menores de 5 anos,2007-08-01,2,3,2,3,5
SAN PEDRO DE QUEMES,consulta externa,repetidas en menores de 5 anos,2007-08-01,1,2,1,2,3
SAN PEDRO DE TIQUINA,consulta externa,repetidas en menores de 5 anos,2007-08-01,6,1,6,1,7
SAN PEDRO(PND),consulta externa,repetidas en menores de 5 anos,2007-08-01,20,22,20,22,42
SAN RAFAEL,consulta externa,repetidas en menores de 5 anos,2007-08-01,17,10,17,10,27
SAN RAMON,consulta externa,repetidas en menores de 5 anos,2007-08-01,12,18,12,18,30
SAN RAMON,consulta externa,repetidas en menores de 5 anos,2007-08-01,48,36,48,36,84
SANTA ANA,consulta externa,repetidas en menores de 5 anos,2007-08-01,5,10,5,10,15
SANTA CRUZ DE LA SIERRA,consulta externa,repetidas en menores de 5 anos,2007-08-01,3416,4082,3416,4082,7498
SANTA ROSA,consulta externa,repetidas en menores de 5 anos,2007-08-01,2,1,2,1,3
SANTA ROSA DEL SARA,consulta externa,repetidas en menores de 5 anos,2007-08-01,4,10,4,10,14
SANTIAGO DE CALLAPA,consulta externa,repetidas en menores de 5 anos,2007-08-01,0,4,0,4,4
SANTIAGO DE HUARI,consulta externa,repetidas en menores de 5 anos,2007-08-01,17,14,17,14,31
SANTIAGO DE MACHACA,consulta externa,repetidas en menores de 5 anos,2007-08-01,2,1,2,1,3
SANTIVAÑES,consulta externa,repetidas en menores de 5 anos,2007-08-01,4,8,4,8,12
SANTUARIO DE QUILLACAS,consulta externa,repetidas en menores de 5 anos,2007-08-01,1,1,1,1,2
SAPAHAQUI,consulta externa,repetidas en menores de 5 anos,2007-08-01,4,4,4,4,8
SENA,consulta externa,repetidas en menores de 5 anos,2007-08-01,53,38,53,38,91
SICA SICA (VILLA AROMA),consulta externa,repetidas en menores de 5 anos,2007-08-01,9,3,9,3,12
SIPE SIPE,consulta externa,repetidas en menores de 5 anos,2007-08-01,163,147,163,147,310
SOPACHUY,consulta externa,repetidas en menores de 5 anos,2007-08-01,24,30,24,30,54
SORATA,consulta externa,repetidas en menores de 5 anos,2007-08-01,2,2,2,2,4
SUCRE,consulta externa,repetidas en menores de 5 anos,2007-08-01,781,840,781,840,1621
TACACHI,consulta externa,repetidas en menores de 5 anos,2007-08-01,2,3,2,3,5
TACACOMA,consulta externa,repetidas en menores de 5 anos,2007-08-01,0,1,0,1,1
TACOBAMBA,consulta externa,repetidas en menores de 5 anos,2007-08-01,1,4,1,4,5
TACOPAYA,consulta externa,repetidas en menores de 5 anos,2007-08-01,1,0,1,0,1
TAPACARI,consulta externa,repetidas en menores de 5 anos,2007-08-01,59,41,59,41,100
TARABUCO,consulta externa,repetidas en menores de 5 anos,2007-08-01,185,185,185,185,370
TARATA,consulta externa,repetidas en menores de 5 anos,2007-08-01,10,4,10,4,14
TARIJA,consulta externa,repetidas en menores de 5 anos,2007-08-01,648,453,648,453,1101
TARVITA,consulta externa,repetidas en menores de 5 anos,2007-08-01,19,21,19,21,40
TEOPONTE,consulta externa,repetidas en menores de 5 anos,2007-08-01,29,33,29,33,62
TIAWANACU,consulta externa,repetidas en menores de 5 anos,2007-08-01,0,6,0,6,6
TINGUIPAYA,consulta externa,repetidas en menores de 5 anos,2007-08-01,7,2,7,2,9
TIPUANI,consulta externa,repetidas en menores de 5 anos,2007-08-01,10,4,10,4,14
TIQUIPAYA,consulta externa,repetidas en menores de 5 anos,2007-08-01,147,112,147,112,259
TIRAQUE (CBBA),consulta externa,repetidas en menores de 5 anos,2007-08-01,218,168,218,168,386
TITO YUPANQUI (PARQUIPUJIO),consulta externa,repetidas en menores de 5 anos,2007-08-01,2,1,2,1,3
TOCO,consulta externa,repetidas en menores de 5 anos,2007-08-01,4,4,4,4,8
TODOS SANTOS,consulta externa,repetidas en menores de 5 anos,2007-08-01,3,0,3,0,3
TOLATA,consulta externa,repetidas en menores de 5 anos,2007-08-01,7,4,7,4,11
TOLEDO,consulta externa,repetidas en menores de 5 anos,2007-08-01,3,5,3,5,8
TOMAVE,consulta externa,repetidas en menores de 5 anos,2007-08-01,13,7,13,7,20
TOMINA,consulta externa,repetidas en menores de 5 anos,2007-08-01,5,4,5,4,9
TORO TORO,consulta externa,repetidas en menores de 5 anos,2007-08-01,5,5,5,5,10
TOTORA(CBBA),consulta externa,repetidas en menores de 5 anos,2007-08-01,71,80,71,80,151
TOTORA(ORR),consulta externa,repetidas en menores de 5 anos,2007-08-01,3,2,3,2,5
TRIGAL,consulta externa,repetidas en menores de 5 anos,2007-08-01,1,5,1,5,6
TRINIDAD,consulta externa,repetidas en menores de 5 anos,2007-08-01,289,270,289,270,559
TUPIZA,consulta externa,repetidas en menores de 5 anos,2007-08-01,105,99,105,99,204
TURCO,consulta externa,repetidas en menores de 5 anos,2007-08-01,0,5,0,5,5
UNCIA,consulta externa,repetidas en menores de 5 anos,2007-08-01,29,44,29,44,73
URIONDO (A. CONCEPCION),consulta externa,repetidas en menores de 5 anos,2007-08-01,7,12,7,12,19
URUBICHA,consulta externa,repetidas en menores de 5 anos,2007-08-01,3,7,3,7,10
UYUNI,consulta externa,repetidas en menores de 5 anos,2007-08-01,10,8,10,8,18
VACAS,consulta externa,repetidas en menores de 5 anos,2007-08-01,25,16,25,16,41
VALLEGRANDE,consulta externa,repetidas en menores de 5 anos,2007-08-01,43,33,43,33,76
VIACHA,consulta externa,repetidas en menores de 5 anos,2007-08-01,79,71,79,71,150
VILA VILA,consulta externa,repetidas en menores de 5 anos,2007-08-01,1,1,1,1,2
VILLA MONTES,consulta externa,repetidas en menores de 5 anos,2007-08-01,23,20,23,20,43
VILLA NUEVA (LOMA ALTA),consulta externa,repetidas en menores de 5 anos,2007-08-01,3,6,3,6,9
VILLA RIVERO,consulta externa,repetidas en menores de 5 anos,2007-08-01,12,13,12,13,25
VILLA SERRANO,consulta externa,repetidas en menores de 5 anos,2007-08-01,4,8,4,8,12
VILLA TUNARI,consulta externa,repetidas en menores de 5 anos,2007-08-01,118,81,118,81,199
VILLA VACA GUZMAN (MUYUPAMPA),consulta externa,repetidas en menores de 5 anos,2007-08-01,16,7,16,7,23
VILLAZON,consulta externa,repetidas en menores de 5 anos,2007-08-01,60,74,60,74,134
VINTO,consulta externa,repetidas en menores de 5 anos,2007-08-01,123,33,123,33,156
VITICHI,consulta externa,repetidas en menores de 5 anos,2007-08-01,2,1,2,1,3
WARNES,consulta externa,repetidas en menores de 5 anos,2007-08-01,40,43,40,43,83
YACO,consulta externa,repetidas en menores de 5 anos,2007-08-01,2,5,2,5,7
YACUIBA,consulta externa,repetidas en menores de 5 anos,2007-08-01,128,104,128,104,232
YAMPARAEZ,consulta externa,repetidas en menores de 5 anos,2007-08-01,22,15,22,15,37
YANACACHI,consulta externa,repetidas en menores de 5 anos,2007-08-01,7,9,7,9,16
YAPACANI,consulta externa,repetidas en menores de 5 anos,2007-08-01,82,61,82,61,143
YOCALLA,consulta externa,repetidas en menores de 5 anos,2007-08-01,7,1,7,1,8
YOTALA,consulta externa,repetidas en menores de 5 anos,2007-08-01,37,17,37,17,54
YUNCHARA,consulta externa,repetidas en menores de 5 anos,2007-08-01,17,32,17,32,49
ZUDAÑEZ,consulta externa,repetidas en menores de 5 anos,2007-08-01,13,12,13,12,25
ACACIO,consulta externa,repetidas en menores de 5 anos,2007-09-01,4,1,4,1,5
ACHACACHI,consulta externa,repetidas en menores de 5 anos,2007-09-01,18,14,18,14,32
ACHOCALLA,consulta externa,repetidas en menores de 5 anos,2007-09-01,4,3,4,3,7
AIQUILE,consulta externa,repetidas en menores de 5 anos,2007-09-01,18,16,18,16,34
ALALAY,consulta externa,repetidas en menores de 5 anos,2007-09-01,1,3,1,3,4
ALCALA,consulta externa,repetidas en menores de 5 anos,2007-09-01,1,1,1,1,2
ANCORAIMES,consulta externa,repetidas en menores de 5 anos,2007-09-01,6,4,6,4,10
ANDAMARCA,consulta externa,repetidas en menores de 5 anos,2007-09-01,6,2,6,2,8
ANTEQUERA,consulta externa,repetidas en menores de 5 anos,2007-09-01,37,44,37,44,81
ANZALDO,consulta externa,repetidas en menores de 5 anos,2007-09-01,15,16,15,16,31
APOLO,consulta externa,repetidas en menores de 5 anos,2007-09-01,11,10,11,10,21
ARANI,consulta externa,repetidas en menores de 5 anos,2007-09-01,81,92,81,92,173
ARBIETO,consulta externa,repetidas en menores de 5 anos,2007-09-01,11,7,11,7,18
ARQUE,consulta externa,repetidas en menores de 5 anos,2007-09-01,26,17,26,17,43
ASCENCION DE GUARAYOS,consulta externa,repetidas en menores de 5 anos,2007-09-01,83,45,83,45,128
ATOCHA,consulta externa,repetidas en menores de 5 anos,2007-09-01,49,51,49,51,100
AUCAPATA,consulta externa,repetidas en menores de 5 anos,2007-09-01,17,13,17,13,30
AYATA,consulta externa,repetidas en menores de 5 anos,2007-09-01,1,1,1,1,2
AYO AYO,consulta externa,repetidas en menores de 5 anos,2007-09-01,5,1,5,1,6
AYOPAYA (V. DE INDEPENDENCIA),consulta externa,repetidas en menores de 5 anos,2007-09-01,7,4,7,4,11
AZURDUY,consulta externa,repetidas en menores de 5 anos,2007-09-01,9,6,9,6,15
BATALLAS,consulta externa,repetidas en menores de 5 anos,2007-09-01,1,3,1,3,4
BAURES,consulta externa,repetidas en menores de 5 anos,2007-09-01,17,16,17,16,33
BELEN DE ANDAMARCA,consulta externa,repetidas en menores de 5 anos,2007-09-01,11,0,11,0,11
BELEN DE URMIRI,consulta externa,repetidas en menores de 5 anos,2007-09-01,3,1,3,1,4
BELLA FLOR,consulta externa,repetidas en menores de 5 anos,2007-09-01,0,2,0,2,2
BERMEJO,consulta externa,repetidas en menores de 5 anos,2007-09-01,37,35,37,35,72
BETANZOS,consulta externa,repetidas en menores de 5 anos,2007-09-01,27,32,27,32,59
BOLIVAR,consulta externa,repetidas en menores de 5 anos,2007-09-01,3,0,3,0,3
BOLPEBRA,consulta externa,repetidas en menores de 5 anos,2007-09-01,2,1,2,1,3
BOYUIBE,consulta externa,repetidas en menores de 5 anos,2007-09-01,4,6,4,6,10
BUENA VISTA,consulta externa,repetidas en menores de 5 anos,2007-09-01,25,26,25,26,51
CABEZAS,consulta externa,repetidas en menores de 5 anos,2007-09-01,9,17,9,17,26
CAIROMA,consulta externa,repetidas en menores de 5 anos,2007-09-01,5,2,5,2,7
"CAIZA ""D""",consulta externa,repetidas en menores de 5 anos,2007-09-01,4,2,4,2,6
CAJUATA,consulta externa,repetidas en menores de 5 anos,2007-09-01,5,4,5,4,9
CALACOTO,consulta externa,repetidas en menores de 5 anos,2007-09-01,1,0,1,0,1
CALAMARCA,consulta externa,repetidas en menores de 5 anos,2007-09-01,10,9,10,9,19
CAMARGO,consulta externa,repetidas en menores de 5 anos,2007-09-01,5,5,5,5,10
CAMATAQUI (C. VILLA ABECIA),consulta externa,repetidas en menores de 5 anos,2007-09-01,2,5,2,5,7
CAMIRI,consulta externa,repetidas en menores de 5 anos,2007-09-01,105,97,105,97,202
CAPINOTA,consulta externa,repetidas en menores de 5 anos,2007-09-01,8,10,8,10,18
CAQUIAVIRI,consulta externa,repetidas en menores de 5 anos,2007-09-01,0,1,0,1,1
CARACOLLO,consulta externa,repetidas en menores de 5 anos,2007-09-01,1,0,1,0,1
CARANAVI,consulta externa,repetidas en menores de 5 anos,2007-09-01,17,12,17,12,29
CARAPARI,consulta externa,repetidas en menores de 5 anos,2007-09-01,4,5,4,5,9
CARMEN RIVERO TORREZ,consulta externa,repetidas en menores de 5 anos,2007-09-01,2,4,2,4,6
CATACORA,consulta externa,repetidas en menores de 5 anos,2007-09-01,2,1,2,1,3
CHALLAPATA,consulta externa,repetidas en menores de 5 anos,2007-09-01,25,30,25,30,55
CHAQUI,consulta externa,repetidas en menores de 5 anos,2007-09-01,5,0,5,0,5
CHARAGUA,consulta externa,repetidas en menores de 5 anos,2007-09-01,70,60,70,60,130
CHARAÑA,consulta externa,repetidas en menores de 5 anos,2007-09-01,2,1,2,1,3
CHAYANTA,consulta externa,repetidas en menores de 5 anos,2007-09-01,3,2,3,2,5
CHIMORE,consulta externa,repetidas en menores de 5 anos,2007-09-01,51,68,51,68,119
CHIPAYA,consulta externa,repetidas en menores de 5 anos,2007-09-01,3,0,3,0,3
CHULUMANI (V. DE LA LIBERTAD),consulta externa,repetidas en menores de 5 anos,2007-09-01,31,23,31,23,54
CHUMA,consulta externa,repetidas en menores de 5 anos,2007-09-01,2,2,2,2,4
CLIZA,consulta externa,repetidas en menores de 5 anos,2007-09-01,31,33,31,33,64
COBIJA,consulta externa,repetidas en menores de 5 anos,2007-09-01,165,167,165,167,332
COCHABAMBA,consulta externa,repetidas en menores de 5 anos,2007-09-01,3143,3032,3143,3032,6175
COIPASA,consulta externa,repetidas en menores de 5 anos,2007-09-01,1,0,1,0,1
COLCAPIRHUA,consulta externa,repetidas en menores de 5 anos,2007-09-01,120,72,120,72,192
"COLCHA ""K""",consulta externa,repetidas en menores de 5 anos,2007-09-01,2,6,2,6,8
COLLANA,consulta externa,repetidas en menores de 5 anos,2007-09-01,1,0,1,0,1
COLOMI,consulta externa,repetidas en menores de 5 anos,2007-09-01,72,61,72,61,133
COLPA BELGICA,consulta externa,repetidas en menores de 5 anos,2007-09-01,48,52,48,52,100
COLQUECHACA,consulta externa,repetidas en menores de 5 anos,2007-09-01,1,3,1,3,4
COLQUENCHA,consulta externa,repetidas en menores de 5 anos,2007-09-01,5,1,5,1,6
COLQUIRI,consulta externa,repetidas en menores de 5 anos,2007-09-01,23,33,23,33,56
COMANCHE,consulta externa,repetidas en menores de 5 anos,2007-09-01,2,3,2,3,5
COMARAPA,consulta externa,repetidas en menores de 5 anos,2007-09-01,47,15,47,15,62
CONCEPCION,consulta externa,repetidas en menores de 5 anos,2007-09-01,12,11,12,11,23
COPACABANA,consulta externa,repetidas en menores de 5 anos,2007-09-01,2,0,2,0,2
CORIPATA,consulta externa,repetidas en menores de 5 anos,2007-09-01,7,6,7,6,13
CORO CORO,consulta externa,repetidas en menores de 5 anos,2007-09-01,4,2,4,2,6
COROICO,consulta externa,repetidas en menores de 5 anos,2007-09-01,29,31,29,31,60
CORQUE,consulta externa,repetidas en menores de 5 anos,2007-09-01,12,11,12,11,23
COTAGAITA,consulta externa,repetidas en menores de 5 anos,2007-09-01,40,30,40,30,70
COTOCA,consulta externa,repetidas en menores de 5 anos,2007-09-01,27,48,27,48,75
CUATRO CAÑADAS,consulta externa,repetidas en menores de 5 anos,2007-09-01,77,58,77,58,135
CUCHUMUELA (V. G. VILLARROEL),consulta externa,repetidas en menores de 5 anos,2007-09-01,27,13,27,13,40
CUEVO,consulta externa,repetidas en menores de 5 anos,2007-09-01,5,4,5,4,9
CULPINA,consulta externa,repetidas en menores de 5 anos,2007-09-01,24,21,24,21,45
CURAHUARA DE CARANGAS,consulta externa,repetidas en menores de 5 anos,2007-09-01,6,7,6,7,13
CURVA,consulta externa,repetidas en menores de 5 anos,2007-09-01,3,1,3,1,4
DESAGUADERO,consulta externa,repetidas en menores de 5 anos,2007-09-01,1,0,1,0,1
EL ALTO,consulta externa,repetidas en menores de 5 anos,2007-09-01,2370,1913,2370,1913,4283
EL CHORO,consulta externa,repetidas en menores de 5 anos,2007-09-01,0,2,0,2,2
EL PUENTE(STC),consulta externa,repetidas en menores de 5 anos,2007-09-01,4,2,4,2,6
EL PUENTE(TJA),consulta externa,repetidas en menores de 5 anos,2007-09-01,36,34,36,34,70
EL TORNO,consulta externa,repetidas en menores de 5 anos,2007-09-01,41,40,41,40,81
ENTRE RIOS,consulta externa,repetidas en menores de 5 anos,2007-09-01,17,26,17,26,43
ENTRE RIOS,consulta externa,repetidas en menores de 5 anos,2007-09-01,20,22,20,22,42
ESMERALDA,consulta externa,repetidas en menores de 5 anos,2007-09-01,2,0,2,0,2
EUCALIPTUS,consulta externa,repetidas en menores de 5 anos,2007-09-01,5,2,5,2,7
EXALTACION,consulta externa,repetidas en menores de 5 anos,2007-09-01,3,10,3,10,13
FERNANDEZ ALONSO,consulta externa,repetidas en menores de 5 anos,2007-09-01,11,11,11,11,22
FILADELFIA,consulta externa,repetidas en menores de 5 anos,2007-09-01,43,34,43,34,77
GENERAL SAAVEDRA,consulta externa,repetidas en menores de 5 anos,2007-09-01,5,9,5,9,14
GRAL. J.J. PEREZ (CHARAZANI),consulta externa,repetidas en menores de 5 anos,2007-09-01,7,3,7,3,10
GUANAY,consulta externa,repetidas en menores de 5 anos,2007-09-01,5,7,5,7,12
GUAQUI,consulta externa,repetidas en menores de 5 anos,2007-09-01,1,10,1,10,11
GUAYARAMERIN,consulta externa,repetidas en menores de 5 anos,2007-09-01,69,35,69,35,104
GUTIERREZ,consulta externa,repetidas en menores de 5 anos,2007-09-01,23,6,23,6,29
HUACARETA,consulta externa,repetidas en menores de 5 anos,2007-09-01,37,26,37,26,63
HUACHACALLA,consulta externa,repetidas en menores de 5 anos,2007-09-01,1,0,1,0,1
HUANUNI,consulta externa,repetidas en menores de 5 anos,2007-09-01,122,132,122,132,254
HUARACAJE,consulta externa,repetidas en menores de 5 anos,2007-09-01,7,11,7,11,18
HUAYLLAMARCA,consulta externa,repetidas en menores de 5 anos,2007-09-01,1,0,1,0,1
ICLA,consulta externa,repetidas en menores de 5 anos,2007-09-01,57,77,57,77,134
INCAHUASI,consulta externa,repetidas en menores de 5 anos,2007-09-01,19,13,19,13,32
INGAVI (HUMAITA),consulta externa,repetidas en menores de 5 anos,2007-09-01,22,23,22,23,45
INQUISIVI,consulta externa,repetidas en menores de 5 anos,2007-09-01,2,6,2,6,8
IRUPANA (VILLA DE LANZA),consulta externa,repetidas en menores de 5 anos,2007-09-01,19,1,19,1,20
IXIAMAS,consulta externa,repetidas en menores de 5 anos,2007-09-01,7,2,7,2,9
JESUS DE MACHACA,consulta externa,repetidas en menores de 5 anos,2007-09-01,4,0,4,0,4
LA ASUNTA,consulta externa,repetidas en menores de 5 anos,2007-09-01,31,23,31,23,54
LA GUARDIA,consulta externa,repetidas en menores de 5 anos,2007-09-01,156,145,156,145,301
LA PAZ,consulta externa,repetidas en menores de 5 anos,2007-09-01,3666,3455,3666,3455,7121
LAGUNILLAS,consulta externa,repetidas en menores de 5 anos,2007-09-01,5,7,5,7,12
LAJA,consulta externa,repetidas en menores de 5 anos,2007-09-01,3,4,3,4,7
LAS CARRERAS,consulta externa,repetidas en menores de 5 anos,2007-09-01,1,7,1,7,8
LICOMA PAMPA,consulta externa,repetidas en menores de 5 anos,2007-09-01,0,3,0,3,3
LLALLAGUA,consulta externa,repetidas en menores de 5 anos,2007-09-01,26,14,26,14,40
LLICA,consulta externa,repetidas en menores de 5 anos,2007-09-01,1,11,1,11,12
LORETO,consulta externa,repetidas en menores de 5 anos,2007-09-01,6,3,6,3,9
LURIBAY,consulta externa,repetidas en menores de 5 anos,2007-09-01,6,3,6,3,9
MACHACAMARCA,consulta externa,repetidas en menores de 5 anos,2007-09-01,2,0,2,0,2
MACHARETI,consulta externa,repetidas en menores de 5 anos,2007-09-01,5,11,5,11,16
MAGDALENA,consulta externa,repetidas en menores de 5 anos,2007-09-01,19,23,19,23,42
MAIRANA,consulta externa,repetidas en menores de 5 anos,2007-09-01,2,1,2,1,3
MALLA,consulta externa,repetidas en menores de 5 anos,2007-09-01,2,2,2,2,4
MAPIRI,consulta externa,repetidas en menores de 5 anos,2007-09-01,34,20,34,20,54
MECAPACA,consulta externa,repetidas en menores de 5 anos,2007-09-01,12,10,12,10,22
MINEROS,consulta externa,repetidas en menores de 5 anos,2007-09-01,15,12,15,12,27
MIZQUE,consulta externa,repetidas en menores de 5 anos,2007-09-01,9,10,9,10,19
MOCOMOCO,consulta externa,repetidas en menores de 5 anos,2007-09-01,1,1,1,1,2
MOJINETE,consulta externa,repetidas en menores de 5 anos,2007-09-01,1,3,1,3,4
MOJOCOYA,consulta externa,repetidas en menores de 5 anos,2007-09-01,12,21,12,21,33
MONTEAGUDO,consulta externa,repetidas en menores de 5 anos,2007-09-01,44,52,44,52,96
MONTERO,consulta externa,repetidas en menores de 5 anos,2007-09-01,425,366,425,366,791
MORO MORO,consulta externa,repetidas en menores de 5 anos,2007-09-01,2,2,2,2,4
MOROCHATA,consulta externa,repetidas en menores de 5 anos,2007-09-01,37,37,37,37,74
NACEBE (SANTA ROSA DEL ABUNA),consulta externa,repetidas en menores de 5 anos,2007-09-01,37,24,37,24,61
NUEVO MANOA (NUEVA ESPERANZA),consulta externa,repetidas en menores de 5 anos,2007-09-01,1,4,1,4,5
OCURI,consulta externa,repetidas en menores de 5 anos,2007-09-01,10,0,10,0,10
OKINAWA,consulta externa,repetidas en menores de 5 anos,2007-09-01,4,2,4,2,6
OMEREQUE,consulta externa,repetidas en menores de 5 anos,2007-09-01,4,2,4,2,6
ORURO,consulta externa,repetidas en menores de 5 anos,2007-09-01,675,665,675,665,1340
PADCAYA,consulta externa,repetidas en menores de 5 anos,2007-09-01,25,19,25,19,44
PADILLA,consulta externa,repetidas en menores de 5 anos,2007-09-01,8,6,8,6,14
PAILON,consulta externa,repetidas en menores de 5 anos,2007-09-01,17,7,17,7,24
PALCA,consulta externa,repetidas en menores de 5 anos,2007-09-01,12,2,12,2,14
PALOS BLANCOS,consulta externa,repetidas en menores de 5 anos,2007-09-01,30,15,30,15,45
PAMPA AULLAGAS,consulta externa,repetidas en menores de 5 anos,2007-09-01,1,2,1,2,3
PAMPA GRANDE,consulta externa,repetidas en menores de 5 anos,2007-09-01,2,0,2,0,2
PAPEL PAMPA,consulta externa,repetidas en menores de 5 anos,2007-09-01,3,2,3,2,5
PASORAPA,consulta externa,repetidas en menores de 5 anos,2007-09-01,3,4,3,4,7
PATACAMAYA,consulta externa,repetidas en menores de 5 anos,2007-09-01,4,1,4,1,5
PAZÑA,consulta externa,repetidas en menores de 5 anos,2007-09-01,3,4,3,4,7
PELECHUCO,consulta externa,repetidas en menores de 5 anos,2007-09-01,0,2,0,2,2
POCOATA,consulta externa,repetidas en menores de 5 anos,2007-09-01,7,4,7,4,11
POCONA,consulta externa,repetidas en menores de 5 anos,2007-09-01,4,7,4,7,11
POJO (CBBA),consulta externa,repetidas en menores de 5 anos,2007-09-01,21,20,21,20,41
POOPO,consulta externa,repetidas en menores de 5 anos,2007-09-01,0,1,0,1,1
PORCO,consulta externa,repetidas en menores de 5 anos,2007-09-01,3,4,3,4,7
POROMA,consulta externa,repetidas en menores de 5 anos,2007-09-01,10,7,10,7,17
PORONGO,consulta externa,repetidas en menores de 5 anos,2007-09-01,7,8,7,8,15
PORTACHUELO,consulta externa,repetidas en menores de 5 anos,2007-09-01,39,53,39,53,92
PORVENIR,consulta externa,repetidas en menores de 5 anos,2007-09-01,4,1,4,1,5
POSTRER VALLE,consulta externa,repetidas en menores de 5 anos,2007-09-01,3,1,3,1,4
POTOSI,consulta externa,repetidas en menores de 5 anos,2007-09-01,445,384,445,384,829
PRESTO,consulta externa,repetidas en menores de 5 anos,2007-09-01,18,5,18,5,23
PUCARA,consulta externa,repetidas en menores de 5 anos,2007-09-01,2,1,2,1,3
PUCARANI,consulta externa,repetidas en menores de 5 anos,2007-09-01,15,22,15,22,37
PUERTO ACOSTA,consulta externa,repetidas en menores de 5 anos,2007-09-01,2,2,2,2,4
PUERTO CARABUCO,consulta externa,repetidas en menores de 5 anos,2007-09-01,1,1,1,1,2
PUERTO GONZALO MORENO,consulta externa,repetidas en menores de 5 anos,2007-09-01,4,6,4,6,10
PUERTO QUIJARRO,consulta externa,repetidas en menores de 5 anos,2007-09-01,15,9,15,9,24
PUERTO RICO,consulta externa,repetidas en menores de 5 anos,2007-09-01,7,13,7,13,20
PUERTO SUAREZ,consulta externa,repetidas en menores de 5 anos,2007-09-01,46,33,46,33,79
PUERTO VILLARROEL,consulta externa,repetidas en menores de 5 anos,2007-09-01,98,93,98,93,191
PUNA,consulta externa,repetidas en menores de 5 anos,2007-09-01,16,16,16,16,32
PUNATA,consulta externa,repetidas en menores de 5 anos,2007-09-01,57,59,57,59,116
QUIABAYA,consulta externa,repetidas en menores de 5 anos,2007-09-01,2,0,2,0,2
QUILLACOLLO,consulta externa,repetidas en menores de 5 anos,2007-09-01,370,297,370,297,667
QUIME,consulta externa,repetidas en menores de 5 anos,2007-09-01,2,1,2,1,3
QUIRUSILLAS,consulta externa,repetidas en menores de 5 anos,2007-09-01,3,3,3,3,6
RAVELO,consulta externa,repetidas en menores de 5 anos,2007-09-01,2,1,2,1,3
REYES,consulta externa,repetidas en menores de 5 anos,2007-09-01,35,18,35,18,53
RIBERALTA,consulta externa,repetidas en menores de 5 anos,2007-09-01,268,241,268,241,509
ROBORE,consulta externa,repetidas en menores de 5 anos,2007-09-01,12,11,12,11,23
RURRENABAQUE,consulta externa,repetidas en menores de 5 anos,2007-09-01,46,42,46,42,88
SABAYA,consulta externa,repetidas en menores de 5 anos,2007-09-01,2,2,2,2,4
SACABA,consulta externa,repetidas en menores de 5 anos,2007-09-01,391,332,391,332,723
SACABAMBA,consulta externa,repetidas en menores de 5 anos,2007-09-01,30,13,30,13,43
SACACA,consulta externa,repetidas en menores de 5 anos,2007-09-01,4,5,4,5,9
SAIPINA,consulta externa,repetidas en menores de 5 anos,2007-09-01,7,8,7,8,15
SALINAS DE GARCI MENDOZA,consulta externa,repetidas en menores de 5 anos,2007-09-01,9,15,9,15,24
SAMAIPATA,consulta externa,repetidas en menores de 5 anos,2007-09-01,4,3,4,3,7
SAN AGUSTIN,consulta externa,repetidas en menores de 5 anos,2007-09-01,1,2,1,2,3
SAN ANDRES,consulta externa,repetidas en menores de 5 anos,2007-09-01,27,31,27,31,58
SAN ANDRES DE MACHACA,consulta externa,repetidas en menores de 5 anos,2007-09-01,1,2,1,2,3
SAN ANTONIO DE ESMORUCO,consulta externa,repetidas en menores de 5 anos,2007-09-01,2,6,2,6,8
SAN ANTONIO DE LOMERIO,consulta externa,repetidas en menores de 5 anos,2007-09-01,1,2,1,2,3
SAN BENITO,consulta externa,repetidas en menores de 5 anos,2007-09-01,6,10,6,10,16
SAN BORJA,consulta externa,repetidas en menores de 5 anos,2007-09-01,41,49,41,49,90
SAN BUENA VENTURA,consulta externa,repetidas en menores de 5 anos,2007-09-01,16,26,16,26,42
SAN CARLOS,consulta externa,repetidas en menores de 5 anos,2007-09-01,36,47,36,47,83
SAN IGNACIO,consulta externa,repetidas en menores de 5 anos,2007-09-01,52,50,52,50,102
SAN IGNACIO DE VELASCO,consulta externa,repetidas en menores de 5 anos,2007-09-01,78,75,78,75,153
SAN JAVIER(BNI),consulta externa,repetidas en menores de 5 anos,2007-09-01,8,5,8,5,13
SAN JAVIER(STC),consulta externa,repetidas en menores de 5 anos,2007-09-01,6,4,6,4,10
SAN JOAQUIN,consulta externa,repetidas en menores de 5 anos,2007-09-01,2,0,2,0,2
SAN JOSE DE CHIQUITOS,consulta externa,repetidas en menores de 5 anos,2007-09-01,11,18,11,18,29
SAN JUAN DE YAPACANI,consulta externa,repetidas en menores de 5 anos,2007-09-01,11,16,11,16,27
SAN JULIAN,consulta externa,repetidas en menores de 5 anos,2007-09-01,34,34,34,34,68
SAN LORENZO(PND),consulta externa,repetidas en menores de 5 anos,2007-09-01,5,4,5,4,9
SAN LORENZO(TJA),consulta externa,repetidas en menores de 5 anos,2007-09-01,30,8,30,8,38
SAN LUCAS,consulta externa,repetidas en menores de 5 anos,2007-09-01,18,13,18,13,31
SAN MATIAS,consulta externa,repetidas en menores de 5 anos,2007-09-01,7,7,7,7,14
SAN MIGUEL DE VELASCO,consulta externa,repetidas en menores de 5 anos,2007-09-01,10,6,10,6,16
SAN PABLO DE LIPEZ,consulta externa,repetidas en menores de 5 anos,2007-09-01,7,6,7,6,13
SAN PEDRO,consulta externa,repetidas en menores de 5 anos,2007-09-01,32,46,32,46,78
SAN PEDRO DE BUENA VISTA,consulta externa,repetidas en menores de 5 anos,2007-09-01,4,0,4,0,4
SAN PEDRO DE CURAHUARA,consulta externa,repetidas en menores de 5 anos,2007-09-01,1,0,1,0,1
SAN PEDRO DE QUEMES,consulta externa,repetidas en menores de 5 anos,2007-09-01,0,1,0,1,1
SAN PEDRO DE TIQUINA,consulta externa,repetidas en menores de 5 anos,2007-09-01,0,3,0,3,3
SAN PEDRO(PND),consulta externa,repetidas en menores de 5 anos,2007-09-01,1,0,1,0,1
SAN RAFAEL,consulta externa,repetidas en menores de 5 anos,2007-09-01,15,17,15,17,32
SAN RAMON,consulta externa,repetidas en menores de 5 anos,2007-09-01,4,10,4,10,14
SAN RAMON,consulta externa,repetidas en menores de 5 anos,2007-09-01,0,2,0,2,2
SANTA ANA,consulta externa,repetidas en menores de 5 anos,2007-09-01,8,3,8,3,11
SANTA CRUZ DE LA SIERRA,consulta externa,repetidas en menores de 5 anos,2007-09-01,3213,3320,3213,3320,6533
SANTA ROSA,consulta externa,repetidas en menores de 5 anos,2007-09-01,7,11,7,11,18
SANTA ROSA DEL SARA,consulta externa,repetidas en menores de 5 anos,2007-09-01,28,21,28,21,49
SANTIAGO DE CALLAPA,consulta externa,repetidas en menores de 5 anos,2007-09-01,6,1,6,1,7
SANTIAGO DE HUARI,consulta externa,repetidas en menores de 5 anos,2007-09-01,3,6,3,6,9
SANTIVAÑES,consulta externa,repetidas en menores de 5 anos,2007-09-01,8,3,8,3,11
SANTUARIO DE QUILLACAS,consulta externa,repetidas en menores de 5 anos,2007-09-01,0,1,0,1,1
SAPAHAQUI,consulta externa,repetidas en menores de 5 anos,2007-09-01,0,2,0,2,2
SENA,consulta externa,repetidas en menores de 5 anos,2007-09-01,1,2,1,2,3
SICA SICA (VILLA AROMA),consulta externa,repetidas en menores de 5 anos,2007-09-01,4,2,4,2,6
SICAYA,consulta externa,repetidas en menores de 5 anos,2007-09-01,1,0,1,0,1
SIPE SIPE,consulta externa,repetidas en menores de 5 anos,2007-09-01,111,131,111,131,242
SOPACHUY,consulta externa,repetidas en menores de 5 anos,2007-09-01,12,11,12,11,23
SORACACHI,consulta externa,repetidas en menores de 5 anos,2007-09-01,14,19,14,19,33
SORATA,consulta externa,repetidas en menores de 5 anos,2007-09-01,2,3,2,3,5
SUCRE,consulta externa,repetidas en menores de 5 anos,2007-09-01,799,730,799,730,1529
TACACHI,consulta externa,repetidas en menores de 5 anos,2007-09-01,6,2,6,2,8
TACOBAMBA,consulta externa,repetidas en menores de 5 anos,2007-09-01,0,2,0,2,2
TACOPAYA,consulta externa,repetidas en menores de 5 anos,2007-09-01,0,1,0,1,1
TAHUA,consulta externa,repetidas en menores de 5 anos,2007-09-01,2,0,2,0,2
TAPACARI,consulta externa,repetidas en menores de 5 anos,2007-09-01,56,41,56,41,97
TARABUCO,consulta externa,repetidas en menores de 5 anos,2007-09-01,151,173,151,173,324
TARATA,consulta externa,repetidas en menores de 5 anos,2007-09-01,1,0,1,0,1
TARIJA,consulta externa,repetidas en menores de 5 anos,2007-09-01,631,478,631,478,1109
TARVITA,consulta externa,repetidas en menores de 5 anos,2007-09-01,18,22,18,22,40
TEOPONTE,consulta externa,repetidas en menores de 5 anos,2007-09-01,4,13,4,13,17
TIAWANACU,consulta externa,repetidas en menores de 5 anos,2007-09-01,1,1,1,1,2
TINGUIPAYA,consulta externa,repetidas en menores de 5 anos,2007-09-01,5,11,5,11,16
TIPUANI,consulta externa,repetidas en menores de 5 anos,2007-09-01,1,3,1,3,4
TIQUIPAYA,consulta externa,repetidas en menores de 5 anos,2007-09-01,141,125,141,125,266
TIRAQUE (CBBA),consulta externa,repetidas en menores de 5 anos,2007-09-01,144,147,144,147,291
TITO YUPANQUI (PARQUIPUJIO),consulta externa,repetidas en menores de 5 anos,2007-09-01,2,3,2,3,5
TOCO,consulta externa,repetidas en menores de 5 anos,2007-09-01,6,10,6,10,16
TODOS SANTOS,consulta externa,repetidas en menores de 5 anos,2007-09-01,3,0,3,0,3
TOLATA,consulta externa,repetidas en menores de 5 anos,2007-09-01,31,26,31,26,57
TOLEDO,consulta externa,repetidas en menores de 5 anos,2007-09-01,2,3,2,3,5
TOMAVE,consulta externa,repetidas en menores de 5 anos,2007-09-01,4,6,4,6,10
TOMINA,consulta externa,repetidas en menores de 5 anos,2007-09-01,1,0,1,0,1
TORO TORO,consulta externa,repetidas en menores de 5 anos,2007-09-01,15,5,15,5,20
TOTORA(CBBA),consulta externa,repetidas en menores de 5 anos,2007-09-01,85,96,85,96,181
TOTORA(ORR),consulta externa,repetidas en menores de 5 anos,2007-09-01,1,0,1,0,1
TRIGAL,consulta externa,repetidas en menores de 5 anos,2007-09-01,4,2,4,2,6
TRINIDAD,consulta externa,repetidas en menores de 5 anos,2007-09-01,272,277,272,277,549
TUPIZA,consulta externa,repetidas en menores de 5 anos,2007-09-01,63,58,63,58,121
TURCO,consulta externa,repetidas en menores de 5 anos,2007-09-01,2,3,2,3,5
UMALA,consulta externa,repetidas en menores de 5 anos,2007-09-01,0,1,0,1,1
UNCIA,consulta externa,repetidas en menores de 5 anos,2007-09-01,41,36,41,36,77
URIONDO (A. CONCEPCION),consulta externa,repetidas en menores de 5 anos,2007-09-01,26,19,26,19,45
URUBICHA,consulta externa,repetidas en menores de 5 anos,2007-09-01,2,7,2,7,9
UYUNI,consulta externa,repetidas en menores de 5 anos,2007-09-01,15,14,15,14,29
VACAS,consulta externa,repetidas en menores de 5 anos,2007-09-01,10,11,10,11,21
VALLEGRANDE,consulta externa,repetidas en menores de 5 anos,2007-09-01,41,27,41,27,68
VIACHA,consulta externa,repetidas en menores de 5 anos,2007-09-01,269,254,269,254,523
VILA VILA,consulta externa,repetidas en menores de 5 anos,2007-09-01,4,4,4,4,8
VILLA MONTES,consulta externa,repetidas en menores de 5 anos,2007-09-01,58,58,58,58,116
VILLA NUEVA (LOMA ALTA),consulta externa,repetidas en menores de 5 anos,2007-09-01,13,14,13,14,27
VILLA RIVERO,consulta externa,repetidas en menores de 5 anos,2007-09-01,37,31,37,31,68
VILLA SERRANO,consulta externa,repetidas en menores de 5 anos,2007-09-01,1,2,1,2,3
VILLA TUNARI,consulta externa,repetidas en menores de 5 anos,2007-09-01,78,51,78,51,129
VILLA VACA GUZMAN (MUYUPAMPA),consulta externa,repetidas en menores de 5 anos,2007-09-01,18,12,18,12,30
VILLAZON,consulta externa,repetidas en menores de 5 anos,2007-09-01,35,32,35,32,67
VINTO,consulta externa,repetidas en menores de 5 anos,2007-09-01,57,41,57,41,98
VITICHI,consulta externa,repetidas en menores de 5 anos,2007-09-01,4,5,4,5,9
WALDO BALLIVIAN,consulta externa,repetidas en menores de 5 anos,2007-09-01,4,9,4,9,13
WARNES,consulta externa,repetidas en menores de 5 anos,2007-09-01,31,43,31,43,74
YACO,consulta externa,repetidas en menores de 5 anos,2007-09-01,3,2,3,2,5
YACUIBA,consulta externa,repetidas en menores de 5 anos,2007-09-01,113,92,113,92,205
YAMPARAEZ,consulta externa,repetidas en menores de 5 anos,2007-09-01,21,20,21,20,41
YANACACHI,consulta externa,repetidas en menores de 5 anos,2007-09-01,5,1,5,1,6
YAPACANI,consulta externa,repetidas en menores de 5 anos,2007-09-01,11,9,11,9,20
YOCALLA,consulta externa,repetidas en menores de 5 anos,2007-09-01,0,1,0,1,1
YOTALA,consulta externa,repetidas en menores de 5 anos,2007-09-01,21,23,21,23,44
YUNCHARA,consulta externa,repetidas en menores de 5 anos,2007-09-01,13,7,13,7,20
ZUDAÑEZ,consulta externa,repetidas en menores de 5 anos,2007-09-01,5,2,5,2,7
ACACIO,consulta externa,repetidas en menores de 5 anos,2007-10-01,4,4,4,4,8
ACHACACHI,consulta externa,repetidas en menores de 5 anos,2007-10-01,11,13,11,13,24
ACHOCALLA,consulta externa,repetidas en menores de 5 anos,2007-10-01,6,12,6,12,18
AIQUILE,consulta externa,repetidas en menores de 5 anos,2007-10-01,25,18,25,18,43
ALCALA,consulta externa,repetidas en menores de 5 anos,2007-10-01,1,0,1,0,1
ANCORAIMES,consulta externa,repetidas en menores de 5 anos,2007-10-01,8,4,8,4,12
ANDAMARCA,consulta externa,repetidas en menores de 5 anos,2007-10-01,4,1,4,1,5
ANTEQUERA,consulta externa,repetidas en menores de 5 anos,2007-10-01,8,6,8,6,14
ANZALDO,consulta externa,repetidas en menores de 5 anos,2007-10-01,9,8,9,8,17
APOLO,consulta externa,repetidas en menores de 5 anos,2007-10-01,6,17,6,17,23
ARANI,consulta externa,repetidas en menores de 5 anos,2007-10-01,1,3,1,3,4
ARBIETO,consulta externa,repetidas en menores de 5 anos,2007-10-01,9,5,9,5,14
ARQUE,consulta externa,repetidas en menores de 5 anos,2007-10-01,45,41,45,41,86
ASCENCION DE GUARAYOS,consulta externa,repetidas en menores de 5 anos,2007-10-01,93,103,93,103,196
ATOCHA,consulta externa,repetidas en menores de 5 anos,2007-10-01,33,47,33,47,80
AUCAPATA,consulta externa,repetidas en menores de 5 anos,2007-10-01,5,10,5,10,15
AYATA,consulta externa,repetidas en menores de 5 anos,2007-10-01,3,5,3,5,8
AYO AYO,consulta externa,repetidas en menores de 5 anos,2007-10-01,1,4,1,4,5
AYOPAYA (V. DE INDEPENDENCIA),consulta externa,repetidas en menores de 5 anos,2007-10-01,9,6,9,6,15
AZURDUY,consulta externa,repetidas en menores de 5 anos,2007-10-01,70,71,70,71,141
BATALLAS,consulta externa,repetidas en menores de 5 anos,2007-10-01,6,7,6,7,13
BAURES,consulta externa,repetidas en menores de 5 anos,2007-10-01,5,4,5,4,9
BELEN DE ANDAMARCA,consulta externa,repetidas en menores de 5 anos,2007-10-01,11,0,11,0,11
BELEN DE URMIRI,consulta externa,repetidas en menores de 5 anos,2007-10-01,0,1,0,1,1
BELLA FLOR,consulta externa,repetidas en menores de 5 anos,2007-10-01,3,4,3,4,7
BERMEJO,consulta externa,repetidas en menores de 5 anos,2007-10-01,35,36,35,36,71
BETANZOS,consulta externa,repetidas en menores de 5 anos,2007-10-01,21,14,21,14,35
BOLPEBRA,consulta externa,repetidas en menores de 5 anos,2007-10-01,3,1,3,1,4
BOYUIBE,consulta externa,repetidas en menores de 5 anos,2007-10-01,3,13,3,13,16
BUENA VISTA,consulta externa,repetidas en menores de 5 anos,2007-10-01,74,56,74,56,130
CABEZAS,consulta externa,repetidas en menores de 5 anos,2007-10-01,11,13,11,13,24
CAIROMA,consulta externa,repetidas en menores de 5 anos,2007-10-01,6,6,6,6,12
"CAIZA ""D""",consulta externa,repetidas en menores de 5 anos,2007-10-01,5,6,5,6,11
CAJUATA,consulta externa,repetidas en menores de 5 anos,2007-10-01,11,11,11,11,22
CALACOTO,consulta externa,repetidas en menores de 5 anos,2007-10-01,1,0,1,0,1
CALAMARCA,consulta externa,repetidas en menores de 5 anos,2007-10-01,13,10,13,10,23
CAMARGO,consulta externa,repetidas en menores de 5 anos,2007-10-01,5,10,5,10,15
CAMATAQUI (C. VILLA ABECIA),consulta externa,repetidas en menores de 5 anos,2007-10-01,6,4,6,4,10
CAMIRI,consulta externa,repetidas en menores de 5 anos,2007-10-01,130,127,130,127,257
CAPINOTA,consulta externa,repetidas en menores de 5 anos,2007-10-01,71,95,71,95,166
CAQUIAVIRI,consulta externa,repetidas en menores de 5 anos,2007-10-01,1,0,1,0,1
CARACOLLO,consulta externa,repetidas en menores de 5 anos,2007-10-01,2,3,2,3,5
CARANAVI,consulta externa,repetidas en menores de 5 anos,2007-10-01,46,49,46,49,95
CARANGAS,consulta externa,repetidas en menores de 5 anos,2007-10-01,2,2,2,2,4
CARAPARI,consulta externa,repetidas en menores de 5 anos,2007-10-01,3,3,3,3,6
CARMEN RIVERO TORREZ,consulta externa,repetidas en menores de 5 anos,2007-10-01,12,18,12,18,30
CATACORA,consulta externa,repetidas en menores de 5 anos,2007-10-01,3,0,3,0,3
CHACARILLA,consulta externa,repetidas en menores de 5 anos,2007-10-01,26,37,26,37,63
CHALLAPATA,consulta externa,repetidas en menores de 5 anos,2007-10-01,40,33,40,33,73
CHAQUI,consulta externa,repetidas en menores de 5 anos,2007-10-01,1,0,1,0,1
CHARAGUA,consulta externa,repetidas en menores de 5 anos,2007-10-01,43,65,43,65,108
CHARAÑA,consulta externa,repetidas en menores de 5 anos,2007-10-01,3,0,3,0,3
CHAYANTA,consulta externa,repetidas en menores de 5 anos,2007-10-01,3,3,3,3,6
CHIMORE,consulta externa,repetidas en menores de 5 anos,2007-10-01,27,41,27,41,68
CHULUMANI (V. DE LA LIBERTAD),consulta externa,repetidas en menores de 5 anos,2007-10-01,18,28,18,28,46
CLIZA,consulta externa,repetidas en menores de 5 anos,2007-10-01,69,40,69,40,109
COBIJA,consulta externa,repetidas en menores de 5 anos,2007-10-01,159,183,159,183,342
COCHABAMBA,consulta externa,repetidas en menores de 5 anos,2007-10-01,4074,3898,4074,3898,7972
COIPASA,consulta externa,repetidas en menores de 5 anos,2007-10-01,0,2,0,2,2
COLCAPIRHUA,consulta externa,repetidas en menores de 5 anos,2007-10-01,170,181,170,181,351
"COLCHA ""K""",consulta externa,repetidas en menores de 5 anos,2007-10-01,3,7,3,7,10
COLOMI,consulta externa,repetidas en menores de 5 anos,2007-10-01,21,10,21,10,31
COLPA BELGICA,consulta externa,repetidas en menores de 5 anos,2007-10-01,46,45,46,45,91
COLQUECHACA,consulta externa,repetidas en menores de 5 anos,2007-10-01,4,5,4,5,9
COLQUENCHA,consulta externa,repetidas en menores de 5 anos,2007-10-01,8,0,8,0,8
COLQUIRI,consulta externa,repetidas en menores de 5 anos,2007-10-01,24,21,24,21,45
COMANCHE,consulta externa,repetidas en menores de 5 anos,2007-10-01,3,3,3,3,6
COMARAPA,consulta externa,repetidas en menores de 5 anos,2007-10-01,43,26,43,26,69
CONCEPCION,consulta externa,repetidas en menores de 5 anos,2007-10-01,12,9,12,9,21
CORIPATA,consulta externa,repetidas en menores de 5 anos,2007-10-01,13,6,13,6,19
CORO CORO,consulta externa,repetidas en menores de 5 anos,2007-10-01,12,15,12,15,27
COROICO,consulta externa,repetidas en menores de 5 anos,2007-10-01,35,23,35,23,58
CORQUE,consulta externa,repetidas en menores de 5 anos,2007-10-01,8,4,8,4,12
COTAGAITA,consulta externa,repetidas en menores de 5 anos,2007-10-01,71,61,71,61,132
COTOCA,consulta externa,repetidas en menores de 5 anos,2007-10-01,67,60,67,60,127
CUATRO CAÑADAS,consulta externa,repetidas en menores de 5 anos,2007-10-01,39,31,39,31,70
CUCHUMUELA (V. G. VILLARROEL),consulta externa,repetidas en menores de 5 anos,2007-10-01,12,7,12,7,19
CUEVO,consulta externa,repetidas en menores de 5 anos,2007-10-01,2,3,2,3,5
CULPINA,consulta externa,repetidas en menores de 5 anos,2007-10-01,19,7,19,7,26
CURAHUARA DE CARANGAS,consulta externa,repetidas en menores de 5 anos,2007-10-01,2,4,2,4,6
CURVA,consulta externa,repetidas en menores de 5 anos,2007-10-01,3,1,3,1,4
EL ALTO,consulta externa,repetidas en menores de 5 anos,2007-10-01,2372,2407,2372,2407,4779
EL CHORO,consulta externa,repetidas en menores de 5 anos,2007-10-01,0,1,0,1,1
EL PUENTE(STC),consulta externa,repetidas en menores de 5 anos,2007-10-01,13,7,13,7,20
EL PUENTE(TJA),consulta externa,repetidas en menores de 5 anos,2007-10-01,29,22,29,22,51
EL TORNO,consulta externa,repetidas en menores de 5 anos,2007-10-01,37,36,37,36,73
EL VILLAR,consulta externa,repetidas en menores de 5 anos,2007-10-01,2,1,2,1,3
ENTRE RIOS,consulta externa,repetidas en menores de 5 anos,2007-10-01,33,22,33,22,55
ENTRE RIOS,consulta externa,repetidas en menores de 5 anos,2007-10-01,3,6,3,6,9
EUCALIPTUS,consulta externa,repetidas en menores de 5 anos,2007-10-01,6,9,6,9,15
EXALTACION,consulta externa,repetidas en menores de 5 anos,2007-10-01,12,15,12,15,27
FERNANDEZ ALONSO,consulta externa,repetidas en menores de 5 anos,2007-10-01,22,11,22,11,33
FILADELFIA,consulta externa,repetidas en menores de 5 anos,2007-10-01,22,14,22,14,36
GENERAL SAAVEDRA,consulta externa,repetidas en menores de 5 anos,2007-10-01,5,4,5,4,9
GRAL. J.J. PEREZ (CHARAZANI),consulta externa,repetidas en menores de 5 anos,2007-10-01,28,34,28,34,62
GUANAY,consulta externa,repetidas en menores de 5 anos,2007-10-01,6,3,6,3,9
GUAQUI,consulta externa,repetidas en menores de 5 anos,2007-10-01,6,6,6,6,12
GUAYARAMERIN,consulta externa,repetidas en menores de 5 anos,2007-10-01,83,80,83,80,163
GUTIERREZ,consulta externa,repetidas en menores de 5 anos,2007-10-01,32,27,32,27,59
HUACARETA,consulta externa,repetidas en menores de 5 anos,2007-10-01,18,27,18,27,45
HUACAYA (VILLA DE HUACAYA),consulta externa,repetidas en menores de 5 anos,2007-10-01,1,0,1,0,1
HUACHACALLA,consulta externa,repetidas en menores de 5 anos,2007-10-01,2,1,2,1,3
HUANUNI,consulta externa,repetidas en menores de 5 anos,2007-10-01,130,117,130,117,247
HUARACAJE,consulta externa,repetidas en menores de 5 anos,2007-10-01,3,3,3,3,6
HUAYLLAMARCA,consulta externa,repetidas en menores de 5 anos,2007-10-01,1,2,1,2,3
ICHOCA,consulta externa,repetidas en menores de 5 anos,2007-10-01,2,1,2,1,3
ICLA,consulta externa,repetidas en menores de 5 anos,2007-10-01,51,75,51,75,126
INCAHUASI,consulta externa,repetidas en menores de 5 anos,2007-10-01,11,7,11,7,18
INGAVI (HUMAITA),consulta externa,repetidas en menores de 5 anos,2007-10-01,22,18,22,18,40
INQUISIVI,consulta externa,repetidas en menores de 5 anos,2007-10-01,0,1,0,1,1
IRUPANA (VILLA DE LANZA),consulta externa,repetidas en menores de 5 anos,2007-10-01,7,1,7,1,8
IXIAMAS,consulta externa,repetidas en menores de 5 anos,2007-10-01,6,6,6,6,12
JESUS DE MACHACA,consulta externa,repetidas en menores de 5 anos,2007-10-01,5,1,5,1,6
LA ASUNTA,consulta externa,repetidas en menores de 5 anos,2007-10-01,37,46,37,46,83
LA GUARDIA,consulta externa,repetidas en menores de 5 anos,2007-10-01,182,138,182,138,320
LA PAZ,consulta externa,repetidas en menores de 5 anos,2007-10-01,4738,4546,4738,4546,9284
LA RIVERA,consulta externa,repetidas en menores de 5 anos,2007-10-01,0,1,0,1,1
LAGUNILLAS,consulta externa,repetidas en menores de 5 anos,2007-10-01,5,3,5,3,8
LAJA,consulta externa,repetidas en menores de 5 anos,2007-10-01,4,6,4,6,10
LAS CARRERAS,consulta externa,repetidas en menores de 5 anos,2007-10-01,8,5,8,5,13
LICOMA PAMPA,consulta externa,repetidas en menores de 5 anos,2007-10-01,2,1,2,1,3
LLALLAGUA,consulta externa,repetidas en menores de 5 anos,2007-10-01,24,24,24,24,48
LLICA,consulta externa,repetidas en menores de 5 anos,2007-10-01,1,1,1,1,2
LORETO,consulta externa,repetidas en menores de 5 anos,2007-10-01,3,38,3,38,41
LURIBAY,consulta externa,repetidas en menores de 5 anos,2007-10-01,2,2,2,2,4
MACHACAMARCA,consulta externa,repetidas en menores de 5 anos,2007-10-01,1,1,1,1,2
MACHARETI,consulta externa,repetidas en menores de 5 anos,2007-10-01,27,27,27,27,54
MAGDALENA,consulta externa,repetidas en menores de 5 anos,2007-10-01,14,19,14,19,33
MAIRANA,consulta externa,repetidas en menores de 5 anos,2007-10-01,4,6,4,6,10
MALLA,consulta externa,repetidas en menores de 5 anos,2007-10-01,2,0,2,0,2
MAPIRI,consulta externa,repetidas en menores de 5 anos,2007-10-01,21,14,21,14,35
MECAPACA,consulta externa,repetidas en menores de 5 anos,2007-10-01,10,5,10,5,15
MINEROS,consulta externa,repetidas en menores de 5 anos,2007-10-01,9,13,9,13,22
MIZQUE,consulta externa,repetidas en menores de 5 anos,2007-10-01,12,15,12,15,27
MOCOMOCO,consulta externa,repetidas en menores de 5 anos,2007-10-01,3,9,3,9,12
MOJINETE,consulta externa,repetidas en menores de 5 anos,2007-10-01,0,1,0,1,1
MOJOCOYA,consulta externa,repetidas en menores de 5 anos,2007-10-01,6,15,6,15,21
MONTEAGUDO,consulta externa,repetidas en menores de 5 anos,2007-10-01,68,46,68,46,114
MONTERO,consulta externa,repetidas en menores de 5 anos,2007-10-01,380,377,380,377,757
MOROCHATA,consulta externa,repetidas en menores de 5 anos,2007-10-01,148,164,148,164,312
NACEBE (SANTA ROSA DEL ABUNA),consulta externa,repetidas en menores de 5 anos,2007-10-01,3,0,3,0,3
NUEVO MANOA (NUEVA ESPERANZA),consulta externa,repetidas en menores de 5 anos,2007-10-01,2,3,2,3,5
OCURI,consulta externa,repetidas en menores de 5 anos,2007-10-01,3,6,3,6,9
OKINAWA,consulta externa,repetidas en menores de 5 anos,2007-10-01,6,5,6,5,11
OMEREQUE,consulta externa,repetidas en menores de 5 anos,2007-10-01,5,9,5,9,14
ORURO,consulta externa,repetidas en menores de 5 anos,2007-10-01,925,929,925,929,1854
PADCAYA,consulta externa,repetidas en menores de 5 anos,2007-10-01,8,4,8,4,12
PADILLA,consulta externa,repetidas en menores de 5 anos,2007-10-01,4,2,4,2,6
PAILON,consulta externa,repetidas en menores de 5 anos,2007-10-01,22,21,22,21,43
PALCA,consulta externa,repetidas en menores de 5 anos,2007-10-01,39,6,39,6,45
PALOS BLANCOS,consulta externa,repetidas en menores de 5 anos,2007-10-01,17,17,17,17,34
PAMPA AULLAGAS,consulta externa,repetidas en menores de 5 anos,2007-10-01,3,2,3,2,5
PAMPA GRANDE,consulta externa,repetidas en menores de 5 anos,2007-10-01,2,0,2,0,2
PAPEL PAMPA,consulta externa,repetidas en menores de 5 anos,2007-10-01,1,3,1,3,4
PASORAPA,consulta externa,repetidas en menores de 5 anos,2007-10-01,1,3,1,3,4
PATACAMAYA,consulta externa,repetidas en menores de 5 anos,2007-10-01,3,2,3,2,5
PAZÑA,consulta externa,repetidas en menores de 5 anos,2007-10-01,1,5,1,5,6
POCOATA,consulta externa,repetidas en menores de 5 anos,2007-10-01,4,6,4,6,10
POCONA,consulta externa,repetidas en menores de 5 anos,2007-10-01,6,3,6,3,9
POJO (CBBA),consulta externa,repetidas en menores de 5 anos,2007-10-01,2,0,2,0,2
POOPO,consulta externa,repetidas en menores de 5 anos,2007-10-01,3,3,3,3,6
PORCO,consulta externa,repetidas en menores de 5 anos,2007-10-01,4,2,4,2,6
POROMA,consulta externa,repetidas en menores de 5 anos,2007-10-01,1,0,1,0,1
PORONGO,consulta externa,repetidas en menores de 5 anos,2007-10-01,14,9,14,9,23
PORTACHUELO,consulta externa,repetidas en menores de 5 anos,2007-10-01,60,61,60,61,121
PORVENIR,consulta externa,repetidas en menores de 5 anos,2007-10-01,2,1,2,1,3
POSTRER VALLE,consulta externa,repetidas en menores de 5 anos,2007-10-01,0,1,0,1,1
POTOSI,consulta externa,repetidas en menores de 5 anos,2007-10-01,532,494,532,494,1026
PRESTO,consulta externa,repetidas en menores de 5 anos,2007-10-01,1,0,1,0,1
PUCARA,consulta externa,repetidas en menores de 5 anos,2007-10-01,1,0,1,0,1
PUCARANI,consulta externa,repetidas en menores de 5 anos,2007-10-01,6,9,6,9,15
PUERTO ACOSTA,consulta externa,repetidas en menores de 5 anos,2007-10-01,4,4,4,4,8
PUERTO CARABUCO,consulta externa,repetidas en menores de 5 anos,2007-10-01,3,3,3,3,6
PUERTO GONZALO MORENO,consulta externa,repetidas en menores de 5 anos,2007-10-01,0,2,0,2,2
PUERTO PEREZ,consulta externa,repetidas en menores de 5 anos,2007-10-01,3,2,3,2,5
PUERTO QUIJARRO,consulta externa,repetidas en menores de 5 anos,2007-10-01,10,12,10,12,22
PUERTO RICO,consulta externa,repetidas en menores de 5 anos,2007-10-01,72,60,72,60,132
PUERTO SILES,consulta externa,repetidas en menores de 5 anos,2007-10-01,3,1,3,1,4
PUERTO SUAREZ,consulta externa,repetidas en menores de 5 anos,2007-10-01,36,27,36,27,63
PUERTO VILLARROEL,consulta externa,repetidas en menores de 5 anos,2007-10-01,125,124,125,124,249
PUNA,consulta externa,repetidas en menores de 5 anos,2007-10-01,15,12,15,12,27
PUNATA,consulta externa,repetidas en menores de 5 anos,2007-10-01,104,104,104,104,208
QUIABAYA,consulta externa,repetidas en menores de 5 anos,2007-10-01,0,1,0,1,1
QUILLACOLLO,consulta externa,repetidas en menores de 5 anos,2007-10-01,338,238,338,238,576
QUIME,consulta externa,repetidas en menores de 5 anos,2007-10-01,1,0,1,0,1
QUIRUSILLAS,consulta externa,repetidas en menores de 5 anos,2007-10-01,5,3,5,3,8
RAVELO,consulta externa,repetidas en menores de 5 anos,2007-10-01,4,1,4,1,5
REYES,consulta externa,repetidas en menores de 5 anos,2007-10-01,42,28,42,28,70
RIBERALTA,consulta externa,repetidas en menores de 5 anos,2007-10-01,313,332,313,332,645
ROBORE,consulta externa,repetidas en menores de 5 anos,2007-10-01,5,6,5,6,11
RURRENABAQUE,consulta externa,repetidas en menores de 5 anos,2007-10-01,43,29,43,29,72
SABAYA,consulta externa,repetidas en menores de 5 anos,2007-10-01,0,2,0,2,2
SACABA,consulta externa,repetidas en menores de 5 anos,2007-10-01,306,261,306,261,567
SACABAMBA,consulta externa,repetidas en menores de 5 anos,2007-10-01,26,22,26,22,48
SACACA,consulta externa,repetidas en menores de 5 anos,2007-10-01,8,3,8,3,11
SAIPINA,consulta externa,repetidas en menores de 5 anos,2007-10-01,12,7,12,7,19
SALINAS DE GARCI MENDOZA,consulta externa,repetidas en menores de 5 anos,2007-10-01,1,3,1,3,4
SAMAIPATA,consulta externa,repetidas en menores de 5 anos,2007-10-01,1,3,1,3,4
SAN AGUSTIN,consulta externa,repetidas en menores de 5 anos,2007-10-01,0,6,0,6,6
SAN ANDRES,consulta externa,repetidas en menores de 5 anos,2007-10-01,17,8,17,8,25
SAN ANDRES DE MACHACA,consulta externa,repetidas en menores de 5 anos,2007-10-01,0,1,0,1,1
SAN ANTONIO DE ESMORUCO,consulta externa,repetidas en menores de 5 anos,2007-10-01,5,1,5,1,6
SAN ANTONIO DE LOMERIO,consulta externa,repetidas en menores de 5 anos,2007-10-01,5,2,5,2,7
SAN BENITO,consulta externa,repetidas en menores de 5 anos,2007-10-01,9,19,9,19,28
SAN BORJA,consulta externa,repetidas en menores de 5 anos,2007-10-01,70,70,70,70,140
SAN BUENA VENTURA,consulta externa,repetidas en menores de 5 anos,2007-10-01,39,25,39,25,64
SAN CARLOS,consulta externa,repetidas en menores de 5 anos,2007-10-01,16,14,16,14,30
SAN IGNACIO,consulta externa,repetidas en menores de 5 anos,2007-10-01,43,156,43,156,199
SAN IGNACIO DE VELASCO,consulta externa,repetidas en menores de 5 anos,2007-10-01,143,139,143,139,282
SAN JAVIER(BNI),consulta externa,repetidas en menores de 5 anos,2007-10-01,2,1,2,1,3
SAN JAVIER(STC),consulta externa,repetidas en menores de 5 anos,2007-10-01,13,6,13,6,19
SAN JOAQUIN,consulta externa,repetidas en menores de 5 anos,2007-10-01,2,0,2,0,2
SAN JOSE DE CHIQUITOS,consulta externa,repetidas en menores de 5 anos,2007-10-01,11,5,11,5,16
SAN JUAN DE YAPACANI,consulta externa,repetidas en menores de 5 anos,2007-10-01,46,33,46,33,79
SAN JULIAN,consulta externa,repetidas en menores de 5 anos,2007-10-01,74,57,74,57,131
SAN LORENZO(PND),consulta externa,repetidas en menores de 5 anos,2007-10-01,1,0,1,0,1
SAN LORENZO(TJA),consulta externa,repetidas en menores de 5 anos,2007-10-01,11,12,11,12,23
SAN LUCAS,consulta externa,repetidas en menores de 5 anos,2007-10-01,88,105,88,105,193
SAN MATIAS,consulta externa,repetidas en menores de 5 anos,2007-10-01,7,3,7,3,10
SAN MIGUEL DE VELASCO,consulta externa,repetidas en menores de 5 anos,2007-10-01,12,12,12,12,24
SAN PABLO DE LIPEZ,consulta externa,repetidas en menores de 5 anos,2007-10-01,8,4,8,4,12
SAN PEDRO,consulta externa,repetidas en menores de 5 anos,2007-10-01,48,36,48,36,84
SAN PEDRO DE BUENA VISTA,consulta externa,repetidas en menores de 5 anos,2007-10-01,2,4,2,4,6
SAN PEDRO DE CURAHUARA,consulta externa,repetidas en menores de 5 anos,2007-10-01,0,1,0,1,1
SAN PEDRO DE QUEMES,consulta externa,repetidas en menores de 5 anos,2007-10-01,1,0,1,0,1
SAN PEDRO DE TIQUINA,consulta externa,repetidas en menores de 5 anos,2007-10-01,2,2,2,2,4
SAN PEDRO(PND),consulta externa,repetidas en menores de 5 anos,2007-10-01,0,1,0,1,1
SAN RAFAEL,consulta externa,repetidas en menores de 5 anos,2007-10-01,6,5,6,5,11
SAN RAMON,consulta externa,repetidas en menores de 5 anos,2007-10-01,23,9,23,9,32
SANTA ANA,consulta externa,repetidas en menores de 5 anos,2007-10-01,13,11,13,11,24
SANTA CRUZ DE LA SIERRA,consulta externa,repetidas en menores de 5 anos,2007-10-01,4091,3897,4091,3897,7988
SANTA ROSA,consulta externa,repetidas en menores de 5 anos,2007-10-01,89,72,89,72,161
SANTA ROSA DEL SARA,consulta externa,repetidas en menores de 5 anos,2007-10-01,2,3,2,3,5
SANTIAGO DE HUARI,consulta externa,repetidas en menores de 5 anos,2007-10-01,14,8,14,8,22
SANTIVAÑES,consulta externa,repetidas en menores de 5 anos,2007-10-01,13,8,13,8,21
SANTUARIO DE QUILLACAS,consulta externa,repetidas en menores de 5 anos,2007-10-01,1,0,1,0,1
SAPAHAQUI,consulta externa,repetidas en menores de 5 anos,2007-10-01,0,1,0,1,1
SENA,consulta externa,repetidas en menores de 5 anos,2007-10-01,7,7,7,7,14
SICA SICA (VILLA AROMA),consulta externa,repetidas en menores de 5 anos,2007-10-01,0,2,0,2,2
SICAYA,consulta externa,repetidas en menores de 5 anos,2007-10-01,0,1,0,1,1
SIPE SIPE,consulta externa,repetidas en menores de 5 anos,2007-10-01,249,241,249,241,490
SOPACHUY,consulta externa,repetidas en menores de 5 anos,2007-10-01,1,2,1,2,3
SORACACHI,consulta externa,repetidas en menores de 5 anos,2007-10-01,5,2,5,2,7
SORATA,consulta externa,repetidas en menores de 5 anos,2007-10-01,8,4,8,4,12
SUCRE,consulta externa,repetidas en menores de 5 anos,2007-10-01,972,924,972,924,1896
TACACHI,consulta externa,repetidas en menores de 5 anos,2007-10-01,1,2,1,2,3
TACOBAMBA,consulta externa,repetidas en menores de 5 anos,2007-10-01,1,1,1,1,2
TACOPAYA,consulta externa,repetidas en menores de 5 anos,2007-10-01,2,3,2,3,5
TAHUA,consulta externa,repetidas en menores de 5 anos,2007-10-01,3,0,3,0,3
TAPACARI,consulta externa,repetidas en menores de 5 anos,2007-10-01,53,42,53,42,95
TARABUCO,consulta externa,repetidas en menores de 5 anos,2007-10-01,182,179,182,179,361
TARACO,consulta externa,repetidas en menores de 5 anos,2007-10-01,1,2,1,2,3
TARATA,consulta externa,repetidas en menores de 5 anos,2007-10-01,6,1,6,1,7
TARIJA,consulta externa,repetidas en menores de 5 anos,2007-10-01,574,483,574,483,1057
TARVITA,consulta externa,repetidas en menores de 5 anos,2007-10-01,15,28,15,28,43
TEOPONTE,consulta externa,repetidas en menores de 5 anos,2007-10-01,7,2,7,2,9
TIAWANACU,consulta externa,repetidas en menores de 5 anos,2007-10-01,3,4,3,4,7
TINGUIPAYA,consulta externa,repetidas en menores de 5 anos,2007-10-01,5,4,5,4,9
TIPUANI,consulta externa,repetidas en menores de 5 anos,2007-10-01,0,1,0,1,1
TIQUIPAYA,consulta externa,repetidas en menores de 5 anos,2007-10-01,176,133,176,133,309
TIRAQUE (CBBA),consulta externa,repetidas en menores de 5 anos,2007-10-01,120,118,120,118,238
TITO YUPANQUI (PARQUIPUJIO),consulta externa,repetidas en menores de 5 anos,2007-10-01,1,3,1,3,4
TOCO,consulta externa,repetidas en menores de 5 anos,2007-10-01,48,27,48,27,75
TODOS SANTOS,consulta externa,repetidas en menores de 5 anos,2007-10-01,6,0,6,0,6
TOLATA,consulta externa,repetidas en menores de 5 anos,2007-10-01,37,40,37,40,77
TOLEDO,consulta externa,repetidas en menores de 5 anos,2007-10-01,5,0,5,0,5
TOMAVE,consulta externa,repetidas en menores de 5 anos,2007-10-01,3,5,3,5,8
TOMINA,consulta externa,repetidas en menores de 5 anos,2007-10-01,5,5,5,5,10
TORO TORO,consulta externa,repetidas en menores de 5 anos,2007-10-01,13,10,13,10,23
TOTORA(CBBA),consulta externa,repetidas en menores de 5 anos,2007-10-01,115,109,115,109,224
TRIGAL,consulta externa,repetidas en menores de 5 anos,2007-10-01,3,5,3,5,8
TRINIDAD,consulta externa,repetidas en menores de 5 anos,2007-10-01,218,261,218,261,479
TUPIZA,consulta externa,repetidas en menores de 5 anos,2007-10-01,84,91,84,91,175
TURCO,consulta externa,repetidas en menores de 5 anos,2007-10-01,1,3,1,3,4
UNCIA,consulta externa,repetidas en menores de 5 anos,2007-10-01,9,4,9,4,13
URIONDO (A. CONCEPCION),consulta externa,repetidas en menores de 5 anos,2007-10-01,28,32,28,32,60
URUBICHA,consulta externa,repetidas en menores de 5 anos,2007-10-01,8,7,8,7,15
UYUNI,consulta externa,repetidas en menores de 5 anos,2007-10-01,9,13,9,13,22
VACAS,consulta externa,repetidas en menores de 5 anos,2007-10-01,44,24,44,24,68
VALLEGRANDE,consulta externa,repetidas en menores de 5 anos,2007-10-01,52,39,52,39,91
VIACHA,consulta externa,repetidas en menores de 5 anos,2007-10-01,99,67,99,67,166
VILA VILA,consulta externa,repetidas en menores de 5 anos,2007-10-01,1,1,1,1,2
VILLA MONTES,consulta externa,repetidas en menores de 5 anos,2007-10-01,24,30,24,30,54
VILLA NUEVA (LOMA ALTA),consulta externa,repetidas en menores de 5 anos,2007-10-01,1,0,1,0,1
VILLA RIVERO,consulta externa,repetidas en menores de 5 anos,2007-10-01,9,6,9,6,15
VILLA SERRANO,consulta externa,repetidas en menores de 5 anos,2007-10-01,1,1,1,1,2
VILLA TUNARI,consulta externa,repetidas en menores de 5 anos,2007-10-01,122,104,122,104,226
VILLA VACA GUZMAN (MUYUPAMPA),consulta externa,repetidas en menores de 5 anos,2007-10-01,19,30,19,30,49
VILLAZON,consulta externa,repetidas en menores de 5 anos,2007-10-01,49,38,49,38,87
VINTO,consulta externa,repetidas en menores de 5 anos,2007-10-01,136,95,136,95,231
WALDO BALLIVIAN,consulta externa,repetidas en menores de 5 anos,2007-10-01,2,3,2,3,5
WARNES,consulta externa,repetidas en menores de 5 anos,2007-10-01,65,72,65,72,137
YACO,consulta externa,repetidas en menores de 5 anos,2007-10-01,5,9,5,9,14
YACUIBA,consulta externa,repetidas en menores de 5 anos,2007-10-01,121,120,121,120,241
YAMPARAEZ,consulta externa,repetidas en menores de 5 anos,2007-10-01,21,11,21,11,32
YANACACHI,consulta externa,repetidas en menores de 5 anos,2007-10-01,7,0,7,0,7
YAPACANI,consulta externa,repetidas en menores de 5 anos,2007-10-01,9,10,9,10,19
YOCALLA,consulta externa,repetidas en menores de 5 anos,2007-10-01,4,0,4,0,4
YOTALA,consulta externa,repetidas en menores de 5 anos,2007-10-01,25,19,25,19,44
YUNCHARA,consulta externa,repetidas en menores de 5 anos,2007-10-01,16,13,16,13,29
ZUDAÑEZ,consulta externa,repetidas en menores de 5 anos,2007-10-01,7,6,7,6,13
ACACIO,consulta externa,repetidas en menores de 5 anos,2007-11-01,2,2,2,2,4
ACHACACHI,consulta externa,repetidas en menores de 5 anos,2007-11-01,5,6,5,6,11
ACHOCALLA,consulta externa,repetidas en menores de 5 anos,2007-11-01,7,10,7,10,17
AIQUILE,consulta externa,repetidas en menores de 5 anos,2007-11-01,7,9,7,9,16
ANCORAIMES,consulta externa,repetidas en menores de 5 anos,2007-11-01,7,6,7,6,13
ANDAMARCA,consulta externa,repetidas en menores de 5 anos,2007-11-01,2,1,2,1,3
ANTEQUERA,consulta externa,repetidas en menores de 5 anos,2007-11-01,2,1,2,1,3
ANZALDO,consulta externa,repetidas en menores de 5 anos,2007-11-01,20,21,20,21,41
APOLO,consulta externa,repetidas en menores de 5 anos,2007-11-01,3,5,3,5,8
ARAMPAMPA,consulta externa,repetidas en menores de 5 anos,2007-11-01,1,0,1,0,1
ARANI,consulta externa,repetidas en menores de 5 anos,2007-11-01,5,4,5,4,9
ARBIETO,consulta externa,repetidas en menores de 5 anos,2007-11-01,20,10,20,10,30
ARQUE,consulta externa,repetidas en menores de 5 anos,2007-11-01,30,31,30,31,61
ASCENCION DE GUARAYOS,consulta externa,repetidas en menores de 5 anos,2007-11-01,68,51,68,51,119
ATOCHA,consulta externa,repetidas en menores de 5 anos,2007-11-01,32,50,32,50,82
AUCAPATA,consulta externa,repetidas en menores de 5 anos,2007-11-01,8,10,8,10,18
AYATA,consulta externa,repetidas en menores de 5 anos,2007-11-01,2,1,2,1,3
AYO AYO,consulta externa,repetidas en menores de 5 anos,2007-11-01,0,1,0,1,1
AYOPAYA (V. DE INDEPENDENCIA),consulta externa,repetidas en menores de 5 anos,2007-11-01,2,4,2,4,6
AZURDUY,consulta externa,repetidas en menores de 5 anos,2007-11-01,3,2,3,2,5
BATALLAS,consulta externa,repetidas en menores de 5 anos,2007-11-01,3,1,3,1,4
BAURES,consulta externa,repetidas en menores de 5 anos,2007-11-01,8,8,8,8,16
BELEN DE URMIRI,consulta externa,repetidas en menores de 5 anos,2007-11-01,2,3,2,3,5
BERMEJO,consulta externa,repetidas en menores de 5 anos,2007-11-01,54,39,54,39,93
BETANZOS,consulta externa,repetidas en menores de 5 anos,2007-11-01,14,10,14,10,24
BOLIVAR,consulta externa,repetidas en menores de 5 anos,2007-11-01,8,11,8,11,19
BOLPEBRA,consulta externa,repetidas en menores de 5 anos,2007-11-01,0,4,0,4,4
BOYUIBE,consulta externa,repetidas en menores de 5 anos,2007-11-01,3,7,3,7,10
BUENA VISTA,consulta externa,repetidas en menores de 5 anos,2007-11-01,50,42,50,42,92
CABEZAS,consulta externa,repetidas en menores de 5 anos,2007-11-01,7,7,7,7,14
CAIROMA,consulta externa,repetidas en menores de 5 anos,2007-11-01,6,2,6,2,8
"CAIZA ""D""",consulta externa,repetidas en menores de 5 anos,2007-11-01,4,3,4,3,7
CAJUATA,consulta externa,repetidas en menores de 5 anos,2007-11-01,8,9,8,9,17
CALACOTO,consulta externa,repetidas en menores de 5 anos,2007-11-01,0,1,0,1,1
CALAMARCA,consulta externa,repetidas en menores de 5 anos,2007-11-01,5,10,5,10,15
CAMARGO,consulta externa,repetidas en menores de 5 anos,2007-11-01,1,6,1,6,7
CAMATAQUI (C. VILLA ABECIA),consulta externa,repetidas en menores de 5 anos,2007-11-01,1,2,1,2,3
CAMIRI,consulta externa,repetidas en menores de 5 anos,2007-11-01,81,86,81,86,167
CAPINOTA,consulta externa,repetidas en menores de 5 anos,2007-11-01,55,91,55,91,146
CAQUIAVIRI,consulta externa,repetidas en menores de 5 anos,2007-11-01,2,6,2,6,8
CARACOLLO,consulta externa,repetidas en menores de 5 anos,2007-11-01,10,4,10,4,14
CARANAVI,consulta externa,repetidas en menores de 5 anos,2007-11-01,18,19,18,19,37
CARAPARI,consulta externa,repetidas en menores de 5 anos,2007-11-01,6,2,6,2,8
CARIPUYO,consulta externa,repetidas en menores de 5 anos,2007-11-01,1,1,1,1,2
CARMEN RIVERO TORREZ,consulta externa,repetidas en menores de 5 anos,2007-11-01,2,3,2,3,5
CHACARILLA,consulta externa,repetidas en menores de 5 anos,2007-11-01,2,0,2,0,2
CHALLAPATA,consulta externa,repetidas en menores de 5 anos,2007-11-01,61,44,61,44,105
CHAQUI,consulta externa,repetidas en menores de 5 anos,2007-11-01,3,0,3,0,3
CHARAGUA,consulta externa,repetidas en menores de 5 anos,2007-11-01,40,74,40,74,114
CHARAÑA,consulta externa,repetidas en menores de 5 anos,2007-11-01,2,1,2,1,3
CHAYANTA,consulta externa,repetidas en menores de 5 anos,2007-11-01,2,5,2,5,7
CHIMORE,consulta externa,repetidas en menores de 5 anos,2007-11-01,52,55,52,55,107
CHIPAYA,consulta externa,repetidas en menores de 5 anos,2007-11-01,0,1,0,1,1
CHULUMANI (V. DE LA LIBERTAD),consulta externa,repetidas en menores de 5 anos,2007-11-01,17,26,17,26,43
CHUMA,consulta externa,repetidas en menores de 5 anos,2007-11-01,1,0,1,0,1
CLIZA,consulta externa,repetidas en menores de 5 anos,2007-11-01,68,39,68,39,107
COBIJA,consulta externa,repetidas en menores de 5 anos,2007-11-01,122,144,122,144,266
COCHABAMBA,consulta externa,repetidas en menores de 5 anos,2007-11-01,3392,3166,3392,3166,6558
COLCAPIRHUA,consulta externa,repetidas en menores de 5 anos,2007-11-01,176,169,176,169,345
"COLCHA ""K""",consulta externa,repetidas en menores de 5 anos,2007-11-01,2,3,2,3,5
COLLANA,consulta externa,repetidas en menores de 5 anos,2007-11-01,1,0,1,0,1
COLOMI,consulta externa,repetidas en menores de 5 anos,2007-11-01,62,57,62,57,119
COLPA BELGICA,consulta externa,repetidas en menores de 5 anos,2007-11-01,27,34,27,34,61
COLQUECHACA,consulta externa,repetidas en menores de 5 anos,2007-11-01,1,1,1,1,2
COLQUENCHA,consulta externa,repetidas en menores de 5 anos,2007-11-01,3,4,3,4,7
COLQUIRI,consulta externa,repetidas en menores de 5 anos,2007-11-01,28,24,28,24,52
COMANCHE,consulta externa,repetidas en menores de 5 anos,2007-11-01,5,2,5,2,7
COMARAPA,consulta externa,repetidas en menores de 5 anos,2007-11-01,16,10,16,10,26
CONCEPCION,consulta externa,repetidas en menores de 5 anos,2007-11-01,12,12,12,12,24
COPACABANA,consulta externa,repetidas en menores de 5 anos,2007-11-01,0,1,0,1,1
CORIPATA,consulta externa,repetidas en menores de 5 anos,2007-11-01,1,6,1,6,7
CORO CORO,consulta externa,repetidas en menores de 5 anos,2007-11-01,7,8,7,8,15
COROICO,consulta externa,repetidas en menores de 5 anos,2007-11-01,26,40,26,40,66
CORQUE,consulta externa,repetidas en menores de 5 anos,2007-11-01,9,12,9,12,21
COTAGAITA,consulta externa,repetidas en menores de 5 anos,2007-11-01,40,26,40,26,66
COTOCA,consulta externa,repetidas en menores de 5 anos,2007-11-01,76,42,76,42,118
CUATRO CAÑADAS,consulta externa,repetidas en menores de 5 anos,2007-11-01,95,75,95,75,170
CUCHUMUELA (V. G. VILLARROEL),consulta externa,repetidas en menores de 5 anos,2007-11-01,18,4,18,4,22
CUEVO,consulta externa,repetidas en menores de 5 anos,2007-11-01,1,1,1,1,2
CULPINA,consulta externa,repetidas en menores de 5 anos,2007-11-01,7,7,7,7,14
CURAHUARA DE CARANGAS,consulta externa,repetidas en menores de 5 anos,2007-11-01,2,0,2,0,2
CURVA,consulta externa,repetidas en menores de 5 anos,2007-11-01,1,3,1,3,4
DESAGUADERO,consulta externa,repetidas en menores de 5 anos,2007-11-01,1,0,1,0,1
EL ALTO,consulta externa,repetidas en menores de 5 anos,2007-11-01,2269,2159,2269,2159,4428
EL CHORO,consulta externa,repetidas en menores de 5 anos,2007-11-01,2,1,2,1,3
EL PUENTE(STC),consulta externa,repetidas en menores de 5 anos,2007-11-01,7,8,7,8,15
EL PUENTE(TJA),consulta externa,repetidas en menores de 5 anos,2007-11-01,26,27,26,27,53
EL TORNO,consulta externa,repetidas en menores de 5 anos,2007-11-01,25,15,25,15,40
EL VILLAR,consulta externa,repetidas en menores de 5 anos,2007-11-01,1,1,1,1,2
ENTRE RIOS,consulta externa,repetidas en menores de 5 anos,2007-11-01,10,1,10,1,11
ENTRE RIOS,consulta externa,repetidas en menores de 5 anos,2007-11-01,29,20,29,20,49
EUCALIPTUS,consulta externa,repetidas en menores de 5 anos,2007-11-01,4,3,4,3,7
EXALTACION,consulta externa,repetidas en menores de 5 anos,2007-11-01,11,14,11,14,25
FERNANDEZ ALONSO,consulta externa,repetidas en menores de 5 anos,2007-11-01,16,14,16,14,30
FILADELFIA,consulta externa,repetidas en menores de 5 anos,2007-11-01,3,2,3,2,5
GENERAL SAAVEDRA,consulta externa,repetidas en menores de 5 anos,2007-11-01,15,16,15,16,31
GRAL. J.J. PEREZ (CHARAZANI),consulta externa,repetidas en menores de 5 anos,2007-11-01,0,6,0,6,6
GUANAY,consulta externa,repetidas en menores de 5 anos,2007-11-01,5,6,5,6,11
GUAQUI,consulta externa,repetidas en menores de 5 anos,2007-11-01,5,6,5,6,11
GUAYARAMERIN,consulta externa,repetidas en menores de 5 anos,2007-11-01,107,96,107,96,203
GUTIERREZ,consulta externa,repetidas en menores de 5 anos,2007-11-01,45,53,45,53,98
HUACARETA,consulta externa,repetidas en menores de 5 anos,2007-11-01,20,32,20,32,52
HUACHACALLA,consulta externa,repetidas en menores de 5 anos,2007-11-01,4,0,4,0,4
HUANUNI,consulta externa,repetidas en menores de 5 anos,2007-11-01,199,120,199,120,319
HUARACAJE,consulta externa,repetidas en menores de 5 anos,2007-11-01,5,2,5,2,7
HUAYLLAMARCA,consulta externa,repetidas en menores de 5 anos,2007-11-01,3,2,3,2,5
ICHOCA,consulta externa,repetidas en menores de 5 anos,2007-11-01,0,1,0,1,1
ICLA,consulta externa,repetidas en menores de 5 anos,2007-11-01,67,66,67,66,133
INCAHUASI,consulta externa,repetidas en menores de 5 anos,2007-11-01,5,4,5,4,9
INGAVI (HUMAITA),consulta externa,repetidas en menores de 5 anos,2007-11-01,4,5,4,5,9
IRUPANA (VILLA DE LANZA),consulta externa,repetidas en menores de 5 anos,2007-11-01,6,5,6,5,11
IXIAMAS,consulta externa,repetidas en menores de 5 anos,2007-11-01,4,4,4,4,8
JESUS DE MACHACA,consulta externa,repetidas en menores de 5 anos,2007-11-01,3,2,3,2,5
LA ASUNTA,consulta externa,repetidas en menores de 5 anos,2007-11-01,9,5,9,5,14
LA GUARDIA,consulta externa,repetidas en menores de 5 anos,2007-11-01,168,136,168,136,304
LA PAZ,consulta externa,repetidas en menores de 5 anos,2007-11-01,3720,3963,3720,3963,7683
LAGUNILLAS,consulta externa,repetidas en menores de 5 anos,2007-11-01,16,7,16,7,23
LAJA,consulta externa,repetidas en menores de 5 anos,2007-11-01,8,4,8,4,12
LAS CARRERAS,consulta externa,repetidas en menores de 5 anos,2007-11-01,3,2,3,2,5
LICOMA PAMPA,consulta externa,repetidas en menores de 5 anos,2007-11-01,4,2,4,2,6
LLALLAGUA,consulta externa,repetidas en menores de 5 anos,2007-11-01,31,14,31,14,45
LLICA,consulta externa,repetidas en menores de 5 anos,2007-11-01,3,0,3,0,3
LORETO,consulta externa,repetidas en menores de 5 anos,2007-11-01,9,7,9,7,16
LURIBAY,consulta externa,repetidas en menores de 5 anos,2007-11-01,9,15,9,15,24
MACHACAMARCA,consulta externa,repetidas en menores de 5 anos,2007-11-01,2,1,2,1,3
MACHARETI,consulta externa,repetidas en menores de 5 anos,2007-11-01,6,3,6,3,9
MAGDALENA,consulta externa,repetidas en menores de 5 anos,2007-11-01,23,21,23,21,44
MAIRANA,consulta externa,repetidas en menores de 5 anos,2007-11-01,2,5,2,5,7
MALLA,consulta externa,repetidas en menores de 5 anos,2007-11-01,1,0,1,0,1
MAPIRI,consulta externa,repetidas en menores de 5 anos,2007-11-01,19,9,19,9,28
MECAPACA,consulta externa,repetidas en menores de 5 anos,2007-11-01,9,10,9,10,19
MINEROS,consulta externa,repetidas en menores de 5 anos,2007-11-01,0,2,0,2,2
MIZQUE,consulta externa,repetidas en menores de 5 anos,2007-11-01,14,9,14,9,23
MOCOMOCO,consulta externa,repetidas en menores de 5 anos,2007-11-01,2,2,2,2,4
MOJINETE,consulta externa,repetidas en menores de 5 anos,2007-11-01,2,0,2,0,2
MOJOCOYA,consulta externa,repetidas en menores de 5 anos,2007-11-01,8,8,8,8,16
MONTEAGUDO,consulta externa,repetidas en menores de 5 anos,2007-11-01,45,32,45,32,77
MONTERO,consulta externa,repetidas en menores de 5 anos,2007-11-01,436,433,436,433,869
MORO MORO,consulta externa,repetidas en menores de 5 anos,2007-11-01,0,2,0,2,2
MOROCHATA,consulta externa,repetidas en menores de 5 anos,2007-11-01,173,164,173,164,337
NACEBE (SANTA ROSA DEL ABUNA),consulta externa,repetidas en menores de 5 anos,2007-11-01,26,28,26,28,54
NAZACARA DE PACAJES,consulta externa,repetidas en menores de 5 anos,2007-11-01,0,2,0,2,2
NUEVO MANOA (NUEVA ESPERANZA),consulta externa,repetidas en menores de 5 anos,2007-11-01,3,1,3,1,4
OCURI,consulta externa,repetidas en menores de 5 anos,2007-11-01,12,5,12,5,17
OKINAWA,consulta externa,repetidas en menores de 5 anos,2007-11-01,6,9,6,9,15
OMEREQUE,consulta externa,repetidas en menores de 5 anos,2007-11-01,2,3,2,3,5
ORURO,consulta externa,repetidas en menores de 5 anos,2007-11-01,645,602,645,602,1247
PADCAYA,consulta externa,repetidas en menores de 5 anos,2007-11-01,7,5,7,5,12
PADILLA,consulta externa,repetidas en menores de 5 anos,2007-11-01,0,1,0,1,1
PAILON,consulta externa,repetidas en menores de 5 anos,2007-11-01,14,12,14,12,26
PALCA,consulta externa,repetidas en menores de 5 anos,2007-11-01,3,4,3,4,7
PALOS BLANCOS,consulta externa,repetidas en menores de 5 anos,2007-11-01,9,6,9,6,15
PAMPA AULLAGAS,consulta externa,repetidas en menores de 5 anos,2007-11-01,2,3,2,3,5
PAMPA GRANDE,consulta externa,repetidas en menores de 5 anos,2007-11-01,2,2,2,2,4
PAPEL PAMPA,consulta externa,repetidas en menores de 5 anos,2007-11-01,0,1,0,1,1
PASORAPA,consulta externa,repetidas en menores de 5 anos,2007-11-01,1,3,1,3,4
PATACAMAYA,consulta externa,repetidas en menores de 5 anos,2007-11-01,2,3,2,3,5
PAZÑA,consulta externa,repetidas en menores de 5 anos,2007-11-01,11,8,11,8,19
PELECHUCO,consulta externa,repetidas en menores de 5 anos,2007-11-01,2,1,2,1,3
POCOATA,consulta externa,repetidas en menores de 5 anos,2007-11-01,5,6,5,6,11
POCONA,consulta externa,repetidas en menores de 5 anos,2007-11-01,9,8,9,8,17
POJO (CBBA),consulta externa,repetidas en menores de 5 anos,2007-11-01,59,56,59,56,115
POOPO,consulta externa,repetidas en menores de 5 anos,2007-11-01,2,1,2,1,3
POROMA,consulta externa,repetidas en menores de 5 anos,2007-11-01,2,2,2,2,4
PORONGO,consulta externa,repetidas en menores de 5 anos,2007-11-01,8,13,8,13,21
PORTACHUELO,consulta externa,repetidas en menores de 5 anos,2007-11-01,61,49,61,49,110
PORVENIR,consulta externa,repetidas en menores de 5 anos,2007-11-01,2,2,2,2,4
POSTRER VALLE,consulta externa,repetidas en menores de 5 anos,2007-11-01,3,7,3,7,10
POTOSI,consulta externa,repetidas en menores de 5 anos,2007-11-01,524,425,524,425,949
PRESTO,consulta externa,repetidas en menores de 5 anos,2007-11-01,5,0,5,0,5
PUCARA,consulta externa,repetidas en menores de 5 anos,2007-11-01,3,2,3,2,5
PUCARANI,consulta externa,repetidas en menores de 5 anos,2007-11-01,11,9,11,9,20
PUERTO ACOSTA,consulta externa,repetidas en menores de 5 anos,2007-11-01,2,0,2,0,2
PUERTO CARABUCO,consulta externa,repetidas en menores de 5 anos,2007-11-01,29,14,29,14,43
PUERTO GONZALO MORENO,consulta externa,repetidas en menores de 5 anos,2007-11-01,4,0,4,0,4
PUERTO QUIJARRO,consulta externa,repetidas en menores de 5 anos,2007-11-01,8,12,8,12,20
PUERTO RICO,consulta externa,repetidas en menores de 5 anos,2007-11-01,15,9,15,9,24
PUERTO SILES,consulta externa,repetidas en menores de 5 anos,2007-11-01,0,2,0,2,2
PUERTO SUAREZ,consulta externa,repetidas en menores de 5 anos,2007-11-01,37,39,37,39,76
PUERTO VILLARROEL,consulta externa,repetidas en menores de 5 anos,2007-11-01,85,79,85,79,164
PUNA,consulta externa,repetidas en menores de 5 anos,2007-11-01,42,55,42,55,97
PUNATA,consulta externa,repetidas en menores de 5 anos,2007-11-01,92,102,92,102,194
QUILLACOLLO,consulta externa,repetidas en menores de 5 anos,2007-11-01,690,531,690,531,1221
QUIRUSILLAS,consulta externa,repetidas en menores de 5 anos,2007-11-01,6,7,6,7,13
RAVELO,consulta externa,repetidas en menores de 5 anos,2007-11-01,4,5,4,5,9
REYES,consulta externa,repetidas en menores de 5 anos,2007-11-01,51,53,51,53,104
RIBERALTA,consulta externa,repetidas en menores de 5 anos,2007-11-01,245,317,245,317,562
ROBORE,consulta externa,repetidas en menores de 5 anos,2007-11-01,6,6,6,6,12
RURRENABAQUE,consulta externa,repetidas en menores de 5 anos,2007-11-01,29,25,29,25,54
SABAYA,consulta externa,repetidas en menores de 5 anos,2007-11-01,3,1,3,1,4
SACABA,consulta externa,repetidas en menores de 5 anos,2007-11-01,334,353,334,353,687
SACABAMBA,consulta externa,repetidas en menores de 5 anos,2007-11-01,16,13,16,13,29
SACACA,consulta externa,repetidas en menores de 5 anos,2007-11-01,5,5,5,5,10
SAIPINA,consulta externa,repetidas en menores de 5 anos,2007-11-01,37,16,37,16,53
SALINAS DE GARCI MENDOZA,consulta externa,repetidas en menores de 5 anos,2007-11-01,2,1,2,1,3
SAMAIPATA,consulta externa,repetidas en menores de 5 anos,2007-11-01,7,3,7,3,10
SAN AGUSTIN,consulta externa,repetidas en menores de 5 anos,2007-11-01,1,0,1,0,1
SAN ANDRES,consulta externa,repetidas en menores de 5 anos,2007-11-01,8,3,8,3,11
SAN ANTONIO DE ESMORUCO,consulta externa,repetidas en menores de 5 anos,2007-11-01,5,6,5,6,11
SAN ANTONIO DE LOMERIO,consulta externa,repetidas en menores de 5 anos,2007-11-01,6,10,6,10,16
SAN BENITO,consulta externa,repetidas en menores de 5 anos,2007-11-01,15,21,15,21,36
SAN BORJA,consulta externa,repetidas en menores de 5 anos,2007-11-01,45,30,45,30,75
SAN BUENA VENTURA,consulta externa,repetidas en menores de 5 anos,2007-11-01,35,33,35,33,68
SAN CARLOS,consulta externa,repetidas en menores de 5 anos,2007-11-01,15,22,15,22,37
SAN IGNACIO,consulta externa,repetidas en menores de 5 anos,2007-11-01,54,85,54,85,139
SAN IGNACIO DE VELASCO,consulta externa,repetidas en menores de 5 anos,2007-11-01,91,94,91,94,185
SAN JAVIER(BNI),consulta externa,repetidas en menores de 5 anos,2007-11-01,3,1,3,1,4
SAN JAVIER(STC),consulta externa,repetidas en menores de 5 anos,2007-11-01,2,1,2,1,3
SAN JOAQUIN,consulta externa,repetidas en menores de 5 anos,2007-11-01,4,3,4,3,7
SAN JOSE DE CHIQUITOS,consulta externa,repetidas en menores de 5 anos,2007-11-01,11,12,11,12,23
SAN JUAN DE YAPACANI,consulta externa,repetidas en menores de 5 anos,2007-11-01,30,29,30,29,59
SAN JULIAN,consulta externa,repetidas en menores de 5 anos,2007-11-01,73,49,73,49,122
SAN LORENZO(PND),consulta externa,repetidas en menores de 5 anos,2007-11-01,3,1,3,1,4
SAN LORENZO(TJA),consulta externa,repetidas en menores de 5 anos,2007-11-01,25,23,25,23,48
SAN LUCAS,consulta externa,repetidas en menores de 5 anos,2007-11-01,28,14,28,14,42
SAN MATIAS,consulta externa,repetidas en menores de 5 anos,2007-11-01,12,18,12,18,30
SAN MIGUEL DE VELASCO,consulta externa,repetidas en menores de 5 anos,2007-11-01,14,17,14,17,31
SAN PABLO DE LIPEZ,consulta externa,repetidas en menores de 5 anos,2007-11-01,5,1,5,1,6
SAN PEDRO,consulta externa,repetidas en menores de 5 anos,2007-11-01,66,54,66,54,120
SAN PEDRO DE BUENA VISTA,consulta externa,repetidas en menores de 5 anos,2007-11-01,1,0,1,0,1
SAN PEDRO DE TIQUINA,consulta externa,repetidas en menores de 5 anos,2007-11-01,4,3,4,3,7
SAN PEDRO(PND),consulta externa,repetidas en menores de 5 anos,2007-11-01,0,3,0,3,3
SAN RAFAEL,consulta externa,repetidas en menores de 5 anos,2007-11-01,3,5,3,5,8
SAN RAMON,consulta externa,repetidas en menores de 5 anos,2007-11-01,6,10,6,10,16
SAN RAMON,consulta externa,repetidas en menores de 5 anos,2007-11-01,18,6,18,6,24
SANTA ANA,consulta externa,repetidas en menores de 5 anos,2007-11-01,12,3,12,3,15
SANTA CRUZ DE LA SIERRA,consulta externa,repetidas en menores de 5 anos,2007-11-01,3034,3044,3034,3044,6078
SANTA ROSA,consulta externa,repetidas en menores de 5 anos,2007-11-01,1,4,1,4,5
SANTA ROSA DEL SARA,consulta externa,repetidas en menores de 5 anos,2007-11-01,4,7,4,7,11
SANTIAGO DE HUARI,consulta externa,repetidas en menores de 5 anos,2007-11-01,6,4,6,4,10
SANTIVAÑES,consulta externa,repetidas en menores de 5 anos,2007-11-01,3,3,3,3,6
SANTUARIO DE QUILLACAS,consulta externa,repetidas en menores de 5 anos,2007-11-01,0,1,0,1,1
SAPAHAQUI,consulta externa,repetidas en menores de 5 anos,2007-11-01,1,8,1,8,9
SENA,consulta externa,repetidas en menores de 5 anos,2007-11-01,54,46,54,46,100
SICA SICA (VILLA AROMA),consulta externa,repetidas en menores de 5 anos,2007-11-01,5,3,5,3,8
SICAYA,consulta externa,repetidas en menores de 5 anos,2007-11-01,2,1,2,1,3
SIPE SIPE,consulta externa,repetidas en menores de 5 anos,2007-11-01,92,106,92,106,198
SOPACHUY,consulta externa,repetidas en menores de 5 anos,2007-11-01,6,5,6,5,11
SORACACHI,consulta externa,repetidas en menores de 5 anos,2007-11-01,3,1,3,1,4
SORATA,consulta externa,repetidas en menores de 5 anos,2007-11-01,1,5,1,5,6
SUCRE,consulta externa,repetidas en menores de 5 anos,2007-11-01,833,958,833,958,1791
TACACHI,consulta externa,repetidas en menores de 5 anos,2007-11-01,1,6,1,6,7
TACACOMA,consulta externa,repetidas en menores de 5 anos,2007-11-01,1,0,1,0,1
TACOBAMBA,consulta externa,repetidas en menores de 5 anos,2007-11-01,1,0,1,0,1
TACOPAYA,consulta externa,repetidas en menores de 5 anos,2007-11-01,3,2,3,2,5
TAHUA,consulta externa,repetidas en menores de 5 anos,2007-11-01,0,1,0,1,1
TAPACARI,consulta externa,repetidas en menores de 5 anos,2007-11-01,57,46,57,46,103
TARABUCO,consulta externa,repetidas en menores de 5 anos,2007-11-01,169,161,169,161,330
TARACO,consulta externa,repetidas en menores de 5 anos,2007-11-01,1,1,1,1,2
TARATA,consulta externa,repetidas en menores de 5 anos,2007-11-01,1,1,1,1,2
TARIJA,consulta externa,repetidas en menores de 5 anos,2007-11-01,723,471,723,471,1194
TARVITA,consulta externa,repetidas en menores de 5 anos,2007-11-01,33,32,33,32,65
TEOPONTE,consulta externa,repetidas en menores de 5 anos,2007-11-01,4,1,4,1,5
TIAWANACU,consulta externa,repetidas en menores de 5 anos,2007-11-01,3,8,3,8,11
TINGUIPAYA,consulta externa,repetidas en menores de 5 anos,2007-11-01,1,2,1,2,3
TIPUANI,consulta externa,repetidas en menores de 5 anos,2007-11-01,2,3,2,3,5
TIQUIPAYA,consulta externa,repetidas en menores de 5 anos,2007-11-01,241,170,241,170,411
TIRAQUE (CBBA),consulta externa,repetidas en menores de 5 anos,2007-11-01,110,140,110,140,250
TITO YUPANQUI (PARQUIPUJIO),consulta externa,repetidas en menores de 5 anos,2007-11-01,0,3,0,3,3
TOCO,consulta externa,repetidas en menores de 5 anos,2007-11-01,5,2,5,2,7
TODOS SANTOS,consulta externa,repetidas en menores de 5 anos,2007-11-01,3,0,3,0,3
TOLATA,consulta externa,repetidas en menores de 5 anos,2007-11-01,3,3,3,3,6
TOLEDO,consulta externa,repetidas en menores de 5 anos,2007-11-01,4,2,4,2,6
TOMAVE,consulta externa,repetidas en menores de 5 anos,2007-11-01,8,1,8,1,9
TOMINA,consulta externa,repetidas en menores de 5 anos,2007-11-01,0,2,0,2,2
TORO TORO,consulta externa,repetidas en menores de 5 anos,2007-11-01,8,7,8,7,15
TOTORA(CBBA),consulta externa,repetidas en menores de 5 anos,2007-11-01,121,106,121,106,227
TOTORA(ORR),consulta externa,repetidas en menores de 5 anos,2007-11-01,0,2,0,2,2
TRIGAL,consulta externa,repetidas en menores de 5 anos,2007-11-01,6,1,6,1,7
TRINIDAD,consulta externa,repetidas en menores de 5 anos,2007-11-01,190,175,190,175,365
TUPIZA,consulta externa,repetidas en menores de 5 anos,2007-11-01,110,111,110,111,221
TURCO,consulta externa,repetidas en menores de 5 anos,2007-11-01,2,2,2,2,4
UNCIA,consulta externa,repetidas en menores de 5 anos,2007-11-01,25,34,25,34,59
URIONDO (A. CONCEPCION),consulta externa,repetidas en menores de 5 anos,2007-11-01,21,30,21,30,51
URUBICHA,consulta externa,repetidas en menores de 5 anos,2007-11-01,10,5,10,5,15
UYUNI,consulta externa,repetidas en menores de 5 anos,2007-11-01,19,13,19,13,32
VACAS,consulta externa,repetidas en menores de 5 anos,2007-11-01,15,17,15,17,32
VALLEGRANDE,consulta externa,repetidas en menores de 5 anos,2007-11-01,33,31,33,31,64
VIACHA,consulta externa,repetidas en menores de 5 anos,2007-11-01,84,94,84,94,178
VILA VILA,consulta externa,repetidas en menores de 5 anos,2007-11-01,1,3,1,3,4
VILLA MONTES,consulta externa,repetidas en menores de 5 anos,2007-11-01,11,9,11,9,20
VILLA NUEVA (LOMA ALTA),consulta externa,repetidas en menores de 5 anos,2007-11-01,6,3,6,3,9
VILLA RIVERO,consulta externa,repetidas en menores de 5 anos,2007-11-01,9,3,9,3,12
VILLA SERRANO,consulta externa,repetidas en menores de 5 anos,2007-11-01,2,4,2,4,6
VILLA TUNARI,consulta externa,repetidas en menores de 5 anos,2007-11-01,86,79,86,79,165
VILLA VACA GUZMAN (MUYUPAMPA),consulta externa,repetidas en menores de 5 anos,2007-11-01,12,10,12,10,22
VILLAZON,consulta externa,repetidas en menores de 5 anos,2007-11-01,42,42,42,42,84
VINTO,consulta externa,repetidas en menores de 5 anos,2007-11-01,92,90,92,90,182
VITICHI,consulta externa,repetidas en menores de 5 anos,2007-11-01,4,2,4,2,6
WALDO BALLIVIAN,consulta externa,repetidas en menores de 5 anos,2007-11-01,1,1,1,1,2
WARNES,consulta externa,repetidas en menores de 5 anos,2007-11-01,34,31,34,31,65
YACO,consulta externa,repetidas en menores de 5 anos,2007-11-01,5,3,5,3,8
YACUIBA,consulta externa,repetidas en menores de 5 anos,2007-11-01,112,111,112,111,223
YAMPARAEZ,consulta externa,repetidas en menores de 5 anos,2007-11-01,5,16,5,16,21
YANACACHI,consulta externa,repetidas en menores de 5 anos,2007-11-01,3,1,3,1,4
YAPACANI,consulta externa,repetidas en menores de 5 anos,2007-11-01,5,9,5,9,14
YOCALLA,consulta externa,repetidas en menores de 5 anos,2007-11-01,0,1,0,1,1
YOTALA,consulta externa,repetidas en menores de 5 anos,2007-11-01,23,14,23,14,37
YUNCHARA,consulta externa,repetidas en menores de 5 anos,2007-11-01,11,7,11,7,18
ZUDAÑEZ,consulta externa,repetidas en menores de 5 anos,2007-11-01,2,4,2,4,6
ACACIO,consulta externa,repetidas en menores de 5 anos,2007-12-01,1,1,1,1,2
ACHACACHI,consulta externa,repetidas en menores de 5 anos,2007-12-01,4,8,4,8,12
ACHOCALLA,consulta externa,repetidas en menores de 5 anos,2007-12-01,3,5,3,5,8
AIQUILE,consulta externa,repetidas en menores de 5 anos,2007-12-01,20,16,20,16,36
ALCALA,consulta externa,repetidas en menores de 5 anos,2007-12-01,2,1,2,1,3
ANCORAIMES,consulta externa,repetidas en menores de 5 anos,2007-12-01,4,3,4,3,7
ANDAMARCA,consulta externa,repetidas en menores de 5 anos,2007-12-01,4,2,4,2,6
ANTEQUERA,consulta externa,repetidas en menores de 5 anos,2007-12-01,4,5,4,5,9
ANZALDO,consulta externa,repetidas en menores de 5 anos,2007-12-01,3,4,3,4,7
APOLO,consulta externa,repetidas en menores de 5 anos,2007-12-01,4,10,4,10,14
ARANI,consulta externa,repetidas en menores de 5 anos,2007-12-01,0,3,0,3,3
ARBIETO,consulta externa,repetidas en menores de 5 anos,2007-12-01,2,1,2,1,3
ARQUE,consulta externa,repetidas en menores de 5 anos,2007-12-01,0,1,0,1,1
ASCENCION DE GUARAYOS,consulta externa,repetidas en menores de 5 anos,2007-12-01,130,101,130,101,231
ATOCHA,consulta externa,repetidas en menores de 5 anos,2007-12-01,34,45,34,45,79
AUCAPATA,consulta externa,repetidas en menores de 5 anos,2007-12-01,9,5,9,5,14
AYATA,consulta externa,repetidas en menores de 5 anos,2007-12-01,3,3,3,3,6
AYO AYO,consulta externa,repetidas en menores de 5 anos,2007-12-01,3,5,3,5,8
AYOPAYA (V. DE INDEPENDENCIA),consulta externa,repetidas en menores de 5 anos,2007-12-01,2,3,2,3,5
AZURDUY,consulta externa,repetidas en menores de 5 anos,2007-12-01,3,2,3,2,5
BATALLAS,consulta externa,repetidas en menores de 5 anos,2007-12-01,3,1,3,1,4
BAURES,consulta externa,repetidas en menores de 5 anos,2007-12-01,1,1,1,1,2
BELEN DE URMIRI,consulta externa,repetidas en menores de 5 anos,2007-12-01,2,0,2,0,2
BERMEJO,consulta externa,repetidas en menores de 5 anos,2007-12-01,29,32,29,32,61
BETANZOS,consulta externa,repetidas en menores de 5 anos,2007-12-01,18,8,18,8,26
BOLIVAR,consulta externa,repetidas en menores de 5 anos,2007-12-01,1,0,1,0,1
BOYUIBE,consulta externa,repetidas en menores de 5 anos,2007-12-01,8,7,8,7,15
BUENA VISTA,consulta externa,repetidas en menores de 5 anos,2007-12-01,32,49,32,49,81
CABEZAS,consulta externa,repetidas en menores de 5 anos,2007-12-01,10,9,10,9,19
CAIROMA,consulta externa,repetidas en menores de 5 anos,2007-12-01,0,4,0,4,4
"CAIZA ""D""",consulta externa,repetidas en menores de 5 anos,2007-12-01,2,3,2,3,5
CAJUATA,consulta externa,repetidas en menores de 5 anos,2007-12-01,8,3,8,3,11
CALACOTO,consulta externa,repetidas en menores de 5 anos,2007-12-01,1,6,1,6,7
CALAMARCA,consulta externa,repetidas en menores de 5 anos,2007-12-01,3,8,3,8,11
CAMARGO,consulta externa,repetidas en menores de 5 anos,2007-12-01,4,4,4,4,8
CAMATAQUI (C. VILLA ABECIA),consulta externa,repetidas en menores de 5 anos,2007-12-01,0,1,0,1,1
CAMIRI,consulta externa,repetidas en menores de 5 anos,2007-12-01,58,49,58,49,107
CAPINOTA,consulta externa,repetidas en menores de 5 anos,2007-12-01,53,50,53,50,103
CARACOLLO,consulta externa,repetidas en menores de 5 anos,2007-12-01,5,2,5,2,7
CARANAVI,consulta externa,repetidas en menores de 5 anos,2007-12-01,10,3,10,3,13
CARAPARI,consulta externa,repetidas en menores de 5 anos,2007-12-01,3,5,3,5,8
CARIPUYO,consulta externa,repetidas en menores de 5 anos,2007-12-01,1,1,1,1,2
CARMEN RIVERO TORREZ,consulta externa,repetidas en menores de 5 anos,2007-12-01,4,0,4,0,4
CATACORA,consulta externa,repetidas en menores de 5 anos,2007-12-01,1,1,1,1,2
CHACARILLA,consulta externa,repetidas en menores de 5 anos,2007-12-01,1,0,1,0,1
CHALLAPATA,consulta externa,repetidas en menores de 5 anos,2007-12-01,43,50,43,50,93
CHARAGUA,consulta externa,repetidas en menores de 5 anos,2007-12-01,36,44,36,44,80
CHAYANTA,consulta externa,repetidas en menores de 5 anos,2007-12-01,3,1,3,1,4
CHIMORE,consulta externa,repetidas en menores de 5 anos,2007-12-01,12,13,12,13,25
CHOQUE COTA,consulta externa,repetidas en menores de 5 anos,2007-12-01,1,0,1,0,1
CHULUMANI (V. DE LA LIBERTAD),consulta externa,repetidas en menores de 5 anos,2007-12-01,20,20,20,20,40
CHUMA,consulta externa,repetidas en menores de 5 anos,2007-12-01,2,1,2,1,3
CLIZA,consulta externa,repetidas en menores de 5 anos,2007-12-01,41,30,41,30,71
COBIJA,consulta externa,repetidas en menores de 5 anos,2007-12-01,244,237,244,237,481
COCHABAMBA,consulta externa,repetidas en menores de 5 anos,2007-12-01,2896,2907,2896,2907,5803
COIPASA,consulta externa,repetidas en menores de 5 anos,2007-12-01,0,1,0,1,1
COLCAPIRHUA,consulta externa,repetidas en menores de 5 anos,2007-12-01,88,91,88,91,179
"COLCHA ""K""",consulta externa,repetidas en menores de 5 anos,2007-12-01,4,0,4,0,4
COLLANA,consulta externa,repetidas en menores de 5 anos,2007-12-01,3,0,3,0,3
COLOMI,consulta externa,repetidas en menores de 5 anos,2007-12-01,15,13,15,13,28
COLPA BELGICA,consulta externa,repetidas en menores de 5 anos,2007-12-01,43,47,43,47,90
COLQUECHACA,consulta externa,repetidas en menores de 5 anos,2007-12-01,7,1,7,1,8
COLQUENCHA,consulta externa,repetidas en menores de 5 anos,2007-12-01,3,2,3,2,5
COLQUIRI,consulta externa,repetidas en menores de 5 anos,2007-12-01,30,22,30,22,52
COMANCHE,consulta externa,repetidas en menores de 5 anos,2007-12-01,1,1,1,1,2
COMARAPA,consulta externa,repetidas en menores de 5 anos,2007-12-01,24,17,24,17,41
CONCEPCION,consulta externa,repetidas en menores de 5 anos,2007-12-01,1,3,1,3,4
COPACABANA,consulta externa,repetidas en menores de 5 anos,2007-12-01,1,0,1,0,1
CORIPATA,consulta externa,repetidas en menores de 5 anos,2007-12-01,6,8,6,8,14
CORO CORO,consulta externa,repetidas en menores de 5 anos,2007-12-01,5,3,5,3,8
COROICO,consulta externa,repetidas en menores de 5 anos,2007-12-01,15,15,15,15,30
CORQUE,consulta externa,repetidas en menores de 5 anos,2007-12-01,5,7,5,7,12
COTAGAITA,consulta externa,repetidas en menores de 5 anos,2007-12-01,24,24,24,24,48
COTOCA,consulta externa,repetidas en menores de 5 anos,2007-12-01,43,41,43,41,84
CUATRO CAÑADAS,consulta externa,repetidas en menores de 5 anos,2007-12-01,70,47,70,47,117
CUCHUMUELA (V. G. VILLARROEL),consulta externa,repetidas en menores de 5 anos,2007-12-01,8,4,8,4,12
CUEVO,consulta externa,repetidas en menores de 5 anos,2007-12-01,4,5,4,5,9
CULPINA,consulta externa,repetidas en menores de 5 anos,2007-12-01,6,7,6,7,13
CURAHUARA DE CARANGAS,consulta externa,repetidas en menores de 5 anos,2007-12-01,0,3,0,3,3
CURVA,consulta externa,repetidas en menores de 5 anos,2007-12-01,0,2,0,2,2
DESAGUADERO,consulta externa,repetidas en menores de 5 anos,2007-12-01,0,1,0,1,1
EL ALTO,consulta externa,repetidas en menores de 5 anos,2007-12-01,2231,2116,2231,2116,4347
EL CHORO,consulta externa,repetidas en menores de 5 anos,2007-12-01,1,0,1,0,1
EL PUENTE(STC),consulta externa,repetidas en menores de 5 anos,2007-12-01,14,12,14,12,26
EL PUENTE(TJA),consulta externa,repetidas en menores de 5 anos,2007-12-01,10,2,10,2,12
EL TORNO,consulta externa,repetidas en menores de 5 anos,2007-12-01,19,26,19,26,45
ENTRE RIOS,consulta externa,repetidas en menores de 5 anos,2007-12-01,6,2,6,2,8
ENTRE RIOS,consulta externa,repetidas en menores de 5 anos,2007-12-01,24,24,24,24,48
EUCALIPTUS,consulta externa,repetidas en menores de 5 anos,2007-12-01,7,9,7,9,16
EXALTACION,consulta externa,repetidas en menores de 5 anos,2007-12-01,8,9,8,9,17
FERNANDEZ ALONSO,consulta externa,repetidas en menores de 5 anos,2007-12-01,22,19,22,19,41
FILADELFIA,consulta externa,repetidas en menores de 5 anos,2007-12-01,4,1,4,1,5
GENERAL SAAVEDRA,consulta externa,repetidas en menores de 5 anos,2007-12-01,22,16,22,16,38
GRAL. J.J. PEREZ (CHARAZANI),consulta externa,repetidas en menores de 5 anos,2007-12-01,1,0,1,0,1
GUANAY,consulta externa,repetidas en menores de 5 anos,2007-12-01,22,20,22,20,42
GUAQUI,consulta externa,repetidas en menores de 5 anos,2007-12-01,6,4,6,4,10
GUAYARAMERIN,consulta externa,repetidas en menores de 5 anos,2007-12-01,180,253,180,253,433
GUTIERREZ,consulta externa,repetidas en menores de 5 anos,2007-12-01,17,41,17,41,58
HUACARETA,consulta externa,repetidas en menores de 5 anos,2007-12-01,15,14,15,14,29
HUANUNI,consulta externa,repetidas en menores de 5 anos,2007-12-01,119,122,119,122,241
HUARACAJE,consulta externa,repetidas en menores de 5 anos,2007-12-01,1,3,1,3,4
HUAYLLAMARCA,consulta externa,repetidas en menores de 5 anos,2007-12-01,1,0,1,0,1
ICHOCA,consulta externa,repetidas en menores de 5 anos,2007-12-01,0,3,0,3,3
ICLA,consulta externa,repetidas en menores de 5 anos,2007-12-01,1,0,1,0,1
INCAHUASI,consulta externa,repetidas en menores de 5 anos,2007-12-01,14,21,14,21,35
INGAVI (HUMAITA),consulta externa,repetidas en menores de 5 anos,2007-12-01,12,9,12,9,21
INQUISIVI,consulta externa,repetidas en menores de 5 anos,2007-12-01,0,2,0,2,2
IRUPANA (VILLA DE LANZA),consulta externa,repetidas en menores de 5 anos,2007-12-01,4,4,4,4,8
IXIAMAS,consulta externa,repetidas en menores de 5 anos,2007-12-01,3,3,3,3,6
JESUS DE MACHACA,consulta externa,repetidas en menores de 5 anos,2007-12-01,2,10,2,10,12
LA ASUNTA,consulta externa,repetidas en menores de 5 anos,2007-12-01,5,7,5,7,12
LA GUARDIA,consulta externa,repetidas en menores de 5 anos,2007-12-01,162,131,162,131,293
LA PAZ,consulta externa,repetidas en menores de 5 anos,2007-12-01,3075,3053,3075,3053,6128
LAGUNILLAS,consulta externa,repetidas en menores de 5 anos,2007-12-01,7,3,7,3,10
LAJA,consulta externa,repetidas en menores de 5 anos,2007-12-01,4,5,4,5,9
LAS CARRERAS,consulta externa,repetidas en menores de 5 anos,2007-12-01,1,1,1,1,2
LICOMA PAMPA,consulta externa,repetidas en menores de 5 anos,2007-12-01,1,1,1,1,2
LLALLAGUA,consulta externa,repetidas en menores de 5 anos,2007-12-01,9,7,9,7,16
LLICA,consulta externa,repetidas en menores de 5 anos,2007-12-01,2,0,2,0,2
LORETO,consulta externa,repetidas en menores de 5 anos,2007-12-01,15,18,15,18,33
LURIBAY,consulta externa,repetidas en menores de 5 anos,2007-12-01,4,1,4,1,5
MACHACAMARCA,consulta externa,repetidas en menores de 5 anos,2007-12-01,14,9,14,9,23
MACHARETI,consulta externa,repetidas en menores de 5 anos,2007-12-01,5,10,5,10,15
MAGDALENA,consulta externa,repetidas en menores de 5 anos,2007-12-01,24,24,24,24,48
MAIRANA,consulta externa,repetidas en menores de 5 anos,2007-12-01,6,3,6,3,9
MAPIRI,consulta externa,repetidas en menores de 5 anos,2007-12-01,22,19,22,19,41
MECAPACA,consulta externa,repetidas en menores de 5 anos,2007-12-01,11,5,11,5,16
MINEROS,consulta externa,repetidas en menores de 5 anos,2007-12-01,2,0,2,0,2
MIZQUE,consulta externa,repetidas en menores de 5 anos,2007-12-01,17,17,17,17,34
MOCOMOCO,consulta externa,repetidas en menores de 5 anos,2007-12-01,5,12,5,12,17
MOJINETE,consulta externa,repetidas en menores de 5 anos,2007-12-01,2,1,2,1,3
MOJOCOYA,consulta externa,repetidas en menores de 5 anos,2007-12-01,4,3,4,3,7
MONTEAGUDO,consulta externa,repetidas en menores de 5 anos,2007-12-01,36,25,36,25,61
MONTERO,consulta externa,repetidas en menores de 5 anos,2007-12-01,405,397,405,397,802
MORO MORO,consulta externa,repetidas en menores de 5 anos,2007-12-01,2,0,2,0,2
MOROCHATA,consulta externa,repetidas en menores de 5 anos,2007-12-01,114,143,114,143,257
NACEBE (SANTA ROSA DEL ABUNA),consulta externa,repetidas en menores de 5 anos,2007-12-01,9,9,9,9,18
NAZACARA DE PACAJES,consulta externa,repetidas en menores de 5 anos,2007-12-01,0,1,0,1,1
NUEVO MANOA (NUEVA ESPERANZA),consulta externa,repetidas en menores de 5 anos,2007-12-01,4,5,4,5,9
OCURI,consulta externa,repetidas en menores de 5 anos,2007-12-01,5,1,5,1,6
OKINAWA,consulta externa,repetidas en menores de 5 anos,2007-12-01,5,3,5,3,8
OMEREQUE,consulta externa,repetidas en menores de 5 anos,2007-12-01,5,3,5,3,8
ORURO,consulta externa,repetidas en menores de 5 anos,2007-12-01,802,652,802,652,1454
PADCAYA,consulta externa,repetidas en menores de 5 anos,2007-12-01,6,10,6,10,16
PADILLA,consulta externa,repetidas en menores de 5 anos,2007-12-01,3,2,3,2,5
PAILON,consulta externa,repetidas en menores de 5 anos,2007-12-01,28,14,28,14,42
PALCA,consulta externa,repetidas en menores de 5 anos,2007-12-01,1,0,1,0,1
PALOS BLANCOS,consulta externa,repetidas en menores de 5 anos,2007-12-01,13,9,13,9,22
PAMPA AULLAGAS,consulta externa,repetidas en menores de 5 anos,2007-12-01,3,1,3,1,4
PAMPA GRANDE,consulta externa,repetidas en menores de 5 anos,2007-12-01,1,0,1,0,1
PASORAPA,consulta externa,repetidas en menores de 5 anos,2007-12-01,3,1,3,1,4
PATACAMAYA,consulta externa,repetidas en menores de 5 anos,2007-12-01,7,3,7,3,10
PAZÑA,consulta externa,repetidas en menores de 5 anos,2007-12-01,6,3,6,3,9
PELECHUCO,consulta externa,repetidas en menores de 5 anos,2007-12-01,0,2,0,2,2
POCOATA,consulta externa,repetidas en menores de 5 anos,2007-12-01,0,2,0,2,2
POCONA,consulta externa,repetidas en menores de 5 anos,2007-12-01,8,8,8,8,16
POJO (CBBA),consulta externa,repetidas en menores de 5 anos,2007-12-01,3,9,3,9,12
POOPO,consulta externa,repetidas en menores de 5 anos,2007-12-01,0,1,0,1,1
PORCO,consulta externa,repetidas en menores de 5 anos,2007-12-01,4,3,4,3,7
POROMA,consulta externa,repetidas en menores de 5 anos,2007-12-01,2,0,2,0,2
PORONGO,consulta externa,repetidas en menores de 5 anos,2007-12-01,15,8,15,8,23
PORTACHUELO,consulta externa,repetidas en menores de 5 anos,2007-12-01,27,41,27,41,68
PORVENIR,consulta externa,repetidas en menores de 5 anos,2007-12-01,4,0,4,0,4
POSTRER VALLE,consulta externa,repetidas en menores de 5 anos,2007-12-01,1,0,1,0,1
POTOSI,consulta externa,repetidas en menores de 5 anos,2007-12-01,377,369,377,369,746
PRESTO,consulta externa,repetidas en menores de 5 anos,2007-12-01,1,1,1,1,2
PUCARA,consulta externa,repetidas en menores de 5 anos,2007-12-01,2,3,2,3,5
PUCARANI,consulta externa,repetidas en menores de 5 anos,2007-12-01,4,3,4,3,7
PUERTO ACOSTA,consulta externa,repetidas en menores de 5 anos,2007-12-01,1,0,1,0,1
PUERTO CARABUCO,consulta externa,repetidas en menores de 5 anos,2007-12-01,6,3,6,3,9
PUERTO GONZALO MORENO,consulta externa,repetidas en menores de 5 anos,2007-12-01,1,2,1,2,3
PUERTO PEREZ,consulta externa,repetidas en menores de 5 anos,2007-12-01,1,1,1,1,2
PUERTO QUIJARRO,consulta externa,repetidas en menores de 5 anos,2007-12-01,24,14,24,14,38
PUERTO RICO,consulta externa,repetidas en menores de 5 anos,2007-12-01,20,6,20,6,26
PUERTO SILES,consulta externa,repetidas en menores de 5 anos,2007-12-01,0,1,0,1,1
PUERTO SUAREZ,consulta externa,repetidas en menores de 5 anos,2007-12-01,35,42,35,42,77
PUERTO VILLARROEL,consulta externa,repetidas en menores de 5 anos,2007-12-01,112,112,112,112,224
PUNA,consulta externa,repetidas en menores de 5 anos,2007-12-01,15,10,15,10,25
PUNATA,consulta externa,repetidas en menores de 5 anos,2007-12-01,90,81,90,81,171
QUILLACOLLO,consulta externa,repetidas en menores de 5 anos,2007-12-01,572,452,572,452,1024
QUIRUSILLAS,consulta externa,repetidas en menores de 5 anos,2007-12-01,1,4,1,4,5
RAVELO,consulta externa,repetidas en menores de 5 anos,2007-12-01,8,2,8,2,10
REYES,consulta externa,repetidas en menores de 5 anos,2007-12-01,13,17,13,17,30
RIBERALTA,consulta externa,repetidas en menores de 5 anos,2007-12-01,241,269,241,269,510
ROBORE,consulta externa,repetidas en menores de 5 anos,2007-12-01,3,6,3,6,9
RURRENABAQUE,consulta externa,repetidas en menores de 5 anos,2007-12-01,32,27,32,27,59
SABAYA,consulta externa,repetidas en menores de 5 anos,2007-12-01,1,0,1,0,1
SACABA,consulta externa,repetidas en menores de 5 anos,2007-12-01,242,237,242,237,479
SACABAMBA,consulta externa,repetidas en menores de 5 anos,2007-12-01,11,12,11,12,23
SACACA,consulta externa,repetidas en menores de 5 anos,2007-12-01,4,5,4,5,9
SAIPINA,consulta externa,repetidas en menores de 5 anos,2007-12-01,15,12,15,12,27
SALINAS DE GARCI MENDOZA,consulta externa,repetidas en menores de 5 anos,2007-12-01,1,3,1,3,4
SAMAIPATA,consulta externa,repetidas en menores de 5 anos,2007-12-01,2,0,2,0,2
SAN AGUSTIN,consulta externa,repetidas en menores de 5 anos,2007-12-01,1,2,1,2,3
SAN ANDRES,consulta externa,repetidas en menores de 5 anos,2007-12-01,6,1,6,1,7
SAN ANDRES DE MACHACA,consulta externa,repetidas en menores de 5 anos,2007-12-01,1,0,1,0,1
SAN ANTONIO DE ESMORUCO,consulta externa,repetidas en menores de 5 anos,2007-12-01,1,3,1,3,4
SAN ANTONIO DE LOMERIO,consulta externa,repetidas en menores de 5 anos,2007-12-01,4,6,4,6,10
SAN BENITO,consulta externa,repetidas en menores de 5 anos,2007-12-01,12,7,12,7,19
SAN BORJA,consulta externa,repetidas en menores de 5 anos,2007-12-01,122,85,122,85,207
SAN BUENA VENTURA,consulta externa,repetidas en menores de 5 anos,2007-12-01,25,30,25,30,55
SAN CARLOS,consulta externa,repetidas en menores de 5 anos,2007-12-01,16,13,16,13,29
SAN IGNACIO,consulta externa,repetidas en menores de 5 anos,2007-12-01,34,37,34,37,71
SAN IGNACIO DE VELASCO,consulta externa,repetidas en menores de 5 anos,2007-12-01,42,55,42,55,97
SAN JAVIER(BNI),consulta externa,repetidas en menores de 5 anos,2007-12-01,4,1,4,1,5
SAN JAVIER(STC),consulta externa,repetidas en menores de 5 anos,2007-12-01,10,5,10,5,15
SAN JOAQUIN,consulta externa,repetidas en menores de 5 anos,2007-12-01,3,4,3,4,7
SAN JOSE DE CHIQUITOS,consulta externa,repetidas en menores de 5 anos,2007-12-01,6,7,6,7,13
SAN JUAN DE YAPACANI,consulta externa,repetidas en menores de 5 anos,2007-12-01,14,18,14,18,32
SAN JULIAN,consulta externa,repetidas en menores de 5 anos,2007-12-01,90,91,90,91,181
SAN LORENZO(PND),consulta externa,repetidas en menores de 5 anos,2007-12-01,0,3,0,3,3
SAN LORENZO(TJA),consulta externa,repetidas en menores de 5 anos,2007-12-01,21,9,21,9,30
SAN LUCAS,consulta externa,repetidas en menores de 5 anos,2007-12-01,11,10,11,10,21
SAN MATIAS,consulta externa,repetidas en menores de 5 anos,2007-12-01,26,26,26,26,52
SAN MIGUEL DE VELASCO,consulta externa,repetidas en menores de 5 anos,2007-12-01,4,12,4,12,16
SAN PABLO DE LIPEZ,consulta externa,repetidas en menores de 5 anos,2007-12-01,7,0,7,0,7
SAN PEDRO,consulta externa,repetidas en menores de 5 anos,2007-12-01,29,34,29,34,63
SAN PEDRO DE BUENA VISTA,consulta externa,repetidas en menores de 5 anos,2007-12-01,1,1,1,1,2
SAN PEDRO DE CURAHUARA,consulta externa,repetidas en menores de 5 anos,2007-12-01,1,0,1,0,1
SAN PEDRO DE TIQUINA,consulta externa,repetidas en menores de 5 anos,2007-12-01,3,2,3,2,5
SAN RAFAEL,consulta externa,repetidas en menores de 5 anos,2007-12-01,4,2,4,2,6
SAN RAMON,consulta externa,repetidas en menores de 5 anos,2007-12-01,0,3,0,3,3
SAN RAMON,consulta externa,repetidas en menores de 5 anos,2007-12-01,5,6,5,6,11
SANTA ANA,consulta externa,repetidas en menores de 5 anos,2007-12-01,4,2,4,2,6
SANTA CRUZ DE LA SIERRA,consulta externa,repetidas en menores de 5 anos,2007-12-01,3584,3338,3584,3338,6922
SANTA ROSA,consulta externa,repetidas en menores de 5 anos,2007-12-01,4,4,4,4,8
SANTA ROSA DEL SARA,consulta externa,repetidas en menores de 5 anos,2007-12-01,5,9,5,9,14
SANTIAGO DE CALLAPA,consulta externa,repetidas en menores de 5 anos,2007-12-01,1,0,1,0,1
SANTIAGO DE HUARI,consulta externa,repetidas en menores de 5 anos,2007-12-01,6,2,6,2,8
SANTIVAÑES,consulta externa,repetidas en menores de 5 anos,2007-12-01,3,1,3,1,4
SAPAHAQUI,consulta externa,repetidas en menores de 5 anos,2007-12-01,5,0,5,0,5
SICA SICA (VILLA AROMA),consulta externa,repetidas en menores de 5 anos,2007-12-01,0,2,0,2,2
SICAYA,consulta externa,repetidas en menores de 5 anos,2007-12-01,1,0,1,0,1
SIPE SIPE,consulta externa,repetidas en menores de 5 anos,2007-12-01,88,82,88,82,170
SOPACHUY,consulta externa,repetidas en menores de 5 anos,2007-12-01,3,3,3,3,6
SORACACHI,consulta externa,repetidas en menores de 5 anos,2007-12-01,1,3,1,3,4
SORATA,consulta externa,repetidas en menores de 5 anos,2007-12-01,4,2,4,2,6
SUCRE,consulta externa,repetidas en menores de 5 anos,2007-12-01,674,691,674,691,1365
TACACHI,consulta externa,repetidas en menores de 5 anos,2007-12-01,5,0,5,0,5
TACOBAMBA,consulta externa,repetidas en menores de 5 anos,2007-12-01,0,1,0,1,1
TAHUA,consulta externa,repetidas en menores de 5 anos,2007-12-01,1,1,1,1,2
TAPACARI,consulta externa,repetidas en menores de 5 anos,2007-12-01,28,22,28,22,50
TARABUCO,consulta externa,repetidas en menores de 5 anos,2007-12-01,135,140,135,140,275
TARACO,consulta externa,repetidas en menores de 5 anos,2007-12-01,0,1,0,1,1
TARATA,consulta externa,repetidas en menores de 5 anos,2007-12-01,4,2,4,2,6
TARIJA,consulta externa,repetidas en menores de 5 anos,2007-12-01,506,494,506,494,1000
TARVITA,consulta externa,repetidas en menores de 5 anos,2007-12-01,11,19,11,19,30
TEOPONTE,consulta externa,repetidas en menores de 5 anos,2007-12-01,6,6,6,6,12
TIAWANACU,consulta externa,repetidas en menores de 5 anos,2007-12-01,2,9,2,9,11
TINGUIPAYA,consulta externa,repetidas en menores de 5 anos,2007-12-01,2,1,2,1,3
TIPUANI,consulta externa,repetidas en menores de 5 anos,2007-12-01,3,0,3,0,3
TIQUIPAYA,consulta externa,repetidas en menores de 5 anos,2007-12-01,289,226,289,226,515
TIRAQUE (CBBA),consulta externa,repetidas en menores de 5 anos,2007-12-01,46,69,46,69,115
TITO YUPANQUI (PARQUIPUJIO),consulta externa,repetidas en menores de 5 anos,2007-12-01,3,2,3,2,5
TOCO,consulta externa,repetidas en menores de 5 anos,2007-12-01,2,1,2,1,3
TODOS SANTOS,consulta externa,repetidas en menores de 5 anos,2007-12-01,1,1,1,1,2
TOLATA,consulta externa,repetidas en menores de 5 anos,2007-12-01,2,3,2,3,5
TOLEDO,consulta externa,repetidas en menores de 5 anos,2007-12-01,2,2,2,2,4
TOMAVE,consulta externa,repetidas en menores de 5 anos,2007-12-01,3,5,3,5,8
TOMINA,consulta externa,repetidas en menores de 5 anos,2007-12-01,3,5,3,5,8
TORO TORO,consulta externa,repetidas en menores de 5 anos,2007-12-01,4,0,4,0,4
TOTORA(CBBA),consulta externa,repetidas en menores de 5 anos,2007-12-01,96,102,96,102,198
TOTORA(ORR),consulta externa,repetidas en menores de 5 anos,2007-12-01,1,1,1,1,2
TRIGAL,consulta externa,repetidas en menores de 5 anos,2007-12-01,3,3,3,3,6
TRINIDAD,consulta externa,repetidas en menores de 5 anos,2007-12-01,208,144,208,144,352
TUPIZA,consulta externa,repetidas en menores de 5 anos,2007-12-01,70,72,70,72,142
URIONDO (A. CONCEPCION),consulta externa,repetidas en menores de 5 anos,2007-12-01,16,11,16,11,27
URUBICHA,consulta externa,repetidas en menores de 5 anos,2007-12-01,11,6,11,6,17
UYUNI,consulta externa,repetidas en menores de 5 anos,2007-12-01,3,3,3,3,6
VACAS,consulta externa,repetidas en menores de 5 anos,2007-12-01,15,14,15,14,29
VALLEGRANDE,consulta externa,repetidas en menores de 5 anos,2007-12-01,26,12,26,12,38
VIACHA,consulta externa,repetidas en menores de 5 anos,2007-12-01,128,100,128,100,228
VILA VILA,consulta externa,repetidas en menores de 5 anos,2007-12-01,1,1,1,1,2
VILLA MONTES,consulta externa,repetidas en menores de 5 anos,2007-12-01,10,7,10,7,17
VILLA NUEVA (LOMA ALTA),consulta externa,repetidas en menores de 5 anos,2007-12-01,2,3,2,3,5
VILLA RIVERO,consulta externa,repetidas en menores de 5 anos,2007-12-01,7,3,7,3,10
VILLA SERRANO,consulta externa,repetidas en menores de 5 anos,2007-12-01,1,0,1,0,1
VILLA TUNARI,consulta externa,repetidas en menores de 5 anos,2007-12-01,72,68,72,68,140
VILLA VACA GUZMAN (MUYUPAMPA),consulta externa,repetidas en menores de 5 anos,2007-12-01,2,1,2,1,3
VILLAZON,consulta externa,repetidas en menores de 5 anos,2007-12-01,44,24,44,24,68
VINTO,consulta externa,repetidas en menores de 5 anos,2007-12-01,46,34,46,34,80
VITICHI,consulta externa,repetidas en menores de 5 anos,2007-12-01,2,1,2,1,3
WALDO BALLIVIAN,consulta externa,repetidas en menores de 5 anos,2007-12-01,1,2,1,2,3
WARNES,consulta externa,repetidas en menores de 5 anos,2007-12-01,54,49,54,49,103
YACO,consulta externa,repetidas en menores de 5 anos,2007-12-01,2,1,2,1,3
YACUIBA,consulta externa,repetidas en menores de 5 anos,2007-12-01,154,142,154,142,296
YAMPARAEZ,consulta externa,repetidas en menores de 5 anos,2007-12-01,14,12,14,12,26
YANACACHI,consulta externa,repetidas en menores de 5 anos,2007-12-01,3,1,3,1,4
YAPACANI,consulta externa,repetidas en menores de 5 anos,2007-12-01,16,8,16,8,24
YOCALLA,consulta externa,repetidas en menores de 5 anos,2007-12-01,1,0,1,0,1
YOTALA,consulta externa,repetidas en menores de 5 anos,2007-12-01,17,9,17,9,26
YUNCHARA,consulta externa,repetidas en menores de 5 anos,2007-12-01,12,5,12,5,17
ZUDAÑEZ,consulta externa,repetidas en menores de 5 anos,2007-12-01,3,2,3,2,5
