municipality,group,variable,month,Repetidas en personas de 5 a 14 años -Hombre,Repetidas en personas de 5 a 14 años -Mujer,TOTAL-H,TOTAL-M,TOTAL
ACACIO,consulta externa,repetidas en personas de 5 a 14 anos,2007-01-01,11,5,11,5,16
ACHACACHI,consulta externa,repetidas en personas de 5 a 14 anos,2007-01-01,6,9,6,9,15
ACHOCALLA,consulta externa,repetidas en personas de 5 a 14 anos,2007-01-01,1,1,1,1,2
AIQUILE,consulta externa,repetidas en personas de 5 a 14 anos,2007-01-01,4,14,4,14,18
ANCORAIMES,consulta externa,repetidas en personas de 5 a 14 anos,2007-01-01,1,0,1,0,1
ANDAMARCA,consulta externa,repetidas en personas de 5 a 14 anos,2007-01-01,1,0,1,0,1
ANTEQUERA,consulta externa,repetidas en personas de 5 a 14 anos,2007-01-01,0,17,0,17,17
ANZALDO,consulta externa,repetidas en personas de 5 a 14 anos,2007-01-01,1,1,1,1,2
APOLO,consulta externa,repetidas en personas de 5 a 14 anos,2007-01-01,3,1,3,1,4
ARANI,consulta externa,repetidas en personas de 5 a 14 anos,2007-01-01,0,4,0,4,4
ARBIETO,consulta externa,repetidas en personas de 5 a 14 anos,2007-01-01,5,5,5,5,10
ARQUE,consulta externa,repetidas en personas de 5 a 14 anos,2007-01-01,1,1,1,1,2
ASCENCION DE GUARAYOS,consulta externa,repetidas en personas de 5 a 14 anos,2007-01-01,11,9,11,9,20
ATOCHA,consulta externa,repetidas en personas de 5 a 14 anos,2007-01-01,29,37,29,37,66
AYATA,consulta externa,repetidas en personas de 5 a 14 anos,2007-01-01,1,1,1,1,2
AYO AYO,consulta externa,repetidas en personas de 5 a 14 anos,2007-01-01,0,1,0,1,1
AYOPAYA (V. DE INDEPENDENCIA),consulta externa,repetidas en personas de 5 a 14 anos,2007-01-01,1,12,1,12,13
BATALLAS,consulta externa,repetidas en personas de 5 a 14 anos,2007-01-01,3,3,3,3,6
BAURES,consulta externa,repetidas en personas de 5 a 14 anos,2007-01-01,1,1,1,1,2
BELEN DE URMIRI,consulta externa,repetidas en personas de 5 a 14 anos,2007-01-01,1,1,1,1,2
BERMEJO,consulta externa,repetidas en personas de 5 a 14 anos,2007-01-01,61,62,61,62,123
BETANZOS,consulta externa,repetidas en personas de 5 a 14 anos,2007-01-01,1,3,1,3,4
BOYUIBE,consulta externa,repetidas en personas de 5 a 14 anos,2007-01-01,7,2,7,2,9
BUENA VISTA,consulta externa,repetidas en personas de 5 a 14 anos,2007-01-01,7,13,7,13,20
CABEZAS,consulta externa,repetidas en personas de 5 a 14 anos,2007-01-01,5,3,5,3,8
CAIROMA,consulta externa,repetidas en personas de 5 a 14 anos,2007-01-01,3,3,3,3,6
"CAIZA ""D""",consulta externa,repetidas en personas de 5 a 14 anos,2007-01-01,0,1,0,1,1
CAJUATA,consulta externa,repetidas en personas de 5 a 14 anos,2007-01-01,7,10,7,10,17
CALACOTO,consulta externa,repetidas en personas de 5 a 14 anos,2007-01-01,2,1,2,1,3
CALAMARCA,consulta externa,repetidas en personas de 5 a 14 anos,2007-01-01,1,0,1,0,1
CAMARGO,consulta externa,repetidas en personas de 5 a 14 anos,2007-01-01,4,5,4,5,9
CAMATAQUI (C. VILLA ABECIA),consulta externa,repetidas en personas de 5 a 14 anos,2007-01-01,5,4,5,4,9
CAMIRI,consulta externa,repetidas en personas de 5 a 14 anos,2007-01-01,49,60,49,60,109
CAPINOTA,consulta externa,repetidas en personas de 5 a 14 anos,2007-01-01,11,18,11,18,29
CAQUIAVIRI,consulta externa,repetidas en personas de 5 a 14 anos,2007-01-01,1,0,1,0,1
CARANAVI,consulta externa,repetidas en personas de 5 a 14 anos,2007-01-01,35,35,35,35,70
CARAPARI,consulta externa,repetidas en personas de 5 a 14 anos,2007-01-01,6,2,6,2,8
CHALLAPATA,consulta externa,repetidas en personas de 5 a 14 anos,2007-01-01,4,10,4,10,14
CHARAGUA,consulta externa,repetidas en personas de 5 a 14 anos,2007-01-01,3,8,3,8,11
CHARAÑA,consulta externa,repetidas en personas de 5 a 14 anos,2007-01-01,1,0,1,0,1
CHAYANTA,consulta externa,repetidas en personas de 5 a 14 anos,2007-01-01,1,1,1,1,2
CHIMORE,consulta externa,repetidas en personas de 5 a 14 anos,2007-01-01,4,3,4,3,7
CHIPAYA,consulta externa,repetidas en personas de 5 a 14 anos,2007-01-01,0,1,0,1,1
CHULUMANI (V. DE LA LIBERTAD),consulta externa,repetidas en personas de 5 a 14 anos,2007-01-01,46,98,46,98,144
CLIZA,consulta externa,repetidas en personas de 5 a 14 anos,2007-01-01,8,14,8,14,22
COBIJA,consulta externa,repetidas en personas de 5 a 14 anos,2007-01-01,29,36,29,36,65
COCHABAMBA,consulta externa,repetidas en personas de 5 a 14 anos,2007-01-01,2262,2229,2262,2229,4491
COLCAPIRHUA,consulta externa,repetidas en personas de 5 a 14 anos,2007-01-01,27,16,27,16,43
"COLCHA ""K""",consulta externa,repetidas en personas de 5 a 14 anos,2007-01-01,1,1,1,1,2
COLLANA,consulta externa,repetidas en personas de 5 a 14 anos,2007-01-01,1,1,1,1,2
COLOMI,consulta externa,repetidas en personas de 5 a 14 anos,2007-01-01,5,1,5,1,6
COLPA BELGICA,consulta externa,repetidas en personas de 5 a 14 anos,2007-01-01,12,8,12,8,20
COLQUENCHA,consulta externa,repetidas en personas de 5 a 14 anos,2007-01-01,2,0,2,0,2
COLQUIRI,consulta externa,repetidas en personas de 5 a 14 anos,2007-01-01,6,17,6,17,23
COMARAPA,consulta externa,repetidas en personas de 5 a 14 anos,2007-01-01,6,8,6,8,14
CORIPATA,consulta externa,repetidas en personas de 5 a 14 anos,2007-01-01,2,1,2,1,3
COROICO,consulta externa,repetidas en personas de 5 a 14 anos,2007-01-01,17,8,17,8,25
CORQUE,consulta externa,repetidas en personas de 5 a 14 anos,2007-01-01,1,1,1,1,2
COTAGAITA,consulta externa,repetidas en personas de 5 a 14 anos,2007-01-01,11,11,11,11,22
COTOCA,consulta externa,repetidas en personas de 5 a 14 anos,2007-01-01,10,4,10,4,14
CUATRO CAÑADAS,consulta externa,repetidas en personas de 5 a 14 anos,2007-01-01,2,0,2,0,2
CUEVO,consulta externa,repetidas en personas de 5 a 14 anos,2007-01-01,3,1,3,1,4
CULPINA,consulta externa,repetidas en personas de 5 a 14 anos,2007-01-01,0,1,0,1,1
CURAHUARA DE CARANGAS,consulta externa,repetidas en personas de 5 a 14 anos,2007-01-01,2,2,2,2,4
DESAGUADERO,consulta externa,repetidas en personas de 5 a 14 anos,2007-01-01,1,0,1,0,1
EL ALTO,consulta externa,repetidas en personas de 5 a 14 anos,2007-01-01,1715,1822,1715,1822,3537
EL CHORO,consulta externa,repetidas en personas de 5 a 14 anos,2007-01-01,0,1,0,1,1
EL PUENTE(STC),consulta externa,repetidas en personas de 5 a 14 anos,2007-01-01,2,0,2,0,2
EL PUENTE(TJA),consulta externa,repetidas en personas de 5 a 14 anos,2007-01-01,9,8,9,8,17
EL TORNO,consulta externa,repetidas en personas de 5 a 14 anos,2007-01-01,45,39,45,39,84
EL VILLAR,consulta externa,repetidas en personas de 5 a 14 anos,2007-01-01,1,0,1,0,1
ENTRE RIOS,consulta externa,repetidas en personas de 5 a 14 anos,2007-01-01,7,8,7,8,15
ENTRE RIOS,consulta externa,repetidas en personas de 5 a 14 anos,2007-01-01,3,0,3,0,3
EUCALIPTUS,consulta externa,repetidas en personas de 5 a 14 anos,2007-01-01,1,0,1,0,1
EXALTACION,consulta externa,repetidas en personas de 5 a 14 anos,2007-01-01,2,1,2,1,3
FERNANDEZ ALONSO,consulta externa,repetidas en personas de 5 a 14 anos,2007-01-01,1,5,1,5,6
FILADELFIA,consulta externa,repetidas en personas de 5 a 14 anos,2007-01-01,0,1,0,1,1
GENERAL SAAVEDRA,consulta externa,repetidas en personas de 5 a 14 anos,2007-01-01,15,44,15,44,59
GUAQUI,consulta externa,repetidas en personas de 5 a 14 anos,2007-01-01,1,2,1,2,3
GUAYARAMERIN,consulta externa,repetidas en personas de 5 a 14 anos,2007-01-01,103,16,103,16,119
GUTIERREZ,consulta externa,repetidas en personas de 5 a 14 anos,2007-01-01,3,2,3,2,5
HUACARETA,consulta externa,repetidas en personas de 5 a 14 anos,2007-01-01,5,4,5,4,9
HUACHACALLA,consulta externa,repetidas en personas de 5 a 14 anos,2007-01-01,1,1,1,1,2
HUANUNI,consulta externa,repetidas en personas de 5 a 14 anos,2007-01-01,146,164,146,164,310
HUARACAJE,consulta externa,repetidas en personas de 5 a 14 anos,2007-01-01,1,0,1,0,1
HUAYLLAMARCA,consulta externa,repetidas en personas de 5 a 14 anos,2007-01-01,0,1,0,1,1
ICHOCA,consulta externa,repetidas en personas de 5 a 14 anos,2007-01-01,0,1,0,1,1
ICLA,consulta externa,repetidas en personas de 5 a 14 anos,2007-01-01,0,1,0,1,1
INGAVI (HUMAITA),consulta externa,repetidas en personas de 5 a 14 anos,2007-01-01,1,1,1,1,2
INQUISIVI,consulta externa,repetidas en personas de 5 a 14 anos,2007-01-01,1,4,1,4,5
IRUPANA (VILLA DE LANZA),consulta externa,repetidas en personas de 5 a 14 anos,2007-01-01,1,1,1,1,2
IXIAMAS,consulta externa,repetidas en personas de 5 a 14 anos,2007-01-01,1,3,1,3,4
LA ASUNTA,consulta externa,repetidas en personas de 5 a 14 anos,2007-01-01,0,1,0,1,1
LA GUARDIA,consulta externa,repetidas en personas de 5 a 14 anos,2007-01-01,14,18,14,18,32
LA PAZ,consulta externa,repetidas en personas de 5 a 14 anos,2007-01-01,2689,2936,2689,2936,5625
LAGUNILLAS,consulta externa,repetidas en personas de 5 a 14 anos,2007-01-01,0,1,0,1,1
LAJA,consulta externa,repetidas en personas de 5 a 14 anos,2007-01-01,0,2,0,2,2
LAS CARRERAS,consulta externa,repetidas en personas de 5 a 14 anos,2007-01-01,0,1,0,1,1
LICOMA PAMPA,consulta externa,repetidas en personas de 5 a 14 anos,2007-01-01,1,0,1,0,1
LLALLAGUA,consulta externa,repetidas en personas de 5 a 14 anos,2007-01-01,3,11,3,11,14
LLICA,consulta externa,repetidas en personas de 5 a 14 anos,2007-01-01,0,3,0,3,3
LORETO,consulta externa,repetidas en personas de 5 a 14 anos,2007-01-01,4,0,4,0,4
LURIBAY,consulta externa,repetidas en personas de 5 a 14 anos,2007-01-01,4,4,4,4,8
MACHACAMARCA,consulta externa,repetidas en personas de 5 a 14 anos,2007-01-01,3,2,3,2,5
MACHARETI,consulta externa,repetidas en personas de 5 a 14 anos,2007-01-01,1,4,1,4,5
MAGDALENA,consulta externa,repetidas en personas de 5 a 14 anos,2007-01-01,21,12,21,12,33
MAIRANA,consulta externa,repetidas en personas de 5 a 14 anos,2007-01-01,0,1,0,1,1
MALLA,consulta externa,repetidas en personas de 5 a 14 anos,2007-01-01,1,4,1,4,5
MAPIRI,consulta externa,repetidas en personas de 5 a 14 anos,2007-01-01,1,3,1,3,4
MECAPACA,consulta externa,repetidas en personas de 5 a 14 anos,2007-01-01,4,3,4,3,7
MINEROS,consulta externa,repetidas en personas de 5 a 14 anos,2007-01-01,2,2,2,2,4
MIZQUE,consulta externa,repetidas en personas de 5 a 14 anos,2007-01-01,5,1,5,1,6
MOJINETE,consulta externa,repetidas en personas de 5 a 14 anos,2007-01-01,0,1,0,1,1
MOJOCOYA,consulta externa,repetidas en personas de 5 a 14 anos,2007-01-01,1,2,1,2,3
MONTEAGUDO,consulta externa,repetidas en personas de 5 a 14 anos,2007-01-01,40,80,40,80,120
MONTERO,consulta externa,repetidas en personas de 5 a 14 anos,2007-01-01,171,188,171,188,359
MORO MORO,consulta externa,repetidas en personas de 5 a 14 anos,2007-01-01,1,0,1,0,1
MOROCHATA,consulta externa,repetidas en personas de 5 a 14 anos,2007-01-01,12,13,12,13,25
OCURI,consulta externa,repetidas en personas de 5 a 14 anos,2007-01-01,1,1,1,1,2
OKINAWA,consulta externa,repetidas en personas de 5 a 14 anos,2007-01-01,0,12,0,12,12
OMEREQUE,consulta externa,repetidas en personas de 5 a 14 anos,2007-01-01,0,1,0,1,1
ORURO,consulta externa,repetidas en personas de 5 a 14 anos,2007-01-01,609,658,609,658,1267
PADCAYA,consulta externa,repetidas en personas de 5 a 14 anos,2007-01-01,2,9,2,9,11
PADILLA,consulta externa,repetidas en personas de 5 a 14 anos,2007-01-01,3,1,3,1,4
PALCA,consulta externa,repetidas en personas de 5 a 14 anos,2007-01-01,2,9,2,9,11
PALOS BLANCOS,consulta externa,repetidas en personas de 5 a 14 anos,2007-01-01,5,4,5,4,9
PAMPA GRANDE,consulta externa,repetidas en personas de 5 a 14 anos,2007-01-01,1,3,1,3,4
PASORAPA,consulta externa,repetidas en personas de 5 a 14 anos,2007-01-01,0,1,0,1,1
POCOATA,consulta externa,repetidas en personas de 5 a 14 anos,2007-01-01,0,1,0,1,1
POCONA,consulta externa,repetidas en personas de 5 a 14 anos,2007-01-01,4,0,4,0,4
POJO (CBBA),consulta externa,repetidas en personas de 5 a 14 anos,2007-01-01,0,1,0,1,1
POOPO,consulta externa,repetidas en personas de 5 a 14 anos,2007-01-01,3,3,3,3,6
POROMA,consulta externa,repetidas en personas de 5 a 14 anos,2007-01-01,1,0,1,0,1
PORONGO,consulta externa,repetidas en personas de 5 a 14 anos,2007-01-01,2,11,2,11,13
PORTACHUELO,consulta externa,repetidas en personas de 5 a 14 anos,2007-01-01,17,20,17,20,37
PORVENIR,consulta externa,repetidas en personas de 5 a 14 anos,2007-01-01,2,2,2,2,4
POSTRER VALLE,consulta externa,repetidas en personas de 5 a 14 anos,2007-01-01,5,0,5,0,5
POTOSI,consulta externa,repetidas en personas de 5 a 14 anos,2007-01-01,359,388,359,388,747
PUCARANI,consulta externa,repetidas en personas de 5 a 14 anos,2007-01-01,1,2,1,2,3
PUERTO ACOSTA,consulta externa,repetidas en personas de 5 a 14 anos,2007-01-01,5,1,5,1,6
PUERTO CARABUCO,consulta externa,repetidas en personas de 5 a 14 anos,2007-01-01,2,0,2,0,2
PUERTO GONZALO MORENO,consulta externa,repetidas en personas de 5 a 14 anos,2007-01-01,1,0,1,0,1
PUERTO QUIJARRO,consulta externa,repetidas en personas de 5 a 14 anos,2007-01-01,11,3,11,3,14
PUERTO RICO,consulta externa,repetidas en personas de 5 a 14 anos,2007-01-01,0,4,0,4,4
PUERTO SILES,consulta externa,repetidas en personas de 5 a 14 anos,2007-01-01,2,6,2,6,8
PUERTO SUAREZ,consulta externa,repetidas en personas de 5 a 14 anos,2007-01-01,16,24,16,24,40
PUERTO VILLARROEL,consulta externa,repetidas en personas de 5 a 14 anos,2007-01-01,15,13,15,13,28
PUNA,consulta externa,repetidas en personas de 5 a 14 anos,2007-01-01,1,1,1,1,2
PUNATA,consulta externa,repetidas en personas de 5 a 14 anos,2007-01-01,28,51,28,51,79
QUILLACOLLO,consulta externa,repetidas en personas de 5 a 14 anos,2007-01-01,149,169,149,169,318
QUIME,consulta externa,repetidas en personas de 5 a 14 anos,2007-01-01,4,4,4,4,8
REYES,consulta externa,repetidas en personas de 5 a 14 anos,2007-01-01,6,2,6,2,8
RIBERALTA,consulta externa,repetidas en personas de 5 a 14 anos,2007-01-01,22,44,22,44,66
ROBORE,consulta externa,repetidas en personas de 5 a 14 anos,2007-01-01,6,5,6,5,11
RURRENABAQUE,consulta externa,repetidas en personas de 5 a 14 anos,2007-01-01,13,15,13,15,28
SACABA,consulta externa,repetidas en personas de 5 a 14 anos,2007-01-01,46,49,46,49,95
SAIPINA,consulta externa,repetidas en personas de 5 a 14 anos,2007-01-01,1,2,1,2,3
SAMAIPATA,consulta externa,repetidas en personas de 5 a 14 anos,2007-01-01,3,0,3,0,3
SAN ANDRES,consulta externa,repetidas en personas de 5 a 14 anos,2007-01-01,1,3,1,3,4
SAN BENITO,consulta externa,repetidas en personas de 5 a 14 anos,2007-01-01,6,4,6,4,10
SAN BORJA,consulta externa,repetidas en personas de 5 a 14 anos,2007-01-01,12,9,12,9,21
SAN BUENA VENTURA,consulta externa,repetidas en personas de 5 a 14 anos,2007-01-01,15,11,15,11,26
SAN CARLOS,consulta externa,repetidas en personas de 5 a 14 anos,2007-01-01,8,7,8,7,15
SAN IGNACIO,consulta externa,repetidas en personas de 5 a 14 anos,2007-01-01,6,10,6,10,16
SAN IGNACIO DE VELASCO,consulta externa,repetidas en personas de 5 a 14 anos,2007-01-01,59,80,59,80,139
SAN JAVIER(BNI),consulta externa,repetidas en personas de 5 a 14 anos,2007-01-01,0,1,0,1,1
SAN JAVIER(STC),consulta externa,repetidas en personas de 5 a 14 anos,2007-01-01,6,9,6,9,15
SAN JOAQUIN,consulta externa,repetidas en personas de 5 a 14 anos,2007-01-01,6,12,6,12,18
SAN JOSE DE CHIQUITOS,consulta externa,repetidas en personas de 5 a 14 anos,2007-01-01,8,2,8,2,10
SAN JUAN DE YAPACANI,consulta externa,repetidas en personas de 5 a 14 anos,2007-01-01,114,131,114,131,245
SAN JULIAN,consulta externa,repetidas en personas de 5 a 14 anos,2007-01-01,11,20,11,20,31
SAN LORENZO(PND),consulta externa,repetidas en personas de 5 a 14 anos,2007-01-01,0,1,0,1,1
SAN LORENZO(TJA),consulta externa,repetidas en personas de 5 a 14 anos,2007-01-01,33,45,33,45,78
SAN LUCAS,consulta externa,repetidas en personas de 5 a 14 anos,2007-01-01,2,6,2,6,8
SAN MATIAS,consulta externa,repetidas en personas de 5 a 14 anos,2007-01-01,1,3,1,3,4
SAN MIGUEL DE VELASCO,consulta externa,repetidas en personas de 5 a 14 anos,2007-01-01,27,29,27,29,56
SAN PABLO DE LIPEZ,consulta externa,repetidas en personas de 5 a 14 anos,2007-01-01,2,2,2,2,4
SAN PEDRO,consulta externa,repetidas en personas de 5 a 14 anos,2007-01-01,15,16,15,16,31
SAN PEDRO DE CURAHUARA,consulta externa,repetidas en personas de 5 a 14 anos,2007-01-01,2,0,2,0,2
SAN PEDRO DE TIQUINA,consulta externa,repetidas en personas de 5 a 14 anos,2007-01-01,2,2,2,2,4
SAN RAFAEL,consulta externa,repetidas en personas de 5 a 14 anos,2007-01-01,2,1,2,1,3
SAN RAMON,consulta externa,repetidas en personas de 5 a 14 anos,2007-01-01,10,16,10,16,26
SANTA ANA,consulta externa,repetidas en personas de 5 a 14 anos,2007-01-01,56,45,56,45,101
SANTA CRUZ DE LA SIERRA,consulta externa,repetidas en personas de 5 a 14 anos,2007-01-01,2243,2704,2243,2704,4947
SANTA ROSA DEL SARA,consulta externa,repetidas en personas de 5 a 14 anos,2007-01-01,4,1,4,1,5
SANTIAGO DE CALLAPA,consulta externa,repetidas en personas de 5 a 14 anos,2007-01-01,3,14,3,14,17
SANTIAGO DE HUARI,consulta externa,repetidas en personas de 5 a 14 anos,2007-01-01,1,2,1,2,3
SANTIAGO DE MACHACA,consulta externa,repetidas en personas de 5 a 14 anos,2007-01-01,0,1,0,1,1
SANTIVAÑES,consulta externa,repetidas en personas de 5 a 14 anos,2007-01-01,2,0,2,0,2
SICA SICA (VILLA AROMA),consulta externa,repetidas en personas de 5 a 14 anos,2007-01-01,1,0,1,0,1
SIPE SIPE,consulta externa,repetidas en personas de 5 a 14 anos,2007-01-01,32,24,32,24,56
SOPACHUY,consulta externa,repetidas en personas de 5 a 14 anos,2007-01-01,0,1,0,1,1
SORATA,consulta externa,repetidas en personas de 5 a 14 anos,2007-01-01,2,0,2,0,2
SUCRE,consulta externa,repetidas en personas de 5 a 14 anos,2007-01-01,660,925,660,925,1585
TACACOMA,consulta externa,repetidas en personas de 5 a 14 anos,2007-01-01,0,4,0,4,4
TAPACARI,consulta externa,repetidas en personas de 5 a 14 anos,2007-01-01,3,1,3,1,4
TARABUCO,consulta externa,repetidas en personas de 5 a 14 anos,2007-01-01,5,4,5,4,9
TARATA,consulta externa,repetidas en personas de 5 a 14 anos,2007-01-01,4,1,4,1,5
TARIJA,consulta externa,repetidas en personas de 5 a 14 anos,2007-01-01,624,681,624,681,1305
TARVITA,consulta externa,repetidas en personas de 5 a 14 anos,2007-01-01,2,1,2,1,3
TIAWANACU,consulta externa,repetidas en personas de 5 a 14 anos,2007-01-01,3,2,3,2,5
TIPUANI,consulta externa,repetidas en personas de 5 a 14 anos,2007-01-01,3,1,3,1,4
TIQUIPAYA,consulta externa,repetidas en personas de 5 a 14 anos,2007-01-01,25,30,25,30,55
TIRAQUE (CBBA),consulta externa,repetidas en personas de 5 a 14 anos,2007-01-01,40,30,40,30,70
TITO YUPANQUI (PARQUIPUJIO),consulta externa,repetidas en personas de 5 a 14 anos,2007-01-01,0,3,0,3,3
TOLATA,consulta externa,repetidas en personas de 5 a 14 anos,2007-01-01,1,1,1,1,2
TOLEDO,consulta externa,repetidas en personas de 5 a 14 anos,2007-01-01,7,3,7,3,10
TOMAVE,consulta externa,repetidas en personas de 5 a 14 anos,2007-01-01,1,1,1,1,2
TOMINA,consulta externa,repetidas en personas de 5 a 14 anos,2007-01-01,4,2,4,2,6
TORO TORO,consulta externa,repetidas en personas de 5 a 14 anos,2007-01-01,2,0,2,0,2
TOTORA(CBBA),consulta externa,repetidas en personas de 5 a 14 anos,2007-01-01,1,0,1,0,1
TRINIDAD,consulta externa,repetidas en personas de 5 a 14 anos,2007-01-01,133,142,133,142,275
TUPIZA,consulta externa,repetidas en personas de 5 a 14 anos,2007-01-01,62,66,62,66,128
UNCIA,consulta externa,repetidas en personas de 5 a 14 anos,2007-01-01,17,11,17,11,28
URIONDO (A. CONCEPCION),consulta externa,repetidas en personas de 5 a 14 anos,2007-01-01,7,3,7,3,10
UYUNI,consulta externa,repetidas en personas de 5 a 14 anos,2007-01-01,6,13,6,13,19
VACAS,consulta externa,repetidas en personas de 5 a 14 anos,2007-01-01,3,3,3,3,6
VALLEGRANDE,consulta externa,repetidas en personas de 5 a 14 anos,2007-01-01,36,37,36,37,73
VIACHA,consulta externa,repetidas en personas de 5 a 14 anos,2007-01-01,44,58,44,58,102
VILA VILA,consulta externa,repetidas en personas de 5 a 14 anos,2007-01-01,2,1,2,1,3
VILLA MONTES,consulta externa,repetidas en personas de 5 a 14 anos,2007-01-01,70,62,70,62,132
VILLA RIVERO,consulta externa,repetidas en personas de 5 a 14 anos,2007-01-01,1,0,1,0,1
VILLA SERRANO,consulta externa,repetidas en personas de 5 a 14 anos,2007-01-01,0,1,0,1,1
VILLA TUNARI,consulta externa,repetidas en personas de 5 a 14 anos,2007-01-01,25,20,25,20,45
VILLA VACA GUZMAN (MUYUPAMPA),consulta externa,repetidas en personas de 5 a 14 anos,2007-01-01,5,5,5,5,10
VILLAZON,consulta externa,repetidas en personas de 5 a 14 anos,2007-01-01,20,28,20,28,48
VINTO,consulta externa,repetidas en personas de 5 a 14 anos,2007-01-01,4,10,4,10,14
WALDO BALLIVIAN,consulta externa,repetidas en personas de 5 a 14 anos,2007-01-01,3,0,3,0,3
WARNES,consulta externa,repetidas en personas de 5 a 14 anos,2007-01-01,12,25,12,25,37
YACUIBA,consulta externa,repetidas en personas de 5 a 14 anos,2007-01-01,127,129,127,129,256
YAMPARAEZ,consulta externa,repetidas en personas de 5 a 14 anos,2007-01-01,3,0,3,0,3
YAPACANI,consulta externa,repetidas en personas de 5 a 14 anos,2007-01-01,1,1,1,1,2
YOTALA,consulta externa,repetidas en personas de 5 a 14 anos,2007-01-01,4,4,4,4,8
YUNCHARA,consulta externa,repetidas en personas de 5 a 14 anos,2007-01-01,19,8,19,8,27
ACACIO,consulta externa,repetidas en personas de 5 a 14 anos,2007-02-01,0,1,0,1,1
ACHACACHI,consulta externa,repetidas en personas de 5 a 14 anos,2007-02-01,4,8,4,8,12
ACHOCALLA,consulta externa,repetidas en personas de 5 a 14 anos,2007-02-01,0,8,0,8,8
AIQUILE,consulta externa,repetidas en personas de 5 a 14 anos,2007-02-01,16,12,16,12,28
ANCORAIMES,consulta externa,repetidas en personas de 5 a 14 anos,2007-02-01,2,0,2,0,2
ANTEQUERA,consulta externa,repetidas en personas de 5 a 14 anos,2007-02-01,0,2,0,2,2
ANZALDO,consulta externa,repetidas en personas de 5 a 14 anos,2007-02-01,1,1,1,1,2
APOLO,consulta externa,repetidas en personas de 5 a 14 anos,2007-02-01,3,1,3,1,4
ARANI,consulta externa,repetidas en personas de 5 a 14 anos,2007-02-01,3,3,3,3,6
ARBIETO,consulta externa,repetidas en personas de 5 a 14 anos,2007-02-01,6,3,6,3,9
ARQUE,consulta externa,repetidas en personas de 5 a 14 anos,2007-02-01,0,2,0,2,2
ASCENCION DE GUARAYOS,consulta externa,repetidas en personas de 5 a 14 anos,2007-02-01,16,13,16,13,29
ATOCHA,consulta externa,repetidas en personas de 5 a 14 anos,2007-02-01,17,27,17,27,44
AUCAPATA,consulta externa,repetidas en personas de 5 a 14 anos,2007-02-01,7,3,7,3,10
AYATA,consulta externa,repetidas en personas de 5 a 14 anos,2007-02-01,1,1,1,1,2
AYOPAYA (V. DE INDEPENDENCIA),consulta externa,repetidas en personas de 5 a 14 anos,2007-02-01,3,1,3,1,4
BATALLAS,consulta externa,repetidas en personas de 5 a 14 anos,2007-02-01,1,0,1,0,1
BAURES,consulta externa,repetidas en personas de 5 a 14 anos,2007-02-01,2,11,2,11,13
BELLA FLOR,consulta externa,repetidas en personas de 5 a 14 anos,2007-02-01,0,1,0,1,1
BERMEJO,consulta externa,repetidas en personas de 5 a 14 anos,2007-02-01,30,25,30,25,55
BETANZOS,consulta externa,repetidas en personas de 5 a 14 anos,2007-02-01,1,0,1,0,1
BOLIVAR,consulta externa,repetidas en personas de 5 a 14 anos,2007-02-01,2,1,2,1,3
BOLPEBRA,consulta externa,repetidas en personas de 5 a 14 anos,2007-02-01,1,0,1,0,1
BOYUIBE,consulta externa,repetidas en personas de 5 a 14 anos,2007-02-01,4,10,4,10,14
BUENA VISTA,consulta externa,repetidas en personas de 5 a 14 anos,2007-02-01,20,24,20,24,44
CABEZAS,consulta externa,repetidas en personas de 5 a 14 anos,2007-02-01,34,45,34,45,79
CAIROMA,consulta externa,repetidas en personas de 5 a 14 anos,2007-02-01,3,3,3,3,6
"CAIZA ""D""",consulta externa,repetidas en personas de 5 a 14 anos,2007-02-01,1,0,1,0,1
CAJUATA,consulta externa,repetidas en personas de 5 a 14 anos,2007-02-01,1,2,1,2,3
CALACOTO,consulta externa,repetidas en personas de 5 a 14 anos,2007-02-01,0,2,0,2,2
CALAMARCA,consulta externa,repetidas en personas de 5 a 14 anos,2007-02-01,1,0,1,0,1
CAMARGO,consulta externa,repetidas en personas de 5 a 14 anos,2007-02-01,1,2,1,2,3
CAMATAQUI (C. VILLA ABECIA),consulta externa,repetidas en personas de 5 a 14 anos,2007-02-01,7,6,7,6,13
CAMIRI,consulta externa,repetidas en personas de 5 a 14 anos,2007-02-01,43,23,43,23,66
CAPINOTA,consulta externa,repetidas en personas de 5 a 14 anos,2007-02-01,4,8,4,8,12
CAQUIAVIRI,consulta externa,repetidas en personas de 5 a 14 anos,2007-02-01,2,1,2,1,3
CARACOLLO,consulta externa,repetidas en personas de 5 a 14 anos,2007-02-01,4,0,4,0,4
CARANAVI,consulta externa,repetidas en personas de 5 a 14 anos,2007-02-01,18,27,18,27,45
CARAPARI,consulta externa,repetidas en personas de 5 a 14 anos,2007-02-01,7,0,7,0,7
CARIPUYO,consulta externa,repetidas en personas de 5 a 14 anos,2007-02-01,2,0,2,0,2
CARMEN RIVERO TORREZ,consulta externa,repetidas en personas de 5 a 14 anos,2007-02-01,3,1,3,1,4
CHALLAPATA,consulta externa,repetidas en personas de 5 a 14 anos,2007-02-01,6,5,6,5,11
CHAQUI,consulta externa,repetidas en personas de 5 a 14 anos,2007-02-01,0,1,0,1,1
CHARAGUA,consulta externa,repetidas en personas de 5 a 14 anos,2007-02-01,11,8,11,8,19
CHARAÑA,consulta externa,repetidas en personas de 5 a 14 anos,2007-02-01,1,0,1,0,1
CHAYANTA,consulta externa,repetidas en personas de 5 a 14 anos,2007-02-01,0,1,0,1,1
CHIMORE,consulta externa,repetidas en personas de 5 a 14 anos,2007-02-01,2,5,2,5,7
CHULUMANI (V. DE LA LIBERTAD),consulta externa,repetidas en personas de 5 a 14 anos,2007-02-01,61,91,61,91,152
CHUMA,consulta externa,repetidas en personas de 5 a 14 anos,2007-02-01,25,27,25,27,52
CLIZA,consulta externa,repetidas en personas de 5 a 14 anos,2007-02-01,18,12,18,12,30
COBIJA,consulta externa,repetidas en personas de 5 a 14 anos,2007-02-01,6,5,6,5,11
COCHABAMBA,consulta externa,repetidas en personas de 5 a 14 anos,2007-02-01,2266,1828,2266,1828,4094
COIPASA,consulta externa,repetidas en personas de 5 a 14 anos,2007-02-01,0,1,0,1,1
COLCAPIRHUA,consulta externa,repetidas en personas de 5 a 14 anos,2007-02-01,14,23,14,23,37
"COLCHA ""K""",consulta externa,repetidas en personas de 5 a 14 anos,2007-02-01,1,1,1,1,2
COLOMI,consulta externa,repetidas en personas de 5 a 14 anos,2007-02-01,3,1,3,1,4
COLPA BELGICA,consulta externa,repetidas en personas de 5 a 14 anos,2007-02-01,9,7,9,7,16
COLQUECHACA,consulta externa,repetidas en personas de 5 a 14 anos,2007-02-01,2,0,2,0,2
COLQUENCHA,consulta externa,repetidas en personas de 5 a 14 anos,2007-02-01,2,1,2,1,3
COLQUIRI,consulta externa,repetidas en personas de 5 a 14 anos,2007-02-01,5,6,5,6,11
COMANCHE,consulta externa,repetidas en personas de 5 a 14 anos,2007-02-01,3,0,3,0,3
COMARAPA,consulta externa,repetidas en personas de 5 a 14 anos,2007-02-01,26,21,26,21,47
CONCEPCION,consulta externa,repetidas en personas de 5 a 14 anos,2007-02-01,2,0,2,0,2
CORIPATA,consulta externa,repetidas en personas de 5 a 14 anos,2007-02-01,5,2,5,2,7
CORO CORO,consulta externa,repetidas en personas de 5 a 14 anos,2007-02-01,0,1,0,1,1
COROICO,consulta externa,repetidas en personas de 5 a 14 anos,2007-02-01,8,5,8,5,13
COTAGAITA,consulta externa,repetidas en personas de 5 a 14 anos,2007-02-01,10,8,10,8,18
COTOCA,consulta externa,repetidas en personas de 5 a 14 anos,2007-02-01,2,5,2,5,7
CUATRO CAÑADAS,consulta externa,repetidas en personas de 5 a 14 anos,2007-02-01,17,7,17,7,24
CUCHUMUELA (V. G. VILLARROEL),consulta externa,repetidas en personas de 5 a 14 anos,2007-02-01,1,2,1,2,3
CUEVO,consulta externa,repetidas en personas de 5 a 14 anos,2007-02-01,2,5,2,5,7
CURVA,consulta externa,repetidas en personas de 5 a 14 anos,2007-02-01,0,22,0,22,22
EL ALTO,consulta externa,repetidas en personas de 5 a 14 anos,2007-02-01,1425,1458,1425,1458,2883
EL PUENTE(STC),consulta externa,repetidas en personas de 5 a 14 anos,2007-02-01,0,1,0,1,1
EL PUENTE(TJA),consulta externa,repetidas en personas de 5 a 14 anos,2007-02-01,1,0,1,0,1
EL TORNO,consulta externa,repetidas en personas de 5 a 14 anos,2007-02-01,25,19,25,19,44
EL VILLAR,consulta externa,repetidas en personas de 5 a 14 anos,2007-02-01,1,0,1,0,1
ENTRE RIOS,consulta externa,repetidas en personas de 5 a 14 anos,2007-02-01,8,7,8,7,15
ENTRE RIOS,consulta externa,repetidas en personas de 5 a 14 anos,2007-02-01,2,4,2,4,6
EUCALIPTUS,consulta externa,repetidas en personas de 5 a 14 anos,2007-02-01,2,1,2,1,3
EXALTACION,consulta externa,repetidas en personas de 5 a 14 anos,2007-02-01,0,1,0,1,1
FERNANDEZ ALONSO,consulta externa,repetidas en personas de 5 a 14 anos,2007-02-01,3,1,3,1,4
FILADELFIA,consulta externa,repetidas en personas de 5 a 14 anos,2007-02-01,1,4,1,4,5
GENERAL SAAVEDRA,consulta externa,repetidas en personas de 5 a 14 anos,2007-02-01,34,29,34,29,63
GUANAY,consulta externa,repetidas en personas de 5 a 14 anos,2007-02-01,0,1,0,1,1
GUAQUI,consulta externa,repetidas en personas de 5 a 14 anos,2007-02-01,3,7,3,7,10
GUAYARAMERIN,consulta externa,repetidas en personas de 5 a 14 anos,2007-02-01,73,27,73,27,100
GUTIERREZ,consulta externa,repetidas en personas de 5 a 14 anos,2007-02-01,15,3,15,3,18
HUACARETA,consulta externa,repetidas en personas de 5 a 14 anos,2007-02-01,7,4,7,4,11
HUACAYA (VILLA DE HUACAYA),consulta externa,repetidas en personas de 5 a 14 anos,2007-02-01,0,4,0,4,4
HUACHACALLA,consulta externa,repetidas en personas de 5 a 14 anos,2007-02-01,2,0,2,0,2
HUANUNI,consulta externa,repetidas en personas de 5 a 14 anos,2007-02-01,112,151,112,151,263
HUARACAJE,consulta externa,repetidas en personas de 5 a 14 anos,2007-02-01,1,0,1,0,1
ICHOCA,consulta externa,repetidas en personas de 5 a 14 anos,2007-02-01,0,18,0,18,18
ICLA,consulta externa,repetidas en personas de 5 a 14 anos,2007-02-01,1,0,1,0,1
INQUISIVI,consulta externa,repetidas en personas de 5 a 14 anos,2007-02-01,1,2,1,2,3
IRUPANA (VILLA DE LANZA),consulta externa,repetidas en personas de 5 a 14 anos,2007-02-01,3,3,3,3,6
IXIAMAS,consulta externa,repetidas en personas de 5 a 14 anos,2007-02-01,2,1,2,1,3
JESUS DE MACHACA,consulta externa,repetidas en personas de 5 a 14 anos,2007-02-01,0,1,0,1,1
LA GUARDIA,consulta externa,repetidas en personas de 5 a 14 anos,2007-02-01,13,14,13,14,27
LA PAZ,consulta externa,repetidas en personas de 5 a 14 anos,2007-02-01,2797,2449,2797,2449,5246
LAGUNILLAS,consulta externa,repetidas en personas de 5 a 14 anos,2007-02-01,1,0,1,0,1
LAJA,consulta externa,repetidas en personas de 5 a 14 anos,2007-02-01,0,1,0,1,1
LAS CARRERAS,consulta externa,repetidas en personas de 5 a 14 anos,2007-02-01,0,1,0,1,1
LICOMA PAMPA,consulta externa,repetidas en personas de 5 a 14 anos,2007-02-01,0,1,0,1,1
LLALLAGUA,consulta externa,repetidas en personas de 5 a 14 anos,2007-02-01,5,5,5,5,10
LLICA,consulta externa,repetidas en personas de 5 a 14 anos,2007-02-01,3,0,3,0,3
LORETO,consulta externa,repetidas en personas de 5 a 14 anos,2007-02-01,7,2,7,2,9
LURIBAY,consulta externa,repetidas en personas de 5 a 14 anos,2007-02-01,7,1,7,1,8
MACHARETI,consulta externa,repetidas en personas de 5 a 14 anos,2007-02-01,8,16,8,16,24
MAGDALENA,consulta externa,repetidas en personas de 5 a 14 anos,2007-02-01,25,26,25,26,51
MAPIRI,consulta externa,repetidas en personas de 5 a 14 anos,2007-02-01,1,3,1,3,4
MECAPACA,consulta externa,repetidas en personas de 5 a 14 anos,2007-02-01,4,4,4,4,8
MINEROS,consulta externa,repetidas en personas de 5 a 14 anos,2007-02-01,2,19,2,19,21
MIZQUE,consulta externa,repetidas en personas de 5 a 14 anos,2007-02-01,3,4,3,4,7
MOJINETE,consulta externa,repetidas en personas de 5 a 14 anos,2007-02-01,0,1,0,1,1
MOJOCOYA,consulta externa,repetidas en personas de 5 a 14 anos,2007-02-01,3,2,3,2,5
MONTEAGUDO,consulta externa,repetidas en personas de 5 a 14 anos,2007-02-01,77,37,77,37,114
MONTERO,consulta externa,repetidas en personas de 5 a 14 anos,2007-02-01,691,1190,691,1190,1881
MORO MORO,consulta externa,repetidas en personas de 5 a 14 anos,2007-02-01,0,1,0,1,1
MOROCHATA,consulta externa,repetidas en personas de 5 a 14 anos,2007-02-01,12,16,12,16,28
NACEBE (SANTA ROSA DEL ABUNA),consulta externa,repetidas en personas de 5 a 14 anos,2007-02-01,1,0,1,0,1
OKINAWA,consulta externa,repetidas en personas de 5 a 14 anos,2007-02-01,2,2,2,2,4
OMEREQUE,consulta externa,repetidas en personas de 5 a 14 anos,2007-02-01,1,0,1,0,1
ORURO,consulta externa,repetidas en personas de 5 a 14 anos,2007-02-01,355,348,355,348,703
PADCAYA,consulta externa,repetidas en personas de 5 a 14 anos,2007-02-01,72,95,72,95,167
PADILLA,consulta externa,repetidas en personas de 5 a 14 anos,2007-02-01,3,1,3,1,4
PAILON,consulta externa,repetidas en personas de 5 a 14 anos,2007-02-01,0,2,0,2,2
PALCA,consulta externa,repetidas en personas de 5 a 14 anos,2007-02-01,2,1,2,1,3
PALOS BLANCOS,consulta externa,repetidas en personas de 5 a 14 anos,2007-02-01,5,2,5,2,7
PAMPA GRANDE,consulta externa,repetidas en personas de 5 a 14 anos,2007-02-01,0,1,0,1,1
PAPEL PAMPA,consulta externa,repetidas en personas de 5 a 14 anos,2007-02-01,0,2,0,2,2
PATACAMAYA,consulta externa,repetidas en personas de 5 a 14 anos,2007-02-01,0,2,0,2,2
POCOATA,consulta externa,repetidas en personas de 5 a 14 anos,2007-02-01,0,1,0,1,1
POCONA,consulta externa,repetidas en personas de 5 a 14 anos,2007-02-01,0,1,0,1,1
POJO (CBBA),consulta externa,repetidas en personas de 5 a 14 anos,2007-02-01,1,1,1,1,2
POOPO,consulta externa,repetidas en personas de 5 a 14 anos,2007-02-01,0,1,0,1,1
PORCO,consulta externa,repetidas en personas de 5 a 14 anos,2007-02-01,0,1,0,1,1
POROMA,consulta externa,repetidas en personas de 5 a 14 anos,2007-02-01,1,1,1,1,2
PORONGO,consulta externa,repetidas en personas de 5 a 14 anos,2007-02-01,0,2,0,2,2
PORTACHUELO,consulta externa,repetidas en personas de 5 a 14 anos,2007-02-01,10,8,10,8,18
PORVENIR,consulta externa,repetidas en personas de 5 a 14 anos,2007-02-01,0,1,0,1,1
POSTRER VALLE,consulta externa,repetidas en personas de 5 a 14 anos,2007-02-01,1,0,1,0,1
POTOSI,consulta externa,repetidas en personas de 5 a 14 anos,2007-02-01,275,329,275,329,604
PUCARANI,consulta externa,repetidas en personas de 5 a 14 anos,2007-02-01,1,0,1,0,1
PUERTO ACOSTA,consulta externa,repetidas en personas de 5 a 14 anos,2007-02-01,2,3,2,3,5
PUERTO CARABUCO,consulta externa,repetidas en personas de 5 a 14 anos,2007-02-01,1,1,1,1,2
PUERTO PEREZ,consulta externa,repetidas en personas de 5 a 14 anos,2007-02-01,0,2,0,2,2
PUERTO QUIJARRO,consulta externa,repetidas en personas de 5 a 14 anos,2007-02-01,10,7,10,7,17
PUERTO SUAREZ,consulta externa,repetidas en personas de 5 a 14 anos,2007-02-01,12,19,12,19,31
PUERTO VILLARROEL,consulta externa,repetidas en personas de 5 a 14 anos,2007-02-01,16,11,16,11,27
PUNA,consulta externa,repetidas en personas de 5 a 14 anos,2007-02-01,2,5,2,5,7
PUNATA,consulta externa,repetidas en personas de 5 a 14 anos,2007-02-01,16,16,16,16,32
QUIABAYA,consulta externa,repetidas en personas de 5 a 14 anos,2007-02-01,1,0,1,0,1
QUILLACOLLO,consulta externa,repetidas en personas de 5 a 14 anos,2007-02-01,59,55,59,55,114
QUIME,consulta externa,repetidas en personas de 5 a 14 anos,2007-02-01,3,3,3,3,6
REYES,consulta externa,repetidas en personas de 5 a 14 anos,2007-02-01,3,4,3,4,7
RIBERALTA,consulta externa,repetidas en personas de 5 a 14 anos,2007-02-01,46,70,46,70,116
ROBORE,consulta externa,repetidas en personas de 5 a 14 anos,2007-02-01,15,16,15,16,31
RURRENABAQUE,consulta externa,repetidas en personas de 5 a 14 anos,2007-02-01,10,6,10,6,16
SABAYA,consulta externa,repetidas en personas de 5 a 14 anos,2007-02-01,1,1,1,1,2
SACABA,consulta externa,repetidas en personas de 5 a 14 anos,2007-02-01,40,36,40,36,76
SACABAMBA,consulta externa,repetidas en personas de 5 a 14 anos,2007-02-01,2,3,2,3,5
SACACA,consulta externa,repetidas en personas de 5 a 14 anos,2007-02-01,0,2,0,2,2
SAIPINA,consulta externa,repetidas en personas de 5 a 14 anos,2007-02-01,0,1,0,1,1
SALINAS DE GARCI MENDOZA,consulta externa,repetidas en personas de 5 a 14 anos,2007-02-01,1,0,1,0,1
SAMAIPATA,consulta externa,repetidas en personas de 5 a 14 anos,2007-02-01,0,1,0,1,1
SAN AGUSTIN,consulta externa,repetidas en personas de 5 a 14 anos,2007-02-01,0,6,0,6,6
SAN ANDRES,consulta externa,repetidas en personas de 5 a 14 anos,2007-02-01,6,2,6,2,8
SAN ANDRES DE MACHACA,consulta externa,repetidas en personas de 5 a 14 anos,2007-02-01,0,1,0,1,1
SAN ANTONIO DE LOMERIO,consulta externa,repetidas en personas de 5 a 14 anos,2007-02-01,3,1,3,1,4
SAN BENITO,consulta externa,repetidas en personas de 5 a 14 anos,2007-02-01,4,6,4,6,10
SAN BORJA,consulta externa,repetidas en personas de 5 a 14 anos,2007-02-01,33,30,33,30,63
SAN BUENA VENTURA,consulta externa,repetidas en personas de 5 a 14 anos,2007-02-01,9,4,9,4,13
SAN CARLOS,consulta externa,repetidas en personas de 5 a 14 anos,2007-02-01,6,5,6,5,11
SAN IGNACIO,consulta externa,repetidas en personas de 5 a 14 anos,2007-02-01,15,17,15,17,32
SAN IGNACIO DE VELASCO,consulta externa,repetidas en personas de 5 a 14 anos,2007-02-01,65,66,65,66,131
SAN JAVIER(STC),consulta externa,repetidas en personas de 5 a 14 anos,2007-02-01,2,2,2,2,4
SAN JOAQUIN,consulta externa,repetidas en personas de 5 a 14 anos,2007-02-01,24,27,24,27,51
SAN JOSE DE CHIQUITOS,consulta externa,repetidas en personas de 5 a 14 anos,2007-02-01,6,2,6,2,8
SAN JUAN DE YAPACANI,consulta externa,repetidas en personas de 5 a 14 anos,2007-02-01,93,72,93,72,165
SAN JULIAN,consulta externa,repetidas en personas de 5 a 14 anos,2007-02-01,7,13,7,13,20
SAN LORENZO(PND),consulta externa,repetidas en personas de 5 a 14 anos,2007-02-01,0,1,0,1,1
SAN LORENZO(TJA),consulta externa,repetidas en personas de 5 a 14 anos,2007-02-01,14,6,14,6,20
SAN LUCAS,consulta externa,repetidas en personas de 5 a 14 anos,2007-02-01,4,3,4,3,7
SAN MATIAS,consulta externa,repetidas en personas de 5 a 14 anos,2007-02-01,1,0,1,0,1
SAN MIGUEL DE VELASCO,consulta externa,repetidas en personas de 5 a 14 anos,2007-02-01,22,25,22,25,47
SAN PABLO DE LIPEZ,consulta externa,repetidas en personas de 5 a 14 anos,2007-02-01,1,1,1,1,2
SAN PEDRO,consulta externa,repetidas en personas de 5 a 14 anos,2007-02-01,16,11,16,11,27
SAN PEDRO DE CURAHUARA,consulta externa,repetidas en personas de 5 a 14 anos,2007-02-01,1,0,1,0,1
SAN RAFAEL,consulta externa,repetidas en personas de 5 a 14 anos,2007-02-01,3,3,3,3,6
SAN RAMON,consulta externa,repetidas en personas de 5 a 14 anos,2007-02-01,2,3,2,3,5
SAN RAMON,consulta externa,repetidas en personas de 5 a 14 anos,2007-02-01,3,6,3,6,9
SANTA ANA,consulta externa,repetidas en personas de 5 a 14 anos,2007-02-01,19,12,19,12,31
SANTA CRUZ DE LA SIERRA,consulta externa,repetidas en personas de 5 a 14 anos,2007-02-01,1962,2299,1962,2299,4261
SANTIAGO DE CALLAPA,consulta externa,repetidas en personas de 5 a 14 anos,2007-02-01,2,0,2,0,2
SANTIAGO DE HUARI,consulta externa,repetidas en personas de 5 a 14 anos,2007-02-01,0,4,0,4,4
SANTIVAÑES,consulta externa,repetidas en personas de 5 a 14 anos,2007-02-01,1,1,1,1,2
SAPAHAQUI,consulta externa,repetidas en personas de 5 a 14 anos,2007-02-01,5,0,5,0,5
SENA,consulta externa,repetidas en personas de 5 a 14 anos,2007-02-01,1,1,1,1,2
SICA SICA (VILLA AROMA),consulta externa,repetidas en personas de 5 a 14 anos,2007-02-01,2,0,2,0,2
SIPE SIPE,consulta externa,repetidas en personas de 5 a 14 anos,2007-02-01,13,16,13,16,29
SORACACHI,consulta externa,repetidas en personas de 5 a 14 anos,2007-02-01,0,1,0,1,1
SORATA,consulta externa,repetidas en personas de 5 a 14 anos,2007-02-01,0,1,0,1,1
SUCRE,consulta externa,repetidas en personas de 5 a 14 anos,2007-02-01,670,634,670,634,1304
TACACOMA,consulta externa,repetidas en personas de 5 a 14 anos,2007-02-01,1,0,1,0,1
TACOBAMBA,consulta externa,repetidas en personas de 5 a 14 anos,2007-02-01,2,0,2,0,2
TAPACARI,consulta externa,repetidas en personas de 5 a 14 anos,2007-02-01,1,0,1,0,1
TARABUCO,consulta externa,repetidas en personas de 5 a 14 anos,2007-02-01,10,13,10,13,23
TARACO,consulta externa,repetidas en personas de 5 a 14 anos,2007-02-01,1,1,1,1,2
TARATA,consulta externa,repetidas en personas de 5 a 14 anos,2007-02-01,4,0,4,0,4
TARIJA,consulta externa,repetidas en personas de 5 a 14 anos,2007-02-01,456,597,456,597,1053
TIAWANACU,consulta externa,repetidas en personas de 5 a 14 anos,2007-02-01,0,3,0,3,3
TINGUIPAYA,consulta externa,repetidas en personas de 5 a 14 anos,2007-02-01,3,0,3,0,3
TIPUANI,consulta externa,repetidas en personas de 5 a 14 anos,2007-02-01,1,0,1,0,1
TIQUIPAYA,consulta externa,repetidas en personas de 5 a 14 anos,2007-02-01,18,10,18,10,28
TIRAQUE (CBBA),consulta externa,repetidas en personas de 5 a 14 anos,2007-02-01,13,16,13,16,29
TITO YUPANQUI (PARQUIPUJIO),consulta externa,repetidas en personas de 5 a 14 anos,2007-02-01,0,2,0,2,2
TOCO,consulta externa,repetidas en personas de 5 a 14 anos,2007-02-01,0,1,0,1,1
TOLATA,consulta externa,repetidas en personas de 5 a 14 anos,2007-02-01,1,1,1,1,2
TOLEDO,consulta externa,repetidas en personas de 5 a 14 anos,2007-02-01,0,2,0,2,2
TORO TORO,consulta externa,repetidas en personas de 5 a 14 anos,2007-02-01,0,2,0,2,2
TOTORA(CBBA),consulta externa,repetidas en personas de 5 a 14 anos,2007-02-01,1,1,1,1,2
TRINIDAD,consulta externa,repetidas en personas de 5 a 14 anos,2007-02-01,87,102,87,102,189
TUPIZA,consulta externa,repetidas en personas de 5 a 14 anos,2007-02-01,62,81,62,81,143
UNCIA,consulta externa,repetidas en personas de 5 a 14 anos,2007-02-01,15,10,15,10,25
URIONDO (A. CONCEPCION),consulta externa,repetidas en personas de 5 a 14 anos,2007-02-01,6,3,6,3,9
UYUNI,consulta externa,repetidas en personas de 5 a 14 anos,2007-02-01,11,14,11,14,25
VACAS,consulta externa,repetidas en personas de 5 a 14 anos,2007-02-01,2,6,2,6,8
VALLEGRANDE,consulta externa,repetidas en personas de 5 a 14 anos,2007-02-01,17,26,17,26,43
VIACHA,consulta externa,repetidas en personas de 5 a 14 anos,2007-02-01,53,39,53,39,92
VILLA MONTES,consulta externa,repetidas en personas de 5 a 14 anos,2007-02-01,125,15,125,15,140
VILLA NUEVA (LOMA ALTA),consulta externa,repetidas en personas de 5 a 14 anos,2007-02-01,1,0,1,0,1
VILLA RIVERO,consulta externa,repetidas en personas de 5 a 14 anos,2007-02-01,1,0,1,0,1
VILLA TUNARI,consulta externa,repetidas en personas de 5 a 14 anos,2007-02-01,3,10,3,10,13
VILLA VACA GUZMAN (MUYUPAMPA),consulta externa,repetidas en personas de 5 a 14 anos,2007-02-01,9,7,9,7,16
VILLAZON,consulta externa,repetidas en personas de 5 a 14 anos,2007-02-01,29,27,29,27,56
VINTO,consulta externa,repetidas en personas de 5 a 14 anos,2007-02-01,3,7,3,7,10
VITICHI,consulta externa,repetidas en personas de 5 a 14 anos,2007-02-01,0,2,0,2,2
WARNES,consulta externa,repetidas en personas de 5 a 14 anos,2007-02-01,8,19,8,19,27
YACO,consulta externa,repetidas en personas de 5 a 14 anos,2007-02-01,1,2,1,2,3
YACUIBA,consulta externa,repetidas en personas de 5 a 14 anos,2007-02-01,83,78,83,78,161
YAMPARAEZ,consulta externa,repetidas en personas de 5 a 14 anos,2007-02-01,4,0,4,0,4
YANACACHI,consulta externa,repetidas en personas de 5 a 14 anos,2007-02-01,5,1,5,1,6
YAPACANI,consulta externa,repetidas en personas de 5 a 14 anos,2007-02-01,4,0,4,0,4
YOTALA,consulta externa,repetidas en personas de 5 a 14 anos,2007-02-01,6,5,6,5,11
YUNCHARA,consulta externa,repetidas en personas de 5 a 14 anos,2007-02-01,4,0,4,0,4
ZUDAÑEZ,consulta externa,repetidas en personas de 5 a 14 anos,2007-02-01,1,0,1,0,1
ACHACACHI,consulta externa,repetidas en personas de 5 a 14 anos,2007-03-01,9,6,9,6,15
ACHOCALLA,consulta externa,repetidas en personas de 5 a 14 anos,2007-03-01,0,1,0,1,1
AIQUILE,consulta externa,repetidas en personas de 5 a 14 anos,2007-03-01,13,19,13,19,32
ANCORAIMES,consulta externa,repetidas en personas de 5 a 14 anos,2007-03-01,0,3,0,3,3
ANDAMARCA,consulta externa,repetidas en personas de 5 a 14 anos,2007-03-01,1,0,1,0,1
ANZALDO,consulta externa,repetidas en personas de 5 a 14 anos,2007-03-01,2,5,2,5,7
APOLO,consulta externa,repetidas en personas de 5 a 14 anos,2007-03-01,2,3,2,3,5
ARANI,consulta externa,repetidas en personas de 5 a 14 anos,2007-03-01,1,3,1,3,4
ARBIETO,consulta externa,repetidas en personas de 5 a 14 anos,2007-03-01,3,2,3,2,5
ARQUE,consulta externa,repetidas en personas de 5 a 14 anos,2007-03-01,2,36,2,36,38
ASCENCION DE GUARAYOS,consulta externa,repetidas en personas de 5 a 14 anos,2007-03-01,4,8,4,8,12
ATOCHA,consulta externa,repetidas en personas de 5 a 14 anos,2007-03-01,48,47,48,47,95
AUCAPATA,consulta externa,repetidas en personas de 5 a 14 anos,2007-03-01,15,19,15,19,34
AYATA,consulta externa,repetidas en personas de 5 a 14 anos,2007-03-01,4,5,4,5,9
AYO AYO,consulta externa,repetidas en personas de 5 a 14 anos,2007-03-01,1,0,1,0,1
AYOPAYA (V. DE INDEPENDENCIA),consulta externa,repetidas en personas de 5 a 14 anos,2007-03-01,6,4,6,4,10
AZURDUY,consulta externa,repetidas en personas de 5 a 14 anos,2007-03-01,1,0,1,0,1
BATALLAS,consulta externa,repetidas en personas de 5 a 14 anos,2007-03-01,1,0,1,0,1
BAURES,consulta externa,repetidas en personas de 5 a 14 anos,2007-03-01,2,0,2,0,2
BELEN DE ANDAMARCA,consulta externa,repetidas en personas de 5 a 14 anos,2007-03-01,1,0,1,0,1
BELEN DE URMIRI,consulta externa,repetidas en personas de 5 a 14 anos,2007-03-01,1,0,1,0,1
BELLA FLOR,consulta externa,repetidas en personas de 5 a 14 anos,2007-03-01,4,13,4,13,17
BERMEJO,consulta externa,repetidas en personas de 5 a 14 anos,2007-03-01,59,52,59,52,111
BETANZOS,consulta externa,repetidas en personas de 5 a 14 anos,2007-03-01,3,2,3,2,5
BOLIVAR,consulta externa,repetidas en personas de 5 a 14 anos,2007-03-01,7,5,7,5,12
BOYUIBE,consulta externa,repetidas en personas de 5 a 14 anos,2007-03-01,3,3,3,3,6
BUENA VISTA,consulta externa,repetidas en personas de 5 a 14 anos,2007-03-01,21,13,21,13,34
CABEZAS,consulta externa,repetidas en personas de 5 a 14 anos,2007-03-01,21,25,21,25,46
CAIROMA,consulta externa,repetidas en personas de 5 a 14 anos,2007-03-01,3,4,3,4,7
"CAIZA ""D""",consulta externa,repetidas en personas de 5 a 14 anos,2007-03-01,0,6,0,6,6
CAJUATA,consulta externa,repetidas en personas de 5 a 14 anos,2007-03-01,1,2,1,2,3
CALACOTO,consulta externa,repetidas en personas de 5 a 14 anos,2007-03-01,0,1,0,1,1
CALAMARCA,consulta externa,repetidas en personas de 5 a 14 anos,2007-03-01,2,0,2,0,2
CAMARGO,consulta externa,repetidas en personas de 5 a 14 anos,2007-03-01,0,6,0,6,6
CAMATAQUI (C. VILLA ABECIA),consulta externa,repetidas en personas de 5 a 14 anos,2007-03-01,3,1,3,1,4
CAMIRI,consulta externa,repetidas en personas de 5 a 14 anos,2007-03-01,62,67,62,67,129
CAPINOTA,consulta externa,repetidas en personas de 5 a 14 anos,2007-03-01,15,10,15,10,25
CARACOLLO,consulta externa,repetidas en personas de 5 a 14 anos,2007-03-01,3,3,3,3,6
CARANAVI,consulta externa,repetidas en personas de 5 a 14 anos,2007-03-01,20,6,20,6,26
CARAPARI,consulta externa,repetidas en personas de 5 a 14 anos,2007-03-01,5,3,5,3,8
CARIPUYO,consulta externa,repetidas en personas de 5 a 14 anos,2007-03-01,1,1,1,1,2
CATACORA,consulta externa,repetidas en personas de 5 a 14 anos,2007-03-01,1,1,1,1,2
CHALLAPATA,consulta externa,repetidas en personas de 5 a 14 anos,2007-03-01,21,24,21,24,45
CHAQUI,consulta externa,repetidas en personas de 5 a 14 anos,2007-03-01,1,1,1,1,2
CHARAGUA,consulta externa,repetidas en personas de 5 a 14 anos,2007-03-01,5,8,5,8,13
CHARAÑA,consulta externa,repetidas en personas de 5 a 14 anos,2007-03-01,0,3,0,3,3
CHAYANTA,consulta externa,repetidas en personas de 5 a 14 anos,2007-03-01,1,2,1,2,3
CHIMORE,consulta externa,repetidas en personas de 5 a 14 anos,2007-03-01,2,2,2,2,4
CHULUMANI (V. DE LA LIBERTAD),consulta externa,repetidas en personas de 5 a 14 anos,2007-03-01,40,35,40,35,75
CHUMA,consulta externa,repetidas en personas de 5 a 14 anos,2007-03-01,10,8,10,8,18
CLIZA,consulta externa,repetidas en personas de 5 a 14 anos,2007-03-01,11,20,11,20,31
COBIJA,consulta externa,repetidas en personas de 5 a 14 anos,2007-03-01,19,21,19,21,40
COCHABAMBA,consulta externa,repetidas en personas de 5 a 14 anos,2007-03-01,2143,1997,2143,1997,4140
COIPASA,consulta externa,repetidas en personas de 5 a 14 anos,2007-03-01,2,0,2,0,2
COLCAPIRHUA,consulta externa,repetidas en personas de 5 a 14 anos,2007-03-01,36,54,36,54,90
"COLCHA ""K""",consulta externa,repetidas en personas de 5 a 14 anos,2007-03-01,2,2,2,2,4
COLOMI,consulta externa,repetidas en personas de 5 a 14 anos,2007-03-01,4,2,4,2,6
COLPA BELGICA,consulta externa,repetidas en personas de 5 a 14 anos,2007-03-01,4,13,4,13,17
COLQUECHACA,consulta externa,repetidas en personas de 5 a 14 anos,2007-03-01,0,3,0,3,3
COLQUIRI,consulta externa,repetidas en personas de 5 a 14 anos,2007-03-01,5,2,5,2,7
COMARAPA,consulta externa,repetidas en personas de 5 a 14 anos,2007-03-01,2,11,2,11,13
CONCEPCION,consulta externa,repetidas en personas de 5 a 14 anos,2007-03-01,10,3,10,3,13
CORIPATA,consulta externa,repetidas en personas de 5 a 14 anos,2007-03-01,1,1,1,1,2
COROICO,consulta externa,repetidas en personas de 5 a 14 anos,2007-03-01,9,12,9,12,21
CORQUE,consulta externa,repetidas en personas de 5 a 14 anos,2007-03-01,1,1,1,1,2
COTAGAITA,consulta externa,repetidas en personas de 5 a 14 anos,2007-03-01,14,18,14,18,32
COTOCA,consulta externa,repetidas en personas de 5 a 14 anos,2007-03-01,7,5,7,5,12
CUATRO CAÑADAS,consulta externa,repetidas en personas de 5 a 14 anos,2007-03-01,5,5,5,5,10
CUEVO,consulta externa,repetidas en personas de 5 a 14 anos,2007-03-01,2,1,2,1,3
DESAGUADERO,consulta externa,repetidas en personas de 5 a 14 anos,2007-03-01,1,0,1,0,1
EL ALTO,consulta externa,repetidas en personas de 5 a 14 anos,2007-03-01,1582,1793,1582,1793,3375
EL PUENTE(STC),consulta externa,repetidas en personas de 5 a 14 anos,2007-03-01,2,1,2,1,3
EL PUENTE(TJA),consulta externa,repetidas en personas de 5 a 14 anos,2007-03-01,1,0,1,0,1
EL TORNO,consulta externa,repetidas en personas de 5 a 14 anos,2007-03-01,35,63,35,63,98
EL VILLAR,consulta externa,repetidas en personas de 5 a 14 anos,2007-03-01,1,0,1,0,1
ENTRE RIOS,consulta externa,repetidas en personas de 5 a 14 anos,2007-03-01,1,6,1,6,7
ENTRE RIOS,consulta externa,repetidas en personas de 5 a 14 anos,2007-03-01,13,11,13,11,24
EUCALIPTUS,consulta externa,repetidas en personas de 5 a 14 anos,2007-03-01,1,3,1,3,4
FERNANDEZ ALONSO,consulta externa,repetidas en personas de 5 a 14 anos,2007-03-01,3,1,3,1,4
FILADELFIA,consulta externa,repetidas en personas de 5 a 14 anos,2007-03-01,3,1,3,1,4
GENERAL SAAVEDRA,consulta externa,repetidas en personas de 5 a 14 anos,2007-03-01,1,23,1,23,24
GRAL. J.J. PEREZ (CHARAZANI),consulta externa,repetidas en personas de 5 a 14 anos,2007-03-01,1,1,1,1,2
GUANAY,consulta externa,repetidas en personas de 5 a 14 anos,2007-03-01,0,1,0,1,1
GUAQUI,consulta externa,repetidas en personas de 5 a 14 anos,2007-03-01,1,0,1,0,1
GUAYARAMERIN,consulta externa,repetidas en personas de 5 a 14 anos,2007-03-01,38,40,38,40,78
GUTIERREZ,consulta externa,repetidas en personas de 5 a 14 anos,2007-03-01,5,4,5,4,9
HUACARETA,consulta externa,repetidas en personas de 5 a 14 anos,2007-03-01,12,8,12,8,20
HUACHACALLA,consulta externa,repetidas en personas de 5 a 14 anos,2007-03-01,1,0,1,0,1
HUANUNI,consulta externa,repetidas en personas de 5 a 14 anos,2007-03-01,46,55,46,55,101
ICLA,consulta externa,repetidas en personas de 5 a 14 anos,2007-03-01,2,0,2,0,2
INCAHUASI,consulta externa,repetidas en personas de 5 a 14 anos,2007-03-01,0,1,0,1,1
INQUISIVI,consulta externa,repetidas en personas de 5 a 14 anos,2007-03-01,3,2,3,2,5
IRUPANA (VILLA DE LANZA),consulta externa,repetidas en personas de 5 a 14 anos,2007-03-01,7,4,7,4,11
IXIAMAS,consulta externa,repetidas en personas de 5 a 14 anos,2007-03-01,3,0,3,0,3
JESUS DE MACHACA,consulta externa,repetidas en personas de 5 a 14 anos,2007-03-01,1,1,1,1,2
LA ASUNTA,consulta externa,repetidas en personas de 5 a 14 anos,2007-03-01,12,16,12,16,28
LA GUARDIA,consulta externa,repetidas en personas de 5 a 14 anos,2007-03-01,20,17,20,17,37
LA PAZ,consulta externa,repetidas en personas de 5 a 14 anos,2007-03-01,3010,2946,3010,2946,5956
LA RIVERA,consulta externa,repetidas en personas de 5 a 14 anos,2007-03-01,0,1,0,1,1
LAJA,consulta externa,repetidas en personas de 5 a 14 anos,2007-03-01,1,0,1,0,1
LICOMA PAMPA,consulta externa,repetidas en personas de 5 a 14 anos,2007-03-01,1,0,1,0,1
LLALLAGUA,consulta externa,repetidas en personas de 5 a 14 anos,2007-03-01,10,12,10,12,22
LLICA,consulta externa,repetidas en personas de 5 a 14 anos,2007-03-01,1,2,1,2,3
LORETO,consulta externa,repetidas en personas de 5 a 14 anos,2007-03-01,2,2,2,2,4
LURIBAY,consulta externa,repetidas en personas de 5 a 14 anos,2007-03-01,1,0,1,0,1
MACHACAMARCA,consulta externa,repetidas en personas de 5 a 14 anos,2007-03-01,3,7,3,7,10
MACHARETI,consulta externa,repetidas en personas de 5 a 14 anos,2007-03-01,3,5,3,5,8
MAGDALENA,consulta externa,repetidas en personas de 5 a 14 anos,2007-03-01,26,34,26,34,60
MAIRANA,consulta externa,repetidas en personas de 5 a 14 anos,2007-03-01,2,2,2,2,4
MALLA,consulta externa,repetidas en personas de 5 a 14 anos,2007-03-01,1,0,1,0,1
MAPIRI,consulta externa,repetidas en personas de 5 a 14 anos,2007-03-01,3,2,3,2,5
MECAPACA,consulta externa,repetidas en personas de 5 a 14 anos,2007-03-01,4,2,4,2,6
MINEROS,consulta externa,repetidas en personas de 5 a 14 anos,2007-03-01,2,0,2,0,2
MIZQUE,consulta externa,repetidas en personas de 5 a 14 anos,2007-03-01,15,15,15,15,30
MOCOMOCO,consulta externa,repetidas en personas de 5 a 14 anos,2007-03-01,3,0,3,0,3
MOJINETE,consulta externa,repetidas en personas de 5 a 14 anos,2007-03-01,0,2,0,2,2
MOJOCOYA,consulta externa,repetidas en personas de 5 a 14 anos,2007-03-01,0,1,0,1,1
MONTEAGUDO,consulta externa,repetidas en personas de 5 a 14 anos,2007-03-01,28,70,28,70,98
MONTERO,consulta externa,repetidas en personas de 5 a 14 anos,2007-03-01,761,806,761,806,1567
MORO MORO,consulta externa,repetidas en personas de 5 a 14 anos,2007-03-01,2,0,2,0,2
MOROCHATA,consulta externa,repetidas en personas de 5 a 14 anos,2007-03-01,3,7,3,7,10
NACEBE (SANTA ROSA DEL ABUNA),consulta externa,repetidas en personas de 5 a 14 anos,2007-03-01,0,2,0,2,2
OCURI,consulta externa,repetidas en personas de 5 a 14 anos,2007-03-01,0,1,0,1,1
OKINAWA,consulta externa,repetidas en personas de 5 a 14 anos,2007-03-01,5,5,5,5,10
OMEREQUE,consulta externa,repetidas en personas de 5 a 14 anos,2007-03-01,1,0,1,0,1
ORURO,consulta externa,repetidas en personas de 5 a 14 anos,2007-03-01,461,469,461,469,930
PADCAYA,consulta externa,repetidas en personas de 5 a 14 anos,2007-03-01,206,209,206,209,415
PADILLA,consulta externa,repetidas en personas de 5 a 14 anos,2007-03-01,1,2,1,2,3
PAILON,consulta externa,repetidas en personas de 5 a 14 anos,2007-03-01,3,3,3,3,6
PALCA,consulta externa,repetidas en personas de 5 a 14 anos,2007-03-01,1,5,1,5,6
PALOS BLANCOS,consulta externa,repetidas en personas de 5 a 14 anos,2007-03-01,9,2,9,2,11
PAMPA AULLAGAS,consulta externa,repetidas en personas de 5 a 14 anos,2007-03-01,1,1,1,1,2
PAMPA GRANDE,consulta externa,repetidas en personas de 5 a 14 anos,2007-03-01,0,1,0,1,1
PATACAMAYA,consulta externa,repetidas en personas de 5 a 14 anos,2007-03-01,2,1,2,1,3
PAZÑA,consulta externa,repetidas en personas de 5 a 14 anos,2007-03-01,2,3,2,3,5
POCOATA,consulta externa,repetidas en personas de 5 a 14 anos,2007-03-01,1,0,1,0,1
POCONA,consulta externa,repetidas en personas de 5 a 14 anos,2007-03-01,4,1,4,1,5
POJO (CBBA),consulta externa,repetidas en personas de 5 a 14 anos,2007-03-01,1,1,1,1,2
POOPO,consulta externa,repetidas en personas de 5 a 14 anos,2007-03-01,2,0,2,0,2
PORCO,consulta externa,repetidas en personas de 5 a 14 anos,2007-03-01,1,0,1,0,1
PORONGO,consulta externa,repetidas en personas de 5 a 14 anos,2007-03-01,8,5,8,5,13
PORTACHUELO,consulta externa,repetidas en personas de 5 a 14 anos,2007-03-01,9,1,9,1,10
PORVENIR,consulta externa,repetidas en personas de 5 a 14 anos,2007-03-01,3,4,3,4,7
POSTRER VALLE,consulta externa,repetidas en personas de 5 a 14 anos,2007-03-01,0,1,0,1,1
POTOSI,consulta externa,repetidas en personas de 5 a 14 anos,2007-03-01,381,382,381,382,763
PUCARANI,consulta externa,repetidas en personas de 5 a 14 anos,2007-03-01,1,1,1,1,2
PUERTO ACOSTA,consulta externa,repetidas en personas de 5 a 14 anos,2007-03-01,3,1,3,1,4
PUERTO CARABUCO,consulta externa,repetidas en personas de 5 a 14 anos,2007-03-01,2,1,2,1,3
PUERTO GONZALO MORENO,consulta externa,repetidas en personas de 5 a 14 anos,2007-03-01,6,4,6,4,10
PUERTO PEREZ,consulta externa,repetidas en personas de 5 a 14 anos,2007-03-01,8,0,8,0,8
PUERTO QUIJARRO,consulta externa,repetidas en personas de 5 a 14 anos,2007-03-01,16,21,16,21,37
PUERTO SILES,consulta externa,repetidas en personas de 5 a 14 anos,2007-03-01,1,0,1,0,1
PUERTO SUAREZ,consulta externa,repetidas en personas de 5 a 14 anos,2007-03-01,63,39,63,39,102
PUERTO VILLARROEL,consulta externa,repetidas en personas de 5 a 14 anos,2007-03-01,19,28,19,28,47
PUNA,consulta externa,repetidas en personas de 5 a 14 anos,2007-03-01,2,1,2,1,3
PUNATA,consulta externa,repetidas en personas de 5 a 14 anos,2007-03-01,14,66,14,66,80
QUIABAYA,consulta externa,repetidas en personas de 5 a 14 anos,2007-03-01,0,2,0,2,2
QUILLACOLLO,consulta externa,repetidas en personas de 5 a 14 anos,2007-03-01,200,199,200,199,399
QUIME,consulta externa,repetidas en personas de 5 a 14 anos,2007-03-01,5,6,5,6,11
QUIRUSILLAS,consulta externa,repetidas en personas de 5 a 14 anos,2007-03-01,0,1,0,1,1
REYES,consulta externa,repetidas en personas de 5 a 14 anos,2007-03-01,4,10,4,10,14
RIBERALTA,consulta externa,repetidas en personas de 5 a 14 anos,2007-03-01,88,74,88,74,162
ROBORE,consulta externa,repetidas en personas de 5 a 14 anos,2007-03-01,12,13,12,13,25
RURRENABAQUE,consulta externa,repetidas en personas de 5 a 14 anos,2007-03-01,18,22,18,22,40
SACABA,consulta externa,repetidas en personas de 5 a 14 anos,2007-03-01,58,64,58,64,122
SACABAMBA,consulta externa,repetidas en personas de 5 a 14 anos,2007-03-01,2,2,2,2,4
SACACA,consulta externa,repetidas en personas de 5 a 14 anos,2007-03-01,2,1,2,1,3
SAIPINA,consulta externa,repetidas en personas de 5 a 14 anos,2007-03-01,26,20,26,20,46
SALINAS DE GARCI MENDOZA,consulta externa,repetidas en personas de 5 a 14 anos,2007-03-01,0,1,0,1,1
SAMAIPATA,consulta externa,repetidas en personas de 5 a 14 anos,2007-03-01,1,4,1,4,5
SAN AGUSTIN,consulta externa,repetidas en personas de 5 a 14 anos,2007-03-01,0,1,0,1,1
SAN ANDRES,consulta externa,repetidas en personas de 5 a 14 anos,2007-03-01,0,1,0,1,1
SAN ANDRES DE MACHACA,consulta externa,repetidas en personas de 5 a 14 anos,2007-03-01,0,1,0,1,1
SAN ANTONIO DE ESMORUCO,consulta externa,repetidas en personas de 5 a 14 anos,2007-03-01,2,0,2,0,2
SAN ANTONIO DE LOMERIO,consulta externa,repetidas en personas de 5 a 14 anos,2007-03-01,2,0,2,0,2
SAN BENITO,consulta externa,repetidas en personas de 5 a 14 anos,2007-03-01,4,9,4,9,13
SAN BORJA,consulta externa,repetidas en personas de 5 a 14 anos,2007-03-01,13,17,13,17,30
SAN BUENA VENTURA,consulta externa,repetidas en personas de 5 a 14 anos,2007-03-01,4,2,4,2,6
SAN CARLOS,consulta externa,repetidas en personas de 5 a 14 anos,2007-03-01,2,1,2,1,3
SAN IGNACIO,consulta externa,repetidas en personas de 5 a 14 anos,2007-03-01,10,10,10,10,20
SAN IGNACIO DE VELASCO,consulta externa,repetidas en personas de 5 a 14 anos,2007-03-01,103,116,103,116,219
SAN JAVIER(BNI),consulta externa,repetidas en personas de 5 a 14 anos,2007-03-01,1,15,1,15,16
SAN JAVIER(STC),consulta externa,repetidas en personas de 5 a 14 anos,2007-03-01,4,5,4,5,9
SAN JOAQUIN,consulta externa,repetidas en personas de 5 a 14 anos,2007-03-01,59,57,59,57,116
SAN JOSE DE CHIQUITOS,consulta externa,repetidas en personas de 5 a 14 anos,2007-03-01,8,2,8,2,10
SAN JUAN DE YAPACANI,consulta externa,repetidas en personas de 5 a 14 anos,2007-03-01,7,3,7,3,10
SAN JULIAN,consulta externa,repetidas en personas de 5 a 14 anos,2007-03-01,188,196,188,196,384
SAN LORENZO(PND),consulta externa,repetidas en personas de 5 a 14 anos,2007-03-01,21,18,21,18,39
SAN LORENZO(TJA),consulta externa,repetidas en personas de 5 a 14 anos,2007-03-01,13,18,13,18,31
SAN LUCAS,consulta externa,repetidas en personas de 5 a 14 anos,2007-03-01,10,93,10,93,103
SAN MATIAS,consulta externa,repetidas en personas de 5 a 14 anos,2007-03-01,1,2,1,2,3
SAN MIGUEL DE VELASCO,consulta externa,repetidas en personas de 5 a 14 anos,2007-03-01,45,34,45,34,79
SAN PABLO DE LIPEZ,consulta externa,repetidas en personas de 5 a 14 anos,2007-03-01,2,6,2,6,8
SAN PEDRO,consulta externa,repetidas en personas de 5 a 14 anos,2007-03-01,7,15,7,15,22
SAN PEDRO DE CURAHUARA,consulta externa,repetidas en personas de 5 a 14 anos,2007-03-01,1,0,1,0,1
SAN PEDRO DE TIQUINA,consulta externa,repetidas en personas de 5 a 14 anos,2007-03-01,1,1,1,1,2
SAN PEDRO(PND),consulta externa,repetidas en personas de 5 a 14 anos,2007-03-01,1,0,1,0,1
SAN RAFAEL,consulta externa,repetidas en personas de 5 a 14 anos,2007-03-01,2,1,2,1,3
SAN RAMON,consulta externa,repetidas en personas de 5 a 14 anos,2007-03-01,2,5,2,5,7
SAN RAMON,consulta externa,repetidas en personas de 5 a 14 anos,2007-03-01,8,12,8,12,20
SANTA ANA,consulta externa,repetidas en personas de 5 a 14 anos,2007-03-01,8,11,8,11,19
SANTA CRUZ DE LA SIERRA,consulta externa,repetidas en personas de 5 a 14 anos,2007-03-01,2568,6779,2568,6779,9347
SANTA ROSA,consulta externa,repetidas en personas de 5 a 14 anos,2007-03-01,0,1,0,1,1
SANTA ROSA DEL SARA,consulta externa,repetidas en personas de 5 a 14 anos,2007-03-01,0,1,0,1,1
SANTIAGO DE HUARI,consulta externa,repetidas en personas de 5 a 14 anos,2007-03-01,3,2,3,2,5
SANTIAGO DE MACHACA,consulta externa,repetidas en personas de 5 a 14 anos,2007-03-01,0,1,0,1,1
SANTIVAÑES,consulta externa,repetidas en personas de 5 a 14 anos,2007-03-01,1,1,1,1,2
SICA SICA (VILLA AROMA),consulta externa,repetidas en personas de 5 a 14 anos,2007-03-01,1,0,1,0,1
SIPE SIPE,consulta externa,repetidas en personas de 5 a 14 anos,2007-03-01,8,8,8,8,16
SOPACHUY,consulta externa,repetidas en personas de 5 a 14 anos,2007-03-01,1,1,1,1,2
SORACACHI,consulta externa,repetidas en personas de 5 a 14 anos,2007-03-01,5,1,5,1,6
SORATA,consulta externa,repetidas en personas de 5 a 14 anos,2007-03-01,6,0,6,0,6
SUCRE,consulta externa,repetidas en personas de 5 a 14 anos,2007-03-01,803,829,803,829,1632
TACACOMA,consulta externa,repetidas en personas de 5 a 14 anos,2007-03-01,0,1,0,1,1
TACOPAYA,consulta externa,repetidas en personas de 5 a 14 anos,2007-03-01,0,1,0,1,1
TAPACARI,consulta externa,repetidas en personas de 5 a 14 anos,2007-03-01,2,6,2,6,8
TARABUCO,consulta externa,repetidas en personas de 5 a 14 anos,2007-03-01,20,3,20,3,23
TARATA,consulta externa,repetidas en personas de 5 a 14 anos,2007-03-01,0,9,0,9,9
TARIJA,consulta externa,repetidas en personas de 5 a 14 anos,2007-03-01,620,471,620,471,1091
TARVITA,consulta externa,repetidas en personas de 5 a 14 anos,2007-03-01,3,0,3,0,3
TEOPONTE,consulta externa,repetidas en personas de 5 a 14 anos,2007-03-01,1,0,1,0,1
TIAWANACU,consulta externa,repetidas en personas de 5 a 14 anos,2007-03-01,1,1,1,1,2
TINGUIPAYA,consulta externa,repetidas en personas de 5 a 14 anos,2007-03-01,1,0,1,0,1
TIPUANI,consulta externa,repetidas en personas de 5 a 14 anos,2007-03-01,1,3,1,3,4
TIQUIPAYA,consulta externa,repetidas en personas de 5 a 14 anos,2007-03-01,35,24,35,24,59
TIRAQUE (CBBA),consulta externa,repetidas en personas de 5 a 14 anos,2007-03-01,16,13,16,13,29
TITO YUPANQUI (PARQUIPUJIO),consulta externa,repetidas en personas de 5 a 14 anos,2007-03-01,2,0,2,0,2
TOCO,consulta externa,repetidas en personas de 5 a 14 anos,2007-03-01,1,1,1,1,2
TOLATA,consulta externa,repetidas en personas de 5 a 14 anos,2007-03-01,5,2,5,2,7
TOLEDO,consulta externa,repetidas en personas de 5 a 14 anos,2007-03-01,13,1,13,1,14
TOMAVE,consulta externa,repetidas en personas de 5 a 14 anos,2007-03-01,1,0,1,0,1
TOMINA,consulta externa,repetidas en personas de 5 a 14 anos,2007-03-01,3,3,3,3,6
TOTORA(CBBA),consulta externa,repetidas en personas de 5 a 14 anos,2007-03-01,1,0,1,0,1
TOTORA(ORR),consulta externa,repetidas en personas de 5 a 14 anos,2007-03-01,1,1,1,1,2
TRIGAL,consulta externa,repetidas en personas de 5 a 14 anos,2007-03-01,1,0,1,0,1
TRINIDAD,consulta externa,repetidas en personas de 5 a 14 anos,2007-03-01,120,139,120,139,259
TUPIZA,consulta externa,repetidas en personas de 5 a 14 anos,2007-03-01,61,90,61,90,151
TURCO,consulta externa,repetidas en personas de 5 a 14 anos,2007-03-01,2,0,2,0,2
UNCIA,consulta externa,repetidas en personas de 5 a 14 anos,2007-03-01,31,14,31,14,45
URIONDO (A. CONCEPCION),consulta externa,repetidas en personas de 5 a 14 anos,2007-03-01,2,4,2,4,6
UYUNI,consulta externa,repetidas en personas de 5 a 14 anos,2007-03-01,13,12,13,12,25
VACAS,consulta externa,repetidas en personas de 5 a 14 anos,2007-03-01,9,7,9,7,16
VALLEGRANDE,consulta externa,repetidas en personas de 5 a 14 anos,2007-03-01,19,31,19,31,50
VIACHA,consulta externa,repetidas en personas de 5 a 14 anos,2007-03-01,45,46,45,46,91
VILLA MONTES,consulta externa,repetidas en personas de 5 a 14 anos,2007-03-01,17,20,17,20,37
VILLA NUEVA (LOMA ALTA),consulta externa,repetidas en personas de 5 a 14 anos,2007-03-01,2,2,2,2,4
VILLA RIVERO,consulta externa,repetidas en personas de 5 a 14 anos,2007-03-01,1,11,1,11,12
VILLA SERRANO,consulta externa,repetidas en personas de 5 a 14 anos,2007-03-01,3,1,3,1,4
VILLA TUNARI,consulta externa,repetidas en personas de 5 a 14 anos,2007-03-01,4,11,4,11,15
VILLA VACA GUZMAN (MUYUPAMPA),consulta externa,repetidas en personas de 5 a 14 anos,2007-03-01,6,1,6,1,7
VILLAZON,consulta externa,repetidas en personas de 5 a 14 anos,2007-03-01,21,29,21,29,50
VINTO,consulta externa,repetidas en personas de 5 a 14 anos,2007-03-01,2,2,2,2,4
VITICHI,consulta externa,repetidas en personas de 5 a 14 anos,2007-03-01,1,3,1,3,4
WARNES,consulta externa,repetidas en personas de 5 a 14 anos,2007-03-01,16,16,16,16,32
YACO,consulta externa,repetidas en personas de 5 a 14 anos,2007-03-01,2,2,2,2,4
YACUIBA,consulta externa,repetidas en personas de 5 a 14 anos,2007-03-01,139,98,139,98,237
YAMPARAEZ,consulta externa,repetidas en personas de 5 a 14 anos,2007-03-01,1,0,1,0,1
YANACACHI,consulta externa,repetidas en personas de 5 a 14 anos,2007-03-01,3,2,3,2,5
YAPACANI,consulta externa,repetidas en personas de 5 a 14 anos,2007-03-01,15,14,15,14,29
YOTALA,consulta externa,repetidas en personas de 5 a 14 anos,2007-03-01,3,6,3,6,9
YUNCHARA,consulta externa,repetidas en personas de 5 a 14 anos,2007-03-01,4,0,4,0,4
ZUDAÑEZ,consulta externa,repetidas en personas de 5 a 14 anos,2007-03-01,1,1,1,1,2
ACHACACHI,consulta externa,repetidas en personas de 5 a 14 anos,2007-04-01,12,3,12,3,15
AIQUILE,consulta externa,repetidas en personas de 5 a 14 anos,2007-04-01,16,27,16,27,43
ANCORAIMES,consulta externa,repetidas en personas de 5 a 14 anos,2007-04-01,5,0,5,0,5
ANDAMARCA,consulta externa,repetidas en personas de 5 a 14 anos,2007-04-01,1,2,1,2,3
ANTEQUERA,consulta externa,repetidas en personas de 5 a 14 anos,2007-04-01,3,0,3,0,3
ANZALDO,consulta externa,repetidas en personas de 5 a 14 anos,2007-04-01,4,2,4,2,6
APOLO,consulta externa,repetidas en personas de 5 a 14 anos,2007-04-01,3,6,3,6,9
ARANI,consulta externa,repetidas en personas de 5 a 14 anos,2007-04-01,10,4,10,4,14
ARBIETO,consulta externa,repetidas en personas de 5 a 14 anos,2007-04-01,2,1,2,1,3
ARQUE,consulta externa,repetidas en personas de 5 a 14 anos,2007-04-01,3,0,3,0,3
ASCENCION DE GUARAYOS,consulta externa,repetidas en personas de 5 a 14 anos,2007-04-01,3,8,3,8,11
ATOCHA,consulta externa,repetidas en personas de 5 a 14 anos,2007-04-01,26,27,26,27,53
AUCAPATA,consulta externa,repetidas en personas de 5 a 14 anos,2007-04-01,17,9,17,9,26
AYATA,consulta externa,repetidas en personas de 5 a 14 anos,2007-04-01,2,2,2,2,4
AYO AYO,consulta externa,repetidas en personas de 5 a 14 anos,2007-04-01,3,1,3,1,4
AYOPAYA (V. DE INDEPENDENCIA),consulta externa,repetidas en personas de 5 a 14 anos,2007-04-01,16,14,16,14,30
BATALLAS,consulta externa,repetidas en personas de 5 a 14 anos,2007-04-01,1,0,1,0,1
BAURES,consulta externa,repetidas en personas de 5 a 14 anos,2007-04-01,4,0,4,0,4
BELEN DE ANDAMARCA,consulta externa,repetidas en personas de 5 a 14 anos,2007-04-01,1,1,1,1,2
BELEN DE URMIRI,consulta externa,repetidas en personas de 5 a 14 anos,2007-04-01,1,0,1,0,1
BERMEJO,consulta externa,repetidas en personas de 5 a 14 anos,2007-04-01,24,25,24,25,49
BETANZOS,consulta externa,repetidas en personas de 5 a 14 anos,2007-04-01,5,2,5,2,7
BOLIVAR,consulta externa,repetidas en personas de 5 a 14 anos,2007-04-01,0,1,0,1,1
BOLPEBRA,consulta externa,repetidas en personas de 5 a 14 anos,2007-04-01,2,0,2,0,2
BOYUIBE,consulta externa,repetidas en personas de 5 a 14 anos,2007-04-01,12,15,12,15,27
BUENA VISTA,consulta externa,repetidas en personas de 5 a 14 anos,2007-04-01,14,6,14,6,20
CABEZAS,consulta externa,repetidas en personas de 5 a 14 anos,2007-04-01,13,10,13,10,23
CAIROMA,consulta externa,repetidas en personas de 5 a 14 anos,2007-04-01,3,3,3,3,6
"CAIZA ""D""",consulta externa,repetidas en personas de 5 a 14 anos,2007-04-01,5,1,5,1,6
CAJUATA,consulta externa,repetidas en personas de 5 a 14 anos,2007-04-01,1,1,1,1,2
CALACOTO,consulta externa,repetidas en personas de 5 a 14 anos,2007-04-01,0,1,0,1,1
CALAMARCA,consulta externa,repetidas en personas de 5 a 14 anos,2007-04-01,2,0,2,0,2
CAMARGO,consulta externa,repetidas en personas de 5 a 14 anos,2007-04-01,2,1,2,1,3
CAMATAQUI (C. VILLA ABECIA),consulta externa,repetidas en personas de 5 a 14 anos,2007-04-01,6,2,6,2,8
CAMIRI,consulta externa,repetidas en personas de 5 a 14 anos,2007-04-01,52,60,52,60,112
CAPINOTA,consulta externa,repetidas en personas de 5 a 14 anos,2007-04-01,5,2,5,2,7
CAQUIAVIRI,consulta externa,repetidas en personas de 5 a 14 anos,2007-04-01,0,1,0,1,1
CARACOLLO,consulta externa,repetidas en personas de 5 a 14 anos,2007-04-01,0,1,0,1,1
CARANAVI,consulta externa,repetidas en personas de 5 a 14 anos,2007-04-01,78,104,78,104,182
CARAPARI,consulta externa,repetidas en personas de 5 a 14 anos,2007-04-01,5,4,5,4,9
CARIPUYO,consulta externa,repetidas en personas de 5 a 14 anos,2007-04-01,1,0,1,0,1
CARMEN RIVERO TORREZ,consulta externa,repetidas en personas de 5 a 14 anos,2007-04-01,2,0,2,0,2
CHALLAPATA,consulta externa,repetidas en personas de 5 a 14 anos,2007-04-01,9,10,9,10,19
CHAQUI,consulta externa,repetidas en personas de 5 a 14 anos,2007-04-01,2,2,2,2,4
CHARAGUA,consulta externa,repetidas en personas de 5 a 14 anos,2007-04-01,73,71,73,71,144
CHARAÑA,consulta externa,repetidas en personas de 5 a 14 anos,2007-04-01,3,1,3,1,4
CHAYANTA,consulta externa,repetidas en personas de 5 a 14 anos,2007-04-01,2,0,2,0,2
CHIMORE,consulta externa,repetidas en personas de 5 a 14 anos,2007-04-01,8,9,8,9,17
CHULUMANI (V. DE LA LIBERTAD),consulta externa,repetidas en personas de 5 a 14 anos,2007-04-01,32,12,32,12,44
CHUMA,consulta externa,repetidas en personas de 5 a 14 anos,2007-04-01,0,1,0,1,1
CLIZA,consulta externa,repetidas en personas de 5 a 14 anos,2007-04-01,17,3,17,3,20
COBIJA,consulta externa,repetidas en personas de 5 a 14 anos,2007-04-01,19,24,19,24,43
COCHABAMBA,consulta externa,repetidas en personas de 5 a 14 anos,2007-04-01,2122,1974,2122,1974,4096
COIPASA,consulta externa,repetidas en personas de 5 a 14 anos,2007-04-01,0,1,0,1,1
COLCAPIRHUA,consulta externa,repetidas en personas de 5 a 14 anos,2007-04-01,54,56,54,56,110
"COLCHA ""K""",consulta externa,repetidas en personas de 5 a 14 anos,2007-04-01,0,4,0,4,4
COLOMI,consulta externa,repetidas en personas de 5 a 14 anos,2007-04-01,1,1,1,1,2
COLPA BELGICA,consulta externa,repetidas en personas de 5 a 14 anos,2007-04-01,16,20,16,20,36
COLQUECHACA,consulta externa,repetidas en personas de 5 a 14 anos,2007-04-01,0,1,0,1,1
COLQUENCHA,consulta externa,repetidas en personas de 5 a 14 anos,2007-04-01,2,0,2,0,2
COLQUIRI,consulta externa,repetidas en personas de 5 a 14 anos,2007-04-01,5,4,5,4,9
COMANCHE,consulta externa,repetidas en personas de 5 a 14 anos,2007-04-01,3,0,3,0,3
COMARAPA,consulta externa,repetidas en personas de 5 a 14 anos,2007-04-01,4,5,4,5,9
CONCEPCION,consulta externa,repetidas en personas de 5 a 14 anos,2007-04-01,3,0,3,0,3
COPACABANA,consulta externa,repetidas en personas de 5 a 14 anos,2007-04-01,1,0,1,0,1
CORIPATA,consulta externa,repetidas en personas de 5 a 14 anos,2007-04-01,1,0,1,0,1
CORO CORO,consulta externa,repetidas en personas de 5 a 14 anos,2007-04-01,4,1,4,1,5
COROICO,consulta externa,repetidas en personas de 5 a 14 anos,2007-04-01,20,15,20,15,35
CORQUE,consulta externa,repetidas en personas de 5 a 14 anos,2007-04-01,0,1,0,1,1
COTAGAITA,consulta externa,repetidas en personas de 5 a 14 anos,2007-04-01,33,30,33,30,63
COTOCA,consulta externa,repetidas en personas de 5 a 14 anos,2007-04-01,5,7,5,7,12
CUATRO CAÑADAS,consulta externa,repetidas en personas de 5 a 14 anos,2007-04-01,14,10,14,10,24
CUCHUMUELA (V. G. VILLARROEL),consulta externa,repetidas en personas de 5 a 14 anos,2007-04-01,2,2,2,2,4
CUEVO,consulta externa,repetidas en personas de 5 a 14 anos,2007-04-01,1,0,1,0,1
CULPINA,consulta externa,repetidas en personas de 5 a 14 anos,2007-04-01,0,2,0,2,2
CURVA,consulta externa,repetidas en personas de 5 a 14 anos,2007-04-01,1,0,1,0,1
DESAGUADERO,consulta externa,repetidas en personas de 5 a 14 anos,2007-04-01,0,3,0,3,3
EL ALTO,consulta externa,repetidas en personas de 5 a 14 anos,2007-04-01,1503,1738,1503,1738,3241
EL CHORO,consulta externa,repetidas en personas de 5 a 14 anos,2007-04-01,1,0,1,0,1
EL PUENTE(STC),consulta externa,repetidas en personas de 5 a 14 anos,2007-04-01,1,5,1,5,6
EL TORNO,consulta externa,repetidas en personas de 5 a 14 anos,2007-04-01,41,48,41,48,89
EL VILLAR,consulta externa,repetidas en personas de 5 a 14 anos,2007-04-01,5,5,5,5,10
ENTRE RIOS,consulta externa,repetidas en personas de 5 a 14 anos,2007-04-01,3,6,3,6,9
ENTRE RIOS,consulta externa,repetidas en personas de 5 a 14 anos,2007-04-01,2,1,2,1,3
EUCALIPTUS,consulta externa,repetidas en personas de 5 a 14 anos,2007-04-01,1,6,1,6,7
FERNANDEZ ALONSO,consulta externa,repetidas en personas de 5 a 14 anos,2007-04-01,1,1,1,1,2
FILADELFIA,consulta externa,repetidas en personas de 5 a 14 anos,2007-04-01,8,0,8,0,8
GENERAL SAAVEDRA,consulta externa,repetidas en personas de 5 a 14 anos,2007-04-01,0,23,0,23,23
GRAL. J.J. PEREZ (CHARAZANI),consulta externa,repetidas en personas de 5 a 14 anos,2007-04-01,3,0,3,0,3
GUANAY,consulta externa,repetidas en personas de 5 a 14 anos,2007-04-01,0,1,0,1,1
GUAQUI,consulta externa,repetidas en personas de 5 a 14 anos,2007-04-01,2,0,2,0,2
GUAYARAMERIN,consulta externa,repetidas en personas de 5 a 14 anos,2007-04-01,60,57,60,57,117
GUTIERREZ,consulta externa,repetidas en personas de 5 a 14 anos,2007-04-01,8,2,8,2,10
HUACARETA,consulta externa,repetidas en personas de 5 a 14 anos,2007-04-01,9,8,9,8,17
HUACAYA (VILLA DE HUACAYA),consulta externa,repetidas en personas de 5 a 14 anos,2007-04-01,0,1,0,1,1
HUANUNI,consulta externa,repetidas en personas de 5 a 14 anos,2007-04-01,245,239,245,239,484
HUARACAJE,consulta externa,repetidas en personas de 5 a 14 anos,2007-04-01,3,0,3,0,3
HUAYLLAMARCA,consulta externa,repetidas en personas de 5 a 14 anos,2007-04-01,1,0,1,0,1
ICHOCA,consulta externa,repetidas en personas de 5 a 14 anos,2007-04-01,1,0,1,0,1
ICLA,consulta externa,repetidas en personas de 5 a 14 anos,2007-04-01,1,0,1,0,1
INGAVI (HUMAITA),consulta externa,repetidas en personas de 5 a 14 anos,2007-04-01,1,0,1,0,1
INQUISIVI,consulta externa,repetidas en personas de 5 a 14 anos,2007-04-01,6,11,6,11,17
IRUPANA (VILLA DE LANZA),consulta externa,repetidas en personas de 5 a 14 anos,2007-04-01,2,2,2,2,4
IXIAMAS,consulta externa,repetidas en personas de 5 a 14 anos,2007-04-01,2,20,2,20,22
JESUS DE MACHACA,consulta externa,repetidas en personas de 5 a 14 anos,2007-04-01,2,0,2,0,2
LA ASUNTA,consulta externa,repetidas en personas de 5 a 14 anos,2007-04-01,4,3,4,3,7
LA GUARDIA,consulta externa,repetidas en personas de 5 a 14 anos,2007-04-01,19,8,19,8,27
LA PAZ,consulta externa,repetidas en personas de 5 a 14 anos,2007-04-01,2886,2806,2886,2806,5692
LAGUNILLAS,consulta externa,repetidas en personas de 5 a 14 anos,2007-04-01,1,0,1,0,1
LAJA,consulta externa,repetidas en personas de 5 a 14 anos,2007-04-01,3,6,3,6,9
LAS CARRERAS,consulta externa,repetidas en personas de 5 a 14 anos,2007-04-01,1,1,1,1,2
LICOMA PAMPA,consulta externa,repetidas en personas de 5 a 14 anos,2007-04-01,0,3,0,3,3
LLALLAGUA,consulta externa,repetidas en personas de 5 a 14 anos,2007-04-01,18,16,18,16,34
LLICA,consulta externa,repetidas en personas de 5 a 14 anos,2007-04-01,1,0,1,0,1
LORETO,consulta externa,repetidas en personas de 5 a 14 anos,2007-04-01,3,6,3,6,9
LURIBAY,consulta externa,repetidas en personas de 5 a 14 anos,2007-04-01,0,1,0,1,1
MACHACAMARCA,consulta externa,repetidas en personas de 5 a 14 anos,2007-04-01,0,3,0,3,3
MACHARETI,consulta externa,repetidas en personas de 5 a 14 anos,2007-04-01,6,7,6,7,13
MAGDALENA,consulta externa,repetidas en personas de 5 a 14 anos,2007-04-01,24,24,24,24,48
MAIRANA,consulta externa,repetidas en personas de 5 a 14 anos,2007-04-01,0,3,0,3,3
MAPIRI,consulta externa,repetidas en personas de 5 a 14 anos,2007-04-01,5,1,5,1,6
MECAPACA,consulta externa,repetidas en personas de 5 a 14 anos,2007-04-01,9,5,9,5,14
MINEROS,consulta externa,repetidas en personas de 5 a 14 anos,2007-04-01,2,0,2,0,2
MIZQUE,consulta externa,repetidas en personas de 5 a 14 anos,2007-04-01,54,69,54,69,123
MOJINETE,consulta externa,repetidas en personas de 5 a 14 anos,2007-04-01,1,1,1,1,2
MOJOCOYA,consulta externa,repetidas en personas de 5 a 14 anos,2007-04-01,4,3,4,3,7
MONTEAGUDO,consulta externa,repetidas en personas de 5 a 14 anos,2007-04-01,34,59,34,59,93
MONTERO,consulta externa,repetidas en personas de 5 a 14 anos,2007-04-01,272,361,272,361,633
MORO MORO,consulta externa,repetidas en personas de 5 a 14 anos,2007-04-01,3,1,3,1,4
MOROCHATA,consulta externa,repetidas en personas de 5 a 14 anos,2007-04-01,10,16,10,16,26
NUEVO MANOA (NUEVA ESPERANZA),consulta externa,repetidas en personas de 5 a 14 anos,2007-04-01,0,1,0,1,1
OKINAWA,consulta externa,repetidas en personas de 5 a 14 anos,2007-04-01,3,11,3,11,14
OMEREQUE,consulta externa,repetidas en personas de 5 a 14 anos,2007-04-01,0,2,0,2,2
ORURO,consulta externa,repetidas en personas de 5 a 14 anos,2007-04-01,449,435,449,435,884
PADCAYA,consulta externa,repetidas en personas de 5 a 14 anos,2007-04-01,128,104,128,104,232
PADILLA,consulta externa,repetidas en personas de 5 a 14 anos,2007-04-01,1,1,1,1,2
PAILON,consulta externa,repetidas en personas de 5 a 14 anos,2007-04-01,2,2,2,2,4
PALCA,consulta externa,repetidas en personas de 5 a 14 anos,2007-04-01,1,6,1,6,7
PALOS BLANCOS,consulta externa,repetidas en personas de 5 a 14 anos,2007-04-01,3,1,3,1,4
PAMPA AULLAGAS,consulta externa,repetidas en personas de 5 a 14 anos,2007-04-01,1,1,1,1,2
PAMPA GRANDE,consulta externa,repetidas en personas de 5 a 14 anos,2007-04-01,2,1,2,1,3
PAPEL PAMPA,consulta externa,repetidas en personas de 5 a 14 anos,2007-04-01,0,1,0,1,1
PATACAMAYA,consulta externa,repetidas en personas de 5 a 14 anos,2007-04-01,1,3,1,3,4
POCOATA,consulta externa,repetidas en personas de 5 a 14 anos,2007-04-01,23,31,23,31,54
POCONA,consulta externa,repetidas en personas de 5 a 14 anos,2007-04-01,2,0,2,0,2
POOPO,consulta externa,repetidas en personas de 5 a 14 anos,2007-04-01,5,2,5,2,7
PORCO,consulta externa,repetidas en personas de 5 a 14 anos,2007-04-01,2,2,2,2,4
POROMA,consulta externa,repetidas en personas de 5 a 14 anos,2007-04-01,1,0,1,0,1
PORONGO,consulta externa,repetidas en personas de 5 a 14 anos,2007-04-01,4,0,4,0,4
PORTACHUELO,consulta externa,repetidas en personas de 5 a 14 anos,2007-04-01,11,8,11,8,19
PORVENIR,consulta externa,repetidas en personas de 5 a 14 anos,2007-04-01,1,2,1,2,3
POTOSI,consulta externa,repetidas en personas de 5 a 14 anos,2007-04-01,443,441,443,441,884
PUCARA,consulta externa,repetidas en personas de 5 a 14 anos,2007-04-01,1,1,1,1,2
PUCARANI,consulta externa,repetidas en personas de 5 a 14 anos,2007-04-01,2,1,2,1,3
PUERTO ACOSTA,consulta externa,repetidas en personas de 5 a 14 anos,2007-04-01,2,0,2,0,2
PUERTO CARABUCO,consulta externa,repetidas en personas de 5 a 14 anos,2007-04-01,0,3,0,3,3
PUERTO QUIJARRO,consulta externa,repetidas en personas de 5 a 14 anos,2007-04-01,13,1,13,1,14
PUERTO RICO,consulta externa,repetidas en personas de 5 a 14 anos,2007-04-01,1,2,1,2,3
PUERTO SUAREZ,consulta externa,repetidas en personas de 5 a 14 anos,2007-04-01,7,19,7,19,26
PUERTO VILLARROEL,consulta externa,repetidas en personas de 5 a 14 anos,2007-04-01,12,8,12,8,20
PUNA,consulta externa,repetidas en personas de 5 a 14 anos,2007-04-01,1,0,1,0,1
PUNATA,consulta externa,repetidas en personas de 5 a 14 anos,2007-04-01,9,19,9,19,28
QUILLACOLLO,consulta externa,repetidas en personas de 5 a 14 anos,2007-04-01,85,75,85,75,160
QUIME,consulta externa,repetidas en personas de 5 a 14 anos,2007-04-01,0,1,0,1,1
REYES,consulta externa,repetidas en personas de 5 a 14 anos,2007-04-01,8,8,8,8,16
RIBERALTA,consulta externa,repetidas en personas de 5 a 14 anos,2007-04-01,29,29,29,29,58
ROBORE,consulta externa,repetidas en personas de 5 a 14 anos,2007-04-01,14,9,14,9,23
RURRENABAQUE,consulta externa,repetidas en personas de 5 a 14 anos,2007-04-01,6,17,6,17,23
SACABA,consulta externa,repetidas en personas de 5 a 14 anos,2007-04-01,62,83,62,83,145
SACABAMBA,consulta externa,repetidas en personas de 5 a 14 anos,2007-04-01,1,1,1,1,2
SALINAS DE GARCI MENDOZA,consulta externa,repetidas en personas de 5 a 14 anos,2007-04-01,0,1,0,1,1
SAMAIPATA,consulta externa,repetidas en personas de 5 a 14 anos,2007-04-01,0,2,0,2,2
SAN AGUSTIN,consulta externa,repetidas en personas de 5 a 14 anos,2007-04-01,1,0,1,0,1
SAN ANDRES,consulta externa,repetidas en personas de 5 a 14 anos,2007-04-01,1,0,1,0,1
SAN ANDRES DE MACHACA,consulta externa,repetidas en personas de 5 a 14 anos,2007-04-01,1,0,1,0,1
SAN ANTONIO DE LOMERIO,consulta externa,repetidas en personas de 5 a 14 anos,2007-04-01,1,0,1,0,1
SAN BENITO,consulta externa,repetidas en personas de 5 a 14 anos,2007-04-01,7,3,7,3,10
SAN BORJA,consulta externa,repetidas en personas de 5 a 14 anos,2007-04-01,12,9,12,9,21
SAN BUENA VENTURA,consulta externa,repetidas en personas de 5 a 14 anos,2007-04-01,4,5,4,5,9
SAN CARLOS,consulta externa,repetidas en personas de 5 a 14 anos,2007-04-01,12,3,12,3,15
SAN IGNACIO,consulta externa,repetidas en personas de 5 a 14 anos,2007-04-01,40,38,40,38,78
SAN IGNACIO DE VELASCO,consulta externa,repetidas en personas de 5 a 14 anos,2007-04-01,89,128,89,128,217
SAN JAVIER(STC),consulta externa,repetidas en personas de 5 a 14 anos,2007-04-01,2,4,2,4,6
SAN JOAQUIN,consulta externa,repetidas en personas de 5 a 14 anos,2007-04-01,2,9,2,9,11
SAN JOSE DE CHIQUITOS,consulta externa,repetidas en personas de 5 a 14 anos,2007-04-01,2,1,2,1,3
SAN JUAN DE YAPACANI,consulta externa,repetidas en personas de 5 a 14 anos,2007-04-01,9,8,9,8,17
SAN JULIAN,consulta externa,repetidas en personas de 5 a 14 anos,2007-04-01,17,8,17,8,25
SAN LORENZO(PND),consulta externa,repetidas en personas de 5 a 14 anos,2007-04-01,7,2,7,2,9
SAN LORENZO(TJA),consulta externa,repetidas en personas de 5 a 14 anos,2007-04-01,4,1,4,1,5
SAN LUCAS,consulta externa,repetidas en personas de 5 a 14 anos,2007-04-01,1,3,1,3,4
SAN MATIAS,consulta externa,repetidas en personas de 5 a 14 anos,2007-04-01,1,0,1,0,1
SAN MIGUEL DE VELASCO,consulta externa,repetidas en personas de 5 a 14 anos,2007-04-01,6,16,6,16,22
SAN PABLO DE LIPEZ,consulta externa,repetidas en personas de 5 a 14 anos,2007-04-01,1,1,1,1,2
SAN PEDRO,consulta externa,repetidas en personas de 5 a 14 anos,2007-04-01,10,8,10,8,18
SAN PEDRO DE BUENA VISTA,consulta externa,repetidas en personas de 5 a 14 anos,2007-04-01,7,4,7,4,11
SAN PEDRO DE CURAHUARA,consulta externa,repetidas en personas de 5 a 14 anos,2007-04-01,1,0,1,0,1
SAN RAFAEL,consulta externa,repetidas en personas de 5 a 14 anos,2007-04-01,1,5,1,5,6
SAN RAMON,consulta externa,repetidas en personas de 5 a 14 anos,2007-04-01,1,0,1,0,1
SAN RAMON,consulta externa,repetidas en personas de 5 a 14 anos,2007-04-01,7,10,7,10,17
SANTA ANA,consulta externa,repetidas en personas de 5 a 14 anos,2007-04-01,12,44,12,44,56
SANTA CRUZ DE LA SIERRA,consulta externa,repetidas en personas de 5 a 14 anos,2007-04-01,1951,2422,1951,2422,4373
SANTA ROSA DEL SARA,consulta externa,repetidas en personas de 5 a 14 anos,2007-04-01,0,1,0,1,1
SANTIAGO DE HUARI,consulta externa,repetidas en personas de 5 a 14 anos,2007-04-01,3,5,3,5,8
SANTIVAÑES,consulta externa,repetidas en personas de 5 a 14 anos,2007-04-01,1,1,1,1,2
SANTUARIO DE QUILLACAS,consulta externa,repetidas en personas de 5 a 14 anos,2007-04-01,0,1,0,1,1
SAPAHAQUI,consulta externa,repetidas en personas de 5 a 14 anos,2007-04-01,0,1,0,1,1
SIPE SIPE,consulta externa,repetidas en personas de 5 a 14 anos,2007-04-01,14,10,14,10,24
SOPACHUY,consulta externa,repetidas en personas de 5 a 14 anos,2007-04-01,2,0,2,0,2
SORACACHI,consulta externa,repetidas en personas de 5 a 14 anos,2007-04-01,1,0,1,0,1
SUCRE,consulta externa,repetidas en personas de 5 a 14 anos,2007-04-01,930,731,930,731,1661
TACOBAMBA,consulta externa,repetidas en personas de 5 a 14 anos,2007-04-01,0,1,0,1,1
TAHUA,consulta externa,repetidas en personas de 5 a 14 anos,2007-04-01,1,0,1,0,1
TAPACARI,consulta externa,repetidas en personas de 5 a 14 anos,2007-04-01,14,50,14,50,64
TARABUCO,consulta externa,repetidas en personas de 5 a 14 anos,2007-04-01,5,4,5,4,9
TARATA,consulta externa,repetidas en personas de 5 a 14 anos,2007-04-01,5,3,5,3,8
TARIJA,consulta externa,repetidas en personas de 5 a 14 anos,2007-04-01,444,399,444,399,843
TARVITA,consulta externa,repetidas en personas de 5 a 14 anos,2007-04-01,3,2,3,2,5
TEOPONTE,consulta externa,repetidas en personas de 5 a 14 anos,2007-04-01,2,0,2,0,2
TIAWANACU,consulta externa,repetidas en personas de 5 a 14 anos,2007-04-01,5,2,5,2,7
TIPUANI,consulta externa,repetidas en personas de 5 a 14 anos,2007-04-01,8,1,8,1,9
TIQUIPAYA,consulta externa,repetidas en personas de 5 a 14 anos,2007-04-01,21,23,21,23,44
TIRAQUE (CBBA),consulta externa,repetidas en personas de 5 a 14 anos,2007-04-01,21,14,21,14,35
TITO YUPANQUI (PARQUIPUJIO),consulta externa,repetidas en personas de 5 a 14 anos,2007-04-01,0,1,0,1,1
TOCO,consulta externa,repetidas en personas de 5 a 14 anos,2007-04-01,4,5,4,5,9
TOLATA,consulta externa,repetidas en personas de 5 a 14 anos,2007-04-01,3,0,3,0,3
TOLEDO,consulta externa,repetidas en personas de 5 a 14 anos,2007-04-01,4,0,4,0,4
TOMAVE,consulta externa,repetidas en personas de 5 a 14 anos,2007-04-01,0,4,0,4,4
TOMINA,consulta externa,repetidas en personas de 5 a 14 anos,2007-04-01,0,1,0,1,1
TOTORA(CBBA),consulta externa,repetidas en personas de 5 a 14 anos,2007-04-01,3,2,3,2,5
TOTORA(ORR),consulta externa,repetidas en personas de 5 a 14 anos,2007-04-01,1,1,1,1,2
TRINIDAD,consulta externa,repetidas en personas de 5 a 14 anos,2007-04-01,148,133,148,133,281
TUPIZA,consulta externa,repetidas en personas de 5 a 14 anos,2007-04-01,57,81,57,81,138
UMALA,consulta externa,repetidas en personas de 5 a 14 anos,2007-04-01,10,17,10,17,27
UNCIA,consulta externa,repetidas en personas de 5 a 14 anos,2007-04-01,28,18,28,18,46
URIONDO (A. CONCEPCION),consulta externa,repetidas en personas de 5 a 14 anos,2007-04-01,46,50,46,50,96
UYUNI,consulta externa,repetidas en personas de 5 a 14 anos,2007-04-01,38,16,38,16,54
VACAS,consulta externa,repetidas en personas de 5 a 14 anos,2007-04-01,9,10,9,10,19
VALLEGRANDE,consulta externa,repetidas en personas de 5 a 14 anos,2007-04-01,19,26,19,26,45
VIACHA,consulta externa,repetidas en personas de 5 a 14 anos,2007-04-01,58,58,58,58,116
VILLA MONTES,consulta externa,repetidas en personas de 5 a 14 anos,2007-04-01,14,23,14,23,37
VILLA NUEVA (LOMA ALTA),consulta externa,repetidas en personas de 5 a 14 anos,2007-04-01,0,3,0,3,3
VILLA RIVERO,consulta externa,repetidas en personas de 5 a 14 anos,2007-04-01,7,2,7,2,9
VILLA SERRANO,consulta externa,repetidas en personas de 5 a 14 anos,2007-04-01,1,1,1,1,2
VILLA TUNARI,consulta externa,repetidas en personas de 5 a 14 anos,2007-04-01,28,29,28,29,57
VILLA VACA GUZMAN (MUYUPAMPA),consulta externa,repetidas en personas de 5 a 14 anos,2007-04-01,5,2,5,2,7
VILLAZON,consulta externa,repetidas en personas de 5 a 14 anos,2007-04-01,10,20,10,20,30
VINTO,consulta externa,repetidas en personas de 5 a 14 anos,2007-04-01,3,2,3,2,5
VITICHI,consulta externa,repetidas en personas de 5 a 14 anos,2007-04-01,6,4,6,4,10
WALDO BALLIVIAN,consulta externa,repetidas en personas de 5 a 14 anos,2007-04-01,0,1,0,1,1
WARNES,consulta externa,repetidas en personas de 5 a 14 anos,2007-04-01,12,2,12,2,14
YACO,consulta externa,repetidas en personas de 5 a 14 anos,2007-04-01,0,1,0,1,1
YACUIBA,consulta externa,repetidas en personas de 5 a 14 anos,2007-04-01,107,83,107,83,190
YAMPARAEZ,consulta externa,repetidas en personas de 5 a 14 anos,2007-04-01,7,1,7,1,8
YAPACANI,consulta externa,repetidas en personas de 5 a 14 anos,2007-04-01,8,6,8,6,14
YOCALLA,consulta externa,repetidas en personas de 5 a 14 anos,2007-04-01,0,1,0,1,1
YOTALA,consulta externa,repetidas en personas de 5 a 14 anos,2007-04-01,2,9,2,9,11
YUNCHARA,consulta externa,repetidas en personas de 5 a 14 anos,2007-04-01,1,1,1,1,2
ZUDAÑEZ,consulta externa,repetidas en personas de 5 a 14 anos,2007-04-01,0,1,0,1,1
ACHACACHI,consulta externa,repetidas en personas de 5 a 14 anos,2007-05-01,6,9,6,9,15
AIQUILE,consulta externa,repetidas en personas de 5 a 14 anos,2007-05-01,17,20,17,20,37
ALCALA,consulta externa,repetidas en personas de 5 a 14 anos,2007-05-01,0,3,0,3,3
ANCORAIMES,consulta externa,repetidas en personas de 5 a 14 anos,2007-05-01,3,1,3,1,4
ANDAMARCA,consulta externa,repetidas en personas de 5 a 14 anos,2007-05-01,3,1,3,1,4
ANTEQUERA,consulta externa,repetidas en personas de 5 a 14 anos,2007-05-01,3,2,3,2,5
ANZALDO,consulta externa,repetidas en personas de 5 a 14 anos,2007-05-01,1,4,1,4,5
APOLO,consulta externa,repetidas en personas de 5 a 14 anos,2007-05-01,1,2,1,2,3
ARAMPAMPA,consulta externa,repetidas en personas de 5 a 14 anos,2007-05-01,0,1,0,1,1
ARANI,consulta externa,repetidas en personas de 5 a 14 anos,2007-05-01,8,3,8,3,11
ARBIETO,consulta externa,repetidas en personas de 5 a 14 anos,2007-05-01,0,5,0,5,5
ASCENCION DE GUARAYOS,consulta externa,repetidas en personas de 5 a 14 anos,2007-05-01,2,11,2,11,13
ATOCHA,consulta externa,repetidas en personas de 5 a 14 anos,2007-05-01,50,54,50,54,104
AUCAPATA,consulta externa,repetidas en personas de 5 a 14 anos,2007-05-01,18,22,18,22,40
AYATA,consulta externa,repetidas en personas de 5 a 14 anos,2007-05-01,2,3,2,3,5
AYOPAYA (V. DE INDEPENDENCIA),consulta externa,repetidas en personas de 5 a 14 anos,2007-05-01,25,35,25,35,60
BATALLAS,consulta externa,repetidas en personas de 5 a 14 anos,2007-05-01,1,0,1,0,1
BAURES,consulta externa,repetidas en personas de 5 a 14 anos,2007-05-01,0,3,0,3,3
BELEN DE ANDAMARCA,consulta externa,repetidas en personas de 5 a 14 anos,2007-05-01,0,2,0,2,2
BERMEJO,consulta externa,repetidas en personas de 5 a 14 anos,2007-05-01,48,41,48,41,89
BETANZOS,consulta externa,repetidas en personas de 5 a 14 anos,2007-05-01,5,4,5,4,9
BOLIVAR,consulta externa,repetidas en personas de 5 a 14 anos,2007-05-01,0,2,0,2,2
BOLPEBRA,consulta externa,repetidas en personas de 5 a 14 anos,2007-05-01,1,0,1,0,1
BOYUIBE,consulta externa,repetidas en personas de 5 a 14 anos,2007-05-01,4,1,4,1,5
BUENA VISTA,consulta externa,repetidas en personas de 5 a 14 anos,2007-05-01,6,4,6,4,10
CABEZAS,consulta externa,repetidas en personas de 5 a 14 anos,2007-05-01,2,3,2,3,5
CAIROMA,consulta externa,repetidas en personas de 5 a 14 anos,2007-05-01,2,3,2,3,5
"CAIZA ""D""",consulta externa,repetidas en personas de 5 a 14 anos,2007-05-01,1,1,1,1,2
CAJUATA,consulta externa,repetidas en personas de 5 a 14 anos,2007-05-01,1,1,1,1,2
CALACOTO,consulta externa,repetidas en personas de 5 a 14 anos,2007-05-01,3,3,3,3,6
CALAMARCA,consulta externa,repetidas en personas de 5 a 14 anos,2007-05-01,3,0,3,0,3
CAMARGO,consulta externa,repetidas en personas de 5 a 14 anos,2007-05-01,1,1,1,1,2
CAMATAQUI (C. VILLA ABECIA),consulta externa,repetidas en personas de 5 a 14 anos,2007-05-01,6,2,6,2,8
CAMIRI,consulta externa,repetidas en personas de 5 a 14 anos,2007-05-01,56,65,56,65,121
CAPINOTA,consulta externa,repetidas en personas de 5 a 14 anos,2007-05-01,19,22,19,22,41
CAQUIAVIRI,consulta externa,repetidas en personas de 5 a 14 anos,2007-05-01,1,1,1,1,2
CARACOLLO,consulta externa,repetidas en personas de 5 a 14 anos,2007-05-01,2,4,2,4,6
CARANAVI,consulta externa,repetidas en personas de 5 a 14 anos,2007-05-01,6,13,6,13,19
CARANGAS,consulta externa,repetidas en personas de 5 a 14 anos,2007-05-01,1,1,1,1,2
CARAPARI,consulta externa,repetidas en personas de 5 a 14 anos,2007-05-01,19,15,19,15,34
CARMEN RIVERO TORREZ,consulta externa,repetidas en personas de 5 a 14 anos,2007-05-01,1,0,1,0,1
CATACORA,consulta externa,repetidas en personas de 5 a 14 anos,2007-05-01,1,1,1,1,2
CHALLAPATA,consulta externa,repetidas en personas de 5 a 14 anos,2007-05-01,19,13,19,13,32
CHAQUI,consulta externa,repetidas en personas de 5 a 14 anos,2007-05-01,0,1,0,1,1
CHARAGUA,consulta externa,repetidas en personas de 5 a 14 anos,2007-05-01,2,5,2,5,7
CHARAÑA,consulta externa,repetidas en personas de 5 a 14 anos,2007-05-01,1,1,1,1,2
CHAYANTA,consulta externa,repetidas en personas de 5 a 14 anos,2007-05-01,0,3,0,3,3
CHIMORE,consulta externa,repetidas en personas de 5 a 14 anos,2007-05-01,1,9,1,9,10
CHIPAYA,consulta externa,repetidas en personas de 5 a 14 anos,2007-05-01,0,1,0,1,1
CHULUMANI (V. DE LA LIBERTAD),consulta externa,repetidas en personas de 5 a 14 anos,2007-05-01,19,14,19,14,33
CHUMA,consulta externa,repetidas en personas de 5 a 14 anos,2007-05-01,1,0,1,0,1
CLIZA,consulta externa,repetidas en personas de 5 a 14 anos,2007-05-01,13,10,13,10,23
COBIJA,consulta externa,repetidas en personas de 5 a 14 anos,2007-05-01,24,40,24,40,64
COCHABAMBA,consulta externa,repetidas en personas de 5 a 14 anos,2007-05-01,2263,2269,2263,2269,4532
COIPASA,consulta externa,repetidas en personas de 5 a 14 anos,2007-05-01,1,1,1,1,2
COLCAPIRHUA,consulta externa,repetidas en personas de 5 a 14 anos,2007-05-01,69,63,69,63,132
"COLCHA ""K""",consulta externa,repetidas en personas de 5 a 14 anos,2007-05-01,2,5,2,5,7
COLOMI,consulta externa,repetidas en personas de 5 a 14 anos,2007-05-01,2,1,2,1,3
COLPA BELGICA,consulta externa,repetidas en personas de 5 a 14 anos,2007-05-01,7,11,7,11,18
COLQUECHACA,consulta externa,repetidas en personas de 5 a 14 anos,2007-05-01,3,5,3,5,8
COLQUENCHA,consulta externa,repetidas en personas de 5 a 14 anos,2007-05-01,1,3,1,3,4
COLQUIRI,consulta externa,repetidas en personas de 5 a 14 anos,2007-05-01,9,3,9,3,12
COMANCHE,consulta externa,repetidas en personas de 5 a 14 anos,2007-05-01,2,0,2,0,2
COMARAPA,consulta externa,repetidas en personas de 5 a 14 anos,2007-05-01,2,6,2,6,8
CONCEPCION,consulta externa,repetidas en personas de 5 a 14 anos,2007-05-01,1,0,1,0,1
COPACABANA,consulta externa,repetidas en personas de 5 a 14 anos,2007-05-01,2,2,2,2,4
CORIPATA,consulta externa,repetidas en personas de 5 a 14 anos,2007-05-01,3,4,3,4,7
COROICO,consulta externa,repetidas en personas de 5 a 14 anos,2007-05-01,14,11,14,11,25
CORQUE,consulta externa,repetidas en personas de 5 a 14 anos,2007-05-01,7,4,7,4,11
COTAGAITA,consulta externa,repetidas en personas de 5 a 14 anos,2007-05-01,16,22,16,22,38
COTOCA,consulta externa,repetidas en personas de 5 a 14 anos,2007-05-01,3,5,3,5,8
CUATRO CAÑADAS,consulta externa,repetidas en personas de 5 a 14 anos,2007-05-01,30,33,30,33,63
CUCHUMUELA (V. G. VILLARROEL),consulta externa,repetidas en personas de 5 a 14 anos,2007-05-01,2,2,2,2,4
CUEVO,consulta externa,repetidas en personas de 5 a 14 anos,2007-05-01,4,3,4,3,7
CULPINA,consulta externa,repetidas en personas de 5 a 14 anos,2007-05-01,0,5,0,5,5
CURAHUARA DE CARANGAS,consulta externa,repetidas en personas de 5 a 14 anos,2007-05-01,2,7,2,7,9
CURVA,consulta externa,repetidas en personas de 5 a 14 anos,2007-05-01,1,0,1,0,1
EL ALTO,consulta externa,repetidas en personas de 5 a 14 anos,2007-05-01,1377,1525,1377,1525,2902
EL PUENTE(STC),consulta externa,repetidas en personas de 5 a 14 anos,2007-05-01,1,0,1,0,1
EL PUENTE(TJA),consulta externa,repetidas en personas de 5 a 14 anos,2007-05-01,7,8,7,8,15
EL TORNO,consulta externa,repetidas en personas de 5 a 14 anos,2007-05-01,45,44,45,44,89
EL VILLAR,consulta externa,repetidas en personas de 5 a 14 anos,2007-05-01,1,1,1,1,2
ENTRE RIOS,consulta externa,repetidas en personas de 5 a 14 anos,2007-05-01,4,0,4,0,4
ENTRE RIOS,consulta externa,repetidas en personas de 5 a 14 anos,2007-05-01,8,5,8,5,13
EUCALIPTUS,consulta externa,repetidas en personas de 5 a 14 anos,2007-05-01,1,5,1,5,6
EXALTACION,consulta externa,repetidas en personas de 5 a 14 anos,2007-05-01,1,0,1,0,1
FERNANDEZ ALONSO,consulta externa,repetidas en personas de 5 a 14 anos,2007-05-01,3,6,3,6,9
FILADELFIA,consulta externa,repetidas en personas de 5 a 14 anos,2007-05-01,1,0,1,0,1
GENERAL SAAVEDRA,consulta externa,repetidas en personas de 5 a 14 anos,2007-05-01,4,109,4,109,113
GUANAY,consulta externa,repetidas en personas de 5 a 14 anos,2007-05-01,0,2,0,2,2
GUAQUI,consulta externa,repetidas en personas de 5 a 14 anos,2007-05-01,3,4,3,4,7
GUAYARAMERIN,consulta externa,repetidas en personas de 5 a 14 anos,2007-05-01,53,40,53,40,93
GUTIERREZ,consulta externa,repetidas en personas de 5 a 14 anos,2007-05-01,4,7,4,7,11
HUACARETA,consulta externa,repetidas en personas de 5 a 14 anos,2007-05-01,3,0,3,0,3
HUANUNI,consulta externa,repetidas en personas de 5 a 14 anos,2007-05-01,328,225,328,225,553
HUARACAJE,consulta externa,repetidas en personas de 5 a 14 anos,2007-05-01,11,4,11,4,15
HUAYLLAMARCA,consulta externa,repetidas en personas de 5 a 14 anos,2007-05-01,2,0,2,0,2
ICLA,consulta externa,repetidas en personas de 5 a 14 anos,2007-05-01,2,2,2,2,4
INGAVI (HUMAITA),consulta externa,repetidas en personas de 5 a 14 anos,2007-05-01,4,5,4,5,9
INQUISIVI,consulta externa,repetidas en personas de 5 a 14 anos,2007-05-01,2,1,2,1,3
IRUPANA (VILLA DE LANZA),consulta externa,repetidas en personas de 5 a 14 anos,2007-05-01,2,3,2,3,5
IXIAMAS,consulta externa,repetidas en personas de 5 a 14 anos,2007-05-01,0,1,0,1,1
JESUS DE MACHACA,consulta externa,repetidas en personas de 5 a 14 anos,2007-05-01,1,2,1,2,3
LA ASUNTA,consulta externa,repetidas en personas de 5 a 14 anos,2007-05-01,33,35,33,35,68
LA GUARDIA,consulta externa,repetidas en personas de 5 a 14 anos,2007-05-01,12,8,12,8,20
LA PAZ,consulta externa,repetidas en personas de 5 a 14 anos,2007-05-01,2887,2955,2887,2955,5842
LAGUNILLAS,consulta externa,repetidas en personas de 5 a 14 anos,2007-05-01,7,6,7,6,13
LAJA,consulta externa,repetidas en personas de 5 a 14 anos,2007-05-01,3,0,3,0,3
LAS CARRERAS,consulta externa,repetidas en personas de 5 a 14 anos,2007-05-01,2,0,2,0,2
LLALLAGUA,consulta externa,repetidas en personas de 5 a 14 anos,2007-05-01,14,18,14,18,32
LLICA,consulta externa,repetidas en personas de 5 a 14 anos,2007-05-01,2,2,2,2,4
LORETO,consulta externa,repetidas en personas de 5 a 14 anos,2007-05-01,4,2,4,2,6
LURIBAY,consulta externa,repetidas en personas de 5 a 14 anos,2007-05-01,5,10,5,10,15
MACHACAMARCA,consulta externa,repetidas en personas de 5 a 14 anos,2007-05-01,10,7,10,7,17
MACHARETI,consulta externa,repetidas en personas de 5 a 14 anos,2007-05-01,2,9,2,9,11
MAGDALENA,consulta externa,repetidas en personas de 5 a 14 anos,2007-05-01,22,33,22,33,55
MAIRANA,consulta externa,repetidas en personas de 5 a 14 anos,2007-05-01,0,2,0,2,2
MAPIRI,consulta externa,repetidas en personas de 5 a 14 anos,2007-05-01,21,2,21,2,23
MECAPACA,consulta externa,repetidas en personas de 5 a 14 anos,2007-05-01,9,3,9,3,12
MINEROS,consulta externa,repetidas en personas de 5 a 14 anos,2007-05-01,0,1,0,1,1
MIZQUE,consulta externa,repetidas en personas de 5 a 14 anos,2007-05-01,42,34,42,34,76
MOCOMOCO,consulta externa,repetidas en personas de 5 a 14 anos,2007-05-01,1,0,1,0,1
MOJINETE,consulta externa,repetidas en personas de 5 a 14 anos,2007-05-01,0,2,0,2,2
MOJOCOYA,consulta externa,repetidas en personas de 5 a 14 anos,2007-05-01,0,1,0,1,1
MONTEAGUDO,consulta externa,repetidas en personas de 5 a 14 anos,2007-05-01,10,19,10,19,29
MONTERO,consulta externa,repetidas en personas de 5 a 14 anos,2007-05-01,478,561,478,561,1039
MORO MORO,consulta externa,repetidas en personas de 5 a 14 anos,2007-05-01,1,1,1,1,2
MOROCHATA,consulta externa,repetidas en personas de 5 a 14 anos,2007-05-01,7,4,7,4,11
NUEVO MANOA (NUEVA ESPERANZA),consulta externa,repetidas en personas de 5 a 14 anos,2007-05-01,2,1,2,1,3
OCURI,consulta externa,repetidas en personas de 5 a 14 anos,2007-05-01,1,0,1,0,1
OKINAWA,consulta externa,repetidas en personas de 5 a 14 anos,2007-05-01,7,9,7,9,16
OMEREQUE,consulta externa,repetidas en personas de 5 a 14 anos,2007-05-01,1,2,1,2,3
ORURO,consulta externa,repetidas en personas de 5 a 14 anos,2007-05-01,524,530,524,530,1054
PADCAYA,consulta externa,repetidas en personas de 5 a 14 anos,2007-05-01,89,61,89,61,150
PADILLA,consulta externa,repetidas en personas de 5 a 14 anos,2007-05-01,5,12,5,12,17
PAILON,consulta externa,repetidas en personas de 5 a 14 anos,2007-05-01,2,2,2,2,4
PALCA,consulta externa,repetidas en personas de 5 a 14 anos,2007-05-01,3,3,3,3,6
PALOS BLANCOS,consulta externa,repetidas en personas de 5 a 14 anos,2007-05-01,23,2,23,2,25
PAMPA AULLAGAS,consulta externa,repetidas en personas de 5 a 14 anos,2007-05-01,0,4,0,4,4
PASORAPA,consulta externa,repetidas en personas de 5 a 14 anos,2007-05-01,0,1,0,1,1
PATACAMAYA,consulta externa,repetidas en personas de 5 a 14 anos,2007-05-01,0,1,0,1,1
PAZÑA,consulta externa,repetidas en personas de 5 a 14 anos,2007-05-01,1,0,1,0,1
POCONA,consulta externa,repetidas en personas de 5 a 14 anos,2007-05-01,1,1,1,1,2
POOPO,consulta externa,repetidas en personas de 5 a 14 anos,2007-05-01,1,0,1,0,1
POROMA,consulta externa,repetidas en personas de 5 a 14 anos,2007-05-01,2,0,2,0,2
PORONGO,consulta externa,repetidas en personas de 5 a 14 anos,2007-05-01,3,2,3,2,5
PORTACHUELO,consulta externa,repetidas en personas de 5 a 14 anos,2007-05-01,9,8,9,8,17
PORVENIR,consulta externa,repetidas en personas de 5 a 14 anos,2007-05-01,3,1,3,1,4
POSTRER VALLE,consulta externa,repetidas en personas de 5 a 14 anos,2007-05-01,1,0,1,0,1
POTOSI,consulta externa,repetidas en personas de 5 a 14 anos,2007-05-01,485,424,485,424,909
PRESTO,consulta externa,repetidas en personas de 5 a 14 anos,2007-05-01,0,1,0,1,1
PUCARA,consulta externa,repetidas en personas de 5 a 14 anos,2007-05-01,1,2,1,2,3
PUCARANI,consulta externa,repetidas en personas de 5 a 14 anos,2007-05-01,1,0,1,0,1
PUERTO ACOSTA,consulta externa,repetidas en personas de 5 a 14 anos,2007-05-01,4,3,4,3,7
PUERTO PEREZ,consulta externa,repetidas en personas de 5 a 14 anos,2007-05-01,0,2,0,2,2
PUERTO QUIJARRO,consulta externa,repetidas en personas de 5 a 14 anos,2007-05-01,7,7,7,7,14
PUERTO RICO,consulta externa,repetidas en personas de 5 a 14 anos,2007-05-01,5,0,5,0,5
PUERTO SUAREZ,consulta externa,repetidas en personas de 5 a 14 anos,2007-05-01,8,9,8,9,17
PUERTO VILLARROEL,consulta externa,repetidas en personas de 5 a 14 anos,2007-05-01,23,3,23,3,26
PUNA,consulta externa,repetidas en personas de 5 a 14 anos,2007-05-01,2,10,2,10,12
PUNATA,consulta externa,repetidas en personas de 5 a 14 anos,2007-05-01,24,14,24,14,38
QUILLACOLLO,consulta externa,repetidas en personas de 5 a 14 anos,2007-05-01,133,120,133,120,253
QUIME,consulta externa,repetidas en personas de 5 a 14 anos,2007-05-01,3,3,3,3,6
QUIRUSILLAS,consulta externa,repetidas en personas de 5 a 14 anos,2007-05-01,0,1,0,1,1
REYES,consulta externa,repetidas en personas de 5 a 14 anos,2007-05-01,4,3,4,3,7
RIBERALTA,consulta externa,repetidas en personas de 5 a 14 anos,2007-05-01,167,171,167,171,338
ROBORE,consulta externa,repetidas en personas de 5 a 14 anos,2007-05-01,12,9,12,9,21
RURRENABAQUE,consulta externa,repetidas en personas de 5 a 14 anos,2007-05-01,5,20,5,20,25
SABAYA,consulta externa,repetidas en personas de 5 a 14 anos,2007-05-01,0,2,0,2,2
SACABA,consulta externa,repetidas en personas de 5 a 14 anos,2007-05-01,89,101,89,101,190
SACABAMBA,consulta externa,repetidas en personas de 5 a 14 anos,2007-05-01,4,2,4,2,6
SACACA,consulta externa,repetidas en personas de 5 a 14 anos,2007-05-01,1,0,1,0,1
SAIPINA,consulta externa,repetidas en personas de 5 a 14 anos,2007-05-01,6,10,6,10,16
SAMAIPATA,consulta externa,repetidas en personas de 5 a 14 anos,2007-05-01,1,0,1,0,1
SAN AGUSTIN,consulta externa,repetidas en personas de 5 a 14 anos,2007-05-01,1,1,1,1,2
SAN ANDRES,consulta externa,repetidas en personas de 5 a 14 anos,2007-05-01,1,2,1,2,3
SAN ANDRES DE MACHACA,consulta externa,repetidas en personas de 5 a 14 anos,2007-05-01,3,1,3,1,4
SAN ANTONIO DE ESMORUCO,consulta externa,repetidas en personas de 5 a 14 anos,2007-05-01,2,0,2,0,2
SAN BENITO,consulta externa,repetidas en personas de 5 a 14 anos,2007-05-01,3,3,3,3,6
SAN BORJA,consulta externa,repetidas en personas de 5 a 14 anos,2007-05-01,14,25,14,25,39
SAN BUENA VENTURA,consulta externa,repetidas en personas de 5 a 14 anos,2007-05-01,2,6,2,6,8
SAN CARLOS,consulta externa,repetidas en personas de 5 a 14 anos,2007-05-01,15,59,15,59,74
SAN IGNACIO,consulta externa,repetidas en personas de 5 a 14 anos,2007-05-01,26,19,26,19,45
SAN IGNACIO DE VELASCO,consulta externa,repetidas en personas de 5 a 14 anos,2007-05-01,98,112,98,112,210
SAN JAVIER(STC),consulta externa,repetidas en personas de 5 a 14 anos,2007-05-01,6,5,6,5,11
SAN JOAQUIN,consulta externa,repetidas en personas de 5 a 14 anos,2007-05-01,17,26,17,26,43
SAN JOSE DE CHIQUITOS,consulta externa,repetidas en personas de 5 a 14 anos,2007-05-01,2,3,2,3,5
SAN JUAN DE YAPACANI,consulta externa,repetidas en personas de 5 a 14 anos,2007-05-01,5,2,5,2,7
SAN JULIAN,consulta externa,repetidas en personas de 5 a 14 anos,2007-05-01,3,11,3,11,14
SAN LORENZO(PND),consulta externa,repetidas en personas de 5 a 14 anos,2007-05-01,2,0,2,0,2
SAN LORENZO(TJA),consulta externa,repetidas en personas de 5 a 14 anos,2007-05-01,9,11,9,11,20
SAN LUCAS,consulta externa,repetidas en personas de 5 a 14 anos,2007-05-01,2,1,2,1,3
SAN MATIAS,consulta externa,repetidas en personas de 5 a 14 anos,2007-05-01,2,2,2,2,4
SAN MIGUEL DE VELASCO,consulta externa,repetidas en personas de 5 a 14 anos,2007-05-01,3,3,3,3,6
SAN PABLO DE LIPEZ,consulta externa,repetidas en personas de 5 a 14 anos,2007-05-01,3,3,3,3,6
SAN PEDRO,consulta externa,repetidas en personas de 5 a 14 anos,2007-05-01,12,9,12,9,21
SAN PEDRO DE CURAHUARA,consulta externa,repetidas en personas de 5 a 14 anos,2007-05-01,1,0,1,0,1
SAN PEDRO DE QUEMES,consulta externa,repetidas en personas de 5 a 14 anos,2007-05-01,0,1,0,1,1
SAN PEDRO DE TIQUINA,consulta externa,repetidas en personas de 5 a 14 anos,2007-05-01,0,6,0,6,6
SAN RAFAEL,consulta externa,repetidas en personas de 5 a 14 anos,2007-05-01,1,1,1,1,2
SAN RAMON,consulta externa,repetidas en personas de 5 a 14 anos,2007-05-01,0,1,0,1,1
SAN RAMON,consulta externa,repetidas en personas de 5 a 14 anos,2007-05-01,9,5,9,5,14
SANTA ANA,consulta externa,repetidas en personas de 5 a 14 anos,2007-05-01,26,20,26,20,46
SANTA CRUZ DE LA SIERRA,consulta externa,repetidas en personas de 5 a 14 anos,2007-05-01,1702,1994,1702,1994,3696
SANTA ROSA,consulta externa,repetidas en personas de 5 a 14 anos,2007-05-01,1,1,1,1,2
SANTA ROSA DEL SARA,consulta externa,repetidas en personas de 5 a 14 anos,2007-05-01,0,2,0,2,2
SANTIAGO DE CALLAPA,consulta externa,repetidas en personas de 5 a 14 anos,2007-05-01,7,0,7,0,7
SANTIAGO DE HUARI,consulta externa,repetidas en personas de 5 a 14 anos,2007-05-01,2,13,2,13,15
SANTIVAÑES,consulta externa,repetidas en personas de 5 a 14 anos,2007-05-01,3,1,3,1,4
SANTUARIO DE QUILLACAS,consulta externa,repetidas en personas de 5 a 14 anos,2007-05-01,0,1,0,1,1
SAPAHAQUI,consulta externa,repetidas en personas de 5 a 14 anos,2007-05-01,0,1,0,1,1
SIPE SIPE,consulta externa,repetidas en personas de 5 a 14 anos,2007-05-01,19,25,19,25,44
SORACACHI,consulta externa,repetidas en personas de 5 a 14 anos,2007-05-01,0,1,0,1,1
SORATA,consulta externa,repetidas en personas de 5 a 14 anos,2007-05-01,1,0,1,0,1
SUCRE,consulta externa,repetidas en personas de 5 a 14 anos,2007-05-01,989,834,989,834,1823
TACACHI,consulta externa,repetidas en personas de 5 a 14 anos,2007-05-01,1,0,1,0,1
TACOBAMBA,consulta externa,repetidas en personas de 5 a 14 anos,2007-05-01,2,0,2,0,2
TACOPAYA,consulta externa,repetidas en personas de 5 a 14 anos,2007-05-01,1,4,1,4,5
TAPACARI,consulta externa,repetidas en personas de 5 a 14 anos,2007-05-01,1,0,1,0,1
TARABUCO,consulta externa,repetidas en personas de 5 a 14 anos,2007-05-01,5,3,5,3,8
TARATA,consulta externa,repetidas en personas de 5 a 14 anos,2007-05-01,2,1,2,1,3
TARIJA,consulta externa,repetidas en personas de 5 a 14 anos,2007-05-01,499,419,499,419,918
TARVITA,consulta externa,repetidas en personas de 5 a 14 anos,2007-05-01,1,0,1,0,1
TEOPONTE,consulta externa,repetidas en personas de 5 a 14 anos,2007-05-01,1,5,1,5,6
TIAWANACU,consulta externa,repetidas en personas de 5 a 14 anos,2007-05-01,2,3,2,3,5
TINGUIPAYA,consulta externa,repetidas en personas de 5 a 14 anos,2007-05-01,1,2,1,2,3
TIPUANI,consulta externa,repetidas en personas de 5 a 14 anos,2007-05-01,0,6,0,6,6
TIQUIPAYA,consulta externa,repetidas en personas de 5 a 14 anos,2007-05-01,27,33,27,33,60
TIRAQUE (CBBA),consulta externa,repetidas en personas de 5 a 14 anos,2007-05-01,23,27,23,27,50
TITO YUPANQUI (PARQUIPUJIO),consulta externa,repetidas en personas de 5 a 14 anos,2007-05-01,0,1,0,1,1
TOCO,consulta externa,repetidas en personas de 5 a 14 anos,2007-05-01,2,2,2,2,4
TOLATA,consulta externa,repetidas en personas de 5 a 14 anos,2007-05-01,1,1,1,1,2
TOLEDO,consulta externa,repetidas en personas de 5 a 14 anos,2007-05-01,1,1,1,1,2
TOMAVE,consulta externa,repetidas en personas de 5 a 14 anos,2007-05-01,1,3,1,3,4
TOMINA,consulta externa,repetidas en personas de 5 a 14 anos,2007-05-01,1,5,1,5,6
TOTORA(CBBA),consulta externa,repetidas en personas de 5 a 14 anos,2007-05-01,0,2,0,2,2
TOTORA(ORR),consulta externa,repetidas en personas de 5 a 14 anos,2007-05-01,0,1,0,1,1
TRIGAL,consulta externa,repetidas en personas de 5 a 14 anos,2007-05-01,1,2,1,2,3
TRINIDAD,consulta externa,repetidas en personas de 5 a 14 anos,2007-05-01,280,226,280,226,506
TUPIZA,consulta externa,repetidas en personas de 5 a 14 anos,2007-05-01,93,122,93,122,215
TURCO,consulta externa,repetidas en personas de 5 a 14 anos,2007-05-01,0,1,0,1,1
UNCIA,consulta externa,repetidas en personas de 5 a 14 anos,2007-05-01,26,25,26,25,51
URIONDO (A. CONCEPCION),consulta externa,repetidas en personas de 5 a 14 anos,2007-05-01,26,28,26,28,54
UYUNI,consulta externa,repetidas en personas de 5 a 14 anos,2007-05-01,17,9,17,9,26
VALLEGRANDE,consulta externa,repetidas en personas de 5 a 14 anos,2007-05-01,23,28,23,28,51
VIACHA,consulta externa,repetidas en personas de 5 a 14 anos,2007-05-01,51,49,51,49,100
VILA VILA,consulta externa,repetidas en personas de 5 a 14 anos,2007-05-01,2,0,2,0,2
VILLA MONTES,consulta externa,repetidas en personas de 5 a 14 anos,2007-05-01,21,19,21,19,40
VILLA NUEVA (LOMA ALTA),consulta externa,repetidas en personas de 5 a 14 anos,2007-05-01,0,3,0,3,3
VILLA RIVERO,consulta externa,repetidas en personas de 5 a 14 anos,2007-05-01,2,5,2,5,7
VILLA SERRANO,consulta externa,repetidas en personas de 5 a 14 anos,2007-05-01,1,0,1,0,1
VILLA TUNARI,consulta externa,repetidas en personas de 5 a 14 anos,2007-05-01,19,19,19,19,38
VILLA VACA GUZMAN (MUYUPAMPA),consulta externa,repetidas en personas de 5 a 14 anos,2007-05-01,3,1,3,1,4
VILLAZON,consulta externa,repetidas en personas de 5 a 14 anos,2007-05-01,142,17,142,17,159
VINTO,consulta externa,repetidas en personas de 5 a 14 anos,2007-05-01,1,1,1,1,2
VITICHI,consulta externa,repetidas en personas de 5 a 14 anos,2007-05-01,3,1,3,1,4
WALDO BALLIVIAN,consulta externa,repetidas en personas de 5 a 14 anos,2007-05-01,0,1,0,1,1
WARNES,consulta externa,repetidas en personas de 5 a 14 anos,2007-05-01,9,5,9,5,14
YACO,consulta externa,repetidas en personas de 5 a 14 anos,2007-05-01,0,2,0,2,2
YACUIBA,consulta externa,repetidas en personas de 5 a 14 anos,2007-05-01,80,101,80,101,181
YAMPARAEZ,consulta externa,repetidas en personas de 5 a 14 anos,2007-05-01,1,3,1,3,4
YANACACHI,consulta externa,repetidas en personas de 5 a 14 anos,2007-05-01,3,0,3,0,3
YAPACANI,consulta externa,repetidas en personas de 5 a 14 anos,2007-05-01,4,5,4,5,9
YOCALLA,consulta externa,repetidas en personas de 5 a 14 anos,2007-05-01,1,0,1,0,1
YOTALA,consulta externa,repetidas en personas de 5 a 14 anos,2007-05-01,12,3,12,3,15
YUNCHARA,consulta externa,repetidas en personas de 5 a 14 anos,2007-05-01,0,1,0,1,1
ZUDAÑEZ,consulta externa,repetidas en personas de 5 a 14 anos,2007-05-01,0,1,0,1,1
ACACIO,consulta externa,repetidas en personas de 5 a 14 anos,2007-06-01,1,0,1,0,1
ACHACACHI,consulta externa,repetidas en personas de 5 a 14 anos,2007-06-01,5,2,5,2,7
AIQUILE,consulta externa,repetidas en personas de 5 a 14 anos,2007-06-01,15,30,15,30,45
ALCALA,consulta externa,repetidas en personas de 5 a 14 anos,2007-06-01,0,1,0,1,1
ANCORAIMES,consulta externa,repetidas en personas de 5 a 14 anos,2007-06-01,4,3,4,3,7
ANDAMARCA,consulta externa,repetidas en personas de 5 a 14 anos,2007-06-01,0,3,0,3,3
ANZALDO,consulta externa,repetidas en personas de 5 a 14 anos,2007-06-01,0,6,0,6,6
APOLO,consulta externa,repetidas en personas de 5 a 14 anos,2007-06-01,2,6,2,6,8
ARANI,consulta externa,repetidas en personas de 5 a 14 anos,2007-06-01,2,0,2,0,2
ARBIETO,consulta externa,repetidas en personas de 5 a 14 anos,2007-06-01,0,1,0,1,1
ASCENCION DE GUARAYOS,consulta externa,repetidas en personas de 5 a 14 anos,2007-06-01,5,7,5,7,12
ATOCHA,consulta externa,repetidas en personas de 5 a 14 anos,2007-06-01,69,64,69,64,133
AUCAPATA,consulta externa,repetidas en personas de 5 a 14 anos,2007-06-01,16,14,16,14,30
AYATA,consulta externa,repetidas en personas de 5 a 14 anos,2007-06-01,1,3,1,3,4
AYO AYO,consulta externa,repetidas en personas de 5 a 14 anos,2007-06-01,2,2,2,2,4
AYOPAYA (V. DE INDEPENDENCIA),consulta externa,repetidas en personas de 5 a 14 anos,2007-06-01,4,7,4,7,11
BAURES,consulta externa,repetidas en personas de 5 a 14 anos,2007-06-01,1,1,1,1,2
BELEN DE ANDAMARCA,consulta externa,repetidas en personas de 5 a 14 anos,2007-06-01,1,2,1,2,3
BELEN DE URMIRI,consulta externa,repetidas en personas de 5 a 14 anos,2007-06-01,0,4,0,4,4
BERMEJO,consulta externa,repetidas en personas de 5 a 14 anos,2007-06-01,59,42,59,42,101
BETANZOS,consulta externa,repetidas en personas de 5 a 14 anos,2007-06-01,7,3,7,3,10
BOLPEBRA,consulta externa,repetidas en personas de 5 a 14 anos,2007-06-01,0,1,0,1,1
BOYUIBE,consulta externa,repetidas en personas de 5 a 14 anos,2007-06-01,0,3,0,3,3
CABEZAS,consulta externa,repetidas en personas de 5 a 14 anos,2007-06-01,3,3,3,3,6
CAIROMA,consulta externa,repetidas en personas de 5 a 14 anos,2007-06-01,6,4,6,4,10
"CAIZA ""D""",consulta externa,repetidas en personas de 5 a 14 anos,2007-06-01,1,0,1,0,1
CAJUATA,consulta externa,repetidas en personas de 5 a 14 anos,2007-06-01,0,1,0,1,1
CALACOTO,consulta externa,repetidas en personas de 5 a 14 anos,2007-06-01,0,1,0,1,1
CALAMARCA,consulta externa,repetidas en personas de 5 a 14 anos,2007-06-01,5,3,5,3,8
CAMARGO,consulta externa,repetidas en personas de 5 a 14 anos,2007-06-01,1,2,1,2,3
CAMATAQUI (C. VILLA ABECIA),consulta externa,repetidas en personas de 5 a 14 anos,2007-06-01,1,3,1,3,4
CAMIRI,consulta externa,repetidas en personas de 5 a 14 anos,2007-06-01,71,60,71,60,131
CAPINOTA,consulta externa,repetidas en personas de 5 a 14 anos,2007-06-01,4,1,4,1,5
CAQUIAVIRI,consulta externa,repetidas en personas de 5 a 14 anos,2007-06-01,1,1,1,1,2
CARANAVI,consulta externa,repetidas en personas de 5 a 14 anos,2007-06-01,6,8,6,8,14
CARAPARI,consulta externa,repetidas en personas de 5 a 14 anos,2007-06-01,4,2,4,2,6
CARIPUYO,consulta externa,repetidas en personas de 5 a 14 anos,2007-06-01,2,0,2,0,2
CHALLAPATA,consulta externa,repetidas en personas de 5 a 14 anos,2007-06-01,25,16,25,16,41
CHARAGUA,consulta externa,repetidas en personas de 5 a 14 anos,2007-06-01,1,6,1,6,7
CHARAÑA,consulta externa,repetidas en personas de 5 a 14 anos,2007-06-01,1,0,1,0,1
CHAYANTA,consulta externa,repetidas en personas de 5 a 14 anos,2007-06-01,1,3,1,3,4
CHIPAYA,consulta externa,repetidas en personas de 5 a 14 anos,2007-06-01,1,0,1,0,1
CHOQUE COTA,consulta externa,repetidas en personas de 5 a 14 anos,2007-06-01,2,0,2,0,2
CHULUMANI (V. DE LA LIBERTAD),consulta externa,repetidas en personas de 5 a 14 anos,2007-06-01,12,15,12,15,27
CHUMA,consulta externa,repetidas en personas de 5 a 14 anos,2007-06-01,0,5,0,5,5
CLIZA,consulta externa,repetidas en personas de 5 a 14 anos,2007-06-01,7,11,7,11,18
COBIJA,consulta externa,repetidas en personas de 5 a 14 anos,2007-06-01,42,42,42,42,84
COCHABAMBA,consulta externa,repetidas en personas de 5 a 14 anos,2007-06-01,2687,2377,2687,2377,5064
COIPASA,consulta externa,repetidas en personas de 5 a 14 anos,2007-06-01,1,1,1,1,2
COLCAPIRHUA,consulta externa,repetidas en personas de 5 a 14 anos,2007-06-01,58,49,58,49,107
"COLCHA ""K""",consulta externa,repetidas en personas de 5 a 14 anos,2007-06-01,1,4,1,4,5
COLOMI,consulta externa,repetidas en personas de 5 a 14 anos,2007-06-01,2,1,2,1,3
COLPA BELGICA,consulta externa,repetidas en personas de 5 a 14 anos,2007-06-01,12,16,12,16,28
COLQUECHACA,consulta externa,repetidas en personas de 5 a 14 anos,2007-06-01,5,6,5,6,11
COLQUENCHA,consulta externa,repetidas en personas de 5 a 14 anos,2007-06-01,2,0,2,0,2
COLQUIRI,consulta externa,repetidas en personas de 5 a 14 anos,2007-06-01,2,3,2,3,5
COMANCHE,consulta externa,repetidas en personas de 5 a 14 anos,2007-06-01,1,0,1,0,1
COMARAPA,consulta externa,repetidas en personas de 5 a 14 anos,2007-06-01,6,2,6,2,8
COPACABANA,consulta externa,repetidas en personas de 5 a 14 anos,2007-06-01,1,0,1,0,1
CORIPATA,consulta externa,repetidas en personas de 5 a 14 anos,2007-06-01,1,1,1,1,2
COROICO,consulta externa,repetidas en personas de 5 a 14 anos,2007-06-01,10,7,10,7,17
CORQUE,consulta externa,repetidas en personas de 5 a 14 anos,2007-06-01,2,1,2,1,3
COTAGAITA,consulta externa,repetidas en personas de 5 a 14 anos,2007-06-01,16,11,16,11,27
COTOCA,consulta externa,repetidas en personas de 5 a 14 anos,2007-06-01,4,3,4,3,7
CUATRO CAÑADAS,consulta externa,repetidas en personas de 5 a 14 anos,2007-06-01,28,41,28,41,69
CUCHUMUELA (V. G. VILLARROEL),consulta externa,repetidas en personas de 5 a 14 anos,2007-06-01,3,0,3,0,3
CUEVO,consulta externa,repetidas en personas de 5 a 14 anos,2007-06-01,1,0,1,0,1
CULPINA,consulta externa,repetidas en personas de 5 a 14 anos,2007-06-01,2,2,2,2,4
CURAHUARA DE CARANGAS,consulta externa,repetidas en personas de 5 a 14 anos,2007-06-01,0,1,0,1,1
EL ALTO,consulta externa,repetidas en personas de 5 a 14 anos,2007-06-01,1794,1764,1794,1764,3558
EL PUENTE(STC),consulta externa,repetidas en personas de 5 a 14 anos,2007-06-01,1,4,1,4,5
EL PUENTE(TJA),consulta externa,repetidas en personas de 5 a 14 anos,2007-06-01,1,1,1,1,2
EL TORNO,consulta externa,repetidas en personas de 5 a 14 anos,2007-06-01,40,40,40,40,80
EL VILLAR,consulta externa,repetidas en personas de 5 a 14 anos,2007-06-01,0,7,0,7,7
ENTRE RIOS,consulta externa,repetidas en personas de 5 a 14 anos,2007-06-01,1,0,1,0,1
ENTRE RIOS,consulta externa,repetidas en personas de 5 a 14 anos,2007-06-01,6,9,6,9,15
EUCALIPTUS,consulta externa,repetidas en personas de 5 a 14 anos,2007-06-01,3,5,3,5,8
EUREKA (SANTOS MERCADO),consulta externa,repetidas en personas de 5 a 14 anos,2007-06-01,0,1,0,1,1
EXALTACION,consulta externa,repetidas en personas de 5 a 14 anos,2007-06-01,0,2,0,2,2
FERNANDEZ ALONSO,consulta externa,repetidas en personas de 5 a 14 anos,2007-06-01,4,1,4,1,5
FILADELFIA,consulta externa,repetidas en personas de 5 a 14 anos,2007-06-01,8,3,8,3,11
GENERAL SAAVEDRA,consulta externa,repetidas en personas de 5 a 14 anos,2007-06-01,6,11,6,11,17
GRAL. J.J. PEREZ (CHARAZANI),consulta externa,repetidas en personas de 5 a 14 anos,2007-06-01,1,2,1,2,3
GUANAY,consulta externa,repetidas en personas de 5 a 14 anos,2007-06-01,3,0,3,0,3
GUAQUI,consulta externa,repetidas en personas de 5 a 14 anos,2007-06-01,5,5,5,5,10
GUAYARAMERIN,consulta externa,repetidas en personas de 5 a 14 anos,2007-06-01,143,62,143,62,205
GUTIERREZ,consulta externa,repetidas en personas de 5 a 14 anos,2007-06-01,7,6,7,6,13
HUACARETA,consulta externa,repetidas en personas de 5 a 14 anos,2007-06-01,1,11,1,11,12
HUACHACALLA,consulta externa,repetidas en personas de 5 a 14 anos,2007-06-01,0,1,0,1,1
HUANUNI,consulta externa,repetidas en personas de 5 a 14 anos,2007-06-01,194,175,194,175,369
HUARACAJE,consulta externa,repetidas en personas de 5 a 14 anos,2007-06-01,10,6,10,6,16
HUAYLLAMARCA,consulta externa,repetidas en personas de 5 a 14 anos,2007-06-01,2,1,2,1,3
ICHOCA,consulta externa,repetidas en personas de 5 a 14 anos,2007-06-01,2,0,2,0,2
ICLA,consulta externa,repetidas en personas de 5 a 14 anos,2007-06-01,4,57,4,57,61
INQUISIVI,consulta externa,repetidas en personas de 5 a 14 anos,2007-06-01,1,1,1,1,2
IRUPANA (VILLA DE LANZA),consulta externa,repetidas en personas de 5 a 14 anos,2007-06-01,3,5,3,5,8
IXIAMAS,consulta externa,repetidas en personas de 5 a 14 anos,2007-06-01,6,2,6,2,8
JESUS DE MACHACA,consulta externa,repetidas en personas de 5 a 14 anos,2007-06-01,1,3,1,3,4
LA ASUNTA,consulta externa,repetidas en personas de 5 a 14 anos,2007-06-01,2,0,2,0,2
LA GUARDIA,consulta externa,repetidas en personas de 5 a 14 anos,2007-06-01,21,15,21,15,36
LA PAZ,consulta externa,repetidas en personas de 5 a 14 anos,2007-06-01,2625,2520,2625,2520,5145
LAJA,consulta externa,repetidas en personas de 5 a 14 anos,2007-06-01,3,3,3,3,6
LAS CARRERAS,consulta externa,repetidas en personas de 5 a 14 anos,2007-06-01,1,0,1,0,1
LICOMA PAMPA,consulta externa,repetidas en personas de 5 a 14 anos,2007-06-01,0,1,0,1,1
LLALLAGUA,consulta externa,repetidas en personas de 5 a 14 anos,2007-06-01,14,13,14,13,27
LLICA,consulta externa,repetidas en personas de 5 a 14 anos,2007-06-01,0,1,0,1,1
LURIBAY,consulta externa,repetidas en personas de 5 a 14 anos,2007-06-01,3,0,3,0,3
MACHACAMARCA,consulta externa,repetidas en personas de 5 a 14 anos,2007-06-01,2,2,2,2,4
MACHARETI,consulta externa,repetidas en personas de 5 a 14 anos,2007-06-01,5,34,5,34,39
MAGDALENA,consulta externa,repetidas en personas de 5 a 14 anos,2007-06-01,17,13,17,13,30
MAIRANA,consulta externa,repetidas en personas de 5 a 14 anos,2007-06-01,2,3,2,3,5
MALLA,consulta externa,repetidas en personas de 5 a 14 anos,2007-06-01,1,0,1,0,1
MAPIRI,consulta externa,repetidas en personas de 5 a 14 anos,2007-06-01,3,1,3,1,4
MECAPACA,consulta externa,repetidas en personas de 5 a 14 anos,2007-06-01,5,2,5,2,7
MINEROS,consulta externa,repetidas en personas de 5 a 14 anos,2007-06-01,1,4,1,4,5
MIZQUE,consulta externa,repetidas en personas de 5 a 14 anos,2007-06-01,106,96,106,96,202
MOCOMOCO,consulta externa,repetidas en personas de 5 a 14 anos,2007-06-01,1,2,1,2,3
MOJINETE,consulta externa,repetidas en personas de 5 a 14 anos,2007-06-01,0,1,0,1,1
MOJOCOYA,consulta externa,repetidas en personas de 5 a 14 anos,2007-06-01,0,2,0,2,2
MONTEAGUDO,consulta externa,repetidas en personas de 5 a 14 anos,2007-06-01,33,15,33,15,48
MONTERO,consulta externa,repetidas en personas de 5 a 14 anos,2007-06-01,973,672,973,672,1645
MORO MORO,consulta externa,repetidas en personas de 5 a 14 anos,2007-06-01,17,17,17,17,34
MOROCHATA,consulta externa,repetidas en personas de 5 a 14 anos,2007-06-01,3,8,3,8,11
NUEVO MANOA (NUEVA ESPERANZA),consulta externa,repetidas en personas de 5 a 14 anos,2007-06-01,1,1,1,1,2
OKINAWA,consulta externa,repetidas en personas de 5 a 14 anos,2007-06-01,10,19,10,19,29
OMEREQUE,consulta externa,repetidas en personas de 5 a 14 anos,2007-06-01,1,1,1,1,2
ORURO,consulta externa,repetidas en personas de 5 a 14 anos,2007-06-01,476,437,476,437,913
PADCAYA,consulta externa,repetidas en personas de 5 a 14 anos,2007-06-01,42,37,42,37,79
PADILLA,consulta externa,repetidas en personas de 5 a 14 anos,2007-06-01,2,1,2,1,3
PAILON,consulta externa,repetidas en personas de 5 a 14 anos,2007-06-01,0,1,0,1,1
PALCA,consulta externa,repetidas en personas de 5 a 14 anos,2007-06-01,3,1,3,1,4
PALOS BLANCOS,consulta externa,repetidas en personas de 5 a 14 anos,2007-06-01,25,14,25,14,39
PAMPA GRANDE,consulta externa,repetidas en personas de 5 a 14 anos,2007-06-01,1,1,1,1,2
PAPEL PAMPA,consulta externa,repetidas en personas de 5 a 14 anos,2007-06-01,2,0,2,0,2
PAZÑA,consulta externa,repetidas en personas de 5 a 14 anos,2007-06-01,1,2,1,2,3
POCOATA,consulta externa,repetidas en personas de 5 a 14 anos,2007-06-01,1,0,1,0,1
POCONA,consulta externa,repetidas en personas de 5 a 14 anos,2007-06-01,5,3,5,3,8
POJO (CBBA),consulta externa,repetidas en personas de 5 a 14 anos,2007-06-01,8,10,8,10,18
POROMA,consulta externa,repetidas en personas de 5 a 14 anos,2007-06-01,2,0,2,0,2
PORONGO,consulta externa,repetidas en personas de 5 a 14 anos,2007-06-01,4,1,4,1,5
PORTACHUELO,consulta externa,repetidas en personas de 5 a 14 anos,2007-06-01,15,18,15,18,33
PORVENIR,consulta externa,repetidas en personas de 5 a 14 anos,2007-06-01,1,11,1,11,12
POTOSI,consulta externa,repetidas en personas de 5 a 14 anos,2007-06-01,383,396,383,396,779
PUCARANI,consulta externa,repetidas en personas de 5 a 14 anos,2007-06-01,1,1,1,1,2
PUERTO ACOSTA,consulta externa,repetidas en personas de 5 a 14 anos,2007-06-01,0,1,0,1,1
PUERTO GONZALO MORENO,consulta externa,repetidas en personas de 5 a 14 anos,2007-06-01,2,0,2,0,2
PUERTO PEREZ,consulta externa,repetidas en personas de 5 a 14 anos,2007-06-01,1,0,1,0,1
PUERTO QUIJARRO,consulta externa,repetidas en personas de 5 a 14 anos,2007-06-01,4,6,4,6,10
PUERTO RICO,consulta externa,repetidas en personas de 5 a 14 anos,2007-06-01,45,43,45,43,88
PUERTO SILES,consulta externa,repetidas en personas de 5 a 14 anos,2007-06-01,1,2,1,2,3
PUERTO SUAREZ,consulta externa,repetidas en personas de 5 a 14 anos,2007-06-01,7,14,7,14,21
PUERTO VILLARROEL,consulta externa,repetidas en personas de 5 a 14 anos,2007-06-01,12,7,12,7,19
PUNA,consulta externa,repetidas en personas de 5 a 14 anos,2007-06-01,16,10,16,10,26
PUNATA,consulta externa,repetidas en personas de 5 a 14 anos,2007-06-01,44,28,44,28,72
QUILLACOLLO,consulta externa,repetidas en personas de 5 a 14 anos,2007-06-01,127,168,127,168,295
REYES,consulta externa,repetidas en personas de 5 a 14 anos,2007-06-01,2,3,2,3,5
RIBERALTA,consulta externa,repetidas en personas de 5 a 14 anos,2007-06-01,16,22,16,22,38
ROBORE,consulta externa,repetidas en personas de 5 a 14 anos,2007-06-01,4,7,4,7,11
RURRENABAQUE,consulta externa,repetidas en personas de 5 a 14 anos,2007-06-01,7,17,7,17,24
SABAYA,consulta externa,repetidas en personas de 5 a 14 anos,2007-06-01,0,1,0,1,1
SACABA,consulta externa,repetidas en personas de 5 a 14 anos,2007-06-01,86,88,86,88,174
SACABAMBA,consulta externa,repetidas en personas de 5 a 14 anos,2007-06-01,4,4,4,4,8
SAMAIPATA,consulta externa,repetidas en personas de 5 a 14 anos,2007-06-01,2,0,2,0,2
SAN AGUSTIN,consulta externa,repetidas en personas de 5 a 14 anos,2007-06-01,2,1,2,1,3
SAN ANDRES,consulta externa,repetidas en personas de 5 a 14 anos,2007-06-01,3,3,3,3,6
SAN ANDRES DE MACHACA,consulta externa,repetidas en personas de 5 a 14 anos,2007-06-01,1,3,1,3,4
SAN ANTONIO DE ESMORUCO,consulta externa,repetidas en personas de 5 a 14 anos,2007-06-01,2,0,2,0,2
SAN ANTONIO DE LOMERIO,consulta externa,repetidas en personas de 5 a 14 anos,2007-06-01,0,1,0,1,1
SAN BENITO,consulta externa,repetidas en personas de 5 a 14 anos,2007-06-01,8,6,8,6,14
SAN BORJA,consulta externa,repetidas en personas de 5 a 14 anos,2007-06-01,15,26,15,26,41
SAN BUENA VENTURA,consulta externa,repetidas en personas de 5 a 14 anos,2007-06-01,5,5,5,5,10
SAN CARLOS,consulta externa,repetidas en personas de 5 a 14 anos,2007-06-01,4,6,4,6,10
SAN IGNACIO,consulta externa,repetidas en personas de 5 a 14 anos,2007-06-01,13,18,13,18,31
SAN IGNACIO DE VELASCO,consulta externa,repetidas en personas de 5 a 14 anos,2007-06-01,24,19,24,19,43
SAN JAVIER(STC),consulta externa,repetidas en personas de 5 a 14 anos,2007-06-01,3,0,3,0,3
SAN JOAQUIN,consulta externa,repetidas en personas de 5 a 14 anos,2007-06-01,0,1,0,1,1
SAN JOSE DE CHIQUITOS,consulta externa,repetidas en personas de 5 a 14 anos,2007-06-01,3,0,3,0,3
SAN JUAN DE YAPACANI,consulta externa,repetidas en personas de 5 a 14 anos,2007-06-01,5,0,5,0,5
SAN JULIAN,consulta externa,repetidas en personas de 5 a 14 anos,2007-06-01,42,56,42,56,98
SAN LORENZO(PND),consulta externa,repetidas en personas de 5 a 14 anos,2007-06-01,3,1,3,1,4
SAN LORENZO(TJA),consulta externa,repetidas en personas de 5 a 14 anos,2007-06-01,9,14,9,14,23
SAN LUCAS,consulta externa,repetidas en personas de 5 a 14 anos,2007-06-01,14,5,14,5,19
SAN MATIAS,consulta externa,repetidas en personas de 5 a 14 anos,2007-06-01,1,3,1,3,4
SAN MIGUEL DE VELASCO,consulta externa,repetidas en personas de 5 a 14 anos,2007-06-01,3,4,3,4,7
SAN PABLO DE LIPEZ,consulta externa,repetidas en personas de 5 a 14 anos,2007-06-01,5,6,5,6,11
SAN PEDRO,consulta externa,repetidas en personas de 5 a 14 anos,2007-06-01,5,14,5,14,19
SAN PEDRO DE BUENA VISTA,consulta externa,repetidas en personas de 5 a 14 anos,2007-06-01,1,0,1,0,1
SAN PEDRO DE CURAHUARA,consulta externa,repetidas en personas de 5 a 14 anos,2007-06-01,3,1,3,1,4
SAN PEDRO DE TIQUINA,consulta externa,repetidas en personas de 5 a 14 anos,2007-06-01,0,3,0,3,3
SAN PEDRO(PND),consulta externa,repetidas en personas de 5 a 14 anos,2007-06-01,0,1,0,1,1
SAN RAFAEL,consulta externa,repetidas en personas de 5 a 14 anos,2007-06-01,1,0,1,0,1
SAN RAMON,consulta externa,repetidas en personas de 5 a 14 anos,2007-06-01,6,8,6,8,14
SAN RAMON,consulta externa,repetidas en personas de 5 a 14 anos,2007-06-01,11,36,11,36,47
SANTA ANA,consulta externa,repetidas en personas de 5 a 14 anos,2007-06-01,3,8,3,8,11
SANTA CRUZ DE LA SIERRA,consulta externa,repetidas en personas de 5 a 14 anos,2007-06-01,1987,2429,1987,2429,4416
SANTA ROSA,consulta externa,repetidas en personas de 5 a 14 anos,2007-06-01,1,0,1,0,1
SANTA ROSA DEL SARA,consulta externa,repetidas en personas de 5 a 14 anos,2007-06-01,2,2,2,2,4
SANTIAGO DE CALLAPA,consulta externa,repetidas en personas de 5 a 14 anos,2007-06-01,1,0,1,0,1
SANTIAGO DE HUARI,consulta externa,repetidas en personas de 5 a 14 anos,2007-06-01,5,10,5,10,15
SANTIVAÑES,consulta externa,repetidas en personas de 5 a 14 anos,2007-06-01,2,2,2,2,4
SANTUARIO DE QUILLACAS,consulta externa,repetidas en personas de 5 a 14 anos,2007-06-01,0,1,0,1,1
SAPAHAQUI,consulta externa,repetidas en personas de 5 a 14 anos,2007-06-01,2,1,2,1,3
SENA,consulta externa,repetidas en personas de 5 a 14 anos,2007-06-01,22,21,22,21,43
SICAYA,consulta externa,repetidas en personas de 5 a 14 anos,2007-06-01,0,1,0,1,1
SIPE SIPE,consulta externa,repetidas en personas de 5 a 14 anos,2007-06-01,14,29,14,29,43
SOPACHUY,consulta externa,repetidas en personas de 5 a 14 anos,2007-06-01,3,3,3,3,6
SORACACHI,consulta externa,repetidas en personas de 5 a 14 anos,2007-06-01,2,0,2,0,2
SUCRE,consulta externa,repetidas en personas de 5 a 14 anos,2007-06-01,1022,892,1022,892,1914
TACACHI,consulta externa,repetidas en personas de 5 a 14 anos,2007-06-01,0,1,0,1,1
TACOBAMBA,consulta externa,repetidas en personas de 5 a 14 anos,2007-06-01,0,1,0,1,1
TAPACARI,consulta externa,repetidas en personas de 5 a 14 anos,2007-06-01,5,1,5,1,6
TARABUCO,consulta externa,repetidas en personas de 5 a 14 anos,2007-06-01,16,5,16,5,21
TARATA,consulta externa,repetidas en personas de 5 a 14 anos,2007-06-01,2,1,2,1,3
TARIJA,consulta externa,repetidas en personas de 5 a 14 anos,2007-06-01,726,847,726,847,1573
TARVITA,consulta externa,repetidas en personas de 5 a 14 anos,2007-06-01,0,3,0,3,3
TEOPONTE,consulta externa,repetidas en personas de 5 a 14 anos,2007-06-01,3,3,3,3,6
TIAWANACU,consulta externa,repetidas en personas de 5 a 14 anos,2007-06-01,1,2,1,2,3
TIPUANI,consulta externa,repetidas en personas de 5 a 14 anos,2007-06-01,4,7,4,7,11
TIQUIPAYA,consulta externa,repetidas en personas de 5 a 14 anos,2007-06-01,24,23,24,23,47
TIRAQUE (CBBA),consulta externa,repetidas en personas de 5 a 14 anos,2007-06-01,13,10,13,10,23
TITO YUPANQUI (PARQUIPUJIO),consulta externa,repetidas en personas de 5 a 14 anos,2007-06-01,2,0,2,0,2
TOCO,consulta externa,repetidas en personas de 5 a 14 anos,2007-06-01,1,0,1,0,1
TOLATA,consulta externa,repetidas en personas de 5 a 14 anos,2007-06-01,14,5,14,5,19
TOLEDO,consulta externa,repetidas en personas de 5 a 14 anos,2007-06-01,14,30,14,30,44
TOMAVE,consulta externa,repetidas en personas de 5 a 14 anos,2007-06-01,3,6,3,6,9
TOMINA,consulta externa,repetidas en personas de 5 a 14 anos,2007-06-01,2,1,2,1,3
TOTORA(CBBA),consulta externa,repetidas en personas de 5 a 14 anos,2007-06-01,1,1,1,1,2
TOTORA(ORR),consulta externa,repetidas en personas de 5 a 14 anos,2007-06-01,2,1,2,1,3
TRIGAL,consulta externa,repetidas en personas de 5 a 14 anos,2007-06-01,2,0,2,0,2
TRINIDAD,consulta externa,repetidas en personas de 5 a 14 anos,2007-06-01,376,328,376,328,704
TUPIZA,consulta externa,repetidas en personas de 5 a 14 anos,2007-06-01,108,143,108,143,251
TURCO,consulta externa,repetidas en personas de 5 a 14 anos,2007-06-01,0,1,0,1,1
UNCIA,consulta externa,repetidas en personas de 5 a 14 anos,2007-06-01,16,14,16,14,30
URIONDO (A. CONCEPCION),consulta externa,repetidas en personas de 5 a 14 anos,2007-06-01,6,6,6,6,12
UYUNI,consulta externa,repetidas en personas de 5 a 14 anos,2007-06-01,11,16,11,16,27
VACAS,consulta externa,repetidas en personas de 5 a 14 anos,2007-06-01,9,4,9,4,13
VALLEGRANDE,consulta externa,repetidas en personas de 5 a 14 anos,2007-06-01,47,72,47,72,119
VIACHA,consulta externa,repetidas en personas de 5 a 14 anos,2007-06-01,29,62,29,62,91
VILLA MONTES,consulta externa,repetidas en personas de 5 a 14 anos,2007-06-01,18,53,18,53,71
VILLA NUEVA (LOMA ALTA),consulta externa,repetidas en personas de 5 a 14 anos,2007-06-01,39,0,39,0,39
VILLA RIVERO,consulta externa,repetidas en personas de 5 a 14 anos,2007-06-01,3,5,3,5,8
VILLA SERRANO,consulta externa,repetidas en personas de 5 a 14 anos,2007-06-01,1,0,1,0,1
VILLA TUNARI,consulta externa,repetidas en personas de 5 a 14 anos,2007-06-01,17,19,17,19,36
VILLA VACA GUZMAN (MUYUPAMPA),consulta externa,repetidas en personas de 5 a 14 anos,2007-06-01,9,6,9,6,15
VILLAZON,consulta externa,repetidas en personas de 5 a 14 anos,2007-06-01,21,35,21,35,56
VINTO,consulta externa,repetidas en personas de 5 a 14 anos,2007-06-01,22,9,22,9,31
VITICHI,consulta externa,repetidas en personas de 5 a 14 anos,2007-06-01,5,1,5,1,6
WARNES,consulta externa,repetidas en personas de 5 a 14 anos,2007-06-01,9,18,9,18,27
YACO,consulta externa,repetidas en personas de 5 a 14 anos,2007-06-01,1,2,1,2,3
YACUIBA,consulta externa,repetidas en personas de 5 a 14 anos,2007-06-01,94,147,94,147,241
YAMPARAEZ,consulta externa,repetidas en personas de 5 a 14 anos,2007-06-01,6,3,6,3,9
YANACACHI,consulta externa,repetidas en personas de 5 a 14 anos,2007-06-01,2,0,2,0,2
YAPACANI,consulta externa,repetidas en personas de 5 a 14 anos,2007-06-01,1,2,1,2,3
YOCALLA,consulta externa,repetidas en personas de 5 a 14 anos,2007-06-01,1,0,1,0,1
YOTALA,consulta externa,repetidas en personas de 5 a 14 anos,2007-06-01,9,11,9,11,20
YUNCHARA,consulta externa,repetidas en personas de 5 a 14 anos,2007-06-01,2,10,2,10,12
ZUDAÑEZ,consulta externa,repetidas en personas de 5 a 14 anos,2007-06-01,0,1,0,1,1
ACACIO,consulta externa,repetidas en personas de 5 a 14 anos,2007-07-01,1,0,1,0,1
ACHACACHI,consulta externa,repetidas en personas de 5 a 14 anos,2007-07-01,6,6,6,6,12
ACHOCALLA,consulta externa,repetidas en personas de 5 a 14 anos,2007-07-01,1,1,1,1,2
AIQUILE,consulta externa,repetidas en personas de 5 a 14 anos,2007-07-01,4,5,4,5,9
ALCALA,consulta externa,repetidas en personas de 5 a 14 anos,2007-07-01,0,1,0,1,1
ANCORAIMES,consulta externa,repetidas en personas de 5 a 14 anos,2007-07-01,3,1,3,1,4
ANDAMARCA,consulta externa,repetidas en personas de 5 a 14 anos,2007-07-01,2,0,2,0,2
ANTEQUERA,consulta externa,repetidas en personas de 5 a 14 anos,2007-07-01,13,7,13,7,20
ANZALDO,consulta externa,repetidas en personas de 5 a 14 anos,2007-07-01,1,1,1,1,2
APOLO,consulta externa,repetidas en personas de 5 a 14 anos,2007-07-01,0,1,0,1,1
ARAMPAMPA,consulta externa,repetidas en personas de 5 a 14 anos,2007-07-01,3,0,3,0,3
ARANI,consulta externa,repetidas en personas de 5 a 14 anos,2007-07-01,2,2,2,2,4
ARBIETO,consulta externa,repetidas en personas de 5 a 14 anos,2007-07-01,1,15,1,15,16
ASCENCION DE GUARAYOS,consulta externa,repetidas en personas de 5 a 14 anos,2007-07-01,5,9,5,9,14
ATOCHA,consulta externa,repetidas en personas de 5 a 14 anos,2007-07-01,23,34,23,34,57
AUCAPATA,consulta externa,repetidas en personas de 5 a 14 anos,2007-07-01,6,6,6,6,12
AYATA,consulta externa,repetidas en personas de 5 a 14 anos,2007-07-01,6,5,6,5,11
AYO AYO,consulta externa,repetidas en personas de 5 a 14 anos,2007-07-01,0,1,0,1,1
AYOPAYA (V. DE INDEPENDENCIA),consulta externa,repetidas en personas de 5 a 14 anos,2007-07-01,0,2,0,2,2
AZURDUY,consulta externa,repetidas en personas de 5 a 14 anos,2007-07-01,1,1,1,1,2
BATALLAS,consulta externa,repetidas en personas de 5 a 14 anos,2007-07-01,1,0,1,0,1
BAURES,consulta externa,repetidas en personas de 5 a 14 anos,2007-07-01,8,4,8,4,12
BELLA FLOR,consulta externa,repetidas en personas de 5 a 14 anos,2007-07-01,2,0,2,0,2
BERMEJO,consulta externa,repetidas en personas de 5 a 14 anos,2007-07-01,49,43,49,43,92
BETANZOS,consulta externa,repetidas en personas de 5 a 14 anos,2007-07-01,7,9,7,9,16
BOLIVAR,consulta externa,repetidas en personas de 5 a 14 anos,2007-07-01,3,1,3,1,4
BOLPEBRA,consulta externa,repetidas en personas de 5 a 14 anos,2007-07-01,0,1,0,1,1
BOYUIBE,consulta externa,repetidas en personas de 5 a 14 anos,2007-07-01,1,3,1,3,4
BUENA VISTA,consulta externa,repetidas en personas de 5 a 14 anos,2007-07-01,4,3,4,3,7
CABEZAS,consulta externa,repetidas en personas de 5 a 14 anos,2007-07-01,1,2,1,2,3
CAIROMA,consulta externa,repetidas en personas de 5 a 14 anos,2007-07-01,3,2,3,2,5
"CAIZA ""D""",consulta externa,repetidas en personas de 5 a 14 anos,2007-07-01,2,3,2,3,5
CAJUATA,consulta externa,repetidas en personas de 5 a 14 anos,2007-07-01,1,2,1,2,3
CALACOTO,consulta externa,repetidas en personas de 5 a 14 anos,2007-07-01,1,2,1,2,3
CALAMARCA,consulta externa,repetidas en personas de 5 a 14 anos,2007-07-01,2,1,2,1,3
CAMARGO,consulta externa,repetidas en personas de 5 a 14 anos,2007-07-01,0,1,0,1,1
CAMATAQUI (C. VILLA ABECIA),consulta externa,repetidas en personas de 5 a 14 anos,2007-07-01,1,2,1,2,3
CAMIRI,consulta externa,repetidas en personas de 5 a 14 anos,2007-07-01,60,60,60,60,120
CAPINOTA,consulta externa,repetidas en personas de 5 a 14 anos,2007-07-01,4,4,4,4,8
CAQUIAVIRI,consulta externa,repetidas en personas de 5 a 14 anos,2007-07-01,0,1,0,1,1
CARACOLLO,consulta externa,repetidas en personas de 5 a 14 anos,2007-07-01,2,1,2,1,3
CARANAVI,consulta externa,repetidas en personas de 5 a 14 anos,2007-07-01,27,31,27,31,58
CARAPARI,consulta externa,repetidas en personas de 5 a 14 anos,2007-07-01,6,2,6,2,8
CATACORA,consulta externa,repetidas en personas de 5 a 14 anos,2007-07-01,1,1,1,1,2
CHALLAPATA,consulta externa,repetidas en personas de 5 a 14 anos,2007-07-01,29,53,29,53,82
CHARAGUA,consulta externa,repetidas en personas de 5 a 14 anos,2007-07-01,1,1,1,1,2
CHAYANTA,consulta externa,repetidas en personas de 5 a 14 anos,2007-07-01,0,6,0,6,6
CHIMORE,consulta externa,repetidas en personas de 5 a 14 anos,2007-07-01,7,8,7,8,15
CHULUMANI (V. DE LA LIBERTAD),consulta externa,repetidas en personas de 5 a 14 anos,2007-07-01,12,11,12,11,23
CHUMA,consulta externa,repetidas en personas de 5 a 14 anos,2007-07-01,1,3,1,3,4
CLIZA,consulta externa,repetidas en personas de 5 a 14 anos,2007-07-01,2,3,2,3,5
COBIJA,consulta externa,repetidas en personas de 5 a 14 anos,2007-07-01,66,49,66,49,115
COCHABAMBA,consulta externa,repetidas en personas de 5 a 14 anos,2007-07-01,3288,2374,3288,2374,5662
COLCAPIRHUA,consulta externa,repetidas en personas de 5 a 14 anos,2007-07-01,44,30,44,30,74
"COLCHA ""K""",consulta externa,repetidas en personas de 5 a 14 anos,2007-07-01,1,0,1,0,1
COLLANA,consulta externa,repetidas en personas de 5 a 14 anos,2007-07-01,0,1,0,1,1
COLOMI,consulta externa,repetidas en personas de 5 a 14 anos,2007-07-01,1,0,1,0,1
COLPA BELGICA,consulta externa,repetidas en personas de 5 a 14 anos,2007-07-01,24,9,24,9,33
COLQUECHACA,consulta externa,repetidas en personas de 5 a 14 anos,2007-07-01,3,2,3,2,5
COLQUENCHA,consulta externa,repetidas en personas de 5 a 14 anos,2007-07-01,0,1,0,1,1
COLQUIRI,consulta externa,repetidas en personas de 5 a 14 anos,2007-07-01,5,2,5,2,7
COMANCHE,consulta externa,repetidas en personas de 5 a 14 anos,2007-07-01,2,1,2,1,3
COMARAPA,consulta externa,repetidas en personas de 5 a 14 anos,2007-07-01,19,19,19,19,38
COPACABANA,consulta externa,repetidas en personas de 5 a 14 anos,2007-07-01,3,5,3,5,8
CORIPATA,consulta externa,repetidas en personas de 5 a 14 anos,2007-07-01,0,2,0,2,2
CORO CORO,consulta externa,repetidas en personas de 5 a 14 anos,2007-07-01,1,0,1,0,1
COROICO,consulta externa,repetidas en personas de 5 a 14 anos,2007-07-01,14,16,14,16,30
CORQUE,consulta externa,repetidas en personas de 5 a 14 anos,2007-07-01,0,4,0,4,4
COTAGAITA,consulta externa,repetidas en personas de 5 a 14 anos,2007-07-01,16,24,16,24,40
COTOCA,consulta externa,repetidas en personas de 5 a 14 anos,2007-07-01,7,4,7,4,11
CUATRO CAÑADAS,consulta externa,repetidas en personas de 5 a 14 anos,2007-07-01,24,21,24,21,45
CUEVO,consulta externa,repetidas en personas de 5 a 14 anos,2007-07-01,4,0,4,0,4
CULPINA,consulta externa,repetidas en personas de 5 a 14 anos,2007-07-01,1,0,1,0,1
DESAGUADERO,consulta externa,repetidas en personas de 5 a 14 anos,2007-07-01,2,0,2,0,2
EL ALTO,consulta externa,repetidas en personas de 5 a 14 anos,2007-07-01,1455,1602,1455,1602,3057
EL PUENTE(TJA),consulta externa,repetidas en personas de 5 a 14 anos,2007-07-01,1,0,1,0,1
EL TORNO,consulta externa,repetidas en personas de 5 a 14 anos,2007-07-01,24,43,24,43,67
EL VILLAR,consulta externa,repetidas en personas de 5 a 14 anos,2007-07-01,0,1,0,1,1
ENTRE RIOS,consulta externa,repetidas en personas de 5 a 14 anos,2007-07-01,2,4,2,4,6
ENTRE RIOS,consulta externa,repetidas en personas de 5 a 14 anos,2007-07-01,12,10,12,10,22
EUCALIPTUS,consulta externa,repetidas en personas de 5 a 14 anos,2007-07-01,2,0,2,0,2
EXALTACION,consulta externa,repetidas en personas de 5 a 14 anos,2007-07-01,0,4,0,4,4
FERNANDEZ ALONSO,consulta externa,repetidas en personas de 5 a 14 anos,2007-07-01,5,2,5,2,7
FILADELFIA,consulta externa,repetidas en personas de 5 a 14 anos,2007-07-01,59,34,59,34,93
GENERAL SAAVEDRA,consulta externa,repetidas en personas de 5 a 14 anos,2007-07-01,2,5,2,5,7
GRAL. J.J. PEREZ (CHARAZANI),consulta externa,repetidas en personas de 5 a 14 anos,2007-07-01,1,1,1,1,2
GUANAY,consulta externa,repetidas en personas de 5 a 14 anos,2007-07-01,0,2,0,2,2
GUAQUI,consulta externa,repetidas en personas de 5 a 14 anos,2007-07-01,5,4,5,4,9
GUAYARAMERIN,consulta externa,repetidas en personas de 5 a 14 anos,2007-07-01,79,51,79,51,130
GUTIERREZ,consulta externa,repetidas en personas de 5 a 14 anos,2007-07-01,3,4,3,4,7
HUACARETA,consulta externa,repetidas en personas de 5 a 14 anos,2007-07-01,5,4,5,4,9
HUANUNI,consulta externa,repetidas en personas de 5 a 14 anos,2007-07-01,192,112,192,112,304
HUARACAJE,consulta externa,repetidas en personas de 5 a 14 anos,2007-07-01,2,5,2,5,7
HUAYLLAMARCA,consulta externa,repetidas en personas de 5 a 14 anos,2007-07-01,1,0,1,0,1
ICHOCA,consulta externa,repetidas en personas de 5 a 14 anos,2007-07-01,2,0,2,0,2
ICLA,consulta externa,repetidas en personas de 5 a 14 anos,2007-07-01,1,1,1,1,2
INCAHUASI,consulta externa,repetidas en personas de 5 a 14 anos,2007-07-01,1,0,1,0,1
INGAVI (HUMAITA),consulta externa,repetidas en personas de 5 a 14 anos,2007-07-01,7,0,7,0,7
IRUPANA (VILLA DE LANZA),consulta externa,repetidas en personas de 5 a 14 anos,2007-07-01,8,4,8,4,12
IXIAMAS,consulta externa,repetidas en personas de 5 a 14 anos,2007-07-01,0,2,0,2,2
JESUS DE MACHACA,consulta externa,repetidas en personas de 5 a 14 anos,2007-07-01,0,1,0,1,1
LA ASUNTA,consulta externa,repetidas en personas de 5 a 14 anos,2007-07-01,9,8,9,8,17
LA GUARDIA,consulta externa,repetidas en personas de 5 a 14 anos,2007-07-01,20,19,20,19,39
LA PAZ,consulta externa,repetidas en personas de 5 a 14 anos,2007-07-01,3095,2697,3095,2697,5792
LAGUNILLAS,consulta externa,repetidas en personas de 5 a 14 anos,2007-07-01,1,1,1,1,2
LAJA,consulta externa,repetidas en personas de 5 a 14 anos,2007-07-01,5,6,5,6,11
LAS CARRERAS,consulta externa,repetidas en personas de 5 a 14 anos,2007-07-01,2,2,2,2,4
LLALLAGUA,consulta externa,repetidas en personas de 5 a 14 anos,2007-07-01,11,16,11,16,27
LURIBAY,consulta externa,repetidas en personas de 5 a 14 anos,2007-07-01,5,1,5,1,6
MACHACAMARCA,consulta externa,repetidas en personas de 5 a 14 anos,2007-07-01,4,0,4,0,4
MACHARETI,consulta externa,repetidas en personas de 5 a 14 anos,2007-07-01,3,2,3,2,5
MAGDALENA,consulta externa,repetidas en personas de 5 a 14 anos,2007-07-01,11,17,11,17,28
MAIRANA,consulta externa,repetidas en personas de 5 a 14 anos,2007-07-01,3,1,3,1,4
MALLA,consulta externa,repetidas en personas de 5 a 14 anos,2007-07-01,0,1,0,1,1
MAPIRI,consulta externa,repetidas en personas de 5 a 14 anos,2007-07-01,3,1,3,1,4
MECAPACA,consulta externa,repetidas en personas de 5 a 14 anos,2007-07-01,2,0,2,0,2
MINEROS,consulta externa,repetidas en personas de 5 a 14 anos,2007-07-01,1,0,1,0,1
MIZQUE,consulta externa,repetidas en personas de 5 a 14 anos,2007-07-01,41,51,41,51,92
MOCOMOCO,consulta externa,repetidas en personas de 5 a 14 anos,2007-07-01,0,3,0,3,3
MOJOCOYA,consulta externa,repetidas en personas de 5 a 14 anos,2007-07-01,2,3,2,3,5
MONTEAGUDO,consulta externa,repetidas en personas de 5 a 14 anos,2007-07-01,37,34,37,34,71
MONTERO,consulta externa,repetidas en personas de 5 a 14 anos,2007-07-01,480,452,480,452,932
MORO MORO,consulta externa,repetidas en personas de 5 a 14 anos,2007-07-01,1,0,1,0,1
MOROCHATA,consulta externa,repetidas en personas de 5 a 14 anos,2007-07-01,6,9,6,9,15
OKINAWA,consulta externa,repetidas en personas de 5 a 14 anos,2007-07-01,1,5,1,5,6
OMEREQUE,consulta externa,repetidas en personas de 5 a 14 anos,2007-07-01,2,4,2,4,6
ORURO,consulta externa,repetidas en personas de 5 a 14 anos,2007-07-01,651,490,651,490,1141
PADCAYA,consulta externa,repetidas en personas de 5 a 14 anos,2007-07-01,11,16,11,16,27
PADILLA,consulta externa,repetidas en personas de 5 a 14 anos,2007-07-01,1,0,1,0,1
PAILON,consulta externa,repetidas en personas de 5 a 14 anos,2007-07-01,1,2,1,2,3
PALCA,consulta externa,repetidas en personas de 5 a 14 anos,2007-07-01,1,1,1,1,2
PALOS BLANCOS,consulta externa,repetidas en personas de 5 a 14 anos,2007-07-01,12,3,12,3,15
PAMPA GRANDE,consulta externa,repetidas en personas de 5 a 14 anos,2007-07-01,0,2,0,2,2
PAZÑA,consulta externa,repetidas en personas de 5 a 14 anos,2007-07-01,4,5,4,5,9
POCOATA,consulta externa,repetidas en personas de 5 a 14 anos,2007-07-01,1,4,1,4,5
POCONA,consulta externa,repetidas en personas de 5 a 14 anos,2007-07-01,1,0,1,0,1
POOPO,consulta externa,repetidas en personas de 5 a 14 anos,2007-07-01,3,1,3,1,4
PORONGO,consulta externa,repetidas en personas de 5 a 14 anos,2007-07-01,5,14,5,14,19
PORTACHUELO,consulta externa,repetidas en personas de 5 a 14 anos,2007-07-01,15,15,15,15,30
PORVENIR,consulta externa,repetidas en personas de 5 a 14 anos,2007-07-01,3,1,3,1,4
POSTRER VALLE,consulta externa,repetidas en personas de 5 a 14 anos,2007-07-01,0,1,0,1,1
POTOSI,consulta externa,repetidas en personas de 5 a 14 anos,2007-07-01,453,655,453,655,1108
PRESTO,consulta externa,repetidas en personas de 5 a 14 anos,2007-07-01,1,1,1,1,2
PUCARANI,consulta externa,repetidas en personas de 5 a 14 anos,2007-07-01,0,1,0,1,1
PUERTO CARABUCO,consulta externa,repetidas en personas de 5 a 14 anos,2007-07-01,2,0,2,0,2
PUERTO GONZALO MORENO,consulta externa,repetidas en personas de 5 a 14 anos,2007-07-01,1,0,1,0,1
PUERTO PEREZ,consulta externa,repetidas en personas de 5 a 14 anos,2007-07-01,0,1,0,1,1
PUERTO QUIJARRO,consulta externa,repetidas en personas de 5 a 14 anos,2007-07-01,12,13,12,13,25
PUERTO RICO,consulta externa,repetidas en personas de 5 a 14 anos,2007-07-01,3,0,3,0,3
PUERTO SUAREZ,consulta externa,repetidas en personas de 5 a 14 anos,2007-07-01,17,27,17,27,44
PUERTO VILLARROEL,consulta externa,repetidas en personas de 5 a 14 anos,2007-07-01,17,8,17,8,25
PUNA,consulta externa,repetidas en personas de 5 a 14 anos,2007-07-01,1,1,1,1,2
PUNATA,consulta externa,repetidas en personas de 5 a 14 anos,2007-07-01,23,29,23,29,52
QUILLACOLLO,consulta externa,repetidas en personas de 5 a 14 anos,2007-07-01,88,135,88,135,223
QUIME,consulta externa,repetidas en personas de 5 a 14 anos,2007-07-01,2,3,2,3,5
QUIRUSILLAS,consulta externa,repetidas en personas de 5 a 14 anos,2007-07-01,1,0,1,0,1
REYES,consulta externa,repetidas en personas de 5 a 14 anos,2007-07-01,7,10,7,10,17
RIBERALTA,consulta externa,repetidas en personas de 5 a 14 anos,2007-07-01,17,22,17,22,39
ROBORE,consulta externa,repetidas en personas de 5 a 14 anos,2007-07-01,8,4,8,4,12
RURRENABAQUE,consulta externa,repetidas en personas de 5 a 14 anos,2007-07-01,11,9,11,9,20
SABAYA,consulta externa,repetidas en personas de 5 a 14 anos,2007-07-01,0,1,0,1,1
SACABA,consulta externa,repetidas en personas de 5 a 14 anos,2007-07-01,88,104,88,104,192
SACABAMBA,consulta externa,repetidas en personas de 5 a 14 anos,2007-07-01,0,1,0,1,1
SACACA,consulta externa,repetidas en personas de 5 a 14 anos,2007-07-01,3,0,3,0,3
SAIPINA,consulta externa,repetidas en personas de 5 a 14 anos,2007-07-01,0,1,0,1,1
SAMAIPATA,consulta externa,repetidas en personas de 5 a 14 anos,2007-07-01,2,1,2,1,3
SAN ANDRES,consulta externa,repetidas en personas de 5 a 14 anos,2007-07-01,1,0,1,0,1
SAN ANDRES DE MACHACA,consulta externa,repetidas en personas de 5 a 14 anos,2007-07-01,1,1,1,1,2
SAN ANTONIO DE ESMORUCO,consulta externa,repetidas en personas de 5 a 14 anos,2007-07-01,1,0,1,0,1
SAN BENITO,consulta externa,repetidas en personas de 5 a 14 anos,2007-07-01,5,1,5,1,6
SAN BORJA,consulta externa,repetidas en personas de 5 a 14 anos,2007-07-01,12,15,12,15,27
SAN BUENA VENTURA,consulta externa,repetidas en personas de 5 a 14 anos,2007-07-01,9,6,9,6,15
SAN CARLOS,consulta externa,repetidas en personas de 5 a 14 anos,2007-07-01,5,3,5,3,8
SAN IGNACIO,consulta externa,repetidas en personas de 5 a 14 anos,2007-07-01,9,9,9,9,18
SAN IGNACIO DE VELASCO,consulta externa,repetidas en personas de 5 a 14 anos,2007-07-01,34,45,34,45,79
SAN JAVIER(BNI),consulta externa,repetidas en personas de 5 a 14 anos,2007-07-01,4,0,4,0,4
SAN JAVIER(STC),consulta externa,repetidas en personas de 5 a 14 anos,2007-07-01,4,2,4,2,6
SAN JOAQUIN,consulta externa,repetidas en personas de 5 a 14 anos,2007-07-01,128,49,128,49,177
SAN JOSE DE CHIQUITOS,consulta externa,repetidas en personas de 5 a 14 anos,2007-07-01,4,6,4,6,10
SAN JUAN DE YAPACANI,consulta externa,repetidas en personas de 5 a 14 anos,2007-07-01,10,6,10,6,16
SAN JULIAN,consulta externa,repetidas en personas de 5 a 14 anos,2007-07-01,6,4,6,4,10
SAN LORENZO(PND),consulta externa,repetidas en personas de 5 a 14 anos,2007-07-01,1,0,1,0,1
SAN LORENZO(TJA),consulta externa,repetidas en personas de 5 a 14 anos,2007-07-01,19,20,19,20,39
SAN LUCAS,consulta externa,repetidas en personas de 5 a 14 anos,2007-07-01,11,13,11,13,24
SAN MATIAS,consulta externa,repetidas en personas de 5 a 14 anos,2007-07-01,0,1,0,1,1
SAN MIGUEL DE VELASCO,consulta externa,repetidas en personas de 5 a 14 anos,2007-07-01,4,1,4,1,5
SAN PABLO DE LIPEZ,consulta externa,repetidas en personas de 5 a 14 anos,2007-07-01,1,2,1,2,3
SAN PEDRO,consulta externa,repetidas en personas de 5 a 14 anos,2007-07-01,18,12,18,12,30
SAN PEDRO DE CURAHUARA,consulta externa,repetidas en personas de 5 a 14 anos,2007-07-01,1,0,1,0,1
SAN PEDRO DE TIQUINA,consulta externa,repetidas en personas de 5 a 14 anos,2007-07-01,0,2,0,2,2
SAN RAFAEL,consulta externa,repetidas en personas de 5 a 14 anos,2007-07-01,0,1,0,1,1
SAN RAMON,consulta externa,repetidas en personas de 5 a 14 anos,2007-07-01,0,6,0,6,6
SAN RAMON,consulta externa,repetidas en personas de 5 a 14 anos,2007-07-01,5,13,5,13,18
SANTA ANA,consulta externa,repetidas en personas de 5 a 14 anos,2007-07-01,4,10,4,10,14
SANTA CRUZ DE LA SIERRA,consulta externa,repetidas en personas de 5 a 14 anos,2007-07-01,1847,2227,1847,2227,4074
SANTA ROSA,consulta externa,repetidas en personas de 5 a 14 anos,2007-07-01,1,1,1,1,2
SANTA ROSA DEL SARA,consulta externa,repetidas en personas de 5 a 14 anos,2007-07-01,2,1,2,1,3
SANTIAGO DE HUARI,consulta externa,repetidas en personas de 5 a 14 anos,2007-07-01,3,7,3,7,10
SANTIAGO DE MACHACA,consulta externa,repetidas en personas de 5 a 14 anos,2007-07-01,0,1,0,1,1
SANTIVAÑES,consulta externa,repetidas en personas de 5 a 14 anos,2007-07-01,4,2,4,2,6
SAPAHAQUI,consulta externa,repetidas en personas de 5 a 14 anos,2007-07-01,4,2,4,2,6
SICA SICA (VILLA AROMA),consulta externa,repetidas en personas de 5 a 14 anos,2007-07-01,1,3,1,3,4
SIPE SIPE,consulta externa,repetidas en personas de 5 a 14 anos,2007-07-01,24,43,24,43,67
SOPACHUY,consulta externa,repetidas en personas de 5 a 14 anos,2007-07-01,0,1,0,1,1
SORACACHI,consulta externa,repetidas en personas de 5 a 14 anos,2007-07-01,1,3,1,3,4
SORATA,consulta externa,repetidas en personas de 5 a 14 anos,2007-07-01,1,0,1,0,1
SUCRE,consulta externa,repetidas en personas de 5 a 14 anos,2007-07-01,1058,889,1058,889,1947
TACACHI,consulta externa,repetidas en personas de 5 a 14 anos,2007-07-01,2,2,2,2,4
TACACOMA,consulta externa,repetidas en personas de 5 a 14 anos,2007-07-01,0,1,0,1,1
TACOBAMBA,consulta externa,repetidas en personas de 5 a 14 anos,2007-07-01,1,0,1,0,1
TAPACARI,consulta externa,repetidas en personas de 5 a 14 anos,2007-07-01,4,0,4,0,4
TARABUCO,consulta externa,repetidas en personas de 5 a 14 anos,2007-07-01,5,0,5,0,5
TARACO,consulta externa,repetidas en personas de 5 a 14 anos,2007-07-01,0,1,0,1,1
TARATA,consulta externa,repetidas en personas de 5 a 14 anos,2007-07-01,0,1,0,1,1
TARIJA,consulta externa,repetidas en personas de 5 a 14 anos,2007-07-01,560,692,560,692,1252
TARVITA,consulta externa,repetidas en personas de 5 a 14 anos,2007-07-01,1,1,1,1,2
TEOPONTE,consulta externa,repetidas en personas de 5 a 14 anos,2007-07-01,2,5,2,5,7
TIAWANACU,consulta externa,repetidas en personas de 5 a 14 anos,2007-07-01,1,4,1,4,5
TINGUIPAYA,consulta externa,repetidas en personas de 5 a 14 anos,2007-07-01,0,1,0,1,1
TIPUANI,consulta externa,repetidas en personas de 5 a 14 anos,2007-07-01,4,2,4,2,6
TIQUIPAYA,consulta externa,repetidas en personas de 5 a 14 anos,2007-07-01,48,39,48,39,87
TIRAQUE (CBBA),consulta externa,repetidas en personas de 5 a 14 anos,2007-07-01,23,14,23,14,37
TOCO,consulta externa,repetidas en personas de 5 a 14 anos,2007-07-01,3,2,3,2,5
TOLATA,consulta externa,repetidas en personas de 5 a 14 anos,2007-07-01,3,4,3,4,7
TOLEDO,consulta externa,repetidas en personas de 5 a 14 anos,2007-07-01,1,0,1,0,1
TOMAVE,consulta externa,repetidas en personas de 5 a 14 anos,2007-07-01,1,2,1,2,3
TOMINA,consulta externa,repetidas en personas de 5 a 14 anos,2007-07-01,3,1,3,1,4
TORO TORO,consulta externa,repetidas en personas de 5 a 14 anos,2007-07-01,0,1,0,1,1
TOTORA(CBBA),consulta externa,repetidas en personas de 5 a 14 anos,2007-07-01,3,0,3,0,3
TRIGAL,consulta externa,repetidas en personas de 5 a 14 anos,2007-07-01,1,2,1,2,3
TRINIDAD,consulta externa,repetidas en personas de 5 a 14 anos,2007-07-01,115,154,115,154,269
TUPIZA,consulta externa,repetidas en personas de 5 a 14 anos,2007-07-01,58,78,58,78,136
UNCIA,consulta externa,repetidas en personas de 5 a 14 anos,2007-07-01,23,16,23,16,39
URIONDO (A. CONCEPCION),consulta externa,repetidas en personas de 5 a 14 anos,2007-07-01,10,4,10,4,14
UYUNI,consulta externa,repetidas en personas de 5 a 14 anos,2007-07-01,5,11,5,11,16
VACAS,consulta externa,repetidas en personas de 5 a 14 anos,2007-07-01,2,2,2,2,4
VALLEGRANDE,consulta externa,repetidas en personas de 5 a 14 anos,2007-07-01,56,73,56,73,129
VIACHA,consulta externa,repetidas en personas de 5 a 14 anos,2007-07-01,41,42,41,42,83
VILA VILA,consulta externa,repetidas en personas de 5 a 14 anos,2007-07-01,1,0,1,0,1
VILLA MONTES,consulta externa,repetidas en personas de 5 a 14 anos,2007-07-01,28,20,28,20,48
VILLA RIVERO,consulta externa,repetidas en personas de 5 a 14 anos,2007-07-01,1,1,1,1,2
VILLA SERRANO,consulta externa,repetidas en personas de 5 a 14 anos,2007-07-01,1,1,1,1,2
VILLA TUNARI,consulta externa,repetidas en personas de 5 a 14 anos,2007-07-01,9,15,9,15,24
VILLA VACA GUZMAN (MUYUPAMPA),consulta externa,repetidas en personas de 5 a 14 anos,2007-07-01,5,4,5,4,9
VILLAZON,consulta externa,repetidas en personas de 5 a 14 anos,2007-07-01,120,194,120,194,314
VINTO,consulta externa,repetidas en personas de 5 a 14 anos,2007-07-01,52,46,52,46,98
VITICHI,consulta externa,repetidas en personas de 5 a 14 anos,2007-07-01,1,0,1,0,1
WARNES,consulta externa,repetidas en personas de 5 a 14 anos,2007-07-01,8,29,8,29,37
YACUIBA,consulta externa,repetidas en personas de 5 a 14 anos,2007-07-01,131,136,131,136,267
YAMPARAEZ,consulta externa,repetidas en personas de 5 a 14 anos,2007-07-01,6,3,6,3,9
YANACACHI,consulta externa,repetidas en personas de 5 a 14 anos,2007-07-01,2,0,2,0,2
YAPACANI,consulta externa,repetidas en personas de 5 a 14 anos,2007-07-01,2,4,2,4,6
YOTALA,consulta externa,repetidas en personas de 5 a 14 anos,2007-07-01,14,5,14,5,19
YUNCHARA,consulta externa,repetidas en personas de 5 a 14 anos,2007-07-01,1,3,1,3,4
ZUDAÑEZ,consulta externa,repetidas en personas de 5 a 14 anos,2007-07-01,1,1,1,1,2
ACACIO,consulta externa,repetidas en personas de 5 a 14 anos,2007-08-01,0,1,0,1,1
ACHACACHI,consulta externa,repetidas en personas de 5 a 14 anos,2007-08-01,7,6,7,6,13
ACHOCALLA,consulta externa,repetidas en personas de 5 a 14 anos,2007-08-01,2,1,2,1,3
AIQUILE,consulta externa,repetidas en personas de 5 a 14 anos,2007-08-01,5,10,5,10,15
ALALAY,consulta externa,repetidas en personas de 5 a 14 anos,2007-08-01,0,1,0,1,1
ANCORAIMES,consulta externa,repetidas en personas de 5 a 14 anos,2007-08-01,5,1,5,1,6
ANDAMARCA,consulta externa,repetidas en personas de 5 a 14 anos,2007-08-01,2,2,2,2,4
ANTEQUERA,consulta externa,repetidas en personas de 5 a 14 anos,2007-08-01,5,10,5,10,15
ANZALDO,consulta externa,repetidas en personas de 5 a 14 anos,2007-08-01,2,0,2,0,2
APOLO,consulta externa,repetidas en personas de 5 a 14 anos,2007-08-01,1,1,1,1,2
ARANI,consulta externa,repetidas en personas de 5 a 14 anos,2007-08-01,4,0,4,0,4
ASCENCION DE GUARAYOS,consulta externa,repetidas en personas de 5 a 14 anos,2007-08-01,4,4,4,4,8
ATOCHA,consulta externa,repetidas en personas de 5 a 14 anos,2007-08-01,25,33,25,33,58
AUCAPATA,consulta externa,repetidas en personas de 5 a 14 anos,2007-08-01,7,6,7,6,13
AYATA,consulta externa,repetidas en personas de 5 a 14 anos,2007-08-01,3,7,3,7,10
AYO AYO,consulta externa,repetidas en personas de 5 a 14 anos,2007-08-01,5,0,5,0,5
AYOPAYA (V. DE INDEPENDENCIA),consulta externa,repetidas en personas de 5 a 14 anos,2007-08-01,4,4,4,4,8
AZURDUY,consulta externa,repetidas en personas de 5 a 14 anos,2007-08-01,10,0,10,0,10
BATALLAS,consulta externa,repetidas en personas de 5 a 14 anos,2007-08-01,0,1,0,1,1
BAURES,consulta externa,repetidas en personas de 5 a 14 anos,2007-08-01,5,3,5,3,8
BELEN DE ANDAMARCA,consulta externa,repetidas en personas de 5 a 14 anos,2007-08-01,1,6,1,6,7
BELEN DE URMIRI,consulta externa,repetidas en personas de 5 a 14 anos,2007-08-01,5,1,5,1,6
BELLA FLOR,consulta externa,repetidas en personas de 5 a 14 anos,2007-08-01,0,3,0,3,3
BERMEJO,consulta externa,repetidas en personas de 5 a 14 anos,2007-08-01,35,37,35,37,72
BETANZOS,consulta externa,repetidas en personas de 5 a 14 anos,2007-08-01,3,5,3,5,8
BOLIVAR,consulta externa,repetidas en personas de 5 a 14 anos,2007-08-01,0,3,0,3,3
BOYUIBE,consulta externa,repetidas en personas de 5 a 14 anos,2007-08-01,1,0,1,0,1
BUENA VISTA,consulta externa,repetidas en personas de 5 a 14 anos,2007-08-01,9,0,9,0,9
CABEZAS,consulta externa,repetidas en personas de 5 a 14 anos,2007-08-01,8,4,8,4,12
CAIROMA,consulta externa,repetidas en personas de 5 a 14 anos,2007-08-01,2,4,2,4,6
"CAIZA ""D""",consulta externa,repetidas en personas de 5 a 14 anos,2007-08-01,0,2,0,2,2
CAJUATA,consulta externa,repetidas en personas de 5 a 14 anos,2007-08-01,3,3,3,3,6
CALACOTO,consulta externa,repetidas en personas de 5 a 14 anos,2007-08-01,2,0,2,0,2
CALAMARCA,consulta externa,repetidas en personas de 5 a 14 anos,2007-08-01,5,0,5,0,5
CAMARGO,consulta externa,repetidas en personas de 5 a 14 anos,2007-08-01,3,1,3,1,4
CAMATAQUI (C. VILLA ABECIA),consulta externa,repetidas en personas de 5 a 14 anos,2007-08-01,1,1,1,1,2
CAMIRI,consulta externa,repetidas en personas de 5 a 14 anos,2007-08-01,30,55,30,55,85
CAPINOTA,consulta externa,repetidas en personas de 5 a 14 anos,2007-08-01,6,10,6,10,16
CAQUIAVIRI,consulta externa,repetidas en personas de 5 a 14 anos,2007-08-01,3,1,3,1,4
CARACOLLO,consulta externa,repetidas en personas de 5 a 14 anos,2007-08-01,4,2,4,2,6
CARANAVI,consulta externa,repetidas en personas de 5 a 14 anos,2007-08-01,54,70,54,70,124
CARAPARI,consulta externa,repetidas en personas de 5 a 14 anos,2007-08-01,3,3,3,3,6
CARMEN RIVERO TORREZ,consulta externa,repetidas en personas de 5 a 14 anos,2007-08-01,4,0,4,0,4
CHACARILLA,consulta externa,repetidas en personas de 5 a 14 anos,2007-08-01,1,0,1,0,1
CHALLAPATA,consulta externa,repetidas en personas de 5 a 14 anos,2007-08-01,12,49,12,49,61
CHARAGUA,consulta externa,repetidas en personas de 5 a 14 anos,2007-08-01,3,8,3,8,11
CHARAÑA,consulta externa,repetidas en personas de 5 a 14 anos,2007-08-01,1,0,1,0,1
CHIMORE,consulta externa,repetidas en personas de 5 a 14 anos,2007-08-01,0,2,0,2,2
CHULUMANI (V. DE LA LIBERTAD),consulta externa,repetidas en personas de 5 a 14 anos,2007-08-01,16,19,16,19,35
CHUMA,consulta externa,repetidas en personas de 5 a 14 anos,2007-08-01,2,1,2,1,3
CLIZA,consulta externa,repetidas en personas de 5 a 14 anos,2007-08-01,1,3,1,3,4
COBIJA,consulta externa,repetidas en personas de 5 a 14 anos,2007-08-01,25,61,25,61,86
COCHABAMBA,consulta externa,repetidas en personas de 5 a 14 anos,2007-08-01,2554,1849,2554,1849,4403
COIPASA,consulta externa,repetidas en personas de 5 a 14 anos,2007-08-01,0,1,0,1,1
COLCAPIRHUA,consulta externa,repetidas en personas de 5 a 14 anos,2007-08-01,68,38,68,38,106
"COLCHA ""K""",consulta externa,repetidas en personas de 5 a 14 anos,2007-08-01,5,4,5,4,9
COLOMI,consulta externa,repetidas en personas de 5 a 14 anos,2007-08-01,0,2,0,2,2
COLPA BELGICA,consulta externa,repetidas en personas de 5 a 14 anos,2007-08-01,15,6,15,6,21
COLQUECHACA,consulta externa,repetidas en personas de 5 a 14 anos,2007-08-01,3,1,3,1,4
COLQUENCHA,consulta externa,repetidas en personas de 5 a 14 anos,2007-08-01,0,1,0,1,1
COLQUIRI,consulta externa,repetidas en personas de 5 a 14 anos,2007-08-01,2,1,2,1,3
COMANCHE,consulta externa,repetidas en personas de 5 a 14 anos,2007-08-01,1,2,1,2,3
COMARAPA,consulta externa,repetidas en personas de 5 a 14 anos,2007-08-01,53,58,53,58,111
COPACABANA,consulta externa,repetidas en personas de 5 a 14 anos,2007-08-01,2,1,2,1,3
CORIPATA,consulta externa,repetidas en personas de 5 a 14 anos,2007-08-01,2,2,2,2,4
CORO CORO,consulta externa,repetidas en personas de 5 a 14 anos,2007-08-01,1,0,1,0,1
COROICO,consulta externa,repetidas en personas de 5 a 14 anos,2007-08-01,8,8,8,8,16
COTAGAITA,consulta externa,repetidas en personas de 5 a 14 anos,2007-08-01,9,22,9,22,31
COTOCA,consulta externa,repetidas en personas de 5 a 14 anos,2007-08-01,6,15,6,15,21
CUATRO CAÑADAS,consulta externa,repetidas en personas de 5 a 14 anos,2007-08-01,50,49,50,49,99
CUEVO,consulta externa,repetidas en personas de 5 a 14 anos,2007-08-01,2,0,2,0,2
CULPINA,consulta externa,repetidas en personas de 5 a 14 anos,2007-08-01,1,0,1,0,1
CURVA,consulta externa,repetidas en personas de 5 a 14 anos,2007-08-01,0,1,0,1,1
EL ALTO,consulta externa,repetidas en personas de 5 a 14 anos,2007-08-01,1660,1826,1660,1826,3486
EL PUENTE(TJA),consulta externa,repetidas en personas de 5 a 14 anos,2007-08-01,1,1,1,1,2
EL TORNO,consulta externa,repetidas en personas de 5 a 14 anos,2007-08-01,38,63,38,63,101
EL VILLAR,consulta externa,repetidas en personas de 5 a 14 anos,2007-08-01,0,1,0,1,1
ENTRE RIOS,consulta externa,repetidas en personas de 5 a 14 anos,2007-08-01,36,31,36,31,67
ENTRE RIOS,consulta externa,repetidas en personas de 5 a 14 anos,2007-08-01,15,14,15,14,29
EUCALIPTUS,consulta externa,repetidas en personas de 5 a 14 anos,2007-08-01,1,2,1,2,3
EXALTACION,consulta externa,repetidas en personas de 5 a 14 anos,2007-08-01,0,4,0,4,4
FERNANDEZ ALONSO,consulta externa,repetidas en personas de 5 a 14 anos,2007-08-01,1,42,1,42,43
FILADELFIA,consulta externa,repetidas en personas de 5 a 14 anos,2007-08-01,1,0,1,0,1
GENERAL SAAVEDRA,consulta externa,repetidas en personas de 5 a 14 anos,2007-08-01,2,4,2,4,6
GRAL. J.J. PEREZ (CHARAZANI),consulta externa,repetidas en personas de 5 a 14 anos,2007-08-01,0,1,0,1,1
GUAQUI,consulta externa,repetidas en personas de 5 a 14 anos,2007-08-01,3,4,3,4,7
GUAYARAMERIN,consulta externa,repetidas en personas de 5 a 14 anos,2007-08-01,191,61,191,61,252
GUTIERREZ,consulta externa,repetidas en personas de 5 a 14 anos,2007-08-01,3,2,3,2,5
HUACARETA,consulta externa,repetidas en personas de 5 a 14 anos,2007-08-01,8,2,8,2,10
HUACHACALLA,consulta externa,repetidas en personas de 5 a 14 anos,2007-08-01,1,3,1,3,4
HUANUNI,consulta externa,repetidas en personas de 5 a 14 anos,2007-08-01,321,271,321,271,592
HUARACAJE,consulta externa,repetidas en personas de 5 a 14 anos,2007-08-01,5,0,5,0,5
HUAYLLAMARCA,consulta externa,repetidas en personas de 5 a 14 anos,2007-08-01,6,0,6,0,6
ICLA,consulta externa,repetidas en personas de 5 a 14 anos,2007-08-01,9,8,9,8,17
INCAHUASI,consulta externa,repetidas en personas de 5 a 14 anos,2007-08-01,2,1,2,1,3
INGAVI (HUMAITA),consulta externa,repetidas en personas de 5 a 14 anos,2007-08-01,34,29,34,29,63
IRUPANA (VILLA DE LANZA),consulta externa,repetidas en personas de 5 a 14 anos,2007-08-01,2,2,2,2,4
IXIAMAS,consulta externa,repetidas en personas de 5 a 14 anos,2007-08-01,2,1,2,1,3
JESUS DE MACHACA,consulta externa,repetidas en personas de 5 a 14 anos,2007-08-01,1,0,1,0,1
LA ASUNTA,consulta externa,repetidas en personas de 5 a 14 anos,2007-08-01,74,50,74,50,124
LA GUARDIA,consulta externa,repetidas en personas de 5 a 14 anos,2007-08-01,13,12,13,12,25
LA PAZ,consulta externa,repetidas en personas de 5 a 14 anos,2007-08-01,2831,2833,2831,2833,5664
LAGUNILLAS,consulta externa,repetidas en personas de 5 a 14 anos,2007-08-01,0,2,0,2,2
LAJA,consulta externa,repetidas en personas de 5 a 14 anos,2007-08-01,2,9,2,9,11
LAS CARRERAS,consulta externa,repetidas en personas de 5 a 14 anos,2007-08-01,2,4,2,4,6
LLALLAGUA,consulta externa,repetidas en personas de 5 a 14 anos,2007-08-01,6,13,6,13,19
LLICA,consulta externa,repetidas en personas de 5 a 14 anos,2007-08-01,1,0,1,0,1
LORETO,consulta externa,repetidas en personas de 5 a 14 anos,2007-08-01,1,1,1,1,2
LURIBAY,consulta externa,repetidas en personas de 5 a 14 anos,2007-08-01,1,1,1,1,2
MACHACAMARCA,consulta externa,repetidas en personas de 5 a 14 anos,2007-08-01,3,3,3,3,6
MACHARETI,consulta externa,repetidas en personas de 5 a 14 anos,2007-08-01,2,3,2,3,5
MAGDALENA,consulta externa,repetidas en personas de 5 a 14 anos,2007-08-01,19,25,19,25,44
MAIRANA,consulta externa,repetidas en personas de 5 a 14 anos,2007-08-01,0,1,0,1,1
MALLA,consulta externa,repetidas en personas de 5 a 14 anos,2007-08-01,5,6,5,6,11
MAPIRI,consulta externa,repetidas en personas de 5 a 14 anos,2007-08-01,1,3,1,3,4
MECAPACA,consulta externa,repetidas en personas de 5 a 14 anos,2007-08-01,2,1,2,1,3
MINEROS,consulta externa,repetidas en personas de 5 a 14 anos,2007-08-01,0,4,0,4,4
MIZQUE,consulta externa,repetidas en personas de 5 a 14 anos,2007-08-01,17,10,17,10,27
MOCOMOCO,consulta externa,repetidas en personas de 5 a 14 anos,2007-08-01,8,1,8,1,9
MOJINETE,consulta externa,repetidas en personas de 5 a 14 anos,2007-08-01,1,0,1,0,1
MOJOCOYA,consulta externa,repetidas en personas de 5 a 14 anos,2007-08-01,6,7,6,7,13
MONTEAGUDO,consulta externa,repetidas en personas de 5 a 14 anos,2007-08-01,19,20,19,20,39
MONTERO,consulta externa,repetidas en personas de 5 a 14 anos,2007-08-01,515,610,515,610,1125
MORO MORO,consulta externa,repetidas en personas de 5 a 14 anos,2007-08-01,9,8,9,8,17
MOROCHATA,consulta externa,repetidas en personas de 5 a 14 anos,2007-08-01,1,1,1,1,2
NACEBE (SANTA ROSA DEL ABUNA),consulta externa,repetidas en personas de 5 a 14 anos,2007-08-01,7,2,7,2,9
NUEVO MANOA (NUEVA ESPERANZA),consulta externa,repetidas en personas de 5 a 14 anos,2007-08-01,1,2,1,2,3
OKINAWA,consulta externa,repetidas en personas de 5 a 14 anos,2007-08-01,3,6,3,6,9
OMEREQUE,consulta externa,repetidas en personas de 5 a 14 anos,2007-08-01,3,3,3,3,6
ORURO,consulta externa,repetidas en personas de 5 a 14 anos,2007-08-01,474,468,474,468,942
PADCAYA,consulta externa,repetidas en personas de 5 a 14 anos,2007-08-01,6,16,6,16,22
PADILLA,consulta externa,repetidas en personas de 5 a 14 anos,2007-08-01,2,4,2,4,6
PALCA,consulta externa,repetidas en personas de 5 a 14 anos,2007-08-01,3,2,3,2,5
PALOS BLANCOS,consulta externa,repetidas en personas de 5 a 14 anos,2007-08-01,11,15,11,15,26
PAMPA AULLAGAS,consulta externa,repetidas en personas de 5 a 14 anos,2007-08-01,0,2,0,2,2
PAMPA GRANDE,consulta externa,repetidas en personas de 5 a 14 anos,2007-08-01,0,2,0,2,2
PASORAPA,consulta externa,repetidas en personas de 5 a 14 anos,2007-08-01,0,1,0,1,1
PATACAMAYA,consulta externa,repetidas en personas de 5 a 14 anos,2007-08-01,0,1,0,1,1
PAZÑA,consulta externa,repetidas en personas de 5 a 14 anos,2007-08-01,1,1,1,1,2
POCOATA,consulta externa,repetidas en personas de 5 a 14 anos,2007-08-01,1,0,1,0,1
POOPO,consulta externa,repetidas en personas de 5 a 14 anos,2007-08-01,3,1,3,1,4
PORCO,consulta externa,repetidas en personas de 5 a 14 anos,2007-08-01,1,0,1,0,1
POROMA,consulta externa,repetidas en personas de 5 a 14 anos,2007-08-01,15,23,15,23,38
PORONGO,consulta externa,repetidas en personas de 5 a 14 anos,2007-08-01,6,4,6,4,10
PORTACHUELO,consulta externa,repetidas en personas de 5 a 14 anos,2007-08-01,7,11,7,11,18
POSTRER VALLE,consulta externa,repetidas en personas de 5 a 14 anos,2007-08-01,1,0,1,0,1
POTOSI,consulta externa,repetidas en personas de 5 a 14 anos,2007-08-01,471,469,471,469,940
PRESTO,consulta externa,repetidas en personas de 5 a 14 anos,2007-08-01,0,1,0,1,1
PUCARA,consulta externa,repetidas en personas de 5 a 14 anos,2007-08-01,1,0,1,0,1
PUCARANI,consulta externa,repetidas en personas de 5 a 14 anos,2007-08-01,2,1,2,1,3
PUERTO CARABUCO,consulta externa,repetidas en personas de 5 a 14 anos,2007-08-01,1,0,1,0,1
PUERTO GONZALO MORENO,consulta externa,repetidas en personas de 5 a 14 anos,2007-08-01,2,2,2,2,4
PUERTO PEREZ,consulta externa,repetidas en personas de 5 a 14 anos,2007-08-01,0,2,0,2,2
PUERTO QUIJARRO,consulta externa,repetidas en personas de 5 a 14 anos,2007-08-01,16,4,16,4,20
PUERTO RICO,consulta externa,repetidas en personas de 5 a 14 anos,2007-08-01,21,15,21,15,36
PUERTO SILES,consulta externa,repetidas en personas de 5 a 14 anos,2007-08-01,1,3,1,3,4
PUERTO SUAREZ,consulta externa,repetidas en personas de 5 a 14 anos,2007-08-01,11,7,11,7,18
PUERTO VILLARROEL,consulta externa,repetidas en personas de 5 a 14 anos,2007-08-01,10,8,10,8,18
PUNA,consulta externa,repetidas en personas de 5 a 14 anos,2007-08-01,3,1,3,1,4
PUNATA,consulta externa,repetidas en personas de 5 a 14 anos,2007-08-01,23,13,23,13,36
QUILLACOLLO,consulta externa,repetidas en personas de 5 a 14 anos,2007-08-01,79,79,79,79,158
QUIME,consulta externa,repetidas en personas de 5 a 14 anos,2007-08-01,1,1,1,1,2
REYES,consulta externa,repetidas en personas de 5 a 14 anos,2007-08-01,3,12,3,12,15
RIBERALTA,consulta externa,repetidas en personas de 5 a 14 anos,2007-08-01,17,43,17,43,60
ROBORE,consulta externa,repetidas en personas de 5 a 14 anos,2007-08-01,12,10,12,10,22
RURRENABAQUE,consulta externa,repetidas en personas de 5 a 14 anos,2007-08-01,5,17,5,17,22
SACABA,consulta externa,repetidas en personas de 5 a 14 anos,2007-08-01,106,109,106,109,215
SACABAMBA,consulta externa,repetidas en personas de 5 a 14 anos,2007-08-01,3,4,3,4,7
SACACA,consulta externa,repetidas en personas de 5 a 14 anos,2007-08-01,1,0,1,0,1
SAIPINA,consulta externa,repetidas en personas de 5 a 14 anos,2007-08-01,0,7,0,7,7
SALINAS DE GARCI MENDOZA,consulta externa,repetidas en personas de 5 a 14 anos,2007-08-01,2,1,2,1,3
SAMAIPATA,consulta externa,repetidas en personas de 5 a 14 anos,2007-08-01,1,1,1,1,2
SAN AGUSTIN,consulta externa,repetidas en personas de 5 a 14 anos,2007-08-01,1,0,1,0,1
SAN ANDRES,consulta externa,repetidas en personas de 5 a 14 anos,2007-08-01,0,2,0,2,2
SAN ANDRES DE MACHACA,consulta externa,repetidas en personas de 5 a 14 anos,2007-08-01,1,0,1,0,1
SAN ANTONIO DE ESMORUCO,consulta externa,repetidas en personas de 5 a 14 anos,2007-08-01,11,0,11,0,11
SAN ANTONIO DE LOMERIO,consulta externa,repetidas en personas de 5 a 14 anos,2007-08-01,1,0,1,0,1
SAN BENITO,consulta externa,repetidas en personas de 5 a 14 anos,2007-08-01,7,3,7,3,10
SAN BORJA,consulta externa,repetidas en personas de 5 a 14 anos,2007-08-01,10,13,10,13,23
SAN BUENA VENTURA,consulta externa,repetidas en personas de 5 a 14 anos,2007-08-01,3,6,3,6,9
SAN CARLOS,consulta externa,repetidas en personas de 5 a 14 anos,2007-08-01,5,5,5,5,10
SAN IGNACIO,consulta externa,repetidas en personas de 5 a 14 anos,2007-08-01,22,23,22,23,45
SAN IGNACIO DE VELASCO,consulta externa,repetidas en personas de 5 a 14 anos,2007-08-01,102,121,102,121,223
SAN JAVIER(STC),consulta externa,repetidas en personas de 5 a 14 anos,2007-08-01,4,1,4,1,5
SAN JOAQUIN,consulta externa,repetidas en personas de 5 a 14 anos,2007-08-01,34,28,34,28,62
SAN JOSE DE CHIQUITOS,consulta externa,repetidas en personas de 5 a 14 anos,2007-08-01,4,6,4,6,10
SAN JUAN DE YAPACANI,consulta externa,repetidas en personas de 5 a 14 anos,2007-08-01,27,24,27,24,51
SAN JULIAN,consulta externa,repetidas en personas de 5 a 14 anos,2007-08-01,18,24,18,24,42
SAN LORENZO(TJA),consulta externa,repetidas en personas de 5 a 14 anos,2007-08-01,6,6,6,6,12
SAN LUCAS,consulta externa,repetidas en personas de 5 a 14 anos,2007-08-01,12,9,12,9,21
SAN MATIAS,consulta externa,repetidas en personas de 5 a 14 anos,2007-08-01,3,0,3,0,3
SAN MIGUEL DE VELASCO,consulta externa,repetidas en personas de 5 a 14 anos,2007-08-01,0,1,0,1,1
SAN PABLO DE LIPEZ,consulta externa,repetidas en personas de 5 a 14 anos,2007-08-01,3,4,3,4,7
SAN PEDRO,consulta externa,repetidas en personas de 5 a 14 anos,2007-08-01,4,5,4,5,9
SAN PEDRO DE CURAHUARA,consulta externa,repetidas en personas de 5 a 14 anos,2007-08-01,1,1,1,1,2
SAN PEDRO DE QUEMES,consulta externa,repetidas en personas de 5 a 14 anos,2007-08-01,1,0,1,0,1
SAN PEDRO DE TIQUINA,consulta externa,repetidas en personas de 5 a 14 anos,2007-08-01,6,0,6,0,6
SAN RAFAEL,consulta externa,repetidas en personas de 5 a 14 anos,2007-08-01,1,4,1,4,5
SAN RAMON,consulta externa,repetidas en personas de 5 a 14 anos,2007-08-01,10,3,10,3,13
SAN RAMON,consulta externa,repetidas en personas de 5 a 14 anos,2007-08-01,5,14,5,14,19
SANTA ANA,consulta externa,repetidas en personas de 5 a 14 anos,2007-08-01,4,9,4,9,13
SANTA CRUZ DE LA SIERRA,consulta externa,repetidas en personas de 5 a 14 anos,2007-08-01,2157,2084,2157,2084,4241
SANTA ROSA,consulta externa,repetidas en personas de 5 a 14 anos,2007-08-01,2,3,2,3,5
SANTA ROSA DEL SARA,consulta externa,repetidas en personas de 5 a 14 anos,2007-08-01,0,1,0,1,1
SANTIAGO DE HUARI,consulta externa,repetidas en personas de 5 a 14 anos,2007-08-01,0,2,0,2,2
SANTIVAÑES,consulta externa,repetidas en personas de 5 a 14 anos,2007-08-01,1,0,1,0,1
SAPAHAQUI,consulta externa,repetidas en personas de 5 a 14 anos,2007-08-01,1,0,1,0,1
SENA,consulta externa,repetidas en personas de 5 a 14 anos,2007-08-01,39,46,39,46,85
SIPE SIPE,consulta externa,repetidas en personas de 5 a 14 anos,2007-08-01,34,30,34,30,64
SOPACHUY,consulta externa,repetidas en personas de 5 a 14 anos,2007-08-01,1,1,1,1,2
SORATA,consulta externa,repetidas en personas de 5 a 14 anos,2007-08-01,1,1,1,1,2
SUCRE,consulta externa,repetidas en personas de 5 a 14 anos,2007-08-01,787,786,787,786,1573
TACACHI,consulta externa,repetidas en personas de 5 a 14 anos,2007-08-01,3,0,3,0,3
TACACOMA,consulta externa,repetidas en personas de 5 a 14 anos,2007-08-01,1,1,1,1,2
TACOBAMBA,consulta externa,repetidas en personas de 5 a 14 anos,2007-08-01,1,1,1,1,2
TAPACARI,consulta externa,repetidas en personas de 5 a 14 anos,2007-08-01,2,0,2,0,2
TARABUCO,consulta externa,repetidas en personas de 5 a 14 anos,2007-08-01,12,2,12,2,14
TARATA,consulta externa,repetidas en personas de 5 a 14 anos,2007-08-01,4,0,4,0,4
TARIJA,consulta externa,repetidas en personas de 5 a 14 anos,2007-08-01,557,394,557,394,951
TARVITA,consulta externa,repetidas en personas de 5 a 14 anos,2007-08-01,3,2,3,2,5
TEOPONTE,consulta externa,repetidas en personas de 5 a 14 anos,2007-08-01,3,2,3,2,5
TIAWANACU,consulta externa,repetidas en personas de 5 a 14 anos,2007-08-01,3,1,3,1,4
TINGUIPAYA,consulta externa,repetidas en personas de 5 a 14 anos,2007-08-01,1,0,1,0,1
TIPUANI,consulta externa,repetidas en personas de 5 a 14 anos,2007-08-01,2,2,2,2,4
TIQUIPAYA,consulta externa,repetidas en personas de 5 a 14 anos,2007-08-01,19,20,19,20,39
TIRAQUE (CBBA),consulta externa,repetidas en personas de 5 a 14 anos,2007-08-01,18,13,18,13,31
TOCO,consulta externa,repetidas en personas de 5 a 14 anos,2007-08-01,0,2,0,2,2
TOLATA,consulta externa,repetidas en personas de 5 a 14 anos,2007-08-01,3,0,3,0,3
TOLEDO,consulta externa,repetidas en personas de 5 a 14 anos,2007-08-01,3,3,3,3,6
TOMAVE,consulta externa,repetidas en personas de 5 a 14 anos,2007-08-01,4,1,4,1,5
TOMINA,consulta externa,repetidas en personas de 5 a 14 anos,2007-08-01,1,0,1,0,1
TORO TORO,consulta externa,repetidas en personas de 5 a 14 anos,2007-08-01,2,1,2,1,3
TOTORA(CBBA),consulta externa,repetidas en personas de 5 a 14 anos,2007-08-01,1,1,1,1,2
TOTORA(ORR),consulta externa,repetidas en personas de 5 a 14 anos,2007-08-01,1,0,1,0,1
TRINIDAD,consulta externa,repetidas en personas de 5 a 14 anos,2007-08-01,294,330,294,330,624
TUPIZA,consulta externa,repetidas en personas de 5 a 14 anos,2007-08-01,89,106,89,106,195
UNCIA,consulta externa,repetidas en personas de 5 a 14 anos,2007-08-01,14,33,14,33,47
URIONDO (A. CONCEPCION),consulta externa,repetidas en personas de 5 a 14 anos,2007-08-01,2,2,2,2,4
URUBICHA,consulta externa,repetidas en personas de 5 a 14 anos,2007-08-01,0,1,0,1,1
UYUNI,consulta externa,repetidas en personas de 5 a 14 anos,2007-08-01,7,5,7,5,12
VACAS,consulta externa,repetidas en personas de 5 a 14 anos,2007-08-01,2,3,2,3,5
VALLEGRANDE,consulta externa,repetidas en personas de 5 a 14 anos,2007-08-01,62,67,62,67,129
VIACHA,consulta externa,repetidas en personas de 5 a 14 anos,2007-08-01,52,51,52,51,103
VILA VILA,consulta externa,repetidas en personas de 5 a 14 anos,2007-08-01,0,3,0,3,3
VILLA MONTES,consulta externa,repetidas en personas de 5 a 14 anos,2007-08-01,23,12,23,12,35
VILLA NUEVA (LOMA ALTA),consulta externa,repetidas en personas de 5 a 14 anos,2007-08-01,0,1,0,1,1
VILLA RIVERO,consulta externa,repetidas en personas de 5 a 14 anos,2007-08-01,3,0,3,0,3
VILLA SERRANO,consulta externa,repetidas en personas de 5 a 14 anos,2007-08-01,0,2,0,2,2
VILLA TUNARI,consulta externa,repetidas en personas de 5 a 14 anos,2007-08-01,28,23,28,23,51
VILLA VACA GUZMAN (MUYUPAMPA),consulta externa,repetidas en personas de 5 a 14 anos,2007-08-01,1,2,1,2,3
VILLAZON,consulta externa,repetidas en personas de 5 a 14 anos,2007-08-01,34,40,34,40,74
VINTO,consulta externa,repetidas en personas de 5 a 14 anos,2007-08-01,18,23,18,23,41
VITICHI,consulta externa,repetidas en personas de 5 a 14 anos,2007-08-01,1,0,1,0,1
WARNES,consulta externa,repetidas en personas de 5 a 14 anos,2007-08-01,11,3,11,3,14
YACO,consulta externa,repetidas en personas de 5 a 14 anos,2007-08-01,2,0,2,0,2
YACUIBA,consulta externa,repetidas en personas de 5 a 14 anos,2007-08-01,112,98,112,98,210
YAMPARAEZ,consulta externa,repetidas en personas de 5 a 14 anos,2007-08-01,11,6,11,6,17
YANACACHI,consulta externa,repetidas en personas de 5 a 14 anos,2007-08-01,4,2,4,2,6
YAPACANI,consulta externa,repetidas en personas de 5 a 14 anos,2007-08-01,6,12,6,12,18
YOCALLA,consulta externa,repetidas en personas de 5 a 14 anos,2007-08-01,0,3,0,3,3
YOTALA,consulta externa,repetidas en personas de 5 a 14 anos,2007-08-01,8,9,8,9,17
YUNCHARA,consulta externa,repetidas en personas de 5 a 14 anos,2007-08-01,0,2,0,2,2
ACACIO,consulta externa,repetidas en personas de 5 a 14 anos,2007-09-01,0,1,0,1,1
ACHACACHI,consulta externa,repetidas en personas de 5 a 14 anos,2007-09-01,4,9,4,9,13
ACHOCALLA,consulta externa,repetidas en personas de 5 a 14 anos,2007-09-01,1,1,1,1,2
AIQUILE,consulta externa,repetidas en personas de 5 a 14 anos,2007-09-01,3,5,3,5,8
ALALAY,consulta externa,repetidas en personas de 5 a 14 anos,2007-09-01,0,1,0,1,1
ANCORAIMES,consulta externa,repetidas en personas de 5 a 14 anos,2007-09-01,4,0,4,0,4
ANDAMARCA,consulta externa,repetidas en personas de 5 a 14 anos,2007-09-01,1,0,1,0,1
ANTEQUERA,consulta externa,repetidas en personas de 5 a 14 anos,2007-09-01,19,20,19,20,39
APOLO,consulta externa,repetidas en personas de 5 a 14 anos,2007-09-01,3,0,3,0,3
ARANI,consulta externa,repetidas en personas de 5 a 14 anos,2007-09-01,1,0,1,0,1
ARBIETO,consulta externa,repetidas en personas de 5 a 14 anos,2007-09-01,0,1,0,1,1
ARQUE,consulta externa,repetidas en personas de 5 a 14 anos,2007-09-01,0,9,0,9,9
ASCENCION DE GUARAYOS,consulta externa,repetidas en personas de 5 a 14 anos,2007-09-01,5,6,5,6,11
ATOCHA,consulta externa,repetidas en personas de 5 a 14 anos,2007-09-01,40,64,40,64,104
AUCAPATA,consulta externa,repetidas en personas de 5 a 14 anos,2007-09-01,8,6,8,6,14
AYATA,consulta externa,repetidas en personas de 5 a 14 anos,2007-09-01,0,2,0,2,2
AYO AYO,consulta externa,repetidas en personas de 5 a 14 anos,2007-09-01,2,2,2,2,4
AYOPAYA (V. DE INDEPENDENCIA),consulta externa,repetidas en personas de 5 a 14 anos,2007-09-01,2,11,2,11,13
BAURES,consulta externa,repetidas en personas de 5 a 14 anos,2007-09-01,1,4,1,4,5
BELEN DE URMIRI,consulta externa,repetidas en personas de 5 a 14 anos,2007-09-01,3,2,3,2,5
BERMEJO,consulta externa,repetidas en personas de 5 a 14 anos,2007-09-01,40,53,40,53,93
BETANZOS,consulta externa,repetidas en personas de 5 a 14 anos,2007-09-01,12,8,12,8,20
BOLIVAR,consulta externa,repetidas en personas de 5 a 14 anos,2007-09-01,2,0,2,0,2
BOYUIBE,consulta externa,repetidas en personas de 5 a 14 anos,2007-09-01,1,1,1,1,2
BUENA VISTA,consulta externa,repetidas en personas de 5 a 14 anos,2007-09-01,4,5,4,5,9
CABEZAS,consulta externa,repetidas en personas de 5 a 14 anos,2007-09-01,6,3,6,3,9
CAIROMA,consulta externa,repetidas en personas de 5 a 14 anos,2007-09-01,3,2,3,2,5
"CAIZA ""D""",consulta externa,repetidas en personas de 5 a 14 anos,2007-09-01,2,3,2,3,5
CAJUATA,consulta externa,repetidas en personas de 5 a 14 anos,2007-09-01,3,10,3,10,13
CALAMARCA,consulta externa,repetidas en personas de 5 a 14 anos,2007-09-01,1,0,1,0,1
CAMARGO,consulta externa,repetidas en personas de 5 a 14 anos,2007-09-01,1,2,1,2,3
CAMATAQUI (C. VILLA ABECIA),consulta externa,repetidas en personas de 5 a 14 anos,2007-09-01,5,0,5,0,5
CAMIRI,consulta externa,repetidas en personas de 5 a 14 anos,2007-09-01,42,50,42,50,92
CAPINOTA,consulta externa,repetidas en personas de 5 a 14 anos,2007-09-01,5,6,5,6,11
CAQUIAVIRI,consulta externa,repetidas en personas de 5 a 14 anos,2007-09-01,4,0,4,0,4
CARACOLLO,consulta externa,repetidas en personas de 5 a 14 anos,2007-09-01,1,3,1,3,4
CARANAVI,consulta externa,repetidas en personas de 5 a 14 anos,2007-09-01,5,8,5,8,13
CARAPARI,consulta externa,repetidas en personas de 5 a 14 anos,2007-09-01,4,1,4,1,5
CHALLAPATA,consulta externa,repetidas en personas de 5 a 14 anos,2007-09-01,13,17,13,17,30
CHAQUI,consulta externa,repetidas en personas de 5 a 14 anos,2007-09-01,2,0,2,0,2
CHARAGUA,consulta externa,repetidas en personas de 5 a 14 anos,2007-09-01,3,20,3,20,23
CHARAÑA,consulta externa,repetidas en personas de 5 a 14 anos,2007-09-01,0,1,0,1,1
CHAYANTA,consulta externa,repetidas en personas de 5 a 14 anos,2007-09-01,1,0,1,0,1
CHIMORE,consulta externa,repetidas en personas de 5 a 14 anos,2007-09-01,2,7,2,7,9
CHULUMANI (V. DE LA LIBERTAD),consulta externa,repetidas en personas de 5 a 14 anos,2007-09-01,9,23,9,23,32
CHUMA,consulta externa,repetidas en personas de 5 a 14 anos,2007-09-01,0,3,0,3,3
CLIZA,consulta externa,repetidas en personas de 5 a 14 anos,2007-09-01,4,5,4,5,9
COBIJA,consulta externa,repetidas en personas de 5 a 14 anos,2007-09-01,20,25,20,25,45
COCHABAMBA,consulta externa,repetidas en personas de 5 a 14 anos,2007-09-01,2207,1982,2207,1982,4189
COLCAPIRHUA,consulta externa,repetidas en personas de 5 a 14 anos,2007-09-01,51,27,51,27,78
"COLCHA ""K""",consulta externa,repetidas en personas de 5 a 14 anos,2007-09-01,3,1,3,1,4
COLOMI,consulta externa,repetidas en personas de 5 a 14 anos,2007-09-01,2,4,2,4,6
COLPA BELGICA,consulta externa,repetidas en personas de 5 a 14 anos,2007-09-01,49,12,49,12,61
COLQUECHACA,consulta externa,repetidas en personas de 5 a 14 anos,2007-09-01,1,0,1,0,1
COLQUENCHA,consulta externa,repetidas en personas de 5 a 14 anos,2007-09-01,2,0,2,0,2
COLQUIRI,consulta externa,repetidas en personas de 5 a 14 anos,2007-09-01,4,1,4,1,5
COMANCHE,consulta externa,repetidas en personas de 5 a 14 anos,2007-09-01,2,0,2,0,2
COMARAPA,consulta externa,repetidas en personas de 5 a 14 anos,2007-09-01,1,4,1,4,5
CONCEPCION,consulta externa,repetidas en personas de 5 a 14 anos,2007-09-01,5,1,5,1,6
COPACABANA,consulta externa,repetidas en personas de 5 a 14 anos,2007-09-01,4,1,4,1,5
CORIPATA,consulta externa,repetidas en personas de 5 a 14 anos,2007-09-01,3,5,3,5,8
CORO CORO,consulta externa,repetidas en personas de 5 a 14 anos,2007-09-01,1,0,1,0,1
COROICO,consulta externa,repetidas en personas de 5 a 14 anos,2007-09-01,7,12,7,12,19
CORQUE,consulta externa,repetidas en personas de 5 a 14 anos,2007-09-01,1,0,1,0,1
COTAGAITA,consulta externa,repetidas en personas de 5 a 14 anos,2007-09-01,17,23,17,23,40
COTOCA,consulta externa,repetidas en personas de 5 a 14 anos,2007-09-01,6,4,6,4,10
CUATRO CAÑADAS,consulta externa,repetidas en personas de 5 a 14 anos,2007-09-01,29,37,29,37,66
CUCHUMUELA (V. G. VILLARROEL),consulta externa,repetidas en personas de 5 a 14 anos,2007-09-01,3,0,3,0,3
CUEVO,consulta externa,repetidas en personas de 5 a 14 anos,2007-09-01,0,1,0,1,1
CULPINA,consulta externa,repetidas en personas de 5 a 14 anos,2007-09-01,13,19,13,19,32
CURAHUARA DE CARANGAS,consulta externa,repetidas en personas de 5 a 14 anos,2007-09-01,1,2,1,2,3
CURVA,consulta externa,repetidas en personas de 5 a 14 anos,2007-09-01,1,0,1,0,1
DESAGUADERO,consulta externa,repetidas en personas de 5 a 14 anos,2007-09-01,3,7,3,7,10
EL ALTO,consulta externa,repetidas en personas de 5 a 14 anos,2007-09-01,1502,1526,1502,1526,3028
EL PUENTE(STC),consulta externa,repetidas en personas de 5 a 14 anos,2007-09-01,0,1,0,1,1
EL PUENTE(TJA),consulta externa,repetidas en personas de 5 a 14 anos,2007-09-01,3,1,3,1,4
EL TORNO,consulta externa,repetidas en personas de 5 a 14 anos,2007-09-01,32,34,32,34,66
ENTRE RIOS,consulta externa,repetidas en personas de 5 a 14 anos,2007-09-01,3,9,3,9,12
ENTRE RIOS,consulta externa,repetidas en personas de 5 a 14 anos,2007-09-01,7,14,7,14,21
ESMERALDA,consulta externa,repetidas en personas de 5 a 14 anos,2007-09-01,1,1,1,1,2
EXALTACION,consulta externa,repetidas en personas de 5 a 14 anos,2007-09-01,2,1,2,1,3
FERNANDEZ ALONSO,consulta externa,repetidas en personas de 5 a 14 anos,2007-09-01,2,5,2,5,7
FILADELFIA,consulta externa,repetidas en personas de 5 a 14 anos,2007-09-01,58,24,58,24,82
GENERAL SAAVEDRA,consulta externa,repetidas en personas de 5 a 14 anos,2007-09-01,7,5,7,5,12
GRAL. J.J. PEREZ (CHARAZANI),consulta externa,repetidas en personas de 5 a 14 anos,2007-09-01,3,3,3,3,6
GUAQUI,consulta externa,repetidas en personas de 5 a 14 anos,2007-09-01,5,4,5,4,9
GUAYARAMERIN,consulta externa,repetidas en personas de 5 a 14 anos,2007-09-01,38,28,38,28,66
GUTIERREZ,consulta externa,repetidas en personas de 5 a 14 anos,2007-09-01,0,1,0,1,1
HUACARETA,consulta externa,repetidas en personas de 5 a 14 anos,2007-09-01,10,4,10,4,14
HUACHACALLA,consulta externa,repetidas en personas de 5 a 14 anos,2007-09-01,1,3,1,3,4
HUANUNI,consulta externa,repetidas en personas de 5 a 14 anos,2007-09-01,317,299,317,299,616
HUARACAJE,consulta externa,repetidas en personas de 5 a 14 anos,2007-09-01,14,5,14,5,19
HUAYLLAMARCA,consulta externa,repetidas en personas de 5 a 14 anos,2007-09-01,0,1,0,1,1
ICHOCA,consulta externa,repetidas en personas de 5 a 14 anos,2007-09-01,0,1,0,1,1
ICLA,consulta externa,repetidas en personas de 5 a 14 anos,2007-09-01,1,4,1,4,5
INCAHUASI,consulta externa,repetidas en personas de 5 a 14 anos,2007-09-01,2,2,2,2,4
INQUISIVI,consulta externa,repetidas en personas de 5 a 14 anos,2007-09-01,1,0,1,0,1
IRUPANA (VILLA DE LANZA),consulta externa,repetidas en personas de 5 a 14 anos,2007-09-01,2,0,2,0,2
IXIAMAS,consulta externa,repetidas en personas de 5 a 14 anos,2007-09-01,1,13,1,13,14
JESUS DE MACHACA,consulta externa,repetidas en personas de 5 a 14 anos,2007-09-01,1,0,1,0,1
LA ASUNTA,consulta externa,repetidas en personas de 5 a 14 anos,2007-09-01,10,7,10,7,17
LA GUARDIA,consulta externa,repetidas en personas de 5 a 14 anos,2007-09-01,18,14,18,14,32
LA PAZ,consulta externa,repetidas en personas de 5 a 14 anos,2007-09-01,2652,2673,2652,2673,5325
LAGUNILLAS,consulta externa,repetidas en personas de 5 a 14 anos,2007-09-01,1,0,1,0,1
LAJA,consulta externa,repetidas en personas de 5 a 14 anos,2007-09-01,4,2,4,2,6
LAS CARRERAS,consulta externa,repetidas en personas de 5 a 14 anos,2007-09-01,1,0,1,0,1
LICOMA PAMPA,consulta externa,repetidas en personas de 5 a 14 anos,2007-09-01,1,0,1,0,1
LLALLAGUA,consulta externa,repetidas en personas de 5 a 14 anos,2007-09-01,14,14,14,14,28
LLICA,consulta externa,repetidas en personas de 5 a 14 anos,2007-09-01,1,3,1,3,4
LORETO,consulta externa,repetidas en personas de 5 a 14 anos,2007-09-01,2,1,2,1,3
MACHACAMARCA,consulta externa,repetidas en personas de 5 a 14 anos,2007-09-01,0,2,0,2,2
MACHARETI,consulta externa,repetidas en personas de 5 a 14 anos,2007-09-01,5,3,5,3,8
MAGDALENA,consulta externa,repetidas en personas de 5 a 14 anos,2007-09-01,22,18,22,18,40
MAIRANA,consulta externa,repetidas en personas de 5 a 14 anos,2007-09-01,1,5,1,5,6
MALLA,consulta externa,repetidas en personas de 5 a 14 anos,2007-09-01,0,4,0,4,4
MAPIRI,consulta externa,repetidas en personas de 5 a 14 anos,2007-09-01,5,1,5,1,6
MECAPACA,consulta externa,repetidas en personas de 5 a 14 anos,2007-09-01,8,8,8,8,16
MINEROS,consulta externa,repetidas en personas de 5 a 14 anos,2007-09-01,1,2,1,2,3
MIZQUE,consulta externa,repetidas en personas de 5 a 14 anos,2007-09-01,28,18,28,18,46
MOCOMOCO,consulta externa,repetidas en personas de 5 a 14 anos,2007-09-01,6,3,6,3,9
MOJINETE,consulta externa,repetidas en personas de 5 a 14 anos,2007-09-01,0,1,0,1,1
MOJOCOYA,consulta externa,repetidas en personas de 5 a 14 anos,2007-09-01,1,28,1,28,29
MONTEAGUDO,consulta externa,repetidas en personas de 5 a 14 anos,2007-09-01,55,32,55,32,87
MONTERO,consulta externa,repetidas en personas de 5 a 14 anos,2007-09-01,305,345,305,345,650
MORO MORO,consulta externa,repetidas en personas de 5 a 14 anos,2007-09-01,0,2,0,2,2
MOROCHATA,consulta externa,repetidas en personas de 5 a 14 anos,2007-09-01,13,6,13,6,19
NUEVO MANOA (NUEVA ESPERANZA),consulta externa,repetidas en personas de 5 a 14 anos,2007-09-01,5,1,5,1,6
OKINAWA,consulta externa,repetidas en personas de 5 a 14 anos,2007-09-01,4,3,4,3,7
OMEREQUE,consulta externa,repetidas en personas de 5 a 14 anos,2007-09-01,0,1,0,1,1
ORURO,consulta externa,repetidas en personas de 5 a 14 anos,2007-09-01,493,502,493,502,995
PADCAYA,consulta externa,repetidas en personas de 5 a 14 anos,2007-09-01,7,13,7,13,20
PADILLA,consulta externa,repetidas en personas de 5 a 14 anos,2007-09-01,1,1,1,1,2
PAILON,consulta externa,repetidas en personas de 5 a 14 anos,2007-09-01,0,1,0,1,1
PALCA,consulta externa,repetidas en personas de 5 a 14 anos,2007-09-01,3,0,3,0,3
PALOS BLANCOS,consulta externa,repetidas en personas de 5 a 14 anos,2007-09-01,14,144,14,144,158
PAMPA GRANDE,consulta externa,repetidas en personas de 5 a 14 anos,2007-09-01,0,2,0,2,2
PAPEL PAMPA,consulta externa,repetidas en personas de 5 a 14 anos,2007-09-01,3,0,3,0,3
PATACAMAYA,consulta externa,repetidas en personas de 5 a 14 anos,2007-09-01,1,4,1,4,5
PAZÑA,consulta externa,repetidas en personas de 5 a 14 anos,2007-09-01,1,2,1,2,3
POCOATA,consulta externa,repetidas en personas de 5 a 14 anos,2007-09-01,0,2,0,2,2
POCONA,consulta externa,repetidas en personas de 5 a 14 anos,2007-09-01,9,19,9,19,28
POJO (CBBA),consulta externa,repetidas en personas de 5 a 14 anos,2007-09-01,1,0,1,0,1
POOPO,consulta externa,repetidas en personas de 5 a 14 anos,2007-09-01,1,1,1,1,2
PORCO,consulta externa,repetidas en personas de 5 a 14 anos,2007-09-01,0,2,0,2,2
POROMA,consulta externa,repetidas en personas de 5 a 14 anos,2007-09-01,13,9,13,9,22
PORONGO,consulta externa,repetidas en personas de 5 a 14 anos,2007-09-01,2,0,2,0,2
PORTACHUELO,consulta externa,repetidas en personas de 5 a 14 anos,2007-09-01,19,21,19,21,40
PORVENIR,consulta externa,repetidas en personas de 5 a 14 anos,2007-09-01,2,1,2,1,3
POTOSI,consulta externa,repetidas en personas de 5 a 14 anos,2007-09-01,389,429,389,429,818
PRESTO,consulta externa,repetidas en personas de 5 a 14 anos,2007-09-01,1,1,1,1,2
PUCARA,consulta externa,repetidas en personas de 5 a 14 anos,2007-09-01,2,1,2,1,3
PUCARANI,consulta externa,repetidas en personas de 5 a 14 anos,2007-09-01,0,3,0,3,3
PUERTO ACOSTA,consulta externa,repetidas en personas de 5 a 14 anos,2007-09-01,2,1,2,1,3
PUERTO CARABUCO,consulta externa,repetidas en personas de 5 a 14 anos,2007-09-01,2,0,2,0,2
PUERTO GONZALO MORENO,consulta externa,repetidas en personas de 5 a 14 anos,2007-09-01,0,2,0,2,2
PUERTO PEREZ,consulta externa,repetidas en personas de 5 a 14 anos,2007-09-01,0,1,0,1,1
PUERTO QUIJARRO,consulta externa,repetidas en personas de 5 a 14 anos,2007-09-01,6,6,6,6,12
PUERTO RICO,consulta externa,repetidas en personas de 5 a 14 anos,2007-09-01,2,4,2,4,6
PUERTO SUAREZ,consulta externa,repetidas en personas de 5 a 14 anos,2007-09-01,10,7,10,7,17
PUERTO VILLARROEL,consulta externa,repetidas en personas de 5 a 14 anos,2007-09-01,5,2,5,2,7
PUNA,consulta externa,repetidas en personas de 5 a 14 anos,2007-09-01,1,2,1,2,3
PUNATA,consulta externa,repetidas en personas de 5 a 14 anos,2007-09-01,17,18,17,18,35
QUILLACOLLO,consulta externa,repetidas en personas de 5 a 14 anos,2007-09-01,182,95,182,95,277
QUIME,consulta externa,repetidas en personas de 5 a 14 anos,2007-09-01,1,1,1,1,2
QUIRUSILLAS,consulta externa,repetidas en personas de 5 a 14 anos,2007-09-01,0,1,0,1,1
REYES,consulta externa,repetidas en personas de 5 a 14 anos,2007-09-01,2,9,2,9,11
RIBERALTA,consulta externa,repetidas en personas de 5 a 14 anos,2007-09-01,55,98,55,98,153
ROBORE,consulta externa,repetidas en personas de 5 a 14 anos,2007-09-01,2,6,2,6,8
RURRENABAQUE,consulta externa,repetidas en personas de 5 a 14 anos,2007-09-01,4,16,4,16,20
SACABA,consulta externa,repetidas en personas de 5 a 14 anos,2007-09-01,101,143,101,143,244
SACABAMBA,consulta externa,repetidas en personas de 5 a 14 anos,2007-09-01,7,4,7,4,11
SACACA,consulta externa,repetidas en personas de 5 a 14 anos,2007-09-01,3,3,3,3,6
SAIPINA,consulta externa,repetidas en personas de 5 a 14 anos,2007-09-01,3,10,3,10,13
SALINAS DE GARCI MENDOZA,consulta externa,repetidas en personas de 5 a 14 anos,2007-09-01,12,11,12,11,23
SAMAIPATA,consulta externa,repetidas en personas de 5 a 14 anos,2007-09-01,2,1,2,1,3
SAN AGUSTIN,consulta externa,repetidas en personas de 5 a 14 anos,2007-09-01,0,1,0,1,1
SAN ANDRES,consulta externa,repetidas en personas de 5 a 14 anos,2007-09-01,2,4,2,4,6
SAN ANDRES DE MACHACA,consulta externa,repetidas en personas de 5 a 14 anos,2007-09-01,2,0,2,0,2
SAN ANTONIO DE ESMORUCO,consulta externa,repetidas en personas de 5 a 14 anos,2007-09-01,1,0,1,0,1
SAN ANTONIO DE LOMERIO,consulta externa,repetidas en personas de 5 a 14 anos,2007-09-01,1,0,1,0,1
SAN BENITO,consulta externa,repetidas en personas de 5 a 14 anos,2007-09-01,4,7,4,7,11
SAN BORJA,consulta externa,repetidas en personas de 5 a 14 anos,2007-09-01,14,6,14,6,20
SAN BUENA VENTURA,consulta externa,repetidas en personas de 5 a 14 anos,2007-09-01,6,3,6,3,9
SAN CARLOS,consulta externa,repetidas en personas de 5 a 14 anos,2007-09-01,0,5,0,5,5
SAN IGNACIO,consulta externa,repetidas en personas de 5 a 14 anos,2007-09-01,15,21,15,21,36
SAN IGNACIO DE VELASCO,consulta externa,repetidas en personas de 5 a 14 anos,2007-09-01,43,31,43,31,74
SAN JAVIER(BNI),consulta externa,repetidas en personas de 5 a 14 anos,2007-09-01,0,1,0,1,1
SAN JAVIER(STC),consulta externa,repetidas en personas de 5 a 14 anos,2007-09-01,0,1,0,1,1
SAN JOSE DE CHIQUITOS,consulta externa,repetidas en personas de 5 a 14 anos,2007-09-01,16,13,16,13,29
SAN JUAN DE YAPACANI,consulta externa,repetidas en personas de 5 a 14 anos,2007-09-01,9,11,9,11,20
SAN JULIAN,consulta externa,repetidas en personas de 5 a 14 anos,2007-09-01,2,1,2,1,3
SAN LORENZO(PND),consulta externa,repetidas en personas de 5 a 14 anos,2007-09-01,0,1,0,1,1
SAN LORENZO(TJA),consulta externa,repetidas en personas de 5 a 14 anos,2007-09-01,5,8,5,8,13
SAN LUCAS,consulta externa,repetidas en personas de 5 a 14 anos,2007-09-01,3,9,3,9,12
SAN MATIAS,consulta externa,repetidas en personas de 5 a 14 anos,2007-09-01,0,1,0,1,1
SAN MIGUEL DE VELASCO,consulta externa,repetidas en personas de 5 a 14 anos,2007-09-01,3,2,3,2,5
SAN PABLO DE LIPEZ,consulta externa,repetidas en personas de 5 a 14 anos,2007-09-01,4,7,4,7,11
SAN PEDRO,consulta externa,repetidas en personas de 5 a 14 anos,2007-09-01,6,7,6,7,13
SAN PEDRO DE BUENA VISTA,consulta externa,repetidas en personas de 5 a 14 anos,2007-09-01,1,0,1,0,1
SAN PEDRO DE CURAHUARA,consulta externa,repetidas en personas de 5 a 14 anos,2007-09-01,1,0,1,0,1
SAN PEDRO DE TIQUINA,consulta externa,repetidas en personas de 5 a 14 anos,2007-09-01,1,0,1,0,1
SAN RAFAEL,consulta externa,repetidas en personas de 5 a 14 anos,2007-09-01,2,2,2,2,4
SAN RAMON,consulta externa,repetidas en personas de 5 a 14 anos,2007-09-01,5,32,5,32,37
SAN RAMON,consulta externa,repetidas en personas de 5 a 14 anos,2007-09-01,3,14,3,14,17
SANTA ANA,consulta externa,repetidas en personas de 5 a 14 anos,2007-09-01,2,7,2,7,9
SANTA CRUZ DE LA SIERRA,consulta externa,repetidas en personas de 5 a 14 anos,2007-09-01,1829,2842,1829,2842,4671
SANTA ROSA,consulta externa,repetidas en personas de 5 a 14 anos,2007-09-01,2,1,2,1,3
SANTA ROSA DEL SARA,consulta externa,repetidas en personas de 5 a 14 anos,2007-09-01,3,0,3,0,3
SANTIAGO DE HUARI,consulta externa,repetidas en personas de 5 a 14 anos,2007-09-01,2,2,2,2,4
SANTIAGO DE MACHACA,consulta externa,repetidas en personas de 5 a 14 anos,2007-09-01,0,1,0,1,1
SANTIVAÑES,consulta externa,repetidas en personas de 5 a 14 anos,2007-09-01,6,1,6,1,7
SAPAHAQUI,consulta externa,repetidas en personas de 5 a 14 anos,2007-09-01,0,2,0,2,2
SIPE SIPE,consulta externa,repetidas en personas de 5 a 14 anos,2007-09-01,35,30,35,30,65
SOPACHUY,consulta externa,repetidas en personas de 5 a 14 anos,2007-09-01,0,2,0,2,2
SORACACHI,consulta externa,repetidas en personas de 5 a 14 anos,2007-09-01,5,1,5,1,6
SORATA,consulta externa,repetidas en personas de 5 a 14 anos,2007-09-01,3,2,3,2,5
SUCRE,consulta externa,repetidas en personas de 5 a 14 anos,2007-09-01,791,740,791,740,1531
TACACHI,consulta externa,repetidas en personas de 5 a 14 anos,2007-09-01,1,1,1,1,2
TACACOMA,consulta externa,repetidas en personas de 5 a 14 anos,2007-09-01,0,1,0,1,1
TAPACARI,consulta externa,repetidas en personas de 5 a 14 anos,2007-09-01,10,7,10,7,17
TARABUCO,consulta externa,repetidas en personas de 5 a 14 anos,2007-09-01,5,3,5,3,8
TARACO,consulta externa,repetidas en personas de 5 a 14 anos,2007-09-01,0,1,0,1,1
TARATA,consulta externa,repetidas en personas de 5 a 14 anos,2007-09-01,0,1,0,1,1
TARIJA,consulta externa,repetidas en personas de 5 a 14 anos,2007-09-01,406,358,406,358,764
TARVITA,consulta externa,repetidas en personas de 5 a 14 anos,2007-09-01,5,5,5,5,10
TEOPONTE,consulta externa,repetidas en personas de 5 a 14 anos,2007-09-01,2,1,2,1,3
TIAWANACU,consulta externa,repetidas en personas de 5 a 14 anos,2007-09-01,3,1,3,1,4
TIPUANI,consulta externa,repetidas en personas de 5 a 14 anos,2007-09-01,1,0,1,0,1
TIQUIPAYA,consulta externa,repetidas en personas de 5 a 14 anos,2007-09-01,17,27,17,27,44
TIRAQUE (CBBA),consulta externa,repetidas en personas de 5 a 14 anos,2007-09-01,6,23,6,23,29
TITO YUPANQUI (PARQUIPUJIO),consulta externa,repetidas en personas de 5 a 14 anos,2007-09-01,1,0,1,0,1
TOLATA,consulta externa,repetidas en personas de 5 a 14 anos,2007-09-01,21,14,21,14,35
TOLEDO,consulta externa,repetidas en personas de 5 a 14 anos,2007-09-01,2,4,2,4,6
TOMAVE,consulta externa,repetidas en personas de 5 a 14 anos,2007-09-01,2,16,2,16,18
TORO TORO,consulta externa,repetidas en personas de 5 a 14 anos,2007-09-01,1,2,1,2,3
TOTORA(CBBA),consulta externa,repetidas en personas de 5 a 14 anos,2007-09-01,3,2,3,2,5
TRINIDAD,consulta externa,repetidas en personas de 5 a 14 anos,2007-09-01,220,279,220,279,499
TUPIZA,consulta externa,repetidas en personas de 5 a 14 anos,2007-09-01,52,39,52,39,91
TURCO,consulta externa,repetidas en personas de 5 a 14 anos,2007-09-01,2,0,2,0,2
UNCIA,consulta externa,repetidas en personas de 5 a 14 anos,2007-09-01,20,11,20,11,31
URIONDO (A. CONCEPCION),consulta externa,repetidas en personas de 5 a 14 anos,2007-09-01,12,9,12,9,21
URUBICHA,consulta externa,repetidas en personas de 5 a 14 anos,2007-09-01,1,2,1,2,3
UYUNI,consulta externa,repetidas en personas de 5 a 14 anos,2007-09-01,6,10,6,10,16
VACAS,consulta externa,repetidas en personas de 5 a 14 anos,2007-09-01,4,6,4,6,10
VALLEGRANDE,consulta externa,repetidas en personas de 5 a 14 anos,2007-09-01,60,51,60,51,111
VIACHA,consulta externa,repetidas en personas de 5 a 14 anos,2007-09-01,104,85,104,85,189
VILLA MONTES,consulta externa,repetidas en personas de 5 a 14 anos,2007-09-01,24,27,24,27,51
VILLA RIVERO,consulta externa,repetidas en personas de 5 a 14 anos,2007-09-01,4,3,4,3,7
VILLA TUNARI,consulta externa,repetidas en personas de 5 a 14 anos,2007-09-01,5,9,5,9,14
VILLA VACA GUZMAN (MUYUPAMPA),consulta externa,repetidas en personas de 5 a 14 anos,2007-09-01,3,6,3,6,9
VILLAZON,consulta externa,repetidas en personas de 5 a 14 anos,2007-09-01,21,17,21,17,38
VINTO,consulta externa,repetidas en personas de 5 a 14 anos,2007-09-01,18,27,18,27,45
VITICHI,consulta externa,repetidas en personas de 5 a 14 anos,2007-09-01,1,3,1,3,4
WALDO BALLIVIAN,consulta externa,repetidas en personas de 5 a 14 anos,2007-09-01,1,0,1,0,1
WARNES,consulta externa,repetidas en personas de 5 a 14 anos,2007-09-01,2,2,2,2,4
YACUIBA,consulta externa,repetidas en personas de 5 a 14 anos,2007-09-01,125,104,125,104,229
YAMPARAEZ,consulta externa,repetidas en personas de 5 a 14 anos,2007-09-01,3,1,3,1,4
YANACACHI,consulta externa,repetidas en personas de 5 a 14 anos,2007-09-01,2,1,2,1,3
YAPACANI,consulta externa,repetidas en personas de 5 a 14 anos,2007-09-01,3,4,3,4,7
YOTALA,consulta externa,repetidas en personas de 5 a 14 anos,2007-09-01,14,13,14,13,27
ZUDAÑEZ,consulta externa,repetidas en personas de 5 a 14 anos,2007-09-01,0,1,0,1,1
ACHACACHI,consulta externa,repetidas en personas de 5 a 14 anos,2007-10-01,15,12,15,12,27
ACHOCALLA,consulta externa,repetidas en personas de 5 a 14 anos,2007-10-01,6,1,6,1,7
AIQUILE,consulta externa,repetidas en personas de 5 a 14 anos,2007-10-01,11,13,11,13,24
ALCALA,consulta externa,repetidas en personas de 5 a 14 anos,2007-10-01,1,0,1,0,1
ANCORAIMES,consulta externa,repetidas en personas de 5 a 14 anos,2007-10-01,1,1,1,1,2
ANDAMARCA,consulta externa,repetidas en personas de 5 a 14 anos,2007-10-01,1,1,1,1,2
ANTEQUERA,consulta externa,repetidas en personas de 5 a 14 anos,2007-10-01,8,4,8,4,12
ANZALDO,consulta externa,repetidas en personas de 5 a 14 anos,2007-10-01,2,0,2,0,2
APOLO,consulta externa,repetidas en personas de 5 a 14 anos,2007-10-01,2,3,2,3,5
ARANI,consulta externa,repetidas en personas de 5 a 14 anos,2007-10-01,1,0,1,0,1
ARBIETO,consulta externa,repetidas en personas de 5 a 14 anos,2007-10-01,0,5,0,5,5
ARQUE,consulta externa,repetidas en personas de 5 a 14 anos,2007-10-01,3,13,3,13,16
ASCENCION DE GUARAYOS,consulta externa,repetidas en personas de 5 a 14 anos,2007-10-01,4,6,4,6,10
ATOCHA,consulta externa,repetidas en personas de 5 a 14 anos,2007-10-01,62,78,62,78,140
AUCAPATA,consulta externa,repetidas en personas de 5 a 14 anos,2007-10-01,6,3,6,3,9
AYATA,consulta externa,repetidas en personas de 5 a 14 anos,2007-10-01,3,1,3,1,4
AYO AYO,consulta externa,repetidas en personas de 5 a 14 anos,2007-10-01,3,1,3,1,4
AYOPAYA (V. DE INDEPENDENCIA),consulta externa,repetidas en personas de 5 a 14 anos,2007-10-01,11,21,11,21,32
AZURDUY,consulta externa,repetidas en personas de 5 a 14 anos,2007-10-01,1,0,1,0,1
BATALLAS,consulta externa,repetidas en personas de 5 a 14 anos,2007-10-01,1,2,1,2,3
BAURES,consulta externa,repetidas en personas de 5 a 14 anos,2007-10-01,5,3,5,3,8
BELEN DE ANDAMARCA,consulta externa,repetidas en personas de 5 a 14 anos,2007-10-01,2,0,2,0,2
BELEN DE URMIRI,consulta externa,repetidas en personas de 5 a 14 anos,2007-10-01,1,0,1,0,1
BELLA FLOR,consulta externa,repetidas en personas de 5 a 14 anos,2007-10-01,0,1,0,1,1
BERMEJO,consulta externa,repetidas en personas de 5 a 14 anos,2007-10-01,44,46,44,46,90
BETANZOS,consulta externa,repetidas en personas de 5 a 14 anos,2007-10-01,8,6,8,6,14
BOYUIBE,consulta externa,repetidas en personas de 5 a 14 anos,2007-10-01,1,3,1,3,4
BUENA VISTA,consulta externa,repetidas en personas de 5 a 14 anos,2007-10-01,13,14,13,14,27
CABEZAS,consulta externa,repetidas en personas de 5 a 14 anos,2007-10-01,3,4,3,4,7
CAIROMA,consulta externa,repetidas en personas de 5 a 14 anos,2007-10-01,4,3,4,3,7
"CAIZA ""D""",consulta externa,repetidas en personas de 5 a 14 anos,2007-10-01,0,2,0,2,2
CAJUATA,consulta externa,repetidas en personas de 5 a 14 anos,2007-10-01,1,1,1,1,2
CALACOTO,consulta externa,repetidas en personas de 5 a 14 anos,2007-10-01,0,2,0,2,2
CALAMARCA,consulta externa,repetidas en personas de 5 a 14 anos,2007-10-01,1,0,1,0,1
CAMARGO,consulta externa,repetidas en personas de 5 a 14 anos,2007-10-01,3,4,3,4,7
CAMATAQUI (C. VILLA ABECIA),consulta externa,repetidas en personas de 5 a 14 anos,2007-10-01,4,2,4,2,6
CAMIRI,consulta externa,repetidas en personas de 5 a 14 anos,2007-10-01,69,47,69,47,116
CAPINOTA,consulta externa,repetidas en personas de 5 a 14 anos,2007-10-01,14,16,14,16,30
CAQUIAVIRI,consulta externa,repetidas en personas de 5 a 14 anos,2007-10-01,2,0,2,0,2
CARACOLLO,consulta externa,repetidas en personas de 5 a 14 anos,2007-10-01,4,2,4,2,6
CARANAVI,consulta externa,repetidas en personas de 5 a 14 anos,2007-10-01,8,9,8,9,17
CARAPARI,consulta externa,repetidas en personas de 5 a 14 anos,2007-10-01,3,3,3,3,6
CARIPUYO,consulta externa,repetidas en personas de 5 a 14 anos,2007-10-01,1,0,1,0,1
CHACARILLA,consulta externa,repetidas en personas de 5 a 14 anos,2007-10-01,9,7,9,7,16
CHALLAPATA,consulta externa,repetidas en personas de 5 a 14 anos,2007-10-01,48,30,48,30,78
CHAQUI,consulta externa,repetidas en personas de 5 a 14 anos,2007-10-01,0,1,0,1,1
CHARAGUA,consulta externa,repetidas en personas de 5 a 14 anos,2007-10-01,4,7,4,7,11
CHARAÑA,consulta externa,repetidas en personas de 5 a 14 anos,2007-10-01,2,0,2,0,2
CHAYANTA,consulta externa,repetidas en personas de 5 a 14 anos,2007-10-01,0,3,0,3,3
CHIMORE,consulta externa,repetidas en personas de 5 a 14 anos,2007-10-01,3,3,3,3,6
CHULUMANI (V. DE LA LIBERTAD),consulta externa,repetidas en personas de 5 a 14 anos,2007-10-01,10,13,10,13,23
CHUMA,consulta externa,repetidas en personas de 5 a 14 anos,2007-10-01,0,1,0,1,1
CLIZA,consulta externa,repetidas en personas de 5 a 14 anos,2007-10-01,17,24,17,24,41
COBIJA,consulta externa,repetidas en personas de 5 a 14 anos,2007-10-01,37,44,37,44,81
COCHABAMBA,consulta externa,repetidas en personas de 5 a 14 anos,2007-10-01,3138,2723,3138,2723,5861
COLCAPIRHUA,consulta externa,repetidas en personas de 5 a 14 anos,2007-10-01,75,80,75,80,155
"COLCHA ""K""",consulta externa,repetidas en personas de 5 a 14 anos,2007-10-01,1,5,1,5,6
COLOMI,consulta externa,repetidas en personas de 5 a 14 anos,2007-10-01,2,0,2,0,2
COLPA BELGICA,consulta externa,repetidas en personas de 5 a 14 anos,2007-10-01,7,6,7,6,13
COLQUECHACA,consulta externa,repetidas en personas de 5 a 14 anos,2007-10-01,3,1,3,1,4
COLQUENCHA,consulta externa,repetidas en personas de 5 a 14 anos,2007-10-01,6,0,6,0,6
COLQUIRI,consulta externa,repetidas en personas de 5 a 14 anos,2007-10-01,4,2,4,2,6
COMANCHE,consulta externa,repetidas en personas de 5 a 14 anos,2007-10-01,0,2,0,2,2
COMARAPA,consulta externa,repetidas en personas de 5 a 14 anos,2007-10-01,6,2,6,2,8
COPACABANA,consulta externa,repetidas en personas de 5 a 14 anos,2007-10-01,3,0,3,0,3
CORIPATA,consulta externa,repetidas en personas de 5 a 14 anos,2007-10-01,0,2,0,2,2
CORO CORO,consulta externa,repetidas en personas de 5 a 14 anos,2007-10-01,2,3,2,3,5
COROICO,consulta externa,repetidas en personas de 5 a 14 anos,2007-10-01,13,8,13,8,21
CORQUE,consulta externa,repetidas en personas de 5 a 14 anos,2007-10-01,3,0,3,0,3
COTAGAITA,consulta externa,repetidas en personas de 5 a 14 anos,2007-10-01,23,26,23,26,49
COTOCA,consulta externa,repetidas en personas de 5 a 14 anos,2007-10-01,6,5,6,5,11
CUATRO CAÑADAS,consulta externa,repetidas en personas de 5 a 14 anos,2007-10-01,13,4,13,4,17
CUEVO,consulta externa,repetidas en personas de 5 a 14 anos,2007-10-01,3,2,3,2,5
CURVA,consulta externa,repetidas en personas de 5 a 14 anos,2007-10-01,0,1,0,1,1
EL ALTO,consulta externa,repetidas en personas de 5 a 14 anos,2007-10-01,1755,1867,1755,1867,3622
EL CHORO,consulta externa,repetidas en personas de 5 a 14 anos,2007-10-01,1,2,1,2,3
EL PUENTE(STC),consulta externa,repetidas en personas de 5 a 14 anos,2007-10-01,4,5,4,5,9
EL PUENTE(TJA),consulta externa,repetidas en personas de 5 a 14 anos,2007-10-01,0,3,0,3,3
EL TORNO,consulta externa,repetidas en personas de 5 a 14 anos,2007-10-01,34,52,34,52,86
ENTRE RIOS,consulta externa,repetidas en personas de 5 a 14 anos,2007-10-01,8,7,8,7,15
ENTRE RIOS,consulta externa,repetidas en personas de 5 a 14 anos,2007-10-01,2,5,2,5,7
EUCALIPTUS,consulta externa,repetidas en personas de 5 a 14 anos,2007-10-01,4,1,4,1,5
EXALTACION,consulta externa,repetidas en personas de 5 a 14 anos,2007-10-01,2,2,2,2,4
FERNANDEZ ALONSO,consulta externa,repetidas en personas de 5 a 14 anos,2007-10-01,2,6,2,6,8
FILADELFIA,consulta externa,repetidas en personas de 5 a 14 anos,2007-10-01,19,12,19,12,31
GENERAL SAAVEDRA,consulta externa,repetidas en personas de 5 a 14 anos,2007-10-01,4,2,4,2,6
GRAL. J.J. PEREZ (CHARAZANI),consulta externa,repetidas en personas de 5 a 14 anos,2007-10-01,9,14,9,14,23
GUANAY,consulta externa,repetidas en personas de 5 a 14 anos,2007-10-01,1,2,1,2,3
GUAQUI,consulta externa,repetidas en personas de 5 a 14 anos,2007-10-01,7,4,7,4,11
GUAYARAMERIN,consulta externa,repetidas en personas de 5 a 14 anos,2007-10-01,53,48,53,48,101
GUTIERREZ,consulta externa,repetidas en personas de 5 a 14 anos,2007-10-01,8,9,8,9,17
HUACARETA,consulta externa,repetidas en personas de 5 a 14 anos,2007-10-01,5,5,5,5,10
HUACHACALLA,consulta externa,repetidas en personas de 5 a 14 anos,2007-10-01,2,0,2,0,2
HUANUNI,consulta externa,repetidas en personas de 5 a 14 anos,2007-10-01,255,284,255,284,539
ICLA,consulta externa,repetidas en personas de 5 a 14 anos,2007-10-01,4,2,4,2,6
INGAVI (HUMAITA),consulta externa,repetidas en personas de 5 a 14 anos,2007-10-01,1,2,1,2,3
INQUISIVI,consulta externa,repetidas en personas de 5 a 14 anos,2007-10-01,1,1,1,1,2
IRUPANA (VILLA DE LANZA),consulta externa,repetidas en personas de 5 a 14 anos,2007-10-01,6,14,6,14,20
JESUS DE MACHACA,consulta externa,repetidas en personas de 5 a 14 anos,2007-10-01,2,3,2,3,5
LA ASUNTA,consulta externa,repetidas en personas de 5 a 14 anos,2007-10-01,7,6,7,6,13
LA GUARDIA,consulta externa,repetidas en personas de 5 a 14 anos,2007-10-01,29,23,29,23,52
LA PAZ,consulta externa,repetidas en personas de 5 a 14 anos,2007-10-01,3050,3073,3050,3073,6123
LAGUNILLAS,consulta externa,repetidas en personas de 5 a 14 anos,2007-10-01,2,2,2,2,4
LAJA,consulta externa,repetidas en personas de 5 a 14 anos,2007-10-01,2,14,2,14,16
LAS CARRERAS,consulta externa,repetidas en personas de 5 a 14 anos,2007-10-01,1,2,1,2,3
LICOMA PAMPA,consulta externa,repetidas en personas de 5 a 14 anos,2007-10-01,1,0,1,0,1
LLALLAGUA,consulta externa,repetidas en personas de 5 a 14 anos,2007-10-01,34,28,34,28,62
LLICA,consulta externa,repetidas en personas de 5 a 14 anos,2007-10-01,1,1,1,1,2
LORETO,consulta externa,repetidas en personas de 5 a 14 anos,2007-10-01,1,10,1,10,11
LURIBAY,consulta externa,repetidas en personas de 5 a 14 anos,2007-10-01,6,1,6,1,7
MACHACAMARCA,consulta externa,repetidas en personas de 5 a 14 anos,2007-10-01,8,0,8,0,8
MACHARETI,consulta externa,repetidas en personas de 5 a 14 anos,2007-10-01,39,47,39,47,86
MAGDALENA,consulta externa,repetidas en personas de 5 a 14 anos,2007-10-01,19,20,19,20,39
MAIRANA,consulta externa,repetidas en personas de 5 a 14 anos,2007-10-01,4,3,4,3,7
MALLA,consulta externa,repetidas en personas de 5 a 14 anos,2007-10-01,2,4,2,4,6
MAPIRI,consulta externa,repetidas en personas de 5 a 14 anos,2007-10-01,1,2,1,2,3
MECAPACA,consulta externa,repetidas en personas de 5 a 14 anos,2007-10-01,4,6,4,6,10
MINEROS,consulta externa,repetidas en personas de 5 a 14 anos,2007-10-01,2,0,2,0,2
MIZQUE,consulta externa,repetidas en personas de 5 a 14 anos,2007-10-01,11,6,11,6,17
MOCOMOCO,consulta externa,repetidas en personas de 5 a 14 anos,2007-10-01,1,0,1,0,1
MOJINETE,consulta externa,repetidas en personas de 5 a 14 anos,2007-10-01,0,1,0,1,1
MOJOCOYA,consulta externa,repetidas en personas de 5 a 14 anos,2007-10-01,2,3,2,3,5
MONTEAGUDO,consulta externa,repetidas en personas de 5 a 14 anos,2007-10-01,55,36,55,36,91
MONTERO,consulta externa,repetidas en personas de 5 a 14 anos,2007-10-01,199,195,199,195,394
MORO MORO,consulta externa,repetidas en personas de 5 a 14 anos,2007-10-01,2,0,2,0,2
MOROCHATA,consulta externa,repetidas en personas de 5 a 14 anos,2007-10-01,9,13,9,13,22
NAZACARA DE PACAJES,consulta externa,repetidas en personas de 5 a 14 anos,2007-10-01,0,1,0,1,1
NUEVO MANOA (NUEVA ESPERANZA),consulta externa,repetidas en personas de 5 a 14 anos,2007-10-01,6,1,6,1,7
OCURI,consulta externa,repetidas en personas de 5 a 14 anos,2007-10-01,0,1,0,1,1
OKINAWA,consulta externa,repetidas en personas de 5 a 14 anos,2007-10-01,4,3,4,3,7
OMEREQUE,consulta externa,repetidas en personas de 5 a 14 anos,2007-10-01,14,18,14,18,32
ORURO,consulta externa,repetidas en personas de 5 a 14 anos,2007-10-01,938,1043,938,1043,1981
PADCAYA,consulta externa,repetidas en personas de 5 a 14 anos,2007-10-01,10,7,10,7,17
PADILLA,consulta externa,repetidas en personas de 5 a 14 anos,2007-10-01,9,12,9,12,21
PAILON,consulta externa,repetidas en personas de 5 a 14 anos,2007-10-01,2,1,2,1,3
PALCA,consulta externa,repetidas en personas de 5 a 14 anos,2007-10-01,3,1,3,1,4
PALOS BLANCOS,consulta externa,repetidas en personas de 5 a 14 anos,2007-10-01,10,5,10,5,15
PAMPA AULLAGAS,consulta externa,repetidas en personas de 5 a 14 anos,2007-10-01,0,1,0,1,1
PAPEL PAMPA,consulta externa,repetidas en personas de 5 a 14 anos,2007-10-01,2,1,2,1,3
PASORAPA,consulta externa,repetidas en personas de 5 a 14 anos,2007-10-01,5,3,5,3,8
PATACAMAYA,consulta externa,repetidas en personas de 5 a 14 anos,2007-10-01,2,0,2,0,2
PAZÑA,consulta externa,repetidas en personas de 5 a 14 anos,2007-10-01,0,1,0,1,1
PELECHUCO,consulta externa,repetidas en personas de 5 a 14 anos,2007-10-01,1,0,1,0,1
POCOATA,consulta externa,repetidas en personas de 5 a 14 anos,2007-10-01,0,1,0,1,1
POCONA,consulta externa,repetidas en personas de 5 a 14 anos,2007-10-01,0,1,0,1,1
POOPO,consulta externa,repetidas en personas de 5 a 14 anos,2007-10-01,4,1,4,1,5
PORCO,consulta externa,repetidas en personas de 5 a 14 anos,2007-10-01,0,1,0,1,1
PORONGO,consulta externa,repetidas en personas de 5 a 14 anos,2007-10-01,1,3,1,3,4
PORTACHUELO,consulta externa,repetidas en personas de 5 a 14 anos,2007-10-01,12,17,12,17,29
PORVENIR,consulta externa,repetidas en personas de 5 a 14 anos,2007-10-01,1,0,1,0,1
POTOSI,consulta externa,repetidas en personas de 5 a 14 anos,2007-10-01,502,482,502,482,984
PRESTO,consulta externa,repetidas en personas de 5 a 14 anos,2007-10-01,2,0,2,0,2
PUCARA,consulta externa,repetidas en personas de 5 a 14 anos,2007-10-01,1,0,1,0,1
PUCARANI,consulta externa,repetidas en personas de 5 a 14 anos,2007-10-01,1,5,1,5,6
PUERTO ACOSTA,consulta externa,repetidas en personas de 5 a 14 anos,2007-10-01,1,3,1,3,4
PUERTO CARABUCO,consulta externa,repetidas en personas de 5 a 14 anos,2007-10-01,1,0,1,0,1
PUERTO GONZALO MORENO,consulta externa,repetidas en personas de 5 a 14 anos,2007-10-01,2,2,2,2,4
PUERTO PEREZ,consulta externa,repetidas en personas de 5 a 14 anos,2007-10-01,0,2,0,2,2
PUERTO QUIJARRO,consulta externa,repetidas en personas de 5 a 14 anos,2007-10-01,10,5,10,5,15
PUERTO RICO,consulta externa,repetidas en personas de 5 a 14 anos,2007-10-01,29,37,29,37,66
PUERTO SUAREZ,consulta externa,repetidas en personas de 5 a 14 anos,2007-10-01,6,20,6,20,26
PUERTO VILLARROEL,consulta externa,repetidas en personas de 5 a 14 anos,2007-10-01,19,11,19,11,30
PUNA,consulta externa,repetidas en personas de 5 a 14 anos,2007-10-01,2,1,2,1,3
PUNATA,consulta externa,repetidas en personas de 5 a 14 anos,2007-10-01,22,16,22,16,38
QUILLACOLLO,consulta externa,repetidas en personas de 5 a 14 anos,2007-10-01,101,44,101,44,145
QUIME,consulta externa,repetidas en personas de 5 a 14 anos,2007-10-01,1,3,1,3,4
QUIRUSILLAS,consulta externa,repetidas en personas de 5 a 14 anos,2007-10-01,4,0,4,0,4
REYES,consulta externa,repetidas en personas de 5 a 14 anos,2007-10-01,4,7,4,7,11
RIBERALTA,consulta externa,repetidas en personas de 5 a 14 anos,2007-10-01,32,58,32,58,90
ROBORE,consulta externa,repetidas en personas de 5 a 14 anos,2007-10-01,5,10,5,10,15
RURRENABAQUE,consulta externa,repetidas en personas de 5 a 14 anos,2007-10-01,7,9,7,9,16
SACABA,consulta externa,repetidas en personas de 5 a 14 anos,2007-10-01,105,97,105,97,202
SACABAMBA,consulta externa,repetidas en personas de 5 a 14 anos,2007-10-01,4,4,4,4,8
SACACA,consulta externa,repetidas en personas de 5 a 14 anos,2007-10-01,2,3,2,3,5
SAIPINA,consulta externa,repetidas en personas de 5 a 14 anos,2007-10-01,3,0,3,0,3
SALINAS DE GARCI MENDOZA,consulta externa,repetidas en personas de 5 a 14 anos,2007-10-01,2,1,2,1,3
SAMAIPATA,consulta externa,repetidas en personas de 5 a 14 anos,2007-10-01,2,1,2,1,3
SAN ANDRES,consulta externa,repetidas en personas de 5 a 14 anos,2007-10-01,1,3,1,3,4
SAN ANTONIO DE ESMORUCO,consulta externa,repetidas en personas de 5 a 14 anos,2007-10-01,4,2,4,2,6
SAN ANTONIO DE LOMERIO,consulta externa,repetidas en personas de 5 a 14 anos,2007-10-01,0,1,0,1,1
SAN BENITO,consulta externa,repetidas en personas de 5 a 14 anos,2007-10-01,8,10,8,10,18
SAN BORJA,consulta externa,repetidas en personas de 5 a 14 anos,2007-10-01,14,8,14,8,22
SAN BUENA VENTURA,consulta externa,repetidas en personas de 5 a 14 anos,2007-10-01,9,5,9,5,14
SAN CARLOS,consulta externa,repetidas en personas de 5 a 14 anos,2007-10-01,6,6,6,6,12
SAN IGNACIO,consulta externa,repetidas en personas de 5 a 14 anos,2007-10-01,27,70,27,70,97
SAN IGNACIO DE VELASCO,consulta externa,repetidas en personas de 5 a 14 anos,2007-10-01,26,26,26,26,52
SAN JAVIER(BNI),consulta externa,repetidas en personas de 5 a 14 anos,2007-10-01,0,1,0,1,1
SAN JAVIER(STC),consulta externa,repetidas en personas de 5 a 14 anos,2007-10-01,5,1,5,1,6
SAN JOAQUIN,consulta externa,repetidas en personas de 5 a 14 anos,2007-10-01,4,3,4,3,7
SAN JOSE DE CHIQUITOS,consulta externa,repetidas en personas de 5 a 14 anos,2007-10-01,2,5,2,5,7
SAN JUAN DE YAPACANI,consulta externa,repetidas en personas de 5 a 14 anos,2007-10-01,6,11,6,11,17
SAN JULIAN,consulta externa,repetidas en personas de 5 a 14 anos,2007-10-01,10,10,10,10,20
SAN LORENZO(TJA),consulta externa,repetidas en personas de 5 a 14 anos,2007-10-01,8,9,8,9,17
SAN LUCAS,consulta externa,repetidas en personas de 5 a 14 anos,2007-10-01,7,11,7,11,18
SAN MATIAS,consulta externa,repetidas en personas de 5 a 14 anos,2007-10-01,1,0,1,0,1
SAN MIGUEL DE VELASCO,consulta externa,repetidas en personas de 5 a 14 anos,2007-10-01,3,5,3,5,8
SAN PABLO DE LIPEZ,consulta externa,repetidas en personas de 5 a 14 anos,2007-10-01,3,7,3,7,10
SAN PEDRO,consulta externa,repetidas en personas de 5 a 14 anos,2007-10-01,13,11,13,11,24
SAN PEDRO DE CURAHUARA,consulta externa,repetidas en personas de 5 a 14 anos,2007-10-01,3,2,3,2,5
SAN PEDRO DE QUEMES,consulta externa,repetidas en personas de 5 a 14 anos,2007-10-01,1,0,1,0,1
SAN PEDRO DE TIQUINA,consulta externa,repetidas en personas de 5 a 14 anos,2007-10-01,2,0,2,0,2
SAN RAFAEL,consulta externa,repetidas en personas de 5 a 14 anos,2007-10-01,0,2,0,2,2
SAN RAMON,consulta externa,repetidas en personas de 5 a 14 anos,2007-10-01,7,9,7,9,16
SANTA ANA,consulta externa,repetidas en personas de 5 a 14 anos,2007-10-01,10,7,10,7,17
SANTA CRUZ DE LA SIERRA,consulta externa,repetidas en personas de 5 a 14 anos,2007-10-01,3377,2785,3377,2785,6162
SANTA ROSA,consulta externa,repetidas en personas de 5 a 14 anos,2007-10-01,52,51,52,51,103
SANTA ROSA DEL SARA,consulta externa,repetidas en personas de 5 a 14 anos,2007-10-01,2,1,2,1,3
SANTIAGO DE HUARI,consulta externa,repetidas en personas de 5 a 14 anos,2007-10-01,3,4,3,4,7
SANTIAGO DE MACHACA,consulta externa,repetidas en personas de 5 a 14 anos,2007-10-01,1,0,1,0,1
SANTIVAÑES,consulta externa,repetidas en personas de 5 a 14 anos,2007-10-01,3,3,3,3,6
SAPAHAQUI,consulta externa,repetidas en personas de 5 a 14 anos,2007-10-01,1,0,1,0,1
SENA,consulta externa,repetidas en personas de 5 a 14 anos,2007-10-01,3,4,3,4,7
SICA SICA (VILLA AROMA),consulta externa,repetidas en personas de 5 a 14 anos,2007-10-01,3,0,3,0,3
SIPE SIPE,consulta externa,repetidas en personas de 5 a 14 anos,2007-10-01,39,37,39,37,76
SOPACHUY,consulta externa,repetidas en personas de 5 a 14 anos,2007-10-01,1,0,1,0,1
SORATA,consulta externa,repetidas en personas de 5 a 14 anos,2007-10-01,1,2,1,2,3
SUCRE,consulta externa,repetidas en personas de 5 a 14 anos,2007-10-01,873,791,873,791,1664
TACACHI,consulta externa,repetidas en personas de 5 a 14 anos,2007-10-01,2,0,2,0,2
TACACOMA,consulta externa,repetidas en personas de 5 a 14 anos,2007-10-01,0,1,0,1,1
TACOBAMBA,consulta externa,repetidas en personas de 5 a 14 anos,2007-10-01,2,1,2,1,3
TAPACARI,consulta externa,repetidas en personas de 5 a 14 anos,2007-10-01,12,5,12,5,17
TARABUCO,consulta externa,repetidas en personas de 5 a 14 anos,2007-10-01,1,7,1,7,8
TARATA,consulta externa,repetidas en personas de 5 a 14 anos,2007-10-01,2,4,2,4,6
TARIJA,consulta externa,repetidas en personas de 5 a 14 anos,2007-10-01,469,506,469,506,975
TEOPONTE,consulta externa,repetidas en personas de 5 a 14 anos,2007-10-01,1,2,1,2,3
TIAWANACU,consulta externa,repetidas en personas de 5 a 14 anos,2007-10-01,2,2,2,2,4
TIPUANI,consulta externa,repetidas en personas de 5 a 14 anos,2007-10-01,0,3,0,3,3
TIQUIPAYA,consulta externa,repetidas en personas de 5 a 14 anos,2007-10-01,14,15,14,15,29
TIRAQUE (CBBA),consulta externa,repetidas en personas de 5 a 14 anos,2007-10-01,13,13,13,13,26
TITO YUPANQUI (PARQUIPUJIO),consulta externa,repetidas en personas de 5 a 14 anos,2007-10-01,2,3,2,3,5
TODOS SANTOS,consulta externa,repetidas en personas de 5 a 14 anos,2007-10-01,0,1,0,1,1
TOLATA,consulta externa,repetidas en personas de 5 a 14 anos,2007-10-01,32,45,32,45,77
TOMAVE,consulta externa,repetidas en personas de 5 a 14 anos,2007-10-01,6,4,6,4,10
TOMINA,consulta externa,repetidas en personas de 5 a 14 anos,2007-10-01,2,0,2,0,2
TORO TORO,consulta externa,repetidas en personas de 5 a 14 anos,2007-10-01,0,1,0,1,1
TRIGAL,consulta externa,repetidas en personas de 5 a 14 anos,2007-10-01,1,0,1,0,1
TRINIDAD,consulta externa,repetidas en personas de 5 a 14 anos,2007-10-01,159,190,159,190,349
TUPIZA,consulta externa,repetidas en personas de 5 a 14 anos,2007-10-01,81,89,81,89,170
UNCIA,consulta externa,repetidas en personas de 5 a 14 anos,2007-10-01,21,16,21,16,37
URIONDO (A. CONCEPCION),consulta externa,repetidas en personas de 5 a 14 anos,2007-10-01,15,16,15,16,31
URUBICHA,consulta externa,repetidas en personas de 5 a 14 anos,2007-10-01,1,1,1,1,2
UYUNI,consulta externa,repetidas en personas de 5 a 14 anos,2007-10-01,12,3,12,3,15
VACAS,consulta externa,repetidas en personas de 5 a 14 anos,2007-10-01,5,1,5,1,6
VALLEGRANDE,consulta externa,repetidas en personas de 5 a 14 anos,2007-10-01,75,65,75,65,140
VIACHA,consulta externa,repetidas en personas de 5 a 14 anos,2007-10-01,55,69,55,69,124
VILLA MONTES,consulta externa,repetidas en personas de 5 a 14 anos,2007-10-01,21,23,21,23,44
VILLA RIVERO,consulta externa,repetidas en personas de 5 a 14 anos,2007-10-01,6,0,6,0,6
VILLA TUNARI,consulta externa,repetidas en personas de 5 a 14 anos,2007-10-01,16,14,16,14,30
VILLA VACA GUZMAN (MUYUPAMPA),consulta externa,repetidas en personas de 5 a 14 anos,2007-10-01,5,1,5,1,6
VILLAZON,consulta externa,repetidas en personas de 5 a 14 anos,2007-10-01,28,17,28,17,45
VINTO,consulta externa,repetidas en personas de 5 a 14 anos,2007-10-01,44,68,44,68,112
VITICHI,consulta externa,repetidas en personas de 5 a 14 anos,2007-10-01,2,1,2,1,3
WARNES,consulta externa,repetidas en personas de 5 a 14 anos,2007-10-01,15,11,15,11,26
YACO,consulta externa,repetidas en personas de 5 a 14 anos,2007-10-01,4,1,4,1,5
YACUIBA,consulta externa,repetidas en personas de 5 a 14 anos,2007-10-01,113,98,113,98,211
YAMPARAEZ,consulta externa,repetidas en personas de 5 a 14 anos,2007-10-01,11,3,11,3,14
YANACACHI,consulta externa,repetidas en personas de 5 a 14 anos,2007-10-01,2,0,2,0,2
YAPACANI,consulta externa,repetidas en personas de 5 a 14 anos,2007-10-01,2,4,2,4,6
YOCALLA,consulta externa,repetidas en personas de 5 a 14 anos,2007-10-01,1,0,1,0,1
YOTALA,consulta externa,repetidas en personas de 5 a 14 anos,2007-10-01,2,1,2,1,3
YUNCHARA,consulta externa,repetidas en personas de 5 a 14 anos,2007-10-01,5,7,5,7,12
ACHACACHI,consulta externa,repetidas en personas de 5 a 14 anos,2007-11-01,6,10,6,10,16
ACHOCALLA,consulta externa,repetidas en personas de 5 a 14 anos,2007-11-01,3,0,3,0,3
AIQUILE,consulta externa,repetidas en personas de 5 a 14 anos,2007-11-01,21,11,21,11,32
ANCORAIMES,consulta externa,repetidas en personas de 5 a 14 anos,2007-11-01,5,1,5,1,6
ANDAMARCA,consulta externa,repetidas en personas de 5 a 14 anos,2007-11-01,1,1,1,1,2
ANTEQUERA,consulta externa,repetidas en personas de 5 a 14 anos,2007-11-01,1,0,1,0,1
ANZALDO,consulta externa,repetidas en personas de 5 a 14 anos,2007-11-01,2,3,2,3,5
APOLO,consulta externa,repetidas en personas de 5 a 14 anos,2007-11-01,3,2,3,2,5
ARBIETO,consulta externa,repetidas en personas de 5 a 14 anos,2007-11-01,0,3,0,3,3
ASCENCION DE GUARAYOS,consulta externa,repetidas en personas de 5 a 14 anos,2007-11-01,14,7,14,7,21
ATOCHA,consulta externa,repetidas en personas de 5 a 14 anos,2007-11-01,45,53,45,53,98
AUCAPATA,consulta externa,repetidas en personas de 5 a 14 anos,2007-11-01,14,8,14,8,22
AYATA,consulta externa,repetidas en personas de 5 a 14 anos,2007-11-01,3,1,3,1,4
BATALLAS,consulta externa,repetidas en personas de 5 a 14 anos,2007-11-01,2,0,2,0,2
BAURES,consulta externa,repetidas en personas de 5 a 14 anos,2007-11-01,3,2,3,2,5
BELEN DE ANDAMARCA,consulta externa,repetidas en personas de 5 a 14 anos,2007-11-01,1,0,1,0,1
BELEN DE URMIRI,consulta externa,repetidas en personas de 5 a 14 anos,2007-11-01,2,0,2,0,2
BERMEJO,consulta externa,repetidas en personas de 5 a 14 anos,2007-11-01,36,43,36,43,79
BETANZOS,consulta externa,repetidas en personas de 5 a 14 anos,2007-11-01,8,3,8,3,11
BOLIVAR,consulta externa,repetidas en personas de 5 a 14 anos,2007-11-01,1,0,1,0,1
BOLPEBRA,consulta externa,repetidas en personas de 5 a 14 anos,2007-11-01,1,0,1,0,1
BOYUIBE,consulta externa,repetidas en personas de 5 a 14 anos,2007-11-01,2,2,2,2,4
BUENA VISTA,consulta externa,repetidas en personas de 5 a 14 anos,2007-11-01,7,4,7,4,11
CABEZAS,consulta externa,repetidas en personas de 5 a 14 anos,2007-11-01,3,6,3,6,9
CAIROMA,consulta externa,repetidas en personas de 5 a 14 anos,2007-11-01,4,5,4,5,9
"CAIZA ""D""",consulta externa,repetidas en personas de 5 a 14 anos,2007-11-01,4,3,4,3,7
CAJUATA,consulta externa,repetidas en personas de 5 a 14 anos,2007-11-01,1,2,1,2,3
CALACOTO,consulta externa,repetidas en personas de 5 a 14 anos,2007-11-01,3,1,3,1,4
CALAMARCA,consulta externa,repetidas en personas de 5 a 14 anos,2007-11-01,0,3,0,3,3
CAMARGO,consulta externa,repetidas en personas de 5 a 14 anos,2007-11-01,1,2,1,2,3
CAMATAQUI (C. VILLA ABECIA),consulta externa,repetidas en personas de 5 a 14 anos,2007-11-01,1,6,1,6,7
CAMIRI,consulta externa,repetidas en personas de 5 a 14 anos,2007-11-01,89,61,89,61,150
CAPINOTA,consulta externa,repetidas en personas de 5 a 14 anos,2007-11-01,15,26,15,26,41
CAQUIAVIRI,consulta externa,repetidas en personas de 5 a 14 anos,2007-11-01,0,1,0,1,1
CARACOLLO,consulta externa,repetidas en personas de 5 a 14 anos,2007-11-01,8,4,8,4,12
CARANAVI,consulta externa,repetidas en personas de 5 a 14 anos,2007-11-01,15,7,15,7,22
CARAPARI,consulta externa,repetidas en personas de 5 a 14 anos,2007-11-01,2,0,2,0,2
CARIPUYO,consulta externa,repetidas en personas de 5 a 14 anos,2007-11-01,2,0,2,0,2
CATACORA,consulta externa,repetidas en personas de 5 a 14 anos,2007-11-01,1,0,1,0,1
CHALLAPATA,consulta externa,repetidas en personas de 5 a 14 anos,2007-11-01,15,13,15,13,28
CHAQUI,consulta externa,repetidas en personas de 5 a 14 anos,2007-11-01,0,1,0,1,1
CHARAGUA,consulta externa,repetidas en personas de 5 a 14 anos,2007-11-01,71,88,71,88,159
CHARAÑA,consulta externa,repetidas en personas de 5 a 14 anos,2007-11-01,4,2,4,2,6
CHAYANTA,consulta externa,repetidas en personas de 5 a 14 anos,2007-11-01,2,1,2,1,3
CHIMORE,consulta externa,repetidas en personas de 5 a 14 anos,2007-11-01,13,13,13,13,26
CHIPAYA,consulta externa,repetidas en personas de 5 a 14 anos,2007-11-01,2,1,2,1,3
CHULUMANI (V. DE LA LIBERTAD),consulta externa,repetidas en personas de 5 a 14 anos,2007-11-01,14,8,14,8,22
CLIZA,consulta externa,repetidas en personas de 5 a 14 anos,2007-11-01,7,7,7,7,14
COBIJA,consulta externa,repetidas en personas de 5 a 14 anos,2007-11-01,27,19,27,19,46
COCHABAMBA,consulta externa,repetidas en personas de 5 a 14 anos,2007-11-01,2257,2150,2257,2150,4407
COLCAPIRHUA,consulta externa,repetidas en personas de 5 a 14 anos,2007-11-01,28,45,28,45,73
"COLCHA ""K""",consulta externa,repetidas en personas de 5 a 14 anos,2007-11-01,1,3,1,3,4
COLOMI,consulta externa,repetidas en personas de 5 a 14 anos,2007-11-01,1,1,1,1,2
COLPA BELGICA,consulta externa,repetidas en personas de 5 a 14 anos,2007-11-01,1,5,1,5,6
COLQUECHACA,consulta externa,repetidas en personas de 5 a 14 anos,2007-11-01,1,1,1,1,2
COLQUENCHA,consulta externa,repetidas en personas de 5 a 14 anos,2007-11-01,1,2,1,2,3
COLQUIRI,consulta externa,repetidas en personas de 5 a 14 anos,2007-11-01,3,1,3,1,4
COMANCHE,consulta externa,repetidas en personas de 5 a 14 anos,2007-11-01,1,2,1,2,3
COMARAPA,consulta externa,repetidas en personas de 5 a 14 anos,2007-11-01,5,1,5,1,6
CONCEPCION,consulta externa,repetidas en personas de 5 a 14 anos,2007-11-01,5,6,5,6,11
CORO CORO,consulta externa,repetidas en personas de 5 a 14 anos,2007-11-01,0,1,0,1,1
COROICO,consulta externa,repetidas en personas de 5 a 14 anos,2007-11-01,15,12,15,12,27
CORQUE,consulta externa,repetidas en personas de 5 a 14 anos,2007-11-01,7,0,7,0,7
COTAGAITA,consulta externa,repetidas en personas de 5 a 14 anos,2007-11-01,19,8,19,8,27
COTOCA,consulta externa,repetidas en personas de 5 a 14 anos,2007-11-01,3,4,3,4,7
CUATRO CAÑADAS,consulta externa,repetidas en personas de 5 a 14 anos,2007-11-01,7,12,7,12,19
CULPINA,consulta externa,repetidas en personas de 5 a 14 anos,2007-11-01,18,0,18,0,18
CURAHUARA DE CARANGAS,consulta externa,repetidas en personas de 5 a 14 anos,2007-11-01,0,1,0,1,1
DESAGUADERO,consulta externa,repetidas en personas de 5 a 14 anos,2007-11-01,2,0,2,0,2
EL ALTO,consulta externa,repetidas en personas de 5 a 14 anos,2007-11-01,1601,1817,1601,1817,3418
EL CHORO,consulta externa,repetidas en personas de 5 a 14 anos,2007-11-01,0,2,0,2,2
EL PUENTE(STC),consulta externa,repetidas en personas de 5 a 14 anos,2007-11-01,1,0,1,0,1
EL PUENTE(TJA),consulta externa,repetidas en personas de 5 a 14 anos,2007-11-01,4,3,4,3,7
EL TORNO,consulta externa,repetidas en personas de 5 a 14 anos,2007-11-01,24,26,24,26,50
ENTRE RIOS,consulta externa,repetidas en personas de 5 a 14 anos,2007-11-01,9,7,9,7,16
ENTRE RIOS,consulta externa,repetidas en personas de 5 a 14 anos,2007-11-01,10,2,10,2,12
EUCALIPTUS,consulta externa,repetidas en personas de 5 a 14 anos,2007-11-01,3,3,3,3,6
FERNANDEZ ALONSO,consulta externa,repetidas en personas de 5 a 14 anos,2007-11-01,1,6,1,6,7
FILADELFIA,consulta externa,repetidas en personas de 5 a 14 anos,2007-11-01,0,1,0,1,1
GENERAL SAAVEDRA,consulta externa,repetidas en personas de 5 a 14 anos,2007-11-01,4,3,4,3,7
GRAL. J.J. PEREZ (CHARAZANI),consulta externa,repetidas en personas de 5 a 14 anos,2007-11-01,1,0,1,0,1
GUANAY,consulta externa,repetidas en personas de 5 a 14 anos,2007-11-01,2,1,2,1,3
GUAQUI,consulta externa,repetidas en personas de 5 a 14 anos,2007-11-01,6,3,6,3,9
GUAYARAMERIN,consulta externa,repetidas en personas de 5 a 14 anos,2007-11-01,35,74,35,74,109
GUTIERREZ,consulta externa,repetidas en personas de 5 a 14 anos,2007-11-01,1,4,1,4,5
HUACARETA,consulta externa,repetidas en personas de 5 a 14 anos,2007-11-01,4,3,4,3,7
HUACAYA (VILLA DE HUACAYA),consulta externa,repetidas en personas de 5 a 14 anos,2007-11-01,0,1,0,1,1
HUACHACALLA,consulta externa,repetidas en personas de 5 a 14 anos,2007-11-01,0,2,0,2,2
HUANUNI,consulta externa,repetidas en personas de 5 a 14 anos,2007-11-01,293,267,293,267,560
HUARACAJE,consulta externa,repetidas en personas de 5 a 14 anos,2007-11-01,3,3,3,3,6
HUAYLLAMARCA,consulta externa,repetidas en personas de 5 a 14 anos,2007-11-01,1,1,1,1,2
INQUISIVI,consulta externa,repetidas en personas de 5 a 14 anos,2007-11-01,0,1,0,1,1
IRUPANA (VILLA DE LANZA),consulta externa,repetidas en personas de 5 a 14 anos,2007-11-01,14,17,14,17,31
IXIAMAS,consulta externa,repetidas en personas de 5 a 14 anos,2007-11-01,1,0,1,0,1
JESUS DE MACHACA,consulta externa,repetidas en personas de 5 a 14 anos,2007-11-01,2,1,2,1,3
LA ASUNTA,consulta externa,repetidas en personas de 5 a 14 anos,2007-11-01,3,4,3,4,7
LA GUARDIA,consulta externa,repetidas en personas de 5 a 14 anos,2007-11-01,49,64,49,64,113
LA PAZ,consulta externa,repetidas en personas de 5 a 14 anos,2007-11-01,2803,3025,2803,3025,5828
LAGUNILLAS,consulta externa,repetidas en personas de 5 a 14 anos,2007-11-01,1,3,1,3,4
LAJA,consulta externa,repetidas en personas de 5 a 14 anos,2007-11-01,4,4,4,4,8
LAS CARRERAS,consulta externa,repetidas en personas de 5 a 14 anos,2007-11-01,5,0,5,0,5
LICOMA PAMPA,consulta externa,repetidas en personas de 5 a 14 anos,2007-11-01,1,1,1,1,2
LLALLAGUA,consulta externa,repetidas en personas de 5 a 14 anos,2007-11-01,23,25,23,25,48
LLICA,consulta externa,repetidas en personas de 5 a 14 anos,2007-11-01,4,1,4,1,5
LORETO,consulta externa,repetidas en personas de 5 a 14 anos,2007-11-01,3,1,3,1,4
LURIBAY,consulta externa,repetidas en personas de 5 a 14 anos,2007-11-01,2,4,2,4,6
MACHACAMARCA,consulta externa,repetidas en personas de 5 a 14 anos,2007-11-01,1,1,1,1,2
MACHARETI,consulta externa,repetidas en personas de 5 a 14 anos,2007-11-01,0,1,0,1,1
MAGDALENA,consulta externa,repetidas en personas de 5 a 14 anos,2007-11-01,11,17,11,17,28
MALLA,consulta externa,repetidas en personas de 5 a 14 anos,2007-11-01,0,3,0,3,3
MAPIRI,consulta externa,repetidas en personas de 5 a 14 anos,2007-11-01,2,2,2,2,4
MECAPACA,consulta externa,repetidas en personas de 5 a 14 anos,2007-11-01,1,1,1,1,2
MIZQUE,consulta externa,repetidas en personas de 5 a 14 anos,2007-11-01,2,5,2,5,7
MOCOMOCO,consulta externa,repetidas en personas de 5 a 14 anos,2007-11-01,3,0,3,0,3
MOJINETE,consulta externa,repetidas en personas de 5 a 14 anos,2007-11-01,0,1,0,1,1
MOJOCOYA,consulta externa,repetidas en personas de 5 a 14 anos,2007-11-01,2,4,2,4,6
MONTEAGUDO,consulta externa,repetidas en personas de 5 a 14 anos,2007-11-01,32,27,32,27,59
MONTERO,consulta externa,repetidas en personas de 5 a 14 anos,2007-11-01,559,475,559,475,1034
MOROCHATA,consulta externa,repetidas en personas de 5 a 14 anos,2007-11-01,7,8,7,8,15
NACEBE (SANTA ROSA DEL ABUNA),consulta externa,repetidas en personas de 5 a 14 anos,2007-11-01,11,13,11,13,24
NUEVO MANOA (NUEVA ESPERANZA),consulta externa,repetidas en personas de 5 a 14 anos,2007-11-01,5,2,5,2,7
OKINAWA,consulta externa,repetidas en personas de 5 a 14 anos,2007-11-01,2,6,2,6,8
OMEREQUE,consulta externa,repetidas en personas de 5 a 14 anos,2007-11-01,9,9,9,9,18
ORURO,consulta externa,repetidas en personas de 5 a 14 anos,2007-11-01,658,604,658,604,1262
PADCAYA,consulta externa,repetidas en personas de 5 a 14 anos,2007-11-01,8,2,8,2,10
PADILLA,consulta externa,repetidas en personas de 5 a 14 anos,2007-11-01,0,2,0,2,2
PAILON,consulta externa,repetidas en personas de 5 a 14 anos,2007-11-01,0,1,0,1,1
PALCA,consulta externa,repetidas en personas de 5 a 14 anos,2007-11-01,16,15,16,15,31
PALOS BLANCOS,consulta externa,repetidas en personas de 5 a 14 anos,2007-11-01,10,1,10,1,11
PAMPA AULLAGAS,consulta externa,repetidas en personas de 5 a 14 anos,2007-11-01,2,0,2,0,2
PAMPA GRANDE,consulta externa,repetidas en personas de 5 a 14 anos,2007-11-01,2,0,2,0,2
PASORAPA,consulta externa,repetidas en personas de 5 a 14 anos,2007-11-01,7,7,7,7,14
PATACAMAYA,consulta externa,repetidas en personas de 5 a 14 anos,2007-11-01,2,0,2,0,2
PAZÑA,consulta externa,repetidas en personas de 5 a 14 anos,2007-11-01,1,2,1,2,3
POCONA,consulta externa,repetidas en personas de 5 a 14 anos,2007-11-01,2,0,2,0,2
POOPO,consulta externa,repetidas en personas de 5 a 14 anos,2007-11-01,1,1,1,1,2
POROMA,consulta externa,repetidas en personas de 5 a 14 anos,2007-11-01,0,2,0,2,2
PORONGO,consulta externa,repetidas en personas de 5 a 14 anos,2007-11-01,1,0,1,0,1
PORTACHUELO,consulta externa,repetidas en personas de 5 a 14 anos,2007-11-01,10,11,10,11,21
POSTRER VALLE,consulta externa,repetidas en personas de 5 a 14 anos,2007-11-01,2,4,2,4,6
POTOSI,consulta externa,repetidas en personas de 5 a 14 anos,2007-11-01,395,405,395,405,800
PUCARA,consulta externa,repetidas en personas de 5 a 14 anos,2007-11-01,0,1,0,1,1
PUCARANI,consulta externa,repetidas en personas de 5 a 14 anos,2007-11-01,3,2,3,2,5
PUERTO ACOSTA,consulta externa,repetidas en personas de 5 a 14 anos,2007-11-01,1,2,1,2,3
PUERTO CARABUCO,consulta externa,repetidas en personas de 5 a 14 anos,2007-11-01,1,1,1,1,2
PUERTO QUIJARRO,consulta externa,repetidas en personas de 5 a 14 anos,2007-11-01,5,8,5,8,13
PUERTO RICO,consulta externa,repetidas en personas de 5 a 14 anos,2007-11-01,1,2,1,2,3
PUERTO SUAREZ,consulta externa,repetidas en personas de 5 a 14 anos,2007-11-01,14,16,14,16,30
PUERTO VILLARROEL,consulta externa,repetidas en personas de 5 a 14 anos,2007-11-01,15,10,15,10,25
PUNA,consulta externa,repetidas en personas de 5 a 14 anos,2007-11-01,4,4,4,4,8
PUNATA,consulta externa,repetidas en personas de 5 a 14 anos,2007-11-01,18,19,18,19,37
QUILLACOLLO,consulta externa,repetidas en personas de 5 a 14 anos,2007-11-01,69,79,69,79,148
QUIME,consulta externa,repetidas en personas de 5 a 14 anos,2007-11-01,0,3,0,3,3
QUIRUSILLAS,consulta externa,repetidas en personas de 5 a 14 anos,2007-11-01,9,15,9,15,24
REYES,consulta externa,repetidas en personas de 5 a 14 anos,2007-11-01,9,10,9,10,19
RIBERALTA,consulta externa,repetidas en personas de 5 a 14 anos,2007-11-01,19,37,19,37,56
ROBORE,consulta externa,repetidas en personas de 5 a 14 anos,2007-11-01,9,13,9,13,22
RURRENABAQUE,consulta externa,repetidas en personas de 5 a 14 anos,2007-11-01,10,6,10,6,16
SACABA,consulta externa,repetidas en personas de 5 a 14 anos,2007-11-01,71,79,71,79,150
SACABAMBA,consulta externa,repetidas en personas de 5 a 14 anos,2007-11-01,6,5,6,5,11
SAIPINA,consulta externa,repetidas en personas de 5 a 14 anos,2007-11-01,10,5,10,5,15
SALINAS DE GARCI MENDOZA,consulta externa,repetidas en personas de 5 a 14 anos,2007-11-01,0,1,0,1,1
SAN ANDRES,consulta externa,repetidas en personas de 5 a 14 anos,2007-11-01,6,7,6,7,13
SAN ANTONIO DE ESMORUCO,consulta externa,repetidas en personas de 5 a 14 anos,2007-11-01,1,1,1,1,2
SAN BENITO,consulta externa,repetidas en personas de 5 a 14 anos,2007-11-01,5,13,5,13,18
SAN BORJA,consulta externa,repetidas en personas de 5 a 14 anos,2007-11-01,10,5,10,5,15
SAN BUENA VENTURA,consulta externa,repetidas en personas de 5 a 14 anos,2007-11-01,11,14,11,14,25
SAN CARLOS,consulta externa,repetidas en personas de 5 a 14 anos,2007-11-01,4,2,4,2,6
SAN IGNACIO,consulta externa,repetidas en personas de 5 a 14 anos,2007-11-01,41,48,41,48,89
SAN IGNACIO DE VELASCO,consulta externa,repetidas en personas de 5 a 14 anos,2007-11-01,107,113,107,113,220
SAN JAVIER(BNI),consulta externa,repetidas en personas de 5 a 14 anos,2007-11-01,0,1,0,1,1
SAN JAVIER(STC),consulta externa,repetidas en personas de 5 a 14 anos,2007-11-01,4,12,4,12,16
SAN JOAQUIN,consulta externa,repetidas en personas de 5 a 14 anos,2007-11-01,3,0,3,0,3
SAN JOSE DE CHIQUITOS,consulta externa,repetidas en personas de 5 a 14 anos,2007-11-01,4,3,4,3,7
SAN JUAN DE YAPACANI,consulta externa,repetidas en personas de 5 a 14 anos,2007-11-01,6,8,6,8,14
SAN JULIAN,consulta externa,repetidas en personas de 5 a 14 anos,2007-11-01,11,9,11,9,20
SAN LORENZO(PND),consulta externa,repetidas en personas de 5 a 14 anos,2007-11-01,4,3,4,3,7
SAN LORENZO(TJA),consulta externa,repetidas en personas de 5 a 14 anos,2007-11-01,21,23,21,23,44
SAN LUCAS,consulta externa,repetidas en personas de 5 a 14 anos,2007-11-01,4,9,4,9,13
SAN MATIAS,consulta externa,repetidas en personas de 5 a 14 anos,2007-11-01,2,0,2,0,2
SAN MIGUEL DE VELASCO,consulta externa,repetidas en personas de 5 a 14 anos,2007-11-01,1,3,1,3,4
SAN PABLO DE LIPEZ,consulta externa,repetidas en personas de 5 a 14 anos,2007-11-01,2,0,2,0,2
SAN PEDRO,consulta externa,repetidas en personas de 5 a 14 anos,2007-11-01,17,8,17,8,25
SAN PEDRO DE CURAHUARA,consulta externa,repetidas en personas de 5 a 14 anos,2007-11-01,1,0,1,0,1
SAN PEDRO(PND),consulta externa,repetidas en personas de 5 a 14 anos,2007-11-01,0,1,0,1,1
SAN RAFAEL,consulta externa,repetidas en personas de 5 a 14 anos,2007-11-01,0,1,0,1,1
SAN RAMON,consulta externa,repetidas en personas de 5 a 14 anos,2007-11-01,6,7,6,7,13
SAN RAMON,consulta externa,repetidas en personas de 5 a 14 anos,2007-11-01,7,6,7,6,13
SANTA ANA,consulta externa,repetidas en personas de 5 a 14 anos,2007-11-01,5,9,5,9,14
SANTA CRUZ DE LA SIERRA,consulta externa,repetidas en personas de 5 a 14 anos,2007-11-01,1661,1957,1661,1957,3618
SANTA ROSA,consulta externa,repetidas en personas de 5 a 14 anos,2007-11-01,2,0,2,0,2
SANTA ROSA DEL SARA,consulta externa,repetidas en personas de 5 a 14 anos,2007-11-01,0,2,0,2,2
SANTIAGO DE HUARI,consulta externa,repetidas en personas de 5 a 14 anos,2007-11-01,0,1,0,1,1
SANTIVAÑES,consulta externa,repetidas en personas de 5 a 14 anos,2007-11-01,1,2,1,2,3
SANTUARIO DE QUILLACAS,consulta externa,repetidas en personas de 5 a 14 anos,2007-11-01,15,21,15,21,36
SAPAHAQUI,consulta externa,repetidas en personas de 5 a 14 anos,2007-11-01,1,1,1,1,2
SENA,consulta externa,repetidas en personas de 5 a 14 anos,2007-11-01,27,40,27,40,67
SICA SICA (VILLA AROMA),consulta externa,repetidas en personas de 5 a 14 anos,2007-11-01,0,1,0,1,1
SIPE SIPE,consulta externa,repetidas en personas de 5 a 14 anos,2007-11-01,33,27,33,27,60
SOPACHUY,consulta externa,repetidas en personas de 5 a 14 anos,2007-11-01,2,0,2,0,2
SORATA,consulta externa,repetidas en personas de 5 a 14 anos,2007-11-01,2,0,2,0,2
SUCRE,consulta externa,repetidas en personas de 5 a 14 anos,2007-11-01,779,619,779,619,1398
TACACHI,consulta externa,repetidas en personas de 5 a 14 anos,2007-11-01,0,1,0,1,1
TACOBAMBA,consulta externa,repetidas en personas de 5 a 14 anos,2007-11-01,0,1,0,1,1
TAHUA,consulta externa,repetidas en personas de 5 a 14 anos,2007-11-01,2,0,2,0,2
TAPACARI,consulta externa,repetidas en personas de 5 a 14 anos,2007-11-01,4,2,4,2,6
TARABUCO,consulta externa,repetidas en personas de 5 a 14 anos,2007-11-01,7,5,7,5,12
TARIJA,consulta externa,repetidas en personas de 5 a 14 anos,2007-11-01,661,838,661,838,1499
TARVITA,consulta externa,repetidas en personas de 5 a 14 anos,2007-11-01,2,2,2,2,4
TEOPONTE,consulta externa,repetidas en personas de 5 a 14 anos,2007-11-01,2,0,2,0,2
TIAWANACU,consulta externa,repetidas en personas de 5 a 14 anos,2007-11-01,2,2,2,2,4
TINGUIPAYA,consulta externa,repetidas en personas de 5 a 14 anos,2007-11-01,2,0,2,0,2
TIPUANI,consulta externa,repetidas en personas de 5 a 14 anos,2007-11-01,2,1,2,1,3
TIQUIPAYA,consulta externa,repetidas en personas de 5 a 14 anos,2007-11-01,24,24,24,24,48
TIRAQUE (CBBA),consulta externa,repetidas en personas de 5 a 14 anos,2007-11-01,7,11,7,11,18
TITO YUPANQUI (PARQUIPUJIO),consulta externa,repetidas en personas de 5 a 14 anos,2007-11-01,1,0,1,0,1
TODOS SANTOS,consulta externa,repetidas en personas de 5 a 14 anos,2007-11-01,3,3,3,3,6
TOLATA,consulta externa,repetidas en personas de 5 a 14 anos,2007-11-01,1,3,1,3,4
TOLEDO,consulta externa,repetidas en personas de 5 a 14 anos,2007-11-01,2,1,2,1,3
TOMAVE,consulta externa,repetidas en personas de 5 a 14 anos,2007-11-01,3,0,3,0,3
TOMINA,consulta externa,repetidas en personas de 5 a 14 anos,2007-11-01,1,2,1,2,3
TORO TORO,consulta externa,repetidas en personas de 5 a 14 anos,2007-11-01,1,2,1,2,3
TOTORA(CBBA),consulta externa,repetidas en personas de 5 a 14 anos,2007-11-01,10,4,10,4,14
TOTORA(ORR),consulta externa,repetidas en personas de 5 a 14 anos,2007-11-01,0,2,0,2,2
TRIGAL,consulta externa,repetidas en personas de 5 a 14 anos,2007-11-01,2,1,2,1,3
TRINIDAD,consulta externa,repetidas en personas de 5 a 14 anos,2007-11-01,160,163,160,163,323
TUPIZA,consulta externa,repetidas en personas de 5 a 14 anos,2007-11-01,68,84,68,84,152
TURCO,consulta externa,repetidas en personas de 5 a 14 anos,2007-11-01,1,0,1,0,1
UNCIA,consulta externa,repetidas en personas de 5 a 14 anos,2007-11-01,13,17,13,17,30
URIONDO (A. CONCEPCION),consulta externa,repetidas en personas de 5 a 14 anos,2007-11-01,5,10,5,10,15
URUBICHA,consulta externa,repetidas en personas de 5 a 14 anos,2007-11-01,0,2,0,2,2
UYUNI,consulta externa,repetidas en personas de 5 a 14 anos,2007-11-01,2,6,2,6,8
VACAS,consulta externa,repetidas en personas de 5 a 14 anos,2007-11-01,1,0,1,0,1
VALLEGRANDE,consulta externa,repetidas en personas de 5 a 14 anos,2007-11-01,42,51,42,51,93
VIACHA,consulta externa,repetidas en personas de 5 a 14 anos,2007-11-01,64,51,64,51,115
VILA VILA,consulta externa,repetidas en personas de 5 a 14 anos,2007-11-01,1,0,1,0,1
VILLA MONTES,consulta externa,repetidas en personas de 5 a 14 anos,2007-11-01,14,13,14,13,27
VILLA RIVERO,consulta externa,repetidas en personas de 5 a 14 anos,2007-11-01,4,0,4,0,4
VILLA SERRANO,consulta externa,repetidas en personas de 5 a 14 anos,2007-11-01,1,0,1,0,1
VILLA TUNARI,consulta externa,repetidas en personas de 5 a 14 anos,2007-11-01,18,16,18,16,34
VILLA VACA GUZMAN (MUYUPAMPA),consulta externa,repetidas en personas de 5 a 14 anos,2007-11-01,5,3,5,3,8
VILLAZON,consulta externa,repetidas en personas de 5 a 14 anos,2007-11-01,27,37,27,37,64
VINTO,consulta externa,repetidas en personas de 5 a 14 anos,2007-11-01,38,53,38,53,91
VITICHI,consulta externa,repetidas en personas de 5 a 14 anos,2007-11-01,2,4,2,4,6
WARNES,consulta externa,repetidas en personas de 5 a 14 anos,2007-11-01,13,6,13,6,19
YACO,consulta externa,repetidas en personas de 5 a 14 anos,2007-11-01,2,5,2,5,7
YACUIBA,consulta externa,repetidas en personas de 5 a 14 anos,2007-11-01,124,133,124,133,257
YAMPARAEZ,consulta externa,repetidas en personas de 5 a 14 anos,2007-11-01,2,1,2,1,3
YANACACHI,consulta externa,repetidas en personas de 5 a 14 anos,2007-11-01,3,1,3,1,4
YAPACANI,consulta externa,repetidas en personas de 5 a 14 anos,2007-11-01,7,4,7,4,11
YOTALA,consulta externa,repetidas en personas de 5 a 14 anos,2007-11-01,2,6,2,6,8
YUNCHARA,consulta externa,repetidas en personas de 5 a 14 anos,2007-11-01,1,2,1,2,3
ZUDAÑEZ,consulta externa,repetidas en personas de 5 a 14 anos,2007-11-01,4,24,4,24,28
ACHACACHI,consulta externa,repetidas en personas de 5 a 14 anos,2007-12-01,2,2,2,2,4
ACHOCALLA,consulta externa,repetidas en personas de 5 a 14 anos,2007-12-01,1,0,1,0,1
AIQUILE,consulta externa,repetidas en personas de 5 a 14 anos,2007-12-01,35,33,35,33,68
ANCORAIMES,consulta externa,repetidas en personas de 5 a 14 anos,2007-12-01,2,1,2,1,3
ANDAMARCA,consulta externa,repetidas en personas de 5 a 14 anos,2007-12-01,0,2,0,2,2
ANTEQUERA,consulta externa,repetidas en personas de 5 a 14 anos,2007-12-01,7,10,7,10,17
ANZALDO,consulta externa,repetidas en personas de 5 a 14 anos,2007-12-01,2,0,2,0,2
APOLO,consulta externa,repetidas en personas de 5 a 14 anos,2007-12-01,10,6,10,6,16
ARANI,consulta externa,repetidas en personas de 5 a 14 anos,2007-12-01,0,1,0,1,1
ARBIETO,consulta externa,repetidas en personas de 5 a 14 anos,2007-12-01,2,1,2,1,3
ARQUE,consulta externa,repetidas en personas de 5 a 14 anos,2007-12-01,0,1,0,1,1
ASCENCION DE GUARAYOS,consulta externa,repetidas en personas de 5 a 14 anos,2007-12-01,8,9,8,9,17
ATOCHA,consulta externa,repetidas en personas de 5 a 14 anos,2007-12-01,37,62,37,62,99
AUCAPATA,consulta externa,repetidas en personas de 5 a 14 anos,2007-12-01,7,5,7,5,12
AYATA,consulta externa,repetidas en personas de 5 a 14 anos,2007-12-01,2,1,2,1,3
AYO AYO,consulta externa,repetidas en personas de 5 a 14 anos,2007-12-01,0,2,0,2,2
AYOPAYA (V. DE INDEPENDENCIA),consulta externa,repetidas en personas de 5 a 14 anos,2007-12-01,1,4,1,4,5
BAURES,consulta externa,repetidas en personas de 5 a 14 anos,2007-12-01,1,0,1,0,1
BELEN DE ANDAMARCA,consulta externa,repetidas en personas de 5 a 14 anos,2007-12-01,0,1,0,1,1
BELEN DE URMIRI,consulta externa,repetidas en personas de 5 a 14 anos,2007-12-01,1,1,1,1,2
BERMEJO,consulta externa,repetidas en personas de 5 a 14 anos,2007-12-01,35,54,35,54,89
BETANZOS,consulta externa,repetidas en personas de 5 a 14 anos,2007-12-01,3,7,3,7,10
BOLPEBRA,consulta externa,repetidas en personas de 5 a 14 anos,2007-12-01,1,0,1,0,1
BOYUIBE,consulta externa,repetidas en personas de 5 a 14 anos,2007-12-01,0,1,0,1,1
BUENA VISTA,consulta externa,repetidas en personas de 5 a 14 anos,2007-12-01,6,6,6,6,12
CABEZAS,consulta externa,repetidas en personas de 5 a 14 anos,2007-12-01,0,2,0,2,2
CAIROMA,consulta externa,repetidas en personas de 5 a 14 anos,2007-12-01,0,1,0,1,1
CAJUATA,consulta externa,repetidas en personas de 5 a 14 anos,2007-12-01,2,3,2,3,5
CALACOTO,consulta externa,repetidas en personas de 5 a 14 anos,2007-12-01,1,0,1,0,1
CALAMARCA,consulta externa,repetidas en personas de 5 a 14 anos,2007-12-01,2,0,2,0,2
CAMARGO,consulta externa,repetidas en personas de 5 a 14 anos,2007-12-01,2,4,2,4,6
CAMIRI,consulta externa,repetidas en personas de 5 a 14 anos,2007-12-01,20,26,20,26,46
CAPINOTA,consulta externa,repetidas en personas de 5 a 14 anos,2007-12-01,20,23,20,23,43
CAQUIAVIRI,consulta externa,repetidas en personas de 5 a 14 anos,2007-12-01,2,1,2,1,3
CARACOLLO,consulta externa,repetidas en personas de 5 a 14 anos,2007-12-01,0,1,0,1,1
CARANAVI,consulta externa,repetidas en personas de 5 a 14 anos,2007-12-01,3,10,3,10,13
CARAPARI,consulta externa,repetidas en personas de 5 a 14 anos,2007-12-01,0,1,0,1,1
CATACORA,consulta externa,repetidas en personas de 5 a 14 anos,2007-12-01,1,2,1,2,3
CHACARILLA,consulta externa,repetidas en personas de 5 a 14 anos,2007-12-01,0,2,0,2,2
CHALLAPATA,consulta externa,repetidas en personas de 5 a 14 anos,2007-12-01,12,7,12,7,19
CHAQUI,consulta externa,repetidas en personas de 5 a 14 anos,2007-12-01,0,1,0,1,1
CHARAGUA,consulta externa,repetidas en personas de 5 a 14 anos,2007-12-01,4,3,4,3,7
CHARAÑA,consulta externa,repetidas en personas de 5 a 14 anos,2007-12-01,0,1,0,1,1
CHIMORE,consulta externa,repetidas en personas de 5 a 14 anos,2007-12-01,2,3,2,3,5
CHULUMANI (V. DE LA LIBERTAD),consulta externa,repetidas en personas de 5 a 14 anos,2007-12-01,22,22,22,22,44
CHUMA,consulta externa,repetidas en personas de 5 a 14 anos,2007-12-01,0,2,0,2,2
CLIZA,consulta externa,repetidas en personas de 5 a 14 anos,2007-12-01,5,6,5,6,11
COBIJA,consulta externa,repetidas en personas de 5 a 14 anos,2007-12-01,33,35,33,35,68
COCHABAMBA,consulta externa,repetidas en personas de 5 a 14 anos,2007-12-01,2251,2097,2251,2097,4348
COLCAPIRHUA,consulta externa,repetidas en personas de 5 a 14 anos,2007-12-01,39,35,39,35,74
COLLANA,consulta externa,repetidas en personas de 5 a 14 anos,2007-12-01,0,1,0,1,1
COLOMI,consulta externa,repetidas en personas de 5 a 14 anos,2007-12-01,3,0,3,0,3
COLPA BELGICA,consulta externa,repetidas en personas de 5 a 14 anos,2007-12-01,12,11,12,11,23
COLQUECHACA,consulta externa,repetidas en personas de 5 a 14 anos,2007-12-01,0,1,0,1,1
COLQUENCHA,consulta externa,repetidas en personas de 5 a 14 anos,2007-12-01,1,1,1,1,2
COLQUIRI,consulta externa,repetidas en personas de 5 a 14 anos,2007-12-01,2,1,2,1,3
COMANCHE,consulta externa,repetidas en personas de 5 a 14 anos,2007-12-01,1,0,1,0,1
COMARAPA,consulta externa,repetidas en personas de 5 a 14 anos,2007-12-01,4,1,4,1,5
CONCEPCION,consulta externa,repetidas en personas de 5 a 14 anos,2007-12-01,3,0,3,0,3
COPACABANA,consulta externa,repetidas en personas de 5 a 14 anos,2007-12-01,65,0,65,0,65
COROICO,consulta externa,repetidas en personas de 5 a 14 anos,2007-12-01,6,8,6,8,14
CORQUE,consulta externa,repetidas en personas de 5 a 14 anos,2007-12-01,4,1,4,1,5
COTAGAITA,consulta externa,repetidas en personas de 5 a 14 anos,2007-12-01,11,19,11,19,30
COTOCA,consulta externa,repetidas en personas de 5 a 14 anos,2007-12-01,5,1,5,1,6
CUATRO CAÑADAS,consulta externa,repetidas en personas de 5 a 14 anos,2007-12-01,19,30,19,30,49
CUCHUMUELA (V. G. VILLARROEL),consulta externa,repetidas en personas de 5 a 14 anos,2007-12-01,1,0,1,0,1
CUEVO,consulta externa,repetidas en personas de 5 a 14 anos,2007-12-01,1,1,1,1,2
CURAHUARA DE CARANGAS,consulta externa,repetidas en personas de 5 a 14 anos,2007-12-01,0,1,0,1,1
DESAGUADERO,consulta externa,repetidas en personas de 5 a 14 anos,2007-12-01,1,1,1,1,2
EL ALTO,consulta externa,repetidas en personas de 5 a 14 anos,2007-12-01,1882,2064,1882,2064,3946
EL CHORO,consulta externa,repetidas en personas de 5 a 14 anos,2007-12-01,1,0,1,0,1
EL PUENTE(STC),consulta externa,repetidas en personas de 5 a 14 anos,2007-12-01,1,3,1,3,4
EL PUENTE(TJA),consulta externa,repetidas en personas de 5 a 14 anos,2007-12-01,1,5,1,5,6
EL TORNO,consulta externa,repetidas en personas de 5 a 14 anos,2007-12-01,20,30,20,30,50
ENTRE RIOS,consulta externa,repetidas en personas de 5 a 14 anos,2007-12-01,8,2,8,2,10
ENTRE RIOS,consulta externa,repetidas en personas de 5 a 14 anos,2007-12-01,8,3,8,3,11
EXALTACION,consulta externa,repetidas en personas de 5 a 14 anos,2007-12-01,0,2,0,2,2
FERNANDEZ ALONSO,consulta externa,repetidas en personas de 5 a 14 anos,2007-12-01,0,3,0,3,3
GENERAL SAAVEDRA,consulta externa,repetidas en personas de 5 a 14 anos,2007-12-01,4,11,4,11,15
GRAL. J.J. PEREZ (CHARAZANI),consulta externa,repetidas en personas de 5 a 14 anos,2007-12-01,3,1,3,1,4
GUANAY,consulta externa,repetidas en personas de 5 a 14 anos,2007-12-01,0,1,0,1,1
GUAQUI,consulta externa,repetidas en personas de 5 a 14 anos,2007-12-01,14,2,14,2,16
GUAYARAMERIN,consulta externa,repetidas en personas de 5 a 14 anos,2007-12-01,111,139,111,139,250
GUTIERREZ,consulta externa,repetidas en personas de 5 a 14 anos,2007-12-01,2,3,2,3,5
HUACARETA,consulta externa,repetidas en personas de 5 a 14 anos,2007-12-01,4,5,4,5,9
HUACHACALLA,consulta externa,repetidas en personas de 5 a 14 anos,2007-12-01,0,1,0,1,1
HUANUNI,consulta externa,repetidas en personas de 5 a 14 anos,2007-12-01,168,175,168,175,343
HUARACAJE,consulta externa,repetidas en personas de 5 a 14 anos,2007-12-01,2,1,2,1,3
ICHOCA,consulta externa,repetidas en personas de 5 a 14 anos,2007-12-01,1,0,1,0,1
INCAHUASI,consulta externa,repetidas en personas de 5 a 14 anos,2007-12-01,4,1,4,1,5
INQUISIVI,consulta externa,repetidas en personas de 5 a 14 anos,2007-12-01,2,0,2,0,2
IRUPANA (VILLA DE LANZA),consulta externa,repetidas en personas de 5 a 14 anos,2007-12-01,6,9,6,9,15
IXIAMAS,consulta externa,repetidas en personas de 5 a 14 anos,2007-12-01,4,0,4,0,4
JESUS DE MACHACA,consulta externa,repetidas en personas de 5 a 14 anos,2007-12-01,1,1,1,1,2
LA ASUNTA,consulta externa,repetidas en personas de 5 a 14 anos,2007-12-01,6,7,6,7,13
LA GUARDIA,consulta externa,repetidas en personas de 5 a 14 anos,2007-12-01,46,60,46,60,106
LA PAZ,consulta externa,repetidas en personas de 5 a 14 anos,2007-12-01,2558,2638,2558,2638,5196
LAGUNILLAS,consulta externa,repetidas en personas de 5 a 14 anos,2007-12-01,0,1,0,1,1
LAJA,consulta externa,repetidas en personas de 5 a 14 anos,2007-12-01,4,4,4,4,8
LAS CARRERAS,consulta externa,repetidas en personas de 5 a 14 anos,2007-12-01,0,1,0,1,1
LLALLAGUA,consulta externa,repetidas en personas de 5 a 14 anos,2007-12-01,1,0,1,0,1
LLICA,consulta externa,repetidas en personas de 5 a 14 anos,2007-12-01,0,1,0,1,1
LORETO,consulta externa,repetidas en personas de 5 a 14 anos,2007-12-01,10,1,10,1,11
LURIBAY,consulta externa,repetidas en personas de 5 a 14 anos,2007-12-01,1,1,1,1,2
MACHACAMARCA,consulta externa,repetidas en personas de 5 a 14 anos,2007-12-01,0,2,0,2,2
MACHARETI,consulta externa,repetidas en personas de 5 a 14 anos,2007-12-01,2,1,2,1,3
MAGDALENA,consulta externa,repetidas en personas de 5 a 14 anos,2007-12-01,15,15,15,15,30
MAIRANA,consulta externa,repetidas en personas de 5 a 14 anos,2007-12-01,3,1,3,1,4
MALLA,consulta externa,repetidas en personas de 5 a 14 anos,2007-12-01,0,2,0,2,2
MAPIRI,consulta externa,repetidas en personas de 5 a 14 anos,2007-12-01,2,3,2,3,5
MECAPACA,consulta externa,repetidas en personas de 5 a 14 anos,2007-12-01,5,2,5,2,7
MIZQUE,consulta externa,repetidas en personas de 5 a 14 anos,2007-12-01,0,1,0,1,1
MOCOMOCO,consulta externa,repetidas en personas de 5 a 14 anos,2007-12-01,0,1,0,1,1
MOJOCOYA,consulta externa,repetidas en personas de 5 a 14 anos,2007-12-01,1,1,1,1,2
MONTEAGUDO,consulta externa,repetidas en personas de 5 a 14 anos,2007-12-01,41,32,41,32,73
MONTERO,consulta externa,repetidas en personas de 5 a 14 anos,2007-12-01,291,208,291,208,499
MOROCHATA,consulta externa,repetidas en personas de 5 a 14 anos,2007-12-01,7,12,7,12,19
NACEBE (SANTA ROSA DEL ABUNA),consulta externa,repetidas en personas de 5 a 14 anos,2007-12-01,7,2,7,2,9
NUEVO MANOA (NUEVA ESPERANZA),consulta externa,repetidas en personas de 5 a 14 anos,2007-12-01,1,4,1,4,5
OKINAWA,consulta externa,repetidas en personas de 5 a 14 anos,2007-12-01,2,2,2,2,4
OMEREQUE,consulta externa,repetidas en personas de 5 a 14 anos,2007-12-01,7,14,7,14,21
ORURO,consulta externa,repetidas en personas de 5 a 14 anos,2007-12-01,729,740,729,740,1469
PADCAYA,consulta externa,repetidas en personas de 5 a 14 anos,2007-12-01,35,8,35,8,43
PADILLA,consulta externa,repetidas en personas de 5 a 14 anos,2007-12-01,2,1,2,1,3
PALCA,consulta externa,repetidas en personas de 5 a 14 anos,2007-12-01,11,10,11,10,21
PALOS BLANCOS,consulta externa,repetidas en personas de 5 a 14 anos,2007-12-01,3,5,3,5,8
PAMPA GRANDE,consulta externa,repetidas en personas de 5 a 14 anos,2007-12-01,1,0,1,0,1
PASORAPA,consulta externa,repetidas en personas de 5 a 14 anos,2007-12-01,1,2,1,2,3
PAZÑA,consulta externa,repetidas en personas de 5 a 14 anos,2007-12-01,3,8,3,8,11
POCOATA,consulta externa,repetidas en personas de 5 a 14 anos,2007-12-01,1,1,1,1,2
POCONA,consulta externa,repetidas en personas de 5 a 14 anos,2007-12-01,1,1,1,1,2
POJO (CBBA),consulta externa,repetidas en personas de 5 a 14 anos,2007-12-01,2,1,2,1,3
POOPO,consulta externa,repetidas en personas de 5 a 14 anos,2007-12-01,0,1,0,1,1
PORCO,consulta externa,repetidas en personas de 5 a 14 anos,2007-12-01,0,2,0,2,2
PORONGO,consulta externa,repetidas en personas de 5 a 14 anos,2007-12-01,1,1,1,1,2
PORTACHUELO,consulta externa,repetidas en personas de 5 a 14 anos,2007-12-01,8,11,8,11,19
POTOSI,consulta externa,repetidas en personas de 5 a 14 anos,2007-12-01,425,420,425,420,845
PRESTO,consulta externa,repetidas en personas de 5 a 14 anos,2007-12-01,4,1,4,1,5
PUERTO ACOSTA,consulta externa,repetidas en personas de 5 a 14 anos,2007-12-01,0,1,0,1,1
PUERTO CARABUCO,consulta externa,repetidas en personas de 5 a 14 anos,2007-12-01,2,0,2,0,2
PUERTO GONZALO MORENO,consulta externa,repetidas en personas de 5 a 14 anos,2007-12-01,2,1,2,1,3
PUERTO PEREZ,consulta externa,repetidas en personas de 5 a 14 anos,2007-12-01,1,0,1,0,1
PUERTO QUIJARRO,consulta externa,repetidas en personas de 5 a 14 anos,2007-12-01,9,5,9,5,14
PUERTO RICO,consulta externa,repetidas en personas de 5 a 14 anos,2007-12-01,0,4,0,4,4
PUERTO SUAREZ,consulta externa,repetidas en personas de 5 a 14 anos,2007-12-01,24,9,24,9,33
PUERTO VILLARROEL,consulta externa,repetidas en personas de 5 a 14 anos,2007-12-01,39,10,39,10,49
PUNA,consulta externa,repetidas en personas de 5 a 14 anos,2007-12-01,0,3,0,3,3
PUNATA,consulta externa,repetidas en personas de 5 a 14 anos,2007-12-01,20,19,20,19,39
QUILLACOLLO,consulta externa,repetidas en personas de 5 a 14 anos,2007-12-01,210,156,210,156,366
QUIME,consulta externa,repetidas en personas de 5 a 14 anos,2007-12-01,1,1,1,1,2
REYES,consulta externa,repetidas en personas de 5 a 14 anos,2007-12-01,3,6,3,6,9
RIBERALTA,consulta externa,repetidas en personas de 5 a 14 anos,2007-12-01,35,52,35,52,87
ROBORE,consulta externa,repetidas en personas de 5 a 14 anos,2007-12-01,12,58,12,58,70
RURRENABAQUE,consulta externa,repetidas en personas de 5 a 14 anos,2007-12-01,3,6,3,6,9
SACABA,consulta externa,repetidas en personas de 5 a 14 anos,2007-12-01,159,157,159,157,316
SACABAMBA,consulta externa,repetidas en personas de 5 a 14 anos,2007-12-01,3,5,3,5,8
SACACA,consulta externa,repetidas en personas de 5 a 14 anos,2007-12-01,2,0,2,0,2
SAIPINA,consulta externa,repetidas en personas de 5 a 14 anos,2007-12-01,1,2,1,2,3
SAMAIPATA,consulta externa,repetidas en personas de 5 a 14 anos,2007-12-01,1,0,1,0,1
SAN AGUSTIN,consulta externa,repetidas en personas de 5 a 14 anos,2007-12-01,0,1,0,1,1
SAN ANDRES,consulta externa,repetidas en personas de 5 a 14 anos,2007-12-01,3,5,3,5,8
SAN ANDRES DE MACHACA,consulta externa,repetidas en personas de 5 a 14 anos,2007-12-01,1,5,1,5,6
SAN ANTONIO DE ESMORUCO,consulta externa,repetidas en personas de 5 a 14 anos,2007-12-01,1,0,1,0,1
SAN ANTONIO DE LOMERIO,consulta externa,repetidas en personas de 5 a 14 anos,2007-12-01,1,3,1,3,4
SAN BENITO,consulta externa,repetidas en personas de 5 a 14 anos,2007-12-01,6,13,6,13,19
SAN BORJA,consulta externa,repetidas en personas de 5 a 14 anos,2007-12-01,22,10,22,10,32
SAN BUENA VENTURA,consulta externa,repetidas en personas de 5 a 14 anos,2007-12-01,5,5,5,5,10
SAN CARLOS,consulta externa,repetidas en personas de 5 a 14 anos,2007-12-01,1,5,1,5,6
SAN IGNACIO,consulta externa,repetidas en personas de 5 a 14 anos,2007-12-01,20,15,20,15,35
SAN IGNACIO DE VELASCO,consulta externa,repetidas en personas de 5 a 14 anos,2007-12-01,16,17,16,17,33
SAN JAVIER(BNI),consulta externa,repetidas en personas de 5 a 14 anos,2007-12-01,1,1,1,1,2
SAN JAVIER(STC),consulta externa,repetidas en personas de 5 a 14 anos,2007-12-01,2,2,2,2,4
SAN JOAQUIN,consulta externa,repetidas en personas de 5 a 14 anos,2007-12-01,3,1,3,1,4
SAN JOSE DE CHIQUITOS,consulta externa,repetidas en personas de 5 a 14 anos,2007-12-01,3,3,3,3,6
SAN JUAN DE YAPACANI,consulta externa,repetidas en personas de 5 a 14 anos,2007-12-01,5,1,5,1,6
SAN JULIAN,consulta externa,repetidas en personas de 5 a 14 anos,2007-12-01,29,40,29,40,69
SAN LORENZO(PND),consulta externa,repetidas en personas de 5 a 14 anos,2007-12-01,3,1,3,1,4
SAN LORENZO(TJA),consulta externa,repetidas en personas de 5 a 14 anos,2007-12-01,5,9,5,9,14
SAN LUCAS,consulta externa,repetidas en personas de 5 a 14 anos,2007-12-01,3,2,3,2,5
SAN MATIAS,consulta externa,repetidas en personas de 5 a 14 anos,2007-12-01,3,3,3,3,6
SAN MIGUEL DE VELASCO,consulta externa,repetidas en personas de 5 a 14 anos,2007-12-01,3,0,3,0,3
SAN PABLO DE LIPEZ,consulta externa,repetidas en personas de 5 a 14 anos,2007-12-01,3,3,3,3,6
SAN PEDRO,consulta externa,repetidas en personas de 5 a 14 anos,2007-12-01,14,9,14,9,23
SAN PEDRO DE CURAHUARA,consulta externa,repetidas en personas de 5 a 14 anos,2007-12-01,0,2,0,2,2
SAN PEDRO DE TIQUINA,consulta externa,repetidas en personas de 5 a 14 anos,2007-12-01,3,3,3,3,6
SAN RAFAEL,consulta externa,repetidas en personas de 5 a 14 anos,2007-12-01,1,1,1,1,2
SAN RAMON,consulta externa,repetidas en personas de 5 a 14 anos,2007-12-01,2,2,2,2,4
SAN RAMON,consulta externa,repetidas en personas de 5 a 14 anos,2007-12-01,4,6,4,6,10
SANTA ANA,consulta externa,repetidas en personas de 5 a 14 anos,2007-12-01,3,5,3,5,8
SANTA CRUZ DE LA SIERRA,consulta externa,repetidas en personas de 5 a 14 anos,2007-12-01,2163,2985,2163,2985,5148
SANTA ROSA,consulta externa,repetidas en personas de 5 a 14 anos,2007-12-01,1,0,1,0,1
SANTA ROSA DEL SARA,consulta externa,repetidas en personas de 5 a 14 anos,2007-12-01,0,1,0,1,1
SANTIAGO DE HUARI,consulta externa,repetidas en personas de 5 a 14 anos,2007-12-01,0,1,0,1,1
SANTIAGO DE MACHACA,consulta externa,repetidas en personas de 5 a 14 anos,2007-12-01,1,0,1,0,1
SANTIVAÑES,consulta externa,repetidas en personas de 5 a 14 anos,2007-12-01,1,1,1,1,2
SAPAHAQUI,consulta externa,repetidas en personas de 5 a 14 anos,2007-12-01,1,1,1,1,2
SIPE SIPE,consulta externa,repetidas en personas de 5 a 14 anos,2007-12-01,33,47,33,47,80
SOPACHUY,consulta externa,repetidas en personas de 5 a 14 anos,2007-12-01,3,15,3,15,18
SORATA,consulta externa,repetidas en personas de 5 a 14 anos,2007-12-01,0,1,0,1,1
SUCRE,consulta externa,repetidas en personas de 5 a 14 anos,2007-12-01,650,605,650,605,1255
TACACHI,consulta externa,repetidas en personas de 5 a 14 anos,2007-12-01,1,2,1,2,3
TACOPAYA,consulta externa,repetidas en personas de 5 a 14 anos,2007-12-01,1,0,1,0,1
TAPACARI,consulta externa,repetidas en personas de 5 a 14 anos,2007-12-01,0,2,0,2,2
TARABUCO,consulta externa,repetidas en personas de 5 a 14 anos,2007-12-01,7,5,7,5,12
TARATA,consulta externa,repetidas en personas de 5 a 14 anos,2007-12-01,0,3,0,3,3
TARIJA,consulta externa,repetidas en personas de 5 a 14 anos,2007-12-01,713,527,713,527,1240
TARVITA,consulta externa,repetidas en personas de 5 a 14 anos,2007-12-01,0,1,0,1,1
TIAWANACU,consulta externa,repetidas en personas de 5 a 14 anos,2007-12-01,2,2,2,2,4
TIPUANI,consulta externa,repetidas en personas de 5 a 14 anos,2007-12-01,2,2,2,2,4
TIQUIPAYA,consulta externa,repetidas en personas de 5 a 14 anos,2007-12-01,26,24,26,24,50
TIRAQUE (CBBA),consulta externa,repetidas en personas de 5 a 14 anos,2007-12-01,6,15,6,15,21
TITO YUPANQUI (PARQUIPUJIO),consulta externa,repetidas en personas de 5 a 14 anos,2007-12-01,2,0,2,0,2
TOCO,consulta externa,repetidas en personas de 5 a 14 anos,2007-12-01,1,9,1,9,10
TOLATA,consulta externa,repetidas en personas de 5 a 14 anos,2007-12-01,0,2,0,2,2
TOLEDO,consulta externa,repetidas en personas de 5 a 14 anos,2007-12-01,1,0,1,0,1
TOMINA,consulta externa,repetidas en personas de 5 a 14 anos,2007-12-01,4,6,4,6,10
TOTORA(CBBA),consulta externa,repetidas en personas de 5 a 14 anos,2007-12-01,3,1,3,1,4
TRIGAL,consulta externa,repetidas en personas de 5 a 14 anos,2007-12-01,0,2,0,2,2
TRINIDAD,consulta externa,repetidas en personas de 5 a 14 anos,2007-12-01,82,71,82,71,153
TUPIZA,consulta externa,repetidas en personas de 5 a 14 anos,2007-12-01,57,82,57,82,139
UNCIA,consulta externa,repetidas en personas de 5 a 14 anos,2007-12-01,0,1,0,1,1
URIONDO (A. CONCEPCION),consulta externa,repetidas en personas de 5 a 14 anos,2007-12-01,1,4,1,4,5
URUBICHA,consulta externa,repetidas en personas de 5 a 14 anos,2007-12-01,2,0,2,0,2
UYUNI,consulta externa,repetidas en personas de 5 a 14 anos,2007-12-01,6,5,6,5,11
VACAS,consulta externa,repetidas en personas de 5 a 14 anos,2007-12-01,2,3,2,3,5
VALLEGRANDE,consulta externa,repetidas en personas de 5 a 14 anos,2007-12-01,26,29,26,29,55
VIACHA,consulta externa,repetidas en personas de 5 a 14 anos,2007-12-01,50,52,50,52,102
VILA VILA,consulta externa,repetidas en personas de 5 a 14 anos,2007-12-01,0,2,0,2,2
VILLA MONTES,consulta externa,repetidas en personas de 5 a 14 anos,2007-12-01,14,14,14,14,28
VILLA NUEVA (LOMA ALTA),consulta externa,repetidas en personas de 5 a 14 anos,2007-12-01,2,2,2,2,4
VILLA RIVERO,consulta externa,repetidas en personas de 5 a 14 anos,2007-12-01,3,0,3,0,3
VILLA TUNARI,consulta externa,repetidas en personas de 5 a 14 anos,2007-12-01,15,13,15,13,28
VILLA VACA GUZMAN (MUYUPAMPA),consulta externa,repetidas en personas de 5 a 14 anos,2007-12-01,5,1,5,1,6
VILLAZON,consulta externa,repetidas en personas de 5 a 14 anos,2007-12-01,37,16,37,16,53
VINTO,consulta externa,repetidas en personas de 5 a 14 anos,2007-12-01,15,18,15,18,33
VITICHI,consulta externa,repetidas en personas de 5 a 14 anos,2007-12-01,2,5,2,5,7
WARNES,consulta externa,repetidas en personas de 5 a 14 anos,2007-12-01,12,9,12,9,21
YACO,consulta externa,repetidas en personas de 5 a 14 anos,2007-12-01,0,1,0,1,1
YACUIBA,consulta externa,repetidas en personas de 5 a 14 anos,2007-12-01,210,362,210,362,572
YAMPARAEZ,consulta externa,repetidas en personas de 5 a 14 anos,2007-12-01,2,2,2,2,4
YAPACANI,consulta externa,repetidas en personas de 5 a 14 anos,2007-12-01,4,2,4,2,6
YOCALLA,consulta externa,repetidas en personas de 5 a 14 anos,2007-12-01,0,2,0,2,2
YOTALA,consulta externa,repetidas en personas de 5 a 14 anos,2007-12-01,4,8,4,8,12
YUNCHARA,consulta externa,repetidas en personas de 5 a 14 anos,2007-12-01,1,0,1,0,1
ZUDAÑEZ,consulta externa,repetidas en personas de 5 a 14 anos,2007-12-01,1,1,1,1,2
