municipality,group,variable,month,Repetidas en personas de 15 a 59 años -Hombre,Repetidas en personas de 15 a 59 años -Mujer,TOTAL-H,TOTAL-M,TOTAL
ACACIO,consulta externa,repetidas en personas de 15 a 59 anos,2007-01-01,3,4,3,4,7
ACHACACHI,consulta externa,repetidas en personas de 15 a 59 anos,2007-01-01,46,30,46,30,76
ACHOCALLA,consulta externa,repetidas en personas de 15 a 59 anos,2007-01-01,3,2,3,2,5
AIQUILE,consulta externa,repetidas en personas de 15 a 59 anos,2007-01-01,40,302,40,302,342
ALCALA,consulta externa,repetidas en personas de 15 a 59 anos,2007-01-01,0,7,0,7,7
ANCORAIMES,consulta externa,repetidas en personas de 15 a 59 anos,2007-01-01,8,5,8,5,13
ANDAMARCA,consulta externa,repetidas en personas de 15 a 59 anos,2007-01-01,5,7,5,7,12
ANTEQUERA,consulta externa,repetidas en personas de 15 a 59 anos,2007-01-01,1,66,1,66,67
ANZALDO,consulta externa,repetidas en personas de 15 a 59 anos,2007-01-01,3,17,3,17,20
APOLO,consulta externa,repetidas en personas de 15 a 59 anos,2007-01-01,6,20,6,20,26
ARANI,consulta externa,repetidas en personas de 15 a 59 anos,2007-01-01,7,11,7,11,18
ARBIETO,consulta externa,repetidas en personas de 15 a 59 anos,2007-01-01,5,33,5,33,38
ARQUE,consulta externa,repetidas en personas de 15 a 59 anos,2007-01-01,0,11,0,11,11
ASCENCION DE GUARAYOS,consulta externa,repetidas en personas de 15 a 59 anos,2007-01-01,0,1,0,1,1
ATOCHA,consulta externa,repetidas en personas de 15 a 59 anos,2007-01-01,234,249,234,249,483
AUCAPATA,consulta externa,repetidas en personas de 15 a 59 anos,2007-01-01,1,1,1,1,2
AYATA,consulta externa,repetidas en personas de 15 a 59 anos,2007-01-01,1,3,1,3,4
AYO AYO,consulta externa,repetidas en personas de 15 a 59 anos,2007-01-01,1,2,1,2,3
AYOPAYA (V. DE INDEPENDENCIA),consulta externa,repetidas en personas de 15 a 59 anos,2007-01-01,9,10,9,10,19
BATALLAS,consulta externa,repetidas en personas de 15 a 59 anos,2007-01-01,11,59,11,59,70
BAURES,consulta externa,repetidas en personas de 15 a 59 anos,2007-01-01,10,13,10,13,23
BELEN DE URMIRI,consulta externa,repetidas en personas de 15 a 59 anos,2007-01-01,0,3,0,3,3
BELLA FLOR,consulta externa,repetidas en personas de 15 a 59 anos,2007-01-01,1,0,1,0,1
BERMEJO,consulta externa,repetidas en personas de 15 a 59 anos,2007-01-01,93,178,93,178,271
BETANZOS,consulta externa,repetidas en personas de 15 a 59 anos,2007-01-01,36,41,36,41,77
BOLPEBRA,consulta externa,repetidas en personas de 15 a 59 anos,2007-01-01,1,7,1,7,8
BOYUIBE,consulta externa,repetidas en personas de 15 a 59 anos,2007-01-01,9,30,9,30,39
BUENA VISTA,consulta externa,repetidas en personas de 15 a 59 anos,2007-01-01,38,57,38,57,95
CABEZAS,consulta externa,repetidas en personas de 15 a 59 anos,2007-01-01,20,61,20,61,81
CAIROMA,consulta externa,repetidas en personas de 15 a 59 anos,2007-01-01,40,33,40,33,73
"CAIZA ""D""",consulta externa,repetidas en personas de 15 a 59 anos,2007-01-01,7,13,7,13,20
CAJUATA,consulta externa,repetidas en personas de 15 a 59 anos,2007-01-01,17,18,17,18,35
CALACOTO,consulta externa,repetidas en personas de 15 a 59 anos,2007-01-01,1,3,1,3,4
CALAMARCA,consulta externa,repetidas en personas de 15 a 59 anos,2007-01-01,7,8,7,8,15
CAMARGO,consulta externa,repetidas en personas de 15 a 59 anos,2007-01-01,6,37,6,37,43
CAMATAQUI (C. VILLA ABECIA),consulta externa,repetidas en personas de 15 a 59 anos,2007-01-01,6,19,6,19,25
CAMIRI,consulta externa,repetidas en personas de 15 a 59 anos,2007-01-01,94,222,94,222,316
CAPINOTA,consulta externa,repetidas en personas de 15 a 59 anos,2007-01-01,32,69,32,69,101
CAQUIAVIRI,consulta externa,repetidas en personas de 15 a 59 anos,2007-01-01,4,7,4,7,11
CARACOLLO,consulta externa,repetidas en personas de 15 a 59 anos,2007-01-01,1,8,1,8,9
CARANAVI,consulta externa,repetidas en personas de 15 a 59 anos,2007-01-01,40,39,40,39,79
CARAPARI,consulta externa,repetidas en personas de 15 a 59 anos,2007-01-01,3,4,3,4,7
CARIPUYO,consulta externa,repetidas en personas de 15 a 59 anos,2007-01-01,0,1,0,1,1
CARMEN RIVERO TORREZ,consulta externa,repetidas en personas de 15 a 59 anos,2007-01-01,1,1,1,1,2
CATACORA,consulta externa,repetidas en personas de 15 a 59 anos,2007-01-01,1,1,1,1,2
CHALLAPATA,consulta externa,repetidas en personas de 15 a 59 anos,2007-01-01,29,15,29,15,44
CHARAGUA,consulta externa,repetidas en personas de 15 a 59 anos,2007-01-01,17,43,17,43,60
CHARAÑA,consulta externa,repetidas en personas de 15 a 59 anos,2007-01-01,3,6,3,6,9
CHAYANTA,consulta externa,repetidas en personas de 15 a 59 anos,2007-01-01,7,8,7,8,15
CHIMORE,consulta externa,repetidas en personas de 15 a 59 anos,2007-01-01,3,16,3,16,19
CHULUMANI (V. DE LA LIBERTAD),consulta externa,repetidas en personas de 15 a 59 anos,2007-01-01,47,63,47,63,110
CHUMA,consulta externa,repetidas en personas de 15 a 59 anos,2007-01-01,2,1,2,1,3
CLIZA,consulta externa,repetidas en personas de 15 a 59 anos,2007-01-01,9,19,9,19,28
COBIJA,consulta externa,repetidas en personas de 15 a 59 anos,2007-01-01,131,714,131,714,845
COCHABAMBA,consulta externa,repetidas en personas de 15 a 59 anos,2007-01-01,9449,19001,9449,19001,28450
COIPASA,consulta externa,repetidas en personas de 15 a 59 anos,2007-01-01,2,1,2,1,3
COLCAPIRHUA,consulta externa,repetidas en personas de 15 a 59 anos,2007-01-01,11,46,11,46,57
"COLCHA ""K""",consulta externa,repetidas en personas de 15 a 59 anos,2007-01-01,5,18,5,18,23
COLOMI,consulta externa,repetidas en personas de 15 a 59 anos,2007-01-01,7,28,7,28,35
COLPA BELGICA,consulta externa,repetidas en personas de 15 a 59 anos,2007-01-01,35,68,35,68,103
COLQUECHACA,consulta externa,repetidas en personas de 15 a 59 anos,2007-01-01,2,5,2,5,7
COLQUENCHA,consulta externa,repetidas en personas de 15 a 59 anos,2007-01-01,5,9,5,9,14
COLQUIRI,consulta externa,repetidas en personas de 15 a 59 anos,2007-01-01,117,87,117,87,204
COMANCHE,consulta externa,repetidas en personas de 15 a 59 anos,2007-01-01,1,1,1,1,2
COMARAPA,consulta externa,repetidas en personas de 15 a 59 anos,2007-01-01,25,33,25,33,58
COMBAYA,consulta externa,repetidas en personas de 15 a 59 anos,2007-01-01,1,0,1,0,1
CONCEPCION,consulta externa,repetidas en personas de 15 a 59 anos,2007-01-01,0,1,0,1,1
COPACABANA,consulta externa,repetidas en personas de 15 a 59 anos,2007-01-01,3,3,3,3,6
CORIPATA,consulta externa,repetidas en personas de 15 a 59 anos,2007-01-01,7,19,7,19,26
CORO CORO,consulta externa,repetidas en personas de 15 a 59 anos,2007-01-01,3,11,3,11,14
COROICO,consulta externa,repetidas en personas de 15 a 59 anos,2007-01-01,50,80,50,80,130
CORQUE,consulta externa,repetidas en personas de 15 a 59 anos,2007-01-01,10,9,10,9,19
COTAGAITA,consulta externa,repetidas en personas de 15 a 59 anos,2007-01-01,64,155,64,155,219
COTOCA,consulta externa,repetidas en personas de 15 a 59 anos,2007-01-01,17,97,17,97,114
CUATRO CAÑADAS,consulta externa,repetidas en personas de 15 a 59 anos,2007-01-01,9,14,9,14,23
CUCHUMUELA (V. G. VILLARROEL),consulta externa,repetidas en personas de 15 a 59 anos,2007-01-01,5,5,5,5,10
CUEVO,consulta externa,repetidas en personas de 15 a 59 anos,2007-01-01,7,4,7,4,11
CULPINA,consulta externa,repetidas en personas de 15 a 59 anos,2007-01-01,14,18,14,18,32
CURAHUARA DE CARANGAS,consulta externa,repetidas en personas de 15 a 59 anos,2007-01-01,2,0,2,0,2
CURVA,consulta externa,repetidas en personas de 15 a 59 anos,2007-01-01,1,0,1,0,1
DESAGUADERO,consulta externa,repetidas en personas de 15 a 59 anos,2007-01-01,1,0,1,0,1
EL ALTO,consulta externa,repetidas en personas de 15 a 59 anos,2007-01-01,2790,6671,2790,6671,9461
EL CHORO,consulta externa,repetidas en personas de 15 a 59 anos,2007-01-01,0,1,0,1,1
EL PUENTE(STC),consulta externa,repetidas en personas de 15 a 59 anos,2007-01-01,0,1,0,1,1
EL PUENTE(TJA),consulta externa,repetidas en personas de 15 a 59 anos,2007-01-01,17,35,17,35,52
EL TORNO,consulta externa,repetidas en personas de 15 a 59 anos,2007-01-01,212,179,212,179,391
EL VILLAR,consulta externa,repetidas en personas de 15 a 59 anos,2007-01-01,0,1,0,1,1
ENTRE RIOS,consulta externa,repetidas en personas de 15 a 59 anos,2007-01-01,15,18,15,18,33
ENTRE RIOS,consulta externa,repetidas en personas de 15 a 59 anos,2007-01-01,17,4,17,4,21
ESMERALDA,consulta externa,repetidas en personas de 15 a 59 anos,2007-01-01,1,1,1,1,2
EUCALIPTUS,consulta externa,repetidas en personas de 15 a 59 anos,2007-01-01,2,8,2,8,10
EXALTACION,consulta externa,repetidas en personas de 15 a 59 anos,2007-01-01,2,5,2,5,7
FERNANDEZ ALONSO,consulta externa,repetidas en personas de 15 a 59 anos,2007-01-01,10,53,10,53,63
FILADELFIA,consulta externa,repetidas en personas de 15 a 59 anos,2007-01-01,5,12,5,12,17
GENERAL SAAVEDRA,consulta externa,repetidas en personas de 15 a 59 anos,2007-01-01,10,5,10,5,15
GRAL. J.J. PEREZ (CHARAZANI),consulta externa,repetidas en personas de 15 a 59 anos,2007-01-01,1,6,1,6,7
GUANAY,consulta externa,repetidas en personas de 15 a 59 anos,2007-01-01,3,0,3,0,3
GUAQUI,consulta externa,repetidas en personas de 15 a 59 anos,2007-01-01,6,10,6,10,16
GUAYARAMERIN,consulta externa,repetidas en personas de 15 a 59 anos,2007-01-01,135,361,135,361,496
GUTIERREZ,consulta externa,repetidas en personas de 15 a 59 anos,2007-01-01,14,14,14,14,28
HUACARETA,consulta externa,repetidas en personas de 15 a 59 anos,2007-01-01,12,89,12,89,101
HUACHACALLA,consulta externa,repetidas en personas de 15 a 59 anos,2007-01-01,2,4,2,4,6
HUANUNI,consulta externa,repetidas en personas de 15 a 59 anos,2007-01-01,69,179,69,179,248
HUARACAJE,consulta externa,repetidas en personas de 15 a 59 anos,2007-01-01,0,1,0,1,1
HUAYLLAMARCA,consulta externa,repetidas en personas de 15 a 59 anos,2007-01-01,3,1,3,1,4
ICHOCA,consulta externa,repetidas en personas de 15 a 59 anos,2007-01-01,0,6,0,6,6
ICLA,consulta externa,repetidas en personas de 15 a 59 anos,2007-01-01,3,3,3,3,6
INCAHUASI,consulta externa,repetidas en personas de 15 a 59 anos,2007-01-01,2,3,2,3,5
INGAVI (HUMAITA),consulta externa,repetidas en personas de 15 a 59 anos,2007-01-01,4,4,4,4,8
INQUISIVI,consulta externa,repetidas en personas de 15 a 59 anos,2007-01-01,10,10,10,10,20
IRUPANA (VILLA DE LANZA),consulta externa,repetidas en personas de 15 a 59 anos,2007-01-01,11,20,11,20,31
IXIAMAS,consulta externa,repetidas en personas de 15 a 59 anos,2007-01-01,12,27,12,27,39
JESUS DE MACHACA,consulta externa,repetidas en personas de 15 a 59 anos,2007-01-01,3,18,3,18,21
LA ASUNTA,consulta externa,repetidas en personas de 15 a 59 anos,2007-01-01,1,3,1,3,4
LA GUARDIA,consulta externa,repetidas en personas de 15 a 59 anos,2007-01-01,23,221,23,221,244
LA PAZ,consulta externa,repetidas en personas de 15 a 59 anos,2007-01-01,14545,33976,14545,33976,48521
LAGUNILLAS,consulta externa,repetidas en personas de 15 a 59 anos,2007-01-01,3,3,3,3,6
LAJA,consulta externa,repetidas en personas de 15 a 59 anos,2007-01-01,3,11,3,11,14
LAS CARRERAS,consulta externa,repetidas en personas de 15 a 59 anos,2007-01-01,3,8,3,8,11
LICOMA PAMPA,consulta externa,repetidas en personas de 15 a 59 anos,2007-01-01,2,3,2,3,5
LLALLAGUA,consulta externa,repetidas en personas de 15 a 59 anos,2007-01-01,51,69,51,69,120
LLICA,consulta externa,repetidas en personas de 15 a 59 anos,2007-01-01,3,3,3,3,6
LORETO,consulta externa,repetidas en personas de 15 a 59 anos,2007-01-01,7,12,7,12,19
LURIBAY,consulta externa,repetidas en personas de 15 a 59 anos,2007-01-01,25,16,25,16,41
MACHACAMARCA,consulta externa,repetidas en personas de 15 a 59 anos,2007-01-01,4,18,4,18,22
MACHARETI,consulta externa,repetidas en personas de 15 a 59 anos,2007-01-01,19,29,19,29,48
MAGDALENA,consulta externa,repetidas en personas de 15 a 59 anos,2007-01-01,37,88,37,88,125
MAIRANA,consulta externa,repetidas en personas de 15 a 59 anos,2007-01-01,1,5,1,5,6
MALLA,consulta externa,repetidas en personas de 15 a 59 anos,2007-01-01,4,2,4,2,6
MAPIRI,consulta externa,repetidas en personas de 15 a 59 anos,2007-01-01,4,7,4,7,11
MECAPACA,consulta externa,repetidas en personas de 15 a 59 anos,2007-01-01,14,21,14,21,35
MINEROS,consulta externa,repetidas en personas de 15 a 59 anos,2007-01-01,5,48,5,48,53
MIZQUE,consulta externa,repetidas en personas de 15 a 59 anos,2007-01-01,3,7,3,7,10
MOCOMOCO,consulta externa,repetidas en personas de 15 a 59 anos,2007-01-01,11,8,11,8,19
MOJINETE,consulta externa,repetidas en personas de 15 a 59 anos,2007-01-01,4,6,4,6,10
MOJOCOYA,consulta externa,repetidas en personas de 15 a 59 anos,2007-01-01,9,24,9,24,33
MONTEAGUDO,consulta externa,repetidas en personas de 15 a 59 anos,2007-01-01,163,406,163,406,569
MONTERO,consulta externa,repetidas en personas de 15 a 59 anos,2007-01-01,682,1734,682,1734,2416
MORO MORO,consulta externa,repetidas en personas de 15 a 59 anos,2007-01-01,0,5,0,5,5
MOROCHATA,consulta externa,repetidas en personas de 15 a 59 anos,2007-01-01,29,70,29,70,99
NACEBE (SANTA ROSA DEL ABUNA),consulta externa,repetidas en personas de 15 a 59 anos,2007-01-01,1,2,1,2,3
NAZACARA DE PACAJES,consulta externa,repetidas en personas de 15 a 59 anos,2007-01-01,0,3,0,3,3
OCURI,consulta externa,repetidas en personas de 15 a 59 anos,2007-01-01,2,11,2,11,13
OKINAWA,consulta externa,repetidas en personas de 15 a 59 anos,2007-01-01,15,46,15,46,61
OMEREQUE,consulta externa,repetidas en personas de 15 a 59 anos,2007-01-01,2,8,2,8,10
ORURO,consulta externa,repetidas en personas de 15 a 59 anos,2007-01-01,2106,3934,2106,3934,6040
PADCAYA,consulta externa,repetidas en personas de 15 a 59 anos,2007-01-01,14,26,14,26,40
PADILLA,consulta externa,repetidas en personas de 15 a 59 anos,2007-01-01,17,76,17,76,93
PAILON,consulta externa,repetidas en personas de 15 a 59 anos,2007-01-01,1,9,1,9,10
PALCA,consulta externa,repetidas en personas de 15 a 59 anos,2007-01-01,14,24,14,24,38
PALOS BLANCOS,consulta externa,repetidas en personas de 15 a 59 anos,2007-01-01,9,37,9,37,46
PAMPA AULLAGAS,consulta externa,repetidas en personas de 15 a 59 anos,2007-01-01,2,0,2,0,2
PAMPA GRANDE,consulta externa,repetidas en personas de 15 a 59 anos,2007-01-01,1,4,1,4,5
PAPEL PAMPA,consulta externa,repetidas en personas de 15 a 59 anos,2007-01-01,2,2,2,2,4
PATACAMAYA,consulta externa,repetidas en personas de 15 a 59 anos,2007-01-01,6,0,6,0,6
PAZÑA,consulta externa,repetidas en personas de 15 a 59 anos,2007-01-01,3,3,3,3,6
PELECHUCO,consulta externa,repetidas en personas de 15 a 59 anos,2007-01-01,3,2,3,2,5
POCOATA,consulta externa,repetidas en personas de 15 a 59 anos,2007-01-01,2,6,2,6,8
POCONA,consulta externa,repetidas en personas de 15 a 59 anos,2007-01-01,2,2,2,2,4
POOPO,consulta externa,repetidas en personas de 15 a 59 anos,2007-01-01,7,12,7,12,19
PORCO,consulta externa,repetidas en personas de 15 a 59 anos,2007-01-01,0,2,0,2,2
POROMA,consulta externa,repetidas en personas de 15 a 59 anos,2007-01-01,0,1,0,1,1
PORONGO,consulta externa,repetidas en personas de 15 a 59 anos,2007-01-01,3,6,3,6,9
PORTACHUELO,consulta externa,repetidas en personas de 15 a 59 anos,2007-01-01,26,72,26,72,98
PORVENIR,consulta externa,repetidas en personas de 15 a 59 anos,2007-01-01,21,12,21,12,33
POSTRER VALLE,consulta externa,repetidas en personas de 15 a 59 anos,2007-01-01,4,6,4,6,10
POTOSI,consulta externa,repetidas en personas de 15 a 59 anos,2007-01-01,1721,3537,1721,3537,5258
PUCARANI,consulta externa,repetidas en personas de 15 a 59 anos,2007-01-01,13,30,13,30,43
PUERTO ACOSTA,consulta externa,repetidas en personas de 15 a 59 anos,2007-01-01,28,34,28,34,62
PUERTO CARABUCO,consulta externa,repetidas en personas de 15 a 59 anos,2007-01-01,6,10,6,10,16
PUERTO GONZALO MORENO,consulta externa,repetidas en personas de 15 a 59 anos,2007-01-01,4,5,4,5,9
PUERTO PEREZ,consulta externa,repetidas en personas de 15 a 59 anos,2007-01-01,2,1,2,1,3
PUERTO QUIJARRO,consulta externa,repetidas en personas de 15 a 59 anos,2007-01-01,35,24,35,24,59
PUERTO RICO,consulta externa,repetidas en personas de 15 a 59 anos,2007-01-01,6,9,6,9,15
PUERTO SUAREZ,consulta externa,repetidas en personas de 15 a 59 anos,2007-01-01,38,89,38,89,127
PUERTO VILLARROEL,consulta externa,repetidas en personas de 15 a 59 anos,2007-01-01,25,30,25,30,55
PUNA,consulta externa,repetidas en personas de 15 a 59 anos,2007-01-01,5,17,5,17,22
PUNATA,consulta externa,repetidas en personas de 15 a 59 anos,2007-01-01,173,324,173,324,497
QUIABAYA,consulta externa,repetidas en personas de 15 a 59 anos,2007-01-01,0,2,0,2,2
QUILLACOLLO,consulta externa,repetidas en personas de 15 a 59 anos,2007-01-01,192,779,192,779,971
QUIME,consulta externa,repetidas en personas de 15 a 59 anos,2007-01-01,63,9,63,9,72
RAVELO,consulta externa,repetidas en personas de 15 a 59 anos,2007-01-01,0,2,0,2,2
REYES,consulta externa,repetidas en personas de 15 a 59 anos,2007-01-01,21,37,21,37,58
RIBERALTA,consulta externa,repetidas en personas de 15 a 59 anos,2007-01-01,39,438,39,438,477
ROBORE,consulta externa,repetidas en personas de 15 a 59 anos,2007-01-01,37,160,37,160,197
RURRENABAQUE,consulta externa,repetidas en personas de 15 a 59 anos,2007-01-01,59,159,59,159,218
SABAYA,consulta externa,repetidas en personas de 15 a 59 anos,2007-01-01,2,2,2,2,4
SACABA,consulta externa,repetidas en personas de 15 a 59 anos,2007-01-01,135,530,135,530,665
SACABAMBA,consulta externa,repetidas en personas de 15 a 59 anos,2007-01-01,2,3,2,3,5
SACACA,consulta externa,repetidas en personas de 15 a 59 anos,2007-01-01,0,4,0,4,4
SAIPINA,consulta externa,repetidas en personas de 15 a 59 anos,2007-01-01,0,3,0,3,3
SALINAS DE GARCI MENDOZA,consulta externa,repetidas en personas de 15 a 59 anos,2007-01-01,4,9,4,9,13
SAMAIPATA,consulta externa,repetidas en personas de 15 a 59 anos,2007-01-01,1,1,1,1,2
SAN AGUSTIN,consulta externa,repetidas en personas de 15 a 59 anos,2007-01-01,4,7,4,7,11
SAN ANDRES,consulta externa,repetidas en personas de 15 a 59 anos,2007-01-01,4,14,4,14,18
SAN ANDRES DE MACHACA,consulta externa,repetidas en personas de 15 a 59 anos,2007-01-01,2,3,2,3,5
SAN ANTONIO DE ESMORUCO,consulta externa,repetidas en personas de 15 a 59 anos,2007-01-01,2,4,2,4,6
SAN ANTONIO DE LOMERIO,consulta externa,repetidas en personas de 15 a 59 anos,2007-01-01,6,3,6,3,9
SAN BENITO,consulta externa,repetidas en personas de 15 a 59 anos,2007-01-01,15,15,15,15,30
SAN BORJA,consulta externa,repetidas en personas de 15 a 59 anos,2007-01-01,35,95,35,95,130
SAN BUENA VENTURA,consulta externa,repetidas en personas de 15 a 59 anos,2007-01-01,9,18,9,18,27
SAN CARLOS,consulta externa,repetidas en personas de 15 a 59 anos,2007-01-01,28,166,28,166,194
SAN IGNACIO,consulta externa,repetidas en personas de 15 a 59 anos,2007-01-01,40,67,40,67,107
SAN IGNACIO DE VELASCO,consulta externa,repetidas en personas de 15 a 59 anos,2007-01-01,116,250,116,250,366
SAN JAVIER(BNI),consulta externa,repetidas en personas de 15 a 59 anos,2007-01-01,1,8,1,8,9
SAN JAVIER(STC),consulta externa,repetidas en personas de 15 a 59 anos,2007-01-01,16,105,16,105,121
SAN JOAQUIN,consulta externa,repetidas en personas de 15 a 59 anos,2007-01-01,36,100,36,100,136
SAN JOSE DE CHIQUITOS,consulta externa,repetidas en personas de 15 a 59 anos,2007-01-01,14,14,14,14,28
SAN JUAN DE YAPACANI,consulta externa,repetidas en personas de 15 a 59 anos,2007-01-01,94,93,94,93,187
SAN JULIAN,consulta externa,repetidas en personas de 15 a 59 anos,2007-01-01,30,134,30,134,164
SAN LORENZO(PND),consulta externa,repetidas en personas de 15 a 59 anos,2007-01-01,1,0,1,0,1
SAN LORENZO(TJA),consulta externa,repetidas en personas de 15 a 59 anos,2007-01-01,20,60,20,60,80
SAN LUCAS,consulta externa,repetidas en personas de 15 a 59 anos,2007-01-01,3,26,3,26,29
SAN MATIAS,consulta externa,repetidas en personas de 15 a 59 anos,2007-01-01,15,28,15,28,43
SAN MIGUEL DE VELASCO,consulta externa,repetidas en personas de 15 a 59 anos,2007-01-01,90,111,90,111,201
SAN PABLO DE LIPEZ,consulta externa,repetidas en personas de 15 a 59 anos,2007-01-01,7,12,7,12,19
SAN PEDRO,consulta externa,repetidas en personas de 15 a 59 anos,2007-01-01,28,40,28,40,68
SAN PEDRO DE BUENA VISTA,consulta externa,repetidas en personas de 15 a 59 anos,2007-01-01,1,0,1,0,1
SAN PEDRO DE CURAHUARA,consulta externa,repetidas en personas de 15 a 59 anos,2007-01-01,4,6,4,6,10
SAN PEDRO DE TIQUINA,consulta externa,repetidas en personas de 15 a 59 anos,2007-01-01,9,7,9,7,16
SAN RAFAEL,consulta externa,repetidas en personas de 15 a 59 anos,2007-01-01,3,8,3,8,11
SAN RAMON,consulta externa,repetidas en personas de 15 a 59 anos,2007-01-01,26,145,26,145,171
SANTA ANA,consulta externa,repetidas en personas de 15 a 59 anos,2007-01-01,58,123,58,123,181
SANTA CRUZ DE LA SIERRA,consulta externa,repetidas en personas de 15 a 59 anos,2007-01-01,7949,14543,7949,14543,22492
SANTA ROSA DEL SARA,consulta externa,repetidas en personas de 15 a 59 anos,2007-01-01,22,40,22,40,62
SANTIAGO DE CALLAPA,consulta externa,repetidas en personas de 15 a 59 anos,2007-01-01,5,9,5,9,14
SANTIAGO DE HUARI,consulta externa,repetidas en personas de 15 a 59 anos,2007-01-01,29,28,29,28,57
SANTIAGO DE MACHACA,consulta externa,repetidas en personas de 15 a 59 anos,2007-01-01,5,3,5,3,8
SANTIVAÑES,consulta externa,repetidas en personas de 15 a 59 anos,2007-01-01,3,10,3,10,13
SANTUARIO DE QUILLACAS,consulta externa,repetidas en personas de 15 a 59 anos,2007-01-01,0,3,0,3,3
SAPAHAQUI,consulta externa,repetidas en personas de 15 a 59 anos,2007-01-01,1,1,1,1,2
SICA SICA (VILLA AROMA),consulta externa,repetidas en personas de 15 a 59 anos,2007-01-01,1,1,1,1,2
SIPE SIPE,consulta externa,repetidas en personas de 15 a 59 anos,2007-01-01,21,165,21,165,186
SOPACHUY,consulta externa,repetidas en personas de 15 a 59 anos,2007-01-01,1,26,1,26,27
SORACACHI,consulta externa,repetidas en personas de 15 a 59 anos,2007-01-01,0,3,0,3,3
SORATA,consulta externa,repetidas en personas de 15 a 59 anos,2007-01-01,2,6,2,6,8
SUCRE,consulta externa,repetidas en personas de 15 a 59 anos,2007-01-01,2656,6821,2656,6821,9477
TACACHI,consulta externa,repetidas en personas de 15 a 59 anos,2007-01-01,1,0,1,0,1
TACACOMA,consulta externa,repetidas en personas de 15 a 59 anos,2007-01-01,0,1,0,1,1
TACOBAMBA,consulta externa,repetidas en personas de 15 a 59 anos,2007-01-01,0,3,0,3,3
TAPACARI,consulta externa,repetidas en personas de 15 a 59 anos,2007-01-01,5,28,5,28,33
TARABUCO,consulta externa,repetidas en personas de 15 a 59 anos,2007-01-01,33,47,33,47,80
TARACO,consulta externa,repetidas en personas de 15 a 59 anos,2007-01-01,2,6,2,6,8
TARATA,consulta externa,repetidas en personas de 15 a 59 anos,2007-01-01,6,7,6,7,13
TARIJA,consulta externa,repetidas en personas de 15 a 59 anos,2007-01-01,1779,5316,1779,5316,7095
TARVITA,consulta externa,repetidas en personas de 15 a 59 anos,2007-01-01,2,18,2,18,20
TEOPONTE,consulta externa,repetidas en personas de 15 a 59 anos,2007-01-01,1,2,1,2,3
TIAWANACU,consulta externa,repetidas en personas de 15 a 59 anos,2007-01-01,19,18,19,18,37
TINGUIPAYA,consulta externa,repetidas en personas de 15 a 59 anos,2007-01-01,2,10,2,10,12
TIPUANI,consulta externa,repetidas en personas de 15 a 59 anos,2007-01-01,3,2,3,2,5
TIQUIPAYA,consulta externa,repetidas en personas de 15 a 59 anos,2007-01-01,25,90,25,90,115
TIRAQUE (CBBA),consulta externa,repetidas en personas de 15 a 59 anos,2007-01-01,45,135,45,135,180
TITO YUPANQUI (PARQUIPUJIO),consulta externa,repetidas en personas de 15 a 59 anos,2007-01-01,2,10,2,10,12
TOCO,consulta externa,repetidas en personas de 15 a 59 anos,2007-01-01,0,1,0,1,1
TOLATA,consulta externa,repetidas en personas de 15 a 59 anos,2007-01-01,0,4,0,4,4
TOLEDO,consulta externa,repetidas en personas de 15 a 59 anos,2007-01-01,2,7,2,7,9
TOMAVE,consulta externa,repetidas en personas de 15 a 59 anos,2007-01-01,3,1,3,1,4
TOMINA,consulta externa,repetidas en personas de 15 a 59 anos,2007-01-01,5,9,5,9,14
TORO TORO,consulta externa,repetidas en personas de 15 a 59 anos,2007-01-01,2,7,2,7,9
TOTORA(CBBA),consulta externa,repetidas en personas de 15 a 59 anos,2007-01-01,3,5,3,5,8
TOTORA(ORR),consulta externa,repetidas en personas de 15 a 59 anos,2007-01-01,1,3,1,3,4
TRIGAL,consulta externa,repetidas en personas de 15 a 59 anos,2007-01-01,1,1,1,1,2
TRINIDAD,consulta externa,repetidas en personas de 15 a 59 anos,2007-01-01,351,759,351,759,1110
TUPIZA,consulta externa,repetidas en personas de 15 a 59 anos,2007-01-01,138,200,138,200,338
UNCIA,consulta externa,repetidas en personas de 15 a 59 anos,2007-01-01,85,127,85,127,212
URIONDO (A. CONCEPCION),consulta externa,repetidas en personas de 15 a 59 anos,2007-01-01,6,17,6,17,23
URUBICHA,consulta externa,repetidas en personas de 15 a 59 anos,2007-01-01,0,168,0,168,168
UYUNI,consulta externa,repetidas en personas de 15 a 59 anos,2007-01-01,129,151,129,151,280
VACAS,consulta externa,repetidas en personas de 15 a 59 anos,2007-01-01,7,17,7,17,24
VALLEGRANDE,consulta externa,repetidas en personas de 15 a 59 anos,2007-01-01,45,172,45,172,217
VIACHA,consulta externa,repetidas en personas de 15 a 59 anos,2007-01-01,122,339,122,339,461
VILA VILA,consulta externa,repetidas en personas de 15 a 59 anos,2007-01-01,2,1,2,1,3
VILLA MONTES,consulta externa,repetidas en personas de 15 a 59 anos,2007-01-01,120,199,120,199,319
VILLA NUEVA (LOMA ALTA),consulta externa,repetidas en personas de 15 a 59 anos,2007-01-01,3,12,3,12,15
VILLA RIVERO,consulta externa,repetidas en personas de 15 a 59 anos,2007-01-01,8,1,8,1,9
VILLA SERRANO,consulta externa,repetidas en personas de 15 a 59 anos,2007-01-01,2,2,2,2,4
VILLA TUNARI,consulta externa,repetidas en personas de 15 a 59 anos,2007-01-01,47,100,47,100,147
VILLA VACA GUZMAN (MUYUPAMPA),consulta externa,repetidas en personas de 15 a 59 anos,2007-01-01,7,48,7,48,55
VILLAZON,consulta externa,repetidas en personas de 15 a 59 anos,2007-01-01,94,280,94,280,374
VINTO,consulta externa,repetidas en personas de 15 a 59 anos,2007-01-01,31,17,31,17,48
VITICHI,consulta externa,repetidas en personas de 15 a 59 anos,2007-01-01,14,11,14,11,25
WALDO BALLIVIAN,consulta externa,repetidas en personas de 15 a 59 anos,2007-01-01,0,16,0,16,16
WARNES,consulta externa,repetidas en personas de 15 a 59 anos,2007-01-01,15,146,15,146,161
YACO,consulta externa,repetidas en personas de 15 a 59 anos,2007-01-01,0,4,0,4,4
YACUIBA,consulta externa,repetidas en personas de 15 a 59 anos,2007-01-01,694,580,694,580,1274
YAMPARAEZ,consulta externa,repetidas en personas de 15 a 59 anos,2007-01-01,4,16,4,16,20
YANACACHI,consulta externa,repetidas en personas de 15 a 59 anos,2007-01-01,2,0,2,0,2
YAPACANI,consulta externa,repetidas en personas de 15 a 59 anos,2007-01-01,12,169,12,169,181
YOCALLA,consulta externa,repetidas en personas de 15 a 59 anos,2007-01-01,1,9,1,9,10
YOTALA,consulta externa,repetidas en personas de 15 a 59 anos,2007-01-01,20,35,20,35,55
YUNCHARA,consulta externa,repetidas en personas de 15 a 59 anos,2007-01-01,2,9,2,9,11
ZUDAÑEZ,consulta externa,repetidas en personas de 15 a 59 anos,2007-01-01,9,10,9,10,19
ACACIO,consulta externa,repetidas en personas de 15 a 59 anos,2007-02-01,1,2,1,2,3
ACHACACHI,consulta externa,repetidas en personas de 15 a 59 anos,2007-02-01,24,45,24,45,69
ACHOCALLA,consulta externa,repetidas en personas de 15 a 59 anos,2007-02-01,1,2,1,2,3
AIQUILE,consulta externa,repetidas en personas de 15 a 59 anos,2007-02-01,37,262,37,262,299
ALALAY,consulta externa,repetidas en personas de 15 a 59 anos,2007-02-01,0,9,0,9,9
ALCALA,consulta externa,repetidas en personas de 15 a 59 anos,2007-02-01,3,3,3,3,6
ANCORAIMES,consulta externa,repetidas en personas de 15 a 59 anos,2007-02-01,17,7,17,7,24
ANDAMARCA,consulta externa,repetidas en personas de 15 a 59 anos,2007-02-01,3,7,3,7,10
ANTEQUERA,consulta externa,repetidas en personas de 15 a 59 anos,2007-02-01,0,6,0,6,6
ANZALDO,consulta externa,repetidas en personas de 15 a 59 anos,2007-02-01,7,4,7,4,11
APOLO,consulta externa,repetidas en personas de 15 a 59 anos,2007-02-01,12,28,12,28,40
ARANI,consulta externa,repetidas en personas de 15 a 59 anos,2007-02-01,1,8,1,8,9
ARBIETO,consulta externa,repetidas en personas de 15 a 59 anos,2007-02-01,6,13,6,13,19
ARQUE,consulta externa,repetidas en personas de 15 a 59 anos,2007-02-01,2,5,2,5,7
ASCENCION DE GUARAYOS,consulta externa,repetidas en personas de 15 a 59 anos,2007-02-01,4,3,4,3,7
ATOCHA,consulta externa,repetidas en personas de 15 a 59 anos,2007-02-01,169,186,169,186,355
AUCAPATA,consulta externa,repetidas en personas de 15 a 59 anos,2007-02-01,4,4,4,4,8
AYATA,consulta externa,repetidas en personas de 15 a 59 anos,2007-02-01,1,3,1,3,4
AYO AYO,consulta externa,repetidas en personas de 15 a 59 anos,2007-02-01,3,5,3,5,8
AYOPAYA (V. DE INDEPENDENCIA),consulta externa,repetidas en personas de 15 a 59 anos,2007-02-01,11,9,11,9,20
AZURDUY,consulta externa,repetidas en personas de 15 a 59 anos,2007-02-01,0,2,0,2,2
BATALLAS,consulta externa,repetidas en personas de 15 a 59 anos,2007-02-01,5,38,5,38,43
BAURES,consulta externa,repetidas en personas de 15 a 59 anos,2007-02-01,15,11,15,11,26
BELEN DE URMIRI,consulta externa,repetidas en personas de 15 a 59 anos,2007-02-01,2,1,2,1,3
BERMEJO,consulta externa,repetidas en personas de 15 a 59 anos,2007-02-01,204,124,204,124,328
BETANZOS,consulta externa,repetidas en personas de 15 a 59 anos,2007-02-01,33,35,33,35,68
BOLIVAR,consulta externa,repetidas en personas de 15 a 59 anos,2007-02-01,1,1,1,1,2
BOLPEBRA,consulta externa,repetidas en personas de 15 a 59 anos,2007-02-01,1,2,1,2,3
BOYUIBE,consulta externa,repetidas en personas de 15 a 59 anos,2007-02-01,16,13,16,13,29
BUENA VISTA,consulta externa,repetidas en personas de 15 a 59 anos,2007-02-01,67,85,67,85,152
CABEZAS,consulta externa,repetidas en personas de 15 a 59 anos,2007-02-01,22,45,22,45,67
CAIROMA,consulta externa,repetidas en personas de 15 a 59 anos,2007-02-01,25,20,25,20,45
"CAIZA ""D""",consulta externa,repetidas en personas de 15 a 59 anos,2007-02-01,6,12,6,12,18
CAJUATA,consulta externa,repetidas en personas de 15 a 59 anos,2007-02-01,10,16,10,16,26
CALACOTO,consulta externa,repetidas en personas de 15 a 59 anos,2007-02-01,1,5,1,5,6
CALAMARCA,consulta externa,repetidas en personas de 15 a 59 anos,2007-02-01,1,3,1,3,4
CAMARGO,consulta externa,repetidas en personas de 15 a 59 anos,2007-02-01,9,35,9,35,44
CAMATAQUI (C. VILLA ABECIA),consulta externa,repetidas en personas de 15 a 59 anos,2007-02-01,17,35,17,35,52
CAMIRI,consulta externa,repetidas en personas de 15 a 59 anos,2007-02-01,83,196,83,196,279
CAPINOTA,consulta externa,repetidas en personas de 15 a 59 anos,2007-02-01,9,34,9,34,43
CAQUIAVIRI,consulta externa,repetidas en personas de 15 a 59 anos,2007-02-01,0,5,0,5,5
CARACOLLO,consulta externa,repetidas en personas de 15 a 59 anos,2007-02-01,6,8,6,8,14
CARANAVI,consulta externa,repetidas en personas de 15 a 59 anos,2007-02-01,31,45,31,45,76
CARAPARI,consulta externa,repetidas en personas de 15 a 59 anos,2007-02-01,5,5,5,5,10
CARIPUYO,consulta externa,repetidas en personas de 15 a 59 anos,2007-02-01,2,3,2,3,5
CARMEN RIVERO TORREZ,consulta externa,repetidas en personas de 15 a 59 anos,2007-02-01,3,9,3,9,12
CHALLAPATA,consulta externa,repetidas en personas de 15 a 59 anos,2007-02-01,17,28,17,28,45
CHAQUI,consulta externa,repetidas en personas de 15 a 59 anos,2007-02-01,0,1,0,1,1
CHARAGUA,consulta externa,repetidas en personas de 15 a 59 anos,2007-02-01,15,42,15,42,57
CHARAÑA,consulta externa,repetidas en personas de 15 a 59 anos,2007-02-01,1,2,1,2,3
CHAYANTA,consulta externa,repetidas en personas de 15 a 59 anos,2007-02-01,6,15,6,15,21
CHIMORE,consulta externa,repetidas en personas de 15 a 59 anos,2007-02-01,4,13,4,13,17
CHULUMANI (V. DE LA LIBERTAD),consulta externa,repetidas en personas de 15 a 59 anos,2007-02-01,43,65,43,65,108
CHUMA,consulta externa,repetidas en personas de 15 a 59 anos,2007-02-01,19,17,19,17,36
CLIZA,consulta externa,repetidas en personas de 15 a 59 anos,2007-02-01,3,8,3,8,11
COBIJA,consulta externa,repetidas en personas de 15 a 59 anos,2007-02-01,72,440,72,440,512
COCHABAMBA,consulta externa,repetidas en personas de 15 a 59 anos,2007-02-01,7637,19611,7637,19611,27248
COLCAPIRHUA,consulta externa,repetidas en personas de 15 a 59 anos,2007-02-01,94,339,94,339,433
"COLCHA ""K""",consulta externa,repetidas en personas de 15 a 59 anos,2007-02-01,6,5,6,5,11
COLLANA,consulta externa,repetidas en personas de 15 a 59 anos,2007-02-01,2,4,2,4,6
COLOMI,consulta externa,repetidas en personas de 15 a 59 anos,2007-02-01,10,27,10,27,37
COLPA BELGICA,consulta externa,repetidas en personas de 15 a 59 anos,2007-02-01,26,61,26,61,87
COLQUECHACA,consulta externa,repetidas en personas de 15 a 59 anos,2007-02-01,1,10,1,10,11
COLQUENCHA,consulta externa,repetidas en personas de 15 a 59 anos,2007-02-01,4,10,4,10,14
COLQUIRI,consulta externa,repetidas en personas de 15 a 59 anos,2007-02-01,114,70,114,70,184
COMANCHE,consulta externa,repetidas en personas de 15 a 59 anos,2007-02-01,4,3,4,3,7
COMARAPA,consulta externa,repetidas en personas de 15 a 59 anos,2007-02-01,19,23,19,23,42
CONCEPCION,consulta externa,repetidas en personas de 15 a 59 anos,2007-02-01,6,5,6,5,11
COPACABANA,consulta externa,repetidas en personas de 15 a 59 anos,2007-02-01,1,2,1,2,3
CORIPATA,consulta externa,repetidas en personas de 15 a 59 anos,2007-02-01,9,10,9,10,19
CORO CORO,consulta externa,repetidas en personas de 15 a 59 anos,2007-02-01,2,2,2,2,4
COROICO,consulta externa,repetidas en personas de 15 a 59 anos,2007-02-01,31,66,31,66,97
CORQUE,consulta externa,repetidas en personas de 15 a 59 anos,2007-02-01,10,4,10,4,14
COTAGAITA,consulta externa,repetidas en personas de 15 a 59 anos,2007-02-01,28,73,28,73,101
COTOCA,consulta externa,repetidas en personas de 15 a 59 anos,2007-02-01,3,39,3,39,42
CUATRO CAÑADAS,consulta externa,repetidas en personas de 15 a 59 anos,2007-02-01,34,29,34,29,63
CUCHUMUELA (V. G. VILLARROEL),consulta externa,repetidas en personas de 15 a 59 anos,2007-02-01,1,1,1,1,2
CUEVO,consulta externa,repetidas en personas de 15 a 59 anos,2007-02-01,6,5,6,5,11
CULPINA,consulta externa,repetidas en personas de 15 a 59 anos,2007-02-01,6,7,6,7,13
CURAHUARA DE CARANGAS,consulta externa,repetidas en personas de 15 a 59 anos,2007-02-01,0,2,0,2,2
CURVA,consulta externa,repetidas en personas de 15 a 59 anos,2007-02-01,0,2,0,2,2
DESAGUADERO,consulta externa,repetidas en personas de 15 a 59 anos,2007-02-01,3,0,3,0,3
EL ALTO,consulta externa,repetidas en personas de 15 a 59 anos,2007-02-01,3085,5645,3085,5645,8730
EL CHORO,consulta externa,repetidas en personas de 15 a 59 anos,2007-02-01,2,0,2,0,2
EL PUENTE(STC),consulta externa,repetidas en personas de 15 a 59 anos,2007-02-01,0,4,0,4,4
EL TORNO,consulta externa,repetidas en personas de 15 a 59 anos,2007-02-01,75,104,75,104,179
EL VILLAR,consulta externa,repetidas en personas de 15 a 59 anos,2007-02-01,1,0,1,0,1
ENTRE RIOS,consulta externa,repetidas en personas de 15 a 59 anos,2007-02-01,8,9,8,9,17
ENTRE RIOS,consulta externa,repetidas en personas de 15 a 59 anos,2007-02-01,17,24,17,24,41
EUCALIPTUS,consulta externa,repetidas en personas de 15 a 59 anos,2007-02-01,2,10,2,10,12
EXALTACION,consulta externa,repetidas en personas de 15 a 59 anos,2007-02-01,2,0,2,0,2
FERNANDEZ ALONSO,consulta externa,repetidas en personas de 15 a 59 anos,2007-02-01,11,19,11,19,30
FILADELFIA,consulta externa,repetidas en personas de 15 a 59 anos,2007-02-01,12,6,12,6,18
GENERAL SAAVEDRA,consulta externa,repetidas en personas de 15 a 59 anos,2007-02-01,27,29,27,29,56
GRAL. J.J. PEREZ (CHARAZANI),consulta externa,repetidas en personas de 15 a 59 anos,2007-02-01,2,5,2,5,7
GUANAY,consulta externa,repetidas en personas de 15 a 59 anos,2007-02-01,2,2,2,2,4
GUAQUI,consulta externa,repetidas en personas de 15 a 59 anos,2007-02-01,5,12,5,12,17
GUAYARAMERIN,consulta externa,repetidas en personas de 15 a 59 anos,2007-02-01,107,231,107,231,338
GUTIERREZ,consulta externa,repetidas en personas de 15 a 59 anos,2007-02-01,5,3,5,3,8
HUACARETA,consulta externa,repetidas en personas de 15 a 59 anos,2007-02-01,11,46,11,46,57
HUACAYA (VILLA DE HUACAYA),consulta externa,repetidas en personas de 15 a 59 anos,2007-02-01,1,1,1,1,2
HUACHACALLA,consulta externa,repetidas en personas de 15 a 59 anos,2007-02-01,14,10,14,10,24
HUANUNI,consulta externa,repetidas en personas de 15 a 59 anos,2007-02-01,153,195,153,195,348
HUARACAJE,consulta externa,repetidas en personas de 15 a 59 anos,2007-02-01,4,1,4,1,5
ICHOCA,consulta externa,repetidas en personas de 15 a 59 anos,2007-02-01,0,6,0,6,6
ICLA,consulta externa,repetidas en personas de 15 a 59 anos,2007-02-01,2,11,2,11,13
INCAHUASI,consulta externa,repetidas en personas de 15 a 59 anos,2007-02-01,4,7,4,7,11
INGAVI (HUMAITA),consulta externa,repetidas en personas de 15 a 59 anos,2007-02-01,5,3,5,3,8
INQUISIVI,consulta externa,repetidas en personas de 15 a 59 anos,2007-02-01,12,9,12,9,21
IRUPANA (VILLA DE LANZA),consulta externa,repetidas en personas de 15 a 59 anos,2007-02-01,7,5,7,5,12
IXIAMAS,consulta externa,repetidas en personas de 15 a 59 anos,2007-02-01,12,16,12,16,28
JESUS DE MACHACA,consulta externa,repetidas en personas de 15 a 59 anos,2007-02-01,2,12,2,12,14
LA ASUNTA,consulta externa,repetidas en personas de 15 a 59 anos,2007-02-01,2,3,2,3,5
LA GUARDIA,consulta externa,repetidas en personas de 15 a 59 anos,2007-02-01,37,101,37,101,138
LA PAZ,consulta externa,repetidas en personas de 15 a 59 anos,2007-02-01,14347,26558,14347,26558,40905
LAGUNILLAS,consulta externa,repetidas en personas de 15 a 59 anos,2007-02-01,4,2,4,2,6
LAJA,consulta externa,repetidas en personas de 15 a 59 anos,2007-02-01,9,14,9,14,23
LAS CARRERAS,consulta externa,repetidas en personas de 15 a 59 anos,2007-02-01,4,13,4,13,17
LICOMA PAMPA,consulta externa,repetidas en personas de 15 a 59 anos,2007-02-01,2,3,2,3,5
LLALLAGUA,consulta externa,repetidas en personas de 15 a 59 anos,2007-02-01,35,106,35,106,141
LLICA,consulta externa,repetidas en personas de 15 a 59 anos,2007-02-01,2,0,2,0,2
LORETO,consulta externa,repetidas en personas de 15 a 59 anos,2007-02-01,21,19,21,19,40
LURIBAY,consulta externa,repetidas en personas de 15 a 59 anos,2007-02-01,22,32,22,32,54
MACHACAMARCA,consulta externa,repetidas en personas de 15 a 59 anos,2007-02-01,2,14,2,14,16
MACHARETI,consulta externa,repetidas en personas de 15 a 59 anos,2007-02-01,13,34,13,34,47
MAGDALENA,consulta externa,repetidas en personas de 15 a 59 anos,2007-02-01,41,85,41,85,126
MAIRANA,consulta externa,repetidas en personas de 15 a 59 anos,2007-02-01,3,3,3,3,6
MALLA,consulta externa,repetidas en personas de 15 a 59 anos,2007-02-01,0,2,0,2,2
MAPIRI,consulta externa,repetidas en personas de 15 a 59 anos,2007-02-01,8,10,8,10,18
MECAPACA,consulta externa,repetidas en personas de 15 a 59 anos,2007-02-01,16,34,16,34,50
MINEROS,consulta externa,repetidas en personas de 15 a 59 anos,2007-02-01,21,55,21,55,76
MIZQUE,consulta externa,repetidas en personas de 15 a 59 anos,2007-02-01,2,15,2,15,17
MOCOMOCO,consulta externa,repetidas en personas de 15 a 59 anos,2007-02-01,8,4,8,4,12
MOJINETE,consulta externa,repetidas en personas de 15 a 59 anos,2007-02-01,2,2,2,2,4
MOJOCOYA,consulta externa,repetidas en personas de 15 a 59 anos,2007-02-01,10,15,10,15,25
MONTEAGUDO,consulta externa,repetidas en personas de 15 a 59 anos,2007-02-01,177,363,177,363,540
MONTERO,consulta externa,repetidas en personas de 15 a 59 anos,2007-02-01,969,1565,969,1565,2534
MORO MORO,consulta externa,repetidas en personas de 15 a 59 anos,2007-02-01,3,4,3,4,7
MOROCHATA,consulta externa,repetidas en personas de 15 a 59 anos,2007-02-01,23,60,23,60,83
NACEBE (SANTA ROSA DEL ABUNA),consulta externa,repetidas en personas de 15 a 59 anos,2007-02-01,2,0,2,0,2
OCURI,consulta externa,repetidas en personas de 15 a 59 anos,2007-02-01,0,2,0,2,2
OKINAWA,consulta externa,repetidas en personas de 15 a 59 anos,2007-02-01,2,26,2,26,28
OMEREQUE,consulta externa,repetidas en personas de 15 a 59 anos,2007-02-01,2,6,2,6,8
ORURO,consulta externa,repetidas en personas de 15 a 59 anos,2007-02-01,1451,3746,1451,3746,5197
PADCAYA,consulta externa,repetidas en personas de 15 a 59 anos,2007-02-01,90,101,90,101,191
PADILLA,consulta externa,repetidas en personas de 15 a 59 anos,2007-02-01,18,59,18,59,77
PAILON,consulta externa,repetidas en personas de 15 a 59 anos,2007-02-01,6,3,6,3,9
PALCA,consulta externa,repetidas en personas de 15 a 59 anos,2007-02-01,11,1,11,1,12
PALOS BLANCOS,consulta externa,repetidas en personas de 15 a 59 anos,2007-02-01,10,7,10,7,17
PAMPA AULLAGAS,consulta externa,repetidas en personas de 15 a 59 anos,2007-02-01,1,0,1,0,1
PAMPA GRANDE,consulta externa,repetidas en personas de 15 a 59 anos,2007-02-01,3,3,3,3,6
PAPEL PAMPA,consulta externa,repetidas en personas de 15 a 59 anos,2007-02-01,1,2,1,2,3
PASORAPA,consulta externa,repetidas en personas de 15 a 59 anos,2007-02-01,0,4,0,4,4
PATACAMAYA,consulta externa,repetidas en personas de 15 a 59 anos,2007-02-01,3,11,3,11,14
PAZÑA,consulta externa,repetidas en personas de 15 a 59 anos,2007-02-01,14,11,14,11,25
PELECHUCO,consulta externa,repetidas en personas de 15 a 59 anos,2007-02-01,0,1,0,1,1
POCOATA,consulta externa,repetidas en personas de 15 a 59 anos,2007-02-01,4,9,4,9,13
POCONA,consulta externa,repetidas en personas de 15 a 59 anos,2007-02-01,2,1,2,1,3
POOPO,consulta externa,repetidas en personas de 15 a 59 anos,2007-02-01,2,6,2,6,8
PORCO,consulta externa,repetidas en personas de 15 a 59 anos,2007-02-01,1,4,1,4,5
POROMA,consulta externa,repetidas en personas de 15 a 59 anos,2007-02-01,3,6,3,6,9
PORONGO,consulta externa,repetidas en personas de 15 a 59 anos,2007-02-01,5,3,5,3,8
PORTACHUELO,consulta externa,repetidas en personas de 15 a 59 anos,2007-02-01,10,38,10,38,48
PORVENIR,consulta externa,repetidas en personas de 15 a 59 anos,2007-02-01,4,1,4,1,5
POSTRER VALLE,consulta externa,repetidas en personas de 15 a 59 anos,2007-02-01,2,11,2,11,13
POTOSI,consulta externa,repetidas en personas de 15 a 59 anos,2007-02-01,1143,2808,1143,2808,3951
PRESTO,consulta externa,repetidas en personas de 15 a 59 anos,2007-02-01,0,1,0,1,1
PUCARA,consulta externa,repetidas en personas de 15 a 59 anos,2007-02-01,1,1,1,1,2
PUCARANI,consulta externa,repetidas en personas de 15 a 59 anos,2007-02-01,7,34,7,34,41
PUERTO ACOSTA,consulta externa,repetidas en personas de 15 a 59 anos,2007-02-01,20,28,20,28,48
PUERTO CARABUCO,consulta externa,repetidas en personas de 15 a 59 anos,2007-02-01,6,5,6,5,11
PUERTO GONZALO MORENO,consulta externa,repetidas en personas de 15 a 59 anos,2007-02-01,0,5,0,5,5
PUERTO PEREZ,consulta externa,repetidas en personas de 15 a 59 anos,2007-02-01,6,5,6,5,11
PUERTO QUIJARRO,consulta externa,repetidas en personas de 15 a 59 anos,2007-02-01,16,40,16,40,56
PUERTO RICO,consulta externa,repetidas en personas de 15 a 59 anos,2007-02-01,0,7,0,7,7
PUERTO SUAREZ,consulta externa,repetidas en personas de 15 a 59 anos,2007-02-01,44,93,44,93,137
PUERTO VILLARROEL,consulta externa,repetidas en personas de 15 a 59 anos,2007-02-01,25,37,25,37,62
PUNA,consulta externa,repetidas en personas de 15 a 59 anos,2007-02-01,13,24,13,24,37
PUNATA,consulta externa,repetidas en personas de 15 a 59 anos,2007-02-01,100,255,100,255,355
QUIABAYA,consulta externa,repetidas en personas de 15 a 59 anos,2007-02-01,1,1,1,1,2
QUILLACOLLO,consulta externa,repetidas en personas de 15 a 59 anos,2007-02-01,206,679,206,679,885
QUIME,consulta externa,repetidas en personas de 15 a 59 anos,2007-02-01,66,6,66,6,72
QUIRUSILLAS,consulta externa,repetidas en personas de 15 a 59 anos,2007-02-01,0,1,0,1,1
RAVELO,consulta externa,repetidas en personas de 15 a 59 anos,2007-02-01,0,2,0,2,2
REYES,consulta externa,repetidas en personas de 15 a 59 anos,2007-02-01,21,66,21,66,87
RIBERALTA,consulta externa,repetidas en personas de 15 a 59 anos,2007-02-01,101,516,101,516,617
ROBORE,consulta externa,repetidas en personas de 15 a 59 anos,2007-02-01,39,155,39,155,194
RURRENABAQUE,consulta externa,repetidas en personas de 15 a 59 anos,2007-02-01,45,99,45,99,144
SABAYA,consulta externa,repetidas en personas de 15 a 59 anos,2007-02-01,0,2,0,2,2
SACABA,consulta externa,repetidas en personas de 15 a 59 anos,2007-02-01,112,365,112,365,477
SACABAMBA,consulta externa,repetidas en personas de 15 a 59 anos,2007-02-01,15,9,15,9,24
SACACA,consulta externa,repetidas en personas de 15 a 59 anos,2007-02-01,3,1,3,1,4
SAIPINA,consulta externa,repetidas en personas de 15 a 59 anos,2007-02-01,2,4,2,4,6
SALINAS DE GARCI MENDOZA,consulta externa,repetidas en personas de 15 a 59 anos,2007-02-01,9,12,9,12,21
SAMAIPATA,consulta externa,repetidas en personas de 15 a 59 anos,2007-02-01,1,7,1,7,8
SAN AGUSTIN,consulta externa,repetidas en personas de 15 a 59 anos,2007-02-01,7,10,7,10,17
SAN ANDRES,consulta externa,repetidas en personas de 15 a 59 anos,2007-02-01,16,11,16,11,27
SAN ANDRES DE MACHACA,consulta externa,repetidas en personas de 15 a 59 anos,2007-02-01,3,4,3,4,7
SAN ANTONIO DE ESMORUCO,consulta externa,repetidas en personas de 15 a 59 anos,2007-02-01,1,0,1,0,1
SAN ANTONIO DE LOMERIO,consulta externa,repetidas en personas de 15 a 59 anos,2007-02-01,1,3,1,3,4
SAN BENITO,consulta externa,repetidas en personas de 15 a 59 anos,2007-02-01,11,19,11,19,30
SAN BORJA,consulta externa,repetidas en personas de 15 a 59 anos,2007-02-01,49,102,49,102,151
SAN BUENA VENTURA,consulta externa,repetidas en personas de 15 a 59 anos,2007-02-01,22,34,22,34,56
SAN CARLOS,consulta externa,repetidas en personas de 15 a 59 anos,2007-02-01,26,244,26,244,270
SAN IGNACIO,consulta externa,repetidas en personas de 15 a 59 anos,2007-02-01,31,126,31,126,157
SAN IGNACIO DE VELASCO,consulta externa,repetidas en personas de 15 a 59 anos,2007-02-01,99,221,99,221,320
SAN JAVIER(BNI),consulta externa,repetidas en personas de 15 a 59 anos,2007-02-01,1,5,1,5,6
SAN JAVIER(STC),consulta externa,repetidas en personas de 15 a 59 anos,2007-02-01,6,52,6,52,58
SAN JOAQUIN,consulta externa,repetidas en personas de 15 a 59 anos,2007-02-01,81,149,81,149,230
SAN JOSE DE CHIQUITOS,consulta externa,repetidas en personas de 15 a 59 anos,2007-02-01,11,27,11,27,38
SAN JUAN DE YAPACANI,consulta externa,repetidas en personas de 15 a 59 anos,2007-02-01,83,63,83,63,146
SAN JULIAN,consulta externa,repetidas en personas de 15 a 59 anos,2007-02-01,19,79,19,79,98
SAN LORENZO(TJA),consulta externa,repetidas en personas de 15 a 59 anos,2007-02-01,4,33,4,33,37
SAN LUCAS,consulta externa,repetidas en personas de 15 a 59 anos,2007-02-01,21,49,21,49,70
SAN MATIAS,consulta externa,repetidas en personas de 15 a 59 anos,2007-02-01,4,10,4,10,14
SAN MIGUEL DE VELASCO,consulta externa,repetidas en personas de 15 a 59 anos,2007-02-01,76,133,76,133,209
SAN PABLO DE LIPEZ,consulta externa,repetidas en personas de 15 a 59 anos,2007-02-01,8,15,8,15,23
SAN PEDRO,consulta externa,repetidas en personas de 15 a 59 anos,2007-02-01,24,46,24,46,70
SAN PEDRO DE BUENA VISTA,consulta externa,repetidas en personas de 15 a 59 anos,2007-02-01,0,1,0,1,1
SAN PEDRO DE CURAHUARA,consulta externa,repetidas en personas de 15 a 59 anos,2007-02-01,5,3,5,3,8
SAN PEDRO DE TIQUINA,consulta externa,repetidas en personas de 15 a 59 anos,2007-02-01,1,3,1,3,4
SAN RAFAEL,consulta externa,repetidas en personas de 15 a 59 anos,2007-02-01,5,14,5,14,19
SAN RAMON,consulta externa,repetidas en personas de 15 a 59 anos,2007-02-01,27,35,27,35,62
SAN RAMON,consulta externa,repetidas en personas de 15 a 59 anos,2007-02-01,15,137,15,137,152
SANTA ANA,consulta externa,repetidas en personas de 15 a 59 anos,2007-02-01,16,110,16,110,126
SANTA CRUZ DE LA SIERRA,consulta externa,repetidas en personas de 15 a 59 anos,2007-02-01,5733,15603,5733,15603,21336
SANTA ROSA DEL SARA,consulta externa,repetidas en personas de 15 a 59 anos,2007-02-01,0,1,0,1,1
SANTIAGO DE CALLAPA,consulta externa,repetidas en personas de 15 a 59 anos,2007-02-01,0,2,0,2,2
SANTIAGO DE HUARI,consulta externa,repetidas en personas de 15 a 59 anos,2007-02-01,15,15,15,15,30
SANTIAGO DE MACHACA,consulta externa,repetidas en personas de 15 a 59 anos,2007-02-01,2,1,2,1,3
SANTIVAÑES,consulta externa,repetidas en personas de 15 a 59 anos,2007-02-01,7,9,7,9,16
SANTUARIO DE QUILLACAS,consulta externa,repetidas en personas de 15 a 59 anos,2007-02-01,2,2,2,2,4
SAPAHAQUI,consulta externa,repetidas en personas de 15 a 59 anos,2007-02-01,1,3,1,3,4
SENA,consulta externa,repetidas en personas de 15 a 59 anos,2007-02-01,1,3,1,3,4
SICA SICA (VILLA AROMA),consulta externa,repetidas en personas de 15 a 59 anos,2007-02-01,1,0,1,0,1
SICAYA,consulta externa,repetidas en personas de 15 a 59 anos,2007-02-01,1,0,1,0,1
SIPE SIPE,consulta externa,repetidas en personas de 15 a 59 anos,2007-02-01,35,137,35,137,172
SOPACHUY,consulta externa,repetidas en personas de 15 a 59 anos,2007-02-01,2,9,2,9,11
SORACACHI,consulta externa,repetidas en personas de 15 a 59 anos,2007-02-01,2,3,2,3,5
SORATA,consulta externa,repetidas en personas de 15 a 59 anos,2007-02-01,2,1,2,1,3
SUCRE,consulta externa,repetidas en personas de 15 a 59 anos,2007-02-01,2598,6412,2598,6412,9010
TACACHI,consulta externa,repetidas en personas de 15 a 59 anos,2007-02-01,1,2,1,2,3
TACOBAMBA,consulta externa,repetidas en personas de 15 a 59 anos,2007-02-01,3,1,3,1,4
TACOPAYA,consulta externa,repetidas en personas de 15 a 59 anos,2007-02-01,0,3,0,3,3
TAHUA,consulta externa,repetidas en personas de 15 a 59 anos,2007-02-01,1,0,1,0,1
TAPACARI,consulta externa,repetidas en personas de 15 a 59 anos,2007-02-01,1,10,1,10,11
TARABUCO,consulta externa,repetidas en personas de 15 a 59 anos,2007-02-01,52,113,52,113,165
TARACO,consulta externa,repetidas en personas de 15 a 59 anos,2007-02-01,4,6,4,6,10
TARATA,consulta externa,repetidas en personas de 15 a 59 anos,2007-02-01,7,13,7,13,20
TARIJA,consulta externa,repetidas en personas de 15 a 59 anos,2007-02-01,1502,3900,1502,3900,5402
TARVITA,consulta externa,repetidas en personas de 15 a 59 anos,2007-02-01,3,15,3,15,18
TEOPONTE,consulta externa,repetidas en personas de 15 a 59 anos,2007-02-01,3,0,3,0,3
TIAWANACU,consulta externa,repetidas en personas de 15 a 59 anos,2007-02-01,0,2,0,2,2
TINGUIPAYA,consulta externa,repetidas en personas de 15 a 59 anos,2007-02-01,11,13,11,13,24
TIPUANI,consulta externa,repetidas en personas de 15 a 59 anos,2007-02-01,0,1,0,1,1
TIQUIPAYA,consulta externa,repetidas en personas de 15 a 59 anos,2007-02-01,33,66,33,66,99
TIRAQUE (CBBA),consulta externa,repetidas en personas de 15 a 59 anos,2007-02-01,39,104,39,104,143
TITO YUPANQUI (PARQUIPUJIO),consulta externa,repetidas en personas de 15 a 59 anos,2007-02-01,2,2,2,2,4
TOCO,consulta externa,repetidas en personas de 15 a 59 anos,2007-02-01,0,6,0,6,6
TOLATA,consulta externa,repetidas en personas de 15 a 59 anos,2007-02-01,3,3,3,3,6
TOLEDO,consulta externa,repetidas en personas de 15 a 59 anos,2007-02-01,3,2,3,2,5
TOMAVE,consulta externa,repetidas en personas de 15 a 59 anos,2007-02-01,0,3,0,3,3
TOMINA,consulta externa,repetidas en personas de 15 a 59 anos,2007-02-01,8,8,8,8,16
TORO TORO,consulta externa,repetidas en personas de 15 a 59 anos,2007-02-01,1,6,1,6,7
TOTORA(CBBA),consulta externa,repetidas en personas de 15 a 59 anos,2007-02-01,1,8,1,8,9
TOTORA(ORR),consulta externa,repetidas en personas de 15 a 59 anos,2007-02-01,1,2,1,2,3
TRIGAL,consulta externa,repetidas en personas de 15 a 59 anos,2007-02-01,0,2,0,2,2
TRINIDAD,consulta externa,repetidas en personas de 15 a 59 anos,2007-02-01,322,642,322,642,964
TUPIZA,consulta externa,repetidas en personas de 15 a 59 anos,2007-02-01,117,186,117,186,303
TURCO,consulta externa,repetidas en personas de 15 a 59 anos,2007-02-01,3,3,3,3,6
UNCIA,consulta externa,repetidas en personas de 15 a 59 anos,2007-02-01,89,189,89,189,278
URIONDO (A. CONCEPCION),consulta externa,repetidas en personas de 15 a 59 anos,2007-02-01,9,12,9,12,21
URUBICHA,consulta externa,repetidas en personas de 15 a 59 anos,2007-02-01,1,125,1,125,126
UYUNI,consulta externa,repetidas en personas de 15 a 59 anos,2007-02-01,141,167,141,167,308
VACAS,consulta externa,repetidas en personas de 15 a 59 anos,2007-02-01,9,18,9,18,27
VALLEGRANDE,consulta externa,repetidas en personas de 15 a 59 anos,2007-02-01,67,197,67,197,264
VIACHA,consulta externa,repetidas en personas de 15 a 59 anos,2007-02-01,115,290,115,290,405
VILA VILA,consulta externa,repetidas en personas de 15 a 59 anos,2007-02-01,1,1,1,1,2
VILLA MONTES,consulta externa,repetidas en personas de 15 a 59 anos,2007-02-01,54,151,54,151,205
VILLA NUEVA (LOMA ALTA),consulta externa,repetidas en personas de 15 a 59 anos,2007-02-01,6,4,6,4,10
VILLA RIVERO,consulta externa,repetidas en personas de 15 a 59 anos,2007-02-01,6,16,6,16,22
VILLA SERRANO,consulta externa,repetidas en personas de 15 a 59 anos,2007-02-01,3,11,3,11,14
VILLA TUNARI,consulta externa,repetidas en personas de 15 a 59 anos,2007-02-01,35,59,35,59,94
VILLA VACA GUZMAN (MUYUPAMPA),consulta externa,repetidas en personas de 15 a 59 anos,2007-02-01,24,69,24,69,93
VILLAZON,consulta externa,repetidas en personas de 15 a 59 anos,2007-02-01,61,213,61,213,274
VINTO,consulta externa,repetidas en personas de 15 a 59 anos,2007-02-01,5,17,5,17,22
VITICHI,consulta externa,repetidas en personas de 15 a 59 anos,2007-02-01,7,17,7,17,24
WALDO BALLIVIAN,consulta externa,repetidas en personas de 15 a 59 anos,2007-02-01,1,11,1,11,12
WARNES,consulta externa,repetidas en personas de 15 a 59 anos,2007-02-01,11,30,11,30,41
YACO,consulta externa,repetidas en personas de 15 a 59 anos,2007-02-01,2,0,2,0,2
YACUIBA,consulta externa,repetidas en personas de 15 a 59 anos,2007-02-01,186,540,186,540,726
YAMPARAEZ,consulta externa,repetidas en personas de 15 a 59 anos,2007-02-01,8,10,8,10,18
YANACACHI,consulta externa,repetidas en personas de 15 a 59 anos,2007-02-01,4,0,4,0,4
YAPACANI,consulta externa,repetidas en personas de 15 a 59 anos,2007-02-01,11,242,11,242,253
YOCALLA,consulta externa,repetidas en personas de 15 a 59 anos,2007-02-01,1,0,1,0,1
YOTALA,consulta externa,repetidas en personas de 15 a 59 anos,2007-02-01,47,57,47,57,104
YUNCHARA,consulta externa,repetidas en personas de 15 a 59 anos,2007-02-01,1,2,1,2,3
ZUDAÑEZ,consulta externa,repetidas en personas de 15 a 59 anos,2007-02-01,9,9,9,9,18
ACACIO,consulta externa,repetidas en personas de 15 a 59 anos,2007-03-01,2,3,2,3,5
ACHACACHI,consulta externa,repetidas en personas de 15 a 59 anos,2007-03-01,25,24,25,24,49
ACHOCALLA,consulta externa,repetidas en personas de 15 a 59 anos,2007-03-01,4,8,4,8,12
AIQUILE,consulta externa,repetidas en personas de 15 a 59 anos,2007-03-01,29,411,29,411,440
ALCALA,consulta externa,repetidas en personas de 15 a 59 anos,2007-03-01,0,1,0,1,1
ANCORAIMES,consulta externa,repetidas en personas de 15 a 59 anos,2007-03-01,24,10,24,10,34
ANDAMARCA,consulta externa,repetidas en personas de 15 a 59 anos,2007-03-01,2,4,2,4,6
ANTEQUERA,consulta externa,repetidas en personas de 15 a 59 anos,2007-03-01,1,2,1,2,3
ANZALDO,consulta externa,repetidas en personas de 15 a 59 anos,2007-03-01,6,8,6,8,14
APOLO,consulta externa,repetidas en personas de 15 a 59 anos,2007-03-01,17,38,17,38,55
ARAMPAMPA,consulta externa,repetidas en personas de 15 a 59 anos,2007-03-01,1,2,1,2,3
ARANI,consulta externa,repetidas en personas de 15 a 59 anos,2007-03-01,1,7,1,7,8
ARBIETO,consulta externa,repetidas en personas de 15 a 59 anos,2007-03-01,5,27,5,27,32
ARQUE,consulta externa,repetidas en personas de 15 a 59 anos,2007-03-01,5,3,5,3,8
ASCENCION DE GUARAYOS,consulta externa,repetidas en personas de 15 a 59 anos,2007-03-01,3,23,3,23,26
ATOCHA,consulta externa,repetidas en personas de 15 a 59 anos,2007-03-01,285,278,285,278,563
AUCAPATA,consulta externa,repetidas en personas de 15 a 59 anos,2007-03-01,43,69,43,69,112
AYATA,consulta externa,repetidas en personas de 15 a 59 anos,2007-03-01,4,14,4,14,18
AYO AYO,consulta externa,repetidas en personas de 15 a 59 anos,2007-03-01,3,12,3,12,15
AYOPAYA (V. DE INDEPENDENCIA),consulta externa,repetidas en personas de 15 a 59 anos,2007-03-01,20,18,20,18,38
AZURDUY,consulta externa,repetidas en personas de 15 a 59 anos,2007-03-01,0,1,0,1,1
BATALLAS,consulta externa,repetidas en personas de 15 a 59 anos,2007-03-01,8,44,8,44,52
BAURES,consulta externa,repetidas en personas de 15 a 59 anos,2007-03-01,3,6,3,6,9
BELEN DE ANDAMARCA,consulta externa,repetidas en personas de 15 a 59 anos,2007-03-01,0,1,0,1,1
BELEN DE URMIRI,consulta externa,repetidas en personas de 15 a 59 anos,2007-03-01,2,1,2,1,3
BELLA FLOR,consulta externa,repetidas en personas de 15 a 59 anos,2007-03-01,8,6,8,6,14
BERMEJO,consulta externa,repetidas en personas de 15 a 59 anos,2007-03-01,120,194,120,194,314
BETANZOS,consulta externa,repetidas en personas de 15 a 59 anos,2007-03-01,20,41,20,41,61
BOLIVAR,consulta externa,repetidas en personas de 15 a 59 anos,2007-03-01,9,239,9,239,248
BOLPEBRA,consulta externa,repetidas en personas de 15 a 59 anos,2007-03-01,2,3,2,3,5
BOYUIBE,consulta externa,repetidas en personas de 15 a 59 anos,2007-03-01,15,35,15,35,50
BUENA VISTA,consulta externa,repetidas en personas de 15 a 59 anos,2007-03-01,46,67,46,67,113
CABEZAS,consulta externa,repetidas en personas de 15 a 59 anos,2007-03-01,21,88,21,88,109
CAIROMA,consulta externa,repetidas en personas de 15 a 59 anos,2007-03-01,40,31,40,31,71
"CAIZA ""D""",consulta externa,repetidas en personas de 15 a 59 anos,2007-03-01,8,9,8,9,17
CAJUATA,consulta externa,repetidas en personas de 15 a 59 anos,2007-03-01,4,4,4,4,8
CALACOTO,consulta externa,repetidas en personas de 15 a 59 anos,2007-03-01,7,7,7,7,14
CALAMARCA,consulta externa,repetidas en personas de 15 a 59 anos,2007-03-01,3,4,3,4,7
CAMARGO,consulta externa,repetidas en personas de 15 a 59 anos,2007-03-01,8,26,8,26,34
CAMATAQUI (C. VILLA ABECIA),consulta externa,repetidas en personas de 15 a 59 anos,2007-03-01,8,27,8,27,35
CAMIRI,consulta externa,repetidas en personas de 15 a 59 anos,2007-03-01,68,214,68,214,282
CAPINOTA,consulta externa,repetidas en personas de 15 a 59 anos,2007-03-01,40,92,40,92,132
CAQUIAVIRI,consulta externa,repetidas en personas de 15 a 59 anos,2007-03-01,3,8,3,8,11
CARACOLLO,consulta externa,repetidas en personas de 15 a 59 anos,2007-03-01,4,8,4,8,12
CARANAVI,consulta externa,repetidas en personas de 15 a 59 anos,2007-03-01,83,67,83,67,150
CARAPARI,consulta externa,repetidas en personas de 15 a 59 anos,2007-03-01,7,7,7,7,14
CARIPUYO,consulta externa,repetidas en personas de 15 a 59 anos,2007-03-01,5,0,5,0,5
CARMEN RIVERO TORREZ,consulta externa,repetidas en personas de 15 a 59 anos,2007-03-01,0,1,0,1,1
CATACORA,consulta externa,repetidas en personas de 15 a 59 anos,2007-03-01,0,5,0,5,5
CHALLAPATA,consulta externa,repetidas en personas de 15 a 59 anos,2007-03-01,19,35,19,35,54
CHAQUI,consulta externa,repetidas en personas de 15 a 59 anos,2007-03-01,0,5,0,5,5
CHARAGUA,consulta externa,repetidas en personas de 15 a 59 anos,2007-03-01,15,30,15,30,45
CHARAÑA,consulta externa,repetidas en personas de 15 a 59 anos,2007-03-01,4,5,4,5,9
CHAYANTA,consulta externa,repetidas en personas de 15 a 59 anos,2007-03-01,8,19,8,19,27
CHIMORE,consulta externa,repetidas en personas de 15 a 59 anos,2007-03-01,2,20,2,20,22
CHIPAYA,consulta externa,repetidas en personas de 15 a 59 anos,2007-03-01,0,1,0,1,1
CHOQUE COTA,consulta externa,repetidas en personas de 15 a 59 anos,2007-03-01,0,1,0,1,1
CHULUMANI (V. DE LA LIBERTAD),consulta externa,repetidas en personas de 15 a 59 anos,2007-03-01,44,49,44,49,93
CHUMA,consulta externa,repetidas en personas de 15 a 59 anos,2007-03-01,32,42,32,42,74
CLIZA,consulta externa,repetidas en personas de 15 a 59 anos,2007-03-01,4,25,4,25,29
COBIJA,consulta externa,repetidas en personas de 15 a 59 anos,2007-03-01,282,679,282,679,961
COCHABAMBA,consulta externa,repetidas en personas de 15 a 59 anos,2007-03-01,8668,21106,8668,21106,29774
COIPASA,consulta externa,repetidas en personas de 15 a 59 anos,2007-03-01,0,3,0,3,3
COLCAPIRHUA,consulta externa,repetidas en personas de 15 a 59 anos,2007-03-01,108,362,108,362,470
"COLCHA ""K""",consulta externa,repetidas en personas de 15 a 59 anos,2007-03-01,10,12,10,12,22
COLLANA,consulta externa,repetidas en personas de 15 a 59 anos,2007-03-01,5,2,5,2,7
COLOMI,consulta externa,repetidas en personas de 15 a 59 anos,2007-03-01,5,23,5,23,28
COLPA BELGICA,consulta externa,repetidas en personas de 15 a 59 anos,2007-03-01,27,86,27,86,113
COLQUECHACA,consulta externa,repetidas en personas de 15 a 59 anos,2007-03-01,3,20,3,20,23
COLQUENCHA,consulta externa,repetidas en personas de 15 a 59 anos,2007-03-01,6,13,6,13,19
COLQUIRI,consulta externa,repetidas en personas de 15 a 59 anos,2007-03-01,23,33,23,33,56
COMANCHE,consulta externa,repetidas en personas de 15 a 59 anos,2007-03-01,3,3,3,3,6
COMARAPA,consulta externa,repetidas en personas de 15 a 59 anos,2007-03-01,18,41,18,41,59
CONCEPCION,consulta externa,repetidas en personas de 15 a 59 anos,2007-03-01,3,6,3,6,9
COPACABANA,consulta externa,repetidas en personas de 15 a 59 anos,2007-03-01,4,6,4,6,10
CORIPATA,consulta externa,repetidas en personas de 15 a 59 anos,2007-03-01,1,6,1,6,7
CORO CORO,consulta externa,repetidas en personas de 15 a 59 anos,2007-03-01,3,0,3,0,3
COROICO,consulta externa,repetidas en personas de 15 a 59 anos,2007-03-01,57,86,57,86,143
CORQUE,consulta externa,repetidas en personas de 15 a 59 anos,2007-03-01,8,4,8,4,12
COTAGAITA,consulta externa,repetidas en personas de 15 a 59 anos,2007-03-01,68,121,68,121,189
COTOCA,consulta externa,repetidas en personas de 15 a 59 anos,2007-03-01,5,24,5,24,29
CUATRO CAÑADAS,consulta externa,repetidas en personas de 15 a 59 anos,2007-03-01,18,16,18,16,34
CUCHUMUELA (V. G. VILLARROEL),consulta externa,repetidas en personas de 15 a 59 anos,2007-03-01,5,7,5,7,12
CUEVO,consulta externa,repetidas en personas de 15 a 59 anos,2007-03-01,14,7,14,7,21
CULPINA,consulta externa,repetidas en personas de 15 a 59 anos,2007-03-01,0,7,0,7,7
EL ALTO,consulta externa,repetidas en personas de 15 a 59 anos,2007-03-01,3310,7119,3310,7119,10429
EL PUENTE(STC),consulta externa,repetidas en personas de 15 a 59 anos,2007-03-01,4,8,4,8,12
EL PUENTE(TJA),consulta externa,repetidas en personas de 15 a 59 anos,2007-03-01,2,3,2,3,5
EL TORNO,consulta externa,repetidas en personas de 15 a 59 anos,2007-03-01,127,154,127,154,281
EL VILLAR,consulta externa,repetidas en personas de 15 a 59 anos,2007-03-01,0,1,0,1,1
ENTRE RIOS,consulta externa,repetidas en personas de 15 a 59 anos,2007-03-01,13,13,13,13,26
ENTRE RIOS,consulta externa,repetidas en personas de 15 a 59 anos,2007-03-01,21,15,21,15,36
EUCALIPTUS,consulta externa,repetidas en personas de 15 a 59 anos,2007-03-01,3,4,3,4,7
EUREKA (SANTOS MERCADO),consulta externa,repetidas en personas de 15 a 59 anos,2007-03-01,1,0,1,0,1
EXALTACION,consulta externa,repetidas en personas de 15 a 59 anos,2007-03-01,1,7,1,7,8
FERNANDEZ ALONSO,consulta externa,repetidas en personas de 15 a 59 anos,2007-03-01,16,14,16,14,30
FILADELFIA,consulta externa,repetidas en personas de 15 a 59 anos,2007-03-01,10,7,10,7,17
GENERAL SAAVEDRA,consulta externa,repetidas en personas de 15 a 59 anos,2007-03-01,4,7,4,7,11
GRAL. J.J. PEREZ (CHARAZANI),consulta externa,repetidas en personas de 15 a 59 anos,2007-03-01,12,12,12,12,24
GUANAY,consulta externa,repetidas en personas de 15 a 59 anos,2007-03-01,2,1,2,1,3
GUAQUI,consulta externa,repetidas en personas de 15 a 59 anos,2007-03-01,8,4,8,4,12
GUAYARAMERIN,consulta externa,repetidas en personas de 15 a 59 anos,2007-03-01,136,314,136,314,450
GUTIERREZ,consulta externa,repetidas en personas de 15 a 59 anos,2007-03-01,10,27,10,27,37
HUACARETA,consulta externa,repetidas en personas de 15 a 59 anos,2007-03-01,21,64,21,64,85
HUACAYA (VILLA DE HUACAYA),consulta externa,repetidas en personas de 15 a 59 anos,2007-03-01,1,5,1,5,6
HUACHACALLA,consulta externa,repetidas en personas de 15 a 59 anos,2007-03-01,3,3,3,3,6
HUANUNI,consulta externa,repetidas en personas de 15 a 59 anos,2007-03-01,415,437,415,437,852
HUARACAJE,consulta externa,repetidas en personas de 15 a 59 anos,2007-03-01,4,4,4,4,8
ICHOCA,consulta externa,repetidas en personas de 15 a 59 anos,2007-03-01,1,2,1,2,3
ICLA,consulta externa,repetidas en personas de 15 a 59 anos,2007-03-01,5,3,5,3,8
INCAHUASI,consulta externa,repetidas en personas de 15 a 59 anos,2007-03-01,1,7,1,7,8
INGAVI (HUMAITA),consulta externa,repetidas en personas de 15 a 59 anos,2007-03-01,3,9,3,9,12
INQUISIVI,consulta externa,repetidas en personas de 15 a 59 anos,2007-03-01,6,4,6,4,10
IRUPANA (VILLA DE LANZA),consulta externa,repetidas en personas de 15 a 59 anos,2007-03-01,16,10,16,10,26
IXIAMAS,consulta externa,repetidas en personas de 15 a 59 anos,2007-03-01,3,10,3,10,13
JESUS DE MACHACA,consulta externa,repetidas en personas de 15 a 59 anos,2007-03-01,10,11,10,11,21
LA ASUNTA,consulta externa,repetidas en personas de 15 a 59 anos,2007-03-01,8,12,8,12,20
LA GUARDIA,consulta externa,repetidas en personas de 15 a 59 anos,2007-03-01,19,86,19,86,105
LA PAZ,consulta externa,repetidas en personas de 15 a 59 anos,2007-03-01,16501,34905,16501,34905,51406
LAGUNILLAS,consulta externa,repetidas en personas de 15 a 59 anos,2007-03-01,3,4,3,4,7
LAJA,consulta externa,repetidas en personas de 15 a 59 anos,2007-03-01,15,20,15,20,35
LAS CARRERAS,consulta externa,repetidas en personas de 15 a 59 anos,2007-03-01,16,13,16,13,29
LICOMA PAMPA,consulta externa,repetidas en personas de 15 a 59 anos,2007-03-01,0,2,0,2,2
LLALLAGUA,consulta externa,repetidas en personas de 15 a 59 anos,2007-03-01,94,126,94,126,220
LLICA,consulta externa,repetidas en personas de 15 a 59 anos,2007-03-01,9,7,9,7,16
LORETO,consulta externa,repetidas en personas de 15 a 59 anos,2007-03-01,8,7,8,7,15
LURIBAY,consulta externa,repetidas en personas de 15 a 59 anos,2007-03-01,10,20,10,20,30
MACHACAMARCA,consulta externa,repetidas en personas de 15 a 59 anos,2007-03-01,13,24,13,24,37
MACHARETI,consulta externa,repetidas en personas de 15 a 59 anos,2007-03-01,9,40,9,40,49
MAGDALENA,consulta externa,repetidas en personas de 15 a 59 anos,2007-03-01,42,98,42,98,140
MAIRANA,consulta externa,repetidas en personas de 15 a 59 anos,2007-03-01,0,5,0,5,5
MALLA,consulta externa,repetidas en personas de 15 a 59 anos,2007-03-01,3,3,3,3,6
MAPIRI,consulta externa,repetidas en personas de 15 a 59 anos,2007-03-01,4,6,4,6,10
MECAPACA,consulta externa,repetidas en personas de 15 a 59 anos,2007-03-01,13,21,13,21,34
MINEROS,consulta externa,repetidas en personas de 15 a 59 anos,2007-03-01,0,38,0,38,38
MIZQUE,consulta externa,repetidas en personas de 15 a 59 anos,2007-03-01,10,21,10,21,31
MOCOMOCO,consulta externa,repetidas en personas de 15 a 59 anos,2007-03-01,7,4,7,4,11
MOJOCOYA,consulta externa,repetidas en personas de 15 a 59 anos,2007-03-01,14,18,14,18,32
MONTEAGUDO,consulta externa,repetidas en personas de 15 a 59 anos,2007-03-01,196,436,196,436,632
MONTERO,consulta externa,repetidas en personas de 15 a 59 anos,2007-03-01,653,1091,653,1091,1744
MORO MORO,consulta externa,repetidas en personas de 15 a 59 anos,2007-03-01,0,1,0,1,1
MOROCHATA,consulta externa,repetidas en personas de 15 a 59 anos,2007-03-01,16,54,16,54,70
NACEBE (SANTA ROSA DEL ABUNA),consulta externa,repetidas en personas de 15 a 59 anos,2007-03-01,11,5,11,5,16
OCURI,consulta externa,repetidas en personas de 15 a 59 anos,2007-03-01,1,1,1,1,2
OKINAWA,consulta externa,repetidas en personas de 15 a 59 anos,2007-03-01,11,31,11,31,42
OMEREQUE,consulta externa,repetidas en personas de 15 a 59 anos,2007-03-01,3,4,3,4,7
ORURO,consulta externa,repetidas en personas de 15 a 59 anos,2007-03-01,1838,4056,1838,4056,5894
PADCAYA,consulta externa,repetidas en personas de 15 a 59 anos,2007-03-01,224,219,224,219,443
PADILLA,consulta externa,repetidas en personas de 15 a 59 anos,2007-03-01,39,87,39,87,126
PAILON,consulta externa,repetidas en personas de 15 a 59 anos,2007-03-01,10,6,10,6,16
PALCA,consulta externa,repetidas en personas de 15 a 59 anos,2007-03-01,17,4,17,4,21
PALOS BLANCOS,consulta externa,repetidas en personas de 15 a 59 anos,2007-03-01,55,22,55,22,77
PAMPA AULLAGAS,consulta externa,repetidas en personas de 15 a 59 anos,2007-03-01,0,1,0,1,1
PAMPA GRANDE,consulta externa,repetidas en personas de 15 a 59 anos,2007-03-01,1,1,1,1,2
PAPEL PAMPA,consulta externa,repetidas en personas de 15 a 59 anos,2007-03-01,2,2,2,2,4
PASORAPA,consulta externa,repetidas en personas de 15 a 59 anos,2007-03-01,0,8,0,8,8
PATACAMAYA,consulta externa,repetidas en personas de 15 a 59 anos,2007-03-01,1,3,1,3,4
PAZÑA,consulta externa,repetidas en personas de 15 a 59 anos,2007-03-01,11,15,11,15,26
POCOATA,consulta externa,repetidas en personas de 15 a 59 anos,2007-03-01,7,6,7,6,13
POCONA,consulta externa,repetidas en personas de 15 a 59 anos,2007-03-01,4,3,4,3,7
POJO (CBBA),consulta externa,repetidas en personas de 15 a 59 anos,2007-03-01,2,1,2,1,3
POOPO,consulta externa,repetidas en personas de 15 a 59 anos,2007-03-01,10,11,10,11,21
PORCO,consulta externa,repetidas en personas de 15 a 59 anos,2007-03-01,1,3,1,3,4
POROMA,consulta externa,repetidas en personas de 15 a 59 anos,2007-03-01,5,5,5,5,10
PORONGO,consulta externa,repetidas en personas de 15 a 59 anos,2007-03-01,2,11,2,11,13
PORTACHUELO,consulta externa,repetidas en personas de 15 a 59 anos,2007-03-01,14,32,14,32,46
PORVENIR,consulta externa,repetidas en personas de 15 a 59 anos,2007-03-01,4,4,4,4,8
POSTRER VALLE,consulta externa,repetidas en personas de 15 a 59 anos,2007-03-01,3,5,3,5,8
POTOSI,consulta externa,repetidas en personas de 15 a 59 anos,2007-03-01,1432,4214,1432,4214,5646
PRESTO,consulta externa,repetidas en personas de 15 a 59 anos,2007-03-01,1,0,1,0,1
PUCARA,consulta externa,repetidas en personas de 15 a 59 anos,2007-03-01,3,2,3,2,5
PUCARANI,consulta externa,repetidas en personas de 15 a 59 anos,2007-03-01,9,44,9,44,53
PUERTO ACOSTA,consulta externa,repetidas en personas de 15 a 59 anos,2007-03-01,44,34,44,34,78
PUERTO CARABUCO,consulta externa,repetidas en personas de 15 a 59 anos,2007-03-01,2,8,2,8,10
PUERTO GONZALO MORENO,consulta externa,repetidas en personas de 15 a 59 anos,2007-03-01,7,3,7,3,10
PUERTO PEREZ,consulta externa,repetidas en personas de 15 a 59 anos,2007-03-01,10,7,10,7,17
PUERTO QUIJARRO,consulta externa,repetidas en personas de 15 a 59 anos,2007-03-01,48,75,48,75,123
PUERTO RICO,consulta externa,repetidas en personas de 15 a 59 anos,2007-03-01,10,16,10,16,26
PUERTO SUAREZ,consulta externa,repetidas en personas de 15 a 59 anos,2007-03-01,32,56,32,56,88
PUERTO VILLARROEL,consulta externa,repetidas en personas de 15 a 59 anos,2007-03-01,82,113,82,113,195
PUNA,consulta externa,repetidas en personas de 15 a 59 anos,2007-03-01,16,15,16,15,31
PUNATA,consulta externa,repetidas en personas de 15 a 59 anos,2007-03-01,104,252,104,252,356
QUIABAYA,consulta externa,repetidas en personas de 15 a 59 anos,2007-03-01,1,3,1,3,4
QUILLACOLLO,consulta externa,repetidas en personas de 15 a 59 anos,2007-03-01,580,1096,580,1096,1676
QUIME,consulta externa,repetidas en personas de 15 a 59 anos,2007-03-01,65,3,65,3,68
QUIRUSILLAS,consulta externa,repetidas en personas de 15 a 59 anos,2007-03-01,1,0,1,0,1
RAVELO,consulta externa,repetidas en personas de 15 a 59 anos,2007-03-01,0,2,0,2,2
REYES,consulta externa,repetidas en personas de 15 a 59 anos,2007-03-01,22,40,22,40,62
RIBERALTA,consulta externa,repetidas en personas de 15 a 59 anos,2007-03-01,167,687,167,687,854
ROBORE,consulta externa,repetidas en personas de 15 a 59 anos,2007-03-01,41,177,41,177,218
RURRENABAQUE,consulta externa,repetidas en personas de 15 a 59 anos,2007-03-01,52,125,52,125,177
SABAYA,consulta externa,repetidas en personas de 15 a 59 anos,2007-03-01,1,4,1,4,5
SACABA,consulta externa,repetidas en personas de 15 a 59 anos,2007-03-01,121,397,121,397,518
SACABAMBA,consulta externa,repetidas en personas de 15 a 59 anos,2007-03-01,6,6,6,6,12
SACACA,consulta externa,repetidas en personas de 15 a 59 anos,2007-03-01,3,3,3,3,6
SAIPINA,consulta externa,repetidas en personas de 15 a 59 anos,2007-03-01,47,84,47,84,131
SALINAS DE GARCI MENDOZA,consulta externa,repetidas en personas de 15 a 59 anos,2007-03-01,9,16,9,16,25
SAMAIPATA,consulta externa,repetidas en personas de 15 a 59 anos,2007-03-01,1,3,1,3,4
SAN AGUSTIN,consulta externa,repetidas en personas de 15 a 59 anos,2007-03-01,4,1,4,1,5
SAN ANDRES,consulta externa,repetidas en personas de 15 a 59 anos,2007-03-01,3,16,3,16,19
SAN ANDRES DE MACHACA,consulta externa,repetidas en personas de 15 a 59 anos,2007-03-01,3,4,3,4,7
SAN ANTONIO DE ESMORUCO,consulta externa,repetidas en personas de 15 a 59 anos,2007-03-01,2,5,2,5,7
SAN ANTONIO DE LOMERIO,consulta externa,repetidas en personas de 15 a 59 anos,2007-03-01,5,1,5,1,6
SAN BENITO,consulta externa,repetidas en personas de 15 a 59 anos,2007-03-01,23,19,23,19,42
SAN BORJA,consulta externa,repetidas en personas de 15 a 59 anos,2007-03-01,17,89,17,89,106
SAN BUENA VENTURA,consulta externa,repetidas en personas de 15 a 59 anos,2007-03-01,19,19,19,19,38
SAN CARLOS,consulta externa,repetidas en personas de 15 a 59 anos,2007-03-01,9,221,9,221,230
SAN IGNACIO,consulta externa,repetidas en personas de 15 a 59 anos,2007-03-01,54,141,54,141,195
SAN IGNACIO DE VELASCO,consulta externa,repetidas en personas de 15 a 59 anos,2007-03-01,453,775,453,775,1228
SAN JAVIER(BNI),consulta externa,repetidas en personas de 15 a 59 anos,2007-03-01,0,2,0,2,2
SAN JAVIER(STC),consulta externa,repetidas en personas de 15 a 59 anos,2007-03-01,14,26,14,26,40
SAN JOAQUIN,consulta externa,repetidas en personas de 15 a 59 anos,2007-03-01,20,23,20,23,43
SAN JOSE DE CHIQUITOS,consulta externa,repetidas en personas de 15 a 59 anos,2007-03-01,11,16,11,16,27
SAN JUAN DE YAPACANI,consulta externa,repetidas en personas de 15 a 59 anos,2007-03-01,18,47,18,47,65
SAN JULIAN,consulta externa,repetidas en personas de 15 a 59 anos,2007-03-01,680,928,680,928,1608
SAN LORENZO(PND),consulta externa,repetidas en personas de 15 a 59 anos,2007-03-01,9,21,9,21,30
SAN LORENZO(TJA),consulta externa,repetidas en personas de 15 a 59 anos,2007-03-01,9,48,9,48,57
SAN LUCAS,consulta externa,repetidas en personas de 15 a 59 anos,2007-03-01,40,76,40,76,116
SAN MATIAS,consulta externa,repetidas en personas de 15 a 59 anos,2007-03-01,14,35,14,35,49
SAN MIGUEL DE VELASCO,consulta externa,repetidas en personas de 15 a 59 anos,2007-03-01,78,107,78,107,185
SAN PABLO DE LIPEZ,consulta externa,repetidas en personas de 15 a 59 anos,2007-03-01,10,10,10,10,20
SAN PEDRO,consulta externa,repetidas en personas de 15 a 59 anos,2007-03-01,23,59,23,59,82
SAN PEDRO DE CURAHUARA,consulta externa,repetidas en personas de 15 a 59 anos,2007-03-01,1,3,1,3,4
SAN PEDRO(PND),consulta externa,repetidas en personas de 15 a 59 anos,2007-03-01,0,3,0,3,3
SAN RAFAEL,consulta externa,repetidas en personas de 15 a 59 anos,2007-03-01,2,16,2,16,18
SAN RAMON,consulta externa,repetidas en personas de 15 a 59 anos,2007-03-01,7,43,7,43,50
SAN RAMON,consulta externa,repetidas en personas de 15 a 59 anos,2007-03-01,9,171,9,171,180
SANTA ANA,consulta externa,repetidas en personas de 15 a 59 anos,2007-03-01,14,91,14,91,105
SANTA CRUZ DE LA SIERRA,consulta externa,repetidas en personas de 15 a 59 anos,2007-03-01,6893,15977,6893,15977,22870
SANTA ROSA,consulta externa,repetidas en personas de 15 a 59 anos,2007-03-01,0,4,0,4,4
SANTA ROSA DEL SARA,consulta externa,repetidas en personas de 15 a 59 anos,2007-03-01,4,5,4,5,9
SANTIAGO DE HUARI,consulta externa,repetidas en personas de 15 a 59 anos,2007-03-01,28,30,28,30,58
SANTIAGO DE MACHACA,consulta externa,repetidas en personas de 15 a 59 anos,2007-03-01,0,2,0,2,2
SANTIVAÑES,consulta externa,repetidas en personas de 15 a 59 anos,2007-03-01,4,12,4,12,16
SANTUARIO DE QUILLACAS,consulta externa,repetidas en personas de 15 a 59 anos,2007-03-01,1,3,1,3,4
SAPAHAQUI,consulta externa,repetidas en personas de 15 a 59 anos,2007-03-01,1,1,1,1,2
SENA,consulta externa,repetidas en personas de 15 a 59 anos,2007-03-01,0,3,0,3,3
SICA SICA (VILLA AROMA),consulta externa,repetidas en personas de 15 a 59 anos,2007-03-01,0,3,0,3,3
SICAYA,consulta externa,repetidas en personas de 15 a 59 anos,2007-03-01,0,1,0,1,1
SIPE SIPE,consulta externa,repetidas en personas de 15 a 59 anos,2007-03-01,42,164,42,164,206
SOPACHUY,consulta externa,repetidas en personas de 15 a 59 anos,2007-03-01,6,16,6,16,22
SORACACHI,consulta externa,repetidas en personas de 15 a 59 anos,2007-03-01,16,8,16,8,24
SORATA,consulta externa,repetidas en personas de 15 a 59 anos,2007-03-01,10,6,10,6,16
SUCRE,consulta externa,repetidas en personas de 15 a 59 anos,2007-03-01,2736,7090,2736,7090,9826
TACACHI,consulta externa,repetidas en personas de 15 a 59 anos,2007-03-01,4,9,4,9,13
TACACOMA,consulta externa,repetidas en personas de 15 a 59 anos,2007-03-01,1,2,1,2,3
TACOBAMBA,consulta externa,repetidas en personas de 15 a 59 anos,2007-03-01,0,2,0,2,2
TACOPAYA,consulta externa,repetidas en personas de 15 a 59 anos,2007-03-01,0,2,0,2,2
TAHUA,consulta externa,repetidas en personas de 15 a 59 anos,2007-03-01,1,0,1,0,1
TAPACARI,consulta externa,repetidas en personas de 15 a 59 anos,2007-03-01,3,6,3,6,9
TARABUCO,consulta externa,repetidas en personas de 15 a 59 anos,2007-03-01,70,59,70,59,129
TARACO,consulta externa,repetidas en personas de 15 a 59 anos,2007-03-01,1,4,1,4,5
TARATA,consulta externa,repetidas en personas de 15 a 59 anos,2007-03-01,5,7,5,7,12
TARIJA,consulta externa,repetidas en personas de 15 a 59 anos,2007-03-01,1978,5073,1978,5073,7051
TARVITA,consulta externa,repetidas en personas de 15 a 59 anos,2007-03-01,2,14,2,14,16
TEOPONTE,consulta externa,repetidas en personas de 15 a 59 anos,2007-03-01,0,2,0,2,2
TIAWANACU,consulta externa,repetidas en personas de 15 a 59 anos,2007-03-01,4,9,4,9,13
TINGUIPAYA,consulta externa,repetidas en personas de 15 a 59 anos,2007-03-01,6,10,6,10,16
TIPUANI,consulta externa,repetidas en personas de 15 a 59 anos,2007-03-01,10,18,10,18,28
TIQUIPAYA,consulta externa,repetidas en personas de 15 a 59 anos,2007-03-01,25,373,25,373,398
TIRAQUE (CBBA),consulta externa,repetidas en personas de 15 a 59 anos,2007-03-01,44,99,44,99,143
TITO YUPANQUI (PARQUIPUJIO),consulta externa,repetidas en personas de 15 a 59 anos,2007-03-01,3,3,3,3,6
TOCO,consulta externa,repetidas en personas de 15 a 59 anos,2007-03-01,6,10,6,10,16
TOLATA,consulta externa,repetidas en personas de 15 a 59 anos,2007-03-01,1,11,1,11,12
TOLEDO,consulta externa,repetidas en personas de 15 a 59 anos,2007-03-01,7,46,7,46,53
TOMAVE,consulta externa,repetidas en personas de 15 a 59 anos,2007-03-01,4,12,4,12,16
TOMINA,consulta externa,repetidas en personas de 15 a 59 anos,2007-03-01,6,10,6,10,16
TORO TORO,consulta externa,repetidas en personas de 15 a 59 anos,2007-03-01,2,6,2,6,8
TOTORA(CBBA),consulta externa,repetidas en personas de 15 a 59 anos,2007-03-01,4,19,4,19,23
TOTORA(ORR),consulta externa,repetidas en personas de 15 a 59 anos,2007-03-01,1,7,1,7,8
TRIGAL,consulta externa,repetidas en personas de 15 a 59 anos,2007-03-01,1,0,1,0,1
TRINIDAD,consulta externa,repetidas en personas de 15 a 59 anos,2007-03-01,368,876,368,876,1244
TUPIZA,consulta externa,repetidas en personas de 15 a 59 anos,2007-03-01,130,247,130,247,377
TURCO,consulta externa,repetidas en personas de 15 a 59 anos,2007-03-01,1,1,1,1,2
UMALA,consulta externa,repetidas en personas de 15 a 59 anos,2007-03-01,0,1,0,1,1
UNCIA,consulta externa,repetidas en personas de 15 a 59 anos,2007-03-01,80,171,80,171,251
URIONDO (A. CONCEPCION),consulta externa,repetidas en personas de 15 a 59 anos,2007-03-01,1,6,1,6,7
URUBICHA,consulta externa,repetidas en personas de 15 a 59 anos,2007-03-01,0,141,0,141,141
UYUNI,consulta externa,repetidas en personas de 15 a 59 anos,2007-03-01,106,215,106,215,321
VACAS,consulta externa,repetidas en personas de 15 a 59 anos,2007-03-01,13,29,13,29,42
VALLEGRANDE,consulta externa,repetidas en personas de 15 a 59 anos,2007-03-01,57,181,57,181,238
VIACHA,consulta externa,repetidas en personas de 15 a 59 anos,2007-03-01,113,357,113,357,470
VILA VILA,consulta externa,repetidas en personas de 15 a 59 anos,2007-03-01,0,1,0,1,1
VILLA MONTES,consulta externa,repetidas en personas de 15 a 59 anos,2007-03-01,66,194,66,194,260
VILLA NUEVA (LOMA ALTA),consulta externa,repetidas en personas de 15 a 59 anos,2007-03-01,19,16,19,16,35
VILLA RIVERO,consulta externa,repetidas en personas de 15 a 59 anos,2007-03-01,7,12,7,12,19
VILLA SERRANO,consulta externa,repetidas en personas de 15 a 59 anos,2007-03-01,7,34,7,34,41
VILLA TUNARI,consulta externa,repetidas en personas de 15 a 59 anos,2007-03-01,40,82,40,82,122
VILLA VACA GUZMAN (MUYUPAMPA),consulta externa,repetidas en personas de 15 a 59 anos,2007-03-01,17,65,17,65,82
VILLAZON,consulta externa,repetidas en personas de 15 a 59 anos,2007-03-01,94,212,94,212,306
VINTO,consulta externa,repetidas en personas de 15 a 59 anos,2007-03-01,10,25,10,25,35
VITICHI,consulta externa,repetidas en personas de 15 a 59 anos,2007-03-01,8,9,8,9,17
WALDO BALLIVIAN,consulta externa,repetidas en personas de 15 a 59 anos,2007-03-01,5,12,5,12,17
WARNES,consulta externa,repetidas en personas de 15 a 59 anos,2007-03-01,10,174,10,174,184
YACO,consulta externa,repetidas en personas de 15 a 59 anos,2007-03-01,3,2,3,2,5
YACUIBA,consulta externa,repetidas en personas de 15 a 59 anos,2007-03-01,254,808,254,808,1062
YAMPARAEZ,consulta externa,repetidas en personas de 15 a 59 anos,2007-03-01,9,24,9,24,33
YANACACHI,consulta externa,repetidas en personas de 15 a 59 anos,2007-03-01,1,3,1,3,4
YAPACANI,consulta externa,repetidas en personas de 15 a 59 anos,2007-03-01,9,19,9,19,28
YOCALLA,consulta externa,repetidas en personas de 15 a 59 anos,2007-03-01,3,3,3,3,6
YOTALA,consulta externa,repetidas en personas de 15 a 59 anos,2007-03-01,21,17,21,17,38
YUNCHARA,consulta externa,repetidas en personas de 15 a 59 anos,2007-03-01,2,3,2,3,5
ZUDAÑEZ,consulta externa,repetidas en personas de 15 a 59 anos,2007-03-01,8,17,8,17,25
ACHACACHI,consulta externa,repetidas en personas de 15 a 59 anos,2007-04-01,29,37,29,37,66
ACHOCALLA,consulta externa,repetidas en personas de 15 a 59 anos,2007-04-01,4,5,4,5,9
AIQUILE,consulta externa,repetidas en personas de 15 a 59 anos,2007-04-01,37,396,37,396,433
ALALAY,consulta externa,repetidas en personas de 15 a 59 anos,2007-04-01,0,8,0,8,8
ALCALA,consulta externa,repetidas en personas de 15 a 59 anos,2007-04-01,3,9,3,9,12
ANCORAIMES,consulta externa,repetidas en personas de 15 a 59 anos,2007-04-01,12,10,12,10,22
ANDAMARCA,consulta externa,repetidas en personas de 15 a 59 anos,2007-04-01,5,3,5,3,8
ANTEQUERA,consulta externa,repetidas en personas de 15 a 59 anos,2007-04-01,0,1,0,1,1
ANZALDO,consulta externa,repetidas en personas de 15 a 59 anos,2007-04-01,2,11,2,11,13
APOLO,consulta externa,repetidas en personas de 15 a 59 anos,2007-04-01,13,23,13,23,36
ARAMPAMPA,consulta externa,repetidas en personas de 15 a 59 anos,2007-04-01,0,1,0,1,1
ARANI,consulta externa,repetidas en personas de 15 a 59 anos,2007-04-01,7,25,7,25,32
ARBIETO,consulta externa,repetidas en personas de 15 a 59 anos,2007-04-01,7,10,7,10,17
ARQUE,consulta externa,repetidas en personas de 15 a 59 anos,2007-04-01,3,1,3,1,4
ASCENCION DE GUARAYOS,consulta externa,repetidas en personas de 15 a 59 anos,2007-04-01,8,23,8,23,31
ATOCHA,consulta externa,repetidas en personas de 15 a 59 anos,2007-04-01,217,234,217,234,451
AUCAPATA,consulta externa,repetidas en personas de 15 a 59 anos,2007-04-01,9,8,9,8,17
AYATA,consulta externa,repetidas en personas de 15 a 59 anos,2007-04-01,3,6,3,6,9
AYO AYO,consulta externa,repetidas en personas de 15 a 59 anos,2007-04-01,3,12,3,12,15
AYOPAYA (V. DE INDEPENDENCIA),consulta externa,repetidas en personas de 15 a 59 anos,2007-04-01,65,69,65,69,134
AZURDUY,consulta externa,repetidas en personas de 15 a 59 anos,2007-04-01,1,2,1,2,3
BATALLAS,consulta externa,repetidas en personas de 15 a 59 anos,2007-04-01,7,17,7,17,24
BAURES,consulta externa,repetidas en personas de 15 a 59 anos,2007-04-01,4,7,4,7,11
BELEN DE ANDAMARCA,consulta externa,repetidas en personas de 15 a 59 anos,2007-04-01,2,3,2,3,5
BELEN DE URMIRI,consulta externa,repetidas en personas de 15 a 59 anos,2007-04-01,2,5,2,5,7
BERMEJO,consulta externa,repetidas en personas de 15 a 59 anos,2007-04-01,75,191,75,191,266
BETANZOS,consulta externa,repetidas en personas de 15 a 59 anos,2007-04-01,32,44,32,44,76
BOLIVAR,consulta externa,repetidas en personas de 15 a 59 anos,2007-04-01,8,3,8,3,11
BOLPEBRA,consulta externa,repetidas en personas de 15 a 59 anos,2007-04-01,28,5,28,5,33
BOYUIBE,consulta externa,repetidas en personas de 15 a 59 anos,2007-04-01,26,57,26,57,83
BUENA VISTA,consulta externa,repetidas en personas de 15 a 59 anos,2007-04-01,32,38,32,38,70
CABEZAS,consulta externa,repetidas en personas de 15 a 59 anos,2007-04-01,10,65,10,65,75
CAIROMA,consulta externa,repetidas en personas de 15 a 59 anos,2007-04-01,32,21,32,21,53
"CAIZA ""D""",consulta externa,repetidas en personas de 15 a 59 anos,2007-04-01,7,3,7,3,10
CAJUATA,consulta externa,repetidas en personas de 15 a 59 anos,2007-04-01,5,7,5,7,12
CALACOTO,consulta externa,repetidas en personas de 15 a 59 anos,2007-04-01,5,4,5,4,9
CALAMARCA,consulta externa,repetidas en personas de 15 a 59 anos,2007-04-01,8,8,8,8,16
CAMARGO,consulta externa,repetidas en personas de 15 a 59 anos,2007-04-01,2,20,2,20,22
CAMATAQUI (C. VILLA ABECIA),consulta externa,repetidas en personas de 15 a 59 anos,2007-04-01,6,15,6,15,21
CAMIRI,consulta externa,repetidas en personas de 15 a 59 anos,2007-04-01,101,377,101,377,478
CAPINOTA,consulta externa,repetidas en personas de 15 a 59 anos,2007-04-01,4,26,4,26,30
CAQUIAVIRI,consulta externa,repetidas en personas de 15 a 59 anos,2007-04-01,7,8,7,8,15
CARACOLLO,consulta externa,repetidas en personas de 15 a 59 anos,2007-04-01,0,4,0,4,4
CARANAVI,consulta externa,repetidas en personas de 15 a 59 anos,2007-04-01,307,208,307,208,515
CARAPARI,consulta externa,repetidas en personas de 15 a 59 anos,2007-04-01,2,7,2,7,9
CARIPUYO,consulta externa,repetidas en personas de 15 a 59 anos,2007-04-01,0,1,0,1,1
CARMEN RIVERO TORREZ,consulta externa,repetidas en personas de 15 a 59 anos,2007-04-01,1,0,1,0,1
CATACORA,consulta externa,repetidas en personas de 15 a 59 anos,2007-04-01,2,5,2,5,7
CHALLAPATA,consulta externa,repetidas en personas de 15 a 59 anos,2007-04-01,17,8,17,8,25
CHAQUI,consulta externa,repetidas en personas de 15 a 59 anos,2007-04-01,1,1,1,1,2
CHARAGUA,consulta externa,repetidas en personas de 15 a 59 anos,2007-04-01,39,41,39,41,80
CHARAÑA,consulta externa,repetidas en personas de 15 a 59 anos,2007-04-01,3,2,3,2,5
CHAYANTA,consulta externa,repetidas en personas de 15 a 59 anos,2007-04-01,6,11,6,11,17
CHIMORE,consulta externa,repetidas en personas de 15 a 59 anos,2007-04-01,9,19,9,19,28
CHIPAYA,consulta externa,repetidas en personas de 15 a 59 anos,2007-04-01,0,1,0,1,1
CHOQUE COTA,consulta externa,repetidas en personas de 15 a 59 anos,2007-04-01,3,1,3,1,4
CHULUMANI (V. DE LA LIBERTAD),consulta externa,repetidas en personas de 15 a 59 anos,2007-04-01,44,41,44,41,85
CHUMA,consulta externa,repetidas en personas de 15 a 59 anos,2007-04-01,2,3,2,3,5
CLIZA,consulta externa,repetidas en personas de 15 a 59 anos,2007-04-01,5,15,5,15,20
COBIJA,consulta externa,repetidas en personas de 15 a 59 anos,2007-04-01,265,652,265,652,917
COCHABAMBA,consulta externa,repetidas en personas de 15 a 59 anos,2007-04-01,8174,20490,8174,20490,28664
COIPASA,consulta externa,repetidas en personas de 15 a 59 anos,2007-04-01,0,2,0,2,2
COLCAPIRHUA,consulta externa,repetidas en personas de 15 a 59 anos,2007-04-01,103,283,103,283,386
"COLCHA ""K""",consulta externa,repetidas en personas de 15 a 59 anos,2007-04-01,3,13,3,13,16
COLLANA,consulta externa,repetidas en personas de 15 a 59 anos,2007-04-01,2,1,2,1,3
COLOMI,consulta externa,repetidas en personas de 15 a 59 anos,2007-04-01,3,23,3,23,26
COLPA BELGICA,consulta externa,repetidas en personas de 15 a 59 anos,2007-04-01,29,65,29,65,94
COLQUECHACA,consulta externa,repetidas en personas de 15 a 59 anos,2007-04-01,4,8,4,8,12
COLQUENCHA,consulta externa,repetidas en personas de 15 a 59 anos,2007-04-01,5,6,5,6,11
COLQUIRI,consulta externa,repetidas en personas de 15 a 59 anos,2007-04-01,14,29,14,29,43
COMANCHE,consulta externa,repetidas en personas de 15 a 59 anos,2007-04-01,1,5,1,5,6
COMARAPA,consulta externa,repetidas en personas de 15 a 59 anos,2007-04-01,8,16,8,16,24
CONCEPCION,consulta externa,repetidas en personas de 15 a 59 anos,2007-04-01,0,2,0,2,2
COPACABANA,consulta externa,repetidas en personas de 15 a 59 anos,2007-04-01,3,5,3,5,8
CORIPATA,consulta externa,repetidas en personas de 15 a 59 anos,2007-04-01,4,2,4,2,6
CORO CORO,consulta externa,repetidas en personas de 15 a 59 anos,2007-04-01,2,3,2,3,5
COROICO,consulta externa,repetidas en personas de 15 a 59 anos,2007-04-01,64,83,64,83,147
CORQUE,consulta externa,repetidas en personas de 15 a 59 anos,2007-04-01,5,12,5,12,17
COTAGAITA,consulta externa,repetidas en personas de 15 a 59 anos,2007-04-01,58,72,58,72,130
COTOCA,consulta externa,repetidas en personas de 15 a 59 anos,2007-04-01,5,25,5,25,30
CUATRO CAÑADAS,consulta externa,repetidas en personas de 15 a 59 anos,2007-04-01,37,45,37,45,82
CUCHUMUELA (V. G. VILLARROEL),consulta externa,repetidas en personas de 15 a 59 anos,2007-04-01,5,5,5,5,10
CUEVO,consulta externa,repetidas en personas de 15 a 59 anos,2007-04-01,2,9,2,9,11
CULPINA,consulta externa,repetidas en personas de 15 a 59 anos,2007-04-01,4,4,4,4,8
CURAHUARA DE CARANGAS,consulta externa,repetidas en personas de 15 a 59 anos,2007-04-01,0,2,0,2,2
CURVA,consulta externa,repetidas en personas de 15 a 59 anos,2007-04-01,2,0,2,0,2
DESAGUADERO,consulta externa,repetidas en personas de 15 a 59 anos,2007-04-01,3,3,3,3,6
EL ALTO,consulta externa,repetidas en personas de 15 a 59 anos,2007-04-01,2954,6517,2954,6517,9471
EL PUENTE(STC),consulta externa,repetidas en personas de 15 a 59 anos,2007-04-01,2,6,2,6,8
EL PUENTE(TJA),consulta externa,repetidas en personas de 15 a 59 anos,2007-04-01,6,3,6,3,9
EL TORNO,consulta externa,repetidas en personas de 15 a 59 anos,2007-04-01,91,146,91,146,237
EL VILLAR,consulta externa,repetidas en personas de 15 a 59 anos,2007-04-01,4,6,4,6,10
ENTRE RIOS,consulta externa,repetidas en personas de 15 a 59 anos,2007-04-01,18,14,18,14,32
ENTRE RIOS,consulta externa,repetidas en personas de 15 a 59 anos,2007-04-01,13,11,13,11,24
ESMERALDA,consulta externa,repetidas en personas de 15 a 59 anos,2007-04-01,0,1,0,1,1
EUCALIPTUS,consulta externa,repetidas en personas de 15 a 59 anos,2007-04-01,7,9,7,9,16
EXALTACION,consulta externa,repetidas en personas de 15 a 59 anos,2007-04-01,0,3,0,3,3
FERNANDEZ ALONSO,consulta externa,repetidas en personas de 15 a 59 anos,2007-04-01,10,3,10,3,13
FILADELFIA,consulta externa,repetidas en personas de 15 a 59 anos,2007-04-01,13,11,13,11,24
GENERAL SAAVEDRA,consulta externa,repetidas en personas de 15 a 59 anos,2007-04-01,5,7,5,7,12
GRAL. J.J. PEREZ (CHARAZANI),consulta externa,repetidas en personas de 15 a 59 anos,2007-04-01,2,12,2,12,14
GUANAY,consulta externa,repetidas en personas de 15 a 59 anos,2007-04-01,4,5,4,5,9
GUAQUI,consulta externa,repetidas en personas de 15 a 59 anos,2007-04-01,7,12,7,12,19
GUAYARAMERIN,consulta externa,repetidas en personas de 15 a 59 anos,2007-04-01,84,204,84,204,288
GUTIERREZ,consulta externa,repetidas en personas de 15 a 59 anos,2007-04-01,3,8,3,8,11
HUACARETA,consulta externa,repetidas en personas de 15 a 59 anos,2007-04-01,16,62,16,62,78
HUACHACALLA,consulta externa,repetidas en personas de 15 a 59 anos,2007-04-01,3,1,3,1,4
HUANUNI,consulta externa,repetidas en personas de 15 a 59 anos,2007-04-01,178,216,178,216,394
HUARACAJE,consulta externa,repetidas en personas de 15 a 59 anos,2007-04-01,6,11,6,11,17
HUAYLLAMARCA,consulta externa,repetidas en personas de 15 a 59 anos,2007-04-01,1,2,1,2,3
ICHOCA,consulta externa,repetidas en personas de 15 a 59 anos,2007-04-01,1,8,1,8,9
ICLA,consulta externa,repetidas en personas de 15 a 59 anos,2007-04-01,2,4,2,4,6
INCAHUASI,consulta externa,repetidas en personas de 15 a 59 anos,2007-04-01,2,8,2,8,10
INGAVI (HUMAITA),consulta externa,repetidas en personas de 15 a 59 anos,2007-04-01,5,7,5,7,12
INQUISIVI,consulta externa,repetidas en personas de 15 a 59 anos,2007-04-01,24,23,24,23,47
IRUPANA (VILLA DE LANZA),consulta externa,repetidas en personas de 15 a 59 anos,2007-04-01,8,25,8,25,33
IXIAMAS,consulta externa,repetidas en personas de 15 a 59 anos,2007-04-01,1,5,1,5,6
JESUS DE MACHACA,consulta externa,repetidas en personas de 15 a 59 anos,2007-04-01,7,15,7,15,22
LA ASUNTA,consulta externa,repetidas en personas de 15 a 59 anos,2007-04-01,10,9,10,9,19
LA GUARDIA,consulta externa,repetidas en personas de 15 a 59 anos,2007-04-01,14,59,14,59,73
LA PAZ,consulta externa,repetidas en personas de 15 a 59 anos,2007-04-01,14957,32231,14957,32231,47188
LAGUNILLAS,consulta externa,repetidas en personas de 15 a 59 anos,2007-04-01,1,0,1,0,1
LAJA,consulta externa,repetidas en personas de 15 a 59 anos,2007-04-01,3,14,3,14,17
LAS CARRERAS,consulta externa,repetidas en personas de 15 a 59 anos,2007-04-01,9,17,9,17,26
LICOMA PAMPA,consulta externa,repetidas en personas de 15 a 59 anos,2007-04-01,1,0,1,0,1
LLALLAGUA,consulta externa,repetidas en personas de 15 a 59 anos,2007-04-01,75,97,75,97,172
LLICA,consulta externa,repetidas en personas de 15 a 59 anos,2007-04-01,3,21,3,21,24
LORETO,consulta externa,repetidas en personas de 15 a 59 anos,2007-04-01,5,8,5,8,13
LURIBAY,consulta externa,repetidas en personas de 15 a 59 anos,2007-04-01,3,17,3,17,20
MACHACAMARCA,consulta externa,repetidas en personas de 15 a 59 anos,2007-04-01,10,8,10,8,18
MACHARETI,consulta externa,repetidas en personas de 15 a 59 anos,2007-04-01,13,32,13,32,45
MAGDALENA,consulta externa,repetidas en personas de 15 a 59 anos,2007-04-01,32,93,32,93,125
MAIRANA,consulta externa,repetidas en personas de 15 a 59 anos,2007-04-01,0,4,0,4,4
MALLA,consulta externa,repetidas en personas de 15 a 59 anos,2007-04-01,0,1,0,1,1
MAPIRI,consulta externa,repetidas en personas de 15 a 59 anos,2007-04-01,5,9,5,9,14
MECAPACA,consulta externa,repetidas en personas de 15 a 59 anos,2007-04-01,11,14,11,14,25
MINEROS,consulta externa,repetidas en personas de 15 a 59 anos,2007-04-01,7,28,7,28,35
MIZQUE,consulta externa,repetidas en personas de 15 a 59 anos,2007-04-01,3,22,3,22,25
MOCOMOCO,consulta externa,repetidas en personas de 15 a 59 anos,2007-04-01,6,7,6,7,13
MOJINETE,consulta externa,repetidas en personas de 15 a 59 anos,2007-04-01,3,4,3,4,7
MOJOCOYA,consulta externa,repetidas en personas de 15 a 59 anos,2007-04-01,9,7,9,7,16
MONTEAGUDO,consulta externa,repetidas en personas de 15 a 59 anos,2007-04-01,179,385,179,385,564
MONTERO,consulta externa,repetidas en personas de 15 a 59 anos,2007-04-01,658,1593,658,1593,2251
MORO MORO,consulta externa,repetidas en personas de 15 a 59 anos,2007-04-01,3,3,3,3,6
MOROCHATA,consulta externa,repetidas en personas de 15 a 59 anos,2007-04-01,12,67,12,67,79
NACEBE (SANTA ROSA DEL ABUNA),consulta externa,repetidas en personas de 15 a 59 anos,2007-04-01,6,0,6,0,6
NUEVO MANOA (NUEVA ESPERANZA),consulta externa,repetidas en personas de 15 a 59 anos,2007-04-01,5,1,5,1,6
OCURI,consulta externa,repetidas en personas de 15 a 59 anos,2007-04-01,1,4,1,4,5
OKINAWA,consulta externa,repetidas en personas de 15 a 59 anos,2007-04-01,18,33,18,33,51
OMEREQUE,consulta externa,repetidas en personas de 15 a 59 anos,2007-04-01,0,1,0,1,1
ORURO,consulta externa,repetidas en personas de 15 a 59 anos,2007-04-01,1881,3963,1881,3963,5844
PADCAYA,consulta externa,repetidas en personas de 15 a 59 anos,2007-04-01,65,83,65,83,148
PADILLA,consulta externa,repetidas en personas de 15 a 59 anos,2007-04-01,20,115,20,115,135
PAILON,consulta externa,repetidas en personas de 15 a 59 anos,2007-04-01,1,4,1,4,5
PALCA,consulta externa,repetidas en personas de 15 a 59 anos,2007-04-01,11,15,11,15,26
PALOS BLANCOS,consulta externa,repetidas en personas de 15 a 59 anos,2007-04-01,52,37,52,37,89
PAMPA AULLAGAS,consulta externa,repetidas en personas de 15 a 59 anos,2007-04-01,0,1,0,1,1
PAMPA GRANDE,consulta externa,repetidas en personas de 15 a 59 anos,2007-04-01,1,3,1,3,4
PAPEL PAMPA,consulta externa,repetidas en personas de 15 a 59 anos,2007-04-01,0,1,0,1,1
PASORAPA,consulta externa,repetidas en personas de 15 a 59 anos,2007-04-01,1,1,1,1,2
PATACAMAYA,consulta externa,repetidas en personas de 15 a 59 anos,2007-04-01,0,4,0,4,4
PAZÑA,consulta externa,repetidas en personas de 15 a 59 anos,2007-04-01,14,17,14,17,31
POCOATA,consulta externa,repetidas en personas de 15 a 59 anos,2007-04-01,4,17,4,17,21
POCONA,consulta externa,repetidas en personas de 15 a 59 anos,2007-04-01,1,13,1,13,14
POJO (CBBA),consulta externa,repetidas en personas de 15 a 59 anos,2007-04-01,0,1,0,1,1
POOPO,consulta externa,repetidas en personas de 15 a 59 anos,2007-04-01,15,13,15,13,28
PORCO,consulta externa,repetidas en personas de 15 a 59 anos,2007-04-01,2,7,2,7,9
POROMA,consulta externa,repetidas en personas de 15 a 59 anos,2007-04-01,3,4,3,4,7
PORONGO,consulta externa,repetidas en personas de 15 a 59 anos,2007-04-01,3,4,3,4,7
PORTACHUELO,consulta externa,repetidas en personas de 15 a 59 anos,2007-04-01,18,66,18,66,84
PORVENIR,consulta externa,repetidas en personas de 15 a 59 anos,2007-04-01,17,3,17,3,20
POSTRER VALLE,consulta externa,repetidas en personas de 15 a 59 anos,2007-04-01,1,2,1,2,3
POTOSI,consulta externa,repetidas en personas de 15 a 59 anos,2007-04-01,1324,3556,1324,3556,4880
PRESTO,consulta externa,repetidas en personas de 15 a 59 anos,2007-04-01,0,1,0,1,1
PUCARA,consulta externa,repetidas en personas de 15 a 59 anos,2007-04-01,11,30,11,30,41
PUCARANI,consulta externa,repetidas en personas de 15 a 59 anos,2007-04-01,8,27,8,27,35
PUERTO ACOSTA,consulta externa,repetidas en personas de 15 a 59 anos,2007-04-01,36,46,36,46,82
PUERTO CARABUCO,consulta externa,repetidas en personas de 15 a 59 anos,2007-04-01,2,6,2,6,8
PUERTO PEREZ,consulta externa,repetidas en personas de 15 a 59 anos,2007-04-01,0,1,0,1,1
PUERTO QUIJARRO,consulta externa,repetidas en personas de 15 a 59 anos,2007-04-01,21,37,21,37,58
PUERTO RICO,consulta externa,repetidas en personas de 15 a 59 anos,2007-04-01,4,13,4,13,17
PUERTO SILES,consulta externa,repetidas en personas de 15 a 59 anos,2007-04-01,2,10,2,10,12
PUERTO SUAREZ,consulta externa,repetidas en personas de 15 a 59 anos,2007-04-01,17,62,17,62,79
PUERTO VILLARROEL,consulta externa,repetidas en personas de 15 a 59 anos,2007-04-01,375,41,375,41,416
PUNA,consulta externa,repetidas en personas de 15 a 59 anos,2007-04-01,8,35,8,35,43
PUNATA,consulta externa,repetidas en personas de 15 a 59 anos,2007-04-01,85,222,85,222,307
QUILLACOLLO,consulta externa,repetidas en personas de 15 a 59 anos,2007-04-01,227,759,227,759,986
QUIME,consulta externa,repetidas en personas de 15 a 59 anos,2007-04-01,10,0,10,0,10
QUIRUSILLAS,consulta externa,repetidas en personas de 15 a 59 anos,2007-04-01,0,3,0,3,3
RAVELO,consulta externa,repetidas en personas de 15 a 59 anos,2007-04-01,0,2,0,2,2
REYES,consulta externa,repetidas en personas de 15 a 59 anos,2007-04-01,26,50,26,50,76
RIBERALTA,consulta externa,repetidas en personas de 15 a 59 anos,2007-04-01,21,296,21,296,317
ROBORE,consulta externa,repetidas en personas de 15 a 59 anos,2007-04-01,26,148,26,148,174
RURRENABAQUE,consulta externa,repetidas en personas de 15 a 59 anos,2007-04-01,32,113,32,113,145
SABAYA,consulta externa,repetidas en personas de 15 a 59 anos,2007-04-01,0,3,0,3,3
SACABA,consulta externa,repetidas en personas de 15 a 59 anos,2007-04-01,179,438,179,438,617
SACABAMBA,consulta externa,repetidas en personas de 15 a 59 anos,2007-04-01,3,9,3,9,12
SACACA,consulta externa,repetidas en personas de 15 a 59 anos,2007-04-01,1,0,1,0,1
SAIPINA,consulta externa,repetidas en personas de 15 a 59 anos,2007-04-01,0,1,0,1,1
SALINAS DE GARCI MENDOZA,consulta externa,repetidas en personas de 15 a 59 anos,2007-04-01,5,12,5,12,17
SAMAIPATA,consulta externa,repetidas en personas de 15 a 59 anos,2007-04-01,1,4,1,4,5
SAN AGUSTIN,consulta externa,repetidas en personas de 15 a 59 anos,2007-04-01,3,0,3,0,3
SAN ANDRES,consulta externa,repetidas en personas de 15 a 59 anos,2007-04-01,5,9,5,9,14
SAN ANDRES DE MACHACA,consulta externa,repetidas en personas de 15 a 59 anos,2007-04-01,0,4,0,4,4
SAN ANTONIO DE ESMORUCO,consulta externa,repetidas en personas de 15 a 59 anos,2007-04-01,7,1,7,1,8
SAN ANTONIO DE LOMERIO,consulta externa,repetidas en personas de 15 a 59 anos,2007-04-01,0,6,0,6,6
SAN BENITO,consulta externa,repetidas en personas de 15 a 59 anos,2007-04-01,8,27,8,27,35
SAN BORJA,consulta externa,repetidas en personas de 15 a 59 anos,2007-04-01,22,34,22,34,56
SAN BUENA VENTURA,consulta externa,repetidas en personas de 15 a 59 anos,2007-04-01,14,34,14,34,48
SAN CARLOS,consulta externa,repetidas en personas de 15 a 59 anos,2007-04-01,3,221,3,221,224
SAN IGNACIO,consulta externa,repetidas en personas de 15 a 59 anos,2007-04-01,54,176,54,176,230
SAN IGNACIO DE VELASCO,consulta externa,repetidas en personas de 15 a 59 anos,2007-04-01,139,228,139,228,367
SAN JAVIER(BNI),consulta externa,repetidas en personas de 15 a 59 anos,2007-04-01,2,1,2,1,3
SAN JAVIER(STC),consulta externa,repetidas en personas de 15 a 59 anos,2007-04-01,6,11,6,11,17
SAN JOAQUIN,consulta externa,repetidas en personas de 15 a 59 anos,2007-04-01,3,35,3,35,38
SAN JOSE DE CHIQUITOS,consulta externa,repetidas en personas de 15 a 59 anos,2007-04-01,7,15,7,15,22
SAN JUAN DE YAPACANI,consulta externa,repetidas en personas de 15 a 59 anos,2007-04-01,9,30,9,30,39
SAN JULIAN,consulta externa,repetidas en personas de 15 a 59 anos,2007-04-01,28,106,28,106,134
SAN LORENZO(PND),consulta externa,repetidas en personas de 15 a 59 anos,2007-04-01,1,0,1,0,1
SAN LORENZO(TJA),consulta externa,repetidas en personas de 15 a 59 anos,2007-04-01,1,26,1,26,27
SAN LUCAS,consulta externa,repetidas en personas de 15 a 59 anos,2007-04-01,12,21,12,21,33
SAN MATIAS,consulta externa,repetidas en personas de 15 a 59 anos,2007-04-01,3,5,3,5,8
SAN MIGUEL DE VELASCO,consulta externa,repetidas en personas de 15 a 59 anos,2007-04-01,23,61,23,61,84
SAN PABLO DE LIPEZ,consulta externa,repetidas en personas de 15 a 59 anos,2007-04-01,5,10,5,10,15
SAN PEDRO,consulta externa,repetidas en personas de 15 a 59 anos,2007-04-01,20,60,20,60,80
SAN PEDRO DE BUENA VISTA,consulta externa,repetidas en personas de 15 a 59 anos,2007-04-01,5,21,5,21,26
SAN PEDRO DE CURAHUARA,consulta externa,repetidas en personas de 15 a 59 anos,2007-04-01,4,0,4,0,4
SAN PEDRO DE QUEMES,consulta externa,repetidas en personas de 15 a 59 anos,2007-04-01,0,1,0,1,1
SAN PEDRO DE TIQUINA,consulta externa,repetidas en personas de 15 a 59 anos,2007-04-01,2,2,2,2,4
SAN PEDRO(PND),consulta externa,repetidas en personas de 15 a 59 anos,2007-04-01,2,1,2,1,3
SAN RAFAEL,consulta externa,repetidas en personas de 15 a 59 anos,2007-04-01,8,16,8,16,24
SAN RAMON,consulta externa,repetidas en personas de 15 a 59 anos,2007-04-01,4,28,4,28,32
SAN RAMON,consulta externa,repetidas en personas de 15 a 59 anos,2007-04-01,12,163,12,163,175
SANTA ANA,consulta externa,repetidas en personas de 15 a 59 anos,2007-04-01,69,101,69,101,170
SANTA CRUZ DE LA SIERRA,consulta externa,repetidas en personas de 15 a 59 anos,2007-04-01,6482,15351,6482,15351,21833
SANTA ROSA,consulta externa,repetidas en personas de 15 a 59 anos,2007-04-01,0,1,0,1,1
SANTA ROSA DEL SARA,consulta externa,repetidas en personas de 15 a 59 anos,2007-04-01,3,3,3,3,6
SANTIAGO DE HUARI,consulta externa,repetidas en personas de 15 a 59 anos,2007-04-01,39,39,39,39,78
SANTIAGO DE MACHACA,consulta externa,repetidas en personas de 15 a 59 anos,2007-04-01,3,3,3,3,6
SANTIVAÑES,consulta externa,repetidas en personas de 15 a 59 anos,2007-04-01,1,8,1,8,9
SANTUARIO DE QUILLACAS,consulta externa,repetidas en personas de 15 a 59 anos,2007-04-01,3,2,3,2,5
SAPAHAQUI,consulta externa,repetidas en personas de 15 a 59 anos,2007-04-01,2,5,2,5,7
SICA SICA (VILLA AROMA),consulta externa,repetidas en personas de 15 a 59 anos,2007-04-01,1,8,1,8,9
SIPE SIPE,consulta externa,repetidas en personas de 15 a 59 anos,2007-04-01,25,135,25,135,160
SOPACHUY,consulta externa,repetidas en personas de 15 a 59 anos,2007-04-01,5,13,5,13,18
SORACACHI,consulta externa,repetidas en personas de 15 a 59 anos,2007-04-01,5,1,5,1,6
SORATA,consulta externa,repetidas en personas de 15 a 59 anos,2007-04-01,0,1,0,1,1
SUCRE,consulta externa,repetidas en personas de 15 a 59 anos,2007-04-01,2988,6335,2988,6335,9323
TACACHI,consulta externa,repetidas en personas de 15 a 59 anos,2007-04-01,2,9,2,9,11
TACACOMA,consulta externa,repetidas en personas de 15 a 59 anos,2007-04-01,2,2,2,2,4
TACOBAMBA,consulta externa,repetidas en personas de 15 a 59 anos,2007-04-01,6,1,6,1,7
TACOPAYA,consulta externa,repetidas en personas de 15 a 59 anos,2007-04-01,1,10,1,10,11
TAHUA,consulta externa,repetidas en personas de 15 a 59 anos,2007-04-01,5,2,5,2,7
TAPACARI,consulta externa,repetidas en personas de 15 a 59 anos,2007-04-01,2,31,2,31,33
TARABUCO,consulta externa,repetidas en personas de 15 a 59 anos,2007-04-01,35,50,35,50,85
TARACO,consulta externa,repetidas en personas de 15 a 59 anos,2007-04-01,1,1,1,1,2
TARATA,consulta externa,repetidas en personas de 15 a 59 anos,2007-04-01,1,4,1,4,5
TARIJA,consulta externa,repetidas en personas de 15 a 59 anos,2007-04-01,1618,4423,1618,4423,6041
TARVITA,consulta externa,repetidas en personas de 15 a 59 anos,2007-04-01,6,5,6,5,11
TEOPONTE,consulta externa,repetidas en personas de 15 a 59 anos,2007-04-01,1,0,1,0,1
TIAWANACU,consulta externa,repetidas en personas de 15 a 59 anos,2007-04-01,6,8,6,8,14
TINGUIPAYA,consulta externa,repetidas en personas de 15 a 59 anos,2007-04-01,1,7,1,7,8
TIPUANI,consulta externa,repetidas en personas de 15 a 59 anos,2007-04-01,18,16,18,16,34
TIQUIPAYA,consulta externa,repetidas en personas de 15 a 59 anos,2007-04-01,29,256,29,256,285
TIRAQUE (CBBA),consulta externa,repetidas en personas de 15 a 59 anos,2007-04-01,60,100,60,100,160
TITO YUPANQUI (PARQUIPUJIO),consulta externa,repetidas en personas de 15 a 59 anos,2007-04-01,4,3,4,3,7
TOCO,consulta externa,repetidas en personas de 15 a 59 anos,2007-04-01,4,10,4,10,14
TOLATA,consulta externa,repetidas en personas de 15 a 59 anos,2007-04-01,2,12,2,12,14
TOLEDO,consulta externa,repetidas en personas de 15 a 59 anos,2007-04-01,16,12,16,12,28
TOMAVE,consulta externa,repetidas en personas de 15 a 59 anos,2007-04-01,6,12,6,12,18
TOMINA,consulta externa,repetidas en personas de 15 a 59 anos,2007-04-01,6,4,6,4,10
TORO TORO,consulta externa,repetidas en personas de 15 a 59 anos,2007-04-01,1,4,1,4,5
TOTORA(CBBA),consulta externa,repetidas en personas de 15 a 59 anos,2007-04-01,8,13,8,13,21
TOTORA(ORR),consulta externa,repetidas en personas de 15 a 59 anos,2007-04-01,1,2,1,2,3
TRIGAL,consulta externa,repetidas en personas de 15 a 59 anos,2007-04-01,2,4,2,4,6
TRINIDAD,consulta externa,repetidas en personas de 15 a 59 anos,2007-04-01,384,719,384,719,1103
TUPIZA,consulta externa,repetidas en personas de 15 a 59 anos,2007-04-01,148,253,148,253,401
UMALA,consulta externa,repetidas en personas de 15 a 59 anos,2007-04-01,9,12,9,12,21
UNCIA,consulta externa,repetidas en personas de 15 a 59 anos,2007-04-01,119,180,119,180,299
URIONDO (A. CONCEPCION),consulta externa,repetidas en personas de 15 a 59 anos,2007-04-01,32,97,32,97,129
URUBICHA,consulta externa,repetidas en personas de 15 a 59 anos,2007-04-01,0,155,0,155,155
UYUNI,consulta externa,repetidas en personas de 15 a 59 anos,2007-04-01,58,167,58,167,225
VACAS,consulta externa,repetidas en personas de 15 a 59 anos,2007-04-01,17,17,17,17,34
VALLEGRANDE,consulta externa,repetidas en personas de 15 a 59 anos,2007-04-01,33,119,33,119,152
VIACHA,consulta externa,repetidas en personas de 15 a 59 anos,2007-04-01,183,253,183,253,436
VILA VILA,consulta externa,repetidas en personas de 15 a 59 anos,2007-04-01,1,1,1,1,2
VILLA MONTES,consulta externa,repetidas en personas de 15 a 59 anos,2007-04-01,54,146,54,146,200
VILLA NUEVA (LOMA ALTA),consulta externa,repetidas en personas de 15 a 59 anos,2007-04-01,3,3,3,3,6
VILLA RIVERO,consulta externa,repetidas en personas de 15 a 59 anos,2007-04-01,5,4,5,4,9
VILLA SERRANO,consulta externa,repetidas en personas de 15 a 59 anos,2007-04-01,8,11,8,11,19
VILLA TUNARI,consulta externa,repetidas en personas de 15 a 59 anos,2007-04-01,35,65,35,65,100
VILLA VACA GUZMAN (MUYUPAMPA),consulta externa,repetidas en personas de 15 a 59 anos,2007-04-01,12,58,12,58,70
VILLAZON,consulta externa,repetidas en personas de 15 a 59 anos,2007-04-01,39,137,39,137,176
VINTO,consulta externa,repetidas en personas de 15 a 59 anos,2007-04-01,11,39,11,39,50
VITICHI,consulta externa,repetidas en personas de 15 a 59 anos,2007-04-01,4,5,4,5,9
WALDO BALLIVIAN,consulta externa,repetidas en personas de 15 a 59 anos,2007-04-01,2,9,2,9,11
WARNES,consulta externa,repetidas en personas de 15 a 59 anos,2007-04-01,0,138,0,138,138
YACO,consulta externa,repetidas en personas de 15 a 59 anos,2007-04-01,1,6,1,6,7
YACUIBA,consulta externa,repetidas en personas de 15 a 59 anos,2007-04-01,250,756,250,756,1006
YAMPARAEZ,consulta externa,repetidas en personas de 15 a 59 anos,2007-04-01,14,16,14,16,30
YANACACHI,consulta externa,repetidas en personas de 15 a 59 anos,2007-04-01,3,3,3,3,6
YAPACANI,consulta externa,repetidas en personas de 15 a 59 anos,2007-04-01,37,50,37,50,87
YOCALLA,consulta externa,repetidas en personas de 15 a 59 anos,2007-04-01,4,1,4,1,5
YOTALA,consulta externa,repetidas en personas de 15 a 59 anos,2007-04-01,26,45,26,45,71
YUNCHARA,consulta externa,repetidas en personas de 15 a 59 anos,2007-04-01,1,1,1,1,2
ZUDAÑEZ,consulta externa,repetidas en personas de 15 a 59 anos,2007-04-01,5,8,5,8,13
ACACIO,consulta externa,repetidas en personas de 15 a 59 anos,2007-05-01,2,0,2,0,2
ACHACACHI,consulta externa,repetidas en personas de 15 a 59 anos,2007-05-01,42,54,42,54,96
ACHOCALLA,consulta externa,repetidas en personas de 15 a 59 anos,2007-05-01,1,5,1,5,6
AIQUILE,consulta externa,repetidas en personas de 15 a 59 anos,2007-05-01,41,360,41,360,401
ALALAY,consulta externa,repetidas en personas de 15 a 59 anos,2007-05-01,1,2,1,2,3
ALCALA,consulta externa,repetidas en personas de 15 a 59 anos,2007-05-01,2,1,2,1,3
ANCORAIMES,consulta externa,repetidas en personas de 15 a 59 anos,2007-05-01,11,13,11,13,24
ANDAMARCA,consulta externa,repetidas en personas de 15 a 59 anos,2007-05-01,2,9,2,9,11
ANZALDO,consulta externa,repetidas en personas de 15 a 59 anos,2007-05-01,4,14,4,14,18
APOLO,consulta externa,repetidas en personas de 15 a 59 anos,2007-05-01,3,19,3,19,22
ARAMPAMPA,consulta externa,repetidas en personas de 15 a 59 anos,2007-05-01,1,1,1,1,2
ARANI,consulta externa,repetidas en personas de 15 a 59 anos,2007-05-01,4,6,4,6,10
ARBIETO,consulta externa,repetidas en personas de 15 a 59 anos,2007-05-01,6,5,6,5,11
ARQUE,consulta externa,repetidas en personas de 15 a 59 anos,2007-05-01,1,2,1,2,3
ASCENCION DE GUARAYOS,consulta externa,repetidas en personas de 15 a 59 anos,2007-05-01,1,2,1,2,3
ATOCHA,consulta externa,repetidas en personas de 15 a 59 anos,2007-05-01,289,279,289,279,568
AUCAPATA,consulta externa,repetidas en personas de 15 a 59 anos,2007-05-01,12,7,12,7,19
AYATA,consulta externa,repetidas en personas de 15 a 59 anos,2007-05-01,3,5,3,5,8
AYO AYO,consulta externa,repetidas en personas de 15 a 59 anos,2007-05-01,2,9,2,9,11
AYOPAYA (V. DE INDEPENDENCIA),consulta externa,repetidas en personas de 15 a 59 anos,2007-05-01,62,35,62,35,97
AZURDUY,consulta externa,repetidas en personas de 15 a 59 anos,2007-05-01,0,2,0,2,2
BATALLAS,consulta externa,repetidas en personas de 15 a 59 anos,2007-05-01,3,5,3,5,8
BAURES,consulta externa,repetidas en personas de 15 a 59 anos,2007-05-01,9,22,9,22,31
BELEN DE ANDAMARCA,consulta externa,repetidas en personas de 15 a 59 anos,2007-05-01,0,1,0,1,1
BELEN DE URMIRI,consulta externa,repetidas en personas de 15 a 59 anos,2007-05-01,3,7,3,7,10
BERMEJO,consulta externa,repetidas en personas de 15 a 59 anos,2007-05-01,102,179,102,179,281
BETANZOS,consulta externa,repetidas en personas de 15 a 59 anos,2007-05-01,27,44,27,44,71
BOLIVAR,consulta externa,repetidas en personas de 15 a 59 anos,2007-05-01,0,2,0,2,2
BOLPEBRA,consulta externa,repetidas en personas de 15 a 59 anos,2007-05-01,6,1,6,1,7
BOYUIBE,consulta externa,repetidas en personas de 15 a 59 anos,2007-05-01,3,5,3,5,8
BUENA VISTA,consulta externa,repetidas en personas de 15 a 59 anos,2007-05-01,31,63,31,63,94
CABEZAS,consulta externa,repetidas en personas de 15 a 59 anos,2007-05-01,10,59,10,59,69
CAIROMA,consulta externa,repetidas en personas de 15 a 59 anos,2007-05-01,26,23,26,23,49
"CAIZA ""D""",consulta externa,repetidas en personas de 15 a 59 anos,2007-05-01,3,13,3,13,16
CAJUATA,consulta externa,repetidas en personas de 15 a 59 anos,2007-05-01,1,3,1,3,4
CALACOTO,consulta externa,repetidas en personas de 15 a 59 anos,2007-05-01,0,3,0,3,3
CALAMARCA,consulta externa,repetidas en personas de 15 a 59 anos,2007-05-01,6,6,6,6,12
CAMARGO,consulta externa,repetidas en personas de 15 a 59 anos,2007-05-01,19,33,19,33,52
CAMATAQUI (C. VILLA ABECIA),consulta externa,repetidas en personas de 15 a 59 anos,2007-05-01,14,20,14,20,34
CAMIRI,consulta externa,repetidas en personas de 15 a 59 anos,2007-05-01,110,361,110,361,471
CAPINOTA,consulta externa,repetidas en personas de 15 a 59 anos,2007-05-01,38,89,38,89,127
CAQUIAVIRI,consulta externa,repetidas en personas de 15 a 59 anos,2007-05-01,5,3,5,3,8
CARACOLLO,consulta externa,repetidas en personas de 15 a 59 anos,2007-05-01,1,3,1,3,4
CARANAVI,consulta externa,repetidas en personas de 15 a 59 anos,2007-05-01,50,64,50,64,114
CARANGAS,consulta externa,repetidas en personas de 15 a 59 anos,2007-05-01,0,1,0,1,1
CARAPARI,consulta externa,repetidas en personas de 15 a 59 anos,2007-05-01,3,18,3,18,21
CARIPUYO,consulta externa,repetidas en personas de 15 a 59 anos,2007-05-01,3,0,3,0,3
CARMEN RIVERO TORREZ,consulta externa,repetidas en personas de 15 a 59 anos,2007-05-01,2,0,2,0,2
CATACORA,consulta externa,repetidas en personas de 15 a 59 anos,2007-05-01,1,2,1,2,3
CHALLAPATA,consulta externa,repetidas en personas de 15 a 59 anos,2007-05-01,18,30,18,30,48
CHAQUI,consulta externa,repetidas en personas de 15 a 59 anos,2007-05-01,0,2,0,2,2
CHARAGUA,consulta externa,repetidas en personas de 15 a 59 anos,2007-05-01,4,24,4,24,28
CHARAÑA,consulta externa,repetidas en personas de 15 a 59 anos,2007-05-01,3,3,3,3,6
CHAYANTA,consulta externa,repetidas en personas de 15 a 59 anos,2007-05-01,3,9,3,9,12
CHIMORE,consulta externa,repetidas en personas de 15 a 59 anos,2007-05-01,5,15,5,15,20
CHIPAYA,consulta externa,repetidas en personas de 15 a 59 anos,2007-05-01,1,1,1,1,2
CHOQUE COTA,consulta externa,repetidas en personas de 15 a 59 anos,2007-05-01,4,0,4,0,4
CHULUMANI (V. DE LA LIBERTAD),consulta externa,repetidas en personas de 15 a 59 anos,2007-05-01,52,61,52,61,113
CHUMA,consulta externa,repetidas en personas de 15 a 59 anos,2007-05-01,0,3,0,3,3
CLIZA,consulta externa,repetidas en personas de 15 a 59 anos,2007-05-01,14,7,14,7,21
COBIJA,consulta externa,repetidas en personas de 15 a 59 anos,2007-05-01,231,692,231,692,923
COCHABAMBA,consulta externa,repetidas en personas de 15 a 59 anos,2007-05-01,8667,21081,8667,21081,29748
COIPASA,consulta externa,repetidas en personas de 15 a 59 anos,2007-05-01,1,9,1,9,10
COLCAPIRHUA,consulta externa,repetidas en personas de 15 a 59 anos,2007-05-01,113,265,113,265,378
"COLCHA ""K""",consulta externa,repetidas en personas de 15 a 59 anos,2007-05-01,9,17,9,17,26
COLLANA,consulta externa,repetidas en personas de 15 a 59 anos,2007-05-01,1,0,1,0,1
COLOMI,consulta externa,repetidas en personas de 15 a 59 anos,2007-05-01,3,24,3,24,27
COLPA BELGICA,consulta externa,repetidas en personas de 15 a 59 anos,2007-05-01,23,60,23,60,83
COLQUECHACA,consulta externa,repetidas en personas de 15 a 59 anos,2007-05-01,12,47,12,47,59
COLQUENCHA,consulta externa,repetidas en personas de 15 a 59 anos,2007-05-01,8,7,8,7,15
COLQUIRI,consulta externa,repetidas en personas de 15 a 59 anos,2007-05-01,29,35,29,35,64
COMANCHE,consulta externa,repetidas en personas de 15 a 59 anos,2007-05-01,1,1,1,1,2
COMARAPA,consulta externa,repetidas en personas de 15 a 59 anos,2007-05-01,14,39,14,39,53
CONCEPCION,consulta externa,repetidas en personas de 15 a 59 anos,2007-05-01,0,7,0,7,7
COPACABANA,consulta externa,repetidas en personas de 15 a 59 anos,2007-05-01,5,1,5,1,6
CORIPATA,consulta externa,repetidas en personas de 15 a 59 anos,2007-05-01,11,12,11,12,23
CORO CORO,consulta externa,repetidas en personas de 15 a 59 anos,2007-05-01,1,3,1,3,4
COROICO,consulta externa,repetidas en personas de 15 a 59 anos,2007-05-01,48,78,48,78,126
CORQUE,consulta externa,repetidas en personas de 15 a 59 anos,2007-05-01,2,6,2,6,8
COTAGAITA,consulta externa,repetidas en personas de 15 a 59 anos,2007-05-01,56,71,56,71,127
COTOCA,consulta externa,repetidas en personas de 15 a 59 anos,2007-05-01,8,31,8,31,39
CUATRO CAÑADAS,consulta externa,repetidas en personas de 15 a 59 anos,2007-05-01,30,58,30,58,88
CUCHUMUELA (V. G. VILLARROEL),consulta externa,repetidas en personas de 15 a 59 anos,2007-05-01,4,7,4,7,11
CUEVO,consulta externa,repetidas en personas de 15 a 59 anos,2007-05-01,2,1,2,1,3
CULPINA,consulta externa,repetidas en personas de 15 a 59 anos,2007-05-01,4,0,4,0,4
CURAHUARA DE CARANGAS,consulta externa,repetidas en personas de 15 a 59 anos,2007-05-01,3,0,3,0,3
CURVA,consulta externa,repetidas en personas de 15 a 59 anos,2007-05-01,1,1,1,1,2
DESAGUADERO,consulta externa,repetidas en personas de 15 a 59 anos,2007-05-01,1,4,1,4,5
EL ALTO,consulta externa,repetidas en personas de 15 a 59 anos,2007-05-01,2646,5976,2646,5976,8622
EL PUENTE(STC),consulta externa,repetidas en personas de 15 a 59 anos,2007-05-01,1,9,1,9,10
EL PUENTE(TJA),consulta externa,repetidas en personas de 15 a 59 anos,2007-05-01,1,5,1,5,6
EL TORNO,consulta externa,repetidas en personas de 15 a 59 anos,2007-05-01,121,200,121,200,321
EL VILLAR,consulta externa,repetidas en personas de 15 a 59 anos,2007-05-01,2,5,2,5,7
ENTRE RIOS,consulta externa,repetidas en personas de 15 a 59 anos,2007-05-01,12,11,12,11,23
ENTRE RIOS,consulta externa,repetidas en personas de 15 a 59 anos,2007-05-01,14,12,14,12,26
EUCALIPTUS,consulta externa,repetidas en personas de 15 a 59 anos,2007-05-01,6,7,6,7,13
EUREKA (SANTOS MERCADO),consulta externa,repetidas en personas de 15 a 59 anos,2007-05-01,0,1,0,1,1
EXALTACION,consulta externa,repetidas en personas de 15 a 59 anos,2007-05-01,6,8,6,8,14
FERNANDEZ ALONSO,consulta externa,repetidas en personas de 15 a 59 anos,2007-05-01,2,32,2,32,34
FILADELFIA,consulta externa,repetidas en personas de 15 a 59 anos,2007-05-01,13,37,13,37,50
GENERAL SAAVEDRA,consulta externa,repetidas en personas de 15 a 59 anos,2007-05-01,9,18,9,18,27
GRAL. J.J. PEREZ (CHARAZANI),consulta externa,repetidas en personas de 15 a 59 anos,2007-05-01,3,5,3,5,8
GUANAY,consulta externa,repetidas en personas de 15 a 59 anos,2007-05-01,5,5,5,5,10
GUAQUI,consulta externa,repetidas en personas de 15 a 59 anos,2007-05-01,7,9,7,9,16
GUAYARAMERIN,consulta externa,repetidas en personas de 15 a 59 anos,2007-05-01,141,192,141,192,333
GUTIERREZ,consulta externa,repetidas en personas de 15 a 59 anos,2007-05-01,22,14,22,14,36
HUACARETA,consulta externa,repetidas en personas de 15 a 59 anos,2007-05-01,2,48,2,48,50
HUACHACALLA,consulta externa,repetidas en personas de 15 a 59 anos,2007-05-01,1,1,1,1,2
HUANUNI,consulta externa,repetidas en personas de 15 a 59 anos,2007-05-01,317,319,317,319,636
HUARACAJE,consulta externa,repetidas en personas de 15 a 59 anos,2007-05-01,7,3,7,3,10
HUAYLLAMARCA,consulta externa,repetidas en personas de 15 a 59 anos,2007-05-01,0,2,0,2,2
ICHOCA,consulta externa,repetidas en personas de 15 a 59 anos,2007-05-01,1,9,1,9,10
ICLA,consulta externa,repetidas en personas de 15 a 59 anos,2007-05-01,1,0,1,0,1
INCAHUASI,consulta externa,repetidas en personas de 15 a 59 anos,2007-05-01,2,5,2,5,7
INGAVI (HUMAITA),consulta externa,repetidas en personas de 15 a 59 anos,2007-05-01,4,3,4,3,7
INQUISIVI,consulta externa,repetidas en personas de 15 a 59 anos,2007-05-01,7,6,7,6,13
IRUPANA (VILLA DE LANZA),consulta externa,repetidas en personas de 15 a 59 anos,2007-05-01,8,22,8,22,30
IXIAMAS,consulta externa,repetidas en personas de 15 a 59 anos,2007-05-01,6,5,6,5,11
JESUS DE MACHACA,consulta externa,repetidas en personas de 15 a 59 anos,2007-05-01,5,19,5,19,24
LA ASUNTA,consulta externa,repetidas en personas de 15 a 59 anos,2007-05-01,9,11,9,11,20
LA GUARDIA,consulta externa,repetidas en personas de 15 a 59 anos,2007-05-01,34,64,34,64,98
LA PAZ,consulta externa,repetidas en personas de 15 a 59 anos,2007-05-01,15454,34263,15454,34263,49717
LAGUNILLAS,consulta externa,repetidas en personas de 15 a 59 anos,2007-05-01,10,22,10,22,32
LAJA,consulta externa,repetidas en personas de 15 a 59 anos,2007-05-01,3,8,3,8,11
LAS CARRERAS,consulta externa,repetidas en personas de 15 a 59 anos,2007-05-01,12,8,12,8,20
LICOMA PAMPA,consulta externa,repetidas en personas de 15 a 59 anos,2007-05-01,1,1,1,1,2
LLALLAGUA,consulta externa,repetidas en personas de 15 a 59 anos,2007-05-01,93,123,93,123,216
LLICA,consulta externa,repetidas en personas de 15 a 59 anos,2007-05-01,5,11,5,11,16
LORETO,consulta externa,repetidas en personas de 15 a 59 anos,2007-05-01,2,10,2,10,12
LURIBAY,consulta externa,repetidas en personas de 15 a 59 anos,2007-05-01,5,6,5,6,11
MACHACAMARCA,consulta externa,repetidas en personas de 15 a 59 anos,2007-05-01,13,16,13,16,29
MACHARETI,consulta externa,repetidas en personas de 15 a 59 anos,2007-05-01,3,35,3,35,38
MAGDALENA,consulta externa,repetidas en personas de 15 a 59 anos,2007-05-01,39,98,39,98,137
MAIRANA,consulta externa,repetidas en personas de 15 a 59 anos,2007-05-01,0,5,0,5,5
MALLA,consulta externa,repetidas en personas de 15 a 59 anos,2007-05-01,0,4,0,4,4
MAPIRI,consulta externa,repetidas en personas de 15 a 59 anos,2007-05-01,12,18,12,18,30
MECAPACA,consulta externa,repetidas en personas de 15 a 59 anos,2007-05-01,25,27,25,27,52
MINEROS,consulta externa,repetidas en personas de 15 a 59 anos,2007-05-01,5,26,5,26,31
MIZQUE,consulta externa,repetidas en personas de 15 a 59 anos,2007-05-01,20,24,20,24,44
MOCOMOCO,consulta externa,repetidas en personas de 15 a 59 anos,2007-05-01,13,3,13,3,16
MOJINETE,consulta externa,repetidas en personas de 15 a 59 anos,2007-05-01,2,0,2,0,2
MOJOCOYA,consulta externa,repetidas en personas de 15 a 59 anos,2007-05-01,12,8,12,8,20
MONTEAGUDO,consulta externa,repetidas en personas de 15 a 59 anos,2007-05-01,78,326,78,326,404
MONTERO,consulta externa,repetidas en personas de 15 a 59 anos,2007-05-01,517,1105,517,1105,1622
MORO MORO,consulta externa,repetidas en personas de 15 a 59 anos,2007-05-01,6,2,6,2,8
MOROCHATA,consulta externa,repetidas en personas de 15 a 59 anos,2007-05-01,17,46,17,46,63
NACEBE (SANTA ROSA DEL ABUNA),consulta externa,repetidas en personas de 15 a 59 anos,2007-05-01,1,0,1,0,1
OCURI,consulta externa,repetidas en personas de 15 a 59 anos,2007-05-01,0,1,0,1,1
OKINAWA,consulta externa,repetidas en personas de 15 a 59 anos,2007-05-01,21,75,21,75,96
OMEREQUE,consulta externa,repetidas en personas de 15 a 59 anos,2007-05-01,1,1,1,1,2
ORURO,consulta externa,repetidas en personas de 15 a 59 anos,2007-05-01,2065,4216,2065,4216,6281
PADCAYA,consulta externa,repetidas en personas de 15 a 59 anos,2007-05-01,56,82,56,82,138
PADILLA,consulta externa,repetidas en personas de 15 a 59 anos,2007-05-01,16,88,16,88,104
PAILON,consulta externa,repetidas en personas de 15 a 59 anos,2007-05-01,2,7,2,7,9
PALCA,consulta externa,repetidas en personas de 15 a 59 anos,2007-05-01,11,13,11,13,24
PALOS BLANCOS,consulta externa,repetidas en personas de 15 a 59 anos,2007-05-01,105,41,105,41,146
PAMPA GRANDE,consulta externa,repetidas en personas de 15 a 59 anos,2007-05-01,2,1,2,1,3
PASORAPA,consulta externa,repetidas en personas de 15 a 59 anos,2007-05-01,0,3,0,3,3
PATACAMAYA,consulta externa,repetidas en personas de 15 a 59 anos,2007-05-01,1,16,1,16,17
PAZÑA,consulta externa,repetidas en personas de 15 a 59 anos,2007-05-01,16,21,16,21,37
PELECHUCO,consulta externa,repetidas en personas de 15 a 59 anos,2007-05-01,1,2,1,2,3
POCOATA,consulta externa,repetidas en personas de 15 a 59 anos,2007-05-01,6,12,6,12,18
POCONA,consulta externa,repetidas en personas de 15 a 59 anos,2007-05-01,3,6,3,6,9
POJO (CBBA),consulta externa,repetidas en personas de 15 a 59 anos,2007-05-01,2,0,2,0,2
POOPO,consulta externa,repetidas en personas de 15 a 59 anos,2007-05-01,10,15,10,15,25
PORCO,consulta externa,repetidas en personas de 15 a 59 anos,2007-05-01,0,1,0,1,1
POROMA,consulta externa,repetidas en personas de 15 a 59 anos,2007-05-01,1,4,1,4,5
PORONGO,consulta externa,repetidas en personas de 15 a 59 anos,2007-05-01,5,7,5,7,12
PORTACHUELO,consulta externa,repetidas en personas de 15 a 59 anos,2007-05-01,35,57,35,57,92
PORVENIR,consulta externa,repetidas en personas de 15 a 59 anos,2007-05-01,6,4,6,4,10
POSTRER VALLE,consulta externa,repetidas en personas de 15 a 59 anos,2007-05-01,3,3,3,3,6
POTOSI,consulta externa,repetidas en personas de 15 a 59 anos,2007-05-01,1418,3713,1418,3713,5131
PUCARA,consulta externa,repetidas en personas de 15 a 59 anos,2007-05-01,2,2,2,2,4
PUCARANI,consulta externa,repetidas en personas de 15 a 59 anos,2007-05-01,8,35,8,35,43
PUERTO ACOSTA,consulta externa,repetidas en personas de 15 a 59 anos,2007-05-01,25,12,25,12,37
PUERTO CARABUCO,consulta externa,repetidas en personas de 15 a 59 anos,2007-05-01,5,5,5,5,10
PUERTO GONZALO MORENO,consulta externa,repetidas en personas de 15 a 59 anos,2007-05-01,2,5,2,5,7
PUERTO PEREZ,consulta externa,repetidas en personas de 15 a 59 anos,2007-05-01,2,5,2,5,7
PUERTO QUIJARRO,consulta externa,repetidas en personas de 15 a 59 anos,2007-05-01,12,33,12,33,45
PUERTO RICO,consulta externa,repetidas en personas de 15 a 59 anos,2007-05-01,6,13,6,13,19
PUERTO SUAREZ,consulta externa,repetidas en personas de 15 a 59 anos,2007-05-01,40,76,40,76,116
PUERTO VILLARROEL,consulta externa,repetidas en personas de 15 a 59 anos,2007-05-01,33,37,33,37,70
PUNA,consulta externa,repetidas en personas de 15 a 59 anos,2007-05-01,13,47,13,47,60
PUNATA,consulta externa,repetidas en personas de 15 a 59 anos,2007-05-01,79,223,79,223,302
QUIABAYA,consulta externa,repetidas en personas de 15 a 59 anos,2007-05-01,0,3,0,3,3
QUILLACOLLO,consulta externa,repetidas en personas de 15 a 59 anos,2007-05-01,324,966,324,966,1290
QUIME,consulta externa,repetidas en personas de 15 a 59 anos,2007-05-01,19,5,19,5,24
QUIRUSILLAS,consulta externa,repetidas en personas de 15 a 59 anos,2007-05-01,0,2,0,2,2
RAVELO,consulta externa,repetidas en personas de 15 a 59 anos,2007-05-01,1,1,1,1,2
REYES,consulta externa,repetidas en personas de 15 a 59 anos,2007-05-01,19,23,19,23,42
RIBERALTA,consulta externa,repetidas en personas de 15 a 59 anos,2007-05-01,748,994,748,994,1742
ROBORE,consulta externa,repetidas en personas de 15 a 59 anos,2007-05-01,24,144,24,144,168
RURRENABAQUE,consulta externa,repetidas en personas de 15 a 59 anos,2007-05-01,42,114,42,114,156
SABAYA,consulta externa,repetidas en personas de 15 a 59 anos,2007-05-01,3,0,3,0,3
SACABA,consulta externa,repetidas en personas de 15 a 59 anos,2007-05-01,193,438,193,438,631
SACABAMBA,consulta externa,repetidas en personas de 15 a 59 anos,2007-05-01,5,13,5,13,18
SACACA,consulta externa,repetidas en personas de 15 a 59 anos,2007-05-01,1,4,1,4,5
SAIPINA,consulta externa,repetidas en personas de 15 a 59 anos,2007-05-01,19,60,19,60,79
SALINAS DE GARCI MENDOZA,consulta externa,repetidas en personas de 15 a 59 anos,2007-05-01,4,9,4,9,13
SAMAIPATA,consulta externa,repetidas en personas de 15 a 59 anos,2007-05-01,1,1,1,1,2
SAN AGUSTIN,consulta externa,repetidas en personas de 15 a 59 anos,2007-05-01,2,3,2,3,5
SAN ANDRES,consulta externa,repetidas en personas de 15 a 59 anos,2007-05-01,0,5,0,5,5
SAN ANDRES DE MACHACA,consulta externa,repetidas en personas de 15 a 59 anos,2007-05-01,2,7,2,7,9
SAN ANTONIO DE ESMORUCO,consulta externa,repetidas en personas de 15 a 59 anos,2007-05-01,5,2,5,2,7
SAN BENITO,consulta externa,repetidas en personas de 15 a 59 anos,2007-05-01,14,15,14,15,29
SAN BORJA,consulta externa,repetidas en personas de 15 a 59 anos,2007-05-01,21,88,21,88,109
SAN BUENA VENTURA,consulta externa,repetidas en personas de 15 a 59 anos,2007-05-01,9,76,9,76,85
SAN CARLOS,consulta externa,repetidas en personas de 15 a 59 anos,2007-05-01,5,158,5,158,163
SAN IGNACIO,consulta externa,repetidas en personas de 15 a 59 anos,2007-05-01,36,156,36,156,192
SAN IGNACIO DE VELASCO,consulta externa,repetidas en personas de 15 a 59 anos,2007-05-01,156,230,156,230,386
SAN JAVIER(BNI),consulta externa,repetidas en personas de 15 a 59 anos,2007-05-01,6,1,6,1,7
SAN JAVIER(STC),consulta externa,repetidas en personas de 15 a 59 anos,2007-05-01,7,56,7,56,63
SAN JOAQUIN,consulta externa,repetidas en personas de 15 a 59 anos,2007-05-01,71,77,71,77,148
SAN JOSE DE CHIQUITOS,consulta externa,repetidas en personas de 15 a 59 anos,2007-05-01,6,9,6,9,15
SAN JUAN DE YAPACANI,consulta externa,repetidas en personas de 15 a 59 anos,2007-05-01,5,37,5,37,42
SAN JULIAN,consulta externa,repetidas en personas de 15 a 59 anos,2007-05-01,30,123,30,123,153
SAN LORENZO(PND),consulta externa,repetidas en personas de 15 a 59 anos,2007-05-01,1,1,1,1,2
SAN LORENZO(TJA),consulta externa,repetidas en personas de 15 a 59 anos,2007-05-01,4,21,4,21,25
SAN LUCAS,consulta externa,repetidas en personas de 15 a 59 anos,2007-05-01,13,15,13,15,28
SAN MATIAS,consulta externa,repetidas en personas de 15 a 59 anos,2007-05-01,1,8,1,8,9
SAN MIGUEL DE VELASCO,consulta externa,repetidas en personas de 15 a 59 anos,2007-05-01,12,17,12,17,29
SAN PABLO DE LIPEZ,consulta externa,repetidas en personas de 15 a 59 anos,2007-05-01,3,11,3,11,14
SAN PEDRO,consulta externa,repetidas en personas de 15 a 59 anos,2007-05-01,14,54,14,54,68
SAN PEDRO DE BUENA VISTA,consulta externa,repetidas en personas de 15 a 59 anos,2007-05-01,3,3,3,3,6
SAN PEDRO DE CURAHUARA,consulta externa,repetidas en personas de 15 a 59 anos,2007-05-01,2,3,2,3,5
SAN PEDRO DE QUEMES,consulta externa,repetidas en personas de 15 a 59 anos,2007-05-01,0,1,0,1,1
SAN PEDRO DE TIQUINA,consulta externa,repetidas en personas de 15 a 59 anos,2007-05-01,1,0,1,0,1
SAN PEDRO(PND),consulta externa,repetidas en personas de 15 a 59 anos,2007-05-01,0,1,0,1,1
SAN RAFAEL,consulta externa,repetidas en personas de 15 a 59 anos,2007-05-01,12,12,12,12,24
SAN RAMON,consulta externa,repetidas en personas de 15 a 59 anos,2007-05-01,1,25,1,25,26
SAN RAMON,consulta externa,repetidas en personas de 15 a 59 anos,2007-05-01,12,169,12,169,181
SANTA ANA,consulta externa,repetidas en personas de 15 a 59 anos,2007-05-01,24,85,24,85,109
SANTA CRUZ DE LA SIERRA,consulta externa,repetidas en personas de 15 a 59 anos,2007-05-01,6115,15821,6115,15821,21936
SANTA ROSA,consulta externa,repetidas en personas de 15 a 59 anos,2007-05-01,3,0,3,0,3
SANTA ROSA DEL SARA,consulta externa,repetidas en personas de 15 a 59 anos,2007-05-01,1,2,1,2,3
SANTIAGO DE CALLAPA,consulta externa,repetidas en personas de 15 a 59 anos,2007-05-01,0,2,0,2,2
SANTIAGO DE HUARI,consulta externa,repetidas en personas de 15 a 59 anos,2007-05-01,43,28,43,28,71
SANTIAGO DE MACHACA,consulta externa,repetidas en personas de 15 a 59 anos,2007-05-01,1,1,1,1,2
SANTIVAÑES,consulta externa,repetidas en personas de 15 a 59 anos,2007-05-01,4,12,4,12,16
SANTUARIO DE QUILLACAS,consulta externa,repetidas en personas de 15 a 59 anos,2007-05-01,1,3,1,3,4
SAPAHAQUI,consulta externa,repetidas en personas de 15 a 59 anos,2007-05-01,2,2,2,2,4
SENA,consulta externa,repetidas en personas de 15 a 59 anos,2007-05-01,0,1,0,1,1
SICA SICA (VILLA AROMA),consulta externa,repetidas en personas de 15 a 59 anos,2007-05-01,2,4,2,4,6
SICAYA,consulta externa,repetidas en personas de 15 a 59 anos,2007-05-01,0,2,0,2,2
SIPE SIPE,consulta externa,repetidas en personas de 15 a 59 anos,2007-05-01,36,160,36,160,196
SOPACHUY,consulta externa,repetidas en personas de 15 a 59 anos,2007-05-01,5,11,5,11,16
SORACACHI,consulta externa,repetidas en personas de 15 a 59 anos,2007-05-01,3,7,3,7,10
SORATA,consulta externa,repetidas en personas de 15 a 59 anos,2007-05-01,3,5,3,5,8
SUCRE,consulta externa,repetidas en personas de 15 a 59 anos,2007-05-01,2708,5812,2708,5812,8520
TACACHI,consulta externa,repetidas en personas de 15 a 59 anos,2007-05-01,1,9,1,9,10
TACACOMA,consulta externa,repetidas en personas de 15 a 59 anos,2007-05-01,3,0,3,0,3
TACOBAMBA,consulta externa,repetidas en personas de 15 a 59 anos,2007-05-01,1,1,1,1,2
TACOPAYA,consulta externa,repetidas en personas de 15 a 59 anos,2007-05-01,1,1,1,1,2
TAHUA,consulta externa,repetidas en personas de 15 a 59 anos,2007-05-01,2,2,2,2,4
TAPACARI,consulta externa,repetidas en personas de 15 a 59 anos,2007-05-01,2,24,2,24,26
TARABUCO,consulta externa,repetidas en personas de 15 a 59 anos,2007-05-01,27,44,27,44,71
TARATA,consulta externa,repetidas en personas de 15 a 59 anos,2007-05-01,8,2,8,2,10
TARIJA,consulta externa,repetidas en personas de 15 a 59 anos,2007-05-01,1888,5767,1888,5767,7655
TARVITA,consulta externa,repetidas en personas de 15 a 59 anos,2007-05-01,7,11,7,11,18
TEOPONTE,consulta externa,repetidas en personas de 15 a 59 anos,2007-05-01,9,7,9,7,16
TIAWANACU,consulta externa,repetidas en personas de 15 a 59 anos,2007-05-01,6,8,6,8,14
TINGUIPAYA,consulta externa,repetidas en personas de 15 a 59 anos,2007-05-01,2,10,2,10,12
TIPUANI,consulta externa,repetidas en personas de 15 a 59 anos,2007-05-01,15,11,15,11,26
TIQUIPAYA,consulta externa,repetidas en personas de 15 a 59 anos,2007-05-01,39,369,39,369,408
TIRAQUE (CBBA),consulta externa,repetidas en personas de 15 a 59 anos,2007-05-01,43,146,43,146,189
TITO YUPANQUI (PARQUIPUJIO),consulta externa,repetidas en personas de 15 a 59 anos,2007-05-01,2,8,2,8,10
TOCO,consulta externa,repetidas en personas de 15 a 59 anos,2007-05-01,3,8,3,8,11
TOLATA,consulta externa,repetidas en personas de 15 a 59 anos,2007-05-01,2,6,2,6,8
TOLEDO,consulta externa,repetidas en personas de 15 a 59 anos,2007-05-01,9,10,9,10,19
TOMAVE,consulta externa,repetidas en personas de 15 a 59 anos,2007-05-01,13,17,13,17,30
TOMINA,consulta externa,repetidas en personas de 15 a 59 anos,2007-05-01,4,4,4,4,8
TORO TORO,consulta externa,repetidas en personas de 15 a 59 anos,2007-05-01,2,5,2,5,7
TOTORA(CBBA),consulta externa,repetidas en personas de 15 a 59 anos,2007-05-01,10,19,10,19,29
TOTORA(ORR),consulta externa,repetidas en personas de 15 a 59 anos,2007-05-01,0,1,0,1,1
TRIGAL,consulta externa,repetidas en personas de 15 a 59 anos,2007-05-01,6,6,6,6,12
TRINIDAD,consulta externa,repetidas en personas de 15 a 59 anos,2007-05-01,410,635,410,635,1045
TUPIZA,consulta externa,repetidas en personas de 15 a 59 anos,2007-05-01,207,296,207,296,503
TURCO,consulta externa,repetidas en personas de 15 a 59 anos,2007-05-01,1,1,1,1,2
UMALA,consulta externa,repetidas en personas de 15 a 59 anos,2007-05-01,0,1,0,1,1
UNCIA,consulta externa,repetidas en personas de 15 a 59 anos,2007-05-01,99,208,99,208,307
URIONDO (A. CONCEPCION),consulta externa,repetidas en personas de 15 a 59 anos,2007-05-01,13,10,13,10,23
URUBICHA,consulta externa,repetidas en personas de 15 a 59 anos,2007-05-01,0,164,0,164,164
UYUNI,consulta externa,repetidas en personas de 15 a 59 anos,2007-05-01,100,191,100,191,291
VACAS,consulta externa,repetidas en personas de 15 a 59 anos,2007-05-01,14,35,14,35,49
VALLEGRANDE,consulta externa,repetidas en personas de 15 a 59 anos,2007-05-01,64,150,64,150,214
VIACHA,consulta externa,repetidas en personas de 15 a 59 anos,2007-05-01,170,278,170,278,448
VILA VILA,consulta externa,repetidas en personas de 15 a 59 anos,2007-05-01,2,1,2,1,3
VILLA MONTES,consulta externa,repetidas en personas de 15 a 59 anos,2007-05-01,98,196,98,196,294
VILLA NUEVA (LOMA ALTA),consulta externa,repetidas en personas de 15 a 59 anos,2007-05-01,3,4,3,4,7
VILLA RIVERO,consulta externa,repetidas en personas de 15 a 59 anos,2007-05-01,12,5,12,5,17
VILLA SERRANO,consulta externa,repetidas en personas de 15 a 59 anos,2007-05-01,2,0,2,0,2
VILLA TUNARI,consulta externa,repetidas en personas de 15 a 59 anos,2007-05-01,24,61,24,61,85
VILLA VACA GUZMAN (MUYUPAMPA),consulta externa,repetidas en personas de 15 a 59 anos,2007-05-01,9,67,9,67,76
VILLAZON,consulta externa,repetidas en personas de 15 a 59 anos,2007-05-01,27,122,27,122,149
VINTO,consulta externa,repetidas en personas de 15 a 59 anos,2007-05-01,18,8,18,8,26
VITICHI,consulta externa,repetidas en personas de 15 a 59 anos,2007-05-01,4,8,4,8,12
WALDO BALLIVIAN,consulta externa,repetidas en personas de 15 a 59 anos,2007-05-01,2,11,2,11,13
WARNES,consulta externa,repetidas en personas de 15 a 59 anos,2007-05-01,5,168,5,168,173
YACO,consulta externa,repetidas en personas de 15 a 59 anos,2007-05-01,0,1,0,1,1
YACUIBA,consulta externa,repetidas en personas de 15 a 59 anos,2007-05-01,461,812,461,812,1273
YAMPARAEZ,consulta externa,repetidas en personas de 15 a 59 anos,2007-05-01,5,10,5,10,15
YANACACHI,consulta externa,repetidas en personas de 15 a 59 anos,2007-05-01,5,1,5,1,6
YAPACANI,consulta externa,repetidas en personas de 15 a 59 anos,2007-05-01,29,241,29,241,270
YOCALLA,consulta externa,repetidas en personas de 15 a 59 anos,2007-05-01,0,1,0,1,1
YOTALA,consulta externa,repetidas en personas de 15 a 59 anos,2007-05-01,28,59,28,59,87
YUNCHARA,consulta externa,repetidas en personas de 15 a 59 anos,2007-05-01,0,4,0,4,4
ZUDAÑEZ,consulta externa,repetidas en personas de 15 a 59 anos,2007-05-01,7,1,7,1,8
ACACIO,consulta externa,repetidas en personas de 15 a 59 anos,2007-06-01,0,31,0,31,31
ACHACACHI,consulta externa,repetidas en personas de 15 a 59 anos,2007-06-01,32,32,32,32,64
ACHOCALLA,consulta externa,repetidas en personas de 15 a 59 anos,2007-06-01,2,2,2,2,4
AIQUILE,consulta externa,repetidas en personas de 15 a 59 anos,2007-06-01,29,327,29,327,356
ALALAY,consulta externa,repetidas en personas de 15 a 59 anos,2007-06-01,1,12,1,12,13
ALCALA,consulta externa,repetidas en personas de 15 a 59 anos,2007-06-01,1,2,1,2,3
ANCORAIMES,consulta externa,repetidas en personas de 15 a 59 anos,2007-06-01,7,20,7,20,27
ANDAMARCA,consulta externa,repetidas en personas de 15 a 59 anos,2007-06-01,1,4,1,4,5
ANZALDO,consulta externa,repetidas en personas de 15 a 59 anos,2007-06-01,1,10,1,10,11
APOLO,consulta externa,repetidas en personas de 15 a 59 anos,2007-06-01,9,28,9,28,37
ARAMPAMPA,consulta externa,repetidas en personas de 15 a 59 anos,2007-06-01,24,38,24,38,62
ARANI,consulta externa,repetidas en personas de 15 a 59 anos,2007-06-01,3,2,3,2,5
ARBIETO,consulta externa,repetidas en personas de 15 a 59 anos,2007-06-01,1,3,1,3,4
ARQUE,consulta externa,repetidas en personas de 15 a 59 anos,2007-06-01,1,8,1,8,9
ASCENCION DE GUARAYOS,consulta externa,repetidas en personas de 15 a 59 anos,2007-06-01,12,32,12,32,44
ATOCHA,consulta externa,repetidas en personas de 15 a 59 anos,2007-06-01,267,342,267,342,609
AUCAPATA,consulta externa,repetidas en personas de 15 a 59 anos,2007-06-01,10,9,10,9,19
AYATA,consulta externa,repetidas en personas de 15 a 59 anos,2007-06-01,3,2,3,2,5
AYO AYO,consulta externa,repetidas en personas de 15 a 59 anos,2007-06-01,3,3,3,3,6
AYOPAYA (V. DE INDEPENDENCIA),consulta externa,repetidas en personas de 15 a 59 anos,2007-06-01,12,20,12,20,32
BATALLAS,consulta externa,repetidas en personas de 15 a 59 anos,2007-06-01,1,11,1,11,12
BAURES,consulta externa,repetidas en personas de 15 a 59 anos,2007-06-01,2,7,2,7,9
BELEN DE ANDAMARCA,consulta externa,repetidas en personas de 15 a 59 anos,2007-06-01,13,11,13,11,24
BELEN DE URMIRI,consulta externa,repetidas en personas de 15 a 59 anos,2007-06-01,1,2,1,2,3
BERMEJO,consulta externa,repetidas en personas de 15 a 59 anos,2007-06-01,85,185,85,185,270
BETANZOS,consulta externa,repetidas en personas de 15 a 59 anos,2007-06-01,25,44,25,44,69
BOLPEBRA,consulta externa,repetidas en personas de 15 a 59 anos,2007-06-01,4,0,4,0,4
BOYUIBE,consulta externa,repetidas en personas de 15 a 59 anos,2007-06-01,5,9,5,9,14
BUENA VISTA,consulta externa,repetidas en personas de 15 a 59 anos,2007-06-01,29,52,29,52,81
CABEZAS,consulta externa,repetidas en personas de 15 a 59 anos,2007-06-01,5,40,5,40,45
CAIROMA,consulta externa,repetidas en personas de 15 a 59 anos,2007-06-01,36,29,36,29,65
"CAIZA ""D""",consulta externa,repetidas en personas de 15 a 59 anos,2007-06-01,7,6,7,6,13
CAJUATA,consulta externa,repetidas en personas de 15 a 59 anos,2007-06-01,2,2,2,2,4
CALACOTO,consulta externa,repetidas en personas de 15 a 59 anos,2007-06-01,0,2,0,2,2
CALAMARCA,consulta externa,repetidas en personas de 15 a 59 anos,2007-06-01,2,10,2,10,12
CAMARGO,consulta externa,repetidas en personas de 15 a 59 anos,2007-06-01,8,22,8,22,30
CAMATAQUI (C. VILLA ABECIA),consulta externa,repetidas en personas de 15 a 59 anos,2007-06-01,7,26,7,26,33
CAMIRI,consulta externa,repetidas en personas de 15 a 59 anos,2007-06-01,143,374,143,374,517
CAPINOTA,consulta externa,repetidas en personas de 15 a 59 anos,2007-06-01,10,20,10,20,30
CAQUIAVIRI,consulta externa,repetidas en personas de 15 a 59 anos,2007-06-01,8,2,8,2,10
CARACOLLO,consulta externa,repetidas en personas de 15 a 59 anos,2007-06-01,5,5,5,5,10
CARANAVI,consulta externa,repetidas en personas de 15 a 59 anos,2007-06-01,30,40,30,40,70
CARAPARI,consulta externa,repetidas en personas de 15 a 59 anos,2007-06-01,10,3,10,3,13
CARIPUYO,consulta externa,repetidas en personas de 15 a 59 anos,2007-06-01,1,1,1,1,2
CARMEN RIVERO TORREZ,consulta externa,repetidas en personas de 15 a 59 anos,2007-06-01,2,0,2,0,2
CATACORA,consulta externa,repetidas en personas de 15 a 59 anos,2007-06-01,1,1,1,1,2
CHALLAPATA,consulta externa,repetidas en personas de 15 a 59 anos,2007-06-01,29,48,29,48,77
CHAQUI,consulta externa,repetidas en personas de 15 a 59 anos,2007-06-01,0,1,0,1,1
CHARAGUA,consulta externa,repetidas en personas de 15 a 59 anos,2007-06-01,0,15,0,15,15
CHARAÑA,consulta externa,repetidas en personas de 15 a 59 anos,2007-06-01,5,1,5,1,6
CHAYANTA,consulta externa,repetidas en personas de 15 a 59 anos,2007-06-01,2,5,2,5,7
CHIMORE,consulta externa,repetidas en personas de 15 a 59 anos,2007-06-01,1,15,1,15,16
CHIPAYA,consulta externa,repetidas en personas de 15 a 59 anos,2007-06-01,2,1,2,1,3
CHOQUE COTA,consulta externa,repetidas en personas de 15 a 59 anos,2007-06-01,0,4,0,4,4
CHULUMANI (V. DE LA LIBERTAD),consulta externa,repetidas en personas de 15 a 59 anos,2007-06-01,47,50,47,50,97
CHUMA,consulta externa,repetidas en personas de 15 a 59 anos,2007-06-01,7,2,7,2,9
CLIZA,consulta externa,repetidas en personas de 15 a 59 anos,2007-06-01,11,10,11,10,21
COBIJA,consulta externa,repetidas en personas de 15 a 59 anos,2007-06-01,131,752,131,752,883
COCHABAMBA,consulta externa,repetidas en personas de 15 a 59 anos,2007-06-01,10292,19035,10292,19035,29327
COIPASA,consulta externa,repetidas en personas de 15 a 59 anos,2007-06-01,4,1,4,1,5
COLCAPIRHUA,consulta externa,repetidas en personas de 15 a 59 anos,2007-06-01,125,312,125,312,437
"COLCHA ""K""",consulta externa,repetidas en personas de 15 a 59 anos,2007-06-01,2,13,2,13,15
COLLANA,consulta externa,repetidas en personas de 15 a 59 anos,2007-06-01,2,1,2,1,3
COLOMI,consulta externa,repetidas en personas de 15 a 59 anos,2007-06-01,3,6,3,6,9
COLPA BELGICA,consulta externa,repetidas en personas de 15 a 59 anos,2007-06-01,20,76,20,76,96
COLQUECHACA,consulta externa,repetidas en personas de 15 a 59 anos,2007-06-01,6,8,6,8,14
COLQUENCHA,consulta externa,repetidas en personas de 15 a 59 anos,2007-06-01,5,11,5,11,16
COLQUIRI,consulta externa,repetidas en personas de 15 a 59 anos,2007-06-01,33,40,33,40,73
COMANCHE,consulta externa,repetidas en personas de 15 a 59 anos,2007-06-01,2,4,2,4,6
COMARAPA,consulta externa,repetidas en personas de 15 a 59 anos,2007-06-01,7,22,7,22,29
COMBAYA,consulta externa,repetidas en personas de 15 a 59 anos,2007-06-01,1,1,1,1,2
CONCEPCION,consulta externa,repetidas en personas de 15 a 59 anos,2007-06-01,1,9,1,9,10
COPACABANA,consulta externa,repetidas en personas de 15 a 59 anos,2007-06-01,11,2,11,2,13
CORIPATA,consulta externa,repetidas en personas de 15 a 59 anos,2007-06-01,7,11,7,11,18
CORO CORO,consulta externa,repetidas en personas de 15 a 59 anos,2007-06-01,3,3,3,3,6
COROICO,consulta externa,repetidas en personas de 15 a 59 anos,2007-06-01,40,92,40,92,132
CORQUE,consulta externa,repetidas en personas de 15 a 59 anos,2007-06-01,5,10,5,10,15
COTAGAITA,consulta externa,repetidas en personas de 15 a 59 anos,2007-06-01,89,81,89,81,170
COTOCA,consulta externa,repetidas en personas de 15 a 59 anos,2007-06-01,20,47,20,47,67
CUATRO CAÑADAS,consulta externa,repetidas en personas de 15 a 59 anos,2007-06-01,123,146,123,146,269
CUCHUMUELA (V. G. VILLARROEL),consulta externa,repetidas en personas de 15 a 59 anos,2007-06-01,2,5,2,5,7
CUEVO,consulta externa,repetidas en personas de 15 a 59 anos,2007-06-01,2,4,2,4,6
CULPINA,consulta externa,repetidas en personas de 15 a 59 anos,2007-06-01,9,9,9,9,18
CURAHUARA DE CARANGAS,consulta externa,repetidas en personas de 15 a 59 anos,2007-06-01,4,1,4,1,5
DESAGUADERO,consulta externa,repetidas en personas de 15 a 59 anos,2007-06-01,1,1,1,1,2
EL ALTO,consulta externa,repetidas en personas de 15 a 59 anos,2007-06-01,2994,6139,2994,6139,9133
EL PUENTE(STC),consulta externa,repetidas en personas de 15 a 59 anos,2007-06-01,5,6,5,6,11
EL PUENTE(TJA),consulta externa,repetidas en personas de 15 a 59 anos,2007-06-01,2,1,2,1,3
EL TORNO,consulta externa,repetidas en personas de 15 a 59 anos,2007-06-01,121,176,121,176,297
EL VILLAR,consulta externa,repetidas en personas de 15 a 59 anos,2007-06-01,2,13,2,13,15
ENTRE RIOS,consulta externa,repetidas en personas de 15 a 59 anos,2007-06-01,14,19,14,19,33
ENTRE RIOS,consulta externa,repetidas en personas de 15 a 59 anos,2007-06-01,8,9,8,9,17
EUCALIPTUS,consulta externa,repetidas en personas de 15 a 59 anos,2007-06-01,4,4,4,4,8
EUREKA (SANTOS MERCADO),consulta externa,repetidas en personas de 15 a 59 anos,2007-06-01,3,1,3,1,4
EXALTACION,consulta externa,repetidas en personas de 15 a 59 anos,2007-06-01,0,4,0,4,4
FERNANDEZ ALONSO,consulta externa,repetidas en personas de 15 a 59 anos,2007-06-01,7,28,7,28,35
FILADELFIA,consulta externa,repetidas en personas de 15 a 59 anos,2007-06-01,10,16,10,16,26
GENERAL SAAVEDRA,consulta externa,repetidas en personas de 15 a 59 anos,2007-06-01,5,5,5,5,10
GRAL. J.J. PEREZ (CHARAZANI),consulta externa,repetidas en personas de 15 a 59 anos,2007-06-01,3,4,3,4,7
GUANAY,consulta externa,repetidas en personas de 15 a 59 anos,2007-06-01,9,7,9,7,16
GUAQUI,consulta externa,repetidas en personas de 15 a 59 anos,2007-06-01,11,10,11,10,21
GUAYARAMERIN,consulta externa,repetidas en personas de 15 a 59 anos,2007-06-01,144,370,144,370,514
GUTIERREZ,consulta externa,repetidas en personas de 15 a 59 anos,2007-06-01,14,24,14,24,38
HUACARETA,consulta externa,repetidas en personas de 15 a 59 anos,2007-06-01,14,55,14,55,69
HUACAYA (VILLA DE HUACAYA),consulta externa,repetidas en personas de 15 a 59 anos,2007-06-01,1,0,1,0,1
HUACHACALLA,consulta externa,repetidas en personas de 15 a 59 anos,2007-06-01,1,0,1,0,1
HUANUNI,consulta externa,repetidas en personas de 15 a 59 anos,2007-06-01,364,355,364,355,719
HUARACAJE,consulta externa,repetidas en personas de 15 a 59 anos,2007-06-01,10,8,10,8,18
HUAYLLAMARCA,consulta externa,repetidas en personas de 15 a 59 anos,2007-06-01,7,8,7,8,15
ICHOCA,consulta externa,repetidas en personas de 15 a 59 anos,2007-06-01,1,6,1,6,7
ICLA,consulta externa,repetidas en personas de 15 a 59 anos,2007-06-01,3,8,3,8,11
INCAHUASI,consulta externa,repetidas en personas de 15 a 59 anos,2007-06-01,2,3,2,3,5
INGAVI (HUMAITA),consulta externa,repetidas en personas de 15 a 59 anos,2007-06-01,1,2,1,2,3
INQUISIVI,consulta externa,repetidas en personas de 15 a 59 anos,2007-06-01,3,4,3,4,7
IRUPANA (VILLA DE LANZA),consulta externa,repetidas en personas de 15 a 59 anos,2007-06-01,15,21,15,21,36
IXIAMAS,consulta externa,repetidas en personas de 15 a 59 anos,2007-06-01,2,8,2,8,10
JESUS DE MACHACA,consulta externa,repetidas en personas de 15 a 59 anos,2007-06-01,7,20,7,20,27
LA ASUNTA,consulta externa,repetidas en personas de 15 a 59 anos,2007-06-01,8,8,8,8,16
LA GUARDIA,consulta externa,repetidas en personas de 15 a 59 anos,2007-06-01,16,47,16,47,63
LA PAZ,consulta externa,repetidas en personas de 15 a 59 anos,2007-06-01,13982,29321,13982,29321,43303
LAGUNILLAS,consulta externa,repetidas en personas de 15 a 59 anos,2007-06-01,1,5,1,5,6
LAJA,consulta externa,repetidas en personas de 15 a 59 anos,2007-06-01,1,4,1,4,5
LAS CARRERAS,consulta externa,repetidas en personas de 15 a 59 anos,2007-06-01,5,5,5,5,10
LICOMA PAMPA,consulta externa,repetidas en personas de 15 a 59 anos,2007-06-01,1,2,1,2,3
LLALLAGUA,consulta externa,repetidas en personas de 15 a 59 anos,2007-06-01,70,120,70,120,190
LLICA,consulta externa,repetidas en personas de 15 a 59 anos,2007-06-01,12,10,12,10,22
LORETO,consulta externa,repetidas en personas de 15 a 59 anos,2007-06-01,2,10,2,10,12
LURIBAY,consulta externa,repetidas en personas de 15 a 59 anos,2007-06-01,8,21,8,21,29
MACHACAMARCA,consulta externa,repetidas en personas de 15 a 59 anos,2007-06-01,0,14,0,14,14
MACHARETI,consulta externa,repetidas en personas de 15 a 59 anos,2007-06-01,15,34,15,34,49
MAGDALENA,consulta externa,repetidas en personas de 15 a 59 anos,2007-06-01,39,63,39,63,102
MAIRANA,consulta externa,repetidas en personas de 15 a 59 anos,2007-06-01,1,8,1,8,9
MALLA,consulta externa,repetidas en personas de 15 a 59 anos,2007-06-01,1,1,1,1,2
MAPIRI,consulta externa,repetidas en personas de 15 a 59 anos,2007-06-01,16,11,16,11,27
MECAPACA,consulta externa,repetidas en personas de 15 a 59 anos,2007-06-01,12,19,12,19,31
MINEROS,consulta externa,repetidas en personas de 15 a 59 anos,2007-06-01,13,30,13,30,43
MIZQUE,consulta externa,repetidas en personas de 15 a 59 anos,2007-06-01,37,39,37,39,76
MOCOMOCO,consulta externa,repetidas en personas de 15 a 59 anos,2007-06-01,8,6,8,6,14
MOJINETE,consulta externa,repetidas en personas de 15 a 59 anos,2007-06-01,2,0,2,0,2
MOJOCOYA,consulta externa,repetidas en personas de 15 a 59 anos,2007-06-01,10,21,10,21,31
MONTEAGUDO,consulta externa,repetidas en personas de 15 a 59 anos,2007-06-01,112,370,112,370,482
MONTERO,consulta externa,repetidas en personas de 15 a 59 anos,2007-06-01,529,1141,529,1141,1670
MORO MORO,consulta externa,repetidas en personas de 15 a 59 anos,2007-06-01,6,0,6,0,6
MOROCHATA,consulta externa,repetidas en personas de 15 a 59 anos,2007-06-01,25,63,25,63,88
NACEBE (SANTA ROSA DEL ABUNA),consulta externa,repetidas en personas de 15 a 59 anos,2007-06-01,4,0,4,0,4
NUEVO MANOA (NUEVA ESPERANZA),consulta externa,repetidas en personas de 15 a 59 anos,2007-06-01,0,2,0,2,2
OCURI,consulta externa,repetidas en personas de 15 a 59 anos,2007-06-01,0,4,0,4,4
OKINAWA,consulta externa,repetidas en personas de 15 a 59 anos,2007-06-01,26,59,26,59,85
OMEREQUE,consulta externa,repetidas en personas de 15 a 59 anos,2007-06-01,0,3,0,3,3
ORURO,consulta externa,repetidas en personas de 15 a 59 anos,2007-06-01,1914,4232,1914,4232,6146
PADCAYA,consulta externa,repetidas en personas de 15 a 59 anos,2007-06-01,22,41,22,41,63
PADILLA,consulta externa,repetidas en personas de 15 a 59 anos,2007-06-01,11,64,11,64,75
PAILON,consulta externa,repetidas en personas de 15 a 59 anos,2007-06-01,1,6,1,6,7
PALCA,consulta externa,repetidas en personas de 15 a 59 anos,2007-06-01,3,7,3,7,10
PALOS BLANCOS,consulta externa,repetidas en personas de 15 a 59 anos,2007-06-01,40,70,40,70,110
PAMPA AULLAGAS,consulta externa,repetidas en personas de 15 a 59 anos,2007-06-01,1,0,1,0,1
PAMPA GRANDE,consulta externa,repetidas en personas de 15 a 59 anos,2007-06-01,3,1,3,1,4
PASORAPA,consulta externa,repetidas en personas de 15 a 59 anos,2007-06-01,0,2,0,2,2
PATACAMAYA,consulta externa,repetidas en personas de 15 a 59 anos,2007-06-01,3,3,3,3,6
PAZÑA,consulta externa,repetidas en personas de 15 a 59 anos,2007-06-01,23,21,23,21,44
PELECHUCO,consulta externa,repetidas en personas de 15 a 59 anos,2007-06-01,3,3,3,3,6
POCOATA,consulta externa,repetidas en personas de 15 a 59 anos,2007-06-01,8,11,8,11,19
POCONA,consulta externa,repetidas en personas de 15 a 59 anos,2007-06-01,1,7,1,7,8
POJO (CBBA),consulta externa,repetidas en personas de 15 a 59 anos,2007-06-01,1,0,1,0,1
POOPO,consulta externa,repetidas en personas de 15 a 59 anos,2007-06-01,5,11,5,11,16
PORCO,consulta externa,repetidas en personas de 15 a 59 anos,2007-06-01,1,0,1,0,1
POROMA,consulta externa,repetidas en personas de 15 a 59 anos,2007-06-01,7,11,7,11,18
PORONGO,consulta externa,repetidas en personas de 15 a 59 anos,2007-06-01,1,3,1,3,4
PORTACHUELO,consulta externa,repetidas en personas de 15 a 59 anos,2007-06-01,41,94,41,94,135
PORVENIR,consulta externa,repetidas en personas de 15 a 59 anos,2007-06-01,3,13,3,13,16
POSTRER VALLE,consulta externa,repetidas en personas de 15 a 59 anos,2007-06-01,2,5,2,5,7
POTOSI,consulta externa,repetidas en personas de 15 a 59 anos,2007-06-01,1298,3652,1298,3652,4950
PUCARA,consulta externa,repetidas en personas de 15 a 59 anos,2007-06-01,1,3,1,3,4
PUCARANI,consulta externa,repetidas en personas de 15 a 59 anos,2007-06-01,9,33,9,33,42
PUERTO ACOSTA,consulta externa,repetidas en personas de 15 a 59 anos,2007-06-01,13,17,13,17,30
PUERTO CARABUCO,consulta externa,repetidas en personas de 15 a 59 anos,2007-06-01,10,1,10,1,11
PUERTO GONZALO MORENO,consulta externa,repetidas en personas de 15 a 59 anos,2007-06-01,6,4,6,4,10
PUERTO PEREZ,consulta externa,repetidas en personas de 15 a 59 anos,2007-06-01,2,4,2,4,6
PUERTO QUIJARRO,consulta externa,repetidas en personas de 15 a 59 anos,2007-06-01,12,28,12,28,40
PUERTO RICO,consulta externa,repetidas en personas de 15 a 59 anos,2007-06-01,35,84,35,84,119
PUERTO SUAREZ,consulta externa,repetidas en personas de 15 a 59 anos,2007-06-01,28,58,28,58,86
PUERTO VILLARROEL,consulta externa,repetidas en personas de 15 a 59 anos,2007-06-01,36,93,36,93,129
PUNA,consulta externa,repetidas en personas de 15 a 59 anos,2007-06-01,22,26,22,26,48
PUNATA,consulta externa,repetidas en personas de 15 a 59 anos,2007-06-01,100,179,100,179,279
QUIABAYA,consulta externa,repetidas en personas de 15 a 59 anos,2007-06-01,2,2,2,2,4
QUILLACOLLO,consulta externa,repetidas en personas de 15 a 59 anos,2007-06-01,269,827,269,827,1096
QUIME,consulta externa,repetidas en personas de 15 a 59 anos,2007-06-01,2,2,2,2,4
RAVELO,consulta externa,repetidas en personas de 15 a 59 anos,2007-06-01,1,4,1,4,5
REYES,consulta externa,repetidas en personas de 15 a 59 anos,2007-06-01,24,37,24,37,61
RIBERALTA,consulta externa,repetidas en personas de 15 a 59 anos,2007-06-01,40,371,40,371,411
ROBORE,consulta externa,repetidas en personas de 15 a 59 anos,2007-06-01,55,142,55,142,197
RURRENABAQUE,consulta externa,repetidas en personas de 15 a 59 anos,2007-06-01,33,125,33,125,158
SACABA,consulta externa,repetidas en personas de 15 a 59 anos,2007-06-01,221,425,221,425,646
SACABAMBA,consulta externa,repetidas en personas de 15 a 59 anos,2007-06-01,8,15,8,15,23
SACACA,consulta externa,repetidas en personas de 15 a 59 anos,2007-06-01,8,3,8,3,11
SAIPINA,consulta externa,repetidas en personas de 15 a 59 anos,2007-06-01,1,1,1,1,2
SALINAS DE GARCI MENDOZA,consulta externa,repetidas en personas de 15 a 59 anos,2007-06-01,1,3,1,3,4
SAMAIPATA,consulta externa,repetidas en personas de 15 a 59 anos,2007-06-01,2,2,2,2,4
SAN AGUSTIN,consulta externa,repetidas en personas de 15 a 59 anos,2007-06-01,5,3,5,3,8
SAN ANDRES,consulta externa,repetidas en personas de 15 a 59 anos,2007-06-01,4,14,4,14,18
SAN ANDRES DE MACHACA,consulta externa,repetidas en personas de 15 a 59 anos,2007-06-01,3,5,3,5,8
SAN ANTONIO DE ESMORUCO,consulta externa,repetidas en personas de 15 a 59 anos,2007-06-01,2,14,2,14,16
SAN ANTONIO DE LOMERIO,consulta externa,repetidas en personas de 15 a 59 anos,2007-06-01,0,1,0,1,1
SAN BENITO,consulta externa,repetidas en personas de 15 a 59 anos,2007-06-01,27,29,27,29,56
SAN BORJA,consulta externa,repetidas en personas de 15 a 59 anos,2007-06-01,29,113,29,113,142
SAN BUENA VENTURA,consulta externa,repetidas en personas de 15 a 59 anos,2007-06-01,11,79,11,79,90
SAN CARLOS,consulta externa,repetidas en personas de 15 a 59 anos,2007-06-01,6,255,6,255,261
SAN IGNACIO,consulta externa,repetidas en personas de 15 a 59 anos,2007-06-01,49,146,49,146,195
SAN IGNACIO DE VELASCO,consulta externa,repetidas en personas de 15 a 59 anos,2007-06-01,58,163,58,163,221
SAN JAVIER(BNI),consulta externa,repetidas en personas de 15 a 59 anos,2007-06-01,1,1,1,1,2
SAN JAVIER(STC),consulta externa,repetidas en personas de 15 a 59 anos,2007-06-01,8,44,8,44,52
SAN JOAQUIN,consulta externa,repetidas en personas de 15 a 59 anos,2007-06-01,1,3,1,3,4
SAN JOSE DE CHIQUITOS,consulta externa,repetidas en personas de 15 a 59 anos,2007-06-01,21,17,21,17,38
SAN JUAN DE YAPACANI,consulta externa,repetidas en personas de 15 a 59 anos,2007-06-01,15,42,15,42,57
SAN JULIAN,consulta externa,repetidas en personas de 15 a 59 anos,2007-06-01,104,208,104,208,312
SAN LORENZO(PND),consulta externa,repetidas en personas de 15 a 59 anos,2007-06-01,1,2,1,2,3
SAN LORENZO(TJA),consulta externa,repetidas en personas de 15 a 59 anos,2007-06-01,10,46,10,46,56
SAN LUCAS,consulta externa,repetidas en personas de 15 a 59 anos,2007-06-01,20,31,20,31,51
SAN MATIAS,consulta externa,repetidas en personas de 15 a 59 anos,2007-06-01,5,12,5,12,17
SAN MIGUEL DE VELASCO,consulta externa,repetidas en personas de 15 a 59 anos,2007-06-01,5,13,5,13,18
SAN PABLO DE LIPEZ,consulta externa,repetidas en personas de 15 a 59 anos,2007-06-01,13,20,13,20,33
SAN PEDRO,consulta externa,repetidas en personas de 15 a 59 anos,2007-06-01,28,37,28,37,65
SAN PEDRO DE BUENA VISTA,consulta externa,repetidas en personas de 15 a 59 anos,2007-06-01,4,1,4,1,5
SAN PEDRO DE CURAHUARA,consulta externa,repetidas en personas de 15 a 59 anos,2007-06-01,6,0,6,0,6
SAN PEDRO DE TIQUINA,consulta externa,repetidas en personas de 15 a 59 anos,2007-06-01,3,8,3,8,11
SAN PEDRO(PND),consulta externa,repetidas en personas de 15 a 59 anos,2007-06-01,2,1,2,1,3
SAN RAFAEL,consulta externa,repetidas en personas de 15 a 59 anos,2007-06-01,3,3,3,3,6
SAN RAMON,consulta externa,repetidas en personas de 15 a 59 anos,2007-06-01,17,37,17,37,54
SAN RAMON,consulta externa,repetidas en personas de 15 a 59 anos,2007-06-01,83,229,83,229,312
SANTA ANA,consulta externa,repetidas en personas de 15 a 59 anos,2007-06-01,18,86,18,86,104
SANTA CRUZ DE LA SIERRA,consulta externa,repetidas en personas de 15 a 59 anos,2007-06-01,5669,16416,5669,16416,22085
SANTA ROSA,consulta externa,repetidas en personas de 15 a 59 anos,2007-06-01,0,2,0,2,2
SANTA ROSA DEL SARA,consulta externa,repetidas en personas de 15 a 59 anos,2007-06-01,1,5,1,5,6
SANTIAGO DE HUARI,consulta externa,repetidas en personas de 15 a 59 anos,2007-06-01,36,35,36,35,71
SANTIVAÑES,consulta externa,repetidas en personas de 15 a 59 anos,2007-06-01,5,6,5,6,11
SANTUARIO DE QUILLACAS,consulta externa,repetidas en personas de 15 a 59 anos,2007-06-01,2,0,2,0,2
SAPAHAQUI,consulta externa,repetidas en personas de 15 a 59 anos,2007-06-01,4,5,4,5,9
SENA,consulta externa,repetidas en personas de 15 a 59 anos,2007-06-01,2,10,2,10,12
SICA SICA (VILLA AROMA),consulta externa,repetidas en personas de 15 a 59 anos,2007-06-01,7,1,7,1,8
SICAYA,consulta externa,repetidas en personas de 15 a 59 anos,2007-06-01,0,1,0,1,1
SIPE SIPE,consulta externa,repetidas en personas de 15 a 59 anos,2007-06-01,38,124,38,124,162
SOPACHUY,consulta externa,repetidas en personas de 15 a 59 anos,2007-06-01,1,7,1,7,8
SORACACHI,consulta externa,repetidas en personas de 15 a 59 anos,2007-06-01,2,6,2,6,8
SORATA,consulta externa,repetidas en personas de 15 a 59 anos,2007-06-01,8,11,8,11,19
SUCRE,consulta externa,repetidas en personas de 15 a 59 anos,2007-06-01,3071,7303,3071,7303,10374
TACACHI,consulta externa,repetidas en personas de 15 a 59 anos,2007-06-01,3,5,3,5,8
TACACOMA,consulta externa,repetidas en personas de 15 a 59 anos,2007-06-01,4,5,4,5,9
TACOBAMBA,consulta externa,repetidas en personas de 15 a 59 anos,2007-06-01,1,2,1,2,3
TACOPAYA,consulta externa,repetidas en personas de 15 a 59 anos,2007-06-01,3,3,3,3,6
TAHUA,consulta externa,repetidas en personas de 15 a 59 anos,2007-06-01,5,2,5,2,7
TAPACARI,consulta externa,repetidas en personas de 15 a 59 anos,2007-06-01,0,22,0,22,22
TARABUCO,consulta externa,repetidas en personas de 15 a 59 anos,2007-06-01,33,71,33,71,104
TARACO,consulta externa,repetidas en personas de 15 a 59 anos,2007-06-01,1,2,1,2,3
TARATA,consulta externa,repetidas en personas de 15 a 59 anos,2007-06-01,2,4,2,4,6
TARIJA,consulta externa,repetidas en personas de 15 a 59 anos,2007-06-01,3162,6119,3162,6119,9281
TARVITA,consulta externa,repetidas en personas de 15 a 59 anos,2007-06-01,3,7,3,7,10
TEOPONTE,consulta externa,repetidas en personas de 15 a 59 anos,2007-06-01,6,9,6,9,15
TIAWANACU,consulta externa,repetidas en personas de 15 a 59 anos,2007-06-01,6,6,6,6,12
TINGUIPAYA,consulta externa,repetidas en personas de 15 a 59 anos,2007-06-01,2,1,2,1,3
TIPUANI,consulta externa,repetidas en personas de 15 a 59 anos,2007-06-01,22,18,22,18,40
TIQUIPAYA,consulta externa,repetidas en personas de 15 a 59 anos,2007-06-01,22,331,22,331,353
TIRAQUE (CBBA),consulta externa,repetidas en personas de 15 a 59 anos,2007-06-01,44,137,44,137,181
TITO YUPANQUI (PARQUIPUJIO),consulta externa,repetidas en personas de 15 a 59 anos,2007-06-01,2,10,2,10,12
TOCO,consulta externa,repetidas en personas de 15 a 59 anos,2007-06-01,7,14,7,14,21
TOLATA,consulta externa,repetidas en personas de 15 a 59 anos,2007-06-01,1,54,1,54,55
TOLEDO,consulta externa,repetidas en personas de 15 a 59 anos,2007-06-01,5,12,5,12,17
TOMAVE,consulta externa,repetidas en personas de 15 a 59 anos,2007-06-01,11,24,11,24,35
TOMINA,consulta externa,repetidas en personas de 15 a 59 anos,2007-06-01,4,10,4,10,14
TORO TORO,consulta externa,repetidas en personas de 15 a 59 anos,2007-06-01,4,3,4,3,7
TOTORA(CBBA),consulta externa,repetidas en personas de 15 a 59 anos,2007-06-01,12,8,12,8,20
TRIGAL,consulta externa,repetidas en personas de 15 a 59 anos,2007-06-01,2,2,2,2,4
TRINIDAD,consulta externa,repetidas en personas de 15 a 59 anos,2007-06-01,328,757,328,757,1085
TUPIZA,consulta externa,repetidas en personas de 15 a 59 anos,2007-06-01,244,319,244,319,563
TURCO,consulta externa,repetidas en personas de 15 a 59 anos,2007-06-01,3,2,3,2,5
UNCIA,consulta externa,repetidas en personas de 15 a 59 anos,2007-06-01,70,200,70,200,270
URIONDO (A. CONCEPCION),consulta externa,repetidas en personas de 15 a 59 anos,2007-06-01,4,5,4,5,9
URUBICHA,consulta externa,repetidas en personas de 15 a 59 anos,2007-06-01,0,155,0,155,155
UYUNI,consulta externa,repetidas en personas de 15 a 59 anos,2007-06-01,66,138,66,138,204
VACAS,consulta externa,repetidas en personas de 15 a 59 anos,2007-06-01,15,39,15,39,54
VALLEGRANDE,consulta externa,repetidas en personas de 15 a 59 anos,2007-06-01,78,210,78,210,288
VIACHA,consulta externa,repetidas en personas de 15 a 59 anos,2007-06-01,127,255,127,255,382
VILA VILA,consulta externa,repetidas en personas de 15 a 59 anos,2007-06-01,2,4,2,4,6
VILLA MONTES,consulta externa,repetidas en personas de 15 a 59 anos,2007-06-01,108,188,108,188,296
VILLA NUEVA (LOMA ALTA),consulta externa,repetidas en personas de 15 a 59 anos,2007-06-01,4,5,4,5,9
VILLA RIVERO,consulta externa,repetidas en personas de 15 a 59 anos,2007-06-01,6,18,6,18,24
VILLA SERRANO,consulta externa,repetidas en personas de 15 a 59 anos,2007-06-01,5,1,5,1,6
VILLA TUNARI,consulta externa,repetidas en personas de 15 a 59 anos,2007-06-01,35,66,35,66,101
VILLA VACA GUZMAN (MUYUPAMPA),consulta externa,repetidas en personas de 15 a 59 anos,2007-06-01,4,57,4,57,61
VILLAZON,consulta externa,repetidas en personas de 15 a 59 anos,2007-06-01,43,121,43,121,164
VINTO,consulta externa,repetidas en personas de 15 a 59 anos,2007-06-01,11,24,11,24,35
VITICHI,consulta externa,repetidas en personas de 15 a 59 anos,2007-06-01,8,16,8,16,24
WALDO BALLIVIAN,consulta externa,repetidas en personas de 15 a 59 anos,2007-06-01,0,3,0,3,3
WARNES,consulta externa,repetidas en personas de 15 a 59 anos,2007-06-01,5,145,5,145,150
YACO,consulta externa,repetidas en personas de 15 a 59 anos,2007-06-01,2,6,2,6,8
YACUIBA,consulta externa,repetidas en personas de 15 a 59 anos,2007-06-01,255,1189,255,1189,1444
YAMPARAEZ,consulta externa,repetidas en personas de 15 a 59 anos,2007-06-01,14,12,14,12,26
YANACACHI,consulta externa,repetidas en personas de 15 a 59 anos,2007-06-01,2,3,2,3,5
YAPACANI,consulta externa,repetidas en personas de 15 a 59 anos,2007-06-01,13,17,13,17,30
YOCALLA,consulta externa,repetidas en personas de 15 a 59 anos,2007-06-01,3,1,3,1,4
YOTALA,consulta externa,repetidas en personas de 15 a 59 anos,2007-06-01,30,82,30,82,112
YUNCHARA,consulta externa,repetidas en personas de 15 a 59 anos,2007-06-01,5,11,5,11,16
ZUDAÑEZ,consulta externa,repetidas en personas de 15 a 59 anos,2007-06-01,6,2,6,2,8
ACACIO,consulta externa,repetidas en personas de 15 a 59 anos,2007-07-01,1,6,1,6,7
ACHACACHI,consulta externa,repetidas en personas de 15 a 59 anos,2007-07-01,36,37,36,37,73
ACHOCALLA,consulta externa,repetidas en personas de 15 a 59 anos,2007-07-01,2,2,2,2,4
AIQUILE,consulta externa,repetidas en personas de 15 a 59 anos,2007-07-01,37,239,37,239,276
ALCALA,consulta externa,repetidas en personas de 15 a 59 anos,2007-07-01,2,2,2,2,4
ANCORAIMES,consulta externa,repetidas en personas de 15 a 59 anos,2007-07-01,5,13,5,13,18
ANDAMARCA,consulta externa,repetidas en personas de 15 a 59 anos,2007-07-01,6,5,6,5,11
ANTEQUERA,consulta externa,repetidas en personas de 15 a 59 anos,2007-07-01,3,15,3,15,18
ANZALDO,consulta externa,repetidas en personas de 15 a 59 anos,2007-07-01,4,11,4,11,15
APOLO,consulta externa,repetidas en personas de 15 a 59 anos,2007-07-01,7,31,7,31,38
ARAMPAMPA,consulta externa,repetidas en personas de 15 a 59 anos,2007-07-01,4,0,4,0,4
ARANI,consulta externa,repetidas en personas de 15 a 59 anos,2007-07-01,4,8,4,8,12
ARBIETO,consulta externa,repetidas en personas de 15 a 59 anos,2007-07-01,2,21,2,21,23
ARQUE,consulta externa,repetidas en personas de 15 a 59 anos,2007-07-01,1,2,1,2,3
ASCENCION DE GUARAYOS,consulta externa,repetidas en personas de 15 a 59 anos,2007-07-01,21,40,21,40,61
ATOCHA,consulta externa,repetidas en personas de 15 a 59 anos,2007-07-01,289,149,289,149,438
AUCAPATA,consulta externa,repetidas en personas de 15 a 59 anos,2007-07-01,8,3,8,3,11
AYATA,consulta externa,repetidas en personas de 15 a 59 anos,2007-07-01,18,17,18,17,35
AYO AYO,consulta externa,repetidas en personas de 15 a 59 anos,2007-07-01,8,9,8,9,17
AYOPAYA (V. DE INDEPENDENCIA),consulta externa,repetidas en personas de 15 a 59 anos,2007-07-01,22,27,22,27,49
AZURDUY,consulta externa,repetidas en personas de 15 a 59 anos,2007-07-01,3,9,3,9,12
BATALLAS,consulta externa,repetidas en personas de 15 a 59 anos,2007-07-01,1,3,1,3,4
BAURES,consulta externa,repetidas en personas de 15 a 59 anos,2007-07-01,6,12,6,12,18
BELEN DE ANDAMARCA,consulta externa,repetidas en personas de 15 a 59 anos,2007-07-01,0,1,0,1,1
BELEN DE URMIRI,consulta externa,repetidas en personas de 15 a 59 anos,2007-07-01,1,5,1,5,6
BERMEJO,consulta externa,repetidas en personas de 15 a 59 anos,2007-07-01,111,180,111,180,291
BETANZOS,consulta externa,repetidas en personas de 15 a 59 anos,2007-07-01,27,36,27,36,63
BOLIVAR,consulta externa,repetidas en personas de 15 a 59 anos,2007-07-01,3,8,3,8,11
BOLPEBRA,consulta externa,repetidas en personas de 15 a 59 anos,2007-07-01,3,2,3,2,5
BOYUIBE,consulta externa,repetidas en personas de 15 a 59 anos,2007-07-01,9,6,9,6,15
BUENA VISTA,consulta externa,repetidas en personas de 15 a 59 anos,2007-07-01,17,40,17,40,57
CABEZAS,consulta externa,repetidas en personas de 15 a 59 anos,2007-07-01,7,60,7,60,67
CAIROMA,consulta externa,repetidas en personas de 15 a 59 anos,2007-07-01,33,32,33,32,65
"CAIZA ""D""",consulta externa,repetidas en personas de 15 a 59 anos,2007-07-01,11,4,11,4,15
CAJUATA,consulta externa,repetidas en personas de 15 a 59 anos,2007-07-01,6,8,6,8,14
CALACOTO,consulta externa,repetidas en personas de 15 a 59 anos,2007-07-01,10,2,10,2,12
CALAMARCA,consulta externa,repetidas en personas de 15 a 59 anos,2007-07-01,6,14,6,14,20
CAMARGO,consulta externa,repetidas en personas de 15 a 59 anos,2007-07-01,12,24,12,24,36
CAMATAQUI (C. VILLA ABECIA),consulta externa,repetidas en personas de 15 a 59 anos,2007-07-01,14,28,14,28,42
CAMIRI,consulta externa,repetidas en personas de 15 a 59 anos,2007-07-01,91,403,91,403,494
CAPINOTA,consulta externa,repetidas en personas de 15 a 59 anos,2007-07-01,6,24,6,24,30
CAQUIAVIRI,consulta externa,repetidas en personas de 15 a 59 anos,2007-07-01,1,2,1,2,3
CARACOLLO,consulta externa,repetidas en personas de 15 a 59 anos,2007-07-01,7,7,7,7,14
CARANAVI,consulta externa,repetidas en personas de 15 a 59 anos,2007-07-01,42,59,42,59,101
CARAPARI,consulta externa,repetidas en personas de 15 a 59 anos,2007-07-01,5,4,5,4,9
CARIPUYO,consulta externa,repetidas en personas de 15 a 59 anos,2007-07-01,2,0,2,0,2
CARMEN RIVERO TORREZ,consulta externa,repetidas en personas de 15 a 59 anos,2007-07-01,1,0,1,0,1
CATACORA,consulta externa,repetidas en personas de 15 a 59 anos,2007-07-01,0,2,0,2,2
CHALLAPATA,consulta externa,repetidas en personas de 15 a 59 anos,2007-07-01,60,108,60,108,168
CHAQUI,consulta externa,repetidas en personas de 15 a 59 anos,2007-07-01,2,2,2,2,4
CHARAGUA,consulta externa,repetidas en personas de 15 a 59 anos,2007-07-01,15,33,15,33,48
CHARAÑA,consulta externa,repetidas en personas de 15 a 59 anos,2007-07-01,3,1,3,1,4
CHAYANTA,consulta externa,repetidas en personas de 15 a 59 anos,2007-07-01,2,5,2,5,7
CHIMORE,consulta externa,repetidas en personas de 15 a 59 anos,2007-07-01,20,25,20,25,45
CHOQUE COTA,consulta externa,repetidas en personas de 15 a 59 anos,2007-07-01,2,0,2,0,2
CHULUMANI (V. DE LA LIBERTAD),consulta externa,repetidas en personas de 15 a 59 anos,2007-07-01,67,52,67,52,119
CHUMA,consulta externa,repetidas en personas de 15 a 59 anos,2007-07-01,6,3,6,3,9
CLIZA,consulta externa,repetidas en personas de 15 a 59 anos,2007-07-01,14,11,14,11,25
COBIJA,consulta externa,repetidas en personas de 15 a 59 anos,2007-07-01,249,686,249,686,935
COCHABAMBA,consulta externa,repetidas en personas de 15 a 59 anos,2007-07-01,9233,20552,9233,20552,29785
COIPASA,consulta externa,repetidas en personas de 15 a 59 anos,2007-07-01,0,2,0,2,2
COLCAPIRHUA,consulta externa,repetidas en personas de 15 a 59 anos,2007-07-01,124,408,124,408,532
"COLCHA ""K""",consulta externa,repetidas en personas de 15 a 59 anos,2007-07-01,3,4,3,4,7
COLLANA,consulta externa,repetidas en personas de 15 a 59 anos,2007-07-01,7,4,7,4,11
COLOMI,consulta externa,repetidas en personas de 15 a 59 anos,2007-07-01,5,4,5,4,9
COLPA BELGICA,consulta externa,repetidas en personas de 15 a 59 anos,2007-07-01,84,70,84,70,154
COLQUECHACA,consulta externa,repetidas en personas de 15 a 59 anos,2007-07-01,5,7,5,7,12
COLQUENCHA,consulta externa,repetidas en personas de 15 a 59 anos,2007-07-01,7,5,7,5,12
COLQUIRI,consulta externa,repetidas en personas de 15 a 59 anos,2007-07-01,31,48,31,48,79
COMARAPA,consulta externa,repetidas en personas de 15 a 59 anos,2007-07-01,6,36,6,36,42
CONCEPCION,consulta externa,repetidas en personas de 15 a 59 anos,2007-07-01,0,2,0,2,2
COPACABANA,consulta externa,repetidas en personas de 15 a 59 anos,2007-07-01,8,28,8,28,36
CORIPATA,consulta externa,repetidas en personas de 15 a 59 anos,2007-07-01,3,12,3,12,15
CORO CORO,consulta externa,repetidas en personas de 15 a 59 anos,2007-07-01,5,2,5,2,7
COROICO,consulta externa,repetidas en personas de 15 a 59 anos,2007-07-01,38,72,38,72,110
CORQUE,consulta externa,repetidas en personas de 15 a 59 anos,2007-07-01,5,2,5,2,7
COTAGAITA,consulta externa,repetidas en personas de 15 a 59 anos,2007-07-01,69,90,69,90,159
COTOCA,consulta externa,repetidas en personas de 15 a 59 anos,2007-07-01,14,22,14,22,36
CUATRO CAÑADAS,consulta externa,repetidas en personas de 15 a 59 anos,2007-07-01,59,72,59,72,131
CUCHUMUELA (V. G. VILLARROEL),consulta externa,repetidas en personas de 15 a 59 anos,2007-07-01,0,2,0,2,2
CUEVO,consulta externa,repetidas en personas de 15 a 59 anos,2007-07-01,5,4,5,4,9
CULPINA,consulta externa,repetidas en personas de 15 a 59 anos,2007-07-01,7,10,7,10,17
CURAHUARA DE CARANGAS,consulta externa,repetidas en personas de 15 a 59 anos,2007-07-01,2,0,2,0,2
CURVA,consulta externa,repetidas en personas de 15 a 59 anos,2007-07-01,0,6,0,6,6
DESAGUADERO,consulta externa,repetidas en personas de 15 a 59 anos,2007-07-01,2,2,2,2,4
EL ALTO,consulta externa,repetidas en personas de 15 a 59 anos,2007-07-01,3638,6827,3638,6827,10465
EL CHORO,consulta externa,repetidas en personas de 15 a 59 anos,2007-07-01,5,5,5,5,10
EL PUENTE(STC),consulta externa,repetidas en personas de 15 a 59 anos,2007-07-01,3,6,3,6,9
EL PUENTE(TJA),consulta externa,repetidas en personas de 15 a 59 anos,2007-07-01,2,1,2,1,3
EL TORNO,consulta externa,repetidas en personas de 15 a 59 anos,2007-07-01,127,182,127,182,309
EL VILLAR,consulta externa,repetidas en personas de 15 a 59 anos,2007-07-01,4,6,4,6,10
ENTRE RIOS,consulta externa,repetidas en personas de 15 a 59 anos,2007-07-01,3,11,3,11,14
ENTRE RIOS,consulta externa,repetidas en personas de 15 a 59 anos,2007-07-01,9,12,9,12,21
EUCALIPTUS,consulta externa,repetidas en personas de 15 a 59 anos,2007-07-01,4,5,4,5,9
EXALTACION,consulta externa,repetidas en personas de 15 a 59 anos,2007-07-01,0,4,0,4,4
FERNANDEZ ALONSO,consulta externa,repetidas en personas de 15 a 59 anos,2007-07-01,8,29,8,29,37
FILADELFIA,consulta externa,repetidas en personas de 15 a 59 anos,2007-07-01,68,69,68,69,137
GENERAL SAAVEDRA,consulta externa,repetidas en personas de 15 a 59 anos,2007-07-01,10,4,10,4,14
GRAL. J.J. PEREZ (CHARAZANI),consulta externa,repetidas en personas de 15 a 59 anos,2007-07-01,6,6,6,6,12
GUANAY,consulta externa,repetidas en personas de 15 a 59 anos,2007-07-01,4,4,4,4,8
GUAQUI,consulta externa,repetidas en personas de 15 a 59 anos,2007-07-01,6,16,6,16,22
GUAYARAMERIN,consulta externa,repetidas en personas de 15 a 59 anos,2007-07-01,134,216,134,216,350
GUTIERREZ,consulta externa,repetidas en personas de 15 a 59 anos,2007-07-01,9,17,9,17,26
HUACARETA,consulta externa,repetidas en personas de 15 a 59 anos,2007-07-01,18,40,18,40,58
HUACHACALLA,consulta externa,repetidas en personas de 15 a 59 anos,2007-07-01,0,1,0,1,1
HUANUNI,consulta externa,repetidas en personas de 15 a 59 anos,2007-07-01,219,268,219,268,487
HUARACAJE,consulta externa,repetidas en personas de 15 a 59 anos,2007-07-01,7,4,7,4,11
ICHOCA,consulta externa,repetidas en personas de 15 a 59 anos,2007-07-01,0,2,0,2,2
ICLA,consulta externa,repetidas en personas de 15 a 59 anos,2007-07-01,12,2,12,2,14
INCAHUASI,consulta externa,repetidas en personas de 15 a 59 anos,2007-07-01,2,12,2,12,14
INGAVI (HUMAITA),consulta externa,repetidas en personas de 15 a 59 anos,2007-07-01,8,0,8,0,8
INQUISIVI,consulta externa,repetidas en personas de 15 a 59 anos,2007-07-01,5,2,5,2,7
IRUPANA (VILLA DE LANZA),consulta externa,repetidas en personas de 15 a 59 anos,2007-07-01,14,12,14,12,26
IXIAMAS,consulta externa,repetidas en personas de 15 a 59 anos,2007-07-01,4,0,4,0,4
JESUS DE MACHACA,consulta externa,repetidas en personas de 15 a 59 anos,2007-07-01,6,16,6,16,22
LA ASUNTA,consulta externa,repetidas en personas de 15 a 59 anos,2007-07-01,16,21,16,21,37
LA GUARDIA,consulta externa,repetidas en personas de 15 a 59 anos,2007-07-01,20,73,20,73,93
LA PAZ,consulta externa,repetidas en personas de 15 a 59 anos,2007-07-01,15032,31524,15032,31524,46556
LA RIVERA,consulta externa,repetidas en personas de 15 a 59 anos,2007-07-01,1,0,1,0,1
LAGUNILLAS,consulta externa,repetidas en personas de 15 a 59 anos,2007-07-01,2,3,2,3,5
LAJA,consulta externa,repetidas en personas de 15 a 59 anos,2007-07-01,8,14,8,14,22
LAS CARRERAS,consulta externa,repetidas en personas de 15 a 59 anos,2007-07-01,4,6,4,6,10
LICOMA PAMPA,consulta externa,repetidas en personas de 15 a 59 anos,2007-07-01,1,4,1,4,5
LLALLAGUA,consulta externa,repetidas en personas de 15 a 59 anos,2007-07-01,95,126,95,126,221
LLICA,consulta externa,repetidas en personas de 15 a 59 anos,2007-07-01,3,1,3,1,4
LORETO,consulta externa,repetidas en personas de 15 a 59 anos,2007-07-01,2,1,2,1,3
LURIBAY,consulta externa,repetidas en personas de 15 a 59 anos,2007-07-01,13,30,13,30,43
MACHACAMARCA,consulta externa,repetidas en personas de 15 a 59 anos,2007-07-01,11,17,11,17,28
MACHARETI,consulta externa,repetidas en personas de 15 a 59 anos,2007-07-01,7,18,7,18,25
MAGDALENA,consulta externa,repetidas en personas de 15 a 59 anos,2007-07-01,35,66,35,66,101
MAIRANA,consulta externa,repetidas en personas de 15 a 59 anos,2007-07-01,3,1,3,1,4
MALLA,consulta externa,repetidas en personas de 15 a 59 anos,2007-07-01,3,2,3,2,5
MAPIRI,consulta externa,repetidas en personas de 15 a 59 anos,2007-07-01,8,11,8,11,19
MECAPACA,consulta externa,repetidas en personas de 15 a 59 anos,2007-07-01,30,17,30,17,47
MINEROS,consulta externa,repetidas en personas de 15 a 59 anos,2007-07-01,0,1,0,1,1
MIZQUE,consulta externa,repetidas en personas de 15 a 59 anos,2007-07-01,14,21,14,21,35
MOCOMOCO,consulta externa,repetidas en personas de 15 a 59 anos,2007-07-01,8,20,8,20,28
MOJINETE,consulta externa,repetidas en personas de 15 a 59 anos,2007-07-01,1,0,1,0,1
MOJOCOYA,consulta externa,repetidas en personas de 15 a 59 anos,2007-07-01,11,38,11,38,49
MONTEAGUDO,consulta externa,repetidas en personas de 15 a 59 anos,2007-07-01,118,347,118,347,465
MONTERO,consulta externa,repetidas en personas de 15 a 59 anos,2007-07-01,815,1413,815,1413,2228
MORO MORO,consulta externa,repetidas en personas de 15 a 59 anos,2007-07-01,3,10,3,10,13
MOROCHATA,consulta externa,repetidas en personas de 15 a 59 anos,2007-07-01,13,78,13,78,91
NACEBE (SANTA ROSA DEL ABUNA),consulta externa,repetidas en personas de 15 a 59 anos,2007-07-01,3,0,3,0,3
NUEVO MANOA (NUEVA ESPERANZA),consulta externa,repetidas en personas de 15 a 59 anos,2007-07-01,2,0,2,0,2
OCURI,consulta externa,repetidas en personas de 15 a 59 anos,2007-07-01,4,4,4,4,8
OKINAWA,consulta externa,repetidas en personas de 15 a 59 anos,2007-07-01,21,61,21,61,82
OMEREQUE,consulta externa,repetidas en personas de 15 a 59 anos,2007-07-01,1,9,1,9,10
ORURO,consulta externa,repetidas en personas de 15 a 59 anos,2007-07-01,1748,3314,1748,3314,5062
PADCAYA,consulta externa,repetidas en personas de 15 a 59 anos,2007-07-01,15,24,15,24,39
PADILLA,consulta externa,repetidas en personas de 15 a 59 anos,2007-07-01,17,84,17,84,101
PAILON,consulta externa,repetidas en personas de 15 a 59 anos,2007-07-01,5,7,5,7,12
PALCA,consulta externa,repetidas en personas de 15 a 59 anos,2007-07-01,7,9,7,9,16
PALOS BLANCOS,consulta externa,repetidas en personas de 15 a 59 anos,2007-07-01,28,16,28,16,44
PAMPA AULLAGAS,consulta externa,repetidas en personas de 15 a 59 anos,2007-07-01,4,2,4,2,6
PAMPA GRANDE,consulta externa,repetidas en personas de 15 a 59 anos,2007-07-01,0,15,0,15,15
PASORAPA,consulta externa,repetidas en personas de 15 a 59 anos,2007-07-01,0,1,0,1,1
PATACAMAYA,consulta externa,repetidas en personas de 15 a 59 anos,2007-07-01,0,2,0,2,2
PAZÑA,consulta externa,repetidas en personas de 15 a 59 anos,2007-07-01,21,22,21,22,43
PELECHUCO,consulta externa,repetidas en personas de 15 a 59 anos,2007-07-01,3,1,3,1,4
POCOATA,consulta externa,repetidas en personas de 15 a 59 anos,2007-07-01,3,12,3,12,15
POCONA,consulta externa,repetidas en personas de 15 a 59 anos,2007-07-01,3,4,3,4,7
POJO (CBBA),consulta externa,repetidas en personas de 15 a 59 anos,2007-07-01,3,4,3,4,7
POOPO,consulta externa,repetidas en personas de 15 a 59 anos,2007-07-01,11,12,11,12,23
PORCO,consulta externa,repetidas en personas de 15 a 59 anos,2007-07-01,0,2,0,2,2
POROMA,consulta externa,repetidas en personas de 15 a 59 anos,2007-07-01,3,5,3,5,8
PORONGO,consulta externa,repetidas en personas de 15 a 59 anos,2007-07-01,2,0,2,0,2
PORTACHUELO,consulta externa,repetidas en personas de 15 a 59 anos,2007-07-01,45,93,45,93,138
PORVENIR,consulta externa,repetidas en personas de 15 a 59 anos,2007-07-01,5,5,5,5,10
POSTRER VALLE,consulta externa,repetidas en personas de 15 a 59 anos,2007-07-01,7,2,7,2,9
POTOSI,consulta externa,repetidas en personas de 15 a 59 anos,2007-07-01,1566,4051,1566,4051,5617
PRESTO,consulta externa,repetidas en personas de 15 a 59 anos,2007-07-01,1,1,1,1,2
PUCARA,consulta externa,repetidas en personas de 15 a 59 anos,2007-07-01,3,0,3,0,3
PUCARANI,consulta externa,repetidas en personas de 15 a 59 anos,2007-07-01,13,24,13,24,37
PUERTO ACOSTA,consulta externa,repetidas en personas de 15 a 59 anos,2007-07-01,3,6,3,6,9
PUERTO CARABUCO,consulta externa,repetidas en personas de 15 a 59 anos,2007-07-01,7,9,7,9,16
PUERTO GONZALO MORENO,consulta externa,repetidas en personas de 15 a 59 anos,2007-07-01,6,4,6,4,10
PUERTO PEREZ,consulta externa,repetidas en personas de 15 a 59 anos,2007-07-01,3,0,3,0,3
PUERTO QUIJARRO,consulta externa,repetidas en personas de 15 a 59 anos,2007-07-01,11,32,11,32,43
PUERTO RICO,consulta externa,repetidas en personas de 15 a 59 anos,2007-07-01,8,17,8,17,25
PUERTO SUAREZ,consulta externa,repetidas en personas de 15 a 59 anos,2007-07-01,40,47,40,47,87
PUERTO VILLARROEL,consulta externa,repetidas en personas de 15 a 59 anos,2007-07-01,21,28,21,28,49
PUNA,consulta externa,repetidas en personas de 15 a 59 anos,2007-07-01,9,16,9,16,25
PUNATA,consulta externa,repetidas en personas de 15 a 59 anos,2007-07-01,112,249,112,249,361
QUIABAYA,consulta externa,repetidas en personas de 15 a 59 anos,2007-07-01,1,3,1,3,4
QUILLACOLLO,consulta externa,repetidas en personas de 15 a 59 anos,2007-07-01,195,707,195,707,902
QUIME,consulta externa,repetidas en personas de 15 a 59 anos,2007-07-01,10,1,10,1,11
QUIRUSILLAS,consulta externa,repetidas en personas de 15 a 59 anos,2007-07-01,0,1,0,1,1
RAVELO,consulta externa,repetidas en personas de 15 a 59 anos,2007-07-01,0,1,0,1,1
REYES,consulta externa,repetidas en personas de 15 a 59 anos,2007-07-01,14,33,14,33,47
RIBERALTA,consulta externa,repetidas en personas de 15 a 59 anos,2007-07-01,35,245,35,245,280
ROBORE,consulta externa,repetidas en personas de 15 a 59 anos,2007-07-01,38,86,38,86,124
RURRENABAQUE,consulta externa,repetidas en personas de 15 a 59 anos,2007-07-01,31,121,31,121,152
SABAYA,consulta externa,repetidas en personas de 15 a 59 anos,2007-07-01,1,7,1,7,8
SACABA,consulta externa,repetidas en personas de 15 a 59 anos,2007-07-01,240,346,240,346,586
SACABAMBA,consulta externa,repetidas en personas de 15 a 59 anos,2007-07-01,7,16,7,16,23
SACACA,consulta externa,repetidas en personas de 15 a 59 anos,2007-07-01,7,9,7,9,16
SAIPINA,consulta externa,repetidas en personas de 15 a 59 anos,2007-07-01,1,3,1,3,4
SALINAS DE GARCI MENDOZA,consulta externa,repetidas en personas de 15 a 59 anos,2007-07-01,2,5,2,5,7
SAMAIPATA,consulta externa,repetidas en personas de 15 a 59 anos,2007-07-01,2,6,2,6,8
SAN AGUSTIN,consulta externa,repetidas en personas de 15 a 59 anos,2007-07-01,6,3,6,3,9
SAN ANDRES,consulta externa,repetidas en personas de 15 a 59 anos,2007-07-01,2,6,2,6,8
SAN ANDRES DE MACHACA,consulta externa,repetidas en personas de 15 a 59 anos,2007-07-01,1,3,1,3,4
SAN ANTONIO DE ESMORUCO,consulta externa,repetidas en personas de 15 a 59 anos,2007-07-01,4,4,4,4,8
SAN ANTONIO DE LOMERIO,consulta externa,repetidas en personas de 15 a 59 anos,2007-07-01,0,1,0,1,1
SAN BENITO,consulta externa,repetidas en personas de 15 a 59 anos,2007-07-01,14,14,14,14,28
SAN BORJA,consulta externa,repetidas en personas de 15 a 59 anos,2007-07-01,28,99,28,99,127
SAN BUENA VENTURA,consulta externa,repetidas en personas de 15 a 59 anos,2007-07-01,24,59,24,59,83
SAN CARLOS,consulta externa,repetidas en personas de 15 a 59 anos,2007-07-01,5,173,5,173,178
SAN IGNACIO,consulta externa,repetidas en personas de 15 a 59 anos,2007-07-01,29,72,29,72,101
SAN IGNACIO DE VELASCO,consulta externa,repetidas en personas de 15 a 59 anos,2007-07-01,95,222,95,222,317
SAN JAVIER(BNI),consulta externa,repetidas en personas de 15 a 59 anos,2007-07-01,1,1,1,1,2
SAN JAVIER(STC),consulta externa,repetidas en personas de 15 a 59 anos,2007-07-01,5,63,5,63,68
SAN JOAQUIN,consulta externa,repetidas en personas de 15 a 59 anos,2007-07-01,102,190,102,190,292
SAN JOSE DE CHIQUITOS,consulta externa,repetidas en personas de 15 a 59 anos,2007-07-01,18,21,18,21,39
SAN JUAN DE YAPACANI,consulta externa,repetidas en personas de 15 a 59 anos,2007-07-01,11,46,11,46,57
SAN JULIAN,consulta externa,repetidas en personas de 15 a 59 anos,2007-07-01,19,114,19,114,133
SAN LORENZO(TJA),consulta externa,repetidas en personas de 15 a 59 anos,2007-07-01,12,47,12,47,59
SAN LUCAS,consulta externa,repetidas en personas de 15 a 59 anos,2007-07-01,46,66,46,66,112
SAN MATIAS,consulta externa,repetidas en personas de 15 a 59 anos,2007-07-01,3,17,3,17,20
SAN MIGUEL DE VELASCO,consulta externa,repetidas en personas de 15 a 59 anos,2007-07-01,9,25,9,25,34
SAN PABLO DE LIPEZ,consulta externa,repetidas en personas de 15 a 59 anos,2007-07-01,6,14,6,14,20
SAN PEDRO,consulta externa,repetidas en personas de 15 a 59 anos,2007-07-01,22,41,22,41,63
SAN PEDRO DE BUENA VISTA,consulta externa,repetidas en personas de 15 a 59 anos,2007-07-01,2,0,2,0,2
SAN PEDRO DE CURAHUARA,consulta externa,repetidas en personas de 15 a 59 anos,2007-07-01,1,2,1,2,3
SAN PEDRO DE QUEMES,consulta externa,repetidas en personas de 15 a 59 anos,2007-07-01,2,0,2,0,2
SAN PEDRO DE TIQUINA,consulta externa,repetidas en personas de 15 a 59 anos,2007-07-01,5,6,5,6,11
SAN RAFAEL,consulta externa,repetidas en personas de 15 a 59 anos,2007-07-01,5,14,5,14,19
SAN RAMON,consulta externa,repetidas en personas de 15 a 59 anos,2007-07-01,35,182,35,182,217
SAN RAMON,consulta externa,repetidas en personas de 15 a 59 anos,2007-07-01,12,28,12,28,40
SANTA ANA,consulta externa,repetidas en personas de 15 a 59 anos,2007-07-01,14,66,14,66,80
SANTA CRUZ DE LA SIERRA,consulta externa,repetidas en personas de 15 a 59 anos,2007-07-01,6613,16232,6613,16232,22845
SANTA ROSA,consulta externa,repetidas en personas de 15 a 59 anos,2007-07-01,3,1,3,1,4
SANTA ROSA DEL SARA,consulta externa,repetidas en personas de 15 a 59 anos,2007-07-01,2,2,2,2,4
SANTIAGO DE CALLAPA,consulta externa,repetidas en personas de 15 a 59 anos,2007-07-01,1,1,1,1,2
SANTIAGO DE HUARI,consulta externa,repetidas en personas de 15 a 59 anos,2007-07-01,18,26,18,26,44
SANTIAGO DE MACHACA,consulta externa,repetidas en personas de 15 a 59 anos,2007-07-01,2,1,2,1,3
SANTIVAÑES,consulta externa,repetidas en personas de 15 a 59 anos,2007-07-01,1,6,1,6,7
SANTUARIO DE QUILLACAS,consulta externa,repetidas en personas de 15 a 59 anos,2007-07-01,1,0,1,0,1
SAPAHAQUI,consulta externa,repetidas en personas de 15 a 59 anos,2007-07-01,5,6,5,6,11
SENA,consulta externa,repetidas en personas de 15 a 59 anos,2007-07-01,0,2,0,2,2
SICA SICA (VILLA AROMA),consulta externa,repetidas en personas de 15 a 59 anos,2007-07-01,1,3,1,3,4
SIPE SIPE,consulta externa,repetidas en personas de 15 a 59 anos,2007-07-01,33,170,33,170,203
SOPACHUY,consulta externa,repetidas en personas de 15 a 59 anos,2007-07-01,3,17,3,17,20
SORACACHI,consulta externa,repetidas en personas de 15 a 59 anos,2007-07-01,3,4,3,4,7
SORATA,consulta externa,repetidas en personas de 15 a 59 anos,2007-07-01,10,12,10,12,22
SUCRE,consulta externa,repetidas en personas de 15 a 59 anos,2007-07-01,6865,7895,6865,7895,14760
TACACHI,consulta externa,repetidas en personas de 15 a 59 anos,2007-07-01,2,6,2,6,8
TACOBAMBA,consulta externa,repetidas en personas de 15 a 59 anos,2007-07-01,3,2,3,2,5
TACOPAYA,consulta externa,repetidas en personas de 15 a 59 anos,2007-07-01,0,2,0,2,2
TAPACARI,consulta externa,repetidas en personas de 15 a 59 anos,2007-07-01,3,37,3,37,40
TARABUCO,consulta externa,repetidas en personas de 15 a 59 anos,2007-07-01,45,12,45,12,57
TARACO,consulta externa,repetidas en personas de 15 a 59 anos,2007-07-01,2,2,2,2,4
TARATA,consulta externa,repetidas en personas de 15 a 59 anos,2007-07-01,1,2,1,2,3
TARIJA,consulta externa,repetidas en personas de 15 a 59 anos,2007-07-01,2155,5436,2155,5436,7591
TARVITA,consulta externa,repetidas en personas de 15 a 59 anos,2007-07-01,5,19,5,19,24
TEOPONTE,consulta externa,repetidas en personas de 15 a 59 anos,2007-07-01,18,23,18,23,41
TIAWANACU,consulta externa,repetidas en personas de 15 a 59 anos,2007-07-01,5,6,5,6,11
TINGUIPAYA,consulta externa,repetidas en personas de 15 a 59 anos,2007-07-01,5,6,5,6,11
TIPUANI,consulta externa,repetidas en personas de 15 a 59 anos,2007-07-01,16,14,16,14,30
TIQUIPAYA,consulta externa,repetidas en personas de 15 a 59 anos,2007-07-01,32,303,32,303,335
TIRAQUE (CBBA),consulta externa,repetidas en personas de 15 a 59 anos,2007-07-01,42,284,42,284,326
TITO YUPANQUI (PARQUIPUJIO),consulta externa,repetidas en personas de 15 a 59 anos,2007-07-01,4,5,4,5,9
TOCO,consulta externa,repetidas en personas de 15 a 59 anos,2007-07-01,1,6,1,6,7
TOLATA,consulta externa,repetidas en personas de 15 a 59 anos,2007-07-01,5,22,5,22,27
TOLEDO,consulta externa,repetidas en personas de 15 a 59 anos,2007-07-01,5,13,5,13,18
TOMAVE,consulta externa,repetidas en personas de 15 a 59 anos,2007-07-01,4,11,4,11,15
TOMINA,consulta externa,repetidas en personas de 15 a 59 anos,2007-07-01,6,11,6,11,17
TORO TORO,consulta externa,repetidas en personas de 15 a 59 anos,2007-07-01,2,2,2,2,4
TOTORA(CBBA),consulta externa,repetidas en personas de 15 a 59 anos,2007-07-01,5,9,5,9,14
TOTORA(ORR),consulta externa,repetidas en personas de 15 a 59 anos,2007-07-01,0,1,0,1,1
TRIGAL,consulta externa,repetidas en personas de 15 a 59 anos,2007-07-01,2,0,2,0,2
TRINIDAD,consulta externa,repetidas en personas de 15 a 59 anos,2007-07-01,359,836,359,836,1195
TUPIZA,consulta externa,repetidas en personas de 15 a 59 anos,2007-07-01,161,230,161,230,391
TURCO,consulta externa,repetidas en personas de 15 a 59 anos,2007-07-01,0,7,0,7,7
UNCIA,consulta externa,repetidas en personas de 15 a 59 anos,2007-07-01,62,199,62,199,261
URIONDO (A. CONCEPCION),consulta externa,repetidas en personas de 15 a 59 anos,2007-07-01,8,10,8,10,18
URUBICHA,consulta externa,repetidas en personas de 15 a 59 anos,2007-07-01,0,128,0,128,128
UYUNI,consulta externa,repetidas en personas de 15 a 59 anos,2007-07-01,58,158,58,158,216
VACAS,consulta externa,repetidas en personas de 15 a 59 anos,2007-07-01,18,34,18,34,52
VALLEGRANDE,consulta externa,repetidas en personas de 15 a 59 anos,2007-07-01,108,321,108,321,429
VIACHA,consulta externa,repetidas en personas de 15 a 59 anos,2007-07-01,156,337,156,337,493
VILA VILA,consulta externa,repetidas en personas de 15 a 59 anos,2007-07-01,3,1,3,1,4
VILLA MONTES,consulta externa,repetidas en personas de 15 a 59 anos,2007-07-01,117,155,117,155,272
VILLA RIVERO,consulta externa,repetidas en personas de 15 a 59 anos,2007-07-01,4,21,4,21,25
VILLA SERRANO,consulta externa,repetidas en personas de 15 a 59 anos,2007-07-01,0,3,0,3,3
VILLA TUNARI,consulta externa,repetidas en personas de 15 a 59 anos,2007-07-01,42,76,42,76,118
VILLA VACA GUZMAN (MUYUPAMPA),consulta externa,repetidas en personas de 15 a 59 anos,2007-07-01,5,49,5,49,54
VILLAZON,consulta externa,repetidas en personas de 15 a 59 anos,2007-07-01,178,300,178,300,478
VINTO,consulta externa,repetidas en personas de 15 a 59 anos,2007-07-01,60,154,60,154,214
VITICHI,consulta externa,repetidas en personas de 15 a 59 anos,2007-07-01,3,5,3,5,8
WALDO BALLIVIAN,consulta externa,repetidas en personas de 15 a 59 anos,2007-07-01,1,0,1,0,1
WARNES,consulta externa,repetidas en personas de 15 a 59 anos,2007-07-01,14,152,14,152,166
YACO,consulta externa,repetidas en personas de 15 a 59 anos,2007-07-01,2,4,2,4,6
YACUIBA,consulta externa,repetidas en personas de 15 a 59 anos,2007-07-01,339,997,339,997,1336
YAMPARAEZ,consulta externa,repetidas en personas de 15 a 59 anos,2007-07-01,13,16,13,16,29
YANACACHI,consulta externa,repetidas en personas de 15 a 59 anos,2007-07-01,5,7,5,7,12
YAPACANI,consulta externa,repetidas en personas de 15 a 59 anos,2007-07-01,7,13,7,13,20
YOTALA,consulta externa,repetidas en personas de 15 a 59 anos,2007-07-01,33,61,33,61,94
YUNCHARA,consulta externa,repetidas en personas de 15 a 59 anos,2007-07-01,1,8,1,8,9
ZUDAÑEZ,consulta externa,repetidas en personas de 15 a 59 anos,2007-07-01,4,12,4,12,16
ACHACACHI,consulta externa,repetidas en personas de 15 a 59 anos,2007-08-01,30,21,30,21,51
ACHOCALLA,consulta externa,repetidas en personas de 15 a 59 anos,2007-08-01,4,3,4,3,7
AIQUILE,consulta externa,repetidas en personas de 15 a 59 anos,2007-08-01,22,254,22,254,276
ALALAY,consulta externa,repetidas en personas de 15 a 59 anos,2007-08-01,0,3,0,3,3
ALCALA,consulta externa,repetidas en personas de 15 a 59 anos,2007-08-01,1,1,1,1,2
ANCORAIMES,consulta externa,repetidas en personas de 15 a 59 anos,2007-08-01,20,7,20,7,27
ANDAMARCA,consulta externa,repetidas en personas de 15 a 59 anos,2007-08-01,4,3,4,3,7
ANTEQUERA,consulta externa,repetidas en personas de 15 a 59 anos,2007-08-01,6,3,6,3,9
ANZALDO,consulta externa,repetidas en personas de 15 a 59 anos,2007-08-01,1,13,1,13,14
APOLO,consulta externa,repetidas en personas de 15 a 59 anos,2007-08-01,3,10,3,10,13
ARAMPAMPA,consulta externa,repetidas en personas de 15 a 59 anos,2007-08-01,0,6,0,6,6
ARANI,consulta externa,repetidas en personas de 15 a 59 anos,2007-08-01,5,11,5,11,16
ARBIETO,consulta externa,repetidas en personas de 15 a 59 anos,2007-08-01,4,11,4,11,15
ASCENCION DE GUARAYOS,consulta externa,repetidas en personas de 15 a 59 anos,2007-08-01,17,52,17,52,69
ATOCHA,consulta externa,repetidas en personas de 15 a 59 anos,2007-08-01,223,218,223,218,441
AUCAPATA,consulta externa,repetidas en personas de 15 a 59 anos,2007-08-01,11,5,11,5,16
AYATA,consulta externa,repetidas en personas de 15 a 59 anos,2007-08-01,6,8,6,8,14
AYO AYO,consulta externa,repetidas en personas de 15 a 59 anos,2007-08-01,4,8,4,8,12
AYOPAYA (V. DE INDEPENDENCIA),consulta externa,repetidas en personas de 15 a 59 anos,2007-08-01,5,12,5,12,17
AZURDUY,consulta externa,repetidas en personas de 15 a 59 anos,2007-08-01,2,7,2,7,9
BATALLAS,consulta externa,repetidas en personas de 15 a 59 anos,2007-08-01,0,2,0,2,2
BAURES,consulta externa,repetidas en personas de 15 a 59 anos,2007-08-01,7,17,7,17,24
BELEN DE ANDAMARCA,consulta externa,repetidas en personas de 15 a 59 anos,2007-08-01,12,3,12,3,15
BELEN DE URMIRI,consulta externa,repetidas en personas de 15 a 59 anos,2007-08-01,8,7,8,7,15
BELLA FLOR,consulta externa,repetidas en personas de 15 a 59 anos,2007-08-01,6,1,6,1,7
BERMEJO,consulta externa,repetidas en personas de 15 a 59 anos,2007-08-01,113,184,113,184,297
BETANZOS,consulta externa,repetidas en personas de 15 a 59 anos,2007-08-01,43,70,43,70,113
BOLIVAR,consulta externa,repetidas en personas de 15 a 59 anos,2007-08-01,1,4,1,4,5
BOLPEBRA,consulta externa,repetidas en personas de 15 a 59 anos,2007-08-01,7,0,7,0,7
BOYUIBE,consulta externa,repetidas en personas de 15 a 59 anos,2007-08-01,2,10,2,10,12
BUENA VISTA,consulta externa,repetidas en personas de 15 a 59 anos,2007-08-01,10,29,10,29,39
CABEZAS,consulta externa,repetidas en personas de 15 a 59 anos,2007-08-01,7,81,7,81,88
CAIROMA,consulta externa,repetidas en personas de 15 a 59 anos,2007-08-01,35,26,35,26,61
"CAIZA ""D""",consulta externa,repetidas en personas de 15 a 59 anos,2007-08-01,14,13,14,13,27
CAJUATA,consulta externa,repetidas en personas de 15 a 59 anos,2007-08-01,8,26,8,26,34
CALACOTO,consulta externa,repetidas en personas de 15 a 59 anos,2007-08-01,1,1,1,1,2
CALAMARCA,consulta externa,repetidas en personas de 15 a 59 anos,2007-08-01,4,13,4,13,17
CAMARGO,consulta externa,repetidas en personas de 15 a 59 anos,2007-08-01,7,30,7,30,37
CAMATAQUI (C. VILLA ABECIA),consulta externa,repetidas en personas de 15 a 59 anos,2007-08-01,9,14,9,14,23
CAMIRI,consulta externa,repetidas en personas de 15 a 59 anos,2007-08-01,155,340,155,340,495
CAPINOTA,consulta externa,repetidas en personas de 15 a 59 anos,2007-08-01,34,54,34,54,88
CAQUIAVIRI,consulta externa,repetidas en personas de 15 a 59 anos,2007-08-01,10,8,10,8,18
CARACOLLO,consulta externa,repetidas en personas de 15 a 59 anos,2007-08-01,7,15,7,15,22
CARANAVI,consulta externa,repetidas en personas de 15 a 59 anos,2007-08-01,17,50,17,50,67
CARAPARI,consulta externa,repetidas en personas de 15 a 59 anos,2007-08-01,9,10,9,10,19
CARIPUYO,consulta externa,repetidas en personas de 15 a 59 anos,2007-08-01,1,2,1,2,3
CARMEN RIVERO TORREZ,consulta externa,repetidas en personas de 15 a 59 anos,2007-08-01,2,3,2,3,5
CATACORA,consulta externa,repetidas en personas de 15 a 59 anos,2007-08-01,0,2,0,2,2
CHACARILLA,consulta externa,repetidas en personas de 15 a 59 anos,2007-08-01,1,0,1,0,1
CHALLAPATA,consulta externa,repetidas en personas de 15 a 59 anos,2007-08-01,56,80,56,80,136
CHAQUI,consulta externa,repetidas en personas de 15 a 59 anos,2007-08-01,1,1,1,1,2
CHARAGUA,consulta externa,repetidas en personas de 15 a 59 anos,2007-08-01,12,22,12,22,34
CHARAÑA,consulta externa,repetidas en personas de 15 a 59 anos,2007-08-01,2,2,2,2,4
CHAYANTA,consulta externa,repetidas en personas de 15 a 59 anos,2007-08-01,4,2,4,2,6
CHIMORE,consulta externa,repetidas en personas de 15 a 59 anos,2007-08-01,9,19,9,19,28
CHIPAYA,consulta externa,repetidas en personas de 15 a 59 anos,2007-08-01,1,0,1,0,1
CHOQUE COTA,consulta externa,repetidas en personas de 15 a 59 anos,2007-08-01,3,2,3,2,5
CHULUMANI (V. DE LA LIBERTAD),consulta externa,repetidas en personas de 15 a 59 anos,2007-08-01,82,67,82,67,149
CHUMA,consulta externa,repetidas en personas de 15 a 59 anos,2007-08-01,1,3,1,3,4
CLIZA,consulta externa,repetidas en personas de 15 a 59 anos,2007-08-01,8,10,8,10,18
COBIJA,consulta externa,repetidas en personas de 15 a 59 anos,2007-08-01,119,734,119,734,853
COCHABAMBA,consulta externa,repetidas en personas de 15 a 59 anos,2007-08-01,10087,19543,10087,19543,29630
COIPASA,consulta externa,repetidas en personas de 15 a 59 anos,2007-08-01,0,2,0,2,2
COLCAPIRHUA,consulta externa,repetidas en personas de 15 a 59 anos,2007-08-01,130,287,130,287,417
"COLCHA ""K""",consulta externa,repetidas en personas de 15 a 59 anos,2007-08-01,9,21,9,21,30
COLLANA,consulta externa,repetidas en personas de 15 a 59 anos,2007-08-01,1,1,1,1,2
COLOMI,consulta externa,repetidas en personas de 15 a 59 anos,2007-08-01,1,15,1,15,16
COLPA BELGICA,consulta externa,repetidas en personas de 15 a 59 anos,2007-08-01,35,78,35,78,113
COLQUECHACA,consulta externa,repetidas en personas de 15 a 59 anos,2007-08-01,1,7,1,7,8
COLQUENCHA,consulta externa,repetidas en personas de 15 a 59 anos,2007-08-01,5,10,5,10,15
COLQUIRI,consulta externa,repetidas en personas de 15 a 59 anos,2007-08-01,22,24,22,24,46
COMANCHE,consulta externa,repetidas en personas de 15 a 59 anos,2007-08-01,7,4,7,4,11
COMARAPA,consulta externa,repetidas en personas de 15 a 59 anos,2007-08-01,17,40,17,40,57
COMBAYA,consulta externa,repetidas en personas de 15 a 59 anos,2007-08-01,1,0,1,0,1
CONCEPCION,consulta externa,repetidas en personas de 15 a 59 anos,2007-08-01,3,1,3,1,4
COPACABANA,consulta externa,repetidas en personas de 15 a 59 anos,2007-08-01,3,6,3,6,9
CORIPATA,consulta externa,repetidas en personas de 15 a 59 anos,2007-08-01,3,17,3,17,20
CORO CORO,consulta externa,repetidas en personas de 15 a 59 anos,2007-08-01,11,4,11,4,15
COROICO,consulta externa,repetidas en personas de 15 a 59 anos,2007-08-01,49,100,49,100,149
CORQUE,consulta externa,repetidas en personas de 15 a 59 anos,2007-08-01,2,16,2,16,18
COTAGAITA,consulta externa,repetidas en personas de 15 a 59 anos,2007-08-01,87,151,87,151,238
COTOCA,consulta externa,repetidas en personas de 15 a 59 anos,2007-08-01,17,31,17,31,48
CUATRO CAÑADAS,consulta externa,repetidas en personas de 15 a 59 anos,2007-08-01,19,23,19,23,42
CUCHUMUELA (V. G. VILLARROEL),consulta externa,repetidas en personas de 15 a 59 anos,2007-08-01,3,2,3,2,5
CUEVO,consulta externa,repetidas en personas de 15 a 59 anos,2007-08-01,8,3,8,3,11
CULPINA,consulta externa,repetidas en personas de 15 a 59 anos,2007-08-01,9,8,9,8,17
CURAHUARA DE CARANGAS,consulta externa,repetidas en personas de 15 a 59 anos,2007-08-01,4,3,4,3,7
CURVA,consulta externa,repetidas en personas de 15 a 59 anos,2007-08-01,5,4,5,4,9
DESAGUADERO,consulta externa,repetidas en personas de 15 a 59 anos,2007-08-01,1,2,1,2,3
EL ALTO,consulta externa,repetidas en personas de 15 a 59 anos,2007-08-01,3559,6852,3559,6852,10411
EL CHORO,consulta externa,repetidas en personas de 15 a 59 anos,2007-08-01,6,18,6,18,24
EL PUENTE(TJA),consulta externa,repetidas en personas de 15 a 59 anos,2007-08-01,1,0,1,0,1
EL TORNO,consulta externa,repetidas en personas de 15 a 59 anos,2007-08-01,107,210,107,210,317
EL VILLAR,consulta externa,repetidas en personas de 15 a 59 anos,2007-08-01,2,3,2,3,5
ENTRE RIOS,consulta externa,repetidas en personas de 15 a 59 anos,2007-08-01,13,31,13,31,44
ENTRE RIOS,consulta externa,repetidas en personas de 15 a 59 anos,2007-08-01,13,25,13,25,38
EUCALIPTUS,consulta externa,repetidas en personas de 15 a 59 anos,2007-08-01,4,4,4,4,8
EXALTACION,consulta externa,repetidas en personas de 15 a 59 anos,2007-08-01,2,1,2,1,3
FERNANDEZ ALONSO,consulta externa,repetidas en personas de 15 a 59 anos,2007-08-01,6,20,6,20,26
FILADELFIA,consulta externa,repetidas en personas de 15 a 59 anos,2007-08-01,0,1,0,1,1
GENERAL SAAVEDRA,consulta externa,repetidas en personas de 15 a 59 anos,2007-08-01,5,12,5,12,17
GRAL. J.J. PEREZ (CHARAZANI),consulta externa,repetidas en personas de 15 a 59 anos,2007-08-01,4,6,4,6,10
GUANAY,consulta externa,repetidas en personas de 15 a 59 anos,2007-08-01,8,8,8,8,16
GUAQUI,consulta externa,repetidas en personas de 15 a 59 anos,2007-08-01,7,16,7,16,23
GUAYARAMERIN,consulta externa,repetidas en personas de 15 a 59 anos,2007-08-01,106,290,106,290,396
GUTIERREZ,consulta externa,repetidas en personas de 15 a 59 anos,2007-08-01,8,13,8,13,21
HUACARETA,consulta externa,repetidas en personas de 15 a 59 anos,2007-08-01,23,82,23,82,105
HUACAYA (VILLA DE HUACAYA),consulta externa,repetidas en personas de 15 a 59 anos,2007-08-01,0,2,0,2,2
HUACHACALLA,consulta externa,repetidas en personas de 15 a 59 anos,2007-08-01,3,3,3,3,6
HUANUNI,consulta externa,repetidas en personas de 15 a 59 anos,2007-08-01,274,279,274,279,553
HUARACAJE,consulta externa,repetidas en personas de 15 a 59 anos,2007-08-01,7,9,7,9,16
HUAYLLAMARCA,consulta externa,repetidas en personas de 15 a 59 anos,2007-08-01,2,3,2,3,5
ICHOCA,consulta externa,repetidas en personas de 15 a 59 anos,2007-08-01,3,7,3,7,10
ICLA,consulta externa,repetidas en personas de 15 a 59 anos,2007-08-01,13,55,13,55,68
INCAHUASI,consulta externa,repetidas en personas de 15 a 59 anos,2007-08-01,1,9,1,9,10
INGAVI (HUMAITA),consulta externa,repetidas en personas de 15 a 59 anos,2007-08-01,22,51,22,51,73
INQUISIVI,consulta externa,repetidas en personas de 15 a 59 anos,2007-08-01,6,5,6,5,11
IRUPANA (VILLA DE LANZA),consulta externa,repetidas en personas de 15 a 59 anos,2007-08-01,11,22,11,22,33
IXIAMAS,consulta externa,repetidas en personas de 15 a 59 anos,2007-08-01,3,4,3,4,7
JESUS DE MACHACA,consulta externa,repetidas en personas de 15 a 59 anos,2007-08-01,4,23,4,23,27
LA ASUNTA,consulta externa,repetidas en personas de 15 a 59 anos,2007-08-01,18,11,18,11,29
LA GUARDIA,consulta externa,repetidas en personas de 15 a 59 anos,2007-08-01,23,73,23,73,96
LA PAZ,consulta externa,repetidas en personas de 15 a 59 anos,2007-08-01,15589,35508,15589,35508,51097
LA RIVERA,consulta externa,repetidas en personas de 15 a 59 anos,2007-08-01,0,1,0,1,1
LAGUNILLAS,consulta externa,repetidas en personas de 15 a 59 anos,2007-08-01,0,7,0,7,7
LAJA,consulta externa,repetidas en personas de 15 a 59 anos,2007-08-01,13,17,13,17,30
LAS CARRERAS,consulta externa,repetidas en personas de 15 a 59 anos,2007-08-01,8,18,8,18,26
LICOMA PAMPA,consulta externa,repetidas en personas de 15 a 59 anos,2007-08-01,4,2,4,2,6
LLALLAGUA,consulta externa,repetidas en personas de 15 a 59 anos,2007-08-01,61,134,61,134,195
LLICA,consulta externa,repetidas en personas de 15 a 59 anos,2007-08-01,6,9,6,9,15
LORETO,consulta externa,repetidas en personas de 15 a 59 anos,2007-08-01,0,5,0,5,5
LURIBAY,consulta externa,repetidas en personas de 15 a 59 anos,2007-08-01,17,22,17,22,39
MACHACAMARCA,consulta externa,repetidas en personas de 15 a 59 anos,2007-08-01,7,9,7,9,16
MACHARETI,consulta externa,repetidas en personas de 15 a 59 anos,2007-08-01,21,45,21,45,66
MAGDALENA,consulta externa,repetidas en personas de 15 a 59 anos,2007-08-01,30,91,30,91,121
MAIRANA,consulta externa,repetidas en personas de 15 a 59 anos,2007-08-01,2,5,2,5,7
MALLA,consulta externa,repetidas en personas de 15 a 59 anos,2007-08-01,1,2,1,2,3
MAPIRI,consulta externa,repetidas en personas de 15 a 59 anos,2007-08-01,7,6,7,6,13
MECAPACA,consulta externa,repetidas en personas de 15 a 59 anos,2007-08-01,28,22,28,22,50
MINEROS,consulta externa,repetidas en personas de 15 a 59 anos,2007-08-01,5,38,5,38,43
MIZQUE,consulta externa,repetidas en personas de 15 a 59 anos,2007-08-01,5,13,5,13,18
MOCOMOCO,consulta externa,repetidas en personas de 15 a 59 anos,2007-08-01,12,11,12,11,23
MOJINETE,consulta externa,repetidas en personas de 15 a 59 anos,2007-08-01,0,6,0,6,6
MOJOCOYA,consulta externa,repetidas en personas de 15 a 59 anos,2007-08-01,18,38,18,38,56
MONTEAGUDO,consulta externa,repetidas en personas de 15 a 59 anos,2007-08-01,94,295,94,295,389
MONTERO,consulta externa,repetidas en personas de 15 a 59 anos,2007-08-01,625,1344,625,1344,1969
MORO MORO,consulta externa,repetidas en personas de 15 a 59 anos,2007-08-01,2,8,2,8,10
MOROCHATA,consulta externa,repetidas en personas de 15 a 59 anos,2007-08-01,8,61,8,61,69
NACEBE (SANTA ROSA DEL ABUNA),consulta externa,repetidas en personas de 15 a 59 anos,2007-08-01,6,6,6,6,12
NUEVO MANOA (NUEVA ESPERANZA),consulta externa,repetidas en personas de 15 a 59 anos,2007-08-01,2,2,2,2,4
OCURI,consulta externa,repetidas en personas de 15 a 59 anos,2007-08-01,0,2,0,2,2
OKINAWA,consulta externa,repetidas en personas de 15 a 59 anos,2007-08-01,16,32,16,32,48
OMEREQUE,consulta externa,repetidas en personas de 15 a 59 anos,2007-08-01,3,2,3,2,5
ORURO,consulta externa,repetidas en personas de 15 a 59 anos,2007-08-01,2083,4443,2083,4443,6526
PADCAYA,consulta externa,repetidas en personas de 15 a 59 anos,2007-08-01,26,38,26,38,64
PADILLA,consulta externa,repetidas en personas de 15 a 59 anos,2007-08-01,10,36,10,36,46
PAILON,consulta externa,repetidas en personas de 15 a 59 anos,2007-08-01,2,8,2,8,10
PALCA,consulta externa,repetidas en personas de 15 a 59 anos,2007-08-01,21,12,21,12,33
PALOS BLANCOS,consulta externa,repetidas en personas de 15 a 59 anos,2007-08-01,90,27,90,27,117
PAMPA AULLAGAS,consulta externa,repetidas en personas de 15 a 59 anos,2007-08-01,3,1,3,1,4
PAMPA GRANDE,consulta externa,repetidas en personas de 15 a 59 anos,2007-08-01,5,8,5,8,13
PAPEL PAMPA,consulta externa,repetidas en personas de 15 a 59 anos,2007-08-01,1,0,1,0,1
PASORAPA,consulta externa,repetidas en personas de 15 a 59 anos,2007-08-01,1,3,1,3,4
PATACAMAYA,consulta externa,repetidas en personas de 15 a 59 anos,2007-08-01,1,4,1,4,5
PAZÑA,consulta externa,repetidas en personas de 15 a 59 anos,2007-08-01,15,15,15,15,30
POCOATA,consulta externa,repetidas en personas de 15 a 59 anos,2007-08-01,3,10,3,10,13
POCONA,consulta externa,repetidas en personas de 15 a 59 anos,2007-08-01,3,2,3,2,5
POJO (CBBA),consulta externa,repetidas en personas de 15 a 59 anos,2007-08-01,0,1,0,1,1
POOPO,consulta externa,repetidas en personas de 15 a 59 anos,2007-08-01,14,10,14,10,24
PORCO,consulta externa,repetidas en personas de 15 a 59 anos,2007-08-01,2,2,2,2,4
POROMA,consulta externa,repetidas en personas de 15 a 59 anos,2007-08-01,8,13,8,13,21
PORONGO,consulta externa,repetidas en personas de 15 a 59 anos,2007-08-01,0,3,0,3,3
PORTACHUELO,consulta externa,repetidas en personas de 15 a 59 anos,2007-08-01,38,104,38,104,142
PORVENIR,consulta externa,repetidas en personas de 15 a 59 anos,2007-08-01,7,14,7,14,21
POSTRER VALLE,consulta externa,repetidas en personas de 15 a 59 anos,2007-08-01,1,2,1,2,3
POTOSI,consulta externa,repetidas en personas de 15 a 59 anos,2007-08-01,1594,4138,1594,4138,5732
PRESTO,consulta externa,repetidas en personas de 15 a 59 anos,2007-08-01,2,0,2,0,2
PUCARA,consulta externa,repetidas en personas de 15 a 59 anos,2007-08-01,5,7,5,7,12
PUCARANI,consulta externa,repetidas en personas de 15 a 59 anos,2007-08-01,16,35,16,35,51
PUERTO ACOSTA,consulta externa,repetidas en personas de 15 a 59 anos,2007-08-01,7,4,7,4,11
PUERTO CARABUCO,consulta externa,repetidas en personas de 15 a 59 anos,2007-08-01,9,5,9,5,14
PUERTO GONZALO MORENO,consulta externa,repetidas en personas de 15 a 59 anos,2007-08-01,5,5,5,5,10
PUERTO PEREZ,consulta externa,repetidas en personas de 15 a 59 anos,2007-08-01,2,2,2,2,4
PUERTO QUIJARRO,consulta externa,repetidas en personas de 15 a 59 anos,2007-08-01,14,44,14,44,58
PUERTO RICO,consulta externa,repetidas en personas de 15 a 59 anos,2007-08-01,13,44,13,44,57
PUERTO SUAREZ,consulta externa,repetidas en personas de 15 a 59 anos,2007-08-01,17,47,17,47,64
PUERTO VILLARROEL,consulta externa,repetidas en personas de 15 a 59 anos,2007-08-01,18,43,18,43,61
PUNA,consulta externa,repetidas en personas de 15 a 59 anos,2007-08-01,14,17,14,17,31
PUNATA,consulta externa,repetidas en personas de 15 a 59 anos,2007-08-01,51,280,51,280,331
QUIABAYA,consulta externa,repetidas en personas de 15 a 59 anos,2007-08-01,0,4,0,4,4
QUILLACOLLO,consulta externa,repetidas en personas de 15 a 59 anos,2007-08-01,230,875,230,875,1105
QUIME,consulta externa,repetidas en personas de 15 a 59 anos,2007-08-01,18,4,18,4,22
QUIRUSILLAS,consulta externa,repetidas en personas de 15 a 59 anos,2007-08-01,3,2,3,2,5
RAVELO,consulta externa,repetidas en personas de 15 a 59 anos,2007-08-01,0,3,0,3,3
REYES,consulta externa,repetidas en personas de 15 a 59 anos,2007-08-01,23,48,23,48,71
RIBERALTA,consulta externa,repetidas en personas de 15 a 59 anos,2007-08-01,46,270,46,270,316
ROBORE,consulta externa,repetidas en personas de 15 a 59 anos,2007-08-01,25,106,25,106,131
RURRENABAQUE,consulta externa,repetidas en personas de 15 a 59 anos,2007-08-01,28,84,28,84,112
SABAYA,consulta externa,repetidas en personas de 15 a 59 anos,2007-08-01,1,3,1,3,4
SACABA,consulta externa,repetidas en personas de 15 a 59 anos,2007-08-01,145,297,145,297,442
SACABAMBA,consulta externa,repetidas en personas de 15 a 59 anos,2007-08-01,9,14,9,14,23
SACACA,consulta externa,repetidas en personas de 15 a 59 anos,2007-08-01,5,4,5,4,9
SAIPINA,consulta externa,repetidas en personas de 15 a 59 anos,2007-08-01,19,43,19,43,62
SALINAS DE GARCI MENDOZA,consulta externa,repetidas en personas de 15 a 59 anos,2007-08-01,5,6,5,6,11
SAMAIPATA,consulta externa,repetidas en personas de 15 a 59 anos,2007-08-01,3,2,3,2,5
SAN AGUSTIN,consulta externa,repetidas en personas de 15 a 59 anos,2007-08-01,2,5,2,5,7
SAN ANDRES,consulta externa,repetidas en personas de 15 a 59 anos,2007-08-01,5,9,5,9,14
SAN ANDRES DE MACHACA,consulta externa,repetidas en personas de 15 a 59 anos,2007-08-01,8,7,8,7,15
SAN ANTONIO DE ESMORUCO,consulta externa,repetidas en personas de 15 a 59 anos,2007-08-01,2,3,2,3,5
SAN ANTONIO DE LOMERIO,consulta externa,repetidas en personas de 15 a 59 anos,2007-08-01,4,2,4,2,6
SAN BENITO,consulta externa,repetidas en personas de 15 a 59 anos,2007-08-01,17,26,17,26,43
SAN BORJA,consulta externa,repetidas en personas de 15 a 59 anos,2007-08-01,35,103,35,103,138
SAN BUENA VENTURA,consulta externa,repetidas en personas de 15 a 59 anos,2007-08-01,7,59,7,59,66
SAN CARLOS,consulta externa,repetidas en personas de 15 a 59 anos,2007-08-01,8,191,8,191,199
SAN IGNACIO,consulta externa,repetidas en personas de 15 a 59 anos,2007-08-01,53,159,53,159,212
SAN IGNACIO DE VELASCO,consulta externa,repetidas en personas de 15 a 59 anos,2007-08-01,209,333,209,333,542
SAN JAVIER(BNI),consulta externa,repetidas en personas de 15 a 59 anos,2007-08-01,1,0,1,0,1
SAN JAVIER(STC),consulta externa,repetidas en personas de 15 a 59 anos,2007-08-01,4,19,4,19,23
SAN JOAQUIN,consulta externa,repetidas en personas de 15 a 59 anos,2007-08-01,77,91,77,91,168
SAN JOSE DE CHIQUITOS,consulta externa,repetidas en personas de 15 a 59 anos,2007-08-01,20,24,20,24,44
SAN JUAN DE YAPACANI,consulta externa,repetidas en personas de 15 a 59 anos,2007-08-01,70,72,70,72,142
SAN JULIAN,consulta externa,repetidas en personas de 15 a 59 anos,2007-08-01,22,114,22,114,136
SAN LORENZO(PND),consulta externa,repetidas en personas de 15 a 59 anos,2007-08-01,0,3,0,3,3
SAN LORENZO(TJA),consulta externa,repetidas en personas de 15 a 59 anos,2007-08-01,12,53,12,53,65
SAN LUCAS,consulta externa,repetidas en personas de 15 a 59 anos,2007-08-01,35,67,35,67,102
SAN MATIAS,consulta externa,repetidas en personas de 15 a 59 anos,2007-08-01,1,9,1,9,10
SAN MIGUEL DE VELASCO,consulta externa,repetidas en personas de 15 a 59 anos,2007-08-01,12,31,12,31,43
SAN PABLO DE LIPEZ,consulta externa,repetidas en personas de 15 a 59 anos,2007-08-01,6,16,6,16,22
SAN PEDRO,consulta externa,repetidas en personas de 15 a 59 anos,2007-08-01,26,40,26,40,66
SAN PEDRO DE BUENA VISTA,consulta externa,repetidas en personas de 15 a 59 anos,2007-08-01,3,5,3,5,8
SAN PEDRO DE CURAHUARA,consulta externa,repetidas en personas de 15 a 59 anos,2007-08-01,7,1,7,1,8
SAN PEDRO DE QUEMES,consulta externa,repetidas en personas de 15 a 59 anos,2007-08-01,1,1,1,1,2
SAN PEDRO DE TIQUINA,consulta externa,repetidas en personas de 15 a 59 anos,2007-08-01,4,9,4,9,13
SAN PEDRO(PND),consulta externa,repetidas en personas de 15 a 59 anos,2007-08-01,0,1,0,1,1
SAN RAFAEL,consulta externa,repetidas en personas de 15 a 59 anos,2007-08-01,3,9,3,9,12
SAN RAMON,consulta externa,repetidas en personas de 15 a 59 anos,2007-08-01,5,26,5,26,31
SAN RAMON,consulta externa,repetidas en personas de 15 a 59 anos,2007-08-01,13,161,13,161,174
SANTA ANA,consulta externa,repetidas en personas de 15 a 59 anos,2007-08-01,12,75,12,75,87
SANTA CRUZ DE LA SIERRA,consulta externa,repetidas en personas de 15 a 59 anos,2007-08-01,6753,14965,6753,14965,21718
SANTA ROSA,consulta externa,repetidas en personas de 15 a 59 anos,2007-08-01,1,4,1,4,5
SANTA ROSA DEL SARA,consulta externa,repetidas en personas de 15 a 59 anos,2007-08-01,2,1,2,1,3
SANTIAGO DE CALLAPA,consulta externa,repetidas en personas de 15 a 59 anos,2007-08-01,0,2,0,2,2
SANTIAGO DE HUARI,consulta externa,repetidas en personas de 15 a 59 anos,2007-08-01,23,22,23,22,45
SANTIAGO DE MACHACA,consulta externa,repetidas en personas de 15 a 59 anos,2007-08-01,0,3,0,3,3
SANTIVAÑES,consulta externa,repetidas en personas de 15 a 59 anos,2007-08-01,1,3,1,3,4
SANTUARIO DE QUILLACAS,consulta externa,repetidas en personas de 15 a 59 anos,2007-08-01,0,1,0,1,1
SAPAHAQUI,consulta externa,repetidas en personas de 15 a 59 anos,2007-08-01,11,2,11,2,13
SENA,consulta externa,repetidas en personas de 15 a 59 anos,2007-08-01,16,47,16,47,63
SICA SICA (VILLA AROMA),consulta externa,repetidas en personas de 15 a 59 anos,2007-08-01,1,5,1,5,6
SIPE SIPE,consulta externa,repetidas en personas de 15 a 59 anos,2007-08-01,34,131,34,131,165
SOPACHUY,consulta externa,repetidas en personas de 15 a 59 anos,2007-08-01,3,10,3,10,13
SORACACHI,consulta externa,repetidas en personas de 15 a 59 anos,2007-08-01,1,2,1,2,3
SORATA,consulta externa,repetidas en personas de 15 a 59 anos,2007-08-01,7,7,7,7,14
SUCRE,consulta externa,repetidas en personas de 15 a 59 anos,2007-08-01,3091,7407,3091,7407,10498
TACACHI,consulta externa,repetidas en personas de 15 a 59 anos,2007-08-01,2,6,2,6,8
TACACOMA,consulta externa,repetidas en personas de 15 a 59 anos,2007-08-01,4,4,4,4,8
TACOBAMBA,consulta externa,repetidas en personas de 15 a 59 anos,2007-08-01,6,4,6,4,10
TACOPAYA,consulta externa,repetidas en personas de 15 a 59 anos,2007-08-01,0,2,0,2,2
TAHUA,consulta externa,repetidas en personas de 15 a 59 anos,2007-08-01,1,2,1,2,3
TAPACARI,consulta externa,repetidas en personas de 15 a 59 anos,2007-08-01,2,39,2,39,41
TARABUCO,consulta externa,repetidas en personas de 15 a 59 anos,2007-08-01,42,54,42,54,96
TARACO,consulta externa,repetidas en personas de 15 a 59 anos,2007-08-01,8,3,8,3,11
TARATA,consulta externa,repetidas en personas de 15 a 59 anos,2007-08-01,1,7,1,7,8
TARIJA,consulta externa,repetidas en personas de 15 a 59 anos,2007-08-01,2693,5710,2693,5710,8403
TARVITA,consulta externa,repetidas en personas de 15 a 59 anos,2007-08-01,6,15,6,15,21
TEOPONTE,consulta externa,repetidas en personas de 15 a 59 anos,2007-08-01,19,24,19,24,43
TIAWANACU,consulta externa,repetidas en personas de 15 a 59 anos,2007-08-01,9,4,9,4,13
TINGUIPAYA,consulta externa,repetidas en personas de 15 a 59 anos,2007-08-01,2,4,2,4,6
TIPUANI,consulta externa,repetidas en personas de 15 a 59 anos,2007-08-01,11,6,11,6,17
TIQUIPAYA,consulta externa,repetidas en personas de 15 a 59 anos,2007-08-01,29,480,29,480,509
TIRAQUE (CBBA),consulta externa,repetidas en personas de 15 a 59 anos,2007-08-01,40,160,40,160,200
TITO YUPANQUI (PARQUIPUJIO),consulta externa,repetidas en personas de 15 a 59 anos,2007-08-01,3,11,3,11,14
TOCO,consulta externa,repetidas en personas de 15 a 59 anos,2007-08-01,2,5,2,5,7
TODOS SANTOS,consulta externa,repetidas en personas de 15 a 59 anos,2007-08-01,0,1,0,1,1
TOLATA,consulta externa,repetidas en personas de 15 a 59 anos,2007-08-01,0,21,0,21,21
TOLEDO,consulta externa,repetidas en personas de 15 a 59 anos,2007-08-01,2,15,2,15,17
TOMAVE,consulta externa,repetidas en personas de 15 a 59 anos,2007-08-01,14,18,14,18,32
TOMINA,consulta externa,repetidas en personas de 15 a 59 anos,2007-08-01,6,9,6,9,15
TORO TORO,consulta externa,repetidas en personas de 15 a 59 anos,2007-08-01,12,3,12,3,15
TOTORA(CBBA),consulta externa,repetidas en personas de 15 a 59 anos,2007-08-01,6,10,6,10,16
TRIGAL,consulta externa,repetidas en personas de 15 a 59 anos,2007-08-01,2,4,2,4,6
TRINIDAD,consulta externa,repetidas en personas de 15 a 59 anos,2007-08-01,425,855,425,855,1280
TUPIZA,consulta externa,repetidas en personas de 15 a 59 anos,2007-08-01,269,418,269,418,687
TURCO,consulta externa,repetidas en personas de 15 a 59 anos,2007-08-01,2,4,2,4,6
UMALA,consulta externa,repetidas en personas de 15 a 59 anos,2007-08-01,2,0,2,0,2
UNCIA,consulta externa,repetidas en personas de 15 a 59 anos,2007-08-01,63,162,63,162,225
URIONDO (A. CONCEPCION),consulta externa,repetidas en personas de 15 a 59 anos,2007-08-01,3,28,3,28,31
URUBICHA,consulta externa,repetidas en personas de 15 a 59 anos,2007-08-01,1,78,1,78,79
UYUNI,consulta externa,repetidas en personas de 15 a 59 anos,2007-08-01,106,107,106,107,213
VACAS,consulta externa,repetidas en personas de 15 a 59 anos,2007-08-01,8,23,8,23,31
VALLEGRANDE,consulta externa,repetidas en personas de 15 a 59 anos,2007-08-01,92,229,92,229,321
VIACHA,consulta externa,repetidas en personas de 15 a 59 anos,2007-08-01,643,394,643,394,1037
VILA VILA,consulta externa,repetidas en personas de 15 a 59 anos,2007-08-01,0,1,0,1,1
VILLA MONTES,consulta externa,repetidas en personas de 15 a 59 anos,2007-08-01,139,172,139,172,311
VILLA NUEVA (LOMA ALTA),consulta externa,repetidas en personas de 15 a 59 anos,2007-08-01,5,1,5,1,6
VILLA RIVERO,consulta externa,repetidas en personas de 15 a 59 anos,2007-08-01,4,23,4,23,27
VILLA SERRANO,consulta externa,repetidas en personas de 15 a 59 anos,2007-08-01,2,17,2,17,19
VILLA TUNARI,consulta externa,repetidas en personas de 15 a 59 anos,2007-08-01,38,74,38,74,112
VILLA VACA GUZMAN (MUYUPAMPA),consulta externa,repetidas en personas de 15 a 59 anos,2007-08-01,7,16,7,16,23
VILLAZON,consulta externa,repetidas en personas de 15 a 59 anos,2007-08-01,130,168,130,168,298
VINTO,consulta externa,repetidas en personas de 15 a 59 anos,2007-08-01,59,133,59,133,192
VITICHI,consulta externa,repetidas en personas de 15 a 59 anos,2007-08-01,5,0,5,0,5
WALDO BALLIVIAN,consulta externa,repetidas en personas de 15 a 59 anos,2007-08-01,0,2,0,2,2
WARNES,consulta externa,repetidas en personas de 15 a 59 anos,2007-08-01,6,206,6,206,212
YACO,consulta externa,repetidas en personas de 15 a 59 anos,2007-08-01,8,2,8,2,10
YACUIBA,consulta externa,repetidas en personas de 15 a 59 anos,2007-08-01,355,1142,355,1142,1497
YAMPARAEZ,consulta externa,repetidas en personas de 15 a 59 anos,2007-08-01,8,17,8,17,25
YANACACHI,consulta externa,repetidas en personas de 15 a 59 anos,2007-08-01,17,16,17,16,33
YAPACANI,consulta externa,repetidas en personas de 15 a 59 anos,2007-08-01,16,15,16,15,31
YOCALLA,consulta externa,repetidas en personas de 15 a 59 anos,2007-08-01,4,3,4,3,7
YOTALA,consulta externa,repetidas en personas de 15 a 59 anos,2007-08-01,28,65,28,65,93
YUNCHARA,consulta externa,repetidas en personas de 15 a 59 anos,2007-08-01,4,15,4,15,19
ZUDAÑEZ,consulta externa,repetidas en personas de 15 a 59 anos,2007-08-01,6,10,6,10,16
ACACIO,consulta externa,repetidas en personas de 15 a 59 anos,2007-09-01,1,5,1,5,6
ACHACACHI,consulta externa,repetidas en personas de 15 a 59 anos,2007-09-01,23,51,23,51,74
ACHOCALLA,consulta externa,repetidas en personas de 15 a 59 anos,2007-09-01,3,12,3,12,15
AIQUILE,consulta externa,repetidas en personas de 15 a 59 anos,2007-09-01,28,159,28,159,187
ALCALA,consulta externa,repetidas en personas de 15 a 59 anos,2007-09-01,0,2,0,2,2
ANCORAIMES,consulta externa,repetidas en personas de 15 a 59 anos,2007-09-01,11,15,11,15,26
ANDAMARCA,consulta externa,repetidas en personas de 15 a 59 anos,2007-09-01,8,6,8,6,14
ANTEQUERA,consulta externa,repetidas en personas de 15 a 59 anos,2007-09-01,6,12,6,12,18
ANZALDO,consulta externa,repetidas en personas de 15 a 59 anos,2007-09-01,6,16,6,16,22
APOLO,consulta externa,repetidas en personas de 15 a 59 anos,2007-09-01,7,23,7,23,30
ARAMPAMPA,consulta externa,repetidas en personas de 15 a 59 anos,2007-09-01,0,1,0,1,1
ARANI,consulta externa,repetidas en personas de 15 a 59 anos,2007-09-01,5,13,5,13,18
ARBIETO,consulta externa,repetidas en personas de 15 a 59 anos,2007-09-01,0,5,0,5,5
ARQUE,consulta externa,repetidas en personas de 15 a 59 anos,2007-09-01,2,1,2,1,3
ASCENCION DE GUARAYOS,consulta externa,repetidas en personas de 15 a 59 anos,2007-09-01,40,29,40,29,69
ATOCHA,consulta externa,repetidas en personas de 15 a 59 anos,2007-09-01,215,259,215,259,474
AUCAPATA,consulta externa,repetidas en personas de 15 a 59 anos,2007-09-01,3,7,3,7,10
AYATA,consulta externa,repetidas en personas de 15 a 59 anos,2007-09-01,2,1,2,1,3
AYO AYO,consulta externa,repetidas en personas de 15 a 59 anos,2007-09-01,1,5,1,5,6
AYOPAYA (V. DE INDEPENDENCIA),consulta externa,repetidas en personas de 15 a 59 anos,2007-09-01,20,32,20,32,52
AZURDUY,consulta externa,repetidas en personas de 15 a 59 anos,2007-09-01,0,1,0,1,1
BATALLAS,consulta externa,repetidas en personas de 15 a 59 anos,2007-09-01,2,7,2,7,9
BAURES,consulta externa,repetidas en personas de 15 a 59 anos,2007-09-01,4,18,4,18,22
BELEN DE ANDAMARCA,consulta externa,repetidas en personas de 15 a 59 anos,2007-09-01,6,7,6,7,13
BELEN DE URMIRI,consulta externa,repetidas en personas de 15 a 59 anos,2007-09-01,1,1,1,1,2
BELLA FLOR,consulta externa,repetidas en personas de 15 a 59 anos,2007-09-01,0,2,0,2,2
BERMEJO,consulta externa,repetidas en personas de 15 a 59 anos,2007-09-01,96,213,96,213,309
BETANZOS,consulta externa,repetidas en personas de 15 a 59 anos,2007-09-01,24,45,24,45,69
BOLPEBRA,consulta externa,repetidas en personas de 15 a 59 anos,2007-09-01,2,0,2,0,2
BOYUIBE,consulta externa,repetidas en personas de 15 a 59 anos,2007-09-01,6,17,6,17,23
BUENA VISTA,consulta externa,repetidas en personas de 15 a 59 anos,2007-09-01,15,38,15,38,53
CABEZAS,consulta externa,repetidas en personas de 15 a 59 anos,2007-09-01,5,36,5,36,41
CAIROMA,consulta externa,repetidas en personas de 15 a 59 anos,2007-09-01,28,19,28,19,47
"CAIZA ""D""",consulta externa,repetidas en personas de 15 a 59 anos,2007-09-01,6,5,6,5,11
CAJUATA,consulta externa,repetidas en personas de 15 a 59 anos,2007-09-01,16,16,16,16,32
CALACOTO,consulta externa,repetidas en personas de 15 a 59 anos,2007-09-01,1,0,1,0,1
CALAMARCA,consulta externa,repetidas en personas de 15 a 59 anos,2007-09-01,12,9,12,9,21
CAMARGO,consulta externa,repetidas en personas de 15 a 59 anos,2007-09-01,7,30,7,30,37
CAMATAQUI (C. VILLA ABECIA),consulta externa,repetidas en personas de 15 a 59 anos,2007-09-01,9,25,9,25,34
CAMIRI,consulta externa,repetidas en personas de 15 a 59 anos,2007-09-01,62,356,62,356,418
CAPINOTA,consulta externa,repetidas en personas de 15 a 59 anos,2007-09-01,19,29,19,29,48
CAQUIAVIRI,consulta externa,repetidas en personas de 15 a 59 anos,2007-09-01,8,7,8,7,15
CARACOLLO,consulta externa,repetidas en personas de 15 a 59 anos,2007-09-01,6,8,6,8,14
CARANAVI,consulta externa,repetidas en personas de 15 a 59 anos,2007-09-01,30,44,30,44,74
CARAPARI,consulta externa,repetidas en personas de 15 a 59 anos,2007-09-01,7,10,7,10,17
CARIPUYO,consulta externa,repetidas en personas de 15 a 59 anos,2007-09-01,2,3,2,3,5
CARMEN RIVERO TORREZ,consulta externa,repetidas en personas de 15 a 59 anos,2007-09-01,2,1,2,1,3
CATACORA,consulta externa,repetidas en personas de 15 a 59 anos,2007-09-01,0,2,0,2,2
CHALLAPATA,consulta externa,repetidas en personas de 15 a 59 anos,2007-09-01,45,48,45,48,93
CHAQUI,consulta externa,repetidas en personas de 15 a 59 anos,2007-09-01,0,5,0,5,5
CHARAGUA,consulta externa,repetidas en personas de 15 a 59 anos,2007-09-01,16,30,16,30,46
CHARAÑA,consulta externa,repetidas en personas de 15 a 59 anos,2007-09-01,5,1,5,1,6
CHAYANTA,consulta externa,repetidas en personas de 15 a 59 anos,2007-09-01,2,3,2,3,5
CHIMORE,consulta externa,repetidas en personas de 15 a 59 anos,2007-09-01,13,17,13,17,30
CHIPAYA,consulta externa,repetidas en personas de 15 a 59 anos,2007-09-01,1,2,1,2,3
CHOQUE COTA,consulta externa,repetidas en personas de 15 a 59 anos,2007-09-01,3,5,3,5,8
CHULUMANI (V. DE LA LIBERTAD),consulta externa,repetidas en personas de 15 a 59 anos,2007-09-01,72,57,72,57,129
CHUMA,consulta externa,repetidas en personas de 15 a 59 anos,2007-09-01,2,3,2,3,5
CLIZA,consulta externa,repetidas en personas de 15 a 59 anos,2007-09-01,12,8,12,8,20
COBIJA,consulta externa,repetidas en personas de 15 a 59 anos,2007-09-01,165,738,165,738,903
COCHABAMBA,consulta externa,repetidas en personas de 15 a 59 anos,2007-09-01,8583,17215,8583,17215,25798
COIPASA,consulta externa,repetidas en personas de 15 a 59 anos,2007-09-01,1,0,1,0,1
COLCAPIRHUA,consulta externa,repetidas en personas de 15 a 59 anos,2007-09-01,106,325,106,325,431
"COLCHA ""K""",consulta externa,repetidas en personas de 15 a 59 anos,2007-09-01,5,17,5,17,22
COLLANA,consulta externa,repetidas en personas de 15 a 59 anos,2007-09-01,0,1,0,1,1
COLOMI,consulta externa,repetidas en personas de 15 a 59 anos,2007-09-01,2,25,2,25,27
COLPA BELGICA,consulta externa,repetidas en personas de 15 a 59 anos,2007-09-01,14,40,14,40,54
COLQUECHACA,consulta externa,repetidas en personas de 15 a 59 anos,2007-09-01,4,4,4,4,8
COLQUENCHA,consulta externa,repetidas en personas de 15 a 59 anos,2007-09-01,4,12,4,12,16
COLQUIRI,consulta externa,repetidas en personas de 15 a 59 anos,2007-09-01,10,30,10,30,40
COMANCHE,consulta externa,repetidas en personas de 15 a 59 anos,2007-09-01,4,4,4,4,8
COMARAPA,consulta externa,repetidas en personas de 15 a 59 anos,2007-09-01,19,30,19,30,49
CONCEPCION,consulta externa,repetidas en personas de 15 a 59 anos,2007-09-01,7,52,7,52,59
COPACABANA,consulta externa,repetidas en personas de 15 a 59 anos,2007-09-01,5,2,5,2,7
CORIPATA,consulta externa,repetidas en personas de 15 a 59 anos,2007-09-01,6,17,6,17,23
CORO CORO,consulta externa,repetidas en personas de 15 a 59 anos,2007-09-01,1,3,1,3,4
COROICO,consulta externa,repetidas en personas de 15 a 59 anos,2007-09-01,53,96,53,96,149
CORQUE,consulta externa,repetidas en personas de 15 a 59 anos,2007-09-01,7,15,7,15,22
COTAGAITA,consulta externa,repetidas en personas de 15 a 59 anos,2007-09-01,100,153,100,153,253
COTOCA,consulta externa,repetidas en personas de 15 a 59 anos,2007-09-01,4,19,4,19,23
CUATRO CAÑADAS,consulta externa,repetidas en personas de 15 a 59 anos,2007-09-01,75,95,75,95,170
CUCHUMUELA (V. G. VILLARROEL),consulta externa,repetidas en personas de 15 a 59 anos,2007-09-01,2,12,2,12,14
CUEVO,consulta externa,repetidas en personas de 15 a 59 anos,2007-09-01,2,2,2,2,4
CULPINA,consulta externa,repetidas en personas de 15 a 59 anos,2007-09-01,2,4,2,4,6
CURAHUARA DE CARANGAS,consulta externa,repetidas en personas de 15 a 59 anos,2007-09-01,7,5,7,5,12
CURVA,consulta externa,repetidas en personas de 15 a 59 anos,2007-09-01,1,3,1,3,4
DESAGUADERO,consulta externa,repetidas en personas de 15 a 59 anos,2007-09-01,10,8,10,8,18
EL ALTO,consulta externa,repetidas en personas de 15 a 59 anos,2007-09-01,2883,6602,2883,6602,9485
EL CHORO,consulta externa,repetidas en personas de 15 a 59 anos,2007-09-01,1,2,1,2,3
EL PUENTE(STC),consulta externa,repetidas en personas de 15 a 59 anos,2007-09-01,4,2,4,2,6
EL PUENTE(TJA),consulta externa,repetidas en personas de 15 a 59 anos,2007-09-01,6,10,6,10,16
EL TORNO,consulta externa,repetidas en personas de 15 a 59 anos,2007-09-01,103,112,103,112,215
EL VILLAR,consulta externa,repetidas en personas de 15 a 59 anos,2007-09-01,0,2,0,2,2
ENTRE RIOS,consulta externa,repetidas en personas de 15 a 59 anos,2007-09-01,17,28,17,28,45
ENTRE RIOS,consulta externa,repetidas en personas de 15 a 59 anos,2007-09-01,9,13,9,13,22
ESCARA,consulta externa,repetidas en personas de 15 a 59 anos,2007-09-01,2,1,2,1,3
EUCALIPTUS,consulta externa,repetidas en personas de 15 a 59 anos,2007-09-01,0,4,0,4,4
EXALTACION,consulta externa,repetidas en personas de 15 a 59 anos,2007-09-01,1,2,1,2,3
FERNANDEZ ALONSO,consulta externa,repetidas en personas de 15 a 59 anos,2007-09-01,4,5,4,5,9
FILADELFIA,consulta externa,repetidas en personas de 15 a 59 anos,2007-09-01,93,42,93,42,135
GENERAL SAAVEDRA,consulta externa,repetidas en personas de 15 a 59 anos,2007-09-01,3,4,3,4,7
GRAL. J.J. PEREZ (CHARAZANI),consulta externa,repetidas en personas de 15 a 59 anos,2007-09-01,5,6,5,6,11
GUANAY,consulta externa,repetidas en personas de 15 a 59 anos,2007-09-01,4,4,4,4,8
GUAQUI,consulta externa,repetidas en personas de 15 a 59 anos,2007-09-01,9,8,9,8,17
GUAYARAMERIN,consulta externa,repetidas en personas de 15 a 59 anos,2007-09-01,109,204,109,204,313
GUTIERREZ,consulta externa,repetidas en personas de 15 a 59 anos,2007-09-01,8,7,8,7,15
HUACARETA,consulta externa,repetidas en personas de 15 a 59 anos,2007-09-01,24,68,24,68,92
HUACAYA (VILLA DE HUACAYA),consulta externa,repetidas en personas de 15 a 59 anos,2007-09-01,0,1,0,1,1
HUACHACALLA,consulta externa,repetidas en personas de 15 a 59 anos,2007-09-01,8,12,8,12,20
HUANUNI,consulta externa,repetidas en personas de 15 a 59 anos,2007-09-01,149,238,149,238,387
HUARACAJE,consulta externa,repetidas en personas de 15 a 59 anos,2007-09-01,4,11,4,11,15
ICHOCA,consulta externa,repetidas en personas de 15 a 59 anos,2007-09-01,3,5,3,5,8
ICLA,consulta externa,repetidas en personas de 15 a 59 anos,2007-09-01,2,1,2,1,3
INCAHUASI,consulta externa,repetidas en personas de 15 a 59 anos,2007-09-01,0,5,0,5,5
INQUISIVI,consulta externa,repetidas en personas de 15 a 59 anos,2007-09-01,1,0,1,0,1
IRUPANA (VILLA DE LANZA),consulta externa,repetidas en personas de 15 a 59 anos,2007-09-01,17,18,17,18,35
IXIAMAS,consulta externa,repetidas en personas de 15 a 59 anos,2007-09-01,4,18,4,18,22
JESUS DE MACHACA,consulta externa,repetidas en personas de 15 a 59 anos,2007-09-01,7,14,7,14,21
LA ASUNTA,consulta externa,repetidas en personas de 15 a 59 anos,2007-09-01,20,15,20,15,35
LA GUARDIA,consulta externa,repetidas en personas de 15 a 59 anos,2007-09-01,22,85,22,85,107
LA PAZ,consulta externa,repetidas en personas de 15 a 59 anos,2007-09-01,13902,29857,13902,29857,43759
LAGUNILLAS,consulta externa,repetidas en personas de 15 a 59 anos,2007-09-01,11,5,11,5,16
LAJA,consulta externa,repetidas en personas de 15 a 59 anos,2007-09-01,5,5,5,5,10
LAS CARRERAS,consulta externa,repetidas en personas de 15 a 59 anos,2007-09-01,7,7,7,7,14
LICOMA PAMPA,consulta externa,repetidas en personas de 15 a 59 anos,2007-09-01,1,0,1,0,1
LLALLAGUA,consulta externa,repetidas en personas de 15 a 59 anos,2007-09-01,86,134,86,134,220
LLICA,consulta externa,repetidas en personas de 15 a 59 anos,2007-09-01,49,10,49,10,59
LORETO,consulta externa,repetidas en personas de 15 a 59 anos,2007-09-01,0,1,0,1,1
LURIBAY,consulta externa,repetidas en personas de 15 a 59 anos,2007-09-01,8,14,8,14,22
MACHACAMARCA,consulta externa,repetidas en personas de 15 a 59 anos,2007-09-01,18,10,18,10,28
MACHARETI,consulta externa,repetidas en personas de 15 a 59 anos,2007-09-01,10,40,10,40,50
MAGDALENA,consulta externa,repetidas en personas de 15 a 59 anos,2007-09-01,34,172,34,172,206
MAIRANA,consulta externa,repetidas en personas de 15 a 59 anos,2007-09-01,4,9,4,9,13
MAPIRI,consulta externa,repetidas en personas de 15 a 59 anos,2007-09-01,8,10,8,10,18
MECAPACA,consulta externa,repetidas en personas de 15 a 59 anos,2007-09-01,22,24,22,24,46
MINEROS,consulta externa,repetidas en personas de 15 a 59 anos,2007-09-01,2,38,2,38,40
MIZQUE,consulta externa,repetidas en personas de 15 a 59 anos,2007-09-01,4,10,4,10,14
MOCOMOCO,consulta externa,repetidas en personas de 15 a 59 anos,2007-09-01,26,17,26,17,43
MOJINETE,consulta externa,repetidas en personas de 15 a 59 anos,2007-09-01,1,2,1,2,3
MOJOCOYA,consulta externa,repetidas en personas de 15 a 59 anos,2007-09-01,17,8,17,8,25
MONTEAGUDO,consulta externa,repetidas en personas de 15 a 59 anos,2007-09-01,113,305,113,305,418
MONTERO,consulta externa,repetidas en personas de 15 a 59 anos,2007-09-01,624,1213,624,1213,1837
MORO MORO,consulta externa,repetidas en personas de 15 a 59 anos,2007-09-01,6,4,6,4,10
MOROCHATA,consulta externa,repetidas en personas de 15 a 59 anos,2007-09-01,11,57,11,57,68
NACEBE (SANTA ROSA DEL ABUNA),consulta externa,repetidas en personas de 15 a 59 anos,2007-09-01,4,9,4,9,13
NUEVO MANOA (NUEVA ESPERANZA),consulta externa,repetidas en personas de 15 a 59 anos,2007-09-01,4,2,4,2,6
OCURI,consulta externa,repetidas en personas de 15 a 59 anos,2007-09-01,0,5,0,5,5
OKINAWA,consulta externa,repetidas en personas de 15 a 59 anos,2007-09-01,26,70,26,70,96
OMEREQUE,consulta externa,repetidas en personas de 15 a 59 anos,2007-09-01,3,1,3,1,4
ORURO,consulta externa,repetidas en personas de 15 a 59 anos,2007-09-01,1737,3837,1737,3837,5574
PADCAYA,consulta externa,repetidas en personas de 15 a 59 anos,2007-09-01,29,35,29,35,64
PADILLA,consulta externa,repetidas en personas de 15 a 59 anos,2007-09-01,9,33,9,33,42
PAILON,consulta externa,repetidas en personas de 15 a 59 anos,2007-09-01,8,4,8,4,12
PALCA,consulta externa,repetidas en personas de 15 a 59 anos,2007-09-01,7,17,7,17,24
PALOS BLANCOS,consulta externa,repetidas en personas de 15 a 59 anos,2007-09-01,57,19,57,19,76
PAMPA AULLAGAS,consulta externa,repetidas en personas de 15 a 59 anos,2007-09-01,1,0,1,0,1
PAMPA GRANDE,consulta externa,repetidas en personas de 15 a 59 anos,2007-09-01,3,6,3,6,9
PAPEL PAMPA,consulta externa,repetidas en personas de 15 a 59 anos,2007-09-01,0,2,0,2,2
PASORAPA,consulta externa,repetidas en personas de 15 a 59 anos,2007-09-01,1,1,1,1,2
PATACAMAYA,consulta externa,repetidas en personas de 15 a 59 anos,2007-09-01,5,4,5,4,9
PAZÑA,consulta externa,repetidas en personas de 15 a 59 anos,2007-09-01,17,13,17,13,30
PELECHUCO,consulta externa,repetidas en personas de 15 a 59 anos,2007-09-01,0,2,0,2,2
POCOATA,consulta externa,repetidas en personas de 15 a 59 anos,2007-09-01,5,7,5,7,12
POCONA,consulta externa,repetidas en personas de 15 a 59 anos,2007-09-01,3,8,3,8,11
POOPO,consulta externa,repetidas en personas de 15 a 59 anos,2007-09-01,8,8,8,8,16
PORCO,consulta externa,repetidas en personas de 15 a 59 anos,2007-09-01,0,6,0,6,6
POROMA,consulta externa,repetidas en personas de 15 a 59 anos,2007-09-01,3,7,3,7,10
PORONGO,consulta externa,repetidas en personas de 15 a 59 anos,2007-09-01,0,4,0,4,4
PORTACHUELO,consulta externa,repetidas en personas de 15 a 59 anos,2007-09-01,39,132,39,132,171
PORVENIR,consulta externa,repetidas en personas de 15 a 59 anos,2007-09-01,5,11,5,11,16
POSTRER VALLE,consulta externa,repetidas en personas de 15 a 59 anos,2007-09-01,1,3,1,3,4
POTOSI,consulta externa,repetidas en personas de 15 a 59 anos,2007-09-01,1590,3608,1590,3608,5198
PRESTO,consulta externa,repetidas en personas de 15 a 59 anos,2007-09-01,2,6,2,6,8
PUCARA,consulta externa,repetidas en personas de 15 a 59 anos,2007-09-01,0,3,0,3,3
PUCARANI,consulta externa,repetidas en personas de 15 a 59 anos,2007-09-01,4,25,4,25,29
PUERTO ACOSTA,consulta externa,repetidas en personas de 15 a 59 anos,2007-09-01,15,35,15,35,50
PUERTO CARABUCO,consulta externa,repetidas en personas de 15 a 59 anos,2007-09-01,5,5,5,5,10
PUERTO GONZALO MORENO,consulta externa,repetidas en personas de 15 a 59 anos,2007-09-01,5,4,5,4,9
PUERTO PEREZ,consulta externa,repetidas en personas de 15 a 59 anos,2007-09-01,0,2,0,2,2
PUERTO QUIJARRO,consulta externa,repetidas en personas de 15 a 59 anos,2007-09-01,19,52,19,52,71
PUERTO RICO,consulta externa,repetidas en personas de 15 a 59 anos,2007-09-01,5,7,5,7,12
PUERTO SUAREZ,consulta externa,repetidas en personas de 15 a 59 anos,2007-09-01,21,48,21,48,69
PUERTO VILLARROEL,consulta externa,repetidas en personas de 15 a 59 anos,2007-09-01,35,85,35,85,120
PUNA,consulta externa,repetidas en personas de 15 a 59 anos,2007-09-01,12,13,12,13,25
PUNATA,consulta externa,repetidas en personas de 15 a 59 anos,2007-09-01,96,284,96,284,380
QUILLACOLLO,consulta externa,repetidas en personas de 15 a 59 anos,2007-09-01,298,431,298,431,729
QUIME,consulta externa,repetidas en personas de 15 a 59 anos,2007-09-01,18,6,18,6,24
QUIRUSILLAS,consulta externa,repetidas en personas de 15 a 59 anos,2007-09-01,1,5,1,5,6
RAVELO,consulta externa,repetidas en personas de 15 a 59 anos,2007-09-01,0,1,0,1,1
REYES,consulta externa,repetidas en personas de 15 a 59 anos,2007-09-01,22,55,22,55,77
RIBERALTA,consulta externa,repetidas en personas de 15 a 59 anos,2007-09-01,53,366,53,366,419
ROBORE,consulta externa,repetidas en personas de 15 a 59 anos,2007-09-01,35,138,35,138,173
RURRENABAQUE,consulta externa,repetidas en personas de 15 a 59 anos,2007-09-01,41,113,41,113,154
SABAYA,consulta externa,repetidas en personas de 15 a 59 anos,2007-09-01,5,4,5,4,9
SACABA,consulta externa,repetidas en personas de 15 a 59 anos,2007-09-01,129,264,129,264,393
SACABAMBA,consulta externa,repetidas en personas de 15 a 59 anos,2007-09-01,9,15,9,15,24
SACACA,consulta externa,repetidas en personas de 15 a 59 anos,2007-09-01,3,6,3,6,9
SAIPINA,consulta externa,repetidas en personas de 15 a 59 anos,2007-09-01,13,31,13,31,44
SALINAS DE GARCI MENDOZA,consulta externa,repetidas en personas de 15 a 59 anos,2007-09-01,13,16,13,16,29
SAMAIPATA,consulta externa,repetidas en personas de 15 a 59 anos,2007-09-01,1,6,1,6,7
SAN AGUSTIN,consulta externa,repetidas en personas de 15 a 59 anos,2007-09-01,1,1,1,1,2
SAN ANDRES,consulta externa,repetidas en personas de 15 a 59 anos,2007-09-01,1,8,1,8,9
SAN ANDRES DE MACHACA,consulta externa,repetidas en personas de 15 a 59 anos,2007-09-01,6,13,6,13,19
SAN ANTONIO DE ESMORUCO,consulta externa,repetidas en personas de 15 a 59 anos,2007-09-01,2,5,2,5,7
SAN ANTONIO DE LOMERIO,consulta externa,repetidas en personas de 15 a 59 anos,2007-09-01,5,0,5,0,5
SAN BENITO,consulta externa,repetidas en personas de 15 a 59 anos,2007-09-01,12,21,12,21,33
SAN BORJA,consulta externa,repetidas en personas de 15 a 59 anos,2007-09-01,44,150,44,150,194
SAN BUENA VENTURA,consulta externa,repetidas en personas de 15 a 59 anos,2007-09-01,18,67,18,67,85
SAN CARLOS,consulta externa,repetidas en personas de 15 a 59 anos,2007-09-01,9,199,9,199,208
SAN IGNACIO,consulta externa,repetidas en personas de 15 a 59 anos,2007-09-01,59,144,59,144,203
SAN IGNACIO DE VELASCO,consulta externa,repetidas en personas de 15 a 59 anos,2007-09-01,64,220,64,220,284
SAN JAVIER(BNI),consulta externa,repetidas en personas de 15 a 59 anos,2007-09-01,0,1,0,1,1
SAN JAVIER(STC),consulta externa,repetidas en personas de 15 a 59 anos,2007-09-01,11,42,11,42,53
SAN JOAQUIN,consulta externa,repetidas en personas de 15 a 59 anos,2007-09-01,4,6,4,6,10
SAN JOSE DE CHIQUITOS,consulta externa,repetidas en personas de 15 a 59 anos,2007-09-01,27,38,27,38,65
SAN JUAN DE YAPACANI,consulta externa,repetidas en personas de 15 a 59 anos,2007-09-01,11,24,11,24,35
SAN JULIAN,consulta externa,repetidas en personas de 15 a 59 anos,2007-09-01,34,208,34,208,242
SAN LORENZO(PND),consulta externa,repetidas en personas de 15 a 59 anos,2007-09-01,2,2,2,2,4
SAN LORENZO(TJA),consulta externa,repetidas en personas de 15 a 59 anos,2007-09-01,23,59,23,59,82
SAN LUCAS,consulta externa,repetidas en personas de 15 a 59 anos,2007-09-01,14,39,14,39,53
SAN MATIAS,consulta externa,repetidas en personas de 15 a 59 anos,2007-09-01,2,7,2,7,9
SAN MIGUEL DE VELASCO,consulta externa,repetidas en personas de 15 a 59 anos,2007-09-01,11,18,11,18,29
SAN PABLO DE LIPEZ,consulta externa,repetidas en personas de 15 a 59 anos,2007-09-01,3,33,3,33,36
SAN PEDRO,consulta externa,repetidas en personas de 15 a 59 anos,2007-09-01,20,42,20,42,62
SAN PEDRO DE BUENA VISTA,consulta externa,repetidas en personas de 15 a 59 anos,2007-09-01,4,0,4,0,4
SAN PEDRO DE CURAHUARA,consulta externa,repetidas en personas de 15 a 59 anos,2007-09-01,3,4,3,4,7
SAN PEDRO DE TIQUINA,consulta externa,repetidas en personas de 15 a 59 anos,2007-09-01,1,5,1,5,6
SAN PEDRO(PND),consulta externa,repetidas en personas de 15 a 59 anos,2007-09-01,0,1,0,1,1
SAN RAFAEL,consulta externa,repetidas en personas de 15 a 59 anos,2007-09-01,4,9,4,9,13
SAN RAMON,consulta externa,repetidas en personas de 15 a 59 anos,2007-09-01,39,35,39,35,74
SAN RAMON,consulta externa,repetidas en personas de 15 a 59 anos,2007-09-01,73,241,73,241,314
SANTA ANA,consulta externa,repetidas en personas de 15 a 59 anos,2007-09-01,20,71,20,71,91
SANTA CRUZ DE LA SIERRA,consulta externa,repetidas en personas de 15 a 59 anos,2007-09-01,6132,16422,6132,16422,22554
SANTA ROSA,consulta externa,repetidas en personas de 15 a 59 anos,2007-09-01,3,8,3,8,11
SANTA ROSA DEL SARA,consulta externa,repetidas en personas de 15 a 59 anos,2007-09-01,1,3,1,3,4
SANTIAGO DE CALLAPA,consulta externa,repetidas en personas de 15 a 59 anos,2007-09-01,1,1,1,1,2
SANTIAGO DE HUARI,consulta externa,repetidas en personas de 15 a 59 anos,2007-09-01,10,43,10,43,53
SANTIVAÑES,consulta externa,repetidas en personas de 15 a 59 anos,2007-09-01,4,10,4,10,14
SANTUARIO DE QUILLACAS,consulta externa,repetidas en personas de 15 a 59 anos,2007-09-01,2,0,2,0,2
SAPAHAQUI,consulta externa,repetidas en personas de 15 a 59 anos,2007-09-01,4,7,4,7,11
SICA SICA (VILLA AROMA),consulta externa,repetidas en personas de 15 a 59 anos,2007-09-01,0,2,0,2,2
SIPE SIPE,consulta externa,repetidas en personas de 15 a 59 anos,2007-09-01,67,152,67,152,219
SOPACHUY,consulta externa,repetidas en personas de 15 a 59 anos,2007-09-01,7,15,7,15,22
SORACACHI,consulta externa,repetidas en personas de 15 a 59 anos,2007-09-01,9,19,9,19,28
SORATA,consulta externa,repetidas en personas de 15 a 59 anos,2007-09-01,8,9,8,9,17
SUCRE,consulta externa,repetidas en personas de 15 a 59 anos,2007-09-01,2984,6884,2984,6884,9868
TACACHI,consulta externa,repetidas en personas de 15 a 59 anos,2007-09-01,1,7,1,7,8
TACACOMA,consulta externa,repetidas en personas de 15 a 59 anos,2007-09-01,0,1,0,1,1
TACOBAMBA,consulta externa,repetidas en personas de 15 a 59 anos,2007-09-01,2,4,2,4,6
TACOPAYA,consulta externa,repetidas en personas de 15 a 59 anos,2007-09-01,0,4,0,4,4
TAHUA,consulta externa,repetidas en personas de 15 a 59 anos,2007-09-01,5,3,5,3,8
TAPACARI,consulta externa,repetidas en personas de 15 a 59 anos,2007-09-01,7,48,7,48,55
TARABUCO,consulta externa,repetidas en personas de 15 a 59 anos,2007-09-01,40,56,40,56,96
TARACO,consulta externa,repetidas en personas de 15 a 59 anos,2007-09-01,1,2,1,2,3
TARATA,consulta externa,repetidas en personas de 15 a 59 anos,2007-09-01,1,0,1,0,1
TARIJA,consulta externa,repetidas en personas de 15 a 59 anos,2007-09-01,2271,5631,2271,5631,7902
TARVITA,consulta externa,repetidas en personas de 15 a 59 anos,2007-09-01,4,16,4,16,20
TEOPONTE,consulta externa,repetidas en personas de 15 a 59 anos,2007-09-01,7,6,7,6,13
TIAWANACU,consulta externa,repetidas en personas de 15 a 59 anos,2007-09-01,4,13,4,13,17
TINGUIPAYA,consulta externa,repetidas en personas de 15 a 59 anos,2007-09-01,3,4,3,4,7
TIPUANI,consulta externa,repetidas en personas de 15 a 59 anos,2007-09-01,8,7,8,7,15
TIQUIPAYA,consulta externa,repetidas en personas de 15 a 59 anos,2007-09-01,25,377,25,377,402
TIRAQUE (CBBA),consulta externa,repetidas en personas de 15 a 59 anos,2007-09-01,37,192,37,192,229
TITO YUPANQUI (PARQUIPUJIO),consulta externa,repetidas en personas de 15 a 59 anos,2007-09-01,2,10,2,10,12
TOCO,consulta externa,repetidas en personas de 15 a 59 anos,2007-09-01,6,6,6,6,12
TODOS SANTOS,consulta externa,repetidas en personas de 15 a 59 anos,2007-09-01,2,0,2,0,2
TOLATA,consulta externa,repetidas en personas de 15 a 59 anos,2007-09-01,92,133,92,133,225
TOLEDO,consulta externa,repetidas en personas de 15 a 59 anos,2007-09-01,5,18,5,18,23
TOMAVE,consulta externa,repetidas en personas de 15 a 59 anos,2007-09-01,25,27,25,27,52
TOMINA,consulta externa,repetidas en personas de 15 a 59 anos,2007-09-01,9,8,9,8,17
TORO TORO,consulta externa,repetidas en personas de 15 a 59 anos,2007-09-01,4,4,4,4,8
TOTORA(CBBA),consulta externa,repetidas en personas de 15 a 59 anos,2007-09-01,2,3,2,3,5
TOTORA(ORR),consulta externa,repetidas en personas de 15 a 59 anos,2007-09-01,0,2,0,2,2
TRIGAL,consulta externa,repetidas en personas de 15 a 59 anos,2007-09-01,1,3,1,3,4
TRINIDAD,consulta externa,repetidas en personas de 15 a 59 anos,2007-09-01,378,711,378,711,1089
TUPIZA,consulta externa,repetidas en personas de 15 a 59 anos,2007-09-01,97,193,97,193,290
TURCO,consulta externa,repetidas en personas de 15 a 59 anos,2007-09-01,1,4,1,4,5
UNCIA,consulta externa,repetidas en personas de 15 a 59 anos,2007-09-01,148,212,148,212,360
URIONDO (A. CONCEPCION),consulta externa,repetidas en personas de 15 a 59 anos,2007-09-01,9,48,9,48,57
URUBICHA,consulta externa,repetidas en personas de 15 a 59 anos,2007-09-01,0,136,0,136,136
UYUNI,consulta externa,repetidas en personas de 15 a 59 anos,2007-09-01,111,117,111,117,228
VACAS,consulta externa,repetidas en personas de 15 a 59 anos,2007-09-01,10,44,10,44,54
VALLEGRANDE,consulta externa,repetidas en personas de 15 a 59 anos,2007-09-01,118,292,118,292,410
VIACHA,consulta externa,repetidas en personas de 15 a 59 anos,2007-09-01,234,692,234,692,926
VILLA MONTES,consulta externa,repetidas en personas de 15 a 59 anos,2007-09-01,161,277,161,277,438
VILLA NUEVA (LOMA ALTA),consulta externa,repetidas en personas de 15 a 59 anos,2007-09-01,8,9,8,9,17
VILLA RIVERO,consulta externa,repetidas en personas de 15 a 59 anos,2007-09-01,3,3,3,3,6
VILLA SERRANO,consulta externa,repetidas en personas de 15 a 59 anos,2007-09-01,1,5,1,5,6
VILLA TUNARI,consulta externa,repetidas en personas de 15 a 59 anos,2007-09-01,41,82,41,82,123
VILLA VACA GUZMAN (MUYUPAMPA),consulta externa,repetidas en personas de 15 a 59 anos,2007-09-01,10,25,10,25,35
VILLAZON,consulta externa,repetidas en personas de 15 a 59 anos,2007-09-01,86,163,86,163,249
VINTO,consulta externa,repetidas en personas de 15 a 59 anos,2007-09-01,52,154,52,154,206
VITICHI,consulta externa,repetidas en personas de 15 a 59 anos,2007-09-01,7,14,7,14,21
WALDO BALLIVIAN,consulta externa,repetidas en personas de 15 a 59 anos,2007-09-01,3,7,3,7,10
WARNES,consulta externa,repetidas en personas de 15 a 59 anos,2007-09-01,21,158,21,158,179
YACO,consulta externa,repetidas en personas de 15 a 59 anos,2007-09-01,2,1,2,1,3
YACUIBA,consulta externa,repetidas en personas de 15 a 59 anos,2007-09-01,267,767,267,767,1034
YAMPARAEZ,consulta externa,repetidas en personas de 15 a 59 anos,2007-09-01,22,25,22,25,47
YANACACHI,consulta externa,repetidas en personas de 15 a 59 anos,2007-09-01,9,4,9,4,13
YAPACANI,consulta externa,repetidas en personas de 15 a 59 anos,2007-09-01,12,16,12,16,28
YOCALLA,consulta externa,repetidas en personas de 15 a 59 anos,2007-09-01,5,5,5,5,10
YOTALA,consulta externa,repetidas en personas de 15 a 59 anos,2007-09-01,27,49,27,49,76
YUNCHARA,consulta externa,repetidas en personas de 15 a 59 anos,2007-09-01,0,8,0,8,8
ZUDAÑEZ,consulta externa,repetidas en personas de 15 a 59 anos,2007-09-01,5,5,5,5,10
ACACIO,consulta externa,repetidas en personas de 15 a 59 anos,2007-10-01,3,4,3,4,7
ACHACACHI,consulta externa,repetidas en personas de 15 a 59 anos,2007-10-01,40,30,40,30,70
ACHOCALLA,consulta externa,repetidas en personas de 15 a 59 anos,2007-10-01,0,4,0,4,4
AIQUILE,consulta externa,repetidas en personas de 15 a 59 anos,2007-10-01,34,205,34,205,239
ALALAY,consulta externa,repetidas en personas de 15 a 59 anos,2007-10-01,0,1,0,1,1
ALCALA,consulta externa,repetidas en personas de 15 a 59 anos,2007-10-01,2,2,2,2,4
ANCORAIMES,consulta externa,repetidas en personas de 15 a 59 anos,2007-10-01,14,15,14,15,29
ANDAMARCA,consulta externa,repetidas en personas de 15 a 59 anos,2007-10-01,1,2,1,2,3
ANTEQUERA,consulta externa,repetidas en personas de 15 a 59 anos,2007-10-01,0,4,0,4,4
ANZALDO,consulta externa,repetidas en personas de 15 a 59 anos,2007-10-01,2,13,2,13,15
APOLO,consulta externa,repetidas en personas de 15 a 59 anos,2007-10-01,10,18,10,18,28
ARAMPAMPA,consulta externa,repetidas en personas de 15 a 59 anos,2007-10-01,3,3,3,3,6
ARANI,consulta externa,repetidas en personas de 15 a 59 anos,2007-10-01,8,6,8,6,14
ARBIETO,consulta externa,repetidas en personas de 15 a 59 anos,2007-10-01,2,13,2,13,15
ARQUE,consulta externa,repetidas en personas de 15 a 59 anos,2007-10-01,4,4,4,4,8
ASCENCION DE GUARAYOS,consulta externa,repetidas en personas de 15 a 59 anos,2007-10-01,44,31,44,31,75
ATOCHA,consulta externa,repetidas en personas de 15 a 59 anos,2007-10-01,240,196,240,196,436
AUCAPATA,consulta externa,repetidas en personas de 15 a 59 anos,2007-10-01,8,10,8,10,18
AYATA,consulta externa,repetidas en personas de 15 a 59 anos,2007-10-01,3,3,3,3,6
AYO AYO,consulta externa,repetidas en personas de 15 a 59 anos,2007-10-01,2,3,2,3,5
AYOPAYA (V. DE INDEPENDENCIA),consulta externa,repetidas en personas de 15 a 59 anos,2007-10-01,40,45,40,45,85
AZURDUY,consulta externa,repetidas en personas de 15 a 59 anos,2007-10-01,0,2,0,2,2
BATALLAS,consulta externa,repetidas en personas de 15 a 59 anos,2007-10-01,8,14,8,14,22
BAURES,consulta externa,repetidas en personas de 15 a 59 anos,2007-10-01,5,29,5,29,34
BELEN DE ANDAMARCA,consulta externa,repetidas en personas de 15 a 59 anos,2007-10-01,4,2,4,2,6
BELEN DE URMIRI,consulta externa,repetidas en personas de 15 a 59 anos,2007-10-01,1,1,1,1,2
BELLA FLOR,consulta externa,repetidas en personas de 15 a 59 anos,2007-10-01,2,0,2,0,2
BERMEJO,consulta externa,repetidas en personas de 15 a 59 anos,2007-10-01,109,207,109,207,316
BETANZOS,consulta externa,repetidas en personas de 15 a 59 anos,2007-10-01,22,52,22,52,74
BOLPEBRA,consulta externa,repetidas en personas de 15 a 59 anos,2007-10-01,0,1,0,1,1
BOYUIBE,consulta externa,repetidas en personas de 15 a 59 anos,2007-10-01,6,1,6,1,7
BUENA VISTA,consulta externa,repetidas en personas de 15 a 59 anos,2007-10-01,37,57,37,57,94
CABEZAS,consulta externa,repetidas en personas de 15 a 59 anos,2007-10-01,7,69,7,69,76
CAIROMA,consulta externa,repetidas en personas de 15 a 59 anos,2007-10-01,38,28,38,28,66
"CAIZA ""D""",consulta externa,repetidas en personas de 15 a 59 anos,2007-10-01,14,8,14,8,22
CAJUATA,consulta externa,repetidas en personas de 15 a 59 anos,2007-10-01,3,29,3,29,32
CALACOTO,consulta externa,repetidas en personas de 15 a 59 anos,2007-10-01,1,0,1,0,1
CALAMARCA,consulta externa,repetidas en personas de 15 a 59 anos,2007-10-01,7,12,7,12,19
CAMARGO,consulta externa,repetidas en personas de 15 a 59 anos,2007-10-01,17,42,17,42,59
CAMATAQUI (C. VILLA ABECIA),consulta externa,repetidas en personas de 15 a 59 anos,2007-10-01,4,7,4,7,11
CAMIRI,consulta externa,repetidas en personas de 15 a 59 anos,2007-10-01,108,518,108,518,626
CAPINOTA,consulta externa,repetidas en personas de 15 a 59 anos,2007-10-01,55,168,55,168,223
CAQUIAVIRI,consulta externa,repetidas en personas de 15 a 59 anos,2007-10-01,4,6,4,6,10
CARACOLLO,consulta externa,repetidas en personas de 15 a 59 anos,2007-10-01,9,13,9,13,22
CARANAVI,consulta externa,repetidas en personas de 15 a 59 anos,2007-10-01,46,54,46,54,100
CARAPARI,consulta externa,repetidas en personas de 15 a 59 anos,2007-10-01,5,14,5,14,19
CARIPUYO,consulta externa,repetidas en personas de 15 a 59 anos,2007-10-01,1,1,1,1,2
CARMEN RIVERO TORREZ,consulta externa,repetidas en personas de 15 a 59 anos,2007-10-01,0,1,0,1,1
CATACORA,consulta externa,repetidas en personas de 15 a 59 anos,2007-10-01,3,11,3,11,14
CHACARILLA,consulta externa,repetidas en personas de 15 a 59 anos,2007-10-01,10,19,10,19,29
CHALLAPATA,consulta externa,repetidas en personas de 15 a 59 anos,2007-10-01,21,63,21,63,84
CHAQUI,consulta externa,repetidas en personas de 15 a 59 anos,2007-10-01,1,1,1,1,2
CHARAGUA,consulta externa,repetidas en personas de 15 a 59 anos,2007-10-01,8,41,8,41,49
CHARAÑA,consulta externa,repetidas en personas de 15 a 59 anos,2007-10-01,3,0,3,0,3
CHAYANTA,consulta externa,repetidas en personas de 15 a 59 anos,2007-10-01,4,2,4,2,6
CHIMORE,consulta externa,repetidas en personas de 15 a 59 anos,2007-10-01,6,14,6,14,20
CHIPAYA,consulta externa,repetidas en personas de 15 a 59 anos,2007-10-01,0,2,0,2,2
CHOQUE COTA,consulta externa,repetidas en personas de 15 a 59 anos,2007-10-01,1,1,1,1,2
CHULUMANI (V. DE LA LIBERTAD),consulta externa,repetidas en personas de 15 a 59 anos,2007-10-01,79,44,79,44,123
CHUMA,consulta externa,repetidas en personas de 15 a 59 anos,2007-10-01,2,1,2,1,3
CLIZA,consulta externa,repetidas en personas de 15 a 59 anos,2007-10-01,11,12,11,12,23
COBIJA,consulta externa,repetidas en personas de 15 a 59 anos,2007-10-01,210,964,210,964,1174
COCHABAMBA,consulta externa,repetidas en personas de 15 a 59 anos,2007-10-01,10240,21230,10240,21230,31470
COIPASA,consulta externa,repetidas en personas de 15 a 59 anos,2007-10-01,1,0,1,0,1
COLCAPIRHUA,consulta externa,repetidas en personas de 15 a 59 anos,2007-10-01,125,390,125,390,515
"COLCHA ""K""",consulta externa,repetidas en personas de 15 a 59 anos,2007-10-01,5,19,5,19,24
COLLANA,consulta externa,repetidas en personas de 15 a 59 anos,2007-10-01,3,4,3,4,7
COLOMI,consulta externa,repetidas en personas de 15 a 59 anos,2007-10-01,6,11,6,11,17
COLPA BELGICA,consulta externa,repetidas en personas de 15 a 59 anos,2007-10-01,15,45,15,45,60
COLQUECHACA,consulta externa,repetidas en personas de 15 a 59 anos,2007-10-01,0,1,0,1,1
COLQUENCHA,consulta externa,repetidas en personas de 15 a 59 anos,2007-10-01,6,15,6,15,21
COLQUIRI,consulta externa,repetidas en personas de 15 a 59 anos,2007-10-01,12,36,12,36,48
COMANCHE,consulta externa,repetidas en personas de 15 a 59 anos,2007-10-01,5,1,5,1,6
COMARAPA,consulta externa,repetidas en personas de 15 a 59 anos,2007-10-01,33,43,33,43,76
COMBAYA,consulta externa,repetidas en personas de 15 a 59 anos,2007-10-01,0,1,0,1,1
COPACABANA,consulta externa,repetidas en personas de 15 a 59 anos,2007-10-01,5,10,5,10,15
CORIPATA,consulta externa,repetidas en personas de 15 a 59 anos,2007-10-01,9,8,9,8,17
CORO CORO,consulta externa,repetidas en personas de 15 a 59 anos,2007-10-01,5,11,5,11,16
COROICO,consulta externa,repetidas en personas de 15 a 59 anos,2007-10-01,51,126,51,126,177
CORQUE,consulta externa,repetidas en personas de 15 a 59 anos,2007-10-01,8,10,8,10,18
COTAGAITA,consulta externa,repetidas en personas de 15 a 59 anos,2007-10-01,120,151,120,151,271
COTOCA,consulta externa,repetidas en personas de 15 a 59 anos,2007-10-01,5,19,5,19,24
CUATRO CAÑADAS,consulta externa,repetidas en personas de 15 a 59 anos,2007-10-01,9,27,9,27,36
CUCHUMUELA (V. G. VILLARROEL),consulta externa,repetidas en personas de 15 a 59 anos,2007-10-01,2,5,2,5,7
CUEVO,consulta externa,repetidas en personas de 15 a 59 anos,2007-10-01,3,8,3,8,11
CULPINA,consulta externa,repetidas en personas de 15 a 59 anos,2007-10-01,3,5,3,5,8
CURAHUARA DE CARANGAS,consulta externa,repetidas en personas de 15 a 59 anos,2007-10-01,1,3,1,3,4
CURVA,consulta externa,repetidas en personas de 15 a 59 anos,2007-10-01,3,0,3,0,3
DESAGUADERO,consulta externa,repetidas en personas de 15 a 59 anos,2007-10-01,3,1,3,1,4
EL ALTO,consulta externa,repetidas en personas de 15 a 59 anos,2007-10-01,3606,7372,3606,7372,10978
EL CHORO,consulta externa,repetidas en personas de 15 a 59 anos,2007-10-01,0,1,0,1,1
EL PUENTE(STC),consulta externa,repetidas en personas de 15 a 59 anos,2007-10-01,23,20,23,20,43
EL PUENTE(TJA),consulta externa,repetidas en personas de 15 a 59 anos,2007-10-01,5,10,5,10,15
EL TORNO,consulta externa,repetidas en personas de 15 a 59 anos,2007-10-01,127,239,127,239,366
EL VILLAR,consulta externa,repetidas en personas de 15 a 59 anos,2007-10-01,8,0,8,0,8
ENTRE RIOS,consulta externa,repetidas en personas de 15 a 59 anos,2007-10-01,23,26,23,26,49
ENTRE RIOS,consulta externa,repetidas en personas de 15 a 59 anos,2007-10-01,16,18,16,18,34
EUCALIPTUS,consulta externa,repetidas en personas de 15 a 59 anos,2007-10-01,1,1,1,1,2
EXALTACION,consulta externa,repetidas en personas de 15 a 59 anos,2007-10-01,2,9,2,9,11
FERNANDEZ ALONSO,consulta externa,repetidas en personas de 15 a 59 anos,2007-10-01,15,40,15,40,55
FILADELFIA,consulta externa,repetidas en personas de 15 a 59 anos,2007-10-01,19,40,19,40,59
GENERAL SAAVEDRA,consulta externa,repetidas en personas de 15 a 59 anos,2007-10-01,9,11,9,11,20
GRAL. J.J. PEREZ (CHARAZANI),consulta externa,repetidas en personas de 15 a 59 anos,2007-10-01,28,38,28,38,66
GUANAY,consulta externa,repetidas en personas de 15 a 59 anos,2007-10-01,4,11,4,11,15
GUAQUI,consulta externa,repetidas en personas de 15 a 59 anos,2007-10-01,14,17,14,17,31
GUAYARAMERIN,consulta externa,repetidas en personas de 15 a 59 anos,2007-10-01,167,281,167,281,448
GUTIERREZ,consulta externa,repetidas en personas de 15 a 59 anos,2007-10-01,10,9,10,9,19
HUACARETA,consulta externa,repetidas en personas de 15 a 59 anos,2007-10-01,22,71,22,71,93
HUACHACALLA,consulta externa,repetidas en personas de 15 a 59 anos,2007-10-01,2,1,2,1,3
HUANUNI,consulta externa,repetidas en personas de 15 a 59 anos,2007-10-01,270,238,270,238,508
HUARACAJE,consulta externa,repetidas en personas de 15 a 59 anos,2007-10-01,1,10,1,10,11
ICHOCA,consulta externa,repetidas en personas de 15 a 59 anos,2007-10-01,1,0,1,0,1
ICLA,consulta externa,repetidas en personas de 15 a 59 anos,2007-10-01,8,46,8,46,54
INCAHUASI,consulta externa,repetidas en personas de 15 a 59 anos,2007-10-01,1,6,1,6,7
INGAVI (HUMAITA),consulta externa,repetidas en personas de 15 a 59 anos,2007-10-01,2,5,2,5,7
INQUISIVI,consulta externa,repetidas en personas de 15 a 59 anos,2007-10-01,8,7,8,7,15
IRUPANA (VILLA DE LANZA),consulta externa,repetidas en personas de 15 a 59 anos,2007-10-01,18,28,18,28,46
IXIAMAS,consulta externa,repetidas en personas de 15 a 59 anos,2007-10-01,0,5,0,5,5
JESUS DE MACHACA,consulta externa,repetidas en personas de 15 a 59 anos,2007-10-01,5,25,5,25,30
LA ASUNTA,consulta externa,repetidas en personas de 15 a 59 anos,2007-10-01,25,17,25,17,42
LA GUARDIA,consulta externa,repetidas en personas de 15 a 59 anos,2007-10-01,31,110,31,110,141
LA PAZ,consulta externa,repetidas en personas de 15 a 59 anos,2007-10-01,15017,33947,15017,33947,48964
LAGUNILLAS,consulta externa,repetidas en personas de 15 a 59 anos,2007-10-01,7,7,7,7,14
LAJA,consulta externa,repetidas en personas de 15 a 59 anos,2007-10-01,1,13,1,13,14
LAS CARRERAS,consulta externa,repetidas en personas de 15 a 59 anos,2007-10-01,8,8,8,8,16
LICOMA PAMPA,consulta externa,repetidas en personas de 15 a 59 anos,2007-10-01,1,2,1,2,3
LLALLAGUA,consulta externa,repetidas en personas de 15 a 59 anos,2007-10-01,144,227,144,227,371
LLICA,consulta externa,repetidas en personas de 15 a 59 anos,2007-10-01,8,6,8,6,14
LORETO,consulta externa,repetidas en personas de 15 a 59 anos,2007-10-01,1,32,1,32,33
LURIBAY,consulta externa,repetidas en personas de 15 a 59 anos,2007-10-01,10,9,10,9,19
MACHACAMARCA,consulta externa,repetidas en personas de 15 a 59 anos,2007-10-01,12,11,12,11,23
MACHARETI,consulta externa,repetidas en personas de 15 a 59 anos,2007-10-01,33,86,33,86,119
MAGDALENA,consulta externa,repetidas en personas de 15 a 59 anos,2007-10-01,40,97,40,97,137
MAIRANA,consulta externa,repetidas en personas de 15 a 59 anos,2007-10-01,3,4,3,4,7
MALLA,consulta externa,repetidas en personas de 15 a 59 anos,2007-10-01,3,1,3,1,4
MAPIRI,consulta externa,repetidas en personas de 15 a 59 anos,2007-10-01,7,8,7,8,15
MECAPACA,consulta externa,repetidas en personas de 15 a 59 anos,2007-10-01,10,16,10,16,26
MINEROS,consulta externa,repetidas en personas de 15 a 59 anos,2007-10-01,2,69,2,69,71
MIZQUE,consulta externa,repetidas en personas de 15 a 59 anos,2007-10-01,10,22,10,22,32
MOCOMOCO,consulta externa,repetidas en personas de 15 a 59 anos,2007-10-01,13,8,13,8,21
MOJINETE,consulta externa,repetidas en personas de 15 a 59 anos,2007-10-01,1,0,1,0,1
MOJOCOYA,consulta externa,repetidas en personas de 15 a 59 anos,2007-10-01,17,41,17,41,58
MONTEAGUDO,consulta externa,repetidas en personas de 15 a 59 anos,2007-10-01,138,258,138,258,396
MONTERO,consulta externa,repetidas en personas de 15 a 59 anos,2007-10-01,482,1032,482,1032,1514
MORO MORO,consulta externa,repetidas en personas de 15 a 59 anos,2007-10-01,1,1,1,1,2
MOROCHATA,consulta externa,repetidas en personas de 15 a 59 anos,2007-10-01,32,65,32,65,97
NACEBE (SANTA ROSA DEL ABUNA),consulta externa,repetidas en personas de 15 a 59 anos,2007-10-01,1,3,1,3,4
NUEVO MANOA (NUEVA ESPERANZA),consulta externa,repetidas en personas de 15 a 59 anos,2007-10-01,2,1,2,1,3
OCURI,consulta externa,repetidas en personas de 15 a 59 anos,2007-10-01,1,4,1,4,5
OKINAWA,consulta externa,repetidas en personas de 15 a 59 anos,2007-10-01,4,45,4,45,49
OMEREQUE,consulta externa,repetidas en personas de 15 a 59 anos,2007-10-01,6,6,6,6,12
ORURO,consulta externa,repetidas en personas de 15 a 59 anos,2007-10-01,2147,4871,2147,4871,7018
PADCAYA,consulta externa,repetidas en personas de 15 a 59 anos,2007-10-01,20,36,20,36,56
PADILLA,consulta externa,repetidas en personas de 15 a 59 anos,2007-10-01,12,18,12,18,30
PAILON,consulta externa,repetidas en personas de 15 a 59 anos,2007-10-01,1,2,1,2,3
PALCA,consulta externa,repetidas en personas de 15 a 59 anos,2007-10-01,1,7,1,7,8
PALOS BLANCOS,consulta externa,repetidas en personas de 15 a 59 anos,2007-10-01,44,35,44,35,79
PAMPA AULLAGAS,consulta externa,repetidas en personas de 15 a 59 anos,2007-10-01,4,2,4,2,6
PAMPA GRANDE,consulta externa,repetidas en personas de 15 a 59 anos,2007-10-01,1,9,1,9,10
PAPEL PAMPA,consulta externa,repetidas en personas de 15 a 59 anos,2007-10-01,1,4,1,4,5
PASORAPA,consulta externa,repetidas en personas de 15 a 59 anos,2007-10-01,0,2,0,2,2
PATACAMAYA,consulta externa,repetidas en personas de 15 a 59 anos,2007-10-01,1,6,1,6,7
PAZÑA,consulta externa,repetidas en personas de 15 a 59 anos,2007-10-01,26,26,26,26,52
POCOATA,consulta externa,repetidas en personas de 15 a 59 anos,2007-10-01,3,2,3,2,5
POCONA,consulta externa,repetidas en personas de 15 a 59 anos,2007-10-01,0,2,0,2,2
POOPO,consulta externa,repetidas en personas de 15 a 59 anos,2007-10-01,7,11,7,11,18
PORCO,consulta externa,repetidas en personas de 15 a 59 anos,2007-10-01,3,4,3,4,7
POROMA,consulta externa,repetidas en personas de 15 a 59 anos,2007-10-01,2,7,2,7,9
PORONGO,consulta externa,repetidas en personas de 15 a 59 anos,2007-10-01,4,4,4,4,8
PORTACHUELO,consulta externa,repetidas en personas de 15 a 59 anos,2007-10-01,29,193,29,193,222
PORVENIR,consulta externa,repetidas en personas de 15 a 59 anos,2007-10-01,6,11,6,11,17
POSTRER VALLE,consulta externa,repetidas en personas de 15 a 59 anos,2007-10-01,1,7,1,7,8
POTOSI,consulta externa,repetidas en personas de 15 a 59 anos,2007-10-01,1765,4501,1765,4501,6266
PRESTO,consulta externa,repetidas en personas de 15 a 59 anos,2007-10-01,2,4,2,4,6
PUCARA,consulta externa,repetidas en personas de 15 a 59 anos,2007-10-01,3,6,3,6,9
PUCARANI,consulta externa,repetidas en personas de 15 a 59 anos,2007-10-01,7,23,7,23,30
PUERTO ACOSTA,consulta externa,repetidas en personas de 15 a 59 anos,2007-10-01,6,33,6,33,39
PUERTO CARABUCO,consulta externa,repetidas en personas de 15 a 59 anos,2007-10-01,8,3,8,3,11
PUERTO GONZALO MORENO,consulta externa,repetidas en personas de 15 a 59 anos,2007-10-01,2,3,2,3,5
PUERTO PEREZ,consulta externa,repetidas en personas de 15 a 59 anos,2007-10-01,5,3,5,3,8
PUERTO QUIJARRO,consulta externa,repetidas en personas de 15 a 59 anos,2007-10-01,16,30,16,30,46
PUERTO RICO,consulta externa,repetidas en personas de 15 a 59 anos,2007-10-01,24,88,24,88,112
PUERTO SUAREZ,consulta externa,repetidas en personas de 15 a 59 anos,2007-10-01,43,42,43,42,85
PUERTO VILLARROEL,consulta externa,repetidas en personas de 15 a 59 anos,2007-10-01,62,105,62,105,167
PUNA,consulta externa,repetidas en personas de 15 a 59 anos,2007-10-01,15,30,15,30,45
PUNATA,consulta externa,repetidas en personas de 15 a 59 anos,2007-10-01,76,439,76,439,515
QUILLACOLLO,consulta externa,repetidas en personas de 15 a 59 anos,2007-10-01,281,773,281,773,1054
QUIME,consulta externa,repetidas en personas de 15 a 59 anos,2007-10-01,7,1,7,1,8
QUIRUSILLAS,consulta externa,repetidas en personas de 15 a 59 anos,2007-10-01,9,54,9,54,63
RAVELO,consulta externa,repetidas en personas de 15 a 59 anos,2007-10-01,0,1,0,1,1
REYES,consulta externa,repetidas en personas de 15 a 59 anos,2007-10-01,22,74,22,74,96
RIBERALTA,consulta externa,repetidas en personas de 15 a 59 anos,2007-10-01,54,485,54,485,539
ROBORE,consulta externa,repetidas en personas de 15 a 59 anos,2007-10-01,50,104,50,104,154
RURRENABAQUE,consulta externa,repetidas en personas de 15 a 59 anos,2007-10-01,53,110,53,110,163
SABAYA,consulta externa,repetidas en personas de 15 a 59 anos,2007-10-01,2,2,2,2,4
SACABA,consulta externa,repetidas en personas de 15 a 59 anos,2007-10-01,222,322,222,322,544
SACABAMBA,consulta externa,repetidas en personas de 15 a 59 anos,2007-10-01,14,21,14,21,35
SACACA,consulta externa,repetidas en personas de 15 a 59 anos,2007-10-01,5,8,5,8,13
SAIPINA,consulta externa,repetidas en personas de 15 a 59 anos,2007-10-01,2,6,2,6,8
SALINAS DE GARCI MENDOZA,consulta externa,repetidas en personas de 15 a 59 anos,2007-10-01,3,2,3,2,5
SAMAIPATA,consulta externa,repetidas en personas de 15 a 59 anos,2007-10-01,2,3,2,3,5
SAN AGUSTIN,consulta externa,repetidas en personas de 15 a 59 anos,2007-10-01,3,4,3,4,7
SAN ANDRES,consulta externa,repetidas en personas de 15 a 59 anos,2007-10-01,4,25,4,25,29
SAN ANDRES DE MACHACA,consulta externa,repetidas en personas de 15 a 59 anos,2007-10-01,3,5,3,5,8
SAN ANTONIO DE ESMORUCO,consulta externa,repetidas en personas de 15 a 59 anos,2007-10-01,1,7,1,7,8
SAN BENITO,consulta externa,repetidas en personas de 15 a 59 anos,2007-10-01,14,27,14,27,41
SAN BORJA,consulta externa,repetidas en personas de 15 a 59 anos,2007-10-01,31,105,31,105,136
SAN BUENA VENTURA,consulta externa,repetidas en personas de 15 a 59 anos,2007-10-01,35,106,35,106,141
SAN CARLOS,consulta externa,repetidas en personas de 15 a 59 anos,2007-10-01,3,241,3,241,244
SAN IGNACIO,consulta externa,repetidas en personas de 15 a 59 anos,2007-10-01,31,149,31,149,180
SAN IGNACIO DE VELASCO,consulta externa,repetidas en personas de 15 a 59 anos,2007-10-01,65,299,65,299,364
SAN JAVIER(STC),consulta externa,repetidas en personas de 15 a 59 anos,2007-10-01,5,71,5,71,76
SAN JOAQUIN,consulta externa,repetidas en personas de 15 a 59 anos,2007-10-01,6,9,6,9,15
SAN JOSE DE CHIQUITOS,consulta externa,repetidas en personas de 15 a 59 anos,2007-10-01,16,25,16,25,41
SAN JUAN DE YAPACANI,consulta externa,repetidas en personas de 15 a 59 anos,2007-10-01,20,58,20,58,78
SAN JULIAN,consulta externa,repetidas en personas de 15 a 59 anos,2007-10-01,36,153,36,153,189
SAN LORENZO(TJA),consulta externa,repetidas en personas de 15 a 59 anos,2007-10-01,15,71,15,71,86
SAN LUCAS,consulta externa,repetidas en personas de 15 a 59 anos,2007-10-01,58,163,58,163,221
SAN MATIAS,consulta externa,repetidas en personas de 15 a 59 anos,2007-10-01,2,7,2,7,9
SAN MIGUEL DE VELASCO,consulta externa,repetidas en personas de 15 a 59 anos,2007-10-01,13,23,13,23,36
SAN PABLO DE LIPEZ,consulta externa,repetidas en personas de 15 a 59 anos,2007-10-01,10,14,10,14,24
SAN PEDRO,consulta externa,repetidas en personas de 15 a 59 anos,2007-10-01,42,47,42,47,89
SAN PEDRO DE BUENA VISTA,consulta externa,repetidas en personas de 15 a 59 anos,2007-10-01,1,1,1,1,2
SAN PEDRO DE CURAHUARA,consulta externa,repetidas en personas de 15 a 59 anos,2007-10-01,7,2,7,2,9
SAN PEDRO DE QUEMES,consulta externa,repetidas en personas de 15 a 59 anos,2007-10-01,1,0,1,0,1
SAN PEDRO DE TIQUINA,consulta externa,repetidas en personas de 15 a 59 anos,2007-10-01,0,2,0,2,2
SAN PEDRO(PND),consulta externa,repetidas en personas de 15 a 59 anos,2007-10-01,1,0,1,0,1
SAN RAFAEL,consulta externa,repetidas en personas de 15 a 59 anos,2007-10-01,6,16,6,16,22
SAN RAMON,consulta externa,repetidas en personas de 15 a 59 anos,2007-10-01,12,194,12,194,206
SANTA ANA,consulta externa,repetidas en personas de 15 a 59 anos,2007-10-01,39,95,39,95,134
SANTA CRUZ DE LA SIERRA,consulta externa,repetidas en personas de 15 a 59 anos,2007-10-01,7169,18565,7169,18565,25734
SANTA ROSA,consulta externa,repetidas en personas de 15 a 59 anos,2007-10-01,35,131,35,131,166
SANTA ROSA DEL SARA,consulta externa,repetidas en personas de 15 a 59 anos,2007-10-01,3,1,3,1,4
SANTIAGO DE CALLAPA,consulta externa,repetidas en personas de 15 a 59 anos,2007-10-01,0,1,0,1,1
SANTIAGO DE HUARI,consulta externa,repetidas en personas de 15 a 59 anos,2007-10-01,16,25,16,25,41
SANTIAGO DE MACHACA,consulta externa,repetidas en personas de 15 a 59 anos,2007-10-01,0,1,0,1,1
SANTIVAÑES,consulta externa,repetidas en personas de 15 a 59 anos,2007-10-01,5,16,5,16,21
SANTUARIO DE QUILLACAS,consulta externa,repetidas en personas de 15 a 59 anos,2007-10-01,1,0,1,0,1
SAPAHAQUI,consulta externa,repetidas en personas de 15 a 59 anos,2007-10-01,4,3,4,3,7
SENA,consulta externa,repetidas en personas de 15 a 59 anos,2007-10-01,0,3,0,3,3
SICA SICA (VILLA AROMA),consulta externa,repetidas en personas de 15 a 59 anos,2007-10-01,4,6,4,6,10
SICAYA,consulta externa,repetidas en personas de 15 a 59 anos,2007-10-01,2,0,2,0,2
SIPE SIPE,consulta externa,repetidas en personas de 15 a 59 anos,2007-10-01,29,151,29,151,180
SOPACHUY,consulta externa,repetidas en personas de 15 a 59 anos,2007-10-01,2,0,2,0,2
SORACACHI,consulta externa,repetidas en personas de 15 a 59 anos,2007-10-01,3,3,3,3,6
SORATA,consulta externa,repetidas en personas de 15 a 59 anos,2007-10-01,12,6,12,6,18
SUCRE,consulta externa,repetidas en personas de 15 a 59 anos,2007-10-01,3274,7739,3274,7739,11013
TACACHI,consulta externa,repetidas en personas de 15 a 59 anos,2007-10-01,1,6,1,6,7
TACACOMA,consulta externa,repetidas en personas de 15 a 59 anos,2007-10-01,0,1,0,1,1
TACOBAMBA,consulta externa,repetidas en personas de 15 a 59 anos,2007-10-01,2,3,2,3,5
TACOPAYA,consulta externa,repetidas en personas de 15 a 59 anos,2007-10-01,0,4,0,4,4
TAHUA,consulta externa,repetidas en personas de 15 a 59 anos,2007-10-01,1,1,1,1,2
TAPACARI,consulta externa,repetidas en personas de 15 a 59 anos,2007-10-01,2,41,2,41,43
TARABUCO,consulta externa,repetidas en personas de 15 a 59 anos,2007-10-01,48,66,48,66,114
TARATA,consulta externa,repetidas en personas de 15 a 59 anos,2007-10-01,1,0,1,0,1
TARIJA,consulta externa,repetidas en personas de 15 a 59 anos,2007-10-01,2611,6614,2611,6614,9225
TARVITA,consulta externa,repetidas en personas de 15 a 59 anos,2007-10-01,5,10,5,10,15
TEOPONTE,consulta externa,repetidas en personas de 15 a 59 anos,2007-10-01,3,1,3,1,4
TIAWANACU,consulta externa,repetidas en personas de 15 a 59 anos,2007-10-01,3,11,3,11,14
TINGUIPAYA,consulta externa,repetidas en personas de 15 a 59 anos,2007-10-01,0,2,0,2,2
TIPUANI,consulta externa,repetidas en personas de 15 a 59 anos,2007-10-01,2,0,2,0,2
TIQUIPAYA,consulta externa,repetidas en personas de 15 a 59 anos,2007-10-01,32,578,32,578,610
TIRAQUE (CBBA),consulta externa,repetidas en personas de 15 a 59 anos,2007-10-01,51,79,51,79,130
TITO YUPANQUI (PARQUIPUJIO),consulta externa,repetidas en personas de 15 a 59 anos,2007-10-01,6,7,6,7,13
TOCO,consulta externa,repetidas en personas de 15 a 59 anos,2007-10-01,3,10,3,10,13
TODOS SANTOS,consulta externa,repetidas en personas de 15 a 59 anos,2007-10-01,2,7,2,7,9
TOLATA,consulta externa,repetidas en personas de 15 a 59 anos,2007-10-01,29,46,29,46,75
TOLEDO,consulta externa,repetidas en personas de 15 a 59 anos,2007-10-01,3,22,3,22,25
TOMAVE,consulta externa,repetidas en personas de 15 a 59 anos,2007-10-01,4,12,4,12,16
TOMINA,consulta externa,repetidas en personas de 15 a 59 anos,2007-10-01,4,12,4,12,16
TORO TORO,consulta externa,repetidas en personas de 15 a 59 anos,2007-10-01,6,2,6,2,8
TOTORA(CBBA),consulta externa,repetidas en personas de 15 a 59 anos,2007-10-01,12,60,12,60,72
TRIGAL,consulta externa,repetidas en personas de 15 a 59 anos,2007-10-01,2,3,2,3,5
TRINIDAD,consulta externa,repetidas en personas de 15 a 59 anos,2007-10-01,362,917,362,917,1279
TUPIZA,consulta externa,repetidas en personas de 15 a 59 anos,2007-10-01,213,331,213,331,544
TURCO,consulta externa,repetidas en personas de 15 a 59 anos,2007-10-01,1,3,1,3,4
UNCIA,consulta externa,repetidas en personas de 15 a 59 anos,2007-10-01,96,228,96,228,324
URIONDO (A. CONCEPCION),consulta externa,repetidas en personas de 15 a 59 anos,2007-10-01,21,35,21,35,56
URUBICHA,consulta externa,repetidas en personas de 15 a 59 anos,2007-10-01,1,149,1,149,150
UYUNI,consulta externa,repetidas en personas de 15 a 59 anos,2007-10-01,102,86,102,86,188
VACAS,consulta externa,repetidas en personas de 15 a 59 anos,2007-10-01,10,23,10,23,33
VALLEGRANDE,consulta externa,repetidas en personas de 15 a 59 anos,2007-10-01,158,318,158,318,476
VIACHA,consulta externa,repetidas en personas de 15 a 59 anos,2007-10-01,170,428,170,428,598
VILA VILA,consulta externa,repetidas en personas de 15 a 59 anos,2007-10-01,2,0,2,0,2
VILLA MONTES,consulta externa,repetidas en personas de 15 a 59 anos,2007-10-01,170,290,170,290,460
VILLA NUEVA (LOMA ALTA),consulta externa,repetidas en personas de 15 a 59 anos,2007-10-01,2,0,2,0,2
VILLA RIVERO,consulta externa,repetidas en personas de 15 a 59 anos,2007-10-01,5,11,5,11,16
VILLA SERRANO,consulta externa,repetidas en personas de 15 a 59 anos,2007-10-01,4,15,4,15,19
VILLA TUNARI,consulta externa,repetidas en personas de 15 a 59 anos,2007-10-01,70,132,70,132,202
VILLA VACA GUZMAN (MUYUPAMPA),consulta externa,repetidas en personas de 15 a 59 anos,2007-10-01,29,31,29,31,60
VILLAZON,consulta externa,repetidas en personas de 15 a 59 anos,2007-10-01,51,213,51,213,264
VINTO,consulta externa,repetidas en personas de 15 a 59 anos,2007-10-01,71,157,71,157,228
VITICHI,consulta externa,repetidas en personas de 15 a 59 anos,2007-10-01,8,17,8,17,25
WALDO BALLIVIAN,consulta externa,repetidas en personas de 15 a 59 anos,2007-10-01,3,5,3,5,8
WARNES,consulta externa,repetidas en personas de 15 a 59 anos,2007-10-01,12,167,12,167,179
YACO,consulta externa,repetidas en personas de 15 a 59 anos,2007-10-01,3,4,3,4,7
YACUIBA,consulta externa,repetidas en personas de 15 a 59 anos,2007-10-01,351,1012,351,1012,1363
YAMPARAEZ,consulta externa,repetidas en personas de 15 a 59 anos,2007-10-01,16,17,16,17,33
YANACACHI,consulta externa,repetidas en personas de 15 a 59 anos,2007-10-01,2,6,2,6,8
YAPACANI,consulta externa,repetidas en personas de 15 a 59 anos,2007-10-01,9,8,9,8,17
YOCALLA,consulta externa,repetidas en personas de 15 a 59 anos,2007-10-01,1,1,1,1,2
YOTALA,consulta externa,repetidas en personas de 15 a 59 anos,2007-10-01,14,45,14,45,59
YUNCHARA,consulta externa,repetidas en personas de 15 a 59 anos,2007-10-01,5,23,5,23,28
ZUDAÑEZ,consulta externa,repetidas en personas de 15 a 59 anos,2007-10-01,3,14,3,14,17
ACHACACHI,consulta externa,repetidas en personas de 15 a 59 anos,2007-11-01,24,36,24,36,60
ACHOCALLA,consulta externa,repetidas en personas de 15 a 59 anos,2007-11-01,18,15,18,15,33
AIQUILE,consulta externa,repetidas en personas de 15 a 59 anos,2007-11-01,23,158,23,158,181
ALCALA,consulta externa,repetidas en personas de 15 a 59 anos,2007-11-01,3,2,3,2,5
ANCORAIMES,consulta externa,repetidas en personas de 15 a 59 anos,2007-11-01,8,26,8,26,34
ANDAMARCA,consulta externa,repetidas en personas de 15 a 59 anos,2007-11-01,2,4,2,4,6
ANTEQUERA,consulta externa,repetidas en personas de 15 a 59 anos,2007-11-01,1,1,1,1,2
ANZALDO,consulta externa,repetidas en personas de 15 a 59 anos,2007-11-01,1,6,1,6,7
APOLO,consulta externa,repetidas en personas de 15 a 59 anos,2007-11-01,5,4,5,4,9
ARAMPAMPA,consulta externa,repetidas en personas de 15 a 59 anos,2007-11-01,1,0,1,0,1
ARANI,consulta externa,repetidas en personas de 15 a 59 anos,2007-11-01,3,14,3,14,17
ARBIETO,consulta externa,repetidas en personas de 15 a 59 anos,2007-11-01,2,17,2,17,19
ARQUE,consulta externa,repetidas en personas de 15 a 59 anos,2007-11-01,3,2,3,2,5
ASCENCION DE GUARAYOS,consulta externa,repetidas en personas de 15 a 59 anos,2007-11-01,18,25,18,25,43
ATOCHA,consulta externa,repetidas en personas de 15 a 59 anos,2007-11-01,201,198,201,198,399
AUCAPATA,consulta externa,repetidas en personas de 15 a 59 anos,2007-11-01,12,9,12,9,21
AYATA,consulta externa,repetidas en personas de 15 a 59 anos,2007-11-01,2,2,2,2,4
AYO AYO,consulta externa,repetidas en personas de 15 a 59 anos,2007-11-01,2,9,2,9,11
AYOPAYA (V. DE INDEPENDENCIA),consulta externa,repetidas en personas de 15 a 59 anos,2007-11-01,2,9,2,9,11
AZURDUY,consulta externa,repetidas en personas de 15 a 59 anos,2007-11-01,1,10,1,10,11
BATALLAS,consulta externa,repetidas en personas de 15 a 59 anos,2007-11-01,6,23,6,23,29
BAURES,consulta externa,repetidas en personas de 15 a 59 anos,2007-11-01,5,17,5,17,22
BELEN DE ANDAMARCA,consulta externa,repetidas en personas de 15 a 59 anos,2007-11-01,1,1,1,1,2
BELEN DE URMIRI,consulta externa,repetidas en personas de 15 a 59 anos,2007-11-01,6,4,6,4,10
BERMEJO,consulta externa,repetidas en personas de 15 a 59 anos,2007-11-01,97,203,97,203,300
BETANZOS,consulta externa,repetidas en personas de 15 a 59 anos,2007-11-01,29,27,29,27,56
BOLIVAR,consulta externa,repetidas en personas de 15 a 59 anos,2007-11-01,1,1,1,1,2
BOLPEBRA,consulta externa,repetidas en personas de 15 a 59 anos,2007-11-01,2,6,2,6,8
BOYUIBE,consulta externa,repetidas en personas de 15 a 59 anos,2007-11-01,6,14,6,14,20
BUENA VISTA,consulta externa,repetidas en personas de 15 a 59 anos,2007-11-01,22,69,22,69,91
CABEZAS,consulta externa,repetidas en personas de 15 a 59 anos,2007-11-01,6,40,6,40,46
CAIROMA,consulta externa,repetidas en personas de 15 a 59 anos,2007-11-01,42,34,42,34,76
"CAIZA ""D""",consulta externa,repetidas en personas de 15 a 59 anos,2007-11-01,13,13,13,13,26
CAJUATA,consulta externa,repetidas en personas de 15 a 59 anos,2007-11-01,3,16,3,16,19
CALACOTO,consulta externa,repetidas en personas de 15 a 59 anos,2007-11-01,1,3,1,3,4
CALAMARCA,consulta externa,repetidas en personas de 15 a 59 anos,2007-11-01,5,16,5,16,21
CAMARGO,consulta externa,repetidas en personas de 15 a 59 anos,2007-11-01,8,101,8,101,109
CAMATAQUI (C. VILLA ABECIA),consulta externa,repetidas en personas de 15 a 59 anos,2007-11-01,5,10,5,10,15
CAMIRI,consulta externa,repetidas en personas de 15 a 59 anos,2007-11-01,128,322,128,322,450
CAPINOTA,consulta externa,repetidas en personas de 15 a 59 anos,2007-11-01,52,166,52,166,218
CAQUIAVIRI,consulta externa,repetidas en personas de 15 a 59 anos,2007-11-01,1,5,1,5,6
CARACOLLO,consulta externa,repetidas en personas de 15 a 59 anos,2007-11-01,2,11,2,11,13
CARANAVI,consulta externa,repetidas en personas de 15 a 59 anos,2007-11-01,26,43,26,43,69
CARAPARI,consulta externa,repetidas en personas de 15 a 59 anos,2007-11-01,9,18,9,18,27
CARMEN RIVERO TORREZ,consulta externa,repetidas en personas de 15 a 59 anos,2007-11-01,2,3,2,3,5
CATACORA,consulta externa,repetidas en personas de 15 a 59 anos,2007-11-01,2,3,2,3,5
CHALLAPATA,consulta externa,repetidas en personas de 15 a 59 anos,2007-11-01,20,74,20,74,94
CHAQUI,consulta externa,repetidas en personas de 15 a 59 anos,2007-11-01,0,3,0,3,3
CHARAGUA,consulta externa,repetidas en personas de 15 a 59 anos,2007-11-01,14,25,14,25,39
CHARAÑA,consulta externa,repetidas en personas de 15 a 59 anos,2007-11-01,0,6,0,6,6
CHAYANTA,consulta externa,repetidas en personas de 15 a 59 anos,2007-11-01,2,5,2,5,7
CHIMORE,consulta externa,repetidas en personas de 15 a 59 anos,2007-11-01,11,44,11,44,55
CHIPAYA,consulta externa,repetidas en personas de 15 a 59 anos,2007-11-01,3,7,3,7,10
CHULUMANI (V. DE LA LIBERTAD),consulta externa,repetidas en personas de 15 a 59 anos,2007-11-01,90,58,90,58,148
CHUMA,consulta externa,repetidas en personas de 15 a 59 anos,2007-11-01,7,1,7,1,8
CLIZA,consulta externa,repetidas en personas de 15 a 59 anos,2007-11-01,13,15,13,15,28
COBIJA,consulta externa,repetidas en personas de 15 a 59 anos,2007-11-01,205,599,205,599,804
COCHABAMBA,consulta externa,repetidas en personas de 15 a 59 anos,2007-11-01,7804,15742,7804,15742,23546
COLCAPIRHUA,consulta externa,repetidas en personas de 15 a 59 anos,2007-11-01,104,279,104,279,383
"COLCHA ""K""",consulta externa,repetidas en personas de 15 a 59 anos,2007-11-01,2,10,2,10,12
COLLANA,consulta externa,repetidas en personas de 15 a 59 anos,2007-11-01,3,7,3,7,10
COLOMI,consulta externa,repetidas en personas de 15 a 59 anos,2007-11-01,4,22,4,22,26
COLPA BELGICA,consulta externa,repetidas en personas de 15 a 59 anos,2007-11-01,8,28,8,28,36
COLQUECHACA,consulta externa,repetidas en personas de 15 a 59 anos,2007-11-01,10,6,10,6,16
COLQUENCHA,consulta externa,repetidas en personas de 15 a 59 anos,2007-11-01,4,13,4,13,17
COLQUIRI,consulta externa,repetidas en personas de 15 a 59 anos,2007-11-01,17,19,17,19,36
COMANCHE,consulta externa,repetidas en personas de 15 a 59 anos,2007-11-01,2,4,2,4,6
COMARAPA,consulta externa,repetidas en personas de 15 a 59 anos,2007-11-01,9,34,9,34,43
COMBAYA,consulta externa,repetidas en personas de 15 a 59 anos,2007-11-01,2,0,2,0,2
CONCEPCION,consulta externa,repetidas en personas de 15 a 59 anos,2007-11-01,6,13,6,13,19
COPACABANA,consulta externa,repetidas en personas de 15 a 59 anos,2007-11-01,3,0,3,0,3
CORIPATA,consulta externa,repetidas en personas de 15 a 59 anos,2007-11-01,1,3,1,3,4
CORO CORO,consulta externa,repetidas en personas de 15 a 59 anos,2007-11-01,7,1,7,1,8
COROICO,consulta externa,repetidas en personas de 15 a 59 anos,2007-11-01,65,133,65,133,198
CORQUE,consulta externa,repetidas en personas de 15 a 59 anos,2007-11-01,5,24,5,24,29
COTAGAITA,consulta externa,repetidas en personas de 15 a 59 anos,2007-11-01,86,106,86,106,192
COTOCA,consulta externa,repetidas en personas de 15 a 59 anos,2007-11-01,16,19,16,19,35
CUATRO CAÑADAS,consulta externa,repetidas en personas de 15 a 59 anos,2007-11-01,36,59,36,59,95
CUCHUMUELA (V. G. VILLARROEL),consulta externa,repetidas en personas de 15 a 59 anos,2007-11-01,0,1,0,1,1
CUEVO,consulta externa,repetidas en personas de 15 a 59 anos,2007-11-01,2,5,2,5,7
CULPINA,consulta externa,repetidas en personas de 15 a 59 anos,2007-11-01,2,4,2,4,6
CURAHUARA DE CARANGAS,consulta externa,repetidas en personas de 15 a 59 anos,2007-11-01,1,5,1,5,6
CURVA,consulta externa,repetidas en personas de 15 a 59 anos,2007-11-01,1,0,1,0,1
DESAGUADERO,consulta externa,repetidas en personas de 15 a 59 anos,2007-11-01,1,2,1,2,3
EL ALTO,consulta externa,repetidas en personas de 15 a 59 anos,2007-11-01,3538,8181,3538,8181,11719
EL CHORO,consulta externa,repetidas en personas de 15 a 59 anos,2007-11-01,0,3,0,3,3
EL PUENTE(STC),consulta externa,repetidas en personas de 15 a 59 anos,2007-11-01,6,5,6,5,11
EL PUENTE(TJA),consulta externa,repetidas en personas de 15 a 59 anos,2007-11-01,21,2,21,2,23
EL TORNO,consulta externa,repetidas en personas de 15 a 59 anos,2007-11-01,95,108,95,108,203
EL VILLAR,consulta externa,repetidas en personas de 15 a 59 anos,2007-11-01,3,2,3,2,5
ENTRE RIOS,consulta externa,repetidas en personas de 15 a 59 anos,2007-11-01,6,7,6,7,13
ENTRE RIOS,consulta externa,repetidas en personas de 15 a 59 anos,2007-11-01,13,34,13,34,47
EUCALIPTUS,consulta externa,repetidas en personas de 15 a 59 anos,2007-11-01,0,1,0,1,1
EUREKA (SANTOS MERCADO),consulta externa,repetidas en personas de 15 a 59 anos,2007-11-01,0,11,0,11,11
EXALTACION,consulta externa,repetidas en personas de 15 a 59 anos,2007-11-01,2,7,2,7,9
FERNANDEZ ALONSO,consulta externa,repetidas en personas de 15 a 59 anos,2007-11-01,7,37,7,37,44
FILADELFIA,consulta externa,repetidas en personas de 15 a 59 anos,2007-11-01,3,1,3,1,4
GENERAL SAAVEDRA,consulta externa,repetidas en personas de 15 a 59 anos,2007-11-01,7,13,7,13,20
GUANAY,consulta externa,repetidas en personas de 15 a 59 anos,2007-11-01,12,6,12,6,18
GUAQUI,consulta externa,repetidas en personas de 15 a 59 anos,2007-11-01,13,16,13,16,29
GUAYARAMERIN,consulta externa,repetidas en personas de 15 a 59 anos,2007-11-01,64,198,64,198,262
GUTIERREZ,consulta externa,repetidas en personas de 15 a 59 anos,2007-11-01,3,16,3,16,19
HUACARETA,consulta externa,repetidas en personas de 15 a 59 anos,2007-11-01,21,80,21,80,101
HUACHACALLA,consulta externa,repetidas en personas de 15 a 59 anos,2007-11-01,4,7,4,7,11
HUANUNI,consulta externa,repetidas en personas de 15 a 59 anos,2007-11-01,289,172,289,172,461
HUARACAJE,consulta externa,repetidas en personas de 15 a 59 anos,2007-11-01,3,5,3,5,8
HUAYLLAMARCA,consulta externa,repetidas en personas de 15 a 59 anos,2007-11-01,0,1,0,1,1
ICHOCA,consulta externa,repetidas en personas de 15 a 59 anos,2007-11-01,1,2,1,2,3
ICLA,consulta externa,repetidas en personas de 15 a 59 anos,2007-11-01,16,46,16,46,62
INCAHUASI,consulta externa,repetidas en personas de 15 a 59 anos,2007-11-01,2,11,2,11,13
INGAVI (HUMAITA),consulta externa,repetidas en personas de 15 a 59 anos,2007-11-01,1,3,1,3,4
INQUISIVI,consulta externa,repetidas en personas de 15 a 59 anos,2007-11-01,3,2,3,2,5
IRUPANA (VILLA DE LANZA),consulta externa,repetidas en personas de 15 a 59 anos,2007-11-01,12,14,12,14,26
IXIAMAS,consulta externa,repetidas en personas de 15 a 59 anos,2007-11-01,0,3,0,3,3
JESUS DE MACHACA,consulta externa,repetidas en personas de 15 a 59 anos,2007-11-01,7,18,7,18,25
LA ASUNTA,consulta externa,repetidas en personas de 15 a 59 anos,2007-11-01,14,8,14,8,22
LA GUARDIA,consulta externa,repetidas en personas de 15 a 59 anos,2007-11-01,39,82,39,82,121
LA PAZ,consulta externa,repetidas en personas de 15 a 59 anos,2007-11-01,15326,30224,15326,30224,45550
LAGUNILLAS,consulta externa,repetidas en personas de 15 a 59 anos,2007-11-01,4,5,4,5,9
LAJA,consulta externa,repetidas en personas de 15 a 59 anos,2007-11-01,7,9,7,9,16
LAS CARRERAS,consulta externa,repetidas en personas de 15 a 59 anos,2007-11-01,4,11,4,11,15
LICOMA PAMPA,consulta externa,repetidas en personas de 15 a 59 anos,2007-11-01,1,1,1,1,2
LLALLAGUA,consulta externa,repetidas en personas de 15 a 59 anos,2007-11-01,140,204,140,204,344
LLICA,consulta externa,repetidas en personas de 15 a 59 anos,2007-11-01,11,9,11,9,20
LORETO,consulta externa,repetidas en personas de 15 a 59 anos,2007-11-01,5,11,5,11,16
LURIBAY,consulta externa,repetidas en personas de 15 a 59 anos,2007-11-01,12,17,12,17,29
MACHACAMARCA,consulta externa,repetidas en personas de 15 a 59 anos,2007-11-01,9,14,9,14,23
MACHARETI,consulta externa,repetidas en personas de 15 a 59 anos,2007-11-01,4,48,4,48,52
MAGDALENA,consulta externa,repetidas en personas de 15 a 59 anos,2007-11-01,35,68,35,68,103
MAIRANA,consulta externa,repetidas en personas de 15 a 59 anos,2007-11-01,1,9,1,9,10
MALLA,consulta externa,repetidas en personas de 15 a 59 anos,2007-11-01,2,0,2,0,2
MAPIRI,consulta externa,repetidas en personas de 15 a 59 anos,2007-11-01,9,18,9,18,27
MECAPACA,consulta externa,repetidas en personas de 15 a 59 anos,2007-11-01,19,23,19,23,42
MINEROS,consulta externa,repetidas en personas de 15 a 59 anos,2007-11-01,0,44,0,44,44
MIZQUE,consulta externa,repetidas en personas de 15 a 59 anos,2007-11-01,2,11,2,11,13
MOCOMOCO,consulta externa,repetidas en personas de 15 a 59 anos,2007-11-01,11,10,11,10,21
MOJINETE,consulta externa,repetidas en personas de 15 a 59 anos,2007-11-01,1,0,1,0,1
MOJOCOYA,consulta externa,repetidas en personas de 15 a 59 anos,2007-11-01,12,45,12,45,57
MONTEAGUDO,consulta externa,repetidas en personas de 15 a 59 anos,2007-11-01,98,313,98,313,411
MONTERO,consulta externa,repetidas en personas de 15 a 59 anos,2007-11-01,346,1315,346,1315,1661
MORO MORO,consulta externa,repetidas en personas de 15 a 59 anos,2007-11-01,0,2,0,2,2
MOROCHATA,consulta externa,repetidas en personas de 15 a 59 anos,2007-11-01,14,69,14,69,83
NACEBE (SANTA ROSA DEL ABUNA),consulta externa,repetidas en personas de 15 a 59 anos,2007-11-01,42,54,42,54,96
NUEVO MANOA (NUEVA ESPERANZA),consulta externa,repetidas en personas de 15 a 59 anos,2007-11-01,13,5,13,5,18
OCURI,consulta externa,repetidas en personas de 15 a 59 anos,2007-11-01,1,3,1,3,4
OKINAWA,consulta externa,repetidas en personas de 15 a 59 anos,2007-11-01,50,63,50,63,113
OMEREQUE,consulta externa,repetidas en personas de 15 a 59 anos,2007-11-01,9,8,9,8,17
ORURO,consulta externa,repetidas en personas de 15 a 59 anos,2007-11-01,2186,4276,2186,4276,6462
PADCAYA,consulta externa,repetidas en personas de 15 a 59 anos,2007-11-01,14,25,14,25,39
PADILLA,consulta externa,repetidas en personas de 15 a 59 anos,2007-11-01,8,62,8,62,70
PAILON,consulta externa,repetidas en personas de 15 a 59 anos,2007-11-01,11,11,11,11,22
PALCA,consulta externa,repetidas en personas de 15 a 59 anos,2007-11-01,12,16,12,16,28
PALOS BLANCOS,consulta externa,repetidas en personas de 15 a 59 anos,2007-11-01,41,20,41,20,61
PAMPA AULLAGAS,consulta externa,repetidas en personas de 15 a 59 anos,2007-11-01,1,0,1,0,1
PAMPA GRANDE,consulta externa,repetidas en personas de 15 a 59 anos,2007-11-01,3,4,3,4,7
PAPEL PAMPA,consulta externa,repetidas en personas de 15 a 59 anos,2007-11-01,2,2,2,2,4
PASORAPA,consulta externa,repetidas en personas de 15 a 59 anos,2007-11-01,5,5,5,5,10
PATACAMAYA,consulta externa,repetidas en personas de 15 a 59 anos,2007-11-01,1,4,1,4,5
PAZÑA,consulta externa,repetidas en personas de 15 a 59 anos,2007-11-01,28,33,28,33,61
PELECHUCO,consulta externa,repetidas en personas de 15 a 59 anos,2007-11-01,2,0,2,0,2
POCOATA,consulta externa,repetidas en personas de 15 a 59 anos,2007-11-01,1,0,1,0,1
POCONA,consulta externa,repetidas en personas de 15 a 59 anos,2007-11-01,7,4,7,4,11
POJO (CBBA),consulta externa,repetidas en personas de 15 a 59 anos,2007-11-01,1,8,1,8,9
POOPO,consulta externa,repetidas en personas de 15 a 59 anos,2007-11-01,8,11,8,11,19
PORCO,consulta externa,repetidas en personas de 15 a 59 anos,2007-11-01,2,2,2,2,4
POROMA,consulta externa,repetidas en personas de 15 a 59 anos,2007-11-01,3,8,3,8,11
PORONGO,consulta externa,repetidas en personas de 15 a 59 anos,2007-11-01,1,3,1,3,4
PORTACHUELO,consulta externa,repetidas en personas de 15 a 59 anos,2007-11-01,39,89,39,89,128
PORVENIR,consulta externa,repetidas en personas de 15 a 59 anos,2007-11-01,1,8,1,8,9
POSTRER VALLE,consulta externa,repetidas en personas de 15 a 59 anos,2007-11-01,7,1,7,1,8
POTOSI,consulta externa,repetidas en personas de 15 a 59 anos,2007-11-01,1568,3730,1568,3730,5298
PRESTO,consulta externa,repetidas en personas de 15 a 59 anos,2007-11-01,1,4,1,4,5
PUCARA,consulta externa,repetidas en personas de 15 a 59 anos,2007-11-01,2,6,2,6,8
PUCARANI,consulta externa,repetidas en personas de 15 a 59 anos,2007-11-01,4,18,4,18,22
PUERTO ACOSTA,consulta externa,repetidas en personas de 15 a 59 anos,2007-11-01,14,25,14,25,39
PUERTO CARABUCO,consulta externa,repetidas en personas de 15 a 59 anos,2007-11-01,5,10,5,10,15
PUERTO GONZALO MORENO,consulta externa,repetidas en personas de 15 a 59 anos,2007-11-01,10,10,10,10,20
PUERTO PEREZ,consulta externa,repetidas en personas de 15 a 59 anos,2007-11-01,1,6,1,6,7
PUERTO QUIJARRO,consulta externa,repetidas en personas de 15 a 59 anos,2007-11-01,15,41,15,41,56
PUERTO RICO,consulta externa,repetidas en personas de 15 a 59 anos,2007-11-01,4,5,4,5,9
PUERTO SILES,consulta externa,repetidas en personas de 15 a 59 anos,2007-11-01,2,0,2,0,2
PUERTO SUAREZ,consulta externa,repetidas en personas de 15 a 59 anos,2007-11-01,34,59,34,59,93
PUERTO VILLARROEL,consulta externa,repetidas en personas de 15 a 59 anos,2007-11-01,52,152,52,152,204
PUNA,consulta externa,repetidas en personas de 15 a 59 anos,2007-11-01,15,28,15,28,43
PUNATA,consulta externa,repetidas en personas de 15 a 59 anos,2007-11-01,63,443,63,443,506
QUIABAYA,consulta externa,repetidas en personas de 15 a 59 anos,2007-11-01,7,0,7,0,7
QUILLACOLLO,consulta externa,repetidas en personas de 15 a 59 anos,2007-11-01,258,785,258,785,1043
QUIME,consulta externa,repetidas en personas de 15 a 59 anos,2007-11-01,16,8,16,8,24
QUIRUSILLAS,consulta externa,repetidas en personas de 15 a 59 anos,2007-11-01,12,29,12,29,41
RAVELO,consulta externa,repetidas en personas de 15 a 59 anos,2007-11-01,2,4,2,4,6
REYES,consulta externa,repetidas en personas de 15 a 59 anos,2007-11-01,25,68,25,68,93
RIBERALTA,consulta externa,repetidas en personas de 15 a 59 anos,2007-11-01,52,424,52,424,476
ROBORE,consulta externa,repetidas en personas de 15 a 59 anos,2007-11-01,35,105,35,105,140
RURRENABAQUE,consulta externa,repetidas en personas de 15 a 59 anos,2007-11-01,35,64,35,64,99
SABAYA,consulta externa,repetidas en personas de 15 a 59 anos,2007-11-01,0,4,0,4,4
SACABA,consulta externa,repetidas en personas de 15 a 59 anos,2007-11-01,279,339,279,339,618
SACABAMBA,consulta externa,repetidas en personas de 15 a 59 anos,2007-11-01,9,14,9,14,23
SACACA,consulta externa,repetidas en personas de 15 a 59 anos,2007-11-01,4,3,4,3,7
SAIPINA,consulta externa,repetidas en personas de 15 a 59 anos,2007-11-01,32,70,32,70,102
SALINAS DE GARCI MENDOZA,consulta externa,repetidas en personas de 15 a 59 anos,2007-11-01,7,5,7,5,12
SAMAIPATA,consulta externa,repetidas en personas de 15 a 59 anos,2007-11-01,3,6,3,6,9
SAN AGUSTIN,consulta externa,repetidas en personas de 15 a 59 anos,2007-11-01,3,1,3,1,4
SAN ANDRES,consulta externa,repetidas en personas de 15 a 59 anos,2007-11-01,2,12,2,12,14
SAN ANDRES DE MACHACA,consulta externa,repetidas en personas de 15 a 59 anos,2007-11-01,2,15,2,15,17
SAN ANTONIO DE ESMORUCO,consulta externa,repetidas en personas de 15 a 59 anos,2007-11-01,7,6,7,6,13
SAN ANTONIO DE LOMERIO,consulta externa,repetidas en personas de 15 a 59 anos,2007-11-01,1,4,1,4,5
SAN BENITO,consulta externa,repetidas en personas de 15 a 59 anos,2007-11-01,7,27,7,27,34
SAN BORJA,consulta externa,repetidas en personas de 15 a 59 anos,2007-11-01,28,120,28,120,148
SAN BUENA VENTURA,consulta externa,repetidas en personas de 15 a 59 anos,2007-11-01,25,98,25,98,123
SAN CARLOS,consulta externa,repetidas en personas de 15 a 59 anos,2007-11-01,4,122,4,122,126
SAN IGNACIO,consulta externa,repetidas en personas de 15 a 59 anos,2007-11-01,45,77,45,77,122
SAN IGNACIO DE VELASCO,consulta externa,repetidas en personas de 15 a 59 anos,2007-11-01,124,287,124,287,411
SAN JAVIER(BNI),consulta externa,repetidas en personas de 15 a 59 anos,2007-11-01,2,5,2,5,7
SAN JAVIER(STC),consulta externa,repetidas en personas de 15 a 59 anos,2007-11-01,3,53,3,53,56
SAN JOAQUIN,consulta externa,repetidas en personas de 15 a 59 anos,2007-11-01,41,14,41,14,55
SAN JOSE DE CHIQUITOS,consulta externa,repetidas en personas de 15 a 59 anos,2007-11-01,12,18,12,18,30
SAN JUAN DE YAPACANI,consulta externa,repetidas en personas de 15 a 59 anos,2007-11-01,30,82,30,82,112
SAN JULIAN,consulta externa,repetidas en personas de 15 a 59 anos,2007-11-01,20,149,20,149,169
SAN LORENZO(PND),consulta externa,repetidas en personas de 15 a 59 anos,2007-11-01,1,1,1,1,2
SAN LORENZO(TJA),consulta externa,repetidas en personas de 15 a 59 anos,2007-11-01,27,107,27,107,134
SAN LUCAS,consulta externa,repetidas en personas de 15 a 59 anos,2007-11-01,29,48,29,48,77
SAN MATIAS,consulta externa,repetidas en personas de 15 a 59 anos,2007-11-01,9,17,9,17,26
SAN MIGUEL DE VELASCO,consulta externa,repetidas en personas de 15 a 59 anos,2007-11-01,10,34,10,34,44
SAN PABLO DE LIPEZ,consulta externa,repetidas en personas de 15 a 59 anos,2007-11-01,7,18,7,18,25
SAN PEDRO,consulta externa,repetidas en personas de 15 a 59 anos,2007-11-01,28,59,28,59,87
SAN PEDRO DE BUENA VISTA,consulta externa,repetidas en personas de 15 a 59 anos,2007-11-01,1,1,1,1,2
SAN PEDRO DE CURAHUARA,consulta externa,repetidas en personas de 15 a 59 anos,2007-11-01,1,0,1,0,1
SAN PEDRO DE QUEMES,consulta externa,repetidas en personas de 15 a 59 anos,2007-11-01,1,0,1,0,1
SAN PEDRO DE TIQUINA,consulta externa,repetidas en personas de 15 a 59 anos,2007-11-01,8,3,8,3,11
SAN PEDRO(PND),consulta externa,repetidas en personas de 15 a 59 anos,2007-11-01,0,3,0,3,3
SAN RAFAEL,consulta externa,repetidas en personas de 15 a 59 anos,2007-11-01,1,4,1,4,5
SAN RAMON,consulta externa,repetidas en personas de 15 a 59 anos,2007-11-01,12,16,12,16,28
SAN RAMON,consulta externa,repetidas en personas de 15 a 59 anos,2007-11-01,18,126,18,126,144
SANTA ANA,consulta externa,repetidas en personas de 15 a 59 anos,2007-11-01,27,28,27,28,55
SANTA CRUZ DE LA SIERRA,consulta externa,repetidas en personas de 15 a 59 anos,2007-11-01,6037,14742,6037,14742,20779
SANTA ROSA,consulta externa,repetidas en personas de 15 a 59 anos,2007-11-01,0,4,0,4,4
SANTA ROSA DEL SARA,consulta externa,repetidas en personas de 15 a 59 anos,2007-11-01,1,2,1,2,3
SANTIAGO DE CALLAPA,consulta externa,repetidas en personas de 15 a 59 anos,2007-11-01,3,0,3,0,3
SANTIAGO DE HUARI,consulta externa,repetidas en personas de 15 a 59 anos,2007-11-01,2,13,2,13,15
SANTIVAÑES,consulta externa,repetidas en personas de 15 a 59 anos,2007-11-01,1,11,1,11,12
SANTUARIO DE QUILLACAS,consulta externa,repetidas en personas de 15 a 59 anos,2007-11-01,15,9,15,9,24
SAPAHAQUI,consulta externa,repetidas en personas de 15 a 59 anos,2007-11-01,4,3,4,3,7
SENA,consulta externa,repetidas en personas de 15 a 59 anos,2007-11-01,23,77,23,77,100
SICA SICA (VILLA AROMA),consulta externa,repetidas en personas de 15 a 59 anos,2007-11-01,4,3,4,3,7
SICAYA,consulta externa,repetidas en personas de 15 a 59 anos,2007-11-01,0,3,0,3,3
SIPE SIPE,consulta externa,repetidas en personas de 15 a 59 anos,2007-11-01,18,111,18,111,129
SOPACHUY,consulta externa,repetidas en personas de 15 a 59 anos,2007-11-01,11,19,11,19,30
SORACACHI,consulta externa,repetidas en personas de 15 a 59 anos,2007-11-01,3,3,3,3,6
SORATA,consulta externa,repetidas en personas de 15 a 59 anos,2007-11-01,5,10,5,10,15
SUCRE,consulta externa,repetidas en personas de 15 a 59 anos,2007-11-01,2706,6903,2706,6903,9609
TACACHI,consulta externa,repetidas en personas de 15 a 59 anos,2007-11-01,0,10,0,10,10
TACACOMA,consulta externa,repetidas en personas de 15 a 59 anos,2007-11-01,0,4,0,4,4
TACOBAMBA,consulta externa,repetidas en personas de 15 a 59 anos,2007-11-01,1,2,1,2,3
TAHUA,consulta externa,repetidas en personas de 15 a 59 anos,2007-11-01,2,2,2,2,4
TAPACARI,consulta externa,repetidas en personas de 15 a 59 anos,2007-11-01,3,27,3,27,30
TARABUCO,consulta externa,repetidas en personas de 15 a 59 anos,2007-11-01,42,50,42,50,92
TARACO,consulta externa,repetidas en personas de 15 a 59 anos,2007-11-01,0,1,0,1,1
TARATA,consulta externa,repetidas en personas de 15 a 59 anos,2007-11-01,0,1,0,1,1
TARIJA,consulta externa,repetidas en personas de 15 a 59 anos,2007-11-01,2620,5892,2620,5892,8512
TARVITA,consulta externa,repetidas en personas de 15 a 59 anos,2007-11-01,8,25,8,25,33
TEOPONTE,consulta externa,repetidas en personas de 15 a 59 anos,2007-11-01,2,4,2,4,6
TIAWANACU,consulta externa,repetidas en personas de 15 a 59 anos,2007-11-01,8,3,8,3,11
TINGUIPAYA,consulta externa,repetidas en personas de 15 a 59 anos,2007-11-01,4,0,4,0,4
TIPUANI,consulta externa,repetidas en personas de 15 a 59 anos,2007-11-01,5,1,5,1,6
TIQUIPAYA,consulta externa,repetidas en personas de 15 a 59 anos,2007-11-01,32,443,32,443,475
TIRAQUE (CBBA),consulta externa,repetidas en personas de 15 a 59 anos,2007-11-01,31,308,31,308,339
TITO YUPANQUI (PARQUIPUJIO),consulta externa,repetidas en personas de 15 a 59 anos,2007-11-01,3,5,3,5,8
TOCO,consulta externa,repetidas en personas de 15 a 59 anos,2007-11-01,1,3,1,3,4
TODOS SANTOS,consulta externa,repetidas en personas de 15 a 59 anos,2007-11-01,1,3,1,3,4
TOLATA,consulta externa,repetidas en personas de 15 a 59 anos,2007-11-01,0,10,0,10,10
TOLEDO,consulta externa,repetidas en personas de 15 a 59 anos,2007-11-01,4,7,4,7,11
TOMAVE,consulta externa,repetidas en personas de 15 a 59 anos,2007-11-01,10,12,10,12,22
TOMINA,consulta externa,repetidas en personas de 15 a 59 anos,2007-11-01,6,2,6,2,8
TORO TORO,consulta externa,repetidas en personas de 15 a 59 anos,2007-11-01,7,8,7,8,15
TOTORA(CBBA),consulta externa,repetidas en personas de 15 a 59 anos,2007-11-01,3,3,3,3,6
TOTORA(ORR),consulta externa,repetidas en personas de 15 a 59 anos,2007-11-01,0,1,0,1,1
TRIGAL,consulta externa,repetidas en personas de 15 a 59 anos,2007-11-01,2,3,2,3,5
TRINIDAD,consulta externa,repetidas en personas de 15 a 59 anos,2007-11-01,449,748,449,748,1197
TUPIZA,consulta externa,repetidas en personas de 15 a 59 anos,2007-11-01,183,281,183,281,464
TURCO,consulta externa,repetidas en personas de 15 a 59 anos,2007-11-01,1,3,1,3,4
UMALA,consulta externa,repetidas en personas de 15 a 59 anos,2007-11-01,0,1,0,1,1
UNCIA,consulta externa,repetidas en personas de 15 a 59 anos,2007-11-01,65,177,65,177,242
URIONDO (A. CONCEPCION),consulta externa,repetidas en personas de 15 a 59 anos,2007-11-01,28,35,28,35,63
URUBICHA,consulta externa,repetidas en personas de 15 a 59 anos,2007-11-01,0,109,0,109,109
UYUNI,consulta externa,repetidas en personas de 15 a 59 anos,2007-11-01,84,125,84,125,209
VACAS,consulta externa,repetidas en personas de 15 a 59 anos,2007-11-01,15,16,15,16,31
VALLEGRANDE,consulta externa,repetidas en personas de 15 a 59 anos,2007-11-01,121,286,121,286,407
VIACHA,consulta externa,repetidas en personas de 15 a 59 anos,2007-11-01,184,301,184,301,485
VILLA MONTES,consulta externa,repetidas en personas de 15 a 59 anos,2007-11-01,141,185,141,185,326
VILLA NUEVA (LOMA ALTA),consulta externa,repetidas en personas de 15 a 59 anos,2007-11-01,2,3,2,3,5
VILLA RIVERO,consulta externa,repetidas en personas de 15 a 59 anos,2007-11-01,9,11,9,11,20
VILLA SERRANO,consulta externa,repetidas en personas de 15 a 59 anos,2007-11-01,3,7,3,7,10
VILLA TUNARI,consulta externa,repetidas en personas de 15 a 59 anos,2007-11-01,68,106,68,106,174
VILLA VACA GUZMAN (MUYUPAMPA),consulta externa,repetidas en personas de 15 a 59 anos,2007-11-01,14,44,14,44,58
VILLAZON,consulta externa,repetidas en personas de 15 a 59 anos,2007-11-01,72,202,72,202,274
VINTO,consulta externa,repetidas en personas de 15 a 59 anos,2007-11-01,52,150,52,150,202
VITICHI,consulta externa,repetidas en personas de 15 a 59 anos,2007-11-01,13,9,13,9,22
WALDO BALLIVIAN,consulta externa,repetidas en personas de 15 a 59 anos,2007-11-01,3,3,3,3,6
WARNES,consulta externa,repetidas en personas de 15 a 59 anos,2007-11-01,14,18,14,18,32
YACO,consulta externa,repetidas en personas de 15 a 59 anos,2007-11-01,6,10,6,10,16
YACUIBA,consulta externa,repetidas en personas de 15 a 59 anos,2007-11-01,430,1193,430,1193,1623
YAMPARAEZ,consulta externa,repetidas en personas de 15 a 59 anos,2007-11-01,10,14,10,14,24
YANACACHI,consulta externa,repetidas en personas de 15 a 59 anos,2007-11-01,3,1,3,1,4
YAPACANI,consulta externa,repetidas en personas de 15 a 59 anos,2007-11-01,11,4,11,4,15
YOCALLA,consulta externa,repetidas en personas de 15 a 59 anos,2007-11-01,1,0,1,0,1
YOTALA,consulta externa,repetidas en personas de 15 a 59 anos,2007-11-01,18,50,18,50,68
YUNCHARA,consulta externa,repetidas en personas de 15 a 59 anos,2007-11-01,6,9,6,9,15
ZUDAÑEZ,consulta externa,repetidas en personas de 15 a 59 anos,2007-11-01,39,2,39,2,41
ACHACACHI,consulta externa,repetidas en personas de 15 a 59 anos,2007-12-01,36,31,36,31,67
ACHOCALLA,consulta externa,repetidas en personas de 15 a 59 anos,2007-12-01,6,4,6,4,10
AIQUILE,consulta externa,repetidas en personas de 15 a 59 anos,2007-12-01,21,166,21,166,187
ALCALA,consulta externa,repetidas en personas de 15 a 59 anos,2007-12-01,1,2,1,2,3
ANCORAIMES,consulta externa,repetidas en personas de 15 a 59 anos,2007-12-01,17,29,17,29,46
ANDAMARCA,consulta externa,repetidas en personas de 15 a 59 anos,2007-12-01,1,4,1,4,5
ANTEQUERA,consulta externa,repetidas en personas de 15 a 59 anos,2007-12-01,2,2,2,2,4
ANZALDO,consulta externa,repetidas en personas de 15 a 59 anos,2007-12-01,2,2,2,2,4
APOLO,consulta externa,repetidas en personas de 15 a 59 anos,2007-12-01,14,15,14,15,29
ARAMPAMPA,consulta externa,repetidas en personas de 15 a 59 anos,2007-12-01,2,0,2,0,2
ARANI,consulta externa,repetidas en personas de 15 a 59 anos,2007-12-01,3,2,3,2,5
ARBIETO,consulta externa,repetidas en personas de 15 a 59 anos,2007-12-01,2,21,2,21,23
ARQUE,consulta externa,repetidas en personas de 15 a 59 anos,2007-12-01,0,3,0,3,3
ASCENCION DE GUARAYOS,consulta externa,repetidas en personas de 15 a 59 anos,2007-12-01,20,16,20,16,36
ATOCHA,consulta externa,repetidas en personas de 15 a 59 anos,2007-12-01,208,154,208,154,362
AUCAPATA,consulta externa,repetidas en personas de 15 a 59 anos,2007-12-01,17,10,17,10,27
AYATA,consulta externa,repetidas en personas de 15 a 59 anos,2007-12-01,1,7,1,7,8
AYO AYO,consulta externa,repetidas en personas de 15 a 59 anos,2007-12-01,5,7,5,7,12
AYOPAYA (V. DE INDEPENDENCIA),consulta externa,repetidas en personas de 15 a 59 anos,2007-12-01,2,26,2,26,28
AZURDUY,consulta externa,repetidas en personas de 15 a 59 anos,2007-12-01,0,1,0,1,1
BATALLAS,consulta externa,repetidas en personas de 15 a 59 anos,2007-12-01,2,3,2,3,5
BAURES,consulta externa,repetidas en personas de 15 a 59 anos,2007-12-01,1,6,1,6,7
BELEN DE ANDAMARCA,consulta externa,repetidas en personas de 15 a 59 anos,2007-12-01,2,0,2,0,2
BELEN DE URMIRI,consulta externa,repetidas en personas de 15 a 59 anos,2007-12-01,1,2,1,2,3
BELLA FLOR,consulta externa,repetidas en personas de 15 a 59 anos,2007-12-01,1,3,1,3,4
BERMEJO,consulta externa,repetidas en personas de 15 a 59 anos,2007-12-01,126,204,126,204,330
BETANZOS,consulta externa,repetidas en personas de 15 a 59 anos,2007-12-01,22,28,22,28,50
BOLIVAR,consulta externa,repetidas en personas de 15 a 59 anos,2007-12-01,1,2,1,2,3
BOLPEBRA,consulta externa,repetidas en personas de 15 a 59 anos,2007-12-01,9,0,9,0,9
BOYUIBE,consulta externa,repetidas en personas de 15 a 59 anos,2007-12-01,9,14,9,14,23
BUENA VISTA,consulta externa,repetidas en personas de 15 a 59 anos,2007-12-01,37,48,37,48,85
CABEZAS,consulta externa,repetidas en personas de 15 a 59 anos,2007-12-01,3,59,3,59,62
CAIROMA,consulta externa,repetidas en personas de 15 a 59 anos,2007-12-01,5,7,5,7,12
"CAIZA ""D""",consulta externa,repetidas en personas de 15 a 59 anos,2007-12-01,7,7,7,7,14
CAJUATA,consulta externa,repetidas en personas de 15 a 59 anos,2007-12-01,3,8,3,8,11
CALACOTO,consulta externa,repetidas en personas de 15 a 59 anos,2007-12-01,2,2,2,2,4
CALAMARCA,consulta externa,repetidas en personas de 15 a 59 anos,2007-12-01,4,19,4,19,23
CAMARGO,consulta externa,repetidas en personas de 15 a 59 anos,2007-12-01,27,40,27,40,67
CAMATAQUI (C. VILLA ABECIA),consulta externa,repetidas en personas de 15 a 59 anos,2007-12-01,2,4,2,4,6
CAMIRI,consulta externa,repetidas en personas de 15 a 59 anos,2007-12-01,43,164,43,164,207
CAPINOTA,consulta externa,repetidas en personas de 15 a 59 anos,2007-12-01,17,150,17,150,167
CAQUIAVIRI,consulta externa,repetidas en personas de 15 a 59 anos,2007-12-01,1,2,1,2,3
CARACOLLO,consulta externa,repetidas en personas de 15 a 59 anos,2007-12-01,3,14,3,14,17
CARANAVI,consulta externa,repetidas en personas de 15 a 59 anos,2007-12-01,29,35,29,35,64
CARAPARI,consulta externa,repetidas en personas de 15 a 59 anos,2007-12-01,10,12,10,12,22
CARMEN RIVERO TORREZ,consulta externa,repetidas en personas de 15 a 59 anos,2007-12-01,1,1,1,1,2
CATACORA,consulta externa,repetidas en personas de 15 a 59 anos,2007-12-01,6,5,6,5,11
CHALLAPATA,consulta externa,repetidas en personas de 15 a 59 anos,2007-12-01,27,58,27,58,85
CHAQUI,consulta externa,repetidas en personas de 15 a 59 anos,2007-12-01,2,2,2,2,4
CHARAGUA,consulta externa,repetidas en personas de 15 a 59 anos,2007-12-01,8,31,8,31,39
CHARAÑA,consulta externa,repetidas en personas de 15 a 59 anos,2007-12-01,2,1,2,1,3
CHAYANTA,consulta externa,repetidas en personas de 15 a 59 anos,2007-12-01,2,1,2,1,3
CHIMORE,consulta externa,repetidas en personas de 15 a 59 anos,2007-12-01,3,15,3,15,18
CHULUMANI (V. DE LA LIBERTAD),consulta externa,repetidas en personas de 15 a 59 anos,2007-12-01,52,42,52,42,94
CHUMA,consulta externa,repetidas en personas de 15 a 59 anos,2007-12-01,9,3,9,3,12
CLIZA,consulta externa,repetidas en personas de 15 a 59 anos,2007-12-01,6,20,6,20,26
COBIJA,consulta externa,repetidas en personas de 15 a 59 anos,2007-12-01,160,486,160,486,646
COCHABAMBA,consulta externa,repetidas en personas de 15 a 59 anos,2007-12-01,8523,18261,8523,18261,26784
COIPASA,consulta externa,repetidas en personas de 15 a 59 anos,2007-12-01,1,1,1,1,2
COLCAPIRHUA,consulta externa,repetidas en personas de 15 a 59 anos,2007-12-01,92,232,92,232,324
"COLCHA ""K""",consulta externa,repetidas en personas de 15 a 59 anos,2007-12-01,2,10,2,10,12
COLLANA,consulta externa,repetidas en personas de 15 a 59 anos,2007-12-01,1,1,1,1,2
COLOMI,consulta externa,repetidas en personas de 15 a 59 anos,2007-12-01,2,10,2,10,12
COLPA BELGICA,consulta externa,repetidas en personas de 15 a 59 anos,2007-12-01,29,67,29,67,96
COLQUECHACA,consulta externa,repetidas en personas de 15 a 59 anos,2007-12-01,1,4,1,4,5
COLQUENCHA,consulta externa,repetidas en personas de 15 a 59 anos,2007-12-01,2,10,2,10,12
COLQUIRI,consulta externa,repetidas en personas de 15 a 59 anos,2007-12-01,13,23,13,23,36
COMANCHE,consulta externa,repetidas en personas de 15 a 59 anos,2007-12-01,6,2,6,2,8
COMARAPA,consulta externa,repetidas en personas de 15 a 59 anos,2007-12-01,12,33,12,33,45
CONCEPCION,consulta externa,repetidas en personas de 15 a 59 anos,2007-12-01,0,2,0,2,2
COPACABANA,consulta externa,repetidas en personas de 15 a 59 anos,2007-12-01,20,0,20,0,20
CORIPATA,consulta externa,repetidas en personas de 15 a 59 anos,2007-12-01,4,3,4,3,7
CORO CORO,consulta externa,repetidas en personas de 15 a 59 anos,2007-12-01,7,1,7,1,8
COROICO,consulta externa,repetidas en personas de 15 a 59 anos,2007-12-01,46,120,46,120,166
CORQUE,consulta externa,repetidas en personas de 15 a 59 anos,2007-12-01,2,5,2,5,7
COTAGAITA,consulta externa,repetidas en personas de 15 a 59 anos,2007-12-01,66,107,66,107,173
COTOCA,consulta externa,repetidas en personas de 15 a 59 anos,2007-12-01,10,13,10,13,23
CUATRO CAÑADAS,consulta externa,repetidas en personas de 15 a 59 anos,2007-12-01,74,133,74,133,207
CUEVO,consulta externa,repetidas en personas de 15 a 59 anos,2007-12-01,8,7,8,7,15
CULPINA,consulta externa,repetidas en personas de 15 a 59 anos,2007-12-01,0,1,0,1,1
DESAGUADERO,consulta externa,repetidas en personas de 15 a 59 anos,2007-12-01,0,5,0,5,5
EL ALTO,consulta externa,repetidas en personas de 15 a 59 anos,2007-12-01,3368,7391,3368,7391,10759
EL CHORO,consulta externa,repetidas en personas de 15 a 59 anos,2007-12-01,0,5,0,5,5
EL PUENTE(STC),consulta externa,repetidas en personas de 15 a 59 anos,2007-12-01,1,4,1,4,5
EL PUENTE(TJA),consulta externa,repetidas en personas de 15 a 59 anos,2007-12-01,1,3,1,3,4
EL TORNO,consulta externa,repetidas en personas de 15 a 59 anos,2007-12-01,71,111,71,111,182
EL VILLAR,consulta externa,repetidas en personas de 15 a 59 anos,2007-12-01,0,2,0,2,2
ENTRE RIOS,consulta externa,repetidas en personas de 15 a 59 anos,2007-12-01,18,26,18,26,44
ENTRE RIOS,consulta externa,repetidas en personas de 15 a 59 anos,2007-12-01,25,20,25,20,45
EUCALIPTUS,consulta externa,repetidas en personas de 15 a 59 anos,2007-12-01,2,1,2,1,3
EXALTACION,consulta externa,repetidas en personas de 15 a 59 anos,2007-12-01,1,3,1,3,4
FERNANDEZ ALONSO,consulta externa,repetidas en personas de 15 a 59 anos,2007-12-01,6,22,6,22,28
FILADELFIA,consulta externa,repetidas en personas de 15 a 59 anos,2007-12-01,4,2,4,2,6
GENERAL SAAVEDRA,consulta externa,repetidas en personas de 15 a 59 anos,2007-12-01,9,12,9,12,21
GRAL. J.J. PEREZ (CHARAZANI),consulta externa,repetidas en personas de 15 a 59 anos,2007-12-01,3,3,3,3,6
GUANAY,consulta externa,repetidas en personas de 15 a 59 anos,2007-12-01,6,25,6,25,31
GUAQUI,consulta externa,repetidas en personas de 15 a 59 anos,2007-12-01,18,12,18,12,30
GUAYARAMERIN,consulta externa,repetidas en personas de 15 a 59 anos,2007-12-01,378,456,378,456,834
GUTIERREZ,consulta externa,repetidas en personas de 15 a 59 anos,2007-12-01,3,11,3,11,14
HUACARETA,consulta externa,repetidas en personas de 15 a 59 anos,2007-12-01,18,55,18,55,73
HUACHACALLA,consulta externa,repetidas en personas de 15 a 59 anos,2007-12-01,5,3,5,3,8
HUANUNI,consulta externa,repetidas en personas de 15 a 59 anos,2007-12-01,189,174,189,174,363
HUARACAJE,consulta externa,repetidas en personas de 15 a 59 anos,2007-12-01,7,4,7,4,11
ICHOCA,consulta externa,repetidas en personas de 15 a 59 anos,2007-12-01,2,2,2,2,4
ICLA,consulta externa,repetidas en personas de 15 a 59 anos,2007-12-01,0,1,0,1,1
INCAHUASI,consulta externa,repetidas en personas de 15 a 59 anos,2007-12-01,1,2,1,2,3
INGAVI (HUMAITA),consulta externa,repetidas en personas de 15 a 59 anos,2007-12-01,4,3,4,3,7
INQUISIVI,consulta externa,repetidas en personas de 15 a 59 anos,2007-12-01,4,3,4,3,7
IRUPANA (VILLA DE LANZA),consulta externa,repetidas en personas de 15 a 59 anos,2007-12-01,15,9,15,9,24
IXIAMAS,consulta externa,repetidas en personas de 15 a 59 anos,2007-12-01,6,6,6,6,12
JESUS DE MACHACA,consulta externa,repetidas en personas de 15 a 59 anos,2007-12-01,5,18,5,18,23
LA ASUNTA,consulta externa,repetidas en personas de 15 a 59 anos,2007-12-01,14,17,14,17,31
LA GUARDIA,consulta externa,repetidas en personas de 15 a 59 anos,2007-12-01,24,75,24,75,99
LA PAZ,consulta externa,repetidas en personas de 15 a 59 anos,2007-12-01,12123,26558,12123,26558,38681
LAGUNILLAS,consulta externa,repetidas en personas de 15 a 59 anos,2007-12-01,4,7,4,7,11
LAJA,consulta externa,repetidas en personas de 15 a 59 anos,2007-12-01,7,9,7,9,16
LAS CARRERAS,consulta externa,repetidas en personas de 15 a 59 anos,2007-12-01,2,3,2,3,5
LICOMA PAMPA,consulta externa,repetidas en personas de 15 a 59 anos,2007-12-01,0,2,0,2,2
LLALLAGUA,consulta externa,repetidas en personas de 15 a 59 anos,2007-12-01,18,19,18,19,37
LLICA,consulta externa,repetidas en personas de 15 a 59 anos,2007-12-01,8,6,8,6,14
LORETO,consulta externa,repetidas en personas de 15 a 59 anos,2007-12-01,7,14,7,14,21
LURIBAY,consulta externa,repetidas en personas de 15 a 59 anos,2007-12-01,11,18,11,18,29
MACHACAMARCA,consulta externa,repetidas en personas de 15 a 59 anos,2007-12-01,4,5,4,5,9
MACHARETI,consulta externa,repetidas en personas de 15 a 59 anos,2007-12-01,2,37,2,37,39
MAGDALENA,consulta externa,repetidas en personas de 15 a 59 anos,2007-12-01,25,77,25,77,102
MAIRANA,consulta externa,repetidas en personas de 15 a 59 anos,2007-12-01,3,9,3,9,12
MALLA,consulta externa,repetidas en personas de 15 a 59 anos,2007-12-01,2,1,2,1,3
MAPIRI,consulta externa,repetidas en personas de 15 a 59 anos,2007-12-01,8,18,8,18,26
MECAPACA,consulta externa,repetidas en personas de 15 a 59 anos,2007-12-01,11,11,11,11,22
MINEROS,consulta externa,repetidas en personas de 15 a 59 anos,2007-12-01,1,18,1,18,19
MIZQUE,consulta externa,repetidas en personas de 15 a 59 anos,2007-12-01,2,1,2,1,3
MOCOMOCO,consulta externa,repetidas en personas de 15 a 59 anos,2007-12-01,7,7,7,7,14
MOJOCOYA,consulta externa,repetidas en personas de 15 a 59 anos,2007-12-01,6,24,6,24,30
MONTEAGUDO,consulta externa,repetidas en personas de 15 a 59 anos,2007-12-01,79,310,79,310,389
MONTERO,consulta externa,repetidas en personas de 15 a 59 anos,2007-12-01,502,1045,502,1045,1547
MORO MORO,consulta externa,repetidas en personas de 15 a 59 anos,2007-12-01,0,2,0,2,2
MOROCHATA,consulta externa,repetidas en personas de 15 a 59 anos,2007-12-01,24,59,24,59,83
NACEBE (SANTA ROSA DEL ABUNA),consulta externa,repetidas en personas de 15 a 59 anos,2007-12-01,4,4,4,4,8
NUEVO MANOA (NUEVA ESPERANZA),consulta externa,repetidas en personas de 15 a 59 anos,2007-12-01,5,4,5,4,9
OCURI,consulta externa,repetidas en personas de 15 a 59 anos,2007-12-01,0,4,0,4,4
OKINAWA,consulta externa,repetidas en personas de 15 a 59 anos,2007-12-01,14,50,14,50,64
OMEREQUE,consulta externa,repetidas en personas de 15 a 59 anos,2007-12-01,11,7,11,7,18
ORURO,consulta externa,repetidas en personas de 15 a 59 anos,2007-12-01,1745,4051,1745,4051,5796
PADCAYA,consulta externa,repetidas en personas de 15 a 59 anos,2007-12-01,27,24,27,24,51
PADILLA,consulta externa,repetidas en personas de 15 a 59 anos,2007-12-01,10,11,10,11,21
PAILON,consulta externa,repetidas en personas de 15 a 59 anos,2007-12-01,5,8,5,8,13
PALCA,consulta externa,repetidas en personas de 15 a 59 anos,2007-12-01,17,12,17,12,29
PALOS BLANCOS,consulta externa,repetidas en personas de 15 a 59 anos,2007-12-01,20,17,20,17,37
PAMPA AULLAGAS,consulta externa,repetidas en personas de 15 a 59 anos,2007-12-01,0,2,0,2,2
PAMPA GRANDE,consulta externa,repetidas en personas de 15 a 59 anos,2007-12-01,1,3,1,3,4
PAPEL PAMPA,consulta externa,repetidas en personas de 15 a 59 anos,2007-12-01,2,3,2,3,5
PASORAPA,consulta externa,repetidas en personas de 15 a 59 anos,2007-12-01,1,0,1,0,1
PATACAMAYA,consulta externa,repetidas en personas de 15 a 59 anos,2007-12-01,2,2,2,2,4
PAZÑA,consulta externa,repetidas en personas de 15 a 59 anos,2007-12-01,17,17,17,17,34
POCOATA,consulta externa,repetidas en personas de 15 a 59 anos,2007-12-01,1,1,1,1,2
POCONA,consulta externa,repetidas en personas de 15 a 59 anos,2007-12-01,3,6,3,6,9
POJO (CBBA),consulta externa,repetidas en personas de 15 a 59 anos,2007-12-01,2,0,2,0,2
POOPO,consulta externa,repetidas en personas de 15 a 59 anos,2007-12-01,5,5,5,5,10
PORCO,consulta externa,repetidas en personas de 15 a 59 anos,2007-12-01,1,2,1,2,3
POROMA,consulta externa,repetidas en personas de 15 a 59 anos,2007-12-01,1,2,1,2,3
PORONGO,consulta externa,repetidas en personas de 15 a 59 anos,2007-12-01,1,1,1,1,2
PORTACHUELO,consulta externa,repetidas en personas de 15 a 59 anos,2007-12-01,18,54,18,54,72
PORVENIR,consulta externa,repetidas en personas de 15 a 59 anos,2007-12-01,5,8,5,8,13
POSTRER VALLE,consulta externa,repetidas en personas de 15 a 59 anos,2007-12-01,5,1,5,1,6
POTOSI,consulta externa,repetidas en personas de 15 a 59 anos,2007-12-01,1382,2764,1382,2764,4146
PRESTO,consulta externa,repetidas en personas de 15 a 59 anos,2007-12-01,2,6,2,6,8
PUCARA,consulta externa,repetidas en personas de 15 a 59 anos,2007-12-01,1,3,1,3,4
PUCARANI,consulta externa,repetidas en personas de 15 a 59 anos,2007-12-01,1,19,1,19,20
PUERTO ACOSTA,consulta externa,repetidas en personas de 15 a 59 anos,2007-12-01,9,13,9,13,22
PUERTO CARABUCO,consulta externa,repetidas en personas de 15 a 59 anos,2007-12-01,4,8,4,8,12
PUERTO GONZALO MORENO,consulta externa,repetidas en personas de 15 a 59 anos,2007-12-01,4,5,4,5,9
PUERTO PEREZ,consulta externa,repetidas en personas de 15 a 59 anos,2007-12-01,3,1,3,1,4
PUERTO QUIJARRO,consulta externa,repetidas en personas de 15 a 59 anos,2007-12-01,16,44,16,44,60
PUERTO RICO,consulta externa,repetidas en personas de 15 a 59 anos,2007-12-01,4,6,4,6,10
PUERTO SILES,consulta externa,repetidas en personas de 15 a 59 anos,2007-12-01,5,2,5,2,7
PUERTO SUAREZ,consulta externa,repetidas en personas de 15 a 59 anos,2007-12-01,36,59,36,59,95
PUERTO VILLARROEL,consulta externa,repetidas en personas de 15 a 59 anos,2007-12-01,44,90,44,90,134
PUNA,consulta externa,repetidas en personas de 15 a 59 anos,2007-12-01,7,28,7,28,35
PUNATA,consulta externa,repetidas en personas de 15 a 59 anos,2007-12-01,76,250,76,250,326
QUILLACOLLO,consulta externa,repetidas en personas de 15 a 59 anos,2007-12-01,272,772,272,772,1044
QUIME,consulta externa,repetidas en personas de 15 a 59 anos,2007-12-01,0,1,0,1,1
RAVELO,consulta externa,repetidas en personas de 15 a 59 anos,2007-12-01,1,2,1,2,3
REYES,consulta externa,repetidas en personas de 15 a 59 anos,2007-12-01,30,62,30,62,92
RIBERALTA,consulta externa,repetidas en personas de 15 a 59 anos,2007-12-01,51,503,51,503,554
ROBORE,consulta externa,repetidas en personas de 15 a 59 anos,2007-12-01,29,97,29,97,126
RURRENABAQUE,consulta externa,repetidas en personas de 15 a 59 anos,2007-12-01,23,75,23,75,98
SABAYA,consulta externa,repetidas en personas de 15 a 59 anos,2007-12-01,1,1,1,1,2
SACABA,consulta externa,repetidas en personas de 15 a 59 anos,2007-12-01,219,421,219,421,640
SACABAMBA,consulta externa,repetidas en personas de 15 a 59 anos,2007-12-01,6,12,6,12,18
SACACA,consulta externa,repetidas en personas de 15 a 59 anos,2007-12-01,3,2,3,2,5
SAIPINA,consulta externa,repetidas en personas de 15 a 59 anos,2007-12-01,1,2,1,2,3
SALINAS DE GARCI MENDOZA,consulta externa,repetidas en personas de 15 a 59 anos,2007-12-01,2,2,2,2,4
SAMAIPATA,consulta externa,repetidas en personas de 15 a 59 anos,2007-12-01,0,1,0,1,1
SAN AGUSTIN,consulta externa,repetidas en personas de 15 a 59 anos,2007-12-01,1,5,1,5,6
SAN ANDRES,consulta externa,repetidas en personas de 15 a 59 anos,2007-12-01,1,5,1,5,6
SAN ANDRES DE MACHACA,consulta externa,repetidas en personas de 15 a 59 anos,2007-12-01,2,7,2,7,9
SAN ANTONIO DE ESMORUCO,consulta externa,repetidas en personas de 15 a 59 anos,2007-12-01,1,1,1,1,2
SAN ANTONIO DE LOMERIO,consulta externa,repetidas en personas de 15 a 59 anos,2007-12-01,0,3,0,3,3
SAN BENITO,consulta externa,repetidas en personas de 15 a 59 anos,2007-12-01,6,18,6,18,24
SAN BORJA,consulta externa,repetidas en personas de 15 a 59 anos,2007-12-01,24,124,24,124,148
SAN BUENA VENTURA,consulta externa,repetidas en personas de 15 a 59 anos,2007-12-01,16,94,16,94,110
SAN CARLOS,consulta externa,repetidas en personas de 15 a 59 anos,2007-12-01,16,190,16,190,206
SAN IGNACIO,consulta externa,repetidas en personas de 15 a 59 anos,2007-12-01,48,122,48,122,170
SAN IGNACIO DE VELASCO,consulta externa,repetidas en personas de 15 a 59 anos,2007-12-01,34,138,34,138,172
SAN JAVIER(STC),consulta externa,repetidas en personas de 15 a 59 anos,2007-12-01,33,4,33,4,37
SAN JOAQUIN,consulta externa,repetidas en personas de 15 a 59 anos,2007-12-01,1,10,1,10,11
SAN JOSE DE CHIQUITOS,consulta externa,repetidas en personas de 15 a 59 anos,2007-12-01,11,18,11,18,29
SAN JUAN DE YAPACANI,consulta externa,repetidas en personas de 15 a 59 anos,2007-12-01,22,19,22,19,41
SAN JULIAN,consulta externa,repetidas en personas de 15 a 59 anos,2007-12-01,26,163,26,163,189
SAN LORENZO(PND),consulta externa,repetidas en personas de 15 a 59 anos,2007-12-01,0,3,0,3,3
SAN LORENZO(TJA),consulta externa,repetidas en personas de 15 a 59 anos,2007-12-01,16,68,16,68,84
SAN LUCAS,consulta externa,repetidas en personas de 15 a 59 anos,2007-12-01,22,35,22,35,57
SAN MATIAS,consulta externa,repetidas en personas de 15 a 59 anos,2007-12-01,7,12,7,12,19
SAN MIGUEL DE VELASCO,consulta externa,repetidas en personas de 15 a 59 anos,2007-12-01,19,38,19,38,57
SAN PABLO DE LIPEZ,consulta externa,repetidas en personas de 15 a 59 anos,2007-12-01,7,16,7,16,23
SAN PEDRO,consulta externa,repetidas en personas de 15 a 59 anos,2007-12-01,16,40,16,40,56
SAN PEDRO DE BUENA VISTA,consulta externa,repetidas en personas de 15 a 59 anos,2007-12-01,1,0,1,0,1
SAN PEDRO DE CURAHUARA,consulta externa,repetidas en personas de 15 a 59 anos,2007-12-01,2,3,2,3,5
SAN PEDRO DE TIQUINA,consulta externa,repetidas en personas de 15 a 59 anos,2007-12-01,11,5,11,5,16
SAN PEDRO(PND),consulta externa,repetidas en personas de 15 a 59 anos,2007-12-01,1,0,1,0,1
SAN RAFAEL,consulta externa,repetidas en personas de 15 a 59 anos,2007-12-01,11,5,11,5,16
SAN RAMON,consulta externa,repetidas en personas de 15 a 59 anos,2007-12-01,4,18,4,18,22
SAN RAMON,consulta externa,repetidas en personas de 15 a 59 anos,2007-12-01,42,135,42,135,177
SANTA ANA,consulta externa,repetidas en personas de 15 a 59 anos,2007-12-01,17,42,17,42,59
SANTA CRUZ DE LA SIERRA,consulta externa,repetidas en personas de 15 a 59 anos,2007-12-01,6137,14826,6137,14826,20963
SANTA ROSA,consulta externa,repetidas en personas de 15 a 59 anos,2007-12-01,1,0,1,0,1
SANTA ROSA DEL SARA,consulta externa,repetidas en personas de 15 a 59 anos,2007-12-01,0,3,0,3,3
SANTIAGO DE CALLAPA,consulta externa,repetidas en personas de 15 a 59 anos,2007-12-01,2,0,2,0,2
SANTIAGO DE HUARI,consulta externa,repetidas en personas de 15 a 59 anos,2007-12-01,1,2,1,2,3
SANTIAGO DE MACHACA,consulta externa,repetidas en personas de 15 a 59 anos,2007-12-01,1,0,1,0,1
SANTIVAÑES,consulta externa,repetidas en personas de 15 a 59 anos,2007-12-01,3,1,3,1,4
SANTUARIO DE QUILLACAS,consulta externa,repetidas en personas de 15 a 59 anos,2007-12-01,0,1,0,1,1
SAPAHAQUI,consulta externa,repetidas en personas de 15 a 59 anos,2007-12-01,2,4,2,4,6
SENA,consulta externa,repetidas en personas de 15 a 59 anos,2007-12-01,3,2,3,2,5
SICA SICA (VILLA AROMA),consulta externa,repetidas en personas de 15 a 59 anos,2007-12-01,2,2,2,2,4
SICAYA,consulta externa,repetidas en personas de 15 a 59 anos,2007-12-01,0,3,0,3,3
SIPE SIPE,consulta externa,repetidas en personas de 15 a 59 anos,2007-12-01,24,99,24,99,123
SOPACHUY,consulta externa,repetidas en personas de 15 a 59 anos,2007-12-01,4,16,4,16,20
SORACACHI,consulta externa,repetidas en personas de 15 a 59 anos,2007-12-01,7,8,7,8,15
SORATA,consulta externa,repetidas en personas de 15 a 59 anos,2007-12-01,7,8,7,8,15
SUCRE,consulta externa,repetidas en personas de 15 a 59 anos,2007-12-01,2361,5351,2361,5351,7712
TACACHI,consulta externa,repetidas en personas de 15 a 59 anos,2007-12-01,0,11,0,11,11
TACACOMA,consulta externa,repetidas en personas de 15 a 59 anos,2007-12-01,1,4,1,4,5
TACOBAMBA,consulta externa,repetidas en personas de 15 a 59 anos,2007-12-01,3,2,3,2,5
TAHUA,consulta externa,repetidas en personas de 15 a 59 anos,2007-12-01,1,0,1,0,1
TAPACARI,consulta externa,repetidas en personas de 15 a 59 anos,2007-12-01,3,26,3,26,29
TARABUCO,consulta externa,repetidas en personas de 15 a 59 anos,2007-12-01,31,59,31,59,90
TARATA,consulta externa,repetidas en personas de 15 a 59 anos,2007-12-01,1,8,1,8,9
TARIJA,consulta externa,repetidas en personas de 15 a 59 anos,2007-12-01,2334,5602,2334,5602,7936
TARVITA,consulta externa,repetidas en personas de 15 a 59 anos,2007-12-01,6,11,6,11,17
TEOPONTE,consulta externa,repetidas en personas de 15 a 59 anos,2007-12-01,5,5,5,5,10
TIAWANACU,consulta externa,repetidas en personas de 15 a 59 anos,2007-12-01,11,2,11,2,13
TINGUIPAYA,consulta externa,repetidas en personas de 15 a 59 anos,2007-12-01,2,2,2,2,4
TIPUANI,consulta externa,repetidas en personas de 15 a 59 anos,2007-12-01,5,4,5,4,9
TIQUIPAYA,consulta externa,repetidas en personas de 15 a 59 anos,2007-12-01,30,470,30,470,500
TIRAQUE (CBBA),consulta externa,repetidas en personas de 15 a 59 anos,2007-12-01,48,149,48,149,197
TITO YUPANQUI (PARQUIPUJIO),consulta externa,repetidas en personas de 15 a 59 anos,2007-12-01,6,11,6,11,17
TOCO,consulta externa,repetidas en personas de 15 a 59 anos,2007-12-01,0,4,0,4,4
TODOS SANTOS,consulta externa,repetidas en personas de 15 a 59 anos,2007-12-01,3,3,3,3,6
TOLATA,consulta externa,repetidas en personas de 15 a 59 anos,2007-12-01,1,9,1,9,10
TOLEDO,consulta externa,repetidas en personas de 15 a 59 anos,2007-12-01,0,5,0,5,5
TOMAVE,consulta externa,repetidas en personas de 15 a 59 anos,2007-12-01,6,15,6,15,21
TOMINA,consulta externa,repetidas en personas de 15 a 59 anos,2007-12-01,9,19,9,19,28
TORO TORO,consulta externa,repetidas en personas de 15 a 59 anos,2007-12-01,5,3,5,3,8
TOTORA(CBBA),consulta externa,repetidas en personas de 15 a 59 anos,2007-12-01,1,3,1,3,4
TRIGAL,consulta externa,repetidas en personas de 15 a 59 anos,2007-12-01,1,1,1,1,2
TRINIDAD,consulta externa,repetidas en personas de 15 a 59 anos,2007-12-01,350,648,350,648,998
TUPIZA,consulta externa,repetidas en personas de 15 a 59 anos,2007-12-01,158,248,158,248,406
TURCO,consulta externa,repetidas en personas de 15 a 59 anos,2007-12-01,0,3,0,3,3
URIONDO (A. CONCEPCION),consulta externa,repetidas en personas de 15 a 59 anos,2007-12-01,12,24,12,24,36
URUBICHA,consulta externa,repetidas en personas de 15 a 59 anos,2007-12-01,3,134,3,134,137
UYUNI,consulta externa,repetidas en personas de 15 a 59 anos,2007-12-01,41,97,41,97,138
VACAS,consulta externa,repetidas en personas de 15 a 59 anos,2007-12-01,6,19,6,19,25
VALLEGRANDE,consulta externa,repetidas en personas de 15 a 59 anos,2007-12-01,102,284,102,284,386
VIACHA,consulta externa,repetidas en personas de 15 a 59 anos,2007-12-01,180,289,180,289,469
VILLA MONTES,consulta externa,repetidas en personas de 15 a 59 anos,2007-12-01,130,364,130,364,494
VILLA NUEVA (LOMA ALTA),consulta externa,repetidas en personas de 15 a 59 anos,2007-12-01,1,1,1,1,2
VILLA RIVERO,consulta externa,repetidas en personas de 15 a 59 anos,2007-12-01,4,7,4,7,11
VILLA SERRANO,consulta externa,repetidas en personas de 15 a 59 anos,2007-12-01,2,13,2,13,15
VILLA TUNARI,consulta externa,repetidas en personas de 15 a 59 anos,2007-12-01,62,79,62,79,141
VILLA VACA GUZMAN (MUYUPAMPA),consulta externa,repetidas en personas de 15 a 59 anos,2007-12-01,9,24,9,24,33
VILLAZON,consulta externa,repetidas en personas de 15 a 59 anos,2007-12-01,45,179,45,179,224
VINTO,consulta externa,repetidas en personas de 15 a 59 anos,2007-12-01,11,27,11,27,38
VITICHI,consulta externa,repetidas en personas de 15 a 59 anos,2007-12-01,4,12,4,12,16
WALDO BALLIVIAN,consulta externa,repetidas en personas de 15 a 59 anos,2007-12-01,1,2,1,2,3
WARNES,consulta externa,repetidas en personas de 15 a 59 anos,2007-12-01,7,127,7,127,134
YACO,consulta externa,repetidas en personas de 15 a 59 anos,2007-12-01,2,3,2,3,5
YACUIBA,consulta externa,repetidas en personas de 15 a 59 anos,2007-12-01,389,1002,389,1002,1391
YAMPARAEZ,consulta externa,repetidas en personas de 15 a 59 anos,2007-12-01,23,20,23,20,43
YANACACHI,consulta externa,repetidas en personas de 15 a 59 anos,2007-12-01,2,2,2,2,4
YAPACANI,consulta externa,repetidas en personas de 15 a 59 anos,2007-12-01,23,16,23,16,39
YOCALLA,consulta externa,repetidas en personas de 15 a 59 anos,2007-12-01,2,1,2,1,3
YOTALA,consulta externa,repetidas en personas de 15 a 59 anos,2007-12-01,11,33,11,33,44
YUNCHARA,consulta externa,repetidas en personas de 15 a 59 anos,2007-12-01,1,8,1,8,9
ZUDAÑEZ,consulta externa,repetidas en personas de 15 a 59 anos,2007-12-01,2,7,2,7,9
