municipality,group,variable,month,Controles repetidos en niños de 2 años de < 5 NUEVO,TOTAL-NUEVO,TOTAL-REPETIDO,TOTAL
ACACIO,nutricion y desarrollo infantil,controles repetidos en ninos de 2 anos de < 5,2005-01-01,128,128,105,233
ACHACACHI,nutricion y desarrollo infantil,controles repetidos en ninos de 2 anos de < 5,2005-01-01,217,217,256,473
ACHOCALLA,nutricion y desarrollo infantil,controles repetidos en ninos de 2 anos de < 5,2005-01-01,17,17,12,29
AIQUILE,nutricion y desarrollo infantil,controles repetidos en ninos de 2 anos de < 5,2005-01-01,24,24,30,54
ALALAY,nutricion y desarrollo infantil,controles repetidos en ninos de 2 anos de < 5,2005-01-01,27,27,21,48
ANCORAIMES,nutricion y desarrollo infantil,controles repetidos en ninos de 2 anos de < 5,2005-01-01,157,157,175,332
ANDAMARCA,nutricion y desarrollo infantil,controles repetidos en ninos de 2 anos de < 5,2005-01-01,23,23,25,48
ANTEQUERA,nutricion y desarrollo infantil,controles repetidos en ninos de 2 anos de < 5,2005-01-01,13,13,14,27
ANZALDO,nutricion y desarrollo infantil,controles repetidos en ninos de 2 anos de < 5,2005-01-01,10,10,10,20
APOLO,nutricion y desarrollo infantil,controles repetidos en ninos de 2 anos de < 5,2005-01-01,74,74,88,162
ARAMPAMPA,nutricion y desarrollo infantil,controles repetidos en ninos de 2 anos de < 5,2005-01-01,47,47,50,97
ARANI,nutricion y desarrollo infantil,controles repetidos en ninos de 2 anos de < 5,2005-01-01,20,20,16,36
ARBIETO,nutricion y desarrollo infantil,controles repetidos en ninos de 2 anos de < 5,2005-01-01,22,22,24,46
ARQUE,nutricion y desarrollo infantil,controles repetidos en ninos de 2 anos de < 5,2005-01-01,57,57,68,125
ATOCHA,nutricion y desarrollo infantil,controles repetidos en ninos de 2 anos de < 5,2005-01-01,106,106,108,214
AUCAPATA,nutricion y desarrollo infantil,controles repetidos en ninos de 2 anos de < 5,2005-01-01,16,16,13,29
AYATA,nutricion y desarrollo infantil,controles repetidos en ninos de 2 anos de < 5,2005-01-01,31,31,33,64
AYO AYO,nutricion y desarrollo infantil,controles repetidos en ninos de 2 anos de < 5,2005-01-01,28,28,21,49
AYOPAYA (V. DE INDEPENDENCIA),nutricion y desarrollo infantil,controles repetidos en ninos de 2 anos de < 5,2005-01-01,91,91,75,166
BATALLAS,nutricion y desarrollo infantil,controles repetidos en ninos de 2 anos de < 5,2005-01-01,84,84,69,153
BAURES,nutricion y desarrollo infantil,controles repetidos en ninos de 2 anos de < 5,2005-01-01,34,34,42,76
BELEN DE ANDAMARCA,nutricion y desarrollo infantil,controles repetidos en ninos de 2 anos de < 5,2005-01-01,4,4,4,8
BELEN DE URMIRI,nutricion y desarrollo infantil,controles repetidos en ninos de 2 anos de < 5,2005-01-01,16,16,15,31
BELLA FLOR,nutricion y desarrollo infantil,controles repetidos en ninos de 2 anos de < 5,2005-01-01,21,21,19,40
BERMEJO,nutricion y desarrollo infantil,controles repetidos en ninos de 2 anos de < 5,2005-01-01,19,19,26,45
BETANZOS,nutricion y desarrollo infantil,controles repetidos en ninos de 2 anos de < 5,2005-01-01,311,311,347,658
BOLIVAR,nutricion y desarrollo infantil,controles repetidos en ninos de 2 anos de < 5,2005-01-01,99,99,81,180
BOLPEBRA,nutricion y desarrollo infantil,controles repetidos en ninos de 2 anos de < 5,2005-01-01,8,8,11,19
BOYUIBE,nutricion y desarrollo infantil,controles repetidos en ninos de 2 anos de < 5,2005-01-01,23,23,23,46
BUENA VISTA,nutricion y desarrollo infantil,controles repetidos en ninos de 2 anos de < 5,2005-01-01,210,210,196,406
CABEZAS,nutricion y desarrollo infantil,controles repetidos en ninos de 2 anos de < 5,2005-01-01,14,14,4,18
CAIROMA,nutricion y desarrollo infantil,controles repetidos en ninos de 2 anos de < 5,2005-01-01,88,88,102,190
"CAIZA ""D""",nutricion y desarrollo infantil,controles repetidos en ninos de 2 anos de < 5,2005-01-01,64,64,53,117
CAJUATA,nutricion y desarrollo infantil,controles repetidos en ninos de 2 anos de < 5,2005-01-01,69,69,58,127
CALACOTO,nutricion y desarrollo infantil,controles repetidos en ninos de 2 anos de < 5,2005-01-01,8,8,15,23
CALAMARCA,nutricion y desarrollo infantil,controles repetidos en ninos de 2 anos de < 5,2005-01-01,75,75,85,160
CAMIRI,nutricion y desarrollo infantil,controles repetidos en ninos de 2 anos de < 5,2005-01-01,244,244,192,436
CAPINOTA,nutricion y desarrollo infantil,controles repetidos en ninos de 2 anos de < 5,2005-01-01,73,73,64,137
CAQUIAVIRI,nutricion y desarrollo infantil,controles repetidos en ninos de 2 anos de < 5,2005-01-01,18,18,18,36
CARACOLLO,nutricion y desarrollo infantil,controles repetidos en ninos de 2 anos de < 5,2005-01-01,57,57,59,116
CARANAVI,nutricion y desarrollo infantil,controles repetidos en ninos de 2 anos de < 5,2005-01-01,208,208,213,421
CARANGAS,nutricion y desarrollo infantil,controles repetidos en ninos de 2 anos de < 5,2005-01-01,0,0,3,3
CARAPARI,nutricion y desarrollo infantil,controles repetidos en ninos de 2 anos de < 5,2005-01-01,78,78,88,166
CARIPUYO,nutricion y desarrollo infantil,controles repetidos en ninos de 2 anos de < 5,2005-01-01,167,167,157,324
CARMEN RIVERO TORREZ,nutricion y desarrollo infantil,controles repetidos en ninos de 2 anos de < 5,2005-01-01,19,19,14,33
CATACORA,nutricion y desarrollo infantil,controles repetidos en ninos de 2 anos de < 5,2005-01-01,18,18,26,44
CHACARILLA,nutricion y desarrollo infantil,controles repetidos en ninos de 2 anos de < 5,2005-01-01,1,1,4,5
CHALLAPATA,nutricion y desarrollo infantil,controles repetidos en ninos de 2 anos de < 5,2005-01-01,87,87,98,185
CHAQUI,nutricion y desarrollo infantil,controles repetidos en ninos de 2 anos de < 5,2005-01-01,19,19,18,37
CHARAGUA,nutricion y desarrollo infantil,controles repetidos en ninos de 2 anos de < 5,2005-01-01,280,280,250,530
CHARAÑA,nutricion y desarrollo infantil,controles repetidos en ninos de 2 anos de < 5,2005-01-01,21,21,24,45
CHAYANTA,nutricion y desarrollo infantil,controles repetidos en ninos de 2 anos de < 5,2005-01-01,152,152,185,337
CHIMORE,nutricion y desarrollo infantil,controles repetidos en ninos de 2 anos de < 5,2005-01-01,45,45,48,93
CHULUMANI (V. DE LA LIBERTAD),nutricion y desarrollo infantil,controles repetidos en ninos de 2 anos de < 5,2005-01-01,66,66,58,124
CHUMA,nutricion y desarrollo infantil,controles repetidos en ninos de 2 anos de < 5,2005-01-01,29,29,44,73
CLIZA,nutricion y desarrollo infantil,controles repetidos en ninos de 2 anos de < 5,2005-01-01,29,29,45,74
COBIJA,nutricion y desarrollo infantil,controles repetidos en ninos de 2 anos de < 5,2005-01-01,214,214,222,436
COCHABAMBA,nutricion y desarrollo infantil,controles repetidos en ninos de 2 anos de < 5,2005-01-01,758,758,754,1512
COIPASA,nutricion y desarrollo infantil,controles repetidos en ninos de 2 anos de < 5,2005-01-01,4,4,13,17
COLCAPIRHUA,nutricion y desarrollo infantil,controles repetidos en ninos de 2 anos de < 5,2005-01-01,53,53,41,94
"COLCHA ""K""",nutricion y desarrollo infantil,controles repetidos en ninos de 2 anos de < 5,2005-01-01,28,28,50,78
COLOMI,nutricion y desarrollo infantil,controles repetidos en ninos de 2 anos de < 5,2005-01-01,41,41,59,100
COLPA BELGICA,nutricion y desarrollo infantil,controles repetidos en ninos de 2 anos de < 5,2005-01-01,1,1,2,3
COLQUECHACA,nutricion y desarrollo infantil,controles repetidos en ninos de 2 anos de < 5,2005-01-01,82,82,77,159
COLQUENCHA,nutricion y desarrollo infantil,controles repetidos en ninos de 2 anos de < 5,2005-01-01,17,17,40,57
COMANCHE,nutricion y desarrollo infantil,controles repetidos en ninos de 2 anos de < 5,2005-01-01,7,7,6,13
COMARAPA,nutricion y desarrollo infantil,controles repetidos en ninos de 2 anos de < 5,2005-01-01,89,89,86,175
CONCEPCION,nutricion y desarrollo infantil,controles repetidos en ninos de 2 anos de < 5,2005-01-01,10,10,8,18
COPACABANA,nutricion y desarrollo infantil,controles repetidos en ninos de 2 anos de < 5,2005-01-01,84,84,70,154
CORIPATA,nutricion y desarrollo infantil,controles repetidos en ninos de 2 anos de < 5,2005-01-01,15,15,14,29
CORO CORO,nutricion y desarrollo infantil,controles repetidos en ninos de 2 anos de < 5,2005-01-01,35,35,26,61
COROICO,nutricion y desarrollo infantil,controles repetidos en ninos de 2 anos de < 5,2005-01-01,7,7,8,15
CORQUE,nutricion y desarrollo infantil,controles repetidos en ninos de 2 anos de < 5,2005-01-01,32,32,22,54
COTAGAITA,nutricion y desarrollo infantil,controles repetidos en ninos de 2 anos de < 5,2005-01-01,250,250,236,486
COTOCA,nutricion y desarrollo infantil,controles repetidos en ninos de 2 anos de < 5,2005-01-01,96,96,100,196
CUCHUMUELA (V. G. VILLARROEL),nutricion y desarrollo infantil,controles repetidos en ninos de 2 anos de < 5,2005-01-01,14,14,10,24
CUEVO,nutricion y desarrollo infantil,controles repetidos en ninos de 2 anos de < 5,2005-01-01,60,60,78,138
CURAHUARA DE CARANGAS,nutricion y desarrollo infantil,controles repetidos en ninos de 2 anos de < 5,2005-01-01,17,17,11,28
CURVA,nutricion y desarrollo infantil,controles repetidos en ninos de 2 anos de < 5,2005-01-01,14,14,17,31
DESAGUADERO,nutricion y desarrollo infantil,controles repetidos en ninos de 2 anos de < 5,2005-01-01,14,14,11,25
EL ALTO,nutricion y desarrollo infantil,controles repetidos en ninos de 2 anos de < 5,2005-01-01,1565,1565,1513,3078
EL CHORO,nutricion y desarrollo infantil,controles repetidos en ninos de 2 anos de < 5,2005-01-01,10,10,12,22
EL PUENTE(STC),nutricion y desarrollo infantil,controles repetidos en ninos de 2 anos de < 5,2005-01-01,105,105,103,208
EL PUENTE(TJA),nutricion y desarrollo infantil,controles repetidos en ninos de 2 anos de < 5,2005-01-01,121,121,131,252
EL TORNO,nutricion y desarrollo infantil,controles repetidos en ninos de 2 anos de < 5,2005-01-01,97,97,90,187
ENTRE RIOS,nutricion y desarrollo infantil,controles repetidos en ninos de 2 anos de < 5,2005-01-01,154,154,129,283
ENTRE RIOS,nutricion y desarrollo infantil,controles repetidos en ninos de 2 anos de < 5,2005-01-01,88,88,81,169
EUCALIPTUS,nutricion y desarrollo infantil,controles repetidos en ninos de 2 anos de < 5,2005-01-01,30,30,22,52
EUREKA (SANTOS MERCADO),nutricion y desarrollo infantil,controles repetidos en ninos de 2 anos de < 5,2005-01-01,12,12,11,23
EXALTACION,nutricion y desarrollo infantil,controles repetidos en ninos de 2 anos de < 5,2005-01-01,23,23,33,56
FERNANDEZ ALONSO,nutricion y desarrollo infantil,controles repetidos en ninos de 2 anos de < 5,2005-01-01,164,164,150,314
FILADELFIA,nutricion y desarrollo infantil,controles repetidos en ninos de 2 anos de < 5,2005-01-01,40,40,38,78
GENERAL SAAVEDRA,nutricion y desarrollo infantil,controles repetidos en ninos de 2 anos de < 5,2005-01-01,287,287,259,546
GRAL. J.J. PEREZ (CHARAZANI),nutricion y desarrollo infantil,controles repetidos en ninos de 2 anos de < 5,2005-01-01,40,40,36,76
GUANAY,nutricion y desarrollo infantil,controles repetidos en ninos de 2 anos de < 5,2005-01-01,69,69,87,156
GUAQUI,nutricion y desarrollo infantil,controles repetidos en ninos de 2 anos de < 5,2005-01-01,12,12,12,24
GUAYARAMERIN,nutricion y desarrollo infantil,controles repetidos en ninos de 2 anos de < 5,2005-01-01,221,221,229,450
GUTIERREZ,nutricion y desarrollo infantil,controles repetidos en ninos de 2 anos de < 5,2005-01-01,260,260,268,528
HUACHACALLA,nutricion y desarrollo infantil,controles repetidos en ninos de 2 anos de < 5,2005-01-01,3,3,1,4
HUANUNI,nutricion y desarrollo infantil,controles repetidos en ninos de 2 anos de < 5,2005-01-01,88,88,73,161
HUARACAJE,nutricion y desarrollo infantil,controles repetidos en ninos de 2 anos de < 5,2005-01-01,21,21,22,43
HUAYLLAMARCA,nutricion y desarrollo infantil,controles repetidos en ninos de 2 anos de < 5,2005-01-01,11,11,7,18
ICHOCA,nutricion y desarrollo infantil,controles repetidos en ninos de 2 anos de < 5,2005-01-01,20,20,23,43
INGAVI (HUMAITA),nutricion y desarrollo infantil,controles repetidos en ninos de 2 anos de < 5,2005-01-01,9,9,2,11
INQUISIVI,nutricion y desarrollo infantil,controles repetidos en ninos de 2 anos de < 5,2005-01-01,85,85,94,179
IRUPANA (VILLA DE LANZA),nutricion y desarrollo infantil,controles repetidos en ninos de 2 anos de < 5,2005-01-01,135,135,115,250
IXIAMAS,nutricion y desarrollo infantil,controles repetidos en ninos de 2 anos de < 5,2005-01-01,90,90,76,166
JESUS DE MACHACA,nutricion y desarrollo infantil,controles repetidos en ninos de 2 anos de < 5,2005-01-01,34,34,31,65
LA ASUNTA,nutricion y desarrollo infantil,controles repetidos en ninos de 2 anos de < 5,2005-01-01,50,50,36,86
LA GUARDIA,nutricion y desarrollo infantil,controles repetidos en ninos de 2 anos de < 5,2005-01-01,157,157,193,350
LA PAZ,nutricion y desarrollo infantil,controles repetidos en ninos de 2 anos de < 5,2005-01-01,1391,1391,1439,2830
LAGUNILLAS,nutricion y desarrollo infantil,controles repetidos en ninos de 2 anos de < 5,2005-01-01,82,82,71,153
LAJA,nutricion y desarrollo infantil,controles repetidos en ninos de 2 anos de < 5,2005-01-01,3,3,2,5
LICOMA PAMPA,nutricion y desarrollo infantil,controles repetidos en ninos de 2 anos de < 5,2005-01-01,9,9,6,15
LLALLAGUA,nutricion y desarrollo infantil,controles repetidos en ninos de 2 anos de < 5,2005-01-01,168,168,159,327
LLICA,nutricion y desarrollo infantil,controles repetidos en ninos de 2 anos de < 5,2005-01-01,14,14,6,20
LORETO,nutricion y desarrollo infantil,controles repetidos en ninos de 2 anos de < 5,2005-01-01,12,12,6,18
LURIBAY,nutricion y desarrollo infantil,controles repetidos en ninos de 2 anos de < 5,2005-01-01,57,57,74,131
MACHACAMARCA,nutricion y desarrollo infantil,controles repetidos en ninos de 2 anos de < 5,2005-01-01,8,8,8,16
MAGDALENA,nutricion y desarrollo infantil,controles repetidos en ninos de 2 anos de < 5,2005-01-01,66,66,69,135
MAIRANA,nutricion y desarrollo infantil,controles repetidos en ninos de 2 anos de < 5,2005-01-01,47,47,37,84
MALLA,nutricion y desarrollo infantil,controles repetidos en ninos de 2 anos de < 5,2005-01-01,8,8,7,15
MAPIRI,nutricion y desarrollo infantil,controles repetidos en ninos de 2 anos de < 5,2005-01-01,62,62,42,104
MECAPACA,nutricion y desarrollo infantil,controles repetidos en ninos de 2 anos de < 5,2005-01-01,46,46,57,103
MINEROS,nutricion y desarrollo infantil,controles repetidos en ninos de 2 anos de < 5,2005-01-01,118,118,115,233
MIZQUE,nutricion y desarrollo infantil,controles repetidos en ninos de 2 anos de < 5,2005-01-01,64,64,48,112
MOCOMOCO,nutricion y desarrollo infantil,controles repetidos en ninos de 2 anos de < 5,2005-01-01,75,75,74,149
MOJINETE,nutricion y desarrollo infantil,controles repetidos en ninos de 2 anos de < 5,2005-01-01,12,12,10,22
MONTERO,nutricion y desarrollo infantil,controles repetidos en ninos de 2 anos de < 5,2005-01-01,536,536,566,1102
MORO MORO,nutricion y desarrollo infantil,controles repetidos en ninos de 2 anos de < 5,2005-01-01,53,53,36,89
MOROCHATA,nutricion y desarrollo infantil,controles repetidos en ninos de 2 anos de < 5,2005-01-01,21,21,12,33
NACEBE (SANTA ROSA DEL ABUNA),nutricion y desarrollo infantil,controles repetidos en ninos de 2 anos de < 5,2005-01-01,29,29,19,48
NAZACARA DE PACAJES,nutricion y desarrollo infantil,controles repetidos en ninos de 2 anos de < 5,2005-01-01,4,4,1,5
NUEVO MANOA (NUEVA ESPERANZA),nutricion y desarrollo infantil,controles repetidos en ninos de 2 anos de < 5,2005-01-01,4,4,12,16
OCURI,nutricion y desarrollo infantil,controles repetidos en ninos de 2 anos de < 5,2005-01-01,158,158,160,318
OKINAWA,nutricion y desarrollo infantil,controles repetidos en ninos de 2 anos de < 5,2005-01-01,58,58,41,99
OMEREQUE,nutricion y desarrollo infantil,controles repetidos en ninos de 2 anos de < 5,2005-01-01,8,8,4,12
ORURO,nutricion y desarrollo infantil,controles repetidos en ninos de 2 anos de < 5,2005-01-01,579,579,560,1139
PADCAYA,nutricion y desarrollo infantil,controles repetidos en ninos de 2 anos de < 5,2005-01-01,137,137,129,266
PAILON,nutricion y desarrollo infantil,controles repetidos en ninos de 2 anos de < 5,2005-01-01,97,97,93,190
PALCA,nutricion y desarrollo infantil,controles repetidos en ninos de 2 anos de < 5,2005-01-01,21,21,30,51
PALOS BLANCOS,nutricion y desarrollo infantil,controles repetidos en ninos de 2 anos de < 5,2005-01-01,168,168,173,341
PAMPA AULLAGAS,nutricion y desarrollo infantil,controles repetidos en ninos de 2 anos de < 5,2005-01-01,8,8,11,19
PAMPA GRANDE,nutricion y desarrollo infantil,controles repetidos en ninos de 2 anos de < 5,2005-01-01,60,60,90,150
PAPEL PAMPA,nutricion y desarrollo infantil,controles repetidos en ninos de 2 anos de < 5,2005-01-01,15,15,13,28
PASORAPA,nutricion y desarrollo infantil,controles repetidos en ninos de 2 anos de < 5,2005-01-01,16,16,14,30
PATACAMAYA,nutricion y desarrollo infantil,controles repetidos en ninos de 2 anos de < 5,2005-01-01,139,139,144,283
PAZÑA,nutricion y desarrollo infantil,controles repetidos en ninos de 2 anos de < 5,2005-01-01,30,30,32,62
PELECHUCO,nutricion y desarrollo infantil,controles repetidos en ninos de 2 anos de < 5,2005-01-01,18,18,25,43
POCOATA,nutricion y desarrollo infantil,controles repetidos en ninos de 2 anos de < 5,2005-01-01,202,202,193,395
POCONA,nutricion y desarrollo infantil,controles repetidos en ninos de 2 anos de < 5,2005-01-01,16,16,17,33
POJO (CBBA),nutricion y desarrollo infantil,controles repetidos en ninos de 2 anos de < 5,2005-01-01,93,93,141,234
POOPO,nutricion y desarrollo infantil,controles repetidos en ninos de 2 anos de < 5,2005-01-01,10,10,7,17
PORCO,nutricion y desarrollo infantil,controles repetidos en ninos de 2 anos de < 5,2005-01-01,15,15,18,33
PORONGO,nutricion y desarrollo infantil,controles repetidos en ninos de 2 anos de < 5,2005-01-01,28,28,17,45
PORTACHUELO,nutricion y desarrollo infantil,controles repetidos en ninos de 2 anos de < 5,2005-01-01,22,22,32,54
PORVENIR,nutricion y desarrollo infantil,controles repetidos en ninos de 2 anos de < 5,2005-01-01,40,40,33,73
POSTRER VALLE,nutricion y desarrollo infantil,controles repetidos en ninos de 2 anos de < 5,2005-01-01,13,13,13,26
POTOSI,nutricion y desarrollo infantil,controles repetidos en ninos de 2 anos de < 5,2005-01-01,428,428,390,818
PUCARA,nutricion y desarrollo infantil,controles repetidos en ninos de 2 anos de < 5,2005-01-01,0,0,3,3
PUCARANI,nutricion y desarrollo infantil,controles repetidos en ninos de 2 anos de < 5,2005-01-01,23,23,10,33
PUERTO ACOSTA,nutricion y desarrollo infantil,controles repetidos en ninos de 2 anos de < 5,2005-01-01,113,113,106,219
PUERTO CARABUCO,nutricion y desarrollo infantil,controles repetidos en ninos de 2 anos de < 5,2005-01-01,125,125,119,244
PUERTO GONZALO MORENO,nutricion y desarrollo infantil,controles repetidos en ninos de 2 anos de < 5,2005-01-01,12,12,8,20
PUERTO PEREZ,nutricion y desarrollo infantil,controles repetidos en ninos de 2 anos de < 5,2005-01-01,21,21,18,39
PUERTO QUIJARRO,nutricion y desarrollo infantil,controles repetidos en ninos de 2 anos de < 5,2005-01-01,54,54,57,111
PUERTO RICO,nutricion y desarrollo infantil,controles repetidos en ninos de 2 anos de < 5,2005-01-01,35,35,48,83
PUERTO SUAREZ,nutricion y desarrollo infantil,controles repetidos en ninos de 2 anos de < 5,2005-01-01,17,17,28,45
PUERTO VILLARROEL,nutricion y desarrollo infantil,controles repetidos en ninos de 2 anos de < 5,2005-01-01,123,123,129,252
PUNA,nutricion y desarrollo infantil,controles repetidos en ninos de 2 anos de < 5,2005-01-01,138,138,158,296
PUNATA,nutricion y desarrollo infantil,controles repetidos en ninos de 2 anos de < 5,2005-01-01,102,102,100,202
QUIABAYA,nutricion y desarrollo infantil,controles repetidos en ninos de 2 anos de < 5,2005-01-01,23,23,21,44
QUILLACOLLO,nutricion y desarrollo infantil,controles repetidos en ninos de 2 anos de < 5,2005-01-01,41,41,49,90
QUIME,nutricion y desarrollo infantil,controles repetidos en ninos de 2 anos de < 5,2005-01-01,135,135,142,277
QUIRUSILLAS,nutricion y desarrollo infantil,controles repetidos en ninos de 2 anos de < 5,2005-01-01,19,19,19,38
RAVELO,nutricion y desarrollo infantil,controles repetidos en ninos de 2 anos de < 5,2005-01-01,106,106,77,183
REYES,nutricion y desarrollo infantil,controles repetidos en ninos de 2 anos de < 5,2005-01-01,123,123,141,264
RIBERALTA,nutricion y desarrollo infantil,controles repetidos en ninos de 2 anos de < 5,2005-01-01,499,499,430,929
ROBORE,nutricion y desarrollo infantil,controles repetidos en ninos de 2 anos de < 5,2005-01-01,91,91,89,180
RURRENABAQUE,nutricion y desarrollo infantil,controles repetidos en ninos de 2 anos de < 5,2005-01-01,51,51,54,105
SABAYA,nutricion y desarrollo infantil,controles repetidos en ninos de 2 anos de < 5,2005-01-01,4,4,5,9
SACABA,nutricion y desarrollo infantil,controles repetidos en ninos de 2 anos de < 5,2005-01-01,130,130,142,272
SACABAMBA,nutricion y desarrollo infantil,controles repetidos en ninos de 2 anos de < 5,2005-01-01,8,8,3,11
SACACA,nutricion y desarrollo infantil,controles repetidos en ninos de 2 anos de < 5,2005-01-01,205,205,176,381
SAIPINA,nutricion y desarrollo infantil,controles repetidos en ninos de 2 anos de < 5,2005-01-01,28,28,39,67
SALINAS DE GARCI MENDOZA,nutricion y desarrollo infantil,controles repetidos en ninos de 2 anos de < 5,2005-01-01,79,79,57,136
SAMAIPATA,nutricion y desarrollo infantil,controles repetidos en ninos de 2 anos de < 5,2005-01-01,72,72,69,141
SAN AGUSTIN,nutricion y desarrollo infantil,controles repetidos en ninos de 2 anos de < 5,2005-01-01,13,13,15,28
SAN ANDRES,nutricion y desarrollo infantil,controles repetidos en ninos de 2 anos de < 5,2005-01-01,37,37,36,73
SAN ANDRES DE MACHACA,nutricion y desarrollo infantil,controles repetidos en ninos de 2 anos de < 5,2005-01-01,27,27,32,59
SAN ANTONIO DE ESMORUCO,nutricion y desarrollo infantil,controles repetidos en ninos de 2 anos de < 5,2005-01-01,8,8,7,15
SAN ANTONIO DE LOMERIO,nutricion y desarrollo infantil,controles repetidos en ninos de 2 anos de < 5,2005-01-01,162,162,178,340
SAN BENITO,nutricion y desarrollo infantil,controles repetidos en ninos de 2 anos de < 5,2005-01-01,9,9,9,18
SAN BORJA,nutricion y desarrollo infantil,controles repetidos en ninos de 2 anos de < 5,2005-01-01,224,224,188,412
SAN BUENA VENTURA,nutricion y desarrollo infantil,controles repetidos en ninos de 2 anos de < 5,2005-01-01,49,49,122,171
SAN CARLOS,nutricion y desarrollo infantil,controles repetidos en ninos de 2 anos de < 5,2005-01-01,112,112,96,208
SAN IGNACIO,nutricion y desarrollo infantil,controles repetidos en ninos de 2 anos de < 5,2005-01-01,185,185,160,345
SAN IGNACIO DE VELASCO,nutricion y desarrollo infantil,controles repetidos en ninos de 2 anos de < 5,2005-01-01,415,415,370,785
SAN JAVIER(BNI),nutricion y desarrollo infantil,controles repetidos en ninos de 2 anos de < 5,2005-01-01,14,14,14,28
SAN JAVIER(STC),nutricion y desarrollo infantil,controles repetidos en ninos de 2 anos de < 5,2005-01-01,52,52,49,101
SAN JOAQUIN,nutricion y desarrollo infantil,controles repetidos en ninos de 2 anos de < 5,2005-01-01,31,31,45,76
SAN JOSE DE CHIQUITOS,nutricion y desarrollo infantil,controles repetidos en ninos de 2 anos de < 5,2005-01-01,41,41,34,75
SAN JUAN DE YAPACANI,nutricion y desarrollo infantil,controles repetidos en ninos de 2 anos de < 5,2005-01-01,95,95,73,168
SAN JULIAN,nutricion y desarrollo infantil,controles repetidos en ninos de 2 anos de < 5,2005-01-01,105,105,105,210
SAN LORENZO(PND),nutricion y desarrollo infantil,controles repetidos en ninos de 2 anos de < 5,2005-01-01,77,77,50,127
SAN LORENZO(TJA),nutricion y desarrollo infantil,controles repetidos en ninos de 2 anos de < 5,2005-01-01,213,213,202,415
SAN MATIAS,nutricion y desarrollo infantil,controles repetidos en ninos de 2 anos de < 5,2005-01-01,111,111,86,197
SAN MIGUEL DE VELASCO,nutricion y desarrollo infantil,controles repetidos en ninos de 2 anos de < 5,2005-01-01,118,118,133,251
SAN PABLO DE LIPEZ,nutricion y desarrollo infantil,controles repetidos en ninos de 2 anos de < 5,2005-01-01,17,17,12,29
SAN PEDRO,nutricion y desarrollo infantil,controles repetidos en ninos de 2 anos de < 5,2005-01-01,159,159,139,298
SAN PEDRO DE BUENA VISTA,nutricion y desarrollo infantil,controles repetidos en ninos de 2 anos de < 5,2005-01-01,91,91,71,162
SAN PEDRO DE CURAHUARA,nutricion y desarrollo infantil,controles repetidos en ninos de 2 anos de < 5,2005-01-01,44,44,26,70
SAN PEDRO DE QUEMES,nutricion y desarrollo infantil,controles repetidos en ninos de 2 anos de < 5,2005-01-01,1,1,2,3
SAN PEDRO DE TIQUINA,nutricion y desarrollo infantil,controles repetidos en ninos de 2 anos de < 5,2005-01-01,29,29,35,64
SAN PEDRO(PND),nutricion y desarrollo infantil,controles repetidos en ninos de 2 anos de < 5,2005-01-01,2,2,1,3
SAN RAFAEL,nutricion y desarrollo infantil,controles repetidos en ninos de 2 anos de < 5,2005-01-01,51,51,33,84
SAN RAMON,nutricion y desarrollo infantil,controles repetidos en ninos de 2 anos de < 5,2005-01-01,15,15,22,37
SAN RAMON,nutricion y desarrollo infantil,controles repetidos en ninos de 2 anos de < 5,2005-01-01,49,49,49,98
SANTA ANA,nutricion y desarrollo infantil,controles repetidos en ninos de 2 anos de < 5,2005-01-01,90,90,81,171
SANTA CRUZ DE LA SIERRA,nutricion y desarrollo infantil,controles repetidos en ninos de 2 anos de < 5,2005-01-01,1882,1882,1827,3709
SANTA ROSA,nutricion y desarrollo infantil,controles repetidos en ninos de 2 anos de < 5,2005-01-01,28,28,29,57
SANTA ROSA DEL SARA,nutricion y desarrollo infantil,controles repetidos en ninos de 2 anos de < 5,2005-01-01,84,84,75,159
SANTIAGO DE CALLAPA,nutricion y desarrollo infantil,controles repetidos en ninos de 2 anos de < 5,2005-01-01,22,22,22,44
SANTIAGO DE HUARI,nutricion y desarrollo infantil,controles repetidos en ninos de 2 anos de < 5,2005-01-01,37,37,29,66
SANTIAGO DE MACHACA,nutricion y desarrollo infantil,controles repetidos en ninos de 2 anos de < 5,2005-01-01,8,8,12,20
SANTIVAÑES,nutricion y desarrollo infantil,controles repetidos en ninos de 2 anos de < 5,2005-01-01,29,29,37,66
SAPAHAQUI,nutricion y desarrollo infantil,controles repetidos en ninos de 2 anos de < 5,2005-01-01,41,41,48,89
SENA,nutricion y desarrollo infantil,controles repetidos en ninos de 2 anos de < 5,2005-01-01,13,13,15,28
SICA SICA (VILLA AROMA),nutricion y desarrollo infantil,controles repetidos en ninos de 2 anos de < 5,2005-01-01,111,111,94,205
SICAYA,nutricion y desarrollo infantil,controles repetidos en ninos de 2 anos de < 5,2005-01-01,6,6,2,8
SIPE SIPE,nutricion y desarrollo infantil,controles repetidos en ninos de 2 anos de < 5,2005-01-01,46,46,49,95
SORACACHI,nutricion y desarrollo infantil,controles repetidos en ninos de 2 anos de < 5,2005-01-01,48,48,61,109
SORATA,nutricion y desarrollo infantil,controles repetidos en ninos de 2 anos de < 5,2005-01-01,204,204,191,395
TACACHI,nutricion y desarrollo infantil,controles repetidos en ninos de 2 anos de < 5,2005-01-01,5,5,0,5
TACACOMA,nutricion y desarrollo infantil,controles repetidos en ninos de 2 anos de < 5,2005-01-01,33,33,38,71
TACOBAMBA,nutricion y desarrollo infantil,controles repetidos en ninos de 2 anos de < 5,2005-01-01,83,83,66,149
TACOPAYA,nutricion y desarrollo infantil,controles repetidos en ninos de 2 anos de < 5,2005-01-01,76,76,51,127
TAHUA,nutricion y desarrollo infantil,controles repetidos en ninos de 2 anos de < 5,2005-01-01,4,4,9,13
TAPACARI,nutricion y desarrollo infantil,controles repetidos en ninos de 2 anos de < 5,2005-01-01,115,115,89,204
TARACO,nutricion y desarrollo infantil,controles repetidos en ninos de 2 anos de < 5,2005-01-01,14,14,7,21
TARATA,nutricion y desarrollo infantil,controles repetidos en ninos de 2 anos de < 5,2005-01-01,59,59,43,102
TARIJA,nutricion y desarrollo infantil,controles repetidos en ninos de 2 anos de < 5,2005-01-01,339,339,353,692
TEOPONTE,nutricion y desarrollo infantil,controles repetidos en ninos de 2 anos de < 5,2005-01-01,73,73,78,151
TIAWANACU,nutricion y desarrollo infantil,controles repetidos en ninos de 2 anos de < 5,2005-01-01,29,29,23,52
TINGUIPAYA,nutricion y desarrollo infantil,controles repetidos en ninos de 2 anos de < 5,2005-01-01,50,50,70,120
TIPUANI,nutricion y desarrollo infantil,controles repetidos en ninos de 2 anos de < 5,2005-01-01,21,21,20,41
TIQUIPAYA,nutricion y desarrollo infantil,controles repetidos en ninos de 2 anos de < 5,2005-01-01,20,20,22,42
TIRAQUE (CBBA),nutricion y desarrollo infantil,controles repetidos en ninos de 2 anos de < 5,2005-01-01,85,85,104,189
TITO YUPANQUI (PARQUIPUJIO),nutricion y desarrollo infantil,controles repetidos en ninos de 2 anos de < 5,2005-01-01,17,17,10,27
TOCO,nutricion y desarrollo infantil,controles repetidos en ninos de 2 anos de < 5,2005-01-01,22,22,36,58
TOLATA,nutricion y desarrollo infantil,controles repetidos en ninos de 2 anos de < 5,2005-01-01,2,2,3,5
TOLEDO,nutricion y desarrollo infantil,controles repetidos en ninos de 2 anos de < 5,2005-01-01,3,3,8,11
TOMAVE,nutricion y desarrollo infantil,controles repetidos en ninos de 2 anos de < 5,2005-01-01,24,24,20,44
TORO TORO,nutricion y desarrollo infantil,controles repetidos en ninos de 2 anos de < 5,2005-01-01,115,115,115,230
TOTORA(CBBA),nutricion y desarrollo infantil,controles repetidos en ninos de 2 anos de < 5,2005-01-01,23,23,14,37
TOTORA(ORR),nutricion y desarrollo infantil,controles repetidos en ninos de 2 anos de < 5,2005-01-01,20,20,26,46
TRIGAL,nutricion y desarrollo infantil,controles repetidos en ninos de 2 anos de < 5,2005-01-01,13,13,14,27
TRINIDAD,nutricion y desarrollo infantil,controles repetidos en ninos de 2 anos de < 5,2005-01-01,358,358,281,639
TUPIZA,nutricion y desarrollo infantil,controles repetidos en ninos de 2 anos de < 5,2005-01-01,315,315,287,602
TURCO,nutricion y desarrollo infantil,controles repetidos en ninos de 2 anos de < 5,2005-01-01,38,38,35,73
UNCIA,nutricion y desarrollo infantil,controles repetidos en ninos de 2 anos de < 5,2005-01-01,95,95,97,192
URIONDO (A. CONCEPCION),nutricion y desarrollo infantil,controles repetidos en ninos de 2 anos de < 5,2005-01-01,150,150,162,312
URUBICHA,nutricion y desarrollo infantil,controles repetidos en ninos de 2 anos de < 5,2005-01-01,19,19,19,38
UYUNI,nutricion y desarrollo infantil,controles repetidos en ninos de 2 anos de < 5,2005-01-01,152,152,124,276
VACAS,nutricion y desarrollo infantil,controles repetidos en ninos de 2 anos de < 5,2005-01-01,33,33,45,78
VALLEGRANDE,nutricion y desarrollo infantil,controles repetidos en ninos de 2 anos de < 5,2005-01-01,87,87,115,202
VIACHA,nutricion y desarrollo infantil,controles repetidos en ninos de 2 anos de < 5,2005-01-01,64,64,83,147
VILA VILA,nutricion y desarrollo infantil,controles repetidos en ninos de 2 anos de < 5,2005-01-01,9,9,1,10
VILLA MONTES,nutricion y desarrollo infantil,controles repetidos en ninos de 2 anos de < 5,2005-01-01,113,113,125,238
VILLA NUEVA (LOMA ALTA),nutricion y desarrollo infantil,controles repetidos en ninos de 2 anos de < 5,2005-01-01,2,2,2,4
VILLA RIVERO,nutricion y desarrollo infantil,controles repetidos en ninos de 2 anos de < 5,2005-01-01,33,33,29,62
VILLA TUNARI,nutricion y desarrollo infantil,controles repetidos en ninos de 2 anos de < 5,2005-01-01,154,154,139,293
VILLAZON,nutricion y desarrollo infantil,controles repetidos en ninos de 2 anos de < 5,2005-01-01,251,251,288,539
VINTO,nutricion y desarrollo infantil,controles repetidos en ninos de 2 anos de < 5,2005-01-01,14,14,8,22
VITICHI,nutricion y desarrollo infantil,controles repetidos en ninos de 2 anos de < 5,2005-01-01,122,122,136,258
WALDO BALLIVIAN,nutricion y desarrollo infantil,controles repetidos en ninos de 2 anos de < 5,2005-01-01,2,2,6,8
WARNES,nutricion y desarrollo infantil,controles repetidos en ninos de 2 anos de < 5,2005-01-01,108,108,97,205
YACO,nutricion y desarrollo infantil,controles repetidos en ninos de 2 anos de < 5,2005-01-01,29,29,35,64
YACUIBA,nutricion y desarrollo infantil,controles repetidos en ninos de 2 anos de < 5,2005-01-01,223,223,221,444
YANACACHI,nutricion y desarrollo infantil,controles repetidos en ninos de 2 anos de < 5,2005-01-01,7,7,12,19
YAPACANI,nutricion y desarrollo infantil,controles repetidos en ninos de 2 anos de < 5,2005-01-01,305,305,301,606
YOCALLA,nutricion y desarrollo infantil,controles repetidos en ninos de 2 anos de < 5,2005-01-01,39,39,24,63
YUNCHARA,nutricion y desarrollo infantil,controles repetidos en ninos de 2 anos de < 5,2005-01-01,32,32,41,73
ACACIO,nutricion y desarrollo infantil,controles repetidos en ninos de 2 anos de < 5,2005-02-01,132,132,150,282
ACHACACHI,nutricion y desarrollo infantil,controles repetidos en ninos de 2 anos de < 5,2005-02-01,403,403,406,809
ACHOCALLA,nutricion y desarrollo infantil,controles repetidos en ninos de 2 anos de < 5,2005-02-01,30,30,28,58
AIQUILE,nutricion y desarrollo infantil,controles repetidos en ninos de 2 anos de < 5,2005-02-01,67,67,62,129
ALALAY,nutricion y desarrollo infantil,controles repetidos en ninos de 2 anos de < 5,2005-02-01,16,16,6,22
ALCALA,nutricion y desarrollo infantil,controles repetidos en ninos de 2 anos de < 5,2005-02-01,95,95,84,179
ANCORAIMES,nutricion y desarrollo infantil,controles repetidos en ninos de 2 anos de < 5,2005-02-01,147,147,140,287
ANDAMARCA,nutricion y desarrollo infantil,controles repetidos en ninos de 2 anos de < 5,2005-02-01,16,16,16,32
ANTEQUERA,nutricion y desarrollo infantil,controles repetidos en ninos de 2 anos de < 5,2005-02-01,38,38,34,72
ANZALDO,nutricion y desarrollo infantil,controles repetidos en ninos de 2 anos de < 5,2005-02-01,11,11,17,28
APOLO,nutricion y desarrollo infantil,controles repetidos en ninos de 2 anos de < 5,2005-02-01,53,53,56,109
ARAMPAMPA,nutricion y desarrollo infantil,controles repetidos en ninos de 2 anos de < 5,2005-02-01,53,53,63,116
ARANI,nutricion y desarrollo infantil,controles repetidos en ninos de 2 anos de < 5,2005-02-01,19,19,13,32
ARBIETO,nutricion y desarrollo infantil,controles repetidos en ninos de 2 anos de < 5,2005-02-01,30,30,42,72
ARQUE,nutricion y desarrollo infantil,controles repetidos en ninos de 2 anos de < 5,2005-02-01,50,50,64,114
ASCENCION DE GUARAYOS,nutricion y desarrollo infantil,controles repetidos en ninos de 2 anos de < 5,2005-02-01,427,427,421,848
ATOCHA,nutricion y desarrollo infantil,controles repetidos en ninos de 2 anos de < 5,2005-02-01,102,102,82,184
AUCAPATA,nutricion y desarrollo infantil,controles repetidos en ninos de 2 anos de < 5,2005-02-01,44,44,29,73
AYATA,nutricion y desarrollo infantil,controles repetidos en ninos de 2 anos de < 5,2005-02-01,40,40,52,92
AYO AYO,nutricion y desarrollo infantil,controles repetidos en ninos de 2 anos de < 5,2005-02-01,17,17,10,27
AYOPAYA (V. DE INDEPENDENCIA),nutricion y desarrollo infantil,controles repetidos en ninos de 2 anos de < 5,2005-02-01,105,105,108,213
AZURDUY,nutricion y desarrollo infantil,controles repetidos en ninos de 2 anos de < 5,2005-02-01,131,131,105,236
BATALLAS,nutricion y desarrollo infantil,controles repetidos en ninos de 2 anos de < 5,2005-02-01,43,43,55,98
BAURES,nutricion y desarrollo infantil,controles repetidos en ninos de 2 anos de < 5,2005-02-01,21,21,27,48
BELEN DE ANDAMARCA,nutricion y desarrollo infantil,controles repetidos en ninos de 2 anos de < 5,2005-02-01,4,4,6,10
BELEN DE URMIRI,nutricion y desarrollo infantil,controles repetidos en ninos de 2 anos de < 5,2005-02-01,11,11,9,20
BELLA FLOR,nutricion y desarrollo infantil,controles repetidos en ninos de 2 anos de < 5,2005-02-01,28,28,34,62
BERMEJO,nutricion y desarrollo infantil,controles repetidos en ninos de 2 anos de < 5,2005-02-01,39,39,50,89
BETANZOS,nutricion y desarrollo infantil,controles repetidos en ninos de 2 anos de < 5,2005-02-01,198,198,231,429
BOLIVAR,nutricion y desarrollo infantil,controles repetidos en ninos de 2 anos de < 5,2005-02-01,31,31,43,74
BOLPEBRA,nutricion y desarrollo infantil,controles repetidos en ninos de 2 anos de < 5,2005-02-01,19,19,13,32
BOYUIBE,nutricion y desarrollo infantil,controles repetidos en ninos de 2 anos de < 5,2005-02-01,29,29,26,55
BUENA VISTA,nutricion y desarrollo infantil,controles repetidos en ninos de 2 anos de < 5,2005-02-01,178,178,174,352
CABEZAS,nutricion y desarrollo infantil,controles repetidos en ninos de 2 anos de < 5,2005-02-01,112,112,99,211
CAIROMA,nutricion y desarrollo infantil,controles repetidos en ninos de 2 anos de < 5,2005-02-01,119,119,159,278
"CAIZA ""D""",nutricion y desarrollo infantil,controles repetidos en ninos de 2 anos de < 5,2005-02-01,78,78,64,142
CAJUATA,nutricion y desarrollo infantil,controles repetidos en ninos de 2 anos de < 5,2005-02-01,72,72,65,137
CALACOTO,nutricion y desarrollo infantil,controles repetidos en ninos de 2 anos de < 5,2005-02-01,13,13,22,35
CALAMARCA,nutricion y desarrollo infantil,controles repetidos en ninos de 2 anos de < 5,2005-02-01,184,184,247,431
CAMARGO,nutricion y desarrollo infantil,controles repetidos en ninos de 2 anos de < 5,2005-02-01,94,94,115,209
CAMATAQUI (C. VILLA ABECIA),nutricion y desarrollo infantil,controles repetidos en ninos de 2 anos de < 5,2005-02-01,14,14,15,29
CAMIRI,nutricion y desarrollo infantil,controles repetidos en ninos de 2 anos de < 5,2005-02-01,200,200,171,371
CAPINOTA,nutricion y desarrollo infantil,controles repetidos en ninos de 2 anos de < 5,2005-02-01,60,60,59,119
CAQUIAVIRI,nutricion y desarrollo infantil,controles repetidos en ninos de 2 anos de < 5,2005-02-01,47,47,40,87
CARACOLLO,nutricion y desarrollo infantil,controles repetidos en ninos de 2 anos de < 5,2005-02-01,48,48,61,109
CARANAVI,nutricion y desarrollo infantil,controles repetidos en ninos de 2 anos de < 5,2005-02-01,237,237,259,496
CARANGAS,nutricion y desarrollo infantil,controles repetidos en ninos de 2 anos de < 5,2005-02-01,4,4,0,4
CARAPARI,nutricion y desarrollo infantil,controles repetidos en ninos de 2 anos de < 5,2005-02-01,77,77,64,141
CARIPUYO,nutricion y desarrollo infantil,controles repetidos en ninos de 2 anos de < 5,2005-02-01,115,115,108,223
CARMEN RIVERO TORREZ,nutricion y desarrollo infantil,controles repetidos en ninos de 2 anos de < 5,2005-02-01,9,9,10,19
CATACORA,nutricion y desarrollo infantil,controles repetidos en ninos de 2 anos de < 5,2005-02-01,2,2,0,2
CHACARILLA,nutricion y desarrollo infantil,controles repetidos en ninos de 2 anos de < 5,2005-02-01,5,5,5,10
CHALLAPATA,nutricion y desarrollo infantil,controles repetidos en ninos de 2 anos de < 5,2005-02-01,132,132,112,244
CHAQUI,nutricion y desarrollo infantil,controles repetidos en ninos de 2 anos de < 5,2005-02-01,33,33,36,69
CHARAGUA,nutricion y desarrollo infantil,controles repetidos en ninos de 2 anos de < 5,2005-02-01,267,267,168,435
CHARAÑA,nutricion y desarrollo infantil,controles repetidos en ninos de 2 anos de < 5,2005-02-01,6,6,6,12
CHAYANTA,nutricion y desarrollo infantil,controles repetidos en ninos de 2 anos de < 5,2005-02-01,155,155,179,334
CHIMORE,nutricion y desarrollo infantil,controles repetidos en ninos de 2 anos de < 5,2005-02-01,45,45,43,88
CHIPAYA,nutricion y desarrollo infantil,controles repetidos en ninos de 2 anos de < 5,2005-02-01,14,14,3,17
CHOQUE COTA,nutricion y desarrollo infantil,controles repetidos en ninos de 2 anos de < 5,2005-02-01,2,2,0,2
CHULUMANI (V. DE LA LIBERTAD),nutricion y desarrollo infantil,controles repetidos en ninos de 2 anos de < 5,2005-02-01,61,61,74,135
CHUMA,nutricion y desarrollo infantil,controles repetidos en ninos de 2 anos de < 5,2005-02-01,27,27,34,61
CLIZA,nutricion y desarrollo infantil,controles repetidos en ninos de 2 anos de < 5,2005-02-01,23,23,20,43
COBIJA,nutricion y desarrollo infantil,controles repetidos en ninos de 2 anos de < 5,2005-02-01,143,143,143,286
COCHABAMBA,nutricion y desarrollo infantil,controles repetidos en ninos de 2 anos de < 5,2005-02-01,651,651,549,1200
COLCAPIRHUA,nutricion y desarrollo infantil,controles repetidos en ninos de 2 anos de < 5,2005-02-01,56,56,30,86
"COLCHA ""K""",nutricion y desarrollo infantil,controles repetidos en ninos de 2 anos de < 5,2005-02-01,36,36,52,88
COLLANA,nutricion y desarrollo infantil,controles repetidos en ninos de 2 anos de < 5,2005-02-01,2,2,1,3
COLOMI,nutricion y desarrollo infantil,controles repetidos en ninos de 2 anos de < 5,2005-02-01,40,40,31,71
COLPA BELGICA,nutricion y desarrollo infantil,controles repetidos en ninos de 2 anos de < 5,2005-02-01,7,7,12,19
COLQUECHACA,nutricion y desarrollo infantil,controles repetidos en ninos de 2 anos de < 5,2005-02-01,186,186,146,332
COLQUENCHA,nutricion y desarrollo infantil,controles repetidos en ninos de 2 anos de < 5,2005-02-01,18,18,21,39
COLQUIRI,nutricion y desarrollo infantil,controles repetidos en ninos de 2 anos de < 5,2005-02-01,37,37,21,58
COMANCHE,nutricion y desarrollo infantil,controles repetidos en ninos de 2 anos de < 5,2005-02-01,3,3,5,8
COMARAPA,nutricion y desarrollo infantil,controles repetidos en ninos de 2 anos de < 5,2005-02-01,106,106,121,227
COMBAYA,nutricion y desarrollo infantil,controles repetidos en ninos de 2 anos de < 5,2005-02-01,17,17,9,26
CONCEPCION,nutricion y desarrollo infantil,controles repetidos en ninos de 2 anos de < 5,2005-02-01,45,45,38,83
COPACABANA,nutricion y desarrollo infantil,controles repetidos en ninos de 2 anos de < 5,2005-02-01,47,47,49,96
CORIPATA,nutricion y desarrollo infantil,controles repetidos en ninos de 2 anos de < 5,2005-02-01,9,9,10,19
CORO CORO,nutricion y desarrollo infantil,controles repetidos en ninos de 2 anos de < 5,2005-02-01,64,64,59,123
COROICO,nutricion y desarrollo infantil,controles repetidos en ninos de 2 anos de < 5,2005-02-01,47,47,46,93
CORQUE,nutricion y desarrollo infantil,controles repetidos en ninos de 2 anos de < 5,2005-02-01,37,37,49,86
COTAGAITA,nutricion y desarrollo infantil,controles repetidos en ninos de 2 anos de < 5,2005-02-01,120,120,120,240
COTOCA,nutricion y desarrollo infantil,controles repetidos en ninos de 2 anos de < 5,2005-02-01,95,95,77,172
CUATRO CAÑADAS,nutricion y desarrollo infantil,controles repetidos en ninos de 2 anos de < 5,2005-02-01,46,46,30,76
CUEVO,nutricion y desarrollo infantil,controles repetidos en ninos de 2 anos de < 5,2005-02-01,24,24,30,54
CULPINA,nutricion y desarrollo infantil,controles repetidos en ninos de 2 anos de < 5,2005-02-01,154,154,211,365
CURAHUARA DE CARANGAS,nutricion y desarrollo infantil,controles repetidos en ninos de 2 anos de < 5,2005-02-01,17,17,19,36
CURVA,nutricion y desarrollo infantil,controles repetidos en ninos de 2 anos de < 5,2005-02-01,5,5,4,9
DESAGUADERO,nutricion y desarrollo infantil,controles repetidos en ninos de 2 anos de < 5,2005-02-01,10,10,7,17
EL ALTO,nutricion y desarrollo infantil,controles repetidos en ninos de 2 anos de < 5,2005-02-01,1259,1259,1261,2520
EL CHORO,nutricion y desarrollo infantil,controles repetidos en ninos de 2 anos de < 5,2005-02-01,3,3,4,7
EL PUENTE(STC),nutricion y desarrollo infantil,controles repetidos en ninos de 2 anos de < 5,2005-02-01,50,50,63,113
EL PUENTE(TJA),nutricion y desarrollo infantil,controles repetidos en ninos de 2 anos de < 5,2005-02-01,82,82,76,158
EL TORNO,nutricion y desarrollo infantil,controles repetidos en ninos de 2 anos de < 5,2005-02-01,116,116,123,239
EL VILLAR,nutricion y desarrollo infantil,controles repetidos en ninos de 2 anos de < 5,2005-02-01,145,145,105,250
ENTRE RIOS,nutricion y desarrollo infantil,controles repetidos en ninos de 2 anos de < 5,2005-02-01,96,96,101,197
ENTRE RIOS,nutricion y desarrollo infantil,controles repetidos en ninos de 2 anos de < 5,2005-02-01,120,120,82,202
EUCALIPTUS,nutricion y desarrollo infantil,controles repetidos en ninos de 2 anos de < 5,2005-02-01,40,40,22,62
EUREKA (SANTOS MERCADO),nutricion y desarrollo infantil,controles repetidos en ninos de 2 anos de < 5,2005-02-01,3,3,2,5
EXALTACION,nutricion y desarrollo infantil,controles repetidos en ninos de 2 anos de < 5,2005-02-01,46,46,55,101
FERNANDEZ ALONSO,nutricion y desarrollo infantil,controles repetidos en ninos de 2 anos de < 5,2005-02-01,127,127,143,270
FILADELFIA,nutricion y desarrollo infantil,controles repetidos en ninos de 2 anos de < 5,2005-02-01,16,16,12,28
GENERAL SAAVEDRA,nutricion y desarrollo infantil,controles repetidos en ninos de 2 anos de < 5,2005-02-01,240,240,191,431
GRAL. J.J. PEREZ (CHARAZANI),nutricion y desarrollo infantil,controles repetidos en ninos de 2 anos de < 5,2005-02-01,50,50,48,98
GUANAY,nutricion y desarrollo infantil,controles repetidos en ninos de 2 anos de < 5,2005-02-01,83,83,78,161
GUAQUI,nutricion y desarrollo infantil,controles repetidos en ninos de 2 anos de < 5,2005-02-01,25,25,16,41
GUAYARAMERIN,nutricion y desarrollo infantil,controles repetidos en ninos de 2 anos de < 5,2005-02-01,174,174,177,351
GUTIERREZ,nutricion y desarrollo infantil,controles repetidos en ninos de 2 anos de < 5,2005-02-01,311,311,326,637
HUACARETA,nutricion y desarrollo infantil,controles repetidos en ninos de 2 anos de < 5,2005-02-01,109,109,103,212
HUACAYA (VILLA DE HUACAYA),nutricion y desarrollo infantil,controles repetidos en ninos de 2 anos de < 5,2005-02-01,19,19,33,52
HUANUNI,nutricion y desarrollo infantil,controles repetidos en ninos de 2 anos de < 5,2005-02-01,91,91,97,188
HUARACAJE,nutricion y desarrollo infantil,controles repetidos en ninos de 2 anos de < 5,2005-02-01,20,20,27,47
HUAYLLAMARCA,nutricion y desarrollo infantil,controles repetidos en ninos de 2 anos de < 5,2005-02-01,1,1,4,5
ICHOCA,nutricion y desarrollo infantil,controles repetidos en ninos de 2 anos de < 5,2005-02-01,8,8,9,17
ICLA,nutricion y desarrollo infantil,controles repetidos en ninos de 2 anos de < 5,2005-02-01,233,233,237,470
INCAHUASI,nutricion y desarrollo infantil,controles repetidos en ninos de 2 anos de < 5,2005-02-01,96,96,107,203
INGAVI (HUMAITA),nutricion y desarrollo infantil,controles repetidos en ninos de 2 anos de < 5,2005-02-01,4,4,7,11
INQUISIVI,nutricion y desarrollo infantil,controles repetidos en ninos de 2 anos de < 5,2005-02-01,94,94,96,190
IRUPANA (VILLA DE LANZA),nutricion y desarrollo infantil,controles repetidos en ninos de 2 anos de < 5,2005-02-01,113,113,100,213
IXIAMAS,nutricion y desarrollo infantil,controles repetidos en ninos de 2 anos de < 5,2005-02-01,74,74,68,142
JESUS DE MACHACA,nutricion y desarrollo infantil,controles repetidos en ninos de 2 anos de < 5,2005-02-01,51,51,48,99
LA ASUNTA,nutricion y desarrollo infantil,controles repetidos en ninos de 2 anos de < 5,2005-02-01,47,47,54,101
LA GUARDIA,nutricion y desarrollo infantil,controles repetidos en ninos de 2 anos de < 5,2005-02-01,127,127,144,271
LA PAZ,nutricion y desarrollo infantil,controles repetidos en ninos de 2 anos de < 5,2005-02-01,1261,1261,1253,2514
LA RIVERA,nutricion y desarrollo infantil,controles repetidos en ninos de 2 anos de < 5,2005-02-01,6,6,5,11
LAGUNILLAS,nutricion y desarrollo infantil,controles repetidos en ninos de 2 anos de < 5,2005-02-01,101,101,89,190
LAJA,nutricion y desarrollo infantil,controles repetidos en ninos de 2 anos de < 5,2005-02-01,57,57,52,109
LAS CARRERAS,nutricion y desarrollo infantil,controles repetidos en ninos de 2 anos de < 5,2005-02-01,28,28,24,52
LICOMA PAMPA,nutricion y desarrollo infantil,controles repetidos en ninos de 2 anos de < 5,2005-02-01,30,30,20,50
LLALLAGUA,nutricion y desarrollo infantil,controles repetidos en ninos de 2 anos de < 5,2005-02-01,222,222,248,470
LLICA,nutricion y desarrollo infantil,controles repetidos en ninos de 2 anos de < 5,2005-02-01,22,22,17,39
LORETO,nutricion y desarrollo infantil,controles repetidos en ninos de 2 anos de < 5,2005-02-01,15,15,17,32
LURIBAY,nutricion y desarrollo infantil,controles repetidos en ninos de 2 anos de < 5,2005-02-01,83,83,83,166
MACHACAMARCA,nutricion y desarrollo infantil,controles repetidos en ninos de 2 anos de < 5,2005-02-01,9,9,7,16
MACHARETI,nutricion y desarrollo infantil,controles repetidos en ninos de 2 anos de < 5,2005-02-01,124,124,127,251
MAGDALENA,nutricion y desarrollo infantil,controles repetidos en ninos de 2 anos de < 5,2005-02-01,48,48,48,96
MAIRANA,nutricion y desarrollo infantil,controles repetidos en ninos de 2 anos de < 5,2005-02-01,46,46,46,92
MALLA,nutricion y desarrollo infantil,controles repetidos en ninos de 2 anos de < 5,2005-02-01,23,23,14,37
MAPIRI,nutricion y desarrollo infantil,controles repetidos en ninos de 2 anos de < 5,2005-02-01,62,62,45,107
MECAPACA,nutricion y desarrollo infantil,controles repetidos en ninos de 2 anos de < 5,2005-02-01,64,64,57,121
MINEROS,nutricion y desarrollo infantil,controles repetidos en ninos de 2 anos de < 5,2005-02-01,131,131,111,242
MIZQUE,nutricion y desarrollo infantil,controles repetidos en ninos de 2 anos de < 5,2005-02-01,111,111,99,210
MOCOMOCO,nutricion y desarrollo infantil,controles repetidos en ninos de 2 anos de < 5,2005-02-01,97,97,89,186
MOJINETE,nutricion y desarrollo infantil,controles repetidos en ninos de 2 anos de < 5,2005-02-01,13,13,15,28
MOJOCOYA,nutricion y desarrollo infantil,controles repetidos en ninos de 2 anos de < 5,2005-02-01,89,89,91,180
MONTEAGUDO,nutricion y desarrollo infantil,controles repetidos en ninos de 2 anos de < 5,2005-02-01,94,94,87,181
MONTERO,nutricion y desarrollo infantil,controles repetidos en ninos de 2 anos de < 5,2005-02-01,537,537,532,1069
MORO MORO,nutricion y desarrollo infantil,controles repetidos en ninos de 2 anos de < 5,2005-02-01,31,31,29,60
MOROCHATA,nutricion y desarrollo infantil,controles repetidos en ninos de 2 anos de < 5,2005-02-01,10,10,8,18
NACEBE (SANTA ROSA DEL ABUNA),nutricion y desarrollo infantil,controles repetidos en ninos de 2 anos de < 5,2005-02-01,9,9,12,21
NAZACARA DE PACAJES,nutricion y desarrollo infantil,controles repetidos en ninos de 2 anos de < 5,2005-02-01,5,5,4,9
NUEVO MANOA (NUEVA ESPERANZA),nutricion y desarrollo infantil,controles repetidos en ninos de 2 anos de < 5,2005-02-01,0,0,3,3
OCURI,nutricion y desarrollo infantil,controles repetidos en ninos de 2 anos de < 5,2005-02-01,94,94,73,167
OKINAWA,nutricion y desarrollo infantil,controles repetidos en ninos de 2 anos de < 5,2005-02-01,75,75,63,138
OMEREQUE,nutricion y desarrollo infantil,controles repetidos en ninos de 2 anos de < 5,2005-02-01,19,19,38,57
ORURO,nutricion y desarrollo infantil,controles repetidos en ninos de 2 anos de < 5,2005-02-01,469,469,745,1214
PADCAYA,nutricion y desarrollo infantil,controles repetidos en ninos de 2 anos de < 5,2005-02-01,108,108,121,229
PADILLA,nutricion y desarrollo infantil,controles repetidos en ninos de 2 anos de < 5,2005-02-01,232,232,225,457
PAILON,nutricion y desarrollo infantil,controles repetidos en ninos de 2 anos de < 5,2005-02-01,91,91,93,184
PALCA,nutricion y desarrollo infantil,controles repetidos en ninos de 2 anos de < 5,2005-02-01,32,32,40,72
PALOS BLANCOS,nutricion y desarrollo infantil,controles repetidos en ninos de 2 anos de < 5,2005-02-01,220,220,191,411
PAMPA AULLAGAS,nutricion y desarrollo infantil,controles repetidos en ninos de 2 anos de < 5,2005-02-01,12,12,11,23
PAMPA GRANDE,nutricion y desarrollo infantil,controles repetidos en ninos de 2 anos de < 5,2005-02-01,52,52,40,92
PAPEL PAMPA,nutricion y desarrollo infantil,controles repetidos en ninos de 2 anos de < 5,2005-02-01,34,34,20,54
PASORAPA,nutricion y desarrollo infantil,controles repetidos en ninos de 2 anos de < 5,2005-02-01,23,23,31,54
PATACAMAYA,nutricion y desarrollo infantil,controles repetidos en ninos de 2 anos de < 5,2005-02-01,85,85,88,173
PAZÑA,nutricion y desarrollo infantil,controles repetidos en ninos de 2 anos de < 5,2005-02-01,37,37,33,70
PELECHUCO,nutricion y desarrollo infantil,controles repetidos en ninos de 2 anos de < 5,2005-02-01,23,23,25,48
POCOATA,nutricion y desarrollo infantil,controles repetidos en ninos de 2 anos de < 5,2005-02-01,190,190,175,365
POCONA,nutricion y desarrollo infantil,controles repetidos en ninos de 2 anos de < 5,2005-02-01,48,48,50,98
POJO (CBBA),nutricion y desarrollo infantil,controles repetidos en ninos de 2 anos de < 5,2005-02-01,19,19,32,51
POOPO,nutricion y desarrollo infantil,controles repetidos en ninos de 2 anos de < 5,2005-02-01,9,9,7,16
PORCO,nutricion y desarrollo infantil,controles repetidos en ninos de 2 anos de < 5,2005-02-01,14,14,11,25
POROMA,nutricion y desarrollo infantil,controles repetidos en ninos de 2 anos de < 5,2005-02-01,64,64,54,118
PORONGO,nutricion y desarrollo infantil,controles repetidos en ninos de 2 anos de < 5,2005-02-01,17,17,16,33
PORTACHUELO,nutricion y desarrollo infantil,controles repetidos en ninos de 2 anos de < 5,2005-02-01,103,103,95,198
PORVENIR,nutricion y desarrollo infantil,controles repetidos en ninos de 2 anos de < 5,2005-02-01,27,27,19,46
POSTRER VALLE,nutricion y desarrollo infantil,controles repetidos en ninos de 2 anos de < 5,2005-02-01,7,7,11,18
POTOSI,nutricion y desarrollo infantil,controles repetidos en ninos de 2 anos de < 5,2005-02-01,469,469,401,870
PRESTO,nutricion y desarrollo infantil,controles repetidos en ninos de 2 anos de < 5,2005-02-01,125,125,142,267
PUCARA,nutricion y desarrollo infantil,controles repetidos en ninos de 2 anos de < 5,2005-02-01,29,29,23,52
PUCARANI,nutricion y desarrollo infantil,controles repetidos en ninos de 2 anos de < 5,2005-02-01,32,32,37,69
PUERTO ACOSTA,nutricion y desarrollo infantil,controles repetidos en ninos de 2 anos de < 5,2005-02-01,127,127,139,266
PUERTO CARABUCO,nutricion y desarrollo infantil,controles repetidos en ninos de 2 anos de < 5,2005-02-01,125,125,101,226
PUERTO GONZALO MORENO,nutricion y desarrollo infantil,controles repetidos en ninos de 2 anos de < 5,2005-02-01,90,90,77,167
PUERTO PEREZ,nutricion y desarrollo infantil,controles repetidos en ninos de 2 anos de < 5,2005-02-01,17,17,22,39
PUERTO QUIJARRO,nutricion y desarrollo infantil,controles repetidos en ninos de 2 anos de < 5,2005-02-01,30,30,39,69
PUERTO RICO,nutricion y desarrollo infantil,controles repetidos en ninos de 2 anos de < 5,2005-02-01,33,33,45,78
PUERTO SILES,nutricion y desarrollo infantil,controles repetidos en ninos de 2 anos de < 5,2005-02-01,34,34,30,64
PUERTO SUAREZ,nutricion y desarrollo infantil,controles repetidos en ninos de 2 anos de < 5,2005-02-01,21,21,21,42
PUERTO VILLARROEL,nutricion y desarrollo infantil,controles repetidos en ninos de 2 anos de < 5,2005-02-01,138,138,133,271
PUNA,nutricion y desarrollo infantil,controles repetidos en ninos de 2 anos de < 5,2005-02-01,136,136,162,298
PUNATA,nutricion y desarrollo infantil,controles repetidos en ninos de 2 anos de < 5,2005-02-01,34,34,35,69
QUILLACOLLO,nutricion y desarrollo infantil,controles repetidos en ninos de 2 anos de < 5,2005-02-01,42,42,46,88
QUIME,nutricion y desarrollo infantil,controles repetidos en ninos de 2 anos de < 5,2005-02-01,63,63,52,115
QUIRUSILLAS,nutricion y desarrollo infantil,controles repetidos en ninos de 2 anos de < 5,2005-02-01,13,13,13,26
RAVELO,nutricion y desarrollo infantil,controles repetidos en ninos de 2 anos de < 5,2005-02-01,218,218,672,890
REYES,nutricion y desarrollo infantil,controles repetidos en ninos de 2 anos de < 5,2005-02-01,73,73,100,173
RIBERALTA,nutricion y desarrollo infantil,controles repetidos en ninos de 2 anos de < 5,2005-02-01,417,417,398,815
ROBORE,nutricion y desarrollo infantil,controles repetidos en ninos de 2 anos de < 5,2005-02-01,85,85,75,160
RURRENABAQUE,nutricion y desarrollo infantil,controles repetidos en ninos de 2 anos de < 5,2005-02-01,51,51,43,94
SABAYA,nutricion y desarrollo infantil,controles repetidos en ninos de 2 anos de < 5,2005-02-01,6,6,7,13
SACABA,nutricion y desarrollo infantil,controles repetidos en ninos de 2 anos de < 5,2005-02-01,36,36,39,75
SACABAMBA,nutricion y desarrollo infantil,controles repetidos en ninos de 2 anos de < 5,2005-02-01,21,21,10,31
SACACA,nutricion y desarrollo infantil,controles repetidos en ninos de 2 anos de < 5,2005-02-01,277,277,268,545
SAIPINA,nutricion y desarrollo infantil,controles repetidos en ninos de 2 anos de < 5,2005-02-01,36,36,47,83
SALINAS DE GARCI MENDOZA,nutricion y desarrollo infantil,controles repetidos en ninos de 2 anos de < 5,2005-02-01,49,49,53,102
SAMAIPATA,nutricion y desarrollo infantil,controles repetidos en ninos de 2 anos de < 5,2005-02-01,80,80,85,165
SAN AGUSTIN,nutricion y desarrollo infantil,controles repetidos en ninos de 2 anos de < 5,2005-02-01,6,6,13,19
SAN ANDRES,nutricion y desarrollo infantil,controles repetidos en ninos de 2 anos de < 5,2005-02-01,103,103,81,184
SAN ANDRES DE MACHACA,nutricion y desarrollo infantil,controles repetidos en ninos de 2 anos de < 5,2005-02-01,7,7,8,15
SAN ANTONIO DE ESMORUCO,nutricion y desarrollo infantil,controles repetidos en ninos de 2 anos de < 5,2005-02-01,2,2,3,5
SAN ANTONIO DE LOMERIO,nutricion y desarrollo infantil,controles repetidos en ninos de 2 anos de < 5,2005-02-01,140,140,158,298
SAN BENITO,nutricion y desarrollo infantil,controles repetidos en ninos de 2 anos de < 5,2005-02-01,8,8,10,18
SAN BORJA,nutricion y desarrollo infantil,controles repetidos en ninos de 2 anos de < 5,2005-02-01,136,136,133,269
SAN BUENA VENTURA,nutricion y desarrollo infantil,controles repetidos en ninos de 2 anos de < 5,2005-02-01,55,55,75,130
SAN CARLOS,nutricion y desarrollo infantil,controles repetidos en ninos de 2 anos de < 5,2005-02-01,109,109,99,208
SAN IGNACIO,nutricion y desarrollo infantil,controles repetidos en ninos de 2 anos de < 5,2005-02-01,109,109,98,207
SAN IGNACIO DE VELASCO,nutricion y desarrollo infantil,controles repetidos en ninos de 2 anos de < 5,2005-02-01,336,336,362,698
SAN JAVIER(BNI),nutricion y desarrollo infantil,controles repetidos en ninos de 2 anos de < 5,2005-02-01,24,24,16,40
SAN JAVIER(STC),nutricion y desarrollo infantil,controles repetidos en ninos de 2 anos de < 5,2005-02-01,96,96,90,186
SAN JOAQUIN,nutricion y desarrollo infantil,controles repetidos en ninos de 2 anos de < 5,2005-02-01,33,33,34,67
SAN JOSE DE CHIQUITOS,nutricion y desarrollo infantil,controles repetidos en ninos de 2 anos de < 5,2005-02-01,30,30,30,60
SAN JUAN DE YAPACANI,nutricion y desarrollo infantil,controles repetidos en ninos de 2 anos de < 5,2005-02-01,97,97,81,178
SAN JULIAN,nutricion y desarrollo infantil,controles repetidos en ninos de 2 anos de < 5,2005-02-01,116,116,123,239
SAN LORENZO(PND),nutricion y desarrollo infantil,controles repetidos en ninos de 2 anos de < 5,2005-02-01,62,62,53,115
SAN LORENZO(TJA),nutricion y desarrollo infantil,controles repetidos en ninos de 2 anos de < 5,2005-02-01,154,154,142,296
SAN LUCAS,nutricion y desarrollo infantil,controles repetidos en ninos de 2 anos de < 5,2005-02-01,347,347,349,696
SAN MIGUEL DE VELASCO,nutricion y desarrollo infantil,controles repetidos en ninos de 2 anos de < 5,2005-02-01,109,109,103,212
SAN PABLO DE LIPEZ,nutricion y desarrollo infantil,controles repetidos en ninos de 2 anos de < 5,2005-02-01,9,9,6,15
SAN PEDRO,nutricion y desarrollo infantil,controles repetidos en ninos de 2 anos de < 5,2005-02-01,135,135,138,273
SAN PEDRO DE BUENA VISTA,nutricion y desarrollo infantil,controles repetidos en ninos de 2 anos de < 5,2005-02-01,161,161,152,313
SAN PEDRO DE CURAHUARA,nutricion y desarrollo infantil,controles repetidos en ninos de 2 anos de < 5,2005-02-01,4,4,3,7
SAN PEDRO DE QUEMES,nutricion y desarrollo infantil,controles repetidos en ninos de 2 anos de < 5,2005-02-01,2,2,2,4
SAN PEDRO DE TIQUINA,nutricion y desarrollo infantil,controles repetidos en ninos de 2 anos de < 5,2005-02-01,31,31,33,64
SAN PEDRO(PND),nutricion y desarrollo infantil,controles repetidos en ninos de 2 anos de < 5,2005-02-01,10,10,6,16
SAN RAFAEL,nutricion y desarrollo infantil,controles repetidos en ninos de 2 anos de < 5,2005-02-01,80,80,105,185
SAN RAMON,nutricion y desarrollo infantil,controles repetidos en ninos de 2 anos de < 5,2005-02-01,30,30,20,50
SAN RAMON,nutricion y desarrollo infantil,controles repetidos en ninos de 2 anos de < 5,2005-02-01,32,32,44,76
SANTA ANA,nutricion y desarrollo infantil,controles repetidos en ninos de 2 anos de < 5,2005-02-01,77,77,68,145
SANTA CRUZ DE LA SIERRA,nutricion y desarrollo infantil,controles repetidos en ninos de 2 anos de < 5,2005-02-01,1896,1896,1730,3626
SANTA ROSA,nutricion y desarrollo infantil,controles repetidos en ninos de 2 anos de < 5,2005-02-01,21,21,26,47
SANTA ROSA DEL SARA,nutricion y desarrollo infantil,controles repetidos en ninos de 2 anos de < 5,2005-02-01,64,64,53,117
SANTIAGO DE CALLAPA,nutricion y desarrollo infantil,controles repetidos en ninos de 2 anos de < 5,2005-02-01,16,16,10,26
SANTIAGO DE HUARI,nutricion y desarrollo infantil,controles repetidos en ninos de 2 anos de < 5,2005-02-01,37,37,44,81
SANTIAGO DE MACHACA,nutricion y desarrollo infantil,controles repetidos en ninos de 2 anos de < 5,2005-02-01,23,23,17,40
SANTIVAÑES,nutricion y desarrollo infantil,controles repetidos en ninos de 2 anos de < 5,2005-02-01,38,38,51,89
SANTUARIO DE QUILLACAS,nutricion y desarrollo infantil,controles repetidos en ninos de 2 anos de < 5,2005-02-01,10,10,9,19
SAPAHAQUI,nutricion y desarrollo infantil,controles repetidos en ninos de 2 anos de < 5,2005-02-01,81,81,99,180
SENA,nutricion y desarrollo infantil,controles repetidos en ninos de 2 anos de < 5,2005-02-01,62,62,63,125
SICA SICA (VILLA AROMA),nutricion y desarrollo infantil,controles repetidos en ninos de 2 anos de < 5,2005-02-01,136,136,144,280
SICAYA,nutricion y desarrollo infantil,controles repetidos en ninos de 2 anos de < 5,2005-02-01,4,4,0,4
SIPE SIPE,nutricion y desarrollo infantil,controles repetidos en ninos de 2 anos de < 5,2005-02-01,67,67,76,143
SOPACHUY,nutricion y desarrollo infantil,controles repetidos en ninos de 2 anos de < 5,2005-02-01,37,37,50,87
SORACACHI,nutricion y desarrollo infantil,controles repetidos en ninos de 2 anos de < 5,2005-02-01,54,54,53,107
SORATA,nutricion y desarrollo infantil,controles repetidos en ninos de 2 anos de < 5,2005-02-01,90,90,88,178
SUCRE,nutricion y desarrollo infantil,controles repetidos en ninos de 2 anos de < 5,2005-02-01,193,193,211,404
TACACHI,nutricion y desarrollo infantil,controles repetidos en ninos de 2 anos de < 5,2005-02-01,2,2,6,8
TACACOMA,nutricion y desarrollo infantil,controles repetidos en ninos de 2 anos de < 5,2005-02-01,54,54,47,101
TACOBAMBA,nutricion y desarrollo infantil,controles repetidos en ninos de 2 anos de < 5,2005-02-01,64,64,39,103
TACOPAYA,nutricion y desarrollo infantil,controles repetidos en ninos de 2 anos de < 5,2005-02-01,145,145,148,293
TAHUA,nutricion y desarrollo infantil,controles repetidos en ninos de 2 anos de < 5,2005-02-01,5,5,9,14
TAPACARI,nutricion y desarrollo infantil,controles repetidos en ninos de 2 anos de < 5,2005-02-01,98,98,85,183
TARABUCO,nutricion y desarrollo infantil,controles repetidos en ninos de 2 anos de < 5,2005-02-01,357,357,382,739
TARACO,nutricion y desarrollo infantil,controles repetidos en ninos de 2 anos de < 5,2005-02-01,32,32,31,63
TARATA,nutricion y desarrollo infantil,controles repetidos en ninos de 2 anos de < 5,2005-02-01,18,18,30,48
TARIJA,nutricion y desarrollo infantil,controles repetidos en ninos de 2 anos de < 5,2005-02-01,277,277,258,535
TARVITA,nutricion y desarrollo infantil,controles repetidos en ninos de 2 anos de < 5,2005-02-01,21,21,24,45
TEOPONTE,nutricion y desarrollo infantil,controles repetidos en ninos de 2 anos de < 5,2005-02-01,74,74,96,170
TIAWANACU,nutricion y desarrollo infantil,controles repetidos en ninos de 2 anos de < 5,2005-02-01,19,19,12,31
TINGUIPAYA,nutricion y desarrollo infantil,controles repetidos en ninos de 2 anos de < 5,2005-02-01,171,171,136,307
TIPUANI,nutricion y desarrollo infantil,controles repetidos en ninos de 2 anos de < 5,2005-02-01,27,27,18,45
TIQUIPAYA,nutricion y desarrollo infantil,controles repetidos en ninos de 2 anos de < 5,2005-02-01,130,130,132,262
TIRAQUE (CBBA),nutricion y desarrollo infantil,controles repetidos en ninos de 2 anos de < 5,2005-02-01,34,34,62,96
TITO YUPANQUI (PARQUIPUJIO),nutricion y desarrollo infantil,controles repetidos en ninos de 2 anos de < 5,2005-02-01,8,8,10,18
TOCO,nutricion y desarrollo infantil,controles repetidos en ninos de 2 anos de < 5,2005-02-01,16,16,10,26
TODOS SANTOS,nutricion y desarrollo infantil,controles repetidos en ninos de 2 anos de < 5,2005-02-01,6,6,1,7
TOLATA,nutricion y desarrollo infantil,controles repetidos en ninos de 2 anos de < 5,2005-02-01,5,5,6,11
TOLEDO,nutricion y desarrollo infantil,controles repetidos en ninos de 2 anos de < 5,2005-02-01,13,13,7,20
TOMAVE,nutricion y desarrollo infantil,controles repetidos en ninos de 2 anos de < 5,2005-02-01,71,71,65,136
TOMINA,nutricion y desarrollo infantil,controles repetidos en ninos de 2 anos de < 5,2005-02-01,238,238,238,476
TORO TORO,nutricion y desarrollo infantil,controles repetidos en ninos de 2 anos de < 5,2005-02-01,144,144,148,292
TOTORA(CBBA),nutricion y desarrollo infantil,controles repetidos en ninos de 2 anos de < 5,2005-02-01,49,49,65,114
TOTORA(ORR),nutricion y desarrollo infantil,controles repetidos en ninos de 2 anos de < 5,2005-02-01,14,14,14,28
TRIGAL,nutricion y desarrollo infantil,controles repetidos en ninos de 2 anos de < 5,2005-02-01,11,11,15,26
TRINIDAD,nutricion y desarrollo infantil,controles repetidos en ninos de 2 anos de < 5,2005-02-01,226,226,208,434
TUPIZA,nutricion y desarrollo infantil,controles repetidos en ninos de 2 anos de < 5,2005-02-01,260,260,271,531
TURCO,nutricion y desarrollo infantil,controles repetidos en ninos de 2 anos de < 5,2005-02-01,10,10,12,22
UMALA,nutricion y desarrollo infantil,controles repetidos en ninos de 2 anos de < 5,2005-02-01,50,50,48,98
UNCIA,nutricion y desarrollo infantil,controles repetidos en ninos de 2 anos de < 5,2005-02-01,53,53,46,99
URIONDO (A. CONCEPCION),nutricion y desarrollo infantil,controles repetidos en ninos de 2 anos de < 5,2005-02-01,115,115,142,257
URUBICHA,nutricion y desarrollo infantil,controles repetidos en ninos de 2 anos de < 5,2005-02-01,282,282,335,617
UYUNI,nutricion y desarrollo infantil,controles repetidos en ninos de 2 anos de < 5,2005-02-01,111,111,122,233
VACAS,nutricion y desarrollo infantil,controles repetidos en ninos de 2 anos de < 5,2005-02-01,44,44,32,76
VALLEGRANDE,nutricion y desarrollo infantil,controles repetidos en ninos de 2 anos de < 5,2005-02-01,122,122,135,257
VIACHA,nutricion y desarrollo infantil,controles repetidos en ninos de 2 anos de < 5,2005-02-01,85,85,81,166
VILA VILA,nutricion y desarrollo infantil,controles repetidos en ninos de 2 anos de < 5,2005-02-01,11,11,10,21
VILLA MONTES,nutricion y desarrollo infantil,controles repetidos en ninos de 2 anos de < 5,2005-02-01,103,103,115,218
VILLA NUEVA (LOMA ALTA),nutricion y desarrollo infantil,controles repetidos en ninos de 2 anos de < 5,2005-02-01,2,2,1,3
VILLA RIVERO,nutricion y desarrollo infantil,controles repetidos en ninos de 2 anos de < 5,2005-02-01,31,31,32,63
VILLA SERRANO,nutricion y desarrollo infantil,controles repetidos en ninos de 2 anos de < 5,2005-02-01,295,295,281,576
VILLA TUNARI,nutricion y desarrollo infantil,controles repetidos en ninos de 2 anos de < 5,2005-02-01,168,168,158,326
VILLA VACA GUZMAN (MUYUPAMPA),nutricion y desarrollo infantil,controles repetidos en ninos de 2 anos de < 5,2005-02-01,74,74,75,149
VILLAZON,nutricion y desarrollo infantil,controles repetidos en ninos de 2 anos de < 5,2005-02-01,208,208,214,422
VINTO,nutricion y desarrollo infantil,controles repetidos en ninos de 2 anos de < 5,2005-02-01,7,7,10,17
VITICHI,nutricion y desarrollo infantil,controles repetidos en ninos de 2 anos de < 5,2005-02-01,110,110,125,235
WALDO BALLIVIAN,nutricion y desarrollo infantil,controles repetidos en ninos de 2 anos de < 5,2005-02-01,0,0,1,1
WARNES,nutricion y desarrollo infantil,controles repetidos en ninos de 2 anos de < 5,2005-02-01,201,201,170,371
YACO,nutricion y desarrollo infantil,controles repetidos en ninos de 2 anos de < 5,2005-02-01,39,39,41,80
YACUIBA,nutricion y desarrollo infantil,controles repetidos en ninos de 2 anos de < 5,2005-02-01,182,182,176,358
YAMPARAEZ,nutricion y desarrollo infantil,controles repetidos en ninos de 2 anos de < 5,2005-02-01,285,285,259,544
YANACACHI,nutricion y desarrollo infantil,controles repetidos en ninos de 2 anos de < 5,2005-02-01,4,4,13,17
YAPACANI,nutricion y desarrollo infantil,controles repetidos en ninos de 2 anos de < 5,2005-02-01,213,213,224,437
YOCALLA,nutricion y desarrollo infantil,controles repetidos en ninos de 2 anos de < 5,2005-02-01,68,68,96,164
YOTALA,nutricion y desarrollo infantil,controles repetidos en ninos de 2 anos de < 5,2005-02-01,181,181,210,391
YUNCHARA,nutricion y desarrollo infantil,controles repetidos en ninos de 2 anos de < 5,2005-02-01,79,79,73,152
ZUDAÑEZ,nutricion y desarrollo infantil,controles repetidos en ninos de 2 anos de < 5,2005-02-01,105,105,107,212
ACACIO,nutricion y desarrollo infantil,controles repetidos en ninos de 2 anos de < 5,2005-03-01,138,138,141,279
ACHACACHI,nutricion y desarrollo infantil,controles repetidos en ninos de 2 anos de < 5,2005-03-01,282,282,263,545
ACHOCALLA,nutricion y desarrollo infantil,controles repetidos en ninos de 2 anos de < 5,2005-03-01,17,17,17,34
AIQUILE,nutricion y desarrollo infantil,controles repetidos en ninos de 2 anos de < 5,2005-03-01,29,29,56,85
ALALAY,nutricion y desarrollo infantil,controles repetidos en ninos de 2 anos de < 5,2005-03-01,40,40,38,78
ALCALA,nutricion y desarrollo infantil,controles repetidos en ninos de 2 anos de < 5,2005-03-01,97,97,93,190
ANCORAIMES,nutricion y desarrollo infantil,controles repetidos en ninos de 2 anos de < 5,2005-03-01,102,102,109,211
ANDAMARCA,nutricion y desarrollo infantil,controles repetidos en ninos de 2 anos de < 5,2005-03-01,26,26,26,52
ANTEQUERA,nutricion y desarrollo infantil,controles repetidos en ninos de 2 anos de < 5,2005-03-01,17,17,15,32
ANZALDO,nutricion y desarrollo infantil,controles repetidos en ninos de 2 anos de < 5,2005-03-01,12,12,13,25
APOLO,nutricion y desarrollo infantil,controles repetidos en ninos de 2 anos de < 5,2005-03-01,36,36,39,75
ARAMPAMPA,nutricion y desarrollo infantil,controles repetidos en ninos de 2 anos de < 5,2005-03-01,108,108,113,221
ARANI,nutricion y desarrollo infantil,controles repetidos en ninos de 2 anos de < 5,2005-03-01,52,52,50,102
ARBIETO,nutricion y desarrollo infantil,controles repetidos en ninos de 2 anos de < 5,2005-03-01,31,31,45,76
ARQUE,nutricion y desarrollo infantil,controles repetidos en ninos de 2 anos de < 5,2005-03-01,66,66,62,128
ATOCHA,nutricion y desarrollo infantil,controles repetidos en ninos de 2 anos de < 5,2005-03-01,142,142,130,272
AUCAPATA,nutricion y desarrollo infantil,controles repetidos en ninos de 2 anos de < 5,2005-03-01,47,47,47,94
AYATA,nutricion y desarrollo infantil,controles repetidos en ninos de 2 anos de < 5,2005-03-01,80,80,64,144
AYO AYO,nutricion y desarrollo infantil,controles repetidos en ninos de 2 anos de < 5,2005-03-01,19,19,18,37
AYOPAYA (V. DE INDEPENDENCIA),nutricion y desarrollo infantil,controles repetidos en ninos de 2 anos de < 5,2005-03-01,162,162,185,347
AZURDUY,nutricion y desarrollo infantil,controles repetidos en ninos de 2 anos de < 5,2005-03-01,334,334,309,643
BATALLAS,nutricion y desarrollo infantil,controles repetidos en ninos de 2 anos de < 5,2005-03-01,55,55,48,103
BAURES,nutricion y desarrollo infantil,controles repetidos en ninos de 2 anos de < 5,2005-03-01,29,29,35,64
BELEN DE ANDAMARCA,nutricion y desarrollo infantil,controles repetidos en ninos de 2 anos de < 5,2005-03-01,11,11,10,21
BELEN DE URMIRI,nutricion y desarrollo infantil,controles repetidos en ninos de 2 anos de < 5,2005-03-01,18,18,17,35
BELLA FLOR,nutricion y desarrollo infantil,controles repetidos en ninos de 2 anos de < 5,2005-03-01,28,28,29,57
BERMEJO,nutricion y desarrollo infantil,controles repetidos en ninos de 2 anos de < 5,2005-03-01,82,82,78,160
BETANZOS,nutricion y desarrollo infantil,controles repetidos en ninos de 2 anos de < 5,2005-03-01,338,338,391,729
BOLIVAR,nutricion y desarrollo infantil,controles repetidos en ninos de 2 anos de < 5,2005-03-01,76,76,126,202
BOLPEBRA,nutricion y desarrollo infantil,controles repetidos en ninos de 2 anos de < 5,2005-03-01,42,42,35,77
BOYUIBE,nutricion y desarrollo infantil,controles repetidos en ninos de 2 anos de < 5,2005-03-01,72,72,72,144
BUENA VISTA,nutricion y desarrollo infantil,controles repetidos en ninos de 2 anos de < 5,2005-03-01,163,163,155,318
CABEZAS,nutricion y desarrollo infantil,controles repetidos en ninos de 2 anos de < 5,2005-03-01,95,95,96,191
CAIROMA,nutricion y desarrollo infantil,controles repetidos en ninos de 2 anos de < 5,2005-03-01,161,161,187,348
"CAIZA ""D""",nutricion y desarrollo infantil,controles repetidos en ninos de 2 anos de < 5,2005-03-01,134,134,112,246
CAJUATA,nutricion y desarrollo infantil,controles repetidos en ninos de 2 anos de < 5,2005-03-01,57,57,57,114
CALACOTO,nutricion y desarrollo infantil,controles repetidos en ninos de 2 anos de < 5,2005-03-01,39,39,45,84
CALAMARCA,nutricion y desarrollo infantil,controles repetidos en ninos de 2 anos de < 5,2005-03-01,164,164,190,354
CAMARGO,nutricion y desarrollo infantil,controles repetidos en ninos de 2 anos de < 5,2005-03-01,159,159,167,326
CAMATAQUI (C. VILLA ABECIA),nutricion y desarrollo infantil,controles repetidos en ninos de 2 anos de < 5,2005-03-01,32,32,31,63
CAMIRI,nutricion y desarrollo infantil,controles repetidos en ninos de 2 anos de < 5,2005-03-01,247,247,220,467
CAPINOTA,nutricion y desarrollo infantil,controles repetidos en ninos de 2 anos de < 5,2005-03-01,92,92,76,168
CAQUIAVIRI,nutricion y desarrollo infantil,controles repetidos en ninos de 2 anos de < 5,2005-03-01,110,110,110,220
CARACOLLO,nutricion y desarrollo infantil,controles repetidos en ninos de 2 anos de < 5,2005-03-01,102,102,108,210
CARANAVI,nutricion y desarrollo infantil,controles repetidos en ninos de 2 anos de < 5,2005-03-01,327,327,363,690
CARANGAS,nutricion y desarrollo infantil,controles repetidos en ninos de 2 anos de < 5,2005-03-01,0,0,1,1
CARAPARI,nutricion y desarrollo infantil,controles repetidos en ninos de 2 anos de < 5,2005-03-01,84,84,66,150
CARIPUYO,nutricion y desarrollo infantil,controles repetidos en ninos de 2 anos de < 5,2005-03-01,222,222,198,420
CARMEN RIVERO TORREZ,nutricion y desarrollo infantil,controles repetidos en ninos de 2 anos de < 5,2005-03-01,5,5,7,12
CATACORA,nutricion y desarrollo infantil,controles repetidos en ninos de 2 anos de < 5,2005-03-01,1,1,1,2
CHACARILLA,nutricion y desarrollo infantil,controles repetidos en ninos de 2 anos de < 5,2005-03-01,20,20,26,46
CHALLAPATA,nutricion y desarrollo infantil,controles repetidos en ninos de 2 anos de < 5,2005-03-01,141,141,119,260
CHAQUI,nutricion y desarrollo infantil,controles repetidos en ninos de 2 anos de < 5,2005-03-01,95,95,111,206
CHARAGUA,nutricion y desarrollo infantil,controles repetidos en ninos de 2 anos de < 5,2005-03-01,272,272,278,550
CHARAÑA,nutricion y desarrollo infantil,controles repetidos en ninos de 2 anos de < 5,2005-03-01,16,16,22,38
CHAYANTA,nutricion y desarrollo infantil,controles repetidos en ninos de 2 anos de < 5,2005-03-01,120,120,138,258
CHIMORE,nutricion y desarrollo infantil,controles repetidos en ninos de 2 anos de < 5,2005-03-01,45,45,57,102
CHIPAYA,nutricion y desarrollo infantil,controles repetidos en ninos de 2 anos de < 5,2005-03-01,9,9,6,15
CHOQUE COTA,nutricion y desarrollo infantil,controles repetidos en ninos de 2 anos de < 5,2005-03-01,9,9,12,21
CHULUMANI (V. DE LA LIBERTAD),nutricion y desarrollo infantil,controles repetidos en ninos de 2 anos de < 5,2005-03-01,75,75,52,127
CHUMA,nutricion y desarrollo infantil,controles repetidos en ninos de 2 anos de < 5,2005-03-01,74,74,87,161
CLIZA,nutricion y desarrollo infantil,controles repetidos en ninos de 2 anos de < 5,2005-03-01,18,18,17,35
COBIJA,nutricion y desarrollo infantil,controles repetidos en ninos de 2 anos de < 5,2005-03-01,201,201,214,415
COCHABAMBA,nutricion y desarrollo infantil,controles repetidos en ninos de 2 anos de < 5,2005-03-01,1059,1059,1086,2145
COIPASA,nutricion y desarrollo infantil,controles repetidos en ninos de 2 anos de < 5,2005-03-01,5,5,8,13
COLCAPIRHUA,nutricion y desarrollo infantil,controles repetidos en ninos de 2 anos de < 5,2005-03-01,75,75,46,121
"COLCHA ""K""",nutricion y desarrollo infantil,controles repetidos en ninos de 2 anos de < 5,2005-03-01,101,101,124,225
COLLANA,nutricion y desarrollo infantil,controles repetidos en ninos de 2 anos de < 5,2005-03-01,4,4,3,7
COLOMI,nutricion y desarrollo infantil,controles repetidos en ninos de 2 anos de < 5,2005-03-01,35,35,34,69
COLPA BELGICA,nutricion y desarrollo infantil,controles repetidos en ninos de 2 anos de < 5,2005-03-01,7,7,9,16
COLQUECHACA,nutricion y desarrollo infantil,controles repetidos en ninos de 2 anos de < 5,2005-03-01,214,214,204,418
COLQUENCHA,nutricion y desarrollo infantil,controles repetidos en ninos de 2 anos de < 5,2005-03-01,16,16,23,39
COLQUIRI,nutricion y desarrollo infantil,controles repetidos en ninos de 2 anos de < 5,2005-03-01,45,45,44,89
COMANCHE,nutricion y desarrollo infantil,controles repetidos en ninos de 2 anos de < 5,2005-03-01,42,42,43,85
COMARAPA,nutricion y desarrollo infantil,controles repetidos en ninos de 2 anos de < 5,2005-03-01,131,131,151,282
COMBAYA,nutricion y desarrollo infantil,controles repetidos en ninos de 2 anos de < 5,2005-03-01,8,8,12,20
CONCEPCION,nutricion y desarrollo infantil,controles repetidos en ninos de 2 anos de < 5,2005-03-01,50,50,38,88
COPACABANA,nutricion y desarrollo infantil,controles repetidos en ninos de 2 anos de < 5,2005-03-01,32,32,28,60
CORIPATA,nutricion y desarrollo infantil,controles repetidos en ninos de 2 anos de < 5,2005-03-01,23,23,15,38
CORO CORO,nutricion y desarrollo infantil,controles repetidos en ninos de 2 anos de < 5,2005-03-01,85,85,84,169
COROICO,nutricion y desarrollo infantil,controles repetidos en ninos de 2 anos de < 5,2005-03-01,70,70,69,139
CORQUE,nutricion y desarrollo infantil,controles repetidos en ninos de 2 anos de < 5,2005-03-01,55,55,49,104
COTAGAITA,nutricion y desarrollo infantil,controles repetidos en ninos de 2 anos de < 5,2005-03-01,295,295,304,599
COTOCA,nutricion y desarrollo infantil,controles repetidos en ninos de 2 anos de < 5,2005-03-01,152,152,141,293
CUATRO CAÑADAS,nutricion y desarrollo infantil,controles repetidos en ninos de 2 anos de < 5,2005-03-01,53,53,55,108
CUCHUMUELA (V. G. VILLARROEL),nutricion y desarrollo infantil,controles repetidos en ninos de 2 anos de < 5,2005-03-01,10,10,4,14
CUEVO,nutricion y desarrollo infantil,controles repetidos en ninos de 2 anos de < 5,2005-03-01,53,53,43,96
CULPINA,nutricion y desarrollo infantil,controles repetidos en ninos de 2 anos de < 5,2005-03-01,233,233,258,491
CURAHUARA DE CARANGAS,nutricion y desarrollo infantil,controles repetidos en ninos de 2 anos de < 5,2005-03-01,12,12,9,21
CURVA,nutricion y desarrollo infantil,controles repetidos en ninos de 2 anos de < 5,2005-03-01,22,22,27,49
DESAGUADERO,nutricion y desarrollo infantil,controles repetidos en ninos de 2 anos de < 5,2005-03-01,20,20,10,30
EL ALTO,nutricion y desarrollo infantil,controles repetidos en ninos de 2 anos de < 5,2005-03-01,1924,1924,1714,3638
EL PUENTE(TJA),nutricion y desarrollo infantil,controles repetidos en ninos de 2 anos de < 5,2005-03-01,100,100,93,193
EL TORNO,nutricion y desarrollo infantil,controles repetidos en ninos de 2 anos de < 5,2005-03-01,176,176,144,320
EL VILLAR,nutricion y desarrollo infantil,controles repetidos en ninos de 2 anos de < 5,2005-03-01,148,148,107,255
ENTRE RIOS,nutricion y desarrollo infantil,controles repetidos en ninos de 2 anos de < 5,2005-03-01,164,164,205,369
ENTRE RIOS,nutricion y desarrollo infantil,controles repetidos en ninos de 2 anos de < 5,2005-03-01,110,110,95,205
ESCARA,nutricion y desarrollo infantil,controles repetidos en ninos de 2 anos de < 5,2005-03-01,1,1,3,4
EUCALIPTUS,nutricion y desarrollo infantil,controles repetidos en ninos de 2 anos de < 5,2005-03-01,24,24,20,44
EUREKA (SANTOS MERCADO),nutricion y desarrollo infantil,controles repetidos en ninos de 2 anos de < 5,2005-03-01,12,12,19,31
EXALTACION,nutricion y desarrollo infantil,controles repetidos en ninos de 2 anos de < 5,2005-03-01,27,27,38,65
FERNANDEZ ALONSO,nutricion y desarrollo infantil,controles repetidos en ninos de 2 anos de < 5,2005-03-01,153,153,167,320
FILADELFIA,nutricion y desarrollo infantil,controles repetidos en ninos de 2 anos de < 5,2005-03-01,70,70,42,112
GENERAL SAAVEDRA,nutricion y desarrollo infantil,controles repetidos en ninos de 2 anos de < 5,2005-03-01,314,314,259,573
GRAL. J.J. PEREZ (CHARAZANI),nutricion y desarrollo infantil,controles repetidos en ninos de 2 anos de < 5,2005-03-01,124,124,107,231
GUANAY,nutricion y desarrollo infantil,controles repetidos en ninos de 2 anos de < 5,2005-03-01,70,70,68,138
GUAQUI,nutricion y desarrollo infantil,controles repetidos en ninos de 2 anos de < 5,2005-03-01,14,14,16,30
GUAYARAMERIN,nutricion y desarrollo infantil,controles repetidos en ninos de 2 anos de < 5,2005-03-01,263,263,261,524
GUTIERREZ,nutricion y desarrollo infantil,controles repetidos en ninos de 2 anos de < 5,2005-03-01,302,302,345,647
HUACARETA,nutricion y desarrollo infantil,controles repetidos en ninos de 2 anos de < 5,2005-03-01,167,167,158,325
HUACAYA (VILLA DE HUACAYA),nutricion y desarrollo infantil,controles repetidos en ninos de 2 anos de < 5,2005-03-01,36,36,38,74
HUACHACALLA,nutricion y desarrollo infantil,controles repetidos en ninos de 2 anos de < 5,2005-03-01,3,3,1,4
HUANUNI,nutricion y desarrollo infantil,controles repetidos en ninos de 2 anos de < 5,2005-03-01,103,103,94,197
HUARACAJE,nutricion y desarrollo infantil,controles repetidos en ninos de 2 anos de < 5,2005-03-01,31,31,18,49
HUAYLLAMARCA,nutricion y desarrollo infantil,controles repetidos en ninos de 2 anos de < 5,2005-03-01,15,15,13,28
ICHOCA,nutricion y desarrollo infantil,controles repetidos en ninos de 2 anos de < 5,2005-03-01,14,14,17,31
ICLA,nutricion y desarrollo infantil,controles repetidos en ninos de 2 anos de < 5,2005-03-01,275,275,245,520
INCAHUASI,nutricion y desarrollo infantil,controles repetidos en ninos de 2 anos de < 5,2005-03-01,225,225,239,464
INQUISIVI,nutricion y desarrollo infantil,controles repetidos en ninos de 2 anos de < 5,2005-03-01,87,87,92,179
IRUPANA (VILLA DE LANZA),nutricion y desarrollo infantil,controles repetidos en ninos de 2 anos de < 5,2005-03-01,140,140,144,284
IXIAMAS,nutricion y desarrollo infantil,controles repetidos en ninos de 2 anos de < 5,2005-03-01,71,71,69,140
JESUS DE MACHACA,nutricion y desarrollo infantil,controles repetidos en ninos de 2 anos de < 5,2005-03-01,39,39,43,82
LA ASUNTA,nutricion y desarrollo infantil,controles repetidos en ninos de 2 anos de < 5,2005-03-01,57,57,59,116
LA GUARDIA,nutricion y desarrollo infantil,controles repetidos en ninos de 2 anos de < 5,2005-03-01,150,150,159,309
LA PAZ,nutricion y desarrollo infantil,controles repetidos en ninos de 2 anos de < 5,2005-03-01,2006,2006,1993,3999
LA RIVERA,nutricion y desarrollo infantil,controles repetidos en ninos de 2 anos de < 5,2005-03-01,0,0,2,2
LAGUNILLAS,nutricion y desarrollo infantil,controles repetidos en ninos de 2 anos de < 5,2005-03-01,180,180,164,344
LAJA,nutricion y desarrollo infantil,controles repetidos en ninos de 2 anos de < 5,2005-03-01,49,49,54,103
LAS CARRERAS,nutricion y desarrollo infantil,controles repetidos en ninos de 2 anos de < 5,2005-03-01,46,46,48,94
LICOMA PAMPA,nutricion y desarrollo infantil,controles repetidos en ninos de 2 anos de < 5,2005-03-01,34,34,34,68
LLALLAGUA,nutricion y desarrollo infantil,controles repetidos en ninos de 2 anos de < 5,2005-03-01,387,387,377,764
LLICA,nutricion y desarrollo infantil,controles repetidos en ninos de 2 anos de < 5,2005-03-01,24,24,30,54
LORETO,nutricion y desarrollo infantil,controles repetidos en ninos de 2 anos de < 5,2005-03-01,11,11,21,32
LURIBAY,nutricion y desarrollo infantil,controles repetidos en ninos de 2 anos de < 5,2005-03-01,135,135,174,309
MACHACAMARCA,nutricion y desarrollo infantil,controles repetidos en ninos de 2 anos de < 5,2005-03-01,12,12,15,27
MACHARETI,nutricion y desarrollo infantil,controles repetidos en ninos de 2 anos de < 5,2005-03-01,169,169,198,367
MAGDALENA,nutricion y desarrollo infantil,controles repetidos en ninos de 2 anos de < 5,2005-03-01,81,81,57,138
MAIRANA,nutricion y desarrollo infantil,controles repetidos en ninos de 2 anos de < 5,2005-03-01,36,36,44,80
MALLA,nutricion y desarrollo infantil,controles repetidos en ninos de 2 anos de < 5,2005-03-01,30,30,22,52
MAPIRI,nutricion y desarrollo infantil,controles repetidos en ninos de 2 anos de < 5,2005-03-01,54,54,57,111
MECAPACA,nutricion y desarrollo infantil,controles repetidos en ninos de 2 anos de < 5,2005-03-01,38,38,47,85
MINEROS,nutricion y desarrollo infantil,controles repetidos en ninos de 2 anos de < 5,2005-03-01,139,139,144,283
MIZQUE,nutricion y desarrollo infantil,controles repetidos en ninos de 2 anos de < 5,2005-03-01,80,80,70,150
MOCOMOCO,nutricion y desarrollo infantil,controles repetidos en ninos de 2 anos de < 5,2005-03-01,197,197,187,384
MOJINETE,nutricion y desarrollo infantil,controles repetidos en ninos de 2 anos de < 5,2005-03-01,13,13,14,27
MOJOCOYA,nutricion y desarrollo infantil,controles repetidos en ninos de 2 anos de < 5,2005-03-01,151,151,138,289
MONTEAGUDO,nutricion y desarrollo infantil,controles repetidos en ninos de 2 anos de < 5,2005-03-01,215,215,219,434
MONTERO,nutricion y desarrollo infantil,controles repetidos en ninos de 2 anos de < 5,2005-03-01,622,622,642,1264
MORO MORO,nutricion y desarrollo infantil,controles repetidos en ninos de 2 anos de < 5,2005-03-01,47,47,30,77
MOROCHATA,nutricion y desarrollo infantil,controles repetidos en ninos de 2 anos de < 5,2005-03-01,56,56,55,111
NACEBE (SANTA ROSA DEL ABUNA),nutricion y desarrollo infantil,controles repetidos en ninos de 2 anos de < 5,2005-03-01,40,40,12,52
NAZACARA DE PACAJES,nutricion y desarrollo infantil,controles repetidos en ninos de 2 anos de < 5,2005-03-01,19,19,13,32
NUEVO MANOA (NUEVA ESPERANZA),nutricion y desarrollo infantil,controles repetidos en ninos de 2 anos de < 5,2005-03-01,16,16,20,36
OCURI,nutricion y desarrollo infantil,controles repetidos en ninos de 2 anos de < 5,2005-03-01,159,159,201,360
OKINAWA,nutricion y desarrollo infantil,controles repetidos en ninos de 2 anos de < 5,2005-03-01,56,56,54,110
OMEREQUE,nutricion y desarrollo infantil,controles repetidos en ninos de 2 anos de < 5,2005-03-01,52,52,42,94
ORURO,nutricion y desarrollo infantil,controles repetidos en ninos de 2 anos de < 5,2005-03-01,744,744,786,1530
PADCAYA,nutricion y desarrollo infantil,controles repetidos en ninos de 2 anos de < 5,2005-03-01,186,186,212,398
PADILLA,nutricion y desarrollo infantil,controles repetidos en ninos de 2 anos de < 5,2005-03-01,323,323,306,629
PAILON,nutricion y desarrollo infantil,controles repetidos en ninos de 2 anos de < 5,2005-03-01,112,112,114,226
PALCA,nutricion y desarrollo infantil,controles repetidos en ninos de 2 anos de < 5,2005-03-01,21,21,25,46
PALOS BLANCOS,nutricion y desarrollo infantil,controles repetidos en ninos de 2 anos de < 5,2005-03-01,339,339,305,644
PAMPA AULLAGAS,nutricion y desarrollo infantil,controles repetidos en ninos de 2 anos de < 5,2005-03-01,18,18,16,34
PAMPA GRANDE,nutricion y desarrollo infantil,controles repetidos en ninos de 2 anos de < 5,2005-03-01,59,59,55,114
PAPEL PAMPA,nutricion y desarrollo infantil,controles repetidos en ninos de 2 anos de < 5,2005-03-01,13,13,12,25
PASORAPA,nutricion y desarrollo infantil,controles repetidos en ninos de 2 anos de < 5,2005-03-01,34,34,41,75
PATACAMAYA,nutricion y desarrollo infantil,controles repetidos en ninos de 2 anos de < 5,2005-03-01,72,72,131,203
PAZÑA,nutricion y desarrollo infantil,controles repetidos en ninos de 2 anos de < 5,2005-03-01,21,21,27,48
PELECHUCO,nutricion y desarrollo infantil,controles repetidos en ninos de 2 anos de < 5,2005-03-01,66,66,46,112
POCOATA,nutricion y desarrollo infantil,controles repetidos en ninos de 2 anos de < 5,2005-03-01,310,310,278,588
POCONA,nutricion y desarrollo infantil,controles repetidos en ninos de 2 anos de < 5,2005-03-01,52,52,54,106
POJO (CBBA),nutricion y desarrollo infantil,controles repetidos en ninos de 2 anos de < 5,2005-03-01,126,126,136,262
POOPO,nutricion y desarrollo infantil,controles repetidos en ninos de 2 anos de < 5,2005-03-01,26,26,9,35
PORCO,nutricion y desarrollo infantil,controles repetidos en ninos de 2 anos de < 5,2005-03-01,44,44,39,83
POROMA,nutricion y desarrollo infantil,controles repetidos en ninos de 2 anos de < 5,2005-03-01,147,147,136,283
PORONGO,nutricion y desarrollo infantil,controles repetidos en ninos de 2 anos de < 5,2005-03-01,28,28,29,57
PORTACHUELO,nutricion y desarrollo infantil,controles repetidos en ninos de 2 anos de < 5,2005-03-01,131,131,108,239
PORVENIR,nutricion y desarrollo infantil,controles repetidos en ninos de 2 anos de < 5,2005-03-01,32,32,31,63
POSTRER VALLE,nutricion y desarrollo infantil,controles repetidos en ninos de 2 anos de < 5,2005-03-01,3,3,15,18
POTOSI,nutricion y desarrollo infantil,controles repetidos en ninos de 2 anos de < 5,2005-03-01,570,570,540,1110
PRESTO,nutricion y desarrollo infantil,controles repetidos en ninos de 2 anos de < 5,2005-03-01,161,161,181,342
PUCARANI,nutricion y desarrollo infantil,controles repetidos en ninos de 2 anos de < 5,2005-03-01,58,58,72,130
PUERTO ACOSTA,nutricion y desarrollo infantil,controles repetidos en ninos de 2 anos de < 5,2005-03-01,162,162,136,298
PUERTO CARABUCO,nutricion y desarrollo infantil,controles repetidos en ninos de 2 anos de < 5,2005-03-01,139,139,150,289
PUERTO GONZALO MORENO,nutricion y desarrollo infantil,controles repetidos en ninos de 2 anos de < 5,2005-03-01,38,38,42,80
PUERTO PEREZ,nutricion y desarrollo infantil,controles repetidos en ninos de 2 anos de < 5,2005-03-01,30,30,18,48
PUERTO QUIJARRO,nutricion y desarrollo infantil,controles repetidos en ninos de 2 anos de < 5,2005-03-01,52,52,59,111
PUERTO RICO,nutricion y desarrollo infantil,controles repetidos en ninos de 2 anos de < 5,2005-03-01,80,80,91,171
PUERTO SILES,nutricion y desarrollo infantil,controles repetidos en ninos de 2 anos de < 5,2005-03-01,2,2,3,5
PUERTO SUAREZ,nutricion y desarrollo infantil,controles repetidos en ninos de 2 anos de < 5,2005-03-01,91,91,79,170
PUERTO VILLARROEL,nutricion y desarrollo infantil,controles repetidos en ninos de 2 anos de < 5,2005-03-01,147,147,162,309
PUNA,nutricion y desarrollo infantil,controles repetidos en ninos de 2 anos de < 5,2005-03-01,285,285,278,563
PUNATA,nutricion y desarrollo infantil,controles repetidos en ninos de 2 anos de < 5,2005-03-01,55,55,40,95
QUIABAYA,nutricion y desarrollo infantil,controles repetidos en ninos de 2 anos de < 5,2005-03-01,31,31,31,62
QUILLACOLLO,nutricion y desarrollo infantil,controles repetidos en ninos de 2 anos de < 5,2005-03-01,61,61,53,114
QUIME,nutricion y desarrollo infantil,controles repetidos en ninos de 2 anos de < 5,2005-03-01,74,74,54,128
QUIRUSILLAS,nutricion y desarrollo infantil,controles repetidos en ninos de 2 anos de < 5,2005-03-01,8,8,9,17
RAVELO,nutricion y desarrollo infantil,controles repetidos en ninos de 2 anos de < 5,2005-03-01,353,353,370,723
REYES,nutricion y desarrollo infantil,controles repetidos en ninos de 2 anos de < 5,2005-03-01,164,164,162,326
RIBERALTA,nutricion y desarrollo infantil,controles repetidos en ninos de 2 anos de < 5,2005-03-01,540,540,494,1034
ROBORE,nutricion y desarrollo infantil,controles repetidos en ninos de 2 anos de < 5,2005-03-01,76,76,95,171
RURRENABAQUE,nutricion y desarrollo infantil,controles repetidos en ninos de 2 anos de < 5,2005-03-01,76,76,72,148
SABAYA,nutricion y desarrollo infantil,controles repetidos en ninos de 2 anos de < 5,2005-03-01,26,26,30,56
SACABA,nutricion y desarrollo infantil,controles repetidos en ninos de 2 anos de < 5,2005-03-01,142,142,157,299
SACABAMBA,nutricion y desarrollo infantil,controles repetidos en ninos de 2 anos de < 5,2005-03-01,29,29,26,55
SACACA,nutricion y desarrollo infantil,controles repetidos en ninos de 2 anos de < 5,2005-03-01,528,528,489,1017
SAIPINA,nutricion y desarrollo infantil,controles repetidos en ninos de 2 anos de < 5,2005-03-01,55,55,38,93
SALINAS DE GARCI MENDOZA,nutricion y desarrollo infantil,controles repetidos en ninos de 2 anos de < 5,2005-03-01,85,85,60,145
SAMAIPATA,nutricion y desarrollo infantil,controles repetidos en ninos de 2 anos de < 5,2005-03-01,80,80,78,158
SAN AGUSTIN,nutricion y desarrollo infantil,controles repetidos en ninos de 2 anos de < 5,2005-03-01,24,24,26,50
SAN ANDRES,nutricion y desarrollo infantil,controles repetidos en ninos de 2 anos de < 5,2005-03-01,80,80,93,173
SAN ANDRES DE MACHACA,nutricion y desarrollo infantil,controles repetidos en ninos de 2 anos de < 5,2005-03-01,31,31,35,66
SAN ANTONIO DE ESMORUCO,nutricion y desarrollo infantil,controles repetidos en ninos de 2 anos de < 5,2005-03-01,6,6,8,14
SAN ANTONIO DE LOMERIO,nutricion y desarrollo infantil,controles repetidos en ninos de 2 anos de < 5,2005-03-01,159,159,178,337
SAN BENITO,nutricion y desarrollo infantil,controles repetidos en ninos de 2 anos de < 5,2005-03-01,54,54,35,89
SAN BORJA,nutricion y desarrollo infantil,controles repetidos en ninos de 2 anos de < 5,2005-03-01,185,185,173,358
SAN BUENA VENTURA,nutricion y desarrollo infantil,controles repetidos en ninos de 2 anos de < 5,2005-03-01,54,54,73,127
SAN CARLOS,nutricion y desarrollo infantil,controles repetidos en ninos de 2 anos de < 5,2005-03-01,107,107,117,224
SAN IGNACIO,nutricion y desarrollo infantil,controles repetidos en ninos de 2 anos de < 5,2005-03-01,179,179,140,319
SAN IGNACIO DE VELASCO,nutricion y desarrollo infantil,controles repetidos en ninos de 2 anos de < 5,2005-03-01,580,580,529,1109
SAN JAVIER(BNI),nutricion y desarrollo infantil,controles repetidos en ninos de 2 anos de < 5,2005-03-01,49,49,46,95
SAN JAVIER(STC),nutricion y desarrollo infantil,controles repetidos en ninos de 2 anos de < 5,2005-03-01,93,93,86,179
SAN JOAQUIN,nutricion y desarrollo infantil,controles repetidos en ninos de 2 anos de < 5,2005-03-01,38,38,41,79
SAN JOSE DE CHIQUITOS,nutricion y desarrollo infantil,controles repetidos en ninos de 2 anos de < 5,2005-03-01,16,16,23,39
SAN JUAN DE YAPACANI,nutricion y desarrollo infantil,controles repetidos en ninos de 2 anos de < 5,2005-03-01,106,106,116,222
SAN JULIAN,nutricion y desarrollo infantil,controles repetidos en ninos de 2 anos de < 5,2005-03-01,142,142,139,281
SAN LORENZO(PND),nutricion y desarrollo infantil,controles repetidos en ninos de 2 anos de < 5,2005-03-01,26,26,28,54
SAN LORENZO(TJA),nutricion y desarrollo infantil,controles repetidos en ninos de 2 anos de < 5,2005-03-01,202,202,199,401
SAN LUCAS,nutricion y desarrollo infantil,controles repetidos en ninos de 2 anos de < 5,2005-03-01,477,477,506,983
SAN MATIAS,nutricion y desarrollo infantil,controles repetidos en ninos de 2 anos de < 5,2005-03-01,198,198,167,365
SAN MIGUEL DE VELASCO,nutricion y desarrollo infantil,controles repetidos en ninos de 2 anos de < 5,2005-03-01,160,160,155,315
SAN PABLO DE LIPEZ,nutricion y desarrollo infantil,controles repetidos en ninos de 2 anos de < 5,2005-03-01,35,35,31,66
SAN PEDRO,nutricion y desarrollo infantil,controles repetidos en ninos de 2 anos de < 5,2005-03-01,155,155,122,277
SAN PEDRO DE BUENA VISTA,nutricion y desarrollo infantil,controles repetidos en ninos de 2 anos de < 5,2005-03-01,400,400,362,762
SAN PEDRO DE CURAHUARA,nutricion y desarrollo infantil,controles repetidos en ninos de 2 anos de < 5,2005-03-01,36,36,32,68
SAN PEDRO DE QUEMES,nutricion y desarrollo infantil,controles repetidos en ninos de 2 anos de < 5,2005-03-01,5,5,8,13
SAN PEDRO DE TIQUINA,nutricion y desarrollo infantil,controles repetidos en ninos de 2 anos de < 5,2005-03-01,53,53,56,109
SAN PEDRO(PND),nutricion y desarrollo infantil,controles repetidos en ninos de 2 anos de < 5,2005-03-01,5,5,7,12
SAN RAFAEL,nutricion y desarrollo infantil,controles repetidos en ninos de 2 anos de < 5,2005-03-01,63,63,90,153
SAN RAMON,nutricion y desarrollo infantil,controles repetidos en ninos de 2 anos de < 5,2005-03-01,26,26,26,52
SAN RAMON,nutricion y desarrollo infantil,controles repetidos en ninos de 2 anos de < 5,2005-03-01,44,44,29,73
SANTA ANA,nutricion y desarrollo infantil,controles repetidos en ninos de 2 anos de < 5,2005-03-01,76,76,51,127
SANTA CRUZ DE LA SIERRA,nutricion y desarrollo infantil,controles repetidos en ninos de 2 anos de < 5,2005-03-01,2230,2230,2140,4370
SANTA ROSA,nutricion y desarrollo infantil,controles repetidos en ninos de 2 anos de < 5,2005-03-01,35,35,32,67
SANTA ROSA DEL SARA,nutricion y desarrollo infantil,controles repetidos en ninos de 2 anos de < 5,2005-03-01,91,91,85,176
SANTIAGO DE CALLAPA,nutricion y desarrollo infantil,controles repetidos en ninos de 2 anos de < 5,2005-03-01,65,65,58,123
SANTIAGO DE HUARI,nutricion y desarrollo infantil,controles repetidos en ninos de 2 anos de < 5,2005-03-01,49,49,57,106
SANTIAGO DE MACHACA,nutricion y desarrollo infantil,controles repetidos en ninos de 2 anos de < 5,2005-03-01,65,65,62,127
SANTIVAÑES,nutricion y desarrollo infantil,controles repetidos en ninos de 2 anos de < 5,2005-03-01,83,83,79,162
SANTUARIO DE QUILLACAS,nutricion y desarrollo infantil,controles repetidos en ninos de 2 anos de < 5,2005-03-01,13,13,9,22
SAPAHAQUI,nutricion y desarrollo infantil,controles repetidos en ninos de 2 anos de < 5,2005-03-01,42,42,60,102
SENA,nutricion y desarrollo infantil,controles repetidos en ninos de 2 anos de < 5,2005-03-01,21,21,25,46
SICA SICA (VILLA AROMA),nutricion y desarrollo infantil,controles repetidos en ninos de 2 anos de < 5,2005-03-01,204,204,206,410
SICAYA,nutricion y desarrollo infantil,controles repetidos en ninos de 2 anos de < 5,2005-03-01,30,30,24,54
SIPE SIPE,nutricion y desarrollo infantil,controles repetidos en ninos de 2 anos de < 5,2005-03-01,111,111,96,207
SOPACHUY,nutricion y desarrollo infantil,controles repetidos en ninos de 2 anos de < 5,2005-03-01,132,132,161,293
SORACACHI,nutricion y desarrollo infantil,controles repetidos en ninos de 2 anos de < 5,2005-03-01,70,70,53,123
SORATA,nutricion y desarrollo infantil,controles repetidos en ninos de 2 anos de < 5,2005-03-01,110,110,106,216
SUCRE,nutricion y desarrollo infantil,controles repetidos en ninos de 2 anos de < 5,2005-03-01,519,519,572,1091
TACACHI,nutricion y desarrollo infantil,controles repetidos en ninos de 2 anos de < 5,2005-03-01,2,2,8,10
TACACOMA,nutricion y desarrollo infantil,controles repetidos en ninos de 2 anos de < 5,2005-03-01,48,48,52,100
TACOBAMBA,nutricion y desarrollo infantil,controles repetidos en ninos de 2 anos de < 5,2005-03-01,138,138,131,269
TACOPAYA,nutricion y desarrollo infantil,controles repetidos en ninos de 2 anos de < 5,2005-03-01,72,72,83,155
TAHUA,nutricion y desarrollo infantil,controles repetidos en ninos de 2 anos de < 5,2005-03-01,8,8,10,18
TAPACARI,nutricion y desarrollo infantil,controles repetidos en ninos de 2 anos de < 5,2005-03-01,212,212,209,421
TARABUCO,nutricion y desarrollo infantil,controles repetidos en ninos de 2 anos de < 5,2005-03-01,478,478,515,993
TARACO,nutricion y desarrollo infantil,controles repetidos en ninos de 2 anos de < 5,2005-03-01,38,38,47,85
TARATA,nutricion y desarrollo infantil,controles repetidos en ninos de 2 anos de < 5,2005-03-01,37,37,17,54
TARIJA,nutricion y desarrollo infantil,controles repetidos en ninos de 2 anos de < 5,2005-03-01,456,456,428,884
TARVITA,nutricion y desarrollo infantil,controles repetidos en ninos de 2 anos de < 5,2005-03-01,213,213,223,436
TEOPONTE,nutricion y desarrollo infantil,controles repetidos en ninos de 2 anos de < 5,2005-03-01,97,97,97,194
TIAWANACU,nutricion y desarrollo infantil,controles repetidos en ninos de 2 anos de < 5,2005-03-01,50,50,54,104
TINGUIPAYA,nutricion y desarrollo infantil,controles repetidos en ninos de 2 anos de < 5,2005-03-01,304,304,253,557
TIPUANI,nutricion y desarrollo infantil,controles repetidos en ninos de 2 anos de < 5,2005-03-01,59,59,35,94
TIQUIPAYA,nutricion y desarrollo infantil,controles repetidos en ninos de 2 anos de < 5,2005-03-01,47,47,67,114
TIRAQUE (CBBA),nutricion y desarrollo infantil,controles repetidos en ninos de 2 anos de < 5,2005-03-01,105,105,112,217
TITO YUPANQUI (PARQUIPUJIO),nutricion y desarrollo infantil,controles repetidos en ninos de 2 anos de < 5,2005-03-01,12,12,9,21
TOCO,nutricion y desarrollo infantil,controles repetidos en ninos de 2 anos de < 5,2005-03-01,31,31,18,49
TODOS SANTOS,nutricion y desarrollo infantil,controles repetidos en ninos de 2 anos de < 5,2005-03-01,2,2,1,3
TOLATA,nutricion y desarrollo infantil,controles repetidos en ninos de 2 anos de < 5,2005-03-01,11,11,12,23
TOLEDO,nutricion y desarrollo infantil,controles repetidos en ninos de 2 anos de < 5,2005-03-01,30,30,51,81
TOMAVE,nutricion y desarrollo infantil,controles repetidos en ninos de 2 anos de < 5,2005-03-01,96,96,115,211
TOMINA,nutricion y desarrollo infantil,controles repetidos en ninos de 2 anos de < 5,2005-03-01,227,227,195,422
TORO TORO,nutricion y desarrollo infantil,controles repetidos en ninos de 2 anos de < 5,2005-03-01,209,209,216,425
TOTORA(CBBA),nutricion y desarrollo infantil,controles repetidos en ninos de 2 anos de < 5,2005-03-01,74,74,83,157
TOTORA(ORR),nutricion y desarrollo infantil,controles repetidos en ninos de 2 anos de < 5,2005-03-01,31,31,26,57
TRIGAL,nutricion y desarrollo infantil,controles repetidos en ninos de 2 anos de < 5,2005-03-01,17,17,20,37
TRINIDAD,nutricion y desarrollo infantil,controles repetidos en ninos de 2 anos de < 5,2005-03-01,221,221,203,424
TUPIZA,nutricion y desarrollo infantil,controles repetidos en ninos de 2 anos de < 5,2005-03-01,378,378,383,761
TURCO,nutricion y desarrollo infantil,controles repetidos en ninos de 2 anos de < 5,2005-03-01,41,41,40,81
UMALA,nutricion y desarrollo infantil,controles repetidos en ninos de 2 anos de < 5,2005-03-01,32,32,37,69
UNCIA,nutricion y desarrollo infantil,controles repetidos en ninos de 2 anos de < 5,2005-03-01,70,70,71,141
URIONDO (A. CONCEPCION),nutricion y desarrollo infantil,controles repetidos en ninos de 2 anos de < 5,2005-03-01,145,145,138,283
URUBICHA,nutricion y desarrollo infantil,controles repetidos en ninos de 2 anos de < 5,2005-03-01,12,12,7,19
UYUNI,nutricion y desarrollo infantil,controles repetidos en ninos de 2 anos de < 5,2005-03-01,245,245,226,471
VACAS,nutricion y desarrollo infantil,controles repetidos en ninos de 2 anos de < 5,2005-03-01,44,44,27,71
VALLEGRANDE,nutricion y desarrollo infantil,controles repetidos en ninos de 2 anos de < 5,2005-03-01,100,100,121,221
VIACHA,nutricion y desarrollo infantil,controles repetidos en ninos de 2 anos de < 5,2005-03-01,109,109,125,234
VILA VILA,nutricion y desarrollo infantil,controles repetidos en ninos de 2 anos de < 5,2005-03-01,23,23,22,45
VILLA MONTES,nutricion y desarrollo infantil,controles repetidos en ninos de 2 anos de < 5,2005-03-01,114,114,125,239
VILLA NUEVA (LOMA ALTA),nutricion y desarrollo infantil,controles repetidos en ninos de 2 anos de < 5,2005-03-01,25,25,28,53
VILLA RIVERO,nutricion y desarrollo infantil,controles repetidos en ninos de 2 anos de < 5,2005-03-01,34,34,27,61
VILLA SERRANO,nutricion y desarrollo infantil,controles repetidos en ninos de 2 anos de < 5,2005-03-01,291,291,269,560
VILLA TUNARI,nutricion y desarrollo infantil,controles repetidos en ninos de 2 anos de < 5,2005-03-01,250,250,181,431
VILLA VACA GUZMAN (MUYUPAMPA),nutricion y desarrollo infantil,controles repetidos en ninos de 2 anos de < 5,2005-03-01,154,154,152,306
VILLAZON,nutricion y desarrollo infantil,controles repetidos en ninos de 2 anos de < 5,2005-03-01,298,298,320,618
VINTO,nutricion y desarrollo infantil,controles repetidos en ninos de 2 anos de < 5,2005-03-01,17,17,16,33
VITICHI,nutricion y desarrollo infantil,controles repetidos en ninos de 2 anos de < 5,2005-03-01,132,132,146,278
WALDO BALLIVIAN,nutricion y desarrollo infantil,controles repetidos en ninos de 2 anos de < 5,2005-03-01,10,10,15,25
WARNES,nutricion y desarrollo infantil,controles repetidos en ninos de 2 anos de < 5,2005-03-01,251,251,230,481
YACO,nutricion y desarrollo infantil,controles repetidos en ninos de 2 anos de < 5,2005-03-01,50,50,46,96
YACUIBA,nutricion y desarrollo infantil,controles repetidos en ninos de 2 anos de < 5,2005-03-01,299,299,244,543
YAMPARAEZ,nutricion y desarrollo infantil,controles repetidos en ninos de 2 anos de < 5,2005-03-01,333,333,297,630
YANACACHI,nutricion y desarrollo infantil,controles repetidos en ninos de 2 anos de < 5,2005-03-01,35,35,28,63
YAPACANI,nutricion y desarrollo infantil,controles repetidos en ninos de 2 anos de < 5,2005-03-01,296,296,306,602
YOCALLA,nutricion y desarrollo infantil,controles repetidos en ninos de 2 anos de < 5,2005-03-01,56,56,55,111
YOTALA,nutricion y desarrollo infantil,controles repetidos en ninos de 2 anos de < 5,2005-03-01,199,199,223,422
YUNCHARA,nutricion y desarrollo infantil,controles repetidos en ninos de 2 anos de < 5,2005-03-01,110,110,122,232
ZUDAÑEZ,nutricion y desarrollo infantil,controles repetidos en ninos de 2 anos de < 5,2005-03-01,116,116,144,260
ACACIO,nutricion y desarrollo infantil,controles repetidos en ninos de 2 anos de < 5,2005-04-01,118,118,106,224
ACHACACHI,nutricion y desarrollo infantil,controles repetidos en ninos de 2 anos de < 5,2005-04-01,307,307,337,644
ACHOCALLA,nutricion y desarrollo infantil,controles repetidos en ninos de 2 anos de < 5,2005-04-01,15,15,21,36
AIQUILE,nutricion y desarrollo infantil,controles repetidos en ninos de 2 anos de < 5,2005-04-01,54,54,70,124
ALALAY,nutricion y desarrollo infantil,controles repetidos en ninos de 2 anos de < 5,2005-04-01,16,16,14,30
ALCALA,nutricion y desarrollo infantil,controles repetidos en ninos de 2 anos de < 5,2005-04-01,111,111,118,229
ANCORAIMES,nutricion y desarrollo infantil,controles repetidos en ninos de 2 anos de < 5,2005-04-01,89,89,85,174
ANDAMARCA,nutricion y desarrollo infantil,controles repetidos en ninos de 2 anos de < 5,2005-04-01,13,13,23,36
ANTEQUERA,nutricion y desarrollo infantil,controles repetidos en ninos de 2 anos de < 5,2005-04-01,51,51,35,86
ANZALDO,nutricion y desarrollo infantil,controles repetidos en ninos de 2 anos de < 5,2005-04-01,9,9,21,30
APOLO,nutricion y desarrollo infantil,controles repetidos en ninos de 2 anos de < 5,2005-04-01,95,95,127,222
ARAMPAMPA,nutricion y desarrollo infantil,controles repetidos en ninos de 2 anos de < 5,2005-04-01,67,67,71,138
ARANI,nutricion y desarrollo infantil,controles repetidos en ninos de 2 anos de < 5,2005-04-01,33,33,33,66
ARBIETO,nutricion y desarrollo infantil,controles repetidos en ninos de 2 anos de < 5,2005-04-01,37,37,36,73
ARQUE,nutricion y desarrollo infantil,controles repetidos en ninos de 2 anos de < 5,2005-04-01,129,129,124,253
ASCENCION DE GUARAYOS,nutricion y desarrollo infantil,controles repetidos en ninos de 2 anos de < 5,2005-04-01,432,432,440,872
ATOCHA,nutricion y desarrollo infantil,controles repetidos en ninos de 2 anos de < 5,2005-04-01,165,165,129,294
AUCAPATA,nutricion y desarrollo infantil,controles repetidos en ninos de 2 anos de < 5,2005-04-01,15,15,11,26
AYATA,nutricion y desarrollo infantil,controles repetidos en ninos de 2 anos de < 5,2005-04-01,34,34,45,79
AYO AYO,nutricion y desarrollo infantil,controles repetidos en ninos de 2 anos de < 5,2005-04-01,50,50,38,88
AYOPAYA (V. DE INDEPENDENCIA),nutricion y desarrollo infantil,controles repetidos en ninos de 2 anos de < 5,2005-04-01,252,252,291,543
AZURDUY,nutricion y desarrollo infantil,controles repetidos en ninos de 2 anos de < 5,2005-04-01,273,273,244,517
BATALLAS,nutricion y desarrollo infantil,controles repetidos en ninos de 2 anos de < 5,2005-04-01,82,82,87,169
BAURES,nutricion y desarrollo infantil,controles repetidos en ninos de 2 anos de < 5,2005-04-01,45,45,44,89
BELEN DE ANDAMARCA,nutricion y desarrollo infantil,controles repetidos en ninos de 2 anos de < 5,2005-04-01,7,7,10,17
BELEN DE URMIRI,nutricion y desarrollo infantil,controles repetidos en ninos de 2 anos de < 5,2005-04-01,22,22,15,37
BELLA FLOR,nutricion y desarrollo infantil,controles repetidos en ninos de 2 anos de < 5,2005-04-01,38,38,31,69
BERMEJO,nutricion y desarrollo infantil,controles repetidos en ninos de 2 anos de < 5,2005-04-01,93,93,105,198
BETANZOS,nutricion y desarrollo infantil,controles repetidos en ninos de 2 anos de < 5,2005-04-01,307,307,338,645
BOLIVAR,nutricion y desarrollo infantil,controles repetidos en ninos de 2 anos de < 5,2005-04-01,102,102,94,196
BOLPEBRA,nutricion y desarrollo infantil,controles repetidos en ninos de 2 anos de < 5,2005-04-01,30,30,23,53
BOYUIBE,nutricion y desarrollo infantil,controles repetidos en ninos de 2 anos de < 5,2005-04-01,25,25,28,53
BUENA VISTA,nutricion y desarrollo infantil,controles repetidos en ninos de 2 anos de < 5,2005-04-01,210,210,221,431
CABEZAS,nutricion y desarrollo infantil,controles repetidos en ninos de 2 anos de < 5,2005-04-01,66,66,55,121
CAIROMA,nutricion y desarrollo infantil,controles repetidos en ninos de 2 anos de < 5,2005-04-01,157,157,195,352
"CAIZA ""D""",nutricion y desarrollo infantil,controles repetidos en ninos de 2 anos de < 5,2005-04-01,110,110,110,220
CAJUATA,nutricion y desarrollo infantil,controles repetidos en ninos de 2 anos de < 5,2005-04-01,25,25,33,58
CALACOTO,nutricion y desarrollo infantil,controles repetidos en ninos de 2 anos de < 5,2005-04-01,23,23,30,53
CALAMARCA,nutricion y desarrollo infantil,controles repetidos en ninos de 2 anos de < 5,2005-04-01,147,147,165,312
CAMARGO,nutricion y desarrollo infantil,controles repetidos en ninos de 2 anos de < 5,2005-04-01,211,211,206,417
CAMATAQUI (C. VILLA ABECIA),nutricion y desarrollo infantil,controles repetidos en ninos de 2 anos de < 5,2005-04-01,29,29,25,54
CAMIRI,nutricion y desarrollo infantil,controles repetidos en ninos de 2 anos de < 5,2005-04-01,261,261,250,511
CAPINOTA,nutricion y desarrollo infantil,controles repetidos en ninos de 2 anos de < 5,2005-04-01,57,57,43,100
CAQUIAVIRI,nutricion y desarrollo infantil,controles repetidos en ninos de 2 anos de < 5,2005-04-01,40,40,29,69
CARACOLLO,nutricion y desarrollo infantil,controles repetidos en ninos de 2 anos de < 5,2005-04-01,122,122,128,250
CARANAVI,nutricion y desarrollo infantil,controles repetidos en ninos de 2 anos de < 5,2005-04-01,267,267,271,538
CARANGAS,nutricion y desarrollo infantil,controles repetidos en ninos de 2 anos de < 5,2005-04-01,0,0,4,4
CARAPARI,nutricion y desarrollo infantil,controles repetidos en ninos de 2 anos de < 5,2005-04-01,142,142,132,274
CARIPUYO,nutricion y desarrollo infantil,controles repetidos en ninos de 2 anos de < 5,2005-04-01,134,134,122,256
CARMEN RIVERO TORREZ,nutricion y desarrollo infantil,controles repetidos en ninos de 2 anos de < 5,2005-04-01,8,8,13,21
CHACARILLA,nutricion y desarrollo infantil,controles repetidos en ninos de 2 anos de < 5,2005-04-01,0,0,10,10
CHALLAPATA,nutricion y desarrollo infantil,controles repetidos en ninos de 2 anos de < 5,2005-04-01,201,201,208,409
CHAQUI,nutricion y desarrollo infantil,controles repetidos en ninos de 2 anos de < 5,2005-04-01,76,76,90,166
CHARAGUA,nutricion y desarrollo infantil,controles repetidos en ninos de 2 anos de < 5,2005-04-01,274,274,268,542
CHARAÑA,nutricion y desarrollo infantil,controles repetidos en ninos de 2 anos de < 5,2005-04-01,10,10,18,28
CHAYANTA,nutricion y desarrollo infantil,controles repetidos en ninos de 2 anos de < 5,2005-04-01,122,122,155,277
CHIMORE,nutricion y desarrollo infantil,controles repetidos en ninos de 2 anos de < 5,2005-04-01,45,45,43,88
CHIPAYA,nutricion y desarrollo infantil,controles repetidos en ninos de 2 anos de < 5,2005-04-01,3,3,4,7
CHOQUE COTA,nutricion y desarrollo infantil,controles repetidos en ninos de 2 anos de < 5,2005-04-01,3,3,3,6
CHULUMANI (V. DE LA LIBERTAD),nutricion y desarrollo infantil,controles repetidos en ninos de 2 anos de < 5,2005-04-01,39,39,40,79
CHUMA,nutricion y desarrollo infantil,controles repetidos en ninos de 2 anos de < 5,2005-04-01,57,57,60,117
CLIZA,nutricion y desarrollo infantil,controles repetidos en ninos de 2 anos de < 5,2005-04-01,28,28,27,55
COBIJA,nutricion y desarrollo infantil,controles repetidos en ninos de 2 anos de < 5,2005-04-01,176,176,172,348
COCHABAMBA,nutricion y desarrollo infantil,controles repetidos en ninos de 2 anos de < 5,2005-04-01,1142,1142,953,2095
COIPASA,nutricion y desarrollo infantil,controles repetidos en ninos de 2 anos de < 5,2005-04-01,7,7,7,14
COLCAPIRHUA,nutricion y desarrollo infantil,controles repetidos en ninos de 2 anos de < 5,2005-04-01,96,96,87,183
"COLCHA ""K""",nutricion y desarrollo infantil,controles repetidos en ninos de 2 anos de < 5,2005-04-01,116,116,142,258
COLLANA,nutricion y desarrollo infantil,controles repetidos en ninos de 2 anos de < 5,2005-04-01,14,14,13,27
COLOMI,nutricion y desarrollo infantil,controles repetidos en ninos de 2 anos de < 5,2005-04-01,69,69,48,117
COLPA BELGICA,nutricion y desarrollo infantil,controles repetidos en ninos de 2 anos de < 5,2005-04-01,22,22,19,41
COLQUECHACA,nutricion y desarrollo infantil,controles repetidos en ninos de 2 anos de < 5,2005-04-01,231,231,185,416
COLQUENCHA,nutricion y desarrollo infantil,controles repetidos en ninos de 2 anos de < 5,2005-04-01,18,18,34,52
COLQUIRI,nutricion y desarrollo infantil,controles repetidos en ninos de 2 anos de < 5,2005-04-01,79,79,92,171
COMANCHE,nutricion y desarrollo infantil,controles repetidos en ninos de 2 anos de < 5,2005-04-01,14,14,20,34
COMARAPA,nutricion y desarrollo infantil,controles repetidos en ninos de 2 anos de < 5,2005-04-01,130,130,130,260
COMBAYA,nutricion y desarrollo infantil,controles repetidos en ninos de 2 anos de < 5,2005-04-01,26,26,27,53
CONCEPCION,nutricion y desarrollo infantil,controles repetidos en ninos de 2 anos de < 5,2005-04-01,36,36,36,72
COPACABANA,nutricion y desarrollo infantil,controles repetidos en ninos de 2 anos de < 5,2005-04-01,16,16,67,83
CORIPATA,nutricion y desarrollo infantil,controles repetidos en ninos de 2 anos de < 5,2005-04-01,16,16,17,33
CORO CORO,nutricion y desarrollo infantil,controles repetidos en ninos de 2 anos de < 5,2005-04-01,74,74,69,143
COROICO,nutricion y desarrollo infantil,controles repetidos en ninos de 2 anos de < 5,2005-04-01,36,36,37,73
CORQUE,nutricion y desarrollo infantil,controles repetidos en ninos de 2 anos de < 5,2005-04-01,45,45,45,90
COTAGAITA,nutricion y desarrollo infantil,controles repetidos en ninos de 2 anos de < 5,2005-04-01,209,209,213,422
COTOCA,nutricion y desarrollo infantil,controles repetidos en ninos de 2 anos de < 5,2005-04-01,340,340,349,689
CUATRO CAÑADAS,nutricion y desarrollo infantil,controles repetidos en ninos de 2 anos de < 5,2005-04-01,61,61,103,164
CUCHUMUELA (V. G. VILLARROEL),nutricion y desarrollo infantil,controles repetidos en ninos de 2 anos de < 5,2005-04-01,7,7,3,10
CUEVO,nutricion y desarrollo infantil,controles repetidos en ninos de 2 anos de < 5,2005-04-01,38,38,45,83
CULPINA,nutricion y desarrollo infantil,controles repetidos en ninos de 2 anos de < 5,2005-04-01,225,225,270,495
CURAHUARA DE CARANGAS,nutricion y desarrollo infantil,controles repetidos en ninos de 2 anos de < 5,2005-04-01,49,49,43,92
CURVA,nutricion y desarrollo infantil,controles repetidos en ninos de 2 anos de < 5,2005-04-01,17,17,16,33
DESAGUADERO,nutricion y desarrollo infantil,controles repetidos en ninos de 2 anos de < 5,2005-04-01,30,30,27,57
EL ALTO,nutricion y desarrollo infantil,controles repetidos en ninos de 2 anos de < 5,2005-04-01,2693,2693,2419,5112
EL CHORO,nutricion y desarrollo infantil,controles repetidos en ninos de 2 anos de < 5,2005-04-01,11,11,12,23
EL PUENTE(STC),nutricion y desarrollo infantil,controles repetidos en ninos de 2 anos de < 5,2005-04-01,105,105,80,185
EL PUENTE(TJA),nutricion y desarrollo infantil,controles repetidos en ninos de 2 anos de < 5,2005-04-01,151,151,143,294
EL TORNO,nutricion y desarrollo infantil,controles repetidos en ninos de 2 anos de < 5,2005-04-01,134,134,129,263
EL VILLAR,nutricion y desarrollo infantil,controles repetidos en ninos de 2 anos de < 5,2005-04-01,147,147,120,267
ENTRE RIOS,nutricion y desarrollo infantil,controles repetidos en ninos de 2 anos de < 5,2005-04-01,147,147,133,280
ENTRE RIOS,nutricion y desarrollo infantil,controles repetidos en ninos de 2 anos de < 5,2005-04-01,90,90,74,164
EUCALIPTUS,nutricion y desarrollo infantil,controles repetidos en ninos de 2 anos de < 5,2005-04-01,102,102,60,162
EUREKA (SANTOS MERCADO),nutricion y desarrollo infantil,controles repetidos en ninos de 2 anos de < 5,2005-04-01,4,4,2,6
EXALTACION,nutricion y desarrollo infantil,controles repetidos en ninos de 2 anos de < 5,2005-04-01,45,45,56,101
FERNANDEZ ALONSO,nutricion y desarrollo infantil,controles repetidos en ninos de 2 anos de < 5,2005-04-01,157,157,145,302
FILADELFIA,nutricion y desarrollo infantil,controles repetidos en ninos de 2 anos de < 5,2005-04-01,27,27,20,47
GENERAL SAAVEDRA,nutricion y desarrollo infantil,controles repetidos en ninos de 2 anos de < 5,2005-04-01,253,253,192,445
GRAL. J.J. PEREZ (CHARAZANI),nutricion y desarrollo infantil,controles repetidos en ninos de 2 anos de < 5,2005-04-01,43,43,52,95
GUANAY,nutricion y desarrollo infantil,controles repetidos en ninos de 2 anos de < 5,2005-04-01,86,86,61,147
GUAQUI,nutricion y desarrollo infantil,controles repetidos en ninos de 2 anos de < 5,2005-04-01,51,51,37,88
GUAYARAMERIN,nutricion y desarrollo infantil,controles repetidos en ninos de 2 anos de < 5,2005-04-01,267,267,259,526
GUTIERREZ,nutricion y desarrollo infantil,controles repetidos en ninos de 2 anos de < 5,2005-04-01,310,310,308,618
HUACARETA,nutricion y desarrollo infantil,controles repetidos en ninos de 2 anos de < 5,2005-04-01,195,195,198,393
HUACAYA (VILLA DE HUACAYA),nutricion y desarrollo infantil,controles repetidos en ninos de 2 anos de < 5,2005-04-01,50,50,50,100
HUACHACALLA,nutricion y desarrollo infantil,controles repetidos en ninos de 2 anos de < 5,2005-04-01,5,5,1,6
HUANUNI,nutricion y desarrollo infantil,controles repetidos en ninos de 2 anos de < 5,2005-04-01,86,86,90,176
HUARACAJE,nutricion y desarrollo infantil,controles repetidos en ninos de 2 anos de < 5,2005-04-01,50,50,49,99
HUAYLLAMARCA,nutricion y desarrollo infantil,controles repetidos en ninos de 2 anos de < 5,2005-04-01,10,10,8,18
ICHOCA,nutricion y desarrollo infantil,controles repetidos en ninos de 2 anos de < 5,2005-04-01,43,43,41,84
ICLA,nutricion y desarrollo infantil,controles repetidos en ninos de 2 anos de < 5,2005-04-01,329,329,307,636
INCAHUASI,nutricion y desarrollo infantil,controles repetidos en ninos de 2 anos de < 5,2005-04-01,197,197,219,416
INGAVI (HUMAITA),nutricion y desarrollo infantil,controles repetidos en ninos de 2 anos de < 5,2005-04-01,24,24,7,31
INQUISIVI,nutricion y desarrollo infantil,controles repetidos en ninos de 2 anos de < 5,2005-04-01,124,124,146,270
IRUPANA (VILLA DE LANZA),nutricion y desarrollo infantil,controles repetidos en ninos de 2 anos de < 5,2005-04-01,136,136,130,266
IXIAMAS,nutricion y desarrollo infantil,controles repetidos en ninos de 2 anos de < 5,2005-04-01,60,60,53,113
JESUS DE MACHACA,nutricion y desarrollo infantil,controles repetidos en ninos de 2 anos de < 5,2005-04-01,52,52,61,113
LA ASUNTA,nutricion y desarrollo infantil,controles repetidos en ninos de 2 anos de < 5,2005-04-01,34,34,33,67
LA GUARDIA,nutricion y desarrollo infantil,controles repetidos en ninos de 2 anos de < 5,2005-04-01,173,173,179,352
LA PAZ,nutricion y desarrollo infantil,controles repetidos en ninos de 2 anos de < 5,2005-04-01,2577,2577,2562,5139
LA RIVERA,nutricion y desarrollo infantil,controles repetidos en ninos de 2 anos de < 5,2005-04-01,3,3,3,6
LAGUNILLAS,nutricion y desarrollo infantil,controles repetidos en ninos de 2 anos de < 5,2005-04-01,153,153,137,290
LAJA,nutricion y desarrollo infantil,controles repetidos en ninos de 2 anos de < 5,2005-04-01,76,76,77,153
LAS CARRERAS,nutricion y desarrollo infantil,controles repetidos en ninos de 2 anos de < 5,2005-04-01,46,46,58,104
LICOMA PAMPA,nutricion y desarrollo infantil,controles repetidos en ninos de 2 anos de < 5,2005-04-01,42,42,41,83
LLALLAGUA,nutricion y desarrollo infantil,controles repetidos en ninos de 2 anos de < 5,2005-04-01,338,338,325,663
LLICA,nutricion y desarrollo infantil,controles repetidos en ninos de 2 anos de < 5,2005-04-01,90,90,69,159
LORETO,nutricion y desarrollo infantil,controles repetidos en ninos de 2 anos de < 5,2005-04-01,25,25,25,50
LURIBAY,nutricion y desarrollo infantil,controles repetidos en ninos de 2 anos de < 5,2005-04-01,88,88,99,187
MACHACAMARCA,nutricion y desarrollo infantil,controles repetidos en ninos de 2 anos de < 5,2005-04-01,32,32,22,54
MACHARETI,nutricion y desarrollo infantil,controles repetidos en ninos de 2 anos de < 5,2005-04-01,183,183,191,374
MAGDALENA,nutricion y desarrollo infantil,controles repetidos en ninos de 2 anos de < 5,2005-04-01,50,50,62,112
MAIRANA,nutricion y desarrollo infantil,controles repetidos en ninos de 2 anos de < 5,2005-04-01,60,60,54,114
MALLA,nutricion y desarrollo infantil,controles repetidos en ninos de 2 anos de < 5,2005-04-01,40,40,31,71
MAPIRI,nutricion y desarrollo infantil,controles repetidos en ninos de 2 anos de < 5,2005-04-01,122,122,115,237
MECAPACA,nutricion y desarrollo infantil,controles repetidos en ninos de 2 anos de < 5,2005-04-01,123,123,100,223
MINEROS,nutricion y desarrollo infantil,controles repetidos en ninos de 2 anos de < 5,2005-04-01,146,146,154,300
MIZQUE,nutricion y desarrollo infantil,controles repetidos en ninos de 2 anos de < 5,2005-04-01,204,204,200,404
MOCOMOCO,nutricion y desarrollo infantil,controles repetidos en ninos de 2 anos de < 5,2005-04-01,92,92,74,166
MOJINETE,nutricion y desarrollo infantil,controles repetidos en ninos de 2 anos de < 5,2005-04-01,23,23,17,40
MOJOCOYA,nutricion y desarrollo infantil,controles repetidos en ninos de 2 anos de < 5,2005-04-01,180,180,134,314
MONTEAGUDO,nutricion y desarrollo infantil,controles repetidos en ninos de 2 anos de < 5,2005-04-01,280,280,267,547
MONTERO,nutricion y desarrollo infantil,controles repetidos en ninos de 2 anos de < 5,2005-04-01,656,656,715,1371
MORO MORO,nutricion y desarrollo infantil,controles repetidos en ninos de 2 anos de < 5,2005-04-01,51,51,57,108
MOROCHATA,nutricion y desarrollo infantil,controles repetidos en ninos de 2 anos de < 5,2005-04-01,106,106,100,206
NACEBE (SANTA ROSA DEL ABUNA),nutricion y desarrollo infantil,controles repetidos en ninos de 2 anos de < 5,2005-04-01,25,25,23,48
NAZACARA DE PACAJES,nutricion y desarrollo infantil,controles repetidos en ninos de 2 anos de < 5,2005-04-01,4,4,4,8
NUEVO MANOA (NUEVA ESPERANZA),nutricion y desarrollo infantil,controles repetidos en ninos de 2 anos de < 5,2005-04-01,4,4,8,12
OCURI,nutricion y desarrollo infantil,controles repetidos en ninos de 2 anos de < 5,2005-04-01,279,279,286,565
OKINAWA,nutricion y desarrollo infantil,controles repetidos en ninos de 2 anos de < 5,2005-04-01,84,84,68,152
OMEREQUE,nutricion y desarrollo infantil,controles repetidos en ninos de 2 anos de < 5,2005-04-01,60,60,85,145
ORURO,nutricion y desarrollo infantil,controles repetidos en ninos de 2 anos de < 5,2005-04-01,888,888,867,1755
PADCAYA,nutricion y desarrollo infantil,controles repetidos en ninos de 2 anos de < 5,2005-04-01,173,173,191,364
PADILLA,nutricion y desarrollo infantil,controles repetidos en ninos de 2 anos de < 5,2005-04-01,264,264,281,545
PAILON,nutricion y desarrollo infantil,controles repetidos en ninos de 2 anos de < 5,2005-04-01,116,116,119,235
PALCA,nutricion y desarrollo infantil,controles repetidos en ninos de 2 anos de < 5,2005-04-01,43,43,36,79
PALOS BLANCOS,nutricion y desarrollo infantil,controles repetidos en ninos de 2 anos de < 5,2005-04-01,186,186,177,363
PAMPA AULLAGAS,nutricion y desarrollo infantil,controles repetidos en ninos de 2 anos de < 5,2005-04-01,33,33,33,66
PAMPA GRANDE,nutricion y desarrollo infantil,controles repetidos en ninos de 2 anos de < 5,2005-04-01,38,38,30,68
PAPEL PAMPA,nutricion y desarrollo infantil,controles repetidos en ninos de 2 anos de < 5,2005-04-01,62,62,52,114
PASORAPA,nutricion y desarrollo infantil,controles repetidos en ninos de 2 anos de < 5,2005-04-01,70,70,58,128
PATACAMAYA,nutricion y desarrollo infantil,controles repetidos en ninos de 2 anos de < 5,2005-04-01,128,128,102,230
PAZÑA,nutricion y desarrollo infantil,controles repetidos en ninos de 2 anos de < 5,2005-04-01,59,59,63,122
PELECHUCO,nutricion y desarrollo infantil,controles repetidos en ninos de 2 anos de < 5,2005-04-01,24,24,25,49
POCOATA,nutricion y desarrollo infantil,controles repetidos en ninos de 2 anos de < 5,2005-04-01,260,260,294,554
POCONA,nutricion y desarrollo infantil,controles repetidos en ninos de 2 anos de < 5,2005-04-01,88,88,85,173
POJO (CBBA),nutricion y desarrollo infantil,controles repetidos en ninos de 2 anos de < 5,2005-04-01,130,130,117,247
POOPO,nutricion y desarrollo infantil,controles repetidos en ninos de 2 anos de < 5,2005-04-01,10,10,3,13
PORCO,nutricion y desarrollo infantil,controles repetidos en ninos de 2 anos de < 5,2005-04-01,35,35,31,66
POROMA,nutricion y desarrollo infantil,controles repetidos en ninos de 2 anos de < 5,2005-04-01,136,136,162,298
PORONGO,nutricion y desarrollo infantil,controles repetidos en ninos de 2 anos de < 5,2005-04-01,32,32,31,63
PORTACHUELO,nutricion y desarrollo infantil,controles repetidos en ninos de 2 anos de < 5,2005-04-01,166,166,149,315
PORVENIR,nutricion y desarrollo infantil,controles repetidos en ninos de 2 anos de < 5,2005-04-01,32,32,24,56
POSTRER VALLE,nutricion y desarrollo infantil,controles repetidos en ninos de 2 anos de < 5,2005-04-01,9,9,19,28
POTOSI,nutricion y desarrollo infantil,controles repetidos en ninos de 2 anos de < 5,2005-04-01,597,597,604,1201
PRESTO,nutricion y desarrollo infantil,controles repetidos en ninos de 2 anos de < 5,2005-04-01,161,161,152,313
PUCARA,nutricion y desarrollo infantil,controles repetidos en ninos de 2 anos de < 5,2005-04-01,36,36,30,66
PUCARANI,nutricion y desarrollo infantil,controles repetidos en ninos de 2 anos de < 5,2005-04-01,105,105,93,198
PUERTO ACOSTA,nutricion y desarrollo infantil,controles repetidos en ninos de 2 anos de < 5,2005-04-01,177,177,188,365
PUERTO CARABUCO,nutricion y desarrollo infantil,controles repetidos en ninos de 2 anos de < 5,2005-04-01,107,107,129,236
PUERTO GONZALO MORENO,nutricion y desarrollo infantil,controles repetidos en ninos de 2 anos de < 5,2005-04-01,71,71,77,148
PUERTO PEREZ,nutricion y desarrollo infantil,controles repetidos en ninos de 2 anos de < 5,2005-04-01,47,47,42,89
PUERTO QUIJARRO,nutricion y desarrollo infantil,controles repetidos en ninos de 2 anos de < 5,2005-04-01,33,33,46,79
PUERTO RICO,nutricion y desarrollo infantil,controles repetidos en ninos de 2 anos de < 5,2005-04-01,56,56,59,115
PUERTO SILES,nutricion y desarrollo infantil,controles repetidos en ninos de 2 anos de < 5,2005-04-01,4,4,3,7
PUERTO SUAREZ,nutricion y desarrollo infantil,controles repetidos en ninos de 2 anos de < 5,2005-04-01,42,42,46,88
PUERTO VILLARROEL,nutricion y desarrollo infantil,controles repetidos en ninos de 2 anos de < 5,2005-04-01,153,153,153,306
PUNA,nutricion y desarrollo infantil,controles repetidos en ninos de 2 anos de < 5,2005-04-01,240,240,237,477
PUNATA,nutricion y desarrollo infantil,controles repetidos en ninos de 2 anos de < 5,2005-04-01,158,158,139,297
QUIABAYA,nutricion y desarrollo infantil,controles repetidos en ninos de 2 anos de < 5,2005-04-01,12,12,11,23
QUILLACOLLO,nutricion y desarrollo infantil,controles repetidos en ninos de 2 anos de < 5,2005-04-01,69,69,73,142
QUIME,nutricion y desarrollo infantil,controles repetidos en ninos de 2 anos de < 5,2005-04-01,126,126,111,237
QUIRUSILLAS,nutricion y desarrollo infantil,controles repetidos en ninos de 2 anos de < 5,2005-04-01,13,13,18,31
RAVELO,nutricion y desarrollo infantil,controles repetidos en ninos de 2 anos de < 5,2005-04-01,467,467,451,918
REYES,nutricion y desarrollo infantil,controles repetidos en ninos de 2 anos de < 5,2005-04-01,216,216,218,434
RIBERALTA,nutricion y desarrollo infantil,controles repetidos en ninos de 2 anos de < 5,2005-04-01,544,544,527,1071
ROBORE,nutricion y desarrollo infantil,controles repetidos en ninos de 2 anos de < 5,2005-04-01,97,97,90,187
RURRENABAQUE,nutricion y desarrollo infantil,controles repetidos en ninos de 2 anos de < 5,2005-04-01,37,37,25,62
SABAYA,nutricion y desarrollo infantil,controles repetidos en ninos de 2 anos de < 5,2005-04-01,25,25,35,60
SACABA,nutricion y desarrollo infantil,controles repetidos en ninos de 2 anos de < 5,2005-04-01,32,32,37,69
SACABAMBA,nutricion y desarrollo infantil,controles repetidos en ninos de 2 anos de < 5,2005-04-01,28,28,36,64
SACACA,nutricion y desarrollo infantil,controles repetidos en ninos de 2 anos de < 5,2005-04-01,470,470,463,933
SAIPINA,nutricion y desarrollo infantil,controles repetidos en ninos de 2 anos de < 5,2005-04-01,38,38,45,83
SALINAS DE GARCI MENDOZA,nutricion y desarrollo infantil,controles repetidos en ninos de 2 anos de < 5,2005-04-01,83,83,58,141
SAMAIPATA,nutricion y desarrollo infantil,controles repetidos en ninos de 2 anos de < 5,2005-04-01,89,89,96,185
SAN AGUSTIN,nutricion y desarrollo infantil,controles repetidos en ninos de 2 anos de < 5,2005-04-01,21,21,24,45
SAN ANDRES,nutricion y desarrollo infantil,controles repetidos en ninos de 2 anos de < 5,2005-04-01,90,90,95,185
SAN ANDRES DE MACHACA,nutricion y desarrollo infantil,controles repetidos en ninos de 2 anos de < 5,2005-04-01,17,17,24,41
SAN ANTONIO DE ESMORUCO,nutricion y desarrollo infantil,controles repetidos en ninos de 2 anos de < 5,2005-04-01,18,18,20,38
SAN ANTONIO DE LOMERIO,nutricion y desarrollo infantil,controles repetidos en ninos de 2 anos de < 5,2005-04-01,161,161,182,343
SAN BENITO,nutricion y desarrollo infantil,controles repetidos en ninos de 2 anos de < 5,2005-04-01,79,79,101,180
SAN BORJA,nutricion y desarrollo infantil,controles repetidos en ninos de 2 anos de < 5,2005-04-01,252,252,248,500
SAN BUENA VENTURA,nutricion y desarrollo infantil,controles repetidos en ninos de 2 anos de < 5,2005-04-01,75,75,96,171
SAN CARLOS,nutricion y desarrollo infantil,controles repetidos en ninos de 2 anos de < 5,2005-04-01,128,128,107,235
SAN IGNACIO,nutricion y desarrollo infantil,controles repetidos en ninos de 2 anos de < 5,2005-04-01,165,165,166,331
SAN IGNACIO DE VELASCO,nutricion y desarrollo infantil,controles repetidos en ninos de 2 anos de < 5,2005-04-01,354,354,376,730
SAN JAVIER(BNI),nutricion y desarrollo infantil,controles repetidos en ninos de 2 anos de < 5,2005-04-01,35,35,29,64
SAN JAVIER(STC),nutricion y desarrollo infantil,controles repetidos en ninos de 2 anos de < 5,2005-04-01,20,20,20,40
SAN JOAQUIN,nutricion y desarrollo infantil,controles repetidos en ninos de 2 anos de < 5,2005-04-01,32,32,33,65
SAN JOSE DE CHIQUITOS,nutricion y desarrollo infantil,controles repetidos en ninos de 2 anos de < 5,2005-04-01,101,101,83,184
SAN JUAN DE YAPACANI,nutricion y desarrollo infantil,controles repetidos en ninos de 2 anos de < 5,2005-04-01,168,168,170,338
SAN JULIAN,nutricion y desarrollo infantil,controles repetidos en ninos de 2 anos de < 5,2005-04-01,115,115,147,262
SAN LORENZO(PND),nutricion y desarrollo infantil,controles repetidos en ninos de 2 anos de < 5,2005-04-01,55,55,56,111
SAN LORENZO(TJA),nutricion y desarrollo infantil,controles repetidos en ninos de 2 anos de < 5,2005-04-01,249,249,272,521
SAN LUCAS,nutricion y desarrollo infantil,controles repetidos en ninos de 2 anos de < 5,2005-04-01,532,532,535,1067
SAN MATIAS,nutricion y desarrollo infantil,controles repetidos en ninos de 2 anos de < 5,2005-04-01,125,125,113,238
SAN MIGUEL DE VELASCO,nutricion y desarrollo infantil,controles repetidos en ninos de 2 anos de < 5,2005-04-01,104,104,98,202
SAN PABLO DE LIPEZ,nutricion y desarrollo infantil,controles repetidos en ninos de 2 anos de < 5,2005-04-01,31,31,27,58
SAN PEDRO,nutricion y desarrollo infantil,controles repetidos en ninos de 2 anos de < 5,2005-04-01,115,115,125,240
SAN PEDRO DE BUENA VISTA,nutricion y desarrollo infantil,controles repetidos en ninos de 2 anos de < 5,2005-04-01,294,294,269,563
SAN PEDRO DE CURAHUARA,nutricion y desarrollo infantil,controles repetidos en ninos de 2 anos de < 5,2005-04-01,51,51,50,101
SAN PEDRO DE QUEMES,nutricion y desarrollo infantil,controles repetidos en ninos de 2 anos de < 5,2005-04-01,8,8,5,13
SAN PEDRO DE TIQUINA,nutricion y desarrollo infantil,controles repetidos en ninos de 2 anos de < 5,2005-04-01,43,43,27,70
SAN PEDRO(PND),nutricion y desarrollo infantil,controles repetidos en ninos de 2 anos de < 5,2005-04-01,30,30,32,62
SAN RAFAEL,nutricion y desarrollo infantil,controles repetidos en ninos de 2 anos de < 5,2005-04-01,113,113,93,206
SAN RAMON,nutricion y desarrollo infantil,controles repetidos en ninos de 2 anos de < 5,2005-04-01,36,36,22,58
SAN RAMON,nutricion y desarrollo infantil,controles repetidos en ninos de 2 anos de < 5,2005-04-01,52,52,35,87
SANTA ANA,nutricion y desarrollo infantil,controles repetidos en ninos de 2 anos de < 5,2005-04-01,98,98,68,166
SANTA CRUZ DE LA SIERRA,nutricion y desarrollo infantil,controles repetidos en ninos de 2 anos de < 5,2005-04-01,2665,2665,2413,5078
SANTA ROSA,nutricion y desarrollo infantil,controles repetidos en ninos de 2 anos de < 5,2005-04-01,60,60,71,131
SANTA ROSA DEL SARA,nutricion y desarrollo infantil,controles repetidos en ninos de 2 anos de < 5,2005-04-01,80,80,78,158
SANTIAGO DE CALLAPA,nutricion y desarrollo infantil,controles repetidos en ninos de 2 anos de < 5,2005-04-01,45,45,32,77
SANTIAGO DE HUARI,nutricion y desarrollo infantil,controles repetidos en ninos de 2 anos de < 5,2005-04-01,41,41,43,84
SANTIAGO DE MACHACA,nutricion y desarrollo infantil,controles repetidos en ninos de 2 anos de < 5,2005-04-01,9,9,5,14
SANTIVAÑES,nutricion y desarrollo infantil,controles repetidos en ninos de 2 anos de < 5,2005-04-01,37,37,38,75
SANTUARIO DE QUILLACAS,nutricion y desarrollo infantil,controles repetidos en ninos de 2 anos de < 5,2005-04-01,17,17,13,30
SAPAHAQUI,nutricion y desarrollo infantil,controles repetidos en ninos de 2 anos de < 5,2005-04-01,79,79,88,167
SENA,nutricion y desarrollo infantil,controles repetidos en ninos de 2 anos de < 5,2005-04-01,34,34,27,61
SICA SICA (VILLA AROMA),nutricion y desarrollo infantil,controles repetidos en ninos de 2 anos de < 5,2005-04-01,111,111,94,205
SICAYA,nutricion y desarrollo infantil,controles repetidos en ninos de 2 anos de < 5,2005-04-01,27,27,17,44
SIPE SIPE,nutricion y desarrollo infantil,controles repetidos en ninos de 2 anos de < 5,2005-04-01,160,160,123,283
SOPACHUY,nutricion y desarrollo infantil,controles repetidos en ninos de 2 anos de < 5,2005-04-01,183,183,199,382
SORACACHI,nutricion y desarrollo infantil,controles repetidos en ninos de 2 anos de < 5,2005-04-01,101,101,76,177
SORATA,nutricion y desarrollo infantil,controles repetidos en ninos de 2 anos de < 5,2005-04-01,156,156,166,322
SUCRE,nutricion y desarrollo infantil,controles repetidos en ninos de 2 anos de < 5,2005-04-01,789,789,798,1587
TACACHI,nutricion y desarrollo infantil,controles repetidos en ninos de 2 anos de < 5,2005-04-01,5,5,1,6
TACACOMA,nutricion y desarrollo infantil,controles repetidos en ninos de 2 anos de < 5,2005-04-01,41,41,28,69
TACOBAMBA,nutricion y desarrollo infantil,controles repetidos en ninos de 2 anos de < 5,2005-04-01,140,140,121,261
TACOPAYA,nutricion y desarrollo infantil,controles repetidos en ninos de 2 anos de < 5,2005-04-01,246,246,233,479
TAHUA,nutricion y desarrollo infantil,controles repetidos en ninos de 2 anos de < 5,2005-04-01,25,25,35,60
TAPACARI,nutricion y desarrollo infantil,controles repetidos en ninos de 2 anos de < 5,2005-04-01,183,183,166,349
TARABUCO,nutricion y desarrollo infantil,controles repetidos en ninos de 2 anos de < 5,2005-04-01,516,516,588,1104
TARACO,nutricion y desarrollo infantil,controles repetidos en ninos de 2 anos de < 5,2005-04-01,46,46,51,97
TARATA,nutricion y desarrollo infantil,controles repetidos en ninos de 2 anos de < 5,2005-04-01,39,39,43,82
TARIJA,nutricion y desarrollo infantil,controles repetidos en ninos de 2 anos de < 5,2005-04-01,536,536,505,1041
TARVITA,nutricion y desarrollo infantil,controles repetidos en ninos de 2 anos de < 5,2005-04-01,13,13,0,13
TEOPONTE,nutricion y desarrollo infantil,controles repetidos en ninos de 2 anos de < 5,2005-04-01,87,87,77,164
TIAWANACU,nutricion y desarrollo infantil,controles repetidos en ninos de 2 anos de < 5,2005-04-01,45,45,26,71
TINGUIPAYA,nutricion y desarrollo infantil,controles repetidos en ninos de 2 anos de < 5,2005-04-01,225,225,207,432
TIPUANI,nutricion y desarrollo infantil,controles repetidos en ninos de 2 anos de < 5,2005-04-01,31,31,43,74
TIQUIPAYA,nutricion y desarrollo infantil,controles repetidos en ninos de 2 anos de < 5,2005-04-01,101,101,66,167
TIRAQUE (CBBA),nutricion y desarrollo infantil,controles repetidos en ninos de 2 anos de < 5,2005-04-01,74,74,85,159
TITO YUPANQUI (PARQUIPUJIO),nutricion y desarrollo infantil,controles repetidos en ninos de 2 anos de < 5,2005-04-01,18,18,16,34
TOCO,nutricion y desarrollo infantil,controles repetidos en ninos de 2 anos de < 5,2005-04-01,47,47,30,77
TOLATA,nutricion y desarrollo infantil,controles repetidos en ninos de 2 anos de < 5,2005-04-01,7,7,5,12
TOLEDO,nutricion y desarrollo infantil,controles repetidos en ninos de 2 anos de < 5,2005-04-01,34,34,46,80
TOMAVE,nutricion y desarrollo infantil,controles repetidos en ninos de 2 anos de < 5,2005-04-01,69,69,70,139
TOMINA,nutricion y desarrollo infantil,controles repetidos en ninos de 2 anos de < 5,2005-04-01,248,248,281,529
TORO TORO,nutricion y desarrollo infantil,controles repetidos en ninos de 2 anos de < 5,2005-04-01,156,156,150,306
TOTORA(CBBA),nutricion y desarrollo infantil,controles repetidos en ninos de 2 anos de < 5,2005-04-01,66,66,72,138
TOTORA(ORR),nutricion y desarrollo infantil,controles repetidos en ninos de 2 anos de < 5,2005-04-01,32,32,44,76
TRIGAL,nutricion y desarrollo infantil,controles repetidos en ninos de 2 anos de < 5,2005-04-01,14,14,18,32
TRINIDAD,nutricion y desarrollo infantil,controles repetidos en ninos de 2 anos de < 5,2005-04-01,228,228,168,396
TUPIZA,nutricion y desarrollo infantil,controles repetidos en ninos de 2 anos de < 5,2005-04-01,473,473,428,901
TURCO,nutricion y desarrollo infantil,controles repetidos en ninos de 2 anos de < 5,2005-04-01,29,29,32,61
UMALA,nutricion y desarrollo infantil,controles repetidos en ninos de 2 anos de < 5,2005-04-01,38,38,44,82
UNCIA,nutricion y desarrollo infantil,controles repetidos en ninos de 2 anos de < 5,2005-04-01,62,62,42,104
URIONDO (A. CONCEPCION),nutricion y desarrollo infantil,controles repetidos en ninos de 2 anos de < 5,2005-04-01,158,158,203,361
URUBICHA,nutricion y desarrollo infantil,controles repetidos en ninos de 2 anos de < 5,2005-04-01,280,280,254,534
UYUNI,nutricion y desarrollo infantil,controles repetidos en ninos de 2 anos de < 5,2005-04-01,253,253,256,509
VACAS,nutricion y desarrollo infantil,controles repetidos en ninos de 2 anos de < 5,2005-04-01,66,66,45,111
VALLEGRANDE,nutricion y desarrollo infantil,controles repetidos en ninos de 2 anos de < 5,2005-04-01,73,73,74,147
VIACHA,nutricion y desarrollo infantil,controles repetidos en ninos de 2 anos de < 5,2005-04-01,95,95,92,187
VILA VILA,nutricion y desarrollo infantil,controles repetidos en ninos de 2 anos de < 5,2005-04-01,34,34,23,57
VILLA MONTES,nutricion y desarrollo infantil,controles repetidos en ninos de 2 anos de < 5,2005-04-01,141,141,131,272
VILLA NUEVA (LOMA ALTA),nutricion y desarrollo infantil,controles repetidos en ninos de 2 anos de < 5,2005-04-01,3,3,4,7
VILLA RIVERO,nutricion y desarrollo infantil,controles repetidos en ninos de 2 anos de < 5,2005-04-01,43,43,40,83
VILLA SERRANO,nutricion y desarrollo infantil,controles repetidos en ninos de 2 anos de < 5,2005-04-01,304,304,289,593
VILLA TUNARI,nutricion y desarrollo infantil,controles repetidos en ninos de 2 anos de < 5,2005-04-01,299,299,268,567
VILLA VACA GUZMAN (MUYUPAMPA),nutricion y desarrollo infantil,controles repetidos en ninos de 2 anos de < 5,2005-04-01,161,161,180,341
VILLAZON,nutricion y desarrollo infantil,controles repetidos en ninos de 2 anos de < 5,2005-04-01,314,314,329,643
VINTO,nutricion y desarrollo infantil,controles repetidos en ninos de 2 anos de < 5,2005-04-01,11,11,6,17
VITICHI,nutricion y desarrollo infantil,controles repetidos en ninos de 2 anos de < 5,2005-04-01,146,146,154,300
WALDO BALLIVIAN,nutricion y desarrollo infantil,controles repetidos en ninos de 2 anos de < 5,2005-04-01,3,3,17,20
WARNES,nutricion y desarrollo infantil,controles repetidos en ninos de 2 anos de < 5,2005-04-01,175,175,140,315
YACO,nutricion y desarrollo infantil,controles repetidos en ninos de 2 anos de < 5,2005-04-01,21,21,36,57
YACUIBA,nutricion y desarrollo infantil,controles repetidos en ninos de 2 anos de < 5,2005-04-01,198,198,189,387
YAMPARAEZ,nutricion y desarrollo infantil,controles repetidos en ninos de 2 anos de < 5,2005-04-01,315,315,300,615
YANACACHI,nutricion y desarrollo infantil,controles repetidos en ninos de 2 anos de < 5,2005-04-01,9,9,18,27
YAPACANI,nutricion y desarrollo infantil,controles repetidos en ninos de 2 anos de < 5,2005-04-01,333,333,300,633
YOCALLA,nutricion y desarrollo infantil,controles repetidos en ninos de 2 anos de < 5,2005-04-01,58,58,46,104
YOTALA,nutricion y desarrollo infantil,controles repetidos en ninos de 2 anos de < 5,2005-04-01,198,198,237,435
YUNCHARA,nutricion y desarrollo infantil,controles repetidos en ninos de 2 anos de < 5,2005-04-01,136,136,161,297
ZUDAÑEZ,nutricion y desarrollo infantil,controles repetidos en ninos de 2 anos de < 5,2005-04-01,131,131,149,280
ACACIO,nutricion y desarrollo infantil,controles repetidos en ninos de 2 anos de < 5,2005-05-01,111,111,84,195
ACHACACHI,nutricion y desarrollo infantil,controles repetidos en ninos de 2 anos de < 5,2005-05-01,311,311,308,619
ACHOCALLA,nutricion y desarrollo infantil,controles repetidos en ninos de 2 anos de < 5,2005-05-01,39,39,28,67
AIQUILE,nutricion y desarrollo infantil,controles repetidos en ninos de 2 anos de < 5,2005-05-01,69,69,75,144
ALALAY,nutricion y desarrollo infantil,controles repetidos en ninos de 2 anos de < 5,2005-05-01,17,17,6,23
ALCALA,nutricion y desarrollo infantil,controles repetidos en ninos de 2 anos de < 5,2005-05-01,94,94,99,193
ANCORAIMES,nutricion y desarrollo infantil,controles repetidos en ninos de 2 anos de < 5,2005-05-01,154,154,171,325
ANDAMARCA,nutricion y desarrollo infantil,controles repetidos en ninos de 2 anos de < 5,2005-05-01,12,12,22,34
ANTEQUERA,nutricion y desarrollo infantil,controles repetidos en ninos de 2 anos de < 5,2005-05-01,29,29,27,56
ANZALDO,nutricion y desarrollo infantil,controles repetidos en ninos de 2 anos de < 5,2005-05-01,13,13,20,33
APOLO,nutricion y desarrollo infantil,controles repetidos en ninos de 2 anos de < 5,2005-05-01,75,75,81,156
ARAMPAMPA,nutricion y desarrollo infantil,controles repetidos en ninos de 2 anos de < 5,2005-05-01,89,89,108,197
ARANI,nutricion y desarrollo infantil,controles repetidos en ninos de 2 anos de < 5,2005-05-01,61,61,56,117
ARBIETO,nutricion y desarrollo infantil,controles repetidos en ninos de 2 anos de < 5,2005-05-01,14,14,17,31
ARQUE,nutricion y desarrollo infantil,controles repetidos en ninos de 2 anos de < 5,2005-05-01,83,83,80,163
ATOCHA,nutricion y desarrollo infantil,controles repetidos en ninos de 2 anos de < 5,2005-05-01,143,143,130,273
AUCAPATA,nutricion y desarrollo infantil,controles repetidos en ninos de 2 anos de < 5,2005-05-01,41,41,48,89
AYATA,nutricion y desarrollo infantil,controles repetidos en ninos de 2 anos de < 5,2005-05-01,57,57,50,107
AYO AYO,nutricion y desarrollo infantil,controles repetidos en ninos de 2 anos de < 5,2005-05-01,17,17,18,35
AYOPAYA (V. DE INDEPENDENCIA),nutricion y desarrollo infantil,controles repetidos en ninos de 2 anos de < 5,2005-05-01,190,190,193,383
AZURDUY,nutricion y desarrollo infantil,controles repetidos en ninos de 2 anos de < 5,2005-05-01,352,352,332,684
BATALLAS,nutricion y desarrollo infantil,controles repetidos en ninos de 2 anos de < 5,2005-05-01,77,77,51,128
BAURES,nutricion y desarrollo infantil,controles repetidos en ninos de 2 anos de < 5,2005-05-01,27,27,48,75
BELEN DE ANDAMARCA,nutricion y desarrollo infantil,controles repetidos en ninos de 2 anos de < 5,2005-05-01,9,9,4,13
BELEN DE URMIRI,nutricion y desarrollo infantil,controles repetidos en ninos de 2 anos de < 5,2005-05-01,17,17,25,42
BELLA FLOR,nutricion y desarrollo infantil,controles repetidos en ninos de 2 anos de < 5,2005-05-01,38,38,50,88
BERMEJO,nutricion y desarrollo infantil,controles repetidos en ninos de 2 anos de < 5,2005-05-01,72,72,84,156
BETANZOS,nutricion y desarrollo infantil,controles repetidos en ninos de 2 anos de < 5,2005-05-01,272,272,310,582
BOLIVAR,nutricion y desarrollo infantil,controles repetidos en ninos de 2 anos de < 5,2005-05-01,75,75,68,143
BOLPEBRA,nutricion y desarrollo infantil,controles repetidos en ninos de 2 anos de < 5,2005-05-01,26,26,25,51
BOYUIBE,nutricion y desarrollo infantil,controles repetidos en ninos de 2 anos de < 5,2005-05-01,32,32,35,67
BUENA VISTA,nutricion y desarrollo infantil,controles repetidos en ninos de 2 anos de < 5,2005-05-01,135,135,146,281
CABEZAS,nutricion y desarrollo infantil,controles repetidos en ninos de 2 anos de < 5,2005-05-01,108,108,99,207
CAIROMA,nutricion y desarrollo infantil,controles repetidos en ninos de 2 anos de < 5,2005-05-01,147,147,184,331
"CAIZA ""D""",nutricion y desarrollo infantil,controles repetidos en ninos de 2 anos de < 5,2005-05-01,97,97,104,201
CAJUATA,nutricion y desarrollo infantil,controles repetidos en ninos de 2 anos de < 5,2005-05-01,53,53,59,112
CALACOTO,nutricion y desarrollo infantil,controles repetidos en ninos de 2 anos de < 5,2005-05-01,14,14,12,26
CALAMARCA,nutricion y desarrollo infantil,controles repetidos en ninos de 2 anos de < 5,2005-05-01,159,159,210,369
CAMARGO,nutricion y desarrollo infantil,controles repetidos en ninos de 2 anos de < 5,2005-05-01,198,198,205,403
CAMATAQUI (C. VILLA ABECIA),nutricion y desarrollo infantil,controles repetidos en ninos de 2 anos de < 5,2005-05-01,44,44,33,77
CAMIRI,nutricion y desarrollo infantil,controles repetidos en ninos de 2 anos de < 5,2005-05-01,249,249,232,481
CAPINOTA,nutricion y desarrollo infantil,controles repetidos en ninos de 2 anos de < 5,2005-05-01,49,49,45,94
CAQUIAVIRI,nutricion y desarrollo infantil,controles repetidos en ninos de 2 anos de < 5,2005-05-01,97,97,86,183
CARACOLLO,nutricion y desarrollo infantil,controles repetidos en ninos de 2 anos de < 5,2005-05-01,47,47,46,93
CARANAVI,nutricion y desarrollo infantil,controles repetidos en ninos de 2 anos de < 5,2005-05-01,394,394,363,757
CARAPARI,nutricion y desarrollo infantil,controles repetidos en ninos de 2 anos de < 5,2005-05-01,100,100,95,195
CARIPUYO,nutricion y desarrollo infantil,controles repetidos en ninos de 2 anos de < 5,2005-05-01,114,114,96,210
CARMEN RIVERO TORREZ,nutricion y desarrollo infantil,controles repetidos en ninos de 2 anos de < 5,2005-05-01,7,7,9,16
CATACORA,nutricion y desarrollo infantil,controles repetidos en ninos de 2 anos de < 5,2005-05-01,21,21,32,53
CHACARILLA,nutricion y desarrollo infantil,controles repetidos en ninos de 2 anos de < 5,2005-05-01,10,10,9,19
CHALLAPATA,nutricion y desarrollo infantil,controles repetidos en ninos de 2 anos de < 5,2005-05-01,135,135,144,279
CHAQUI,nutricion y desarrollo infantil,controles repetidos en ninos de 2 anos de < 5,2005-05-01,64,64,69,133
CHARAGUA,nutricion y desarrollo infantil,controles repetidos en ninos de 2 anos de < 5,2005-05-01,216,216,217,433
CHARAÑA,nutricion y desarrollo infantil,controles repetidos en ninos de 2 anos de < 5,2005-05-01,18,18,26,44
CHAYANTA,nutricion y desarrollo infantil,controles repetidos en ninos de 2 anos de < 5,2005-05-01,117,117,113,230
CHIMORE,nutricion y desarrollo infantil,controles repetidos en ninos de 2 anos de < 5,2005-05-01,54,54,47,101
CHIPAYA,nutricion y desarrollo infantil,controles repetidos en ninos de 2 anos de < 5,2005-05-01,3,3,9,12
CHOQUE COTA,nutricion y desarrollo infantil,controles repetidos en ninos de 2 anos de < 5,2005-05-01,13,13,16,29
CHULUMANI (V. DE LA LIBERTAD),nutricion y desarrollo infantil,controles repetidos en ninos de 2 anos de < 5,2005-05-01,26,26,27,53
CHUMA,nutricion y desarrollo infantil,controles repetidos en ninos de 2 anos de < 5,2005-05-01,58,58,54,112
CLIZA,nutricion y desarrollo infantil,controles repetidos en ninos de 2 anos de < 5,2005-05-01,27,27,29,56
COBIJA,nutricion y desarrollo infantil,controles repetidos en ninos de 2 anos de < 5,2005-05-01,140,140,149,289
COCHABAMBA,nutricion y desarrollo infantil,controles repetidos en ninos de 2 anos de < 5,2005-05-01,1059,1059,837,1896
COIPASA,nutricion y desarrollo infantil,controles repetidos en ninos de 2 anos de < 5,2005-05-01,11,11,11,22
COLCAPIRHUA,nutricion y desarrollo infantil,controles repetidos en ninos de 2 anos de < 5,2005-05-01,110,110,87,197
"COLCHA ""K""",nutricion y desarrollo infantil,controles repetidos en ninos de 2 anos de < 5,2005-05-01,100,100,139,239
COLLANA,nutricion y desarrollo infantil,controles repetidos en ninos de 2 anos de < 5,2005-05-01,17,17,14,31
COLOMI,nutricion y desarrollo infantil,controles repetidos en ninos de 2 anos de < 5,2005-05-01,87,87,67,154
COLPA BELGICA,nutricion y desarrollo infantil,controles repetidos en ninos de 2 anos de < 5,2005-05-01,19,19,25,44
COLQUECHACA,nutricion y desarrollo infantil,controles repetidos en ninos de 2 anos de < 5,2005-05-01,252,252,210,462
COLQUENCHA,nutricion y desarrollo infantil,controles repetidos en ninos de 2 anos de < 5,2005-05-01,32,32,26,58
COLQUIRI,nutricion y desarrollo infantil,controles repetidos en ninos de 2 anos de < 5,2005-05-01,61,61,80,141
COMANCHE,nutricion y desarrollo infantil,controles repetidos en ninos de 2 anos de < 5,2005-05-01,34,34,25,59
COMARAPA,nutricion y desarrollo infantil,controles repetidos en ninos de 2 anos de < 5,2005-05-01,103,103,92,195
COMBAYA,nutricion y desarrollo infantil,controles repetidos en ninos de 2 anos de < 5,2005-05-01,10,10,13,23
CONCEPCION,nutricion y desarrollo infantil,controles repetidos en ninos de 2 anos de < 5,2005-05-01,19,19,27,46
COPACABANA,nutricion y desarrollo infantil,controles repetidos en ninos de 2 anos de < 5,2005-05-01,31,31,27,58
CORIPATA,nutricion y desarrollo infantil,controles repetidos en ninos de 2 anos de < 5,2005-05-01,19,19,12,31
CORO CORO,nutricion y desarrollo infantil,controles repetidos en ninos de 2 anos de < 5,2005-05-01,50,50,42,92
COROICO,nutricion y desarrollo infantil,controles repetidos en ninos de 2 anos de < 5,2005-05-01,49,49,54,103
CORQUE,nutricion y desarrollo infantil,controles repetidos en ninos de 2 anos de < 5,2005-05-01,35,35,34,69
COTAGAITA,nutricion y desarrollo infantil,controles repetidos en ninos de 2 anos de < 5,2005-05-01,372,372,358,730
COTOCA,nutricion y desarrollo infantil,controles repetidos en ninos de 2 anos de < 5,2005-05-01,93,93,82,175
CUATRO CAÑADAS,nutricion y desarrollo infantil,controles repetidos en ninos de 2 anos de < 5,2005-05-01,22,22,65,87
CUCHUMUELA (V. G. VILLARROEL),nutricion y desarrollo infantil,controles repetidos en ninos de 2 anos de < 5,2005-05-01,12,12,5,17
CUEVO,nutricion y desarrollo infantil,controles repetidos en ninos de 2 anos de < 5,2005-05-01,26,26,32,58
CULPINA,nutricion y desarrollo infantil,controles repetidos en ninos de 2 anos de < 5,2005-05-01,284,284,340,624
CURAHUARA DE CARANGAS,nutricion y desarrollo infantil,controles repetidos en ninos de 2 anos de < 5,2005-05-01,9,9,15,24
CURVA,nutricion y desarrollo infantil,controles repetidos en ninos de 2 anos de < 5,2005-05-01,9,9,7,16
DESAGUADERO,nutricion y desarrollo infantil,controles repetidos en ninos de 2 anos de < 5,2005-05-01,7,7,8,15
EL ALTO,nutricion y desarrollo infantil,controles repetidos en ninos de 2 anos de < 5,2005-05-01,2203,2203,2180,4383
EL CHORO,nutricion y desarrollo infantil,controles repetidos en ninos de 2 anos de < 5,2005-05-01,16,16,11,27
EL PUENTE(STC),nutricion y desarrollo infantil,controles repetidos en ninos de 2 anos de < 5,2005-05-01,77,77,112,189
EL PUENTE(TJA),nutricion y desarrollo infantil,controles repetidos en ninos de 2 anos de < 5,2005-05-01,79,79,64,143
EL TORNO,nutricion y desarrollo infantil,controles repetidos en ninos de 2 anos de < 5,2005-05-01,112,112,110,222
EL VILLAR,nutricion y desarrollo infantil,controles repetidos en ninos de 2 anos de < 5,2005-05-01,130,130,94,224
ENTRE RIOS,nutricion y desarrollo infantil,controles repetidos en ninos de 2 anos de < 5,2005-05-01,227,227,219,446
ENTRE RIOS,nutricion y desarrollo infantil,controles repetidos en ninos de 2 anos de < 5,2005-05-01,96,96,84,180
ESCARA,nutricion y desarrollo infantil,controles repetidos en ninos de 2 anos de < 5,2005-05-01,0,0,2,2
EUCALIPTUS,nutricion y desarrollo infantil,controles repetidos en ninos de 2 anos de < 5,2005-05-01,35,35,32,67
EUREKA (SANTOS MERCADO),nutricion y desarrollo infantil,controles repetidos en ninos de 2 anos de < 5,2005-05-01,9,9,16,25
EXALTACION,nutricion y desarrollo infantil,controles repetidos en ninos de 2 anos de < 5,2005-05-01,24,24,36,60
FERNANDEZ ALONSO,nutricion y desarrollo infantil,controles repetidos en ninos de 2 anos de < 5,2005-05-01,206,206,203,409
FILADELFIA,nutricion y desarrollo infantil,controles repetidos en ninos de 2 anos de < 5,2005-05-01,37,37,46,83
GENERAL SAAVEDRA,nutricion y desarrollo infantil,controles repetidos en ninos de 2 anos de < 5,2005-05-01,261,261,267,528
GRAL. J.J. PEREZ (CHARAZANI),nutricion y desarrollo infantil,controles repetidos en ninos de 2 anos de < 5,2005-05-01,73,73,71,144
GUANAY,nutricion y desarrollo infantil,controles repetidos en ninos de 2 anos de < 5,2005-05-01,109,109,101,210
GUAQUI,nutricion y desarrollo infantil,controles repetidos en ninos de 2 anos de < 5,2005-05-01,19,19,18,37
GUAYARAMERIN,nutricion y desarrollo infantil,controles repetidos en ninos de 2 anos de < 5,2005-05-01,244,244,228,472
GUTIERREZ,nutricion y desarrollo infantil,controles repetidos en ninos de 2 anos de < 5,2005-05-01,233,233,257,490
HUACARETA,nutricion y desarrollo infantil,controles repetidos en ninos de 2 anos de < 5,2005-05-01,177,177,203,380
HUACAYA (VILLA DE HUACAYA),nutricion y desarrollo infantil,controles repetidos en ninos de 2 anos de < 5,2005-05-01,47,47,56,103
HUACHACALLA,nutricion y desarrollo infantil,controles repetidos en ninos de 2 anos de < 5,2005-05-01,7,7,5,12
HUANUNI,nutricion y desarrollo infantil,controles repetidos en ninos de 2 anos de < 5,2005-05-01,105,105,74,179
HUARACAJE,nutricion y desarrollo infantil,controles repetidos en ninos de 2 anos de < 5,2005-05-01,31,31,34,65
HUAYLLAMARCA,nutricion y desarrollo infantil,controles repetidos en ninos de 2 anos de < 5,2005-05-01,16,16,21,37
ICHOCA,nutricion y desarrollo infantil,controles repetidos en ninos de 2 anos de < 5,2005-05-01,23,23,20,43
ICLA,nutricion y desarrollo infantil,controles repetidos en ninos de 2 anos de < 5,2005-05-01,262,262,263,525
INCAHUASI,nutricion y desarrollo infantil,controles repetidos en ninos de 2 anos de < 5,2005-05-01,334,334,373,707
INGAVI (HUMAITA),nutricion y desarrollo infantil,controles repetidos en ninos de 2 anos de < 5,2005-05-01,6,6,2,8
INQUISIVI,nutricion y desarrollo infantil,controles repetidos en ninos de 2 anos de < 5,2005-05-01,94,94,96,190
IRUPANA (VILLA DE LANZA),nutricion y desarrollo infantil,controles repetidos en ninos de 2 anos de < 5,2005-05-01,128,128,129,257
IXIAMAS,nutricion y desarrollo infantil,controles repetidos en ninos de 2 anos de < 5,2005-05-01,96,96,79,175
JESUS DE MACHACA,nutricion y desarrollo infantil,controles repetidos en ninos de 2 anos de < 5,2005-05-01,35,35,35,70
LA ASUNTA,nutricion y desarrollo infantil,controles repetidos en ninos de 2 anos de < 5,2005-05-01,33,33,35,68
LA GUARDIA,nutricion y desarrollo infantil,controles repetidos en ninos de 2 anos de < 5,2005-05-01,166,166,170,336
LA PAZ,nutricion y desarrollo infantil,controles repetidos en ninos de 2 anos de < 5,2005-05-01,2229,2229,2151,4380
LA RIVERA,nutricion y desarrollo infantil,controles repetidos en ninos de 2 anos de < 5,2005-05-01,3,3,3,6
LAGUNILLAS,nutricion y desarrollo infantil,controles repetidos en ninos de 2 anos de < 5,2005-05-01,130,130,84,214
LAJA,nutricion y desarrollo infantil,controles repetidos en ninos de 2 anos de < 5,2005-05-01,58,58,65,123
LAS CARRERAS,nutricion y desarrollo infantil,controles repetidos en ninos de 2 anos de < 5,2005-05-01,50,50,59,109
LICOMA PAMPA,nutricion y desarrollo infantil,controles repetidos en ninos de 2 anos de < 5,2005-05-01,18,18,17,35
LLALLAGUA,nutricion y desarrollo infantil,controles repetidos en ninos de 2 anos de < 5,2005-05-01,456,456,474,930
LLICA,nutricion y desarrollo infantil,controles repetidos en ninos de 2 anos de < 5,2005-05-01,14,14,16,30
LORETO,nutricion y desarrollo infantil,controles repetidos en ninos de 2 anos de < 5,2005-05-01,31,31,29,60
LURIBAY,nutricion y desarrollo infantil,controles repetidos en ninos de 2 anos de < 5,2005-05-01,135,135,122,257
MACHACAMARCA,nutricion y desarrollo infantil,controles repetidos en ninos de 2 anos de < 5,2005-05-01,14,14,15,29
MACHARETI,nutricion y desarrollo infantil,controles repetidos en ninos de 2 anos de < 5,2005-05-01,207,207,222,429
MAGDALENA,nutricion y desarrollo infantil,controles repetidos en ninos de 2 anos de < 5,2005-05-01,46,46,59,105
MAIRANA,nutricion y desarrollo infantil,controles repetidos en ninos de 2 anos de < 5,2005-05-01,29,29,33,62
MALLA,nutricion y desarrollo infantil,controles repetidos en ninos de 2 anos de < 5,2005-05-01,39,39,30,69
MAPIRI,nutricion y desarrollo infantil,controles repetidos en ninos de 2 anos de < 5,2005-05-01,119,119,111,230
MECAPACA,nutricion y desarrollo infantil,controles repetidos en ninos de 2 anos de < 5,2005-05-01,75,75,71,146
MINEROS,nutricion y desarrollo infantil,controles repetidos en ninos de 2 anos de < 5,2005-05-01,136,136,130,266
MIZQUE,nutricion y desarrollo infantil,controles repetidos en ninos de 2 anos de < 5,2005-05-01,86,86,85,171
MOCOMOCO,nutricion y desarrollo infantil,controles repetidos en ninos de 2 anos de < 5,2005-05-01,113,113,112,225
MOJINETE,nutricion y desarrollo infantil,controles repetidos en ninos de 2 anos de < 5,2005-05-01,2,2,5,7
MOJOCOYA,nutricion y desarrollo infantil,controles repetidos en ninos de 2 anos de < 5,2005-05-01,131,131,125,256
MONTEAGUDO,nutricion y desarrollo infantil,controles repetidos en ninos de 2 anos de < 5,2005-05-01,264,264,277,541
MONTERO,nutricion y desarrollo infantil,controles repetidos en ninos de 2 anos de < 5,2005-05-01,534,534,557,1091
MORO MORO,nutricion y desarrollo infantil,controles repetidos en ninos de 2 anos de < 5,2005-05-01,28,28,22,50
MOROCHATA,nutricion y desarrollo infantil,controles repetidos en ninos de 2 anos de < 5,2005-05-01,72,72,67,139
NACEBE (SANTA ROSA DEL ABUNA),nutricion y desarrollo infantil,controles repetidos en ninos de 2 anos de < 5,2005-05-01,32,32,33,65
NAZACARA DE PACAJES,nutricion y desarrollo infantil,controles repetidos en ninos de 2 anos de < 5,2005-05-01,4,4,2,6
NUEVO MANOA (NUEVA ESPERANZA),nutricion y desarrollo infantil,controles repetidos en ninos de 2 anos de < 5,2005-05-01,11,11,10,21
OCURI,nutricion y desarrollo infantil,controles repetidos en ninos de 2 anos de < 5,2005-05-01,140,140,134,274
OKINAWA,nutricion y desarrollo infantil,controles repetidos en ninos de 2 anos de < 5,2005-05-01,89,89,84,173
OMEREQUE,nutricion y desarrollo infantil,controles repetidos en ninos de 2 anos de < 5,2005-05-01,29,29,27,56
ORURO,nutricion y desarrollo infantil,controles repetidos en ninos de 2 anos de < 5,2005-05-01,930,930,881,1811
PADCAYA,nutricion y desarrollo infantil,controles repetidos en ninos de 2 anos de < 5,2005-05-01,199,199,221,420
PADILLA,nutricion y desarrollo infantil,controles repetidos en ninos de 2 anos de < 5,2005-05-01,285,285,290,575
PAILON,nutricion y desarrollo infantil,controles repetidos en ninos de 2 anos de < 5,2005-05-01,109,109,110,219
PALCA,nutricion y desarrollo infantil,controles repetidos en ninos de 2 anos de < 5,2005-05-01,23,23,19,42
PALOS BLANCOS,nutricion y desarrollo infantil,controles repetidos en ninos de 2 anos de < 5,2005-05-01,249,249,219,468
PAMPA AULLAGAS,nutricion y desarrollo infantil,controles repetidos en ninos de 2 anos de < 5,2005-05-01,10,10,11,21
PAMPA GRANDE,nutricion y desarrollo infantil,controles repetidos en ninos de 2 anos de < 5,2005-05-01,56,56,51,107
PAPEL PAMPA,nutricion y desarrollo infantil,controles repetidos en ninos de 2 anos de < 5,2005-05-01,11,11,11,22
PASORAPA,nutricion y desarrollo infantil,controles repetidos en ninos de 2 anos de < 5,2005-05-01,39,39,29,68
PATACAMAYA,nutricion y desarrollo infantil,controles repetidos en ninos de 2 anos de < 5,2005-05-01,193,193,166,359
PAZÑA,nutricion y desarrollo infantil,controles repetidos en ninos de 2 anos de < 5,2005-05-01,33,33,47,80
PELECHUCO,nutricion y desarrollo infantil,controles repetidos en ninos de 2 anos de < 5,2005-05-01,19,19,28,47
POCOATA,nutricion y desarrollo infantil,controles repetidos en ninos de 2 anos de < 5,2005-05-01,231,231,252,483
POCONA,nutricion y desarrollo infantil,controles repetidos en ninos de 2 anos de < 5,2005-05-01,29,29,33,62
POJO (CBBA),nutricion y desarrollo infantil,controles repetidos en ninos de 2 anos de < 5,2005-05-01,113,113,136,249
POOPO,nutricion y desarrollo infantil,controles repetidos en ninos de 2 anos de < 5,2005-05-01,21,21,19,40
PORCO,nutricion y desarrollo infantil,controles repetidos en ninos de 2 anos de < 5,2005-05-01,23,23,31,54
POROMA,nutricion y desarrollo infantil,controles repetidos en ninos de 2 anos de < 5,2005-05-01,174,174,214,388
PORONGO,nutricion y desarrollo infantil,controles repetidos en ninos de 2 anos de < 5,2005-05-01,35,35,16,51
PORTACHUELO,nutricion y desarrollo infantil,controles repetidos en ninos de 2 anos de < 5,2005-05-01,99,99,99,198
PORVENIR,nutricion y desarrollo infantil,controles repetidos en ninos de 2 anos de < 5,2005-05-01,38,38,26,64
POSTRER VALLE,nutricion y desarrollo infantil,controles repetidos en ninos de 2 anos de < 5,2005-05-01,33,33,34,67
POTOSI,nutricion y desarrollo infantil,controles repetidos en ninos de 2 anos de < 5,2005-05-01,523,523,464,987
PRESTO,nutricion y desarrollo infantil,controles repetidos en ninos de 2 anos de < 5,2005-05-01,147,147,153,300
PUCARA,nutricion y desarrollo infantil,controles repetidos en ninos de 2 anos de < 5,2005-05-01,1,1,1,2
PUCARANI,nutricion y desarrollo infantil,controles repetidos en ninos de 2 anos de < 5,2005-05-01,73,73,63,136
PUERTO ACOSTA,nutricion y desarrollo infantil,controles repetidos en ninos de 2 anos de < 5,2005-05-01,95,95,91,186
PUERTO CARABUCO,nutricion y desarrollo infantil,controles repetidos en ninos de 2 anos de < 5,2005-05-01,89,89,91,180
PUERTO GONZALO MORENO,nutricion y desarrollo infantil,controles repetidos en ninos de 2 anos de < 5,2005-05-01,22,22,25,47
PUERTO PEREZ,nutricion y desarrollo infantil,controles repetidos en ninos de 2 anos de < 5,2005-05-01,33,33,31,64
PUERTO QUIJARRO,nutricion y desarrollo infantil,controles repetidos en ninos de 2 anos de < 5,2005-05-01,54,54,56,110
PUERTO RICO,nutricion y desarrollo infantil,controles repetidos en ninos de 2 anos de < 5,2005-05-01,44,44,33,77
PUERTO SILES,nutricion y desarrollo infantil,controles repetidos en ninos de 2 anos de < 5,2005-05-01,35,35,40,75
PUERTO SUAREZ,nutricion y desarrollo infantil,controles repetidos en ninos de 2 anos de < 5,2005-05-01,22,22,39,61
PUERTO VILLARROEL,nutricion y desarrollo infantil,controles repetidos en ninos de 2 anos de < 5,2005-05-01,130,130,108,238
PUNA,nutricion y desarrollo infantil,controles repetidos en ninos de 2 anos de < 5,2005-05-01,219,219,259,478
PUNATA,nutricion y desarrollo infantil,controles repetidos en ninos de 2 anos de < 5,2005-05-01,114,114,112,226
QUIABAYA,nutricion y desarrollo infantil,controles repetidos en ninos de 2 anos de < 5,2005-05-01,7,7,4,11
QUILLACOLLO,nutricion y desarrollo infantil,controles repetidos en ninos de 2 anos de < 5,2005-05-01,46,46,48,94
QUIME,nutricion y desarrollo infantil,controles repetidos en ninos de 2 anos de < 5,2005-05-01,103,103,100,203
QUIRUSILLAS,nutricion y desarrollo infantil,controles repetidos en ninos de 2 anos de < 5,2005-05-01,8,8,4,12
RAVELO,nutricion y desarrollo infantil,controles repetidos en ninos de 2 anos de < 5,2005-05-01,417,417,448,865
REYES,nutricion y desarrollo infantil,controles repetidos en ninos de 2 anos de < 5,2005-05-01,99,99,104,203
RIBERALTA,nutricion y desarrollo infantil,controles repetidos en ninos de 2 anos de < 5,2005-05-01,417,417,390,807
ROBORE,nutricion y desarrollo infantil,controles repetidos en ninos de 2 anos de < 5,2005-05-01,64,64,50,114
RURRENABAQUE,nutricion y desarrollo infantil,controles repetidos en ninos de 2 anos de < 5,2005-05-01,53,53,52,105
SABAYA,nutricion y desarrollo infantil,controles repetidos en ninos de 2 anos de < 5,2005-05-01,11,11,14,25
SACABA,nutricion y desarrollo infantil,controles repetidos en ninos de 2 anos de < 5,2005-05-01,163,163,158,321
SACABAMBA,nutricion y desarrollo infantil,controles repetidos en ninos de 2 anos de < 5,2005-05-01,42,42,55,97
SACACA,nutricion y desarrollo infantil,controles repetidos en ninos de 2 anos de < 5,2005-05-01,359,359,335,694
SAIPINA,nutricion y desarrollo infantil,controles repetidos en ninos de 2 anos de < 5,2005-05-01,48,48,53,101
SALINAS DE GARCI MENDOZA,nutricion y desarrollo infantil,controles repetidos en ninos de 2 anos de < 5,2005-05-01,100,100,89,189
SAMAIPATA,nutricion y desarrollo infantil,controles repetidos en ninos de 2 anos de < 5,2005-05-01,54,54,46,100
SAN AGUSTIN,nutricion y desarrollo infantil,controles repetidos en ninos de 2 anos de < 5,2005-05-01,23,23,22,45
SAN ANDRES,nutricion y desarrollo infantil,controles repetidos en ninos de 2 anos de < 5,2005-05-01,54,54,61,115
SAN ANDRES DE MACHACA,nutricion y desarrollo infantil,controles repetidos en ninos de 2 anos de < 5,2005-05-01,32,32,35,67
SAN ANTONIO DE ESMORUCO,nutricion y desarrollo infantil,controles repetidos en ninos de 2 anos de < 5,2005-05-01,17,17,10,27
SAN ANTONIO DE LOMERIO,nutricion y desarrollo infantil,controles repetidos en ninos de 2 anos de < 5,2005-05-01,144,144,171,315
SAN BENITO,nutricion y desarrollo infantil,controles repetidos en ninos de 2 anos de < 5,2005-05-01,56,56,76,132
SAN BORJA,nutricion y desarrollo infantil,controles repetidos en ninos de 2 anos de < 5,2005-05-01,174,174,182,356
SAN BUENA VENTURA,nutricion y desarrollo infantil,controles repetidos en ninos de 2 anos de < 5,2005-05-01,45,45,47,92
SAN CARLOS,nutricion y desarrollo infantil,controles repetidos en ninos de 2 anos de < 5,2005-05-01,101,101,96,197
SAN IGNACIO,nutricion y desarrollo infantil,controles repetidos en ninos de 2 anos de < 5,2005-05-01,165,165,129,294
SAN IGNACIO DE VELASCO,nutricion y desarrollo infantil,controles repetidos en ninos de 2 anos de < 5,2005-05-01,381,381,343,724
SAN JAVIER(BNI),nutricion y desarrollo infantil,controles repetidos en ninos de 2 anos de < 5,2005-05-01,12,12,11,23
SAN JAVIER(STC),nutricion y desarrollo infantil,controles repetidos en ninos de 2 anos de < 5,2005-05-01,19,19,5,24
SAN JOAQUIN,nutricion y desarrollo infantil,controles repetidos en ninos de 2 anos de < 5,2005-05-01,37,37,29,66
SAN JOSE DE CHIQUITOS,nutricion y desarrollo infantil,controles repetidos en ninos de 2 anos de < 5,2005-05-01,89,89,82,171
SAN JUAN DE YAPACANI,nutricion y desarrollo infantil,controles repetidos en ninos de 2 anos de < 5,2005-05-01,103,103,82,185
SAN JULIAN,nutricion y desarrollo infantil,controles repetidos en ninos de 2 anos de < 5,2005-05-01,133,133,129,262
SAN LORENZO(PND),nutricion y desarrollo infantil,controles repetidos en ninos de 2 anos de < 5,2005-05-01,31,31,17,48
SAN LORENZO(TJA),nutricion y desarrollo infantil,controles repetidos en ninos de 2 anos de < 5,2005-05-01,205,205,252,457
SAN LUCAS,nutricion y desarrollo infantil,controles repetidos en ninos de 2 anos de < 5,2005-05-01,519,519,552,1071
SAN MATIAS,nutricion y desarrollo infantil,controles repetidos en ninos de 2 anos de < 5,2005-05-01,34,34,39,73
SAN MIGUEL DE VELASCO,nutricion y desarrollo infantil,controles repetidos en ninos de 2 anos de < 5,2005-05-01,139,139,142,281
SAN PABLO DE LIPEZ,nutricion y desarrollo infantil,controles repetidos en ninos de 2 anos de < 5,2005-05-01,21,21,17,38
SAN PEDRO,nutricion y desarrollo infantil,controles repetidos en ninos de 2 anos de < 5,2005-05-01,131,131,122,253
SAN PEDRO DE BUENA VISTA,nutricion y desarrollo infantil,controles repetidos en ninos de 2 anos de < 5,2005-05-01,290,290,265,555
SAN PEDRO DE CURAHUARA,nutricion y desarrollo infantil,controles repetidos en ninos de 2 anos de < 5,2005-05-01,32,32,40,72
SAN PEDRO DE QUEMES,nutricion y desarrollo infantil,controles repetidos en ninos de 2 anos de < 5,2005-05-01,6,6,6,12
SAN PEDRO DE TIQUINA,nutricion y desarrollo infantil,controles repetidos en ninos de 2 anos de < 5,2005-05-01,33,33,20,53
SAN PEDRO(PND),nutricion y desarrollo infantil,controles repetidos en ninos de 2 anos de < 5,2005-05-01,9,9,7,16
SAN RAFAEL,nutricion y desarrollo infantil,controles repetidos en ninos de 2 anos de < 5,2005-05-01,97,97,100,197
SAN RAMON,nutricion y desarrollo infantil,controles repetidos en ninos de 2 anos de < 5,2005-05-01,21,21,19,40
SAN RAMON,nutricion y desarrollo infantil,controles repetidos en ninos de 2 anos de < 5,2005-05-01,41,41,41,82
SANTA ANA,nutricion y desarrollo infantil,controles repetidos en ninos de 2 anos de < 5,2005-05-01,55,55,49,104
SANTA CRUZ DE LA SIERRA,nutricion y desarrollo infantil,controles repetidos en ninos de 2 anos de < 5,2005-05-01,1922,1922,1855,3777
SANTA ROSA,nutricion y desarrollo infantil,controles repetidos en ninos de 2 anos de < 5,2005-05-01,18,18,28,46
SANTA ROSA DEL SARA,nutricion y desarrollo infantil,controles repetidos en ninos de 2 anos de < 5,2005-05-01,50,50,54,104
SANTIAGO DE CALLAPA,nutricion y desarrollo infantil,controles repetidos en ninos de 2 anos de < 5,2005-05-01,32,32,27,59
SANTIAGO DE HUARI,nutricion y desarrollo infantil,controles repetidos en ninos de 2 anos de < 5,2005-05-01,52,52,53,105
SANTIAGO DE MACHACA,nutricion y desarrollo infantil,controles repetidos en ninos de 2 anos de < 5,2005-05-01,30,30,28,58
SANTIVAÑES,nutricion y desarrollo infantil,controles repetidos en ninos de 2 anos de < 5,2005-05-01,96,96,89,185
SANTUARIO DE QUILLACAS,nutricion y desarrollo infantil,controles repetidos en ninos de 2 anos de < 5,2005-05-01,24,24,21,45
SAPAHAQUI,nutricion y desarrollo infantil,controles repetidos en ninos de 2 anos de < 5,2005-05-01,34,34,35,69
SENA,nutricion y desarrollo infantil,controles repetidos en ninos de 2 anos de < 5,2005-05-01,51,51,44,95
SICA SICA (VILLA AROMA),nutricion y desarrollo infantil,controles repetidos en ninos de 2 anos de < 5,2005-05-01,204,204,177,381
SICAYA,nutricion y desarrollo infantil,controles repetidos en ninos de 2 anos de < 5,2005-05-01,37,37,35,72
SIPE SIPE,nutricion y desarrollo infantil,controles repetidos en ninos de 2 anos de < 5,2005-05-01,105,105,88,193
SOPACHUY,nutricion y desarrollo infantil,controles repetidos en ninos de 2 anos de < 5,2005-05-01,136,136,157,293
SORACACHI,nutricion y desarrollo infantil,controles repetidos en ninos de 2 anos de < 5,2005-05-01,65,65,48,113
SORATA,nutricion y desarrollo infantil,controles repetidos en ninos de 2 anos de < 5,2005-05-01,106,106,96,202
SUCRE,nutricion y desarrollo infantil,controles repetidos en ninos de 2 anos de < 5,2005-05-01,910,910,968,1878
TACACHI,nutricion y desarrollo infantil,controles repetidos en ninos de 2 anos de < 5,2005-05-01,3,3,5,8
TACACOMA,nutricion y desarrollo infantil,controles repetidos en ninos de 2 anos de < 5,2005-05-01,51,51,35,86
TACOBAMBA,nutricion y desarrollo infantil,controles repetidos en ninos de 2 anos de < 5,2005-05-01,83,83,83,166
TACOPAYA,nutricion y desarrollo infantil,controles repetidos en ninos de 2 anos de < 5,2005-05-01,65,65,61,126
TAHUA,nutricion y desarrollo infantil,controles repetidos en ninos de 2 anos de < 5,2005-05-01,11,11,7,18
TAPACARI,nutricion y desarrollo infantil,controles repetidos en ninos de 2 anos de < 5,2005-05-01,203,203,207,410
TARABUCO,nutricion y desarrollo infantil,controles repetidos en ninos de 2 anos de < 5,2005-05-01,578,578,622,1200
TARACO,nutricion y desarrollo infantil,controles repetidos en ninos de 2 anos de < 5,2005-05-01,31,31,42,73
TARATA,nutricion y desarrollo infantil,controles repetidos en ninos de 2 anos de < 5,2005-05-01,50,50,38,88
TARIJA,nutricion y desarrollo infantil,controles repetidos en ninos de 2 anos de < 5,2005-05-01,485,485,525,1010
TARVITA,nutricion y desarrollo infantil,controles repetidos en ninos de 2 anos de < 5,2005-05-01,457,457,521,978
TEOPONTE,nutricion y desarrollo infantil,controles repetidos en ninos de 2 anos de < 5,2005-05-01,113,113,98,211
TIAWANACU,nutricion y desarrollo infantil,controles repetidos en ninos de 2 anos de < 5,2005-05-01,74,74,59,133
TINGUIPAYA,nutricion y desarrollo infantil,controles repetidos en ninos de 2 anos de < 5,2005-05-01,254,254,234,488
TIPUANI,nutricion y desarrollo infantil,controles repetidos en ninos de 2 anos de < 5,2005-05-01,31,31,36,67
TIQUIPAYA,nutricion y desarrollo infantil,controles repetidos en ninos de 2 anos de < 5,2005-05-01,40,40,38,78
TIRAQUE (CBBA),nutricion y desarrollo infantil,controles repetidos en ninos de 2 anos de < 5,2005-05-01,100,100,101,201
TITO YUPANQUI (PARQUIPUJIO),nutricion y desarrollo infantil,controles repetidos en ninos de 2 anos de < 5,2005-05-01,17,17,18,35
TOCO,nutricion y desarrollo infantil,controles repetidos en ninos de 2 anos de < 5,2005-05-01,18,18,15,33
TOLATA,nutricion y desarrollo infantil,controles repetidos en ninos de 2 anos de < 5,2005-05-01,4,4,4,8
TOLEDO,nutricion y desarrollo infantil,controles repetidos en ninos de 2 anos de < 5,2005-05-01,20,20,26,46
TOMAVE,nutricion y desarrollo infantil,controles repetidos en ninos de 2 anos de < 5,2005-05-01,107,107,93,200
TOMINA,nutricion y desarrollo infantil,controles repetidos en ninos de 2 anos de < 5,2005-05-01,231,231,276,507
TORO TORO,nutricion y desarrollo infantil,controles repetidos en ninos de 2 anos de < 5,2005-05-01,183,183,202,385
TOTORA(CBBA),nutricion y desarrollo infantil,controles repetidos en ninos de 2 anos de < 5,2005-05-01,50,50,50,100
TOTORA(ORR),nutricion y desarrollo infantil,controles repetidos en ninos de 2 anos de < 5,2005-05-01,23,23,25,48
TRIGAL,nutricion y desarrollo infantil,controles repetidos en ninos de 2 anos de < 5,2005-05-01,2,2,10,12
TRINIDAD,nutricion y desarrollo infantil,controles repetidos en ninos de 2 anos de < 5,2005-05-01,223,223,235,458
TUPIZA,nutricion y desarrollo infantil,controles repetidos en ninos de 2 anos de < 5,2005-05-01,332,332,337,669
TURCO,nutricion y desarrollo infantil,controles repetidos en ninos de 2 anos de < 5,2005-05-01,26,26,34,60
UNCIA,nutricion y desarrollo infantil,controles repetidos en ninos de 2 anos de < 5,2005-05-01,129,129,123,252
URIONDO (A. CONCEPCION),nutricion y desarrollo infantil,controles repetidos en ninos de 2 anos de < 5,2005-05-01,201,201,195,396
URUBICHA,nutricion y desarrollo infantil,controles repetidos en ninos de 2 anos de < 5,2005-05-01,4,4,5,9
UYUNI,nutricion y desarrollo infantil,controles repetidos en ninos de 2 anos de < 5,2005-05-01,175,175,173,348
VACAS,nutricion y desarrollo infantil,controles repetidos en ninos de 2 anos de < 5,2005-05-01,30,30,27,57
VALLEGRANDE,nutricion y desarrollo infantil,controles repetidos en ninos de 2 anos de < 5,2005-05-01,118,118,121,239
VIACHA,nutricion y desarrollo infantil,controles repetidos en ninos de 2 anos de < 5,2005-05-01,110,110,125,235
VILA VILA,nutricion y desarrollo infantil,controles repetidos en ninos de 2 anos de < 5,2005-05-01,34,34,34,68
VILLA MONTES,nutricion y desarrollo infantil,controles repetidos en ninos de 2 anos de < 5,2005-05-01,90,90,86,176
VILLA NUEVA (LOMA ALTA),nutricion y desarrollo infantil,controles repetidos en ninos de 2 anos de < 5,2005-05-01,48,48,46,94
VILLA RIVERO,nutricion y desarrollo infantil,controles repetidos en ninos de 2 anos de < 5,2005-05-01,23,23,23,46
VILLA SERRANO,nutricion y desarrollo infantil,controles repetidos en ninos de 2 anos de < 5,2005-05-01,283,283,275,558
VILLA TUNARI,nutricion y desarrollo infantil,controles repetidos en ninos de 2 anos de < 5,2005-05-01,278,278,252,530
VILLA VACA GUZMAN (MUYUPAMPA),nutricion y desarrollo infantil,controles repetidos en ninos de 2 anos de < 5,2005-05-01,157,157,202,359
VILLAZON,nutricion y desarrollo infantil,controles repetidos en ninos de 2 anos de < 5,2005-05-01,243,243,270,513
VINTO,nutricion y desarrollo infantil,controles repetidos en ninos de 2 anos de < 5,2005-05-01,6,6,3,9
VITICHI,nutricion y desarrollo infantil,controles repetidos en ninos de 2 anos de < 5,2005-05-01,152,152,150,302
WALDO BALLIVIAN,nutricion y desarrollo infantil,controles repetidos en ninos de 2 anos de < 5,2005-05-01,8,8,4,12
WARNES,nutricion y desarrollo infantil,controles repetidos en ninos de 2 anos de < 5,2005-05-01,158,158,135,293
YACO,nutricion y desarrollo infantil,controles repetidos en ninos de 2 anos de < 5,2005-05-01,49,49,59,108
YACUIBA,nutricion y desarrollo infantil,controles repetidos en ninos de 2 anos de < 5,2005-05-01,195,195,185,380
YAMPARAEZ,nutricion y desarrollo infantil,controles repetidos en ninos de 2 anos de < 5,2005-05-01,309,309,288,597
YANACACHI,nutricion y desarrollo infantil,controles repetidos en ninos de 2 anos de < 5,2005-05-01,22,22,17,39
YAPACANI,nutricion y desarrollo infantil,controles repetidos en ninos de 2 anos de < 5,2005-05-01,269,269,235,504
YOCALLA,nutricion y desarrollo infantil,controles repetidos en ninos de 2 anos de < 5,2005-05-01,36,36,40,76
YOTALA,nutricion y desarrollo infantil,controles repetidos en ninos de 2 anos de < 5,2005-05-01,205,205,228,433
YUNCHARA,nutricion y desarrollo infantil,controles repetidos en ninos de 2 anos de < 5,2005-05-01,66,66,70,136
ZUDAÑEZ,nutricion y desarrollo infantil,controles repetidos en ninos de 2 anos de < 5,2005-05-01,149,149,179,328
ACACIO,nutricion y desarrollo infantil,controles repetidos en ninos de 2 anos de < 5,2005-06-01,143,143,128,271
ACHACACHI,nutricion y desarrollo infantil,controles repetidos en ninos de 2 anos de < 5,2005-06-01,314,314,311,625
ACHOCALLA,nutricion y desarrollo infantil,controles repetidos en ninos de 2 anos de < 5,2005-06-01,33,33,36,69
AIQUILE,nutricion y desarrollo infantil,controles repetidos en ninos de 2 anos de < 5,2005-06-01,49,49,61,110
ALCALA,nutricion y desarrollo infantil,controles repetidos en ninos de 2 anos de < 5,2005-06-01,111,111,100,211
ANCORAIMES,nutricion y desarrollo infantil,controles repetidos en ninos de 2 anos de < 5,2005-06-01,122,122,112,234
ANDAMARCA,nutricion y desarrollo infantil,controles repetidos en ninos de 2 anos de < 5,2005-06-01,46,46,52,98
ANTEQUERA,nutricion y desarrollo infantil,controles repetidos en ninos de 2 anos de < 5,2005-06-01,20,20,17,37
ANZALDO,nutricion y desarrollo infantil,controles repetidos en ninos de 2 anos de < 5,2005-06-01,18,18,15,33
APOLO,nutricion y desarrollo infantil,controles repetidos en ninos de 2 anos de < 5,2005-06-01,84,84,60,144
ARAMPAMPA,nutricion y desarrollo infantil,controles repetidos en ninos de 2 anos de < 5,2005-06-01,108,108,113,221
ARANI,nutricion y desarrollo infantil,controles repetidos en ninos de 2 anos de < 5,2005-06-01,19,19,21,40
ARBIETO,nutricion y desarrollo infantil,controles repetidos en ninos de 2 anos de < 5,2005-06-01,52,52,33,85
ARQUE,nutricion y desarrollo infantil,controles repetidos en ninos de 2 anos de < 5,2005-06-01,68,68,60,128
ASCENCION DE GUARAYOS,nutricion y desarrollo infantil,controles repetidos en ninos de 2 anos de < 5,2005-06-01,414,414,418,832
ATOCHA,nutricion y desarrollo infantil,controles repetidos en ninos de 2 anos de < 5,2005-06-01,129,129,121,250
AUCAPATA,nutricion y desarrollo infantil,controles repetidos en ninos de 2 anos de < 5,2005-06-01,26,26,24,50
AYATA,nutricion y desarrollo infantil,controles repetidos en ninos de 2 anos de < 5,2005-06-01,46,46,45,91
AYO AYO,nutricion y desarrollo infantil,controles repetidos en ninos de 2 anos de < 5,2005-06-01,30,30,33,63
AYOPAYA (V. DE INDEPENDENCIA),nutricion y desarrollo infantil,controles repetidos en ninos de 2 anos de < 5,2005-06-01,128,128,166,294
AZURDUY,nutricion y desarrollo infantil,controles repetidos en ninos de 2 anos de < 5,2005-06-01,247,247,231,478
BATALLAS,nutricion y desarrollo infantil,controles repetidos en ninos de 2 anos de < 5,2005-06-01,68,68,59,127
BAURES,nutricion y desarrollo infantil,controles repetidos en ninos de 2 anos de < 5,2005-06-01,47,47,50,97
BELEN DE ANDAMARCA,nutricion y desarrollo infantil,controles repetidos en ninos de 2 anos de < 5,2005-06-01,7,7,6,13
BELEN DE URMIRI,nutricion y desarrollo infantil,controles repetidos en ninos de 2 anos de < 5,2005-06-01,19,19,10,29
BELLA FLOR,nutricion y desarrollo infantil,controles repetidos en ninos de 2 anos de < 5,2005-06-01,32,32,39,71
BERMEJO,nutricion y desarrollo infantil,controles repetidos en ninos de 2 anos de < 5,2005-06-01,75,75,78,153
BETANZOS,nutricion y desarrollo infantil,controles repetidos en ninos de 2 anos de < 5,2005-06-01,277,277,288,565
BOLIVAR,nutricion y desarrollo infantil,controles repetidos en ninos de 2 anos de < 5,2005-06-01,60,60,78,138
BOLPEBRA,nutricion y desarrollo infantil,controles repetidos en ninos de 2 anos de < 5,2005-06-01,19,19,14,33
BOYUIBE,nutricion y desarrollo infantil,controles repetidos en ninos de 2 anos de < 5,2005-06-01,49,49,52,101
BUENA VISTA,nutricion y desarrollo infantil,controles repetidos en ninos de 2 anos de < 5,2005-06-01,148,148,160,308
CABEZAS,nutricion y desarrollo infantil,controles repetidos en ninos de 2 anos de < 5,2005-06-01,97,97,120,217
CAIROMA,nutricion y desarrollo infantil,controles repetidos en ninos de 2 anos de < 5,2005-06-01,121,121,161,282
"CAIZA ""D""",nutricion y desarrollo infantil,controles repetidos en ninos de 2 anos de < 5,2005-06-01,77,77,80,157
CAJUATA,nutricion y desarrollo infantil,controles repetidos en ninos de 2 anos de < 5,2005-06-01,29,29,33,62
CALACOTO,nutricion y desarrollo infantil,controles repetidos en ninos de 2 anos de < 5,2005-06-01,13,13,14,27
CALAMARCA,nutricion y desarrollo infantil,controles repetidos en ninos de 2 anos de < 5,2005-06-01,153,153,193,346
CAMARGO,nutricion y desarrollo infantil,controles repetidos en ninos de 2 anos de < 5,2005-06-01,215,215,197,412
CAMATAQUI (C. VILLA ABECIA),nutricion y desarrollo infantil,controles repetidos en ninos de 2 anos de < 5,2005-06-01,59,59,50,109
CAMIRI,nutricion y desarrollo infantil,controles repetidos en ninos de 2 anos de < 5,2005-06-01,280,280,262,542
CAPINOTA,nutricion y desarrollo infantil,controles repetidos en ninos de 2 anos de < 5,2005-06-01,66,66,53,119
CAQUIAVIRI,nutricion y desarrollo infantil,controles repetidos en ninos de 2 anos de < 5,2005-06-01,58,58,59,117
CARACOLLO,nutricion y desarrollo infantil,controles repetidos en ninos de 2 anos de < 5,2005-06-01,46,46,46,92
CARANAVI,nutricion y desarrollo infantil,controles repetidos en ninos de 2 anos de < 5,2005-06-01,272,272,285,557
CARANGAS,nutricion y desarrollo infantil,controles repetidos en ninos de 2 anos de < 5,2005-06-01,0,0,1,1
CARAPARI,nutricion y desarrollo infantil,controles repetidos en ninos de 2 anos de < 5,2005-06-01,145,145,126,271
CARIPUYO,nutricion y desarrollo infantil,controles repetidos en ninos de 2 anos de < 5,2005-06-01,193,193,175,368
CARMEN RIVERO TORREZ,nutricion y desarrollo infantil,controles repetidos en ninos de 2 anos de < 5,2005-06-01,10,10,3,13
CATACORA,nutricion y desarrollo infantil,controles repetidos en ninos de 2 anos de < 5,2005-06-01,6,6,5,11
CHACARILLA,nutricion y desarrollo infantil,controles repetidos en ninos de 2 anos de < 5,2005-06-01,7,7,4,11
CHALLAPATA,nutricion y desarrollo infantil,controles repetidos en ninos de 2 anos de < 5,2005-06-01,202,202,196,398
CHAQUI,nutricion y desarrollo infantil,controles repetidos en ninos de 2 anos de < 5,2005-06-01,73,73,82,155
CHARAGUA,nutricion y desarrollo infantil,controles repetidos en ninos de 2 anos de < 5,2005-06-01,220,220,242,462
CHARAÑA,nutricion y desarrollo infantil,controles repetidos en ninos de 2 anos de < 5,2005-06-01,4,4,12,16
CHAYANTA,nutricion y desarrollo infantil,controles repetidos en ninos de 2 anos de < 5,2005-06-01,140,140,135,275
CHIMORE,nutricion y desarrollo infantil,controles repetidos en ninos de 2 anos de < 5,2005-06-01,20,20,28,48
CHIPAYA,nutricion y desarrollo infantil,controles repetidos en ninos de 2 anos de < 5,2005-06-01,12,12,8,20
CHULUMANI (V. DE LA LIBERTAD),nutricion y desarrollo infantil,controles repetidos en ninos de 2 anos de < 5,2005-06-01,35,35,38,73
CHUMA,nutricion y desarrollo infantil,controles repetidos en ninos de 2 anos de < 5,2005-06-01,46,46,57,103
CLIZA,nutricion y desarrollo infantil,controles repetidos en ninos de 2 anos de < 5,2005-06-01,24,24,30,54
COBIJA,nutricion y desarrollo infantil,controles repetidos en ninos de 2 anos de < 5,2005-06-01,158,158,150,308
COCHABAMBA,nutricion y desarrollo infantil,controles repetidos en ninos de 2 anos de < 5,2005-06-01,867,867,777,1644
COIPASA,nutricion y desarrollo infantil,controles repetidos en ninos de 2 anos de < 5,2005-06-01,5,5,10,15
COLCAPIRHUA,nutricion y desarrollo infantil,controles repetidos en ninos de 2 anos de < 5,2005-06-01,46,46,48,94
"COLCHA ""K""",nutricion y desarrollo infantil,controles repetidos en ninos de 2 anos de < 5,2005-06-01,117,117,153,270
COLLANA,nutricion y desarrollo infantil,controles repetidos en ninos de 2 anos de < 5,2005-06-01,14,14,15,29
COLOMI,nutricion y desarrollo infantil,controles repetidos en ninos de 2 anos de < 5,2005-06-01,58,58,74,132
COLPA BELGICA,nutricion y desarrollo infantil,controles repetidos en ninos de 2 anos de < 5,2005-06-01,28,28,23,51
COLQUECHACA,nutricion y desarrollo infantil,controles repetidos en ninos de 2 anos de < 5,2005-06-01,191,191,179,370
COLQUENCHA,nutricion y desarrollo infantil,controles repetidos en ninos de 2 anos de < 5,2005-06-01,132,132,125,257
COLQUIRI,nutricion y desarrollo infantil,controles repetidos en ninos de 2 anos de < 5,2005-06-01,73,73,102,175
COMANCHE,nutricion y desarrollo infantil,controles repetidos en ninos de 2 anos de < 5,2005-06-01,41,41,30,71
COMARAPA,nutricion y desarrollo infantil,controles repetidos en ninos de 2 anos de < 5,2005-06-01,138,138,127,265
COMBAYA,nutricion y desarrollo infantil,controles repetidos en ninos de 2 anos de < 5,2005-06-01,16,16,13,29
CONCEPCION,nutricion y desarrollo infantil,controles repetidos en ninos de 2 anos de < 5,2005-06-01,35,35,33,68
COPACABANA,nutricion y desarrollo infantil,controles repetidos en ninos de 2 anos de < 5,2005-06-01,46,46,48,94
CORIPATA,nutricion y desarrollo infantil,controles repetidos en ninos de 2 anos de < 5,2005-06-01,39,39,53,92
CORO CORO,nutricion y desarrollo infantil,controles repetidos en ninos de 2 anos de < 5,2005-06-01,73,73,59,132
COROICO,nutricion y desarrollo infantil,controles repetidos en ninos de 2 anos de < 5,2005-06-01,41,41,25,66
CORQUE,nutricion y desarrollo infantil,controles repetidos en ninos de 2 anos de < 5,2005-06-01,44,44,34,78
COTAGAITA,nutricion y desarrollo infantil,controles repetidos en ninos de 2 anos de < 5,2005-06-01,241,241,198,439
COTOCA,nutricion y desarrollo infantil,controles repetidos en ninos de 2 anos de < 5,2005-06-01,85,85,88,173
CUATRO CAÑADAS,nutricion y desarrollo infantil,controles repetidos en ninos de 2 anos de < 5,2005-06-01,91,91,78,169
CUCHUMUELA (V. G. VILLARROEL),nutricion y desarrollo infantil,controles repetidos en ninos de 2 anos de < 5,2005-06-01,19,19,10,29
CUEVO,nutricion y desarrollo infantil,controles repetidos en ninos de 2 anos de < 5,2005-06-01,37,37,41,78
CULPINA,nutricion y desarrollo infantil,controles repetidos en ninos de 2 anos de < 5,2005-06-01,279,279,307,586
CURAHUARA DE CARANGAS,nutricion y desarrollo infantil,controles repetidos en ninos de 2 anos de < 5,2005-06-01,26,26,24,50
CURVA,nutricion y desarrollo infantil,controles repetidos en ninos de 2 anos de < 5,2005-06-01,25,25,19,44
DESAGUADERO,nutricion y desarrollo infantil,controles repetidos en ninos de 2 anos de < 5,2005-06-01,12,12,7,19
EL ALTO,nutricion y desarrollo infantil,controles repetidos en ninos de 2 anos de < 5,2005-06-01,1920,1920,1764,3684
EL CHORO,nutricion y desarrollo infantil,controles repetidos en ninos de 2 anos de < 5,2005-06-01,8,8,8,16
EL PUENTE(STC),nutricion y desarrollo infantil,controles repetidos en ninos de 2 anos de < 5,2005-06-01,106,106,104,210
EL PUENTE(TJA),nutricion y desarrollo infantil,controles repetidos en ninos de 2 anos de < 5,2005-06-01,110,110,97,207
EL TORNO,nutricion y desarrollo infantil,controles repetidos en ninos de 2 anos de < 5,2005-06-01,102,102,100,202
EL VILLAR,nutricion y desarrollo infantil,controles repetidos en ninos de 2 anos de < 5,2005-06-01,125,125,134,259
ENTRE RIOS,nutricion y desarrollo infantil,controles repetidos en ninos de 2 anos de < 5,2005-06-01,154,154,127,281
ENTRE RIOS,nutricion y desarrollo infantil,controles repetidos en ninos de 2 anos de < 5,2005-06-01,91,91,65,156
EUCALIPTUS,nutricion y desarrollo infantil,controles repetidos en ninos de 2 anos de < 5,2005-06-01,49,49,31,80
EUREKA (SANTOS MERCADO),nutricion y desarrollo infantil,controles repetidos en ninos de 2 anos de < 5,2005-06-01,2,2,6,8
EXALTACION,nutricion y desarrollo infantil,controles repetidos en ninos de 2 anos de < 5,2005-06-01,32,32,34,66
FERNANDEZ ALONSO,nutricion y desarrollo infantil,controles repetidos en ninos de 2 anos de < 5,2005-06-01,197,197,194,391
FILADELFIA,nutricion y desarrollo infantil,controles repetidos en ninos de 2 anos de < 5,2005-06-01,57,57,47,104
GENERAL SAAVEDRA,nutricion y desarrollo infantil,controles repetidos en ninos de 2 anos de < 5,2005-06-01,302,302,271,573
GRAL. J.J. PEREZ (CHARAZANI),nutricion y desarrollo infantil,controles repetidos en ninos de 2 anos de < 5,2005-06-01,69,69,53,122
GUANAY,nutricion y desarrollo infantil,controles repetidos en ninos de 2 anos de < 5,2005-06-01,101,101,90,191
GUAQUI,nutricion y desarrollo infantil,controles repetidos en ninos de 2 anos de < 5,2005-06-01,37,37,36,73
GUAYARAMERIN,nutricion y desarrollo infantil,controles repetidos en ninos de 2 anos de < 5,2005-06-01,239,239,246,485
GUTIERREZ,nutricion y desarrollo infantil,controles repetidos en ninos de 2 anos de < 5,2005-06-01,295,295,345,640
HUACARETA,nutricion y desarrollo infantil,controles repetidos en ninos de 2 anos de < 5,2005-06-01,138,138,126,264
HUACAYA (VILLA DE HUACAYA),nutricion y desarrollo infantil,controles repetidos en ninos de 2 anos de < 5,2005-06-01,61,61,67,128
HUACHACALLA,nutricion y desarrollo infantil,controles repetidos en ninos de 2 anos de < 5,2005-06-01,5,5,1,6
HUANUNI,nutricion y desarrollo infantil,controles repetidos en ninos de 2 anos de < 5,2005-06-01,61,61,59,120
HUARACAJE,nutricion y desarrollo infantil,controles repetidos en ninos de 2 anos de < 5,2005-06-01,24,24,20,44
HUAYLLAMARCA,nutricion y desarrollo infantil,controles repetidos en ninos de 2 anos de < 5,2005-06-01,7,7,9,16
ICHOCA,nutricion y desarrollo infantil,controles repetidos en ninos de 2 anos de < 5,2005-06-01,28,28,28,56
ICLA,nutricion y desarrollo infantil,controles repetidos en ninos de 2 anos de < 5,2005-06-01,315,315,284,599
INCAHUASI,nutricion y desarrollo infantil,controles repetidos en ninos de 2 anos de < 5,2005-06-01,289,289,369,658
INGAVI (HUMAITA),nutricion y desarrollo infantil,controles repetidos en ninos de 2 anos de < 5,2005-06-01,24,24,10,34
INQUISIVI,nutricion y desarrollo infantil,controles repetidos en ninos de 2 anos de < 5,2005-06-01,72,72,81,153
IRUPANA (VILLA DE LANZA),nutricion y desarrollo infantil,controles repetidos en ninos de 2 anos de < 5,2005-06-01,146,146,143,289
IXIAMAS,nutricion y desarrollo infantil,controles repetidos en ninos de 2 anos de < 5,2005-06-01,70,70,41,111
JESUS DE MACHACA,nutricion y desarrollo infantil,controles repetidos en ninos de 2 anos de < 5,2005-06-01,21,21,18,39
LA ASUNTA,nutricion y desarrollo infantil,controles repetidos en ninos de 2 anos de < 5,2005-06-01,53,53,49,102
LA GUARDIA,nutricion y desarrollo infantil,controles repetidos en ninos de 2 anos de < 5,2005-06-01,224,224,180,404
LA PAZ,nutricion y desarrollo infantil,controles repetidos en ninos de 2 anos de < 5,2005-06-01,1658,1658,1694,3352
LA RIVERA,nutricion y desarrollo infantil,controles repetidos en ninos de 2 anos de < 5,2005-06-01,2,2,2,4
LAGUNILLAS,nutricion y desarrollo infantil,controles repetidos en ninos de 2 anos de < 5,2005-06-01,138,138,145,283
LAJA,nutricion y desarrollo infantil,controles repetidos en ninos de 2 anos de < 5,2005-06-01,50,50,55,105
LAS CARRERAS,nutricion y desarrollo infantil,controles repetidos en ninos de 2 anos de < 5,2005-06-01,70,70,74,144
LICOMA PAMPA,nutricion y desarrollo infantil,controles repetidos en ninos de 2 anos de < 5,2005-06-01,7,7,16,23
LLALLAGUA,nutricion y desarrollo infantil,controles repetidos en ninos de 2 anos de < 5,2005-06-01,349,349,347,696
LLICA,nutricion y desarrollo infantil,controles repetidos en ninos de 2 anos de < 5,2005-06-01,19,19,20,39
LORETO,nutricion y desarrollo infantil,controles repetidos en ninos de 2 anos de < 5,2005-06-01,38,38,31,69
LURIBAY,nutricion y desarrollo infantil,controles repetidos en ninos de 2 anos de < 5,2005-06-01,105,105,130,235
MACHACAMARCA,nutricion y desarrollo infantil,controles repetidos en ninos de 2 anos de < 5,2005-06-01,24,24,12,36
MACHARETI,nutricion y desarrollo infantil,controles repetidos en ninos de 2 anos de < 5,2005-06-01,190,190,220,410
MAGDALENA,nutricion y desarrollo infantil,controles repetidos en ninos de 2 anos de < 5,2005-06-01,53,53,72,125
MAIRANA,nutricion y desarrollo infantil,controles repetidos en ninos de 2 anos de < 5,2005-06-01,74,74,64,138
MALLA,nutricion y desarrollo infantil,controles repetidos en ninos de 2 anos de < 5,2005-06-01,81,81,53,134
MAPIRI,nutricion y desarrollo infantil,controles repetidos en ninos de 2 anos de < 5,2005-06-01,47,47,45,92
MECAPACA,nutricion y desarrollo infantil,controles repetidos en ninos de 2 anos de < 5,2005-06-01,35,35,39,74
MINEROS,nutricion y desarrollo infantil,controles repetidos en ninos de 2 anos de < 5,2005-06-01,157,157,140,297
MIZQUE,nutricion y desarrollo infantil,controles repetidos en ninos de 2 anos de < 5,2005-06-01,97,97,95,192
MOCOMOCO,nutricion y desarrollo infantil,controles repetidos en ninos de 2 anos de < 5,2005-06-01,90,90,93,183
MOJINETE,nutricion y desarrollo infantil,controles repetidos en ninos de 2 anos de < 5,2005-06-01,15,15,9,24
MOJOCOYA,nutricion y desarrollo infantil,controles repetidos en ninos de 2 anos de < 5,2005-06-01,215,215,165,380
MONTEAGUDO,nutricion y desarrollo infantil,controles repetidos en ninos de 2 anos de < 5,2005-06-01,371,371,394,765
MONTERO,nutricion y desarrollo infantil,controles repetidos en ninos de 2 anos de < 5,2005-06-01,815,815,797,1612
MORO MORO,nutricion y desarrollo infantil,controles repetidos en ninos de 2 anos de < 5,2005-06-01,47,47,41,88
MOROCHATA,nutricion y desarrollo infantil,controles repetidos en ninos de 2 anos de < 5,2005-06-01,64,64,43,107
NACEBE (SANTA ROSA DEL ABUNA),nutricion y desarrollo infantil,controles repetidos en ninos de 2 anos de < 5,2005-06-01,31,31,20,51
NAZACARA DE PACAJES,nutricion y desarrollo infantil,controles repetidos en ninos de 2 anos de < 5,2005-06-01,8,8,4,12
OCURI,nutricion y desarrollo infantil,controles repetidos en ninos de 2 anos de < 5,2005-06-01,135,135,171,306
OKINAWA,nutricion y desarrollo infantil,controles repetidos en ninos de 2 anos de < 5,2005-06-01,34,34,20,54
OMEREQUE,nutricion y desarrollo infantil,controles repetidos en ninos de 2 anos de < 5,2005-06-01,40,40,49,89
ORURO,nutricion y desarrollo infantil,controles repetidos en ninos de 2 anos de < 5,2005-06-01,727,727,741,1468
PADCAYA,nutricion y desarrollo infantil,controles repetidos en ninos de 2 anos de < 5,2005-06-01,217,217,243,460
PADILLA,nutricion y desarrollo infantil,controles repetidos en ninos de 2 anos de < 5,2005-06-01,302,302,326,628
PAILON,nutricion y desarrollo infantil,controles repetidos en ninos de 2 anos de < 5,2005-06-01,102,102,122,224
PALCA,nutricion y desarrollo infantil,controles repetidos en ninos de 2 anos de < 5,2005-06-01,12,12,19,31
PALOS BLANCOS,nutricion y desarrollo infantil,controles repetidos en ninos de 2 anos de < 5,2005-06-01,184,184,171,355
PAMPA AULLAGAS,nutricion y desarrollo infantil,controles repetidos en ninos de 2 anos de < 5,2005-06-01,17,17,17,34
PAMPA GRANDE,nutricion y desarrollo infantil,controles repetidos en ninos de 2 anos de < 5,2005-06-01,42,42,46,88
PAPEL PAMPA,nutricion y desarrollo infantil,controles repetidos en ninos de 2 anos de < 5,2005-06-01,17,17,26,43
PASORAPA,nutricion y desarrollo infantil,controles repetidos en ninos de 2 anos de < 5,2005-06-01,39,39,56,95
PATACAMAYA,nutricion y desarrollo infantil,controles repetidos en ninos de 2 anos de < 5,2005-06-01,103,103,100,203
PAZÑA,nutricion y desarrollo infantil,controles repetidos en ninos de 2 anos de < 5,2005-06-01,34,34,44,78
PELECHUCO,nutricion y desarrollo infantil,controles repetidos en ninos de 2 anos de < 5,2005-06-01,22,22,26,48
POCOATA,nutricion y desarrollo infantil,controles repetidos en ninos de 2 anos de < 5,2005-06-01,294,294,289,583
POCONA,nutricion y desarrollo infantil,controles repetidos en ninos de 2 anos de < 5,2005-06-01,55,55,52,107
POJO (CBBA),nutricion y desarrollo infantil,controles repetidos en ninos de 2 anos de < 5,2005-06-01,97,97,79,176
POOPO,nutricion y desarrollo infantil,controles repetidos en ninos de 2 anos de < 5,2005-06-01,16,16,8,24
PORCO,nutricion y desarrollo infantil,controles repetidos en ninos de 2 anos de < 5,2005-06-01,28,28,24,52
POROMA,nutricion y desarrollo infantil,controles repetidos en ninos de 2 anos de < 5,2005-06-01,237,237,236,473
PORONGO,nutricion y desarrollo infantil,controles repetidos en ninos de 2 anos de < 5,2005-06-01,21,21,15,36
PORTACHUELO,nutricion y desarrollo infantil,controles repetidos en ninos de 2 anos de < 5,2005-06-01,131,131,116,247
PORVENIR,nutricion y desarrollo infantil,controles repetidos en ninos de 2 anos de < 5,2005-06-01,25,25,19,44
POSTRER VALLE,nutricion y desarrollo infantil,controles repetidos en ninos de 2 anos de < 5,2005-06-01,3,3,7,10
POTOSI,nutricion y desarrollo infantil,controles repetidos en ninos de 2 anos de < 5,2005-06-01,562,562,545,1107
PRESTO,nutricion y desarrollo infantil,controles repetidos en ninos de 2 anos de < 5,2005-06-01,190,190,190,380
PUCARA,nutricion y desarrollo infantil,controles repetidos en ninos de 2 anos de < 5,2005-06-01,32,32,28,60
PUCARANI,nutricion y desarrollo infantil,controles repetidos en ninos de 2 anos de < 5,2005-06-01,99,99,92,191
PUERTO ACOSTA,nutricion y desarrollo infantil,controles repetidos en ninos de 2 anos de < 5,2005-06-01,169,169,170,339
PUERTO CARABUCO,nutricion y desarrollo infantil,controles repetidos en ninos de 2 anos de < 5,2005-06-01,103,103,113,216
PUERTO GONZALO MORENO,nutricion y desarrollo infantil,controles repetidos en ninos de 2 anos de < 5,2005-06-01,39,39,34,73
PUERTO PEREZ,nutricion y desarrollo infantil,controles repetidos en ninos de 2 anos de < 5,2005-06-01,35,35,27,62
PUERTO QUIJARRO,nutricion y desarrollo infantil,controles repetidos en ninos de 2 anos de < 5,2005-06-01,47,47,42,89
PUERTO RICO,nutricion y desarrollo infantil,controles repetidos en ninos de 2 anos de < 5,2005-06-01,108,108,125,233
PUERTO SILES,nutricion y desarrollo infantil,controles repetidos en ninos de 2 anos de < 5,2005-06-01,8,8,9,17
PUERTO SUAREZ,nutricion y desarrollo infantil,controles repetidos en ninos de 2 anos de < 5,2005-06-01,24,24,34,58
PUERTO VILLARROEL,nutricion y desarrollo infantil,controles repetidos en ninos de 2 anos de < 5,2005-06-01,122,122,105,227
PUNA,nutricion y desarrollo infantil,controles repetidos en ninos de 2 anos de < 5,2005-06-01,186,186,229,415
PUNATA,nutricion y desarrollo infantil,controles repetidos en ninos de 2 anos de < 5,2005-06-01,76,76,84,160
QUIABAYA,nutricion y desarrollo infantil,controles repetidos en ninos de 2 anos de < 5,2005-06-01,18,18,22,40
QUILLACOLLO,nutricion y desarrollo infantil,controles repetidos en ninos de 2 anos de < 5,2005-06-01,27,27,36,63
QUIME,nutricion y desarrollo infantil,controles repetidos en ninos de 2 anos de < 5,2005-06-01,97,97,84,181
QUIRUSILLAS,nutricion y desarrollo infantil,controles repetidos en ninos de 2 anos de < 5,2005-06-01,8,8,6,14
RAVELO,nutricion y desarrollo infantil,controles repetidos en ninos de 2 anos de < 5,2005-06-01,340,340,335,675
REYES,nutricion y desarrollo infantil,controles repetidos en ninos de 2 anos de < 5,2005-06-01,193,193,163,356
RIBERALTA,nutricion y desarrollo infantil,controles repetidos en ninos de 2 anos de < 5,2005-06-01,372,372,359,731
ROBORE,nutricion y desarrollo infantil,controles repetidos en ninos de 2 anos de < 5,2005-06-01,104,104,107,211
RURRENABAQUE,nutricion y desarrollo infantil,controles repetidos en ninos de 2 anos de < 5,2005-06-01,54,54,43,97
SABAYA,nutricion y desarrollo infantil,controles repetidos en ninos de 2 anos de < 5,2005-06-01,16,16,21,37
SACABA,nutricion y desarrollo infantil,controles repetidos en ninos de 2 anos de < 5,2005-06-01,45,45,68,113
SACABAMBA,nutricion y desarrollo infantil,controles repetidos en ninos de 2 anos de < 5,2005-06-01,31,31,42,73
SACACA,nutricion y desarrollo infantil,controles repetidos en ninos de 2 anos de < 5,2005-06-01,549,549,502,1051
SAIPINA,nutricion y desarrollo infantil,controles repetidos en ninos de 2 anos de < 5,2005-06-01,52,52,60,112
SALINAS DE GARCI MENDOZA,nutricion y desarrollo infantil,controles repetidos en ninos de 2 anos de < 5,2005-06-01,56,56,48,104
SAMAIPATA,nutricion y desarrollo infantil,controles repetidos en ninos de 2 anos de < 5,2005-06-01,71,71,91,162
SAN AGUSTIN,nutricion y desarrollo infantil,controles repetidos en ninos de 2 anos de < 5,2005-06-01,22,22,16,38
SAN ANDRES,nutricion y desarrollo infantil,controles repetidos en ninos de 2 anos de < 5,2005-06-01,104,104,113,217
SAN ANDRES DE MACHACA,nutricion y desarrollo infantil,controles repetidos en ninos de 2 anos de < 5,2005-06-01,7,7,21,28
SAN ANTONIO DE ESMORUCO,nutricion y desarrollo infantil,controles repetidos en ninos de 2 anos de < 5,2005-06-01,17,17,16,33
SAN ANTONIO DE LOMERIO,nutricion y desarrollo infantil,controles repetidos en ninos de 2 anos de < 5,2005-06-01,161,161,179,340
SAN BENITO,nutricion y desarrollo infantil,controles repetidos en ninos de 2 anos de < 5,2005-06-01,28,28,31,59
SAN BORJA,nutricion y desarrollo infantil,controles repetidos en ninos de 2 anos de < 5,2005-06-01,205,205,195,400
SAN BUENA VENTURA,nutricion y desarrollo infantil,controles repetidos en ninos de 2 anos de < 5,2005-06-01,31,31,36,67
SAN CARLOS,nutricion y desarrollo infantil,controles repetidos en ninos de 2 anos de < 5,2005-06-01,127,127,130,257
SAN IGNACIO,nutricion y desarrollo infantil,controles repetidos en ninos de 2 anos de < 5,2005-06-01,176,176,169,345
SAN IGNACIO DE VELASCO,nutricion y desarrollo infantil,controles repetidos en ninos de 2 anos de < 5,2005-06-01,387,387,336,723
SAN JAVIER(BNI),nutricion y desarrollo infantil,controles repetidos en ninos de 2 anos de < 5,2005-06-01,40,40,34,74
SAN JAVIER(STC),nutricion y desarrollo infantil,controles repetidos en ninos de 2 anos de < 5,2005-06-01,23,23,17,40
SAN JOAQUIN,nutricion y desarrollo infantil,controles repetidos en ninos de 2 anos de < 5,2005-06-01,24,24,38,62
SAN JOSE DE CHIQUITOS,nutricion y desarrollo infantil,controles repetidos en ninos de 2 anos de < 5,2005-06-01,106,106,93,199
SAN JUAN DE YAPACANI,nutricion y desarrollo infantil,controles repetidos en ninos de 2 anos de < 5,2005-06-01,116,116,98,214
SAN JULIAN,nutricion y desarrollo infantil,controles repetidos en ninos de 2 anos de < 5,2005-06-01,258,258,277,535
SAN LORENZO(PND),nutricion y desarrollo infantil,controles repetidos en ninos de 2 anos de < 5,2005-06-01,75,75,60,135
SAN LORENZO(TJA),nutricion y desarrollo infantil,controles repetidos en ninos de 2 anos de < 5,2005-06-01,198,198,239,437
SAN LUCAS,nutricion y desarrollo infantil,controles repetidos en ninos de 2 anos de < 5,2005-06-01,614,614,642,1256
SAN MATIAS,nutricion y desarrollo infantil,controles repetidos en ninos de 2 anos de < 5,2005-06-01,53,53,59,112
SAN MIGUEL DE VELASCO,nutricion y desarrollo infantil,controles repetidos en ninos de 2 anos de < 5,2005-06-01,111,111,130,241
SAN PABLO DE LIPEZ,nutricion y desarrollo infantil,controles repetidos en ninos de 2 anos de < 5,2005-06-01,13,13,17,30
SAN PEDRO,nutricion y desarrollo infantil,controles repetidos en ninos de 2 anos de < 5,2005-06-01,153,153,137,290
SAN PEDRO DE BUENA VISTA,nutricion y desarrollo infantil,controles repetidos en ninos de 2 anos de < 5,2005-06-01,364,364,275,639
SAN PEDRO DE CURAHUARA,nutricion y desarrollo infantil,controles repetidos en ninos de 2 anos de < 5,2005-06-01,70,70,70,140
SAN PEDRO DE QUEMES,nutricion y desarrollo infantil,controles repetidos en ninos de 2 anos de < 5,2005-06-01,8,8,1,9
SAN PEDRO DE TIQUINA,nutricion y desarrollo infantil,controles repetidos en ninos de 2 anos de < 5,2005-06-01,35,35,36,71
SAN PEDRO(PND),nutricion y desarrollo infantil,controles repetidos en ninos de 2 anos de < 5,2005-06-01,35,35,29,64
SAN RAFAEL,nutricion y desarrollo infantil,controles repetidos en ninos de 2 anos de < 5,2005-06-01,83,83,86,169
SAN RAMON,nutricion y desarrollo infantil,controles repetidos en ninos de 2 anos de < 5,2005-06-01,21,21,17,38
SAN RAMON,nutricion y desarrollo infantil,controles repetidos en ninos de 2 anos de < 5,2005-06-01,35,35,32,67
SANTA ANA,nutricion y desarrollo infantil,controles repetidos en ninos de 2 anos de < 5,2005-06-01,100,100,94,194
SANTA CRUZ DE LA SIERRA,nutricion y desarrollo infantil,controles repetidos en ninos de 2 anos de < 5,2005-06-01,2364,2364,2039,4403
SANTA ROSA,nutricion y desarrollo infantil,controles repetidos en ninos de 2 anos de < 5,2005-06-01,59,59,50,109
SANTA ROSA DEL SARA,nutricion y desarrollo infantil,controles repetidos en ninos de 2 anos de < 5,2005-06-01,48,48,77,125
SANTIAGO DE CALLAPA,nutricion y desarrollo infantil,controles repetidos en ninos de 2 anos de < 5,2005-06-01,19,19,24,43
SANTIAGO DE HUARI,nutricion y desarrollo infantil,controles repetidos en ninos de 2 anos de < 5,2005-06-01,56,56,62,118
SANTIAGO DE MACHACA,nutricion y desarrollo infantil,controles repetidos en ninos de 2 anos de < 5,2005-06-01,21,21,22,43
SANTIVAÑES,nutricion y desarrollo infantil,controles repetidos en ninos de 2 anos de < 5,2005-06-01,47,47,41,88
SANTUARIO DE QUILLACAS,nutricion y desarrollo infantil,controles repetidos en ninos de 2 anos de < 5,2005-06-01,17,17,13,30
SAPAHAQUI,nutricion y desarrollo infantil,controles repetidos en ninos de 2 anos de < 5,2005-06-01,27,27,26,53
SENA,nutricion y desarrollo infantil,controles repetidos en ninos de 2 anos de < 5,2005-06-01,13,13,16,29
SICA SICA (VILLA AROMA),nutricion y desarrollo infantil,controles repetidos en ninos de 2 anos de < 5,2005-06-01,170,170,137,307
SICAYA,nutricion y desarrollo infantil,controles repetidos en ninos de 2 anos de < 5,2005-06-01,36,36,24,60
SIPE SIPE,nutricion y desarrollo infantil,controles repetidos en ninos de 2 anos de < 5,2005-06-01,189,189,168,357
SOPACHUY,nutricion y desarrollo infantil,controles repetidos en ninos de 2 anos de < 5,2005-06-01,148,148,160,308
SORACACHI,nutricion y desarrollo infantil,controles repetidos en ninos de 2 anos de < 5,2005-06-01,63,63,162,225
SORATA,nutricion y desarrollo infantil,controles repetidos en ninos de 2 anos de < 5,2005-06-01,112,112,94,206
SUCRE,nutricion y desarrollo infantil,controles repetidos en ninos de 2 anos de < 5,2005-06-01,1331,1331,1379,2710
TACACHI,nutricion y desarrollo infantil,controles repetidos en ninos de 2 anos de < 5,2005-06-01,5,5,7,12
TACACOMA,nutricion y desarrollo infantil,controles repetidos en ninos de 2 anos de < 5,2005-06-01,29,29,15,44
TACOBAMBA,nutricion y desarrollo infantil,controles repetidos en ninos de 2 anos de < 5,2005-06-01,104,104,80,184
TACOPAYA,nutricion y desarrollo infantil,controles repetidos en ninos de 2 anos de < 5,2005-06-01,108,108,105,213
TAHUA,nutricion y desarrollo infantil,controles repetidos en ninos de 2 anos de < 5,2005-06-01,7,7,11,18
TAPACARI,nutricion y desarrollo infantil,controles repetidos en ninos de 2 anos de < 5,2005-06-01,215,215,218,433
TARABUCO,nutricion y desarrollo infantil,controles repetidos en ninos de 2 anos de < 5,2005-06-01,569,569,663,1232
TARACO,nutricion y desarrollo infantil,controles repetidos en ninos de 2 anos de < 5,2005-06-01,38,38,51,89
TARATA,nutricion y desarrollo infantil,controles repetidos en ninos de 2 anos de < 5,2005-06-01,51,51,35,86
TARIJA,nutricion y desarrollo infantil,controles repetidos en ninos de 2 anos de < 5,2005-06-01,586,586,585,1171
TARVITA,nutricion y desarrollo infantil,controles repetidos en ninos de 2 anos de < 5,2005-06-01,40,40,54,94
TEOPONTE,nutricion y desarrollo infantil,controles repetidos en ninos de 2 anos de < 5,2005-06-01,112,112,78,190
TIAWANACU,nutricion y desarrollo infantil,controles repetidos en ninos de 2 anos de < 5,2005-06-01,21,21,27,48
TINGUIPAYA,nutricion y desarrollo infantil,controles repetidos en ninos de 2 anos de < 5,2005-06-01,225,225,230,455
TIPUANI,nutricion y desarrollo infantil,controles repetidos en ninos de 2 anos de < 5,2005-06-01,35,35,36,71
TIQUIPAYA,nutricion y desarrollo infantil,controles repetidos en ninos de 2 anos de < 5,2005-06-01,68,68,74,142
TIRAQUE (CBBA),nutricion y desarrollo infantil,controles repetidos en ninos de 2 anos de < 5,2005-06-01,51,51,49,100
TITO YUPANQUI (PARQUIPUJIO),nutricion y desarrollo infantil,controles repetidos en ninos de 2 anos de < 5,2005-06-01,10,10,3,13
TOCO,nutricion y desarrollo infantil,controles repetidos en ninos de 2 anos de < 5,2005-06-01,26,26,24,50
TODOS SANTOS,nutricion y desarrollo infantil,controles repetidos en ninos de 2 anos de < 5,2005-06-01,3,3,2,5
TOLATA,nutricion y desarrollo infantil,controles repetidos en ninos de 2 anos de < 5,2005-06-01,6,6,2,8
TOLEDO,nutricion y desarrollo infantil,controles repetidos en ninos de 2 anos de < 5,2005-06-01,24,24,15,39
TOMAVE,nutricion y desarrollo infantil,controles repetidos en ninos de 2 anos de < 5,2005-06-01,92,92,105,197
TOMINA,nutricion y desarrollo infantil,controles repetidos en ninos de 2 anos de < 5,2005-06-01,248,248,272,520
TORO TORO,nutricion y desarrollo infantil,controles repetidos en ninos de 2 anos de < 5,2005-06-01,184,184,182,366
TOTORA(CBBA),nutricion y desarrollo infantil,controles repetidos en ninos de 2 anos de < 5,2005-06-01,42,42,67,109
TOTORA(ORR),nutricion y desarrollo infantil,controles repetidos en ninos de 2 anos de < 5,2005-06-01,31,31,32,63
TRIGAL,nutricion y desarrollo infantil,controles repetidos en ninos de 2 anos de < 5,2005-06-01,14,14,22,36
TRINIDAD,nutricion y desarrollo infantil,controles repetidos en ninos de 2 anos de < 5,2005-06-01,309,309,292,601
TUPIZA,nutricion y desarrollo infantil,controles repetidos en ninos de 2 anos de < 5,2005-06-01,456,456,488,944
TURCO,nutricion y desarrollo infantil,controles repetidos en ninos de 2 anos de < 5,2005-06-01,12,12,9,21
UMALA,nutricion y desarrollo infantil,controles repetidos en ninos de 2 anos de < 5,2005-06-01,23,23,12,35
UNCIA,nutricion y desarrollo infantil,controles repetidos en ninos de 2 anos de < 5,2005-06-01,178,178,147,325
URIONDO (A. CONCEPCION),nutricion y desarrollo infantil,controles repetidos en ninos de 2 anos de < 5,2005-06-01,198,198,173,371
URUBICHA,nutricion y desarrollo infantil,controles repetidos en ninos de 2 anos de < 5,2005-06-01,269,269,265,534
UYUNI,nutricion y desarrollo infantil,controles repetidos en ninos de 2 anos de < 5,2005-06-01,234,234,228,462
VACAS,nutricion y desarrollo infantil,controles repetidos en ninos de 2 anos de < 5,2005-06-01,23,23,11,34
VALLEGRANDE,nutricion y desarrollo infantil,controles repetidos en ninos de 2 anos de < 5,2005-06-01,102,102,124,226
VIACHA,nutricion y desarrollo infantil,controles repetidos en ninos de 2 anos de < 5,2005-06-01,102,102,102,204
VILA VILA,nutricion y desarrollo infantil,controles repetidos en ninos de 2 anos de < 5,2005-06-01,28,28,33,61
VILLA MONTES,nutricion y desarrollo infantil,controles repetidos en ninos de 2 anos de < 5,2005-06-01,140,140,139,279
VILLA NUEVA (LOMA ALTA),nutricion y desarrollo infantil,controles repetidos en ninos de 2 anos de < 5,2005-06-01,6,6,6,12
VILLA RIVERO,nutricion y desarrollo infantil,controles repetidos en ninos de 2 anos de < 5,2005-06-01,31,31,18,49
VILLA SERRANO,nutricion y desarrollo infantil,controles repetidos en ninos de 2 anos de < 5,2005-06-01,271,271,273,544
VILLA TUNARI,nutricion y desarrollo infantil,controles repetidos en ninos de 2 anos de < 5,2005-06-01,155,155,145,300
VILLA VACA GUZMAN (MUYUPAMPA),nutricion y desarrollo infantil,controles repetidos en ninos de 2 anos de < 5,2005-06-01,155,155,156,311
VILLAZON,nutricion y desarrollo infantil,controles repetidos en ninos de 2 anos de < 5,2005-06-01,356,356,324,680
VINTO,nutricion y desarrollo infantil,controles repetidos en ninos de 2 anos de < 5,2005-06-01,7,7,6,13
VITICHI,nutricion y desarrollo infantil,controles repetidos en ninos de 2 anos de < 5,2005-06-01,146,146,186,332
WALDO BALLIVIAN,nutricion y desarrollo infantil,controles repetidos en ninos de 2 anos de < 5,2005-06-01,11,11,33,44
WARNES,nutricion y desarrollo infantil,controles repetidos en ninos de 2 anos de < 5,2005-06-01,162,162,147,309
YACO,nutricion y desarrollo infantil,controles repetidos en ninos de 2 anos de < 5,2005-06-01,36,36,41,77
YACUIBA,nutricion y desarrollo infantil,controles repetidos en ninos de 2 anos de < 5,2005-06-01,263,263,202,465
YAMPARAEZ,nutricion y desarrollo infantil,controles repetidos en ninos de 2 anos de < 5,2005-06-01,333,333,282,615
YANACACHI,nutricion y desarrollo infantil,controles repetidos en ninos de 2 anos de < 5,2005-06-01,17,17,21,38
YAPACANI,nutricion y desarrollo infantil,controles repetidos en ninos de 2 anos de < 5,2005-06-01,277,277,296,573
YOCALLA,nutricion y desarrollo infantil,controles repetidos en ninos de 2 anos de < 5,2005-06-01,106,106,113,219
YOTALA,nutricion y desarrollo infantil,controles repetidos en ninos de 2 anos de < 5,2005-06-01,177,177,206,383
YUNCHARA,nutricion y desarrollo infantil,controles repetidos en ninos de 2 anos de < 5,2005-06-01,134,134,128,262
ZUDAÑEZ,nutricion y desarrollo infantil,controles repetidos en ninos de 2 anos de < 5,2005-06-01,118,118,121,239
ACACIO,nutricion y desarrollo infantil,controles repetidos en ninos de 2 anos de < 5,2005-07-01,142,142,126,268
ACHACACHI,nutricion y desarrollo infantil,controles repetidos en ninos de 2 anos de < 5,2005-07-01,320,320,312,632
ACHOCALLA,nutricion y desarrollo infantil,controles repetidos en ninos de 2 anos de < 5,2005-07-01,33,33,22,55
AIQUILE,nutricion y desarrollo infantil,controles repetidos en ninos de 2 anos de < 5,2005-07-01,92,92,110,202
ALALAY,nutricion y desarrollo infantil,controles repetidos en ninos de 2 anos de < 5,2005-07-01,56,56,36,92
ALCALA,nutricion y desarrollo infantil,controles repetidos en ninos de 2 anos de < 5,2005-07-01,104,104,99,203
ANCORAIMES,nutricion y desarrollo infantil,controles repetidos en ninos de 2 anos de < 5,2005-07-01,106,106,121,227
ANDAMARCA,nutricion y desarrollo infantil,controles repetidos en ninos de 2 anos de < 5,2005-07-01,5,5,4,9
ANTEQUERA,nutricion y desarrollo infantil,controles repetidos en ninos de 2 anos de < 5,2005-07-01,29,29,32,61
ANZALDO,nutricion y desarrollo infantil,controles repetidos en ninos de 2 anos de < 5,2005-07-01,9,9,4,13
APOLO,nutricion y desarrollo infantil,controles repetidos en ninos de 2 anos de < 5,2005-07-01,107,107,118,225
ARAMPAMPA,nutricion y desarrollo infantil,controles repetidos en ninos de 2 anos de < 5,2005-07-01,77,77,81,158
ARANI,nutricion y desarrollo infantil,controles repetidos en ninos de 2 anos de < 5,2005-07-01,28,28,37,65
ARBIETO,nutricion y desarrollo infantil,controles repetidos en ninos de 2 anos de < 5,2005-07-01,29,29,28,57
ARQUE,nutricion y desarrollo infantil,controles repetidos en ninos de 2 anos de < 5,2005-07-01,135,135,139,274
ASCENCION DE GUARAYOS,nutricion y desarrollo infantil,controles repetidos en ninos de 2 anos de < 5,2005-07-01,12,12,21,33
ATOCHA,nutricion y desarrollo infantil,controles repetidos en ninos de 2 anos de < 5,2005-07-01,113,113,113,226
AUCAPATA,nutricion y desarrollo infantil,controles repetidos en ninos de 2 anos de < 5,2005-07-01,29,29,27,56
AYATA,nutricion y desarrollo infantil,controles repetidos en ninos de 2 anos de < 5,2005-07-01,137,137,119,256
AYO AYO,nutricion y desarrollo infantil,controles repetidos en ninos de 2 anos de < 5,2005-07-01,39,39,31,70
AYOPAYA (V. DE INDEPENDENCIA),nutricion y desarrollo infantil,controles repetidos en ninos de 2 anos de < 5,2005-07-01,110,110,141,251
AZURDUY,nutricion y desarrollo infantil,controles repetidos en ninos de 2 anos de < 5,2005-07-01,356,356,338,694
BATALLAS,nutricion y desarrollo infantil,controles repetidos en ninos de 2 anos de < 5,2005-07-01,41,41,74,115
BAURES,nutricion y desarrollo infantil,controles repetidos en ninos de 2 anos de < 5,2005-07-01,31,31,44,75
BELEN DE ANDAMARCA,nutricion y desarrollo infantil,controles repetidos en ninos de 2 anos de < 5,2005-07-01,15,15,15,30
BELEN DE URMIRI,nutricion y desarrollo infantil,controles repetidos en ninos de 2 anos de < 5,2005-07-01,17,17,15,32
BELLA FLOR,nutricion y desarrollo infantil,controles repetidos en ninos de 2 anos de < 5,2005-07-01,41,41,57,98
BERMEJO,nutricion y desarrollo infantil,controles repetidos en ninos de 2 anos de < 5,2005-07-01,59,59,152,211
BETANZOS,nutricion y desarrollo infantil,controles repetidos en ninos de 2 anos de < 5,2005-07-01,299,299,350,649
BOLIVAR,nutricion y desarrollo infantil,controles repetidos en ninos de 2 anos de < 5,2005-07-01,107,107,150,257
BOLPEBRA,nutricion y desarrollo infantil,controles repetidos en ninos de 2 anos de < 5,2005-07-01,20,20,20,40
BOYUIBE,nutricion y desarrollo infantil,controles repetidos en ninos de 2 anos de < 5,2005-07-01,73,73,63,136
BUENA VISTA,nutricion y desarrollo infantil,controles repetidos en ninos de 2 anos de < 5,2005-07-01,186,186,168,354
CABEZAS,nutricion y desarrollo infantil,controles repetidos en ninos de 2 anos de < 5,2005-07-01,120,120,108,228
CAIROMA,nutricion y desarrollo infantil,controles repetidos en ninos de 2 anos de < 5,2005-07-01,128,128,147,275
"CAIZA ""D""",nutricion y desarrollo infantil,controles repetidos en ninos de 2 anos de < 5,2005-07-01,106,106,93,199
CAJUATA,nutricion y desarrollo infantil,controles repetidos en ninos de 2 anos de < 5,2005-07-01,39,39,57,96
CALACOTO,nutricion y desarrollo infantil,controles repetidos en ninos de 2 anos de < 5,2005-07-01,17,17,22,39
CALAMARCA,nutricion y desarrollo infantil,controles repetidos en ninos de 2 anos de < 5,2005-07-01,139,139,151,290
CAMARGO,nutricion y desarrollo infantil,controles repetidos en ninos de 2 anos de < 5,2005-07-01,161,161,193,354
CAMATAQUI (C. VILLA ABECIA),nutricion y desarrollo infantil,controles repetidos en ninos de 2 anos de < 5,2005-07-01,68,68,53,121
CAMIRI,nutricion y desarrollo infantil,controles repetidos en ninos de 2 anos de < 5,2005-07-01,225,225,227,452
CAPINOTA,nutricion y desarrollo infantil,controles repetidos en ninos de 2 anos de < 5,2005-07-01,57,57,54,111
CAQUIAVIRI,nutricion y desarrollo infantil,controles repetidos en ninos de 2 anos de < 5,2005-07-01,78,78,62,140
CARACOLLO,nutricion y desarrollo infantil,controles repetidos en ninos de 2 anos de < 5,2005-07-01,56,56,63,119
CARANAVI,nutricion y desarrollo infantil,controles repetidos en ninos de 2 anos de < 5,2005-07-01,268,268,276,544
CARANGAS,nutricion y desarrollo infantil,controles repetidos en ninos de 2 anos de < 5,2005-07-01,1,1,1,2
CARAPARI,nutricion y desarrollo infantil,controles repetidos en ninos de 2 anos de < 5,2005-07-01,116,116,99,215
CARIPUYO,nutricion y desarrollo infantil,controles repetidos en ninos de 2 anos de < 5,2005-07-01,244,244,220,464
CARMEN RIVERO TORREZ,nutricion y desarrollo infantil,controles repetidos en ninos de 2 anos de < 5,2005-07-01,10,10,12,22
CATACORA,nutricion y desarrollo infantil,controles repetidos en ninos de 2 anos de < 5,2005-07-01,18,18,22,40
CHACARILLA,nutricion y desarrollo infantil,controles repetidos en ninos de 2 anos de < 5,2005-07-01,4,4,5,9
CHALLAPATA,nutricion y desarrollo infantil,controles repetidos en ninos de 2 anos de < 5,2005-07-01,140,140,103,243
CHAQUI,nutricion y desarrollo infantil,controles repetidos en ninos de 2 anos de < 5,2005-07-01,74,74,82,156
CHARAGUA,nutricion y desarrollo infantil,controles repetidos en ninos de 2 anos de < 5,2005-07-01,281,281,301,582
CHARAÑA,nutricion y desarrollo infantil,controles repetidos en ninos de 2 anos de < 5,2005-07-01,30,30,33,63
CHAYANTA,nutricion y desarrollo infantil,controles repetidos en ninos de 2 anos de < 5,2005-07-01,87,87,81,168
CHIMORE,nutricion y desarrollo infantil,controles repetidos en ninos de 2 anos de < 5,2005-07-01,21,21,35,56
CHIPAYA,nutricion y desarrollo infantil,controles repetidos en ninos de 2 anos de < 5,2005-07-01,3,3,2,5
CHOQUE COTA,nutricion y desarrollo infantil,controles repetidos en ninos de 2 anos de < 5,2005-07-01,20,20,15,35
CHULUMANI (V. DE LA LIBERTAD),nutricion y desarrollo infantil,controles repetidos en ninos de 2 anos de < 5,2005-07-01,85,85,95,180
CHUMA,nutricion y desarrollo infantil,controles repetidos en ninos de 2 anos de < 5,2005-07-01,117,117,119,236
CLIZA,nutricion y desarrollo infantil,controles repetidos en ninos de 2 anos de < 5,2005-07-01,32,32,30,62
COBIJA,nutricion y desarrollo infantil,controles repetidos en ninos de 2 anos de < 5,2005-07-01,181,181,173,354
COCHABAMBA,nutricion y desarrollo infantil,controles repetidos en ninos de 2 anos de < 5,2005-07-01,887,887,716,1603
COIPASA,nutricion y desarrollo infantil,controles repetidos en ninos de 2 anos de < 5,2005-07-01,8,8,9,17
COLCAPIRHUA,nutricion y desarrollo infantil,controles repetidos en ninos de 2 anos de < 5,2005-07-01,58,58,62,120
"COLCHA ""K""",nutricion y desarrollo infantil,controles repetidos en ninos de 2 anos de < 5,2005-07-01,100,100,101,201
COLLANA,nutricion y desarrollo infantil,controles repetidos en ninos de 2 anos de < 5,2005-07-01,14,14,8,22
COLOMI,nutricion y desarrollo infantil,controles repetidos en ninos de 2 anos de < 5,2005-07-01,57,57,48,105
COLPA BELGICA,nutricion y desarrollo infantil,controles repetidos en ninos de 2 anos de < 5,2005-07-01,41,41,45,86
COLQUECHACA,nutricion y desarrollo infantil,controles repetidos en ninos de 2 anos de < 5,2005-07-01,201,201,236,437
COLQUENCHA,nutricion y desarrollo infantil,controles repetidos en ninos de 2 anos de < 5,2005-07-01,28,28,46,74
COLQUIRI,nutricion y desarrollo infantil,controles repetidos en ninos de 2 anos de < 5,2005-07-01,98,98,89,187
COMANCHE,nutricion y desarrollo infantil,controles repetidos en ninos de 2 anos de < 5,2005-07-01,48,48,42,90
COMARAPA,nutricion y desarrollo infantil,controles repetidos en ninos de 2 anos de < 5,2005-07-01,125,125,120,245
COMBAYA,nutricion y desarrollo infantil,controles repetidos en ninos de 2 anos de < 5,2005-07-01,10,10,6,16
CONCEPCION,nutricion y desarrollo infantil,controles repetidos en ninos de 2 anos de < 5,2005-07-01,47,47,58,105
COPACABANA,nutricion y desarrollo infantil,controles repetidos en ninos de 2 anos de < 5,2005-07-01,61,61,44,105
CORIPATA,nutricion y desarrollo infantil,controles repetidos en ninos de 2 anos de < 5,2005-07-01,61,61,60,121
CORO CORO,nutricion y desarrollo infantil,controles repetidos en ninos de 2 anos de < 5,2005-07-01,65,65,81,146
COROICO,nutricion y desarrollo infantil,controles repetidos en ninos de 2 anos de < 5,2005-07-01,83,83,95,178
CORQUE,nutricion y desarrollo infantil,controles repetidos en ninos de 2 anos de < 5,2005-07-01,49,49,46,95
COTAGAITA,nutricion y desarrollo infantil,controles repetidos en ninos de 2 anos de < 5,2005-07-01,301,301,292,593
COTOCA,nutricion y desarrollo infantil,controles repetidos en ninos de 2 anos de < 5,2005-07-01,90,90,113,203
CUATRO CAÑADAS,nutricion y desarrollo infantil,controles repetidos en ninos de 2 anos de < 5,2005-07-01,74,74,46,120
CUCHUMUELA (V. G. VILLARROEL),nutricion y desarrollo infantil,controles repetidos en ninos de 2 anos de < 5,2005-07-01,24,24,15,39
CUEVO,nutricion y desarrollo infantil,controles repetidos en ninos de 2 anos de < 5,2005-07-01,61,61,69,130
CULPINA,nutricion y desarrollo infantil,controles repetidos en ninos de 2 anos de < 5,2005-07-01,278,278,278,556
CURAHUARA DE CARANGAS,nutricion y desarrollo infantil,controles repetidos en ninos de 2 anos de < 5,2005-07-01,20,20,16,36
CURVA,nutricion y desarrollo infantil,controles repetidos en ninos de 2 anos de < 5,2005-07-01,14,14,15,29
DESAGUADERO,nutricion y desarrollo infantil,controles repetidos en ninos de 2 anos de < 5,2005-07-01,29,29,19,48
EL ALTO,nutricion y desarrollo infantil,controles repetidos en ninos de 2 anos de < 5,2005-07-01,1876,1876,1899,3775
EL CHORO,nutricion y desarrollo infantil,controles repetidos en ninos de 2 anos de < 5,2005-07-01,2,2,1,3
EL PUENTE(STC),nutricion y desarrollo infantil,controles repetidos en ninos de 2 anos de < 5,2005-07-01,115,115,91,206
EL PUENTE(TJA),nutricion y desarrollo infantil,controles repetidos en ninos de 2 anos de < 5,2005-07-01,119,119,106,225
EL TORNO,nutricion y desarrollo infantil,controles repetidos en ninos de 2 anos de < 5,2005-07-01,121,121,96,217
EL VILLAR,nutricion y desarrollo infantil,controles repetidos en ninos de 2 anos de < 5,2005-07-01,138,138,100,238
ENTRE RIOS,nutricion y desarrollo infantil,controles repetidos en ninos de 2 anos de < 5,2005-07-01,198,198,168,366
ENTRE RIOS,nutricion y desarrollo infantil,controles repetidos en ninos de 2 anos de < 5,2005-07-01,55,55,59,114
EUCALIPTUS,nutricion y desarrollo infantil,controles repetidos en ninos de 2 anos de < 5,2005-07-01,46,46,31,77
EUREKA (SANTOS MERCADO),nutricion y desarrollo infantil,controles repetidos en ninos de 2 anos de < 5,2005-07-01,12,12,14,26
EXALTACION,nutricion y desarrollo infantil,controles repetidos en ninos de 2 anos de < 5,2005-07-01,16,16,42,58
FERNANDEZ ALONSO,nutricion y desarrollo infantil,controles repetidos en ninos de 2 anos de < 5,2005-07-01,168,168,210,378
FILADELFIA,nutricion y desarrollo infantil,controles repetidos en ninos de 2 anos de < 5,2005-07-01,36,36,33,69
GENERAL SAAVEDRA,nutricion y desarrollo infantil,controles repetidos en ninos de 2 anos de < 5,2005-07-01,251,251,260,511
GRAL. J.J. PEREZ (CHARAZANI),nutricion y desarrollo infantil,controles repetidos en ninos de 2 anos de < 5,2005-07-01,71,71,70,141
GUANAY,nutricion y desarrollo infantil,controles repetidos en ninos de 2 anos de < 5,2005-07-01,76,76,86,162
GUAQUI,nutricion y desarrollo infantil,controles repetidos en ninos de 2 anos de < 5,2005-07-01,20,20,29,49
GUAYARAMERIN,nutricion y desarrollo infantil,controles repetidos en ninos de 2 anos de < 5,2005-07-01,266,266,235,501
GUTIERREZ,nutricion y desarrollo infantil,controles repetidos en ninos de 2 anos de < 5,2005-07-01,300,300,300,600
HUACARETA,nutricion y desarrollo infantil,controles repetidos en ninos de 2 anos de < 5,2005-07-01,197,197,198,395
HUACAYA (VILLA DE HUACAYA),nutricion y desarrollo infantil,controles repetidos en ninos de 2 anos de < 5,2005-07-01,57,57,66,123
HUACHACALLA,nutricion y desarrollo infantil,controles repetidos en ninos de 2 anos de < 5,2005-07-01,9,9,3,12
HUANUNI,nutricion y desarrollo infantil,controles repetidos en ninos de 2 anos de < 5,2005-07-01,80,80,72,152
HUARACAJE,nutricion y desarrollo infantil,controles repetidos en ninos de 2 anos de < 5,2005-07-01,28,28,22,50
HUAYLLAMARCA,nutricion y desarrollo infantil,controles repetidos en ninos de 2 anos de < 5,2005-07-01,23,23,20,43
ICHOCA,nutricion y desarrollo infantil,controles repetidos en ninos de 2 anos de < 5,2005-07-01,37,37,28,65
ICLA,nutricion y desarrollo infantil,controles repetidos en ninos de 2 anos de < 5,2005-07-01,303,303,297,600
INCAHUASI,nutricion y desarrollo infantil,controles repetidos en ninos de 2 anos de < 5,2005-07-01,321,321,410,731
INGAVI (HUMAITA),nutricion y desarrollo infantil,controles repetidos en ninos de 2 anos de < 5,2005-07-01,6,6,3,9
INQUISIVI,nutricion y desarrollo infantil,controles repetidos en ninos de 2 anos de < 5,2005-07-01,105,105,96,201
IRUPANA (VILLA DE LANZA),nutricion y desarrollo infantil,controles repetidos en ninos de 2 anos de < 5,2005-07-01,213,213,191,404
IXIAMAS,nutricion y desarrollo infantil,controles repetidos en ninos de 2 anos de < 5,2005-07-01,55,55,56,111
JESUS DE MACHACA,nutricion y desarrollo infantil,controles repetidos en ninos de 2 anos de < 5,2005-07-01,52,52,66,118
LA ASUNTA,nutricion y desarrollo infantil,controles repetidos en ninos de 2 anos de < 5,2005-07-01,59,59,56,115
LA GUARDIA,nutricion y desarrollo infantil,controles repetidos en ninos de 2 anos de < 5,2005-07-01,214,214,186,400
LA PAZ,nutricion y desarrollo infantil,controles repetidos en ninos de 2 anos de < 5,2005-07-01,1872,1872,1908,3780
LA RIVERA,nutricion y desarrollo infantil,controles repetidos en ninos de 2 anos de < 5,2005-07-01,1,1,2,3
LAGUNILLAS,nutricion y desarrollo infantil,controles repetidos en ninos de 2 anos de < 5,2005-07-01,147,147,132,279
LAJA,nutricion y desarrollo infantil,controles repetidos en ninos de 2 anos de < 5,2005-07-01,51,51,46,97
LAS CARRERAS,nutricion y desarrollo infantil,controles repetidos en ninos de 2 anos de < 5,2005-07-01,64,64,49,113
LICOMA PAMPA,nutricion y desarrollo infantil,controles repetidos en ninos de 2 anos de < 5,2005-07-01,9,9,11,20
LLALLAGUA,nutricion y desarrollo infantil,controles repetidos en ninos de 2 anos de < 5,2005-07-01,537,537,550,1087
LLICA,nutricion y desarrollo infantil,controles repetidos en ninos de 2 anos de < 5,2005-07-01,17,17,19,36
LORETO,nutricion y desarrollo infantil,controles repetidos en ninos de 2 anos de < 5,2005-07-01,28,28,25,53
LURIBAY,nutricion y desarrollo infantil,controles repetidos en ninos de 2 anos de < 5,2005-07-01,128,128,115,243
MACHACAMARCA,nutricion y desarrollo infantil,controles repetidos en ninos de 2 anos de < 5,2005-07-01,21,21,18,39
MACHARETI,nutricion y desarrollo infantil,controles repetidos en ninos de 2 anos de < 5,2005-07-01,144,144,175,319
MAGDALENA,nutricion y desarrollo infantil,controles repetidos en ninos de 2 anos de < 5,2005-07-01,43,43,28,71
MAIRANA,nutricion y desarrollo infantil,controles repetidos en ninos de 2 anos de < 5,2005-07-01,52,52,52,104
MALLA,nutricion y desarrollo infantil,controles repetidos en ninos de 2 anos de < 5,2005-07-01,18,18,30,48
MAPIRI,nutricion y desarrollo infantil,controles repetidos en ninos de 2 anos de < 5,2005-07-01,47,47,55,102
MECAPACA,nutricion y desarrollo infantil,controles repetidos en ninos de 2 anos de < 5,2005-07-01,47,47,26,73
MINEROS,nutricion y desarrollo infantil,controles repetidos en ninos de 2 anos de < 5,2005-07-01,163,163,174,337
MIZQUE,nutricion y desarrollo infantil,controles repetidos en ninos de 2 anos de < 5,2005-07-01,57,57,77,134
MOCOMOCO,nutricion y desarrollo infantil,controles repetidos en ninos de 2 anos de < 5,2005-07-01,153,153,163,316
MOJINETE,nutricion y desarrollo infantil,controles repetidos en ninos de 2 anos de < 5,2005-07-01,15,15,6,21
MOJOCOYA,nutricion y desarrollo infantil,controles repetidos en ninos de 2 anos de < 5,2005-07-01,174,174,133,307
MONTEAGUDO,nutricion y desarrollo infantil,controles repetidos en ninos de 2 anos de < 5,2005-07-01,316,316,340,656
MONTERO,nutricion y desarrollo infantil,controles repetidos en ninos de 2 anos de < 5,2005-07-01,652,652,671,1323
MORO MORO,nutricion y desarrollo infantil,controles repetidos en ninos de 2 anos de < 5,2005-07-01,46,46,31,77
MOROCHATA,nutricion y desarrollo infantil,controles repetidos en ninos de 2 anos de < 5,2005-07-01,43,43,56,99
NACEBE (SANTA ROSA DEL ABUNA),nutricion y desarrollo infantil,controles repetidos en ninos de 2 anos de < 5,2005-07-01,4,4,4,8
NAZACARA DE PACAJES,nutricion y desarrollo infantil,controles repetidos en ninos de 2 anos de < 5,2005-07-01,9,9,5,14
NUEVO MANOA (NUEVA ESPERANZA),nutricion y desarrollo infantil,controles repetidos en ninos de 2 anos de < 5,2005-07-01,9,9,13,22
OCURI,nutricion y desarrollo infantil,controles repetidos en ninos de 2 anos de < 5,2005-07-01,172,172,168,340
OKINAWA,nutricion y desarrollo infantil,controles repetidos en ninos de 2 anos de < 5,2005-07-01,60,60,49,109
OMEREQUE,nutricion y desarrollo infantil,controles repetidos en ninos de 2 anos de < 5,2005-07-01,43,43,50,93
ORURO,nutricion y desarrollo infantil,controles repetidos en ninos de 2 anos de < 5,2005-07-01,670,670,645,1315
PADCAYA,nutricion y desarrollo infantil,controles repetidos en ninos de 2 anos de < 5,2005-07-01,216,216,220,436
PADILLA,nutricion y desarrollo infantil,controles repetidos en ninos de 2 anos de < 5,2005-07-01,290,290,254,544
PAILON,nutricion y desarrollo infantil,controles repetidos en ninos de 2 anos de < 5,2005-07-01,116,116,115,231
PALCA,nutricion y desarrollo infantil,controles repetidos en ninos de 2 anos de < 5,2005-07-01,54,54,50,104
PALOS BLANCOS,nutricion y desarrollo infantil,controles repetidos en ninos de 2 anos de < 5,2005-07-01,216,216,191,407
PAMPA AULLAGAS,nutricion y desarrollo infantil,controles repetidos en ninos de 2 anos de < 5,2005-07-01,21,21,17,38
PAMPA GRANDE,nutricion y desarrollo infantil,controles repetidos en ninos de 2 anos de < 5,2005-07-01,42,42,47,89
PAPEL PAMPA,nutricion y desarrollo infantil,controles repetidos en ninos de 2 anos de < 5,2005-07-01,25,25,21,46
PASORAPA,nutricion y desarrollo infantil,controles repetidos en ninos de 2 anos de < 5,2005-07-01,12,12,15,27
PATACAMAYA,nutricion y desarrollo infantil,controles repetidos en ninos de 2 anos de < 5,2005-07-01,133,133,133,266
PAZÑA,nutricion y desarrollo infantil,controles repetidos en ninos de 2 anos de < 5,2005-07-01,34,34,45,79
PELECHUCO,nutricion y desarrollo infantil,controles repetidos en ninos de 2 anos de < 5,2005-07-01,45,45,31,76
POCOATA,nutricion y desarrollo infantil,controles repetidos en ninos de 2 anos de < 5,2005-07-01,212,212,196,408
POCONA,nutricion y desarrollo infantil,controles repetidos en ninos de 2 anos de < 5,2005-07-01,80,80,66,146
POJO (CBBA),nutricion y desarrollo infantil,controles repetidos en ninos de 2 anos de < 5,2005-07-01,177,177,173,350
POOPO,nutricion y desarrollo infantil,controles repetidos en ninos de 2 anos de < 5,2005-07-01,19,19,9,28
PORCO,nutricion y desarrollo infantil,controles repetidos en ninos de 2 anos de < 5,2005-07-01,7,7,5,12
POROMA,nutricion y desarrollo infantil,controles repetidos en ninos de 2 anos de < 5,2005-07-01,212,212,172,384
PORONGO,nutricion y desarrollo infantil,controles repetidos en ninos de 2 anos de < 5,2005-07-01,29,29,23,52
PORTACHUELO,nutricion y desarrollo infantil,controles repetidos en ninos de 2 anos de < 5,2005-07-01,148,148,133,281
PORVENIR,nutricion y desarrollo infantil,controles repetidos en ninos de 2 anos de < 5,2005-07-01,25,25,26,51
POSTRER VALLE,nutricion y desarrollo infantil,controles repetidos en ninos de 2 anos de < 5,2005-07-01,15,15,29,44
POTOSI,nutricion y desarrollo infantil,controles repetidos en ninos de 2 anos de < 5,2005-07-01,581,581,583,1164
PRESTO,nutricion y desarrollo infantil,controles repetidos en ninos de 2 anos de < 5,2005-07-01,187,187,170,357
PUCARA,nutricion y desarrollo infantil,controles repetidos en ninos de 2 anos de < 5,2005-07-01,9,9,11,20
PUCARANI,nutricion y desarrollo infantil,controles repetidos en ninos de 2 anos de < 5,2005-07-01,260,260,207,467
PUERTO ACOSTA,nutricion y desarrollo infantil,controles repetidos en ninos de 2 anos de < 5,2005-07-01,196,196,163,359
PUERTO CARABUCO,nutricion y desarrollo infantil,controles repetidos en ninos de 2 anos de < 5,2005-07-01,174,174,180,354
PUERTO GONZALO MORENO,nutricion y desarrollo infantil,controles repetidos en ninos de 2 anos de < 5,2005-07-01,22,22,35,57
PUERTO PEREZ,nutricion y desarrollo infantil,controles repetidos en ninos de 2 anos de < 5,2005-07-01,71,71,70,141
PUERTO QUIJARRO,nutricion y desarrollo infantil,controles repetidos en ninos de 2 anos de < 5,2005-07-01,57,57,51,108
PUERTO RICO,nutricion y desarrollo infantil,controles repetidos en ninos de 2 anos de < 5,2005-07-01,44,44,50,94
PUERTO SILES,nutricion y desarrollo infantil,controles repetidos en ninos de 2 anos de < 5,2005-07-01,37,37,58,95
PUERTO SUAREZ,nutricion y desarrollo infantil,controles repetidos en ninos de 2 anos de < 5,2005-07-01,37,37,37,74
PUERTO VILLARROEL,nutricion y desarrollo infantil,controles repetidos en ninos de 2 anos de < 5,2005-07-01,131,131,150,281
PUNA,nutricion y desarrollo infantil,controles repetidos en ninos de 2 anos de < 5,2005-07-01,253,253,286,539
PUNATA,nutricion y desarrollo infantil,controles repetidos en ninos de 2 anos de < 5,2005-07-01,82,82,103,185
QUIABAYA,nutricion y desarrollo infantil,controles repetidos en ninos de 2 anos de < 5,2005-07-01,23,23,20,43
QUILLACOLLO,nutricion y desarrollo infantil,controles repetidos en ninos de 2 anos de < 5,2005-07-01,14,14,23,37
QUIME,nutricion y desarrollo infantil,controles repetidos en ninos de 2 anos de < 5,2005-07-01,88,88,109,197
QUIRUSILLAS,nutricion y desarrollo infantil,controles repetidos en ninos de 2 anos de < 5,2005-07-01,7,7,5,12
RAVELO,nutricion y desarrollo infantil,controles repetidos en ninos de 2 anos de < 5,2005-07-01,392,392,392,784
REYES,nutricion y desarrollo infantil,controles repetidos en ninos de 2 anos de < 5,2005-07-01,115,115,128,243
RIBERALTA,nutricion y desarrollo infantil,controles repetidos en ninos de 2 anos de < 5,2005-07-01,423,423,418,841
ROBORE,nutricion y desarrollo infantil,controles repetidos en ninos de 2 anos de < 5,2005-07-01,92,92,96,188
RURRENABAQUE,nutricion y desarrollo infantil,controles repetidos en ninos de 2 anos de < 5,2005-07-01,43,43,35,78
SABAYA,nutricion y desarrollo infantil,controles repetidos en ninos de 2 anos de < 5,2005-07-01,18,18,19,37
SACABA,nutricion y desarrollo infantil,controles repetidos en ninos de 2 anos de < 5,2005-07-01,148,148,187,335
SACABAMBA,nutricion y desarrollo infantil,controles repetidos en ninos de 2 anos de < 5,2005-07-01,24,24,36,60
SACACA,nutricion y desarrollo infantil,controles repetidos en ninos de 2 anos de < 5,2005-07-01,259,259,263,522
SAIPINA,nutricion y desarrollo infantil,controles repetidos en ninos de 2 anos de < 5,2005-07-01,60,60,52,112
SALINAS DE GARCI MENDOZA,nutricion y desarrollo infantil,controles repetidos en ninos de 2 anos de < 5,2005-07-01,77,77,68,145
SAMAIPATA,nutricion y desarrollo infantil,controles repetidos en ninos de 2 anos de < 5,2005-07-01,75,75,63,138
SAN AGUSTIN,nutricion y desarrollo infantil,controles repetidos en ninos de 2 anos de < 5,2005-07-01,6,6,13,19
SAN ANDRES,nutricion y desarrollo infantil,controles repetidos en ninos de 2 anos de < 5,2005-07-01,62,62,68,130
SAN ANDRES DE MACHACA,nutricion y desarrollo infantil,controles repetidos en ninos de 2 anos de < 5,2005-07-01,31,31,33,64
SAN ANTONIO DE ESMORUCO,nutricion y desarrollo infantil,controles repetidos en ninos de 2 anos de < 5,2005-07-01,25,25,33,58
SAN ANTONIO DE LOMERIO,nutricion y desarrollo infantil,controles repetidos en ninos de 2 anos de < 5,2005-07-01,151,151,156,307
SAN BENITO,nutricion y desarrollo infantil,controles repetidos en ninos de 2 anos de < 5,2005-07-01,22,22,27,49
SAN BORJA,nutricion y desarrollo infantil,controles repetidos en ninos de 2 anos de < 5,2005-07-01,265,265,246,511
SAN BUENA VENTURA,nutricion y desarrollo infantil,controles repetidos en ninos de 2 anos de < 5,2005-07-01,95,95,108,203
SAN CARLOS,nutricion y desarrollo infantil,controles repetidos en ninos de 2 anos de < 5,2005-07-01,123,123,113,236
SAN IGNACIO,nutricion y desarrollo infantil,controles repetidos en ninos de 2 anos de < 5,2005-07-01,180,180,106,286
SAN IGNACIO DE VELASCO,nutricion y desarrollo infantil,controles repetidos en ninos de 2 anos de < 5,2005-07-01,381,381,420,801
SAN JAVIER(BNI),nutricion y desarrollo infantil,controles repetidos en ninos de 2 anos de < 5,2005-07-01,22,22,18,40
SAN JAVIER(STC),nutricion y desarrollo infantil,controles repetidos en ninos de 2 anos de < 5,2005-07-01,23,23,17,40
SAN JOAQUIN,nutricion y desarrollo infantil,controles repetidos en ninos de 2 anos de < 5,2005-07-01,26,26,35,61
SAN JOSE DE CHIQUITOS,nutricion y desarrollo infantil,controles repetidos en ninos de 2 anos de < 5,2005-07-01,108,108,87,195
SAN JUAN DE YAPACANI,nutricion y desarrollo infantil,controles repetidos en ninos de 2 anos de < 5,2005-07-01,97,97,96,193
SAN JULIAN,nutricion y desarrollo infantil,controles repetidos en ninos de 2 anos de < 5,2005-07-01,245,245,218,463
SAN LORENZO(PND),nutricion y desarrollo infantil,controles repetidos en ninos de 2 anos de < 5,2005-07-01,33,33,19,52
SAN LORENZO(TJA),nutricion y desarrollo infantil,controles repetidos en ninos de 2 anos de < 5,2005-07-01,214,214,230,444
SAN LUCAS,nutricion y desarrollo infantil,controles repetidos en ninos de 2 anos de < 5,2005-07-01,556,556,591,1147
SAN MATIAS,nutricion y desarrollo infantil,controles repetidos en ninos de 2 anos de < 5,2005-07-01,88,88,79,167
SAN MIGUEL DE VELASCO,nutricion y desarrollo infantil,controles repetidos en ninos de 2 anos de < 5,2005-07-01,53,53,83,136
SAN PABLO DE LIPEZ,nutricion y desarrollo infantil,controles repetidos en ninos de 2 anos de < 5,2005-07-01,20,20,16,36
SAN PEDRO,nutricion y desarrollo infantil,controles repetidos en ninos de 2 anos de < 5,2005-07-01,169,169,158,327
SAN PEDRO DE BUENA VISTA,nutricion y desarrollo infantil,controles repetidos en ninos de 2 anos de < 5,2005-07-01,280,280,256,536
SAN PEDRO DE CURAHUARA,nutricion y desarrollo infantil,controles repetidos en ninos de 2 anos de < 5,2005-07-01,42,42,68,110
SAN PEDRO DE QUEMES,nutricion y desarrollo infantil,controles repetidos en ninos de 2 anos de < 5,2005-07-01,5,5,8,13
SAN PEDRO DE TIQUINA,nutricion y desarrollo infantil,controles repetidos en ninos de 2 anos de < 5,2005-07-01,30,30,30,60
SAN PEDRO(PND),nutricion y desarrollo infantil,controles repetidos en ninos de 2 anos de < 5,2005-07-01,7,7,5,12
SAN RAFAEL,nutricion y desarrollo infantil,controles repetidos en ninos de 2 anos de < 5,2005-07-01,119,119,148,267
SAN RAMON,nutricion y desarrollo infantil,controles repetidos en ninos de 2 anos de < 5,2005-07-01,37,37,26,63
SAN RAMON,nutricion y desarrollo infantil,controles repetidos en ninos de 2 anos de < 5,2005-07-01,39,39,52,91
SANTA ANA,nutricion y desarrollo infantil,controles repetidos en ninos de 2 anos de < 5,2005-07-01,72,72,45,117
SANTA CRUZ DE LA SIERRA,nutricion y desarrollo infantil,controles repetidos en ninos de 2 anos de < 5,2005-07-01,2319,2319,2159,4478
SANTA ROSA,nutricion y desarrollo infantil,controles repetidos en ninos de 2 anos de < 5,2005-07-01,104,104,89,193
SANTA ROSA DEL SARA,nutricion y desarrollo infantil,controles repetidos en ninos de 2 anos de < 5,2005-07-01,55,55,62,117
SANTIAGO DE CALLAPA,nutricion y desarrollo infantil,controles repetidos en ninos de 2 anos de < 5,2005-07-01,67,67,76,143
SANTIAGO DE HUARI,nutricion y desarrollo infantil,controles repetidos en ninos de 2 anos de < 5,2005-07-01,33,33,46,79
SANTIAGO DE MACHACA,nutricion y desarrollo infantil,controles repetidos en ninos de 2 anos de < 5,2005-07-01,41,41,36,77
SANTIVAÑES,nutricion y desarrollo infantil,controles repetidos en ninos de 2 anos de < 5,2005-07-01,52,52,50,102
SANTUARIO DE QUILLACAS,nutricion y desarrollo infantil,controles repetidos en ninos de 2 anos de < 5,2005-07-01,12,12,21,33
SAPAHAQUI,nutricion y desarrollo infantil,controles repetidos en ninos de 2 anos de < 5,2005-07-01,84,84,88,172
SENA,nutricion y desarrollo infantil,controles repetidos en ninos de 2 anos de < 5,2005-07-01,75,75,58,133
SICA SICA (VILLA AROMA),nutricion y desarrollo infantil,controles repetidos en ninos de 2 anos de < 5,2005-07-01,233,233,245,478
SICAYA,nutricion y desarrollo infantil,controles repetidos en ninos de 2 anos de < 5,2005-07-01,33,33,21,54
SIPE SIPE,nutricion y desarrollo infantil,controles repetidos en ninos de 2 anos de < 5,2005-07-01,203,203,215,418
SOPACHUY,nutricion y desarrollo infantil,controles repetidos en ninos de 2 anos de < 5,2005-07-01,172,172,187,359
SORACACHI,nutricion y desarrollo infantil,controles repetidos en ninos de 2 anos de < 5,2005-07-01,57,57,48,105
SORATA,nutricion y desarrollo infantil,controles repetidos en ninos de 2 anos de < 5,2005-07-01,86,86,96,182
SUCRE,nutricion y desarrollo infantil,controles repetidos en ninos de 2 anos de < 5,2005-07-01,1157,1157,1202,2359
TACACHI,nutricion y desarrollo infantil,controles repetidos en ninos de 2 anos de < 5,2005-07-01,6,6,4,10
TACACOMA,nutricion y desarrollo infantil,controles repetidos en ninos de 2 anos de < 5,2005-07-01,45,45,24,69
TACOBAMBA,nutricion y desarrollo infantil,controles repetidos en ninos de 2 anos de < 5,2005-07-01,73,73,69,142
TACOPAYA,nutricion y desarrollo infantil,controles repetidos en ninos de 2 anos de < 5,2005-07-01,140,140,131,271
TAHUA,nutricion y desarrollo infantil,controles repetidos en ninos de 2 anos de < 5,2005-07-01,8,8,8,16
TAPACARI,nutricion y desarrollo infantil,controles repetidos en ninos de 2 anos de < 5,2005-07-01,259,259,196,455
TARABUCO,nutricion y desarrollo infantil,controles repetidos en ninos de 2 anos de < 5,2005-07-01,589,589,638,1227
TARACO,nutricion y desarrollo infantil,controles repetidos en ninos de 2 anos de < 5,2005-07-01,23,23,29,52
TARATA,nutricion y desarrollo infantil,controles repetidos en ninos de 2 anos de < 5,2005-07-01,41,41,40,81
TARIJA,nutricion y desarrollo infantil,controles repetidos en ninos de 2 anos de < 5,2005-07-01,517,517,517,1034
TARVITA,nutricion y desarrollo infantil,controles repetidos en ninos de 2 anos de < 5,2005-07-01,481,481,488,969
TEOPONTE,nutricion y desarrollo infantil,controles repetidos en ninos de 2 anos de < 5,2005-07-01,107,107,110,217
TIAWANACU,nutricion y desarrollo infantil,controles repetidos en ninos de 2 anos de < 5,2005-07-01,57,57,66,123
TINGUIPAYA,nutricion y desarrollo infantil,controles repetidos en ninos de 2 anos de < 5,2005-07-01,189,189,163,352
TIPUANI,nutricion y desarrollo infantil,controles repetidos en ninos de 2 anos de < 5,2005-07-01,21,21,25,46
TIQUIPAYA,nutricion y desarrollo infantil,controles repetidos en ninos de 2 anos de < 5,2005-07-01,26,26,38,64
TIRAQUE (CBBA),nutricion y desarrollo infantil,controles repetidos en ninos de 2 anos de < 5,2005-07-01,67,67,99,166
TITO YUPANQUI (PARQUIPUJIO),nutricion y desarrollo infantil,controles repetidos en ninos de 2 anos de < 5,2005-07-01,16,16,11,27
TOCO,nutricion y desarrollo infantil,controles repetidos en ninos de 2 anos de < 5,2005-07-01,22,22,9,31
TOLATA,nutricion y desarrollo infantil,controles repetidos en ninos de 2 anos de < 5,2005-07-01,9,9,13,22
TOLEDO,nutricion y desarrollo infantil,controles repetidos en ninos de 2 anos de < 5,2005-07-01,35,35,43,78
TOMAVE,nutricion y desarrollo infantil,controles repetidos en ninos de 2 anos de < 5,2005-07-01,81,81,76,157
TOMINA,nutricion y desarrollo infantil,controles repetidos en ninos de 2 anos de < 5,2005-07-01,231,231,263,494
TORO TORO,nutricion y desarrollo infantil,controles repetidos en ninos de 2 anos de < 5,2005-07-01,135,135,151,286
TOTORA(CBBA),nutricion y desarrollo infantil,controles repetidos en ninos de 2 anos de < 5,2005-07-01,57,57,71,128
TOTORA(ORR),nutricion y desarrollo infantil,controles repetidos en ninos de 2 anos de < 5,2005-07-01,30,30,27,57
TRIGAL,nutricion y desarrollo infantil,controles repetidos en ninos de 2 anos de < 5,2005-07-01,15,15,15,30
TRINIDAD,nutricion y desarrollo infantil,controles repetidos en ninos de 2 anos de < 5,2005-07-01,288,288,277,565
TUPIZA,nutricion y desarrollo infantil,controles repetidos en ninos de 2 anos de < 5,2005-07-01,345,345,365,710
TURCO,nutricion y desarrollo infantil,controles repetidos en ninos de 2 anos de < 5,2005-07-01,38,38,35,73
UMALA,nutricion y desarrollo infantil,controles repetidos en ninos de 2 anos de < 5,2005-07-01,24,24,30,54
UNCIA,nutricion y desarrollo infantil,controles repetidos en ninos de 2 anos de < 5,2005-07-01,71,71,58,129
URIONDO (A. CONCEPCION),nutricion y desarrollo infantil,controles repetidos en ninos de 2 anos de < 5,2005-07-01,258,258,213,471
UYUNI,nutricion y desarrollo infantil,controles repetidos en ninos de 2 anos de < 5,2005-07-01,219,219,232,451
VACAS,nutricion y desarrollo infantil,controles repetidos en ninos de 2 anos de < 5,2005-07-01,29,29,17,46
VALLEGRANDE,nutricion y desarrollo infantil,controles repetidos en ninos de 2 anos de < 5,2005-07-01,111,111,150,261
VIACHA,nutricion y desarrollo infantil,controles repetidos en ninos de 2 anos de < 5,2005-07-01,126,126,110,236
VILA VILA,nutricion y desarrollo infantil,controles repetidos en ninos de 2 anos de < 5,2005-07-01,45,45,47,92
VILLA MONTES,nutricion y desarrollo infantil,controles repetidos en ninos de 2 anos de < 5,2005-07-01,121,121,114,235
VILLA NUEVA (LOMA ALTA),nutricion y desarrollo infantil,controles repetidos en ninos de 2 anos de < 5,2005-07-01,23,23,30,53
VILLA RIVERO,nutricion y desarrollo infantil,controles repetidos en ninos de 2 anos de < 5,2005-07-01,17,17,5,22
VILLA SERRANO,nutricion y desarrollo infantil,controles repetidos en ninos de 2 anos de < 5,2005-07-01,312,312,318,630
VILLA TUNARI,nutricion y desarrollo infantil,controles repetidos en ninos de 2 anos de < 5,2005-07-01,214,214,211,425
VILLA VACA GUZMAN (MUYUPAMPA),nutricion y desarrollo infantil,controles repetidos en ninos de 2 anos de < 5,2005-07-01,199,199,207,406
VILLAZON,nutricion y desarrollo infantil,controles repetidos en ninos de 2 anos de < 5,2005-07-01,279,279,295,574
VINTO,nutricion y desarrollo infantil,controles repetidos en ninos de 2 anos de < 5,2005-07-01,8,8,9,17
VITICHI,nutricion y desarrollo infantil,controles repetidos en ninos de 2 anos de < 5,2005-07-01,117,117,131,248
WALDO BALLIVIAN,nutricion y desarrollo infantil,controles repetidos en ninos de 2 anos de < 5,2005-07-01,13,13,11,24
WARNES,nutricion y desarrollo infantil,controles repetidos en ninos de 2 anos de < 5,2005-07-01,111,111,121,232
YACO,nutricion y desarrollo infantil,controles repetidos en ninos de 2 anos de < 5,2005-07-01,48,48,35,83
YACUIBA,nutricion y desarrollo infantil,controles repetidos en ninos de 2 anos de < 5,2005-07-01,293,293,249,542
YAMPARAEZ,nutricion y desarrollo infantil,controles repetidos en ninos de 2 anos de < 5,2005-07-01,332,332,292,624
YANACACHI,nutricion y desarrollo infantil,controles repetidos en ninos de 2 anos de < 5,2005-07-01,49,49,45,94
YAPACANI,nutricion y desarrollo infantil,controles repetidos en ninos de 2 anos de < 5,2005-07-01,463,463,233,696
YOCALLA,nutricion y desarrollo infantil,controles repetidos en ninos de 2 anos de < 5,2005-07-01,71,71,65,136
YOTALA,nutricion y desarrollo infantil,controles repetidos en ninos de 2 anos de < 5,2005-07-01,205,205,231,436
YUNCHARA,nutricion y desarrollo infantil,controles repetidos en ninos de 2 anos de < 5,2005-07-01,72,72,86,158
ZUDAÑEZ,nutricion y desarrollo infantil,controles repetidos en ninos de 2 anos de < 5,2005-07-01,133,133,154,287
ACACIO,nutricion y desarrollo infantil,controles repetidos en ninos de 2 anos de < 5,2005-08-01,208,208,185,393
ACHACACHI,nutricion y desarrollo infantil,controles repetidos en ninos de 2 anos de < 5,2005-08-01,405,405,397,802
ACHOCALLA,nutricion y desarrollo infantil,controles repetidos en ninos de 2 anos de < 5,2005-08-01,44,44,32,76
AIQUILE,nutricion y desarrollo infantil,controles repetidos en ninos de 2 anos de < 5,2005-08-01,102,102,112,214
ALALAY,nutricion y desarrollo infantil,controles repetidos en ninos de 2 anos de < 5,2005-08-01,3,3,3,6
ALCALA,nutricion y desarrollo infantil,controles repetidos en ninos de 2 anos de < 5,2005-08-01,101,101,101,202
ANCORAIMES,nutricion y desarrollo infantil,controles repetidos en ninos de 2 anos de < 5,2005-08-01,118,118,129,247
ANDAMARCA,nutricion y desarrollo infantil,controles repetidos en ninos de 2 anos de < 5,2005-08-01,19,19,20,39
ANTEQUERA,nutricion y desarrollo infantil,controles repetidos en ninos de 2 anos de < 5,2005-08-01,32,32,39,71
ANZALDO,nutricion y desarrollo infantil,controles repetidos en ninos de 2 anos de < 5,2005-08-01,37,37,31,68
APOLO,nutricion y desarrollo infantil,controles repetidos en ninos de 2 anos de < 5,2005-08-01,125,125,168,293
ARAMPAMPA,nutricion y desarrollo infantil,controles repetidos en ninos de 2 anos de < 5,2005-08-01,110,110,112,222
ARANI,nutricion y desarrollo infantil,controles repetidos en ninos de 2 anos de < 5,2005-08-01,36,36,25,61
ARBIETO,nutricion y desarrollo infantil,controles repetidos en ninos de 2 anos de < 5,2005-08-01,26,26,36,62
ARQUE,nutricion y desarrollo infantil,controles repetidos en ninos de 2 anos de < 5,2005-08-01,90,90,79,169
ASCENCION DE GUARAYOS,nutricion y desarrollo infantil,controles repetidos en ninos de 2 anos de < 5,2005-08-01,401,401,399,800
ATOCHA,nutricion y desarrollo infantil,controles repetidos en ninos de 2 anos de < 5,2005-08-01,160,160,158,318
AUCAPATA,nutricion y desarrollo infantil,controles repetidos en ninos de 2 anos de < 5,2005-08-01,34,34,36,70
AYATA,nutricion y desarrollo infantil,controles repetidos en ninos de 2 anos de < 5,2005-08-01,52,52,75,127
AYO AYO,nutricion y desarrollo infantil,controles repetidos en ninos de 2 anos de < 5,2005-08-01,31,31,39,70
AYOPAYA (V. DE INDEPENDENCIA),nutricion y desarrollo infantil,controles repetidos en ninos de 2 anos de < 5,2005-08-01,192,192,195,387
AZURDUY,nutricion y desarrollo infantil,controles repetidos en ninos de 2 anos de < 5,2005-08-01,228,228,228,456
BATALLAS,nutricion y desarrollo infantil,controles repetidos en ninos de 2 anos de < 5,2005-08-01,58,58,72,130
BAURES,nutricion y desarrollo infantil,controles repetidos en ninos de 2 anos de < 5,2005-08-01,32,32,44,76
BELEN DE ANDAMARCA,nutricion y desarrollo infantil,controles repetidos en ninos de 2 anos de < 5,2005-08-01,4,4,1,5
BELEN DE URMIRI,nutricion y desarrollo infantil,controles repetidos en ninos de 2 anos de < 5,2005-08-01,30,30,24,54
BELLA FLOR,nutricion y desarrollo infantil,controles repetidos en ninos de 2 anos de < 5,2005-08-01,44,44,60,104
BERMEJO,nutricion y desarrollo infantil,controles repetidos en ninos de 2 anos de < 5,2005-08-01,60,60,74,134
BETANZOS,nutricion y desarrollo infantil,controles repetidos en ninos de 2 anos de < 5,2005-08-01,423,423,461,884
BOLIVAR,nutricion y desarrollo infantil,controles repetidos en ninos de 2 anos de < 5,2005-08-01,114,114,141,255
BOLPEBRA,nutricion y desarrollo infantil,controles repetidos en ninos de 2 anos de < 5,2005-08-01,34,34,24,58
BOYUIBE,nutricion y desarrollo infantil,controles repetidos en ninos de 2 anos de < 5,2005-08-01,28,28,36,64
BUENA VISTA,nutricion y desarrollo infantil,controles repetidos en ninos de 2 anos de < 5,2005-08-01,139,139,197,336
CABEZAS,nutricion y desarrollo infantil,controles repetidos en ninos de 2 anos de < 5,2005-08-01,120,120,115,235
CAIROMA,nutricion y desarrollo infantil,controles repetidos en ninos de 2 anos de < 5,2005-08-01,181,181,205,386
"CAIZA ""D""",nutricion y desarrollo infantil,controles repetidos en ninos de 2 anos de < 5,2005-08-01,122,122,117,239
CAJUATA,nutricion y desarrollo infantil,controles repetidos en ninos de 2 anos de < 5,2005-08-01,48,48,51,99
CALACOTO,nutricion y desarrollo infantil,controles repetidos en ninos de 2 anos de < 5,2005-08-01,21,21,15,36
CALAMARCA,nutricion y desarrollo infantil,controles repetidos en ninos de 2 anos de < 5,2005-08-01,169,169,192,361
CAMARGO,nutricion y desarrollo infantil,controles repetidos en ninos de 2 anos de < 5,2005-08-01,215,215,197,412
CAMATAQUI (C. VILLA ABECIA),nutricion y desarrollo infantil,controles repetidos en ninos de 2 anos de < 5,2005-08-01,54,54,47,101
CAMIRI,nutricion y desarrollo infantil,controles repetidos en ninos de 2 anos de < 5,2005-08-01,256,256,246,502
CAPINOTA,nutricion y desarrollo infantil,controles repetidos en ninos de 2 anos de < 5,2005-08-01,62,62,62,124
CAQUIAVIRI,nutricion y desarrollo infantil,controles repetidos en ninos de 2 anos de < 5,2005-08-01,72,72,49,121
CARACOLLO,nutricion y desarrollo infantil,controles repetidos en ninos de 2 anos de < 5,2005-08-01,50,50,43,93
CARANAVI,nutricion y desarrollo infantil,controles repetidos en ninos de 2 anos de < 5,2005-08-01,409,409,449,858
CARAPARI,nutricion y desarrollo infantil,controles repetidos en ninos de 2 anos de < 5,2005-08-01,122,122,121,243
CARIPUYO,nutricion y desarrollo infantil,controles repetidos en ninos de 2 anos de < 5,2005-08-01,231,231,227,458
CARMEN RIVERO TORREZ,nutricion y desarrollo infantil,controles repetidos en ninos de 2 anos de < 5,2005-08-01,12,12,8,20
CATACORA,nutricion y desarrollo infantil,controles repetidos en ninos de 2 anos de < 5,2005-08-01,8,8,7,15
CHALLAPATA,nutricion y desarrollo infantil,controles repetidos en ninos de 2 anos de < 5,2005-08-01,179,179,182,361
CHAQUI,nutricion y desarrollo infantil,controles repetidos en ninos de 2 anos de < 5,2005-08-01,77,77,103,180
CHARAGUA,nutricion y desarrollo infantil,controles repetidos en ninos de 2 anos de < 5,2005-08-01,209,209,242,451
CHARAÑA,nutricion y desarrollo infantil,controles repetidos en ninos de 2 anos de < 5,2005-08-01,7,7,5,12
CHAYANTA,nutricion y desarrollo infantil,controles repetidos en ninos de 2 anos de < 5,2005-08-01,166,166,196,362
CHIMORE,nutricion y desarrollo infantil,controles repetidos en ninos de 2 anos de < 5,2005-08-01,37,37,28,65
CHIPAYA,nutricion y desarrollo infantil,controles repetidos en ninos de 2 anos de < 5,2005-08-01,14,14,13,27
CHULUMANI (V. DE LA LIBERTAD),nutricion y desarrollo infantil,controles repetidos en ninos de 2 anos de < 5,2005-08-01,23,23,27,50
CHUMA,nutricion y desarrollo infantil,controles repetidos en ninos de 2 anos de < 5,2005-08-01,42,42,39,81
CLIZA,nutricion y desarrollo infantil,controles repetidos en ninos de 2 anos de < 5,2005-08-01,28,28,23,51
COBIJA,nutricion y desarrollo infantil,controles repetidos en ninos de 2 anos de < 5,2005-08-01,223,223,218,441
COCHABAMBA,nutricion y desarrollo infantil,controles repetidos en ninos de 2 anos de < 5,2005-08-01,965,965,849,1814
COIPASA,nutricion y desarrollo infantil,controles repetidos en ninos de 2 anos de < 5,2005-08-01,9,9,10,19
COLCAPIRHUA,nutricion y desarrollo infantil,controles repetidos en ninos de 2 anos de < 5,2005-08-01,75,75,64,139
"COLCHA ""K""",nutricion y desarrollo infantil,controles repetidos en ninos de 2 anos de < 5,2005-08-01,74,74,96,170
COLLANA,nutricion y desarrollo infantil,controles repetidos en ninos de 2 anos de < 5,2005-08-01,22,22,11,33
COLOMI,nutricion y desarrollo infantil,controles repetidos en ninos de 2 anos de < 5,2005-08-01,53,53,34,87
COLPA BELGICA,nutricion y desarrollo infantil,controles repetidos en ninos de 2 anos de < 5,2005-08-01,31,31,36,67
COLQUECHACA,nutricion y desarrollo infantil,controles repetidos en ninos de 2 anos de < 5,2005-08-01,188,188,147,335
COLQUENCHA,nutricion y desarrollo infantil,controles repetidos en ninos de 2 anos de < 5,2005-08-01,37,37,33,70
COLQUIRI,nutricion y desarrollo infantil,controles repetidos en ninos de 2 anos de < 5,2005-08-01,97,97,112,209
COMANCHE,nutricion y desarrollo infantil,controles repetidos en ninos de 2 anos de < 5,2005-08-01,8,8,7,15
COMARAPA,nutricion y desarrollo infantil,controles repetidos en ninos de 2 anos de < 5,2005-08-01,143,143,164,307
COMBAYA,nutricion y desarrollo infantil,controles repetidos en ninos de 2 anos de < 5,2005-08-01,30,30,32,62
CONCEPCION,nutricion y desarrollo infantil,controles repetidos en ninos de 2 anos de < 5,2005-08-01,116,116,142,258
COPACABANA,nutricion y desarrollo infantil,controles repetidos en ninos de 2 anos de < 5,2005-08-01,40,40,37,77
CORIPATA,nutricion y desarrollo infantil,controles repetidos en ninos de 2 anos de < 5,2005-08-01,78,78,69,147
CORO CORO,nutricion y desarrollo infantil,controles repetidos en ninos de 2 anos de < 5,2005-08-01,75,75,70,145
COROICO,nutricion y desarrollo infantil,controles repetidos en ninos de 2 anos de < 5,2005-08-01,74,74,89,163
CORQUE,nutricion y desarrollo infantil,controles repetidos en ninos de 2 anos de < 5,2005-08-01,60,60,51,111
COTAGAITA,nutricion y desarrollo infantil,controles repetidos en ninos de 2 anos de < 5,2005-08-01,247,247,262,509
COTOCA,nutricion y desarrollo infantil,controles repetidos en ninos de 2 anos de < 5,2005-08-01,108,108,109,217
CUATRO CAÑADAS,nutricion y desarrollo infantil,controles repetidos en ninos de 2 anos de < 5,2005-08-01,85,85,82,167
CUCHUMUELA (V. G. VILLARROEL),nutricion y desarrollo infantil,controles repetidos en ninos de 2 anos de < 5,2005-08-01,18,18,23,41
CUEVO,nutricion y desarrollo infantil,controles repetidos en ninos de 2 anos de < 5,2005-08-01,45,45,38,83
CULPINA,nutricion y desarrollo infantil,controles repetidos en ninos de 2 anos de < 5,2005-08-01,329,329,345,674
CURAHUARA DE CARANGAS,nutricion y desarrollo infantil,controles repetidos en ninos de 2 anos de < 5,2005-08-01,48,48,33,81
CURVA,nutricion y desarrollo infantil,controles repetidos en ninos de 2 anos de < 5,2005-08-01,32,32,19,51
DESAGUADERO,nutricion y desarrollo infantil,controles repetidos en ninos de 2 anos de < 5,2005-08-01,40,40,35,75
EL ALTO,nutricion y desarrollo infantil,controles repetidos en ninos de 2 anos de < 5,2005-08-01,2053,2053,2207,4260
EL CHORO,nutricion y desarrollo infantil,controles repetidos en ninos de 2 anos de < 5,2005-08-01,15,15,25,40
EL PUENTE(STC),nutricion y desarrollo infantil,controles repetidos en ninos de 2 anos de < 5,2005-08-01,119,119,106,225
EL PUENTE(TJA),nutricion y desarrollo infantil,controles repetidos en ninos de 2 anos de < 5,2005-08-01,128,128,114,242
EL TORNO,nutricion y desarrollo infantil,controles repetidos en ninos de 2 anos de < 5,2005-08-01,110,110,105,215
EL VILLAR,nutricion y desarrollo infantil,controles repetidos en ninos de 2 anos de < 5,2005-08-01,145,145,122,267
ENTRE RIOS,nutricion y desarrollo infantil,controles repetidos en ninos de 2 anos de < 5,2005-08-01,187,187,159,346
ENTRE RIOS,nutricion y desarrollo infantil,controles repetidos en ninos de 2 anos de < 5,2005-08-01,87,87,77,164
EUCALIPTUS,nutricion y desarrollo infantil,controles repetidos en ninos de 2 anos de < 5,2005-08-01,63,63,49,112
EUREKA (SANTOS MERCADO),nutricion y desarrollo infantil,controles repetidos en ninos de 2 anos de < 5,2005-08-01,2,2,7,9
EXALTACION,nutricion y desarrollo infantil,controles repetidos en ninos de 2 anos de < 5,2005-08-01,18,18,26,44
FERNANDEZ ALONSO,nutricion y desarrollo infantil,controles repetidos en ninos de 2 anos de < 5,2005-08-01,159,159,178,337
FILADELFIA,nutricion y desarrollo infantil,controles repetidos en ninos de 2 anos de < 5,2005-08-01,20,20,22,42
GENERAL SAAVEDRA,nutricion y desarrollo infantil,controles repetidos en ninos de 2 anos de < 5,2005-08-01,225,225,232,457
GRAL. J.J. PEREZ (CHARAZANI),nutricion y desarrollo infantil,controles repetidos en ninos de 2 anos de < 5,2005-08-01,53,53,50,103
GUANAY,nutricion y desarrollo infantil,controles repetidos en ninos de 2 anos de < 5,2005-08-01,56,56,75,131
GUAQUI,nutricion y desarrollo infantil,controles repetidos en ninos de 2 anos de < 5,2005-08-01,32,32,28,60
GUAYARAMERIN,nutricion y desarrollo infantil,controles repetidos en ninos de 2 anos de < 5,2005-08-01,257,257,264,521
GUTIERREZ,nutricion y desarrollo infantil,controles repetidos en ninos de 2 anos de < 5,2005-08-01,259,259,267,526
HUACARETA,nutricion y desarrollo infantil,controles repetidos en ninos de 2 anos de < 5,2005-08-01,216,216,196,412
HUACAYA (VILLA DE HUACAYA),nutricion y desarrollo infantil,controles repetidos en ninos de 2 anos de < 5,2005-08-01,39,39,55,94
HUACHACALLA,nutricion y desarrollo infantil,controles repetidos en ninos de 2 anos de < 5,2005-08-01,3,3,4,7
HUANUNI,nutricion y desarrollo infantil,controles repetidos en ninos de 2 anos de < 5,2005-08-01,81,81,64,145
HUARACAJE,nutricion y desarrollo infantil,controles repetidos en ninos de 2 anos de < 5,2005-08-01,60,60,53,113
HUAYLLAMARCA,nutricion y desarrollo infantil,controles repetidos en ninos de 2 anos de < 5,2005-08-01,28,28,33,61
ICHOCA,nutricion y desarrollo infantil,controles repetidos en ninos de 2 anos de < 5,2005-08-01,35,35,27,62
ICLA,nutricion y desarrollo infantil,controles repetidos en ninos de 2 anos de < 5,2005-08-01,294,294,291,585
INCAHUASI,nutricion y desarrollo infantil,controles repetidos en ninos de 2 anos de < 5,2005-08-01,336,336,365,701
INGAVI (HUMAITA),nutricion y desarrollo infantil,controles repetidos en ninos de 2 anos de < 5,2005-08-01,43,43,21,64
INQUISIVI,nutricion y desarrollo infantil,controles repetidos en ninos de 2 anos de < 5,2005-08-01,96,96,115,211
IRUPANA (VILLA DE LANZA),nutricion y desarrollo infantil,controles repetidos en ninos de 2 anos de < 5,2005-08-01,147,147,114,261
IXIAMAS,nutricion y desarrollo infantil,controles repetidos en ninos de 2 anos de < 5,2005-08-01,76,76,60,136
JESUS DE MACHACA,nutricion y desarrollo infantil,controles repetidos en ninos de 2 anos de < 5,2005-08-01,59,59,68,127
LA ASUNTA,nutricion y desarrollo infantil,controles repetidos en ninos de 2 anos de < 5,2005-08-01,23,23,23,46
LA GUARDIA,nutricion y desarrollo infantil,controles repetidos en ninos de 2 anos de < 5,2005-08-01,196,196,218,414
LA PAZ,nutricion y desarrollo infantil,controles repetidos en ninos de 2 anos de < 5,2005-08-01,2183,2183,2181,4364
LA RIVERA,nutricion y desarrollo infantil,controles repetidos en ninos de 2 anos de < 5,2005-08-01,4,4,4,8
LAGUNILLAS,nutricion y desarrollo infantil,controles repetidos en ninos de 2 anos de < 5,2005-08-01,119,119,120,239
LAJA,nutricion y desarrollo infantil,controles repetidos en ninos de 2 anos de < 5,2005-08-01,81,81,67,148
LAS CARRERAS,nutricion y desarrollo infantil,controles repetidos en ninos de 2 anos de < 5,2005-08-01,73,73,81,154
LICOMA PAMPA,nutricion y desarrollo infantil,controles repetidos en ninos de 2 anos de < 5,2005-08-01,19,19,32,51
LLALLAGUA,nutricion y desarrollo infantil,controles repetidos en ninos de 2 anos de < 5,2005-08-01,648,648,678,1326
LLICA,nutricion y desarrollo infantil,controles repetidos en ninos de 2 anos de < 5,2005-08-01,32,32,25,57
LORETO,nutricion y desarrollo infantil,controles repetidos en ninos de 2 anos de < 5,2005-08-01,19,19,76,95
LURIBAY,nutricion y desarrollo infantil,controles repetidos en ninos de 2 anos de < 5,2005-08-01,98,98,104,202
MACHACAMARCA,nutricion y desarrollo infantil,controles repetidos en ninos de 2 anos de < 5,2005-08-01,14,14,15,29
MACHARETI,nutricion y desarrollo infantil,controles repetidos en ninos de 2 anos de < 5,2005-08-01,238,238,248,486
MAGDALENA,nutricion y desarrollo infantil,controles repetidos en ninos de 2 anos de < 5,2005-08-01,51,51,54,105
MAIRANA,nutricion y desarrollo infantil,controles repetidos en ninos de 2 anos de < 5,2005-08-01,49,49,65,114
MALLA,nutricion y desarrollo infantil,controles repetidos en ninos de 2 anos de < 5,2005-08-01,79,79,52,131
MAPIRI,nutricion y desarrollo infantil,controles repetidos en ninos de 2 anos de < 5,2005-08-01,70,70,58,128
MECAPACA,nutricion y desarrollo infantil,controles repetidos en ninos de 2 anos de < 5,2005-08-01,49,49,50,99
MINEROS,nutricion y desarrollo infantil,controles repetidos en ninos de 2 anos de < 5,2005-08-01,130,130,154,284
MIZQUE,nutricion y desarrollo infantil,controles repetidos en ninos de 2 anos de < 5,2005-08-01,206,206,195,401
MOCOMOCO,nutricion y desarrollo infantil,controles repetidos en ninos de 2 anos de < 5,2005-08-01,65,65,68,133
MOJINETE,nutricion y desarrollo infantil,controles repetidos en ninos de 2 anos de < 5,2005-08-01,22,22,16,38
MOJOCOYA,nutricion y desarrollo infantil,controles repetidos en ninos de 2 anos de < 5,2005-08-01,188,188,177,365
MONTEAGUDO,nutricion y desarrollo infantil,controles repetidos en ninos de 2 anos de < 5,2005-08-01,363,363,371,734
MONTERO,nutricion y desarrollo infantil,controles repetidos en ninos de 2 anos de < 5,2005-08-01,693,693,709,1402
MORO MORO,nutricion y desarrollo infantil,controles repetidos en ninos de 2 anos de < 5,2005-08-01,58,58,47,105
MOROCHATA,nutricion y desarrollo infantil,controles repetidos en ninos de 2 anos de < 5,2005-08-01,85,85,106,191
NACEBE (SANTA ROSA DEL ABUNA),nutricion y desarrollo infantil,controles repetidos en ninos de 2 anos de < 5,2005-08-01,7,7,2,9
NAZACARA DE PACAJES,nutricion y desarrollo infantil,controles repetidos en ninos de 2 anos de < 5,2005-08-01,10,10,2,12
NUEVO MANOA (NUEVA ESPERANZA),nutricion y desarrollo infantil,controles repetidos en ninos de 2 anos de < 5,2005-08-01,5,5,6,11
OCURI,nutricion y desarrollo infantil,controles repetidos en ninos de 2 anos de < 5,2005-08-01,190,190,177,367
OKINAWA,nutricion y desarrollo infantil,controles repetidos en ninos de 2 anos de < 5,2005-08-01,48,48,44,92
OMEREQUE,nutricion y desarrollo infantil,controles repetidos en ninos de 2 anos de < 5,2005-08-01,74,74,86,160
ORURO,nutricion y desarrollo infantil,controles repetidos en ninos de 2 anos de < 5,2005-08-01,794,794,845,1639
PADCAYA,nutricion y desarrollo infantil,controles repetidos en ninos de 2 anos de < 5,2005-08-01,246,246,238,484
PADILLA,nutricion y desarrollo infantil,controles repetidos en ninos de 2 anos de < 5,2005-08-01,303,303,310,613
PAILON,nutricion y desarrollo infantil,controles repetidos en ninos de 2 anos de < 5,2005-08-01,65,65,73,138
PALCA,nutricion y desarrollo infantil,controles repetidos en ninos de 2 anos de < 5,2005-08-01,55,55,52,107
PALOS BLANCOS,nutricion y desarrollo infantil,controles repetidos en ninos de 2 anos de < 5,2005-08-01,227,227,209,436
PAMPA AULLAGAS,nutricion y desarrollo infantil,controles repetidos en ninos de 2 anos de < 5,2005-08-01,29,29,31,60
PAMPA GRANDE,nutricion y desarrollo infantil,controles repetidos en ninos de 2 anos de < 5,2005-08-01,63,63,56,119
PAPEL PAMPA,nutricion y desarrollo infantil,controles repetidos en ninos de 2 anos de < 5,2005-08-01,24,24,33,57
PASORAPA,nutricion y desarrollo infantil,controles repetidos en ninos de 2 anos de < 5,2005-08-01,84,84,69,153
PATACAMAYA,nutricion y desarrollo infantil,controles repetidos en ninos de 2 anos de < 5,2005-08-01,174,174,163,337
PAZÑA,nutricion y desarrollo infantil,controles repetidos en ninos de 2 anos de < 5,2005-08-01,32,32,40,72
PELECHUCO,nutricion y desarrollo infantil,controles repetidos en ninos de 2 anos de < 5,2005-08-01,40,40,40,80
POCOATA,nutricion y desarrollo infantil,controles repetidos en ninos de 2 anos de < 5,2005-08-01,162,162,175,337
POCONA,nutricion y desarrollo infantil,controles repetidos en ninos de 2 anos de < 5,2005-08-01,84,84,95,179
POJO (CBBA),nutricion y desarrollo infantil,controles repetidos en ninos de 2 anos de < 5,2005-08-01,103,103,94,197
POOPO,nutricion y desarrollo infantil,controles repetidos en ninos de 2 anos de < 5,2005-08-01,13,13,16,29
PORCO,nutricion y desarrollo infantil,controles repetidos en ninos de 2 anos de < 5,2005-08-01,37,37,25,62
POROMA,nutricion y desarrollo infantil,controles repetidos en ninos de 2 anos de < 5,2005-08-01,243,243,233,476
PORONGO,nutricion y desarrollo infantil,controles repetidos en ninos de 2 anos de < 5,2005-08-01,40,40,22,62
PORTACHUELO,nutricion y desarrollo infantil,controles repetidos en ninos de 2 anos de < 5,2005-08-01,155,155,170,325
PORVENIR,nutricion y desarrollo infantil,controles repetidos en ninos de 2 anos de < 5,2005-08-01,36,36,31,67
POSTRER VALLE,nutricion y desarrollo infantil,controles repetidos en ninos de 2 anos de < 5,2005-08-01,32,32,38,70
POTOSI,nutricion y desarrollo infantil,controles repetidos en ninos de 2 anos de < 5,2005-08-01,613,613,599,1212
PRESTO,nutricion y desarrollo infantil,controles repetidos en ninos de 2 anos de < 5,2005-08-01,191,191,182,373
PUCARA,nutricion y desarrollo infantil,controles repetidos en ninos de 2 anos de < 5,2005-08-01,38,38,30,68
PUCARANI,nutricion y desarrollo infantil,controles repetidos en ninos de 2 anos de < 5,2005-08-01,288,288,252,540
PUERTO ACOSTA,nutricion y desarrollo infantil,controles repetidos en ninos de 2 anos de < 5,2005-08-01,180,180,212,392
PUERTO CARABUCO,nutricion y desarrollo infantil,controles repetidos en ninos de 2 anos de < 5,2005-08-01,80,80,92,172
PUERTO GONZALO MORENO,nutricion y desarrollo infantil,controles repetidos en ninos de 2 anos de < 5,2005-08-01,47,47,64,111
PUERTO PEREZ,nutricion y desarrollo infantil,controles repetidos en ninos de 2 anos de < 5,2005-08-01,50,50,37,87
PUERTO QUIJARRO,nutricion y desarrollo infantil,controles repetidos en ninos de 2 anos de < 5,2005-08-01,46,46,50,96
PUERTO RICO,nutricion y desarrollo infantil,controles repetidos en ninos de 2 anos de < 5,2005-08-01,120,120,124,244
PUERTO SILES,nutricion y desarrollo infantil,controles repetidos en ninos de 2 anos de < 5,2005-08-01,7,7,8,15
PUERTO SUAREZ,nutricion y desarrollo infantil,controles repetidos en ninos de 2 anos de < 5,2005-08-01,29,29,37,66
PUERTO VILLARROEL,nutricion y desarrollo infantil,controles repetidos en ninos de 2 anos de < 5,2005-08-01,145,145,164,309
PUNA,nutricion y desarrollo infantil,controles repetidos en ninos de 2 anos de < 5,2005-08-01,283,283,296,579
PUNATA,nutricion y desarrollo infantil,controles repetidos en ninos de 2 anos de < 5,2005-08-01,37,37,34,71
QUIABAYA,nutricion y desarrollo infantil,controles repetidos en ninos de 2 anos de < 5,2005-08-01,31,31,27,58
QUILLACOLLO,nutricion y desarrollo infantil,controles repetidos en ninos de 2 anos de < 5,2005-08-01,38,38,41,79
QUIME,nutricion y desarrollo infantil,controles repetidos en ninos de 2 anos de < 5,2005-08-01,86,86,83,169
QUIRUSILLAS,nutricion y desarrollo infantil,controles repetidos en ninos de 2 anos de < 5,2005-08-01,12,12,17,29
RAVELO,nutricion y desarrollo infantil,controles repetidos en ninos de 2 anos de < 5,2005-08-01,334,334,332,666
REYES,nutricion y desarrollo infantil,controles repetidos en ninos de 2 anos de < 5,2005-08-01,228,228,230,458
RIBERALTA,nutricion y desarrollo infantil,controles repetidos en ninos de 2 anos de < 5,2005-08-01,451,451,428,879
ROBORE,nutricion y desarrollo infantil,controles repetidos en ninos de 2 anos de < 5,2005-08-01,86,86,106,192
RURRENABAQUE,nutricion y desarrollo infantil,controles repetidos en ninos de 2 anos de < 5,2005-08-01,38,38,41,79
SABAYA,nutricion y desarrollo infantil,controles repetidos en ninos de 2 anos de < 5,2005-08-01,18,18,31,49
SACABA,nutricion y desarrollo infantil,controles repetidos en ninos de 2 anos de < 5,2005-08-01,62,62,73,135
SACABAMBA,nutricion y desarrollo infantil,controles repetidos en ninos de 2 anos de < 5,2005-08-01,41,41,42,83
SACACA,nutricion y desarrollo infantil,controles repetidos en ninos de 2 anos de < 5,2005-08-01,573,573,517,1090
SAIPINA,nutricion y desarrollo infantil,controles repetidos en ninos de 2 anos de < 5,2005-08-01,39,39,37,76
SALINAS DE GARCI MENDOZA,nutricion y desarrollo infantil,controles repetidos en ninos de 2 anos de < 5,2005-08-01,63,63,61,124
SAMAIPATA,nutricion y desarrollo infantil,controles repetidos en ninos de 2 anos de < 5,2005-08-01,79,79,82,161
SAN AGUSTIN,nutricion y desarrollo infantil,controles repetidos en ninos de 2 anos de < 5,2005-08-01,10,10,15,25
SAN ANDRES,nutricion y desarrollo infantil,controles repetidos en ninos de 2 anos de < 5,2005-08-01,113,113,132,245
SAN ANDRES DE MACHACA,nutricion y desarrollo infantil,controles repetidos en ninos de 2 anos de < 5,2005-08-01,24,24,37,61
SAN ANTONIO DE ESMORUCO,nutricion y desarrollo infantil,controles repetidos en ninos de 2 anos de < 5,2005-08-01,18,18,9,27
SAN ANTONIO DE LOMERIO,nutricion y desarrollo infantil,controles repetidos en ninos de 2 anos de < 5,2005-08-01,154,154,152,306
SAN BENITO,nutricion y desarrollo infantil,controles repetidos en ninos de 2 anos de < 5,2005-08-01,56,56,58,114
SAN BORJA,nutricion y desarrollo infantil,controles repetidos en ninos de 2 anos de < 5,2005-08-01,227,227,213,440
SAN BUENA VENTURA,nutricion y desarrollo infantil,controles repetidos en ninos de 2 anos de < 5,2005-08-01,57,57,65,122
SAN CARLOS,nutricion y desarrollo infantil,controles repetidos en ninos de 2 anos de < 5,2005-08-01,126,126,119,245
SAN IGNACIO,nutricion y desarrollo infantil,controles repetidos en ninos de 2 anos de < 5,2005-08-01,153,153,148,301
SAN IGNACIO DE VELASCO,nutricion y desarrollo infantil,controles repetidos en ninos de 2 anos de < 5,2005-08-01,381,381,430,811
SAN JAVIER(BNI),nutricion y desarrollo infantil,controles repetidos en ninos de 2 anos de < 5,2005-08-01,35,35,33,68
SAN JAVIER(STC),nutricion y desarrollo infantil,controles repetidos en ninos de 2 anos de < 5,2005-08-01,34,34,33,67
SAN JOAQUIN,nutricion y desarrollo infantil,controles repetidos en ninos de 2 anos de < 5,2005-08-01,20,20,22,42
SAN JOSE DE CHIQUITOS,nutricion y desarrollo infantil,controles repetidos en ninos de 2 anos de < 5,2005-08-01,62,62,66,128
SAN JUAN DE YAPACANI,nutricion y desarrollo infantil,controles repetidos en ninos de 2 anos de < 5,2005-08-01,128,128,105,233
SAN JULIAN,nutricion y desarrollo infantil,controles repetidos en ninos de 2 anos de < 5,2005-08-01,325,325,387,712
SAN LORENZO(PND),nutricion y desarrollo infantil,controles repetidos en ninos de 2 anos de < 5,2005-08-01,74,74,80,154
SAN LORENZO(TJA),nutricion y desarrollo infantil,controles repetidos en ninos de 2 anos de < 5,2005-08-01,249,249,242,491
SAN LUCAS,nutricion y desarrollo infantil,controles repetidos en ninos de 2 anos de < 5,2005-08-01,682,682,681,1363
SAN MATIAS,nutricion y desarrollo infantil,controles repetidos en ninos de 2 anos de < 5,2005-08-01,67,67,68,135
SAN MIGUEL DE VELASCO,nutricion y desarrollo infantil,controles repetidos en ninos de 2 anos de < 5,2005-08-01,160,160,151,311
SAN PABLO DE LIPEZ,nutricion y desarrollo infantil,controles repetidos en ninos de 2 anos de < 5,2005-08-01,39,39,25,64
SAN PEDRO,nutricion y desarrollo infantil,controles repetidos en ninos de 2 anos de < 5,2005-08-01,139,139,115,254
SAN PEDRO DE BUENA VISTA,nutricion y desarrollo infantil,controles repetidos en ninos de 2 anos de < 5,2005-08-01,353,353,359,712
SAN PEDRO DE CURAHUARA,nutricion y desarrollo infantil,controles repetidos en ninos de 2 anos de < 5,2005-08-01,73,73,76,149
SAN PEDRO DE QUEMES,nutricion y desarrollo infantil,controles repetidos en ninos de 2 anos de < 5,2005-08-01,4,4,2,6
SAN PEDRO DE TIQUINA,nutricion y desarrollo infantil,controles repetidos en ninos de 2 anos de < 5,2005-08-01,33,33,33,66
SAN PEDRO(PND),nutricion y desarrollo infantil,controles repetidos en ninos de 2 anos de < 5,2005-08-01,41,41,41,82
SAN RAFAEL,nutricion y desarrollo infantil,controles repetidos en ninos de 2 anos de < 5,2005-08-01,102,102,109,211
SAN RAMON,nutricion y desarrollo infantil,controles repetidos en ninos de 2 anos de < 5,2005-08-01,25,25,28,53
SAN RAMON,nutricion y desarrollo infantil,controles repetidos en ninos de 2 anos de < 5,2005-08-01,31,31,28,59
SANTA ANA,nutricion y desarrollo infantil,controles repetidos en ninos de 2 anos de < 5,2005-08-01,73,73,86,159
SANTA CRUZ DE LA SIERRA,nutricion y desarrollo infantil,controles repetidos en ninos de 2 anos de < 5,2005-08-01,2204,2204,2154,4358
SANTA ROSA,nutricion y desarrollo infantil,controles repetidos en ninos de 2 anos de < 5,2005-08-01,44,44,39,83
SANTA ROSA DEL SARA,nutricion y desarrollo infantil,controles repetidos en ninos de 2 anos de < 5,2005-08-01,59,59,68,127
SANTIAGO DE CALLAPA,nutricion y desarrollo infantil,controles repetidos en ninos de 2 anos de < 5,2005-08-01,38,38,33,71
SANTIAGO DE HUARI,nutricion y desarrollo infantil,controles repetidos en ninos de 2 anos de < 5,2005-08-01,78,78,72,150
SANTIAGO DE MACHACA,nutricion y desarrollo infantil,controles repetidos en ninos de 2 anos de < 5,2005-08-01,11,11,10,21
SANTIVAÑES,nutricion y desarrollo infantil,controles repetidos en ninos de 2 anos de < 5,2005-08-01,80,80,60,140
SANTUARIO DE QUILLACAS,nutricion y desarrollo infantil,controles repetidos en ninos de 2 anos de < 5,2005-08-01,15,15,12,27
SAPAHAQUI,nutricion y desarrollo infantil,controles repetidos en ninos de 2 anos de < 5,2005-08-01,74,74,76,150
SENA,nutricion y desarrollo infantil,controles repetidos en ninos de 2 anos de < 5,2005-08-01,34,34,43,77
SICA SICA (VILLA AROMA),nutricion y desarrollo infantil,controles repetidos en ninos de 2 anos de < 5,2005-08-01,159,159,164,323
SICAYA,nutricion y desarrollo infantil,controles repetidos en ninos de 2 anos de < 5,2005-08-01,62,62,48,110
SIPE SIPE,nutricion y desarrollo infantil,controles repetidos en ninos de 2 anos de < 5,2005-08-01,165,165,202,367
SOPACHUY,nutricion y desarrollo infantil,controles repetidos en ninos de 2 anos de < 5,2005-08-01,146,146,142,288
SORACACHI,nutricion y desarrollo infantil,controles repetidos en ninos de 2 anos de < 5,2005-08-01,46,46,46,92
SORATA,nutricion y desarrollo infantil,controles repetidos en ninos de 2 anos de < 5,2005-08-01,147,147,133,280
SUCRE,nutricion y desarrollo infantil,controles repetidos en ninos de 2 anos de < 5,2005-08-01,1521,1521,1473,2994
TACACHI,nutricion y desarrollo infantil,controles repetidos en ninos de 2 anos de < 5,2005-08-01,4,4,7,11
TACACOMA,nutricion y desarrollo infantil,controles repetidos en ninos de 2 anos de < 5,2005-08-01,70,70,63,133
TACOBAMBA,nutricion y desarrollo infantil,controles repetidos en ninos de 2 anos de < 5,2005-08-01,136,136,114,250
TACOPAYA,nutricion y desarrollo infantil,controles repetidos en ninos de 2 anos de < 5,2005-08-01,211,211,207,418
TAHUA,nutricion y desarrollo infantil,controles repetidos en ninos de 2 anos de < 5,2005-08-01,12,12,26,38
TAPACARI,nutricion y desarrollo infantil,controles repetidos en ninos de 2 anos de < 5,2005-08-01,84,84,90,174
TARABUCO,nutricion y desarrollo infantil,controles repetidos en ninos de 2 anos de < 5,2005-08-01,580,580,645,1225
TARACO,nutricion y desarrollo infantil,controles repetidos en ninos de 2 anos de < 5,2005-08-01,15,15,19,34
TARATA,nutricion y desarrollo infantil,controles repetidos en ninos de 2 anos de < 5,2005-08-01,29,29,31,60
TARIJA,nutricion y desarrollo infantil,controles repetidos en ninos de 2 anos de < 5,2005-08-01,545,545,590,1135
TARVITA,nutricion y desarrollo infantil,controles repetidos en ninos de 2 anos de < 5,2005-08-01,80,80,64,144
TEOPONTE,nutricion y desarrollo infantil,controles repetidos en ninos de 2 anos de < 5,2005-08-01,82,82,70,152
TIAWANACU,nutricion y desarrollo infantil,controles repetidos en ninos de 2 anos de < 5,2005-08-01,49,49,39,88
TINGUIPAYA,nutricion y desarrollo infantil,controles repetidos en ninos de 2 anos de < 5,2005-08-01,309,309,284,593
TIPUANI,nutricion y desarrollo infantil,controles repetidos en ninos de 2 anos de < 5,2005-08-01,24,24,24,48
TIQUIPAYA,nutricion y desarrollo infantil,controles repetidos en ninos de 2 anos de < 5,2005-08-01,162,162,133,295
TIRAQUE (CBBA),nutricion y desarrollo infantil,controles repetidos en ninos de 2 anos de < 5,2005-08-01,68,68,54,122
TITO YUPANQUI (PARQUIPUJIO),nutricion y desarrollo infantil,controles repetidos en ninos de 2 anos de < 5,2005-08-01,17,17,15,32
TOCO,nutricion y desarrollo infantil,controles repetidos en ninos de 2 anos de < 5,2005-08-01,22,22,14,36
TODOS SANTOS,nutricion y desarrollo infantil,controles repetidos en ninos de 2 anos de < 5,2005-08-01,1,1,2,3
TOLATA,nutricion y desarrollo infantil,controles repetidos en ninos de 2 anos de < 5,2005-08-01,8,8,12,20
TOLEDO,nutricion y desarrollo infantil,controles repetidos en ninos de 2 anos de < 5,2005-08-01,45,45,21,66
TOMAVE,nutricion y desarrollo infantil,controles repetidos en ninos de 2 anos de < 5,2005-08-01,120,120,133,253
TOMINA,nutricion y desarrollo infantil,controles repetidos en ninos de 2 anos de < 5,2005-08-01,232,232,278,510
TORO TORO,nutricion y desarrollo infantil,controles repetidos en ninos de 2 anos de < 5,2005-08-01,140,140,141,281
TOTORA(CBBA),nutricion y desarrollo infantil,controles repetidos en ninos de 2 anos de < 5,2005-08-01,82,82,90,172
TOTORA(ORR),nutricion y desarrollo infantil,controles repetidos en ninos de 2 anos de < 5,2005-08-01,13,13,9,22
TRIGAL,nutricion y desarrollo infantil,controles repetidos en ninos de 2 anos de < 5,2005-08-01,11,11,17,28
TRINIDAD,nutricion y desarrollo infantil,controles repetidos en ninos de 2 anos de < 5,2005-08-01,273,273,265,538
TUPIZA,nutricion y desarrollo infantil,controles repetidos en ninos de 2 anos de < 5,2005-08-01,404,404,406,810
TURCO,nutricion y desarrollo infantil,controles repetidos en ninos de 2 anos de < 5,2005-08-01,26,26,15,41
UMALA,nutricion y desarrollo infantil,controles repetidos en ninos de 2 anos de < 5,2005-08-01,59,59,70,129
UNCIA,nutricion y desarrollo infantil,controles repetidos en ninos de 2 anos de < 5,2005-08-01,68,68,58,126
URIONDO (A. CONCEPCION),nutricion y desarrollo infantil,controles repetidos en ninos de 2 anos de < 5,2005-08-01,172,172,192,364
URUBICHA,nutricion y desarrollo infantil,controles repetidos en ninos de 2 anos de < 5,2005-08-01,249,249,246,495
UYUNI,nutricion y desarrollo infantil,controles repetidos en ninos de 2 anos de < 5,2005-08-01,212,212,226,438
VACAS,nutricion y desarrollo infantil,controles repetidos en ninos de 2 anos de < 5,2005-08-01,47,47,37,84
VALLEGRANDE,nutricion y desarrollo infantil,controles repetidos en ninos de 2 anos de < 5,2005-08-01,98,98,106,204
VIACHA,nutricion y desarrollo infantil,controles repetidos en ninos de 2 anos de < 5,2005-08-01,189,189,197,386
VILA VILA,nutricion y desarrollo infantil,controles repetidos en ninos de 2 anos de < 5,2005-08-01,21,21,29,50
VILLA MONTES,nutricion y desarrollo infantil,controles repetidos en ninos de 2 anos de < 5,2005-08-01,133,133,131,264
VILLA NUEVA (LOMA ALTA),nutricion y desarrollo infantil,controles repetidos en ninos de 2 anos de < 5,2005-08-01,12,12,11,23
VILLA RIVERO,nutricion y desarrollo infantil,controles repetidos en ninos de 2 anos de < 5,2005-08-01,29,29,26,55
VILLA SERRANO,nutricion y desarrollo infantil,controles repetidos en ninos de 2 anos de < 5,2005-08-01,300,300,284,584
VILLA TUNARI,nutricion y desarrollo infantil,controles repetidos en ninos de 2 anos de < 5,2005-08-01,257,257,222,479
VILLA VACA GUZMAN (MUYUPAMPA),nutricion y desarrollo infantil,controles repetidos en ninos de 2 anos de < 5,2005-08-01,212,212,258,470
VILLAZON,nutricion y desarrollo infantil,controles repetidos en ninos de 2 anos de < 5,2005-08-01,302,302,317,619
VINTO,nutricion y desarrollo infantil,controles repetidos en ninos de 2 anos de < 5,2005-08-01,9,9,9,18
VITICHI,nutricion y desarrollo infantil,controles repetidos en ninos de 2 anos de < 5,2005-08-01,129,129,127,256
WALDO BALLIVIAN,nutricion y desarrollo infantil,controles repetidos en ninos de 2 anos de < 5,2005-08-01,16,16,22,38
WARNES,nutricion y desarrollo infantil,controles repetidos en ninos de 2 anos de < 5,2005-08-01,215,215,213,428
YACO,nutricion y desarrollo infantil,controles repetidos en ninos de 2 anos de < 5,2005-08-01,48,48,51,99
YACUIBA,nutricion y desarrollo infantil,controles repetidos en ninos de 2 anos de < 5,2005-08-01,185,185,200,385
YAMPARAEZ,nutricion y desarrollo infantil,controles repetidos en ninos de 2 anos de < 5,2005-08-01,331,331,296,627
YANACACHI,nutricion y desarrollo infantil,controles repetidos en ninos de 2 anos de < 5,2005-08-01,18,18,18,36
YAPACANI,nutricion y desarrollo infantil,controles repetidos en ninos de 2 anos de < 5,2005-08-01,289,289,263,552
YOCALLA,nutricion y desarrollo infantil,controles repetidos en ninos de 2 anos de < 5,2005-08-01,51,51,58,109
YOTALA,nutricion y desarrollo infantil,controles repetidos en ninos de 2 anos de < 5,2005-08-01,189,189,211,400
YUNCHARA,nutricion y desarrollo infantil,controles repetidos en ninos de 2 anos de < 5,2005-08-01,149,149,140,289
ZUDAÑEZ,nutricion y desarrollo infantil,controles repetidos en ninos de 2 anos de < 5,2005-08-01,133,133,158,291
ACACIO,nutricion y desarrollo infantil,controles repetidos en ninos de 2 anos de < 5,2005-09-01,117,117,106,223
ACHACACHI,nutricion y desarrollo infantil,controles repetidos en ninos de 2 anos de < 5,2005-09-01,403,403,419,822
ACHOCALLA,nutricion y desarrollo infantil,controles repetidos en ninos de 2 anos de < 5,2005-09-01,36,36,43,79
AIQUILE,nutricion y desarrollo infantil,controles repetidos en ninos de 2 anos de < 5,2005-09-01,91,91,101,192
ALALAY,nutricion y desarrollo infantil,controles repetidos en ninos de 2 anos de < 5,2005-09-01,42,42,34,76
ALCALA,nutricion y desarrollo infantil,controles repetidos en ninos de 2 anos de < 5,2005-09-01,97,97,89,186
ANCORAIMES,nutricion y desarrollo infantil,controles repetidos en ninos de 2 anos de < 5,2005-09-01,160,160,142,302
ANDAMARCA,nutricion y desarrollo infantil,controles repetidos en ninos de 2 anos de < 5,2005-09-01,26,26,32,58
ANTEQUERA,nutricion y desarrollo infantil,controles repetidos en ninos de 2 anos de < 5,2005-09-01,16,16,22,38
ANZALDO,nutricion y desarrollo infantil,controles repetidos en ninos de 2 anos de < 5,2005-09-01,26,26,24,50
APOLO,nutricion y desarrollo infantil,controles repetidos en ninos de 2 anos de < 5,2005-09-01,43,43,49,92
ARAMPAMPA,nutricion y desarrollo infantil,controles repetidos en ninos de 2 anos de < 5,2005-09-01,94,94,100,194
ARANI,nutricion y desarrollo infantil,controles repetidos en ninos de 2 anos de < 5,2005-09-01,47,47,44,91
ARBIETO,nutricion y desarrollo infantil,controles repetidos en ninos de 2 anos de < 5,2005-09-01,14,14,12,26
ARQUE,nutricion y desarrollo infantil,controles repetidos en ninos de 2 anos de < 5,2005-09-01,54,54,60,114
ASCENCION DE GUARAYOS,nutricion y desarrollo infantil,controles repetidos en ninos de 2 anos de < 5,2005-09-01,14,14,21,35
ATOCHA,nutricion y desarrollo infantil,controles repetidos en ninos de 2 anos de < 5,2005-09-01,129,129,107,236
AUCAPATA,nutricion y desarrollo infantil,controles repetidos en ninos de 2 anos de < 5,2005-09-01,20,20,32,52
AYATA,nutricion y desarrollo infantil,controles repetidos en ninos de 2 anos de < 5,2005-09-01,131,131,123,254
AYO AYO,nutricion y desarrollo infantil,controles repetidos en ninos de 2 anos de < 5,2005-09-01,25,25,20,45
AYOPAYA (V. DE INDEPENDENCIA),nutricion y desarrollo infantil,controles repetidos en ninos de 2 anos de < 5,2005-09-01,135,135,167,302
AZURDUY,nutricion y desarrollo infantil,controles repetidos en ninos de 2 anos de < 5,2005-09-01,333,333,323,656
BATALLAS,nutricion y desarrollo infantil,controles repetidos en ninos de 2 anos de < 5,2005-09-01,35,35,43,78
BAURES,nutricion y desarrollo infantil,controles repetidos en ninos de 2 anos de < 5,2005-09-01,28,28,44,72
BELEN DE ANDAMARCA,nutricion y desarrollo infantil,controles repetidos en ninos de 2 anos de < 5,2005-09-01,1,1,1,2
BELEN DE URMIRI,nutricion y desarrollo infantil,controles repetidos en ninos de 2 anos de < 5,2005-09-01,26,26,24,50
BELLA FLOR,nutricion y desarrollo infantil,controles repetidos en ninos de 2 anos de < 5,2005-09-01,38,38,61,99
BERMEJO,nutricion y desarrollo infantil,controles repetidos en ninos de 2 anos de < 5,2005-09-01,37,37,85,122
BETANZOS,nutricion y desarrollo infantil,controles repetidos en ninos de 2 anos de < 5,2005-09-01,409,409,397,806
BOLIVAR,nutricion y desarrollo infantil,controles repetidos en ninos de 2 anos de < 5,2005-09-01,115,115,107,222
BOLPEBRA,nutricion y desarrollo infantil,controles repetidos en ninos de 2 anos de < 5,2005-09-01,23,23,17,40
BOYUIBE,nutricion y desarrollo infantil,controles repetidos en ninos de 2 anos de < 5,2005-09-01,69,69,70,139
BUENA VISTA,nutricion y desarrollo infantil,controles repetidos en ninos de 2 anos de < 5,2005-09-01,132,132,146,278
CABEZAS,nutricion y desarrollo infantil,controles repetidos en ninos de 2 anos de < 5,2005-09-01,155,155,152,307
CAIROMA,nutricion y desarrollo infantil,controles repetidos en ninos de 2 anos de < 5,2005-09-01,116,116,146,262
"CAIZA ""D""",nutricion y desarrollo infantil,controles repetidos en ninos de 2 anos de < 5,2005-09-01,110,110,112,222
CAJUATA,nutricion y desarrollo infantil,controles repetidos en ninos de 2 anos de < 5,2005-09-01,57,57,58,115
CALACOTO,nutricion y desarrollo infantil,controles repetidos en ninos de 2 anos de < 5,2005-09-01,38,38,26,64
CALAMARCA,nutricion y desarrollo infantil,controles repetidos en ninos de 2 anos de < 5,2005-09-01,144,144,189,333
CAMARGO,nutricion y desarrollo infantil,controles repetidos en ninos de 2 anos de < 5,2005-09-01,180,180,203,383
CAMATAQUI (C. VILLA ABECIA),nutricion y desarrollo infantil,controles repetidos en ninos de 2 anos de < 5,2005-09-01,55,55,50,105
CAMIRI,nutricion y desarrollo infantil,controles repetidos en ninos de 2 anos de < 5,2005-09-01,220,220,214,434
CAPINOTA,nutricion y desarrollo infantil,controles repetidos en ninos de 2 anos de < 5,2005-09-01,100,100,87,187
CAQUIAVIRI,nutricion y desarrollo infantil,controles repetidos en ninos de 2 anos de < 5,2005-09-01,82,82,66,148
CARACOLLO,nutricion y desarrollo infantil,controles repetidos en ninos de 2 anos de < 5,2005-09-01,59,59,36,95
CARANAVI,nutricion y desarrollo infantil,controles repetidos en ninos de 2 anos de < 5,2005-09-01,297,297,292,589
CARAPARI,nutricion y desarrollo infantil,controles repetidos en ninos de 2 anos de < 5,2005-09-01,120,120,107,227
CARIPUYO,nutricion y desarrollo infantil,controles repetidos en ninos de 2 anos de < 5,2005-09-01,187,187,159,346
CARMEN RIVERO TORREZ,nutricion y desarrollo infantil,controles repetidos en ninos de 2 anos de < 5,2005-09-01,13,13,17,30
CATACORA,nutricion y desarrollo infantil,controles repetidos en ninos de 2 anos de < 5,2005-09-01,4,4,4,8
CHACARILLA,nutricion y desarrollo infantil,controles repetidos en ninos de 2 anos de < 5,2005-09-01,29,29,33,62
CHALLAPATA,nutricion y desarrollo infantil,controles repetidos en ninos de 2 anos de < 5,2005-09-01,101,101,83,184
CHAQUI,nutricion y desarrollo infantil,controles repetidos en ninos de 2 anos de < 5,2005-09-01,85,85,100,185
CHARAGUA,nutricion y desarrollo infantil,controles repetidos en ninos de 2 anos de < 5,2005-09-01,219,219,250,469
CHARAÑA,nutricion y desarrollo infantil,controles repetidos en ninos de 2 anos de < 5,2005-09-01,20,20,41,61
CHAYANTA,nutricion y desarrollo infantil,controles repetidos en ninos de 2 anos de < 5,2005-09-01,132,132,132,264
CHIMORE,nutricion y desarrollo infantil,controles repetidos en ninos de 2 anos de < 5,2005-09-01,75,75,52,127
CHIPAYA,nutricion y desarrollo infantil,controles repetidos en ninos de 2 anos de < 5,2005-09-01,17,17,13,30
CHOQUE COTA,nutricion y desarrollo infantil,controles repetidos en ninos de 2 anos de < 5,2005-09-01,11,11,14,25
CHULUMANI (V. DE LA LIBERTAD),nutricion y desarrollo infantil,controles repetidos en ninos de 2 anos de < 5,2005-09-01,30,30,33,63
CHUMA,nutricion y desarrollo infantil,controles repetidos en ninos de 2 anos de < 5,2005-09-01,60,60,61,121
CLIZA,nutricion y desarrollo infantil,controles repetidos en ninos de 2 anos de < 5,2005-09-01,40,40,44,84
COBIJA,nutricion y desarrollo infantil,controles repetidos en ninos de 2 anos de < 5,2005-09-01,173,173,205,378
COCHABAMBA,nutricion y desarrollo infantil,controles repetidos en ninos de 2 anos de < 5,2005-09-01,1194,1194,1051,2245
COIPASA,nutricion y desarrollo infantil,controles repetidos en ninos de 2 anos de < 5,2005-09-01,6,6,3,9
COLCAPIRHUA,nutricion y desarrollo infantil,controles repetidos en ninos de 2 anos de < 5,2005-09-01,83,83,77,160
"COLCHA ""K""",nutricion y desarrollo infantil,controles repetidos en ninos de 2 anos de < 5,2005-09-01,89,89,108,197
COLLANA,nutricion y desarrollo infantil,controles repetidos en ninos de 2 anos de < 5,2005-09-01,11,11,9,20
COLOMI,nutricion y desarrollo infantil,controles repetidos en ninos de 2 anos de < 5,2005-09-01,88,88,70,158
COLPA BELGICA,nutricion y desarrollo infantil,controles repetidos en ninos de 2 anos de < 5,2005-09-01,29,29,17,46
COLQUECHACA,nutricion y desarrollo infantil,controles repetidos en ninos de 2 anos de < 5,2005-09-01,256,256,273,529
COLQUENCHA,nutricion y desarrollo infantil,controles repetidos en ninos de 2 anos de < 5,2005-09-01,33,33,38,71
COLQUIRI,nutricion y desarrollo infantil,controles repetidos en ninos de 2 anos de < 5,2005-09-01,87,87,107,194
COMANCHE,nutricion y desarrollo infantil,controles repetidos en ninos de 2 anos de < 5,2005-09-01,47,47,49,96
COMARAPA,nutricion y desarrollo infantil,controles repetidos en ninos de 2 anos de < 5,2005-09-01,118,118,122,240
COMBAYA,nutricion y desarrollo infantil,controles repetidos en ninos de 2 anos de < 5,2005-09-01,34,34,38,72
CONCEPCION,nutricion y desarrollo infantil,controles repetidos en ninos de 2 anos de < 5,2005-09-01,41,41,33,74
COPACABANA,nutricion y desarrollo infantil,controles repetidos en ninos de 2 anos de < 5,2005-09-01,59,59,63,122
CORIPATA,nutricion y desarrollo infantil,controles repetidos en ninos de 2 anos de < 5,2005-09-01,73,73,57,130
CORO CORO,nutricion y desarrollo infantil,controles repetidos en ninos de 2 anos de < 5,2005-09-01,82,82,81,163
COROICO,nutricion y desarrollo infantil,controles repetidos en ninos de 2 anos de < 5,2005-09-01,123,123,109,232
CORQUE,nutricion y desarrollo infantil,controles repetidos en ninos de 2 anos de < 5,2005-09-01,43,43,38,81
COTAGAITA,nutricion y desarrollo infantil,controles repetidos en ninos de 2 anos de < 5,2005-09-01,241,241,259,500
COTOCA,nutricion y desarrollo infantil,controles repetidos en ninos de 2 anos de < 5,2005-09-01,77,77,80,157
CUATRO CAÑADAS,nutricion y desarrollo infantil,controles repetidos en ninos de 2 anos de < 5,2005-09-01,79,79,61,140
CUCHUMUELA (V. G. VILLARROEL),nutricion y desarrollo infantil,controles repetidos en ninos de 2 anos de < 5,2005-09-01,13,13,5,18
CUEVO,nutricion y desarrollo infantil,controles repetidos en ninos de 2 anos de < 5,2005-09-01,47,47,50,97
CULPINA,nutricion y desarrollo infantil,controles repetidos en ninos de 2 anos de < 5,2005-09-01,262,262,297,559
CURAHUARA DE CARANGAS,nutricion y desarrollo infantil,controles repetidos en ninos de 2 anos de < 5,2005-09-01,33,33,22,55
CURVA,nutricion y desarrollo infantil,controles repetidos en ninos de 2 anos de < 5,2005-09-01,22,22,16,38
DESAGUADERO,nutricion y desarrollo infantil,controles repetidos en ninos de 2 anos de < 5,2005-09-01,19,19,17,36
EL ALTO,nutricion y desarrollo infantil,controles repetidos en ninos de 2 anos de < 5,2005-09-01,2271,2271,2169,4440
EL CHORO,nutricion y desarrollo infantil,controles repetidos en ninos de 2 anos de < 5,2005-09-01,12,12,13,25
EL PUENTE(STC),nutricion y desarrollo infantil,controles repetidos en ninos de 2 anos de < 5,2005-09-01,101,101,83,184
EL PUENTE(TJA),nutricion y desarrollo infantil,controles repetidos en ninos de 2 anos de < 5,2005-09-01,171,171,162,333
EL TORNO,nutricion y desarrollo infantil,controles repetidos en ninos de 2 anos de < 5,2005-09-01,159,159,136,295
EL VILLAR,nutricion y desarrollo infantil,controles repetidos en ninos de 2 anos de < 5,2005-09-01,138,138,116,254
ENTRE RIOS,nutricion y desarrollo infantil,controles repetidos en ninos de 2 anos de < 5,2005-09-01,220,220,201,421
ENTRE RIOS,nutricion y desarrollo infantil,controles repetidos en ninos de 2 anos de < 5,2005-09-01,96,96,101,197
ESCARA,nutricion y desarrollo infantil,controles repetidos en ninos de 2 anos de < 5,2005-09-01,2,2,5,7
EUCALIPTUS,nutricion y desarrollo infantil,controles repetidos en ninos de 2 anos de < 5,2005-09-01,48,48,44,92
EUREKA (SANTOS MERCADO),nutricion y desarrollo infantil,controles repetidos en ninos de 2 anos de < 5,2005-09-01,1,1,3,4
EXALTACION,nutricion y desarrollo infantil,controles repetidos en ninos de 2 anos de < 5,2005-09-01,43,43,50,93
FERNANDEZ ALONSO,nutricion y desarrollo infantil,controles repetidos en ninos de 2 anos de < 5,2005-09-01,168,168,204,372
FILADELFIA,nutricion y desarrollo infantil,controles repetidos en ninos de 2 anos de < 5,2005-09-01,49,49,53,102
GENERAL SAAVEDRA,nutricion y desarrollo infantil,controles repetidos en ninos de 2 anos de < 5,2005-09-01,235,235,213,448
GRAL. J.J. PEREZ (CHARAZANI),nutricion y desarrollo infantil,controles repetidos en ninos de 2 anos de < 5,2005-09-01,115,115,140,255
GUANAY,nutricion y desarrollo infantil,controles repetidos en ninos de 2 anos de < 5,2005-09-01,91,91,118,209
GUAQUI,nutricion y desarrollo infantil,controles repetidos en ninos de 2 anos de < 5,2005-09-01,15,15,17,32
GUAYARAMERIN,nutricion y desarrollo infantil,controles repetidos en ninos de 2 anos de < 5,2005-09-01,260,260,208,468
GUTIERREZ,nutricion y desarrollo infantil,controles repetidos en ninos de 2 anos de < 5,2005-09-01,252,252,250,502
HUACARETA,nutricion y desarrollo infantil,controles repetidos en ninos de 2 anos de < 5,2005-09-01,199,199,205,404
HUACAYA (VILLA DE HUACAYA),nutricion y desarrollo infantil,controles repetidos en ninos de 2 anos de < 5,2005-09-01,66,66,70,136
HUACHACALLA,nutricion y desarrollo infantil,controles repetidos en ninos de 2 anos de < 5,2005-09-01,4,4,2,6
HUANUNI,nutricion y desarrollo infantil,controles repetidos en ninos de 2 anos de < 5,2005-09-01,94,94,74,168
HUARACAJE,nutricion y desarrollo infantil,controles repetidos en ninos de 2 anos de < 5,2005-09-01,25,25,33,58
HUAYLLAMARCA,nutricion y desarrollo infantil,controles repetidos en ninos de 2 anos de < 5,2005-09-01,23,23,37,60
ICHOCA,nutricion y desarrollo infantil,controles repetidos en ninos de 2 anos de < 5,2005-09-01,47,47,34,81
ICLA,nutricion y desarrollo infantil,controles repetidos en ninos de 2 anos de < 5,2005-09-01,188,188,182,370
INCAHUASI,nutricion y desarrollo infantil,controles repetidos en ninos de 2 anos de < 5,2005-09-01,263,263,309,572
INGAVI (HUMAITA),nutricion y desarrollo infantil,controles repetidos en ninos de 2 anos de < 5,2005-09-01,11,11,4,15
INQUISIVI,nutricion y desarrollo infantil,controles repetidos en ninos de 2 anos de < 5,2005-09-01,105,105,126,231
IRUPANA (VILLA DE LANZA),nutricion y desarrollo infantil,controles repetidos en ninos de 2 anos de < 5,2005-09-01,124,124,126,250
IXIAMAS,nutricion y desarrollo infantil,controles repetidos en ninos de 2 anos de < 5,2005-09-01,85,85,61,146
JESUS DE MACHACA,nutricion y desarrollo infantil,controles repetidos en ninos de 2 anos de < 5,2005-09-01,36,36,37,73
LA ASUNTA,nutricion y desarrollo infantil,controles repetidos en ninos de 2 anos de < 5,2005-09-01,29,29,44,73
LA GUARDIA,nutricion y desarrollo infantil,controles repetidos en ninos de 2 anos de < 5,2005-09-01,217,217,204,421
LA PAZ,nutricion y desarrollo infantil,controles repetidos en ninos de 2 anos de < 5,2005-09-01,2370,2370,2288,4658
LA RIVERA,nutricion y desarrollo infantil,controles repetidos en ninos de 2 anos de < 5,2005-09-01,1,1,1,2
LAGUNILLAS,nutricion y desarrollo infantil,controles repetidos en ninos de 2 anos de < 5,2005-09-01,152,152,172,324
LAJA,nutricion y desarrollo infantil,controles repetidos en ninos de 2 anos de < 5,2005-09-01,89,89,97,186
LAS CARRERAS,nutricion y desarrollo infantil,controles repetidos en ninos de 2 anos de < 5,2005-09-01,63,63,76,139
LICOMA PAMPA,nutricion y desarrollo infantil,controles repetidos en ninos de 2 anos de < 5,2005-09-01,20,20,10,30
LLALLAGUA,nutricion y desarrollo infantil,controles repetidos en ninos de 2 anos de < 5,2005-09-01,523,523,518,1041
LLICA,nutricion y desarrollo infantil,controles repetidos en ninos de 2 anos de < 5,2005-09-01,36,36,29,65
LORETO,nutricion y desarrollo infantil,controles repetidos en ninos de 2 anos de < 5,2005-09-01,40,40,48,88
LURIBAY,nutricion y desarrollo infantil,controles repetidos en ninos de 2 anos de < 5,2005-09-01,113,113,137,250
MACHACAMARCA,nutricion y desarrollo infantil,controles repetidos en ninos de 2 anos de < 5,2005-09-01,16,16,18,34
MACHARETI,nutricion y desarrollo infantil,controles repetidos en ninos de 2 anos de < 5,2005-09-01,187,187,199,386
MAGDALENA,nutricion y desarrollo infantil,controles repetidos en ninos de 2 anos de < 5,2005-09-01,40,40,53,93
MAIRANA,nutricion y desarrollo infantil,controles repetidos en ninos de 2 anos de < 5,2005-09-01,45,45,48,93
MALLA,nutricion y desarrollo infantil,controles repetidos en ninos de 2 anos de < 5,2005-09-01,68,68,51,119
MAPIRI,nutricion y desarrollo infantil,controles repetidos en ninos de 2 anos de < 5,2005-09-01,84,84,75,159
MECAPACA,nutricion y desarrollo infantil,controles repetidos en ninos de 2 anos de < 5,2005-09-01,53,53,63,116
MINEROS,nutricion y desarrollo infantil,controles repetidos en ninos de 2 anos de < 5,2005-09-01,119,119,128,247
MIZQUE,nutricion y desarrollo infantil,controles repetidos en ninos de 2 anos de < 5,2005-09-01,105,105,90,195
MOCOMOCO,nutricion y desarrollo infantil,controles repetidos en ninos de 2 anos de < 5,2005-09-01,165,165,175,340
MOJINETE,nutricion y desarrollo infantil,controles repetidos en ninos de 2 anos de < 5,2005-09-01,9,9,3,12
MOJOCOYA,nutricion y desarrollo infantil,controles repetidos en ninos de 2 anos de < 5,2005-09-01,172,172,147,319
MONTEAGUDO,nutricion y desarrollo infantil,controles repetidos en ninos de 2 anos de < 5,2005-09-01,399,399,388,787
MONTERO,nutricion y desarrollo infantil,controles repetidos en ninos de 2 anos de < 5,2005-09-01,659,659,710,1369
MORO MORO,nutricion y desarrollo infantil,controles repetidos en ninos de 2 anos de < 5,2005-09-01,24,24,23,47
MOROCHATA,nutricion y desarrollo infantil,controles repetidos en ninos de 2 anos de < 5,2005-09-01,81,81,81,162
NACEBE (SANTA ROSA DEL ABUNA),nutricion y desarrollo infantil,controles repetidos en ninos de 2 anos de < 5,2005-09-01,14,14,11,25
NAZACARA DE PACAJES,nutricion y desarrollo infantil,controles repetidos en ninos de 2 anos de < 5,2005-09-01,16,16,6,22
NUEVO MANOA (NUEVA ESPERANZA),nutricion y desarrollo infantil,controles repetidos en ninos de 2 anos de < 5,2005-09-01,19,19,21,40
OCURI,nutricion y desarrollo infantil,controles repetidos en ninos de 2 anos de < 5,2005-09-01,208,208,235,443
OKINAWA,nutricion y desarrollo infantil,controles repetidos en ninos de 2 anos de < 5,2005-09-01,72,72,54,126
OMEREQUE,nutricion y desarrollo infantil,controles repetidos en ninos de 2 anos de < 5,2005-09-01,98,98,94,192
ORURO,nutricion y desarrollo infantil,controles repetidos en ninos de 2 anos de < 5,2005-09-01,843,843,848,1691
PADCAYA,nutricion y desarrollo infantil,controles repetidos en ninos de 2 anos de < 5,2005-09-01,217,217,232,449
PADILLA,nutricion y desarrollo infantil,controles repetidos en ninos de 2 anos de < 5,2005-09-01,294,294,256,550
PAILON,nutricion y desarrollo infantil,controles repetidos en ninos de 2 anos de < 5,2005-09-01,93,93,90,183
PALCA,nutricion y desarrollo infantil,controles repetidos en ninos de 2 anos de < 5,2005-09-01,32,32,38,70
PALOS BLANCOS,nutricion y desarrollo infantil,controles repetidos en ninos de 2 anos de < 5,2005-09-01,197,197,230,427
PAMPA AULLAGAS,nutricion y desarrollo infantil,controles repetidos en ninos de 2 anos de < 5,2005-09-01,28,28,21,49
PAMPA GRANDE,nutricion y desarrollo infantil,controles repetidos en ninos de 2 anos de < 5,2005-09-01,64,64,67,131
PAPEL PAMPA,nutricion y desarrollo infantil,controles repetidos en ninos de 2 anos de < 5,2005-09-01,13,13,18,31
PASORAPA,nutricion y desarrollo infantil,controles repetidos en ninos de 2 anos de < 5,2005-09-01,57,57,61,118
PATACAMAYA,nutricion y desarrollo infantil,controles repetidos en ninos de 2 anos de < 5,2005-09-01,161,161,140,301
PAZÑA,nutricion y desarrollo infantil,controles repetidos en ninos de 2 anos de < 5,2005-09-01,41,41,59,100
PELECHUCO,nutricion y desarrollo infantil,controles repetidos en ninos de 2 anos de < 5,2005-09-01,27,27,22,49
POCOATA,nutricion y desarrollo infantil,controles repetidos en ninos de 2 anos de < 5,2005-09-01,208,208,242,450
POCONA,nutricion y desarrollo infantil,controles repetidos en ninos de 2 anos de < 5,2005-09-01,52,52,63,115
POJO (CBBA),nutricion y desarrollo infantil,controles repetidos en ninos de 2 anos de < 5,2005-09-01,186,186,190,376
POOPO,nutricion y desarrollo infantil,controles repetidos en ninos de 2 anos de < 5,2005-09-01,10,10,15,25
PORCO,nutricion y desarrollo infantil,controles repetidos en ninos de 2 anos de < 5,2005-09-01,18,18,18,36
POROMA,nutricion y desarrollo infantil,controles repetidos en ninos de 2 anos de < 5,2005-09-01,287,287,295,582
PORONGO,nutricion y desarrollo infantil,controles repetidos en ninos de 2 anos de < 5,2005-09-01,16,16,19,35
PORTACHUELO,nutricion y desarrollo infantil,controles repetidos en ninos de 2 anos de < 5,2005-09-01,136,136,125,261
PORVENIR,nutricion y desarrollo infantil,controles repetidos en ninos de 2 anos de < 5,2005-09-01,32,32,36,68
POSTRER VALLE,nutricion y desarrollo infantil,controles repetidos en ninos de 2 anos de < 5,2005-09-01,10,10,15,25
POTOSI,nutricion y desarrollo infantil,controles repetidos en ninos de 2 anos de < 5,2005-09-01,804,804,811,1615
PRESTO,nutricion y desarrollo infantil,controles repetidos en ninos de 2 anos de < 5,2005-09-01,200,200,199,399
PUCARA,nutricion y desarrollo infantil,controles repetidos en ninos de 2 anos de < 5,2005-09-01,16,16,9,25
PUCARANI,nutricion y desarrollo infantil,controles repetidos en ninos de 2 anos de < 5,2005-09-01,244,244,273,517
PUERTO ACOSTA,nutricion y desarrollo infantil,controles repetidos en ninos de 2 anos de < 5,2005-09-01,133,133,117,250
PUERTO CARABUCO,nutricion y desarrollo infantil,controles repetidos en ninos de 2 anos de < 5,2005-09-01,108,108,117,225
PUERTO GONZALO MORENO,nutricion y desarrollo infantil,controles repetidos en ninos de 2 anos de < 5,2005-09-01,38,38,45,83
PUERTO PEREZ,nutricion y desarrollo infantil,controles repetidos en ninos de 2 anos de < 5,2005-09-01,59,59,47,106
PUERTO QUIJARRO,nutricion y desarrollo infantil,controles repetidos en ninos de 2 anos de < 5,2005-09-01,49,49,34,83
PUERTO RICO,nutricion y desarrollo infantil,controles repetidos en ninos de 2 anos de < 5,2005-09-01,94,94,93,187
PUERTO SILES,nutricion y desarrollo infantil,controles repetidos en ninos de 2 anos de < 5,2005-09-01,5,5,4,9
PUERTO SUAREZ,nutricion y desarrollo infantil,controles repetidos en ninos de 2 anos de < 5,2005-09-01,31,31,27,58
PUERTO VILLARROEL,nutricion y desarrollo infantil,controles repetidos en ninos de 2 anos de < 5,2005-09-01,125,125,148,273
PUNA,nutricion y desarrollo infantil,controles repetidos en ninos de 2 anos de < 5,2005-09-01,330,330,374,704
PUNATA,nutricion y desarrollo infantil,controles repetidos en ninos de 2 anos de < 5,2005-09-01,88,88,69,157
QUIABAYA,nutricion y desarrollo infantil,controles repetidos en ninos de 2 anos de < 5,2005-09-01,25,25,22,47
QUILLACOLLO,nutricion y desarrollo infantil,controles repetidos en ninos de 2 anos de < 5,2005-09-01,14,14,11,25
QUIME,nutricion y desarrollo infantil,controles repetidos en ninos de 2 anos de < 5,2005-09-01,96,96,90,186
QUIRUSILLAS,nutricion y desarrollo infantil,controles repetidos en ninos de 2 anos de < 5,2005-09-01,10,10,4,14
RAVELO,nutricion y desarrollo infantil,controles repetidos en ninos de 2 anos de < 5,2005-09-01,432,432,439,871
REYES,nutricion y desarrollo infantil,controles repetidos en ninos de 2 anos de < 5,2005-09-01,123,123,136,259
RIBERALTA,nutricion y desarrollo infantil,controles repetidos en ninos de 2 anos de < 5,2005-09-01,469,469,447,916
ROBORE,nutricion y desarrollo infantil,controles repetidos en ninos de 2 anos de < 5,2005-09-01,105,105,93,198
RURRENABAQUE,nutricion y desarrollo infantil,controles repetidos en ninos de 2 anos de < 5,2005-09-01,63,63,39,102
SABAYA,nutricion y desarrollo infantil,controles repetidos en ninos de 2 anos de < 5,2005-09-01,31,31,26,57
SACABA,nutricion y desarrollo infantil,controles repetidos en ninos de 2 anos de < 5,2005-09-01,192,192,205,397
SACABAMBA,nutricion y desarrollo infantil,controles repetidos en ninos de 2 anos de < 5,2005-09-01,32,32,32,64
SACACA,nutricion y desarrollo infantil,controles repetidos en ninos de 2 anos de < 5,2005-09-01,443,443,368,811
SAIPINA,nutricion y desarrollo infantil,controles repetidos en ninos de 2 anos de < 5,2005-09-01,52,52,59,111
SALINAS DE GARCI MENDOZA,nutricion y desarrollo infantil,controles repetidos en ninos de 2 anos de < 5,2005-09-01,78,78,83,161
SAMAIPATA,nutricion y desarrollo infantil,controles repetidos en ninos de 2 anos de < 5,2005-09-01,79,79,60,139
SAN AGUSTIN,nutricion y desarrollo infantil,controles repetidos en ninos de 2 anos de < 5,2005-09-01,17,17,15,32
SAN ANDRES,nutricion y desarrollo infantil,controles repetidos en ninos de 2 anos de < 5,2005-09-01,107,107,114,221
SAN ANDRES DE MACHACA,nutricion y desarrollo infantil,controles repetidos en ninos de 2 anos de < 5,2005-09-01,25,25,35,60
SAN ANTONIO DE ESMORUCO,nutricion y desarrollo infantil,controles repetidos en ninos de 2 anos de < 5,2005-09-01,13,13,8,21
SAN ANTONIO DE LOMERIO,nutricion y desarrollo infantil,controles repetidos en ninos de 2 anos de < 5,2005-09-01,158,158,180,338
SAN BENITO,nutricion y desarrollo infantil,controles repetidos en ninos de 2 anos de < 5,2005-09-01,33,33,25,58
SAN BORJA,nutricion y desarrollo infantil,controles repetidos en ninos de 2 anos de < 5,2005-09-01,258,258,197,455
SAN BUENA VENTURA,nutricion y desarrollo infantil,controles repetidos en ninos de 2 anos de < 5,2005-09-01,49,49,58,107
SAN CARLOS,nutricion y desarrollo infantil,controles repetidos en ninos de 2 anos de < 5,2005-09-01,128,128,100,228
SAN IGNACIO,nutricion y desarrollo infantil,controles repetidos en ninos de 2 anos de < 5,2005-09-01,173,173,158,331
SAN IGNACIO DE VELASCO,nutricion y desarrollo infantil,controles repetidos en ninos de 2 anos de < 5,2005-09-01,527,527,547,1074
SAN JAVIER(BNI),nutricion y desarrollo infantil,controles repetidos en ninos de 2 anos de < 5,2005-09-01,52,52,48,100
SAN JAVIER(STC),nutricion y desarrollo infantil,controles repetidos en ninos de 2 anos de < 5,2005-09-01,18,18,12,30
SAN JOAQUIN,nutricion y desarrollo infantil,controles repetidos en ninos de 2 anos de < 5,2005-09-01,46,46,37,83
SAN JOSE DE CHIQUITOS,nutricion y desarrollo infantil,controles repetidos en ninos de 2 anos de < 5,2005-09-01,103,103,109,212
SAN JUAN DE YAPACANI,nutricion y desarrollo infantil,controles repetidos en ninos de 2 anos de < 5,2005-09-01,102,102,84,186
SAN JULIAN,nutricion y desarrollo infantil,controles repetidos en ninos de 2 anos de < 5,2005-09-01,297,297,336,633
SAN LORENZO(PND),nutricion y desarrollo infantil,controles repetidos en ninos de 2 anos de < 5,2005-09-01,38,38,38,76
SAN LORENZO(TJA),nutricion y desarrollo infantil,controles repetidos en ninos de 2 anos de < 5,2005-09-01,229,229,213,442
SAN LUCAS,nutricion y desarrollo infantil,controles repetidos en ninos de 2 anos de < 5,2005-09-01,632,632,732,1364
SAN MATIAS,nutricion y desarrollo infantil,controles repetidos en ninos de 2 anos de < 5,2005-09-01,98,98,101,199
SAN MIGUEL DE VELASCO,nutricion y desarrollo infantil,controles repetidos en ninos de 2 anos de < 5,2005-09-01,62,62,75,137
SAN PABLO DE LIPEZ,nutricion y desarrollo infantil,controles repetidos en ninos de 2 anos de < 5,2005-09-01,23,23,19,42
SAN PEDRO,nutricion y desarrollo infantil,controles repetidos en ninos de 2 anos de < 5,2005-09-01,81,81,60,141
SAN PEDRO DE BUENA VISTA,nutricion y desarrollo infantil,controles repetidos en ninos de 2 anos de < 5,2005-09-01,326,326,333,659
SAN PEDRO DE CURAHUARA,nutricion y desarrollo infantil,controles repetidos en ninos de 2 anos de < 5,2005-09-01,20,20,26,46
SAN PEDRO DE QUEMES,nutricion y desarrollo infantil,controles repetidos en ninos de 2 anos de < 5,2005-09-01,6,6,10,16
SAN PEDRO DE TIQUINA,nutricion y desarrollo infantil,controles repetidos en ninos de 2 anos de < 5,2005-09-01,29,29,29,58
SAN PEDRO(PND),nutricion y desarrollo infantil,controles repetidos en ninos de 2 anos de < 5,2005-09-01,4,4,3,7
SAN RAFAEL,nutricion y desarrollo infantil,controles repetidos en ninos de 2 anos de < 5,2005-09-01,137,137,139,276
SAN RAMON,nutricion y desarrollo infantil,controles repetidos en ninos de 2 anos de < 5,2005-09-01,35,35,26,61
SAN RAMON,nutricion y desarrollo infantil,controles repetidos en ninos de 2 anos de < 5,2005-09-01,54,54,48,102
SANTA ANA,nutricion y desarrollo infantil,controles repetidos en ninos de 2 anos de < 5,2005-09-01,71,71,60,131
SANTA CRUZ DE LA SIERRA,nutricion y desarrollo infantil,controles repetidos en ninos de 2 anos de < 5,2005-09-01,2453,2453,2416,4869
SANTA ROSA,nutricion y desarrollo infantil,controles repetidos en ninos de 2 anos de < 5,2005-09-01,17,17,18,35
SANTA ROSA DEL SARA,nutricion y desarrollo infantil,controles repetidos en ninos de 2 anos de < 5,2005-09-01,94,94,88,182
SANTIAGO DE CALLAPA,nutricion y desarrollo infantil,controles repetidos en ninos de 2 anos de < 5,2005-09-01,50,50,63,113
SANTIAGO DE HUARI,nutricion y desarrollo infantil,controles repetidos en ninos de 2 anos de < 5,2005-09-01,63,63,58,121
SANTIAGO DE MACHACA,nutricion y desarrollo infantil,controles repetidos en ninos de 2 anos de < 5,2005-09-01,59,59,55,114
SANTIVAÑES,nutricion y desarrollo infantil,controles repetidos en ninos de 2 anos de < 5,2005-09-01,67,67,45,112
SANTUARIO DE QUILLACAS,nutricion y desarrollo infantil,controles repetidos en ninos de 2 anos de < 5,2005-09-01,47,47,35,82
SAPAHAQUI,nutricion y desarrollo infantil,controles repetidos en ninos de 2 anos de < 5,2005-09-01,45,45,66,111
SENA,nutricion y desarrollo infantil,controles repetidos en ninos de 2 anos de < 5,2005-09-01,71,71,69,140
SICA SICA (VILLA AROMA),nutricion y desarrollo infantil,controles repetidos en ninos de 2 anos de < 5,2005-09-01,189,189,199,388
SICAYA,nutricion y desarrollo infantil,controles repetidos en ninos de 2 anos de < 5,2005-09-01,30,30,41,71
SIPE SIPE,nutricion y desarrollo infantil,controles repetidos en ninos de 2 anos de < 5,2005-09-01,245,245,237,482
SOPACHUY,nutricion y desarrollo infantil,controles repetidos en ninos de 2 anos de < 5,2005-09-01,188,188,185,373
SORACACHI,nutricion y desarrollo infantil,controles repetidos en ninos de 2 anos de < 5,2005-09-01,122,122,113,235
SORATA,nutricion y desarrollo infantil,controles repetidos en ninos de 2 anos de < 5,2005-09-01,147,147,163,310
SUCRE,nutricion y desarrollo infantil,controles repetidos en ninos de 2 anos de < 5,2005-09-01,1411,1411,1417,2828
TACACHI,nutricion y desarrollo infantil,controles repetidos en ninos de 2 anos de < 5,2005-09-01,1,1,4,5
TACACOMA,nutricion y desarrollo infantil,controles repetidos en ninos de 2 anos de < 5,2005-09-01,50,50,31,81
TACOBAMBA,nutricion y desarrollo infantil,controles repetidos en ninos de 2 anos de < 5,2005-09-01,101,101,91,192
TACOPAYA,nutricion y desarrollo infantil,controles repetidos en ninos de 2 anos de < 5,2005-09-01,140,140,120,260
TAHUA,nutricion y desarrollo infantil,controles repetidos en ninos de 2 anos de < 5,2005-09-01,6,6,14,20
TAPACARI,nutricion y desarrollo infantil,controles repetidos en ninos de 2 anos de < 5,2005-09-01,258,258,240,498
TARABUCO,nutricion y desarrollo infantil,controles repetidos en ninos de 2 anos de < 5,2005-09-01,586,586,577,1163
TARACO,nutricion y desarrollo infantil,controles repetidos en ninos de 2 anos de < 5,2005-09-01,41,41,53,94
TARATA,nutricion y desarrollo infantil,controles repetidos en ninos de 2 anos de < 5,2005-09-01,38,38,39,77
TARIJA,nutricion y desarrollo infantil,controles repetidos en ninos de 2 anos de < 5,2005-09-01,613,613,616,1229
TARVITA,nutricion y desarrollo infantil,controles repetidos en ninos de 2 anos de < 5,2005-09-01,462,462,453,915
TEOPONTE,nutricion y desarrollo infantil,controles repetidos en ninos de 2 anos de < 5,2005-09-01,114,114,109,223
TIAWANACU,nutricion y desarrollo infantil,controles repetidos en ninos de 2 anos de < 5,2005-09-01,79,79,66,145
TINGUIPAYA,nutricion y desarrollo infantil,controles repetidos en ninos de 2 anos de < 5,2005-09-01,349,349,313,662
TIPUANI,nutricion y desarrollo infantil,controles repetidos en ninos de 2 anos de < 5,2005-09-01,44,44,29,73
TIQUIPAYA,nutricion y desarrollo infantil,controles repetidos en ninos de 2 anos de < 5,2005-09-01,34,34,43,77
TIRAQUE (CBBA),nutricion y desarrollo infantil,controles repetidos en ninos de 2 anos de < 5,2005-09-01,129,129,121,250
TITO YUPANQUI (PARQUIPUJIO),nutricion y desarrollo infantil,controles repetidos en ninos de 2 anos de < 5,2005-09-01,18,18,16,34
TOCO,nutricion y desarrollo infantil,controles repetidos en ninos de 2 anos de < 5,2005-09-01,22,22,16,38
TODOS SANTOS,nutricion y desarrollo infantil,controles repetidos en ninos de 2 anos de < 5,2005-09-01,2,2,4,6
TOLATA,nutricion y desarrollo infantil,controles repetidos en ninos de 2 anos de < 5,2005-09-01,14,14,14,28
TOLEDO,nutricion y desarrollo infantil,controles repetidos en ninos de 2 anos de < 5,2005-09-01,23,23,15,38
TOMAVE,nutricion y desarrollo infantil,controles repetidos en ninos de 2 anos de < 5,2005-09-01,153,153,156,309
TOMINA,nutricion y desarrollo infantil,controles repetidos en ninos de 2 anos de < 5,2005-09-01,239,239,252,491
TORO TORO,nutricion y desarrollo infantil,controles repetidos en ninos de 2 anos de < 5,2005-09-01,194,194,193,387
TOTORA(CBBA),nutricion y desarrollo infantil,controles repetidos en ninos de 2 anos de < 5,2005-09-01,46,46,42,88
TOTORA(ORR),nutricion y desarrollo infantil,controles repetidos en ninos de 2 anos de < 5,2005-09-01,29,29,26,55
TRIGAL,nutricion y desarrollo infantil,controles repetidos en ninos de 2 anos de < 5,2005-09-01,14,14,11,25
TRINIDAD,nutricion y desarrollo infantil,controles repetidos en ninos de 2 anos de < 5,2005-09-01,277,277,265,542
TUPIZA,nutricion y desarrollo infantil,controles repetidos en ninos de 2 anos de < 5,2005-09-01,400,400,441,841
TURCO,nutricion y desarrollo infantil,controles repetidos en ninos de 2 anos de < 5,2005-09-01,23,23,28,51
UMALA,nutricion y desarrollo infantil,controles repetidos en ninos de 2 anos de < 5,2005-09-01,16,16,18,34
UNCIA,nutricion y desarrollo infantil,controles repetidos en ninos de 2 anos de < 5,2005-09-01,102,102,80,182
URIONDO (A. CONCEPCION),nutricion y desarrollo infantil,controles repetidos en ninos de 2 anos de < 5,2005-09-01,174,174,176,350
UYUNI,nutricion y desarrollo infantil,controles repetidos en ninos de 2 anos de < 5,2005-09-01,231,231,215,446
VACAS,nutricion y desarrollo infantil,controles repetidos en ninos de 2 anos de < 5,2005-09-01,32,32,32,64
VALLEGRANDE,nutricion y desarrollo infantil,controles repetidos en ninos de 2 anos de < 5,2005-09-01,99,99,112,211
VIACHA,nutricion y desarrollo infantil,controles repetidos en ninos de 2 anos de < 5,2005-09-01,154,154,145,299
VILA VILA,nutricion y desarrollo infantil,controles repetidos en ninos de 2 anos de < 5,2005-09-01,11,11,8,19
VILLA MONTES,nutricion y desarrollo infantil,controles repetidos en ninos de 2 anos de < 5,2005-09-01,145,145,171,316
VILLA NUEVA (LOMA ALTA),nutricion y desarrollo infantil,controles repetidos en ninos de 2 anos de < 5,2005-09-01,29,29,27,56
VILLA RIVERO,nutricion y desarrollo infantil,controles repetidos en ninos de 2 anos de < 5,2005-09-01,67,67,48,115
VILLA SERRANO,nutricion y desarrollo infantil,controles repetidos en ninos de 2 anos de < 5,2005-09-01,277,277,289,566
VILLA TUNARI,nutricion y desarrollo infantil,controles repetidos en ninos de 2 anos de < 5,2005-09-01,260,260,227,487
VILLA VACA GUZMAN (MUYUPAMPA),nutricion y desarrollo infantil,controles repetidos en ninos de 2 anos de < 5,2005-09-01,232,232,257,489
VILLAZON,nutricion y desarrollo infantil,controles repetidos en ninos de 2 anos de < 5,2005-09-01,280,280,329,609
VINTO,nutricion y desarrollo infantil,controles repetidos en ninos de 2 anos de < 5,2005-09-01,15,15,17,32
VITICHI,nutricion y desarrollo infantil,controles repetidos en ninos de 2 anos de < 5,2005-09-01,201,201,217,418
WALDO BALLIVIAN,nutricion y desarrollo infantil,controles repetidos en ninos de 2 anos de < 5,2005-09-01,2,2,6,8
WARNES,nutricion y desarrollo infantil,controles repetidos en ninos de 2 anos de < 5,2005-09-01,363,363,382,745
YACO,nutricion y desarrollo infantil,controles repetidos en ninos de 2 anos de < 5,2005-09-01,29,29,25,54
YACUIBA,nutricion y desarrollo infantil,controles repetidos en ninos de 2 anos de < 5,2005-09-01,323,323,311,634
YAMPARAEZ,nutricion y desarrollo infantil,controles repetidos en ninos de 2 anos de < 5,2005-09-01,297,297,279,576
YANACACHI,nutricion y desarrollo infantil,controles repetidos en ninos de 2 anos de < 5,2005-09-01,28,28,21,49
YAPACANI,nutricion y desarrollo infantil,controles repetidos en ninos de 2 anos de < 5,2005-09-01,254,254,284,538
YOCALLA,nutricion y desarrollo infantil,controles repetidos en ninos de 2 anos de < 5,2005-09-01,65,65,68,133
YOTALA,nutricion y desarrollo infantil,controles repetidos en ninos de 2 anos de < 5,2005-09-01,160,160,165,325
YUNCHARA,nutricion y desarrollo infantil,controles repetidos en ninos de 2 anos de < 5,2005-09-01,114,114,127,241
ZUDAÑEZ,nutricion y desarrollo infantil,controles repetidos en ninos de 2 anos de < 5,2005-09-01,146,146,182,328
ACACIO,nutricion y desarrollo infantil,controles repetidos en ninos de 2 anos de < 5,2005-10-01,132,132,125,257
ACHACACHI,nutricion y desarrollo infantil,controles repetidos en ninos de 2 anos de < 5,2005-10-01,311,311,338,649
ACHOCALLA,nutricion y desarrollo infantil,controles repetidos en ninos de 2 anos de < 5,2005-10-01,38,38,26,64
AIQUILE,nutricion y desarrollo infantil,controles repetidos en ninos de 2 anos de < 5,2005-10-01,69,69,71,140
ALALAY,nutricion y desarrollo infantil,controles repetidos en ninos de 2 anos de < 5,2005-10-01,18,18,24,42
ALCALA,nutricion y desarrollo infantil,controles repetidos en ninos de 2 anos de < 5,2005-10-01,98,98,93,191
ANCORAIMES,nutricion y desarrollo infantil,controles repetidos en ninos de 2 anos de < 5,2005-10-01,99,99,138,237
ANDAMARCA,nutricion y desarrollo infantil,controles repetidos en ninos de 2 anos de < 5,2005-10-01,65,65,62,127
ANTEQUERA,nutricion y desarrollo infantil,controles repetidos en ninos de 2 anos de < 5,2005-10-01,24,24,26,50
ANZALDO,nutricion y desarrollo infantil,controles repetidos en ninos de 2 anos de < 5,2005-10-01,22,22,24,46
APOLO,nutricion y desarrollo infantil,controles repetidos en ninos de 2 anos de < 5,2005-10-01,120,120,128,248
ARAMPAMPA,nutricion y desarrollo infantil,controles repetidos en ninos de 2 anos de < 5,2005-10-01,67,67,71,138
ARANI,nutricion y desarrollo infantil,controles repetidos en ninos de 2 anos de < 5,2005-10-01,28,28,31,59
ARBIETO,nutricion y desarrollo infantil,controles repetidos en ninos de 2 anos de < 5,2005-10-01,21,21,21,42
ARQUE,nutricion y desarrollo infantil,controles repetidos en ninos de 2 anos de < 5,2005-10-01,107,107,105,212
ASCENCION DE GUARAYOS,nutricion y desarrollo infantil,controles repetidos en ninos de 2 anos de < 5,2005-10-01,109,109,104,213
ATOCHA,nutricion y desarrollo infantil,controles repetidos en ninos de 2 anos de < 5,2005-10-01,153,153,155,308
AUCAPATA,nutricion y desarrollo infantil,controles repetidos en ninos de 2 anos de < 5,2005-10-01,27,27,29,56
AYATA,nutricion y desarrollo infantil,controles repetidos en ninos de 2 anos de < 5,2005-10-01,65,65,49,114
AYO AYO,nutricion y desarrollo infantil,controles repetidos en ninos de 2 anos de < 5,2005-10-01,49,49,37,86
AYOPAYA (V. DE INDEPENDENCIA),nutricion y desarrollo infantil,controles repetidos en ninos de 2 anos de < 5,2005-10-01,150,150,156,306
AZURDUY,nutricion y desarrollo infantil,controles repetidos en ninos de 2 anos de < 5,2005-10-01,184,184,164,348
BATALLAS,nutricion y desarrollo infantil,controles repetidos en ninos de 2 anos de < 5,2005-10-01,63,63,42,105
BAURES,nutricion y desarrollo infantil,controles repetidos en ninos de 2 anos de < 5,2005-10-01,33,33,44,77
BELEN DE ANDAMARCA,nutricion y desarrollo infantil,controles repetidos en ninos de 2 anos de < 5,2005-10-01,8,8,18,26
BELEN DE URMIRI,nutricion y desarrollo infantil,controles repetidos en ninos de 2 anos de < 5,2005-10-01,17,17,10,27
BELLA FLOR,nutricion y desarrollo infantil,controles repetidos en ninos de 2 anos de < 5,2005-10-01,20,20,38,58
BERMEJO,nutricion y desarrollo infantil,controles repetidos en ninos de 2 anos de < 5,2005-10-01,91,91,100,191
BETANZOS,nutricion y desarrollo infantil,controles repetidos en ninos de 2 anos de < 5,2005-10-01,324,324,351,675
BOLIVAR,nutricion y desarrollo infantil,controles repetidos en ninos de 2 anos de < 5,2005-10-01,52,52,62,114
BOLPEBRA,nutricion y desarrollo infantil,controles repetidos en ninos de 2 anos de < 5,2005-10-01,22,22,28,50
BOYUIBE,nutricion y desarrollo infantil,controles repetidos en ninos de 2 anos de < 5,2005-10-01,16,16,22,38
BUENA VISTA,nutricion y desarrollo infantil,controles repetidos en ninos de 2 anos de < 5,2005-10-01,197,197,190,387
CABEZAS,nutricion y desarrollo infantil,controles repetidos en ninos de 2 anos de < 5,2005-10-01,171,171,174,345
CAIROMA,nutricion y desarrollo infantil,controles repetidos en ninos de 2 anos de < 5,2005-10-01,142,142,171,313
"CAIZA ""D""",nutricion y desarrollo infantil,controles repetidos en ninos de 2 anos de < 5,2005-10-01,108,108,109,217
CAJUATA,nutricion y desarrollo infantil,controles repetidos en ninos de 2 anos de < 5,2005-10-01,58,58,67,125
CALACOTO,nutricion y desarrollo infantil,controles repetidos en ninos de 2 anos de < 5,2005-10-01,19,19,23,42
CALAMARCA,nutricion y desarrollo infantil,controles repetidos en ninos de 2 anos de < 5,2005-10-01,149,149,163,312
CAMARGO,nutricion y desarrollo infantil,controles repetidos en ninos de 2 anos de < 5,2005-10-01,146,146,188,334
CAMATAQUI (C. VILLA ABECIA),nutricion y desarrollo infantil,controles repetidos en ninos de 2 anos de < 5,2005-10-01,61,61,70,131
CAMIRI,nutricion y desarrollo infantil,controles repetidos en ninos de 2 anos de < 5,2005-10-01,292,292,265,557
CAPINOTA,nutricion y desarrollo infantil,controles repetidos en ninos de 2 anos de < 5,2005-10-01,86,86,98,184
CAQUIAVIRI,nutricion y desarrollo infantil,controles repetidos en ninos de 2 anos de < 5,2005-10-01,42,42,44,86
CARACOLLO,nutricion y desarrollo infantil,controles repetidos en ninos de 2 anos de < 5,2005-10-01,158,158,129,287
CARANAVI,nutricion y desarrollo infantil,controles repetidos en ninos de 2 anos de < 5,2005-10-01,305,305,320,625
CARAPARI,nutricion y desarrollo infantil,controles repetidos en ninos de 2 anos de < 5,2005-10-01,133,133,113,246
CARIPUYO,nutricion y desarrollo infantil,controles repetidos en ninos de 2 anos de < 5,2005-10-01,199,199,176,375
CARMEN RIVERO TORREZ,nutricion y desarrollo infantil,controles repetidos en ninos de 2 anos de < 5,2005-10-01,20,20,18,38
CATACORA,nutricion y desarrollo infantil,controles repetidos en ninos de 2 anos de < 5,2005-10-01,3,3,1,4
CHACARILLA,nutricion y desarrollo infantil,controles repetidos en ninos de 2 anos de < 5,2005-10-01,13,13,11,24
CHALLAPATA,nutricion y desarrollo infantil,controles repetidos en ninos de 2 anos de < 5,2005-10-01,165,165,164,329
CHAQUI,nutricion y desarrollo infantil,controles repetidos en ninos de 2 anos de < 5,2005-10-01,79,79,74,153
CHARAGUA,nutricion y desarrollo infantil,controles repetidos en ninos de 2 anos de < 5,2005-10-01,187,187,214,401
CHARAÑA,nutricion y desarrollo infantil,controles repetidos en ninos de 2 anos de < 5,2005-10-01,2,2,10,12
CHAYANTA,nutricion y desarrollo infantil,controles repetidos en ninos de 2 anos de < 5,2005-10-01,181,181,188,369
CHIMORE,nutricion y desarrollo infantil,controles repetidos en ninos de 2 anos de < 5,2005-10-01,33,33,39,72
CHIPAYA,nutricion y desarrollo infantil,controles repetidos en ninos de 2 anos de < 5,2005-10-01,15,15,22,37
CHOQUE COTA,nutricion y desarrollo infantil,controles repetidos en ninos de 2 anos de < 5,2005-10-01,8,8,5,13
CHULUMANI (V. DE LA LIBERTAD),nutricion y desarrollo infantil,controles repetidos en ninos de 2 anos de < 5,2005-10-01,34,34,37,71
CHUMA,nutricion y desarrollo infantil,controles repetidos en ninos de 2 anos de < 5,2005-10-01,34,34,47,81
CLIZA,nutricion y desarrollo infantil,controles repetidos en ninos de 2 anos de < 5,2005-10-01,21,21,29,50
COBIJA,nutricion y desarrollo infantil,controles repetidos en ninos de 2 anos de < 5,2005-10-01,95,95,160,255
COCHABAMBA,nutricion y desarrollo infantil,controles repetidos en ninos de 2 anos de < 5,2005-10-01,1268,1268,1132,2400
COIPASA,nutricion y desarrollo infantil,controles repetidos en ninos de 2 anos de < 5,2005-10-01,9,9,3,12
COLCAPIRHUA,nutricion y desarrollo infantil,controles repetidos en ninos de 2 anos de < 5,2005-10-01,76,76,64,140
"COLCHA ""K""",nutricion y desarrollo infantil,controles repetidos en ninos de 2 anos de < 5,2005-10-01,81,81,109,190
COLLANA,nutricion y desarrollo infantil,controles repetidos en ninos de 2 anos de < 5,2005-10-01,14,14,11,25
COLOMI,nutricion y desarrollo infantil,controles repetidos en ninos de 2 anos de < 5,2005-10-01,57,57,45,102
COLPA BELGICA,nutricion y desarrollo infantil,controles repetidos en ninos de 2 anos de < 5,2005-10-01,38,38,42,80
COLQUECHACA,nutricion y desarrollo infantil,controles repetidos en ninos de 2 anos de < 5,2005-10-01,350,350,280,630
COLQUENCHA,nutricion y desarrollo infantil,controles repetidos en ninos de 2 anos de < 5,2005-10-01,28,28,19,47
COLQUIRI,nutricion y desarrollo infantil,controles repetidos en ninos de 2 anos de < 5,2005-10-01,102,102,120,222
COMANCHE,nutricion y desarrollo infantil,controles repetidos en ninos de 2 anos de < 5,2005-10-01,14,14,21,35
COMARAPA,nutricion y desarrollo infantil,controles repetidos en ninos de 2 anos de < 5,2005-10-01,147,147,145,292
COMBAYA,nutricion y desarrollo infantil,controles repetidos en ninos de 2 anos de < 5,2005-10-01,28,28,31,59
CONCEPCION,nutricion y desarrollo infantil,controles repetidos en ninos de 2 anos de < 5,2005-10-01,79,79,42,121
COPACABANA,nutricion y desarrollo infantil,controles repetidos en ninos de 2 anos de < 5,2005-10-01,61,61,49,110
CORIPATA,nutricion y desarrollo infantil,controles repetidos en ninos de 2 anos de < 5,2005-10-01,77,77,66,143
CORO CORO,nutricion y desarrollo infantil,controles repetidos en ninos de 2 anos de < 5,2005-10-01,74,74,83,157
COROICO,nutricion y desarrollo infantil,controles repetidos en ninos de 2 anos de < 5,2005-10-01,27,27,33,60
CORQUE,nutricion y desarrollo infantil,controles repetidos en ninos de 2 anos de < 5,2005-10-01,49,49,47,96
COTAGAITA,nutricion y desarrollo infantil,controles repetidos en ninos de 2 anos de < 5,2005-10-01,289,289,279,568
COTOCA,nutricion y desarrollo infantil,controles repetidos en ninos de 2 anos de < 5,2005-10-01,122,122,111,233
CUATRO CAÑADAS,nutricion y desarrollo infantil,controles repetidos en ninos de 2 anos de < 5,2005-10-01,49,49,85,134
CUCHUMUELA (V. G. VILLARROEL),nutricion y desarrollo infantil,controles repetidos en ninos de 2 anos de < 5,2005-10-01,12,12,7,19
CUEVO,nutricion y desarrollo infantil,controles repetidos en ninos de 2 anos de < 5,2005-10-01,38,38,44,82
CULPINA,nutricion y desarrollo infantil,controles repetidos en ninos de 2 anos de < 5,2005-10-01,301,301,325,626
CURAHUARA DE CARANGAS,nutricion y desarrollo infantil,controles repetidos en ninos de 2 anos de < 5,2005-10-01,43,43,38,81
CURVA,nutricion y desarrollo infantil,controles repetidos en ninos de 2 anos de < 5,2005-10-01,31,31,22,53
DESAGUADERO,nutricion y desarrollo infantil,controles repetidos en ninos de 2 anos de < 5,2005-10-01,33,33,27,60
EL ALTO,nutricion y desarrollo infantil,controles repetidos en ninos de 2 anos de < 5,2005-10-01,2252,2252,2247,4499
EL CHORO,nutricion y desarrollo infantil,controles repetidos en ninos de 2 anos de < 5,2005-10-01,15,15,15,30
EL PUENTE(STC),nutricion y desarrollo infantil,controles repetidos en ninos de 2 anos de < 5,2005-10-01,139,139,122,261
EL PUENTE(TJA),nutricion y desarrollo infantil,controles repetidos en ninos de 2 anos de < 5,2005-10-01,161,161,152,313
EL TORNO,nutricion y desarrollo infantil,controles repetidos en ninos de 2 anos de < 5,2005-10-01,103,103,114,217
EL VILLAR,nutricion y desarrollo infantil,controles repetidos en ninos de 2 anos de < 5,2005-10-01,118,118,111,229
ENTRE RIOS,nutricion y desarrollo infantil,controles repetidos en ninos de 2 anos de < 5,2005-10-01,222,222,205,427
ENTRE RIOS,nutricion y desarrollo infantil,controles repetidos en ninos de 2 anos de < 5,2005-10-01,124,124,102,226
ESCARA,nutricion y desarrollo infantil,controles repetidos en ninos de 2 anos de < 5,2005-10-01,1,1,2,3
EUCALIPTUS,nutricion y desarrollo infantil,controles repetidos en ninos de 2 anos de < 5,2005-10-01,71,71,66,137
EUREKA (SANTOS MERCADO),nutricion y desarrollo infantil,controles repetidos en ninos de 2 anos de < 5,2005-10-01,7,7,11,18
EXALTACION,nutricion y desarrollo infantil,controles repetidos en ninos de 2 anos de < 5,2005-10-01,26,26,42,68
FERNANDEZ ALONSO,nutricion y desarrollo infantil,controles repetidos en ninos de 2 anos de < 5,2005-10-01,186,186,207,393
FILADELFIA,nutricion y desarrollo infantil,controles repetidos en ninos de 2 anos de < 5,2005-10-01,13,13,24,37
GENERAL SAAVEDRA,nutricion y desarrollo infantil,controles repetidos en ninos de 2 anos de < 5,2005-10-01,211,211,183,394
GRAL. J.J. PEREZ (CHARAZANI),nutricion y desarrollo infantil,controles repetidos en ninos de 2 anos de < 5,2005-10-01,68,68,52,120
GUANAY,nutricion y desarrollo infantil,controles repetidos en ninos de 2 anos de < 5,2005-10-01,102,102,95,197
GUAQUI,nutricion y desarrollo infantil,controles repetidos en ninos de 2 anos de < 5,2005-10-01,37,37,30,67
GUAYARAMERIN,nutricion y desarrollo infantil,controles repetidos en ninos de 2 anos de < 5,2005-10-01,290,290,282,572
GUTIERREZ,nutricion y desarrollo infantil,controles repetidos en ninos de 2 anos de < 5,2005-10-01,261,261,274,535
HUACARETA,nutricion y desarrollo infantil,controles repetidos en ninos de 2 anos de < 5,2005-10-01,223,223,193,416
HUACAYA (VILLA DE HUACAYA),nutricion y desarrollo infantil,controles repetidos en ninos de 2 anos de < 5,2005-10-01,68,68,69,137
HUACHACALLA,nutricion y desarrollo infantil,controles repetidos en ninos de 2 anos de < 5,2005-10-01,13,13,8,21
HUANUNI,nutricion y desarrollo infantil,controles repetidos en ninos de 2 anos de < 5,2005-10-01,86,86,66,152
HUARACAJE,nutricion y desarrollo infantil,controles repetidos en ninos de 2 anos de < 5,2005-10-01,35,35,33,68
HUAYLLAMARCA,nutricion y desarrollo infantil,controles repetidos en ninos de 2 anos de < 5,2005-10-01,22,22,27,49
ICHOCA,nutricion y desarrollo infantil,controles repetidos en ninos de 2 anos de < 5,2005-10-01,36,36,40,76
ICLA,nutricion y desarrollo infantil,controles repetidos en ninos de 2 anos de < 5,2005-10-01,282,282,242,524
INCAHUASI,nutricion y desarrollo infantil,controles repetidos en ninos de 2 anos de < 5,2005-10-01,229,229,293,522
INGAVI (HUMAITA),nutricion y desarrollo infantil,controles repetidos en ninos de 2 anos de < 5,2005-10-01,31,31,10,41
INQUISIVI,nutricion y desarrollo infantil,controles repetidos en ninos de 2 anos de < 5,2005-10-01,86,86,83,169
IRUPANA (VILLA DE LANZA),nutricion y desarrollo infantil,controles repetidos en ninos de 2 anos de < 5,2005-10-01,156,156,138,294
IXIAMAS,nutricion y desarrollo infantil,controles repetidos en ninos de 2 anos de < 5,2005-10-01,100,100,78,178
JESUS DE MACHACA,nutricion y desarrollo infantil,controles repetidos en ninos de 2 anos de < 5,2005-10-01,70,70,78,148
LA ASUNTA,nutricion y desarrollo infantil,controles repetidos en ninos de 2 anos de < 5,2005-10-01,25,25,35,60
LA GUARDIA,nutricion y desarrollo infantil,controles repetidos en ninos de 2 anos de < 5,2005-10-01,223,223,206,429
LA PAZ,nutricion y desarrollo infantil,controles repetidos en ninos de 2 anos de < 5,2005-10-01,2031,2031,1995,4026
LA RIVERA,nutricion y desarrollo infantil,controles repetidos en ninos de 2 anos de < 5,2005-10-01,5,5,2,7
LAGUNILLAS,nutricion y desarrollo infantil,controles repetidos en ninos de 2 anos de < 5,2005-10-01,134,134,158,292
LAJA,nutricion y desarrollo infantil,controles repetidos en ninos de 2 anos de < 5,2005-10-01,98,98,92,190
LAS CARRERAS,nutricion y desarrollo infantil,controles repetidos en ninos de 2 anos de < 5,2005-10-01,63,63,60,123
LICOMA PAMPA,nutricion y desarrollo infantil,controles repetidos en ninos de 2 anos de < 5,2005-10-01,7,7,15,22
LLALLAGUA,nutricion y desarrollo infantil,controles repetidos en ninos de 2 anos de < 5,2005-10-01,452,452,461,913
LLICA,nutricion y desarrollo infantil,controles repetidos en ninos de 2 anos de < 5,2005-10-01,59,59,50,109
LORETO,nutricion y desarrollo infantil,controles repetidos en ninos de 2 anos de < 5,2005-10-01,42,42,49,91
LURIBAY,nutricion y desarrollo infantil,controles repetidos en ninos de 2 anos de < 5,2005-10-01,95,95,122,217
MACHACAMARCA,nutricion y desarrollo infantil,controles repetidos en ninos de 2 anos de < 5,2005-10-01,24,24,19,43
MACHARETI,nutricion y desarrollo infantil,controles repetidos en ninos de 2 anos de < 5,2005-10-01,219,219,261,480
MAGDALENA,nutricion y desarrollo infantil,controles repetidos en ninos de 2 anos de < 5,2005-10-01,57,57,56,113
MAIRANA,nutricion y desarrollo infantil,controles repetidos en ninos de 2 anos de < 5,2005-10-01,72,72,74,146
MALLA,nutricion y desarrollo infantil,controles repetidos en ninos de 2 anos de < 5,2005-10-01,55,55,47,102
MAPIRI,nutricion y desarrollo infantil,controles repetidos en ninos de 2 anos de < 5,2005-10-01,91,91,87,178
MECAPACA,nutricion y desarrollo infantil,controles repetidos en ninos de 2 anos de < 5,2005-10-01,50,50,56,106
MINEROS,nutricion y desarrollo infantil,controles repetidos en ninos de 2 anos de < 5,2005-10-01,113,113,100,213
MIZQUE,nutricion y desarrollo infantil,controles repetidos en ninos de 2 anos de < 5,2005-10-01,260,260,242,502
MOCOMOCO,nutricion y desarrollo infantil,controles repetidos en ninos de 2 anos de < 5,2005-10-01,99,99,105,204
MOJINETE,nutricion y desarrollo infantil,controles repetidos en ninos de 2 anos de < 5,2005-10-01,12,12,12,24
MOJOCOYA,nutricion y desarrollo infantil,controles repetidos en ninos de 2 anos de < 5,2005-10-01,161,161,127,288
MONTEAGUDO,nutricion y desarrollo infantil,controles repetidos en ninos de 2 anos de < 5,2005-10-01,411,411,372,783
MONTERO,nutricion y desarrollo infantil,controles repetidos en ninos de 2 anos de < 5,2005-10-01,694,694,692,1386
MORO MORO,nutricion y desarrollo infantil,controles repetidos en ninos de 2 anos de < 5,2005-10-01,55,55,56,111
MOROCHATA,nutricion y desarrollo infantil,controles repetidos en ninos de 2 anos de < 5,2005-10-01,137,137,138,275
NACEBE (SANTA ROSA DEL ABUNA),nutricion y desarrollo infantil,controles repetidos en ninos de 2 anos de < 5,2005-10-01,45,45,22,67
NAZACARA DE PACAJES,nutricion y desarrollo infantil,controles repetidos en ninos de 2 anos de < 5,2005-10-01,6,6,0,6
NUEVO MANOA (NUEVA ESPERANZA),nutricion y desarrollo infantil,controles repetidos en ninos de 2 anos de < 5,2005-10-01,5,5,1,6
OCURI,nutricion y desarrollo infantil,controles repetidos en ninos de 2 anos de < 5,2005-10-01,201,201,165,366
OKINAWA,nutricion y desarrollo infantil,controles repetidos en ninos de 2 anos de < 5,2005-10-01,67,67,77,144
OMEREQUE,nutricion y desarrollo infantil,controles repetidos en ninos de 2 anos de < 5,2005-10-01,91,91,110,201
ORURO,nutricion y desarrollo infantil,controles repetidos en ninos de 2 anos de < 5,2005-10-01,919,919,897,1816
PADCAYA,nutricion y desarrollo infantil,controles repetidos en ninos de 2 anos de < 5,2005-10-01,249,249,290,539
PADILLA,nutricion y desarrollo infantil,controles repetidos en ninos de 2 anos de < 5,2005-10-01,312,312,303,615
PAILON,nutricion y desarrollo infantil,controles repetidos en ninos de 2 anos de < 5,2005-10-01,93,93,83,176
PALCA,nutricion y desarrollo infantil,controles repetidos en ninos de 2 anos de < 5,2005-10-01,30,30,27,57
PALOS BLANCOS,nutricion y desarrollo infantil,controles repetidos en ninos de 2 anos de < 5,2005-10-01,221,221,220,441
PAMPA AULLAGAS,nutricion y desarrollo infantil,controles repetidos en ninos de 2 anos de < 5,2005-10-01,19,19,41,60
PAMPA GRANDE,nutricion y desarrollo infantil,controles repetidos en ninos de 2 anos de < 5,2005-10-01,60,60,57,117
PAPEL PAMPA,nutricion y desarrollo infantil,controles repetidos en ninos de 2 anos de < 5,2005-10-01,52,52,64,116
PASORAPA,nutricion y desarrollo infantil,controles repetidos en ninos de 2 anos de < 5,2005-10-01,70,70,53,123
PATACAMAYA,nutricion y desarrollo infantil,controles repetidos en ninos de 2 anos de < 5,2005-10-01,131,131,114,245
PAZÑA,nutricion y desarrollo infantil,controles repetidos en ninos de 2 anos de < 5,2005-10-01,50,50,66,116
PELECHUCO,nutricion y desarrollo infantil,controles repetidos en ninos de 2 anos de < 5,2005-10-01,44,44,45,89
POCOATA,nutricion y desarrollo infantil,controles repetidos en ninos de 2 anos de < 5,2005-10-01,251,251,278,529
POCONA,nutricion y desarrollo infantil,controles repetidos en ninos de 2 anos de < 5,2005-10-01,89,89,79,168
POJO (CBBA),nutricion y desarrollo infantil,controles repetidos en ninos de 2 anos de < 5,2005-10-01,29,29,32,61
POOPO,nutricion y desarrollo infantil,controles repetidos en ninos de 2 anos de < 5,2005-10-01,36,36,36,72
PORCO,nutricion y desarrollo infantil,controles repetidos en ninos de 2 anos de < 5,2005-10-01,72,72,67,139
POROMA,nutricion y desarrollo infantil,controles repetidos en ninos de 2 anos de < 5,2005-10-01,232,232,210,442
PORONGO,nutricion y desarrollo infantil,controles repetidos en ninos de 2 anos de < 5,2005-10-01,20,20,24,44
PORTACHUELO,nutricion y desarrollo infantil,controles repetidos en ninos de 2 anos de < 5,2005-10-01,130,130,139,269
PORVENIR,nutricion y desarrollo infantil,controles repetidos en ninos de 2 anos de < 5,2005-10-01,36,36,30,66
POSTRER VALLE,nutricion y desarrollo infantil,controles repetidos en ninos de 2 anos de < 5,2005-10-01,15,15,28,43
POTOSI,nutricion y desarrollo infantil,controles repetidos en ninos de 2 anos de < 5,2005-10-01,822,822,824,1646
PRESTO,nutricion y desarrollo infantil,controles repetidos en ninos de 2 anos de < 5,2005-10-01,148,148,159,307
PUCARA,nutricion y desarrollo infantil,controles repetidos en ninos de 2 anos de < 5,2005-10-01,43,43,32,75
PUCARANI,nutricion y desarrollo infantil,controles repetidos en ninos de 2 anos de < 5,2005-10-01,282,282,261,543
PUERTO ACOSTA,nutricion y desarrollo infantil,controles repetidos en ninos de 2 anos de < 5,2005-10-01,207,207,211,418
PUERTO CARABUCO,nutricion y desarrollo infantil,controles repetidos en ninos de 2 anos de < 5,2005-10-01,109,109,115,224
PUERTO GONZALO MORENO,nutricion y desarrollo infantil,controles repetidos en ninos de 2 anos de < 5,2005-10-01,92,92,97,189
PUERTO PEREZ,nutricion y desarrollo infantil,controles repetidos en ninos de 2 anos de < 5,2005-10-01,61,61,44,105
PUERTO QUIJARRO,nutricion y desarrollo infantil,controles repetidos en ninos de 2 anos de < 5,2005-10-01,48,48,60,108
PUERTO RICO,nutricion y desarrollo infantil,controles repetidos en ninos de 2 anos de < 5,2005-10-01,98,98,108,206
PUERTO SILES,nutricion y desarrollo infantil,controles repetidos en ninos de 2 anos de < 5,2005-10-01,3,3,10,13
PUERTO SUAREZ,nutricion y desarrollo infantil,controles repetidos en ninos de 2 anos de < 5,2005-10-01,31,31,45,76
PUERTO VILLARROEL,nutricion y desarrollo infantil,controles repetidos en ninos de 2 anos de < 5,2005-10-01,155,155,152,307
PUNA,nutricion y desarrollo infantil,controles repetidos en ninos de 2 anos de < 5,2005-10-01,373,373,318,691
PUNATA,nutricion y desarrollo infantil,controles repetidos en ninos de 2 anos de < 5,2005-10-01,65,65,67,132
QUIABAYA,nutricion y desarrollo infantil,controles repetidos en ninos de 2 anos de < 5,2005-10-01,20,20,10,30
QUILLACOLLO,nutricion y desarrollo infantil,controles repetidos en ninos de 2 anos de < 5,2005-10-01,53,53,43,96
QUIME,nutricion y desarrollo infantil,controles repetidos en ninos de 2 anos de < 5,2005-10-01,90,90,91,181
QUIRUSILLAS,nutricion y desarrollo infantil,controles repetidos en ninos de 2 anos de < 5,2005-10-01,9,9,10,19
RAVELO,nutricion y desarrollo infantil,controles repetidos en ninos de 2 anos de < 5,2005-10-01,358,358,427,785
REYES,nutricion y desarrollo infantil,controles repetidos en ninos de 2 anos de < 5,2005-10-01,104,104,116,220
RIBERALTA,nutricion y desarrollo infantil,controles repetidos en ninos de 2 anos de < 5,2005-10-01,608,608,632,1240
ROBORE,nutricion y desarrollo infantil,controles repetidos en ninos de 2 anos de < 5,2005-10-01,114,114,96,210
RURRENABAQUE,nutricion y desarrollo infantil,controles repetidos en ninos de 2 anos de < 5,2005-10-01,56,56,46,102
SABAYA,nutricion y desarrollo infantil,controles repetidos en ninos de 2 anos de < 5,2005-10-01,19,19,21,40
SACABA,nutricion y desarrollo infantil,controles repetidos en ninos de 2 anos de < 5,2005-10-01,89,89,99,188
SACABAMBA,nutricion y desarrollo infantil,controles repetidos en ninos de 2 anos de < 5,2005-10-01,43,43,47,90
SACACA,nutricion y desarrollo infantil,controles repetidos en ninos de 2 anos de < 5,2005-10-01,471,471,420,891
SAIPINA,nutricion y desarrollo infantil,controles repetidos en ninos de 2 anos de < 5,2005-10-01,58,58,66,124
SALINAS DE GARCI MENDOZA,nutricion y desarrollo infantil,controles repetidos en ninos de 2 anos de < 5,2005-10-01,114,114,111,225
SAMAIPATA,nutricion y desarrollo infantil,controles repetidos en ninos de 2 anos de < 5,2005-10-01,89,89,88,177
SAN AGUSTIN,nutricion y desarrollo infantil,controles repetidos en ninos de 2 anos de < 5,2005-10-01,20,20,14,34
SAN ANDRES,nutricion y desarrollo infantil,controles repetidos en ninos de 2 anos de < 5,2005-10-01,78,78,96,174
SAN ANDRES DE MACHACA,nutricion y desarrollo infantil,controles repetidos en ninos de 2 anos de < 5,2005-10-01,26,26,31,57
SAN ANTONIO DE ESMORUCO,nutricion y desarrollo infantil,controles repetidos en ninos de 2 anos de < 5,2005-10-01,20,20,18,38
SAN ANTONIO DE LOMERIO,nutricion y desarrollo infantil,controles repetidos en ninos de 2 anos de < 5,2005-10-01,131,131,146,277
SAN BENITO,nutricion y desarrollo infantil,controles repetidos en ninos de 2 anos de < 5,2005-10-01,69,69,74,143
SAN BORJA,nutricion y desarrollo infantil,controles repetidos en ninos de 2 anos de < 5,2005-10-01,349,349,309,658
SAN BUENA VENTURA,nutricion y desarrollo infantil,controles repetidos en ninos de 2 anos de < 5,2005-10-01,44,44,57,101
SAN CARLOS,nutricion y desarrollo infantil,controles repetidos en ninos de 2 anos de < 5,2005-10-01,118,118,130,248
SAN IGNACIO,nutricion y desarrollo infantil,controles repetidos en ninos de 2 anos de < 5,2005-10-01,231,231,175,406
SAN IGNACIO DE VELASCO,nutricion y desarrollo infantil,controles repetidos en ninos de 2 anos de < 5,2005-10-01,474,474,444,918
SAN JAVIER(BNI),nutricion y desarrollo infantil,controles repetidos en ninos de 2 anos de < 5,2005-10-01,31,31,24,55
SAN JAVIER(STC),nutricion y desarrollo infantil,controles repetidos en ninos de 2 anos de < 5,2005-10-01,37,37,44,81
SAN JOAQUIN,nutricion y desarrollo infantil,controles repetidos en ninos de 2 anos de < 5,2005-10-01,23,23,32,55
SAN JOSE DE CHIQUITOS,nutricion y desarrollo infantil,controles repetidos en ninos de 2 anos de < 5,2005-10-01,108,108,74,182
SAN JUAN DE YAPACANI,nutricion y desarrollo infantil,controles repetidos en ninos de 2 anos de < 5,2005-10-01,134,134,111,245
SAN JULIAN,nutricion y desarrollo infantil,controles repetidos en ninos de 2 anos de < 5,2005-10-01,216,216,227,443
SAN LORENZO(PND),nutricion y desarrollo infantil,controles repetidos en ninos de 2 anos de < 5,2005-10-01,184,184,164,348
SAN LORENZO(TJA),nutricion y desarrollo infantil,controles repetidos en ninos de 2 anos de < 5,2005-10-01,234,234,214,448
SAN LUCAS,nutricion y desarrollo infantil,controles repetidos en ninos de 2 anos de < 5,2005-10-01,639,639,670,1309
SAN MATIAS,nutricion y desarrollo infantil,controles repetidos en ninos de 2 anos de < 5,2005-10-01,38,38,52,90
SAN MIGUEL DE VELASCO,nutricion y desarrollo infantil,controles repetidos en ninos de 2 anos de < 5,2005-10-01,121,121,117,238
SAN PABLO DE LIPEZ,nutricion y desarrollo infantil,controles repetidos en ninos de 2 anos de < 5,2005-10-01,12,12,22,34
SAN PEDRO,nutricion y desarrollo infantil,controles repetidos en ninos de 2 anos de < 5,2005-10-01,118,118,125,243
SAN PEDRO DE BUENA VISTA,nutricion y desarrollo infantil,controles repetidos en ninos de 2 anos de < 5,2005-10-01,268,268,295,563
SAN PEDRO DE CURAHUARA,nutricion y desarrollo infantil,controles repetidos en ninos de 2 anos de < 5,2005-10-01,79,79,92,171
SAN PEDRO DE QUEMES,nutricion y desarrollo infantil,controles repetidos en ninos de 2 anos de < 5,2005-10-01,1,1,3,4
SAN PEDRO DE TIQUINA,nutricion y desarrollo infantil,controles repetidos en ninos de 2 anos de < 5,2005-10-01,23,23,29,52
SAN PEDRO(PND),nutricion y desarrollo infantil,controles repetidos en ninos de 2 anos de < 5,2005-10-01,41,41,48,89
SAN RAFAEL,nutricion y desarrollo infantil,controles repetidos en ninos de 2 anos de < 5,2005-10-01,88,88,65,153
SAN RAMON,nutricion y desarrollo infantil,controles repetidos en ninos de 2 anos de < 5,2005-10-01,21,21,31,52
SAN RAMON,nutricion y desarrollo infantil,controles repetidos en ninos de 2 anos de < 5,2005-10-01,41,41,36,77
SANTA ANA,nutricion y desarrollo infantil,controles repetidos en ninos de 2 anos de < 5,2005-10-01,133,133,107,240
SANTA CRUZ DE LA SIERRA,nutricion y desarrollo infantil,controles repetidos en ninos de 2 anos de < 5,2005-10-01,2352,2352,2258,4610
SANTA ROSA,nutricion y desarrollo infantil,controles repetidos en ninos de 2 anos de < 5,2005-10-01,154,154,127,281
SANTA ROSA DEL SARA,nutricion y desarrollo infantil,controles repetidos en ninos de 2 anos de < 5,2005-10-01,87,87,112,199
SANTIAGO DE CALLAPA,nutricion y desarrollo infantil,controles repetidos en ninos de 2 anos de < 5,2005-10-01,49,49,49,98
SANTIAGO DE HUARI,nutricion y desarrollo infantil,controles repetidos en ninos de 2 anos de < 5,2005-10-01,66,66,60,126
SANTIAGO DE MACHACA,nutricion y desarrollo infantil,controles repetidos en ninos de 2 anos de < 5,2005-10-01,17,17,17,34
SANTIVAÑES,nutricion y desarrollo infantil,controles repetidos en ninos de 2 anos de < 5,2005-10-01,63,63,48,111
SANTUARIO DE QUILLACAS,nutricion y desarrollo infantil,controles repetidos en ninos de 2 anos de < 5,2005-10-01,30,30,22,52
SAPAHAQUI,nutricion y desarrollo infantil,controles repetidos en ninos de 2 anos de < 5,2005-10-01,115,115,118,233
SENA,nutricion y desarrollo infantil,controles repetidos en ninos de 2 anos de < 5,2005-10-01,26,26,38,64
SICA SICA (VILLA AROMA),nutricion y desarrollo infantil,controles repetidos en ninos de 2 anos de < 5,2005-10-01,118,118,131,249
SICAYA,nutricion y desarrollo infantil,controles repetidos en ninos de 2 anos de < 5,2005-10-01,13,13,6,19
SIPE SIPE,nutricion y desarrollo infantil,controles repetidos en ninos de 2 anos de < 5,2005-10-01,322,322,337,659
SOPACHUY,nutricion y desarrollo infantil,controles repetidos en ninos de 2 anos de < 5,2005-10-01,132,132,119,251
SORACACHI,nutricion y desarrollo infantil,controles repetidos en ninos de 2 anos de < 5,2005-10-01,125,125,102,227
SORATA,nutricion y desarrollo infantil,controles repetidos en ninos de 2 anos de < 5,2005-10-01,173,173,215,388
SUCRE,nutricion y desarrollo infantil,controles repetidos en ninos de 2 anos de < 5,2005-10-01,1532,1532,1531,3063
TACACHI,nutricion y desarrollo infantil,controles repetidos en ninos de 2 anos de < 5,2005-10-01,2,2,1,3
TACACOMA,nutricion y desarrollo infantil,controles repetidos en ninos de 2 anos de < 5,2005-10-01,39,39,35,74
TACOBAMBA,nutricion y desarrollo infantil,controles repetidos en ninos de 2 anos de < 5,2005-10-01,154,154,101,255
TACOPAYA,nutricion y desarrollo infantil,controles repetidos en ninos de 2 anos de < 5,2005-10-01,178,178,170,348
TAHUA,nutricion y desarrollo infantil,controles repetidos en ninos de 2 anos de < 5,2005-10-01,16,16,28,44
TAPACARI,nutricion y desarrollo infantil,controles repetidos en ninos de 2 anos de < 5,2005-10-01,164,164,191,355
TARABUCO,nutricion y desarrollo infantil,controles repetidos en ninos de 2 anos de < 5,2005-10-01,575,575,581,1156
TARACO,nutricion y desarrollo infantil,controles repetidos en ninos de 2 anos de < 5,2005-10-01,26,26,47,73
TARATA,nutricion y desarrollo infantil,controles repetidos en ninos de 2 anos de < 5,2005-10-01,25,25,30,55
TARIJA,nutricion y desarrollo infantil,controles repetidos en ninos de 2 anos de < 5,2005-10-01,644,644,661,1305
TARVITA,nutricion y desarrollo infantil,controles repetidos en ninos de 2 anos de < 5,2005-10-01,44,44,80,124
TEOPONTE,nutricion y desarrollo infantil,controles repetidos en ninos de 2 anos de < 5,2005-10-01,87,87,59,146
TIAWANACU,nutricion y desarrollo infantil,controles repetidos en ninos de 2 anos de < 5,2005-10-01,51,51,36,87
TINGUIPAYA,nutricion y desarrollo infantil,controles repetidos en ninos de 2 anos de < 5,2005-10-01,250,250,247,497
TIPUANI,nutricion y desarrollo infantil,controles repetidos en ninos de 2 anos de < 5,2005-10-01,30,30,34,64
TIQUIPAYA,nutricion y desarrollo infantil,controles repetidos en ninos de 2 anos de < 5,2005-10-01,140,140,132,272
TIRAQUE (CBBA),nutricion y desarrollo infantil,controles repetidos en ninos de 2 anos de < 5,2005-10-01,135,135,126,261
TITO YUPANQUI (PARQUIPUJIO),nutricion y desarrollo infantil,controles repetidos en ninos de 2 anos de < 5,2005-10-01,17,17,5,22
TOCO,nutricion y desarrollo infantil,controles repetidos en ninos de 2 anos de < 5,2005-10-01,20,20,33,53
TOLATA,nutricion y desarrollo infantil,controles repetidos en ninos de 2 anos de < 5,2005-10-01,16,16,15,31
TOLEDO,nutricion y desarrollo infantil,controles repetidos en ninos de 2 anos de < 5,2005-10-01,32,32,32,64
TOMAVE,nutricion y desarrollo infantil,controles repetidos en ninos de 2 anos de < 5,2005-10-01,67,67,79,146
TOMINA,nutricion y desarrollo infantil,controles repetidos en ninos de 2 anos de < 5,2005-10-01,223,223,263,486
TORO TORO,nutricion y desarrollo infantil,controles repetidos en ninos de 2 anos de < 5,2005-10-01,117,117,119,236
TOTORA(CBBA),nutricion y desarrollo infantil,controles repetidos en ninos de 2 anos de < 5,2005-10-01,82,82,77,159
TOTORA(ORR),nutricion y desarrollo infantil,controles repetidos en ninos de 2 anos de < 5,2005-10-01,28,28,32,60
TRIGAL,nutricion y desarrollo infantil,controles repetidos en ninos de 2 anos de < 5,2005-10-01,10,10,14,24
TRINIDAD,nutricion y desarrollo infantil,controles repetidos en ninos de 2 anos de < 5,2005-10-01,244,244,232,476
TUPIZA,nutricion y desarrollo infantil,controles repetidos en ninos de 2 anos de < 5,2005-10-01,337,337,319,656
TURCO,nutricion y desarrollo infantil,controles repetidos en ninos de 2 anos de < 5,2005-10-01,20,20,13,33
UMALA,nutricion y desarrollo infantil,controles repetidos en ninos de 2 anos de < 5,2005-10-01,50,50,58,108
UNCIA,nutricion y desarrollo infantil,controles repetidos en ninos de 2 anos de < 5,2005-10-01,89,89,98,187
URIONDO (A. CONCEPCION),nutricion y desarrollo infantil,controles repetidos en ninos de 2 anos de < 5,2005-10-01,195,195,211,406
URUBICHA,nutricion y desarrollo infantil,controles repetidos en ninos de 2 anos de < 5,2005-10-01,252,252,241,493
UYUNI,nutricion y desarrollo infantil,controles repetidos en ninos de 2 anos de < 5,2005-10-01,159,159,160,319
VACAS,nutricion y desarrollo infantil,controles repetidos en ninos de 2 anos de < 5,2005-10-01,52,52,53,105
VALLEGRANDE,nutricion y desarrollo infantil,controles repetidos en ninos de 2 anos de < 5,2005-10-01,111,111,152,263
VIACHA,nutricion y desarrollo infantil,controles repetidos en ninos de 2 anos de < 5,2005-10-01,125,125,121,246
VILA VILA,nutricion y desarrollo infantil,controles repetidos en ninos de 2 anos de < 5,2005-10-01,65,65,78,143
VILLA MONTES,nutricion y desarrollo infantil,controles repetidos en ninos de 2 anos de < 5,2005-10-01,154,154,180,334
VILLA NUEVA (LOMA ALTA),nutricion y desarrollo infantil,controles repetidos en ninos de 2 anos de < 5,2005-10-01,9,9,8,17
VILLA RIVERO,nutricion y desarrollo infantil,controles repetidos en ninos de 2 anos de < 5,2005-10-01,44,44,39,83
VILLA SERRANO,nutricion y desarrollo infantil,controles repetidos en ninos de 2 anos de < 5,2005-10-01,297,297,259,556
VILLA TUNARI,nutricion y desarrollo infantil,controles repetidos en ninos de 2 anos de < 5,2005-10-01,403,403,394,797
VILLA VACA GUZMAN (MUYUPAMPA),nutricion y desarrollo infantil,controles repetidos en ninos de 2 anos de < 5,2005-10-01,221,221,210,431
VILLAZON,nutricion y desarrollo infantil,controles repetidos en ninos de 2 anos de < 5,2005-10-01,216,216,259,475
VINTO,nutricion y desarrollo infantil,controles repetidos en ninos de 2 anos de < 5,2005-10-01,44,44,42,86
VITICHI,nutricion y desarrollo infantil,controles repetidos en ninos de 2 anos de < 5,2005-10-01,178,178,191,369
WALDO BALLIVIAN,nutricion y desarrollo infantil,controles repetidos en ninos de 2 anos de < 5,2005-10-01,5,5,8,13
WARNES,nutricion y desarrollo infantil,controles repetidos en ninos de 2 anos de < 5,2005-10-01,352,352,309,661
YACO,nutricion y desarrollo infantil,controles repetidos en ninos de 2 anos de < 5,2005-10-01,63,63,58,121
YACUIBA,nutricion y desarrollo infantil,controles repetidos en ninos de 2 anos de < 5,2005-10-01,285,285,257,542
YAMPARAEZ,nutricion y desarrollo infantil,controles repetidos en ninos de 2 anos de < 5,2005-10-01,310,310,275,585
YANACACHI,nutricion y desarrollo infantil,controles repetidos en ninos de 2 anos de < 5,2005-10-01,22,22,17,39
YAPACANI,nutricion y desarrollo infantil,controles repetidos en ninos de 2 anos de < 5,2005-10-01,294,294,290,584
YOCALLA,nutricion y desarrollo infantil,controles repetidos en ninos de 2 anos de < 5,2005-10-01,56,56,40,96
YOTALA,nutricion y desarrollo infantil,controles repetidos en ninos de 2 anos de < 5,2005-10-01,186,186,210,396
YUNCHARA,nutricion y desarrollo infantil,controles repetidos en ninos de 2 anos de < 5,2005-10-01,139,139,125,264
ZUDAÑEZ,nutricion y desarrollo infantil,controles repetidos en ninos de 2 anos de < 5,2005-10-01,133,133,126,259
ACACIO,nutricion y desarrollo infantil,controles repetidos en ninos de 2 anos de < 5,2005-11-01,102,102,106,208
ACHACACHI,nutricion y desarrollo infantil,controles repetidos en ninos de 2 anos de < 5,2005-11-01,279,279,290,569
ACHOCALLA,nutricion y desarrollo infantil,controles repetidos en ninos de 2 anos de < 5,2005-11-01,27,27,21,48
AIQUILE,nutricion y desarrollo infantil,controles repetidos en ninos de 2 anos de < 5,2005-11-01,118,118,134,252
ALALAY,nutricion y desarrollo infantil,controles repetidos en ninos de 2 anos de < 5,2005-11-01,50,50,44,94
ALCALA,nutricion y desarrollo infantil,controles repetidos en ninos de 2 anos de < 5,2005-11-01,93,93,87,180
ANCORAIMES,nutricion y desarrollo infantil,controles repetidos en ninos de 2 anos de < 5,2005-11-01,130,130,142,272
ANDAMARCA,nutricion y desarrollo infantil,controles repetidos en ninos de 2 anos de < 5,2005-11-01,59,59,80,139
ANTEQUERA,nutricion y desarrollo infantil,controles repetidos en ninos de 2 anos de < 5,2005-11-01,54,54,56,110
ANZALDO,nutricion y desarrollo infantil,controles repetidos en ninos de 2 anos de < 5,2005-11-01,15,15,12,27
APOLO,nutricion y desarrollo infantil,controles repetidos en ninos de 2 anos de < 5,2005-11-01,155,155,139,294
ARAMPAMPA,nutricion y desarrollo infantil,controles repetidos en ninos de 2 anos de < 5,2005-11-01,65,65,68,133
ARANI,nutricion y desarrollo infantil,controles repetidos en ninos de 2 anos de < 5,2005-11-01,60,60,63,123
ARBIETO,nutricion y desarrollo infantil,controles repetidos en ninos de 2 anos de < 5,2005-11-01,24,24,34,58
ARQUE,nutricion y desarrollo infantil,controles repetidos en ninos de 2 anos de < 5,2005-11-01,74,74,70,144
ATOCHA,nutricion y desarrollo infantil,controles repetidos en ninos de 2 anos de < 5,2005-11-01,115,115,105,220
AUCAPATA,nutricion y desarrollo infantil,controles repetidos en ninos de 2 anos de < 5,2005-11-01,22,22,10,32
AYATA,nutricion y desarrollo infantil,controles repetidos en ninos de 2 anos de < 5,2005-11-01,83,83,97,180
AYO AYO,nutricion y desarrollo infantil,controles repetidos en ninos de 2 anos de < 5,2005-11-01,29,29,19,48
AYOPAYA (V. DE INDEPENDENCIA),nutricion y desarrollo infantil,controles repetidos en ninos de 2 anos de < 5,2005-11-01,121,121,141,262
AZURDUY,nutricion y desarrollo infantil,controles repetidos en ninos de 2 anos de < 5,2005-11-01,329,329,299,628
BATALLAS,nutricion y desarrollo infantil,controles repetidos en ninos de 2 anos de < 5,2005-11-01,30,30,41,71
BAURES,nutricion y desarrollo infantil,controles repetidos en ninos de 2 anos de < 5,2005-11-01,22,22,30,52
BELEN DE ANDAMARCA,nutricion y desarrollo infantil,controles repetidos en ninos de 2 anos de < 5,2005-11-01,5,5,3,8
BELEN DE URMIRI,nutricion y desarrollo infantil,controles repetidos en ninos de 2 anos de < 5,2005-11-01,29,29,29,58
BELLA FLOR,nutricion y desarrollo infantil,controles repetidos en ninos de 2 anos de < 5,2005-11-01,78,78,78,156
BERMEJO,nutricion y desarrollo infantil,controles repetidos en ninos de 2 anos de < 5,2005-11-01,62,62,70,132
BETANZOS,nutricion y desarrollo infantil,controles repetidos en ninos de 2 anos de < 5,2005-11-01,395,395,421,816
BOLIVAR,nutricion y desarrollo infantil,controles repetidos en ninos de 2 anos de < 5,2005-11-01,107,107,105,212
BOLPEBRA,nutricion y desarrollo infantil,controles repetidos en ninos de 2 anos de < 5,2005-11-01,19,19,20,39
BOYUIBE,nutricion y desarrollo infantil,controles repetidos en ninos de 2 anos de < 5,2005-11-01,42,42,31,73
BUENA VISTA,nutricion y desarrollo infantil,controles repetidos en ninos de 2 anos de < 5,2005-11-01,165,165,179,344
CABEZAS,nutricion y desarrollo infantil,controles repetidos en ninos de 2 anos de < 5,2005-11-01,114,114,124,238
CAIROMA,nutricion y desarrollo infantil,controles repetidos en ninos de 2 anos de < 5,2005-11-01,110,110,133,243
"CAIZA ""D""",nutricion y desarrollo infantil,controles repetidos en ninos de 2 anos de < 5,2005-11-01,160,160,159,319
CAJUATA,nutricion y desarrollo infantil,controles repetidos en ninos de 2 anos de < 5,2005-11-01,46,46,58,104
CALACOTO,nutricion y desarrollo infantil,controles repetidos en ninos de 2 anos de < 5,2005-11-01,55,55,52,107
CALAMARCA,nutricion y desarrollo infantil,controles repetidos en ninos de 2 anos de < 5,2005-11-01,127,127,140,267
CAMARGO,nutricion y desarrollo infantil,controles repetidos en ninos de 2 anos de < 5,2005-11-01,193,193,222,415
CAMATAQUI (C. VILLA ABECIA),nutricion y desarrollo infantil,controles repetidos en ninos de 2 anos de < 5,2005-11-01,58,58,57,115
CAMIRI,nutricion y desarrollo infantil,controles repetidos en ninos de 2 anos de < 5,2005-11-01,280,280,264,544
CAPINOTA,nutricion y desarrollo infantil,controles repetidos en ninos de 2 anos de < 5,2005-11-01,61,61,76,137
CAQUIAVIRI,nutricion y desarrollo infantil,controles repetidos en ninos de 2 anos de < 5,2005-11-01,75,75,82,157
CARACOLLO,nutricion y desarrollo infantil,controles repetidos en ninos de 2 anos de < 5,2005-11-01,77,77,66,143
CARANAVI,nutricion y desarrollo infantil,controles repetidos en ninos de 2 anos de < 5,2005-11-01,296,296,305,601
CARAPARI,nutricion y desarrollo infantil,controles repetidos en ninos de 2 anos de < 5,2005-11-01,120,120,113,233
CARIPUYO,nutricion y desarrollo infantil,controles repetidos en ninos de 2 anos de < 5,2005-11-01,218,218,177,395
CARMEN RIVERO TORREZ,nutricion y desarrollo infantil,controles repetidos en ninos de 2 anos de < 5,2005-11-01,8,8,10,18
CATACORA,nutricion y desarrollo infantil,controles repetidos en ninos de 2 anos de < 5,2005-11-01,5,5,5,10
CHACARILLA,nutricion y desarrollo infantil,controles repetidos en ninos de 2 anos de < 5,2005-11-01,31,31,36,67
CHALLAPATA,nutricion y desarrollo infantil,controles repetidos en ninos de 2 anos de < 5,2005-11-01,174,174,189,363
CHAQUI,nutricion y desarrollo infantil,controles repetidos en ninos de 2 anos de < 5,2005-11-01,123,123,129,252
CHARAGUA,nutricion y desarrollo infantil,controles repetidos en ninos de 2 anos de < 5,2005-11-01,208,208,226,434
CHARAÑA,nutricion y desarrollo infantil,controles repetidos en ninos de 2 anos de < 5,2005-11-01,4,4,8,12
CHAYANTA,nutricion y desarrollo infantil,controles repetidos en ninos de 2 anos de < 5,2005-11-01,118,118,122,240
CHIMORE,nutricion y desarrollo infantil,controles repetidos en ninos de 2 anos de < 5,2005-11-01,58,58,60,118
CHIPAYA,nutricion y desarrollo infantil,controles repetidos en ninos de 2 anos de < 5,2005-11-01,27,27,26,53
CHOQUE COTA,nutricion y desarrollo infantil,controles repetidos en ninos de 2 anos de < 5,2005-11-01,18,18,15,33
CHULUMANI (V. DE LA LIBERTAD),nutricion y desarrollo infantil,controles repetidos en ninos de 2 anos de < 5,2005-11-01,32,32,25,57
CHUMA,nutricion y desarrollo infantil,controles repetidos en ninos de 2 anos de < 5,2005-11-01,53,53,60,113
CLIZA,nutricion y desarrollo infantil,controles repetidos en ninos de 2 anos de < 5,2005-11-01,29,29,34,63
COBIJA,nutricion y desarrollo infantil,controles repetidos en ninos de 2 anos de < 5,2005-11-01,242,242,244,486
COCHABAMBA,nutricion y desarrollo infantil,controles repetidos en ninos de 2 anos de < 5,2005-11-01,1334,1334,1190,2524
COIPASA,nutricion y desarrollo infantil,controles repetidos en ninos de 2 anos de < 5,2005-11-01,6,6,5,11
COLCAPIRHUA,nutricion y desarrollo infantil,controles repetidos en ninos de 2 anos de < 5,2005-11-01,68,68,62,130
"COLCHA ""K""",nutricion y desarrollo infantil,controles repetidos en ninos de 2 anos de < 5,2005-11-01,103,103,132,235
COLLANA,nutricion y desarrollo infantil,controles repetidos en ninos de 2 anos de < 5,2005-11-01,7,7,0,7
COLOMI,nutricion y desarrollo infantil,controles repetidos en ninos de 2 anos de < 5,2005-11-01,47,47,47,94
COLPA BELGICA,nutricion y desarrollo infantil,controles repetidos en ninos de 2 anos de < 5,2005-11-01,31,31,30,61
COLQUECHACA,nutricion y desarrollo infantil,controles repetidos en ninos de 2 anos de < 5,2005-11-01,208,208,183,391
COLQUENCHA,nutricion y desarrollo infantil,controles repetidos en ninos de 2 anos de < 5,2005-11-01,14,14,25,39
COLQUIRI,nutricion y desarrollo infantil,controles repetidos en ninos de 2 anos de < 5,2005-11-01,126,126,129,255
COMANCHE,nutricion y desarrollo infantil,controles repetidos en ninos de 2 anos de < 5,2005-11-01,5,5,15,20
COMARAPA,nutricion y desarrollo infantil,controles repetidos en ninos de 2 anos de < 5,2005-11-01,139,139,156,295
COMBAYA,nutricion y desarrollo infantil,controles repetidos en ninos de 2 anos de < 5,2005-11-01,30,30,12,42
CONCEPCION,nutricion y desarrollo infantil,controles repetidos en ninos de 2 anos de < 5,2005-11-01,98,98,95,193
COPACABANA,nutricion y desarrollo infantil,controles repetidos en ninos de 2 anos de < 5,2005-11-01,46,46,50,96
CORIPATA,nutricion y desarrollo infantil,controles repetidos en ninos de 2 anos de < 5,2005-11-01,68,68,83,151
CORO CORO,nutricion y desarrollo infantil,controles repetidos en ninos de 2 anos de < 5,2005-11-01,50,50,45,95
COROICO,nutricion y desarrollo infantil,controles repetidos en ninos de 2 anos de < 5,2005-11-01,102,102,93,195
CORQUE,nutricion y desarrollo infantil,controles repetidos en ninos de 2 anos de < 5,2005-11-01,87,87,76,163
COTAGAITA,nutricion y desarrollo infantil,controles repetidos en ninos de 2 anos de < 5,2005-11-01,278,278,274,552
COTOCA,nutricion y desarrollo infantil,controles repetidos en ninos de 2 anos de < 5,2005-11-01,115,115,122,237
CUATRO CAÑADAS,nutricion y desarrollo infantil,controles repetidos en ninos de 2 anos de < 5,2005-11-01,115,115,81,196
CUCHUMUELA (V. G. VILLARROEL),nutricion y desarrollo infantil,controles repetidos en ninos de 2 anos de < 5,2005-11-01,18,18,11,29
CUEVO,nutricion y desarrollo infantil,controles repetidos en ninos de 2 anos de < 5,2005-11-01,39,39,44,83
CULPINA,nutricion y desarrollo infantil,controles repetidos en ninos de 2 anos de < 5,2005-11-01,293,293,320,613
CURAHUARA DE CARANGAS,nutricion y desarrollo infantil,controles repetidos en ninos de 2 anos de < 5,2005-11-01,25,25,17,42
CURVA,nutricion y desarrollo infantil,controles repetidos en ninos de 2 anos de < 5,2005-11-01,21,21,19,40
DESAGUADERO,nutricion y desarrollo infantil,controles repetidos en ninos de 2 anos de < 5,2005-11-01,28,28,31,59
EL ALTO,nutricion y desarrollo infantil,controles repetidos en ninos de 2 anos de < 5,2005-11-01,1988,1988,2006,3994
EL CHORO,nutricion y desarrollo infantil,controles repetidos en ninos de 2 anos de < 5,2005-11-01,27,27,22,49
EL PUENTE(STC),nutricion y desarrollo infantil,controles repetidos en ninos de 2 anos de < 5,2005-11-01,141,141,131,272
EL PUENTE(TJA),nutricion y desarrollo infantil,controles repetidos en ninos de 2 anos de < 5,2005-11-01,209,209,197,406
EL TORNO,nutricion y desarrollo infantil,controles repetidos en ninos de 2 anos de < 5,2005-11-01,200,200,182,382
EL VILLAR,nutricion y desarrollo infantil,controles repetidos en ninos de 2 anos de < 5,2005-11-01,138,138,115,253
ENTRE RIOS,nutricion y desarrollo infantil,controles repetidos en ninos de 2 anos de < 5,2005-11-01,211,211,200,411
ENTRE RIOS,nutricion y desarrollo infantil,controles repetidos en ninos de 2 anos de < 5,2005-11-01,146,146,124,270
ESCARA,nutricion y desarrollo infantil,controles repetidos en ninos de 2 anos de < 5,2005-11-01,1,1,1,2
EUCALIPTUS,nutricion y desarrollo infantil,controles repetidos en ninos de 2 anos de < 5,2005-11-01,59,59,51,110
EUREKA (SANTOS MERCADO),nutricion y desarrollo infantil,controles repetidos en ninos de 2 anos de < 5,2005-11-01,25,25,28,53
EXALTACION,nutricion y desarrollo infantil,controles repetidos en ninos de 2 anos de < 5,2005-11-01,42,42,41,83
FERNANDEZ ALONSO,nutricion y desarrollo infantil,controles repetidos en ninos de 2 anos de < 5,2005-11-01,184,184,195,379
FILADELFIA,nutricion y desarrollo infantil,controles repetidos en ninos de 2 anos de < 5,2005-11-01,65,65,75,140
GENERAL SAAVEDRA,nutricion y desarrollo infantil,controles repetidos en ninos de 2 anos de < 5,2005-11-01,222,222,208,430
GRAL. J.J. PEREZ (CHARAZANI),nutricion y desarrollo infantil,controles repetidos en ninos de 2 anos de < 5,2005-11-01,99,99,122,221
GUANAY,nutricion y desarrollo infantil,controles repetidos en ninos de 2 anos de < 5,2005-11-01,96,96,98,194
GUAQUI,nutricion y desarrollo infantil,controles repetidos en ninos de 2 anos de < 5,2005-11-01,19,19,29,48
GUAYARAMERIN,nutricion y desarrollo infantil,controles repetidos en ninos de 2 anos de < 5,2005-11-01,317,317,307,624
GUTIERREZ,nutricion y desarrollo infantil,controles repetidos en ninos de 2 anos de < 5,2005-11-01,246,246,260,506
HUACARETA,nutricion y desarrollo infantil,controles repetidos en ninos de 2 anos de < 5,2005-11-01,140,140,151,291
HUACAYA (VILLA DE HUACAYA),nutricion y desarrollo infantil,controles repetidos en ninos de 2 anos de < 5,2005-11-01,66,66,71,137
HUACHACALLA,nutricion y desarrollo infantil,controles repetidos en ninos de 2 anos de < 5,2005-11-01,9,9,7,16
HUANUNI,nutricion y desarrollo infantil,controles repetidos en ninos de 2 anos de < 5,2005-11-01,83,83,83,166
HUARACAJE,nutricion y desarrollo infantil,controles repetidos en ninos de 2 anos de < 5,2005-11-01,48,48,40,88
HUAYLLAMARCA,nutricion y desarrollo infantil,controles repetidos en ninos de 2 anos de < 5,2005-11-01,24,24,34,58
ICHOCA,nutricion y desarrollo infantil,controles repetidos en ninos de 2 anos de < 5,2005-11-01,47,47,41,88
ICLA,nutricion y desarrollo infantil,controles repetidos en ninos de 2 anos de < 5,2005-11-01,277,277,268,545
INCAHUASI,nutricion y desarrollo infantil,controles repetidos en ninos de 2 anos de < 5,2005-11-01,318,318,329,647
INGAVI (HUMAITA),nutricion y desarrollo infantil,controles repetidos en ninos de 2 anos de < 5,2005-11-01,2,2,1,3
INQUISIVI,nutricion y desarrollo infantil,controles repetidos en ninos de 2 anos de < 5,2005-11-01,56,56,73,129
IRUPANA (VILLA DE LANZA),nutricion y desarrollo infantil,controles repetidos en ninos de 2 anos de < 5,2005-11-01,106,106,104,210
IXIAMAS,nutricion y desarrollo infantil,controles repetidos en ninos de 2 anos de < 5,2005-11-01,81,81,56,137
JESUS DE MACHACA,nutricion y desarrollo infantil,controles repetidos en ninos de 2 anos de < 5,2005-11-01,27,27,32,59
LA ASUNTA,nutricion y desarrollo infantil,controles repetidos en ninos de 2 anos de < 5,2005-11-01,47,47,46,93
LA GUARDIA,nutricion y desarrollo infantil,controles repetidos en ninos de 2 anos de < 5,2005-11-01,274,274,218,492
LA PAZ,nutricion y desarrollo infantil,controles repetidos en ninos de 2 anos de < 5,2005-11-01,2078,2078,2071,4149
LA RIVERA,nutricion y desarrollo infantil,controles repetidos en ninos de 2 anos de < 5,2005-11-01,4,4,3,7
LAGUNILLAS,nutricion y desarrollo infantil,controles repetidos en ninos de 2 anos de < 5,2005-11-01,114,114,118,232
LAJA,nutricion y desarrollo infantil,controles repetidos en ninos de 2 anos de < 5,2005-11-01,53,53,100,153
LAS CARRERAS,nutricion y desarrollo infantil,controles repetidos en ninos de 2 anos de < 5,2005-11-01,62,62,77,139
LICOMA PAMPA,nutricion y desarrollo infantil,controles repetidos en ninos de 2 anos de < 5,2005-11-01,10,10,15,25
LLALLAGUA,nutricion y desarrollo infantil,controles repetidos en ninos de 2 anos de < 5,2005-11-01,456,456,448,904
LLICA,nutricion y desarrollo infantil,controles repetidos en ninos de 2 anos de < 5,2005-11-01,48,48,44,92
LORETO,nutricion y desarrollo infantil,controles repetidos en ninos de 2 anos de < 5,2005-11-01,36,36,26,62
LURIBAY,nutricion y desarrollo infantil,controles repetidos en ninos de 2 anos de < 5,2005-11-01,131,131,119,250
MACHACAMARCA,nutricion y desarrollo infantil,controles repetidos en ninos de 2 anos de < 5,2005-11-01,25,25,11,36
MACHARETI,nutricion y desarrollo infantil,controles repetidos en ninos de 2 anos de < 5,2005-11-01,171,171,201,372
MAGDALENA,nutricion y desarrollo infantil,controles repetidos en ninos de 2 anos de < 5,2005-11-01,54,54,61,115
MAIRANA,nutricion y desarrollo infantil,controles repetidos en ninos de 2 anos de < 5,2005-11-01,61,61,59,120
MALLA,nutricion y desarrollo infantil,controles repetidos en ninos de 2 anos de < 5,2005-11-01,75,75,55,130
MAPIRI,nutricion y desarrollo infantil,controles repetidos en ninos de 2 anos de < 5,2005-11-01,69,69,65,134
MECAPACA,nutricion y desarrollo infantil,controles repetidos en ninos de 2 anos de < 5,2005-11-01,53,53,45,98
MINEROS,nutricion y desarrollo infantil,controles repetidos en ninos de 2 anos de < 5,2005-11-01,165,165,112,277
MIZQUE,nutricion y desarrollo infantil,controles repetidos en ninos de 2 anos de < 5,2005-11-01,95,95,99,194
MOCOMOCO,nutricion y desarrollo infantil,controles repetidos en ninos de 2 anos de < 5,2005-11-01,109,109,96,205
MOJINETE,nutricion y desarrollo infantil,controles repetidos en ninos de 2 anos de < 5,2005-11-01,25,25,17,42
MOJOCOYA,nutricion y desarrollo infantil,controles repetidos en ninos de 2 anos de < 5,2005-11-01,152,152,134,286
MONTEAGUDO,nutricion y desarrollo infantil,controles repetidos en ninos de 2 anos de < 5,2005-11-01,440,440,373,813
MONTERO,nutricion y desarrollo infantil,controles repetidos en ninos de 2 anos de < 5,2005-11-01,757,757,773,1530
MORO MORO,nutricion y desarrollo infantil,controles repetidos en ninos de 2 anos de < 5,2005-11-01,37,37,17,54
MOROCHATA,nutricion y desarrollo infantil,controles repetidos en ninos de 2 anos de < 5,2005-11-01,85,85,82,167
NACEBE (SANTA ROSA DEL ABUNA),nutricion y desarrollo infantil,controles repetidos en ninos de 2 anos de < 5,2005-11-01,11,11,6,17
NAZACARA DE PACAJES,nutricion y desarrollo infantil,controles repetidos en ninos de 2 anos de < 5,2005-11-01,5,5,1,6
NUEVO MANOA (NUEVA ESPERANZA),nutricion y desarrollo infantil,controles repetidos en ninos de 2 anos de < 5,2005-11-01,29,29,27,56
OCURI,nutricion y desarrollo infantil,controles repetidos en ninos de 2 anos de < 5,2005-11-01,212,212,218,430
OKINAWA,nutricion y desarrollo infantil,controles repetidos en ninos de 2 anos de < 5,2005-11-01,89,89,90,179
OMEREQUE,nutricion y desarrollo infantil,controles repetidos en ninos de 2 anos de < 5,2005-11-01,37,37,34,71
ORURO,nutricion y desarrollo infantil,controles repetidos en ninos de 2 anos de < 5,2005-11-01,730,730,732,1462
PADCAYA,nutricion y desarrollo infantil,controles repetidos en ninos de 2 anos de < 5,2005-11-01,205,205,207,412
PADILLA,nutricion y desarrollo infantil,controles repetidos en ninos de 2 anos de < 5,2005-11-01,230,230,221,451
PAILON,nutricion y desarrollo infantil,controles repetidos en ninos de 2 anos de < 5,2005-11-01,43,43,53,96
PALCA,nutricion y desarrollo infantil,controles repetidos en ninos de 2 anos de < 5,2005-11-01,32,32,37,69
PALOS BLANCOS,nutricion y desarrollo infantil,controles repetidos en ninos de 2 anos de < 5,2005-11-01,252,252,202,454
PAMPA AULLAGAS,nutricion y desarrollo infantil,controles repetidos en ninos de 2 anos de < 5,2005-11-01,20,20,24,44
PAMPA GRANDE,nutricion y desarrollo infantil,controles repetidos en ninos de 2 anos de < 5,2005-11-01,52,52,52,104
PAPEL PAMPA,nutricion y desarrollo infantil,controles repetidos en ninos de 2 anos de < 5,2005-11-01,14,14,15,29
PASORAPA,nutricion y desarrollo infantil,controles repetidos en ninos de 2 anos de < 5,2005-11-01,61,61,53,114
PATACAMAYA,nutricion y desarrollo infantil,controles repetidos en ninos de 2 anos de < 5,2005-11-01,124,124,133,257
PAZÑA,nutricion y desarrollo infantil,controles repetidos en ninos de 2 anos de < 5,2005-11-01,38,38,42,80
PELECHUCO,nutricion y desarrollo infantil,controles repetidos en ninos de 2 anos de < 5,2005-11-01,32,32,31,63
POCOATA,nutricion y desarrollo infantil,controles repetidos en ninos de 2 anos de < 5,2005-11-01,241,241,241,482
POCONA,nutricion y desarrollo infantil,controles repetidos en ninos de 2 anos de < 5,2005-11-01,48,48,67,115
POJO (CBBA),nutricion y desarrollo infantil,controles repetidos en ninos de 2 anos de < 5,2005-11-01,136,136,150,286
POOPO,nutricion y desarrollo infantil,controles repetidos en ninos de 2 anos de < 5,2005-11-01,42,42,43,85
PORCO,nutricion y desarrollo infantil,controles repetidos en ninos de 2 anos de < 5,2005-11-01,70,70,62,132
POROMA,nutricion y desarrollo infantil,controles repetidos en ninos de 2 anos de < 5,2005-11-01,267,267,269,536
PORONGO,nutricion y desarrollo infantil,controles repetidos en ninos de 2 anos de < 5,2005-11-01,36,36,16,52
PORTACHUELO,nutricion y desarrollo infantil,controles repetidos en ninos de 2 anos de < 5,2005-11-01,183,183,159,342
PORVENIR,nutricion y desarrollo infantil,controles repetidos en ninos de 2 anos de < 5,2005-11-01,30,30,32,62
POSTRER VALLE,nutricion y desarrollo infantil,controles repetidos en ninos de 2 anos de < 5,2005-11-01,12,12,12,24
POTOSI,nutricion y desarrollo infantil,controles repetidos en ninos de 2 anos de < 5,2005-11-01,610,610,570,1180
PRESTO,nutricion y desarrollo infantil,controles repetidos en ninos de 2 anos de < 5,2005-11-01,198,198,231,429
PUCARA,nutricion y desarrollo infantil,controles repetidos en ninos de 2 anos de < 5,2005-11-01,11,11,6,17
PUCARANI,nutricion y desarrollo infantil,controles repetidos en ninos de 2 anos de < 5,2005-11-01,263,263,233,496
PUERTO ACOSTA,nutricion y desarrollo infantil,controles repetidos en ninos de 2 anos de < 5,2005-11-01,166,166,179,345
PUERTO CARABUCO,nutricion y desarrollo infantil,controles repetidos en ninos de 2 anos de < 5,2005-11-01,85,85,92,177
PUERTO GONZALO MORENO,nutricion y desarrollo infantil,controles repetidos en ninos de 2 anos de < 5,2005-11-01,61,61,64,125
PUERTO PEREZ,nutricion y desarrollo infantil,controles repetidos en ninos de 2 anos de < 5,2005-11-01,64,64,50,114
PUERTO QUIJARRO,nutricion y desarrollo infantil,controles repetidos en ninos de 2 anos de < 5,2005-11-01,50,50,37,87
PUERTO RICO,nutricion y desarrollo infantil,controles repetidos en ninos de 2 anos de < 5,2005-11-01,118,118,132,250
PUERTO SILES,nutricion y desarrollo infantil,controles repetidos en ninos de 2 anos de < 5,2005-11-01,35,35,38,73
PUERTO SUAREZ,nutricion y desarrollo infantil,controles repetidos en ninos de 2 anos de < 5,2005-11-01,34,34,33,67
PUERTO VILLARROEL,nutricion y desarrollo infantil,controles repetidos en ninos de 2 anos de < 5,2005-11-01,130,130,137,267
PUNA,nutricion y desarrollo infantil,controles repetidos en ninos de 2 anos de < 5,2005-11-01,284,284,298,582
PUNATA,nutricion y desarrollo infantil,controles repetidos en ninos de 2 anos de < 5,2005-11-01,101,101,84,185
QUIABAYA,nutricion y desarrollo infantil,controles repetidos en ninos de 2 anos de < 5,2005-11-01,18,18,24,42
QUILLACOLLO,nutricion y desarrollo infantil,controles repetidos en ninos de 2 anos de < 5,2005-11-01,63,63,49,112
QUIME,nutricion y desarrollo infantil,controles repetidos en ninos de 2 anos de < 5,2005-11-01,86,86,78,164
QUIRUSILLAS,nutricion y desarrollo infantil,controles repetidos en ninos de 2 anos de < 5,2005-11-01,16,16,16,32
RAVELO,nutricion y desarrollo infantil,controles repetidos en ninos de 2 anos de < 5,2005-11-01,438,438,439,877
REYES,nutricion y desarrollo infantil,controles repetidos en ninos de 2 anos de < 5,2005-11-01,114,114,105,219
RIBERALTA,nutricion y desarrollo infantil,controles repetidos en ninos de 2 anos de < 5,2005-11-01,490,490,457,947
ROBORE,nutricion y desarrollo infantil,controles repetidos en ninos de 2 anos de < 5,2005-11-01,115,115,82,197
RURRENABAQUE,nutricion y desarrollo infantil,controles repetidos en ninos de 2 anos de < 5,2005-11-01,72,72,69,141
SABAYA,nutricion y desarrollo infantil,controles repetidos en ninos de 2 anos de < 5,2005-11-01,8,8,15,23
SACABA,nutricion y desarrollo infantil,controles repetidos en ninos de 2 anos de < 5,2005-11-01,205,205,217,422
SACABAMBA,nutricion y desarrollo infantil,controles repetidos en ninos de 2 anos de < 5,2005-11-01,27,27,30,57
SACACA,nutricion y desarrollo infantil,controles repetidos en ninos de 2 anos de < 5,2005-11-01,477,477,414,891
SAIPINA,nutricion y desarrollo infantil,controles repetidos en ninos de 2 anos de < 5,2005-11-01,49,49,45,94
SALINAS DE GARCI MENDOZA,nutricion y desarrollo infantil,controles repetidos en ninos de 2 anos de < 5,2005-11-01,117,117,96,213
SAMAIPATA,nutricion y desarrollo infantil,controles repetidos en ninos de 2 anos de < 5,2005-11-01,69,69,54,123
SAN AGUSTIN,nutricion y desarrollo infantil,controles repetidos en ninos de 2 anos de < 5,2005-11-01,21,21,24,45
SAN ANDRES,nutricion y desarrollo infantil,controles repetidos en ninos de 2 anos de < 5,2005-11-01,85,85,83,168
SAN ANDRES DE MACHACA,nutricion y desarrollo infantil,controles repetidos en ninos de 2 anos de < 5,2005-11-01,49,49,40,89
SAN ANTONIO DE ESMORUCO,nutricion y desarrollo infantil,controles repetidos en ninos de 2 anos de < 5,2005-11-01,11,11,13,24
SAN ANTONIO DE LOMERIO,nutricion y desarrollo infantil,controles repetidos en ninos de 2 anos de < 5,2005-11-01,138,138,138,276
SAN BENITO,nutricion y desarrollo infantil,controles repetidos en ninos de 2 anos de < 5,2005-11-01,54,54,39,93
SAN BORJA,nutricion y desarrollo infantil,controles repetidos en ninos de 2 anos de < 5,2005-11-01,278,278,268,546
SAN BUENA VENTURA,nutricion y desarrollo infantil,controles repetidos en ninos de 2 anos de < 5,2005-11-01,100,100,93,193
SAN CARLOS,nutricion y desarrollo infantil,controles repetidos en ninos de 2 anos de < 5,2005-11-01,120,120,113,233
SAN IGNACIO,nutricion y desarrollo infantil,controles repetidos en ninos de 2 anos de < 5,2005-11-01,211,211,182,393
SAN IGNACIO DE VELASCO,nutricion y desarrollo infantil,controles repetidos en ninos de 2 anos de < 5,2005-11-01,467,467,471,938
SAN JAVIER(BNI),nutricion y desarrollo infantil,controles repetidos en ninos de 2 anos de < 5,2005-11-01,47,47,51,98
SAN JAVIER(STC),nutricion y desarrollo infantil,controles repetidos en ninos de 2 anos de < 5,2005-11-01,89,89,59,148
SAN JOAQUIN,nutricion y desarrollo infantil,controles repetidos en ninos de 2 anos de < 5,2005-11-01,38,38,25,63
SAN JOSE DE CHIQUITOS,nutricion y desarrollo infantil,controles repetidos en ninos de 2 anos de < 5,2005-11-01,100,100,82,182
SAN JUAN DE YAPACANI,nutricion y desarrollo infantil,controles repetidos en ninos de 2 anos de < 5,2005-11-01,146,146,115,261
SAN JULIAN,nutricion y desarrollo infantil,controles repetidos en ninos de 2 anos de < 5,2005-11-01,309,309,336,645
SAN LORENZO(PND),nutricion y desarrollo infantil,controles repetidos en ninos de 2 anos de < 5,2005-11-01,19,19,13,32
SAN LORENZO(TJA),nutricion y desarrollo infantil,controles repetidos en ninos de 2 anos de < 5,2005-11-01,187,187,155,342
SAN LUCAS,nutricion y desarrollo infantil,controles repetidos en ninos de 2 anos de < 5,2005-11-01,680,680,692,1372
SAN MATIAS,nutricion y desarrollo infantil,controles repetidos en ninos de 2 anos de < 5,2005-11-01,142,142,132,274
SAN MIGUEL DE VELASCO,nutricion y desarrollo infantil,controles repetidos en ninos de 2 anos de < 5,2005-11-01,108,108,150,258
SAN PABLO DE LIPEZ,nutricion y desarrollo infantil,controles repetidos en ninos de 2 anos de < 5,2005-11-01,28,28,16,44
SAN PEDRO,nutricion y desarrollo infantil,controles repetidos en ninos de 2 anos de < 5,2005-11-01,76,76,55,131
SAN PEDRO DE BUENA VISTA,nutricion y desarrollo infantil,controles repetidos en ninos de 2 anos de < 5,2005-11-01,445,445,370,815
SAN PEDRO DE CURAHUARA,nutricion y desarrollo infantil,controles repetidos en ninos de 2 anos de < 5,2005-11-01,65,65,66,131
SAN PEDRO DE QUEMES,nutricion y desarrollo infantil,controles repetidos en ninos de 2 anos de < 5,2005-11-01,7,7,10,17
SAN PEDRO DE TIQUINA,nutricion y desarrollo infantil,controles repetidos en ninos de 2 anos de < 5,2005-11-01,27,27,26,53
SAN RAFAEL,nutricion y desarrollo infantil,controles repetidos en ninos de 2 anos de < 5,2005-11-01,118,118,126,244
SAN RAMON,nutricion y desarrollo infantil,controles repetidos en ninos de 2 anos de < 5,2005-11-01,37,37,28,65
SAN RAMON,nutricion y desarrollo infantil,controles repetidos en ninos de 2 anos de < 5,2005-11-01,24,24,20,44
SANTA ANA,nutricion y desarrollo infantil,controles repetidos en ninos de 2 anos de < 5,2005-11-01,68,68,61,129
SANTA CRUZ DE LA SIERRA,nutricion y desarrollo infantil,controles repetidos en ninos de 2 anos de < 5,2005-11-01,3040,3040,2723,5763
SANTA ROSA,nutricion y desarrollo infantil,controles repetidos en ninos de 2 anos de < 5,2005-11-01,41,41,50,91
SANTA ROSA DEL SARA,nutricion y desarrollo infantil,controles repetidos en ninos de 2 anos de < 5,2005-11-01,114,114,101,215
SANTIAGO DE CALLAPA,nutricion y desarrollo infantil,controles repetidos en ninos de 2 anos de < 5,2005-11-01,31,31,22,53
SANTIAGO DE HUARI,nutricion y desarrollo infantil,controles repetidos en ninos de 2 anos de < 5,2005-11-01,72,72,77,149
SANTIAGO DE MACHACA,nutricion y desarrollo infantil,controles repetidos en ninos de 2 anos de < 5,2005-11-01,12,12,6,18
SANTIVAÑES,nutricion y desarrollo infantil,controles repetidos en ninos de 2 anos de < 5,2005-11-01,55,55,44,99
SANTUARIO DE QUILLACAS,nutricion y desarrollo infantil,controles repetidos en ninos de 2 anos de < 5,2005-11-01,25,25,22,47
SAPAHAQUI,nutricion y desarrollo infantil,controles repetidos en ninos de 2 anos de < 5,2005-11-01,83,83,100,183
SENA,nutricion y desarrollo infantil,controles repetidos en ninos de 2 anos de < 5,2005-11-01,52,52,42,94
SICA SICA (VILLA AROMA),nutricion y desarrollo infantil,controles repetidos en ninos de 2 anos de < 5,2005-11-01,138,138,138,276
SICAYA,nutricion y desarrollo infantil,controles repetidos en ninos de 2 anos de < 5,2005-11-01,26,26,17,43
SIPE SIPE,nutricion y desarrollo infantil,controles repetidos en ninos de 2 anos de < 5,2005-11-01,400,400,386,786
SOPACHUY,nutricion y desarrollo infantil,controles repetidos en ninos de 2 anos de < 5,2005-11-01,125,125,116,241
SORACACHI,nutricion y desarrollo infantil,controles repetidos en ninos de 2 anos de < 5,2005-11-01,60,60,58,118
SORATA,nutricion y desarrollo infantil,controles repetidos en ninos de 2 anos de < 5,2005-11-01,110,110,98,208
SUCRE,nutricion y desarrollo infantil,controles repetidos en ninos de 2 anos de < 5,2005-11-01,1421,1421,1456,2877
TACACHI,nutricion y desarrollo infantil,controles repetidos en ninos de 2 anos de < 5,2005-11-01,4,4,8,12
TACACOMA,nutricion y desarrollo infantil,controles repetidos en ninos de 2 anos de < 5,2005-11-01,49,49,40,89
TACOBAMBA,nutricion y desarrollo infantil,controles repetidos en ninos de 2 anos de < 5,2005-11-01,134,134,95,229
TACOPAYA,nutricion y desarrollo infantil,controles repetidos en ninos de 2 anos de < 5,2005-11-01,117,117,144,261
TAHUA,nutricion y desarrollo infantil,controles repetidos en ninos de 2 anos de < 5,2005-11-01,9,9,11,20
TAPACARI,nutricion y desarrollo infantil,controles repetidos en ninos de 2 anos de < 5,2005-11-01,213,213,204,417
TARABUCO,nutricion y desarrollo infantil,controles repetidos en ninos de 2 anos de < 5,2005-11-01,593,593,595,1188
TARACO,nutricion y desarrollo infantil,controles repetidos en ninos de 2 anos de < 5,2005-11-01,24,24,36,60
TARATA,nutricion y desarrollo infantil,controles repetidos en ninos de 2 anos de < 5,2005-11-01,26,26,19,45
TARIJA,nutricion y desarrollo infantil,controles repetidos en ninos de 2 anos de < 5,2005-11-01,548,548,629,1177
TARVITA,nutricion y desarrollo infantil,controles repetidos en ninos de 2 anos de < 5,2005-11-01,338,338,330,668
TEOPONTE,nutricion y desarrollo infantil,controles repetidos en ninos de 2 anos de < 5,2005-11-01,69,69,49,118
TIAWANACU,nutricion y desarrollo infantil,controles repetidos en ninos de 2 anos de < 5,2005-11-01,82,82,82,164
TINGUIPAYA,nutricion y desarrollo infantil,controles repetidos en ninos de 2 anos de < 5,2005-11-01,233,233,239,472
TIPUANI,nutricion y desarrollo infantil,controles repetidos en ninos de 2 anos de < 5,2005-11-01,50,50,29,79
TIQUIPAYA,nutricion y desarrollo infantil,controles repetidos en ninos de 2 anos de < 5,2005-11-01,45,45,49,94
TIRAQUE (CBBA),nutricion y desarrollo infantil,controles repetidos en ninos de 2 anos de < 5,2005-11-01,114,114,121,235
TITO YUPANQUI (PARQUIPUJIO),nutricion y desarrollo infantil,controles repetidos en ninos de 2 anos de < 5,2005-11-01,14,14,13,27
TOCO,nutricion y desarrollo infantil,controles repetidos en ninos de 2 anos de < 5,2005-11-01,57,57,48,105
TODOS SANTOS,nutricion y desarrollo infantil,controles repetidos en ninos de 2 anos de < 5,2005-11-01,1,1,2,3
TOLATA,nutricion y desarrollo infantil,controles repetidos en ninos de 2 anos de < 5,2005-11-01,15,15,11,26
TOLEDO,nutricion y desarrollo infantil,controles repetidos en ninos de 2 anos de < 5,2005-11-01,42,42,53,95
TOMAVE,nutricion y desarrollo infantil,controles repetidos en ninos de 2 anos de < 5,2005-11-01,135,135,144,279
TOMINA,nutricion y desarrollo infantil,controles repetidos en ninos de 2 anos de < 5,2005-11-01,229,229,248,477
TORO TORO,nutricion y desarrollo infantil,controles repetidos en ninos de 2 anos de < 5,2005-11-01,147,147,176,323
TOTORA(CBBA),nutricion y desarrollo infantil,controles repetidos en ninos de 2 anos de < 5,2005-11-01,37,37,48,85
TOTORA(ORR),nutricion y desarrollo infantil,controles repetidos en ninos de 2 anos de < 5,2005-11-01,40,40,53,93
TRIGAL,nutricion y desarrollo infantil,controles repetidos en ninos de 2 anos de < 5,2005-11-01,20,20,25,45
TRINIDAD,nutricion y desarrollo infantil,controles repetidos en ninos de 2 anos de < 5,2005-11-01,274,274,303,577
TUPIZA,nutricion y desarrollo infantil,controles repetidos en ninos de 2 anos de < 5,2005-11-01,348,348,327,675
TURCO,nutricion y desarrollo infantil,controles repetidos en ninos de 2 anos de < 5,2005-11-01,30,30,23,53
UMALA,nutricion y desarrollo infantil,controles repetidos en ninos de 2 anos de < 5,2005-11-01,17,17,21,38
UNCIA,nutricion y desarrollo infantil,controles repetidos en ninos de 2 anos de < 5,2005-11-01,195,195,170,365
URIONDO (A. CONCEPCION),nutricion y desarrollo infantil,controles repetidos en ninos de 2 anos de < 5,2005-11-01,205,205,220,425
URUBICHA,nutricion y desarrollo infantil,controles repetidos en ninos de 2 anos de < 5,2005-11-01,4,4,2,6
UYUNI,nutricion y desarrollo infantil,controles repetidos en ninos de 2 anos de < 5,2005-11-01,174,174,205,379
VACAS,nutricion y desarrollo infantil,controles repetidos en ninos de 2 anos de < 5,2005-11-01,47,47,69,116
VALLEGRANDE,nutricion y desarrollo infantil,controles repetidos en ninos de 2 anos de < 5,2005-11-01,100,100,119,219
VIACHA,nutricion y desarrollo infantil,controles repetidos en ninos de 2 anos de < 5,2005-11-01,108,108,102,210
VILA VILA,nutricion y desarrollo infantil,controles repetidos en ninos de 2 anos de < 5,2005-11-01,54,54,51,105
VILLA MONTES,nutricion y desarrollo infantil,controles repetidos en ninos de 2 anos de < 5,2005-11-01,180,180,179,359
VILLA NUEVA (LOMA ALTA),nutricion y desarrollo infantil,controles repetidos en ninos de 2 anos de < 5,2005-11-01,26,26,28,54
VILLA RIVERO,nutricion y desarrollo infantil,controles repetidos en ninos de 2 anos de < 5,2005-11-01,24,24,26,50
VILLA SERRANO,nutricion y desarrollo infantil,controles repetidos en ninos de 2 anos de < 5,2005-11-01,298,298,297,595
VILLA TUNARI,nutricion y desarrollo infantil,controles repetidos en ninos de 2 anos de < 5,2005-11-01,310,310,296,606
VILLA VACA GUZMAN (MUYUPAMPA),nutricion y desarrollo infantil,controles repetidos en ninos de 2 anos de < 5,2005-11-01,285,285,320,605
VILLAZON,nutricion y desarrollo infantil,controles repetidos en ninos de 2 anos de < 5,2005-11-01,233,233,270,503
VINTO,nutricion y desarrollo infantil,controles repetidos en ninos de 2 anos de < 5,2005-11-01,27,27,27,54
VITICHI,nutricion y desarrollo infantil,controles repetidos en ninos de 2 anos de < 5,2005-11-01,148,148,163,311
WALDO BALLIVIAN,nutricion y desarrollo infantil,controles repetidos en ninos de 2 anos de < 5,2005-11-01,12,12,16,28
WARNES,nutricion y desarrollo infantil,controles repetidos en ninos de 2 anos de < 5,2005-11-01,362,362,314,676
YACO,nutricion y desarrollo infantil,controles repetidos en ninos de 2 anos de < 5,2005-11-01,67,67,54,121
YACUIBA,nutricion y desarrollo infantil,controles repetidos en ninos de 2 anos de < 5,2005-11-01,283,283,234,517
YAMPARAEZ,nutricion y desarrollo infantil,controles repetidos en ninos de 2 anos de < 5,2005-11-01,318,318,292,610
YANACACHI,nutricion y desarrollo infantil,controles repetidos en ninos de 2 anos de < 5,2005-11-01,34,34,32,66
YAPACANI,nutricion y desarrollo infantil,controles repetidos en ninos de 2 anos de < 5,2005-11-01,292,292,269,561
YOCALLA,nutricion y desarrollo infantil,controles repetidos en ninos de 2 anos de < 5,2005-11-01,45,45,53,98
YOTALA,nutricion y desarrollo infantil,controles repetidos en ninos de 2 anos de < 5,2005-11-01,159,159,193,352
YUNCHARA,nutricion y desarrollo infantil,controles repetidos en ninos de 2 anos de < 5,2005-11-01,116,116,117,233
ZUDAÑEZ,nutricion y desarrollo infantil,controles repetidos en ninos de 2 anos de < 5,2005-11-01,181,181,188,369
ACACIO,nutricion y desarrollo infantil,controles repetidos en ninos de 2 anos de < 5,2005-12-01,147,147,144,291
ACHACACHI,nutricion y desarrollo infantil,controles repetidos en ninos de 2 anos de < 5,2005-12-01,270,270,252,522
ACHOCALLA,nutricion y desarrollo infantil,controles repetidos en ninos de 2 anos de < 5,2005-12-01,31,31,24,55
AIQUILE,nutricion y desarrollo infantil,controles repetidos en ninos de 2 anos de < 5,2005-12-01,43,43,42,85
ALCALA,nutricion y desarrollo infantil,controles repetidos en ninos de 2 anos de < 5,2005-12-01,74,74,55,129
ANCORAIMES,nutricion y desarrollo infantil,controles repetidos en ninos de 2 anos de < 5,2005-12-01,27,27,38,65
ANDAMARCA,nutricion y desarrollo infantil,controles repetidos en ninos de 2 anos de < 5,2005-12-01,22,22,25,47
ANTEQUERA,nutricion y desarrollo infantil,controles repetidos en ninos de 2 anos de < 5,2005-12-01,25,25,15,40
ANZALDO,nutricion y desarrollo infantil,controles repetidos en ninos de 2 anos de < 5,2005-12-01,10,10,8,18
APOLO,nutricion y desarrollo infantil,controles repetidos en ninos de 2 anos de < 5,2005-12-01,81,81,99,180
ARAMPAMPA,nutricion y desarrollo infantil,controles repetidos en ninos de 2 anos de < 5,2005-12-01,126,126,124,250
ARANI,nutricion y desarrollo infantil,controles repetidos en ninos de 2 anos de < 5,2005-12-01,18,18,22,40
ARBIETO,nutricion y desarrollo infantil,controles repetidos en ninos de 2 anos de < 5,2005-12-01,16,16,8,24
ARQUE,nutricion y desarrollo infantil,controles repetidos en ninos de 2 anos de < 5,2005-12-01,99,99,71,170
ASCENCION DE GUARAYOS,nutricion y desarrollo infantil,controles repetidos en ninos de 2 anos de < 5,2005-12-01,374,374,378,752
ATOCHA,nutricion y desarrollo infantil,controles repetidos en ninos de 2 anos de < 5,2005-12-01,134,134,127,261
AUCAPATA,nutricion y desarrollo infantil,controles repetidos en ninos de 2 anos de < 5,2005-12-01,21,21,32,53
AYATA,nutricion y desarrollo infantil,controles repetidos en ninos de 2 anos de < 5,2005-12-01,73,73,71,144
AYO AYO,nutricion y desarrollo infantil,controles repetidos en ninos de 2 anos de < 5,2005-12-01,38,38,33,71
AYOPAYA (V. DE INDEPENDENCIA),nutricion y desarrollo infantil,controles repetidos en ninos de 2 anos de < 5,2005-12-01,131,131,118,249
AZURDUY,nutricion y desarrollo infantil,controles repetidos en ninos de 2 anos de < 5,2005-12-01,278,278,271,549
BATALLAS,nutricion y desarrollo infantil,controles repetidos en ninos de 2 anos de < 5,2005-12-01,12,12,35,47
BAURES,nutricion y desarrollo infantil,controles repetidos en ninos de 2 anos de < 5,2005-12-01,21,21,30,51
BELEN DE ANDAMARCA,nutricion y desarrollo infantil,controles repetidos en ninos de 2 anos de < 5,2005-12-01,8,8,6,14
BELEN DE URMIRI,nutricion y desarrollo infantil,controles repetidos en ninos de 2 anos de < 5,2005-12-01,18,18,15,33
BELLA FLOR,nutricion y desarrollo infantil,controles repetidos en ninos de 2 anos de < 5,2005-12-01,62,62,63,125
BERMEJO,nutricion y desarrollo infantil,controles repetidos en ninos de 2 anos de < 5,2005-12-01,61,61,44,105
BETANZOS,nutricion y desarrollo infantil,controles repetidos en ninos de 2 anos de < 5,2005-12-01,305,305,323,628
BOLIVAR,nutricion y desarrollo infantil,controles repetidos en ninos de 2 anos de < 5,2005-12-01,90,90,85,175
BOLPEBRA,nutricion y desarrollo infantil,controles repetidos en ninos de 2 anos de < 5,2005-12-01,10,10,6,16
BOYUIBE,nutricion y desarrollo infantil,controles repetidos en ninos de 2 anos de < 5,2005-12-01,25,25,31,56
BUENA VISTA,nutricion y desarrollo infantil,controles repetidos en ninos de 2 anos de < 5,2005-12-01,146,146,128,274
CABEZAS,nutricion y desarrollo infantil,controles repetidos en ninos de 2 anos de < 5,2005-12-01,80,80,69,149
CAIROMA,nutricion y desarrollo infantil,controles repetidos en ninos de 2 anos de < 5,2005-12-01,94,94,135,229
"CAIZA ""D""",nutricion y desarrollo infantil,controles repetidos en ninos de 2 anos de < 5,2005-12-01,60,60,80,140
CAJUATA,nutricion y desarrollo infantil,controles repetidos en ninos de 2 anos de < 5,2005-12-01,24,24,25,49
CALACOTO,nutricion y desarrollo infantil,controles repetidos en ninos de 2 anos de < 5,2005-12-01,41,41,43,84
CALAMARCA,nutricion y desarrollo infantil,controles repetidos en ninos de 2 anos de < 5,2005-12-01,127,127,135,262
CAMARGO,nutricion y desarrollo infantil,controles repetidos en ninos de 2 anos de < 5,2005-12-01,184,184,198,382
CAMATAQUI (C. VILLA ABECIA),nutricion y desarrollo infantil,controles repetidos en ninos de 2 anos de < 5,2005-12-01,50,50,48,98
CAMIRI,nutricion y desarrollo infantil,controles repetidos en ninos de 2 anos de < 5,2005-12-01,237,237,219,456
CAPINOTA,nutricion y desarrollo infantil,controles repetidos en ninos de 2 anos de < 5,2005-12-01,412,412,416,828
CAQUIAVIRI,nutricion y desarrollo infantil,controles repetidos en ninos de 2 anos de < 5,2005-12-01,29,29,25,54
CARACOLLO,nutricion y desarrollo infantil,controles repetidos en ninos de 2 anos de < 5,2005-12-01,77,77,82,159
CARANAVI,nutricion y desarrollo infantil,controles repetidos en ninos de 2 anos de < 5,2005-12-01,265,265,279,544
CARAPARI,nutricion y desarrollo infantil,controles repetidos en ninos de 2 anos de < 5,2005-12-01,96,96,80,176
CARIPUYO,nutricion y desarrollo infantil,controles repetidos en ninos de 2 anos de < 5,2005-12-01,59,59,63,122
CARMEN RIVERO TORREZ,nutricion y desarrollo infantil,controles repetidos en ninos de 2 anos de < 5,2005-12-01,12,12,15,27
CHACARILLA,nutricion y desarrollo infantil,controles repetidos en ninos de 2 anos de < 5,2005-12-01,9,9,22,31
CHALLAPATA,nutricion y desarrollo infantil,controles repetidos en ninos de 2 anos de < 5,2005-12-01,156,156,139,295
CHAQUI,nutricion y desarrollo infantil,controles repetidos en ninos de 2 anos de < 5,2005-12-01,66,66,81,147
CHARAGUA,nutricion y desarrollo infantil,controles repetidos en ninos de 2 anos de < 5,2005-12-01,189,189,165,354
CHARAÑA,nutricion y desarrollo infantil,controles repetidos en ninos de 2 anos de < 5,2005-12-01,20,20,16,36
CHAYANTA,nutricion y desarrollo infantil,controles repetidos en ninos de 2 anos de < 5,2005-12-01,124,124,117,241
CHIMORE,nutricion y desarrollo infantil,controles repetidos en ninos de 2 anos de < 5,2005-12-01,39,39,26,65
CHIPAYA,nutricion y desarrollo infantil,controles repetidos en ninos de 2 anos de < 5,2005-12-01,7,7,11,18
CHOQUE COTA,nutricion y desarrollo infantil,controles repetidos en ninos de 2 anos de < 5,2005-12-01,2,2,4,6
CHULUMANI (V. DE LA LIBERTAD),nutricion y desarrollo infantil,controles repetidos en ninos de 2 anos de < 5,2005-12-01,19,19,13,32
CHUMA,nutricion y desarrollo infantil,controles repetidos en ninos de 2 anos de < 5,2005-12-01,48,48,52,100
CLIZA,nutricion y desarrollo infantil,controles repetidos en ninos de 2 anos de < 5,2005-12-01,52,52,36,88
COBIJA,nutricion y desarrollo infantil,controles repetidos en ninos de 2 anos de < 5,2005-12-01,165,165,161,326
COCHABAMBA,nutricion y desarrollo infantil,controles repetidos en ninos de 2 anos de < 5,2005-12-01,973,973,799,1772
COIPASA,nutricion y desarrollo infantil,controles repetidos en ninos de 2 anos de < 5,2005-12-01,1,1,2,3
COLCAPIRHUA,nutricion y desarrollo infantil,controles repetidos en ninos de 2 anos de < 5,2005-12-01,47,47,43,90
"COLCHA ""K""",nutricion y desarrollo infantil,controles repetidos en ninos de 2 anos de < 5,2005-12-01,114,114,135,249
COLLANA,nutricion y desarrollo infantil,controles repetidos en ninos de 2 anos de < 5,2005-12-01,11,11,7,18
COLOMI,nutricion y desarrollo infantil,controles repetidos en ninos de 2 anos de < 5,2005-12-01,56,56,53,109
COLPA BELGICA,nutricion y desarrollo infantil,controles repetidos en ninos de 2 anos de < 5,2005-12-01,28,28,30,58
COLQUECHACA,nutricion y desarrollo infantil,controles repetidos en ninos de 2 anos de < 5,2005-12-01,286,286,387,673
COLQUENCHA,nutricion y desarrollo infantil,controles repetidos en ninos de 2 anos de < 5,2005-12-01,45,45,38,83
COLQUIRI,nutricion y desarrollo infantil,controles repetidos en ninos de 2 anos de < 5,2005-12-01,108,108,114,222
COMANCHE,nutricion y desarrollo infantil,controles repetidos en ninos de 2 anos de < 5,2005-12-01,21,21,17,38
COMARAPA,nutricion y desarrollo infantil,controles repetidos en ninos de 2 anos de < 5,2005-12-01,82,82,67,149
COMBAYA,nutricion y desarrollo infantil,controles repetidos en ninos de 2 anos de < 5,2005-12-01,19,19,14,33
CONCEPCION,nutricion y desarrollo infantil,controles repetidos en ninos de 2 anos de < 5,2005-12-01,101,101,93,194
COPACABANA,nutricion y desarrollo infantil,controles repetidos en ninos de 2 anos de < 5,2005-12-01,30,30,25,55
CORIPATA,nutricion y desarrollo infantil,controles repetidos en ninos de 2 anos de < 5,2005-12-01,30,30,32,62
CORO CORO,nutricion y desarrollo infantil,controles repetidos en ninos de 2 anos de < 5,2005-12-01,57,57,57,114
COROICO,nutricion y desarrollo infantil,controles repetidos en ninos de 2 anos de < 5,2005-12-01,50,50,45,95
CORQUE,nutricion y desarrollo infantil,controles repetidos en ninos de 2 anos de < 5,2005-12-01,33,33,27,60
COTAGAITA,nutricion y desarrollo infantil,controles repetidos en ninos de 2 anos de < 5,2005-12-01,285,285,312,597
COTOCA,nutricion y desarrollo infantil,controles repetidos en ninos de 2 anos de < 5,2005-12-01,91,91,84,175
CUATRO CAÑADAS,nutricion y desarrollo infantil,controles repetidos en ninos de 2 anos de < 5,2005-12-01,64,64,67,131
CUCHUMUELA (V. G. VILLARROEL),nutricion y desarrollo infantil,controles repetidos en ninos de 2 anos de < 5,2005-12-01,2,2,1,3
CUEVO,nutricion y desarrollo infantil,controles repetidos en ninos de 2 anos de < 5,2005-12-01,34,34,32,66
CULPINA,nutricion y desarrollo infantil,controles repetidos en ninos de 2 anos de < 5,2005-12-01,349,349,351,700
CURAHUARA DE CARANGAS,nutricion y desarrollo infantil,controles repetidos en ninos de 2 anos de < 5,2005-12-01,38,38,34,72
CURVA,nutricion y desarrollo infantil,controles repetidos en ninos de 2 anos de < 5,2005-12-01,10,10,4,14
DESAGUADERO,nutricion y desarrollo infantil,controles repetidos en ninos de 2 anos de < 5,2005-12-01,25,25,17,42
EL ALTO,nutricion y desarrollo infantil,controles repetidos en ninos de 2 anos de < 5,2005-12-01,1771,1771,1718,3489
EL CHORO,nutricion y desarrollo infantil,controles repetidos en ninos de 2 anos de < 5,2005-12-01,7,7,10,17
EL PUENTE(STC),nutricion y desarrollo infantil,controles repetidos en ninos de 2 anos de < 5,2005-12-01,83,83,77,160
EL PUENTE(TJA),nutricion y desarrollo infantil,controles repetidos en ninos de 2 anos de < 5,2005-12-01,121,121,109,230
EL TORNO,nutricion y desarrollo infantil,controles repetidos en ninos de 2 anos de < 5,2005-12-01,130,130,97,227
EL VILLAR,nutricion y desarrollo infantil,controles repetidos en ninos de 2 anos de < 5,2005-12-01,118,118,101,219
ENTRE RIOS,nutricion y desarrollo infantil,controles repetidos en ninos de 2 anos de < 5,2005-12-01,119,119,101,220
ENTRE RIOS,nutricion y desarrollo infantil,controles repetidos en ninos de 2 anos de < 5,2005-12-01,172,172,165,337
ESCARA,nutricion y desarrollo infantil,controles repetidos en ninos de 2 anos de < 5,2005-12-01,1,1,0,1
EUCALIPTUS,nutricion y desarrollo infantil,controles repetidos en ninos de 2 anos de < 5,2005-12-01,32,32,20,52
EUREKA (SANTOS MERCADO),nutricion y desarrollo infantil,controles repetidos en ninos de 2 anos de < 5,2005-12-01,10,10,11,21
EXALTACION,nutricion y desarrollo infantil,controles repetidos en ninos de 2 anos de < 5,2005-12-01,15,15,17,32
FERNANDEZ ALONSO,nutricion y desarrollo infantil,controles repetidos en ninos de 2 anos de < 5,2005-12-01,114,114,123,237
FILADELFIA,nutricion y desarrollo infantil,controles repetidos en ninos de 2 anos de < 5,2005-12-01,38,38,29,67
GENERAL SAAVEDRA,nutricion y desarrollo infantil,controles repetidos en ninos de 2 anos de < 5,2005-12-01,188,188,167,355
GRAL. J.J. PEREZ (CHARAZANI),nutricion y desarrollo infantil,controles repetidos en ninos de 2 anos de < 5,2005-12-01,50,50,53,103
GUANAY,nutricion y desarrollo infantil,controles repetidos en ninos de 2 anos de < 5,2005-12-01,73,73,63,136
GUAQUI,nutricion y desarrollo infantil,controles repetidos en ninos de 2 anos de < 5,2005-12-01,23,23,16,39
GUAYARAMERIN,nutricion y desarrollo infantil,controles repetidos en ninos de 2 anos de < 5,2005-12-01,176,176,180,356
GUTIERREZ,nutricion y desarrollo infantil,controles repetidos en ninos de 2 anos de < 5,2005-12-01,250,250,260,510
HUACARETA,nutricion y desarrollo infantil,controles repetidos en ninos de 2 anos de < 5,2005-12-01,105,105,97,202
HUACAYA (VILLA DE HUACAYA),nutricion y desarrollo infantil,controles repetidos en ninos de 2 anos de < 5,2005-12-01,62,62,59,121
HUACHACALLA,nutricion y desarrollo infantil,controles repetidos en ninos de 2 anos de < 5,2005-12-01,3,3,2,5
HUANUNI,nutricion y desarrollo infantil,controles repetidos en ninos de 2 anos de < 5,2005-12-01,67,67,58,125
HUARACAJE,nutricion y desarrollo infantil,controles repetidos en ninos de 2 anos de < 5,2005-12-01,28,28,24,52
HUAYLLAMARCA,nutricion y desarrollo infantil,controles repetidos en ninos de 2 anos de < 5,2005-12-01,22,22,23,45
ICHOCA,nutricion y desarrollo infantil,controles repetidos en ninos de 2 anos de < 5,2005-12-01,19,19,15,34
ICLA,nutricion y desarrollo infantil,controles repetidos en ninos de 2 anos de < 5,2005-12-01,320,320,266,586
INCAHUASI,nutricion y desarrollo infantil,controles repetidos en ninos de 2 anos de < 5,2005-12-01,242,242,298,540
INGAVI (HUMAITA),nutricion y desarrollo infantil,controles repetidos en ninos de 2 anos de < 5,2005-12-01,17,17,7,24
INQUISIVI,nutricion y desarrollo infantil,controles repetidos en ninos de 2 anos de < 5,2005-12-01,109,109,124,233
IRUPANA (VILLA DE LANZA),nutricion y desarrollo infantil,controles repetidos en ninos de 2 anos de < 5,2005-12-01,92,92,82,174
IXIAMAS,nutricion y desarrollo infantil,controles repetidos en ninos de 2 anos de < 5,2005-12-01,74,74,51,125
JESUS DE MACHACA,nutricion y desarrollo infantil,controles repetidos en ninos de 2 anos de < 5,2005-12-01,48,48,48,96
LA ASUNTA,nutricion y desarrollo infantil,controles repetidos en ninos de 2 anos de < 5,2005-12-01,43,43,39,82
LA GUARDIA,nutricion y desarrollo infantil,controles repetidos en ninos de 2 anos de < 5,2005-12-01,179,179,196,375
LA PAZ,nutricion y desarrollo infantil,controles repetidos en ninos de 2 anos de < 5,2005-12-01,1655,1655,1661,3316
LA RIVERA,nutricion y desarrollo infantil,controles repetidos en ninos de 2 anos de < 5,2005-12-01,1,1,2,3
LAGUNILLAS,nutricion y desarrollo infantil,controles repetidos en ninos de 2 anos de < 5,2005-12-01,71,71,89,160
LAJA,nutricion y desarrollo infantil,controles repetidos en ninos de 2 anos de < 5,2005-12-01,48,48,57,105
LAS CARRERAS,nutricion y desarrollo infantil,controles repetidos en ninos de 2 anos de < 5,2005-12-01,75,75,84,159
LICOMA PAMPA,nutricion y desarrollo infantil,controles repetidos en ninos de 2 anos de < 5,2005-12-01,14,14,12,26
LLALLAGUA,nutricion y desarrollo infantil,controles repetidos en ninos de 2 anos de < 5,2005-12-01,274,274,311,585
LLICA,nutricion y desarrollo infantil,controles repetidos en ninos de 2 anos de < 5,2005-12-01,31,31,30,61
LORETO,nutricion y desarrollo infantil,controles repetidos en ninos de 2 anos de < 5,2005-12-01,48,48,38,86
LURIBAY,nutricion y desarrollo infantil,controles repetidos en ninos de 2 anos de < 5,2005-12-01,136,136,147,283
MACHACAMARCA,nutricion y desarrollo infantil,controles repetidos en ninos de 2 anos de < 5,2005-12-01,9,9,7,16
MACHARETI,nutricion y desarrollo infantil,controles repetidos en ninos de 2 anos de < 5,2005-12-01,160,160,177,337
MAGDALENA,nutricion y desarrollo infantil,controles repetidos en ninos de 2 anos de < 5,2005-12-01,22,22,32,54
MAIRANA,nutricion y desarrollo infantil,controles repetidos en ninos de 2 anos de < 5,2005-12-01,48,48,28,76
MALLA,nutricion y desarrollo infantil,controles repetidos en ninos de 2 anos de < 5,2005-12-01,45,45,34,79
MAPIRI,nutricion y desarrollo infantil,controles repetidos en ninos de 2 anos de < 5,2005-12-01,57,57,40,97
MECAPACA,nutricion y desarrollo infantil,controles repetidos en ninos de 2 anos de < 5,2005-12-01,40,40,44,84
MINEROS,nutricion y desarrollo infantil,controles repetidos en ninos de 2 anos de < 5,2005-12-01,122,122,148,270
MIZQUE,nutricion y desarrollo infantil,controles repetidos en ninos de 2 anos de < 5,2005-12-01,114,114,110,224
MOCOMOCO,nutricion y desarrollo infantil,controles repetidos en ninos de 2 anos de < 5,2005-12-01,58,58,45,103
MOJINETE,nutricion y desarrollo infantil,controles repetidos en ninos de 2 anos de < 5,2005-12-01,6,6,5,11
MOJOCOYA,nutricion y desarrollo infantil,controles repetidos en ninos de 2 anos de < 5,2005-12-01,157,157,132,289
MONTEAGUDO,nutricion y desarrollo infantil,controles repetidos en ninos de 2 anos de < 5,2005-12-01,349,349,278,627
MONTERO,nutricion y desarrollo infantil,controles repetidos en ninos de 2 anos de < 5,2005-12-01,629,629,607,1236
MORO MORO,nutricion y desarrollo infantil,controles repetidos en ninos de 2 anos de < 5,2005-12-01,19,19,15,34
MOROCHATA,nutricion y desarrollo infantil,controles repetidos en ninos de 2 anos de < 5,2005-12-01,92,92,102,194
NACEBE (SANTA ROSA DEL ABUNA),nutricion y desarrollo infantil,controles repetidos en ninos de 2 anos de < 5,2005-12-01,22,22,13,35
NAZACARA DE PACAJES,nutricion y desarrollo infantil,controles repetidos en ninos de 2 anos de < 5,2005-12-01,8,8,3,11
NUEVO MANOA (NUEVA ESPERANZA),nutricion y desarrollo infantil,controles repetidos en ninos de 2 anos de < 5,2005-12-01,38,38,20,58
OCURI,nutricion y desarrollo infantil,controles repetidos en ninos de 2 anos de < 5,2005-12-01,259,259,244,503
OKINAWA,nutricion y desarrollo infantil,controles repetidos en ninos de 2 anos de < 5,2005-12-01,79,79,84,163
OMEREQUE,nutricion y desarrollo infantil,controles repetidos en ninos de 2 anos de < 5,2005-12-01,48,48,38,86
ORURO,nutricion y desarrollo infantil,controles repetidos en ninos de 2 anos de < 5,2005-12-01,673,673,640,1313
PADCAYA,nutricion y desarrollo infantil,controles repetidos en ninos de 2 anos de < 5,2005-12-01,120,120,128,248
PADILLA,nutricion y desarrollo infantil,controles repetidos en ninos de 2 anos de < 5,2005-12-01,263,263,261,524
PAILON,nutricion y desarrollo infantil,controles repetidos en ninos de 2 anos de < 5,2005-12-01,74,74,84,158
PALCA,nutricion y desarrollo infantil,controles repetidos en ninos de 2 anos de < 5,2005-12-01,23,23,12,35
PALOS BLANCOS,nutricion y desarrollo infantil,controles repetidos en ninos de 2 anos de < 5,2005-12-01,167,167,194,361
PAMPA AULLAGAS,nutricion y desarrollo infantil,controles repetidos en ninos de 2 anos de < 5,2005-12-01,15,15,25,40
PAMPA GRANDE,nutricion y desarrollo infantil,controles repetidos en ninos de 2 anos de < 5,2005-12-01,49,49,48,97
PAPEL PAMPA,nutricion y desarrollo infantil,controles repetidos en ninos de 2 anos de < 5,2005-12-01,18,18,19,37
PASORAPA,nutricion y desarrollo infantil,controles repetidos en ninos de 2 anos de < 5,2005-12-01,71,71,64,135
PATACAMAYA,nutricion y desarrollo infantil,controles repetidos en ninos de 2 anos de < 5,2005-12-01,48,48,51,99
PAZÑA,nutricion y desarrollo infantil,controles repetidos en ninos de 2 anos de < 5,2005-12-01,30,30,32,62
PELECHUCO,nutricion y desarrollo infantil,controles repetidos en ninos de 2 anos de < 5,2005-12-01,26,26,28,54
POCOATA,nutricion y desarrollo infantil,controles repetidos en ninos de 2 anos de < 5,2005-12-01,238,238,254,492
POCONA,nutricion y desarrollo infantil,controles repetidos en ninos de 2 anos de < 5,2005-12-01,80,80,83,163
POJO (CBBA),nutricion y desarrollo infantil,controles repetidos en ninos de 2 anos de < 5,2005-12-01,32,32,30,62
POOPO,nutricion y desarrollo infantil,controles repetidos en ninos de 2 anos de < 5,2005-12-01,18,18,28,46
PORCO,nutricion y desarrollo infantil,controles repetidos en ninos de 2 anos de < 5,2005-12-01,32,32,37,69
POROMA,nutricion y desarrollo infantil,controles repetidos en ninos de 2 anos de < 5,2005-12-01,161,161,172,333
PORONGO,nutricion y desarrollo infantil,controles repetidos en ninos de 2 anos de < 5,2005-12-01,9,9,6,15
PORTACHUELO,nutricion y desarrollo infantil,controles repetidos en ninos de 2 anos de < 5,2005-12-01,172,172,152,324
PORVENIR,nutricion y desarrollo infantil,controles repetidos en ninos de 2 anos de < 5,2005-12-01,28,28,34,62
POSTRER VALLE,nutricion y desarrollo infantil,controles repetidos en ninos de 2 anos de < 5,2005-12-01,8,8,16,24
POTOSI,nutricion y desarrollo infantil,controles repetidos en ninos de 2 anos de < 5,2005-12-01,466,466,486,952
PRESTO,nutricion y desarrollo infantil,controles repetidos en ninos de 2 anos de < 5,2005-12-01,166,166,154,320
PUCARA,nutricion y desarrollo infantil,controles repetidos en ninos de 2 anos de < 5,2005-12-01,29,29,23,52
PUCARANI,nutricion y desarrollo infantil,controles repetidos en ninos de 2 anos de < 5,2005-12-01,110,110,111,221
PUERTO ACOSTA,nutricion y desarrollo infantil,controles repetidos en ninos de 2 anos de < 5,2005-12-01,81,81,111,192
PUERTO CARABUCO,nutricion y desarrollo infantil,controles repetidos en ninos de 2 anos de < 5,2005-12-01,78,78,89,167
PUERTO GONZALO MORENO,nutricion y desarrollo infantil,controles repetidos en ninos de 2 anos de < 5,2005-12-01,56,56,80,136
PUERTO PEREZ,nutricion y desarrollo infantil,controles repetidos en ninos de 2 anos de < 5,2005-12-01,70,70,56,126
PUERTO QUIJARRO,nutricion y desarrollo infantil,controles repetidos en ninos de 2 anos de < 5,2005-12-01,40,40,35,75
PUERTO RICO,nutricion y desarrollo infantil,controles repetidos en ninos de 2 anos de < 5,2005-12-01,23,23,26,49
PUERTO SUAREZ,nutricion y desarrollo infantil,controles repetidos en ninos de 2 anos de < 5,2005-12-01,33,33,38,71
PUERTO VILLARROEL,nutricion y desarrollo infantil,controles repetidos en ninos de 2 anos de < 5,2005-12-01,120,120,148,268
PUNA,nutricion y desarrollo infantil,controles repetidos en ninos de 2 anos de < 5,2005-12-01,214,214,239,453
PUNATA,nutricion y desarrollo infantil,controles repetidos en ninos de 2 anos de < 5,2005-12-01,103,103,92,195
QUIABAYA,nutricion y desarrollo infantil,controles repetidos en ninos de 2 anos de < 5,2005-12-01,8,8,8,16
QUILLACOLLO,nutricion y desarrollo infantil,controles repetidos en ninos de 2 anos de < 5,2005-12-01,111,111,86,197
QUIME,nutricion y desarrollo infantil,controles repetidos en ninos de 2 anos de < 5,2005-12-01,45,45,47,92
QUIRUSILLAS,nutricion y desarrollo infantil,controles repetidos en ninos de 2 anos de < 5,2005-12-01,6,6,11,17
RAVELO,nutricion y desarrollo infantil,controles repetidos en ninos de 2 anos de < 5,2005-12-01,314,314,328,642
REYES,nutricion y desarrollo infantil,controles repetidos en ninos de 2 anos de < 5,2005-12-01,91,91,88,179
RIBERALTA,nutricion y desarrollo infantil,controles repetidos en ninos de 2 anos de < 5,2005-12-01,446,446,407,853
ROBORE,nutricion y desarrollo infantil,controles repetidos en ninos de 2 anos de < 5,2005-12-01,106,106,76,182
RURRENABAQUE,nutricion y desarrollo infantil,controles repetidos en ninos de 2 anos de < 5,2005-12-01,62,62,57,119
SABAYA,nutricion y desarrollo infantil,controles repetidos en ninos de 2 anos de < 5,2005-12-01,27,27,34,61
SACABA,nutricion y desarrollo infantil,controles repetidos en ninos de 2 anos de < 5,2005-12-01,48,48,62,110
SACABAMBA,nutricion y desarrollo infantil,controles repetidos en ninos de 2 anos de < 5,2005-12-01,7,7,5,12
SACACA,nutricion y desarrollo infantil,controles repetidos en ninos de 2 anos de < 5,2005-12-01,462,462,440,902
SAIPINA,nutricion y desarrollo infantil,controles repetidos en ninos de 2 anos de < 5,2005-12-01,60,60,46,106
SALINAS DE GARCI MENDOZA,nutricion y desarrollo infantil,controles repetidos en ninos de 2 anos de < 5,2005-12-01,63,63,41,104
SAMAIPATA,nutricion y desarrollo infantil,controles repetidos en ninos de 2 anos de < 5,2005-12-01,99,99,82,181
SAN AGUSTIN,nutricion y desarrollo infantil,controles repetidos en ninos de 2 anos de < 5,2005-12-01,24,24,39,63
SAN ANDRES,nutricion y desarrollo infantil,controles repetidos en ninos de 2 anos de < 5,2005-12-01,38,38,36,74
SAN ANDRES DE MACHACA,nutricion y desarrollo infantil,controles repetidos en ninos de 2 anos de < 5,2005-12-01,9,9,14,23
SAN ANTONIO DE ESMORUCO,nutricion y desarrollo infantil,controles repetidos en ninos de 2 anos de < 5,2005-12-01,8,8,7,15
SAN ANTONIO DE LOMERIO,nutricion y desarrollo infantil,controles repetidos en ninos de 2 anos de < 5,2005-12-01,142,142,167,309
SAN BENITO,nutricion y desarrollo infantil,controles repetidos en ninos de 2 anos de < 5,2005-12-01,64,64,67,131
SAN BORJA,nutricion y desarrollo infantil,controles repetidos en ninos de 2 anos de < 5,2005-12-01,184,184,159,343
SAN BUENA VENTURA,nutricion y desarrollo infantil,controles repetidos en ninos de 2 anos de < 5,2005-12-01,71,71,68,139
SAN CARLOS,nutricion y desarrollo infantil,controles repetidos en ninos de 2 anos de < 5,2005-12-01,93,93,90,183
SAN IGNACIO,nutricion y desarrollo infantil,controles repetidos en ninos de 2 anos de < 5,2005-12-01,162,162,158,320
SAN IGNACIO DE VELASCO,nutricion y desarrollo infantil,controles repetidos en ninos de 2 anos de < 5,2005-12-01,369,369,359,728
SAN JAVIER(BNI),nutricion y desarrollo infantil,controles repetidos en ninos de 2 anos de < 5,2005-12-01,17,17,27,44
SAN JAVIER(STC),nutricion y desarrollo infantil,controles repetidos en ninos de 2 anos de < 5,2005-12-01,29,29,39,68
SAN JOAQUIN,nutricion y desarrollo infantil,controles repetidos en ninos de 2 anos de < 5,2005-12-01,38,38,54,92
SAN JOSE DE CHIQUITOS,nutricion y desarrollo infantil,controles repetidos en ninos de 2 anos de < 5,2005-12-01,66,66,47,113
SAN JUAN DE YAPACANI,nutricion y desarrollo infantil,controles repetidos en ninos de 2 anos de < 5,2005-12-01,80,80,85,165
SAN JULIAN,nutricion y desarrollo infantil,controles repetidos en ninos de 2 anos de < 5,2005-12-01,236,236,249,485
SAN LORENZO(PND),nutricion y desarrollo infantil,controles repetidos en ninos de 2 anos de < 5,2005-12-01,98,98,93,191
SAN LORENZO(TJA),nutricion y desarrollo infantil,controles repetidos en ninos de 2 anos de < 5,2005-12-01,166,166,164,330
SAN LUCAS,nutricion y desarrollo infantil,controles repetidos en ninos de 2 anos de < 5,2005-12-01,568,568,580,1148
SAN MATIAS,nutricion y desarrollo infantil,controles repetidos en ninos de 2 anos de < 5,2005-12-01,103,103,92,195
SAN MIGUEL DE VELASCO,nutricion y desarrollo infantil,controles repetidos en ninos de 2 anos de < 5,2005-12-01,105,105,99,204
SAN PABLO DE LIPEZ,nutricion y desarrollo infantil,controles repetidos en ninos de 2 anos de < 5,2005-12-01,39,39,40,79
SAN PEDRO,nutricion y desarrollo infantil,controles repetidos en ninos de 2 anos de < 5,2005-12-01,111,111,121,232
SAN PEDRO DE BUENA VISTA,nutricion y desarrollo infantil,controles repetidos en ninos de 2 anos de < 5,2005-12-01,270,270,238,508
SAN PEDRO DE CURAHUARA,nutricion y desarrollo infantil,controles repetidos en ninos de 2 anos de < 5,2005-12-01,21,21,12,33
SAN PEDRO DE QUEMES,nutricion y desarrollo infantil,controles repetidos en ninos de 2 anos de < 5,2005-12-01,9,9,10,19
SAN PEDRO DE TIQUINA,nutricion y desarrollo infantil,controles repetidos en ninos de 2 anos de < 5,2005-12-01,19,19,26,45
SAN PEDRO(PND),nutricion y desarrollo infantil,controles repetidos en ninos de 2 anos de < 5,2005-12-01,35,35,38,73
SAN RAFAEL,nutricion y desarrollo infantil,controles repetidos en ninos de 2 anos de < 5,2005-12-01,51,51,46,97
SAN RAMON,nutricion y desarrollo infantil,controles repetidos en ninos de 2 anos de < 5,2005-12-01,28,28,10,38
SAN RAMON,nutricion y desarrollo infantil,controles repetidos en ninos de 2 anos de < 5,2005-12-01,25,25,18,43
SANTA ANA,nutricion y desarrollo infantil,controles repetidos en ninos de 2 anos de < 5,2005-12-01,78,78,75,153
SANTA CRUZ DE LA SIERRA,nutricion y desarrollo infantil,controles repetidos en ninos de 2 anos de < 5,2005-12-01,2468,2468,2212,4680
SANTA ROSA,nutricion y desarrollo infantil,controles repetidos en ninos de 2 anos de < 5,2005-12-01,50,50,48,98
SANTA ROSA DEL SARA,nutricion y desarrollo infantil,controles repetidos en ninos de 2 anos de < 5,2005-12-01,123,123,126,249
SANTIAGO DE CALLAPA,nutricion y desarrollo infantil,controles repetidos en ninos de 2 anos de < 5,2005-12-01,24,24,15,39
SANTIAGO DE HUARI,nutricion y desarrollo infantil,controles repetidos en ninos de 2 anos de < 5,2005-12-01,43,43,41,84
SANTIAGO DE MACHACA,nutricion y desarrollo infantil,controles repetidos en ninos de 2 anos de < 5,2005-12-01,45,45,30,75
SANTIVAÑES,nutricion y desarrollo infantil,controles repetidos en ninos de 2 anos de < 5,2005-12-01,85,85,52,137
SANTUARIO DE QUILLACAS,nutricion y desarrollo infantil,controles repetidos en ninos de 2 anos de < 5,2005-12-01,17,17,19,36
SAPAHAQUI,nutricion y desarrollo infantil,controles repetidos en ninos de 2 anos de < 5,2005-12-01,78,78,77,155
SENA,nutricion y desarrollo infantil,controles repetidos en ninos de 2 anos de < 5,2005-12-01,15,15,23,38
SICA SICA (VILLA AROMA),nutricion y desarrollo infantil,controles repetidos en ninos de 2 anos de < 5,2005-12-01,66,66,66,132
SICAYA,nutricion y desarrollo infantil,controles repetidos en ninos de 2 anos de < 5,2005-12-01,6,6,1,7
SIPE SIPE,nutricion y desarrollo infantil,controles repetidos en ninos de 2 anos de < 5,2005-12-01,73,73,56,129
SOPACHUY,nutricion y desarrollo infantil,controles repetidos en ninos de 2 anos de < 5,2005-12-01,97,97,99,196
SORACACHI,nutricion y desarrollo infantil,controles repetidos en ninos de 2 anos de < 5,2005-12-01,64,64,62,126
SORATA,nutricion y desarrollo infantil,controles repetidos en ninos de 2 anos de < 5,2005-12-01,102,102,93,195
SUCRE,nutricion y desarrollo infantil,controles repetidos en ninos de 2 anos de < 5,2005-12-01,882,882,925,1807
TACACHI,nutricion y desarrollo infantil,controles repetidos en ninos de 2 anos de < 5,2005-12-01,3,3,3,6
TACACOMA,nutricion y desarrollo infantil,controles repetidos en ninos de 2 anos de < 5,2005-12-01,10,10,11,21
TACOBAMBA,nutricion y desarrollo infantil,controles repetidos en ninos de 2 anos de < 5,2005-12-01,71,71,59,130
TACOPAYA,nutricion y desarrollo infantil,controles repetidos en ninos de 2 anos de < 5,2005-12-01,150,150,181,331
TAHUA,nutricion y desarrollo infantil,controles repetidos en ninos de 2 anos de < 5,2005-12-01,11,11,19,30
TAPACARI,nutricion y desarrollo infantil,controles repetidos en ninos de 2 anos de < 5,2005-12-01,89,89,80,169
TARABUCO,nutricion y desarrollo infantil,controles repetidos en ninos de 2 anos de < 5,2005-12-01,605,605,632,1237
TARACO,nutricion y desarrollo infantil,controles repetidos en ninos de 2 anos de < 5,2005-12-01,23,23,38,61
TARATA,nutricion y desarrollo infantil,controles repetidos en ninos de 2 anos de < 5,2005-12-01,19,19,11,30
TARIJA,nutricion y desarrollo infantil,controles repetidos en ninos de 2 anos de < 5,2005-12-01,487,487,493,980
TARVITA,nutricion y desarrollo infantil,controles repetidos en ninos de 2 anos de < 5,2005-12-01,131,131,139,270
TEOPONTE,nutricion y desarrollo infantil,controles repetidos en ninos de 2 anos de < 5,2005-12-01,36,36,43,79
TIAWANACU,nutricion y desarrollo infantil,controles repetidos en ninos de 2 anos de < 5,2005-12-01,24,24,19,43
TINGUIPAYA,nutricion y desarrollo infantil,controles repetidos en ninos de 2 anos de < 5,2005-12-01,266,266,264,530
TIPUANI,nutricion y desarrollo infantil,controles repetidos en ninos de 2 anos de < 5,2005-12-01,37,37,45,82
TIQUIPAYA,nutricion y desarrollo infantil,controles repetidos en ninos de 2 anos de < 5,2005-12-01,15,15,19,34
TIRAQUE (CBBA),nutricion y desarrollo infantil,controles repetidos en ninos de 2 anos de < 5,2005-12-01,265,265,263,528
TITO YUPANQUI (PARQUIPUJIO),nutricion y desarrollo infantil,controles repetidos en ninos de 2 anos de < 5,2005-12-01,9,9,11,20
TOCO,nutricion y desarrollo infantil,controles repetidos en ninos de 2 anos de < 5,2005-12-01,8,8,8,16
TODOS SANTOS,nutricion y desarrollo infantil,controles repetidos en ninos de 2 anos de < 5,2005-12-01,2,2,2,4
TOLATA,nutricion y desarrollo infantil,controles repetidos en ninos de 2 anos de < 5,2005-12-01,1,1,4,5
TOLEDO,nutricion y desarrollo infantil,controles repetidos en ninos de 2 anos de < 5,2005-12-01,14,14,15,29
TOMAVE,nutricion y desarrollo infantil,controles repetidos en ninos de 2 anos de < 5,2005-12-01,143,143,140,283
TOMINA,nutricion y desarrollo infantil,controles repetidos en ninos de 2 anos de < 5,2005-12-01,201,201,261,462
TORO TORO,nutricion y desarrollo infantil,controles repetidos en ninos de 2 anos de < 5,2005-12-01,181,181,188,369
TOTORA(CBBA),nutricion y desarrollo infantil,controles repetidos en ninos de 2 anos de < 5,2005-12-01,56,56,26,82
TOTORA(ORR),nutricion y desarrollo infantil,controles repetidos en ninos de 2 anos de < 5,2005-12-01,10,10,15,25
TRIGAL,nutricion y desarrollo infantil,controles repetidos en ninos de 2 anos de < 5,2005-12-01,14,14,14,28
TRINIDAD,nutricion y desarrollo infantil,controles repetidos en ninos de 2 anos de < 5,2005-12-01,261,261,256,517
TUPIZA,nutricion y desarrollo infantil,controles repetidos en ninos de 2 anos de < 5,2005-12-01,367,367,350,717
TURCO,nutricion y desarrollo infantil,controles repetidos en ninos de 2 anos de < 5,2005-12-01,13,13,11,24
UMALA,nutricion y desarrollo infantil,controles repetidos en ninos de 2 anos de < 5,2005-12-01,43,43,45,88
UNCIA,nutricion y desarrollo infantil,controles repetidos en ninos de 2 anos de < 5,2005-12-01,131,131,121,252
URIONDO (A. CONCEPCION),nutricion y desarrollo infantil,controles repetidos en ninos de 2 anos de < 5,2005-12-01,141,141,146,287
URUBICHA,nutricion y desarrollo infantil,controles repetidos en ninos de 2 anos de < 5,2005-12-01,231,231,255,486
UYUNI,nutricion y desarrollo infantil,controles repetidos en ninos de 2 anos de < 5,2005-12-01,162,162,152,314
VACAS,nutricion y desarrollo infantil,controles repetidos en ninos de 2 anos de < 5,2005-12-01,40,40,36,76
VALLEGRANDE,nutricion y desarrollo infantil,controles repetidos en ninos de 2 anos de < 5,2005-12-01,106,106,94,200
VIACHA,nutricion y desarrollo infantil,controles repetidos en ninos de 2 anos de < 5,2005-12-01,72,72,93,165
VILA VILA,nutricion y desarrollo infantil,controles repetidos en ninos de 2 anos de < 5,2005-12-01,14,14,18,32
VILLA MONTES,nutricion y desarrollo infantil,controles repetidos en ninos de 2 anos de < 5,2005-12-01,152,152,146,298
VILLA NUEVA (LOMA ALTA),nutricion y desarrollo infantil,controles repetidos en ninos de 2 anos de < 5,2005-12-01,1,1,2,3
VILLA RIVERO,nutricion y desarrollo infantil,controles repetidos en ninos de 2 anos de < 5,2005-12-01,16,16,23,39
VILLA SERRANO,nutricion y desarrollo infantil,controles repetidos en ninos de 2 anos de < 5,2005-12-01,298,298,289,587
VILLA TUNARI,nutricion y desarrollo infantil,controles repetidos en ninos de 2 anos de < 5,2005-12-01,288,288,308,596
VILLA VACA GUZMAN (MUYUPAMPA),nutricion y desarrollo infantil,controles repetidos en ninos de 2 anos de < 5,2005-12-01,195,195,218,413
VILLAZON,nutricion y desarrollo infantil,controles repetidos en ninos de 2 anos de < 5,2005-12-01,205,205,259,464
VINTO,nutricion y desarrollo infantil,controles repetidos en ninos de 2 anos de < 5,2005-12-01,31,31,43,74
VITICHI,nutricion y desarrollo infantil,controles repetidos en ninos de 2 anos de < 5,2005-12-01,92,92,95,187
WALDO BALLIVIAN,nutricion y desarrollo infantil,controles repetidos en ninos de 2 anos de < 5,2005-12-01,1,1,8,9
WARNES,nutricion y desarrollo infantil,controles repetidos en ninos de 2 anos de < 5,2005-12-01,278,278,291,569
YACO,nutricion y desarrollo infantil,controles repetidos en ninos de 2 anos de < 5,2005-12-01,40,40,34,74
YACUIBA,nutricion y desarrollo infantil,controles repetidos en ninos de 2 anos de < 5,2005-12-01,292,292,239,531
YAMPARAEZ,nutricion y desarrollo infantil,controles repetidos en ninos de 2 anos de < 5,2005-12-01,317,317,303,620
YANACACHI,nutricion y desarrollo infantil,controles repetidos en ninos de 2 anos de < 5,2005-12-01,17,17,19,36
YAPACANI,nutricion y desarrollo infantil,controles repetidos en ninos de 2 anos de < 5,2005-12-01,229,229,228,457
YOCALLA,nutricion y desarrollo infantil,controles repetidos en ninos de 2 anos de < 5,2005-12-01,64,64,59,123
YOTALA,nutricion y desarrollo infantil,controles repetidos en ninos de 2 anos de < 5,2005-12-01,144,144,174,318
YUNCHARA,nutricion y desarrollo infantil,controles repetidos en ninos de 2 anos de < 5,2005-12-01,144,144,133,277
ZUDAÑEZ,nutricion y desarrollo infantil,controles repetidos en ninos de 2 anos de < 5,2005-12-01,149,149,155,304
