municipality,group,variable,month,Controles repetidos en niños menores de 2 años NUEVO,TOTAL-NUEVO,TOTAL-REPETIDO,TOTAL
ACACIO,nutricion y desarrollo infantil,controles repetidos en ninos menores de 2 anos,2005-01-01,76,76,72,148
ACHACACHI,nutricion y desarrollo infantil,controles repetidos en ninos menores de 2 anos,2005-01-01,183,183,201,384
ACHOCALLA,nutricion y desarrollo infantil,controles repetidos en ninos menores de 2 anos,2005-01-01,23,23,12,35
AIQUILE,nutricion y desarrollo infantil,controles repetidos en ninos menores de 2 anos,2005-01-01,44,44,43,87
ALALAY,nutricion y desarrollo infantil,controles repetidos en ninos menores de 2 anos,2005-01-01,14,14,22,36
ANCORAIMES,nutricion y desarrollo infantil,controles repetidos en ninos menores de 2 anos,2005-01-01,120,120,137,257
ANDAMARCA,nutricion y desarrollo infantil,controles repetidos en ninos menores de 2 anos,2005-01-01,11,11,19,30
ANTEQUERA,nutricion y desarrollo infantil,controles repetidos en ninos menores de 2 anos,2005-01-01,8,8,13,21
ANZALDO,nutricion y desarrollo infantil,controles repetidos en ninos menores de 2 anos,2005-01-01,7,7,2,9
APOLO,nutricion y desarrollo infantil,controles repetidos en ninos menores de 2 anos,2005-01-01,95,95,72,167
ARAMPAMPA,nutricion y desarrollo infantil,controles repetidos en ninos menores de 2 anos,2005-01-01,31,31,32,63
ARANI,nutricion y desarrollo infantil,controles repetidos en ninos menores de 2 anos,2005-01-01,44,44,47,91
ARBIETO,nutricion y desarrollo infantil,controles repetidos en ninos menores de 2 anos,2005-01-01,42,42,46,88
ARQUE,nutricion y desarrollo infantil,controles repetidos en ninos menores de 2 anos,2005-01-01,63,63,60,123
ATOCHA,nutricion y desarrollo infantil,controles repetidos en ninos menores de 2 anos,2005-01-01,168,168,144,312
AUCAPATA,nutricion y desarrollo infantil,controles repetidos en ninos menores de 2 anos,2005-01-01,21,21,15,36
AYATA,nutricion y desarrollo infantil,controles repetidos en ninos menores de 2 anos,2005-01-01,70,70,35,105
AYO AYO,nutricion y desarrollo infantil,controles repetidos en ninos menores de 2 anos,2005-01-01,41,41,46,87
AYOPAYA (V. DE INDEPENDENCIA),nutricion y desarrollo infantil,controles repetidos en ninos menores de 2 anos,2005-01-01,97,97,103,200
BATALLAS,nutricion y desarrollo infantil,controles repetidos en ninos menores de 2 anos,2005-01-01,107,107,97,204
BAURES,nutricion y desarrollo infantil,controles repetidos en ninos menores de 2 anos,2005-01-01,48,48,53,101
BELEN DE ANDAMARCA,nutricion y desarrollo infantil,controles repetidos en ninos menores de 2 anos,2005-01-01,6,6,7,13
BELEN DE URMIRI,nutricion y desarrollo infantil,controles repetidos en ninos menores de 2 anos,2005-01-01,7,7,6,13
BELLA FLOR,nutricion y desarrollo infantil,controles repetidos en ninos menores de 2 anos,2005-01-01,17,17,12,29
BERMEJO,nutricion y desarrollo infantil,controles repetidos en ninos menores de 2 anos,2005-01-01,29,29,26,55
BETANZOS,nutricion y desarrollo infantil,controles repetidos en ninos menores de 2 anos,2005-01-01,261,261,303,564
BOLIVAR,nutricion y desarrollo infantil,controles repetidos en ninos menores de 2 anos,2005-01-01,77,77,77,154
BOLPEBRA,nutricion y desarrollo infantil,controles repetidos en ninos menores de 2 anos,2005-01-01,16,16,2,18
BOYUIBE,nutricion y desarrollo infantil,controles repetidos en ninos menores de 2 anos,2005-01-01,15,15,16,31
BUENA VISTA,nutricion y desarrollo infantil,controles repetidos en ninos menores de 2 anos,2005-01-01,206,206,177,383
CABEZAS,nutricion y desarrollo infantil,controles repetidos en ninos menores de 2 anos,2005-01-01,11,11,9,20
CAIROMA,nutricion y desarrollo infantil,controles repetidos en ninos menores de 2 anos,2005-01-01,91,91,96,187
"CAIZA ""D""",nutricion y desarrollo infantil,controles repetidos en ninos menores de 2 anos,2005-01-01,69,69,69,138
CAJUATA,nutricion y desarrollo infantil,controles repetidos en ninos menores de 2 anos,2005-01-01,84,84,67,151
CALACOTO,nutricion y desarrollo infantil,controles repetidos en ninos menores de 2 anos,2005-01-01,9,9,15,24
CALAMARCA,nutricion y desarrollo infantil,controles repetidos en ninos menores de 2 anos,2005-01-01,108,108,95,203
CAMIRI,nutricion y desarrollo infantil,controles repetidos en ninos menores de 2 anos,2005-01-01,318,318,298,616
CAPINOTA,nutricion y desarrollo infantil,controles repetidos en ninos menores de 2 anos,2005-01-01,111,111,122,233
CAQUIAVIRI,nutricion y desarrollo infantil,controles repetidos en ninos menores de 2 anos,2005-01-01,60,60,57,117
CARACOLLO,nutricion y desarrollo infantil,controles repetidos en ninos menores de 2 anos,2005-01-01,72,72,72,144
CARANAVI,nutricion y desarrollo infantil,controles repetidos en ninos menores de 2 anos,2005-01-01,312,312,238,550
CARANGAS,nutricion y desarrollo infantil,controles repetidos en ninos menores de 2 anos,2005-01-01,3,3,1,4
CARAPARI,nutricion y desarrollo infantil,controles repetidos en ninos menores de 2 anos,2005-01-01,109,109,104,213
CARIPUYO,nutricion y desarrollo infantil,controles repetidos en ninos menores de 2 anos,2005-01-01,93,93,86,179
CARMEN RIVERO TORREZ,nutricion y desarrollo infantil,controles repetidos en ninos menores de 2 anos,2005-01-01,15,15,9,24
CATACORA,nutricion y desarrollo infantil,controles repetidos en ninos menores de 2 anos,2005-01-01,14,14,9,23
CHACARILLA,nutricion y desarrollo infantil,controles repetidos en ninos menores de 2 anos,2005-01-01,1,1,3,4
CHALLAPATA,nutricion y desarrollo infantil,controles repetidos en ninos menores de 2 anos,2005-01-01,91,91,102,193
CHAQUI,nutricion y desarrollo infantil,controles repetidos en ninos menores de 2 anos,2005-01-01,25,25,31,56
CHARAGUA,nutricion y desarrollo infantil,controles repetidos en ninos menores de 2 anos,2005-01-01,218,218,210,428
CHARAÑA,nutricion y desarrollo infantil,controles repetidos en ninos menores de 2 anos,2005-01-01,12,12,20,32
CHAYANTA,nutricion y desarrollo infantil,controles repetidos en ninos menores de 2 anos,2005-01-01,175,175,129,304
CHIMORE,nutricion y desarrollo infantil,controles repetidos en ninos menores de 2 anos,2005-01-01,73,73,62,135
CHULUMANI (V. DE LA LIBERTAD),nutricion y desarrollo infantil,controles repetidos en ninos menores de 2 anos,2005-01-01,57,57,51,108
CHUMA,nutricion y desarrollo infantil,controles repetidos en ninos menores de 2 anos,2005-01-01,50,50,47,97
CLIZA,nutricion y desarrollo infantil,controles repetidos en ninos menores de 2 anos,2005-01-01,76,76,66,142
COBIJA,nutricion y desarrollo infantil,controles repetidos en ninos menores de 2 anos,2005-01-01,277,277,295,572
COCHABAMBA,nutricion y desarrollo infantil,controles repetidos en ninos menores de 2 anos,2005-01-01,1241,1241,1061,2302
COIPASA,nutricion y desarrollo infantil,controles repetidos en ninos menores de 2 anos,2005-01-01,2,2,7,9
COLCAPIRHUA,nutricion y desarrollo infantil,controles repetidos en ninos menores de 2 anos,2005-01-01,77,77,66,143
"COLCHA ""K""",nutricion y desarrollo infantil,controles repetidos en ninos menores de 2 anos,2005-01-01,55,55,40,95
COLOMI,nutricion y desarrollo infantil,controles repetidos en ninos menores de 2 anos,2005-01-01,87,87,79,166
COLPA BELGICA,nutricion y desarrollo infantil,controles repetidos en ninos menores de 2 anos,2005-01-01,4,4,2,6
COLQUECHACA,nutricion y desarrollo infantil,controles repetidos en ninos menores de 2 anos,2005-01-01,132,132,105,237
COLQUENCHA,nutricion y desarrollo infantil,controles repetidos en ninos menores de 2 anos,2005-01-01,38,38,40,78
COMANCHE,nutricion y desarrollo infantil,controles repetidos en ninos menores de 2 anos,2005-01-01,14,14,8,22
COMARAPA,nutricion y desarrollo infantil,controles repetidos en ninos menores de 2 anos,2005-01-01,168,168,161,329
CONCEPCION,nutricion y desarrollo infantil,controles repetidos en ninos menores de 2 anos,2005-01-01,107,107,103,210
COPACABANA,nutricion y desarrollo infantil,controles repetidos en ninos menores de 2 anos,2005-01-01,97,97,92,189
CORIPATA,nutricion y desarrollo infantil,controles repetidos en ninos menores de 2 anos,2005-01-01,58,58,43,101
CORO CORO,nutricion y desarrollo infantil,controles repetidos en ninos menores de 2 anos,2005-01-01,47,47,47,94
COROICO,nutricion y desarrollo infantil,controles repetidos en ninos menores de 2 anos,2005-01-01,32,32,22,54
CORQUE,nutricion y desarrollo infantil,controles repetidos en ninos menores de 2 anos,2005-01-01,39,39,50,89
COTAGAITA,nutricion y desarrollo infantil,controles repetidos en ninos menores de 2 anos,2005-01-01,274,274,209,483
COTOCA,nutricion y desarrollo infantil,controles repetidos en ninos menores de 2 anos,2005-01-01,301,301,258,559
CUCHUMUELA (V. G. VILLARROEL),nutricion y desarrollo infantil,controles repetidos en ninos menores de 2 anos,2005-01-01,0,0,2,2
CUEVO,nutricion y desarrollo infantil,controles repetidos en ninos menores de 2 anos,2005-01-01,49,49,69,118
CURAHUARA DE CARANGAS,nutricion y desarrollo infantil,controles repetidos en ninos menores de 2 anos,2005-01-01,26,26,27,53
CURVA,nutricion y desarrollo infantil,controles repetidos en ninos menores de 2 anos,2005-01-01,18,18,10,28
DESAGUADERO,nutricion y desarrollo infantil,controles repetidos en ninos menores de 2 anos,2005-01-01,19,19,10,29
EL ALTO,nutricion y desarrollo infantil,controles repetidos en ninos menores de 2 anos,2005-01-01,2790,2790,2478,5268
EL CHORO,nutricion y desarrollo infantil,controles repetidos en ninos menores de 2 anos,2005-01-01,8,8,20,28
EL PUENTE(STC),nutricion y desarrollo infantil,controles repetidos en ninos menores de 2 anos,2005-01-01,114,114,119,233
EL PUENTE(TJA),nutricion y desarrollo infantil,controles repetidos en ninos menores de 2 anos,2005-01-01,70,70,64,134
EL TORNO,nutricion y desarrollo infantil,controles repetidos en ninos menores de 2 anos,2005-01-01,218,218,207,425
ENTRE RIOS,nutricion y desarrollo infantil,controles repetidos en ninos menores de 2 anos,2005-01-01,196,196,170,366
ENTRE RIOS,nutricion y desarrollo infantil,controles repetidos en ninos menores de 2 anos,2005-01-01,175,175,137,312
EUCALIPTUS,nutricion y desarrollo infantil,controles repetidos en ninos menores de 2 anos,2005-01-01,33,33,28,61
EUREKA (SANTOS MERCADO),nutricion y desarrollo infantil,controles repetidos en ninos menores de 2 anos,2005-01-01,2,2,11,13
EXALTACION,nutricion y desarrollo infantil,controles repetidos en ninos menores de 2 anos,2005-01-01,22,22,22,44
FERNANDEZ ALONSO,nutricion y desarrollo infantil,controles repetidos en ninos menores de 2 anos,2005-01-01,174,174,180,354
FILADELFIA,nutricion y desarrollo infantil,controles repetidos en ninos menores de 2 anos,2005-01-01,31,31,30,61
GENERAL SAAVEDRA,nutricion y desarrollo infantil,controles repetidos en ninos menores de 2 anos,2005-01-01,256,256,238,494
GRAL. J.J. PEREZ (CHARAZANI),nutricion y desarrollo infantil,controles repetidos en ninos menores de 2 anos,2005-01-01,31,31,34,65
GUANAY,nutricion y desarrollo infantil,controles repetidos en ninos menores de 2 anos,2005-01-01,140,140,119,259
GUAQUI,nutricion y desarrollo infantil,controles repetidos en ninos menores de 2 anos,2005-01-01,26,26,23,49
GUAYARAMERIN,nutricion y desarrollo infantil,controles repetidos en ninos menores de 2 anos,2005-01-01,240,240,258,498
GUTIERREZ,nutricion y desarrollo infantil,controles repetidos en ninos menores de 2 anos,2005-01-01,170,170,170,340
HUACHACALLA,nutricion y desarrollo infantil,controles repetidos en ninos menores de 2 anos,2005-01-01,3,3,2,5
HUANUNI,nutricion y desarrollo infantil,controles repetidos en ninos menores de 2 anos,2005-01-01,49,49,42,91
HUARACAJE,nutricion y desarrollo infantil,controles repetidos en ninos menores de 2 anos,2005-01-01,38,38,25,63
HUAYLLAMARCA,nutricion y desarrollo infantil,controles repetidos en ninos menores de 2 anos,2005-01-01,5,5,6,11
ICHOCA,nutricion y desarrollo infantil,controles repetidos en ninos menores de 2 anos,2005-01-01,14,14,16,30
INGAVI (HUMAITA),nutricion y desarrollo infantil,controles repetidos en ninos menores de 2 anos,2005-01-01,2,2,3,5
INQUISIVI,nutricion y desarrollo infantil,controles repetidos en ninos menores de 2 anos,2005-01-01,100,100,78,178
IRUPANA (VILLA DE LANZA),nutricion y desarrollo infantil,controles repetidos en ninos menores de 2 anos,2005-01-01,115,115,91,206
IXIAMAS,nutricion y desarrollo infantil,controles repetidos en ninos menores de 2 anos,2005-01-01,98,98,56,154
JESUS DE MACHACA,nutricion y desarrollo infantil,controles repetidos en ninos menores de 2 anos,2005-01-01,69,69,49,118
LA ASUNTA,nutricion y desarrollo infantil,controles repetidos en ninos menores de 2 anos,2005-01-01,33,33,23,56
LA GUARDIA,nutricion y desarrollo infantil,controles repetidos en ninos menores de 2 anos,2005-01-01,350,350,332,682
LA PAZ,nutricion y desarrollo infantil,controles repetidos en ninos menores de 2 anos,2005-01-01,2452,2452,2351,4803
LA RIVERA,nutricion y desarrollo infantil,controles repetidos en ninos menores de 2 anos,2005-01-01,2,2,0,2
LAGUNILLAS,nutricion y desarrollo infantil,controles repetidos en ninos menores de 2 anos,2005-01-01,69,69,64,133
LAJA,nutricion y desarrollo infantil,controles repetidos en ninos menores de 2 anos,2005-01-01,3,3,5,8
LICOMA PAMPA,nutricion y desarrollo infantil,controles repetidos en ninos menores de 2 anos,2005-01-01,18,18,11,29
LLALLAGUA,nutricion y desarrollo infantil,controles repetidos en ninos menores de 2 anos,2005-01-01,215,215,186,401
LLICA,nutricion y desarrollo infantil,controles repetidos en ninos menores de 2 anos,2005-01-01,20,20,22,42
LORETO,nutricion y desarrollo infantil,controles repetidos en ninos menores de 2 anos,2005-01-01,6,6,8,14
LURIBAY,nutricion y desarrollo infantil,controles repetidos en ninos menores de 2 anos,2005-01-01,81,81,78,159
MACHACAMARCA,nutricion y desarrollo infantil,controles repetidos en ninos menores de 2 anos,2005-01-01,13,13,21,34
MAGDALENA,nutricion y desarrollo infantil,controles repetidos en ninos menores de 2 anos,2005-01-01,100,100,81,181
MAIRANA,nutricion y desarrollo infantil,controles repetidos en ninos menores de 2 anos,2005-01-01,105,105,84,189
MALLA,nutricion y desarrollo infantil,controles repetidos en ninos menores de 2 anos,2005-01-01,7,7,8,15
MAPIRI,nutricion y desarrollo infantil,controles repetidos en ninos menores de 2 anos,2005-01-01,99,99,99,198
MECAPACA,nutricion y desarrollo infantil,controles repetidos en ninos menores de 2 anos,2005-01-01,65,65,50,115
MINEROS,nutricion y desarrollo infantil,controles repetidos en ninos menores de 2 anos,2005-01-01,224,224,192,416
MIZQUE,nutricion y desarrollo infantil,controles repetidos en ninos menores de 2 anos,2005-01-01,339,339,62,401
MOCOMOCO,nutricion y desarrollo infantil,controles repetidos en ninos menores de 2 anos,2005-01-01,84,84,53,137
MOJINETE,nutricion y desarrollo infantil,controles repetidos en ninos menores de 2 anos,2005-01-01,9,9,5,14
MONTERO,nutricion y desarrollo infantil,controles repetidos en ninos menores de 2 anos,2005-01-01,639,639,635,1274
MORO MORO,nutricion y desarrollo infantil,controles repetidos en ninos menores de 2 anos,2005-01-01,41,41,18,59
MOROCHATA,nutricion y desarrollo infantil,controles repetidos en ninos menores de 2 anos,2005-01-01,24,24,23,47
NACEBE (SANTA ROSA DEL ABUNA),nutricion y desarrollo infantil,controles repetidos en ninos menores de 2 anos,2005-01-01,11,11,11,22
NAZACARA DE PACAJES,nutricion y desarrollo infantil,controles repetidos en ninos menores de 2 anos,2005-01-01,1,1,0,1
NUEVO MANOA (NUEVA ESPERANZA),nutricion y desarrollo infantil,controles repetidos en ninos menores de 2 anos,2005-01-01,15,15,9,24
OCURI,nutricion y desarrollo infantil,controles repetidos en ninos menores de 2 anos,2005-01-01,126,126,125,251
OKINAWA,nutricion y desarrollo infantil,controles repetidos en ninos menores de 2 anos,2005-01-01,100,100,93,193
OMEREQUE,nutricion y desarrollo infantil,controles repetidos en ninos menores de 2 anos,2005-01-01,6,6,4,10
ORURO,nutricion y desarrollo infantil,controles repetidos en ninos menores de 2 anos,2005-01-01,1098,1098,1069,2167
PADCAYA,nutricion y desarrollo infantil,controles repetidos en ninos menores de 2 anos,2005-01-01,160,160,124,284
PAILON,nutricion y desarrollo infantil,controles repetidos en ninos menores de 2 anos,2005-01-01,148,148,124,272
PALCA,nutricion y desarrollo infantil,controles repetidos en ninos menores de 2 anos,2005-01-01,53,53,42,95
PALOS BLANCOS,nutricion y desarrollo infantil,controles repetidos en ninos menores de 2 anos,2005-01-01,239,239,233,472
PAMPA AULLAGAS,nutricion y desarrollo infantil,controles repetidos en ninos menores de 2 anos,2005-01-01,15,15,10,25
PAMPA GRANDE,nutricion y desarrollo infantil,controles repetidos en ninos menores de 2 anos,2005-01-01,67,67,55,122
PAPEL PAMPA,nutricion y desarrollo infantil,controles repetidos en ninos menores de 2 anos,2005-01-01,17,17,27,44
PASORAPA,nutricion y desarrollo infantil,controles repetidos en ninos menores de 2 anos,2005-01-01,16,16,12,28
PATACAMAYA,nutricion y desarrollo infantil,controles repetidos en ninos menores de 2 anos,2005-01-01,154,154,175,329
PAZÑA,nutricion y desarrollo infantil,controles repetidos en ninos menores de 2 anos,2005-01-01,22,22,27,49
PELECHUCO,nutricion y desarrollo infantil,controles repetidos en ninos menores de 2 anos,2005-01-01,32,32,21,53
POCOATA,nutricion y desarrollo infantil,controles repetidos en ninos menores de 2 anos,2005-01-01,171,171,162,333
POCONA,nutricion y desarrollo infantil,controles repetidos en ninos menores de 2 anos,2005-01-01,34,34,23,57
POJO (CBBA),nutricion y desarrollo infantil,controles repetidos en ninos menores de 2 anos,2005-01-01,85,85,78,163
POOPO,nutricion y desarrollo infantil,controles repetidos en ninos menores de 2 anos,2005-01-01,11,11,10,21
PORCO,nutricion y desarrollo infantil,controles repetidos en ninos menores de 2 anos,2005-01-01,40,40,42,82
PORONGO,nutricion y desarrollo infantil,controles repetidos en ninos menores de 2 anos,2005-01-01,59,59,50,109
PORTACHUELO,nutricion y desarrollo infantil,controles repetidos en ninos menores de 2 anos,2005-01-01,57,57,46,103
PORVENIR,nutricion y desarrollo infantil,controles repetidos en ninos menores de 2 anos,2005-01-01,30,30,29,59
POSTRER VALLE,nutricion y desarrollo infantil,controles repetidos en ninos menores de 2 anos,2005-01-01,10,10,13,23
POTOSI,nutricion y desarrollo infantil,controles repetidos en ninos menores de 2 anos,2005-01-01,712,712,665,1377
PUCARA,nutricion y desarrollo infantil,controles repetidos en ninos menores de 2 anos,2005-01-01,10,10,0,10
PUCARANI,nutricion y desarrollo infantil,controles repetidos en ninos menores de 2 anos,2005-01-01,79,79,73,152
PUERTO ACOSTA,nutricion y desarrollo infantil,controles repetidos en ninos menores de 2 anos,2005-01-01,101,101,105,206
PUERTO CARABUCO,nutricion y desarrollo infantil,controles repetidos en ninos menores de 2 anos,2005-01-01,109,109,130,239
PUERTO GONZALO MORENO,nutricion y desarrollo infantil,controles repetidos en ninos menores de 2 anos,2005-01-01,22,22,16,38
PUERTO PEREZ,nutricion y desarrollo infantil,controles repetidos en ninos menores de 2 anos,2005-01-01,31,31,21,52
PUERTO QUIJARRO,nutricion y desarrollo infantil,controles repetidos en ninos menores de 2 anos,2005-01-01,118,118,130,248
PUERTO RICO,nutricion y desarrollo infantil,controles repetidos en ninos menores de 2 anos,2005-01-01,34,34,37,71
PUERTO SILES,nutricion y desarrollo infantil,controles repetidos en ninos menores de 2 anos,2005-01-01,2,2,4,6
PUERTO SUAREZ,nutricion y desarrollo infantil,controles repetidos en ninos menores de 2 anos,2005-01-01,76,76,77,153
PUERTO VILLARROEL,nutricion y desarrollo infantil,controles repetidos en ninos menores de 2 anos,2005-01-01,162,162,139,301
PUNA,nutricion y desarrollo infantil,controles repetidos en ninos menores de 2 anos,2005-01-01,136,136,137,273
PUNATA,nutricion y desarrollo infantil,controles repetidos en ninos menores de 2 anos,2005-01-01,238,238,118,356
QUIABAYA,nutricion y desarrollo infantil,controles repetidos en ninos menores de 2 anos,2005-01-01,24,24,19,43
QUILLACOLLO,nutricion y desarrollo infantil,controles repetidos en ninos menores de 2 anos,2005-01-01,115,115,103,218
QUIME,nutricion y desarrollo infantil,controles repetidos en ninos menores de 2 anos,2005-01-01,99,99,96,195
QUIRUSILLAS,nutricion y desarrollo infantil,controles repetidos en ninos menores de 2 anos,2005-01-01,13,13,19,32
RAVELO,nutricion y desarrollo infantil,controles repetidos en ninos menores de 2 anos,2005-01-01,113,113,124,237
REYES,nutricion y desarrollo infantil,controles repetidos en ninos menores de 2 anos,2005-01-01,188,188,148,336
RIBERALTA,nutricion y desarrollo infantil,controles repetidos en ninos menores de 2 anos,2005-01-01,743,743,708,1451
ROBORE,nutricion y desarrollo infantil,controles repetidos en ninos menores de 2 anos,2005-01-01,112,112,108,220
RURRENABAQUE,nutricion y desarrollo infantil,controles repetidos en ninos menores de 2 anos,2005-01-01,123,123,120,243
SABAYA,nutricion y desarrollo infantil,controles repetidos en ninos menores de 2 anos,2005-01-01,21,21,8,29
SACABA,nutricion y desarrollo infantil,controles repetidos en ninos menores de 2 anos,2005-01-01,169,169,162,331
SACABAMBA,nutricion y desarrollo infantil,controles repetidos en ninos menores de 2 anos,2005-01-01,16,16,21,37
SACACA,nutricion y desarrollo infantil,controles repetidos en ninos menores de 2 anos,2005-01-01,150,150,111,261
SAIPINA,nutricion y desarrollo infantil,controles repetidos en ninos menores de 2 anos,2005-01-01,70,70,50,120
SALINAS DE GARCI MENDOZA,nutricion y desarrollo infantil,controles repetidos en ninos menores de 2 anos,2005-01-01,63,63,64,127
SAMAIPATA,nutricion y desarrollo infantil,controles repetidos en ninos menores de 2 anos,2005-01-01,95,95,86,181
SAN AGUSTIN,nutricion y desarrollo infantil,controles repetidos en ninos menores de 2 anos,2005-01-01,7,7,16,23
SAN ANDRES,nutricion y desarrollo infantil,controles repetidos en ninos menores de 2 anos,2005-01-01,43,43,37,80
SAN ANDRES DE MACHACA,nutricion y desarrollo infantil,controles repetidos en ninos menores de 2 anos,2005-01-01,30,30,32,62
SAN ANTONIO DE ESMORUCO,nutricion y desarrollo infantil,controles repetidos en ninos menores de 2 anos,2005-01-01,10,10,2,12
SAN ANTONIO DE LOMERIO,nutricion y desarrollo infantil,controles repetidos en ninos menores de 2 anos,2005-01-01,144,144,125,269
SAN BENITO,nutricion y desarrollo infantil,controles repetidos en ninos menores de 2 anos,2005-01-01,38,38,29,67
SAN BORJA,nutricion y desarrollo infantil,controles repetidos en ninos menores de 2 anos,2005-01-01,372,372,327,699
SAN BUENA VENTURA,nutricion y desarrollo infantil,controles repetidos en ninos menores de 2 anos,2005-01-01,77,77,75,152
SAN CARLOS,nutricion y desarrollo infantil,controles repetidos en ninos menores de 2 anos,2005-01-01,182,182,217,399
SAN IGNACIO,nutricion y desarrollo infantil,controles repetidos en ninos menores de 2 anos,2005-01-01,199,199,160,359
SAN IGNACIO DE VELASCO,nutricion y desarrollo infantil,controles repetidos en ninos menores de 2 anos,2005-01-01,496,496,494,990
SAN JAVIER(BNI),nutricion y desarrollo infantil,controles repetidos en ninos menores de 2 anos,2005-01-01,14,14,17,31
SAN JAVIER(STC),nutricion y desarrollo infantil,controles repetidos en ninos menores de 2 anos,2005-01-01,76,76,55,131
SAN JOAQUIN,nutricion y desarrollo infantil,controles repetidos en ninos menores de 2 anos,2005-01-01,45,45,52,97
SAN JOSE DE CHIQUITOS,nutricion y desarrollo infantil,controles repetidos en ninos menores de 2 anos,2005-01-01,108,108,93,201
SAN JUAN DE YAPACANI,nutricion y desarrollo infantil,controles repetidos en ninos menores de 2 anos,2005-01-01,134,134,109,243
SAN JULIAN,nutricion y desarrollo infantil,controles repetidos en ninos menores de 2 anos,2005-01-01,226,226,215,441
SAN LORENZO(PND),nutricion y desarrollo infantil,controles repetidos en ninos menores de 2 anos,2005-01-01,33,33,35,68
SAN LORENZO(TJA),nutricion y desarrollo infantil,controles repetidos en ninos menores de 2 anos,2005-01-01,189,189,174,363
SAN MATIAS,nutricion y desarrollo infantil,controles repetidos en ninos menores de 2 anos,2005-01-01,112,112,110,222
SAN MIGUEL DE VELASCO,nutricion y desarrollo infantil,controles repetidos en ninos menores de 2 anos,2005-01-01,128,128,120,248
SAN PABLO DE LIPEZ,nutricion y desarrollo infantil,controles repetidos en ninos menores de 2 anos,2005-01-01,18,18,18,36
SAN PEDRO,nutricion y desarrollo infantil,controles repetidos en ninos menores de 2 anos,2005-01-01,161,161,139,300
SAN PEDRO DE BUENA VISTA,nutricion y desarrollo infantil,controles repetidos en ninos menores de 2 anos,2005-01-01,73,73,77,150
SAN PEDRO DE CURAHUARA,nutricion y desarrollo infantil,controles repetidos en ninos menores de 2 anos,2005-01-01,14,14,16,30
SAN PEDRO DE QUEMES,nutricion y desarrollo infantil,controles repetidos en ninos menores de 2 anos,2005-01-01,5,5,5,10
SAN PEDRO DE TIQUINA,nutricion y desarrollo infantil,controles repetidos en ninos menores de 2 anos,2005-01-01,26,26,26,52
SAN PEDRO(PND),nutricion y desarrollo infantil,controles repetidos en ninos menores de 2 anos,2005-01-01,13,13,17,30
SAN RAFAEL,nutricion y desarrollo infantil,controles repetidos en ninos menores de 2 anos,2005-01-01,49,49,50,99
SAN RAMON,nutricion y desarrollo infantil,controles repetidos en ninos menores de 2 anos,2005-01-01,13,13,17,30
SAN RAMON,nutricion y desarrollo infantil,controles repetidos en ninos menores de 2 anos,2005-01-01,75,75,53,128
SANTA ANA,nutricion y desarrollo infantil,controles repetidos en ninos menores de 2 anos,2005-01-01,189,189,159,348
SANTA CRUZ DE LA SIERRA,nutricion y desarrollo infantil,controles repetidos en ninos menores de 2 anos,2005-01-01,3594,3594,3480,7074
SANTA ROSA,nutricion y desarrollo infantil,controles repetidos en ninos menores de 2 anos,2005-01-01,46,46,54,100
SANTA ROSA DEL SARA,nutricion y desarrollo infantil,controles repetidos en ninos menores de 2 anos,2005-01-01,73,73,71,144
SANTIAGO DE CALLAPA,nutricion y desarrollo infantil,controles repetidos en ninos menores de 2 anos,2005-01-01,33,33,34,67
SANTIAGO DE HUARI,nutricion y desarrollo infantil,controles repetidos en ninos menores de 2 anos,2005-01-01,38,38,24,62
SANTIAGO DE MACHACA,nutricion y desarrollo infantil,controles repetidos en ninos menores de 2 anos,2005-01-01,19,19,14,33
SANTIVAÑES,nutricion y desarrollo infantil,controles repetidos en ninos menores de 2 anos,2005-01-01,61,61,51,112
SAPAHAQUI,nutricion y desarrollo infantil,controles repetidos en ninos menores de 2 anos,2005-01-01,47,47,31,78
SENA,nutricion y desarrollo infantil,controles repetidos en ninos menores de 2 anos,2005-01-01,14,14,21,35
SICA SICA (VILLA AROMA),nutricion y desarrollo infantil,controles repetidos en ninos menores de 2 anos,2005-01-01,97,97,99,196
SICAYA,nutricion y desarrollo infantil,controles repetidos en ninos menores de 2 anos,2005-01-01,12,12,10,22
SIPE SIPE,nutricion y desarrollo infantil,controles repetidos en ninos menores de 2 anos,2005-01-01,120,120,92,212
SORACACHI,nutricion y desarrollo infantil,controles repetidos en ninos menores de 2 anos,2005-01-01,56,56,48,104
SORATA,nutricion y desarrollo infantil,controles repetidos en ninos menores de 2 anos,2005-01-01,139,139,107,246
TACACHI,nutricion y desarrollo infantil,controles repetidos en ninos menores de 2 anos,2005-01-01,8,8,1,9
TACACOMA,nutricion y desarrollo infantil,controles repetidos en ninos menores de 2 anos,2005-01-01,46,46,40,86
TACOBAMBA,nutricion y desarrollo infantil,controles repetidos en ninos menores de 2 anos,2005-01-01,62,62,48,110
TACOPAYA,nutricion y desarrollo infantil,controles repetidos en ninos menores de 2 anos,2005-01-01,56,56,70,126
TAHUA,nutricion y desarrollo infantil,controles repetidos en ninos menores de 2 anos,2005-01-01,5,5,4,9
TAPACARI,nutricion y desarrollo infantil,controles repetidos en ninos menores de 2 anos,2005-01-01,163,163,161,324
TARACO,nutricion y desarrollo infantil,controles repetidos en ninos menores de 2 anos,2005-01-01,15,15,16,31
TARATA,nutricion y desarrollo infantil,controles repetidos en ninos menores de 2 anos,2005-01-01,87,87,81,168
TARIJA,nutricion y desarrollo infantil,controles repetidos en ninos menores de 2 anos,2005-01-01,526,526,534,1060
TEOPONTE,nutricion y desarrollo infantil,controles repetidos en ninos menores de 2 anos,2005-01-01,41,41,48,89
TIAWANACU,nutricion y desarrollo infantil,controles repetidos en ninos menores de 2 anos,2005-01-01,61,61,76,137
TINGUIPAYA,nutricion y desarrollo infantil,controles repetidos en ninos menores de 2 anos,2005-01-01,51,51,52,103
TIPUANI,nutricion y desarrollo infantil,controles repetidos en ninos menores de 2 anos,2005-01-01,81,81,80,161
TIQUIPAYA,nutricion y desarrollo infantil,controles repetidos en ninos menores de 2 anos,2005-01-01,55,55,39,94
TIRAQUE (CBBA),nutricion y desarrollo infantil,controles repetidos en ninos menores de 2 anos,2005-01-01,141,141,138,279
TITO YUPANQUI (PARQUIPUJIO),nutricion y desarrollo infantil,controles repetidos en ninos menores de 2 anos,2005-01-01,9,9,10,19
TOCO,nutricion y desarrollo infantil,controles repetidos en ninos menores de 2 anos,2005-01-01,26,26,24,50
TOLATA,nutricion y desarrollo infantil,controles repetidos en ninos menores de 2 anos,2005-01-01,4,4,14,18
TOLEDO,nutricion y desarrollo infantil,controles repetidos en ninos menores de 2 anos,2005-01-01,29,29,24,53
TOMAVE,nutricion y desarrollo infantil,controles repetidos en ninos menores de 2 anos,2005-01-01,46,46,37,83
TORO TORO,nutricion y desarrollo infantil,controles repetidos en ninos menores de 2 anos,2005-01-01,66,66,78,144
TOTORA(CBBA),nutricion y desarrollo infantil,controles repetidos en ninos menores de 2 anos,2005-01-01,42,42,54,96
TOTORA(ORR),nutricion y desarrollo infantil,controles repetidos en ninos menores de 2 anos,2005-01-01,14,14,20,34
TRIGAL,nutricion y desarrollo infantil,controles repetidos en ninos menores de 2 anos,2005-01-01,15,15,17,32
TRINIDAD,nutricion y desarrollo infantil,controles repetidos en ninos menores de 2 anos,2005-01-01,432,432,356,788
TUPIZA,nutricion y desarrollo infantil,controles repetidos en ninos menores de 2 anos,2005-01-01,369,369,350,719
TURCO,nutricion y desarrollo infantil,controles repetidos en ninos menores de 2 anos,2005-01-01,29,29,29,58
UNCIA,nutricion y desarrollo infantil,controles repetidos en ninos menores de 2 anos,2005-01-01,100,100,111,211
URIONDO (A. CONCEPCION),nutricion y desarrollo infantil,controles repetidos en ninos menores de 2 anos,2005-01-01,141,141,158,299
URUBICHA,nutricion y desarrollo infantil,controles repetidos en ninos menores de 2 anos,2005-01-01,8,8,0,8
UYUNI,nutricion y desarrollo infantil,controles repetidos en ninos menores de 2 anos,2005-01-01,156,156,154,310
VACAS,nutricion y desarrollo infantil,controles repetidos en ninos menores de 2 anos,2005-01-01,64,64,75,139
VALLEGRANDE,nutricion y desarrollo infantil,controles repetidos en ninos menores de 2 anos,2005-01-01,144,144,115,259
VIACHA,nutricion y desarrollo infantil,controles repetidos en ninos menores de 2 anos,2005-01-01,119,119,111,230
VILA VILA,nutricion y desarrollo infantil,controles repetidos en ninos menores de 2 anos,2005-01-01,11,11,10,21
VILLA MONTES,nutricion y desarrollo infantil,controles repetidos en ninos menores de 2 anos,2005-01-01,167,167,159,326
VILLA NUEVA (LOMA ALTA),nutricion y desarrollo infantil,controles repetidos en ninos menores de 2 anos,2005-01-01,19,19,22,41
VILLA RIVERO,nutricion y desarrollo infantil,controles repetidos en ninos menores de 2 anos,2005-01-01,40,40,32,72
VILLA TUNARI,nutricion y desarrollo infantil,controles repetidos en ninos menores de 2 anos,2005-01-01,204,204,184,388
VILLAZON,nutricion y desarrollo infantil,controles repetidos en ninos menores de 2 anos,2005-01-01,367,367,335,702
VINTO,nutricion y desarrollo infantil,controles repetidos en ninos menores de 2 anos,2005-01-01,17,17,7,24
VITICHI,nutricion y desarrollo infantil,controles repetidos en ninos menores de 2 anos,2005-01-01,118,118,108,226
WALDO BALLIVIAN,nutricion y desarrollo infantil,controles repetidos en ninos menores de 2 anos,2005-01-01,8,8,8,16
WARNES,nutricion y desarrollo infantil,controles repetidos en ninos menores de 2 anos,2005-01-01,186,186,170,356
YACO,nutricion y desarrollo infantil,controles repetidos en ninos menores de 2 anos,2005-01-01,44,44,33,77
YACUIBA,nutricion y desarrollo infantil,controles repetidos en ninos menores de 2 anos,2005-01-01,501,501,439,940
YANACACHI,nutricion y desarrollo infantil,controles repetidos en ninos menores de 2 anos,2005-01-01,18,18,23,41
YAPACANI,nutricion y desarrollo infantil,controles repetidos en ninos menores de 2 anos,2005-01-01,487,487,496,983
YOCALLA,nutricion y desarrollo infantil,controles repetidos en ninos menores de 2 anos,2005-01-01,16,16,13,29
YUNCHARA,nutricion y desarrollo infantil,controles repetidos en ninos menores de 2 anos,2005-01-01,49,49,55,104
ACACIO,nutricion y desarrollo infantil,controles repetidos en ninos menores de 2 anos,2005-02-01,85,85,86,171
ACHACACHI,nutricion y desarrollo infantil,controles repetidos en ninos menores de 2 anos,2005-02-01,285,285,246,531
ACHOCALLA,nutricion y desarrollo infantil,controles repetidos en ninos menores de 2 anos,2005-02-01,62,62,45,107
AIQUILE,nutricion y desarrollo infantil,controles repetidos en ninos menores de 2 anos,2005-02-01,44,44,38,82
ALALAY,nutricion y desarrollo infantil,controles repetidos en ninos menores de 2 anos,2005-02-01,12,12,15,27
ALCALA,nutricion y desarrollo infantil,controles repetidos en ninos menores de 2 anos,2005-02-01,41,41,41,82
ANCORAIMES,nutricion y desarrollo infantil,controles repetidos en ninos menores de 2 anos,2005-02-01,96,96,84,180
ANDAMARCA,nutricion y desarrollo infantil,controles repetidos en ninos menores de 2 anos,2005-02-01,17,17,15,32
ANTEQUERA,nutricion y desarrollo infantil,controles repetidos en ninos menores de 2 anos,2005-02-01,33,33,23,56
ANZALDO,nutricion y desarrollo infantil,controles repetidos en ninos menores de 2 anos,2005-02-01,7,7,8,15
APOLO,nutricion y desarrollo infantil,controles repetidos en ninos menores de 2 anos,2005-02-01,51,51,54,105
ARAMPAMPA,nutricion y desarrollo infantil,controles repetidos en ninos menores de 2 anos,2005-02-01,51,51,41,92
ARANI,nutricion y desarrollo infantil,controles repetidos en ninos menores de 2 anos,2005-02-01,39,39,33,72
ARBIETO,nutricion y desarrollo infantil,controles repetidos en ninos menores de 2 anos,2005-02-01,53,53,33,86
ARQUE,nutricion y desarrollo infantil,controles repetidos en ninos menores de 2 anos,2005-02-01,78,78,80,158
ASCENCION DE GUARAYOS,nutricion y desarrollo infantil,controles repetidos en ninos menores de 2 anos,2005-02-01,317,317,327,644
ATOCHA,nutricion y desarrollo infantil,controles repetidos en ninos menores de 2 anos,2005-02-01,129,129,114,243
AUCAPATA,nutricion y desarrollo infantil,controles repetidos en ninos menores de 2 anos,2005-02-01,34,34,32,66
AYATA,nutricion y desarrollo infantil,controles repetidos en ninos menores de 2 anos,2005-02-01,62,62,49,111
AYO AYO,nutricion y desarrollo infantil,controles repetidos en ninos menores de 2 anos,2005-02-01,33,33,22,55
AYOPAYA (V. DE INDEPENDENCIA),nutricion y desarrollo infantil,controles repetidos en ninos menores de 2 anos,2005-02-01,113,113,125,238
AZURDUY,nutricion y desarrollo infantil,controles repetidos en ninos menores de 2 anos,2005-02-01,137,137,131,268
BATALLAS,nutricion y desarrollo infantil,controles repetidos en ninos menores de 2 anos,2005-02-01,86,86,88,174
BAURES,nutricion y desarrollo infantil,controles repetidos en ninos menores de 2 anos,2005-02-01,37,37,45,82
BELEN DE ANDAMARCA,nutricion y desarrollo infantil,controles repetidos en ninos menores de 2 anos,2005-02-01,4,4,7,11
BELEN DE URMIRI,nutricion y desarrollo infantil,controles repetidos en ninos menores de 2 anos,2005-02-01,6,6,13,19
BELLA FLOR,nutricion y desarrollo infantil,controles repetidos en ninos menores de 2 anos,2005-02-01,18,18,15,33
BERMEJO,nutricion y desarrollo infantil,controles repetidos en ninos menores de 2 anos,2005-02-01,44,44,38,82
BETANZOS,nutricion y desarrollo infantil,controles repetidos en ninos menores de 2 anos,2005-02-01,184,184,170,354
BOLIVAR,nutricion y desarrollo infantil,controles repetidos en ninos menores de 2 anos,2005-02-01,64,64,47,111
BOLPEBRA,nutricion y desarrollo infantil,controles repetidos en ninos menores de 2 anos,2005-02-01,11,11,8,19
BOYUIBE,nutricion y desarrollo infantil,controles repetidos en ninos menores de 2 anos,2005-02-01,31,31,36,67
BUENA VISTA,nutricion y desarrollo infantil,controles repetidos en ninos menores de 2 anos,2005-02-01,172,172,136,308
CABEZAS,nutricion y desarrollo infantil,controles repetidos en ninos menores de 2 anos,2005-02-01,127,127,96,223
CAIROMA,nutricion y desarrollo infantil,controles repetidos en ninos menores de 2 anos,2005-02-01,135,135,146,281
"CAIZA ""D""",nutricion y desarrollo infantil,controles repetidos en ninos menores de 2 anos,2005-02-01,74,74,70,144
CAJUATA,nutricion y desarrollo infantil,controles repetidos en ninos menores de 2 anos,2005-02-01,89,89,69,158
CALACOTO,nutricion y desarrollo infantil,controles repetidos en ninos menores de 2 anos,2005-02-01,16,16,17,33
CALAMARCA,nutricion y desarrollo infantil,controles repetidos en ninos menores de 2 anos,2005-02-01,225,225,208,433
CAMARGO,nutricion y desarrollo infantil,controles repetidos en ninos menores de 2 anos,2005-02-01,137,137,150,287
CAMATAQUI (C. VILLA ABECIA),nutricion y desarrollo infantil,controles repetidos en ninos menores de 2 anos,2005-02-01,34,34,18,52
CAMIRI,nutricion y desarrollo infantil,controles repetidos en ninos menores de 2 anos,2005-02-01,314,314,262,576
CAPINOTA,nutricion y desarrollo infantil,controles repetidos en ninos menores de 2 anos,2005-02-01,104,104,101,205
CAQUIAVIRI,nutricion y desarrollo infantil,controles repetidos en ninos menores de 2 anos,2005-02-01,48,48,51,99
CARACOLLO,nutricion y desarrollo infantil,controles repetidos en ninos menores de 2 anos,2005-02-01,75,75,62,137
CARANAVI,nutricion y desarrollo infantil,controles repetidos en ninos menores de 2 anos,2005-02-01,401,401,324,725
CARANGAS,nutricion y desarrollo infantil,controles repetidos en ninos menores de 2 anos,2005-02-01,1,1,1,2
CARAPARI,nutricion y desarrollo infantil,controles repetidos en ninos menores de 2 anos,2005-02-01,81,81,86,167
CARIPUYO,nutricion y desarrollo infantil,controles repetidos en ninos menores de 2 anos,2005-02-01,81,81,93,174
CARMEN RIVERO TORREZ,nutricion y desarrollo infantil,controles repetidos en ninos menores de 2 anos,2005-02-01,27,27,7,34
CATACORA,nutricion y desarrollo infantil,controles repetidos en ninos menores de 2 anos,2005-02-01,2,2,0,2
CHACARILLA,nutricion y desarrollo infantil,controles repetidos en ninos menores de 2 anos,2005-02-01,0,0,2,2
CHALLAPATA,nutricion y desarrollo infantil,controles repetidos en ninos menores de 2 anos,2005-02-01,129,129,135,264
CHAQUI,nutricion y desarrollo infantil,controles repetidos en ninos menores de 2 anos,2005-02-01,39,39,33,72
CHARAGUA,nutricion y desarrollo infantil,controles repetidos en ninos menores de 2 anos,2005-02-01,269,269,226,495
CHARAÑA,nutricion y desarrollo infantil,controles repetidos en ninos menores de 2 anos,2005-02-01,11,11,7,18
CHAYANTA,nutricion y desarrollo infantil,controles repetidos en ninos menores de 2 anos,2005-02-01,159,159,136,295
CHIMORE,nutricion y desarrollo infantil,controles repetidos en ninos menores de 2 anos,2005-02-01,46,46,44,90
CHIPAYA,nutricion y desarrollo infantil,controles repetidos en ninos menores de 2 anos,2005-02-01,9,9,8,17
CHOQUE COTA,nutricion y desarrollo infantil,controles repetidos en ninos menores de 2 anos,2005-02-01,3,3,5,8
CHULUMANI (V. DE LA LIBERTAD),nutricion y desarrollo infantil,controles repetidos en ninos menores de 2 anos,2005-02-01,78,78,76,154
CHUMA,nutricion y desarrollo infantil,controles repetidos en ninos menores de 2 anos,2005-02-01,42,42,31,73
CLIZA,nutricion y desarrollo infantil,controles repetidos en ninos menores de 2 anos,2005-02-01,24,24,26,50
COBIJA,nutricion y desarrollo infantil,controles repetidos en ninos menores de 2 anos,2005-02-01,244,244,226,470
COCHABAMBA,nutricion y desarrollo infantil,controles repetidos en ninos menores de 2 anos,2005-02-01,1214,1214,1178,2392
COIPASA,nutricion y desarrollo infantil,controles repetidos en ninos menores de 2 anos,2005-02-01,0,0,2,2
COLCAPIRHUA,nutricion y desarrollo infantil,controles repetidos en ninos menores de 2 anos,2005-02-01,50,50,50,100
"COLCHA ""K""",nutricion y desarrollo infantil,controles repetidos en ninos menores de 2 anos,2005-02-01,55,55,64,119
COLLANA,nutricion y desarrollo infantil,controles repetidos en ninos menores de 2 anos,2005-02-01,3,3,0,3
COLOMI,nutricion y desarrollo infantil,controles repetidos en ninos menores de 2 anos,2005-02-01,74,74,66,140
COLPA BELGICA,nutricion y desarrollo infantil,controles repetidos en ninos menores de 2 anos,2005-02-01,26,26,22,48
COLQUECHACA,nutricion y desarrollo infantil,controles repetidos en ninos menores de 2 anos,2005-02-01,190,190,180,370
COLQUENCHA,nutricion y desarrollo infantil,controles repetidos en ninos menores de 2 anos,2005-02-01,27,27,42,69
COLQUIRI,nutricion y desarrollo infantil,controles repetidos en ninos menores de 2 anos,2005-02-01,54,54,41,95
COMANCHE,nutricion y desarrollo infantil,controles repetidos en ninos menores de 2 anos,2005-02-01,19,19,16,35
COMARAPA,nutricion y desarrollo infantil,controles repetidos en ninos menores de 2 anos,2005-02-01,158,158,142,300
COMBAYA,nutricion y desarrollo infantil,controles repetidos en ninos menores de 2 anos,2005-02-01,8,8,5,13
CONCEPCION,nutricion y desarrollo infantil,controles repetidos en ninos menores de 2 anos,2005-02-01,85,85,87,172
COPACABANA,nutricion y desarrollo infantil,controles repetidos en ninos menores de 2 anos,2005-02-01,71,71,54,125
CORIPATA,nutricion y desarrollo infantil,controles repetidos en ninos menores de 2 anos,2005-02-01,35,35,52,87
CORO CORO,nutricion y desarrollo infantil,controles repetidos en ninos menores de 2 anos,2005-02-01,53,53,50,103
COROICO,nutricion y desarrollo infantil,controles repetidos en ninos menores de 2 anos,2005-02-01,70,70,42,112
CORQUE,nutricion y desarrollo infantil,controles repetidos en ninos menores de 2 anos,2005-02-01,42,42,46,88
COTAGAITA,nutricion y desarrollo infantil,controles repetidos en ninos menores de 2 anos,2005-02-01,105,105,103,208
COTOCA,nutricion y desarrollo infantil,controles repetidos en ninos menores de 2 anos,2005-02-01,231,231,227,458
CUATRO CAÑADAS,nutricion y desarrollo infantil,controles repetidos en ninos menores de 2 anos,2005-02-01,26,26,29,55
CUCHUMUELA (V. G. VILLARROEL),nutricion y desarrollo infantil,controles repetidos en ninos menores de 2 anos,2005-02-01,5,5,2,7
CUEVO,nutricion y desarrollo infantil,controles repetidos en ninos menores de 2 anos,2005-02-01,26,26,35,61
CULPINA,nutricion y desarrollo infantil,controles repetidos en ninos menores de 2 anos,2005-02-01,220,220,215,435
CURAHUARA DE CARANGAS,nutricion y desarrollo infantil,controles repetidos en ninos menores de 2 anos,2005-02-01,26,26,21,47
CURVA,nutricion y desarrollo infantil,controles repetidos en ninos menores de 2 anos,2005-02-01,3,3,5,8
DESAGUADERO,nutricion y desarrollo infantil,controles repetidos en ninos menores de 2 anos,2005-02-01,7,7,9,16
EL ALTO,nutricion y desarrollo infantil,controles repetidos en ninos menores de 2 anos,2005-02-01,2864,2864,2816,5680
EL CHORO,nutricion y desarrollo infantil,controles repetidos en ninos menores de 2 anos,2005-02-01,4,4,4,8
EL PUENTE(STC),nutricion y desarrollo infantil,controles repetidos en ninos menores de 2 anos,2005-02-01,32,32,27,59
EL PUENTE(TJA),nutricion y desarrollo infantil,controles repetidos en ninos menores de 2 anos,2005-02-01,52,52,58,110
EL TORNO,nutricion y desarrollo infantil,controles repetidos en ninos menores de 2 anos,2005-02-01,231,231,238,469
EL VILLAR,nutricion y desarrollo infantil,controles repetidos en ninos menores de 2 anos,2005-02-01,76,76,76,152
ENTRE RIOS,nutricion y desarrollo infantil,controles repetidos en ninos menores de 2 anos,2005-02-01,139,139,108,247
ENTRE RIOS,nutricion y desarrollo infantil,controles repetidos en ninos menores de 2 anos,2005-02-01,180,180,183,363
EUCALIPTUS,nutricion y desarrollo infantil,controles repetidos en ninos menores de 2 anos,2005-02-01,25,25,23,48
EUREKA (SANTOS MERCADO),nutricion y desarrollo infantil,controles repetidos en ninos menores de 2 anos,2005-02-01,1,1,2,3
EXALTACION,nutricion y desarrollo infantil,controles repetidos en ninos menores de 2 anos,2005-02-01,32,32,45,77
FERNANDEZ ALONSO,nutricion y desarrollo infantil,controles repetidos en ninos menores de 2 anos,2005-02-01,162,162,169,331
FILADELFIA,nutricion y desarrollo infantil,controles repetidos en ninos menores de 2 anos,2005-02-01,15,15,19,34
GENERAL SAAVEDRA,nutricion y desarrollo infantil,controles repetidos en ninos menores de 2 anos,2005-02-01,154,154,150,304
GRAL. J.J. PEREZ (CHARAZANI),nutricion y desarrollo infantil,controles repetidos en ninos menores de 2 anos,2005-02-01,59,59,59,118
GUANAY,nutricion y desarrollo infantil,controles repetidos en ninos menores de 2 anos,2005-02-01,123,123,101,224
GUAQUI,nutricion y desarrollo infantil,controles repetidos en ninos menores de 2 anos,2005-02-01,34,34,17,51
GUAYARAMERIN,nutricion y desarrollo infantil,controles repetidos en ninos menores de 2 anos,2005-02-01,334,334,334,668
GUTIERREZ,nutricion y desarrollo infantil,controles repetidos en ninos menores de 2 anos,2005-02-01,248,248,245,493
HUACARETA,nutricion y desarrollo infantil,controles repetidos en ninos menores de 2 anos,2005-02-01,100,100,81,181
HUACAYA (VILLA DE HUACAYA),nutricion y desarrollo infantil,controles repetidos en ninos menores de 2 anos,2005-02-01,25,25,16,41
HUANUNI,nutricion y desarrollo infantil,controles repetidos en ninos menores de 2 anos,2005-02-01,174,174,441,615
HUARACAJE,nutricion y desarrollo infantil,controles repetidos en ninos menores de 2 anos,2005-02-01,30,30,28,58
HUAYLLAMARCA,nutricion y desarrollo infantil,controles repetidos en ninos menores de 2 anos,2005-02-01,8,8,7,15
ICHOCA,nutricion y desarrollo infantil,controles repetidos en ninos menores de 2 anos,2005-02-01,8,8,7,15
ICLA,nutricion y desarrollo infantil,controles repetidos en ninos menores de 2 anos,2005-02-01,162,162,147,309
INCAHUASI,nutricion y desarrollo infantil,controles repetidos en ninos menores de 2 anos,2005-02-01,159,159,159,318
INGAVI (HUMAITA),nutricion y desarrollo infantil,controles repetidos en ninos menores de 2 anos,2005-02-01,2,2,2,4
INQUISIVI,nutricion y desarrollo infantil,controles repetidos en ninos menores de 2 anos,2005-02-01,87,87,73,160
IRUPANA (VILLA DE LANZA),nutricion y desarrollo infantil,controles repetidos en ninos menores de 2 anos,2005-02-01,112,112,90,202
IXIAMAS,nutricion y desarrollo infantil,controles repetidos en ninos menores de 2 anos,2005-02-01,48,48,25,73
JESUS DE MACHACA,nutricion y desarrollo infantil,controles repetidos en ninos menores de 2 anos,2005-02-01,70,70,47,117
LA ASUNTA,nutricion y desarrollo infantil,controles repetidos en ninos menores de 2 anos,2005-02-01,126,126,137,263
LA GUARDIA,nutricion y desarrollo infantil,controles repetidos en ninos menores de 2 anos,2005-02-01,281,281,255,536
LA PAZ,nutricion y desarrollo infantil,controles repetidos en ninos menores de 2 anos,2005-02-01,2557,2557,2477,5034
LA RIVERA,nutricion y desarrollo infantil,controles repetidos en ninos menores de 2 anos,2005-02-01,0,0,2,2
LAGUNILLAS,nutricion y desarrollo infantil,controles repetidos en ninos menores de 2 anos,2005-02-01,69,69,64,133
LAJA,nutricion y desarrollo infantil,controles repetidos en ninos menores de 2 anos,2005-02-01,113,113,86,199
LAS CARRERAS,nutricion y desarrollo infantil,controles repetidos en ninos menores de 2 anos,2005-02-01,22,22,19,41
LICOMA PAMPA,nutricion y desarrollo infantil,controles repetidos en ninos menores de 2 anos,2005-02-01,18,18,5,23
LLALLAGUA,nutricion y desarrollo infantil,controles repetidos en ninos menores de 2 anos,2005-02-01,207,207,210,417
LLICA,nutricion y desarrollo infantil,controles repetidos en ninos menores de 2 anos,2005-02-01,19,19,23,42
LORETO,nutricion y desarrollo infantil,controles repetidos en ninos menores de 2 anos,2005-02-01,19,19,20,39
LURIBAY,nutricion y desarrollo infantil,controles repetidos en ninos menores de 2 anos,2005-02-01,78,78,78,156
MACHACAMARCA,nutricion y desarrollo infantil,controles repetidos en ninos menores de 2 anos,2005-02-01,14,14,22,36
MACHARETI,nutricion y desarrollo infantil,controles repetidos en ninos menores de 2 anos,2005-02-01,107,107,112,219
MAGDALENA,nutricion y desarrollo infantil,controles repetidos en ninos menores de 2 anos,2005-02-01,69,69,71,140
MAIRANA,nutricion y desarrollo infantil,controles repetidos en ninos menores de 2 anos,2005-02-01,70,70,80,150
MALLA,nutricion y desarrollo infantil,controles repetidos en ninos menores de 2 anos,2005-02-01,11,11,12,23
MAPIRI,nutricion y desarrollo infantil,controles repetidos en ninos menores de 2 anos,2005-02-01,127,127,111,238
MECAPACA,nutricion y desarrollo infantil,controles repetidos en ninos menores de 2 anos,2005-02-01,70,70,64,134
MINEROS,nutricion y desarrollo infantil,controles repetidos en ninos menores de 2 anos,2005-02-01,177,177,164,341
MIZQUE,nutricion y desarrollo infantil,controles repetidos en ninos menores de 2 anos,2005-02-01,87,87,71,158
MOCOMOCO,nutricion y desarrollo infantil,controles repetidos en ninos menores de 2 anos,2005-02-01,76,76,73,149
MOJINETE,nutricion y desarrollo infantil,controles repetidos en ninos menores de 2 anos,2005-02-01,12,12,9,21
MOJOCOYA,nutricion y desarrollo infantil,controles repetidos en ninos menores de 2 anos,2005-02-01,65,65,65,130
MONTEAGUDO,nutricion y desarrollo infantil,controles repetidos en ninos menores de 2 anos,2005-02-01,103,103,100,203
MONTERO,nutricion y desarrollo infantil,controles repetidos en ninos menores de 2 anos,2005-02-01,796,796,664,1460
MORO MORO,nutricion y desarrollo infantil,controles repetidos en ninos menores de 2 anos,2005-02-01,28,28,15,43
MOROCHATA,nutricion y desarrollo infantil,controles repetidos en ninos menores de 2 anos,2005-02-01,17,17,21,38
NACEBE (SANTA ROSA DEL ABUNA),nutricion y desarrollo infantil,controles repetidos en ninos menores de 2 anos,2005-02-01,4,4,4,8
NAZACARA DE PACAJES,nutricion y desarrollo infantil,controles repetidos en ninos menores de 2 anos,2005-02-01,6,6,2,8
NUEVO MANOA (NUEVA ESPERANZA),nutricion y desarrollo infantil,controles repetidos en ninos menores de 2 anos,2005-02-01,0,0,1,1
OCURI,nutricion y desarrollo infantil,controles repetidos en ninos menores de 2 anos,2005-02-01,81,81,73,154
OKINAWA,nutricion y desarrollo infantil,controles repetidos en ninos menores de 2 anos,2005-02-01,67,67,75,142
OMEREQUE,nutricion y desarrollo infantil,controles repetidos en ninos menores de 2 anos,2005-02-01,66,66,42,108
ORURO,nutricion y desarrollo infantil,controles repetidos en ninos menores de 2 anos,2005-02-01,882,882,890,1772
PADCAYA,nutricion y desarrollo infantil,controles repetidos en ninos menores de 2 anos,2005-02-01,121,121,111,232
PADILLA,nutricion y desarrollo infantil,controles repetidos en ninos menores de 2 anos,2005-02-01,158,158,141,299
PAILON,nutricion y desarrollo infantil,controles repetidos en ninos menores de 2 anos,2005-02-01,113,113,146,259
PALCA,nutricion y desarrollo infantil,controles repetidos en ninos menores de 2 anos,2005-02-01,37,37,44,81
PALOS BLANCOS,nutricion y desarrollo infantil,controles repetidos en ninos menores de 2 anos,2005-02-01,260,260,228,488
PAMPA AULLAGAS,nutricion y desarrollo infantil,controles repetidos en ninos menores de 2 anos,2005-02-01,12,12,16,28
PAMPA GRANDE,nutricion y desarrollo infantil,controles repetidos en ninos menores de 2 anos,2005-02-01,58,58,38,96
PAPEL PAMPA,nutricion y desarrollo infantil,controles repetidos en ninos menores de 2 anos,2005-02-01,15,15,9,24
PASORAPA,nutricion y desarrollo infantil,controles repetidos en ninos menores de 2 anos,2005-02-01,25,25,17,42
PATACAMAYA,nutricion y desarrollo infantil,controles repetidos en ninos menores de 2 anos,2005-02-01,159,159,164,323
PAZÑA,nutricion y desarrollo infantil,controles repetidos en ninos menores de 2 anos,2005-02-01,22,22,28,50
PELECHUCO,nutricion y desarrollo infantil,controles repetidos en ninos menores de 2 anos,2005-02-01,37,37,32,69
POCOATA,nutricion y desarrollo infantil,controles repetidos en ninos menores de 2 anos,2005-02-01,153,153,182,335
POCONA,nutricion y desarrollo infantil,controles repetidos en ninos menores de 2 anos,2005-02-01,65,65,71,136
POJO (CBBA),nutricion y desarrollo infantil,controles repetidos en ninos menores de 2 anos,2005-02-01,37,37,67,104
PORCO,nutricion y desarrollo infantil,controles repetidos en ninos menores de 2 anos,2005-02-01,66,66,67,133
POROMA,nutricion y desarrollo infantil,controles repetidos en ninos menores de 2 anos,2005-02-01,94,94,84,178
PORONGO,nutricion y desarrollo infantil,controles repetidos en ninos menores de 2 anos,2005-02-01,45,45,46,91
PORTACHUELO,nutricion y desarrollo infantil,controles repetidos en ninos menores de 2 anos,2005-02-01,149,149,132,281
PORVENIR,nutricion y desarrollo infantil,controles repetidos en ninos menores de 2 anos,2005-02-01,35,35,33,68
POSTRER VALLE,nutricion y desarrollo infantil,controles repetidos en ninos menores de 2 anos,2005-02-01,6,6,14,20
POTOSI,nutricion y desarrollo infantil,controles repetidos en ninos menores de 2 anos,2005-02-01,838,838,791,1629
PRESTO,nutricion y desarrollo infantil,controles repetidos en ninos menores de 2 anos,2005-02-01,132,132,95,227
PUCARA,nutricion y desarrollo infantil,controles repetidos en ninos menores de 2 anos,2005-02-01,21,21,10,31
PUCARANI,nutricion y desarrollo infantil,controles repetidos en ninos menores de 2 anos,2005-02-01,101,101,103,204
PUERTO ACOSTA,nutricion y desarrollo infantil,controles repetidos en ninos menores de 2 anos,2005-02-01,125,125,109,234
PUERTO CARABUCO,nutricion y desarrollo infantil,controles repetidos en ninos menores de 2 anos,2005-02-01,76,76,72,148
PUERTO GONZALO MORENO,nutricion y desarrollo infantil,controles repetidos en ninos menores de 2 anos,2005-02-01,50,50,44,94
PUERTO PEREZ,nutricion y desarrollo infantil,controles repetidos en ninos menores de 2 anos,2005-02-01,18,18,14,32
PUERTO QUIJARRO,nutricion y desarrollo infantil,controles repetidos en ninos menores de 2 anos,2005-02-01,109,109,96,205
PUERTO RICO,nutricion y desarrollo infantil,controles repetidos en ninos menores de 2 anos,2005-02-01,64,64,49,113
PUERTO SILES,nutricion y desarrollo infantil,controles repetidos en ninos menores de 2 anos,2005-02-01,23,23,21,44
PUERTO SUAREZ,nutricion y desarrollo infantil,controles repetidos en ninos menores de 2 anos,2005-02-01,101,101,75,176
PUERTO VILLARROEL,nutricion y desarrollo infantil,controles repetidos en ninos menores de 2 anos,2005-02-01,165,165,124,289
PUNA,nutricion y desarrollo infantil,controles repetidos en ninos menores de 2 anos,2005-02-01,175,175,191,366
PUNATA,nutricion y desarrollo infantil,controles repetidos en ninos menores de 2 anos,2005-02-01,85,85,89,174
QUILLACOLLO,nutricion y desarrollo infantil,controles repetidos en ninos menores de 2 anos,2005-02-01,93,93,112,205
QUIME,nutricion y desarrollo infantil,controles repetidos en ninos menores de 2 anos,2005-02-01,56,56,80,136
QUIRUSILLAS,nutricion y desarrollo infantil,controles repetidos en ninos menores de 2 anos,2005-02-01,23,23,11,34
RAVELO,nutricion y desarrollo infantil,controles repetidos en ninos menores de 2 anos,2005-02-01,214,214,200,414
REYES,nutricion y desarrollo infantil,controles repetidos en ninos menores de 2 anos,2005-02-01,101,101,112,213
RIBERALTA,nutricion y desarrollo infantil,controles repetidos en ninos menores de 2 anos,2005-02-01,624,624,577,1201
ROBORE,nutricion y desarrollo infantil,controles repetidos en ninos menores de 2 anos,2005-02-01,109,109,89,198
RURRENABAQUE,nutricion y desarrollo infantil,controles repetidos en ninos menores de 2 anos,2005-02-01,137,137,124,261
SABAYA,nutricion y desarrollo infantil,controles repetidos en ninos menores de 2 anos,2005-02-01,7,7,2,9
SACABA,nutricion y desarrollo infantil,controles repetidos en ninos menores de 2 anos,2005-02-01,157,157,116,273
SACABAMBA,nutricion y desarrollo infantil,controles repetidos en ninos menores de 2 anos,2005-02-01,15,15,14,29
SACACA,nutricion y desarrollo infantil,controles repetidos en ninos menores de 2 anos,2005-02-01,186,186,188,374
SAIPINA,nutricion y desarrollo infantil,controles repetidos en ninos menores de 2 anos,2005-02-01,55,55,52,107
SALINAS DE GARCI MENDOZA,nutricion y desarrollo infantil,controles repetidos en ninos menores de 2 anos,2005-02-01,50,50,45,95
SAMAIPATA,nutricion y desarrollo infantil,controles repetidos en ninos menores de 2 anos,2005-02-01,96,96,77,173
SAN AGUSTIN,nutricion y desarrollo infantil,controles repetidos en ninos menores de 2 anos,2005-02-01,7,7,11,18
SAN ANDRES,nutricion y desarrollo infantil,controles repetidos en ninos menores de 2 anos,2005-02-01,91,91,73,164
SAN ANDRES DE MACHACA,nutricion y desarrollo infantil,controles repetidos en ninos menores de 2 anos,2005-02-01,22,22,18,40
SAN ANTONIO DE ESMORUCO,nutricion y desarrollo infantil,controles repetidos en ninos menores de 2 anos,2005-02-01,3,3,1,4
SAN ANTONIO DE LOMERIO,nutricion y desarrollo infantil,controles repetidos en ninos menores de 2 anos,2005-02-01,106,106,95,201
SAN BENITO,nutricion y desarrollo infantil,controles repetidos en ninos menores de 2 anos,2005-02-01,3,3,2,5
SAN BORJA,nutricion y desarrollo infantil,controles repetidos en ninos menores de 2 anos,2005-02-01,325,325,247,572
SAN BUENA VENTURA,nutricion y desarrollo infantil,controles repetidos en ninos menores de 2 anos,2005-02-01,89,89,76,165
SAN CARLOS,nutricion y desarrollo infantil,controles repetidos en ninos menores de 2 anos,2005-02-01,215,215,213,428
SAN IGNACIO,nutricion y desarrollo infantil,controles repetidos en ninos menores de 2 anos,2005-02-01,131,131,107,238
SAN IGNACIO DE VELASCO,nutricion y desarrollo infantil,controles repetidos en ninos menores de 2 anos,2005-02-01,464,464,435,899
SAN JAVIER(BNI),nutricion y desarrollo infantil,controles repetidos en ninos menores de 2 anos,2005-02-01,12,12,19,31
SAN JAVIER(STC),nutricion y desarrollo infantil,controles repetidos en ninos menores de 2 anos,2005-02-01,93,93,77,170
SAN JOAQUIN,nutricion y desarrollo infantil,controles repetidos en ninos menores de 2 anos,2005-02-01,51,51,50,101
SAN JOSE DE CHIQUITOS,nutricion y desarrollo infantil,controles repetidos en ninos menores de 2 anos,2005-02-01,77,77,71,148
SAN JUAN DE YAPACANI,nutricion y desarrollo infantil,controles repetidos en ninos menores de 2 anos,2005-02-01,115,115,122,237
SAN JULIAN,nutricion y desarrollo infantil,controles repetidos en ninos menores de 2 anos,2005-02-01,166,166,209,375
SAN LORENZO(PND),nutricion y desarrollo infantil,controles repetidos en ninos menores de 2 anos,2005-02-01,36,36,41,77
SAN LORENZO(TJA),nutricion y desarrollo infantil,controles repetidos en ninos menores de 2 anos,2005-02-01,139,139,173,312
SAN LUCAS,nutricion y desarrollo infantil,controles repetidos en ninos menores de 2 anos,2005-02-01,393,393,384,777
SAN MIGUEL DE VELASCO,nutricion y desarrollo infantil,controles repetidos en ninos menores de 2 anos,2005-02-01,78,78,92,170
SAN PABLO DE LIPEZ,nutricion y desarrollo infantil,controles repetidos en ninos menores de 2 anos,2005-02-01,13,13,12,25
SAN PEDRO,nutricion y desarrollo infantil,controles repetidos en ninos menores de 2 anos,2005-02-01,183,183,166,349
SAN PEDRO DE BUENA VISTA,nutricion y desarrollo infantil,controles repetidos en ninos menores de 2 anos,2005-02-01,118,118,122,240
SAN PEDRO DE CURAHUARA,nutricion y desarrollo infantil,controles repetidos en ninos menores de 2 anos,2005-02-01,7,7,6,13
SAN PEDRO DE QUEMES,nutricion y desarrollo infantil,controles repetidos en ninos menores de 2 anos,2005-02-01,5,5,4,9
SAN PEDRO DE TIQUINA,nutricion y desarrollo infantil,controles repetidos en ninos menores de 2 anos,2005-02-01,29,29,25,54
SAN PEDRO(PND),nutricion y desarrollo infantil,controles repetidos en ninos menores de 2 anos,2005-02-01,3,3,6,9
SAN RAFAEL,nutricion y desarrollo infantil,controles repetidos en ninos menores de 2 anos,2005-02-01,66,66,71,137
SAN RAMON,nutricion y desarrollo infantil,controles repetidos en ninos menores de 2 anos,2005-02-01,41,41,34,75
SAN RAMON,nutricion y desarrollo infantil,controles repetidos en ninos menores de 2 anos,2005-02-01,60,60,52,112
SANTA ANA,nutricion y desarrollo infantil,controles repetidos en ninos menores de 2 anos,2005-02-01,164,164,127,291
SANTA CRUZ DE LA SIERRA,nutricion y desarrollo infantil,controles repetidos en ninos menores de 2 anos,2005-02-01,3835,3835,3423,7258
SANTA ROSA,nutricion y desarrollo infantil,controles repetidos en ninos menores de 2 anos,2005-02-01,40,40,39,79
SANTA ROSA DEL SARA,nutricion y desarrollo infantil,controles repetidos en ninos menores de 2 anos,2005-02-01,50,50,54,104
SANTIAGO DE CALLAPA,nutricion y desarrollo infantil,controles repetidos en ninos menores de 2 anos,2005-02-01,18,18,18,36
SANTIAGO DE HUARI,nutricion y desarrollo infantil,controles repetidos en ninos menores de 2 anos,2005-02-01,60,60,49,109
SANTIAGO DE MACHACA,nutricion y desarrollo infantil,controles repetidos en ninos menores de 2 anos,2005-02-01,24,24,16,40
SANTIVAÑES,nutricion y desarrollo infantil,controles repetidos en ninos menores de 2 anos,2005-02-01,49,49,36,85
SANTUARIO DE QUILLACAS,nutricion y desarrollo infantil,controles repetidos en ninos menores de 2 anos,2005-02-01,13,13,9,22
SAPAHAQUI,nutricion y desarrollo infantil,controles repetidos en ninos menores de 2 anos,2005-02-01,89,89,87,176
SENA,nutricion y desarrollo infantil,controles repetidos en ninos menores de 2 anos,2005-02-01,54,54,54,108
SICA SICA (VILLA AROMA),nutricion y desarrollo infantil,controles repetidos en ninos menores de 2 anos,2005-02-01,164,164,175,339
SICAYA,nutricion y desarrollo infantil,controles repetidos en ninos menores de 2 anos,2005-02-01,11,11,4,15
SIPE SIPE,nutricion y desarrollo infantil,controles repetidos en ninos menores de 2 anos,2005-02-01,106,106,97,203
SOPACHUY,nutricion y desarrollo infantil,controles repetidos en ninos menores de 2 anos,2005-02-01,40,40,44,84
SORACACHI,nutricion y desarrollo infantil,controles repetidos en ninos menores de 2 anos,2005-02-01,37,37,31,68
SORATA,nutricion y desarrollo infantil,controles repetidos en ninos menores de 2 anos,2005-02-01,104,104,94,198
SUCRE,nutricion y desarrollo infantil,controles repetidos en ninos menores de 2 anos,2005-02-01,320,320,317,637
TACACHI,nutricion y desarrollo infantil,controles repetidos en ninos menores de 2 anos,2005-02-01,2,2,1,3
TACACOMA,nutricion y desarrollo infantil,controles repetidos en ninos menores de 2 anos,2005-02-01,58,58,48,106
TACOBAMBA,nutricion y desarrollo infantil,controles repetidos en ninos menores de 2 anos,2005-02-01,63,63,46,109
TACOPAYA,nutricion y desarrollo infantil,controles repetidos en ninos menores de 2 anos,2005-02-01,79,79,85,164
TAHUA,nutricion y desarrollo infantil,controles repetidos en ninos menores de 2 anos,2005-02-01,8,8,7,15
TAPACARI,nutricion y desarrollo infantil,controles repetidos en ninos menores de 2 anos,2005-02-01,132,132,110,242
TARABUCO,nutricion y desarrollo infantil,controles repetidos en ninos menores de 2 anos,2005-02-01,285,285,265,550
TARACO,nutricion y desarrollo infantil,controles repetidos en ninos menores de 2 anos,2005-02-01,19,19,23,42
TARATA,nutricion y desarrollo infantil,controles repetidos en ninos menores de 2 anos,2005-02-01,55,55,47,102
TARIJA,nutricion y desarrollo infantil,controles repetidos en ninos menores de 2 anos,2005-02-01,527,527,568,1095
TARVITA,nutricion y desarrollo infantil,controles repetidos en ninos menores de 2 anos,2005-02-01,32,32,35,67
TEOPONTE,nutricion y desarrollo infantil,controles repetidos en ninos menores de 2 anos,2005-02-01,74,74,81,155
TIAWANACU,nutricion y desarrollo infantil,controles repetidos en ninos menores de 2 anos,2005-02-01,34,34,29,63
TINGUIPAYA,nutricion y desarrollo infantil,controles repetidos en ninos menores de 2 anos,2005-02-01,84,84,77,161
TIPUANI,nutricion y desarrollo infantil,controles repetidos en ninos menores de 2 anos,2005-02-01,66,66,68,134
TIQUIPAYA,nutricion y desarrollo infantil,controles repetidos en ninos menores de 2 anos,2005-02-01,59,59,46,105
TIRAQUE (CBBA),nutricion y desarrollo infantil,controles repetidos en ninos menores de 2 anos,2005-02-01,94,94,115,209
TITO YUPANQUI (PARQUIPUJIO),nutricion y desarrollo infantil,controles repetidos en ninos menores de 2 anos,2005-02-01,7,7,11,18
TOCO,nutricion y desarrollo infantil,controles repetidos en ninos menores de 2 anos,2005-02-01,8,8,9,17
TODOS SANTOS,nutricion y desarrollo infantil,controles repetidos en ninos menores de 2 anos,2005-02-01,1,1,3,4
TOLATA,nutricion y desarrollo infantil,controles repetidos en ninos menores de 2 anos,2005-02-01,10,10,9,19
TOLEDO,nutricion y desarrollo infantil,controles repetidos en ninos menores de 2 anos,2005-02-01,30,30,26,56
TOMAVE,nutricion y desarrollo infantil,controles repetidos en ninos menores de 2 anos,2005-02-01,77,77,75,152
TOMINA,nutricion y desarrollo infantil,controles repetidos en ninos menores de 2 anos,2005-02-01,159,159,154,313
TORO TORO,nutricion y desarrollo infantil,controles repetidos en ninos menores de 2 anos,2005-02-01,148,148,146,294
TOTORA(CBBA),nutricion y desarrollo infantil,controles repetidos en ninos menores de 2 anos,2005-02-01,104,104,64,168
TOTORA(ORR),nutricion y desarrollo infantil,controles repetidos en ninos menores de 2 anos,2005-02-01,8,8,7,15
TRIGAL,nutricion y desarrollo infantil,controles repetidos en ninos menores de 2 anos,2005-02-01,19,19,19,38
TRINIDAD,nutricion y desarrollo infantil,controles repetidos en ninos menores de 2 anos,2005-02-01,376,376,341,717
TUPIZA,nutricion y desarrollo infantil,controles repetidos en ninos menores de 2 anos,2005-02-01,335,335,316,651
TURCO,nutricion y desarrollo infantil,controles repetidos en ninos menores de 2 anos,2005-02-01,13,13,11,24
UMALA,nutricion y desarrollo infantil,controles repetidos en ninos menores de 2 anos,2005-02-01,65,65,53,118
UNCIA,nutricion y desarrollo infantil,controles repetidos en ninos menores de 2 anos,2005-02-01,71,71,72,143
URIONDO (A. CONCEPCION),nutricion y desarrollo infantil,controles repetidos en ninos menores de 2 anos,2005-02-01,122,122,111,233
URUBICHA,nutricion y desarrollo infantil,controles repetidos en ninos menores de 2 anos,2005-02-01,122,122,130,252
UYUNI,nutricion y desarrollo infantil,controles repetidos en ninos menores de 2 anos,2005-02-01,171,171,142,313
VACAS,nutricion y desarrollo infantil,controles repetidos en ninos menores de 2 anos,2005-02-01,69,69,64,133
VALLEGRANDE,nutricion y desarrollo infantil,controles repetidos en ninos menores de 2 anos,2005-02-01,158,158,118,276
VIACHA,nutricion y desarrollo infantil,controles repetidos en ninos menores de 2 anos,2005-02-01,156,156,167,323
VILA VILA,nutricion y desarrollo infantil,controles repetidos en ninos menores de 2 anos,2005-02-01,10,10,15,25
VILLA MONTES,nutricion y desarrollo infantil,controles repetidos en ninos menores de 2 anos,2005-02-01,119,119,126,245
VILLA NUEVA (LOMA ALTA),nutricion y desarrollo infantil,controles repetidos en ninos menores de 2 anos,2005-02-01,2,2,5,7
VILLA RIVERO,nutricion y desarrollo infantil,controles repetidos en ninos menores de 2 anos,2005-02-01,31,31,23,54
VILLA SERRANO,nutricion y desarrollo infantil,controles repetidos en ninos menores de 2 anos,2005-02-01,210,210,209,419
VILLA TUNARI,nutricion y desarrollo infantil,controles repetidos en ninos menores de 2 anos,2005-02-01,234,234,216,450
VILLA VACA GUZMAN (MUYUPAMPA),nutricion y desarrollo infantil,controles repetidos en ninos menores de 2 anos,2005-02-01,73,73,43,116
VILLAZON,nutricion y desarrollo infantil,controles repetidos en ninos menores de 2 anos,2005-02-01,307,307,288,595
VINTO,nutricion y desarrollo infantil,controles repetidos en ninos menores de 2 anos,2005-02-01,7,7,4,11
VITICHI,nutricion y desarrollo infantil,controles repetidos en ninos menores de 2 anos,2005-02-01,102,102,80,182
WALDO BALLIVIAN,nutricion y desarrollo infantil,controles repetidos en ninos menores de 2 anos,2005-02-01,1,1,1,2
WARNES,nutricion y desarrollo infantil,controles repetidos en ninos menores de 2 anos,2005-02-01,222,222,196,418
YACO,nutricion y desarrollo infantil,controles repetidos en ninos menores de 2 anos,2005-02-01,40,40,53,93
YACUIBA,nutricion y desarrollo infantil,controles repetidos en ninos menores de 2 anos,2005-02-01,362,362,346,708
YAMPARAEZ,nutricion y desarrollo infantil,controles repetidos en ninos menores de 2 anos,2005-02-01,163,163,168,331
YANACACHI,nutricion y desarrollo infantil,controles repetidos en ninos menores de 2 anos,2005-02-01,16,16,13,29
YAPACANI,nutricion y desarrollo infantil,controles repetidos en ninos menores de 2 anos,2005-02-01,499,499,367,866
YOCALLA,nutricion y desarrollo infantil,controles repetidos en ninos menores de 2 anos,2005-02-01,46,46,48,94
YOTALA,nutricion y desarrollo infantil,controles repetidos en ninos menores de 2 anos,2005-02-01,123,123,126,249
YUNCHARA,nutricion y desarrollo infantil,controles repetidos en ninos menores de 2 anos,2005-02-01,50,50,43,93
ZUDAÑEZ,nutricion y desarrollo infantil,controles repetidos en ninos menores de 2 anos,2005-02-01,106,106,87,193
ACACIO,nutricion y desarrollo infantil,controles repetidos en ninos menores de 2 anos,2005-03-01,82,82,94,176
ACHACACHI,nutricion y desarrollo infantil,controles repetidos en ninos menores de 2 anos,2005-03-01,258,258,252,510
ACHOCALLA,nutricion y desarrollo infantil,controles repetidos en ninos menores de 2 anos,2005-03-01,42,42,48,90
AIQUILE,nutricion y desarrollo infantil,controles repetidos en ninos menores de 2 anos,2005-03-01,40,40,52,92
ALALAY,nutricion y desarrollo infantil,controles repetidos en ninos menores de 2 anos,2005-03-01,30,30,36,66
ALCALA,nutricion y desarrollo infantil,controles repetidos en ninos menores de 2 anos,2005-03-01,50,50,50,100
ANCORAIMES,nutricion y desarrollo infantil,controles repetidos en ninos menores de 2 anos,2005-03-01,109,109,121,230
ANDAMARCA,nutricion y desarrollo infantil,controles repetidos en ninos menores de 2 anos,2005-03-01,28,28,12,40
ANTEQUERA,nutricion y desarrollo infantil,controles repetidos en ninos menores de 2 anos,2005-03-01,13,13,20,33
ANZALDO,nutricion y desarrollo infantil,controles repetidos en ninos menores de 2 anos,2005-03-01,27,27,22,49
APOLO,nutricion y desarrollo infantil,controles repetidos en ninos menores de 2 anos,2005-03-01,40,40,37,77
ARAMPAMPA,nutricion y desarrollo infantil,controles repetidos en ninos menores de 2 anos,2005-03-01,88,88,70,158
ARANI,nutricion y desarrollo infantil,controles repetidos en ninos menores de 2 anos,2005-03-01,67,67,87,154
ARBIETO,nutricion y desarrollo infantil,controles repetidos en ninos menores de 2 anos,2005-03-01,44,44,39,83
ARQUE,nutricion y desarrollo infantil,controles repetidos en ninos menores de 2 anos,2005-03-01,63,63,65,128
ATOCHA,nutricion y desarrollo infantil,controles repetidos en ninos menores de 2 anos,2005-03-01,172,172,137,309
AUCAPATA,nutricion y desarrollo infantil,controles repetidos en ninos menores de 2 anos,2005-03-01,37,37,47,84
AYATA,nutricion y desarrollo infantil,controles repetidos en ninos menores de 2 anos,2005-03-01,59,59,61,120
AYO AYO,nutricion y desarrollo infantil,controles repetidos en ninos menores de 2 anos,2005-03-01,40,40,29,69
AYOPAYA (V. DE INDEPENDENCIA),nutricion y desarrollo infantil,controles repetidos en ninos menores de 2 anos,2005-03-01,201,201,166,367
AZURDUY,nutricion y desarrollo infantil,controles repetidos en ninos menores de 2 anos,2005-03-01,306,306,279,585
BATALLAS,nutricion y desarrollo infantil,controles repetidos en ninos menores de 2 anos,2005-03-01,90,90,47,137
BAURES,nutricion y desarrollo infantil,controles repetidos en ninos menores de 2 anos,2005-03-01,38,38,44,82
BELEN DE ANDAMARCA,nutricion y desarrollo infantil,controles repetidos en ninos menores de 2 anos,2005-03-01,5,5,7,12
BELEN DE URMIRI,nutricion y desarrollo infantil,controles repetidos en ninos menores de 2 anos,2005-03-01,20,20,18,38
BELLA FLOR,nutricion y desarrollo infantil,controles repetidos en ninos menores de 2 anos,2005-03-01,21,21,20,41
BERMEJO,nutricion y desarrollo infantil,controles repetidos en ninos menores de 2 anos,2005-03-01,86,86,73,159
BETANZOS,nutricion y desarrollo infantil,controles repetidos en ninos menores de 2 anos,2005-03-01,275,275,315,590
BOLIVAR,nutricion y desarrollo infantil,controles repetidos en ninos menores de 2 anos,2005-03-01,77,77,100,177
BOLPEBRA,nutricion y desarrollo infantil,controles repetidos en ninos menores de 2 anos,2005-03-01,40,40,24,64
BOYUIBE,nutricion y desarrollo infantil,controles repetidos en ninos menores de 2 anos,2005-03-01,46,46,55,101
BUENA VISTA,nutricion y desarrollo infantil,controles repetidos en ninos menores de 2 anos,2005-03-01,183,183,158,341
CABEZAS,nutricion y desarrollo infantil,controles repetidos en ninos menores de 2 anos,2005-03-01,109,109,81,190
CAIROMA,nutricion y desarrollo infantil,controles repetidos en ninos menores de 2 anos,2005-03-01,160,160,141,301
"CAIZA ""D""",nutricion y desarrollo infantil,controles repetidos en ninos menores de 2 anos,2005-03-01,90,90,83,173
CAJUATA,nutricion y desarrollo infantil,controles repetidos en ninos menores de 2 anos,2005-03-01,59,59,69,128
CALACOTO,nutricion y desarrollo infantil,controles repetidos en ninos menores de 2 anos,2005-03-01,39,39,56,95
CALAMARCA,nutricion y desarrollo infantil,controles repetidos en ninos menores de 2 anos,2005-03-01,186,186,172,358
CAMARGO,nutricion y desarrollo infantil,controles repetidos en ninos menores de 2 anos,2005-03-01,64,64,69,133
CAMATAQUI (C. VILLA ABECIA),nutricion y desarrollo infantil,controles repetidos en ninos menores de 2 anos,2005-03-01,50,50,30,80
CAMIRI,nutricion y desarrollo infantil,controles repetidos en ninos menores de 2 anos,2005-03-01,374,374,288,662
CAPINOTA,nutricion y desarrollo infantil,controles repetidos en ninos menores de 2 anos,2005-03-01,124,124,147,271
CAQUIAVIRI,nutricion y desarrollo infantil,controles repetidos en ninos menores de 2 anos,2005-03-01,101,101,110,211
CARACOLLO,nutricion y desarrollo infantil,controles repetidos en ninos menores de 2 anos,2005-03-01,106,106,88,194
CARANAVI,nutricion y desarrollo infantil,controles repetidos en ninos menores de 2 anos,2005-03-01,574,574,374,948
CARAPARI,nutricion y desarrollo infantil,controles repetidos en ninos menores de 2 anos,2005-03-01,124,124,87,211
CARIPUYO,nutricion y desarrollo infantil,controles repetidos en ninos menores de 2 anos,2005-03-01,164,164,154,318
CARMEN RIVERO TORREZ,nutricion y desarrollo infantil,controles repetidos en ninos menores de 2 anos,2005-03-01,14,14,12,26
CATACORA,nutricion y desarrollo infantil,controles repetidos en ninos menores de 2 anos,2005-03-01,13,13,11,24
CHACARILLA,nutricion y desarrollo infantil,controles repetidos en ninos menores de 2 anos,2005-03-01,3,3,4,7
CHALLAPATA,nutricion y desarrollo infantil,controles repetidos en ninos menores de 2 anos,2005-03-01,145,145,167,312
CHAQUI,nutricion y desarrollo infantil,controles repetidos en ninos menores de 2 anos,2005-03-01,82,82,73,155
CHARAGUA,nutricion y desarrollo infantil,controles repetidos en ninos menores de 2 anos,2005-03-01,356,356,341,697
CHARAÑA,nutricion y desarrollo infantil,controles repetidos en ninos menores de 2 anos,2005-03-01,17,17,26,43
CHAYANTA,nutricion y desarrollo infantil,controles repetidos en ninos menores de 2 anos,2005-03-01,140,140,114,254
CHIMORE,nutricion y desarrollo infantil,controles repetidos en ninos menores de 2 anos,2005-03-01,26,26,31,57
CHIPAYA,nutricion y desarrollo infantil,controles repetidos en ninos menores de 2 anos,2005-03-01,7,7,11,18
CHOQUE COTA,nutricion y desarrollo infantil,controles repetidos en ninos menores de 2 anos,2005-03-01,8,8,9,17
CHULUMANI (V. DE LA LIBERTAD),nutricion y desarrollo infantil,controles repetidos en ninos menores de 2 anos,2005-03-01,59,59,57,116
CHUMA,nutricion y desarrollo infantil,controles repetidos en ninos menores de 2 anos,2005-03-01,77,77,88,165
CLIZA,nutricion y desarrollo infantil,controles repetidos en ninos menores de 2 anos,2005-03-01,37,37,35,72
COBIJA,nutricion y desarrollo infantil,controles repetidos en ninos menores de 2 anos,2005-03-01,351,351,322,673
COCHABAMBA,nutricion y desarrollo infantil,controles repetidos en ninos menores de 2 anos,2005-03-01,1586,1586,1596,3182
COIPASA,nutricion y desarrollo infantil,controles repetidos en ninos menores de 2 anos,2005-03-01,8,8,5,13
COLCAPIRHUA,nutricion y desarrollo infantil,controles repetidos en ninos menores de 2 anos,2005-03-01,91,91,77,168
"COLCHA ""K""",nutricion y desarrollo infantil,controles repetidos en ninos menores de 2 anos,2005-03-01,114,114,125,239
COLLANA,nutricion y desarrollo infantil,controles repetidos en ninos menores de 2 anos,2005-03-01,9,9,11,20
COLOMI,nutricion y desarrollo infantil,controles repetidos en ninos menores de 2 anos,2005-03-01,89,89,68,157
COLPA BELGICA,nutricion y desarrollo infantil,controles repetidos en ninos menores de 2 anos,2005-03-01,44,44,21,65
COLQUECHACA,nutricion y desarrollo infantil,controles repetidos en ninos menores de 2 anos,2005-03-01,213,213,213,426
COLQUENCHA,nutricion y desarrollo infantil,controles repetidos en ninos menores de 2 anos,2005-03-01,26,26,28,54
COLQUIRI,nutricion y desarrollo infantil,controles repetidos en ninos menores de 2 anos,2005-03-01,95,95,75,170
COMANCHE,nutricion y desarrollo infantil,controles repetidos en ninos menores de 2 anos,2005-03-01,44,44,36,80
COMARAPA,nutricion y desarrollo infantil,controles repetidos en ninos menores de 2 anos,2005-03-01,175,175,179,354
COMBAYA,nutricion y desarrollo infantil,controles repetidos en ninos menores de 2 anos,2005-03-01,10,10,11,21
CONCEPCION,nutricion y desarrollo infantil,controles repetidos en ninos menores de 2 anos,2005-03-01,44,44,50,94
COPACABANA,nutricion y desarrollo infantil,controles repetidos en ninos menores de 2 anos,2005-03-01,69,69,56,125
CORIPATA,nutricion y desarrollo infantil,controles repetidos en ninos menores de 2 anos,2005-03-01,74,74,79,153
CORO CORO,nutricion y desarrollo infantil,controles repetidos en ninos menores de 2 anos,2005-03-01,99,99,65,164
COROICO,nutricion y desarrollo infantil,controles repetidos en ninos menores de 2 anos,2005-03-01,89,89,88,177
CORQUE,nutricion y desarrollo infantil,controles repetidos en ninos menores de 2 anos,2005-03-01,49,49,47,96
COTAGAITA,nutricion y desarrollo infantil,controles repetidos en ninos menores de 2 anos,2005-03-01,302,302,251,553
COTOCA,nutricion y desarrollo infantil,controles repetidos en ninos menores de 2 anos,2005-03-01,312,312,259,571
CUATRO CAÑADAS,nutricion y desarrollo infantil,controles repetidos en ninos menores de 2 anos,2005-03-01,31,31,51,82
CUCHUMUELA (V. G. VILLARROEL),nutricion y desarrollo infantil,controles repetidos en ninos menores de 2 anos,2005-03-01,24,24,11,35
CUEVO,nutricion y desarrollo infantil,controles repetidos en ninos menores de 2 anos,2005-03-01,40,40,40,80
CULPINA,nutricion y desarrollo infantil,controles repetidos en ninos menores de 2 anos,2005-03-01,290,290,291,581
CURAHUARA DE CARANGAS,nutricion y desarrollo infantil,controles repetidos en ninos menores de 2 anos,2005-03-01,16,16,16,32
CURVA,nutricion y desarrollo infantil,controles repetidos en ninos menores de 2 anos,2005-03-01,27,27,17,44
DESAGUADERO,nutricion y desarrollo infantil,controles repetidos en ninos menores de 2 anos,2005-03-01,27,27,25,52
EL ALTO,nutricion y desarrollo infantil,controles repetidos en ninos menores de 2 anos,2005-03-01,3358,3358,2980,6338
EL CHORO,nutricion y desarrollo infantil,controles repetidos en ninos menores de 2 anos,2005-03-01,1,1,2,3
EL PUENTE(TJA),nutricion y desarrollo infantil,controles repetidos en ninos menores de 2 anos,2005-03-01,70,70,66,136
EL TORNO,nutricion y desarrollo infantil,controles repetidos en ninos menores de 2 anos,2005-03-01,259,259,261,520
EL VILLAR,nutricion y desarrollo infantil,controles repetidos en ninos menores de 2 anos,2005-03-01,72,72,82,154
ENTRE RIOS,nutricion y desarrollo infantil,controles repetidos en ninos menores de 2 anos,2005-03-01,219,219,173,392
ENTRE RIOS,nutricion y desarrollo infantil,controles repetidos en ninos menores de 2 anos,2005-03-01,158,158,170,328
ESCARA,nutricion y desarrollo infantil,controles repetidos en ninos menores de 2 anos,2005-03-01,4,4,0,4
EUCALIPTUS,nutricion y desarrollo infantil,controles repetidos en ninos menores de 2 anos,2005-03-01,28,28,16,44
EUREKA (SANTOS MERCADO),nutricion y desarrollo infantil,controles repetidos en ninos menores de 2 anos,2005-03-01,9,9,10,19
EXALTACION,nutricion y desarrollo infantil,controles repetidos en ninos menores de 2 anos,2005-03-01,29,29,29,58
FERNANDEZ ALONSO,nutricion y desarrollo infantil,controles repetidos en ninos menores de 2 anos,2005-03-01,161,161,149,310
FILADELFIA,nutricion y desarrollo infantil,controles repetidos en ninos menores de 2 anos,2005-03-01,30,30,34,64
GENERAL SAAVEDRA,nutricion y desarrollo infantil,controles repetidos en ninos menores de 2 anos,2005-03-01,255,255,216,471
GRAL. J.J. PEREZ (CHARAZANI),nutricion y desarrollo infantil,controles repetidos en ninos menores de 2 anos,2005-03-01,114,114,92,206
GUANAY,nutricion y desarrollo infantil,controles repetidos en ninos menores de 2 anos,2005-03-01,58,58,49,107
GUAQUI,nutricion y desarrollo infantil,controles repetidos en ninos menores de 2 anos,2005-03-01,26,26,22,48
GUAYARAMERIN,nutricion y desarrollo infantil,controles repetidos en ninos menores de 2 anos,2005-03-01,378,378,372,750
GUTIERREZ,nutricion y desarrollo infantil,controles repetidos en ninos menores de 2 anos,2005-03-01,285,285,257,542
HUACARETA,nutricion y desarrollo infantil,controles repetidos en ninos menores de 2 anos,2005-03-01,138,138,128,266
HUACAYA (VILLA DE HUACAYA),nutricion y desarrollo infantil,controles repetidos en ninos menores de 2 anos,2005-03-01,30,30,35,65
HUACHACALLA,nutricion y desarrollo infantil,controles repetidos en ninos menores de 2 anos,2005-03-01,2,2,5,7
HUANUNI,nutricion y desarrollo infantil,controles repetidos en ninos menores de 2 anos,2005-03-01,232,232,202,434
HUARACAJE,nutricion y desarrollo infantil,controles repetidos en ninos menores de 2 anos,2005-03-01,42,42,28,70
HUAYLLAMARCA,nutricion y desarrollo infantil,controles repetidos en ninos menores de 2 anos,2005-03-01,21,21,20,41
ICHOCA,nutricion y desarrollo infantil,controles repetidos en ninos menores de 2 anos,2005-03-01,25,25,19,44
ICLA,nutricion y desarrollo infantil,controles repetidos en ninos menores de 2 anos,2005-03-01,186,186,168,354
INCAHUASI,nutricion y desarrollo infantil,controles repetidos en ninos menores de 2 anos,2005-03-01,296,296,336,632
INGAVI (HUMAITA),nutricion y desarrollo infantil,controles repetidos en ninos menores de 2 anos,2005-03-01,3,3,1,4
INQUISIVI,nutricion y desarrollo infantil,controles repetidos en ninos menores de 2 anos,2005-03-01,95,95,95,190
IRUPANA (VILLA DE LANZA),nutricion y desarrollo infantil,controles repetidos en ninos menores de 2 anos,2005-03-01,171,171,171,342
IXIAMAS,nutricion y desarrollo infantil,controles repetidos en ninos menores de 2 anos,2005-03-01,102,102,55,157
JESUS DE MACHACA,nutricion y desarrollo infantil,controles repetidos en ninos menores de 2 anos,2005-03-01,64,64,61,125
LA ASUNTA,nutricion y desarrollo infantil,controles repetidos en ninos menores de 2 anos,2005-03-01,144,144,169,313
LA GUARDIA,nutricion y desarrollo infantil,controles repetidos en ninos menores de 2 anos,2005-03-01,200,200,182,382
LA PAZ,nutricion y desarrollo infantil,controles repetidos en ninos menores de 2 anos,2005-03-01,3651,3651,3544,7195
LA RIVERA,nutricion y desarrollo infantil,controles repetidos en ninos menores de 2 anos,2005-03-01,0,0,1,1
LAGUNILLAS,nutricion y desarrollo infantil,controles repetidos en ninos menores de 2 anos,2005-03-01,113,113,83,196
LAJA,nutricion y desarrollo infantil,controles repetidos en ninos menores de 2 anos,2005-03-01,64,64,56,120
LAS CARRERAS,nutricion y desarrollo infantil,controles repetidos en ninos menores de 2 anos,2005-03-01,46,46,38,84
LICOMA PAMPA,nutricion y desarrollo infantil,controles repetidos en ninos menores de 2 anos,2005-03-01,24,24,14,38
LLALLAGUA,nutricion y desarrollo infantil,controles repetidos en ninos menores de 2 anos,2005-03-01,467,467,438,905
LLICA,nutricion y desarrollo infantil,controles repetidos en ninos menores de 2 anos,2005-03-01,34,34,28,62
LORETO,nutricion y desarrollo infantil,controles repetidos en ninos menores de 2 anos,2005-03-01,20,20,22,42
LURIBAY,nutricion y desarrollo infantil,controles repetidos en ninos menores de 2 anos,2005-03-01,134,134,132,266
MACHACAMARCA,nutricion y desarrollo infantil,controles repetidos en ninos menores de 2 anos,2005-03-01,20,20,23,43
MACHARETI,nutricion y desarrollo infantil,controles repetidos en ninos menores de 2 anos,2005-03-01,126,126,139,265
MAGDALENA,nutricion y desarrollo infantil,controles repetidos en ninos menores de 2 anos,2005-03-01,101,101,102,203
MAIRANA,nutricion y desarrollo infantil,controles repetidos en ninos menores de 2 anos,2005-03-01,66,66,73,139
MALLA,nutricion y desarrollo infantil,controles repetidos en ninos menores de 2 anos,2005-03-01,15,15,19,34
MAPIRI,nutricion y desarrollo infantil,controles repetidos en ninos menores de 2 anos,2005-03-01,118,118,112,230
MECAPACA,nutricion y desarrollo infantil,controles repetidos en ninos menores de 2 anos,2005-03-01,69,69,70,139
MINEROS,nutricion y desarrollo infantil,controles repetidos en ninos menores de 2 anos,2005-03-01,211,211,175,386
MIZQUE,nutricion y desarrollo infantil,controles repetidos en ninos menores de 2 anos,2005-03-01,90,90,89,179
MOCOMOCO,nutricion y desarrollo infantil,controles repetidos en ninos menores de 2 anos,2005-03-01,164,164,146,310
MOJINETE,nutricion y desarrollo infantil,controles repetidos en ninos menores de 2 anos,2005-03-01,18,18,9,27
MOJOCOYA,nutricion y desarrollo infantil,controles repetidos en ninos menores de 2 anos,2005-03-01,99,99,77,176
MONTEAGUDO,nutricion y desarrollo infantil,controles repetidos en ninos menores de 2 anos,2005-03-01,245,245,206,451
MONTERO,nutricion y desarrollo infantil,controles repetidos en ninos menores de 2 anos,2005-03-01,893,893,798,1691
MORO MORO,nutricion y desarrollo infantil,controles repetidos en ninos menores de 2 anos,2005-03-01,32,32,19,51
MOROCHATA,nutricion y desarrollo infantil,controles repetidos en ninos menores de 2 anos,2005-03-01,50,50,70,120
NACEBE (SANTA ROSA DEL ABUNA),nutricion y desarrollo infantil,controles repetidos en ninos menores de 2 anos,2005-03-01,15,15,11,26
NAZACARA DE PACAJES,nutricion y desarrollo infantil,controles repetidos en ninos menores de 2 anos,2005-03-01,9,9,3,12
NUEVO MANOA (NUEVA ESPERANZA),nutricion y desarrollo infantil,controles repetidos en ninos menores de 2 anos,2005-03-01,12,12,7,19
OCURI,nutricion y desarrollo infantil,controles repetidos en ninos menores de 2 anos,2005-03-01,197,197,179,376
OKINAWA,nutricion y desarrollo infantil,controles repetidos en ninos menores de 2 anos,2005-03-01,121,121,93,214
OMEREQUE,nutricion y desarrollo infantil,controles repetidos en ninos menores de 2 anos,2005-03-01,35,35,33,68
ORURO,nutricion y desarrollo infantil,controles repetidos en ninos menores de 2 anos,2005-03-01,1422,1422,1319,2741
PADCAYA,nutricion y desarrollo infantil,controles repetidos en ninos menores de 2 anos,2005-03-01,164,164,146,310
PADILLA,nutricion y desarrollo infantil,controles repetidos en ninos menores de 2 anos,2005-03-01,197,197,183,380
PAILON,nutricion y desarrollo infantil,controles repetidos en ninos menores de 2 anos,2005-03-01,161,161,151,312
PALCA,nutricion y desarrollo infantil,controles repetidos en ninos menores de 2 anos,2005-03-01,110,110,112,222
PALOS BLANCOS,nutricion y desarrollo infantil,controles repetidos en ninos menores de 2 anos,2005-03-01,352,352,305,657
PAMPA AULLAGAS,nutricion y desarrollo infantil,controles repetidos en ninos menores de 2 anos,2005-03-01,24,24,16,40
PAMPA GRANDE,nutricion y desarrollo infantil,controles repetidos en ninos menores de 2 anos,2005-03-01,69,69,60,129
PAPEL PAMPA,nutricion y desarrollo infantil,controles repetidos en ninos menores de 2 anos,2005-03-01,21,21,24,45
PASORAPA,nutricion y desarrollo infantil,controles repetidos en ninos menores de 2 anos,2005-03-01,41,41,31,72
PATACAMAYA,nutricion y desarrollo infantil,controles repetidos en ninos menores de 2 anos,2005-03-01,150,150,122,272
PAZÑA,nutricion y desarrollo infantil,controles repetidos en ninos menores de 2 anos,2005-03-01,23,23,28,51
PELECHUCO,nutricion y desarrollo infantil,controles repetidos en ninos menores de 2 anos,2005-03-01,66,66,51,117
POCOATA,nutricion y desarrollo infantil,controles repetidos en ninos menores de 2 anos,2005-03-01,238,238,263,501
POCONA,nutricion y desarrollo infantil,controles repetidos en ninos menores de 2 anos,2005-03-01,35,35,48,83
POJO (CBBA),nutricion y desarrollo infantil,controles repetidos en ninos menores de 2 anos,2005-03-01,125,125,115,240
POOPO,nutricion y desarrollo infantil,controles repetidos en ninos menores de 2 anos,2005-03-01,21,21,19,40
PORCO,nutricion y desarrollo infantil,controles repetidos en ninos menores de 2 anos,2005-03-01,63,63,93,156
POROMA,nutricion y desarrollo infantil,controles repetidos en ninos menores de 2 anos,2005-03-01,179,179,138,317
PORONGO,nutricion y desarrollo infantil,controles repetidos en ninos menores de 2 anos,2005-03-01,58,58,39,97
PORTACHUELO,nutricion y desarrollo infantil,controles repetidos en ninos menores de 2 anos,2005-03-01,149,149,138,287
PORVENIR,nutricion y desarrollo infantil,controles repetidos en ninos menores de 2 anos,2005-03-01,51,51,39,90
POSTRER VALLE,nutricion y desarrollo infantil,controles repetidos en ninos menores de 2 anos,2005-03-01,9,9,15,24
POTOSI,nutricion y desarrollo infantil,controles repetidos en ninos menores de 2 anos,2005-03-01,1229,1229,1155,2384
PRESTO,nutricion y desarrollo infantil,controles repetidos en ninos menores de 2 anos,2005-03-01,135,135,115,250
PUCARA,nutricion y desarrollo infantil,controles repetidos en ninos menores de 2 anos,2005-03-01,9,9,1,10
PUCARANI,nutricion y desarrollo infantil,controles repetidos en ninos menores de 2 anos,2005-03-01,135,135,142,277
PUERTO ACOSTA,nutricion y desarrollo infantil,controles repetidos en ninos menores de 2 anos,2005-03-01,163,163,152,315
PUERTO CARABUCO,nutricion y desarrollo infantil,controles repetidos en ninos menores de 2 anos,2005-03-01,148,148,131,279
PUERTO GONZALO MORENO,nutricion y desarrollo infantil,controles repetidos en ninos menores de 2 anos,2005-03-01,44,44,48,92
PUERTO PEREZ,nutricion y desarrollo infantil,controles repetidos en ninos menores de 2 anos,2005-03-01,29,29,22,51
PUERTO QUIJARRO,nutricion y desarrollo infantil,controles repetidos en ninos menores de 2 anos,2005-03-01,123,123,100,223
PUERTO RICO,nutricion y desarrollo infantil,controles repetidos en ninos menores de 2 anos,2005-03-01,94,94,75,169
PUERTO SILES,nutricion y desarrollo infantil,controles repetidos en ninos menores de 2 anos,2005-03-01,2,2,6,8
PUERTO SUAREZ,nutricion y desarrollo infantil,controles repetidos en ninos menores de 2 anos,2005-03-01,79,79,89,168
PUERTO VILLARROEL,nutricion y desarrollo infantil,controles repetidos en ninos menores de 2 anos,2005-03-01,177,177,175,352
PUNA,nutricion y desarrollo infantil,controles repetidos en ninos menores de 2 anos,2005-03-01,273,273,274,547
PUNATA,nutricion y desarrollo infantil,controles repetidos en ninos menores de 2 anos,2005-03-01,110,110,98,208
QUIABAYA,nutricion y desarrollo infantil,controles repetidos en ninos menores de 2 anos,2005-03-01,31,31,34,65
QUILLACOLLO,nutricion y desarrollo infantil,controles repetidos en ninos menores de 2 anos,2005-03-01,120,120,103,223
QUIME,nutricion y desarrollo infantil,controles repetidos en ninos menores de 2 anos,2005-03-01,61,61,75,136
QUIRUSILLAS,nutricion y desarrollo infantil,controles repetidos en ninos menores de 2 anos,2005-03-01,16,16,15,31
RAVELO,nutricion y desarrollo infantil,controles repetidos en ninos menores de 2 anos,2005-03-01,318,318,321,639
REYES,nutricion y desarrollo infantil,controles repetidos en ninos menores de 2 anos,2005-03-01,15,15,9,24
RIBERALTA,nutricion y desarrollo infantil,controles repetidos en ninos menores de 2 anos,2005-03-01,895,895,889,1784
ROBORE,nutricion y desarrollo infantil,controles repetidos en ninos menores de 2 anos,2005-03-01,115,115,99,214
RURRENABAQUE,nutricion y desarrollo infantil,controles repetidos en ninos menores de 2 anos,2005-03-01,128,128,133,261
SABAYA,nutricion y desarrollo infantil,controles repetidos en ninos menores de 2 anos,2005-03-01,29,29,17,46
SACABA,nutricion y desarrollo infantil,controles repetidos en ninos menores de 2 anos,2005-03-01,241,241,230,471
SACABAMBA,nutricion y desarrollo infantil,controles repetidos en ninos menores de 2 anos,2005-03-01,27,27,17,44
SACACA,nutricion y desarrollo infantil,controles repetidos en ninos menores de 2 anos,2005-03-01,295,295,303,598
SAIPINA,nutricion y desarrollo infantil,controles repetidos en ninos menores de 2 anos,2005-03-01,61,61,59,120
SALINAS DE GARCI MENDOZA,nutricion y desarrollo infantil,controles repetidos en ninos menores de 2 anos,2005-03-01,73,73,72,145
SAMAIPATA,nutricion y desarrollo infantil,controles repetidos en ninos menores de 2 anos,2005-03-01,97,97,71,168
SAN AGUSTIN,nutricion y desarrollo infantil,controles repetidos en ninos menores de 2 anos,2005-03-01,21,21,28,49
SAN ANDRES,nutricion y desarrollo infantil,controles repetidos en ninos menores de 2 anos,2005-03-01,87,87,70,157
SAN ANDRES DE MACHACA,nutricion y desarrollo infantil,controles repetidos en ninos menores de 2 anos,2005-03-01,35,35,31,66
SAN ANTONIO DE ESMORUCO,nutricion y desarrollo infantil,controles repetidos en ninos menores de 2 anos,2005-03-01,12,12,15,27
SAN ANTONIO DE LOMERIO,nutricion y desarrollo infantil,controles repetidos en ninos menores de 2 anos,2005-03-01,133,133,129,262
SAN BENITO,nutricion y desarrollo infantil,controles repetidos en ninos menores de 2 anos,2005-03-01,30,30,43,73
SAN BORJA,nutricion y desarrollo infantil,controles repetidos en ninos menores de 2 anos,2005-03-01,357,357,298,655
SAN BUENA VENTURA,nutricion y desarrollo infantil,controles repetidos en ninos menores de 2 anos,2005-03-01,95,95,85,180
SAN CARLOS,nutricion y desarrollo infantil,controles repetidos en ninos menores de 2 anos,2005-03-01,226,226,195,421
SAN IGNACIO,nutricion y desarrollo infantil,controles repetidos en ninos menores de 2 anos,2005-03-01,202,202,174,376
SAN IGNACIO DE VELASCO,nutricion y desarrollo infantil,controles repetidos en ninos menores de 2 anos,2005-03-01,666,666,627,1293
SAN JAVIER(BNI),nutricion y desarrollo infantil,controles repetidos en ninos menores de 2 anos,2005-03-01,97,97,46,143
SAN JAVIER(STC),nutricion y desarrollo infantil,controles repetidos en ninos menores de 2 anos,2005-03-01,87,87,62,149
SAN JOAQUIN,nutricion y desarrollo infantil,controles repetidos en ninos menores de 2 anos,2005-03-01,37,37,53,90
SAN JOSE DE CHIQUITOS,nutricion y desarrollo infantil,controles repetidos en ninos menores de 2 anos,2005-03-01,120,120,102,222
SAN JUAN DE YAPACANI,nutricion y desarrollo infantil,controles repetidos en ninos menores de 2 anos,2005-03-01,159,159,126,285
SAN JULIAN,nutricion y desarrollo infantil,controles repetidos en ninos menores de 2 anos,2005-03-01,182,182,163,345
SAN LORENZO(PND),nutricion y desarrollo infantil,controles repetidos en ninos menores de 2 anos,2005-03-01,31,31,18,49
SAN LORENZO(TJA),nutricion y desarrollo infantil,controles repetidos en ninos menores de 2 anos,2005-03-01,190,190,158,348
SAN LUCAS,nutricion y desarrollo infantil,controles repetidos en ninos menores de 2 anos,2005-03-01,488,488,455,943
SAN MATIAS,nutricion y desarrollo infantil,controles repetidos en ninos menores de 2 anos,2005-03-01,152,152,111,263
SAN MIGUEL DE VELASCO,nutricion y desarrollo infantil,controles repetidos en ninos menores de 2 anos,2005-03-01,146,146,165,311
SAN PABLO DE LIPEZ,nutricion y desarrollo infantil,controles repetidos en ninos menores de 2 anos,2005-03-01,30,30,19,49
SAN PEDRO,nutricion y desarrollo infantil,controles repetidos en ninos menores de 2 anos,2005-03-01,200,200,186,386
SAN PEDRO DE BUENA VISTA,nutricion y desarrollo infantil,controles repetidos en ninos menores de 2 anos,2005-03-01,242,242,259,501
SAN PEDRO DE CURAHUARA,nutricion y desarrollo infantil,controles repetidos en ninos menores de 2 anos,2005-03-01,18,18,18,36
SAN PEDRO DE QUEMES,nutricion y desarrollo infantil,controles repetidos en ninos menores de 2 anos,2005-03-01,8,8,12,20
SAN PEDRO DE TIQUINA,nutricion y desarrollo infantil,controles repetidos en ninos menores de 2 anos,2005-03-01,39,39,33,72
SAN PEDRO(PND),nutricion y desarrollo infantil,controles repetidos en ninos menores de 2 anos,2005-03-01,4,4,9,13
SAN RAFAEL,nutricion y desarrollo infantil,controles repetidos en ninos menores de 2 anos,2005-03-01,52,52,62,114
SAN RAMON,nutricion y desarrollo infantil,controles repetidos en ninos menores de 2 anos,2005-03-01,66,66,31,97
SAN RAMON,nutricion y desarrollo infantil,controles repetidos en ninos menores de 2 anos,2005-03-01,72,72,38,110
SANTA ANA,nutricion y desarrollo infantil,controles repetidos en ninos menores de 2 anos,2005-03-01,133,133,106,239
SANTA CRUZ DE LA SIERRA,nutricion y desarrollo infantil,controles repetidos en ninos menores de 2 anos,2005-03-01,4392,4392,3938,8330
SANTA ROSA,nutricion y desarrollo infantil,controles repetidos en ninos menores de 2 anos,2005-03-01,58,58,55,113
SANTA ROSA DEL SARA,nutricion y desarrollo infantil,controles repetidos en ninos menores de 2 anos,2005-03-01,106,106,110,216
SANTIAGO DE CALLAPA,nutricion y desarrollo infantil,controles repetidos en ninos menores de 2 anos,2005-03-01,53,53,48,101
SANTIAGO DE HUARI,nutricion y desarrollo infantil,controles repetidos en ninos menores de 2 anos,2005-03-01,49,49,43,92
SANTIAGO DE MACHACA,nutricion y desarrollo infantil,controles repetidos en ninos menores de 2 anos,2005-03-01,7,7,8,15
SANTIVAÑES,nutricion y desarrollo infantil,controles repetidos en ninos menores de 2 anos,2005-03-01,74,74,74,148
SANTUARIO DE QUILLACAS,nutricion y desarrollo infantil,controles repetidos en ninos menores de 2 anos,2005-03-01,14,14,6,20
SAPAHAQUI,nutricion y desarrollo infantil,controles repetidos en ninos menores de 2 anos,2005-03-01,48,48,45,93
SENA,nutricion y desarrollo infantil,controles repetidos en ninos menores de 2 anos,2005-03-01,24,24,26,50
SICA SICA (VILLA AROMA),nutricion y desarrollo infantil,controles repetidos en ninos menores de 2 anos,2005-03-01,112,112,153,265
SICAYA,nutricion y desarrollo infantil,controles repetidos en ninos menores de 2 anos,2005-03-01,38,38,19,57
SIPE SIPE,nutricion y desarrollo infantil,controles repetidos en ninos menores de 2 anos,2005-03-01,177,177,153,330
SOPACHUY,nutricion y desarrollo infantil,controles repetidos en ninos menores de 2 anos,2005-03-01,92,92,103,195
SORACACHI,nutricion y desarrollo infantil,controles repetidos en ninos menores de 2 anos,2005-03-01,49,49,47,96
SORATA,nutricion y desarrollo infantil,controles repetidos en ninos menores de 2 anos,2005-03-01,91,91,75,166
SUCRE,nutricion y desarrollo infantil,controles repetidos en ninos menores de 2 anos,2005-03-01,766,766,746,1512
TACACHI,nutricion y desarrollo infantil,controles repetidos en ninos menores de 2 anos,2005-03-01,13,13,12,25
TACACOMA,nutricion y desarrollo infantil,controles repetidos en ninos menores de 2 anos,2005-03-01,59,59,49,108
TACOBAMBA,nutricion y desarrollo infantil,controles repetidos en ninos menores de 2 anos,2005-03-01,107,107,100,207
TACOPAYA,nutricion y desarrollo infantil,controles repetidos en ninos menores de 2 anos,2005-03-01,69,69,89,158
TAHUA,nutricion y desarrollo infantil,controles repetidos en ninos menores de 2 anos,2005-03-01,11,11,8,19
TAPACARI,nutricion y desarrollo infantil,controles repetidos en ninos menores de 2 anos,2005-03-01,222,222,208,430
TARABUCO,nutricion y desarrollo infantil,controles repetidos en ninos menores de 2 anos,2005-03-01,365,365,339,704
TARACO,nutricion y desarrollo infantil,controles repetidos en ninos menores de 2 anos,2005-03-01,27,27,26,53
TARATA,nutricion y desarrollo infantil,controles repetidos en ninos menores de 2 anos,2005-03-01,73,73,60,133
TARIJA,nutricion y desarrollo infantil,controles repetidos en ninos menores de 2 anos,2005-03-01,874,874,767,1641
TARVITA,nutricion y desarrollo infantil,controles repetidos en ninos menores de 2 anos,2005-03-01,201,201,169,370
TEOPONTE,nutricion y desarrollo infantil,controles repetidos en ninos menores de 2 anos,2005-03-01,69,69,68,137
TIAWANACU,nutricion y desarrollo infantil,controles repetidos en ninos menores de 2 anos,2005-03-01,57,57,56,113
TINGUIPAYA,nutricion y desarrollo infantil,controles repetidos en ninos menores de 2 anos,2005-03-01,181,181,179,360
TIPUANI,nutricion y desarrollo infantil,controles repetidos en ninos menores de 2 anos,2005-03-01,64,64,64,128
TIQUIPAYA,nutricion y desarrollo infantil,controles repetidos en ninos menores de 2 anos,2005-03-01,54,54,74,128
TIRAQUE (CBBA),nutricion y desarrollo infantil,controles repetidos en ninos menores de 2 anos,2005-03-01,132,132,147,279
TITO YUPANQUI (PARQUIPUJIO),nutricion y desarrollo infantil,controles repetidos en ninos menores de 2 anos,2005-03-01,6,6,7,13
TOCO,nutricion y desarrollo infantil,controles repetidos en ninos menores de 2 anos,2005-03-01,12,12,10,22
TOLATA,nutricion y desarrollo infantil,controles repetidos en ninos menores de 2 anos,2005-03-01,17,17,25,42
TOLEDO,nutricion y desarrollo infantil,controles repetidos en ninos menores de 2 anos,2005-03-01,36,36,33,69
TOMAVE,nutricion y desarrollo infantil,controles repetidos en ninos menores de 2 anos,2005-03-01,98,98,103,201
TOMINA,nutricion y desarrollo infantil,controles repetidos en ninos menores de 2 anos,2005-03-01,147,147,161,308
TORO TORO,nutricion y desarrollo infantil,controles repetidos en ninos menores de 2 anos,2005-03-01,145,145,153,298
TOTORA(CBBA),nutricion y desarrollo infantil,controles repetidos en ninos menores de 2 anos,2005-03-01,113,113,104,217
TOTORA(ORR),nutricion y desarrollo infantil,controles repetidos en ninos menores de 2 anos,2005-03-01,21,21,19,40
TRIGAL,nutricion y desarrollo infantil,controles repetidos en ninos menores de 2 anos,2005-03-01,20,20,15,35
TRINIDAD,nutricion y desarrollo infantil,controles repetidos en ninos menores de 2 anos,2005-03-01,339,339,323,662
TUPIZA,nutricion y desarrollo infantil,controles repetidos en ninos menores de 2 anos,2005-03-01,427,427,454,881
TURCO,nutricion y desarrollo infantil,controles repetidos en ninos menores de 2 anos,2005-03-01,39,39,31,70
UMALA,nutricion y desarrollo infantil,controles repetidos en ninos menores de 2 anos,2005-03-01,50,50,40,90
UNCIA,nutricion y desarrollo infantil,controles repetidos en ninos menores de 2 anos,2005-03-01,93,93,95,188
URIONDO (A. CONCEPCION),nutricion y desarrollo infantil,controles repetidos en ninos menores de 2 anos,2005-03-01,158,158,172,330
URUBICHA,nutricion y desarrollo infantil,controles repetidos en ninos menores de 2 anos,2005-03-01,8,8,2,10
UYUNI,nutricion y desarrollo infantil,controles repetidos en ninos menores de 2 anos,2005-03-01,254,254,247,501
VACAS,nutricion y desarrollo infantil,controles repetidos en ninos menores de 2 anos,2005-03-01,61,61,55,116
VALLEGRANDE,nutricion y desarrollo infantil,controles repetidos en ninos menores de 2 anos,2005-03-01,178,178,153,331
VIACHA,nutricion y desarrollo infantil,controles repetidos en ninos menores de 2 anos,2005-03-01,195,195,170,365
VILA VILA,nutricion y desarrollo infantil,controles repetidos en ninos menores de 2 anos,2005-03-01,28,28,35,63
VILLA MONTES,nutricion y desarrollo infantil,controles repetidos en ninos menores de 2 anos,2005-03-01,133,133,129,262
VILLA NUEVA (LOMA ALTA),nutricion y desarrollo infantil,controles repetidos en ninos menores de 2 anos,2005-03-01,16,16,24,40
VILLA RIVERO,nutricion y desarrollo infantil,controles repetidos en ninos menores de 2 anos,2005-03-01,34,34,38,72
VILLA SERRANO,nutricion y desarrollo infantil,controles repetidos en ninos menores de 2 anos,2005-03-01,202,202,212,414
VILLA TUNARI,nutricion y desarrollo infantil,controles repetidos en ninos menores de 2 anos,2005-03-01,312,312,258,570
VILLA VACA GUZMAN (MUYUPAMPA),nutricion y desarrollo infantil,controles repetidos en ninos menores de 2 anos,2005-03-01,117,117,113,230
VILLAZON,nutricion y desarrollo infantil,controles repetidos en ninos menores de 2 anos,2005-03-01,385,385,356,741
VINTO,nutricion y desarrollo infantil,controles repetidos en ninos menores de 2 anos,2005-03-01,42,42,67,109
VITICHI,nutricion y desarrollo infantil,controles repetidos en ninos menores de 2 anos,2005-03-01,111,111,103,214
WALDO BALLIVIAN,nutricion y desarrollo infantil,controles repetidos en ninos menores de 2 anos,2005-03-01,12,12,8,20
WARNES,nutricion y desarrollo infantil,controles repetidos en ninos menores de 2 anos,2005-03-01,344,344,246,590
YACO,nutricion y desarrollo infantil,controles repetidos en ninos menores de 2 anos,2005-03-01,59,59,60,119
YACUIBA,nutricion y desarrollo infantil,controles repetidos en ninos menores de 2 anos,2005-03-01,476,476,418,894
YAMPARAEZ,nutricion y desarrollo infantil,controles repetidos en ninos menores de 2 anos,2005-03-01,185,185,191,376
YANACACHI,nutricion y desarrollo infantil,controles repetidos en ninos menores de 2 anos,2005-03-01,37,37,30,67
YAPACANI,nutricion y desarrollo infantil,controles repetidos en ninos menores de 2 anos,2005-03-01,487,487,426,913
YOCALLA,nutricion y desarrollo infantil,controles repetidos en ninos menores de 2 anos,2005-03-01,34,34,38,72
YOTALA,nutricion y desarrollo infantil,controles repetidos en ninos menores de 2 anos,2005-03-01,108,108,138,246
YUNCHARA,nutricion y desarrollo infantil,controles repetidos en ninos menores de 2 anos,2005-03-01,59,59,55,114
ZUDAÑEZ,nutricion y desarrollo infantil,controles repetidos en ninos menores de 2 anos,2005-03-01,105,105,106,211
ACACIO,nutricion y desarrollo infantil,controles repetidos en ninos menores de 2 anos,2005-04-01,88,88,102,190
ACHACACHI,nutricion y desarrollo infantil,controles repetidos en ninos menores de 2 anos,2005-04-01,374,374,394,768
ACHOCALLA,nutricion y desarrollo infantil,controles repetidos en ninos menores de 2 anos,2005-04-01,60,60,32,92
AIQUILE,nutricion y desarrollo infantil,controles repetidos en ninos menores de 2 anos,2005-04-01,73,73,50,123
ALALAY,nutricion y desarrollo infantil,controles repetidos en ninos menores de 2 anos,2005-04-01,45,45,48,93
ALCALA,nutricion y desarrollo infantil,controles repetidos en ninos menores de 2 anos,2005-04-01,46,46,49,95
ANCORAIMES,nutricion y desarrollo infantil,controles repetidos en ninos menores de 2 anos,2005-04-01,102,102,103,205
ANDAMARCA,nutricion y desarrollo infantil,controles repetidos en ninos menores de 2 anos,2005-04-01,21,21,11,32
ANTEQUERA,nutricion y desarrollo infantil,controles repetidos en ninos menores de 2 anos,2005-04-01,50,50,33,83
ANZALDO,nutricion y desarrollo infantil,controles repetidos en ninos menores de 2 anos,2005-04-01,7,7,5,12
APOLO,nutricion y desarrollo infantil,controles repetidos en ninos menores de 2 anos,2005-04-01,105,105,105,210
ARAMPAMPA,nutricion y desarrollo infantil,controles repetidos en ninos menores de 2 anos,2005-04-01,58,58,57,115
ARANI,nutricion y desarrollo infantil,controles repetidos en ninos menores de 2 anos,2005-04-01,84,84,87,171
ARBIETO,nutricion y desarrollo infantil,controles repetidos en ninos menores de 2 anos,2005-04-01,62,62,37,99
ARQUE,nutricion y desarrollo infantil,controles repetidos en ninos menores de 2 anos,2005-04-01,120,120,140,260
ASCENCION DE GUARAYOS,nutricion y desarrollo infantil,controles repetidos en ninos menores de 2 anos,2005-04-01,322,322,319,641
ATOCHA,nutricion y desarrollo infantil,controles repetidos en ninos menores de 2 anos,2005-04-01,150,150,136,286
AUCAPATA,nutricion y desarrollo infantil,controles repetidos en ninos menores de 2 anos,2005-04-01,20,20,21,41
AYATA,nutricion y desarrollo infantil,controles repetidos en ninos menores de 2 anos,2005-04-01,67,67,49,116
AYO AYO,nutricion y desarrollo infantil,controles repetidos en ninos menores de 2 anos,2005-04-01,66,66,60,126
AYOPAYA (V. DE INDEPENDENCIA),nutricion y desarrollo infantil,controles repetidos en ninos menores de 2 anos,2005-04-01,276,276,257,533
AZURDUY,nutricion y desarrollo infantil,controles repetidos en ninos menores de 2 anos,2005-04-01,220,220,204,424
BATALLAS,nutricion y desarrollo infantil,controles repetidos en ninos menores de 2 anos,2005-04-01,125,125,125,250
BAURES,nutricion y desarrollo infantil,controles repetidos en ninos menores de 2 anos,2005-04-01,52,52,57,109
BELEN DE ANDAMARCA,nutricion y desarrollo infantil,controles repetidos en ninos menores de 2 anos,2005-04-01,7,7,8,15
BELEN DE URMIRI,nutricion y desarrollo infantil,controles repetidos en ninos menores de 2 anos,2005-04-01,25,25,12,37
BELLA FLOR,nutricion y desarrollo infantil,controles repetidos en ninos menores de 2 anos,2005-04-01,20,20,34,54
BERMEJO,nutricion y desarrollo infantil,controles repetidos en ninos menores de 2 anos,2005-04-01,89,89,77,166
BETANZOS,nutricion y desarrollo infantil,controles repetidos en ninos menores de 2 anos,2005-04-01,268,268,274,542
BOLIVAR,nutricion y desarrollo infantil,controles repetidos en ninos menores de 2 anos,2005-04-01,82,82,123,205
BOLPEBRA,nutricion y desarrollo infantil,controles repetidos en ninos menores de 2 anos,2005-04-01,16,16,17,33
BOYUIBE,nutricion y desarrollo infantil,controles repetidos en ninos menores de 2 anos,2005-04-01,31,31,30,61
BUENA VISTA,nutricion y desarrollo infantil,controles repetidos en ninos menores de 2 anos,2005-04-01,210,210,200,410
CABEZAS,nutricion y desarrollo infantil,controles repetidos en ninos menores de 2 anos,2005-04-01,79,79,68,147
CAIROMA,nutricion y desarrollo infantil,controles repetidos en ninos menores de 2 anos,2005-04-01,149,149,169,318
"CAIZA ""D""",nutricion y desarrollo infantil,controles repetidos en ninos menores de 2 anos,2005-04-01,86,86,85,171
CAJUATA,nutricion y desarrollo infantil,controles repetidos en ninos menores de 2 anos,2005-04-01,40,40,63,103
CALACOTO,nutricion y desarrollo infantil,controles repetidos en ninos menores de 2 anos,2005-04-01,18,18,20,38
CALAMARCA,nutricion y desarrollo infantil,controles repetidos en ninos menores de 2 anos,2005-04-01,152,152,131,283
CAMARGO,nutricion y desarrollo infantil,controles repetidos en ninos menores de 2 anos,2005-04-01,206,206,237,443
CAMATAQUI (C. VILLA ABECIA),nutricion y desarrollo infantil,controles repetidos en ninos menores de 2 anos,2005-04-01,49,49,26,75
CAMIRI,nutricion y desarrollo infantil,controles repetidos en ninos menores de 2 anos,2005-04-01,375,375,283,658
CAPINOTA,nutricion y desarrollo infantil,controles repetidos en ninos menores de 2 anos,2005-04-01,70,70,85,155
CAQUIAVIRI,nutricion y desarrollo infantil,controles repetidos en ninos menores de 2 anos,2005-04-01,68,68,68,136
CARACOLLO,nutricion y desarrollo infantil,controles repetidos en ninos menores de 2 anos,2005-04-01,133,133,137,270
CARANAVI,nutricion y desarrollo infantil,controles repetidos en ninos menores de 2 anos,2005-04-01,498,498,404,902
CARANGAS,nutricion y desarrollo infantil,controles repetidos en ninos menores de 2 anos,2005-04-01,0,0,1,1
CARAPARI,nutricion y desarrollo infantil,controles repetidos en ninos menores de 2 anos,2005-04-01,109,109,121,230
CARIPUYO,nutricion y desarrollo infantil,controles repetidos en ninos menores de 2 anos,2005-04-01,106,106,120,226
CARMEN RIVERO TORREZ,nutricion y desarrollo infantil,controles repetidos en ninos menores de 2 anos,2005-04-01,29,29,14,43
CATACORA,nutricion y desarrollo infantil,controles repetidos en ninos menores de 2 anos,2005-04-01,1,1,0,1
CHACARILLA,nutricion y desarrollo infantil,controles repetidos en ninos menores de 2 anos,2005-04-01,4,4,3,7
CHALLAPATA,nutricion y desarrollo infantil,controles repetidos en ninos menores de 2 anos,2005-04-01,196,196,211,407
CHAQUI,nutricion y desarrollo infantil,controles repetidos en ninos menores de 2 anos,2005-04-01,56,56,68,124
CHARAGUA,nutricion y desarrollo infantil,controles repetidos en ninos menores de 2 anos,2005-04-01,325,325,268,593
CHARAÑA,nutricion y desarrollo infantil,controles repetidos en ninos menores de 2 anos,2005-04-01,10,10,9,19
CHAYANTA,nutricion y desarrollo infantil,controles repetidos en ninos menores de 2 anos,2005-04-01,145,145,128,273
CHIMORE,nutricion y desarrollo infantil,controles repetidos en ninos menores de 2 anos,2005-04-01,81,81,47,128
CHIPAYA,nutricion y desarrollo infantil,controles repetidos en ninos menores de 2 anos,2005-04-01,6,6,8,14
CHOQUE COTA,nutricion y desarrollo infantil,controles repetidos en ninos menores de 2 anos,2005-04-01,3,3,4,7
CHULUMANI (V. DE LA LIBERTAD),nutricion y desarrollo infantil,controles repetidos en ninos menores de 2 anos,2005-04-01,49,49,30,79
CHUMA,nutricion y desarrollo infantil,controles repetidos en ninos menores de 2 anos,2005-04-01,68,68,58,126
CLIZA,nutricion y desarrollo infantil,controles repetidos en ninos menores de 2 anos,2005-04-01,72,72,53,125
COBIJA,nutricion y desarrollo infantil,controles repetidos en ninos menores de 2 anos,2005-04-01,314,314,291,605
COCHABAMBA,nutricion y desarrollo infantil,controles repetidos en ninos menores de 2 anos,2005-04-01,1800,1800,1642,3442
COIPASA,nutricion y desarrollo infantil,controles repetidos en ninos menores de 2 anos,2005-04-01,5,5,4,9
COLCAPIRHUA,nutricion y desarrollo infantil,controles repetidos en ninos menores de 2 anos,2005-04-01,68,68,69,137
"COLCHA ""K""",nutricion y desarrollo infantil,controles repetidos en ninos menores de 2 anos,2005-04-01,128,128,127,255
COLLANA,nutricion y desarrollo infantil,controles repetidos en ninos menores de 2 anos,2005-04-01,11,11,8,19
COLOMI,nutricion y desarrollo infantil,controles repetidos en ninos menores de 2 anos,2005-04-01,121,121,98,219
COLPA BELGICA,nutricion y desarrollo infantil,controles repetidos en ninos menores de 2 anos,2005-04-01,47,47,31,78
COLQUECHACA,nutricion y desarrollo infantil,controles repetidos en ninos menores de 2 anos,2005-04-01,207,207,186,393
COLQUENCHA,nutricion y desarrollo infantil,controles repetidos en ninos menores de 2 anos,2005-04-01,35,35,53,88
COLQUIRI,nutricion y desarrollo infantil,controles repetidos en ninos menores de 2 anos,2005-04-01,104,104,92,196
COMANCHE,nutricion y desarrollo infantil,controles repetidos en ninos menores de 2 anos,2005-04-01,34,34,21,55
COMARAPA,nutricion y desarrollo infantil,controles repetidos en ninos menores de 2 anos,2005-04-01,175,175,176,351
COMBAYA,nutricion y desarrollo infantil,controles repetidos en ninos menores de 2 anos,2005-04-01,19,19,15,34
CONCEPCION,nutricion y desarrollo infantil,controles repetidos en ninos menores de 2 anos,2005-04-01,70,70,77,147
COPACABANA,nutricion y desarrollo infantil,controles repetidos en ninos menores de 2 anos,2005-04-01,87,87,78,165
CORIPATA,nutricion y desarrollo infantil,controles repetidos en ninos menores de 2 anos,2005-04-01,32,32,27,59
CORO CORO,nutricion y desarrollo infantil,controles repetidos en ninos menores de 2 anos,2005-04-01,70,70,55,125
COROICO,nutricion y desarrollo infantil,controles repetidos en ninos menores de 2 anos,2005-04-01,57,57,57,114
CORQUE,nutricion y desarrollo infantil,controles repetidos en ninos menores de 2 anos,2005-04-01,61,61,56,117
COTAGAITA,nutricion y desarrollo infantil,controles repetidos en ninos menores de 2 anos,2005-04-01,237,237,204,441
COTOCA,nutricion y desarrollo infantil,controles repetidos en ninos menores de 2 anos,2005-04-01,292,292,264,556
CUATRO CAÑADAS,nutricion y desarrollo infantil,controles repetidos en ninos menores de 2 anos,2005-04-01,50,50,55,105
CUCHUMUELA (V. G. VILLARROEL),nutricion y desarrollo infantil,controles repetidos en ninos menores de 2 anos,2005-04-01,6,6,3,9
CUEVO,nutricion y desarrollo infantil,controles repetidos en ninos menores de 2 anos,2005-04-01,31,31,50,81
CULPINA,nutricion y desarrollo infantil,controles repetidos en ninos menores de 2 anos,2005-04-01,251,251,244,495
CURAHUARA DE CARANGAS,nutricion y desarrollo infantil,controles repetidos en ninos menores de 2 anos,2005-04-01,34,34,21,55
CURVA,nutricion y desarrollo infantil,controles repetidos en ninos menores de 2 anos,2005-04-01,15,15,7,22
DESAGUADERO,nutricion y desarrollo infantil,controles repetidos en ninos menores de 2 anos,2005-04-01,45,45,47,92
EL ALTO,nutricion y desarrollo infantil,controles repetidos en ninos menores de 2 anos,2005-04-01,4010,4010,3607,7617
EL CHORO,nutricion y desarrollo infantil,controles repetidos en ninos menores de 2 anos,2005-04-01,7,7,13,20
EL PUENTE(STC),nutricion y desarrollo infantil,controles repetidos en ninos menores de 2 anos,2005-04-01,112,112,84,196
EL PUENTE(TJA),nutricion y desarrollo infantil,controles repetidos en ninos menores de 2 anos,2005-04-01,103,103,89,192
EL TORNO,nutricion y desarrollo infantil,controles repetidos en ninos menores de 2 anos,2005-04-01,240,240,199,439
EL VILLAR,nutricion y desarrollo infantil,controles repetidos en ninos menores de 2 anos,2005-04-01,73,73,92,165
ENTRE RIOS,nutricion y desarrollo infantil,controles repetidos en ninos menores de 2 anos,2005-04-01,182,182,152,334
ENTRE RIOS,nutricion y desarrollo infantil,controles repetidos en ninos menores de 2 anos,2005-04-01,172,172,172,344
EUCALIPTUS,nutricion y desarrollo infantil,controles repetidos en ninos menores de 2 anos,2005-04-01,48,48,56,104
EUREKA (SANTOS MERCADO),nutricion y desarrollo infantil,controles repetidos en ninos menores de 2 anos,2005-04-01,3,3,3,6
EXALTACION,nutricion y desarrollo infantil,controles repetidos en ninos menores de 2 anos,2005-04-01,41,41,39,80
FERNANDEZ ALONSO,nutricion y desarrollo infantil,controles repetidos en ninos menores de 2 anos,2005-04-01,169,169,159,328
FILADELFIA,nutricion y desarrollo infantil,controles repetidos en ninos menores de 2 anos,2005-04-01,21,21,35,56
GENERAL SAAVEDRA,nutricion y desarrollo infantil,controles repetidos en ninos menores de 2 anos,2005-04-01,161,161,155,316
GRAL. J.J. PEREZ (CHARAZANI),nutricion y desarrollo infantil,controles repetidos en ninos menores de 2 anos,2005-04-01,56,56,49,105
GUANAY,nutricion y desarrollo infantil,controles repetidos en ninos menores de 2 anos,2005-04-01,112,112,92,204
GUAQUI,nutricion y desarrollo infantil,controles repetidos en ninos menores de 2 anos,2005-04-01,53,53,30,83
GUAYARAMERIN,nutricion y desarrollo infantil,controles repetidos en ninos menores de 2 anos,2005-04-01,393,393,354,747
GUTIERREZ,nutricion y desarrollo infantil,controles repetidos en ninos menores de 2 anos,2005-04-01,209,209,231,440
HUACARETA,nutricion y desarrollo infantil,controles repetidos en ninos menores de 2 anos,2005-04-01,134,134,131,265
HUACAYA (VILLA DE HUACAYA),nutricion y desarrollo infantil,controles repetidos en ninos menores de 2 anos,2005-04-01,34,34,28,62
HUACHACALLA,nutricion y desarrollo infantil,controles repetidos en ninos menores de 2 anos,2005-04-01,3,3,5,8
HUANUNI,nutricion y desarrollo infantil,controles repetidos en ninos menores de 2 anos,2005-04-01,197,197,174,371
HUARACAJE,nutricion y desarrollo infantil,controles repetidos en ninos menores de 2 anos,2005-04-01,52,52,43,95
HUAYLLAMARCA,nutricion y desarrollo infantil,controles repetidos en ninos menores de 2 anos,2005-04-01,20,20,16,36
ICHOCA,nutricion y desarrollo infantil,controles repetidos en ninos menores de 2 anos,2005-04-01,37,37,23,60
ICLA,nutricion y desarrollo infantil,controles repetidos en ninos menores de 2 anos,2005-04-01,233,233,199,432
INCAHUASI,nutricion y desarrollo infantil,controles repetidos en ninos menores de 2 anos,2005-04-01,283,283,306,589
INGAVI (HUMAITA),nutricion y desarrollo infantil,controles repetidos en ninos menores de 2 anos,2005-04-01,17,17,7,24
INQUISIVI,nutricion y desarrollo infantil,controles repetidos en ninos menores de 2 anos,2005-04-01,139,139,120,259
IRUPANA (VILLA DE LANZA),nutricion y desarrollo infantil,controles repetidos en ninos menores de 2 anos,2005-04-01,140,140,126,266
IXIAMAS,nutricion y desarrollo infantil,controles repetidos en ninos menores de 2 anos,2005-04-01,75,75,57,132
JESUS DE MACHACA,nutricion y desarrollo infantil,controles repetidos en ninos menores de 2 anos,2005-04-01,80,80,80,160
LA ASUNTA,nutricion y desarrollo infantil,controles repetidos en ninos menores de 2 anos,2005-04-01,114,114,103,217
LA GUARDIA,nutricion y desarrollo infantil,controles repetidos en ninos menores de 2 anos,2005-04-01,198,198,154,352
LA PAZ,nutricion y desarrollo infantil,controles repetidos en ninos menores de 2 anos,2005-04-01,4057,4057,3667,7724
LA RIVERA,nutricion y desarrollo infantil,controles repetidos en ninos menores de 2 anos,2005-04-01,0,0,3,3
LAGUNILLAS,nutricion y desarrollo infantil,controles repetidos en ninos menores de 2 anos,2005-04-01,105,105,102,207
LAJA,nutricion y desarrollo infantil,controles repetidos en ninos menores de 2 anos,2005-04-01,115,115,120,235
LAS CARRERAS,nutricion y desarrollo infantil,controles repetidos en ninos menores de 2 anos,2005-04-01,42,42,43,85
LICOMA PAMPA,nutricion y desarrollo infantil,controles repetidos en ninos menores de 2 anos,2005-04-01,14,14,22,36
LLALLAGUA,nutricion y desarrollo infantil,controles repetidos en ninos menores de 2 anos,2005-04-01,335,335,264,599
LLICA,nutricion y desarrollo infantil,controles repetidos en ninos menores de 2 anos,2005-04-01,56,56,60,116
LORETO,nutricion y desarrollo infantil,controles repetidos en ninos menores de 2 anos,2005-04-01,18,18,22,40
LURIBAY,nutricion y desarrollo infantil,controles repetidos en ninos menores de 2 anos,2005-04-01,97,97,87,184
MACHACAMARCA,nutricion y desarrollo infantil,controles repetidos en ninos menores de 2 anos,2005-04-01,28,28,28,56
MACHARETI,nutricion y desarrollo infantil,controles repetidos en ninos menores de 2 anos,2005-04-01,122,122,125,247
MAGDALENA,nutricion y desarrollo infantil,controles repetidos en ninos menores de 2 anos,2005-04-01,78,78,61,139
MAIRANA,nutricion y desarrollo infantil,controles repetidos en ninos menores de 2 anos,2005-04-01,94,94,75,169
MALLA,nutricion y desarrollo infantil,controles repetidos en ninos menores de 2 anos,2005-04-01,25,25,16,41
MAPIRI,nutricion y desarrollo infantil,controles repetidos en ninos menores de 2 anos,2005-04-01,152,152,142,294
MECAPACA,nutricion y desarrollo infantil,controles repetidos en ninos menores de 2 anos,2005-04-01,100,100,68,168
MINEROS,nutricion y desarrollo infantil,controles repetidos en ninos menores de 2 anos,2005-04-01,227,227,193,420
MIZQUE,nutricion y desarrollo infantil,controles repetidos en ninos menores de 2 anos,2005-04-01,129,129,150,279
MOCOMOCO,nutricion y desarrollo infantil,controles repetidos en ninos menores de 2 anos,2005-04-01,78,78,85,163
MOJINETE,nutricion y desarrollo infantil,controles repetidos en ninos menores de 2 anos,2005-04-01,19,19,15,34
MOJOCOYA,nutricion y desarrollo infantil,controles repetidos en ninos menores de 2 anos,2005-04-01,116,116,103,219
MONTEAGUDO,nutricion y desarrollo infantil,controles repetidos en ninos menores de 2 anos,2005-04-01,229,229,179,408
MONTERO,nutricion y desarrollo infantil,controles repetidos en ninos menores de 2 anos,2005-04-01,892,892,878,1770
MORO MORO,nutricion y desarrollo infantil,controles repetidos en ninos menores de 2 anos,2005-04-01,12,12,7,19
MOROCHATA,nutricion y desarrollo infantil,controles repetidos en ninos menores de 2 anos,2005-04-01,89,89,99,188
NACEBE (SANTA ROSA DEL ABUNA),nutricion y desarrollo infantil,controles repetidos en ninos menores de 2 anos,2005-04-01,7,7,13,20
NAZACARA DE PACAJES,nutricion y desarrollo infantil,controles repetidos en ninos menores de 2 anos,2005-04-01,1,1,4,5
NUEVO MANOA (NUEVA ESPERANZA),nutricion y desarrollo infantil,controles repetidos en ninos menores de 2 anos,2005-04-01,3,3,1,4
OCURI,nutricion y desarrollo infantil,controles repetidos en ninos menores de 2 anos,2005-04-01,196,196,200,396
OKINAWA,nutricion y desarrollo infantil,controles repetidos en ninos menores de 2 anos,2005-04-01,95,95,99,194
OMEREQUE,nutricion y desarrollo infantil,controles repetidos en ninos menores de 2 anos,2005-04-01,62,62,47,109
ORURO,nutricion y desarrollo infantil,controles repetidos en ninos menores de 2 anos,2005-04-01,1492,1492,1335,2827
PADCAYA,nutricion y desarrollo infantil,controles repetidos en ninos menores de 2 anos,2005-04-01,140,140,123,263
PADILLA,nutricion y desarrollo infantil,controles repetidos en ninos menores de 2 anos,2005-04-01,172,172,169,341
PAILON,nutricion y desarrollo infantil,controles repetidos en ninos menores de 2 anos,2005-04-01,138,138,149,287
PALCA,nutricion y desarrollo infantil,controles repetidos en ninos menores de 2 anos,2005-04-01,115,115,94,209
PALOS BLANCOS,nutricion y desarrollo infantil,controles repetidos en ninos menores de 2 anos,2005-04-01,237,237,202,439
PAMPA AULLAGAS,nutricion y desarrollo infantil,controles repetidos en ninos menores de 2 anos,2005-04-01,29,29,27,56
PAMPA GRANDE,nutricion y desarrollo infantil,controles repetidos en ninos menores de 2 anos,2005-04-01,69,69,56,125
PAPEL PAMPA,nutricion y desarrollo infantil,controles repetidos en ninos menores de 2 anos,2005-04-01,39,39,48,87
PASORAPA,nutricion y desarrollo infantil,controles repetidos en ninos menores de 2 anos,2005-04-01,76,76,43,119
PATACAMAYA,nutricion y desarrollo infantil,controles repetidos en ninos menores de 2 anos,2005-04-01,265,265,283,548
PAZÑA,nutricion y desarrollo infantil,controles repetidos en ninos menores de 2 anos,2005-04-01,44,44,49,93
PELECHUCO,nutricion y desarrollo infantil,controles repetidos en ninos menores de 2 anos,2005-04-01,27,27,28,55
POCOATA,nutricion y desarrollo infantil,controles repetidos en ninos menores de 2 anos,2005-04-01,255,255,289,544
POCONA,nutricion y desarrollo infantil,controles repetidos en ninos menores de 2 anos,2005-04-01,76,76,45,121
POJO (CBBA),nutricion y desarrollo infantil,controles repetidos en ninos menores de 2 anos,2005-04-01,115,115,123,238
POOPO,nutricion y desarrollo infantil,controles repetidos en ninos menores de 2 anos,2005-04-01,10,10,9,19
PORCO,nutricion y desarrollo infantil,controles repetidos en ninos menores de 2 anos,2005-04-01,64,64,72,136
POROMA,nutricion y desarrollo infantil,controles repetidos en ninos menores de 2 anos,2005-04-01,147,147,129,276
PORONGO,nutricion y desarrollo infantil,controles repetidos en ninos menores de 2 anos,2005-04-01,48,48,44,92
PORTACHUELO,nutricion y desarrollo infantil,controles repetidos en ninos menores de 2 anos,2005-04-01,144,144,134,278
PORVENIR,nutricion y desarrollo infantil,controles repetidos en ninos menores de 2 anos,2005-04-01,28,28,36,64
POSTRER VALLE,nutricion y desarrollo infantil,controles repetidos en ninos menores de 2 anos,2005-04-01,17,17,16,33
POTOSI,nutricion y desarrollo infantil,controles repetidos en ninos menores de 2 anos,2005-04-01,1112,1112,1118,2230
PRESTO,nutricion y desarrollo infantil,controles repetidos en ninos menores de 2 anos,2005-04-01,121,121,118,239
PUCARA,nutricion y desarrollo infantil,controles repetidos en ninos menores de 2 anos,2005-04-01,25,25,11,36
PUCARANI,nutricion y desarrollo infantil,controles repetidos en ninos menores de 2 anos,2005-04-01,175,175,177,352
PUERTO ACOSTA,nutricion y desarrollo infantil,controles repetidos en ninos menores de 2 anos,2005-04-01,120,120,138,258
PUERTO CARABUCO,nutricion y desarrollo infantil,controles repetidos en ninos menores de 2 anos,2005-04-01,84,84,91,175
PUERTO GONZALO MORENO,nutricion y desarrollo infantil,controles repetidos en ninos menores de 2 anos,2005-04-01,75,75,70,145
PUERTO PEREZ,nutricion y desarrollo infantil,controles repetidos en ninos menores de 2 anos,2005-04-01,55,55,33,88
PUERTO QUIJARRO,nutricion y desarrollo infantil,controles repetidos en ninos menores de 2 anos,2005-04-01,108,108,110,218
PUERTO RICO,nutricion y desarrollo infantil,controles repetidos en ninos menores de 2 anos,2005-04-01,68,68,66,134
PUERTO SILES,nutricion y desarrollo infantil,controles repetidos en ninos menores de 2 anos,2005-04-01,5,5,3,8
PUERTO SUAREZ,nutricion y desarrollo infantil,controles repetidos en ninos menores de 2 anos,2005-04-01,76,76,80,156
PUERTO VILLARROEL,nutricion y desarrollo infantil,controles repetidos en ninos menores de 2 anos,2005-04-01,166,166,168,334
PUNA,nutricion y desarrollo infantil,controles repetidos en ninos menores de 2 anos,2005-04-01,232,232,237,469
PUNATA,nutricion y desarrollo infantil,controles repetidos en ninos menores de 2 anos,2005-04-01,170,170,158,328
QUIABAYA,nutricion y desarrollo infantil,controles repetidos en ninos menores de 2 anos,2005-04-01,13,13,16,29
QUILLACOLLO,nutricion y desarrollo infantil,controles repetidos en ninos menores de 2 anos,2005-04-01,173,173,128,301
QUIME,nutricion y desarrollo infantil,controles repetidos en ninos menores de 2 anos,2005-04-01,97,97,88,185
QUIRUSILLAS,nutricion y desarrollo infantil,controles repetidos en ninos menores de 2 anos,2005-04-01,21,21,15,36
RAVELO,nutricion y desarrollo infantil,controles repetidos en ninos menores de 2 anos,2005-04-01,400,400,390,790
REYES,nutricion y desarrollo infantil,controles repetidos en ninos menores de 2 anos,2005-04-01,181,181,165,346
RIBERALTA,nutricion y desarrollo infantil,controles repetidos en ninos menores de 2 anos,2005-04-01,934,934,898,1832
ROBORE,nutricion y desarrollo infantil,controles repetidos en ninos menores de 2 anos,2005-04-01,112,112,103,215
RURRENABAQUE,nutricion y desarrollo infantil,controles repetidos en ninos menores de 2 anos,2005-04-01,153,153,111,264
SABAYA,nutricion y desarrollo infantil,controles repetidos en ninos menores de 2 anos,2005-04-01,37,37,21,58
SACABA,nutricion y desarrollo infantil,controles repetidos en ninos menores de 2 anos,2005-04-01,129,129,115,244
SACABAMBA,nutricion y desarrollo infantil,controles repetidos en ninos menores de 2 anos,2005-04-01,24,24,21,45
SACACA,nutricion y desarrollo infantil,controles repetidos en ninos menores de 2 anos,2005-04-01,318,318,293,611
SAIPINA,nutricion y desarrollo infantil,controles repetidos en ninos menores de 2 anos,2005-04-01,59,59,52,111
SALINAS DE GARCI MENDOZA,nutricion y desarrollo infantil,controles repetidos en ninos menores de 2 anos,2005-04-01,69,69,75,144
SAMAIPATA,nutricion y desarrollo infantil,controles repetidos en ninos menores de 2 anos,2005-04-01,106,106,90,196
SAN AGUSTIN,nutricion y desarrollo infantil,controles repetidos en ninos menores de 2 anos,2005-04-01,22,22,22,44
SAN ANDRES,nutricion y desarrollo infantil,controles repetidos en ninos menores de 2 anos,2005-04-01,72,72,57,129
SAN ANDRES DE MACHACA,nutricion y desarrollo infantil,controles repetidos en ninos menores de 2 anos,2005-04-01,34,34,23,57
SAN ANTONIO DE ESMORUCO,nutricion y desarrollo infantil,controles repetidos en ninos menores de 2 anos,2005-04-01,15,15,18,33
SAN ANTONIO DE LOMERIO,nutricion y desarrollo infantil,controles repetidos en ninos menores de 2 anos,2005-04-01,133,133,118,251
SAN BENITO,nutricion y desarrollo infantil,controles repetidos en ninos menores de 2 anos,2005-04-01,103,103,73,176
SAN BORJA,nutricion y desarrollo infantil,controles repetidos en ninos menores de 2 anos,2005-04-01,347,347,304,651
SAN BUENA VENTURA,nutricion y desarrollo infantil,controles repetidos en ninos menores de 2 anos,2005-04-01,90,90,87,177
SAN CARLOS,nutricion y desarrollo infantil,controles repetidos en ninos menores de 2 anos,2005-04-01,225,225,253,478
SAN IGNACIO,nutricion y desarrollo infantil,controles repetidos en ninos menores de 2 anos,2005-04-01,169,169,163,332
SAN IGNACIO DE VELASCO,nutricion y desarrollo infantil,controles repetidos en ninos menores de 2 anos,2005-04-01,543,543,524,1067
SAN JAVIER(BNI),nutricion y desarrollo infantil,controles repetidos en ninos menores de 2 anos,2005-04-01,43,43,34,77
SAN JAVIER(STC),nutricion y desarrollo infantil,controles repetidos en ninos menores de 2 anos,2005-04-01,44,44,30,74
SAN JOAQUIN,nutricion y desarrollo infantil,controles repetidos en ninos menores de 2 anos,2005-04-01,53,53,49,102
SAN JOSE DE CHIQUITOS,nutricion y desarrollo infantil,controles repetidos en ninos menores de 2 anos,2005-04-01,146,146,91,237
SAN JUAN DE YAPACANI,nutricion y desarrollo infantil,controles repetidos en ninos menores de 2 anos,2005-04-01,136,136,130,266
SAN JULIAN,nutricion y desarrollo infantil,controles repetidos en ninos menores de 2 anos,2005-04-01,207,207,190,397
SAN LORENZO(PND),nutricion y desarrollo infantil,controles repetidos en ninos menores de 2 anos,2005-04-01,81,81,68,149
SAN LORENZO(TJA),nutricion y desarrollo infantil,controles repetidos en ninos menores de 2 anos,2005-04-01,200,200,175,375
SAN LUCAS,nutricion y desarrollo infantil,controles repetidos en ninos menores de 2 anos,2005-04-01,454,454,474,928
SAN MATIAS,nutricion y desarrollo infantil,controles repetidos en ninos menores de 2 anos,2005-04-01,123,123,118,241
SAN MIGUEL DE VELASCO,nutricion y desarrollo infantil,controles repetidos en ninos menores de 2 anos,2005-04-01,103,103,107,210
SAN PABLO DE LIPEZ,nutricion y desarrollo infantil,controles repetidos en ninos menores de 2 anos,2005-04-01,29,29,35,64
SAN PEDRO,nutricion y desarrollo infantil,controles repetidos en ninos menores de 2 anos,2005-04-01,170,170,162,332
SAN PEDRO DE BUENA VISTA,nutricion y desarrollo infantil,controles repetidos en ninos menores de 2 anos,2005-04-01,198,198,202,400
SAN PEDRO DE CURAHUARA,nutricion y desarrollo infantil,controles repetidos en ninos menores de 2 anos,2005-04-01,45,45,42,87
SAN PEDRO DE QUEMES,nutricion y desarrollo infantil,controles repetidos en ninos menores de 2 anos,2005-04-01,0,0,12,12
SAN PEDRO DE TIQUINA,nutricion y desarrollo infantil,controles repetidos en ninos menores de 2 anos,2005-04-01,47,47,24,71
SAN PEDRO(PND),nutricion y desarrollo infantil,controles repetidos en ninos menores de 2 anos,2005-04-01,15,15,23,38
SAN RAFAEL,nutricion y desarrollo infantil,controles repetidos en ninos menores de 2 anos,2005-04-01,65,65,67,132
SAN RAMON,nutricion y desarrollo infantil,controles repetidos en ninos menores de 2 anos,2005-04-01,45,45,42,87
SAN RAMON,nutricion y desarrollo infantil,controles repetidos en ninos menores de 2 anos,2005-04-01,64,64,33,97
SANTA ANA,nutricion y desarrollo infantil,controles repetidos en ninos menores de 2 anos,2005-04-01,152,152,145,297
SANTA CRUZ DE LA SIERRA,nutricion y desarrollo infantil,controles repetidos en ninos menores de 2 anos,2005-04-01,5724,5724,4341,10065
SANTA ROSA,nutricion y desarrollo infantil,controles repetidos en ninos menores de 2 anos,2005-04-01,79,79,57,136
SANTA ROSA DEL SARA,nutricion y desarrollo infantil,controles repetidos en ninos menores de 2 anos,2005-04-01,91,91,96,187
SANTIAGO DE CALLAPA,nutricion y desarrollo infantil,controles repetidos en ninos menores de 2 anos,2005-04-01,41,41,32,73
SANTIAGO DE HUARI,nutricion y desarrollo infantil,controles repetidos en ninos menores de 2 anos,2005-04-01,52,52,47,99
SANTIAGO DE MACHACA,nutricion y desarrollo infantil,controles repetidos en ninos menores de 2 anos,2005-04-01,7,7,3,10
SANTIVAÑES,nutricion y desarrollo infantil,controles repetidos en ninos menores de 2 anos,2005-04-01,55,55,37,92
SANTUARIO DE QUILLACAS,nutricion y desarrollo infantil,controles repetidos en ninos menores de 2 anos,2005-04-01,25,25,12,37
SAPAHAQUI,nutricion y desarrollo infantil,controles repetidos en ninos menores de 2 anos,2005-04-01,73,73,74,147
SENA,nutricion y desarrollo infantil,controles repetidos en ninos menores de 2 anos,2005-04-01,21,21,38,59
SICA SICA (VILLA AROMA),nutricion y desarrollo infantil,controles repetidos en ninos menores de 2 anos,2005-04-01,140,140,142,282
SICAYA,nutricion y desarrollo infantil,controles repetidos en ninos menores de 2 anos,2005-04-01,23,23,20,43
SIPE SIPE,nutricion y desarrollo infantil,controles repetidos en ninos menores de 2 anos,2005-04-01,237,237,178,415
SOPACHUY,nutricion y desarrollo infantil,controles repetidos en ninos menores de 2 anos,2005-04-01,104,104,107,211
SORACACHI,nutricion y desarrollo infantil,controles repetidos en ninos menores de 2 anos,2005-04-01,80,80,85,165
SORATA,nutricion y desarrollo infantil,controles repetidos en ninos menores de 2 anos,2005-04-01,133,133,174,307
SUCRE,nutricion y desarrollo infantil,controles repetidos en ninos menores de 2 anos,2005-04-01,1135,1135,1084,2219
TACACHI,nutricion y desarrollo infantil,controles repetidos en ninos menores de 2 anos,2005-04-01,1,1,2,3
TACACOMA,nutricion y desarrollo infantil,controles repetidos en ninos menores de 2 anos,2005-04-01,59,59,46,105
TACOBAMBA,nutricion y desarrollo infantil,controles repetidos en ninos menores de 2 anos,2005-04-01,130,130,112,242
TACOPAYA,nutricion y desarrollo infantil,controles repetidos en ninos menores de 2 anos,2005-04-01,190,190,148,338
TAHUA,nutricion y desarrollo infantil,controles repetidos en ninos menores de 2 anos,2005-04-01,12,12,16,28
TAPACARI,nutricion y desarrollo infantil,controles repetidos en ninos menores de 2 anos,2005-04-01,270,270,261,531
TARABUCO,nutricion y desarrollo infantil,controles repetidos en ninos menores de 2 anos,2005-04-01,400,400,373,773
TARACO,nutricion y desarrollo infantil,controles repetidos en ninos menores de 2 anos,2005-04-01,51,51,40,91
TARATA,nutricion y desarrollo infantil,controles repetidos en ninos menores de 2 anos,2005-04-01,73,73,94,167
TARIJA,nutricion y desarrollo infantil,controles repetidos en ninos menores de 2 anos,2005-04-01,795,795,707,1502
TARVITA,nutricion y desarrollo infantil,controles repetidos en ninos menores de 2 anos,2005-04-01,21,21,18,39
TEOPONTE,nutricion y desarrollo infantil,controles repetidos en ninos menores de 2 anos,2005-04-01,72,72,86,158
TIAWANACU,nutricion y desarrollo infantil,controles repetidos en ninos menores de 2 anos,2005-04-01,57,57,78,135
TINGUIPAYA,nutricion y desarrollo infantil,controles repetidos en ninos menores de 2 anos,2005-04-01,166,166,140,306
TIPUANI,nutricion y desarrollo infantil,controles repetidos en ninos menores de 2 anos,2005-04-01,26,26,22,48
TIQUIPAYA,nutricion y desarrollo infantil,controles repetidos en ninos menores de 2 anos,2005-04-01,133,133,100,233
TIRAQUE (CBBA),nutricion y desarrollo infantil,controles repetidos en ninos menores de 2 anos,2005-04-01,148,148,155,303
TITO YUPANQUI (PARQUIPUJIO),nutricion y desarrollo infantil,controles repetidos en ninos menores de 2 anos,2005-04-01,11,11,9,20
TOCO,nutricion y desarrollo infantil,controles repetidos en ninos menores de 2 anos,2005-04-01,26,26,19,45
TOLATA,nutricion y desarrollo infantil,controles repetidos en ninos menores de 2 anos,2005-04-01,7,7,17,24
TOLEDO,nutricion y desarrollo infantil,controles repetidos en ninos menores de 2 anos,2005-04-01,95,95,85,180
TOMAVE,nutricion y desarrollo infantil,controles repetidos en ninos menores de 2 anos,2005-04-01,90,90,79,169
TOMINA,nutricion y desarrollo infantil,controles repetidos en ninos menores de 2 anos,2005-04-01,178,178,177,355
TORO TORO,nutricion y desarrollo infantil,controles repetidos en ninos menores de 2 anos,2005-04-01,159,159,148,307
TOTORA(CBBA),nutricion y desarrollo infantil,controles repetidos en ninos menores de 2 anos,2005-04-01,96,96,95,191
TOTORA(ORR),nutricion y desarrollo infantil,controles repetidos en ninos menores de 2 anos,2005-04-01,38,38,52,90
TRIGAL,nutricion y desarrollo infantil,controles repetidos en ninos menores de 2 anos,2005-04-01,26,26,19,45
TRINIDAD,nutricion y desarrollo infantil,controles repetidos en ninos menores de 2 anos,2005-04-01,352,352,341,693
TUPIZA,nutricion y desarrollo infantil,controles repetidos en ninos menores de 2 anos,2005-04-01,396,396,379,775
TURCO,nutricion y desarrollo infantil,controles repetidos en ninos menores de 2 anos,2005-04-01,11,11,17,28
UMALA,nutricion y desarrollo infantil,controles repetidos en ninos menores de 2 anos,2005-04-01,38,38,30,68
UNCIA,nutricion y desarrollo infantil,controles repetidos en ninos menores de 2 anos,2005-04-01,67,67,74,141
URIONDO (A. CONCEPCION),nutricion y desarrollo infantil,controles repetidos en ninos menores de 2 anos,2005-04-01,155,155,136,291
URUBICHA,nutricion y desarrollo infantil,controles repetidos en ninos menores de 2 anos,2005-04-01,106,106,107,213
UYUNI,nutricion y desarrollo infantil,controles repetidos en ninos menores de 2 anos,2005-04-01,251,251,205,456
VACAS,nutricion y desarrollo infantil,controles repetidos en ninos menores de 2 anos,2005-04-01,77,77,66,143
VALLEGRANDE,nutricion y desarrollo infantil,controles repetidos en ninos menores de 2 anos,2005-04-01,120,120,117,237
VIACHA,nutricion y desarrollo infantil,controles repetidos en ninos menores de 2 anos,2005-04-01,182,182,169,351
VILA VILA,nutricion y desarrollo infantil,controles repetidos en ninos menores de 2 anos,2005-04-01,28,28,31,59
VILLA MONTES,nutricion y desarrollo infantil,controles repetidos en ninos menores de 2 anos,2005-04-01,147,147,149,296
VILLA NUEVA (LOMA ALTA),nutricion y desarrollo infantil,controles repetidos en ninos menores de 2 anos,2005-04-01,10,10,7,17
VILLA RIVERO,nutricion y desarrollo infantil,controles repetidos en ninos menores de 2 anos,2005-04-01,46,46,46,92
VILLA SERRANO,nutricion y desarrollo infantil,controles repetidos en ninos menores de 2 anos,2005-04-01,234,234,195,429
VILLA TUNARI,nutricion y desarrollo infantil,controles repetidos en ninos menores de 2 anos,2005-04-01,385,385,316,701
VILLA VACA GUZMAN (MUYUPAMPA),nutricion y desarrollo infantil,controles repetidos en ninos menores de 2 anos,2005-04-01,121,121,137,258
VILLAZON,nutricion y desarrollo infantil,controles repetidos en ninos menores de 2 anos,2005-04-01,372,372,350,722
VINTO,nutricion y desarrollo infantil,controles repetidos en ninos menores de 2 anos,2005-04-01,75,75,45,120
VITICHI,nutricion y desarrollo infantil,controles repetidos en ninos menores de 2 anos,2005-04-01,119,119,115,234
WALDO BALLIVIAN,nutricion y desarrollo infantil,controles repetidos en ninos menores de 2 anos,2005-04-01,13,13,11,24
WARNES,nutricion y desarrollo infantil,controles repetidos en ninos menores de 2 anos,2005-04-01,239,239,202,441
YACO,nutricion y desarrollo infantil,controles repetidos en ninos menores de 2 anos,2005-04-01,31,31,34,65
YACUIBA,nutricion y desarrollo infantil,controles repetidos en ninos menores de 2 anos,2005-04-01,209,209,201,410
YAMPARAEZ,nutricion y desarrollo infantil,controles repetidos en ninos menores de 2 anos,2005-04-01,196,196,193,389
YANACACHI,nutricion y desarrollo infantil,controles repetidos en ninos menores de 2 anos,2005-04-01,17,17,18,35
YAPACANI,nutricion y desarrollo infantil,controles repetidos en ninos menores de 2 anos,2005-04-01,486,486,441,927
YOCALLA,nutricion y desarrollo infantil,controles repetidos en ninos menores de 2 anos,2005-04-01,31,31,34,65
YOTALA,nutricion y desarrollo infantil,controles repetidos en ninos menores de 2 anos,2005-04-01,127,127,133,260
YUNCHARA,nutricion y desarrollo infantil,controles repetidos en ninos menores de 2 anos,2005-04-01,86,86,89,175
ZUDAÑEZ,nutricion y desarrollo infantil,controles repetidos en ninos menores de 2 anos,2005-04-01,133,133,100,233
ACACIO,nutricion y desarrollo infantil,controles repetidos en ninos menores de 2 anos,2005-05-01,73,73,96,169
ACHACACHI,nutricion y desarrollo infantil,controles repetidos en ninos menores de 2 anos,2005-05-01,326,326,301,627
ACHOCALLA,nutricion y desarrollo infantil,controles repetidos en ninos menores de 2 anos,2005-05-01,52,52,57,109
AIQUILE,nutricion y desarrollo infantil,controles repetidos en ninos menores de 2 anos,2005-05-01,87,87,74,161
ALALAY,nutricion y desarrollo infantil,controles repetidos en ninos menores de 2 anos,2005-05-01,30,30,22,52
ALCALA,nutricion y desarrollo infantil,controles repetidos en ninos menores de 2 anos,2005-05-01,48,48,45,93
ANCORAIMES,nutricion y desarrollo infantil,controles repetidos en ninos menores de 2 anos,2005-05-01,120,120,118,238
ANDAMARCA,nutricion y desarrollo infantil,controles repetidos en ninos menores de 2 anos,2005-05-01,13,13,7,20
ANTEQUERA,nutricion y desarrollo infantil,controles repetidos en ninos menores de 2 anos,2005-05-01,26,26,19,45
ANZALDO,nutricion y desarrollo infantil,controles repetidos en ninos menores de 2 anos,2005-05-01,11,11,12,23
APOLO,nutricion y desarrollo infantil,controles repetidos en ninos menores de 2 anos,2005-05-01,75,75,82,157
ARAMPAMPA,nutricion y desarrollo infantil,controles repetidos en ninos menores de 2 anos,2005-05-01,87,87,75,162
ARANI,nutricion y desarrollo infantil,controles repetidos en ninos menores de 2 anos,2005-05-01,58,58,62,120
ARBIETO,nutricion y desarrollo infantil,controles repetidos en ninos menores de 2 anos,2005-05-01,24,24,22,46
ARQUE,nutricion y desarrollo infantil,controles repetidos en ninos menores de 2 anos,2005-05-01,76,76,79,155
ATOCHA,nutricion y desarrollo infantil,controles repetidos en ninos menores de 2 anos,2005-05-01,147,147,107,254
AUCAPATA,nutricion y desarrollo infantil,controles repetidos en ninos menores de 2 anos,2005-05-01,72,72,50,122
AYATA,nutricion y desarrollo infantil,controles repetidos en ninos menores de 2 anos,2005-05-01,80,80,54,134
AYO AYO,nutricion y desarrollo infantil,controles repetidos en ninos menores de 2 anos,2005-05-01,26,26,28,54
AYOPAYA (V. DE INDEPENDENCIA),nutricion y desarrollo infantil,controles repetidos en ninos menores de 2 anos,2005-05-01,243,243,180,423
AZURDUY,nutricion y desarrollo infantil,controles repetidos en ninos menores de 2 anos,2005-05-01,295,295,267,562
BATALLAS,nutricion y desarrollo infantil,controles repetidos en ninos menores de 2 anos,2005-05-01,85,85,67,152
BAURES,nutricion y desarrollo infantil,controles repetidos en ninos menores de 2 anos,2005-05-01,46,46,54,100
BELEN DE ANDAMARCA,nutricion y desarrollo infantil,controles repetidos en ninos menores de 2 anos,2005-05-01,3,3,5,8
BELEN DE URMIRI,nutricion y desarrollo infantil,controles repetidos en ninos menores de 2 anos,2005-05-01,15,15,15,30
BELLA FLOR,nutricion y desarrollo infantil,controles repetidos en ninos menores de 2 anos,2005-05-01,26,26,32,58
BERMEJO,nutricion y desarrollo infantil,controles repetidos en ninos menores de 2 anos,2005-05-01,68,68,70,138
BETANZOS,nutricion y desarrollo infantil,controles repetidos en ninos menores de 2 anos,2005-05-01,300,300,302,602
BOLIVAR,nutricion y desarrollo infantil,controles repetidos en ninos menores de 2 anos,2005-05-01,76,76,86,162
BOLPEBRA,nutricion y desarrollo infantil,controles repetidos en ninos menores de 2 anos,2005-05-01,12,12,11,23
BOYUIBE,nutricion y desarrollo infantil,controles repetidos en ninos menores de 2 anos,2005-05-01,34,34,28,62
BUENA VISTA,nutricion y desarrollo infantil,controles repetidos en ninos menores de 2 anos,2005-05-01,102,102,93,195
CABEZAS,nutricion y desarrollo infantil,controles repetidos en ninos menores de 2 anos,2005-05-01,76,76,77,153
CAIROMA,nutricion y desarrollo infantil,controles repetidos en ninos menores de 2 anos,2005-05-01,143,143,161,304
"CAIZA ""D""",nutricion y desarrollo infantil,controles repetidos en ninos menores de 2 anos,2005-05-01,84,84,75,159
CAJUATA,nutricion y desarrollo infantil,controles repetidos en ninos menores de 2 anos,2005-05-01,90,90,74,164
CALACOTO,nutricion y desarrollo infantil,controles repetidos en ninos menores de 2 anos,2005-05-01,11,11,16,27
CALAMARCA,nutricion y desarrollo infantil,controles repetidos en ninos menores de 2 anos,2005-05-01,204,204,205,409
CAMARGO,nutricion y desarrollo infantil,controles repetidos en ninos menores de 2 anos,2005-05-01,220,220,226,446
CAMATAQUI (C. VILLA ABECIA),nutricion y desarrollo infantil,controles repetidos en ninos menores de 2 anos,2005-05-01,43,43,25,68
CAMIRI,nutricion y desarrollo infantil,controles repetidos en ninos menores de 2 anos,2005-05-01,381,381,297,678
CAPINOTA,nutricion y desarrollo infantil,controles repetidos en ninos menores de 2 anos,2005-05-01,75,75,81,156
CAQUIAVIRI,nutricion y desarrollo infantil,controles repetidos en ninos menores de 2 anos,2005-05-01,96,96,88,184
CARACOLLO,nutricion y desarrollo infantil,controles repetidos en ninos menores de 2 anos,2005-05-01,63,63,51,114
CARANAVI,nutricion y desarrollo infantil,controles repetidos en ninos menores de 2 anos,2005-05-01,514,514,472,986
CARANGAS,nutricion y desarrollo infantil,controles repetidos en ninos menores de 2 anos,2005-05-01,1,1,1,2
CARAPARI,nutricion y desarrollo infantil,controles repetidos en ninos menores de 2 anos,2005-05-01,98,98,96,194
CARIPUYO,nutricion y desarrollo infantil,controles repetidos en ninos menores de 2 anos,2005-05-01,123,123,133,256
CARMEN RIVERO TORREZ,nutricion y desarrollo infantil,controles repetidos en ninos menores de 2 anos,2005-05-01,18,18,12,30
CATACORA,nutricion y desarrollo infantil,controles repetidos en ninos menores de 2 anos,2005-05-01,20,20,12,32
CHACARILLA,nutricion y desarrollo infantil,controles repetidos en ninos menores de 2 anos,2005-05-01,2,2,4,6
CHALLAPATA,nutricion y desarrollo infantil,controles repetidos en ninos menores de 2 anos,2005-05-01,215,215,204,419
CHAQUI,nutricion y desarrollo infantil,controles repetidos en ninos menores de 2 anos,2005-05-01,56,56,68,124
CHARAGUA,nutricion y desarrollo infantil,controles repetidos en ninos menores de 2 anos,2005-05-01,214,214,204,418
CHARAÑA,nutricion y desarrollo infantil,controles repetidos en ninos menores de 2 anos,2005-05-01,22,22,18,40
CHAYANTA,nutricion y desarrollo infantil,controles repetidos en ninos menores de 2 anos,2005-05-01,128,128,113,241
CHIMORE,nutricion y desarrollo infantil,controles repetidos en ninos menores de 2 anos,2005-05-01,78,78,59,137
CHIPAYA,nutricion y desarrollo infantil,controles repetidos en ninos menores de 2 anos,2005-05-01,7,7,13,20
CHOQUE COTA,nutricion y desarrollo infantil,controles repetidos en ninos menores de 2 anos,2005-05-01,5,5,8,13
CHULUMANI (V. DE LA LIBERTAD),nutricion y desarrollo infantil,controles repetidos en ninos menores de 2 anos,2005-05-01,47,47,62,109
CHUMA,nutricion y desarrollo infantil,controles repetidos en ninos menores de 2 anos,2005-05-01,63,63,67,130
CLIZA,nutricion y desarrollo infantil,controles repetidos en ninos menores de 2 anos,2005-05-01,67,67,48,115
COBIJA,nutricion y desarrollo infantil,controles repetidos en ninos menores de 2 anos,2005-05-01,267,267,258,525
COCHABAMBA,nutricion y desarrollo infantil,controles repetidos en ninos menores de 2 anos,2005-05-01,1374,1374,1351,2725
COIPASA,nutricion y desarrollo infantil,controles repetidos en ninos menores de 2 anos,2005-05-01,6,6,7,13
COLCAPIRHUA,nutricion y desarrollo infantil,controles repetidos en ninos menores de 2 anos,2005-05-01,80,80,80,160
"COLCHA ""K""",nutricion y desarrollo infantil,controles repetidos en ninos menores de 2 anos,2005-05-01,116,116,130,246
COLLANA,nutricion y desarrollo infantil,controles repetidos en ninos menores de 2 anos,2005-05-01,6,6,11,17
COLOMI,nutricion y desarrollo infantil,controles repetidos en ninos menores de 2 anos,2005-05-01,168,168,136,304
COLPA BELGICA,nutricion y desarrollo infantil,controles repetidos en ninos menores de 2 anos,2005-05-01,50,50,33,83
COLQUECHACA,nutricion y desarrollo infantil,controles repetidos en ninos menores de 2 anos,2005-05-01,248,248,200,448
COLQUENCHA,nutricion y desarrollo infantil,controles repetidos en ninos menores de 2 anos,2005-05-01,56,56,55,111
COLQUIRI,nutricion y desarrollo infantil,controles repetidos en ninos menores de 2 anos,2005-05-01,128,128,115,243
COMANCHE,nutricion y desarrollo infantil,controles repetidos en ninos menores de 2 anos,2005-05-01,41,41,26,67
COMARAPA,nutricion y desarrollo infantil,controles repetidos en ninos menores de 2 anos,2005-05-01,143,143,141,284
COMBAYA,nutricion y desarrollo infantil,controles repetidos en ninos menores de 2 anos,2005-05-01,12,12,10,22
CONCEPCION,nutricion y desarrollo infantil,controles repetidos en ninos menores de 2 anos,2005-05-01,59,59,79,138
COPACABANA,nutricion y desarrollo infantil,controles repetidos en ninos menores de 2 anos,2005-05-01,65,65,56,121
CORIPATA,nutricion y desarrollo infantil,controles repetidos en ninos menores de 2 anos,2005-05-01,79,79,65,144
CORO CORO,nutricion y desarrollo infantil,controles repetidos en ninos menores de 2 anos,2005-05-01,82,82,61,143
COROICO,nutricion y desarrollo infantil,controles repetidos en ninos menores de 2 anos,2005-05-01,30,30,44,74
CORQUE,nutricion y desarrollo infantil,controles repetidos en ninos menores de 2 anos,2005-05-01,42,42,43,85
COTAGAITA,nutricion y desarrollo infantil,controles repetidos en ninos menores de 2 anos,2005-05-01,304,304,277,581
COTOCA,nutricion y desarrollo infantil,controles repetidos en ninos menores de 2 anos,2005-05-01,228,228,209,437
CUATRO CAÑADAS,nutricion y desarrollo infantil,controles repetidos en ninos menores de 2 anos,2005-05-01,36,36,43,79
CUCHUMUELA (V. G. VILLARROEL),nutricion y desarrollo infantil,controles repetidos en ninos menores de 2 anos,2005-05-01,25,25,6,31
CUEVO,nutricion y desarrollo infantil,controles repetidos en ninos menores de 2 anos,2005-05-01,28,28,34,62
CULPINA,nutricion y desarrollo infantil,controles repetidos en ninos menores de 2 anos,2005-05-01,335,335,309,644
CURAHUARA DE CARANGAS,nutricion y desarrollo infantil,controles repetidos en ninos menores de 2 anos,2005-05-01,13,13,20,33
CURVA,nutricion y desarrollo infantil,controles repetidos en ninos menores de 2 anos,2005-05-01,17,17,7,24
DESAGUADERO,nutricion y desarrollo infantil,controles repetidos en ninos menores de 2 anos,2005-05-01,21,21,10,31
EL ALTO,nutricion y desarrollo infantil,controles repetidos en ninos menores de 2 anos,2005-05-01,3772,3772,3621,7393
EL CHORO,nutricion y desarrollo infantil,controles repetidos en ninos menores de 2 anos,2005-05-01,6,6,8,14
EL PUENTE(STC),nutricion y desarrollo infantil,controles repetidos en ninos menores de 2 anos,2005-05-01,92,92,107,199
EL PUENTE(TJA),nutricion y desarrollo infantil,controles repetidos en ninos menores de 2 anos,2005-05-01,80,80,49,129
EL TORNO,nutricion y desarrollo infantil,controles repetidos en ninos menores de 2 anos,2005-05-01,227,227,207,434
EL VILLAR,nutricion y desarrollo infantil,controles repetidos en ninos menores de 2 anos,2005-05-01,77,77,64,141
ENTRE RIOS,nutricion y desarrollo infantil,controles repetidos en ninos menores de 2 anos,2005-05-01,236,236,216,452
ENTRE RIOS,nutricion y desarrollo infantil,controles repetidos en ninos menores de 2 anos,2005-05-01,177,177,179,356
ESCARA,nutricion y desarrollo infantil,controles repetidos en ninos menores de 2 anos,2005-05-01,3,3,0,3
EUCALIPTUS,nutricion y desarrollo infantil,controles repetidos en ninos menores de 2 anos,2005-05-01,27,27,27,54
EUREKA (SANTOS MERCADO),nutricion y desarrollo infantil,controles repetidos en ninos menores de 2 anos,2005-05-01,6,6,10,16
EXALTACION,nutricion y desarrollo infantil,controles repetidos en ninos menores de 2 anos,2005-05-01,23,23,28,51
FERNANDEZ ALONSO,nutricion y desarrollo infantil,controles repetidos en ninos menores de 2 anos,2005-05-01,106,106,193,299
FILADELFIA,nutricion y desarrollo infantil,controles repetidos en ninos menores de 2 anos,2005-05-01,40,40,37,77
GENERAL SAAVEDRA,nutricion y desarrollo infantil,controles repetidos en ninos menores de 2 anos,2005-05-01,285,285,205,490
GRAL. J.J. PEREZ (CHARAZANI),nutricion y desarrollo infantil,controles repetidos en ninos menores de 2 anos,2005-05-01,57,57,49,106
GUANAY,nutricion y desarrollo infantil,controles repetidos en ninos menores de 2 anos,2005-05-01,114,114,103,217
GUAQUI,nutricion y desarrollo infantil,controles repetidos en ninos menores de 2 anos,2005-05-01,20,20,28,48
GUAYARAMERIN,nutricion y desarrollo infantil,controles repetidos en ninos menores de 2 anos,2005-05-01,344,344,364,708
GUTIERREZ,nutricion y desarrollo infantil,controles repetidos en ninos menores de 2 anos,2005-05-01,160,160,184,344
HUACARETA,nutricion y desarrollo infantil,controles repetidos en ninos menores de 2 anos,2005-05-01,145,145,133,278
HUACAYA (VILLA DE HUACAYA),nutricion y desarrollo infantil,controles repetidos en ninos menores de 2 anos,2005-05-01,31,31,31,62
HUACHACALLA,nutricion y desarrollo infantil,controles repetidos en ninos menores de 2 anos,2005-05-01,8,8,6,14
HUANUNI,nutricion y desarrollo infantil,controles repetidos en ninos menores de 2 anos,2005-05-01,168,168,120,288
HUARACAJE,nutricion y desarrollo infantil,controles repetidos en ninos menores de 2 anos,2005-05-01,40,40,38,78
HUAYLLAMARCA,nutricion y desarrollo infantil,controles repetidos en ninos menores de 2 anos,2005-05-01,36,36,37,73
ICHOCA,nutricion y desarrollo infantil,controles repetidos en ninos menores de 2 anos,2005-05-01,23,23,25,48
ICLA,nutricion y desarrollo infantil,controles repetidos en ninos menores de 2 anos,2005-05-01,163,163,152,315
INCAHUASI,nutricion y desarrollo infantil,controles repetidos en ninos menores de 2 anos,2005-05-01,351,351,389,740
INGAVI (HUMAITA),nutricion y desarrollo infantil,controles repetidos en ninos menores de 2 anos,2005-05-01,2,2,1,3
INQUISIVI,nutricion y desarrollo infantil,controles repetidos en ninos menores de 2 anos,2005-05-01,116,116,96,212
IRUPANA (VILLA DE LANZA),nutricion y desarrollo infantil,controles repetidos en ninos menores de 2 anos,2005-05-01,155,155,109,264
IXIAMAS,nutricion y desarrollo infantil,controles repetidos en ninos menores de 2 anos,2005-05-01,94,94,64,158
JESUS DE MACHACA,nutricion y desarrollo infantil,controles repetidos en ninos menores de 2 anos,2005-05-01,74,74,58,132
LA ASUNTA,nutricion y desarrollo infantil,controles repetidos en ninos menores de 2 anos,2005-05-01,140,140,148,288
LA GUARDIA,nutricion y desarrollo infantil,controles repetidos en ninos menores de 2 anos,2005-05-01,373,373,312,685
LA PAZ,nutricion y desarrollo infantil,controles repetidos en ninos menores de 2 anos,2005-05-01,3625,3625,3347,6972
LA RIVERA,nutricion y desarrollo infantil,controles repetidos en ninos menores de 2 anos,2005-05-01,0,0,3,3
LAGUNILLAS,nutricion y desarrollo infantil,controles repetidos en ninos menores de 2 anos,2005-05-01,86,86,81,167
LAJA,nutricion y desarrollo infantil,controles repetidos en ninos menores de 2 anos,2005-05-01,114,114,92,206
LAS CARRERAS,nutricion y desarrollo infantil,controles repetidos en ninos menores de 2 anos,2005-05-01,44,44,44,88
LICOMA PAMPA,nutricion y desarrollo infantil,controles repetidos en ninos menores de 2 anos,2005-05-01,9,9,9,18
LLALLAGUA,nutricion y desarrollo infantil,controles repetidos en ninos menores de 2 anos,2005-05-01,321,321,284,605
LLICA,nutricion y desarrollo infantil,controles repetidos en ninos menores de 2 anos,2005-05-01,14,14,21,35
LORETO,nutricion y desarrollo infantil,controles repetidos en ninos menores de 2 anos,2005-05-01,24,24,21,45
LURIBAY,nutricion y desarrollo infantil,controles repetidos en ninos menores de 2 anos,2005-05-01,136,136,137,273
MACHACAMARCA,nutricion y desarrollo infantil,controles repetidos en ninos menores de 2 anos,2005-05-01,21,21,29,50
MACHARETI,nutricion y desarrollo infantil,controles repetidos en ninos menores de 2 anos,2005-05-01,137,137,161,298
MAGDALENA,nutricion y desarrollo infantil,controles repetidos en ninos menores de 2 anos,2005-05-01,83,83,57,140
MAIRANA,nutricion y desarrollo infantil,controles repetidos en ninos menores de 2 anos,2005-05-01,95,95,72,167
MALLA,nutricion y desarrollo infantil,controles repetidos en ninos menores de 2 anos,2005-05-01,22,22,27,49
MAPIRI,nutricion y desarrollo infantil,controles repetidos en ninos menores de 2 anos,2005-05-01,136,136,136,272
MECAPACA,nutricion y desarrollo infantil,controles repetidos en ninos menores de 2 anos,2005-05-01,105,105,89,194
MINEROS,nutricion y desarrollo infantil,controles repetidos en ninos menores de 2 anos,2005-05-01,212,212,165,377
MIZQUE,nutricion y desarrollo infantil,controles repetidos en ninos menores de 2 anos,2005-05-01,112,112,111,223
MOCOMOCO,nutricion y desarrollo infantil,controles repetidos en ninos menores de 2 anos,2005-05-01,144,144,112,256
MOJINETE,nutricion y desarrollo infantil,controles repetidos en ninos menores de 2 anos,2005-05-01,8,8,9,17
MOJOCOYA,nutricion y desarrollo infantil,controles repetidos en ninos menores de 2 anos,2005-05-01,97,97,98,195
MONTEAGUDO,nutricion y desarrollo infantil,controles repetidos en ninos menores de 2 anos,2005-05-01,270,270,249,519
MONTERO,nutricion y desarrollo infantil,controles repetidos en ninos menores de 2 anos,2005-05-01,903,903,828,1731
MORO MORO,nutricion y desarrollo infantil,controles repetidos en ninos menores de 2 anos,2005-05-01,27,27,11,38
MOROCHATA,nutricion y desarrollo infantil,controles repetidos en ninos menores de 2 anos,2005-05-01,92,92,107,199
NACEBE (SANTA ROSA DEL ABUNA),nutricion y desarrollo infantil,controles repetidos en ninos menores de 2 anos,2005-05-01,21,21,23,44
NAZACARA DE PACAJES,nutricion y desarrollo infantil,controles repetidos en ninos menores de 2 anos,2005-05-01,3,3,4,7
NUEVO MANOA (NUEVA ESPERANZA),nutricion y desarrollo infantil,controles repetidos en ninos menores de 2 anos,2005-05-01,10,10,3,13
OCURI,nutricion y desarrollo infantil,controles repetidos en ninos menores de 2 anos,2005-05-01,158,158,148,306
OKINAWA,nutricion y desarrollo infantil,controles repetidos en ninos menores de 2 anos,2005-05-01,121,121,123,244
OMEREQUE,nutricion y desarrollo infantil,controles repetidos en ninos menores de 2 anos,2005-05-01,49,49,46,95
ORURO,nutricion y desarrollo infantil,controles repetidos en ninos menores de 2 anos,2005-05-01,1488,1488,1557,3045
PADCAYA,nutricion y desarrollo infantil,controles repetidos en ninos menores de 2 anos,2005-05-01,179,179,170,349
PADILLA,nutricion y desarrollo infantil,controles repetidos en ninos menores de 2 anos,2005-05-01,178,178,180,358
PAILON,nutricion y desarrollo infantil,controles repetidos en ninos menores de 2 anos,2005-05-01,175,175,119,294
PALCA,nutricion y desarrollo infantil,controles repetidos en ninos menores de 2 anos,2005-05-01,71,71,70,141
PALOS BLANCOS,nutricion y desarrollo infantil,controles repetidos en ninos menores de 2 anos,2005-05-01,290,290,316,606
PAMPA AULLAGAS,nutricion y desarrollo infantil,controles repetidos en ninos menores de 2 anos,2005-05-01,23,23,13,36
PAMPA GRANDE,nutricion y desarrollo infantil,controles repetidos en ninos menores de 2 anos,2005-05-01,64,64,61,125
PAPEL PAMPA,nutricion y desarrollo infantil,controles repetidos en ninos menores de 2 anos,2005-05-01,35,35,34,69
PASORAPA,nutricion y desarrollo infantil,controles repetidos en ninos menores de 2 anos,2005-05-01,27,27,34,61
PATACAMAYA,nutricion y desarrollo infantil,controles repetidos en ninos menores de 2 anos,2005-05-01,280,280,294,574
PAZÑA,nutricion y desarrollo infantil,controles repetidos en ninos menores de 2 anos,2005-05-01,34,34,43,77
PELECHUCO,nutricion y desarrollo infantil,controles repetidos en ninos menores de 2 anos,2005-05-01,36,36,26,62
POCOATA,nutricion y desarrollo infantil,controles repetidos en ninos menores de 2 anos,2005-05-01,181,181,202,383
POCONA,nutricion y desarrollo infantil,controles repetidos en ninos menores de 2 anos,2005-05-01,28,28,32,60
POJO (CBBA),nutricion y desarrollo infantil,controles repetidos en ninos menores de 2 anos,2005-05-01,155,155,143,298
POOPO,nutricion y desarrollo infantil,controles repetidos en ninos menores de 2 anos,2005-05-01,21,21,26,47
PORCO,nutricion y desarrollo infantil,controles repetidos en ninos menores de 2 anos,2005-05-01,66,66,66,132
POROMA,nutricion y desarrollo infantil,controles repetidos en ninos menores de 2 anos,2005-05-01,193,193,187,380
PORONGO,nutricion y desarrollo infantil,controles repetidos en ninos menores de 2 anos,2005-05-01,39,39,45,84
PORTACHUELO,nutricion y desarrollo infantil,controles repetidos en ninos menores de 2 anos,2005-05-01,149,149,154,303
PORVENIR,nutricion y desarrollo infantil,controles repetidos en ninos menores de 2 anos,2005-05-01,42,42,38,80
POSTRER VALLE,nutricion y desarrollo infantil,controles repetidos en ninos menores de 2 anos,2005-05-01,27,27,32,59
POTOSI,nutricion y desarrollo infantil,controles repetidos en ninos menores de 2 anos,2005-05-01,1040,1040,977,2017
PRESTO,nutricion y desarrollo infantil,controles repetidos en ninos menores de 2 anos,2005-05-01,131,131,108,239
PUCARA,nutricion y desarrollo infantil,controles repetidos en ninos menores de 2 anos,2005-05-01,7,7,4,11
PUCARANI,nutricion y desarrollo infantil,controles repetidos en ninos menores de 2 anos,2005-05-01,132,132,166,298
PUERTO ACOSTA,nutricion y desarrollo infantil,controles repetidos en ninos menores de 2 anos,2005-05-01,90,90,90,180
PUERTO CARABUCO,nutricion y desarrollo infantil,controles repetidos en ninos menores de 2 anos,2005-05-01,132,132,122,254
PUERTO GONZALO MORENO,nutricion y desarrollo infantil,controles repetidos en ninos menores de 2 anos,2005-05-01,38,38,24,62
PUERTO PEREZ,nutricion y desarrollo infantil,controles repetidos en ninos menores de 2 anos,2005-05-01,41,41,31,72
PUERTO QUIJARRO,nutricion y desarrollo infantil,controles repetidos en ninos menores de 2 anos,2005-05-01,102,102,45,147
PUERTO RICO,nutricion y desarrollo infantil,controles repetidos en ninos menores de 2 anos,2005-05-01,48,48,40,88
PUERTO SILES,nutricion y desarrollo infantil,controles repetidos en ninos menores de 2 anos,2005-05-01,33,33,24,57
PUERTO SUAREZ,nutricion y desarrollo infantil,controles repetidos en ninos menores de 2 anos,2005-05-01,92,92,90,182
PUERTO VILLARROEL,nutricion y desarrollo infantil,controles repetidos en ninos menores de 2 anos,2005-05-01,155,155,171,326
PUNA,nutricion y desarrollo infantil,controles repetidos en ninos menores de 2 anos,2005-05-01,245,245,233,478
PUNATA,nutricion y desarrollo infantil,controles repetidos en ninos menores de 2 anos,2005-05-01,119,119,133,252
QUIABAYA,nutricion y desarrollo infantil,controles repetidos en ninos menores de 2 anos,2005-05-01,16,16,6,22
QUILLACOLLO,nutricion y desarrollo infantil,controles repetidos en ninos menores de 2 anos,2005-05-01,103,103,64,167
QUIME,nutricion y desarrollo infantil,controles repetidos en ninos menores de 2 anos,2005-05-01,104,104,97,201
QUIRUSILLAS,nutricion y desarrollo infantil,controles repetidos en ninos menores de 2 anos,2005-05-01,20,20,10,30
RAVELO,nutricion y desarrollo infantil,controles repetidos en ninos menores de 2 anos,2005-05-01,386,386,389,775
REYES,nutricion y desarrollo infantil,controles repetidos en ninos menores de 2 anos,2005-05-01,116,116,130,246
RIBERALTA,nutricion y desarrollo infantil,controles repetidos en ninos menores de 2 anos,2005-05-01,870,870,838,1708
ROBORE,nutricion y desarrollo infantil,controles repetidos en ninos menores de 2 anos,2005-05-01,69,69,78,147
RURRENABAQUE,nutricion y desarrollo infantil,controles repetidos en ninos menores de 2 anos,2005-05-01,125,125,96,221
SABAYA,nutricion y desarrollo infantil,controles repetidos en ninos menores de 2 anos,2005-05-01,21,21,13,34
SACABA,nutricion y desarrollo infantil,controles repetidos en ninos menores de 2 anos,2005-05-01,220,220,212,432
SACABAMBA,nutricion y desarrollo infantil,controles repetidos en ninos menores de 2 anos,2005-05-01,19,19,42,61
SACACA,nutricion y desarrollo infantil,controles repetidos en ninos menores de 2 anos,2005-05-01,253,253,278,531
SAIPINA,nutricion y desarrollo infantil,controles repetidos en ninos menores de 2 anos,2005-05-01,67,67,54,121
SALINAS DE GARCI MENDOZA,nutricion y desarrollo infantil,controles repetidos en ninos menores de 2 anos,2005-05-01,77,77,74,151
SAMAIPATA,nutricion y desarrollo infantil,controles repetidos en ninos menores de 2 anos,2005-05-01,88,88,81,169
SAN AGUSTIN,nutricion y desarrollo infantil,controles repetidos en ninos menores de 2 anos,2005-05-01,24,24,21,45
SAN ANDRES,nutricion y desarrollo infantil,controles repetidos en ninos menores de 2 anos,2005-05-01,51,51,56,107
SAN ANDRES DE MACHACA,nutricion y desarrollo infantil,controles repetidos en ninos menores de 2 anos,2005-05-01,29,29,32,61
SAN ANTONIO DE ESMORUCO,nutricion y desarrollo infantil,controles repetidos en ninos menores de 2 anos,2005-05-01,12,12,12,24
SAN ANTONIO DE LOMERIO,nutricion y desarrollo infantil,controles repetidos en ninos menores de 2 anos,2005-05-01,115,115,111,226
SAN BENITO,nutricion y desarrollo infantil,controles repetidos en ninos menores de 2 anos,2005-05-01,85,85,87,172
SAN BORJA,nutricion y desarrollo infantil,controles repetidos en ninos menores de 2 anos,2005-05-01,370,370,298,668
SAN BUENA VENTURA,nutricion y desarrollo infantil,controles repetidos en ninos menores de 2 anos,2005-05-01,71,71,71,142
SAN CARLOS,nutricion y desarrollo infantil,controles repetidos en ninos menores de 2 anos,2005-05-01,176,176,199,375
SAN IGNACIO,nutricion y desarrollo infantil,controles repetidos en ninos menores de 2 anos,2005-05-01,160,160,150,310
SAN IGNACIO DE VELASCO,nutricion y desarrollo infantil,controles repetidos en ninos menores de 2 anos,2005-05-01,540,540,489,1029
SAN JAVIER(BNI),nutricion y desarrollo infantil,controles repetidos en ninos menores de 2 anos,2005-05-01,21,21,19,40
SAN JAVIER(STC),nutricion y desarrollo infantil,controles repetidos en ninos menores de 2 anos,2005-05-01,56,56,22,78
SAN JOAQUIN,nutricion y desarrollo infantil,controles repetidos en ninos menores de 2 anos,2005-05-01,44,44,34,78
SAN JOSE DE CHIQUITOS,nutricion y desarrollo infantil,controles repetidos en ninos menores de 2 anos,2005-05-01,126,126,99,225
SAN JUAN DE YAPACANI,nutricion y desarrollo infantil,controles repetidos en ninos menores de 2 anos,2005-05-01,138,138,114,252
SAN JULIAN,nutricion y desarrollo infantil,controles repetidos en ninos menores de 2 anos,2005-05-01,225,225,195,420
SAN LORENZO(PND),nutricion y desarrollo infantil,controles repetidos en ninos menores de 2 anos,2005-05-01,27,27,21,48
SAN LORENZO(TJA),nutricion y desarrollo infantil,controles repetidos en ninos menores de 2 anos,2005-05-01,178,178,198,376
SAN LUCAS,nutricion y desarrollo infantil,controles repetidos en ninos menores de 2 anos,2005-05-01,503,503,520,1023
SAN MATIAS,nutricion y desarrollo infantil,controles repetidos en ninos menores de 2 anos,2005-05-01,61,61,70,131
SAN MIGUEL DE VELASCO,nutricion y desarrollo infantil,controles repetidos en ninos menores de 2 anos,2005-05-01,148,148,145,293
SAN PABLO DE LIPEZ,nutricion y desarrollo infantil,controles repetidos en ninos menores de 2 anos,2005-05-01,10,10,14,24
SAN PEDRO,nutricion y desarrollo infantil,controles repetidos en ninos menores de 2 anos,2005-05-01,192,192,175,367
SAN PEDRO DE BUENA VISTA,nutricion y desarrollo infantil,controles repetidos en ninos menores de 2 anos,2005-05-01,199,199,207,406
SAN PEDRO DE CURAHUARA,nutricion y desarrollo infantil,controles repetidos en ninos menores de 2 anos,2005-05-01,34,34,31,65
SAN PEDRO DE QUEMES,nutricion y desarrollo infantil,controles repetidos en ninos menores de 2 anos,2005-05-01,5,5,6,11
SAN PEDRO DE TIQUINA,nutricion y desarrollo infantil,controles repetidos en ninos menores de 2 anos,2005-05-01,17,17,25,42
SAN PEDRO(PND),nutricion y desarrollo infantil,controles repetidos en ninos menores de 2 anos,2005-05-01,7,7,4,11
SAN RAFAEL,nutricion y desarrollo infantil,controles repetidos en ninos menores de 2 anos,2005-05-01,63,63,64,127
SAN RAMON,nutricion y desarrollo infantil,controles repetidos en ninos menores de 2 anos,2005-05-01,46,46,34,80
SAN RAMON,nutricion y desarrollo infantil,controles repetidos en ninos menores de 2 anos,2005-05-01,59,59,49,108
SANTA ANA,nutricion y desarrollo infantil,controles repetidos en ninos menores de 2 anos,2005-05-01,157,157,108,265
SANTA CRUZ DE LA SIERRA,nutricion y desarrollo infantil,controles repetidos en ninos menores de 2 anos,2005-05-01,4250,4250,3773,8023
SANTA ROSA,nutricion y desarrollo infantil,controles repetidos en ninos menores de 2 anos,2005-05-01,54,54,49,103
SANTA ROSA DEL SARA,nutricion y desarrollo infantil,controles repetidos en ninos menores de 2 anos,2005-05-01,60,60,70,130
SANTIAGO DE CALLAPA,nutricion y desarrollo infantil,controles repetidos en ninos menores de 2 anos,2005-05-01,29,29,30,59
SANTIAGO DE HUARI,nutricion y desarrollo infantil,controles repetidos en ninos menores de 2 anos,2005-05-01,55,55,45,100
SANTIAGO DE MACHACA,nutricion y desarrollo infantil,controles repetidos en ninos menores de 2 anos,2005-05-01,44,44,24,68
SANTIVAÑES,nutricion y desarrollo infantil,controles repetidos en ninos menores de 2 anos,2005-05-01,75,75,65,140
SANTUARIO DE QUILLACAS,nutricion y desarrollo infantil,controles repetidos en ninos menores de 2 anos,2005-05-01,17,17,14,31
SAPAHAQUI,nutricion y desarrollo infantil,controles repetidos en ninos menores de 2 anos,2005-05-01,34,34,37,71
SENA,nutricion y desarrollo infantil,controles repetidos en ninos menores de 2 anos,2005-05-01,48,48,32,80
SICA SICA (VILLA AROMA),nutricion y desarrollo infantil,controles repetidos en ninos menores de 2 anos,2005-05-01,175,175,195,370
SICAYA,nutricion y desarrollo infantil,controles repetidos en ninos menores de 2 anos,2005-05-01,32,32,28,60
SIPE SIPE,nutricion y desarrollo infantil,controles repetidos en ninos menores de 2 anos,2005-05-01,183,183,186,369
SOPACHUY,nutricion y desarrollo infantil,controles repetidos en ninos menores de 2 anos,2005-05-01,121,121,122,243
SORACACHI,nutricion y desarrollo infantil,controles repetidos en ninos menores de 2 anos,2005-05-01,45,45,48,93
SORATA,nutricion y desarrollo infantil,controles repetidos en ninos menores de 2 anos,2005-05-01,105,105,98,203
SUCRE,nutricion y desarrollo infantil,controles repetidos en ninos menores de 2 anos,2005-05-01,1187,1187,1148,2335
TACACHI,nutricion y desarrollo infantil,controles repetidos en ninos menores de 2 anos,2005-05-01,6,6,8,14
TACACOMA,nutricion y desarrollo infantil,controles repetidos en ninos menores de 2 anos,2005-05-01,56,56,42,98
TACOBAMBA,nutricion y desarrollo infantil,controles repetidos en ninos menores de 2 anos,2005-05-01,88,88,68,156
TACOPAYA,nutricion y desarrollo infantil,controles repetidos en ninos menores de 2 anos,2005-05-01,35,35,54,89
TAHUA,nutricion y desarrollo infantil,controles repetidos en ninos menores de 2 anos,2005-05-01,9,9,12,21
TAPACARI,nutricion y desarrollo infantil,controles repetidos en ninos menores de 2 anos,2005-05-01,187,187,174,361
TARABUCO,nutricion y desarrollo infantil,controles repetidos en ninos menores de 2 anos,2005-05-01,410,410,396,806
TARACO,nutricion y desarrollo infantil,controles repetidos en ninos menores de 2 anos,2005-05-01,41,41,30,71
TARATA,nutricion y desarrollo infantil,controles repetidos en ninos menores de 2 anos,2005-05-01,87,87,87,174
TARIJA,nutricion y desarrollo infantil,controles repetidos en ninos menores de 2 anos,2005-05-01,747,747,715,1462
TARVITA,nutricion y desarrollo infantil,controles repetidos en ninos menores de 2 anos,2005-05-01,384,384,316,700
TEOPONTE,nutricion y desarrollo infantil,controles repetidos en ninos menores de 2 anos,2005-05-01,108,108,104,212
TIAWANACU,nutricion y desarrollo infantil,controles repetidos en ninos menores de 2 anos,2005-05-01,86,86,82,168
TINGUIPAYA,nutricion y desarrollo infantil,controles repetidos en ninos menores de 2 anos,2005-05-01,168,168,149,317
TIPUANI,nutricion y desarrollo infantil,controles repetidos en ninos menores de 2 anos,2005-05-01,102,102,76,178
TIQUIPAYA,nutricion y desarrollo infantil,controles repetidos en ninos menores de 2 anos,2005-05-01,68,68,63,131
TIRAQUE (CBBA),nutricion y desarrollo infantil,controles repetidos en ninos menores de 2 anos,2005-05-01,147,147,133,280
TITO YUPANQUI (PARQUIPUJIO),nutricion y desarrollo infantil,controles repetidos en ninos menores de 2 anos,2005-05-01,6,6,10,16
TOCO,nutricion y desarrollo infantil,controles repetidos en ninos menores de 2 anos,2005-05-01,15,15,14,29
TOLATA,nutricion y desarrollo infantil,controles repetidos en ninos menores de 2 anos,2005-05-01,9,9,13,22
TOLEDO,nutricion y desarrollo infantil,controles repetidos en ninos menores de 2 anos,2005-05-01,31,31,28,59
TOMAVE,nutricion y desarrollo infantil,controles repetidos en ninos menores de 2 anos,2005-05-01,221,221,84,305
TOMINA,nutricion y desarrollo infantil,controles repetidos en ninos menores de 2 anos,2005-05-01,165,165,190,355
TORO TORO,nutricion y desarrollo infantil,controles repetidos en ninos menores de 2 anos,2005-05-01,232,232,245,477
TOTORA(CBBA),nutricion y desarrollo infantil,controles repetidos en ninos menores de 2 anos,2005-05-01,107,107,99,206
TOTORA(ORR),nutricion y desarrollo infantil,controles repetidos en ninos menores de 2 anos,2005-05-01,25,25,37,62
TRIGAL,nutricion y desarrollo infantil,controles repetidos en ninos menores de 2 anos,2005-05-01,21,21,14,35
TRINIDAD,nutricion y desarrollo infantil,controles repetidos en ninos menores de 2 anos,2005-05-01,351,351,356,707
TUPIZA,nutricion y desarrollo infantil,controles repetidos en ninos menores de 2 anos,2005-05-01,405,405,381,786
TURCO,nutricion y desarrollo infantil,controles repetidos en ninos menores de 2 anos,2005-05-01,24,24,24,48
UNCIA,nutricion y desarrollo infantil,controles repetidos en ninos menores de 2 anos,2005-05-01,142,142,134,276
URIONDO (A. CONCEPCION),nutricion y desarrollo infantil,controles repetidos en ninos menores de 2 anos,2005-05-01,152,152,165,317
URUBICHA,nutricion y desarrollo infantil,controles repetidos en ninos menores de 2 anos,2005-05-01,3,3,2,5
UYUNI,nutricion y desarrollo infantil,controles repetidos en ninos menores de 2 anos,2005-05-01,219,219,203,422
VACAS,nutricion y desarrollo infantil,controles repetidos en ninos menores de 2 anos,2005-05-01,84,84,60,144
VALLEGRANDE,nutricion y desarrollo infantil,controles repetidos en ninos menores de 2 anos,2005-05-01,181,181,170,351
VIACHA,nutricion y desarrollo infantil,controles repetidos en ninos menores de 2 anos,2005-05-01,186,186,179,365
VILA VILA,nutricion y desarrollo infantil,controles repetidos en ninos menores de 2 anos,2005-05-01,50,50,35,85
VILLA MONTES,nutricion y desarrollo infantil,controles repetidos en ninos menores de 2 anos,2005-05-01,130,130,129,259
VILLA NUEVA (LOMA ALTA),nutricion y desarrollo infantil,controles repetidos en ninos menores de 2 anos,2005-05-01,47,47,29,76
VILLA RIVERO,nutricion y desarrollo infantil,controles repetidos en ninos menores de 2 anos,2005-05-01,49,49,42,91
VILLA SERRANO,nutricion y desarrollo infantil,controles repetidos en ninos menores de 2 anos,2005-05-01,221,221,198,419
VILLA TUNARI,nutricion y desarrollo infantil,controles repetidos en ninos menores de 2 anos,2005-05-01,274,274,260,534
VILLA VACA GUZMAN (MUYUPAMPA),nutricion y desarrollo infantil,controles repetidos en ninos menores de 2 anos,2005-05-01,142,142,145,287
VILLAZON,nutricion y desarrollo infantil,controles repetidos en ninos menores de 2 anos,2005-05-01,324,324,297,621
VINTO,nutricion y desarrollo infantil,controles repetidos en ninos menores de 2 anos,2005-05-01,11,11,9,20
VITICHI,nutricion y desarrollo infantil,controles repetidos en ninos menores de 2 anos,2005-05-01,132,132,122,254
WALDO BALLIVIAN,nutricion y desarrollo infantil,controles repetidos en ninos menores de 2 anos,2005-05-01,5,5,8,13
WARNES,nutricion y desarrollo infantil,controles repetidos en ninos menores de 2 anos,2005-05-01,283,283,261,544
YACO,nutricion y desarrollo infantil,controles repetidos en ninos menores de 2 anos,2005-05-01,37,37,36,73
YACUIBA,nutricion y desarrollo infantil,controles repetidos en ninos menores de 2 anos,2005-05-01,211,211,203,414
YAMPARAEZ,nutricion y desarrollo infantil,controles repetidos en ninos menores de 2 anos,2005-05-01,186,186,190,376
YANACACHI,nutricion y desarrollo infantil,controles repetidos en ninos menores de 2 anos,2005-05-01,26,26,27,53
YAPACANI,nutricion y desarrollo infantil,controles repetidos en ninos menores de 2 anos,2005-05-01,484,484,425,909
YOCALLA,nutricion y desarrollo infantil,controles repetidos en ninos menores de 2 anos,2005-05-01,26,26,25,51
YOTALA,nutricion y desarrollo infantil,controles repetidos en ninos menores de 2 anos,2005-05-01,189,189,126,315
YUNCHARA,nutricion y desarrollo infantil,controles repetidos en ninos menores de 2 anos,2005-05-01,77,77,62,139
ZUDAÑEZ,nutricion y desarrollo infantil,controles repetidos en ninos menores de 2 anos,2005-05-01,130,130,115,245
ACACIO,nutricion y desarrollo infantil,controles repetidos en ninos menores de 2 anos,2005-06-01,82,82,93,175
ACHACACHI,nutricion y desarrollo infantil,controles repetidos en ninos menores de 2 anos,2005-06-01,346,346,325,671
ACHOCALLA,nutricion y desarrollo infantil,controles repetidos en ninos menores de 2 anos,2005-06-01,44,44,51,95
AIQUILE,nutricion y desarrollo infantil,controles repetidos en ninos menores de 2 anos,2005-06-01,81,81,61,142
ALALAY,nutricion y desarrollo infantil,controles repetidos en ninos menores de 2 anos,2005-06-01,14,14,10,24
ALCALA,nutricion y desarrollo infantil,controles repetidos en ninos menores de 2 anos,2005-06-01,43,43,46,89
ANCORAIMES,nutricion y desarrollo infantil,controles repetidos en ninos menores de 2 anos,2005-06-01,118,118,73,191
ANDAMARCA,nutricion y desarrollo infantil,controles repetidos en ninos menores de 2 anos,2005-06-01,28,28,22,50
ANTEQUERA,nutricion y desarrollo infantil,controles repetidos en ninos menores de 2 anos,2005-06-01,22,22,30,52
ANZALDO,nutricion y desarrollo infantil,controles repetidos en ninos menores de 2 anos,2005-06-01,4,4,9,13
APOLO,nutricion y desarrollo infantil,controles repetidos en ninos menores de 2 anos,2005-06-01,46,46,57,103
ARAMPAMPA,nutricion y desarrollo infantil,controles repetidos en ninos menores de 2 anos,2005-06-01,83,83,73,156
ARANI,nutricion y desarrollo infantil,controles repetidos en ninos menores de 2 anos,2005-06-01,43,43,51,94
ARBIETO,nutricion y desarrollo infantil,controles repetidos en ninos menores de 2 anos,2005-06-01,23,23,26,49
ARQUE,nutricion y desarrollo infantil,controles repetidos en ninos menores de 2 anos,2005-06-01,87,87,100,187
ASCENCION DE GUARAYOS,nutricion y desarrollo infantil,controles repetidos en ninos menores de 2 anos,2005-06-01,322,322,330,652
ATOCHA,nutricion y desarrollo infantil,controles repetidos en ninos menores de 2 anos,2005-06-01,132,132,107,239
AUCAPATA,nutricion y desarrollo infantil,controles repetidos en ninos menores de 2 anos,2005-06-01,57,57,41,98
AYATA,nutricion y desarrollo infantil,controles repetidos en ninos menores de 2 anos,2005-06-01,85,85,71,156
AYO AYO,nutricion y desarrollo infantil,controles repetidos en ninos menores de 2 anos,2005-06-01,46,46,34,80
AYOPAYA (V. DE INDEPENDENCIA),nutricion y desarrollo infantil,controles repetidos en ninos menores de 2 anos,2005-06-01,185,185,190,375
AZURDUY,nutricion y desarrollo infantil,controles repetidos en ninos menores de 2 anos,2005-06-01,187,187,191,378
BATALLAS,nutricion y desarrollo infantil,controles repetidos en ninos menores de 2 anos,2005-06-01,94,94,82,176
BAURES,nutricion y desarrollo infantil,controles repetidos en ninos menores de 2 anos,2005-06-01,53,53,62,115
BELEN DE ANDAMARCA,nutricion y desarrollo infantil,controles repetidos en ninos menores de 2 anos,2005-06-01,7,7,7,14
BELEN DE URMIRI,nutricion y desarrollo infantil,controles repetidos en ninos menores de 2 anos,2005-06-01,6,6,9,15
BELLA FLOR,nutricion y desarrollo infantil,controles repetidos en ninos menores de 2 anos,2005-06-01,21,21,27,48
BERMEJO,nutricion y desarrollo infantil,controles repetidos en ninos menores de 2 anos,2005-06-01,85,85,75,160
BETANZOS,nutricion y desarrollo infantil,controles repetidos en ninos menores de 2 anos,2005-06-01,250,250,245,495
BOLIVAR,nutricion y desarrollo infantil,controles repetidos en ninos menores de 2 anos,2005-06-01,71,71,79,150
BOLPEBRA,nutricion y desarrollo infantil,controles repetidos en ninos menores de 2 anos,2005-06-01,14,14,10,24
BOYUIBE,nutricion y desarrollo infantil,controles repetidos en ninos menores de 2 anos,2005-06-01,45,45,43,88
BUENA VISTA,nutricion y desarrollo infantil,controles repetidos en ninos menores de 2 anos,2005-06-01,173,173,172,345
CABEZAS,nutricion y desarrollo infantil,controles repetidos en ninos menores de 2 anos,2005-06-01,134,134,96,230
CAIROMA,nutricion y desarrollo infantil,controles repetidos en ninos menores de 2 anos,2005-06-01,138,138,142,280
"CAIZA ""D""",nutricion y desarrollo infantil,controles repetidos en ninos menores de 2 anos,2005-06-01,63,63,59,122
CAJUATA,nutricion y desarrollo infantil,controles repetidos en ninos menores de 2 anos,2005-06-01,82,82,55,137
CALACOTO,nutricion y desarrollo infantil,controles repetidos en ninos menores de 2 anos,2005-06-01,21,21,30,51
CALAMARCA,nutricion y desarrollo infantil,controles repetidos en ninos menores de 2 anos,2005-06-01,195,195,184,379
CAMARGO,nutricion y desarrollo infantil,controles repetidos en ninos menores de 2 anos,2005-06-01,203,203,242,445
CAMATAQUI (C. VILLA ABECIA),nutricion y desarrollo infantil,controles repetidos en ninos menores de 2 anos,2005-06-01,44,44,31,75
CAMIRI,nutricion y desarrollo infantil,controles repetidos en ninos menores de 2 anos,2005-06-01,423,423,342,765
CAPINOTA,nutricion y desarrollo infantil,controles repetidos en ninos menores de 2 anos,2005-06-01,96,96,79,175
CAQUIAVIRI,nutricion y desarrollo infantil,controles repetidos en ninos menores de 2 anos,2005-06-01,60,60,65,125
CARACOLLO,nutricion y desarrollo infantil,controles repetidos en ninos menores de 2 anos,2005-06-01,62,62,67,129
CARANAVI,nutricion y desarrollo infantil,controles repetidos en ninos menores de 2 anos,2005-06-01,491,491,460,951
CARANGAS,nutricion y desarrollo infantil,controles repetidos en ninos menores de 2 anos,2005-06-01,0,0,2,2
CARAPARI,nutricion y desarrollo infantil,controles repetidos en ninos menores de 2 anos,2005-06-01,113,113,121,234
CARIPUYO,nutricion y desarrollo infantil,controles repetidos en ninos menores de 2 anos,2005-06-01,122,122,135,257
CARMEN RIVERO TORREZ,nutricion y desarrollo infantil,controles repetidos en ninos menores de 2 anos,2005-06-01,34,34,12,46
CATACORA,nutricion y desarrollo infantil,controles repetidos en ninos menores de 2 anos,2005-06-01,1,1,1,2
CHACARILLA,nutricion y desarrollo infantil,controles repetidos en ninos menores de 2 anos,2005-06-01,1,1,4,5
CHALLAPATA,nutricion y desarrollo infantil,controles repetidos en ninos menores de 2 anos,2005-06-01,200,200,188,388
CHAQUI,nutricion y desarrollo infantil,controles repetidos en ninos menores de 2 anos,2005-06-01,57,57,77,134
CHARAGUA,nutricion y desarrollo infantil,controles repetidos en ninos menores de 2 anos,2005-06-01,283,283,261,544
CHARAÑA,nutricion y desarrollo infantil,controles repetidos en ninos menores de 2 anos,2005-06-01,9,9,6,15
CHAYANTA,nutricion y desarrollo infantil,controles repetidos en ninos menores de 2 anos,2005-06-01,138,138,129,267
CHIMORE,nutricion y desarrollo infantil,controles repetidos en ninos menores de 2 anos,2005-06-01,25,25,25,50
CHIPAYA,nutricion y desarrollo infantil,controles repetidos en ninos menores de 2 anos,2005-06-01,8,8,10,18
CHULUMANI (V. DE LA LIBERTAD),nutricion y desarrollo infantil,controles repetidos en ninos menores de 2 anos,2005-06-01,77,77,63,140
CHUMA,nutricion y desarrollo infantil,controles repetidos en ninos menores de 2 anos,2005-06-01,58,58,63,121
CLIZA,nutricion y desarrollo infantil,controles repetidos en ninos menores de 2 anos,2005-06-01,73,73,47,120
COBIJA,nutricion y desarrollo infantil,controles repetidos en ninos menores de 2 anos,2005-06-01,315,315,248,563
COCHABAMBA,nutricion y desarrollo infantil,controles repetidos en ninos menores de 2 anos,2005-06-01,1480,1480,1348,2828
COIPASA,nutricion y desarrollo infantil,controles repetidos en ninos menores de 2 anos,2005-06-01,2,2,3,5
COLCAPIRHUA,nutricion y desarrollo infantil,controles repetidos en ninos menores de 2 anos,2005-06-01,77,77,73,150
"COLCHA ""K""",nutricion y desarrollo infantil,controles repetidos en ninos menores de 2 anos,2005-06-01,111,111,134,245
COLLANA,nutricion y desarrollo infantil,controles repetidos en ninos menores de 2 anos,2005-06-01,22,22,18,40
COLOMI,nutricion y desarrollo infantil,controles repetidos en ninos menores de 2 anos,2005-06-01,173,173,115,288
COLPA BELGICA,nutricion y desarrollo infantil,controles repetidos en ninos menores de 2 anos,2005-06-01,58,58,40,98
COLQUECHACA,nutricion y desarrollo infantil,controles repetidos en ninos menores de 2 anos,2005-06-01,225,225,217,442
COLQUENCHA,nutricion y desarrollo infantil,controles repetidos en ninos menores de 2 anos,2005-06-01,91,91,80,171
COLQUIRI,nutricion y desarrollo infantil,controles repetidos en ninos menores de 2 anos,2005-06-01,145,145,109,254
COMANCHE,nutricion y desarrollo infantil,controles repetidos en ninos menores de 2 anos,2005-06-01,35,35,25,60
COMARAPA,nutricion y desarrollo infantil,controles repetidos en ninos menores de 2 anos,2005-06-01,194,194,183,377
COMBAYA,nutricion y desarrollo infantil,controles repetidos en ninos menores de 2 anos,2005-06-01,15,15,10,25
CONCEPCION,nutricion y desarrollo infantil,controles repetidos en ninos menores de 2 anos,2005-06-01,63,63,92,155
COPACABANA,nutricion y desarrollo infantil,controles repetidos en ninos menores de 2 anos,2005-06-01,56,56,60,116
CORIPATA,nutricion y desarrollo infantil,controles repetidos en ninos menores de 2 anos,2005-06-01,98,98,88,186
CORO CORO,nutricion y desarrollo infantil,controles repetidos en ninos menores de 2 anos,2005-06-01,89,89,72,161
COROICO,nutricion y desarrollo infantil,controles repetidos en ninos menores de 2 anos,2005-06-01,56,56,58,114
CORQUE,nutricion y desarrollo infantil,controles repetidos en ninos menores de 2 anos,2005-06-01,55,55,53,108
COTAGAITA,nutricion y desarrollo infantil,controles repetidos en ninos menores de 2 anos,2005-06-01,221,221,195,416
COTOCA,nutricion y desarrollo infantil,controles repetidos en ninos menores de 2 anos,2005-06-01,271,271,261,532
CUATRO CAÑADAS,nutricion y desarrollo infantil,controles repetidos en ninos menores de 2 anos,2005-06-01,81,81,64,145
CUCHUMUELA (V. G. VILLARROEL),nutricion y desarrollo infantil,controles repetidos en ninos menores de 2 anos,2005-06-01,25,25,11,36
CUEVO,nutricion y desarrollo infantil,controles repetidos en ninos menores de 2 anos,2005-06-01,36,36,48,84
CULPINA,nutricion y desarrollo infantil,controles repetidos en ninos menores de 2 anos,2005-06-01,320,320,303,623
CURAHUARA DE CARANGAS,nutricion y desarrollo infantil,controles repetidos en ninos menores de 2 anos,2005-06-01,25,25,24,49
CURVA,nutricion y desarrollo infantil,controles repetidos en ninos menores de 2 anos,2005-06-01,20,20,11,31
DESAGUADERO,nutricion y desarrollo infantil,controles repetidos en ninos menores de 2 anos,2005-06-01,19,19,19,38
EL ALTO,nutricion y desarrollo infantil,controles repetidos en ninos menores de 2 anos,2005-06-01,3587,3587,3318,6905
EL CHORO,nutricion y desarrollo infantil,controles repetidos en ninos menores de 2 anos,2005-06-01,5,5,6,11
EL PUENTE(STC),nutricion y desarrollo infantil,controles repetidos en ninos menores de 2 anos,2005-06-01,120,120,112,232
EL PUENTE(TJA),nutricion y desarrollo infantil,controles repetidos en ninos menores de 2 anos,2005-06-01,66,66,49,115
EL TORNO,nutricion y desarrollo infantil,controles repetidos en ninos menores de 2 anos,2005-06-01,161,161,174,335
EL VILLAR,nutricion y desarrollo infantil,controles repetidos en ninos menores de 2 anos,2005-06-01,76,76,90,166
ENTRE RIOS,nutricion y desarrollo infantil,controles repetidos en ninos menores de 2 anos,2005-06-01,202,202,183,385
ENTRE RIOS,nutricion y desarrollo infantil,controles repetidos en ninos menores de 2 anos,2005-06-01,132,132,132,264
EUCALIPTUS,nutricion y desarrollo infantil,controles repetidos en ninos menores de 2 anos,2005-06-01,34,34,26,60
EUREKA (SANTOS MERCADO),nutricion y desarrollo infantil,controles repetidos en ninos menores de 2 anos,2005-06-01,3,3,3,6
EXALTACION,nutricion y desarrollo infantil,controles repetidos en ninos menores de 2 anos,2005-06-01,34,34,34,68
FERNANDEZ ALONSO,nutricion y desarrollo infantil,controles repetidos en ninos menores de 2 anos,2005-06-01,194,194,206,400
FILADELFIA,nutricion y desarrollo infantil,controles repetidos en ninos menores de 2 anos,2005-06-01,32,32,58,90
GENERAL SAAVEDRA,nutricion y desarrollo infantil,controles repetidos en ninos menores de 2 anos,2005-06-01,235,235,226,461
GRAL. J.J. PEREZ (CHARAZANI),nutricion y desarrollo infantil,controles repetidos en ninos menores de 2 anos,2005-06-01,56,56,52,108
GUANAY,nutricion y desarrollo infantil,controles repetidos en ninos menores de 2 anos,2005-06-01,119,119,95,214
GUAQUI,nutricion y desarrollo infantil,controles repetidos en ninos menores de 2 anos,2005-06-01,31,31,26,57
GUAYARAMERIN,nutricion y desarrollo infantil,controles repetidos en ninos menores de 2 anos,2005-06-01,375,375,288,663
GUTIERREZ,nutricion y desarrollo infantil,controles repetidos en ninos menores de 2 anos,2005-06-01,202,202,205,407
HUACARETA,nutricion y desarrollo infantil,controles repetidos en ninos menores de 2 anos,2005-06-01,124,124,131,255
HUACAYA (VILLA DE HUACAYA),nutricion y desarrollo infantil,controles repetidos en ninos menores de 2 anos,2005-06-01,42,42,33,75
HUACHACALLA,nutricion y desarrollo infantil,controles repetidos en ninos menores de 2 anos,2005-06-01,1,1,3,4
HUANUNI,nutricion y desarrollo infantil,controles repetidos en ninos menores de 2 anos,2005-06-01,136,136,120,256
HUARACAJE,nutricion y desarrollo infantil,controles repetidos en ninos menores de 2 anos,2005-06-01,41,41,39,80
HUAYLLAMARCA,nutricion y desarrollo infantil,controles repetidos en ninos menores de 2 anos,2005-06-01,21,21,31,52
ICHOCA,nutricion y desarrollo infantil,controles repetidos en ninos menores de 2 anos,2005-06-01,26,26,37,63
ICLA,nutricion y desarrollo infantil,controles repetidos en ninos menores de 2 anos,2005-06-01,182,182,172,354
INCAHUASI,nutricion y desarrollo infantil,controles repetidos en ninos menores de 2 anos,2005-06-01,367,367,378,745
INGAVI (HUMAITA),nutricion y desarrollo infantil,controles repetidos en ninos menores de 2 anos,2005-06-01,14,14,11,25
INQUISIVI,nutricion y desarrollo infantil,controles repetidos en ninos menores de 2 anos,2005-06-01,109,109,91,200
IRUPANA (VILLA DE LANZA),nutricion y desarrollo infantil,controles repetidos en ninos menores de 2 anos,2005-06-01,187,187,136,323
IXIAMAS,nutricion y desarrollo infantil,controles repetidos en ninos menores de 2 anos,2005-06-01,102,102,57,159
JESUS DE MACHACA,nutricion y desarrollo infantil,controles repetidos en ninos menores de 2 anos,2005-06-01,38,38,45,83
LA ASUNTA,nutricion y desarrollo infantil,controles repetidos en ninos menores de 2 anos,2005-06-01,184,184,173,357
LA GUARDIA,nutricion y desarrollo infantil,controles repetidos en ninos menores de 2 anos,2005-06-01,409,409,403,812
LA PAZ,nutricion y desarrollo infantil,controles repetidos en ninos menores de 2 anos,2005-06-01,3326,3326,3097,6423
LA RIVERA,nutricion y desarrollo infantil,controles repetidos en ninos menores de 2 anos,2005-06-01,0,0,3,3
LAGUNILLAS,nutricion y desarrollo infantil,controles repetidos en ninos menores de 2 anos,2005-06-01,109,109,96,205
LAJA,nutricion y desarrollo infantil,controles repetidos en ninos menores de 2 anos,2005-06-01,110,110,91,201
LAS CARRERAS,nutricion y desarrollo infantil,controles repetidos en ninos menores de 2 anos,2005-06-01,48,48,51,99
LICOMA PAMPA,nutricion y desarrollo infantil,controles repetidos en ninos menores de 2 anos,2005-06-01,7,7,12,19
LLALLAGUA,nutricion y desarrollo infantil,controles repetidos en ninos menores de 2 anos,2005-06-01,280,280,255,535
LLICA,nutricion y desarrollo infantil,controles repetidos en ninos menores de 2 anos,2005-06-01,16,16,22,38
LORETO,nutricion y desarrollo infantil,controles repetidos en ninos menores de 2 anos,2005-06-01,34,34,28,62
LURIBAY,nutricion y desarrollo infantil,controles repetidos en ninos menores de 2 anos,2005-06-01,149,149,134,283
MACHACAMARCA,nutricion y desarrollo infantil,controles repetidos en ninos menores de 2 anos,2005-06-01,19,19,30,49
MACHARETI,nutricion y desarrollo infantil,controles repetidos en ninos menores de 2 anos,2005-06-01,134,134,160,294
MAGDALENA,nutricion y desarrollo infantil,controles repetidos en ninos menores de 2 anos,2005-06-01,74,74,80,154
MAIRANA,nutricion y desarrollo infantil,controles repetidos en ninos menores de 2 anos,2005-06-01,113,113,89,202
MALLA,nutricion y desarrollo infantil,controles repetidos en ninos menores de 2 anos,2005-06-01,41,41,39,80
MAPIRI,nutricion y desarrollo infantil,controles repetidos en ninos menores de 2 anos,2005-06-01,106,106,91,197
MECAPACA,nutricion y desarrollo infantil,controles repetidos en ninos menores de 2 anos,2005-06-01,55,55,65,120
MINEROS,nutricion y desarrollo infantil,controles repetidos en ninos menores de 2 anos,2005-06-01,261,261,178,439
MIZQUE,nutricion y desarrollo infantil,controles repetidos en ninos menores de 2 anos,2005-06-01,84,84,88,172
MOCOMOCO,nutricion y desarrollo infantil,controles repetidos en ninos menores de 2 anos,2005-06-01,100,100,79,179
MOJINETE,nutricion y desarrollo infantil,controles repetidos en ninos menores de 2 anos,2005-06-01,11,11,7,18
MOJOCOYA,nutricion y desarrollo infantil,controles repetidos en ninos menores de 2 anos,2005-06-01,134,134,120,254
MONTEAGUDO,nutricion y desarrollo infantil,controles repetidos en ninos menores de 2 anos,2005-06-01,349,349,306,655
MONTERO,nutricion y desarrollo infantil,controles repetidos en ninos menores de 2 anos,2005-06-01,886,886,854,1740
MORO MORO,nutricion y desarrollo infantil,controles repetidos en ninos menores de 2 anos,2005-06-01,31,31,30,61
MOROCHATA,nutricion y desarrollo infantil,controles repetidos en ninos menores de 2 anos,2005-06-01,54,54,63,117
NACEBE (SANTA ROSA DEL ABUNA),nutricion y desarrollo infantil,controles repetidos en ninos menores de 2 anos,2005-06-01,11,11,16,27
NAZACARA DE PACAJES,nutricion y desarrollo infantil,controles repetidos en ninos menores de 2 anos,2005-06-01,5,5,3,8
OCURI,nutricion y desarrollo infantil,controles repetidos en ninos menores de 2 anos,2005-06-01,149,149,145,294
OKINAWA,nutricion y desarrollo infantil,controles repetidos en ninos menores de 2 anos,2005-06-01,37,37,34,71
OMEREQUE,nutricion y desarrollo infantil,controles repetidos en ninos menores de 2 anos,2005-06-01,44,44,59,103
ORURO,nutricion y desarrollo infantil,controles repetidos en ninos menores de 2 anos,2005-06-01,1382,1382,1266,2648
PADCAYA,nutricion y desarrollo infantil,controles repetidos en ninos menores de 2 anos,2005-06-01,165,165,166,331
PADILLA,nutricion y desarrollo infantil,controles repetidos en ninos menores de 2 anos,2005-06-01,185,185,192,377
PAILON,nutricion y desarrollo infantil,controles repetidos en ninos menores de 2 anos,2005-06-01,196,196,166,362
PALCA,nutricion y desarrollo infantil,controles repetidos en ninos menores de 2 anos,2005-06-01,63,63,49,112
PALOS BLANCOS,nutricion y desarrollo infantil,controles repetidos en ninos menores de 2 anos,2005-06-01,290,290,252,542
PAMPA AULLAGAS,nutricion y desarrollo infantil,controles repetidos en ninos menores de 2 anos,2005-06-01,25,25,27,52
PAMPA GRANDE,nutricion y desarrollo infantil,controles repetidos en ninos menores de 2 anos,2005-06-01,64,64,57,121
PAPEL PAMPA,nutricion y desarrollo infantil,controles repetidos en ninos menores de 2 anos,2005-06-01,29,29,35,64
PASORAPA,nutricion y desarrollo infantil,controles repetidos en ninos menores de 2 anos,2005-06-01,45,45,35,80
PATACAMAYA,nutricion y desarrollo infantil,controles repetidos en ninos menores de 2 anos,2005-06-01,159,159,180,339
PAZÑA,nutricion y desarrollo infantil,controles repetidos en ninos menores de 2 anos,2005-06-01,31,31,33,64
PELECHUCO,nutricion y desarrollo infantil,controles repetidos en ninos menores de 2 anos,2005-06-01,43,43,29,72
POCOATA,nutricion y desarrollo infantil,controles repetidos en ninos menores de 2 anos,2005-06-01,202,202,214,416
POCONA,nutricion y desarrollo infantil,controles repetidos en ninos menores de 2 anos,2005-06-01,50,50,46,96
POJO (CBBA),nutricion y desarrollo infantil,controles repetidos en ninos menores de 2 anos,2005-06-01,122,122,120,242
POOPO,nutricion y desarrollo infantil,controles repetidos en ninos menores de 2 anos,2005-06-01,31,31,28,59
PORCO,nutricion y desarrollo infantil,controles repetidos en ninos menores de 2 anos,2005-06-01,48,48,47,95
POROMA,nutricion y desarrollo infantil,controles repetidos en ninos menores de 2 anos,2005-06-01,242,242,193,435
PORONGO,nutricion y desarrollo infantil,controles repetidos en ninos menores de 2 anos,2005-06-01,54,54,37,91
PORTACHUELO,nutricion y desarrollo infantil,controles repetidos en ninos menores de 2 anos,2005-06-01,157,157,135,292
PORVENIR,nutricion y desarrollo infantil,controles repetidos en ninos menores de 2 anos,2005-06-01,30,30,38,68
POSTRER VALLE,nutricion y desarrollo infantil,controles repetidos en ninos menores de 2 anos,2005-06-01,8,8,13,21
POTOSI,nutricion y desarrollo infantil,controles repetidos en ninos menores de 2 anos,2005-06-01,1003,1003,992,1995
PRESTO,nutricion y desarrollo infantil,controles repetidos en ninos menores de 2 anos,2005-06-01,146,146,133,279
PUCARA,nutricion y desarrollo infantil,controles repetidos en ninos menores de 2 anos,2005-06-01,15,15,11,26
PUCARANI,nutricion y desarrollo infantil,controles repetidos en ninos menores de 2 anos,2005-06-01,179,179,174,353
PUERTO ACOSTA,nutricion y desarrollo infantil,controles repetidos en ninos menores de 2 anos,2005-06-01,138,138,119,257
PUERTO CARABUCO,nutricion y desarrollo infantil,controles repetidos en ninos menores de 2 anos,2005-06-01,93,93,96,189
PUERTO GONZALO MORENO,nutricion y desarrollo infantil,controles repetidos en ninos menores de 2 anos,2005-06-01,53,53,43,96
PUERTO PEREZ,nutricion y desarrollo infantil,controles repetidos en ninos menores de 2 anos,2005-06-01,57,57,28,85
PUERTO QUIJARRO,nutricion y desarrollo infantil,controles repetidos en ninos menores de 2 anos,2005-06-01,106,106,85,191
PUERTO RICO,nutricion y desarrollo infantil,controles repetidos en ninos menores de 2 anos,2005-06-01,122,122,123,245
PUERTO SILES,nutricion y desarrollo infantil,controles repetidos en ninos menores de 2 anos,2005-06-01,6,6,6,12
PUERTO SUAREZ,nutricion y desarrollo infantil,controles repetidos en ninos menores de 2 anos,2005-06-01,112,112,92,204
PUERTO VILLARROEL,nutricion y desarrollo infantil,controles repetidos en ninos menores de 2 anos,2005-06-01,117,117,108,225
PUNA,nutricion y desarrollo infantil,controles repetidos en ninos menores de 2 anos,2005-06-01,263,263,244,507
PUNATA,nutricion y desarrollo infantil,controles repetidos en ninos menores de 2 anos,2005-06-01,119,119,148,267
QUIABAYA,nutricion y desarrollo infantil,controles repetidos en ninos menores de 2 anos,2005-06-01,33,33,32,65
QUILLACOLLO,nutricion y desarrollo infantil,controles repetidos en ninos menores de 2 anos,2005-06-01,47,47,53,100
QUIME,nutricion y desarrollo infantil,controles repetidos en ninos menores de 2 anos,2005-06-01,97,97,94,191
QUIRUSILLAS,nutricion y desarrollo infantil,controles repetidos en ninos menores de 2 anos,2005-06-01,15,15,6,21
RAVELO,nutricion y desarrollo infantil,controles repetidos en ninos menores de 2 anos,2005-06-01,319,319,307,626
REYES,nutricion y desarrollo infantil,controles repetidos en ninos menores de 2 anos,2005-06-01,202,202,187,389
RIBERALTA,nutricion y desarrollo infantil,controles repetidos en ninos menores de 2 anos,2005-06-01,686,686,689,1375
ROBORE,nutricion y desarrollo infantil,controles repetidos en ninos menores de 2 anos,2005-06-01,128,128,114,242
RURRENABAQUE,nutricion y desarrollo infantil,controles repetidos en ninos menores de 2 anos,2005-06-01,119,119,121,240
SABAYA,nutricion y desarrollo infantil,controles repetidos en ninos menores de 2 anos,2005-06-01,25,25,20,45
SACABA,nutricion y desarrollo infantil,controles repetidos en ninos menores de 2 anos,2005-06-01,232,232,176,408
SACABAMBA,nutricion y desarrollo infantil,controles repetidos en ninos menores de 2 anos,2005-06-01,32,32,21,53
SACACA,nutricion y desarrollo infantil,controles repetidos en ninos menores de 2 anos,2005-06-01,357,357,356,713
SAIPINA,nutricion y desarrollo infantil,controles repetidos en ninos menores de 2 anos,2005-06-01,77,77,76,153
SALINAS DE GARCI MENDOZA,nutricion y desarrollo infantil,controles repetidos en ninos menores de 2 anos,2005-06-01,67,67,71,138
SAMAIPATA,nutricion y desarrollo infantil,controles repetidos en ninos menores de 2 anos,2005-06-01,118,118,94,212
SAN AGUSTIN,nutricion y desarrollo infantil,controles repetidos en ninos menores de 2 anos,2005-06-01,21,21,19,40
SAN ANDRES,nutricion y desarrollo infantil,controles repetidos en ninos menores de 2 anos,2005-06-01,78,78,73,151
SAN ANDRES DE MACHACA,nutricion y desarrollo infantil,controles repetidos en ninos menores de 2 anos,2005-06-01,29,29,20,49
SAN ANTONIO DE ESMORUCO,nutricion y desarrollo infantil,controles repetidos en ninos menores de 2 anos,2005-06-01,15,15,21,36
SAN ANTONIO DE LOMERIO,nutricion y desarrollo infantil,controles repetidos en ninos menores de 2 anos,2005-06-01,122,122,113,235
SAN BENITO,nutricion y desarrollo infantil,controles repetidos en ninos menores de 2 anos,2005-06-01,52,52,51,103
SAN BORJA,nutricion y desarrollo infantil,controles repetidos en ninos menores de 2 anos,2005-06-01,409,409,403,812
SAN BUENA VENTURA,nutricion y desarrollo infantil,controles repetidos en ninos menores de 2 anos,2005-06-01,106,106,97,203
SAN CARLOS,nutricion y desarrollo infantil,controles repetidos en ninos menores de 2 anos,2005-06-01,262,262,252,514
SAN IGNACIO,nutricion y desarrollo infantil,controles repetidos en ninos menores de 2 anos,2005-06-01,170,170,151,321
SAN IGNACIO DE VELASCO,nutricion y desarrollo infantil,controles repetidos en ninos menores de 2 anos,2005-06-01,521,521,495,1016
SAN JAVIER(BNI),nutricion y desarrollo infantil,controles repetidos en ninos menores de 2 anos,2005-06-01,44,44,32,76
SAN JAVIER(STC),nutricion y desarrollo infantil,controles repetidos en ninos menores de 2 anos,2005-06-01,39,39,30,69
SAN JOAQUIN,nutricion y desarrollo infantil,controles repetidos en ninos menores de 2 anos,2005-06-01,53,53,57,110
SAN JOSE DE CHIQUITOS,nutricion y desarrollo infantil,controles repetidos en ninos menores de 2 anos,2005-06-01,124,124,116,240
SAN JUAN DE YAPACANI,nutricion y desarrollo infantil,controles repetidos en ninos menores de 2 anos,2005-06-01,154,154,129,283
SAN JULIAN,nutricion y desarrollo infantil,controles repetidos en ninos menores de 2 anos,2005-06-01,253,253,250,503
SAN LORENZO(PND),nutricion y desarrollo infantil,controles repetidos en ninos menores de 2 anos,2005-06-01,69,69,68,137
SAN LORENZO(TJA),nutricion y desarrollo infantil,controles repetidos en ninos menores de 2 anos,2005-06-01,198,198,170,368
SAN LUCAS,nutricion y desarrollo infantil,controles repetidos en ninos menores de 2 anos,2005-06-01,520,520,543,1063
SAN MATIAS,nutricion y desarrollo infantil,controles repetidos en ninos menores de 2 anos,2005-06-01,83,83,95,178
SAN MIGUEL DE VELASCO,nutricion y desarrollo infantil,controles repetidos en ninos menores de 2 anos,2005-06-01,136,136,110,246
SAN PABLO DE LIPEZ,nutricion y desarrollo infantil,controles repetidos en ninos menores de 2 anos,2005-06-01,28,28,35,63
SAN PEDRO,nutricion y desarrollo infantil,controles repetidos en ninos menores de 2 anos,2005-06-01,191,191,169,360
SAN PEDRO DE BUENA VISTA,nutricion y desarrollo infantil,controles repetidos en ninos menores de 2 anos,2005-06-01,252,252,239,491
SAN PEDRO DE CURAHUARA,nutricion y desarrollo infantil,controles repetidos en ninos menores de 2 anos,2005-06-01,44,44,29,73
SAN PEDRO DE QUEMES,nutricion y desarrollo infantil,controles repetidos en ninos menores de 2 anos,2005-06-01,3,3,12,15
SAN PEDRO DE TIQUINA,nutricion y desarrollo infantil,controles repetidos en ninos menores de 2 anos,2005-06-01,47,47,31,78
SAN PEDRO(PND),nutricion y desarrollo infantil,controles repetidos en ninos menores de 2 anos,2005-06-01,22,22,24,46
SAN RAFAEL,nutricion y desarrollo infantil,controles repetidos en ninos menores de 2 anos,2005-06-01,62,62,67,129
SAN RAMON,nutricion y desarrollo infantil,controles repetidos en ninos menores de 2 anos,2005-06-01,36,36,22,58
SAN RAMON,nutricion y desarrollo infantil,controles repetidos en ninos menores de 2 anos,2005-06-01,36,36,57,93
SANTA ANA,nutricion y desarrollo infantil,controles repetidos en ninos menores de 2 anos,2005-06-01,174,174,169,343
SANTA CRUZ DE LA SIERRA,nutricion y desarrollo infantil,controles repetidos en ninos menores de 2 anos,2005-06-01,4969,4969,4373,9342
SANTA ROSA,nutricion y desarrollo infantil,controles repetidos en ninos menores de 2 anos,2005-06-01,84,84,75,159
SANTA ROSA DEL SARA,nutricion y desarrollo infantil,controles repetidos en ninos menores de 2 anos,2005-06-01,62,62,69,131
SANTIAGO DE CALLAPA,nutricion y desarrollo infantil,controles repetidos en ninos menores de 2 anos,2005-06-01,33,33,21,54
SANTIAGO DE HUARI,nutricion y desarrollo infantil,controles repetidos en ninos menores de 2 anos,2005-06-01,71,71,65,136
SANTIAGO DE MACHACA,nutricion y desarrollo infantil,controles repetidos en ninos menores de 2 anos,2005-06-01,39,39,34,73
SANTIVAÑES,nutricion y desarrollo infantil,controles repetidos en ninos menores de 2 anos,2005-06-01,45,45,49,94
SANTUARIO DE QUILLACAS,nutricion y desarrollo infantil,controles repetidos en ninos menores de 2 anos,2005-06-01,21,21,10,31
SAPAHAQUI,nutricion y desarrollo infantil,controles repetidos en ninos menores de 2 anos,2005-06-01,24,24,24,48
SENA,nutricion y desarrollo infantil,controles repetidos en ninos menores de 2 anos,2005-06-01,18,18,21,39
SICA SICA (VILLA AROMA),nutricion y desarrollo infantil,controles repetidos en ninos menores de 2 anos,2005-06-01,136,136,156,292
SICAYA,nutricion y desarrollo infantil,controles repetidos en ninos menores de 2 anos,2005-06-01,40,40,21,61
SIPE SIPE,nutricion y desarrollo infantil,controles repetidos en ninos menores de 2 anos,2005-06-01,121,121,70,191
SOPACHUY,nutricion y desarrollo infantil,controles repetidos en ninos menores de 2 anos,2005-06-01,104,104,117,221
SORACACHI,nutricion y desarrollo infantil,controles repetidos en ninos menores de 2 anos,2005-06-01,50,50,48,98
SORATA,nutricion y desarrollo infantil,controles repetidos en ninos menores de 2 anos,2005-06-01,86,86,90,176
SUCRE,nutricion y desarrollo infantil,controles repetidos en ninos menores de 2 anos,2005-06-01,1551,1551,1505,3056
TACACHI,nutricion y desarrollo infantil,controles repetidos en ninos menores de 2 anos,2005-06-01,6,6,12,18
TACACOMA,nutricion y desarrollo infantil,controles repetidos en ninos menores de 2 anos,2005-06-01,39,39,35,74
TACOBAMBA,nutricion y desarrollo infantil,controles repetidos en ninos menores de 2 anos,2005-06-01,71,71,86,157
TACOPAYA,nutricion y desarrollo infantil,controles repetidos en ninos menores de 2 anos,2005-06-01,103,103,100,203
TAHUA,nutricion y desarrollo infantil,controles repetidos en ninos menores de 2 anos,2005-06-01,8,8,10,18
TAPACARI,nutricion y desarrollo infantil,controles repetidos en ninos menores de 2 anos,2005-06-01,212,212,198,410
TARABUCO,nutricion y desarrollo infantil,controles repetidos en ninos menores de 2 anos,2005-06-01,428,428,391,819
TARACO,nutricion y desarrollo infantil,controles repetidos en ninos menores de 2 anos,2005-06-01,38,38,28,66
TARATA,nutricion y desarrollo infantil,controles repetidos en ninos menores de 2 anos,2005-06-01,80,80,71,151
TARIJA,nutricion y desarrollo infantil,controles repetidos en ninos menores de 2 anos,2005-06-01,916,916,841,1757
TARVITA,nutricion y desarrollo infantil,controles repetidos en ninos menores de 2 anos,2005-06-01,43,43,54,97
TEOPONTE,nutricion y desarrollo infantil,controles repetidos en ninos menores de 2 anos,2005-06-01,64,64,58,122
TIAWANACU,nutricion y desarrollo infantil,controles repetidos en ninos menores de 2 anos,2005-06-01,53,53,59,112
TINGUIPAYA,nutricion y desarrollo infantil,controles repetidos en ninos menores de 2 anos,2005-06-01,149,149,139,288
TIPUANI,nutricion y desarrollo infantil,controles repetidos en ninos menores de 2 anos,2005-06-01,92,92,80,172
TIQUIPAYA,nutricion y desarrollo infantil,controles repetidos en ninos menores de 2 anos,2005-06-01,74,74,49,123
TIRAQUE (CBBA),nutricion y desarrollo infantil,controles repetidos en ninos menores de 2 anos,2005-06-01,124,124,92,216
TITO YUPANQUI (PARQUIPUJIO),nutricion y desarrollo infantil,controles repetidos en ninos menores de 2 anos,2005-06-01,10,10,10,20
TOCO,nutricion y desarrollo infantil,controles repetidos en ninos menores de 2 anos,2005-06-01,16,16,11,27
TODOS SANTOS,nutricion y desarrollo infantil,controles repetidos en ninos menores de 2 anos,2005-06-01,1,1,2,3
TOLATA,nutricion y desarrollo infantil,controles repetidos en ninos menores de 2 anos,2005-06-01,10,10,18,28
TOLEDO,nutricion y desarrollo infantil,controles repetidos en ninos menores de 2 anos,2005-06-01,32,32,16,48
TOMAVE,nutricion y desarrollo infantil,controles repetidos en ninos menores de 2 anos,2005-06-01,113,113,86,199
TOMINA,nutricion y desarrollo infantil,controles repetidos en ninos menores de 2 anos,2005-06-01,169,169,182,351
TORO TORO,nutricion y desarrollo infantil,controles repetidos en ninos menores de 2 anos,2005-06-01,209,209,204,413
TOTORA(CBBA),nutricion y desarrollo infantil,controles repetidos en ninos menores de 2 anos,2005-06-01,81,81,99,180
TOTORA(ORR),nutricion y desarrollo infantil,controles repetidos en ninos menores de 2 anos,2005-06-01,32,32,48,80
TRIGAL,nutricion y desarrollo infantil,controles repetidos en ninos menores de 2 anos,2005-06-01,20,20,19,39
TRINIDAD,nutricion y desarrollo infantil,controles repetidos en ninos menores de 2 anos,2005-06-01,490,490,502,992
TUPIZA,nutricion y desarrollo infantil,controles repetidos en ninos menores de 2 anos,2005-06-01,464,464,456,920
TURCO,nutricion y desarrollo infantil,controles repetidos en ninos menores de 2 anos,2005-06-01,16,16,13,29
UMALA,nutricion y desarrollo infantil,controles repetidos en ninos menores de 2 anos,2005-06-01,19,19,13,32
UNCIA,nutricion y desarrollo infantil,controles repetidos en ninos menores de 2 anos,2005-06-01,147,147,144,291
URIONDO (A. CONCEPCION),nutricion y desarrollo infantil,controles repetidos en ninos menores de 2 anos,2005-06-01,154,154,149,303
URUBICHA,nutricion y desarrollo infantil,controles repetidos en ninos menores de 2 anos,2005-06-01,115,115,125,240
UYUNI,nutricion y desarrollo infantil,controles repetidos en ninos menores de 2 anos,2005-06-01,235,235,226,461
VACAS,nutricion y desarrollo infantil,controles repetidos en ninos menores de 2 anos,2005-06-01,72,72,35,107
VALLEGRANDE,nutricion y desarrollo infantil,controles repetidos en ninos menores de 2 anos,2005-06-01,125,125,132,257
VIACHA,nutricion y desarrollo infantil,controles repetidos en ninos menores de 2 anos,2005-06-01,183,183,176,359
VILA VILA,nutricion y desarrollo infantil,controles repetidos en ninos menores de 2 anos,2005-06-01,23,23,20,43
VILLA MONTES,nutricion y desarrollo infantil,controles repetidos en ninos menores de 2 anos,2005-06-01,149,149,171,320
VILLA NUEVA (LOMA ALTA),nutricion y desarrollo infantil,controles repetidos en ninos menores de 2 anos,2005-06-01,14,14,12,26
VILLA RIVERO,nutricion y desarrollo infantil,controles repetidos en ninos menores de 2 anos,2005-06-01,44,44,30,74
VILLA SERRANO,nutricion y desarrollo infantil,controles repetidos en ninos menores de 2 anos,2005-06-01,212,212,181,393
VILLA TUNARI,nutricion y desarrollo infantil,controles repetidos en ninos menores de 2 anos,2005-06-01,243,243,217,460
VILLA VACA GUZMAN (MUYUPAMPA),nutricion y desarrollo infantil,controles repetidos en ninos menores de 2 anos,2005-06-01,183,183,127,310
VILLAZON,nutricion y desarrollo infantil,controles repetidos en ninos menores de 2 anos,2005-06-01,349,349,320,669
VINTO,nutricion y desarrollo infantil,controles repetidos en ninos menores de 2 anos,2005-06-01,42,42,53,95
VITICHI,nutricion y desarrollo infantil,controles repetidos en ninos menores de 2 anos,2005-06-01,132,132,124,256
WALDO BALLIVIAN,nutricion y desarrollo infantil,controles repetidos en ninos menores de 2 anos,2005-06-01,18,18,16,34
WARNES,nutricion y desarrollo infantil,controles repetidos en ninos menores de 2 anos,2005-06-01,291,291,290,581
YACO,nutricion y desarrollo infantil,controles repetidos en ninos menores de 2 anos,2005-06-01,52,52,62,114
YACUIBA,nutricion y desarrollo infantil,controles repetidos en ninos menores de 2 anos,2005-06-01,418,418,379,797
YAMPARAEZ,nutricion y desarrollo infantil,controles repetidos en ninos menores de 2 anos,2005-06-01,176,176,180,356
YANACACHI,nutricion y desarrollo infantil,controles repetidos en ninos menores de 2 anos,2005-06-01,16,16,23,39
YAPACANI,nutricion y desarrollo infantil,controles repetidos en ninos menores de 2 anos,2005-06-01,576,576,464,1040
YOCALLA,nutricion y desarrollo infantil,controles repetidos en ninos menores de 2 anos,2005-06-01,54,54,47,101
YOTALA,nutricion y desarrollo infantil,controles repetidos en ninos menores de 2 anos,2005-06-01,127,127,102,229
YUNCHARA,nutricion y desarrollo infantil,controles repetidos en ninos menores de 2 anos,2005-06-01,86,86,77,163
ZUDAÑEZ,nutricion y desarrollo infantil,controles repetidos en ninos menores de 2 anos,2005-06-01,125,125,109,234
ACACIO,nutricion y desarrollo infantil,controles repetidos en ninos menores de 2 anos,2005-07-01,105,105,95,200
ACHACACHI,nutricion y desarrollo infantil,controles repetidos en ninos menores de 2 anos,2005-07-01,334,334,328,662
ACHOCALLA,nutricion y desarrollo infantil,controles repetidos en ninos menores de 2 anos,2005-07-01,52,52,40,92
AIQUILE,nutricion y desarrollo infantil,controles repetidos en ninos menores de 2 anos,2005-07-01,120,120,119,239
ALALAY,nutricion y desarrollo infantil,controles repetidos en ninos menores de 2 anos,2005-07-01,62,62,57,119
ALCALA,nutricion y desarrollo infantil,controles repetidos en ninos menores de 2 anos,2005-07-01,45,45,50,95
ANCORAIMES,nutricion y desarrollo infantil,controles repetidos en ninos menores de 2 anos,2005-07-01,92,92,90,182
ANDAMARCA,nutricion y desarrollo infantil,controles repetidos en ninos menores de 2 anos,2005-07-01,16,16,7,23
ANTEQUERA,nutricion y desarrollo infantil,controles repetidos en ninos menores de 2 anos,2005-07-01,31,31,27,58
ANZALDO,nutricion y desarrollo infantil,controles repetidos en ninos menores de 2 anos,2005-07-01,4,4,3,7
APOLO,nutricion y desarrollo infantil,controles repetidos en ninos menores de 2 anos,2005-07-01,144,144,115,259
ARAMPAMPA,nutricion y desarrollo infantil,controles repetidos en ninos menores de 2 anos,2005-07-01,65,65,58,123
ARANI,nutricion y desarrollo infantil,controles repetidos en ninos menores de 2 anos,2005-07-01,73,73,41,114
ARBIETO,nutricion y desarrollo infantil,controles repetidos en ninos menores de 2 anos,2005-07-01,44,44,24,68
ARQUE,nutricion y desarrollo infantil,controles repetidos en ninos menores de 2 anos,2005-07-01,108,108,119,227
ASCENCION DE GUARAYOS,nutricion y desarrollo infantil,controles repetidos en ninos menores de 2 anos,2005-07-01,9,9,14,23
ATOCHA,nutricion y desarrollo infantil,controles repetidos en ninos menores de 2 anos,2005-07-01,112,112,91,203
AUCAPATA,nutricion y desarrollo infantil,controles repetidos en ninos menores de 2 anos,2005-07-01,59,59,44,103
AYATA,nutricion y desarrollo infantil,controles repetidos en ninos menores de 2 anos,2005-07-01,109,109,137,246
AYO AYO,nutricion y desarrollo infantil,controles repetidos en ninos menores de 2 anos,2005-07-01,51,51,34,85
AYOPAYA (V. DE INDEPENDENCIA),nutricion y desarrollo infantil,controles repetidos en ninos menores de 2 anos,2005-07-01,177,177,172,349
AZURDUY,nutricion y desarrollo infantil,controles repetidos en ninos menores de 2 anos,2005-07-01,264,264,239,503
BATALLAS,nutricion y desarrollo infantil,controles repetidos en ninos menores de 2 anos,2005-07-01,96,96,70,166
BAURES,nutricion y desarrollo infantil,controles repetidos en ninos menores de 2 anos,2005-07-01,43,43,51,94
BELEN DE ANDAMARCA,nutricion y desarrollo infantil,controles repetidos en ninos menores de 2 anos,2005-07-01,4,4,5,9
BELEN DE URMIRI,nutricion y desarrollo infantil,controles repetidos en ninos menores de 2 anos,2005-07-01,13,13,12,25
BELLA FLOR,nutricion y desarrollo infantil,controles repetidos en ninos menores de 2 anos,2005-07-01,35,35,39,74
BERMEJO,nutricion y desarrollo infantil,controles repetidos en ninos menores de 2 anos,2005-07-01,54,54,55,109
BETANZOS,nutricion y desarrollo infantil,controles repetidos en ninos menores de 2 anos,2005-07-01,260,260,244,504
BOLIVAR,nutricion y desarrollo infantil,controles repetidos en ninos menores de 2 anos,2005-07-01,103,103,124,227
BOLPEBRA,nutricion y desarrollo infantil,controles repetidos en ninos menores de 2 anos,2005-07-01,13,13,9,22
BOYUIBE,nutricion y desarrollo infantil,controles repetidos en ninos menores de 2 anos,2005-07-01,56,56,47,103
BUENA VISTA,nutricion y desarrollo infantil,controles repetidos en ninos menores de 2 anos,2005-07-01,210,210,200,410
CABEZAS,nutricion y desarrollo infantil,controles repetidos en ninos menores de 2 anos,2005-07-01,112,112,147,259
CAIROMA,nutricion y desarrollo infantil,controles repetidos en ninos menores de 2 anos,2005-07-01,144,144,142,286
"CAIZA ""D""",nutricion y desarrollo infantil,controles repetidos en ninos menores de 2 anos,2005-07-01,83,83,74,157
CAJUATA,nutricion y desarrollo infantil,controles repetidos en ninos menores de 2 anos,2005-07-01,79,79,51,130
CALACOTO,nutricion y desarrollo infantil,controles repetidos en ninos menores de 2 anos,2005-07-01,26,26,26,52
CALAMARCA,nutricion y desarrollo infantil,controles repetidos en ninos menores de 2 anos,2005-07-01,194,194,195,389
CAMARGO,nutricion y desarrollo infantil,controles repetidos en ninos menores de 2 anos,2005-07-01,182,182,206,388
CAMATAQUI (C. VILLA ABECIA),nutricion y desarrollo infantil,controles repetidos en ninos menores de 2 anos,2005-07-01,49,49,42,91
CAMIRI,nutricion y desarrollo infantil,controles repetidos en ninos menores de 2 anos,2005-07-01,311,311,244,555
CAPINOTA,nutricion y desarrollo infantil,controles repetidos en ninos menores de 2 anos,2005-07-01,88,88,81,169
CAQUIAVIRI,nutricion y desarrollo infantil,controles repetidos en ninos menores de 2 anos,2005-07-01,94,94,93,187
CARACOLLO,nutricion y desarrollo infantil,controles repetidos en ninos menores de 2 anos,2005-07-01,90,90,65,155
CARANAVI,nutricion y desarrollo infantil,controles repetidos en ninos menores de 2 anos,2005-07-01,485,485,413,898
CARANGAS,nutricion y desarrollo infantil,controles repetidos en ninos menores de 2 anos,2005-07-01,1,1,0,1
CARAPARI,nutricion y desarrollo infantil,controles repetidos en ninos menores de 2 anos,2005-07-01,89,89,110,199
CARIPUYO,nutricion y desarrollo infantil,controles repetidos en ninos menores de 2 anos,2005-07-01,141,141,160,301
CARMEN RIVERO TORREZ,nutricion y desarrollo infantil,controles repetidos en ninos menores de 2 anos,2005-07-01,29,29,21,50
CATACORA,nutricion y desarrollo infantil,controles repetidos en ninos menores de 2 anos,2005-07-01,18,18,10,28
CHACARILLA,nutricion y desarrollo infantil,controles repetidos en ninos menores de 2 anos,2005-07-01,3,3,3,6
CHALLAPATA,nutricion y desarrollo infantil,controles repetidos en ninos menores de 2 anos,2005-07-01,149,149,155,304
CHAQUI,nutricion y desarrollo infantil,controles repetidos en ninos menores de 2 anos,2005-07-01,71,71,70,141
CHARAGUA,nutricion y desarrollo infantil,controles repetidos en ninos menores de 2 anos,2005-07-01,283,283,288,571
CHARAÑA,nutricion y desarrollo infantil,controles repetidos en ninos menores de 2 anos,2005-07-01,31,31,23,54
CHAYANTA,nutricion y desarrollo infantil,controles repetidos en ninos menores de 2 anos,2005-07-01,93,93,84,177
CHIMORE,nutricion y desarrollo infantil,controles repetidos en ninos menores de 2 anos,2005-07-01,42,42,31,73
CHIPAYA,nutricion y desarrollo infantil,controles repetidos en ninos menores de 2 anos,2005-07-01,8,8,6,14
CHOQUE COTA,nutricion y desarrollo infantil,controles repetidos en ninos menores de 2 anos,2005-07-01,8,8,7,15
CHULUMANI (V. DE LA LIBERTAD),nutricion y desarrollo infantil,controles repetidos en ninos menores de 2 anos,2005-07-01,149,149,147,296
CHUMA,nutricion y desarrollo infantil,controles repetidos en ninos menores de 2 anos,2005-07-01,92,92,76,168
CLIZA,nutricion y desarrollo infantil,controles repetidos en ninos menores de 2 anos,2005-07-01,74,74,41,115
COBIJA,nutricion y desarrollo infantil,controles repetidos en ninos menores de 2 anos,2005-07-01,316,316,286,602
COCHABAMBA,nutricion y desarrollo infantil,controles repetidos en ninos menores de 2 anos,2005-07-01,1408,1408,1266,2674
COIPASA,nutricion y desarrollo infantil,controles repetidos en ninos menores de 2 anos,2005-07-01,4,4,3,7
COLCAPIRHUA,nutricion y desarrollo infantil,controles repetidos en ninos menores de 2 anos,2005-07-01,92,92,101,193
"COLCHA ""K""",nutricion y desarrollo infantil,controles repetidos en ninos menores de 2 anos,2005-07-01,95,95,101,196
COLLANA,nutricion y desarrollo infantil,controles repetidos en ninos menores de 2 anos,2005-07-01,26,26,15,41
COLOMI,nutricion y desarrollo infantil,controles repetidos en ninos menores de 2 anos,2005-07-01,110,110,89,199
COLPA BELGICA,nutricion y desarrollo infantil,controles repetidos en ninos menores de 2 anos,2005-07-01,88,88,41,129
COLQUECHACA,nutricion y desarrollo infantil,controles repetidos en ninos menores de 2 anos,2005-07-01,205,205,192,397
COLQUENCHA,nutricion y desarrollo infantil,controles repetidos en ninos menores de 2 anos,2005-07-01,60,60,38,98
COLQUIRI,nutricion y desarrollo infantil,controles repetidos en ninos menores de 2 anos,2005-07-01,130,130,103,233
COMANCHE,nutricion y desarrollo infantil,controles repetidos en ninos menores de 2 anos,2005-07-01,32,32,37,69
COMARAPA,nutricion y desarrollo infantil,controles repetidos en ninos menores de 2 anos,2005-07-01,161,161,175,336
COMBAYA,nutricion y desarrollo infantil,controles repetidos en ninos menores de 2 anos,2005-07-01,13,13,7,20
CONCEPCION,nutricion y desarrollo infantil,controles repetidos en ninos menores de 2 anos,2005-07-01,119,119,129,248
COPACABANA,nutricion y desarrollo infantil,controles repetidos en ninos menores de 2 anos,2005-07-01,86,86,59,145
CORIPATA,nutricion y desarrollo infantil,controles repetidos en ninos menores de 2 anos,2005-07-01,140,140,116,256
CORO CORO,nutricion y desarrollo infantil,controles repetidos en ninos menores de 2 anos,2005-07-01,108,108,93,201
COROICO,nutricion y desarrollo infantil,controles repetidos en ninos menores de 2 anos,2005-07-01,107,107,91,198
CORQUE,nutricion y desarrollo infantil,controles repetidos en ninos menores de 2 anos,2005-07-01,49,49,42,91
COTAGAITA,nutricion y desarrollo infantil,controles repetidos en ninos menores de 2 anos,2005-07-01,334,334,289,623
COTOCA,nutricion y desarrollo infantil,controles repetidos en ninos menores de 2 anos,2005-07-01,268,268,219,487
CUATRO CAÑADAS,nutricion y desarrollo infantil,controles repetidos en ninos menores de 2 anos,2005-07-01,77,77,58,135
CUCHUMUELA (V. G. VILLARROEL),nutricion y desarrollo infantil,controles repetidos en ninos menores de 2 anos,2005-07-01,29,29,21,50
CUEVO,nutricion y desarrollo infantil,controles repetidos en ninos menores de 2 anos,2005-07-01,46,46,52,98
CULPINA,nutricion y desarrollo infantil,controles repetidos en ninos menores de 2 anos,2005-07-01,322,322,276,598
CURAHUARA DE CARANGAS,nutricion y desarrollo infantil,controles repetidos en ninos menores de 2 anos,2005-07-01,17,17,21,38
CURVA,nutricion y desarrollo infantil,controles repetidos en ninos menores de 2 anos,2005-07-01,26,26,25,51
DESAGUADERO,nutricion y desarrollo infantil,controles repetidos en ninos menores de 2 anos,2005-07-01,35,35,23,58
EL ALTO,nutricion y desarrollo infantil,controles repetidos en ninos menores de 2 anos,2005-07-01,3277,3277,3249,6526
EL CHORO,nutricion y desarrollo infantil,controles repetidos en ninos menores de 2 anos,2005-07-01,3,3,2,5
EL PUENTE(STC),nutricion y desarrollo infantil,controles repetidos en ninos menores de 2 anos,2005-07-01,127,127,126,253
EL PUENTE(TJA),nutricion y desarrollo infantil,controles repetidos en ninos menores de 2 anos,2005-07-01,76,76,61,137
EL TORNO,nutricion y desarrollo infantil,controles repetidos en ninos menores de 2 anos,2005-07-01,221,221,234,455
EL VILLAR,nutricion y desarrollo infantil,controles repetidos en ninos menores de 2 anos,2005-07-01,78,78,75,153
ENTRE RIOS,nutricion y desarrollo infantil,controles repetidos en ninos menores de 2 anos,2005-07-01,222,222,173,395
ENTRE RIOS,nutricion y desarrollo infantil,controles repetidos en ninos menores de 2 anos,2005-07-01,193,193,142,335
EUCALIPTUS,nutricion y desarrollo infantil,controles repetidos en ninos menores de 2 anos,2005-07-01,42,42,43,85
EUREKA (SANTOS MERCADO),nutricion y desarrollo infantil,controles repetidos en ninos menores de 2 anos,2005-07-01,9,9,13,22
EXALTACION,nutricion y desarrollo infantil,controles repetidos en ninos menores de 2 anos,2005-07-01,42,42,42,84
FERNANDEZ ALONSO,nutricion y desarrollo infantil,controles repetidos en ninos menores de 2 anos,2005-07-01,183,183,178,361
FILADELFIA,nutricion y desarrollo infantil,controles repetidos en ninos menores de 2 anos,2005-07-01,25,25,29,54
GENERAL SAAVEDRA,nutricion y desarrollo infantil,controles repetidos en ninos menores de 2 anos,2005-07-01,175,175,146,321
GRAL. J.J. PEREZ (CHARAZANI),nutricion y desarrollo infantil,controles repetidos en ninos menores de 2 anos,2005-07-01,118,118,120,238
GUANAY,nutricion y desarrollo infantil,controles repetidos en ninos menores de 2 anos,2005-07-01,32,32,17,49
GUAQUI,nutricion y desarrollo infantil,controles repetidos en ninos menores de 2 anos,2005-07-01,38,38,32,70
GUAYARAMERIN,nutricion y desarrollo infantil,controles repetidos en ninos menores de 2 anos,2005-07-01,336,336,349,685
GUTIERREZ,nutricion y desarrollo infantil,controles repetidos en ninos menores de 2 anos,2005-07-01,214,214,222,436
HUACARETA,nutricion y desarrollo infantil,controles repetidos en ninos menores de 2 anos,2005-07-01,154,154,151,305
HUACAYA (VILLA DE HUACAYA),nutricion y desarrollo infantil,controles repetidos en ninos menores de 2 anos,2005-07-01,37,37,34,71
HUACHACALLA,nutricion y desarrollo infantil,controles repetidos en ninos menores de 2 anos,2005-07-01,5,5,6,11
HUANUNI,nutricion y desarrollo infantil,controles repetidos en ninos menores de 2 anos,2005-07-01,174,174,141,315
HUARACAJE,nutricion y desarrollo infantil,controles repetidos en ninos menores de 2 anos,2005-07-01,37,37,28,65
HUAYLLAMARCA,nutricion y desarrollo infantil,controles repetidos en ninos menores de 2 anos,2005-07-01,34,34,34,68
ICHOCA,nutricion y desarrollo infantil,controles repetidos en ninos menores de 2 anos,2005-07-01,28,28,24,52
ICLA,nutricion y desarrollo infantil,controles repetidos en ninos menores de 2 anos,2005-07-01,205,205,195,400
INCAHUASI,nutricion y desarrollo infantil,controles repetidos en ninos menores de 2 anos,2005-07-01,357,357,377,734
INGAVI (HUMAITA),nutricion y desarrollo infantil,controles repetidos en ninos menores de 2 anos,2005-07-01,3,3,4,7
INQUISIVI,nutricion y desarrollo infantil,controles repetidos en ninos menores de 2 anos,2005-07-01,104,104,93,197
IRUPANA (VILLA DE LANZA),nutricion y desarrollo infantil,controles repetidos en ninos menores de 2 anos,2005-07-01,185,185,176,361
IXIAMAS,nutricion y desarrollo infantil,controles repetidos en ninos menores de 2 anos,2005-07-01,106,106,70,176
JESUS DE MACHACA,nutricion y desarrollo infantil,controles repetidos en ninos menores de 2 anos,2005-07-01,65,65,75,140
LA ASUNTA,nutricion y desarrollo infantil,controles repetidos en ninos menores de 2 anos,2005-07-01,219,219,237,456
LA GUARDIA,nutricion y desarrollo infantil,controles repetidos en ninos menores de 2 anos,2005-07-01,449,449,399,848
LA PAZ,nutricion y desarrollo infantil,controles repetidos en ninos menores de 2 anos,2005-07-01,3436,3436,22272,25708
LA RIVERA,nutricion y desarrollo infantil,controles repetidos en ninos menores de 2 anos,2005-07-01,0,0,4,4
LAGUNILLAS,nutricion y desarrollo infantil,controles repetidos en ninos menores de 2 anos,2005-07-01,119,119,100,219
LAJA,nutricion y desarrollo infantil,controles repetidos en ninos menores de 2 anos,2005-07-01,92,92,99,191
LAS CARRERAS,nutricion y desarrollo infantil,controles repetidos en ninos menores de 2 anos,2005-07-01,49,49,52,101
LICOMA PAMPA,nutricion y desarrollo infantil,controles repetidos en ninos menores de 2 anos,2005-07-01,8,8,7,15
LLALLAGUA,nutricion y desarrollo infantil,controles repetidos en ninos menores de 2 anos,2005-07-01,333,333,361,694
LLICA,nutricion y desarrollo infantil,controles repetidos en ninos menores de 2 anos,2005-07-01,18,18,22,40
LORETO,nutricion y desarrollo infantil,controles repetidos en ninos menores de 2 anos,2005-07-01,29,29,25,54
LURIBAY,nutricion y desarrollo infantil,controles repetidos en ninos menores de 2 anos,2005-07-01,157,157,111,268
MACHACAMARCA,nutricion y desarrollo infantil,controles repetidos en ninos menores de 2 anos,2005-07-01,24,24,22,46
MACHARETI,nutricion y desarrollo infantil,controles repetidos en ninos menores de 2 anos,2005-07-01,107,107,130,237
MAGDALENA,nutricion y desarrollo infantil,controles repetidos en ninos menores de 2 anos,2005-07-01,76,76,85,161
MAIRANA,nutricion y desarrollo infantil,controles repetidos en ninos menores de 2 anos,2005-07-01,98,98,100,198
MALLA,nutricion y desarrollo infantil,controles repetidos en ninos menores de 2 anos,2005-07-01,9,9,16,25
MAPIRI,nutricion y desarrollo infantil,controles repetidos en ninos menores de 2 anos,2005-07-01,126,126,124,250
MECAPACA,nutricion y desarrollo infantil,controles repetidos en ninos menores de 2 anos,2005-07-01,72,72,68,140
MINEROS,nutricion y desarrollo infantil,controles repetidos en ninos menores de 2 anos,2005-07-01,64,64,54,118
MIZQUE,nutricion y desarrollo infantil,controles repetidos en ninos menores de 2 anos,2005-07-01,113,113,108,221
MOCOMOCO,nutricion y desarrollo infantil,controles repetidos en ninos menores de 2 anos,2005-07-01,176,176,156,332
MOJINETE,nutricion y desarrollo infantil,controles repetidos en ninos menores de 2 anos,2005-07-01,7,7,11,18
MOJOCOYA,nutricion y desarrollo infantil,controles repetidos en ninos menores de 2 anos,2005-07-01,99,99,83,182
MONTEAGUDO,nutricion y desarrollo infantil,controles repetidos en ninos menores de 2 anos,2005-07-01,343,343,306,649
MONTERO,nutricion y desarrollo infantil,controles repetidos en ninos menores de 2 anos,2005-07-01,790,790,701,1491
MORO MORO,nutricion y desarrollo infantil,controles repetidos en ninos menores de 2 anos,2005-07-01,34,34,26,60
MOROCHATA,nutricion y desarrollo infantil,controles repetidos en ninos menores de 2 anos,2005-07-01,57,57,50,107
NACEBE (SANTA ROSA DEL ABUNA),nutricion y desarrollo infantil,controles repetidos en ninos menores de 2 anos,2005-07-01,5,5,2,7
NAZACARA DE PACAJES,nutricion y desarrollo infantil,controles repetidos en ninos menores de 2 anos,2005-07-01,3,3,2,5
NUEVO MANOA (NUEVA ESPERANZA),nutricion y desarrollo infantil,controles repetidos en ninos menores de 2 anos,2005-07-01,18,18,6,24
OCURI,nutricion y desarrollo infantil,controles repetidos en ninos menores de 2 anos,2005-07-01,168,168,175,343
OKINAWA,nutricion y desarrollo infantil,controles repetidos en ninos menores de 2 anos,2005-07-01,89,89,96,185
OMEREQUE,nutricion y desarrollo infantil,controles repetidos en ninos menores de 2 anos,2005-07-01,63,63,62,125
ORURO,nutricion y desarrollo infantil,controles repetidos en ninos menores de 2 anos,2005-07-01,1186,1186,1110,2296
PADCAYA,nutricion y desarrollo infantil,controles repetidos en ninos menores de 2 anos,2005-07-01,162,162,149,311
PADILLA,nutricion y desarrollo infantil,controles repetidos en ninos menores de 2 anos,2005-07-01,174,174,162,336
PAILON,nutricion y desarrollo infantil,controles repetidos en ninos menores de 2 anos,2005-07-01,191,191,154,345
PALCA,nutricion y desarrollo infantil,controles repetidos en ninos menores de 2 anos,2005-07-01,87,87,82,169
PALOS BLANCOS,nutricion y desarrollo infantil,controles repetidos en ninos menores de 2 anos,2005-07-01,159,159,250,409
PAMPA AULLAGAS,nutricion y desarrollo infantil,controles repetidos en ninos menores de 2 anos,2005-07-01,25,25,19,44
PAMPA GRANDE,nutricion y desarrollo infantil,controles repetidos en ninos menores de 2 anos,2005-07-01,60,60,62,122
PAPEL PAMPA,nutricion y desarrollo infantil,controles repetidos en ninos menores de 2 anos,2005-07-01,19,19,31,50
PASORAPA,nutricion y desarrollo infantil,controles repetidos en ninos menores de 2 anos,2005-07-01,21,21,21,42
PATACAMAYA,nutricion y desarrollo infantil,controles repetidos en ninos menores de 2 anos,2005-07-01,245,245,266,511
PAZÑA,nutricion y desarrollo infantil,controles repetidos en ninos menores de 2 anos,2005-07-01,40,40,39,79
PELECHUCO,nutricion y desarrollo infantil,controles repetidos en ninos menores de 2 anos,2005-07-01,43,43,29,72
POCOATA,nutricion y desarrollo infantil,controles repetidos en ninos menores de 2 anos,2005-07-01,185,185,223,408
POCONA,nutricion y desarrollo infantil,controles repetidos en ninos menores de 2 anos,2005-07-01,47,47,56,103
POJO (CBBA),nutricion y desarrollo infantil,controles repetidos en ninos menores de 2 anos,2005-07-01,153,153,178,331
POOPO,nutricion y desarrollo infantil,controles repetidos en ninos menores de 2 anos,2005-07-01,34,34,38,72
PORCO,nutricion y desarrollo infantil,controles repetidos en ninos menores de 2 anos,2005-07-01,37,37,39,76
POROMA,nutricion y desarrollo infantil,controles repetidos en ninos menores de 2 anos,2005-07-01,208,208,206,414
PORONGO,nutricion y desarrollo infantil,controles repetidos en ninos menores de 2 anos,2005-07-01,61,61,45,106
PORTACHUELO,nutricion y desarrollo infantil,controles repetidos en ninos menores de 2 anos,2005-07-01,226,226,207,433
PORVENIR,nutricion y desarrollo infantil,controles repetidos en ninos menores de 2 anos,2005-07-01,50,50,47,97
POSTRER VALLE,nutricion y desarrollo infantil,controles repetidos en ninos menores de 2 anos,2005-07-01,14,14,14,28
POTOSI,nutricion y desarrollo infantil,controles repetidos en ninos menores de 2 anos,2005-07-01,956,956,859,1815
PRESTO,nutricion y desarrollo infantil,controles repetidos en ninos menores de 2 anos,2005-07-01,167,167,121,288
PUCARA,nutricion y desarrollo infantil,controles repetidos en ninos menores de 2 anos,2005-07-01,8,8,4,12
PUCARANI,nutricion y desarrollo infantil,controles repetidos en ninos menores de 2 anos,2005-07-01,219,219,180,399
PUERTO ACOSTA,nutricion y desarrollo infantil,controles repetidos en ninos menores de 2 anos,2005-07-01,171,171,189,360
PUERTO CARABUCO,nutricion y desarrollo infantil,controles repetidos en ninos menores de 2 anos,2005-07-01,159,159,176,335
PUERTO GONZALO MORENO,nutricion y desarrollo infantil,controles repetidos en ninos menores de 2 anos,2005-07-01,38,38,42,80
PUERTO PEREZ,nutricion y desarrollo infantil,controles repetidos en ninos menores de 2 anos,2005-07-01,48,48,35,83
PUERTO QUIJARRO,nutricion y desarrollo infantil,controles repetidos en ninos menores de 2 anos,2005-07-01,122,122,109,231
PUERTO RICO,nutricion y desarrollo infantil,controles repetidos en ninos menores de 2 anos,2005-07-01,42,42,62,104
PUERTO SILES,nutricion y desarrollo infantil,controles repetidos en ninos menores de 2 anos,2005-07-01,30,30,20,50
PUERTO SUAREZ,nutricion y desarrollo infantil,controles repetidos en ninos menores de 2 anos,2005-07-01,88,88,61,149
PUERTO VILLARROEL,nutricion y desarrollo infantil,controles repetidos en ninos menores de 2 anos,2005-07-01,166,166,146,312
PUNA,nutricion y desarrollo infantil,controles repetidos en ninos menores de 2 anos,2005-07-01,296,296,269,565
PUNATA,nutricion y desarrollo infantil,controles repetidos en ninos menores de 2 anos,2005-07-01,157,157,162,319
QUIABAYA,nutricion y desarrollo infantil,controles repetidos en ninos menores de 2 anos,2005-07-01,17,17,12,29
QUILLACOLLO,nutricion y desarrollo infantil,controles repetidos en ninos menores de 2 anos,2005-07-01,38,38,48,86
QUIME,nutricion y desarrollo infantil,controles repetidos en ninos menores de 2 anos,2005-07-01,99,99,87,186
QUIRUSILLAS,nutricion y desarrollo infantil,controles repetidos en ninos menores de 2 anos,2005-07-01,11,11,12,23
RAVELO,nutricion y desarrollo infantil,controles repetidos en ninos menores de 2 anos,2005-07-01,366,366,335,701
REYES,nutricion y desarrollo infantil,controles repetidos en ninos menores de 2 anos,2005-07-01,137,137,137,274
RIBERALTA,nutricion y desarrollo infantil,controles repetidos en ninos menores de 2 anos,2005-07-01,923,923,807,1730
ROBORE,nutricion y desarrollo infantil,controles repetidos en ninos menores de 2 anos,2005-07-01,114,114,112,226
RURRENABAQUE,nutricion y desarrollo infantil,controles repetidos en ninos menores de 2 anos,2005-07-01,82,82,113,195
SABAYA,nutricion y desarrollo infantil,controles repetidos en ninos menores de 2 anos,2005-07-01,37,37,19,56
SACABA,nutricion y desarrollo infantil,controles repetidos en ninos menores de 2 anos,2005-07-01,274,274,257,531
SACABAMBA,nutricion y desarrollo infantil,controles repetidos en ninos menores de 2 anos,2005-07-01,5,5,10,15
SACACA,nutricion y desarrollo infantil,controles repetidos en ninos menores de 2 anos,2005-07-01,176,176,177,353
SAIPINA,nutricion y desarrollo infantil,controles repetidos en ninos menores de 2 anos,2005-07-01,71,71,60,131
SALINAS DE GARCI MENDOZA,nutricion y desarrollo infantil,controles repetidos en ninos menores de 2 anos,2005-07-01,73,73,74,147
SAMAIPATA,nutricion y desarrollo infantil,controles repetidos en ninos menores de 2 anos,2005-07-01,89,89,82,171
SAN AGUSTIN,nutricion y desarrollo infantil,controles repetidos en ninos menores de 2 anos,2005-07-01,9,9,8,17
SAN ANDRES,nutricion y desarrollo infantil,controles repetidos en ninos menores de 2 anos,2005-07-01,88,88,81,169
SAN ANDRES DE MACHACA,nutricion y desarrollo infantil,controles repetidos en ninos menores de 2 anos,2005-07-01,36,36,28,64
SAN ANTONIO DE ESMORUCO,nutricion y desarrollo infantil,controles repetidos en ninos menores de 2 anos,2005-07-01,19,19,26,45
SAN ANTONIO DE LOMERIO,nutricion y desarrollo infantil,controles repetidos en ninos menores de 2 anos,2005-07-01,131,131,120,251
SAN BENITO,nutricion y desarrollo infantil,controles repetidos en ninos menores de 2 anos,2005-07-01,66,66,70,136
SAN BORJA,nutricion y desarrollo infantil,controles repetidos en ninos menores de 2 anos,2005-07-01,429,429,413,842
SAN BUENA VENTURA,nutricion y desarrollo infantil,controles repetidos en ninos menores de 2 anos,2005-07-01,101,101,98,199
SAN CARLOS,nutricion y desarrollo infantil,controles repetidos en ninos menores de 2 anos,2005-07-01,221,221,256,477
SAN IGNACIO,nutricion y desarrollo infantil,controles repetidos en ninos menores de 2 anos,2005-07-01,171,171,171,342
SAN IGNACIO DE VELASCO,nutricion y desarrollo infantil,controles repetidos en ninos menores de 2 anos,2005-07-01,364,364,347,711
SAN JAVIER(BNI),nutricion y desarrollo infantil,controles repetidos en ninos menores de 2 anos,2005-07-01,28,28,32,60
SAN JAVIER(STC),nutricion y desarrollo infantil,controles repetidos en ninos menores de 2 anos,2005-07-01,34,34,24,58
SAN JOAQUIN,nutricion y desarrollo infantil,controles repetidos en ninos menores de 2 anos,2005-07-01,46,46,31,77
SAN JOSE DE CHIQUITOS,nutricion y desarrollo infantil,controles repetidos en ninos menores de 2 anos,2005-07-01,110,110,102,212
SAN JUAN DE YAPACANI,nutricion y desarrollo infantil,controles repetidos en ninos menores de 2 anos,2005-07-01,128,128,140,268
SAN JULIAN,nutricion y desarrollo infantil,controles repetidos en ninos menores de 2 anos,2005-07-01,303,303,325,628
SAN LORENZO(PND),nutricion y desarrollo infantil,controles repetidos en ninos menores de 2 anos,2005-07-01,48,48,31,79
SAN LORENZO(TJA),nutricion y desarrollo infantil,controles repetidos en ninos menores de 2 anos,2005-07-01,222,222,190,412
SAN LUCAS,nutricion y desarrollo infantil,controles repetidos en ninos menores de 2 anos,2005-07-01,537,537,537,1074
SAN MATIAS,nutricion y desarrollo infantil,controles repetidos en ninos menores de 2 anos,2005-07-01,115,115,118,233
SAN MIGUEL DE VELASCO,nutricion y desarrollo infantil,controles repetidos en ninos menores de 2 anos,2005-07-01,133,133,116,249
SAN PABLO DE LIPEZ,nutricion y desarrollo infantil,controles repetidos en ninos menores de 2 anos,2005-07-01,8,8,10,18
SAN PEDRO,nutricion y desarrollo infantil,controles repetidos en ninos menores de 2 anos,2005-07-01,206,206,183,389
SAN PEDRO DE BUENA VISTA,nutricion y desarrollo infantil,controles repetidos en ninos menores de 2 anos,2005-07-01,199,199,190,389
SAN PEDRO DE CURAHUARA,nutricion y desarrollo infantil,controles repetidos en ninos menores de 2 anos,2005-07-01,43,43,28,71
SAN PEDRO DE QUEMES,nutricion y desarrollo infantil,controles repetidos en ninos menores de 2 anos,2005-07-01,6,6,9,15
SAN PEDRO DE TIQUINA,nutricion y desarrollo infantil,controles repetidos en ninos menores de 2 anos,2005-07-01,31,31,26,57
SAN PEDRO(PND),nutricion y desarrollo infantil,controles repetidos en ninos menores de 2 anos,2005-07-01,5,5,6,11
SAN RAFAEL,nutricion y desarrollo infantil,controles repetidos en ninos menores de 2 anos,2005-07-01,93,93,90,183
SAN RAMON,nutricion y desarrollo infantil,controles repetidos en ninos menores de 2 anos,2005-07-01,58,58,38,96
SAN RAMON,nutricion y desarrollo infantil,controles repetidos en ninos menores de 2 anos,2005-07-01,78,78,54,132
SANTA ANA,nutricion y desarrollo infantil,controles repetidos en ninos menores de 2 anos,2005-07-01,111,111,95,206
SANTA CRUZ DE LA SIERRA,nutricion y desarrollo infantil,controles repetidos en ninos menores de 2 anos,2005-07-01,4233,4233,3902,8135
SANTA ROSA,nutricion y desarrollo infantil,controles repetidos en ninos menores de 2 anos,2005-07-01,109,109,107,216
SANTA ROSA DEL SARA,nutricion y desarrollo infantil,controles repetidos en ninos menores de 2 anos,2005-07-01,65,65,73,138
SANTIAGO DE CALLAPA,nutricion y desarrollo infantil,controles repetidos en ninos menores de 2 anos,2005-07-01,51,51,46,97
SANTIAGO DE HUARI,nutricion y desarrollo infantil,controles repetidos en ninos menores de 2 anos,2005-07-01,51,51,36,87
SANTIAGO DE MACHACA,nutricion y desarrollo infantil,controles repetidos en ninos menores de 2 anos,2005-07-01,36,36,33,69
SANTIVAÑES,nutricion y desarrollo infantil,controles repetidos en ninos menores de 2 anos,2005-07-01,58,58,49,107
SANTUARIO DE QUILLACAS,nutricion y desarrollo infantil,controles repetidos en ninos menores de 2 anos,2005-07-01,17,17,17,34
SAPAHAQUI,nutricion y desarrollo infantil,controles repetidos en ninos menores de 2 anos,2005-07-01,80,80,74,154
SENA,nutricion y desarrollo infantil,controles repetidos en ninos menores de 2 anos,2005-07-01,55,55,50,105
SICA SICA (VILLA AROMA),nutricion y desarrollo infantil,controles repetidos en ninos menores de 2 anos,2005-07-01,211,211,196,407
SICAYA,nutricion y desarrollo infantil,controles repetidos en ninos menores de 2 anos,2005-07-01,48,48,21,69
SIPE SIPE,nutricion y desarrollo infantil,controles repetidos en ninos menores de 2 anos,2005-07-01,203,203,167,370
SOPACHUY,nutricion y desarrollo infantil,controles repetidos en ninos menores de 2 anos,2005-07-01,124,124,147,271
SORACACHI,nutricion y desarrollo infantil,controles repetidos en ninos menores de 2 anos,2005-07-01,49,49,56,105
SORATA,nutricion y desarrollo infantil,controles repetidos en ninos menores de 2 anos,2005-07-01,79,79,82,161
SUCRE,nutricion y desarrollo infantil,controles repetidos en ninos menores de 2 anos,2005-07-01,1424,1424,1328,2752
TACACHI,nutricion y desarrollo infantil,controles repetidos en ninos menores de 2 anos,2005-07-01,12,12,14,26
TACACOMA,nutricion y desarrollo infantil,controles repetidos en ninos menores de 2 anos,2005-07-01,41,41,30,71
TACOBAMBA,nutricion y desarrollo infantil,controles repetidos en ninos menores de 2 anos,2005-07-01,76,76,63,139
TACOPAYA,nutricion y desarrollo infantil,controles repetidos en ninos menores de 2 anos,2005-07-01,81,81,102,183
TAHUA,nutricion y desarrollo infantil,controles repetidos en ninos menores de 2 anos,2005-07-01,11,11,11,22
TAPACARI,nutricion y desarrollo infantil,controles repetidos en ninos menores de 2 anos,2005-07-01,236,236,218,454
TARABUCO,nutricion y desarrollo infantil,controles repetidos en ninos menores de 2 anos,2005-07-01,418,418,388,806
TARACO,nutricion y desarrollo infantil,controles repetidos en ninos menores de 2 anos,2005-07-01,21,21,13,34
TARATA,nutricion y desarrollo infantil,controles repetidos en ninos menores de 2 anos,2005-07-01,66,66,63,129
TARIJA,nutricion y desarrollo infantil,controles repetidos en ninos menores de 2 anos,2005-07-01,825,825,793,1618
TARVITA,nutricion y desarrollo infantil,controles repetidos en ninos menores de 2 anos,2005-07-01,342,342,289,631
TEOPONTE,nutricion y desarrollo infantil,controles repetidos en ninos menores de 2 anos,2005-07-01,96,96,101,197
TIAWANACU,nutricion y desarrollo infantil,controles repetidos en ninos menores de 2 anos,2005-07-01,68,68,44,112
TINGUIPAYA,nutricion y desarrollo infantil,controles repetidos en ninos menores de 2 anos,2005-07-01,106,106,136,242
TIPUANI,nutricion y desarrollo infantil,controles repetidos en ninos menores de 2 anos,2005-07-01,87,87,58,145
TIQUIPAYA,nutricion y desarrollo infantil,controles repetidos en ninos menores de 2 anos,2005-07-01,65,65,77,142
TIRAQUE (CBBA),nutricion y desarrollo infantil,controles repetidos en ninos menores de 2 anos,2005-07-01,157,157,145,302
TITO YUPANQUI (PARQUIPUJIO),nutricion y desarrollo infantil,controles repetidos en ninos menores de 2 anos,2005-07-01,7,7,8,15
TOCO,nutricion y desarrollo infantil,controles repetidos en ninos menores de 2 anos,2005-07-01,17,17,13,30
TOLATA,nutricion y desarrollo infantil,controles repetidos en ninos menores de 2 anos,2005-07-01,10,10,13,23
TOLEDO,nutricion y desarrollo infantil,controles repetidos en ninos menores de 2 anos,2005-07-01,55,55,33,88
TOMAVE,nutricion y desarrollo infantil,controles repetidos en ninos menores de 2 anos,2005-07-01,89,89,73,162
TOMINA,nutricion y desarrollo infantil,controles repetidos en ninos menores de 2 anos,2005-07-01,170,170,159,329
TORO TORO,nutricion y desarrollo infantil,controles repetidos en ninos menores de 2 anos,2005-07-01,175,175,143,318
TOTORA(CBBA),nutricion y desarrollo infantil,controles repetidos en ninos menores de 2 anos,2005-07-01,120,120,101,221
TOTORA(ORR),nutricion y desarrollo infantil,controles repetidos en ninos menores de 2 anos,2005-07-01,25,25,42,67
TRIGAL,nutricion y desarrollo infantil,controles repetidos en ninos menores de 2 anos,2005-07-01,20,20,17,37
TRINIDAD,nutricion y desarrollo infantil,controles repetidos en ninos menores de 2 anos,2005-07-01,497,497,441,938
TUPIZA,nutricion y desarrollo infantil,controles repetidos en ninos menores de 2 anos,2005-07-01,338,338,300,638
TURCO,nutricion y desarrollo infantil,controles repetidos en ninos menores de 2 anos,2005-07-01,24,24,40,64
UMALA,nutricion y desarrollo infantil,controles repetidos en ninos menores de 2 anos,2005-07-01,22,22,27,49
UNCIA,nutricion y desarrollo infantil,controles repetidos en ninos menores de 2 anos,2005-07-01,83,83,68,151
URIONDO (A. CONCEPCION),nutricion y desarrollo infantil,controles repetidos en ninos menores de 2 anos,2005-07-01,164,164,168,332
UYUNI,nutricion y desarrollo infantil,controles repetidos en ninos menores de 2 anos,2005-07-01,244,244,207,451
VACAS,nutricion y desarrollo infantil,controles repetidos en ninos menores de 2 anos,2005-07-01,52,52,52,104
VALLEGRANDE,nutricion y desarrollo infantil,controles repetidos en ninos menores de 2 anos,2005-07-01,145,145,138,283
VIACHA,nutricion y desarrollo infantil,controles repetidos en ninos menores de 2 anos,2005-07-01,213,213,206,419
VILA VILA,nutricion y desarrollo infantil,controles repetidos en ninos menores de 2 anos,2005-07-01,41,41,34,75
VILLA MONTES,nutricion y desarrollo infantil,controles repetidos en ninos menores de 2 anos,2005-07-01,143,143,125,268
VILLA NUEVA (LOMA ALTA),nutricion y desarrollo infantil,controles repetidos en ninos menores de 2 anos,2005-07-01,35,35,31,66
VILLA RIVERO,nutricion y desarrollo infantil,controles repetidos en ninos menores de 2 anos,2005-07-01,22,22,15,37
VILLA SERRANO,nutricion y desarrollo infantil,controles repetidos en ninos menores de 2 anos,2005-07-01,213,213,208,421
VILLA TUNARI,nutricion y desarrollo infantil,controles repetidos en ninos menores de 2 anos,2005-07-01,225,225,184,409
VILLA VACA GUZMAN (MUYUPAMPA),nutricion y desarrollo infantil,controles repetidos en ninos menores de 2 anos,2005-07-01,134,134,136,270
VILLAZON,nutricion y desarrollo infantil,controles repetidos en ninos menores de 2 anos,2005-07-01,355,355,326,681
VINTO,nutricion y desarrollo infantil,controles repetidos en ninos menores de 2 anos,2005-07-01,5,5,0,5
VITICHI,nutricion y desarrollo infantil,controles repetidos en ninos menores de 2 anos,2005-07-01,52,52,67,119
WALDO BALLIVIAN,nutricion y desarrollo infantil,controles repetidos en ninos menores de 2 anos,2005-07-01,16,16,19,35
WARNES,nutricion y desarrollo infantil,controles repetidos en ninos menores de 2 anos,2005-07-01,267,267,273,540
YACO,nutricion y desarrollo infantil,controles repetidos en ninos menores de 2 anos,2005-07-01,60,60,66,126
YACUIBA,nutricion y desarrollo infantil,controles repetidos en ninos menores de 2 anos,2005-07-01,448,448,437,885
YAMPARAEZ,nutricion y desarrollo infantil,controles repetidos en ninos menores de 2 anos,2005-07-01,173,173,161,334
YANACACHI,nutricion y desarrollo infantil,controles repetidos en ninos menores de 2 anos,2005-07-01,53,53,44,97
YAPACANI,nutricion y desarrollo infantil,controles repetidos en ninos menores de 2 anos,2005-07-01,497,497,302,799
YOCALLA,nutricion y desarrollo infantil,controles repetidos en ninos menores de 2 anos,2005-07-01,33,33,30,63
YOTALA,nutricion y desarrollo infantil,controles repetidos en ninos menores de 2 anos,2005-07-01,116,116,115,231
YUNCHARA,nutricion y desarrollo infantil,controles repetidos en ninos menores de 2 anos,2005-07-01,46,46,34,80
ZUDAÑEZ,nutricion y desarrollo infantil,controles repetidos en ninos menores de 2 anos,2005-07-01,123,123,95,218
ACACIO,nutricion y desarrollo infantil,controles repetidos en ninos menores de 2 anos,2005-08-01,105,105,128,233
ACHACACHI,nutricion y desarrollo infantil,controles repetidos en ninos menores de 2 anos,2005-08-01,327,327,310,637
ACHOCALLA,nutricion y desarrollo infantil,controles repetidos en ninos menores de 2 anos,2005-08-01,68,68,52,120
AIQUILE,nutricion y desarrollo infantil,controles repetidos en ninos menores de 2 anos,2005-08-01,84,84,111,195
ALALAY,nutricion y desarrollo infantil,controles repetidos en ninos menores de 2 anos,2005-08-01,26,26,17,43
ALCALA,nutricion y desarrollo infantil,controles repetidos en ninos menores de 2 anos,2005-08-01,55,55,57,112
ANCORAIMES,nutricion y desarrollo infantil,controles repetidos en ninos menores de 2 anos,2005-08-01,110,110,98,208
ANDAMARCA,nutricion y desarrollo infantil,controles repetidos en ninos menores de 2 anos,2005-08-01,20,20,12,32
ANTEQUERA,nutricion y desarrollo infantil,controles repetidos en ninos menores de 2 anos,2005-08-01,41,41,36,77
ANZALDO,nutricion y desarrollo infantil,controles repetidos en ninos menores de 2 anos,2005-08-01,9,9,8,17
APOLO,nutricion y desarrollo infantil,controles repetidos en ninos menores de 2 anos,2005-08-01,140,140,160,300
ARAMPAMPA,nutricion y desarrollo infantil,controles repetidos en ninos menores de 2 anos,2005-08-01,98,98,86,184
ARANI,nutricion y desarrollo infantil,controles repetidos en ninos menores de 2 anos,2005-08-01,52,52,59,111
ARBIETO,nutricion y desarrollo infantil,controles repetidos en ninos menores de 2 anos,2005-08-01,40,40,33,73
ARQUE,nutricion y desarrollo infantil,controles repetidos en ninos menores de 2 anos,2005-08-01,93,93,98,191
ASCENCION DE GUARAYOS,nutricion y desarrollo infantil,controles repetidos en ninos menores de 2 anos,2005-08-01,335,335,354,689
ATOCHA,nutricion y desarrollo infantil,controles repetidos en ninos menores de 2 anos,2005-08-01,121,121,140,261
AUCAPATA,nutricion y desarrollo infantil,controles repetidos en ninos menores de 2 anos,2005-08-01,50,50,41,91
AYATA,nutricion y desarrollo infantil,controles repetidos en ninos menores de 2 anos,2005-08-01,117,117,70,187
AYO AYO,nutricion y desarrollo infantil,controles repetidos en ninos menores de 2 anos,2005-08-01,49,49,43,92
AYOPAYA (V. DE INDEPENDENCIA),nutricion y desarrollo infantil,controles repetidos en ninos menores de 2 anos,2005-08-01,194,194,152,346
AZURDUY,nutricion y desarrollo infantil,controles repetidos en ninos menores de 2 anos,2005-08-01,214,214,183,397
BATALLAS,nutricion y desarrollo infantil,controles repetidos en ninos menores de 2 anos,2005-08-01,125,125,98,223
BAURES,nutricion y desarrollo infantil,controles repetidos en ninos menores de 2 anos,2005-08-01,56,56,42,98
BELEN DE ANDAMARCA,nutricion y desarrollo infantil,controles repetidos en ninos menores de 2 anos,2005-08-01,8,8,7,15
BELEN DE URMIRI,nutricion y desarrollo infantil,controles repetidos en ninos menores de 2 anos,2005-08-01,27,27,26,53
BELLA FLOR,nutricion y desarrollo infantil,controles repetidos en ninos menores de 2 anos,2005-08-01,38,38,39,77
BERMEJO,nutricion y desarrollo infantil,controles repetidos en ninos menores de 2 anos,2005-08-01,67,67,60,127
BETANZOS,nutricion y desarrollo infantil,controles repetidos en ninos menores de 2 anos,2005-08-01,366,366,340,706
BOLIVAR,nutricion y desarrollo infantil,controles repetidos en ninos menores de 2 anos,2005-08-01,88,88,106,194
BOLPEBRA,nutricion y desarrollo infantil,controles repetidos en ninos menores de 2 anos,2005-08-01,12,12,17,29
BOYUIBE,nutricion y desarrollo infantil,controles repetidos en ninos menores de 2 anos,2005-08-01,23,23,22,45
BUENA VISTA,nutricion y desarrollo infantil,controles repetidos en ninos menores de 2 anos,2005-08-01,102,102,120,222
CABEZAS,nutricion y desarrollo infantil,controles repetidos en ninos menores de 2 anos,2005-08-01,124,124,107,231
CAIROMA,nutricion y desarrollo infantil,controles repetidos en ninos menores de 2 anos,2005-08-01,183,183,180,363
"CAIZA ""D""",nutricion y desarrollo infantil,controles repetidos en ninos menores de 2 anos,2005-08-01,79,79,96,175
CAJUATA,nutricion y desarrollo infantil,controles repetidos en ninos menores de 2 anos,2005-08-01,92,92,75,167
CALACOTO,nutricion y desarrollo infantil,controles repetidos en ninos menores de 2 anos,2005-08-01,18,18,25,43
CALAMARCA,nutricion y desarrollo infantil,controles repetidos en ninos menores de 2 anos,2005-08-01,204,204,195,399
CAMARGO,nutricion y desarrollo infantil,controles repetidos en ninos menores de 2 anos,2005-08-01,208,208,235,443
CAMATAQUI (C. VILLA ABECIA),nutricion y desarrollo infantil,controles repetidos en ninos menores de 2 anos,2005-08-01,41,41,23,64
CAMIRI,nutricion y desarrollo infantil,controles repetidos en ninos menores de 2 anos,2005-08-01,378,378,315,693
CAPINOTA,nutricion y desarrollo infantil,controles repetidos en ninos menores de 2 anos,2005-08-01,111,111,96,207
CAQUIAVIRI,nutricion y desarrollo infantil,controles repetidos en ninos menores de 2 anos,2005-08-01,44,44,55,99
CARACOLLO,nutricion y desarrollo infantil,controles repetidos en ninos menores de 2 anos,2005-08-01,77,77,49,126
CARANAVI,nutricion y desarrollo infantil,controles repetidos en ninos menores de 2 anos,2005-08-01,588,588,501,1089
CARAPARI,nutricion y desarrollo infantil,controles repetidos en ninos menores de 2 anos,2005-08-01,112,112,112,224
CARIPUYO,nutricion y desarrollo infantil,controles repetidos en ninos menores de 2 anos,2005-08-01,129,129,153,282
CARMEN RIVERO TORREZ,nutricion y desarrollo infantil,controles repetidos en ninos menores de 2 anos,2005-08-01,17,17,15,32
CATACORA,nutricion y desarrollo infantil,controles repetidos en ninos menores de 2 anos,2005-08-01,5,5,4,9
CHALLAPATA,nutricion y desarrollo infantil,controles repetidos en ninos menores de 2 anos,2005-08-01,197,197,176,373
CHAQUI,nutricion y desarrollo infantil,controles repetidos en ninos menores de 2 anos,2005-08-01,73,73,74,147
CHARAGUA,nutricion y desarrollo infantil,controles repetidos en ninos menores de 2 anos,2005-08-01,307,307,283,590
CHARAÑA,nutricion y desarrollo infantil,controles repetidos en ninos menores de 2 anos,2005-08-01,10,10,14,24
CHAYANTA,nutricion y desarrollo infantil,controles repetidos en ninos menores de 2 anos,2005-08-01,163,163,140,303
CHIMORE,nutricion y desarrollo infantil,controles repetidos en ninos menores de 2 anos,2005-08-01,52,52,45,97
CHIPAYA,nutricion y desarrollo infantil,controles repetidos en ninos menores de 2 anos,2005-08-01,8,8,19,27
CHULUMANI (V. DE LA LIBERTAD),nutricion y desarrollo infantil,controles repetidos en ninos menores de 2 anos,2005-08-01,45,45,59,104
CHUMA,nutricion y desarrollo infantil,controles repetidos en ninos menores de 2 anos,2005-08-01,66,66,63,129
CLIZA,nutricion y desarrollo infantil,controles repetidos en ninos menores de 2 anos,2005-08-01,34,34,33,67
COBIJA,nutricion y desarrollo infantil,controles repetidos en ninos menores de 2 anos,2005-08-01,391,391,345,736
COCHABAMBA,nutricion y desarrollo infantil,controles repetidos en ninos menores de 2 anos,2005-08-01,1744,1744,1536,3280
COIPASA,nutricion y desarrollo infantil,controles repetidos en ninos menores de 2 anos,2005-08-01,7,7,5,12
COLCAPIRHUA,nutricion y desarrollo infantil,controles repetidos en ninos menores de 2 anos,2005-08-01,102,102,109,211
"COLCHA ""K""",nutricion y desarrollo infantil,controles repetidos en ninos menores de 2 anos,2005-08-01,103,103,128,231
COLLANA,nutricion y desarrollo infantil,controles repetidos en ninos menores de 2 anos,2005-08-01,12,12,7,19
COLOMI,nutricion y desarrollo infantil,controles repetidos en ninos menores de 2 anos,2005-08-01,93,93,87,180
COLPA BELGICA,nutricion y desarrollo infantil,controles repetidos en ninos menores de 2 anos,2005-08-01,72,72,53,125
COLQUECHACA,nutricion y desarrollo infantil,controles repetidos en ninos menores de 2 anos,2005-08-01,213,213,196,409
COLQUENCHA,nutricion y desarrollo infantil,controles repetidos en ninos menores de 2 anos,2005-08-01,42,42,60,102
COLQUIRI,nutricion y desarrollo infantil,controles repetidos en ninos menores de 2 anos,2005-08-01,138,138,115,253
COMANCHE,nutricion y desarrollo infantil,controles repetidos en ninos menores de 2 anos,2005-08-01,21,21,13,34
COMARAPA,nutricion y desarrollo infantil,controles repetidos en ninos menores de 2 anos,2005-08-01,199,199,170,369
COMBAYA,nutricion y desarrollo infantil,controles repetidos en ninos menores de 2 anos,2005-08-01,22,22,17,39
CONCEPCION,nutricion y desarrollo infantil,controles repetidos en ninos menores de 2 anos,2005-08-01,165,165,157,322
COPACABANA,nutricion y desarrollo infantil,controles repetidos en ninos menores de 2 anos,2005-08-01,64,64,76,140
CORIPATA,nutricion y desarrollo infantil,controles repetidos en ninos menores de 2 anos,2005-08-01,101,101,88,189
CORO CORO,nutricion y desarrollo infantil,controles repetidos en ninos menores de 2 anos,2005-08-01,90,90,75,165
COROICO,nutricion y desarrollo infantil,controles repetidos en ninos menores de 2 anos,2005-08-01,74,74,79,153
CORQUE,nutricion y desarrollo infantil,controles repetidos en ninos menores de 2 anos,2005-08-01,54,54,57,111
COTAGAITA,nutricion y desarrollo infantil,controles repetidos en ninos menores de 2 anos,2005-08-01,267,267,224,491
COTOCA,nutricion y desarrollo infantil,controles repetidos en ninos menores de 2 anos,2005-08-01,293,293,223,516
CUATRO CAÑADAS,nutricion y desarrollo infantil,controles repetidos en ninos menores de 2 anos,2005-08-01,63,63,60,123
CUCHUMUELA (V. G. VILLARROEL),nutricion y desarrollo infantil,controles repetidos en ninos menores de 2 anos,2005-08-01,10,10,4,14
CUEVO,nutricion y desarrollo infantil,controles repetidos en ninos menores de 2 anos,2005-08-01,26,26,41,67
CULPINA,nutricion y desarrollo infantil,controles repetidos en ninos menores de 2 anos,2005-08-01,348,348,331,679
CURAHUARA DE CARANGAS,nutricion y desarrollo infantil,controles repetidos en ninos menores de 2 anos,2005-08-01,38,38,31,69
CURVA,nutricion y desarrollo infantil,controles repetidos en ninos menores de 2 anos,2005-08-01,27,27,21,48
DESAGUADERO,nutricion y desarrollo infantil,controles repetidos en ninos menores de 2 anos,2005-08-01,39,39,35,74
EL ALTO,nutricion y desarrollo infantil,controles repetidos en ninos menores de 2 anos,2005-08-01,3867,3867,3584,7451
EL CHORO,nutricion y desarrollo infantil,controles repetidos en ninos menores de 2 anos,2005-08-01,11,11,16,27
EL PUENTE(STC),nutricion y desarrollo infantil,controles repetidos en ninos menores de 2 anos,2005-08-01,149,149,126,275
EL PUENTE(TJA),nutricion y desarrollo infantil,controles repetidos en ninos menores de 2 anos,2005-08-01,70,70,66,136
EL TORNO,nutricion y desarrollo infantil,controles repetidos en ninos menores de 2 anos,2005-08-01,187,187,235,422
EL VILLAR,nutricion y desarrollo infantil,controles repetidos en ninos menores de 2 anos,2005-08-01,90,90,82,172
ENTRE RIOS,nutricion y desarrollo infantil,controles repetidos en ninos menores de 2 anos,2005-08-01,185,185,185,370
ENTRE RIOS,nutricion y desarrollo infantil,controles repetidos en ninos menores de 2 anos,2005-08-01,150,150,145,295
EUCALIPTUS,nutricion y desarrollo infantil,controles repetidos en ninos menores de 2 anos,2005-08-01,43,43,35,78
EUREKA (SANTOS MERCADO),nutricion y desarrollo infantil,controles repetidos en ninos menores de 2 anos,2005-08-01,1,1,3,4
EXALTACION,nutricion y desarrollo infantil,controles repetidos en ninos menores de 2 anos,2005-08-01,19,19,19,38
FERNANDEZ ALONSO,nutricion y desarrollo infantil,controles repetidos en ninos menores de 2 anos,2005-08-01,162,162,169,331
FILADELFIA,nutricion y desarrollo infantil,controles repetidos en ninos menores de 2 anos,2005-08-01,26,26,31,57
GENERAL SAAVEDRA,nutricion y desarrollo infantil,controles repetidos en ninos menores de 2 anos,2005-08-01,251,251,218,469
GRAL. J.J. PEREZ (CHARAZANI),nutricion y desarrollo infantil,controles repetidos en ninos menores de 2 anos,2005-08-01,75,75,83,158
GUANAY,nutricion y desarrollo infantil,controles repetidos en ninos menores de 2 anos,2005-08-01,111,111,115,226
GUAQUI,nutricion y desarrollo infantil,controles repetidos en ninos menores de 2 anos,2005-08-01,51,51,44,95
GUAYARAMERIN,nutricion y desarrollo infantil,controles repetidos en ninos menores de 2 anos,2005-08-01,318,318,302,620
GUTIERREZ,nutricion y desarrollo infantil,controles repetidos en ninos menores de 2 anos,2005-08-01,205,205,173,378
HUACARETA,nutricion y desarrollo infantil,controles repetidos en ninos menores de 2 anos,2005-08-01,138,138,137,275
HUACAYA (VILLA DE HUACAYA),nutricion y desarrollo infantil,controles repetidos en ninos menores de 2 anos,2005-08-01,38,38,35,73
HUACHACALLA,nutricion y desarrollo infantil,controles repetidos en ninos menores de 2 anos,2005-08-01,4,4,3,7
HUANUNI,nutricion y desarrollo infantil,controles repetidos en ninos menores de 2 anos,2005-08-01,183,183,138,321
HUARACAJE,nutricion y desarrollo infantil,controles repetidos en ninos menores de 2 anos,2005-08-01,49,49,47,96
HUAYLLAMARCA,nutricion y desarrollo infantil,controles repetidos en ninos menores de 2 anos,2005-08-01,24,24,25,49
ICHOCA,nutricion y desarrollo infantil,controles repetidos en ninos menores de 2 anos,2005-08-01,30,30,34,64
ICLA,nutricion y desarrollo infantil,controles repetidos en ninos menores de 2 anos,2005-08-01,189,189,171,360
INCAHUASI,nutricion y desarrollo infantil,controles repetidos en ninos menores de 2 anos,2005-08-01,381,381,347,728
INGAVI (HUMAITA),nutricion y desarrollo infantil,controles repetidos en ninos menores de 2 anos,2005-08-01,18,18,15,33
INQUISIVI,nutricion y desarrollo infantil,controles repetidos en ninos menores de 2 anos,2005-08-01,151,151,151,302
IRUPANA (VILLA DE LANZA),nutricion y desarrollo infantil,controles repetidos en ninos menores de 2 anos,2005-08-01,143,143,113,256
IXIAMAS,nutricion y desarrollo infantil,controles repetidos en ninos menores de 2 anos,2005-08-01,117,117,71,188
JESUS DE MACHACA,nutricion y desarrollo infantil,controles repetidos en ninos menores de 2 anos,2005-08-01,71,71,79,150
LA ASUNTA,nutricion y desarrollo infantil,controles repetidos en ninos menores de 2 anos,2005-08-01,130,130,117,247
LA GUARDIA,nutricion y desarrollo infantil,controles repetidos en ninos menores de 2 anos,2005-08-01,436,436,442,878
LA PAZ,nutricion y desarrollo infantil,controles repetidos en ninos menores de 2 anos,2005-08-01,3597,3597,3237,6834
LA RIVERA,nutricion y desarrollo infantil,controles repetidos en ninos menores de 2 anos,2005-08-01,0,0,3,3
LAGUNILLAS,nutricion y desarrollo infantil,controles repetidos en ninos menores de 2 anos,2005-08-01,104,104,95,199
LAJA,nutricion y desarrollo infantil,controles repetidos en ninos menores de 2 anos,2005-08-01,105,105,94,199
LAS CARRERAS,nutricion y desarrollo infantil,controles repetidos en ninos menores de 2 anos,2005-08-01,46,46,49,95
LICOMA PAMPA,nutricion y desarrollo infantil,controles repetidos en ninos menores de 2 anos,2005-08-01,18,18,15,33
LLALLAGUA,nutricion y desarrollo infantil,controles repetidos en ninos menores de 2 anos,2005-08-01,685,685,380,1065
LLICA,nutricion y desarrollo infantil,controles repetidos en ninos menores de 2 anos,2005-08-01,20,20,30,50
LORETO,nutricion y desarrollo infantil,controles repetidos en ninos menores de 2 anos,2005-08-01,35,35,33,68
LURIBAY,nutricion y desarrollo infantil,controles repetidos en ninos menores de 2 anos,2005-08-01,121,121,105,226
MACHACAMARCA,nutricion y desarrollo infantil,controles repetidos en ninos menores de 2 anos,2005-08-01,19,19,25,44
MACHARETI,nutricion y desarrollo infantil,controles repetidos en ninos menores de 2 anos,2005-08-01,141,141,141,282
MAGDALENA,nutricion y desarrollo infantil,controles repetidos en ninos menores de 2 anos,2005-08-01,93,93,91,184
MAIRANA,nutricion y desarrollo infantil,controles repetidos en ninos menores de 2 anos,2005-08-01,96,96,100,196
MALLA,nutricion y desarrollo infantil,controles repetidos en ninos menores de 2 anos,2005-08-01,35,35,43,78
MAPIRI,nutricion y desarrollo infantil,controles repetidos en ninos menores de 2 anos,2005-08-01,110,110,103,213
MECAPACA,nutricion y desarrollo infantil,controles repetidos en ninos menores de 2 anos,2005-08-01,69,69,61,130
MINEROS,nutricion y desarrollo infantil,controles repetidos en ninos menores de 2 anos,2005-08-01,250,250,182,432
MIZQUE,nutricion y desarrollo infantil,controles repetidos en ninos menores de 2 anos,2005-08-01,160,160,214,374
MOCOMOCO,nutricion y desarrollo infantil,controles repetidos en ninos menores de 2 anos,2005-08-01,95,95,70,165
MOJINETE,nutricion y desarrollo infantil,controles repetidos en ninos menores de 2 anos,2005-08-01,17,17,11,28
MOJOCOYA,nutricion y desarrollo infantil,controles repetidos en ninos menores de 2 anos,2005-08-01,141,141,99,240
MONTEAGUDO,nutricion y desarrollo infantil,controles repetidos en ninos menores de 2 anos,2005-08-01,196,196,156,352
MONTERO,nutricion y desarrollo infantil,controles repetidos en ninos menores de 2 anos,2005-08-01,997,997,930,1927
MORO MORO,nutricion y desarrollo infantil,controles repetidos en ninos menores de 2 anos,2005-08-01,39,39,31,70
MOROCHATA,nutricion y desarrollo infantil,controles repetidos en ninos menores de 2 anos,2005-08-01,68,68,70,138
NACEBE (SANTA ROSA DEL ABUNA),nutricion y desarrollo infantil,controles repetidos en ninos menores de 2 anos,2005-08-01,11,11,5,16
NAZACARA DE PACAJES,nutricion y desarrollo infantil,controles repetidos en ninos menores de 2 anos,2005-08-01,1,1,2,3
NUEVO MANOA (NUEVA ESPERANZA),nutricion y desarrollo infantil,controles repetidos en ninos menores de 2 anos,2005-08-01,7,7,1,8
OCURI,nutricion y desarrollo infantil,controles repetidos en ninos menores de 2 anos,2005-08-01,160,160,165,325
OKINAWA,nutricion y desarrollo infantil,controles repetidos en ninos menores de 2 anos,2005-08-01,95,95,102,197
OMEREQUE,nutricion y desarrollo infantil,controles repetidos en ninos menores de 2 anos,2005-08-01,86,86,78,164
ORURO,nutricion y desarrollo infantil,controles repetidos en ninos menores de 2 anos,2005-08-01,1493,1493,1396,2889
PADCAYA,nutricion y desarrollo infantil,controles repetidos en ninos menores de 2 anos,2005-08-01,160,160,173,333
PADILLA,nutricion y desarrollo infantil,controles repetidos en ninos menores de 2 anos,2005-08-01,197,197,187,384
PAILON,nutricion y desarrollo infantil,controles repetidos en ninos menores de 2 anos,2005-08-01,144,144,130,274
PALCA,nutricion y desarrollo infantil,controles repetidos en ninos menores de 2 anos,2005-08-01,81,81,62,143
PALOS BLANCOS,nutricion y desarrollo infantil,controles repetidos en ninos menores de 2 anos,2005-08-01,258,258,254,512
PAMPA AULLAGAS,nutricion y desarrollo infantil,controles repetidos en ninos menores de 2 anos,2005-08-01,21,21,26,47
PAMPA GRANDE,nutricion y desarrollo infantil,controles repetidos en ninos menores de 2 anos,2005-08-01,73,73,66,139
PAPEL PAMPA,nutricion y desarrollo infantil,controles repetidos en ninos menores de 2 anos,2005-08-01,24,24,31,55
PASORAPA,nutricion y desarrollo infantil,controles repetidos en ninos menores de 2 anos,2005-08-01,54,54,88,142
PATACAMAYA,nutricion y desarrollo infantil,controles repetidos en ninos menores de 2 anos,2005-08-01,314,314,320,634
PAZÑA,nutricion y desarrollo infantil,controles repetidos en ninos menores de 2 anos,2005-08-01,27,27,24,51
PELECHUCO,nutricion y desarrollo infantil,controles repetidos en ninos menores de 2 anos,2005-08-01,49,49,40,89
POCOATA,nutricion y desarrollo infantil,controles repetidos en ninos menores de 2 anos,2005-08-01,171,171,187,358
POCONA,nutricion y desarrollo infantil,controles repetidos en ninos menores de 2 anos,2005-08-01,87,87,80,167
POJO (CBBA),nutricion y desarrollo infantil,controles repetidos en ninos menores de 2 anos,2005-08-01,106,106,128,234
POOPO,nutricion y desarrollo infantil,controles repetidos en ninos menores de 2 anos,2005-08-01,23,23,23,46
PORCO,nutricion y desarrollo infantil,controles repetidos en ninos menores de 2 anos,2005-08-01,59,59,67,126
POROMA,nutricion y desarrollo infantil,controles repetidos en ninos menores de 2 anos,2005-08-01,240,240,241,481
PORONGO,nutricion y desarrollo infantil,controles repetidos en ninos menores de 2 anos,2005-08-01,51,51,41,92
PORTACHUELO,nutricion y desarrollo infantil,controles repetidos en ninos menores de 2 anos,2005-08-01,260,260,209,469
PORVENIR,nutricion y desarrollo infantil,controles repetidos en ninos menores de 2 anos,2005-08-01,45,45,46,91
POSTRER VALLE,nutricion y desarrollo infantil,controles repetidos en ninos menores de 2 anos,2005-08-01,23,23,30,53
POTOSI,nutricion y desarrollo infantil,controles repetidos en ninos menores de 2 anos,2005-08-01,1224,1224,1152,2376
PRESTO,nutricion y desarrollo infantil,controles repetidos en ninos menores de 2 anos,2005-08-01,147,147,126,273
PUCARA,nutricion y desarrollo infantil,controles repetidos en ninos menores de 2 anos,2005-08-01,20,20,17,37
PUCARANI,nutricion y desarrollo infantil,controles repetidos en ninos menores de 2 anos,2005-08-01,193,193,200,393
PUERTO ACOSTA,nutricion y desarrollo infantil,controles repetidos en ninos menores de 2 anos,2005-08-01,123,123,119,242
PUERTO CARABUCO,nutricion y desarrollo infantil,controles repetidos en ninos menores de 2 anos,2005-08-01,85,85,91,176
PUERTO GONZALO MORENO,nutricion y desarrollo infantil,controles repetidos en ninos menores de 2 anos,2005-08-01,55,55,54,109
PUERTO PEREZ,nutricion y desarrollo infantil,controles repetidos en ninos menores de 2 anos,2005-08-01,47,47,41,88
PUERTO QUIJARRO,nutricion y desarrollo infantil,controles repetidos en ninos menores de 2 anos,2005-08-01,113,113,119,232
PUERTO RICO,nutricion y desarrollo infantil,controles repetidos en ninos menores de 2 anos,2005-08-01,92,92,80,172
PUERTO SILES,nutricion y desarrollo infantil,controles repetidos en ninos menores de 2 anos,2005-08-01,11,11,11,22
PUERTO SUAREZ,nutricion y desarrollo infantil,controles repetidos en ninos menores de 2 anos,2005-08-01,94,94,99,193
PUERTO VILLARROEL,nutricion y desarrollo infantil,controles repetidos en ninos menores de 2 anos,2005-08-01,184,184,160,344
PUNA,nutricion y desarrollo infantil,controles repetidos en ninos menores de 2 anos,2005-08-01,253,253,248,501
PUNATA,nutricion y desarrollo infantil,controles repetidos en ninos menores de 2 anos,2005-08-01,110,110,115,225
QUIABAYA,nutricion y desarrollo infantil,controles repetidos en ninos menores de 2 anos,2005-08-01,20,20,22,42
QUILLACOLLO,nutricion y desarrollo infantil,controles repetidos en ninos menores de 2 anos,2005-08-01,95,95,53,148
QUIME,nutricion y desarrollo infantil,controles repetidos en ninos menores de 2 anos,2005-08-01,82,82,86,168
QUIRUSILLAS,nutricion y desarrollo infantil,controles repetidos en ninos menores de 2 anos,2005-08-01,19,19,14,33
RAVELO,nutricion y desarrollo infantil,controles repetidos en ninos menores de 2 anos,2005-08-01,392,392,359,751
REYES,nutricion y desarrollo infantil,controles repetidos en ninos menores de 2 anos,2005-08-01,217,217,216,433
RIBERALTA,nutricion y desarrollo infantil,controles repetidos en ninos menores de 2 anos,2005-08-01,1027,1027,976,2003
ROBORE,nutricion y desarrollo infantil,controles repetidos en ninos menores de 2 anos,2005-08-01,104,104,112,216
RURRENABAQUE,nutricion y desarrollo infantil,controles repetidos en ninos menores de 2 anos,2005-08-01,107,107,120,227
SABAYA,nutricion y desarrollo infantil,controles repetidos en ninos menores de 2 anos,2005-08-01,21,21,19,40
SACABA,nutricion y desarrollo infantil,controles repetidos en ninos menores de 2 anos,2005-08-01,251,251,220,471
SACABAMBA,nutricion y desarrollo infantil,controles repetidos en ninos menores de 2 anos,2005-08-01,28,28,22,50
SACACA,nutricion y desarrollo infantil,controles repetidos en ninos menores de 2 anos,2005-08-01,371,371,378,749
SAIPINA,nutricion y desarrollo infantil,controles repetidos en ninos menores de 2 anos,2005-08-01,68,68,69,137
SALINAS DE GARCI MENDOZA,nutricion y desarrollo infantil,controles repetidos en ninos menores de 2 anos,2005-08-01,64,64,78,142
SAMAIPATA,nutricion y desarrollo infantil,controles repetidos en ninos menores de 2 anos,2005-08-01,118,118,90,208
SAN AGUSTIN,nutricion y desarrollo infantil,controles repetidos en ninos menores de 2 anos,2005-08-01,13,13,14,27
SAN ANDRES,nutricion y desarrollo infantil,controles repetidos en ninos menores de 2 anos,2005-08-01,112,112,91,203
SAN ANDRES DE MACHACA,nutricion y desarrollo infantil,controles repetidos en ninos menores de 2 anos,2005-08-01,33,33,32,65
SAN ANTONIO DE ESMORUCO,nutricion y desarrollo infantil,controles repetidos en ninos menores de 2 anos,2005-08-01,9,9,14,23
SAN ANTONIO DE LOMERIO,nutricion y desarrollo infantil,controles repetidos en ninos menores de 2 anos,2005-08-01,121,121,118,239
SAN BENITO,nutricion y desarrollo infantil,controles repetidos en ninos menores de 2 anos,2005-08-01,60,60,85,145
SAN BORJA,nutricion y desarrollo infantil,controles repetidos en ninos menores de 2 anos,2005-08-01,490,490,414,904
SAN BUENA VENTURA,nutricion y desarrollo infantil,controles repetidos en ninos menores de 2 anos,2005-08-01,88,88,80,168
SAN CARLOS,nutricion y desarrollo infantil,controles repetidos en ninos menores de 2 anos,2005-08-01,223,223,252,475
SAN IGNACIO,nutricion y desarrollo infantil,controles repetidos en ninos menores de 2 anos,2005-08-01,204,204,148,352
SAN IGNACIO DE VELASCO,nutricion y desarrollo infantil,controles repetidos en ninos menores de 2 anos,2005-08-01,574,574,603,1177
SAN JAVIER(BNI),nutricion y desarrollo infantil,controles repetidos en ninos menores de 2 anos,2005-08-01,31,31,35,66
SAN JAVIER(STC),nutricion y desarrollo infantil,controles repetidos en ninos menores de 2 anos,2005-08-01,1,1,1,2
SAN JOAQUIN,nutricion y desarrollo infantil,controles repetidos en ninos menores de 2 anos,2005-08-01,34,34,39,73
SAN JOSE DE CHIQUITOS,nutricion y desarrollo infantil,controles repetidos en ninos menores de 2 anos,2005-08-01,82,82,93,175
SAN JUAN DE YAPACANI,nutricion y desarrollo infantil,controles repetidos en ninos menores de 2 anos,2005-08-01,140,140,129,269
SAN JULIAN,nutricion y desarrollo infantil,controles repetidos en ninos menores de 2 anos,2005-08-01,248,248,252,500
SAN LORENZO(PND),nutricion y desarrollo infantil,controles repetidos en ninos menores de 2 anos,2005-08-01,89,89,76,165
SAN LORENZO(TJA),nutricion y desarrollo infantil,controles repetidos en ninos menores de 2 anos,2005-08-01,218,218,199,417
SAN LUCAS,nutricion y desarrollo infantil,controles repetidos en ninos menores de 2 anos,2005-08-01,620,620,612,1232
SAN MATIAS,nutricion y desarrollo infantil,controles repetidos en ninos menores de 2 anos,2005-08-01,124,124,118,242
SAN MIGUEL DE VELASCO,nutricion y desarrollo infantil,controles repetidos en ninos menores de 2 anos,2005-08-01,149,149,141,290
SAN PABLO DE LIPEZ,nutricion y desarrollo infantil,controles repetidos en ninos menores de 2 anos,2005-08-01,28,28,29,57
SAN PEDRO,nutricion y desarrollo infantil,controles repetidos en ninos menores de 2 anos,2005-08-01,183,183,173,356
SAN PEDRO DE BUENA VISTA,nutricion y desarrollo infantil,controles repetidos en ninos menores de 2 anos,2005-08-01,324,324,263,587
SAN PEDRO DE CURAHUARA,nutricion y desarrollo infantil,controles repetidos en ninos menores de 2 anos,2005-08-01,53,53,47,100
SAN PEDRO DE QUEMES,nutricion y desarrollo infantil,controles repetidos en ninos menores de 2 anos,2005-08-01,2,2,8,10
SAN PEDRO DE TIQUINA,nutricion y desarrollo infantil,controles repetidos en ninos menores de 2 anos,2005-08-01,39,39,31,70
SAN PEDRO(PND),nutricion y desarrollo infantil,controles repetidos en ninos menores de 2 anos,2005-08-01,20,20,32,52
SAN RAFAEL,nutricion y desarrollo infantil,controles repetidos en ninos menores de 2 anos,2005-08-01,65,65,67,132
SAN RAMON,nutricion y desarrollo infantil,controles repetidos en ninos menores de 2 anos,2005-08-01,55,55,40,95
SAN RAMON,nutricion y desarrollo infantil,controles repetidos en ninos menores de 2 anos,2005-08-01,49,49,57,106
SANTA ANA,nutricion y desarrollo infantil,controles repetidos en ninos menores de 2 anos,2005-08-01,178,178,157,335
SANTA CRUZ DE LA SIERRA,nutricion y desarrollo infantil,controles repetidos en ninos menores de 2 anos,2005-08-01,4374,4374,3979,8353
SANTA ROSA,nutricion y desarrollo infantil,controles repetidos en ninos menores de 2 anos,2005-08-01,72,72,65,137
SANTA ROSA DEL SARA,nutricion y desarrollo infantil,controles repetidos en ninos menores de 2 anos,2005-08-01,77,77,80,157
SANTIAGO DE CALLAPA,nutricion y desarrollo infantil,controles repetidos en ninos menores de 2 anos,2005-08-01,32,32,27,59
SANTIAGO DE HUARI,nutricion y desarrollo infantil,controles repetidos en ninos menores de 2 anos,2005-08-01,58,58,52,110
SANTIAGO DE MACHACA,nutricion y desarrollo infantil,controles repetidos en ninos menores de 2 anos,2005-08-01,23,23,19,42
SANTIVAÑES,nutricion y desarrollo infantil,controles repetidos en ninos menores de 2 anos,2005-08-01,65,65,63,128
SANTUARIO DE QUILLACAS,nutricion y desarrollo infantil,controles repetidos en ninos menores de 2 anos,2005-08-01,11,11,9,20
SAPAHAQUI,nutricion y desarrollo infantil,controles repetidos en ninos menores de 2 anos,2005-08-01,75,75,79,154
SENA,nutricion y desarrollo infantil,controles repetidos en ninos menores de 2 anos,2005-08-01,40,40,41,81
SICA SICA (VILLA AROMA),nutricion y desarrollo infantil,controles repetidos en ninos menores de 2 anos,2005-08-01,229,229,193,422
SICAYA,nutricion y desarrollo infantil,controles repetidos en ninos menores de 2 anos,2005-08-01,72,72,38,110
SIPE SIPE,nutricion y desarrollo infantil,controles repetidos en ninos menores de 2 anos,2005-08-01,299,299,287,586
SOPACHUY,nutricion y desarrollo infantil,controles repetidos en ninos menores de 2 anos,2005-08-01,97,97,107,204
SORACACHI,nutricion y desarrollo infantil,controles repetidos en ninos menores de 2 anos,2005-08-01,55,55,57,112
SORATA,nutricion y desarrollo infantil,controles repetidos en ninos menores de 2 anos,2005-08-01,119,119,118,237
SUCRE,nutricion y desarrollo infantil,controles repetidos en ninos menores de 2 anos,2005-08-01,1644,1644,1617,3261
TACACHI,nutricion y desarrollo infantil,controles repetidos en ninos menores de 2 anos,2005-08-01,10,10,14,24
TACACOMA,nutricion y desarrollo infantil,controles repetidos en ninos menores de 2 anos,2005-08-01,50,50,67,117
TACOBAMBA,nutricion y desarrollo infantil,controles repetidos en ninos menores de 2 anos,2005-08-01,106,106,105,211
TACOPAYA,nutricion y desarrollo infantil,controles repetidos en ninos menores de 2 anos,2005-08-01,139,139,140,279
TAHUA,nutricion y desarrollo infantil,controles repetidos en ninos menores de 2 anos,2005-08-01,13,13,12,25
TAPACARI,nutricion y desarrollo infantil,controles repetidos en ninos menores de 2 anos,2005-08-01,167,167,154,321
TARABUCO,nutricion y desarrollo infantil,controles repetidos en ninos menores de 2 anos,2005-08-01,437,437,400,837
TARACO,nutricion y desarrollo infantil,controles repetidos en ninos menores de 2 anos,2005-08-01,23,23,16,39
TARATA,nutricion y desarrollo infantil,controles repetidos en ninos menores de 2 anos,2005-08-01,71,71,64,135
TARIJA,nutricion y desarrollo infantil,controles repetidos en ninos menores de 2 anos,2005-08-01,996,996,898,1894
TARVITA,nutricion y desarrollo infantil,controles repetidos en ninos menores de 2 anos,2005-08-01,60,60,76,136
TEOPONTE,nutricion y desarrollo infantil,controles repetidos en ninos menores de 2 anos,2005-08-01,76,76,77,153
TIAWANACU,nutricion y desarrollo infantil,controles repetidos en ninos menores de 2 anos,2005-08-01,69,69,60,129
TINGUIPAYA,nutricion y desarrollo infantil,controles repetidos en ninos menores de 2 anos,2005-08-01,199,199,191,390
TIPUANI,nutricion y desarrollo infantil,controles repetidos en ninos menores de 2 anos,2005-08-01,111,111,74,185
TIQUIPAYA,nutricion y desarrollo infantil,controles repetidos en ninos menores de 2 anos,2005-08-01,80,80,65,145
TIRAQUE (CBBA),nutricion y desarrollo infantil,controles repetidos en ninos menores de 2 anos,2005-08-01,130,130,101,231
TITO YUPANQUI (PARQUIPUJIO),nutricion y desarrollo infantil,controles repetidos en ninos menores de 2 anos,2005-08-01,14,14,11,25
TOCO,nutricion y desarrollo infantil,controles repetidos en ninos menores de 2 anos,2005-08-01,12,12,13,25
TOLATA,nutricion y desarrollo infantil,controles repetidos en ninos menores de 2 anos,2005-08-01,8,8,13,21
TOLEDO,nutricion y desarrollo infantil,controles repetidos en ninos menores de 2 anos,2005-08-01,39,39,20,59
TOMAVE,nutricion y desarrollo infantil,controles repetidos en ninos menores de 2 anos,2005-08-01,98,98,75,173
TOMINA,nutricion y desarrollo infantil,controles repetidos en ninos menores de 2 anos,2005-08-01,184,184,146,330
TORO TORO,nutricion y desarrollo infantil,controles repetidos en ninos menores de 2 anos,2005-08-01,163,163,157,320
TOTORA(CBBA),nutricion y desarrollo infantil,controles repetidos en ninos menores de 2 anos,2005-08-01,110,110,114,224
TOTORA(ORR),nutricion y desarrollo infantil,controles repetidos en ninos menores de 2 anos,2005-08-01,13,13,26,39
TRIGAL,nutricion y desarrollo infantil,controles repetidos en ninos menores de 2 anos,2005-08-01,21,21,15,36
TRINIDAD,nutricion y desarrollo infantil,controles repetidos en ninos menores de 2 anos,2005-08-01,525,525,497,1022
TUPIZA,nutricion y desarrollo infantil,controles repetidos en ninos menores de 2 anos,2005-08-01,431,431,400,831
TURCO,nutricion y desarrollo infantil,controles repetidos en ninos menores de 2 anos,2005-08-01,13,13,11,24
UMALA,nutricion y desarrollo infantil,controles repetidos en ninos menores de 2 anos,2005-08-01,43,43,28,71
UNCIA,nutricion y desarrollo infantil,controles repetidos en ninos menores de 2 anos,2005-08-01,120,120,101,221
URIONDO (A. CONCEPCION),nutricion y desarrollo infantil,controles repetidos en ninos menores de 2 anos,2005-08-01,168,168,163,331
URUBICHA,nutricion y desarrollo infantil,controles repetidos en ninos menores de 2 anos,2005-08-01,133,133,167,300
UYUNI,nutricion y desarrollo infantil,controles repetidos en ninos menores de 2 anos,2005-08-01,257,257,229,486
VACAS,nutricion y desarrollo infantil,controles repetidos en ninos menores de 2 anos,2005-08-01,74,74,56,130
VALLEGRANDE,nutricion y desarrollo infantil,controles repetidos en ninos menores de 2 anos,2005-08-01,163,163,135,298
VIACHA,nutricion y desarrollo infantil,controles repetidos en ninos menores de 2 anos,2005-08-01,193,193,224,417
VILA VILA,nutricion y desarrollo infantil,controles repetidos en ninos menores de 2 anos,2005-08-01,27,27,22,49
VILLA MONTES,nutricion y desarrollo infantil,controles repetidos en ninos menores de 2 anos,2005-08-01,182,182,169,351
VILLA NUEVA (LOMA ALTA),nutricion y desarrollo infantil,controles repetidos en ninos menores de 2 anos,2005-08-01,13,13,15,28
VILLA RIVERO,nutricion y desarrollo infantil,controles repetidos en ninos menores de 2 anos,2005-08-01,45,45,37,82
VILLA SERRANO,nutricion y desarrollo infantil,controles repetidos en ninos menores de 2 anos,2005-08-01,223,223,208,431
VILLA TUNARI,nutricion y desarrollo infantil,controles repetidos en ninos menores de 2 anos,2005-08-01,345,345,286,631
VILLA VACA GUZMAN (MUYUPAMPA),nutricion y desarrollo infantil,controles repetidos en ninos menores de 2 anos,2005-08-01,234,234,143,377
VILLAZON,nutricion y desarrollo infantil,controles repetidos en ninos menores de 2 anos,2005-08-01,355,355,367,722
VINTO,nutricion y desarrollo infantil,controles repetidos en ninos menores de 2 anos,2005-08-01,23,23,21,44
VITICHI,nutricion y desarrollo infantil,controles repetidos en ninos menores de 2 anos,2005-08-01,110,110,106,216
WALDO BALLIVIAN,nutricion y desarrollo infantil,controles repetidos en ninos menores de 2 anos,2005-08-01,20,20,13,33
WARNES,nutricion y desarrollo infantil,controles repetidos en ninos menores de 2 anos,2005-08-01,333,333,335,668
YACO,nutricion y desarrollo infantil,controles repetidos en ninos menores de 2 anos,2005-08-01,35,35,40,75
YACUIBA,nutricion y desarrollo infantil,controles repetidos en ninos menores de 2 anos,2005-08-01,172,172,165,337
YAMPARAEZ,nutricion y desarrollo infantil,controles repetidos en ninos menores de 2 anos,2005-08-01,143,143,177,320
YANACACHI,nutricion y desarrollo infantil,controles repetidos en ninos menores de 2 anos,2005-08-01,23,23,30,53
YAPACANI,nutricion y desarrollo infantil,controles repetidos en ninos menores de 2 anos,2005-08-01,548,548,505,1053
YOCALLA,nutricion y desarrollo infantil,controles repetidos en ninos menores de 2 anos,2005-08-01,27,27,32,59
YOTALA,nutricion y desarrollo infantil,controles repetidos en ninos menores de 2 anos,2005-08-01,120,120,117,237
YUNCHARA,nutricion y desarrollo infantil,controles repetidos en ninos menores de 2 anos,2005-08-01,81,81,76,157
ZUDAÑEZ,nutricion y desarrollo infantil,controles repetidos en ninos menores de 2 anos,2005-08-01,111,111,92,203
ACACIO,nutricion y desarrollo infantil,controles repetidos en ninos menores de 2 anos,2005-09-01,87,87,88,175
ACHACACHI,nutricion y desarrollo infantil,controles repetidos en ninos menores de 2 anos,2005-09-01,263,263,246,509
ACHOCALLA,nutricion y desarrollo infantil,controles repetidos en ninos menores de 2 anos,2005-09-01,50,50,40,90
AIQUILE,nutricion y desarrollo infantil,controles repetidos en ninos menores de 2 anos,2005-09-01,103,103,86,189
ALALAY,nutricion y desarrollo infantil,controles repetidos en ninos menores de 2 anos,2005-09-01,46,46,60,106
ALCALA,nutricion y desarrollo infantil,controles repetidos en ninos menores de 2 anos,2005-09-01,46,46,47,93
ANCORAIMES,nutricion y desarrollo infantil,controles repetidos en ninos menores de 2 anos,2005-09-01,128,128,94,222
ANDAMARCA,nutricion y desarrollo infantil,controles repetidos en ninos menores de 2 anos,2005-09-01,23,23,17,40
ANTEQUERA,nutricion y desarrollo infantil,controles repetidos en ninos menores de 2 anos,2005-09-01,29,29,25,54
ANZALDO,nutricion y desarrollo infantil,controles repetidos en ninos menores de 2 anos,2005-09-01,10,10,15,25
APOLO,nutricion y desarrollo infantil,controles repetidos en ninos menores de 2 anos,2005-09-01,96,96,82,178
ARAMPAMPA,nutricion y desarrollo infantil,controles repetidos en ninos menores de 2 anos,2005-09-01,90,90,87,177
ARANI,nutricion y desarrollo infantil,controles repetidos en ninos menores de 2 anos,2005-09-01,48,48,58,106
ARBIETO,nutricion y desarrollo infantil,controles repetidos en ninos menores de 2 anos,2005-09-01,22,22,9,31
ARQUE,nutricion y desarrollo infantil,controles repetidos en ninos menores de 2 anos,2005-09-01,96,96,103,199
ASCENCION DE GUARAYOS,nutricion y desarrollo infantil,controles repetidos en ninos menores de 2 anos,2005-09-01,12,12,16,28
ATOCHA,nutricion y desarrollo infantil,controles repetidos en ninos menores de 2 anos,2005-09-01,120,120,101,221
AUCAPATA,nutricion y desarrollo infantil,controles repetidos en ninos menores de 2 anos,2005-09-01,36,36,27,63
AYATA,nutricion y desarrollo infantil,controles repetidos en ninos menores de 2 anos,2005-09-01,129,129,111,240
AYO AYO,nutricion y desarrollo infantil,controles repetidos en ninos menores de 2 anos,2005-09-01,35,35,23,58
AYOPAYA (V. DE INDEPENDENCIA),nutricion y desarrollo infantil,controles repetidos en ninos menores de 2 anos,2005-09-01,188,188,153,341
AZURDUY,nutricion y desarrollo infantil,controles repetidos en ninos menores de 2 anos,2005-09-01,292,292,257,549
BATALLAS,nutricion y desarrollo infantil,controles repetidos en ninos menores de 2 anos,2005-09-01,83,83,60,143
BAURES,nutricion y desarrollo infantil,controles repetidos en ninos menores de 2 anos,2005-09-01,46,46,54,100
BELEN DE ANDAMARCA,nutricion y desarrollo infantil,controles repetidos en ninos menores de 2 anos,2005-09-01,5,5,10,15
BELEN DE URMIRI,nutricion y desarrollo infantil,controles repetidos en ninos menores de 2 anos,2005-09-01,17,17,18,35
BELLA FLOR,nutricion y desarrollo infantil,controles repetidos en ninos menores de 2 anos,2005-09-01,38,38,31,69
BERMEJO,nutricion y desarrollo infantil,controles repetidos en ninos menores de 2 anos,2005-09-01,36,36,61,97
BETANZOS,nutricion y desarrollo infantil,controles repetidos en ninos menores de 2 anos,2005-09-01,319,319,339,658
BOLIVAR,nutricion y desarrollo infantil,controles repetidos en ninos menores de 2 anos,2005-09-01,87,87,109,196
BOLPEBRA,nutricion y desarrollo infantil,controles repetidos en ninos menores de 2 anos,2005-09-01,20,20,17,37
BOYUIBE,nutricion y desarrollo infantil,controles repetidos en ninos menores de 2 anos,2005-09-01,57,57,35,92
BUENA VISTA,nutricion y desarrollo infantil,controles repetidos en ninos menores de 2 anos,2005-09-01,82,82,90,172
CABEZAS,nutricion y desarrollo infantil,controles repetidos en ninos menores de 2 anos,2005-09-01,97,97,114,211
CAIROMA,nutricion y desarrollo infantil,controles repetidos en ninos menores de 2 anos,2005-09-01,136,136,150,286
"CAIZA ""D""",nutricion y desarrollo infantil,controles repetidos en ninos menores de 2 anos,2005-09-01,96,96,88,184
CAJUATA,nutricion y desarrollo infantil,controles repetidos en ninos menores de 2 anos,2005-09-01,93,93,85,178
CALACOTO,nutricion y desarrollo infantil,controles repetidos en ninos menores de 2 anos,2005-09-01,16,16,24,40
CALAMARCA,nutricion y desarrollo infantil,controles repetidos en ninos menores de 2 anos,2005-09-01,188,188,201,389
CAMARGO,nutricion y desarrollo infantil,controles repetidos en ninos menores de 2 anos,2005-09-01,213,213,222,435
CAMATAQUI (C. VILLA ABECIA),nutricion y desarrollo infantil,controles repetidos en ninos menores de 2 anos,2005-09-01,51,51,29,80
CAMIRI,nutricion y desarrollo infantil,controles repetidos en ninos menores de 2 anos,2005-09-01,356,356,298,654
CAPINOTA,nutricion y desarrollo infantil,controles repetidos en ninos menores de 2 anos,2005-09-01,100,100,89,189
CAQUIAVIRI,nutricion y desarrollo infantil,controles repetidos en ninos menores de 2 anos,2005-09-01,89,89,97,186
CARACOLLO,nutricion y desarrollo infantil,controles repetidos en ninos menores de 2 anos,2005-09-01,97,97,53,150
CARANAVI,nutricion y desarrollo infantil,controles repetidos en ninos menores de 2 anos,2005-09-01,461,461,437,898
CARAPARI,nutricion y desarrollo infantil,controles repetidos en ninos menores de 2 anos,2005-09-01,117,117,122,239
CARIPUYO,nutricion y desarrollo infantil,controles repetidos en ninos menores de 2 anos,2005-09-01,156,156,169,325
CARMEN RIVERO TORREZ,nutricion y desarrollo infantil,controles repetidos en ninos menores de 2 anos,2005-09-01,18,18,12,30
CATACORA,nutricion y desarrollo infantil,controles repetidos en ninos menores de 2 anos,2005-09-01,8,8,1,9
CHACARILLA,nutricion y desarrollo infantil,controles repetidos en ninos menores de 2 anos,2005-09-01,18,18,18,36
CHALLAPATA,nutricion y desarrollo infantil,controles repetidos en ninos menores de 2 anos,2005-09-01,205,205,168,373
CHAQUI,nutricion y desarrollo infantil,controles repetidos en ninos menores de 2 anos,2005-09-01,69,69,76,145
CHARAGUA,nutricion y desarrollo infantil,controles repetidos en ninos menores de 2 anos,2005-09-01,220,220,223,443
CHARAÑA,nutricion y desarrollo infantil,controles repetidos en ninos menores de 2 anos,2005-09-01,33,33,26,59
CHAYANTA,nutricion y desarrollo infantil,controles repetidos en ninos menores de 2 anos,2005-09-01,133,133,118,251
CHIMORE,nutricion y desarrollo infantil,controles repetidos en ninos menores de 2 anos,2005-09-01,72,72,101,173
CHIPAYA,nutricion y desarrollo infantil,controles repetidos en ninos menores de 2 anos,2005-09-01,20,20,20,40
CHOQUE COTA,nutricion y desarrollo infantil,controles repetidos en ninos menores de 2 anos,2005-09-01,10,10,4,14
CHULUMANI (V. DE LA LIBERTAD),nutricion y desarrollo infantil,controles repetidos en ninos menores de 2 anos,2005-09-01,62,62,61,123
CHUMA,nutricion y desarrollo infantil,controles repetidos en ninos menores de 2 anos,2005-09-01,73,73,90,163
CLIZA,nutricion y desarrollo infantil,controles repetidos en ninos menores de 2 anos,2005-09-01,91,91,84,175
COBIJA,nutricion y desarrollo infantil,controles repetidos en ninos menores de 2 anos,2005-09-01,369,369,297,666
COCHABAMBA,nutricion y desarrollo infantil,controles repetidos en ninos menores de 2 anos,2005-09-01,1919,1919,1763,3682
COIPASA,nutricion y desarrollo infantil,controles repetidos en ninos menores de 2 anos,2005-09-01,8,8,1,9
COLCAPIRHUA,nutricion y desarrollo infantil,controles repetidos en ninos menores de 2 anos,2005-09-01,116,116,93,209
"COLCHA ""K""",nutricion y desarrollo infantil,controles repetidos en ninos menores de 2 anos,2005-09-01,113,113,127,240
COLLANA,nutricion y desarrollo infantil,controles repetidos en ninos menores de 2 anos,2005-09-01,15,15,15,30
COLOMI,nutricion y desarrollo infantil,controles repetidos en ninos menores de 2 anos,2005-09-01,113,113,97,210
COLPA BELGICA,nutricion y desarrollo infantil,controles repetidos en ninos menores de 2 anos,2005-09-01,45,45,41,86
COLQUECHACA,nutricion y desarrollo infantil,controles repetidos en ninos menores de 2 anos,2005-09-01,226,226,248,474
COLQUENCHA,nutricion y desarrollo infantil,controles repetidos en ninos menores de 2 anos,2005-09-01,41,41,44,85
COLQUIRI,nutricion y desarrollo infantil,controles repetidos en ninos menores de 2 anos,2005-09-01,116,116,108,224
COMANCHE,nutricion y desarrollo infantil,controles repetidos en ninos menores de 2 anos,2005-09-01,44,44,36,80
COMARAPA,nutricion y desarrollo infantil,controles repetidos en ninos menores de 2 anos,2005-09-01,165,165,176,341
COMBAYA,nutricion y desarrollo infantil,controles repetidos en ninos menores de 2 anos,2005-09-01,22,22,17,39
CONCEPCION,nutricion y desarrollo infantil,controles repetidos en ninos menores de 2 anos,2005-09-01,17,17,14,31
COPACABANA,nutricion y desarrollo infantil,controles repetidos en ninos menores de 2 anos,2005-09-01,91,91,82,173
CORIPATA,nutricion y desarrollo infantil,controles repetidos en ninos menores de 2 anos,2005-09-01,95,95,87,182
CORO CORO,nutricion y desarrollo infantil,controles repetidos en ninos menores de 2 anos,2005-09-01,91,91,87,178
COROICO,nutricion y desarrollo infantil,controles repetidos en ninos menores de 2 anos,2005-09-01,104,104,163,267
CORQUE,nutricion y desarrollo infantil,controles repetidos en ninos menores de 2 anos,2005-09-01,33,33,29,62
COTAGAITA,nutricion y desarrollo infantil,controles repetidos en ninos menores de 2 anos,2005-09-01,301,301,261,562
COTOCA,nutricion y desarrollo infantil,controles repetidos en ninos menores de 2 anos,2005-09-01,271,271,211,482
CUATRO CAÑADAS,nutricion y desarrollo infantil,controles repetidos en ninos menores de 2 anos,2005-09-01,93,93,70,163
CUCHUMUELA (V. G. VILLARROEL),nutricion y desarrollo infantil,controles repetidos en ninos menores de 2 anos,2005-09-01,23,23,13,36
CUEVO,nutricion y desarrollo infantil,controles repetidos en ninos menores de 2 anos,2005-09-01,25,25,39,64
CULPINA,nutricion y desarrollo infantil,controles repetidos en ninos menores de 2 anos,2005-09-01,326,326,280,606
CURAHUARA DE CARANGAS,nutricion y desarrollo infantil,controles repetidos en ninos menores de 2 anos,2005-09-01,27,27,21,48
CURVA,nutricion y desarrollo infantil,controles repetidos en ninos menores de 2 anos,2005-09-01,15,15,10,25
DESAGUADERO,nutricion y desarrollo infantil,controles repetidos en ninos menores de 2 anos,2005-09-01,26,26,17,43
EL ALTO,nutricion y desarrollo infantil,controles repetidos en ninos menores de 2 anos,2005-09-01,3708,3708,3540,7248
EL CHORO,nutricion y desarrollo infantil,controles repetidos en ninos menores de 2 anos,2005-09-01,17,17,16,33
EL PUENTE(STC),nutricion y desarrollo infantil,controles repetidos en ninos menores de 2 anos,2005-09-01,128,128,135,263
EL PUENTE(TJA),nutricion y desarrollo infantil,controles repetidos en ninos menores de 2 anos,2005-09-01,97,97,79,176
EL TORNO,nutricion y desarrollo infantil,controles repetidos en ninos menores de 2 anos,2005-09-01,233,233,266,499
EL VILLAR,nutricion y desarrollo infantil,controles repetidos en ninos menores de 2 anos,2005-09-01,84,84,88,172
ENTRE RIOS,nutricion y desarrollo infantil,controles repetidos en ninos menores de 2 anos,2005-09-01,159,159,145,304
ENTRE RIOS,nutricion y desarrollo infantil,controles repetidos en ninos menores de 2 anos,2005-09-01,222,222,196,418
ESCARA,nutricion y desarrollo infantil,controles repetidos en ninos menores de 2 anos,2005-09-01,3,3,3,6
EUCALIPTUS,nutricion y desarrollo infantil,controles repetidos en ninos menores de 2 anos,2005-09-01,51,51,33,84
EUREKA (SANTOS MERCADO),nutricion y desarrollo infantil,controles repetidos en ninos menores de 2 anos,2005-09-01,1,1,3,4
EXALTACION,nutricion y desarrollo infantil,controles repetidos en ninos menores de 2 anos,2005-09-01,35,35,23,58
FERNANDEZ ALONSO,nutricion y desarrollo infantil,controles repetidos en ninos menores de 2 anos,2005-09-01,167,167,163,330
FILADELFIA,nutricion y desarrollo infantil,controles repetidos en ninos menores de 2 anos,2005-09-01,38,38,49,87
GENERAL SAAVEDRA,nutricion y desarrollo infantil,controles repetidos en ninos menores de 2 anos,2005-09-01,183,183,184,367
GRAL. J.J. PEREZ (CHARAZANI),nutricion y desarrollo infantil,controles repetidos en ninos menores de 2 anos,2005-09-01,108,108,126,234
GUANAY,nutricion y desarrollo infantil,controles repetidos en ninos menores de 2 anos,2005-09-01,135,135,120,255
GUAQUI,nutricion y desarrollo infantil,controles repetidos en ninos menores de 2 anos,2005-09-01,33,33,31,64
GUAYARAMERIN,nutricion y desarrollo infantil,controles repetidos en ninos menores de 2 anos,2005-09-01,412,412,403,815
GUTIERREZ,nutricion y desarrollo infantil,controles repetidos en ninos menores de 2 anos,2005-09-01,186,186,178,364
HUACARETA,nutricion y desarrollo infantil,controles repetidos en ninos menores de 2 anos,2005-09-01,136,136,145,281
HUACAYA (VILLA DE HUACAYA),nutricion y desarrollo infantil,controles repetidos en ninos menores de 2 anos,2005-09-01,41,41,44,85
HUACHACALLA,nutricion y desarrollo infantil,controles repetidos en ninos menores de 2 anos,2005-09-01,6,6,7,13
HUANUNI,nutricion y desarrollo infantil,controles repetidos en ninos menores de 2 anos,2005-09-01,195,195,162,357
HUARACAJE,nutricion y desarrollo infantil,controles repetidos en ninos menores de 2 anos,2005-09-01,38,38,34,72
HUAYLLAMARCA,nutricion y desarrollo infantil,controles repetidos en ninos menores de 2 anos,2005-09-01,45,45,45,90
ICHOCA,nutricion y desarrollo infantil,controles repetidos en ninos menores de 2 anos,2005-09-01,34,34,41,75
ICLA,nutricion y desarrollo infantil,controles repetidos en ninos menores de 2 anos,2005-09-01,112,112,128,240
INCAHUASI,nutricion y desarrollo infantil,controles repetidos en ninos menores de 2 anos,2005-09-01,311,311,310,621
INGAVI (HUMAITA),nutricion y desarrollo infantil,controles repetidos en ninos menores de 2 anos,2005-09-01,4,4,6,10
INQUISIVI,nutricion y desarrollo infantil,controles repetidos en ninos menores de 2 anos,2005-09-01,106,106,112,218
IRUPANA (VILLA DE LANZA),nutricion y desarrollo infantil,controles repetidos en ninos menores de 2 anos,2005-09-01,140,140,108,248
IXIAMAS,nutricion y desarrollo infantil,controles repetidos en ninos menores de 2 anos,2005-09-01,57,57,71,128
JESUS DE MACHACA,nutricion y desarrollo infantil,controles repetidos en ninos menores de 2 anos,2005-09-01,69,69,72,141
LA ASUNTA,nutricion y desarrollo infantil,controles repetidos en ninos menores de 2 anos,2005-09-01,130,130,134,264
LA GUARDIA,nutricion y desarrollo infantil,controles repetidos en ninos menores de 2 anos,2005-09-01,369,369,392,761
LA PAZ,nutricion y desarrollo infantil,controles repetidos en ninos menores de 2 anos,2005-09-01,3623,3623,3376,6999
LA RIVERA,nutricion y desarrollo infantil,controles repetidos en ninos menores de 2 anos,2005-09-01,0,0,4,4
LAGUNILLAS,nutricion y desarrollo infantil,controles repetidos en ninos menores de 2 anos,2005-09-01,123,123,125,248
LAJA,nutricion y desarrollo infantil,controles repetidos en ninos menores de 2 anos,2005-09-01,145,145,121,266
LAS CARRERAS,nutricion y desarrollo infantil,controles repetidos en ninos menores de 2 anos,2005-09-01,47,47,51,98
LICOMA PAMPA,nutricion y desarrollo infantil,controles repetidos en ninos menores de 2 anos,2005-09-01,12,12,16,28
LLALLAGUA,nutricion y desarrollo infantil,controles repetidos en ninos menores de 2 anos,2005-09-01,401,401,358,759
LLICA,nutricion y desarrollo infantil,controles repetidos en ninos menores de 2 anos,2005-09-01,20,20,40,60
LORETO,nutricion y desarrollo infantil,controles repetidos en ninos menores de 2 anos,2005-09-01,23,23,22,45
LURIBAY,nutricion y desarrollo infantil,controles repetidos en ninos menores de 2 anos,2005-09-01,115,115,126,241
MACHACAMARCA,nutricion y desarrollo infantil,controles repetidos en ninos menores de 2 anos,2005-09-01,21,21,27,48
MACHARETI,nutricion y desarrollo infantil,controles repetidos en ninos menores de 2 anos,2005-09-01,127,127,132,259
MAGDALENA,nutricion y desarrollo infantil,controles repetidos en ninos menores de 2 anos,2005-09-01,80,80,78,158
MAIRANA,nutricion y desarrollo infantil,controles repetidos en ninos menores de 2 anos,2005-09-01,83,83,92,175
MALLA,nutricion y desarrollo infantil,controles repetidos en ninos menores de 2 anos,2005-09-01,38,38,32,70
MAPIRI,nutricion y desarrollo infantil,controles repetidos en ninos menores de 2 anos,2005-09-01,105,105,96,201
MECAPACA,nutricion y desarrollo infantil,controles repetidos en ninos menores de 2 anos,2005-09-01,78,78,73,151
MINEROS,nutricion y desarrollo infantil,controles repetidos en ninos menores de 2 anos,2005-09-01,197,197,141,338
MIZQUE,nutricion y desarrollo infantil,controles repetidos en ninos menores de 2 anos,2005-09-01,113,113,99,212
MOCOMOCO,nutricion y desarrollo infantil,controles repetidos en ninos menores de 2 anos,2005-09-01,177,177,139,316
MOJINETE,nutricion y desarrollo infantil,controles repetidos en ninos menores de 2 anos,2005-09-01,13,13,6,19
MOJOCOYA,nutricion y desarrollo infantil,controles repetidos en ninos menores de 2 anos,2005-09-01,120,120,84,204
MONTEAGUDO,nutricion y desarrollo infantil,controles repetidos en ninos menores de 2 anos,2005-09-01,426,426,312,738
MONTERO,nutricion y desarrollo infantil,controles repetidos en ninos menores de 2 anos,2005-09-01,1019,1019,967,1986
MORO MORO,nutricion y desarrollo infantil,controles repetidos en ninos menores de 2 anos,2005-09-01,17,17,14,31
MOROCHATA,nutricion y desarrollo infantil,controles repetidos en ninos menores de 2 anos,2005-09-01,112,112,96,208
NACEBE (SANTA ROSA DEL ABUNA),nutricion y desarrollo infantil,controles repetidos en ninos menores de 2 anos,2005-09-01,8,8,3,11
NAZACARA DE PACAJES,nutricion y desarrollo infantil,controles repetidos en ninos menores de 2 anos,2005-09-01,4,4,5,9
NUEVO MANOA (NUEVA ESPERANZA),nutricion y desarrollo infantil,controles repetidos en ninos menores de 2 anos,2005-09-01,31,31,8,39
OCURI,nutricion y desarrollo infantil,controles repetidos en ninos menores de 2 anos,2005-09-01,166,166,178,344
OKINAWA,nutricion y desarrollo infantil,controles repetidos en ninos menores de 2 anos,2005-09-01,101,101,98,199
OMEREQUE,nutricion y desarrollo infantil,controles repetidos en ninos menores de 2 anos,2005-09-01,83,83,78,161
ORURO,nutricion y desarrollo infantil,controles repetidos en ninos menores de 2 anos,2005-09-01,1462,1462,1370,2832
PADCAYA,nutricion y desarrollo infantil,controles repetidos en ninos menores de 2 anos,2005-09-01,180,180,152,332
PADILLA,nutricion y desarrollo infantil,controles repetidos en ninos menores de 2 anos,2005-09-01,185,185,171,356
PAILON,nutricion y desarrollo infantil,controles repetidos en ninos menores de 2 anos,2005-09-01,152,152,111,263
PALCA,nutricion y desarrollo infantil,controles repetidos en ninos menores de 2 anos,2005-09-01,94,94,67,161
PALOS BLANCOS,nutricion y desarrollo infantil,controles repetidos en ninos menores de 2 anos,2005-09-01,232,232,230,462
PAMPA AULLAGAS,nutricion y desarrollo infantil,controles repetidos en ninos menores de 2 anos,2005-09-01,24,24,27,51
PAMPA GRANDE,nutricion y desarrollo infantil,controles repetidos en ninos menores de 2 anos,2005-09-01,70,70,64,134
PAPEL PAMPA,nutricion y desarrollo infantil,controles repetidos en ninos menores de 2 anos,2005-09-01,33,33,42,75
PASORAPA,nutricion y desarrollo infantil,controles repetidos en ninos menores de 2 anos,2005-09-01,48,48,57,105
PATACAMAYA,nutricion y desarrollo infantil,controles repetidos en ninos menores de 2 anos,2005-09-01,248,248,274,522
PAZÑA,nutricion y desarrollo infantil,controles repetidos en ninos menores de 2 anos,2005-09-01,28,28,38,66
PELECHUCO,nutricion y desarrollo infantil,controles repetidos en ninos menores de 2 anos,2005-09-01,43,43,23,66
POCOATA,nutricion y desarrollo infantil,controles repetidos en ninos menores de 2 anos,2005-09-01,187,187,201,388
POCONA,nutricion y desarrollo infantil,controles repetidos en ninos menores de 2 anos,2005-09-01,38,38,43,81
POJO (CBBA),nutricion y desarrollo infantil,controles repetidos en ninos menores de 2 anos,2005-09-01,175,175,180,355
POOPO,nutricion y desarrollo infantil,controles repetidos en ninos menores de 2 anos,2005-09-01,23,23,26,49
PORCO,nutricion y desarrollo infantil,controles repetidos en ninos menores de 2 anos,2005-09-01,57,57,67,124
POROMA,nutricion y desarrollo infantil,controles repetidos en ninos menores de 2 anos,2005-09-01,274,274,246,520
PORONGO,nutricion y desarrollo infantil,controles repetidos en ninos menores de 2 anos,2005-09-01,54,54,46,100
PORTACHUELO,nutricion y desarrollo infantil,controles repetidos en ninos menores de 2 anos,2005-09-01,196,196,165,361
PORVENIR,nutricion y desarrollo infantil,controles repetidos en ninos menores de 2 anos,2005-09-01,50,50,32,82
POSTRER VALLE,nutricion y desarrollo infantil,controles repetidos en ninos menores de 2 anos,2005-09-01,6,6,6,12
POTOSI,nutricion y desarrollo infantil,controles repetidos en ninos menores de 2 anos,2005-09-01,1147,1147,1103,2250
PRESTO,nutricion y desarrollo infantil,controles repetidos en ninos menores de 2 anos,2005-09-01,150,150,131,281
PUCARA,nutricion y desarrollo infantil,controles repetidos en ninos menores de 2 anos,2005-09-01,13,13,7,20
PUCARANI,nutricion y desarrollo infantil,controles repetidos en ninos menores de 2 anos,2005-09-01,199,199,187,386
PUERTO ACOSTA,nutricion y desarrollo infantil,controles repetidos en ninos menores de 2 anos,2005-09-01,100,100,131,231
PUERTO CARABUCO,nutricion y desarrollo infantil,controles repetidos en ninos menores de 2 anos,2005-09-01,100,100,101,201
PUERTO GONZALO MORENO,nutricion y desarrollo infantil,controles repetidos en ninos menores de 2 anos,2005-09-01,36,36,45,81
PUERTO PEREZ,nutricion y desarrollo infantil,controles repetidos en ninos menores de 2 anos,2005-09-01,44,44,29,73
PUERTO QUIJARRO,nutricion y desarrollo infantil,controles repetidos en ninos menores de 2 anos,2005-09-01,108,108,103,211
PUERTO RICO,nutricion y desarrollo infantil,controles repetidos en ninos menores de 2 anos,2005-09-01,88,88,99,187
PUERTO SILES,nutricion y desarrollo infantil,controles repetidos en ninos menores de 2 anos,2005-09-01,3,3,0,3
PUERTO SUAREZ,nutricion y desarrollo infantil,controles repetidos en ninos menores de 2 anos,2005-09-01,113,113,102,215
PUERTO VILLARROEL,nutricion y desarrollo infantil,controles repetidos en ninos menores de 2 anos,2005-09-01,187,187,168,355
PUNA,nutricion y desarrollo infantil,controles repetidos en ninos menores de 2 anos,2005-09-01,325,325,308,633
PUNATA,nutricion y desarrollo infantil,controles repetidos en ninos menores de 2 anos,2005-09-01,122,122,143,265
QUIABAYA,nutricion y desarrollo infantil,controles repetidos en ninos menores de 2 anos,2005-09-01,19,19,21,40
QUILLACOLLO,nutricion y desarrollo infantil,controles repetidos en ninos menores de 2 anos,2005-09-01,57,57,43,100
QUIME,nutricion y desarrollo infantil,controles repetidos en ninos menores de 2 anos,2005-09-01,116,116,91,207
QUIRUSILLAS,nutricion y desarrollo infantil,controles repetidos en ninos menores de 2 anos,2005-09-01,19,19,9,28
RAVELO,nutricion y desarrollo infantil,controles repetidos en ninos menores de 2 anos,2005-09-01,406,406,391,797
REYES,nutricion y desarrollo infantil,controles repetidos en ninos menores de 2 anos,2005-09-01,152,152,162,314
RIBERALTA,nutricion y desarrollo infantil,controles repetidos en ninos menores de 2 anos,2005-09-01,1058,1058,893,1951
ROBORE,nutricion y desarrollo infantil,controles repetidos en ninos menores de 2 anos,2005-09-01,148,148,139,287
RURRENABAQUE,nutricion y desarrollo infantil,controles repetidos en ninos menores de 2 anos,2005-09-01,125,125,113,238
SABAYA,nutricion y desarrollo infantil,controles repetidos en ninos menores de 2 anos,2005-09-01,30,30,13,43
SACABA,nutricion y desarrollo infantil,controles repetidos en ninos menores de 2 anos,2005-09-01,310,310,292,602
SACABAMBA,nutricion y desarrollo infantil,controles repetidos en ninos menores de 2 anos,2005-09-01,23,23,9,32
SACACA,nutricion y desarrollo infantil,controles repetidos en ninos menores de 2 anos,2005-09-01,302,302,283,585
SAIPINA,nutricion y desarrollo infantil,controles repetidos en ninos menores de 2 anos,2005-09-01,65,65,67,132
SALINAS DE GARCI MENDOZA,nutricion y desarrollo infantil,controles repetidos en ninos menores de 2 anos,2005-09-01,84,84,76,160
SAMAIPATA,nutricion y desarrollo infantil,controles repetidos en ninos menores de 2 anos,2005-09-01,85,85,69,154
SAN AGUSTIN,nutricion y desarrollo infantil,controles repetidos en ninos menores de 2 anos,2005-09-01,11,11,18,29
SAN ANDRES,nutricion y desarrollo infantil,controles repetidos en ninos menores de 2 anos,2005-09-01,117,117,65,182
SAN ANDRES DE MACHACA,nutricion y desarrollo infantil,controles repetidos en ninos menores de 2 anos,2005-09-01,39,39,26,65
SAN ANTONIO DE ESMORUCO,nutricion y desarrollo infantil,controles repetidos en ninos menores de 2 anos,2005-09-01,8,8,12,20
SAN ANTONIO DE LOMERIO,nutricion y desarrollo infantil,controles repetidos en ninos menores de 2 anos,2005-09-01,147,147,126,273
SAN BENITO,nutricion y desarrollo infantil,controles repetidos en ninos menores de 2 anos,2005-09-01,63,63,63,126
SAN BORJA,nutricion y desarrollo infantil,controles repetidos en ninos menores de 2 anos,2005-09-01,466,466,422,888
SAN BUENA VENTURA,nutricion y desarrollo infantil,controles repetidos en ninos menores de 2 anos,2005-09-01,104,104,77,181
SAN CARLOS,nutricion y desarrollo infantil,controles repetidos en ninos menores de 2 anos,2005-09-01,223,223,213,436
SAN IGNACIO,nutricion y desarrollo infantil,controles repetidos en ninos menores de 2 anos,2005-09-01,204,204,180,384
SAN IGNACIO DE VELASCO,nutricion y desarrollo infantil,controles repetidos en ninos menores de 2 anos,2005-09-01,629,629,606,1235
SAN JAVIER(BNI),nutricion y desarrollo infantil,controles repetidos en ninos menores de 2 anos,2005-09-01,34,34,49,83
SAN JAVIER(STC),nutricion y desarrollo infantil,controles repetidos en ninos menores de 2 anos,2005-09-01,34,34,49,83
SAN JOAQUIN,nutricion y desarrollo infantil,controles repetidos en ninos menores de 2 anos,2005-09-01,55,55,56,111
SAN JOSE DE CHIQUITOS,nutricion y desarrollo infantil,controles repetidos en ninos menores de 2 anos,2005-09-01,136,136,113,249
SAN JUAN DE YAPACANI,nutricion y desarrollo infantil,controles repetidos en ninos menores de 2 anos,2005-09-01,118,118,106,224
SAN JULIAN,nutricion y desarrollo infantil,controles repetidos en ninos menores de 2 anos,2005-09-01,246,246,234,480
SAN LORENZO(PND),nutricion y desarrollo infantil,controles repetidos en ninos menores de 2 anos,2005-09-01,46,46,33,79
SAN LORENZO(TJA),nutricion y desarrollo infantil,controles repetidos en ninos menores de 2 anos,2005-09-01,175,175,177,352
SAN LUCAS,nutricion y desarrollo infantil,controles repetidos en ninos menores de 2 anos,2005-09-01,577,577,554,1131
SAN MATIAS,nutricion y desarrollo infantil,controles repetidos en ninos menores de 2 anos,2005-09-01,109,109,95,204
SAN MIGUEL DE VELASCO,nutricion y desarrollo infantil,controles repetidos en ninos menores de 2 anos,2005-09-01,112,112,89,201
SAN PABLO DE LIPEZ,nutricion y desarrollo infantil,controles repetidos en ninos menores de 2 anos,2005-09-01,19,19,22,41
SAN PEDRO,nutricion y desarrollo infantil,controles repetidos en ninos menores de 2 anos,2005-09-01,140,140,133,273
SAN PEDRO DE BUENA VISTA,nutricion y desarrollo infantil,controles repetidos en ninos menores de 2 anos,2005-09-01,211,211,210,421
SAN PEDRO DE CURAHUARA,nutricion y desarrollo infantil,controles repetidos en ninos menores de 2 anos,2005-09-01,35,35,21,56
SAN PEDRO DE QUEMES,nutricion y desarrollo infantil,controles repetidos en ninos menores de 2 anos,2005-09-01,4,4,7,11
SAN PEDRO DE TIQUINA,nutricion y desarrollo infantil,controles repetidos en ninos menores de 2 anos,2005-09-01,40,40,38,78
SAN PEDRO(PND),nutricion y desarrollo infantil,controles repetidos en ninos menores de 2 anos,2005-09-01,3,3,3,6
SAN RAFAEL,nutricion y desarrollo infantil,controles repetidos en ninos menores de 2 anos,2005-09-01,93,93,95,188
SAN RAMON,nutricion y desarrollo infantil,controles repetidos en ninos menores de 2 anos,2005-09-01,66,66,44,110
SAN RAMON,nutricion y desarrollo infantil,controles repetidos en ninos menores de 2 anos,2005-09-01,64,64,65,129
SANTA ANA,nutricion y desarrollo infantil,controles repetidos en ninos menores de 2 anos,2005-09-01,139,139,106,245
SANTA CRUZ DE LA SIERRA,nutricion y desarrollo infantil,controles repetidos en ninos menores de 2 anos,2005-09-01,4528,4528,4019,8547
SANTA ROSA,nutricion y desarrollo infantil,controles repetidos en ninos menores de 2 anos,2005-09-01,14,14,10,24
SANTA ROSA DEL SARA,nutricion y desarrollo infantil,controles repetidos en ninos menores de 2 anos,2005-09-01,73,73,92,165
SANTIAGO DE CALLAPA,nutricion y desarrollo infantil,controles repetidos en ninos menores de 2 anos,2005-09-01,42,42,47,89
SANTIAGO DE HUARI,nutricion y desarrollo infantil,controles repetidos en ninos menores de 2 anos,2005-09-01,51,51,40,91
SANTIAGO DE MACHACA,nutricion y desarrollo infantil,controles repetidos en ninos menores de 2 anos,2005-09-01,50,50,36,86
SANTIVAÑES,nutricion y desarrollo infantil,controles repetidos en ninos menores de 2 anos,2005-09-01,56,56,54,110
SANTUARIO DE QUILLACAS,nutricion y desarrollo infantil,controles repetidos en ninos menores de 2 anos,2005-09-01,23,23,12,35
SAPAHAQUI,nutricion y desarrollo infantil,controles repetidos en ninos menores de 2 anos,2005-09-01,73,73,58,131
SENA,nutricion y desarrollo infantil,controles repetidos en ninos menores de 2 anos,2005-09-01,62,62,55,117
SICA SICA (VILLA AROMA),nutricion y desarrollo infantil,controles repetidos en ninos menores de 2 anos,2005-09-01,189,189,183,372
SICAYA,nutricion y desarrollo infantil,controles repetidos en ninos menores de 2 anos,2005-09-01,44,44,23,67
SIPE SIPE,nutricion y desarrollo infantil,controles repetidos en ninos menores de 2 anos,2005-09-01,251,251,229,480
SOPACHUY,nutricion y desarrollo infantil,controles repetidos en ninos menores de 2 anos,2005-09-01,132,132,130,262
SORACACHI,nutricion y desarrollo infantil,controles repetidos en ninos menores de 2 anos,2005-09-01,50,50,76,126
SORATA,nutricion y desarrollo infantil,controles repetidos en ninos menores de 2 anos,2005-09-01,88,88,86,174
SUCRE,nutricion y desarrollo infantil,controles repetidos en ninos menores de 2 anos,2005-09-01,1600,1600,1525,3125
TACACHI,nutricion y desarrollo infantil,controles repetidos en ninos menores de 2 anos,2005-09-01,12,12,13,25
TACACOMA,nutricion y desarrollo infantil,controles repetidos en ninos menores de 2 anos,2005-09-01,24,24,25,49
TACOBAMBA,nutricion y desarrollo infantil,controles repetidos en ninos menores de 2 anos,2005-09-01,88,88,95,183
TACOPAYA,nutricion y desarrollo infantil,controles repetidos en ninos menores de 2 anos,2005-09-01,115,115,119,234
TAHUA,nutricion y desarrollo infantil,controles repetidos en ninos menores de 2 anos,2005-09-01,13,13,5,18
TAPACARI,nutricion y desarrollo infantil,controles repetidos en ninos menores de 2 anos,2005-09-01,234,234,228,462
TARABUCO,nutricion y desarrollo infantil,controles repetidos en ninos menores de 2 anos,2005-09-01,413,413,366,779
TARACO,nutricion y desarrollo infantil,controles repetidos en ninos menores de 2 anos,2005-09-01,44,44,32,76
TARATA,nutricion y desarrollo infantil,controles repetidos en ninos menores de 2 anos,2005-09-01,76,76,83,159
TARIJA,nutricion y desarrollo infantil,controles repetidos en ninos menores de 2 anos,2005-09-01,909,909,901,1810
TARVITA,nutricion y desarrollo infantil,controles repetidos en ninos menores de 2 anos,2005-09-01,331,331,272,603
TEOPONTE,nutricion y desarrollo infantil,controles repetidos en ninos menores de 2 anos,2005-09-01,121,121,116,237
TIAWANACU,nutricion y desarrollo infantil,controles repetidos en ninos menores de 2 anos,2005-09-01,81,81,68,149
TINGUIPAYA,nutricion y desarrollo infantil,controles repetidos en ninos menores de 2 anos,2005-09-01,234,234,228,462
TIPUANI,nutricion y desarrollo infantil,controles repetidos en ninos menores de 2 anos,2005-09-01,85,85,59,144
TIQUIPAYA,nutricion y desarrollo infantil,controles repetidos en ninos menores de 2 anos,2005-09-01,64,64,64,128
TIRAQUE (CBBA),nutricion y desarrollo infantil,controles repetidos en ninos menores de 2 anos,2005-09-01,182,182,164,346
TITO YUPANQUI (PARQUIPUJIO),nutricion y desarrollo infantil,controles repetidos en ninos menores de 2 anos,2005-09-01,6,6,9,15
TOCO,nutricion y desarrollo infantil,controles repetidos en ninos menores de 2 anos,2005-09-01,19,19,19,38
TOLATA,nutricion y desarrollo infantil,controles repetidos en ninos menores de 2 anos,2005-09-01,8,8,11,19
TOLEDO,nutricion y desarrollo infantil,controles repetidos en ninos menores de 2 anos,2005-09-01,20,20,23,43
TOMAVE,nutricion y desarrollo infantil,controles repetidos en ninos menores de 2 anos,2005-09-01,143,143,136,279
TOMINA,nutricion y desarrollo infantil,controles repetidos en ninos menores de 2 anos,2005-09-01,178,178,171,349
TORO TORO,nutricion y desarrollo infantil,controles repetidos en ninos menores de 2 anos,2005-09-01,183,183,151,334
TOTORA(CBBA),nutricion y desarrollo infantil,controles repetidos en ninos menores de 2 anos,2005-09-01,89,89,95,184
TOTORA(ORR),nutricion y desarrollo infantil,controles repetidos en ninos menores de 2 anos,2005-09-01,23,23,32,55
TRIGAL,nutricion y desarrollo infantil,controles repetidos en ninos menores de 2 anos,2005-09-01,19,19,18,37
TRINIDAD,nutricion y desarrollo infantil,controles repetidos en ninos menores de 2 anos,2005-09-01,452,452,394,846
TUPIZA,nutricion y desarrollo infantil,controles repetidos en ninos menores de 2 anos,2005-09-01,338,338,349,687
TURCO,nutricion y desarrollo infantil,controles repetidos en ninos menores de 2 anos,2005-09-01,15,15,16,31
UMALA,nutricion y desarrollo infantil,controles repetidos en ninos menores de 2 anos,2005-09-01,14,14,12,26
UNCIA,nutricion y desarrollo infantil,controles repetidos en ninos menores de 2 anos,2005-09-01,111,111,107,218
URIONDO (A. CONCEPCION),nutricion y desarrollo infantil,controles repetidos en ninos menores de 2 anos,2005-09-01,185,185,177,362
UYUNI,nutricion y desarrollo infantil,controles repetidos en ninos menores de 2 anos,2005-09-01,292,292,253,545
VACAS,nutricion y desarrollo infantil,controles repetidos en ninos menores de 2 anos,2005-09-01,85,85,69,154
VALLEGRANDE,nutricion y desarrollo infantil,controles repetidos en ninos menores de 2 anos,2005-09-01,138,138,129,267
VIACHA,nutricion y desarrollo infantil,controles repetidos en ninos menores de 2 anos,2005-09-01,189,189,196,385
VILA VILA,nutricion y desarrollo infantil,controles repetidos en ninos menores de 2 anos,2005-09-01,35,35,35,70
VILLA MONTES,nutricion y desarrollo infantil,controles repetidos en ninos menores de 2 anos,2005-09-01,184,184,179,363
VILLA NUEVA (LOMA ALTA),nutricion y desarrollo infantil,controles repetidos en ninos menores de 2 anos,2005-09-01,27,27,30,57
VILLA RIVERO,nutricion y desarrollo infantil,controles repetidos en ninos menores de 2 anos,2005-09-01,40,40,54,94
VILLA SERRANO,nutricion y desarrollo infantil,controles repetidos en ninos menores de 2 anos,2005-09-01,225,225,200,425
VILLA TUNARI,nutricion y desarrollo infantil,controles repetidos en ninos menores de 2 anos,2005-09-01,400,400,312,712
VILLA VACA GUZMAN (MUYUPAMPA),nutricion y desarrollo infantil,controles repetidos en ninos menores de 2 anos,2005-09-01,153,153,158,311
VILLAZON,nutricion y desarrollo infantil,controles repetidos en ninos menores de 2 anos,2005-09-01,361,361,325,686
VINTO,nutricion y desarrollo infantil,controles repetidos en ninos menores de 2 anos,2005-09-01,63,63,34,97
VITICHI,nutricion y desarrollo infantil,controles repetidos en ninos menores de 2 anos,2005-09-01,167,167,162,329
WALDO BALLIVIAN,nutricion y desarrollo infantil,controles repetidos en ninos menores de 2 anos,2005-09-01,10,10,19,29
WARNES,nutricion y desarrollo infantil,controles repetidos en ninos menores de 2 anos,2005-09-01,419,419,394,813
YACO,nutricion y desarrollo infantil,controles repetidos en ninos menores de 2 anos,2005-09-01,48,48,57,105
YACUIBA,nutricion y desarrollo infantil,controles repetidos en ninos menores de 2 anos,2005-09-01,520,520,510,1030
YAMPARAEZ,nutricion y desarrollo infantil,controles repetidos en ninos menores de 2 anos,2005-09-01,166,166,152,318
YANACACHI,nutricion y desarrollo infantil,controles repetidos en ninos menores de 2 anos,2005-09-01,29,29,27,56
YAPACANI,nutricion y desarrollo infantil,controles repetidos en ninos menores de 2 anos,2005-09-01,525,525,538,1063
YOCALLA,nutricion y desarrollo infantil,controles repetidos en ninos menores de 2 anos,2005-09-01,40,40,33,73
YOTALA,nutricion y desarrollo infantil,controles repetidos en ninos menores de 2 anos,2005-09-01,129,129,120,249
YUNCHARA,nutricion y desarrollo infantil,controles repetidos en ninos menores de 2 anos,2005-09-01,77,77,60,137
ZUDAÑEZ,nutricion y desarrollo infantil,controles repetidos en ninos menores de 2 anos,2005-09-01,126,126,97,223
ACACIO,nutricion y desarrollo infantil,controles repetidos en ninos menores de 2 anos,2005-10-01,99,99,96,195
ACHACACHI,nutricion y desarrollo infantil,controles repetidos en ninos menores de 2 anos,2005-10-01,435,435,398,833
ACHOCALLA,nutricion y desarrollo infantil,controles repetidos en ninos menores de 2 anos,2005-10-01,66,66,61,127
AIQUILE,nutricion y desarrollo infantil,controles repetidos en ninos menores de 2 anos,2005-10-01,103,103,73,176
ALALAY,nutricion y desarrollo infantil,controles repetidos en ninos menores de 2 anos,2005-10-01,31,31,28,59
ALCALA,nutricion y desarrollo infantil,controles repetidos en ninos menores de 2 anos,2005-10-01,48,48,53,101
ANCORAIMES,nutricion y desarrollo infantil,controles repetidos en ninos menores de 2 anos,2005-10-01,103,103,98,201
ANDAMARCA,nutricion y desarrollo infantil,controles repetidos en ninos menores de 2 anos,2005-10-01,41,41,33,74
ANTEQUERA,nutricion y desarrollo infantil,controles repetidos en ninos menores de 2 anos,2005-10-01,26,26,25,51
ANZALDO,nutricion y desarrollo infantil,controles repetidos en ninos menores de 2 anos,2005-10-01,9,9,9,18
APOLO,nutricion y desarrollo infantil,controles repetidos en ninos menores de 2 anos,2005-10-01,118,118,118,236
ARAMPAMPA,nutricion y desarrollo infantil,controles repetidos en ninos menores de 2 anos,2005-10-01,65,65,58,123
ARANI,nutricion y desarrollo infantil,controles repetidos en ninos menores de 2 anos,2005-10-01,52,52,52,104
ARBIETO,nutricion y desarrollo infantil,controles repetidos en ninos menores de 2 anos,2005-10-01,41,41,30,71
ARQUE,nutricion y desarrollo infantil,controles repetidos en ninos menores de 2 anos,2005-10-01,110,110,105,215
ASCENCION DE GUARAYOS,nutricion y desarrollo infantil,controles repetidos en ninos menores de 2 anos,2005-10-01,108,108,86,194
ATOCHA,nutricion y desarrollo infantil,controles repetidos en ninos menores de 2 anos,2005-10-01,160,160,132,292
AUCAPATA,nutricion y desarrollo infantil,controles repetidos en ninos menores de 2 anos,2005-10-01,38,38,26,64
AYATA,nutricion y desarrollo infantil,controles repetidos en ninos menores de 2 anos,2005-10-01,47,47,53,100
AYO AYO,nutricion y desarrollo infantil,controles repetidos en ninos menores de 2 anos,2005-10-01,56,56,51,107
AYOPAYA (V. DE INDEPENDENCIA),nutricion y desarrollo infantil,controles repetidos en ninos menores de 2 anos,2005-10-01,163,163,133,296
AZURDUY,nutricion y desarrollo infantil,controles repetidos en ninos menores de 2 anos,2005-10-01,191,191,181,372
BATALLAS,nutricion y desarrollo infantil,controles repetidos en ninos menores de 2 anos,2005-10-01,113,113,92,205
BAURES,nutricion y desarrollo infantil,controles repetidos en ninos menores de 2 anos,2005-10-01,37,37,54,91
BELEN DE ANDAMARCA,nutricion y desarrollo infantil,controles repetidos en ninos menores de 2 anos,2005-10-01,8,8,6,14
BELEN DE URMIRI,nutricion y desarrollo infantil,controles repetidos en ninos menores de 2 anos,2005-10-01,14,14,19,33
BELLA FLOR,nutricion y desarrollo infantil,controles repetidos en ninos menores de 2 anos,2005-10-01,23,23,30,53
BERMEJO,nutricion y desarrollo infantil,controles repetidos en ninos menores de 2 anos,2005-10-01,103,103,79,182
BETANZOS,nutricion y desarrollo infantil,controles repetidos en ninos menores de 2 anos,2005-10-01,290,290,328,618
BOLIVAR,nutricion y desarrollo infantil,controles repetidos en ninos menores de 2 anos,2005-10-01,73,73,63,136
BOLPEBRA,nutricion y desarrollo infantil,controles repetidos en ninos menores de 2 anos,2005-10-01,18,18,29,47
BOYUIBE,nutricion y desarrollo infantil,controles repetidos en ninos menores de 2 anos,2005-10-01,17,17,22,39
BUENA VISTA,nutricion y desarrollo infantil,controles repetidos en ninos menores de 2 anos,2005-10-01,218,218,206,424
CABEZAS,nutricion y desarrollo infantil,controles repetidos en ninos menores de 2 anos,2005-10-01,199,199,145,344
CAIROMA,nutricion y desarrollo infantil,controles repetidos en ninos menores de 2 anos,2005-10-01,171,171,178,349
"CAIZA ""D""",nutricion y desarrollo infantil,controles repetidos en ninos menores de 2 anos,2005-10-01,91,91,101,192
CAJUATA,nutricion y desarrollo infantil,controles repetidos en ninos menores de 2 anos,2005-10-01,98,98,78,176
CALACOTO,nutricion y desarrollo infantil,controles repetidos en ninos menores de 2 anos,2005-10-01,29,29,22,51
CALAMARCA,nutricion y desarrollo infantil,controles repetidos en ninos menores de 2 anos,2005-10-01,192,192,195,387
CAMARGO,nutricion y desarrollo infantil,controles repetidos en ninos menores de 2 anos,2005-10-01,183,183,211,394
CAMATAQUI (C. VILLA ABECIA),nutricion y desarrollo infantil,controles repetidos en ninos menores de 2 anos,2005-10-01,46,46,38,84
CAMIRI,nutricion y desarrollo infantil,controles repetidos en ninos menores de 2 anos,2005-10-01,347,347,324,671
CAPINOTA,nutricion y desarrollo infantil,controles repetidos en ninos menores de 2 anos,2005-10-01,110,110,109,219
CAQUIAVIRI,nutricion y desarrollo infantil,controles repetidos en ninos menores de 2 anos,2005-10-01,55,55,60,115
CARACOLLO,nutricion y desarrollo infantil,controles repetidos en ninos menores de 2 anos,2005-10-01,165,165,142,307
CARANAVI,nutricion y desarrollo infantil,controles repetidos en ninos menores de 2 anos,2005-10-01,295,295,273,568
CARAPARI,nutricion y desarrollo infantil,controles repetidos en ninos menores de 2 anos,2005-10-01,130,130,122,252
CARIPUYO,nutricion y desarrollo infantil,controles repetidos en ninos menores de 2 anos,2005-10-01,125,125,150,275
CARMEN RIVERO TORREZ,nutricion y desarrollo infantil,controles repetidos en ninos menores de 2 anos,2005-10-01,47,47,15,62
CATACORA,nutricion y desarrollo infantil,controles repetidos en ninos menores de 2 anos,2005-10-01,0,0,1,1
CHACARILLA,nutricion y desarrollo infantil,controles repetidos en ninos menores de 2 anos,2005-10-01,11,11,8,19
CHALLAPATA,nutricion y desarrollo infantil,controles repetidos en ninos menores de 2 anos,2005-10-01,222,222,216,438
CHAQUI,nutricion y desarrollo infantil,controles repetidos en ninos menores de 2 anos,2005-10-01,66,66,74,140
CHARAGUA,nutricion y desarrollo infantil,controles repetidos en ninos menores de 2 anos,2005-10-01,247,247,254,501
CHARAÑA,nutricion y desarrollo infantil,controles repetidos en ninos menores de 2 anos,2005-10-01,3,3,13,16
CHAYANTA,nutricion y desarrollo infantil,controles repetidos en ninos menores de 2 anos,2005-10-01,146,146,144,290
CHIMORE,nutricion y desarrollo infantil,controles repetidos en ninos menores de 2 anos,2005-10-01,78,78,57,135
CHIPAYA,nutricion y desarrollo infantil,controles repetidos en ninos menores de 2 anos,2005-10-01,18,18,22,40
CHOQUE COTA,nutricion y desarrollo infantil,controles repetidos en ninos menores de 2 anos,2005-10-01,10,10,7,17
CHULUMANI (V. DE LA LIBERTAD),nutricion y desarrollo infantil,controles repetidos en ninos menores de 2 anos,2005-10-01,84,84,92,176
CHUMA,nutricion y desarrollo infantil,controles repetidos en ninos menores de 2 anos,2005-10-01,64,64,52,116
CLIZA,nutricion y desarrollo infantil,controles repetidos en ninos menores de 2 anos,2005-10-01,52,52,32,84
COBIJA,nutricion y desarrollo infantil,controles repetidos en ninos menores de 2 anos,2005-10-01,319,319,307,626
COCHABAMBA,nutricion y desarrollo infantil,controles repetidos en ninos menores de 2 anos,2005-10-01,1890,1890,1843,3733
COIPASA,nutricion y desarrollo infantil,controles repetidos en ninos menores de 2 anos,2005-10-01,2,2,6,8
COLCAPIRHUA,nutricion y desarrollo infantil,controles repetidos en ninos menores de 2 anos,2005-10-01,102,102,138,240
"COLCHA ""K""",nutricion y desarrollo infantil,controles repetidos en ninos menores de 2 anos,2005-10-01,85,85,99,184
COLLANA,nutricion y desarrollo infantil,controles repetidos en ninos menores de 2 anos,2005-10-01,20,20,15,35
COLOMI,nutricion y desarrollo infantil,controles repetidos en ninos menores de 2 anos,2005-10-01,91,91,97,188
COLPA BELGICA,nutricion y desarrollo infantil,controles repetidos en ninos menores de 2 anos,2005-10-01,56,56,47,103
COLQUECHACA,nutricion y desarrollo infantil,controles repetidos en ninos menores de 2 anos,2005-10-01,280,280,279,559
COLQUENCHA,nutricion y desarrollo infantil,controles repetidos en ninos menores de 2 anos,2005-10-01,63,63,59,122
COLQUIRI,nutricion y desarrollo infantil,controles repetidos en ninos menores de 2 anos,2005-10-01,137,137,140,277
COMANCHE,nutricion y desarrollo infantil,controles repetidos en ninos menores de 2 anos,2005-10-01,16,16,19,35
COMARAPA,nutricion y desarrollo infantil,controles repetidos en ninos menores de 2 anos,2005-10-01,164,164,168,332
COMBAYA,nutricion y desarrollo infantil,controles repetidos en ninos menores de 2 anos,2005-10-01,28,28,25,53
CONCEPCION,nutricion y desarrollo infantil,controles repetidos en ninos menores de 2 anos,2005-10-01,80,80,75,155
COPACABANA,nutricion y desarrollo infantil,controles repetidos en ninos menores de 2 anos,2005-10-01,98,98,107,205
CORIPATA,nutricion y desarrollo infantil,controles repetidos en ninos menores de 2 anos,2005-10-01,89,89,74,163
CORO CORO,nutricion y desarrollo infantil,controles repetidos en ninos menores de 2 anos,2005-10-01,78,78,59,137
COROICO,nutricion y desarrollo infantil,controles repetidos en ninos menores de 2 anos,2005-10-01,37,37,30,67
CORQUE,nutricion y desarrollo infantil,controles repetidos en ninos menores de 2 anos,2005-10-01,44,44,51,95
COTAGAITA,nutricion y desarrollo infantil,controles repetidos en ninos menores de 2 anos,2005-10-01,314,314,273,587
COTOCA,nutricion y desarrollo infantil,controles repetidos en ninos menores de 2 anos,2005-10-01,272,272,216,488
CUATRO CAÑADAS,nutricion y desarrollo infantil,controles repetidos en ninos menores de 2 anos,2005-10-01,66,66,86,152
CUCHUMUELA (V. G. VILLARROEL),nutricion y desarrollo infantil,controles repetidos en ninos menores de 2 anos,2005-10-01,20,20,10,30
CUEVO,nutricion y desarrollo infantil,controles repetidos en ninos menores de 2 anos,2005-10-01,31,31,36,67
CULPINA,nutricion y desarrollo infantil,controles repetidos en ninos menores de 2 anos,2005-10-01,344,344,292,636
CURAHUARA DE CARANGAS,nutricion y desarrollo infantil,controles repetidos en ninos menores de 2 anos,2005-10-01,32,32,31,63
CURVA,nutricion y desarrollo infantil,controles repetidos en ninos menores de 2 anos,2005-10-01,23,23,16,39
DESAGUADERO,nutricion y desarrollo infantil,controles repetidos en ninos menores de 2 anos,2005-10-01,47,47,32,79
EL ALTO,nutricion y desarrollo infantil,controles repetidos en ninos menores de 2 anos,2005-10-01,3589,3589,3559,7148
EL CHORO,nutricion y desarrollo infantil,controles repetidos en ninos menores de 2 anos,2005-10-01,18,18,9,27
EL PUENTE(STC),nutricion y desarrollo infantil,controles repetidos en ninos menores de 2 anos,2005-10-01,174,174,149,323
EL PUENTE(TJA),nutricion y desarrollo infantil,controles repetidos en ninos menores de 2 anos,2005-10-01,99,99,114,213
EL TORNO,nutricion y desarrollo infantil,controles repetidos en ninos menores de 2 anos,2005-10-01,192,192,193,385
EL VILLAR,nutricion y desarrollo infantil,controles repetidos en ninos menores de 2 anos,2005-10-01,92,92,86,178
ENTRE RIOS,nutricion y desarrollo infantil,controles repetidos en ninos menores de 2 anos,2005-10-01,248,248,216,464
ENTRE RIOS,nutricion y desarrollo infantil,controles repetidos en ninos menores de 2 anos,2005-10-01,169,169,148,317
ESCARA,nutricion y desarrollo infantil,controles repetidos en ninos menores de 2 anos,2005-10-01,3,3,3,6
EUCALIPTUS,nutricion y desarrollo infantil,controles repetidos en ninos menores de 2 anos,2005-10-01,53,53,39,92
EUREKA (SANTOS MERCADO),nutricion y desarrollo infantil,controles repetidos en ninos menores de 2 anos,2005-10-01,5,5,9,14
EXALTACION,nutricion y desarrollo infantil,controles repetidos en ninos menores de 2 anos,2005-10-01,40,40,27,67
FERNANDEZ ALONSO,nutricion y desarrollo infantil,controles repetidos en ninos menores de 2 anos,2005-10-01,202,202,183,385
FILADELFIA,nutricion y desarrollo infantil,controles repetidos en ninos menores de 2 anos,2005-10-01,24,24,23,47
GENERAL SAAVEDRA,nutricion y desarrollo infantil,controles repetidos en ninos menores de 2 anos,2005-10-01,211,211,240,451
GRAL. J.J. PEREZ (CHARAZANI),nutricion y desarrollo infantil,controles repetidos en ninos menores de 2 anos,2005-10-01,68,68,102,170
GUANAY,nutricion y desarrollo infantil,controles repetidos en ninos menores de 2 anos,2005-10-01,105,105,106,211
GUAQUI,nutricion y desarrollo infantil,controles repetidos en ninos menores de 2 anos,2005-10-01,46,46,34,80
GUAYARAMERIN,nutricion y desarrollo infantil,controles repetidos en ninos menores de 2 anos,2005-10-01,496,496,426,922
GUTIERREZ,nutricion y desarrollo infantil,controles repetidos en ninos menores de 2 anos,2005-10-01,233,233,219,452
HUACARETA,nutricion y desarrollo infantil,controles repetidos en ninos menores de 2 anos,2005-10-01,151,151,140,291
HUACAYA (VILLA DE HUACAYA),nutricion y desarrollo infantil,controles repetidos en ninos menores de 2 anos,2005-10-01,47,47,24,71
HUACHACALLA,nutricion y desarrollo infantil,controles repetidos en ninos menores de 2 anos,2005-10-01,11,11,6,17
HUANUNI,nutricion y desarrollo infantil,controles repetidos en ninos menores de 2 anos,2005-10-01,148,148,121,269
HUARACAJE,nutricion y desarrollo infantil,controles repetidos en ninos menores de 2 anos,2005-10-01,39,39,27,66
HUAYLLAMARCA,nutricion y desarrollo infantil,controles repetidos en ninos menores de 2 anos,2005-10-01,34,34,36,70
ICHOCA,nutricion y desarrollo infantil,controles repetidos en ninos menores de 2 anos,2005-10-01,31,31,41,72
ICLA,nutricion y desarrollo infantil,controles repetidos en ninos menores de 2 anos,2005-10-01,163,163,161,324
INCAHUASI,nutricion y desarrollo infantil,controles repetidos en ninos menores de 2 anos,2005-10-01,327,327,262,589
INGAVI (HUMAITA),nutricion y desarrollo infantil,controles repetidos en ninos menores de 2 anos,2005-10-01,18,18,13,31
INQUISIVI,nutricion y desarrollo infantil,controles repetidos en ninos menores de 2 anos,2005-10-01,135,135,129,264
IRUPANA (VILLA DE LANZA),nutricion y desarrollo infantil,controles repetidos en ninos menores de 2 anos,2005-10-01,136,136,135,271
IXIAMAS,nutricion y desarrollo infantil,controles repetidos en ninos menores de 2 anos,2005-10-01,114,114,88,202
JESUS DE MACHACA,nutricion y desarrollo infantil,controles repetidos en ninos menores de 2 anos,2005-10-01,90,90,88,178
LA ASUNTA,nutricion y desarrollo infantil,controles repetidos en ninos menores de 2 anos,2005-10-01,166,166,155,321
LA GUARDIA,nutricion y desarrollo infantil,controles repetidos en ninos menores de 2 anos,2005-10-01,419,419,421,840
LA PAZ,nutricion y desarrollo infantil,controles repetidos en ninos menores de 2 anos,2005-10-01,3336,3336,3104,6440
LA RIVERA,nutricion y desarrollo infantil,controles repetidos en ninos menores de 2 anos,2005-10-01,0,0,5,5
LAGUNILLAS,nutricion y desarrollo infantil,controles repetidos en ninos menores de 2 anos,2005-10-01,104,104,91,195
LAJA,nutricion y desarrollo infantil,controles repetidos en ninos menores de 2 anos,2005-10-01,144,144,119,263
LAS CARRERAS,nutricion y desarrollo infantil,controles repetidos en ninos menores de 2 anos,2005-10-01,22,22,21,43
LICOMA PAMPA,nutricion y desarrollo infantil,controles repetidos en ninos menores de 2 anos,2005-10-01,10,10,13,23
LLALLAGUA,nutricion y desarrollo infantil,controles repetidos en ninos menores de 2 anos,2005-10-01,325,325,291,616
LLICA,nutricion y desarrollo infantil,controles repetidos en ninos menores de 2 anos,2005-10-01,31,31,49,80
LORETO,nutricion y desarrollo infantil,controles repetidos en ninos menores de 2 anos,2005-10-01,27,27,31,58
LURIBAY,nutricion y desarrollo infantil,controles repetidos en ninos menores de 2 anos,2005-10-01,140,140,125,265
MACHACAMARCA,nutricion y desarrollo infantil,controles repetidos en ninos menores de 2 anos,2005-10-01,20,20,31,51
MACHARETI,nutricion y desarrollo infantil,controles repetidos en ninos menores de 2 anos,2005-10-01,121,121,130,251
MAGDALENA,nutricion y desarrollo infantil,controles repetidos en ninos menores de 2 anos,2005-10-01,75,75,108,183
MAIRANA,nutricion y desarrollo infantil,controles repetidos en ninos menores de 2 anos,2005-10-01,102,102,104,206
MALLA,nutricion y desarrollo infantil,controles repetidos en ninos menores de 2 anos,2005-10-01,26,26,27,53
MAPIRI,nutricion y desarrollo infantil,controles repetidos en ninos menores de 2 anos,2005-10-01,170,170,159,329
MECAPACA,nutricion y desarrollo infantil,controles repetidos en ninos menores de 2 anos,2005-10-01,89,89,79,168
MINEROS,nutricion y desarrollo infantil,controles repetidos en ninos menores de 2 anos,2005-10-01,211,211,186,397
MIZQUE,nutricion y desarrollo infantil,controles repetidos en ninos menores de 2 anos,2005-10-01,203,203,184,387
MOCOMOCO,nutricion y desarrollo infantil,controles repetidos en ninos menores de 2 anos,2005-10-01,125,125,107,232
MOJINETE,nutricion y desarrollo infantil,controles repetidos en ninos menores de 2 anos,2005-10-01,11,11,11,22
MOJOCOYA,nutricion y desarrollo infantil,controles repetidos en ninos menores de 2 anos,2005-10-01,115,115,76,191
MONTEAGUDO,nutricion y desarrollo infantil,controles repetidos en ninos menores de 2 anos,2005-10-01,376,376,307,683
MONTERO,nutricion y desarrollo infantil,controles repetidos en ninos menores de 2 anos,2005-10-01,951,951,937,1888
MORO MORO,nutricion y desarrollo infantil,controles repetidos en ninos menores de 2 anos,2005-10-01,25,25,35,60
MOROCHATA,nutricion y desarrollo infantil,controles repetidos en ninos menores de 2 anos,2005-10-01,142,142,135,277
NACEBE (SANTA ROSA DEL ABUNA),nutricion y desarrollo infantil,controles repetidos en ninos menores de 2 anos,2005-10-01,13,13,21,34
NAZACARA DE PACAJES,nutricion y desarrollo infantil,controles repetidos en ninos menores de 2 anos,2005-10-01,3,3,0,3
NUEVO MANOA (NUEVA ESPERANZA),nutricion y desarrollo infantil,controles repetidos en ninos menores de 2 anos,2005-10-01,6,6,1,7
OCURI,nutricion y desarrollo infantil,controles repetidos en ninos menores de 2 anos,2005-10-01,169,169,160,329
OKINAWA,nutricion y desarrollo infantil,controles repetidos en ninos menores de 2 anos,2005-10-01,109,109,102,211
OMEREQUE,nutricion y desarrollo infantil,controles repetidos en ninos menores de 2 anos,2005-10-01,98,98,79,177
ORURO,nutricion y desarrollo infantil,controles repetidos en ninos menores de 2 anos,2005-10-01,1429,1429,1377,2806
PADCAYA,nutricion y desarrollo infantil,controles repetidos en ninos menores de 2 anos,2005-10-01,215,215,196,411
PADILLA,nutricion y desarrollo infantil,controles repetidos en ninos menores de 2 anos,2005-10-01,193,193,184,377
PAILON,nutricion y desarrollo infantil,controles repetidos en ninos menores de 2 anos,2005-10-01,146,146,136,282
PALCA,nutricion y desarrollo infantil,controles repetidos en ninos menores de 2 anos,2005-10-01,85,85,73,158
PALOS BLANCOS,nutricion y desarrollo infantil,controles repetidos en ninos menores de 2 anos,2005-10-01,327,327,284,611
PAMPA AULLAGAS,nutricion y desarrollo infantil,controles repetidos en ninos menores de 2 anos,2005-10-01,26,26,27,53
PAMPA GRANDE,nutricion y desarrollo infantil,controles repetidos en ninos menores de 2 anos,2005-10-01,74,74,75,149
PAPEL PAMPA,nutricion y desarrollo infantil,controles repetidos en ninos menores de 2 anos,2005-10-01,42,42,45,87
PASORAPA,nutricion y desarrollo infantil,controles repetidos en ninos menores de 2 anos,2005-10-01,53,53,58,111
PATACAMAYA,nutricion y desarrollo infantil,controles repetidos en ninos menores de 2 anos,2005-10-01,237,237,239,476
PAZÑA,nutricion y desarrollo infantil,controles repetidos en ninos menores de 2 anos,2005-10-01,40,40,39,79
PELECHUCO,nutricion y desarrollo infantil,controles repetidos en ninos menores de 2 anos,2005-10-01,26,26,22,48
POCOATA,nutricion y desarrollo infantil,controles repetidos en ninos menores de 2 anos,2005-10-01,211,211,238,449
POCONA,nutricion y desarrollo infantil,controles repetidos en ninos menores de 2 anos,2005-10-01,72,72,67,139
POJO (CBBA),nutricion y desarrollo infantil,controles repetidos en ninos menores de 2 anos,2005-10-01,37,37,56,93
POOPO,nutricion y desarrollo infantil,controles repetidos en ninos menores de 2 anos,2005-10-01,32,32,26,58
PORCO,nutricion y desarrollo infantil,controles repetidos en ninos menores de 2 anos,2005-10-01,73,73,67,140
POROMA,nutricion y desarrollo infantil,controles repetidos en ninos menores de 2 anos,2005-10-01,229,229,190,419
PORONGO,nutricion y desarrollo infantil,controles repetidos en ninos menores de 2 anos,2005-10-01,57,57,45,102
PORTACHUELO,nutricion y desarrollo infantil,controles repetidos en ninos menores de 2 anos,2005-10-01,229,229,176,405
PORVENIR,nutricion y desarrollo infantil,controles repetidos en ninos menores de 2 anos,2005-10-01,41,41,43,84
POSTRER VALLE,nutricion y desarrollo infantil,controles repetidos en ninos menores de 2 anos,2005-10-01,16,16,23,39
POTOSI,nutricion y desarrollo infantil,controles repetidos en ninos menores de 2 anos,2005-10-01,1104,1104,1066,2170
PRESTO,nutricion y desarrollo infantil,controles repetidos en ninos menores de 2 anos,2005-10-01,127,127,128,255
PUCARA,nutricion y desarrollo infantil,controles repetidos en ninos menores de 2 anos,2005-10-01,24,24,14,38
PUCARANI,nutricion y desarrollo infantil,controles repetidos en ninos menores de 2 anos,2005-10-01,180,180,166,346
PUERTO ACOSTA,nutricion y desarrollo infantil,controles repetidos en ninos menores de 2 anos,2005-10-01,161,161,150,311
PUERTO CARABUCO,nutricion y desarrollo infantil,controles repetidos en ninos menores de 2 anos,2005-10-01,151,151,106,257
PUERTO GONZALO MORENO,nutricion y desarrollo infantil,controles repetidos en ninos menores de 2 anos,2005-10-01,81,81,66,147
PUERTO PEREZ,nutricion y desarrollo infantil,controles repetidos en ninos menores de 2 anos,2005-10-01,33,33,32,65
PUERTO QUIJARRO,nutricion y desarrollo infantil,controles repetidos en ninos menores de 2 anos,2005-10-01,19,19,20,39
PUERTO RICO,nutricion y desarrollo infantil,controles repetidos en ninos menores de 2 anos,2005-10-01,91,91,107,198
PUERTO SILES,nutricion y desarrollo infantil,controles repetidos en ninos menores de 2 anos,2005-10-01,9,9,2,11
PUERTO SUAREZ,nutricion y desarrollo infantil,controles repetidos en ninos menores de 2 anos,2005-10-01,118,118,98,216
PUERTO VILLARROEL,nutricion y desarrollo infantil,controles repetidos en ninos menores de 2 anos,2005-10-01,205,205,171,376
PUNA,nutricion y desarrollo infantil,controles repetidos en ninos menores de 2 anos,2005-10-01,341,341,303,644
PUNATA,nutricion y desarrollo infantil,controles repetidos en ninos menores de 2 anos,2005-10-01,162,162,172,334
QUIABAYA,nutricion y desarrollo infantil,controles repetidos en ninos menores de 2 anos,2005-10-01,10,10,11,21
QUILLACOLLO,nutricion y desarrollo infantil,controles repetidos en ninos menores de 2 anos,2005-10-01,86,86,90,176
QUIME,nutricion y desarrollo infantil,controles repetidos en ninos menores de 2 anos,2005-10-01,105,105,94,199
QUIRUSILLAS,nutricion y desarrollo infantil,controles repetidos en ninos menores de 2 anos,2005-10-01,16,16,10,26
RAVELO,nutricion y desarrollo infantil,controles repetidos en ninos menores de 2 anos,2005-10-01,403,403,386,789
REYES,nutricion y desarrollo infantil,controles repetidos en ninos menores de 2 anos,2005-10-01,117,117,143,260
RIBERALTA,nutricion y desarrollo infantil,controles repetidos en ninos menores de 2 anos,2005-10-01,1195,1195,1202,2397
ROBORE,nutricion y desarrollo infantil,controles repetidos en ninos menores de 2 anos,2005-10-01,125,125,124,249
RURRENABAQUE,nutricion y desarrollo infantil,controles repetidos en ninos menores de 2 anos,2005-10-01,91,91,90,181
SABAYA,nutricion y desarrollo infantil,controles repetidos en ninos menores de 2 anos,2005-10-01,36,36,26,62
SACABA,nutricion y desarrollo infantil,controles repetidos en ninos menores de 2 anos,2005-10-01,249,249,241,490
SACABAMBA,nutricion y desarrollo infantil,controles repetidos en ninos menores de 2 anos,2005-10-01,31,31,24,55
SACACA,nutricion y desarrollo infantil,controles repetidos en ninos menores de 2 anos,2005-10-01,293,293,312,605
SAIPINA,nutricion y desarrollo infantil,controles repetidos en ninos menores de 2 anos,2005-10-01,70,70,79,149
SALINAS DE GARCI MENDOZA,nutricion y desarrollo infantil,controles repetidos en ninos menores de 2 anos,2005-10-01,80,80,90,170
SAMAIPATA,nutricion y desarrollo infantil,controles repetidos en ninos menores de 2 anos,2005-10-01,118,118,101,219
SAN AGUSTIN,nutricion y desarrollo infantil,controles repetidos en ninos menores de 2 anos,2005-10-01,10,10,16,26
SAN ANDRES,nutricion y desarrollo infantil,controles repetidos en ninos menores de 2 anos,2005-10-01,107,107,80,187
SAN ANDRES DE MACHACA,nutricion y desarrollo infantil,controles repetidos en ninos menores de 2 anos,2005-10-01,40,40,30,70
SAN ANTONIO DE ESMORUCO,nutricion y desarrollo infantil,controles repetidos en ninos menores de 2 anos,2005-10-01,2,2,2,4
SAN ANTONIO DE LOMERIO,nutricion y desarrollo infantil,controles repetidos en ninos menores de 2 anos,2005-10-01,126,126,111,237
SAN BENITO,nutricion y desarrollo infantil,controles repetidos en ninos menores de 2 anos,2005-10-01,86,86,65,151
SAN BORJA,nutricion y desarrollo infantil,controles repetidos en ninos menores de 2 anos,2005-10-01,454,454,428,882
SAN BUENA VENTURA,nutricion y desarrollo infantil,controles repetidos en ninos menores de 2 anos,2005-10-01,73,73,57,130
SAN CARLOS,nutricion y desarrollo infantil,controles repetidos en ninos menores de 2 anos,2005-10-01,221,221,199,420
SAN IGNACIO,nutricion y desarrollo infantil,controles repetidos en ninos menores de 2 anos,2005-10-01,243,243,197,440
SAN IGNACIO DE VELASCO,nutricion y desarrollo infantil,controles repetidos en ninos menores de 2 anos,2005-10-01,604,604,587,1191
SAN JAVIER(BNI),nutricion y desarrollo infantil,controles repetidos en ninos menores de 2 anos,2005-10-01,8,8,25,33
SAN JAVIER(STC),nutricion y desarrollo infantil,controles repetidos en ninos menores de 2 anos,2005-10-01,0,0,2,2
SAN JOAQUIN,nutricion y desarrollo infantil,controles repetidos en ninos menores de 2 anos,2005-10-01,43,43,41,84
SAN JOSE DE CHIQUITOS,nutricion y desarrollo infantil,controles repetidos en ninos menores de 2 anos,2005-10-01,111,111,91,202
SAN JUAN DE YAPACANI,nutricion y desarrollo infantil,controles repetidos en ninos menores de 2 anos,2005-10-01,146,146,133,279
SAN JULIAN,nutricion y desarrollo infantil,controles repetidos en ninos menores de 2 anos,2005-10-01,229,229,233,462
SAN LORENZO(PND),nutricion y desarrollo infantil,controles repetidos en ninos menores de 2 anos,2005-10-01,165,165,128,293
SAN LORENZO(TJA),nutricion y desarrollo infantil,controles repetidos en ninos menores de 2 anos,2005-10-01,203,203,178,381
SAN LUCAS,nutricion y desarrollo infantil,controles repetidos en ninos menores de 2 anos,2005-10-01,539,539,560,1099
SAN MATIAS,nutricion y desarrollo infantil,controles repetidos en ninos menores de 2 anos,2005-10-01,93,93,71,164
SAN MIGUEL DE VELASCO,nutricion y desarrollo infantil,controles repetidos en ninos menores de 2 anos,2005-10-01,173,173,153,326
SAN PABLO DE LIPEZ,nutricion y desarrollo infantil,controles repetidos en ninos menores de 2 anos,2005-10-01,13,13,17,30
SAN PEDRO,nutricion y desarrollo infantil,controles repetidos en ninos menores de 2 anos,2005-10-01,187,187,168,355
SAN PEDRO DE BUENA VISTA,nutricion y desarrollo infantil,controles repetidos en ninos menores de 2 anos,2005-10-01,267,267,240,507
SAN PEDRO DE CURAHUARA,nutricion y desarrollo infantil,controles repetidos en ninos menores de 2 anos,2005-10-01,70,70,52,122
SAN PEDRO DE QUEMES,nutricion y desarrollo infantil,controles repetidos en ninos menores de 2 anos,2005-10-01,1,1,6,7
SAN PEDRO DE TIQUINA,nutricion y desarrollo infantil,controles repetidos en ninos menores de 2 anos,2005-10-01,49,49,42,91
SAN PEDRO(PND),nutricion y desarrollo infantil,controles repetidos en ninos menores de 2 anos,2005-10-01,21,21,45,66
SAN RAFAEL,nutricion y desarrollo infantil,controles repetidos en ninos menores de 2 anos,2005-10-01,63,63,64,127
SAN RAMON,nutricion y desarrollo infantil,controles repetidos en ninos menores de 2 anos,2005-10-01,36,36,37,73
SAN RAMON,nutricion y desarrollo infantil,controles repetidos en ninos menores de 2 anos,2005-10-01,51,51,54,105
SANTA ANA,nutricion y desarrollo infantil,controles repetidos en ninos menores de 2 anos,2005-10-01,173,173,162,335
SANTA CRUZ DE LA SIERRA,nutricion y desarrollo infantil,controles repetidos en ninos menores de 2 anos,2005-10-01,4635,4635,4328,8963
SANTA ROSA,nutricion y desarrollo infantil,controles repetidos en ninos menores de 2 anos,2005-10-01,124,124,122,246
SANTA ROSA DEL SARA,nutricion y desarrollo infantil,controles repetidos en ninos menores de 2 anos,2005-10-01,95,95,95,190
SANTIAGO DE CALLAPA,nutricion y desarrollo infantil,controles repetidos en ninos menores de 2 anos,2005-10-01,27,27,42,69
SANTIAGO DE HUARI,nutricion y desarrollo infantil,controles repetidos en ninos menores de 2 anos,2005-10-01,36,36,45,81
SANTIAGO DE MACHACA,nutricion y desarrollo infantil,controles repetidos en ninos menores de 2 anos,2005-10-01,22,22,24,46
SANTIVAÑES,nutricion y desarrollo infantil,controles repetidos en ninos menores de 2 anos,2005-10-01,42,42,65,107
SANTUARIO DE QUILLACAS,nutricion y desarrollo infantil,controles repetidos en ninos menores de 2 anos,2005-10-01,22,22,12,34
SAPAHAQUI,nutricion y desarrollo infantil,controles repetidos en ninos menores de 2 anos,2005-10-01,101,101,84,185
SENA,nutricion y desarrollo infantil,controles repetidos en ninos menores de 2 anos,2005-10-01,35,35,48,83
SICA SICA (VILLA AROMA),nutricion y desarrollo infantil,controles repetidos en ninos menores de 2 anos,2005-10-01,134,134,124,258
SICAYA,nutricion y desarrollo infantil,controles repetidos en ninos menores de 2 anos,2005-10-01,35,35,15,50
SIPE SIPE,nutricion y desarrollo infantil,controles repetidos en ninos menores de 2 anos,2005-10-01,364,364,380,744
SOPACHUY,nutricion y desarrollo infantil,controles repetidos en ninos menores de 2 anos,2005-10-01,87,87,117,204
SORACACHI,nutricion y desarrollo infantil,controles repetidos en ninos menores de 2 anos,2005-10-01,92,92,109,201
SORATA,nutricion y desarrollo infantil,controles repetidos en ninos menores de 2 anos,2005-10-01,127,127,154,281
SUCRE,nutricion y desarrollo infantil,controles repetidos en ninos menores de 2 anos,2005-10-01,1606,1606,1628,3234
TACACHI,nutricion y desarrollo infantil,controles repetidos en ninos menores de 2 anos,2005-10-01,11,11,10,21
TACACOMA,nutricion y desarrollo infantil,controles repetidos en ninos menores de 2 anos,2005-10-01,50,50,53,103
TACOBAMBA,nutricion y desarrollo infantil,controles repetidos en ninos menores de 2 anos,2005-10-01,111,111,126,237
TACOPAYA,nutricion y desarrollo infantil,controles repetidos en ninos menores de 2 anos,2005-10-01,180,180,187,367
TAHUA,nutricion y desarrollo infantil,controles repetidos en ninos menores de 2 anos,2005-10-01,8,8,8,16
TAPACARI,nutricion y desarrollo infantil,controles repetidos en ninos menores de 2 anos,2005-10-01,167,167,159,326
TARABUCO,nutricion y desarrollo infantil,controles repetidos en ninos menores de 2 anos,2005-10-01,386,386,376,762
TARACO,nutricion y desarrollo infantil,controles repetidos en ninos menores de 2 anos,2005-10-01,31,31,24,55
TARATA,nutricion y desarrollo infantil,controles repetidos en ninos menores de 2 anos,2005-10-01,69,69,67,136
TARIJA,nutricion y desarrollo infantil,controles repetidos en ninos menores de 2 anos,2005-10-01,1023,1023,911,1934
TARVITA,nutricion y desarrollo infantil,controles repetidos en ninos menores de 2 anos,2005-10-01,107,107,90,197
TEOPONTE,nutricion y desarrollo infantil,controles repetidos en ninos menores de 2 anos,2005-10-01,71,71,56,127
TIAWANACU,nutricion y desarrollo infantil,controles repetidos en ninos menores de 2 anos,2005-10-01,65,65,71,136
TINGUIPAYA,nutricion y desarrollo infantil,controles repetidos en ninos menores de 2 anos,2005-10-01,131,131,147,278
TIPUANI,nutricion y desarrollo infantil,controles repetidos en ninos menores de 2 anos,2005-10-01,91,91,67,158
TIQUIPAYA,nutricion y desarrollo infantil,controles repetidos en ninos menores de 2 anos,2005-10-01,56,56,49,105
TIRAQUE (CBBA),nutricion y desarrollo infantil,controles repetidos en ninos menores de 2 anos,2005-10-01,184,184,170,354
TITO YUPANQUI (PARQUIPUJIO),nutricion y desarrollo infantil,controles repetidos en ninos menores de 2 anos,2005-10-01,13,13,15,28
TOCO,nutricion y desarrollo infantil,controles repetidos en ninos menores de 2 anos,2005-10-01,21,21,12,33
TOLATA,nutricion y desarrollo infantil,controles repetidos en ninos menores de 2 anos,2005-10-01,18,18,20,38
TOLEDO,nutricion y desarrollo infantil,controles repetidos en ninos menores de 2 anos,2005-10-01,53,53,31,84
TOMAVE,nutricion y desarrollo infantil,controles repetidos en ninos menores de 2 anos,2005-10-01,107,107,97,204
TOMINA,nutricion y desarrollo infantil,controles repetidos en ninos menores de 2 anos,2005-10-01,185,185,171,356
TORO TORO,nutricion y desarrollo infantil,controles repetidos en ninos menores de 2 anos,2005-10-01,142,142,117,259
TOTORA(CBBA),nutricion y desarrollo infantil,controles repetidos en ninos menores de 2 anos,2005-10-01,91,91,80,171
TOTORA(ORR),nutricion y desarrollo infantil,controles repetidos en ninos menores de 2 anos,2005-10-01,23,23,30,53
TRIGAL,nutricion y desarrollo infantil,controles repetidos en ninos menores de 2 anos,2005-10-01,17,17,17,34
TRINIDAD,nutricion y desarrollo infantil,controles repetidos en ninos menores de 2 anos,2005-10-01,431,431,374,805
TUPIZA,nutricion y desarrollo infantil,controles repetidos en ninos menores de 2 anos,2005-10-01,328,328,303,631
TURCO,nutricion y desarrollo infantil,controles repetidos en ninos menores de 2 anos,2005-10-01,15,15,15,30
UMALA,nutricion y desarrollo infantil,controles repetidos en ninos menores de 2 anos,2005-10-01,47,47,41,88
UNCIA,nutricion y desarrollo infantil,controles repetidos en ninos menores de 2 anos,2005-10-01,133,133,136,269
URIONDO (A. CONCEPCION),nutricion y desarrollo infantil,controles repetidos en ninos menores de 2 anos,2005-10-01,176,176,182,358
URUBICHA,nutricion y desarrollo infantil,controles repetidos en ninos menores de 2 anos,2005-10-01,130,130,154,284
UYUNI,nutricion y desarrollo infantil,controles repetidos en ninos menores de 2 anos,2005-10-01,200,200,158,358
VACAS,nutricion y desarrollo infantil,controles repetidos en ninos menores de 2 anos,2005-10-01,108,108,84,192
VALLEGRANDE,nutricion y desarrollo infantil,controles repetidos en ninos menores de 2 anos,2005-10-01,164,164,172,336
VIACHA,nutricion y desarrollo infantil,controles repetidos en ninos menores de 2 anos,2005-10-01,219,219,187,406
VILA VILA,nutricion y desarrollo infantil,controles repetidos en ninos menores de 2 anos,2005-10-01,53,53,63,116
VILLA MONTES,nutricion y desarrollo infantil,controles repetidos en ninos menores de 2 anos,2005-10-01,279,279,256,535
VILLA NUEVA (LOMA ALTA),nutricion y desarrollo infantil,controles repetidos en ninos menores de 2 anos,2005-10-01,12,12,11,23
VILLA RIVERO,nutricion y desarrollo infantil,controles repetidos en ninos menores de 2 anos,2005-10-01,45,45,53,98
VILLA SERRANO,nutricion y desarrollo infantil,controles repetidos en ninos menores de 2 anos,2005-10-01,234,234,193,427
VILLA TUNARI,nutricion y desarrollo infantil,controles repetidos en ninos menores de 2 anos,2005-10-01,379,379,331,710
VILLA VACA GUZMAN (MUYUPAMPA),nutricion y desarrollo infantil,controles repetidos en ninos menores de 2 anos,2005-10-01,165,165,153,318
VILLAZON,nutricion y desarrollo infantil,controles repetidos en ninos menores de 2 anos,2005-10-01,302,302,264,566
VINTO,nutricion y desarrollo infantil,controles repetidos en ninos menores de 2 anos,2005-10-01,116,116,72,188
VITICHI,nutricion y desarrollo infantil,controles repetidos en ninos menores de 2 anos,2005-10-01,142,142,153,295
WALDO BALLIVIAN,nutricion y desarrollo infantil,controles repetidos en ninos menores de 2 anos,2005-10-01,16,16,22,38
WARNES,nutricion y desarrollo infantil,controles repetidos en ninos menores de 2 anos,2005-10-01,538,538,469,1007
YACO,nutricion y desarrollo infantil,controles repetidos en ninos menores de 2 anos,2005-10-01,58,58,58,116
YACUIBA,nutricion y desarrollo infantil,controles repetidos en ninos menores de 2 anos,2005-10-01,413,413,368,781
YAMPARAEZ,nutricion y desarrollo infantil,controles repetidos en ninos menores de 2 anos,2005-10-01,164,164,156,320
YANACACHI,nutricion y desarrollo infantil,controles repetidos en ninos menores de 2 anos,2005-10-01,25,25,31,56
YAPACANI,nutricion y desarrollo infantil,controles repetidos en ninos menores de 2 anos,2005-10-01,558,558,511,1069
YOCALLA,nutricion y desarrollo infantil,controles repetidos en ninos menores de 2 anos,2005-10-01,29,29,25,54
YOTALA,nutricion y desarrollo infantil,controles repetidos en ninos menores de 2 anos,2005-10-01,137,137,122,259
YUNCHARA,nutricion y desarrollo infantil,controles repetidos en ninos menores de 2 anos,2005-10-01,68,68,70,138
ZUDAÑEZ,nutricion y desarrollo infantil,controles repetidos en ninos menores de 2 anos,2005-10-01,107,107,84,191
ACACIO,nutricion y desarrollo infantil,controles repetidos en ninos menores de 2 anos,2005-11-01,76,76,69,145
ACHACACHI,nutricion y desarrollo infantil,controles repetidos en ninos menores de 2 anos,2005-11-01,281,281,299,580
ACHOCALLA,nutricion y desarrollo infantil,controles repetidos en ninos menores de 2 anos,2005-11-01,51,51,56,107
AIQUILE,nutricion y desarrollo infantil,controles repetidos en ninos menores de 2 anos,2005-11-01,97,97,72,169
ALALAY,nutricion y desarrollo infantil,controles repetidos en ninos menores de 2 anos,2005-11-01,33,33,21,54
ALCALA,nutricion y desarrollo infantil,controles repetidos en ninos menores de 2 anos,2005-11-01,53,53,57,110
ANCORAIMES,nutricion y desarrollo infantil,controles repetidos en ninos menores de 2 anos,2005-11-01,90,90,92,182
ANDAMARCA,nutricion y desarrollo infantil,controles repetidos en ninos menores de 2 anos,2005-11-01,31,31,25,56
ANTEQUERA,nutricion y desarrollo infantil,controles repetidos en ninos menores de 2 anos,2005-11-01,42,42,27,69
ANZALDO,nutricion y desarrollo infantil,controles repetidos en ninos menores de 2 anos,2005-11-01,4,4,2,6
APOLO,nutricion y desarrollo infantil,controles repetidos en ninos menores de 2 anos,2005-11-01,130,130,146,276
ARAMPAMPA,nutricion y desarrollo infantil,controles repetidos en ninos menores de 2 anos,2005-11-01,71,71,69,140
ARANI,nutricion y desarrollo infantil,controles repetidos en ninos menores de 2 anos,2005-11-01,64,64,55,119
ARBIETO,nutricion y desarrollo infantil,controles repetidos en ninos menores de 2 anos,2005-11-01,46,46,29,75
ARQUE,nutricion y desarrollo infantil,controles repetidos en ninos menores de 2 anos,2005-11-01,130,130,132,262
ATOCHA,nutricion y desarrollo infantil,controles repetidos en ninos menores de 2 anos,2005-11-01,128,128,137,265
AUCAPATA,nutricion y desarrollo infantil,controles repetidos en ninos menores de 2 anos,2005-11-01,20,20,13,33
AYATA,nutricion y desarrollo infantil,controles repetidos en ninos menores de 2 anos,2005-11-01,107,107,100,207
AYO AYO,nutricion y desarrollo infantil,controles repetidos en ninos menores de 2 anos,2005-11-01,57,57,60,117
AYOPAYA (V. DE INDEPENDENCIA),nutricion y desarrollo infantil,controles repetidos en ninos menores de 2 anos,2005-11-01,186,186,142,328
AZURDUY,nutricion y desarrollo infantil,controles repetidos en ninos menores de 2 anos,2005-11-01,272,272,242,514
BATALLAS,nutricion y desarrollo infantil,controles repetidos en ninos menores de 2 anos,2005-11-01,59,59,56,115
BAURES,nutricion y desarrollo infantil,controles repetidos en ninos menores de 2 anos,2005-11-01,47,47,57,104
BELEN DE ANDAMARCA,nutricion y desarrollo infantil,controles repetidos en ninos menores de 2 anos,2005-11-01,3,3,3,6
BELEN DE URMIRI,nutricion y desarrollo infantil,controles repetidos en ninos menores de 2 anos,2005-11-01,21,21,22,43
BELLA FLOR,nutricion y desarrollo infantil,controles repetidos en ninos menores de 2 anos,2005-11-01,53,53,47,100
BERMEJO,nutricion y desarrollo infantil,controles repetidos en ninos menores de 2 anos,2005-11-01,42,42,166,208
BETANZOS,nutricion y desarrollo infantil,controles repetidos en ninos menores de 2 anos,2005-11-01,331,331,373,704
BOLIVAR,nutricion y desarrollo infantil,controles repetidos en ninos menores de 2 anos,2005-11-01,104,104,102,206
BOLPEBRA,nutricion y desarrollo infantil,controles repetidos en ninos menores de 2 anos,2005-11-01,21,21,13,34
BOYUIBE,nutricion y desarrollo infantil,controles repetidos en ninos menores de 2 anos,2005-11-01,44,44,24,68
BUENA VISTA,nutricion y desarrollo infantil,controles repetidos en ninos menores de 2 anos,2005-11-01,209,209,184,393
CABEZAS,nutricion y desarrollo infantil,controles repetidos en ninos menores de 2 anos,2005-11-01,153,153,127,280
CAIROMA,nutricion y desarrollo infantil,controles repetidos en ninos menores de 2 anos,2005-11-01,158,158,146,304
"CAIZA ""D""",nutricion y desarrollo infantil,controles repetidos en ninos menores de 2 anos,2005-11-01,113,113,110,223
CAJUATA,nutricion y desarrollo infantil,controles repetidos en ninos menores de 2 anos,2005-11-01,94,94,62,156
CALACOTO,nutricion y desarrollo infantil,controles repetidos en ninos menores de 2 anos,2005-11-01,49,49,37,86
CALAMARCA,nutricion y desarrollo infantil,controles repetidos en ninos menores de 2 anos,2005-11-01,187,187,168,355
CAMARGO,nutricion y desarrollo infantil,controles repetidos en ninos menores de 2 anos,2005-11-01,218,218,227,445
CAMATAQUI (C. VILLA ABECIA),nutricion y desarrollo infantil,controles repetidos en ninos menores de 2 anos,2005-11-01,51,51,30,81
CAMIRI,nutricion y desarrollo infantil,controles repetidos en ninos menores de 2 anos,2005-11-01,380,380,363,743
CAPINOTA,nutricion y desarrollo infantil,controles repetidos en ninos menores de 2 anos,2005-11-01,96,96,88,184
CAQUIAVIRI,nutricion y desarrollo infantil,controles repetidos en ninos menores de 2 anos,2005-11-01,99,99,100,199
CARACOLLO,nutricion y desarrollo infantil,controles repetidos en ninos menores de 2 anos,2005-11-01,114,114,123,237
CARANAVI,nutricion y desarrollo infantil,controles repetidos en ninos menores de 2 anos,2005-11-01,455,455,387,842
CARANGAS,nutricion y desarrollo infantil,controles repetidos en ninos menores de 2 anos,2005-11-01,0,0,1,1
CARAPARI,nutricion y desarrollo infantil,controles repetidos en ninos menores de 2 anos,2005-11-01,97,97,97,194
CARIPUYO,nutricion y desarrollo infantil,controles repetidos en ninos menores de 2 anos,2005-11-01,165,165,161,326
CARMEN RIVERO TORREZ,nutricion y desarrollo infantil,controles repetidos en ninos menores de 2 anos,2005-11-01,15,15,8,23
CATACORA,nutricion y desarrollo infantil,controles repetidos en ninos menores de 2 anos,2005-11-01,2,2,2,4
CHACARILLA,nutricion y desarrollo infantil,controles repetidos en ninos menores de 2 anos,2005-11-01,21,21,16,37
CHALLAPATA,nutricion y desarrollo infantil,controles repetidos en ninos menores de 2 anos,2005-11-01,209,209,196,405
CHAQUI,nutricion y desarrollo infantil,controles repetidos en ninos menores de 2 anos,2005-11-01,95,95,90,185
CHARAGUA,nutricion y desarrollo infantil,controles repetidos en ninos menores de 2 anos,2005-11-01,250,250,239,489
CHARAÑA,nutricion y desarrollo infantil,controles repetidos en ninos menores de 2 anos,2005-11-01,33,33,24,57
CHAYANTA,nutricion y desarrollo infantil,controles repetidos en ninos menores de 2 anos,2005-11-01,145,145,126,271
CHIMORE,nutricion y desarrollo infantil,controles repetidos en ninos menores de 2 anos,2005-11-01,72,72,50,122
CHIPAYA,nutricion y desarrollo infantil,controles repetidos en ninos menores de 2 anos,2005-11-01,25,25,30,55
CHOQUE COTA,nutricion y desarrollo infantil,controles repetidos en ninos menores de 2 anos,2005-11-01,9,9,8,17
CHULUMANI (V. DE LA LIBERTAD),nutricion y desarrollo infantil,controles repetidos en ninos menores de 2 anos,2005-11-01,68,68,93,161
CHUMA,nutricion y desarrollo infantil,controles repetidos en ninos menores de 2 anos,2005-11-01,72,72,84,156
CLIZA,nutricion y desarrollo infantil,controles repetidos en ninos menores de 2 anos,2005-11-01,73,73,51,124
COBIJA,nutricion y desarrollo infantil,controles repetidos en ninos menores de 2 anos,2005-11-01,372,372,330,702
COCHABAMBA,nutricion y desarrollo infantil,controles repetidos en ninos menores de 2 anos,2005-11-01,1956,1956,1837,3793
COIPASA,nutricion y desarrollo infantil,controles repetidos en ninos menores de 2 anos,2005-11-01,3,3,6,9
COLCAPIRHUA,nutricion y desarrollo infantil,controles repetidos en ninos menores de 2 anos,2005-11-01,81,81,82,163
"COLCHA ""K""",nutricion y desarrollo infantil,controles repetidos en ninos menores de 2 anos,2005-11-01,119,119,122,241
COLLANA,nutricion y desarrollo infantil,controles repetidos en ninos menores de 2 anos,2005-11-01,5,5,4,9
COLOMI,nutricion y desarrollo infantil,controles repetidos en ninos menores de 2 anos,2005-11-01,84,84,79,163
COLPA BELGICA,nutricion y desarrollo infantil,controles repetidos en ninos menores de 2 anos,2005-11-01,48,48,47,95
COLQUECHACA,nutricion y desarrollo infantil,controles repetidos en ninos menores de 2 anos,2005-11-01,224,224,177,401
COLQUENCHA,nutricion y desarrollo infantil,controles repetidos en ninos menores de 2 anos,2005-11-01,35,35,44,79
COLQUIRI,nutricion y desarrollo infantil,controles repetidos en ninos menores de 2 anos,2005-11-01,147,147,146,293
COMANCHE,nutricion y desarrollo infantil,controles repetidos en ninos menores de 2 anos,2005-11-01,13,13,10,23
COMARAPA,nutricion y desarrollo infantil,controles repetidos en ninos menores de 2 anos,2005-11-01,176,176,206,382
COMBAYA,nutricion y desarrollo infantil,controles repetidos en ninos menores de 2 anos,2005-11-01,19,19,13,32
CONCEPCION,nutricion y desarrollo infantil,controles repetidos en ninos menores de 2 anos,2005-11-01,125,125,100,225
COPACABANA,nutricion y desarrollo infantil,controles repetidos en ninos menores de 2 anos,2005-11-01,76,76,69,145
CORIPATA,nutricion y desarrollo infantil,controles repetidos en ninos menores de 2 anos,2005-11-01,80,80,106,186
CORO CORO,nutricion y desarrollo infantil,controles repetidos en ninos menores de 2 anos,2005-11-01,90,90,70,160
COROICO,nutricion y desarrollo infantil,controles repetidos en ninos menores de 2 anos,2005-11-01,89,89,93,182
CORQUE,nutricion y desarrollo infantil,controles repetidos en ninos menores de 2 anos,2005-11-01,64,64,59,123
COTAGAITA,nutricion y desarrollo infantil,controles repetidos en ninos menores de 2 anos,2005-11-01,283,283,276,559
COTOCA,nutricion y desarrollo infantil,controles repetidos en ninos menores de 2 anos,2005-11-01,344,344,284,628
CUATRO CAÑADAS,nutricion y desarrollo infantil,controles repetidos en ninos menores de 2 anos,2005-11-01,90,90,71,161
CUCHUMUELA (V. G. VILLARROEL),nutricion y desarrollo infantil,controles repetidos en ninos menores de 2 anos,2005-11-01,22,22,15,37
CUEVO,nutricion y desarrollo infantil,controles repetidos en ninos menores de 2 anos,2005-11-01,27,27,49,76
CULPINA,nutricion y desarrollo infantil,controles repetidos en ninos menores de 2 anos,2005-11-01,318,318,311,629
CURAHUARA DE CARANGAS,nutricion y desarrollo infantil,controles repetidos en ninos menores de 2 anos,2005-11-01,26,26,26,52
CURVA,nutricion y desarrollo infantil,controles repetidos en ninos menores de 2 anos,2005-11-01,19,19,12,31
DESAGUADERO,nutricion y desarrollo infantil,controles repetidos en ninos menores de 2 anos,2005-11-01,20,20,24,44
EL ALTO,nutricion y desarrollo infantil,controles repetidos en ninos menores de 2 anos,2005-11-01,3673,3673,3382,7055
EL CHORO,nutricion y desarrollo infantil,controles repetidos en ninos menores de 2 anos,2005-11-01,16,16,14,30
EL PUENTE(STC),nutricion y desarrollo infantil,controles repetidos en ninos menores de 2 anos,2005-11-01,149,149,166,315
EL PUENTE(TJA),nutricion y desarrollo infantil,controles repetidos en ninos menores de 2 anos,2005-11-01,141,141,109,250
EL TORNO,nutricion y desarrollo infantil,controles repetidos en ninos menores de 2 anos,2005-11-01,286,286,279,565
EL VILLAR,nutricion y desarrollo infantil,controles repetidos en ninos menores de 2 anos,2005-11-01,88,88,80,168
ENTRE RIOS,nutricion y desarrollo infantil,controles repetidos en ninos menores de 2 anos,2005-11-01,243,243,166,409
ENTRE RIOS,nutricion y desarrollo infantil,controles repetidos en ninos menores de 2 anos,2005-11-01,269,269,236,505
ESCARA,nutricion y desarrollo infantil,controles repetidos en ninos menores de 2 anos,2005-11-01,1,1,0,1
EUCALIPTUS,nutricion y desarrollo infantil,controles repetidos en ninos menores de 2 anos,2005-11-01,60,60,48,108
EUREKA (SANTOS MERCADO),nutricion y desarrollo infantil,controles repetidos en ninos menores de 2 anos,2005-11-01,17,17,28,45
EXALTACION,nutricion y desarrollo infantil,controles repetidos en ninos menores de 2 anos,2005-11-01,47,47,33,80
FERNANDEZ ALONSO,nutricion y desarrollo infantil,controles repetidos en ninos menores de 2 anos,2005-11-01,200,200,173,373
FILADELFIA,nutricion y desarrollo infantil,controles repetidos en ninos menores de 2 anos,2005-11-01,52,52,72,124
GENERAL SAAVEDRA,nutricion y desarrollo infantil,controles repetidos en ninos menores de 2 anos,2005-11-01,168,168,163,331
GRAL. J.J. PEREZ (CHARAZANI),nutricion y desarrollo infantil,controles repetidos en ninos menores de 2 anos,2005-11-01,145,145,126,271
GUANAY,nutricion y desarrollo infantil,controles repetidos en ninos menores de 2 anos,2005-11-01,133,133,129,262
GUAQUI,nutricion y desarrollo infantil,controles repetidos en ninos menores de 2 anos,2005-11-01,28,28,30,58
GUAYARAMERIN,nutricion y desarrollo infantil,controles repetidos en ninos menores de 2 anos,2005-11-01,348,348,327,675
GUTIERREZ,nutricion y desarrollo infantil,controles repetidos en ninos menores de 2 anos,2005-11-01,172,172,171,343
HUACARETA,nutricion y desarrollo infantil,controles repetidos en ninos menores de 2 anos,2005-11-01,148,148,135,283
HUACAYA (VILLA DE HUACAYA),nutricion y desarrollo infantil,controles repetidos en ninos menores de 2 anos,2005-11-01,57,57,43,100
HUACHACALLA,nutricion y desarrollo infantil,controles repetidos en ninos menores de 2 anos,2005-11-01,11,11,8,19
HUANUNI,nutricion y desarrollo infantil,controles repetidos en ninos menores de 2 anos,2005-11-01,194,194,145,339
HUARACAJE,nutricion y desarrollo infantil,controles repetidos en ninos menores de 2 anos,2005-11-01,52,52,34,86
HUAYLLAMARCA,nutricion y desarrollo infantil,controles repetidos en ninos menores de 2 anos,2005-11-01,33,33,38,71
ICHOCA,nutricion y desarrollo infantil,controles repetidos en ninos menores de 2 anos,2005-11-01,55,55,67,122
ICLA,nutricion y desarrollo infantil,controles repetidos en ninos menores de 2 anos,2005-11-01,183,183,182,365
INCAHUASI,nutricion y desarrollo infantil,controles repetidos en ninos menores de 2 anos,2005-11-01,338,338,320,658
INGAVI (HUMAITA),nutricion y desarrollo infantil,controles repetidos en ninos menores de 2 anos,2005-11-01,1,1,1,2
INQUISIVI,nutricion y desarrollo infantil,controles repetidos en ninos menores de 2 anos,2005-11-01,85,85,95,180
IRUPANA (VILLA DE LANZA),nutricion y desarrollo infantil,controles repetidos en ninos menores de 2 anos,2005-11-01,110,110,123,233
IXIAMAS,nutricion y desarrollo infantil,controles repetidos en ninos menores de 2 anos,2005-11-01,84,84,65,149
JESUS DE MACHACA,nutricion y desarrollo infantil,controles repetidos en ninos menores de 2 anos,2005-11-01,103,103,88,191
LA ASUNTA,nutricion y desarrollo infantil,controles repetidos en ninos menores de 2 anos,2005-11-01,170,170,157,327
LA GUARDIA,nutricion y desarrollo infantil,controles repetidos en ninos menores de 2 anos,2005-11-01,327,327,305,632
LA PAZ,nutricion y desarrollo infantil,controles repetidos en ninos menores de 2 anos,2005-11-01,3593,3593,3288,6881
LA RIVERA,nutricion y desarrollo infantil,controles repetidos en ninos menores de 2 anos,2005-11-01,0,0,4,4
LAGUNILLAS,nutricion y desarrollo infantil,controles repetidos en ninos menores de 2 anos,2005-11-01,87,87,94,181
LAJA,nutricion y desarrollo infantil,controles repetidos en ninos menores de 2 anos,2005-11-01,95,95,109,204
LAS CARRERAS,nutricion y desarrollo infantil,controles repetidos en ninos menores de 2 anos,2005-11-01,49,49,53,102
LICOMA PAMPA,nutricion y desarrollo infantil,controles repetidos en ninos menores de 2 anos,2005-11-01,14,14,17,31
LLALLAGUA,nutricion y desarrollo infantil,controles repetidos en ninos menores de 2 anos,2005-11-01,260,260,286,546
LLICA,nutricion y desarrollo infantil,controles repetidos en ninos menores de 2 anos,2005-11-01,38,38,37,75
LORETO,nutricion y desarrollo infantil,controles repetidos en ninos menores de 2 anos,2005-11-01,17,17,24,41
LURIBAY,nutricion y desarrollo infantil,controles repetidos en ninos menores de 2 anos,2005-11-01,157,157,141,298
MACHACAMARCA,nutricion y desarrollo infantil,controles repetidos en ninos menores de 2 anos,2005-11-01,23,23,24,47
MACHARETI,nutricion y desarrollo infantil,controles repetidos en ninos menores de 2 anos,2005-11-01,116,116,118,234
MAGDALENA,nutricion y desarrollo infantil,controles repetidos en ninos menores de 2 anos,2005-11-01,98,98,94,192
MAIRANA,nutricion y desarrollo infantil,controles repetidos en ninos menores de 2 anos,2005-11-01,97,97,109,206
MALLA,nutricion y desarrollo infantil,controles repetidos en ninos menores de 2 anos,2005-11-01,38,38,40,78
MAPIRI,nutricion y desarrollo infantil,controles repetidos en ninos menores de 2 anos,2005-11-01,155,155,139,294
MECAPACA,nutricion y desarrollo infantil,controles repetidos en ninos menores de 2 anos,2005-11-01,50,50,44,94
MINEROS,nutricion y desarrollo infantil,controles repetidos en ninos menores de 2 anos,2005-11-01,213,213,212,425
MIZQUE,nutricion y desarrollo infantil,controles repetidos en ninos menores de 2 anos,2005-11-01,127,127,123,250
MOCOMOCO,nutricion y desarrollo infantil,controles repetidos en ninos menores de 2 anos,2005-11-01,139,139,113,252
MOJINETE,nutricion y desarrollo infantil,controles repetidos en ninos menores de 2 anos,2005-11-01,15,15,10,25
MOJOCOYA,nutricion y desarrollo infantil,controles repetidos en ninos menores de 2 anos,2005-11-01,114,114,95,209
MONTEAGUDO,nutricion y desarrollo infantil,controles repetidos en ninos menores de 2 anos,2005-11-01,382,382,348,730
MONTERO,nutricion y desarrollo infantil,controles repetidos en ninos menores de 2 anos,2005-11-01,954,954,990,1944
MORO MORO,nutricion y desarrollo infantil,controles repetidos en ninos menores de 2 anos,2005-11-01,34,34,12,46
MOROCHATA,nutricion y desarrollo infantil,controles repetidos en ninos menores de 2 anos,2005-11-01,121,121,101,222
NACEBE (SANTA ROSA DEL ABUNA),nutricion y desarrollo infantil,controles repetidos en ninos menores de 2 anos,2005-11-01,13,13,9,22
NAZACARA DE PACAJES,nutricion y desarrollo infantil,controles repetidos en ninos menores de 2 anos,2005-11-01,0,0,2,2
NUEVO MANOA (NUEVA ESPERANZA),nutricion y desarrollo infantil,controles repetidos en ninos menores de 2 anos,2005-11-01,32,32,16,48
OCURI,nutricion y desarrollo infantil,controles repetidos en ninos menores de 2 anos,2005-11-01,221,221,189,410
OKINAWA,nutricion y desarrollo infantil,controles repetidos en ninos menores de 2 anos,2005-11-01,115,115,123,238
OMEREQUE,nutricion y desarrollo infantil,controles repetidos en ninos menores de 2 anos,2005-11-01,48,48,55,103
ORURO,nutricion y desarrollo infantil,controles repetidos en ninos menores de 2 anos,2005-11-01,1231,1231,1135,2366
PADCAYA,nutricion y desarrollo infantil,controles repetidos en ninos menores de 2 anos,2005-11-01,201,201,164,365
PADILLA,nutricion y desarrollo infantil,controles repetidos en ninos menores de 2 anos,2005-11-01,159,159,150,309
PAILON,nutricion y desarrollo infantil,controles repetidos en ninos menores de 2 anos,2005-11-01,77,77,71,148
PALCA,nutricion y desarrollo infantil,controles repetidos en ninos menores de 2 anos,2005-11-01,71,71,83,154
PALOS BLANCOS,nutricion y desarrollo infantil,controles repetidos en ninos menores de 2 anos,2005-11-01,330,330,286,616
PAMPA AULLAGAS,nutricion y desarrollo infantil,controles repetidos en ninos menores de 2 anos,2005-11-01,25,25,26,51
PAMPA GRANDE,nutricion y desarrollo infantil,controles repetidos en ninos menores de 2 anos,2005-11-01,67,67,40,107
PAPEL PAMPA,nutricion y desarrollo infantil,controles repetidos en ninos menores de 2 anos,2005-11-01,14,14,25,39
PASORAPA,nutricion y desarrollo infantil,controles repetidos en ninos menores de 2 anos,2005-11-01,50,50,60,110
PATACAMAYA,nutricion y desarrollo infantil,controles repetidos en ninos menores de 2 anos,2005-11-01,172,172,202,374
PAZÑA,nutricion y desarrollo infantil,controles repetidos en ninos menores de 2 anos,2005-11-01,36,36,37,73
PELECHUCO,nutricion y desarrollo infantil,controles repetidos en ninos menores de 2 anos,2005-11-01,41,41,35,76
POCOATA,nutricion y desarrollo infantil,controles repetidos en ninos menores de 2 anos,2005-11-01,251,251,272,523
POCONA,nutricion y desarrollo infantil,controles repetidos en ninos menores de 2 anos,2005-11-01,52,52,47,99
POJO (CBBA),nutricion y desarrollo infantil,controles repetidos en ninos menores de 2 anos,2005-11-01,100,100,124,224
POOPO,nutricion y desarrollo infantil,controles repetidos en ninos menores de 2 anos,2005-11-01,27,27,39,66
PORCO,nutricion y desarrollo infantil,controles repetidos en ninos menores de 2 anos,2005-11-01,69,69,88,157
POROMA,nutricion y desarrollo infantil,controles repetidos en ninos menores de 2 anos,2005-11-01,236,236,238,474
PORONGO,nutricion y desarrollo infantil,controles repetidos en ninos menores de 2 anos,2005-11-01,49,49,42,91
PORTACHUELO,nutricion y desarrollo infantil,controles repetidos en ninos menores de 2 anos,2005-11-01,202,202,185,387
PORVENIR,nutricion y desarrollo infantil,controles repetidos en ninos menores de 2 anos,2005-11-01,43,43,37,80
POSTRER VALLE,nutricion y desarrollo infantil,controles repetidos en ninos menores de 2 anos,2005-11-01,17,17,25,42
POTOSI,nutricion y desarrollo infantil,controles repetidos en ninos menores de 2 anos,2005-11-01,1054,1054,1029,2083
PRESTO,nutricion y desarrollo infantil,controles repetidos en ninos menores de 2 anos,2005-11-01,177,177,147,324
PUCARA,nutricion y desarrollo infantil,controles repetidos en ninos menores de 2 anos,2005-11-01,8,8,0,8
PUCARANI,nutricion y desarrollo infantil,controles repetidos en ninos menores de 2 anos,2005-11-01,202,202,189,391
PUERTO ACOSTA,nutricion y desarrollo infantil,controles repetidos en ninos menores de 2 anos,2005-11-01,129,129,153,282
PUERTO CARABUCO,nutricion y desarrollo infantil,controles repetidos en ninos menores de 2 anos,2005-11-01,95,95,101,196
PUERTO GONZALO MORENO,nutricion y desarrollo infantil,controles repetidos en ninos menores de 2 anos,2005-11-01,62,62,63,125
PUERTO PEREZ,nutricion y desarrollo infantil,controles repetidos en ninos menores de 2 anos,2005-11-01,45,45,35,80
PUERTO QUIJARRO,nutricion y desarrollo infantil,controles repetidos en ninos menores de 2 anos,2005-11-01,115,115,112,227
PUERTO RICO,nutricion y desarrollo infantil,controles repetidos en ninos menores de 2 anos,2005-11-01,104,104,116,220
PUERTO SILES,nutricion y desarrollo infantil,controles repetidos en ninos menores de 2 anos,2005-11-01,28,28,35,63
PUERTO SUAREZ,nutricion y desarrollo infantil,controles repetidos en ninos menores de 2 anos,2005-11-01,94,94,85,179
PUERTO VILLARROEL,nutricion y desarrollo infantil,controles repetidos en ninos menores de 2 anos,2005-11-01,160,160,164,324
PUNA,nutricion y desarrollo infantil,controles repetidos en ninos menores de 2 anos,2005-11-01,283,283,270,553
PUNATA,nutricion y desarrollo infantil,controles repetidos en ninos menores de 2 anos,2005-11-01,147,147,136,283
QUIABAYA,nutricion y desarrollo infantil,controles repetidos en ninos menores de 2 anos,2005-11-01,27,27,22,49
QUILLACOLLO,nutricion y desarrollo infantil,controles repetidos en ninos menores de 2 anos,2005-11-01,171,171,102,273
QUIME,nutricion y desarrollo infantil,controles repetidos en ninos menores de 2 anos,2005-11-01,100,100,92,192
QUIRUSILLAS,nutricion y desarrollo infantil,controles repetidos en ninos menores de 2 anos,2005-11-01,17,17,7,24
RAVELO,nutricion y desarrollo infantil,controles repetidos en ninos menores de 2 anos,2005-11-01,398,398,361,759
REYES,nutricion y desarrollo infantil,controles repetidos en ninos menores de 2 anos,2005-11-01,149,149,128,277
RIBERALTA,nutricion y desarrollo infantil,controles repetidos en ninos menores de 2 anos,2005-11-01,1038,1038,1004,2042
ROBORE,nutricion y desarrollo infantil,controles repetidos en ninos menores de 2 anos,2005-11-01,119,119,106,225
RURRENABAQUE,nutricion y desarrollo infantil,controles repetidos en ninos menores de 2 anos,2005-11-01,128,128,127,255
SABAYA,nutricion y desarrollo infantil,controles repetidos en ninos menores de 2 anos,2005-11-01,28,28,17,45
SACABA,nutricion y desarrollo infantil,controles repetidos en ninos menores de 2 anos,2005-11-01,345,345,287,632
SACABAMBA,nutricion y desarrollo infantil,controles repetidos en ninos menores de 2 anos,2005-11-01,9,9,12,21
SACACA,nutricion y desarrollo infantil,controles repetidos en ninos menores de 2 anos,2005-11-01,285,285,266,551
SAIPINA,nutricion y desarrollo infantil,controles repetidos en ninos menores de 2 anos,2005-11-01,54,54,56,110
SALINAS DE GARCI MENDOZA,nutricion y desarrollo infantil,controles repetidos en ninos menores de 2 anos,2005-11-01,81,81,94,175
SAMAIPATA,nutricion y desarrollo infantil,controles repetidos en ninos menores de 2 anos,2005-11-01,100,100,74,174
SAN AGUSTIN,nutricion y desarrollo infantil,controles repetidos en ninos menores de 2 anos,2005-11-01,26,26,21,47
SAN ANDRES,nutricion y desarrollo infantil,controles repetidos en ninos menores de 2 anos,2005-11-01,92,92,79,171
SAN ANDRES DE MACHACA,nutricion y desarrollo infantil,controles repetidos en ninos menores de 2 anos,2005-11-01,49,49,40,89
SAN ANTONIO DE ESMORUCO,nutricion y desarrollo infantil,controles repetidos en ninos menores de 2 anos,2005-11-01,5,5,10,15
SAN ANTONIO DE LOMERIO,nutricion y desarrollo infantil,controles repetidos en ninos menores de 2 anos,2005-11-01,126,126,150,276
SAN BENITO,nutricion y desarrollo infantil,controles repetidos en ninos menores de 2 anos,2005-11-01,89,89,98,187
SAN BORJA,nutricion y desarrollo infantil,controles repetidos en ninos menores de 2 anos,2005-11-01,461,461,388,849
SAN BUENA VENTURA,nutricion y desarrollo infantil,controles repetidos en ninos menores de 2 anos,2005-11-01,42,42,44,86
SAN CARLOS,nutricion y desarrollo infantil,controles repetidos en ninos menores de 2 anos,2005-11-01,238,238,192,430
SAN IGNACIO,nutricion y desarrollo infantil,controles repetidos en ninos menores de 2 anos,2005-11-01,256,256,211,467
SAN IGNACIO DE VELASCO,nutricion y desarrollo infantil,controles repetidos en ninos menores de 2 anos,2005-11-01,579,579,536,1115
SAN JAVIER(BNI),nutricion y desarrollo infantil,controles repetidos en ninos menores de 2 anos,2005-11-01,50,50,52,102
SAN JAVIER(STC),nutricion y desarrollo infantil,controles repetidos en ninos menores de 2 anos,2005-11-01,102,102,78,180
SAN JOAQUIN,nutricion y desarrollo infantil,controles repetidos en ninos menores de 2 anos,2005-11-01,45,45,42,87
SAN JOSE DE CHIQUITOS,nutricion y desarrollo infantil,controles repetidos en ninos menores de 2 anos,2005-11-01,97,97,99,196
SAN JUAN DE YAPACANI,nutricion y desarrollo infantil,controles repetidos en ninos menores de 2 anos,2005-11-01,139,139,122,261
SAN JULIAN,nutricion y desarrollo infantil,controles repetidos en ninos menores de 2 anos,2005-11-01,238,238,279,517
SAN LORENZO(PND),nutricion y desarrollo infantil,controles repetidos en ninos menores de 2 anos,2005-11-01,26,26,17,43
SAN LORENZO(TJA),nutricion y desarrollo infantil,controles repetidos en ninos menores de 2 anos,2005-11-01,129,129,127,256
SAN LUCAS,nutricion y desarrollo infantil,controles repetidos en ninos menores de 2 anos,2005-11-01,586,586,575,1161
SAN MATIAS,nutricion y desarrollo infantil,controles repetidos en ninos menores de 2 anos,2005-11-01,189,189,169,358
SAN MIGUEL DE VELASCO,nutricion y desarrollo infantil,controles repetidos en ninos menores de 2 anos,2005-11-01,158,158,120,278
SAN PABLO DE LIPEZ,nutricion y desarrollo infantil,controles repetidos en ninos menores de 2 anos,2005-11-01,25,25,31,56
SAN PEDRO,nutricion y desarrollo infantil,controles repetidos en ninos menores de 2 anos,2005-11-01,157,157,143,300
SAN PEDRO DE BUENA VISTA,nutricion y desarrollo infantil,controles repetidos en ninos menores de 2 anos,2005-11-01,261,261,292,553
SAN PEDRO DE CURAHUARA,nutricion y desarrollo infantil,controles repetidos en ninos menores de 2 anos,2005-11-01,93,93,100,193
SAN PEDRO DE QUEMES,nutricion y desarrollo infantil,controles repetidos en ninos menores de 2 anos,2005-11-01,5,5,10,15
SAN PEDRO DE TIQUINA,nutricion y desarrollo infantil,controles repetidos en ninos menores de 2 anos,2005-11-01,40,40,31,71
SAN RAFAEL,nutricion y desarrollo infantil,controles repetidos en ninos menores de 2 anos,2005-11-01,81,81,79,160
SAN RAMON,nutricion y desarrollo infantil,controles repetidos en ninos menores de 2 anos,2005-11-01,48,48,41,89
SAN RAMON,nutricion y desarrollo infantil,controles repetidos en ninos menores de 2 anos,2005-11-01,34,34,45,79
SANTA ANA,nutricion y desarrollo infantil,controles repetidos en ninos menores de 2 anos,2005-11-01,131,131,153,284
SANTA CRUZ DE LA SIERRA,nutricion y desarrollo infantil,controles repetidos en ninos menores de 2 anos,2005-11-01,5711,5711,4858,10569
SANTA ROSA,nutricion y desarrollo infantil,controles repetidos en ninos menores de 2 anos,2005-11-01,82,82,89,171
SANTA ROSA DEL SARA,nutricion y desarrollo infantil,controles repetidos en ninos menores de 2 anos,2005-11-01,107,107,120,227
SANTIAGO DE CALLAPA,nutricion y desarrollo infantil,controles repetidos en ninos menores de 2 anos,2005-11-01,25,25,31,56
SANTIAGO DE HUARI,nutricion y desarrollo infantil,controles repetidos en ninos menores de 2 anos,2005-11-01,57,57,53,110
SANTIAGO DE MACHACA,nutricion y desarrollo infantil,controles repetidos en ninos menores de 2 anos,2005-11-01,27,27,26,53
SANTIVAÑES,nutricion y desarrollo infantil,controles repetidos en ninos menores de 2 anos,2005-11-01,53,53,55,108
SANTUARIO DE QUILLACAS,nutricion y desarrollo infantil,controles repetidos en ninos menores de 2 anos,2005-11-01,21,21,17,38
SAPAHAQUI,nutricion y desarrollo infantil,controles repetidos en ninos menores de 2 anos,2005-11-01,91,91,81,172
SENA,nutricion y desarrollo infantil,controles repetidos en ninos menores de 2 anos,2005-11-01,50,50,59,109
SICA SICA (VILLA AROMA),nutricion y desarrollo infantil,controles repetidos en ninos menores de 2 anos,2005-11-01,175,175,191,366
SICAYA,nutricion y desarrollo infantil,controles repetidos en ninos menores de 2 anos,2005-11-01,23,23,18,41
SIPE SIPE,nutricion y desarrollo infantil,controles repetidos en ninos menores de 2 anos,2005-11-01,445,445,396,841
SOPACHUY,nutricion y desarrollo infantil,controles repetidos en ninos menores de 2 anos,2005-11-01,99,99,99,198
SORACACHI,nutricion y desarrollo infantil,controles repetidos en ninos menores de 2 anos,2005-11-01,84,84,85,169
SORATA,nutricion y desarrollo infantil,controles repetidos en ninos menores de 2 anos,2005-11-01,114,114,116,230
SUCRE,nutricion y desarrollo infantil,controles repetidos en ninos menores de 2 anos,2005-11-01,1601,1601,1506,3107
TACACHI,nutricion y desarrollo infantil,controles repetidos en ninos menores de 2 anos,2005-11-01,8,8,14,22
TACACOMA,nutricion y desarrollo infantil,controles repetidos en ninos menores de 2 anos,2005-11-01,52,52,34,86
TACOBAMBA,nutricion y desarrollo infantil,controles repetidos en ninos menores de 2 anos,2005-11-01,136,136,135,271
TACOPAYA,nutricion y desarrollo infantil,controles repetidos en ninos menores de 2 anos,2005-11-01,159,159,142,301
TAHUA,nutricion y desarrollo infantil,controles repetidos en ninos menores de 2 anos,2005-11-01,14,14,7,21
TAPACARI,nutricion y desarrollo infantil,controles repetidos en ninos menores de 2 anos,2005-11-01,241,241,185,426
TARABUCO,nutricion y desarrollo infantil,controles repetidos en ninos menores de 2 anos,2005-11-01,385,385,392,777
TARACO,nutricion y desarrollo infantil,controles repetidos en ninos menores de 2 anos,2005-11-01,43,43,25,68
TARATA,nutricion y desarrollo infantil,controles repetidos en ninos menores de 2 anos,2005-11-01,45,45,39,84
TARIJA,nutricion y desarrollo infantil,controles repetidos en ninos menores de 2 anos,2005-11-01,714,714,864,1578
TARVITA,nutricion y desarrollo infantil,controles repetidos en ninos menores de 2 anos,2005-11-01,273,273,256,529
TEOPONTE,nutricion y desarrollo infantil,controles repetidos en ninos menores de 2 anos,2005-11-01,65,65,64,129
TIAWANACU,nutricion y desarrollo infantil,controles repetidos en ninos menores de 2 anos,2005-11-01,94,94,85,179
TINGUIPAYA,nutricion y desarrollo infantil,controles repetidos en ninos menores de 2 anos,2005-11-01,200,200,200,400
TIPUANI,nutricion y desarrollo infantil,controles repetidos en ninos menores de 2 anos,2005-11-01,55,55,40,95
TIQUIPAYA,nutricion y desarrollo infantil,controles repetidos en ninos menores de 2 anos,2005-11-01,85,85,71,156
TIRAQUE (CBBA),nutricion y desarrollo infantil,controles repetidos en ninos menores de 2 anos,2005-11-01,167,167,136,303
TITO YUPANQUI (PARQUIPUJIO),nutricion y desarrollo infantil,controles repetidos en ninos menores de 2 anos,2005-11-01,9,9,14,23
TOCO,nutricion y desarrollo infantil,controles repetidos en ninos menores de 2 anos,2005-11-01,30,30,23,53
TODOS SANTOS,nutricion y desarrollo infantil,controles repetidos en ninos menores de 2 anos,2005-11-01,0,0,1,1
TOLATA,nutricion y desarrollo infantil,controles repetidos en ninos menores de 2 anos,2005-11-01,15,15,17,32
TOLEDO,nutricion y desarrollo infantil,controles repetidos en ninos menores de 2 anos,2005-11-01,43,43,33,76
TOMAVE,nutricion y desarrollo infantil,controles repetidos en ninos menores de 2 anos,2005-11-01,89,89,89,178
TOMINA,nutricion y desarrollo infantil,controles repetidos en ninos menores de 2 anos,2005-11-01,183,183,173,356
TORO TORO,nutricion y desarrollo infantil,controles repetidos en ninos menores de 2 anos,2005-11-01,225,225,157,382
TOTORA(CBBA),nutricion y desarrollo infantil,controles repetidos en ninos menores de 2 anos,2005-11-01,67,67,65,132
TOTORA(ORR),nutricion y desarrollo infantil,controles repetidos en ninos menores de 2 anos,2005-11-01,25,25,40,65
TRIGAL,nutricion y desarrollo infantil,controles repetidos en ninos menores de 2 anos,2005-11-01,25,25,15,40
TRINIDAD,nutricion y desarrollo infantil,controles repetidos en ninos menores de 2 anos,2005-11-01,541,541,495,1036
TUPIZA,nutricion y desarrollo infantil,controles repetidos en ninos menores de 2 anos,2005-11-01,332,332,309,641
TURCO,nutricion y desarrollo infantil,controles repetidos en ninos menores de 2 anos,2005-11-01,25,25,26,51
UMALA,nutricion y desarrollo infantil,controles repetidos en ninos menores de 2 anos,2005-11-01,23,23,33,56
UNCIA,nutricion y desarrollo infantil,controles repetidos en ninos menores de 2 anos,2005-11-01,179,179,163,342
URIONDO (A. CONCEPCION),nutricion y desarrollo infantil,controles repetidos en ninos menores de 2 anos,2005-11-01,190,190,206,396
URUBICHA,nutricion y desarrollo infantil,controles repetidos en ninos menores de 2 anos,2005-11-01,1,1,1,2
UYUNI,nutricion y desarrollo infantil,controles repetidos en ninos menores de 2 anos,2005-11-01,252,252,219,471
VACAS,nutricion y desarrollo infantil,controles repetidos en ninos menores de 2 anos,2005-11-01,108,108,97,205
VALLEGRANDE,nutricion y desarrollo infantil,controles repetidos en ninos menores de 2 anos,2005-11-01,181,181,156,337
VIACHA,nutricion y desarrollo infantil,controles repetidos en ninos menores de 2 anos,2005-11-01,224,224,175,399
VILA VILA,nutricion y desarrollo infantil,controles repetidos en ninos menores de 2 anos,2005-11-01,40,40,40,80
VILLA MONTES,nutricion y desarrollo infantil,controles repetidos en ninos menores de 2 anos,2005-11-01,277,277,681,958
VILLA NUEVA (LOMA ALTA),nutricion y desarrollo infantil,controles repetidos en ninos menores de 2 anos,2005-11-01,28,28,27,55
VILLA RIVERO,nutricion y desarrollo infantil,controles repetidos en ninos menores de 2 anos,2005-11-01,44,44,50,94
VILLA SERRANO,nutricion y desarrollo infantil,controles repetidos en ninos menores de 2 anos,2005-11-01,233,233,369,602
VILLA TUNARI,nutricion y desarrollo infantil,controles repetidos en ninos menores de 2 anos,2005-11-01,316,316,304,620
VILLA VACA GUZMAN (MUYUPAMPA),nutricion y desarrollo infantil,controles repetidos en ninos menores de 2 anos,2005-11-01,171,171,181,352
VILLAZON,nutricion y desarrollo infantil,controles repetidos en ninos menores de 2 anos,2005-11-01,336,336,315,651
VINTO,nutricion y desarrollo infantil,controles repetidos en ninos menores de 2 anos,2005-11-01,39,39,36,75
VITICHI,nutricion y desarrollo infantil,controles repetidos en ninos menores de 2 anos,2005-11-01,112,112,123,235
WALDO BALLIVIAN,nutricion y desarrollo infantil,controles repetidos en ninos menores de 2 anos,2005-11-01,23,23,18,41
WARNES,nutricion y desarrollo infantil,controles repetidos en ninos menores de 2 anos,2005-11-01,565,565,551,1116
YACO,nutricion y desarrollo infantil,controles repetidos en ninos menores de 2 anos,2005-11-01,72,72,71,143
YACUIBA,nutricion y desarrollo infantil,controles repetidos en ninos menores de 2 anos,2005-11-01,245,245,255,500
YAMPARAEZ,nutricion y desarrollo infantil,controles repetidos en ninos menores de 2 anos,2005-11-01,164,164,164,328
YANACACHI,nutricion y desarrollo infantil,controles repetidos en ninos menores de 2 anos,2005-11-01,38,38,32,70
YAPACANI,nutricion y desarrollo infantil,controles repetidos en ninos menores de 2 anos,2005-11-01,533,533,515,1048
YOCALLA,nutricion y desarrollo infantil,controles repetidos en ninos menores de 2 anos,2005-11-01,23,23,24,47
YOTALA,nutricion y desarrollo infantil,controles repetidos en ninos menores de 2 anos,2005-11-01,125,125,121,246
YUNCHARA,nutricion y desarrollo infantil,controles repetidos en ninos menores de 2 anos,2005-11-01,66,66,56,122
ZUDAÑEZ,nutricion y desarrollo infantil,controles repetidos en ninos menores de 2 anos,2005-11-01,142,142,110,252
ACACIO,nutricion y desarrollo infantil,controles repetidos en ninos menores de 2 anos,2005-12-01,107,107,111,218
ACHACACHI,nutricion y desarrollo infantil,controles repetidos en ninos menores de 2 anos,2005-12-01,268,268,254,522
ACHOCALLA,nutricion y desarrollo infantil,controles repetidos en ninos menores de 2 anos,2005-12-01,40,40,44,84
AIQUILE,nutricion y desarrollo infantil,controles repetidos en ninos menores de 2 anos,2005-12-01,57,57,38,95
ALALAY,nutricion y desarrollo infantil,controles repetidos en ninos menores de 2 anos,2005-12-01,8,8,10,18
ALCALA,nutricion y desarrollo infantil,controles repetidos en ninos menores de 2 anos,2005-12-01,63,63,51,114
ANCORAIMES,nutricion y desarrollo infantil,controles repetidos en ninos menores de 2 anos,2005-12-01,51,51,34,85
ANDAMARCA,nutricion y desarrollo infantil,controles repetidos en ninos menores de 2 anos,2005-12-01,23,23,23,46
ANTEQUERA,nutricion y desarrollo infantil,controles repetidos en ninos menores de 2 anos,2005-12-01,28,28,21,49
ANZALDO,nutricion y desarrollo infantil,controles repetidos en ninos menores de 2 anos,2005-12-01,4,4,3,7
APOLO,nutricion y desarrollo infantil,controles repetidos en ninos menores de 2 anos,2005-12-01,110,110,119,229
ARAMPAMPA,nutricion y desarrollo infantil,controles repetidos en ninos menores de 2 anos,2005-12-01,96,96,66,162
ARANI,nutricion y desarrollo infantil,controles repetidos en ninos menores de 2 anos,2005-12-01,38,38,46,84
ARBIETO,nutricion y desarrollo infantil,controles repetidos en ninos menores de 2 anos,2005-12-01,37,37,25,62
ARQUE,nutricion y desarrollo infantil,controles repetidos en ninos menores de 2 anos,2005-12-01,110,110,91,201
ASCENCION DE GUARAYOS,nutricion y desarrollo infantil,controles repetidos en ninos menores de 2 anos,2005-12-01,372,372,354,726
ATOCHA,nutricion y desarrollo infantil,controles repetidos en ninos menores de 2 anos,2005-12-01,151,151,125,276
AUCAPATA,nutricion y desarrollo infantil,controles repetidos en ninos menores de 2 anos,2005-12-01,42,42,33,75
AYATA,nutricion y desarrollo infantil,controles repetidos en ninos menores de 2 anos,2005-12-01,84,84,91,175
AYO AYO,nutricion y desarrollo infantil,controles repetidos en ninos menores de 2 anos,2005-12-01,49,49,33,82
AYOPAYA (V. DE INDEPENDENCIA),nutricion y desarrollo infantil,controles repetidos en ninos menores de 2 anos,2005-12-01,139,139,158,297
AZURDUY,nutricion y desarrollo infantil,controles repetidos en ninos menores de 2 anos,2005-12-01,220,220,225,445
BATALLAS,nutricion y desarrollo infantil,controles repetidos en ninos menores de 2 anos,2005-12-01,31,31,74,105
BAURES,nutricion y desarrollo infantil,controles repetidos en ninos menores de 2 anos,2005-12-01,30,30,33,63
BELEN DE ANDAMARCA,nutricion y desarrollo infantil,controles repetidos en ninos menores de 2 anos,2005-12-01,9,9,6,15
BELEN DE URMIRI,nutricion y desarrollo infantil,controles repetidos en ninos menores de 2 anos,2005-12-01,23,23,19,42
BELLA FLOR,nutricion y desarrollo infantil,controles repetidos en ninos menores de 2 anos,2005-12-01,41,41,54,95
BERMEJO,nutricion y desarrollo infantil,controles repetidos en ninos menores de 2 anos,2005-12-01,32,32,39,71
BETANZOS,nutricion y desarrollo infantil,controles repetidos en ninos menores de 2 anos,2005-12-01,281,281,283,564
BOLIVAR,nutricion y desarrollo infantil,controles repetidos en ninos menores de 2 anos,2005-12-01,105,105,98,203
BOLPEBRA,nutricion y desarrollo infantil,controles repetidos en ninos menores de 2 anos,2005-12-01,2,2,5,7
BOYUIBE,nutricion y desarrollo infantil,controles repetidos en ninos menores de 2 anos,2005-12-01,33,33,20,53
BUENA VISTA,nutricion y desarrollo infantil,controles repetidos en ninos menores de 2 anos,2005-12-01,161,161,132,293
CABEZAS,nutricion y desarrollo infantil,controles repetidos en ninos menores de 2 anos,2005-12-01,118,118,77,195
CAIROMA,nutricion y desarrollo infantil,controles repetidos en ninos menores de 2 anos,2005-12-01,134,134,123,257
"CAIZA ""D""",nutricion y desarrollo infantil,controles repetidos en ninos menores de 2 anos,2005-12-01,58,58,55,113
CAJUATA,nutricion y desarrollo infantil,controles repetidos en ninos menores de 2 anos,2005-12-01,62,62,51,113
CALACOTO,nutricion y desarrollo infantil,controles repetidos en ninos menores de 2 anos,2005-12-01,37,37,28,65
CALAMARCA,nutricion y desarrollo infantil,controles repetidos en ninos menores de 2 anos,2005-12-01,173,173,168,341
CAMARGO,nutricion y desarrollo infantil,controles repetidos en ninos menores de 2 anos,2005-12-01,56,56,69,125
CAMATAQUI (C. VILLA ABECIA),nutricion y desarrollo infantil,controles repetidos en ninos menores de 2 anos,2005-12-01,54,54,33,87
CAMIRI,nutricion y desarrollo infantil,controles repetidos en ninos menores de 2 anos,2005-12-01,263,263,209,472
CAPINOTA,nutricion y desarrollo infantil,controles repetidos en ninos menores de 2 anos,2005-12-01,196,196,168,364
CAQUIAVIRI,nutricion y desarrollo infantil,controles repetidos en ninos menores de 2 anos,2005-12-01,59,59,69,128
CARACOLLO,nutricion y desarrollo infantil,controles repetidos en ninos menores de 2 anos,2005-12-01,20,20,32,52
CARANAVI,nutricion y desarrollo infantil,controles repetidos en ninos menores de 2 anos,2005-12-01,462,462,402,864
CARAPARI,nutricion y desarrollo infantil,controles repetidos en ninos menores de 2 anos,2005-12-01,108,108,111,219
CARIPUYO,nutricion y desarrollo infantil,controles repetidos en ninos menores de 2 anos,2005-12-01,72,72,73,145
CARMEN RIVERO TORREZ,nutricion y desarrollo infantil,controles repetidos en ninos menores de 2 anos,2005-12-01,16,16,21,37
CATACORA,nutricion y desarrollo infantil,controles repetidos en ninos menores de 2 anos,2005-12-01,0,0,3,3
CHACARILLA,nutricion y desarrollo infantil,controles repetidos en ninos menores de 2 anos,2005-12-01,11,11,7,18
CHALLAPATA,nutricion y desarrollo infantil,controles repetidos en ninos menores de 2 anos,2005-12-01,213,213,174,387
CHAQUI,nutricion y desarrollo infantil,controles repetidos en ninos menores de 2 anos,2005-12-01,59,59,52,111
CHARAGUA,nutricion y desarrollo infantil,controles repetidos en ninos menores de 2 anos,2005-12-01,211,211,172,383
CHARAÑA,nutricion y desarrollo infantil,controles repetidos en ninos menores de 2 anos,2005-12-01,31,31,30,61
CHAYANTA,nutricion y desarrollo infantil,controles repetidos en ninos menores de 2 anos,2005-12-01,119,119,121,240
CHIMORE,nutricion y desarrollo infantil,controles repetidos en ninos menores de 2 anos,2005-12-01,29,29,34,63
CHIPAYA,nutricion y desarrollo infantil,controles repetidos en ninos menores de 2 anos,2005-12-01,9,9,20,29
CHOQUE COTA,nutricion y desarrollo infantil,controles repetidos en ninos menores de 2 anos,2005-12-01,3,3,4,7
CHULUMANI (V. DE LA LIBERTAD),nutricion y desarrollo infantil,controles repetidos en ninos menores de 2 anos,2005-12-01,28,28,46,74
CHUMA,nutricion y desarrollo infantil,controles repetidos en ninos menores de 2 anos,2005-12-01,58,58,57,115
CLIZA,nutricion y desarrollo infantil,controles repetidos en ninos menores de 2 anos,2005-12-01,111,111,90,201
COBIJA,nutricion y desarrollo infantil,controles repetidos en ninos menores de 2 anos,2005-12-01,361,361,262,623
COCHABAMBA,nutricion y desarrollo infantil,controles repetidos en ninos menores de 2 anos,2005-12-01,1912,1912,1685,3597
COIPASA,nutricion y desarrollo infantil,controles repetidos en ninos menores de 2 anos,2005-12-01,4,4,0,4
COLCAPIRHUA,nutricion y desarrollo infantil,controles repetidos en ninos menores de 2 anos,2005-12-01,80,80,79,159
"COLCHA ""K""",nutricion y desarrollo infantil,controles repetidos en ninos menores de 2 anos,2005-12-01,116,116,97,213
COLLANA,nutricion y desarrollo infantil,controles repetidos en ninos menores de 2 anos,2005-12-01,15,15,13,28
COLOMI,nutricion y desarrollo infantil,controles repetidos en ninos menores de 2 anos,2005-12-01,67,67,71,138
COLPA BELGICA,nutricion y desarrollo infantil,controles repetidos en ninos menores de 2 anos,2005-12-01,43,43,38,81
COLQUECHACA,nutricion y desarrollo infantil,controles repetidos en ninos menores de 2 anos,2005-12-01,193,193,171,364
COLQUENCHA,nutricion y desarrollo infantil,controles repetidos en ninos menores de 2 anos,2005-12-01,49,49,59,108
COLQUIRI,nutricion y desarrollo infantil,controles repetidos en ninos menores de 2 anos,2005-12-01,133,133,141,274
COMANCHE,nutricion y desarrollo infantil,controles repetidos en ninos menores de 2 anos,2005-12-01,17,17,8,25
COMARAPA,nutricion y desarrollo infantil,controles repetidos en ninos menores de 2 anos,2005-12-01,138,138,139,277
COMBAYA,nutricion y desarrollo infantil,controles repetidos en ninos menores de 2 anos,2005-12-01,21,21,19,40
CONCEPCION,nutricion y desarrollo infantil,controles repetidos en ninos menores de 2 anos,2005-12-01,58,58,43,101
COPACABANA,nutricion y desarrollo infantil,controles repetidos en ninos menores de 2 anos,2005-12-01,67,67,70,137
CORIPATA,nutricion y desarrollo infantil,controles repetidos en ninos menores de 2 anos,2005-12-01,56,56,46,102
CORO CORO,nutricion y desarrollo infantil,controles repetidos en ninos menores de 2 anos,2005-12-01,83,83,58,141
COROICO,nutricion y desarrollo infantil,controles repetidos en ninos menores de 2 anos,2005-12-01,72,72,78,150
CORQUE,nutricion y desarrollo infantil,controles repetidos en ninos menores de 2 anos,2005-12-01,39,39,32,71
COTAGAITA,nutricion y desarrollo infantil,controles repetidos en ninos menores de 2 anos,2005-12-01,298,298,271,569
COTOCA,nutricion y desarrollo infantil,controles repetidos en ninos menores de 2 anos,2005-12-01,219,219,185,404
CUATRO CAÑADAS,nutricion y desarrollo infantil,controles repetidos en ninos menores de 2 anos,2005-12-01,95,95,56,151
CUCHUMUELA (V. G. VILLARROEL),nutricion y desarrollo infantil,controles repetidos en ninos menores de 2 anos,2005-12-01,6,6,3,9
CUEVO,nutricion y desarrollo infantil,controles repetidos en ninos menores de 2 anos,2005-12-01,27,27,48,75
CULPINA,nutricion y desarrollo infantil,controles repetidos en ninos menores de 2 anos,2005-12-01,358,358,345,703
CURAHUARA DE CARANGAS,nutricion y desarrollo infantil,controles repetidos en ninos menores de 2 anos,2005-12-01,26,26,28,54
CURVA,nutricion y desarrollo infantil,controles repetidos en ninos menores de 2 anos,2005-12-01,7,7,3,10
DESAGUADERO,nutricion y desarrollo infantil,controles repetidos en ninos menores de 2 anos,2005-12-01,21,21,18,39
EL ALTO,nutricion y desarrollo infantil,controles repetidos en ninos menores de 2 anos,2005-12-01,3206,3206,2888,6094
EL CHORO,nutricion y desarrollo infantil,controles repetidos en ninos menores de 2 anos,2005-12-01,16,16,12,28
EL PUENTE(STC),nutricion y desarrollo infantil,controles repetidos en ninos menores de 2 anos,2005-12-01,103,103,101,204
EL PUENTE(TJA),nutricion y desarrollo infantil,controles repetidos en ninos menores de 2 anos,2005-12-01,68,68,87,155
EL TORNO,nutricion y desarrollo infantil,controles repetidos en ninos menores de 2 anos,2005-12-01,191,191,206,397
EL VILLAR,nutricion y desarrollo infantil,controles repetidos en ninos menores de 2 anos,2005-12-01,87,87,72,159
ENTRE RIOS,nutricion y desarrollo infantil,controles repetidos en ninos menores de 2 anos,2005-12-01,162,162,156,318
ENTRE RIOS,nutricion y desarrollo infantil,controles repetidos en ninos menores de 2 anos,2005-12-01,226,226,174,400
ESCARA,nutricion y desarrollo infantil,controles repetidos en ninos menores de 2 anos,2005-12-01,1,1,1,2
EUCALIPTUS,nutricion y desarrollo infantil,controles repetidos en ninos menores de 2 anos,2005-12-01,26,26,28,54
EUREKA (SANTOS MERCADO),nutricion y desarrollo infantil,controles repetidos en ninos menores de 2 anos,2005-12-01,7,7,10,17
EXALTACION,nutricion y desarrollo infantil,controles repetidos en ninos menores de 2 anos,2005-12-01,18,18,24,42
FERNANDEZ ALONSO,nutricion y desarrollo infantil,controles repetidos en ninos menores de 2 anos,2005-12-01,146,146,108,254
FILADELFIA,nutricion y desarrollo infantil,controles repetidos en ninos menores de 2 anos,2005-12-01,31,31,55,86
GENERAL SAAVEDRA,nutricion y desarrollo infantil,controles repetidos en ninos menores de 2 anos,2005-12-01,187,187,158,345
GRAL. J.J. PEREZ (CHARAZANI),nutricion y desarrollo infantil,controles repetidos en ninos menores de 2 anos,2005-12-01,67,67,59,126
GUANAY,nutricion y desarrollo infantil,controles repetidos en ninos menores de 2 anos,2005-12-01,19,19,13,32
GUAQUI,nutricion y desarrollo infantil,controles repetidos en ninos menores de 2 anos,2005-12-01,29,29,23,52
GUAYARAMERIN,nutricion y desarrollo infantil,controles repetidos en ninos menores de 2 anos,2005-12-01,344,344,322,666
GUTIERREZ,nutricion y desarrollo infantil,controles repetidos en ninos menores de 2 anos,2005-12-01,159,159,205,364
HUACARETA,nutricion y desarrollo infantil,controles repetidos en ninos menores de 2 anos,2005-12-01,120,120,113,233
HUACAYA (VILLA DE HUACAYA),nutricion y desarrollo infantil,controles repetidos en ninos menores de 2 anos,2005-12-01,48,48,46,94
HUACHACALLA,nutricion y desarrollo infantil,controles repetidos en ninos menores de 2 anos,2005-12-01,4,4,7,11
HUANUNI,nutricion y desarrollo infantil,controles repetidos en ninos menores de 2 anos,2005-12-01,149,149,105,254
HUARACAJE,nutricion y desarrollo infantil,controles repetidos en ninos menores de 2 anos,2005-12-01,34,34,33,67
HUAYLLAMARCA,nutricion y desarrollo infantil,controles repetidos en ninos menores de 2 anos,2005-12-01,24,24,27,51
ICHOCA,nutricion y desarrollo infantil,controles repetidos en ninos menores de 2 anos,2005-12-01,17,17,15,32
ICLA,nutricion y desarrollo infantil,controles repetidos en ninos menores de 2 anos,2005-12-01,180,180,198,378
INCAHUASI,nutricion y desarrollo infantil,controles repetidos en ninos menores de 2 anos,2005-12-01,299,299,256,555
INGAVI (HUMAITA),nutricion y desarrollo infantil,controles repetidos en ninos menores de 2 anos,2005-12-01,12,12,9,21
INQUISIVI,nutricion y desarrollo infantil,controles repetidos en ninos menores de 2 anos,2005-12-01,150,150,138,288
IRUPANA (VILLA DE LANZA),nutricion y desarrollo infantil,controles repetidos en ninos menores de 2 anos,2005-12-01,103,103,93,196
IXIAMAS,nutricion y desarrollo infantil,controles repetidos en ninos menores de 2 anos,2005-12-01,92,92,67,159
JESUS DE MACHACA,nutricion y desarrollo infantil,controles repetidos en ninos menores de 2 anos,2005-12-01,77,77,67,144
LA ASUNTA,nutricion y desarrollo infantil,controles repetidos en ninos menores de 2 anos,2005-12-01,93,93,79,172
LA GUARDIA,nutricion y desarrollo infantil,controles repetidos en ninos menores de 2 anos,2005-12-01,371,371,350,721
LA PAZ,nutricion y desarrollo infantil,controles repetidos en ninos menores de 2 anos,2005-12-01,3085,3085,2765,5850
LA RIVERA,nutricion y desarrollo infantil,controles repetidos en ninos menores de 2 anos,2005-12-01,0,0,4,4
LAGUNILLAS,nutricion y desarrollo infantil,controles repetidos en ninos menores de 2 anos,2005-12-01,104,104,73,177
LAJA,nutricion y desarrollo infantil,controles repetidos en ninos menores de 2 anos,2005-12-01,125,125,107,232
LAS CARRERAS,nutricion y desarrollo infantil,controles repetidos en ninos menores de 2 anos,2005-12-01,56,56,64,120
LICOMA PAMPA,nutricion y desarrollo infantil,controles repetidos en ninos menores de 2 anos,2005-12-01,14,14,10,24
LLALLAGUA,nutricion y desarrollo infantil,controles repetidos en ninos menores de 2 anos,2005-12-01,211,211,212,423
LLICA,nutricion y desarrollo infantil,controles repetidos en ninos menores de 2 anos,2005-12-01,29,29,23,52
LORETO,nutricion y desarrollo infantil,controles repetidos en ninos menores de 2 anos,2005-12-01,33,33,35,68
LURIBAY,nutricion y desarrollo infantil,controles repetidos en ninos menores de 2 anos,2005-12-01,139,139,116,255
MACHACAMARCA,nutricion y desarrollo infantil,controles repetidos en ninos menores de 2 anos,2005-12-01,12,12,19,31
MACHARETI,nutricion y desarrollo infantil,controles repetidos en ninos menores de 2 anos,2005-12-01,118,118,125,243
MAGDALENA,nutricion y desarrollo infantil,controles repetidos en ninos menores de 2 anos,2005-12-01,45,45,58,103
MAIRANA,nutricion y desarrollo infantil,controles repetidos en ninos menores de 2 anos,2005-12-01,78,78,104,182
MALLA,nutricion y desarrollo infantil,controles repetidos en ninos menores de 2 anos,2005-12-01,24,24,19,43
MAPIRI,nutricion y desarrollo infantil,controles repetidos en ninos menores de 2 anos,2005-12-01,157,157,140,297
MECAPACA,nutricion y desarrollo infantil,controles repetidos en ninos menores de 2 anos,2005-12-01,59,59,54,113
MINEROS,nutricion y desarrollo infantil,controles repetidos en ninos menores de 2 anos,2005-12-01,175,175,172,347
MIZQUE,nutricion y desarrollo infantil,controles repetidos en ninos menores de 2 anos,2005-12-01,105,105,112,217
MOCOMOCO,nutricion y desarrollo infantil,controles repetidos en ninos menores de 2 anos,2005-12-01,54,54,54,108
MOJINETE,nutricion y desarrollo infantil,controles repetidos en ninos menores de 2 anos,2005-12-01,6,6,7,13
MOJOCOYA,nutricion y desarrollo infantil,controles repetidos en ninos menores de 2 anos,2005-12-01,108,108,80,188
MONTEAGUDO,nutricion y desarrollo infantil,controles repetidos en ninos menores de 2 anos,2005-12-01,1312,1312,268,1580
MONTERO,nutricion y desarrollo infantil,controles repetidos en ninos menores de 2 anos,2005-12-01,865,865,822,1687
MORO MORO,nutricion y desarrollo infantil,controles repetidos en ninos menores de 2 anos,2005-12-01,14,14,13,27
MOROCHATA,nutricion y desarrollo infantil,controles repetidos en ninos menores de 2 anos,2005-12-01,122,122,90,212
NACEBE (SANTA ROSA DEL ABUNA),nutricion y desarrollo infantil,controles repetidos en ninos menores de 2 anos,2005-12-01,24,24,17,41
NAZACARA DE PACAJES,nutricion y desarrollo infantil,controles repetidos en ninos menores de 2 anos,2005-12-01,3,3,2,5
NUEVO MANOA (NUEVA ESPERANZA),nutricion y desarrollo infantil,controles repetidos en ninos menores de 2 anos,2005-12-01,47,47,21,68
OCURI,nutricion y desarrollo infantil,controles repetidos en ninos menores de 2 anos,2005-12-01,210,210,201,411
OKINAWA,nutricion y desarrollo infantil,controles repetidos en ninos menores de 2 anos,2005-12-01,113,113,122,235
OMEREQUE,nutricion y desarrollo infantil,controles repetidos en ninos menores de 2 anos,2005-12-01,59,59,44,103
ORURO,nutricion y desarrollo infantil,controles repetidos en ninos menores de 2 anos,2005-12-01,1161,1161,1084,2245
PADCAYA,nutricion y desarrollo infantil,controles repetidos en ninos menores de 2 anos,2005-12-01,101,101,106,207
PADILLA,nutricion y desarrollo infantil,controles repetidos en ninos menores de 2 anos,2005-12-01,166,166,174,340
PAILON,nutricion y desarrollo infantil,controles repetidos en ninos menores de 2 anos,2005-12-01,39,39,38,77
PALCA,nutricion y desarrollo infantil,controles repetidos en ninos menores de 2 anos,2005-12-01,92,92,71,163
PALOS BLANCOS,nutricion y desarrollo infantil,controles repetidos en ninos menores de 2 anos,2005-12-01,266,266,245,511
PAMPA AULLAGAS,nutricion y desarrollo infantil,controles repetidos en ninos menores de 2 anos,2005-12-01,17,17,24,41
PAMPA GRANDE,nutricion y desarrollo infantil,controles repetidos en ninos menores de 2 anos,2005-12-01,73,73,86,159
PAPEL PAMPA,nutricion y desarrollo infantil,controles repetidos en ninos menores de 2 anos,2005-12-01,19,19,22,41
PASORAPA,nutricion y desarrollo infantil,controles repetidos en ninos menores de 2 anos,2005-12-01,52,52,54,106
PATACAMAYA,nutricion y desarrollo infantil,controles repetidos en ninos menores de 2 anos,2005-12-01,89,89,123,212
PAZÑA,nutricion y desarrollo infantil,controles repetidos en ninos menores de 2 anos,2005-12-01,35,35,39,74
PELECHUCO,nutricion y desarrollo infantil,controles repetidos en ninos menores de 2 anos,2005-12-01,33,33,25,58
POCOATA,nutricion y desarrollo infantil,controles repetidos en ninos menores de 2 anos,2005-12-01,156,156,201,357
POCONA,nutricion y desarrollo infantil,controles repetidos en ninos menores de 2 anos,2005-12-01,104,104,90,194
POJO (CBBA),nutricion y desarrollo infantil,controles repetidos en ninos menores de 2 anos,2005-12-01,61,61,61,122
POOPO,nutricion y desarrollo infantil,controles repetidos en ninos menores de 2 anos,2005-12-01,27,27,30,57
PORCO,nutricion y desarrollo infantil,controles repetidos en ninos menores de 2 anos,2005-12-01,76,76,74,150
POROMA,nutricion y desarrollo infantil,controles repetidos en ninos menores de 2 anos,2005-12-01,176,176,164,340
PORONGO,nutricion y desarrollo infantil,controles repetidos en ninos menores de 2 anos,2005-12-01,29,29,27,56
PORTACHUELO,nutricion y desarrollo infantil,controles repetidos en ninos menores de 2 anos,2005-12-01,173,173,122,295
PORVENIR,nutricion y desarrollo infantil,controles repetidos en ninos menores de 2 anos,2005-12-01,40,40,47,87
POSTRER VALLE,nutricion y desarrollo infantil,controles repetidos en ninos menores de 2 anos,2005-12-01,21,21,21,42
POTOSI,nutricion y desarrollo infantil,controles repetidos en ninos menores de 2 anos,2005-12-01,1042,1042,942,1984
PRESTO,nutricion y desarrollo infantil,controles repetidos en ninos menores de 2 anos,2005-12-01,97,97,115,212
PUCARA,nutricion y desarrollo infantil,controles repetidos en ninos menores de 2 anos,2005-12-01,19,19,16,35
PUCARANI,nutricion y desarrollo infantil,controles repetidos en ninos menores de 2 anos,2005-12-01,118,118,139,257
PUERTO ACOSTA,nutricion y desarrollo infantil,controles repetidos en ninos menores de 2 anos,2005-12-01,95,95,85,180
PUERTO CARABUCO,nutricion y desarrollo infantil,controles repetidos en ninos menores de 2 anos,2005-12-01,120,120,72,192
PUERTO GONZALO MORENO,nutricion y desarrollo infantil,controles repetidos en ninos menores de 2 anos,2005-12-01,78,78,45,123
PUERTO PEREZ,nutricion y desarrollo infantil,controles repetidos en ninos menores de 2 anos,2005-12-01,35,35,29,64
PUERTO QUIJARRO,nutricion y desarrollo infantil,controles repetidos en ninos menores de 2 anos,2005-12-01,87,87,90,177
PUERTO RICO,nutricion y desarrollo infantil,controles repetidos en ninos menores de 2 anos,2005-12-01,45,45,40,85
PUERTO SUAREZ,nutricion y desarrollo infantil,controles repetidos en ninos menores de 2 anos,2005-12-01,112,112,95,207
PUERTO VILLARROEL,nutricion y desarrollo infantil,controles repetidos en ninos menores de 2 anos,2005-12-01,157,157,148,305
PUNA,nutricion y desarrollo infantil,controles repetidos en ninos menores de 2 anos,2005-12-01,193,193,195,388
PUNATA,nutricion y desarrollo infantil,controles repetidos en ninos menores de 2 anos,2005-12-01,146,146,149,295
QUIABAYA,nutricion y desarrollo infantil,controles repetidos en ninos menores de 2 anos,2005-12-01,5,5,7,12
QUILLACOLLO,nutricion y desarrollo infantil,controles repetidos en ninos menores de 2 anos,2005-12-01,259,259,212,471
QUIME,nutricion y desarrollo infantil,controles repetidos en ninos menores de 2 anos,2005-12-01,57,57,65,122
QUIRUSILLAS,nutricion y desarrollo infantil,controles repetidos en ninos menores de 2 anos,2005-12-01,7,7,11,18
RAVELO,nutricion y desarrollo infantil,controles repetidos en ninos menores de 2 anos,2005-12-01,302,302,254,556
REYES,nutricion y desarrollo infantil,controles repetidos en ninos menores de 2 anos,2005-12-01,103,103,111,214
RIBERALTA,nutricion y desarrollo infantil,controles repetidos en ninos menores de 2 anos,2005-12-01,953,953,908,1861
ROBORE,nutricion y desarrollo infantil,controles repetidos en ninos menores de 2 anos,2005-12-01,97,97,136,233
RURRENABAQUE,nutricion y desarrollo infantil,controles repetidos en ninos menores de 2 anos,2005-12-01,116,116,107,223
SABAYA,nutricion y desarrollo infantil,controles repetidos en ninos menores de 2 anos,2005-12-01,23,23,18,41
SACABA,nutricion y desarrollo infantil,controles repetidos en ninos menores de 2 anos,2005-12-01,220,220,187,407
SACABAMBA,nutricion y desarrollo infantil,controles repetidos en ninos menores de 2 anos,2005-12-01,21,21,19,40
SACACA,nutricion y desarrollo infantil,controles repetidos en ninos menores de 2 anos,2005-12-01,268,268,267,535
SAIPINA,nutricion y desarrollo infantil,controles repetidos en ninos menores de 2 anos,2005-12-01,49,49,61,110
SALINAS DE GARCI MENDOZA,nutricion y desarrollo infantil,controles repetidos en ninos menores de 2 anos,2005-12-01,63,63,60,123
SAMAIPATA,nutricion y desarrollo infantil,controles repetidos en ninos menores de 2 anos,2005-12-01,123,123,75,198
SAN AGUSTIN,nutricion y desarrollo infantil,controles repetidos en ninos menores de 2 anos,2005-12-01,20,20,18,38
SAN ANDRES,nutricion y desarrollo infantil,controles repetidos en ninos menores de 2 anos,2005-12-01,47,47,52,99
SAN ANDRES DE MACHACA,nutricion y desarrollo infantil,controles repetidos en ninos menores de 2 anos,2005-12-01,21,21,15,36
SAN ANTONIO DE ESMORUCO,nutricion y desarrollo infantil,controles repetidos en ninos menores de 2 anos,2005-12-01,2,2,4,6
SAN ANTONIO DE LOMERIO,nutricion y desarrollo infantil,controles repetidos en ninos menores de 2 anos,2005-12-01,141,141,111,252
SAN BENITO,nutricion y desarrollo infantil,controles repetidos en ninos menores de 2 anos,2005-12-01,86,86,79,165
SAN BORJA,nutricion y desarrollo infantil,controles repetidos en ninos menores de 2 anos,2005-12-01,349,349,350,699
SAN BUENA VENTURA,nutricion y desarrollo infantil,controles repetidos en ninos menores de 2 anos,2005-12-01,75,75,66,141
SAN CARLOS,nutricion y desarrollo infantil,controles repetidos en ninos menores de 2 anos,2005-12-01,197,197,211,408
SAN IGNACIO,nutricion y desarrollo infantil,controles repetidos en ninos menores de 2 anos,2005-12-01,188,188,161,349
SAN IGNACIO DE VELASCO,nutricion y desarrollo infantil,controles repetidos en ninos menores de 2 anos,2005-12-01,502,502,486,988
SAN JAVIER(BNI),nutricion y desarrollo infantil,controles repetidos en ninos menores de 2 anos,2005-12-01,17,17,35,52
SAN JAVIER(STC),nutricion y desarrollo infantil,controles repetidos en ninos menores de 2 anos,2005-12-01,80,80,58,138
SAN JOAQUIN,nutricion y desarrollo infantil,controles repetidos en ninos menores de 2 anos,2005-12-01,3,3,3,6
SAN JOSE DE CHIQUITOS,nutricion y desarrollo infantil,controles repetidos en ninos menores de 2 anos,2005-12-01,65,65,70,135
SAN JUAN DE YAPACANI,nutricion y desarrollo infantil,controles repetidos en ninos menores de 2 anos,2005-12-01,136,136,113,249
SAN JULIAN,nutricion y desarrollo infantil,controles repetidos en ninos menores de 2 anos,2005-12-01,244,244,235,479
SAN LORENZO(PND),nutricion y desarrollo infantil,controles repetidos en ninos menores de 2 anos,2005-12-01,87,87,91,178
SAN LORENZO(TJA),nutricion y desarrollo infantil,controles repetidos en ninos menores de 2 anos,2005-12-01,156,156,153,309
SAN LUCAS,nutricion y desarrollo infantil,controles repetidos en ninos menores de 2 anos,2005-12-01,502,502,501,1003
SAN MATIAS,nutricion y desarrollo infantil,controles repetidos en ninos menores de 2 anos,2005-12-01,96,96,94,190
SAN MIGUEL DE VELASCO,nutricion y desarrollo infantil,controles repetidos en ninos menores de 2 anos,2005-12-01,97,97,89,186
SAN PABLO DE LIPEZ,nutricion y desarrollo infantil,controles repetidos en ninos menores de 2 anos,2005-12-01,22,22,27,49
SAN PEDRO,nutricion y desarrollo infantil,controles repetidos en ninos menores de 2 anos,2005-12-01,162,162,153,315
SAN PEDRO DE BUENA VISTA,nutricion y desarrollo infantil,controles repetidos en ninos menores de 2 anos,2005-12-01,190,190,159,349
SAN PEDRO DE CURAHUARA,nutricion y desarrollo infantil,controles repetidos en ninos menores de 2 anos,2005-12-01,46,46,47,93
SAN PEDRO DE QUEMES,nutricion y desarrollo infantil,controles repetidos en ninos menores de 2 anos,2005-12-01,2,2,7,9
SAN PEDRO DE TIQUINA,nutricion y desarrollo infantil,controles repetidos en ninos menores de 2 anos,2005-12-01,24,24,17,41
SAN PEDRO(PND),nutricion y desarrollo infantil,controles repetidos en ninos menores de 2 anos,2005-12-01,23,23,33,56
SAN RAFAEL,nutricion y desarrollo infantil,controles repetidos en ninos menores de 2 anos,2005-12-01,55,55,39,94
SAN RAMON,nutricion y desarrollo infantil,controles repetidos en ninos menores de 2 anos,2005-12-01,34,34,28,62
SAN RAMON,nutricion y desarrollo infantil,controles repetidos en ninos menores de 2 anos,2005-12-01,39,39,43,82
SANTA ANA,nutricion y desarrollo infantil,controles repetidos en ninos menores de 2 anos,2005-12-01,153,153,122,275
SANTA CRUZ DE LA SIERRA,nutricion y desarrollo infantil,controles repetidos en ninos menores de 2 anos,2005-12-01,4481,4481,3876,8357
SANTA ROSA,nutricion y desarrollo infantil,controles repetidos en ninos menores de 2 anos,2005-12-01,93,93,76,169
SANTA ROSA DEL SARA,nutricion y desarrollo infantil,controles repetidos en ninos menores de 2 anos,2005-12-01,116,116,106,222
SANTIAGO DE CALLAPA,nutricion y desarrollo infantil,controles repetidos en ninos menores de 2 anos,2005-12-01,15,15,15,30
SANTIAGO DE HUARI,nutricion y desarrollo infantil,controles repetidos en ninos menores de 2 anos,2005-12-01,50,50,39,89
SANTIAGO DE MACHACA,nutricion y desarrollo infantil,controles repetidos en ninos menores de 2 anos,2005-12-01,29,29,35,64
SANTIVAÑES,nutricion y desarrollo infantil,controles repetidos en ninos menores de 2 anos,2005-12-01,76,76,58,134
SANTUARIO DE QUILLACAS,nutricion y desarrollo infantil,controles repetidos en ninos menores de 2 anos,2005-12-01,15,15,13,28
SAPAHAQUI,nutricion y desarrollo infantil,controles repetidos en ninos menores de 2 anos,2005-12-01,84,84,71,155
SENA,nutricion y desarrollo infantil,controles repetidos en ninos menores de 2 anos,2005-12-01,38,38,35,73
SICA SICA (VILLA AROMA),nutricion y desarrollo infantil,controles repetidos en ninos menores de 2 anos,2005-12-01,82,82,89,171
SICAYA,nutricion y desarrollo infantil,controles repetidos en ninos menores de 2 anos,2005-12-01,13,13,7,20
SIPE SIPE,nutricion y desarrollo infantil,controles repetidos en ninos menores de 2 anos,2005-12-01,199,199,167,366
SOPACHUY,nutricion y desarrollo infantil,controles repetidos en ninos menores de 2 anos,2005-12-01,83,83,81,164
SORACACHI,nutricion y desarrollo infantil,controles repetidos en ninos menores de 2 anos,2005-12-01,57,57,50,107
SORATA,nutricion y desarrollo infantil,controles repetidos en ninos menores de 2 anos,2005-12-01,84,84,95,179
SUCRE,nutricion y desarrollo infantil,controles repetidos en ninos menores de 2 anos,2005-12-01,1256,1256,1067,2323
TACACHI,nutricion y desarrollo infantil,controles repetidos en ninos menores de 2 anos,2005-12-01,11,11,10,21
TACACOMA,nutricion y desarrollo infantil,controles repetidos en ninos menores de 2 anos,2005-12-01,20,20,15,35
TACOBAMBA,nutricion y desarrollo infantil,controles repetidos en ninos menores de 2 anos,2005-12-01,81,81,86,167
TACOPAYA,nutricion y desarrollo infantil,controles repetidos en ninos menores de 2 anos,2005-12-01,86,86,148,234
TAHUA,nutricion y desarrollo infantil,controles repetidos en ninos menores de 2 anos,2005-12-01,12,12,10,22
TAPACARI,nutricion y desarrollo infantil,controles repetidos en ninos menores de 2 anos,2005-12-01,138,138,162,300
TARABUCO,nutricion y desarrollo infantil,controles repetidos en ninos menores de 2 anos,2005-12-01,420,420,394,814
TARACO,nutricion y desarrollo infantil,controles repetidos en ninos menores de 2 anos,2005-12-01,30,30,24,54
TARATA,nutricion y desarrollo infantil,controles repetidos en ninos menores de 2 anos,2005-12-01,30,30,34,64
TARIJA,nutricion y desarrollo infantil,controles repetidos en ninos menores de 2 anos,2005-12-01,837,837,838,1675
TARVITA,nutricion y desarrollo infantil,controles repetidos en ninos menores de 2 anos,2005-12-01,66,66,77,143
TEOPONTE,nutricion y desarrollo infantil,controles repetidos en ninos menores de 2 anos,2005-12-01,48,48,58,106
TIAWANACU,nutricion y desarrollo infantil,controles repetidos en ninos menores de 2 anos,2005-12-01,30,30,45,75
TINGUIPAYA,nutricion y desarrollo infantil,controles repetidos en ninos menores de 2 anos,2005-12-01,160,160,146,306
TIPUANI,nutricion y desarrollo infantil,controles repetidos en ninos menores de 2 anos,2005-12-01,64,64,73,137
TIQUIPAYA,nutricion y desarrollo infantil,controles repetidos en ninos menores de 2 anos,2005-12-01,72,72,30,102
TIRAQUE (CBBA),nutricion y desarrollo infantil,controles repetidos en ninos menores de 2 anos,2005-12-01,150,150,136,286
TITO YUPANQUI (PARQUIPUJIO),nutricion y desarrollo infantil,controles repetidos en ninos menores de 2 anos,2005-12-01,7,7,11,18
TOCO,nutricion y desarrollo infantil,controles repetidos en ninos menores de 2 anos,2005-12-01,0,0,5,5
TOLATA,nutricion y desarrollo infantil,controles repetidos en ninos menores de 2 anos,2005-12-01,8,8,13,21
TOLEDO,nutricion y desarrollo infantil,controles repetidos en ninos menores de 2 anos,2005-12-01,32,32,16,48
TOMAVE,nutricion y desarrollo infantil,controles repetidos en ninos menores de 2 anos,2005-12-01,106,106,124,230
TOMINA,nutricion y desarrollo infantil,controles repetidos en ninos menores de 2 anos,2005-12-01,192,192,163,355
TORO TORO,nutricion y desarrollo infantil,controles repetidos en ninos menores de 2 anos,2005-12-01,158,158,139,297
TOTORA(CBBA),nutricion y desarrollo infantil,controles repetidos en ninos menores de 2 anos,2005-12-01,85,85,53,138
TOTORA(ORR),nutricion y desarrollo infantil,controles repetidos en ninos menores de 2 anos,2005-12-01,16,16,24,40
TRIGAL,nutricion y desarrollo infantil,controles repetidos en ninos menores de 2 anos,2005-12-01,16,16,14,30
TRINIDAD,nutricion y desarrollo infantil,controles repetidos en ninos menores de 2 anos,2005-12-01,403,403,382,785
TUPIZA,nutricion y desarrollo infantil,controles repetidos en ninos menores de 2 anos,2005-12-01,320,320,326,646
TURCO,nutricion y desarrollo infantil,controles repetidos en ninos menores de 2 anos,2005-12-01,18,18,7,25
UMALA,nutricion y desarrollo infantil,controles repetidos en ninos menores de 2 anos,2005-12-01,20,20,11,31
UNCIA,nutricion y desarrollo infantil,controles repetidos en ninos menores de 2 anos,2005-12-01,121,121,109,230
URIONDO (A. CONCEPCION),nutricion y desarrollo infantil,controles repetidos en ninos menores de 2 anos,2005-12-01,170,170,150,320
URUBICHA,nutricion y desarrollo infantil,controles repetidos en ninos menores de 2 anos,2005-12-01,129,129,164,293
UYUNI,nutricion y desarrollo infantil,controles repetidos en ninos menores de 2 anos,2005-12-01,226,226,165,391
VACAS,nutricion y desarrollo infantil,controles repetidos en ninos menores de 2 anos,2005-12-01,58,58,53,111
VALLEGRANDE,nutricion y desarrollo infantil,controles repetidos en ninos menores de 2 anos,2005-12-01,147,147,134,281
VIACHA,nutricion y desarrollo infantil,controles repetidos en ninos menores de 2 anos,2005-12-01,205,205,186,391
VILA VILA,nutricion y desarrollo infantil,controles repetidos en ninos menores de 2 anos,2005-12-01,17,17,23,40
VILLA MONTES,nutricion y desarrollo infantil,controles repetidos en ninos menores de 2 anos,2005-12-01,241,241,230,471
VILLA NUEVA (LOMA ALTA),nutricion y desarrollo infantil,controles repetidos en ninos menores de 2 anos,2005-12-01,10,10,6,16
VILLA RIVERO,nutricion y desarrollo infantil,controles repetidos en ninos menores de 2 anos,2005-12-01,40,40,42,82
VILLA SERRANO,nutricion y desarrollo infantil,controles repetidos en ninos menores de 2 anos,2005-12-01,216,216,196,412
VILLA TUNARI,nutricion y desarrollo infantil,controles repetidos en ninos menores de 2 anos,2005-12-01,424,424,500,924
VILLA VACA GUZMAN (MUYUPAMPA),nutricion y desarrollo infantil,controles repetidos en ninos menores de 2 anos,2005-12-01,133,133,137,270
VILLAZON,nutricion y desarrollo infantil,controles repetidos en ninos menores de 2 anos,2005-12-01,333,333,281,614
VINTO,nutricion y desarrollo infantil,controles repetidos en ninos menores de 2 anos,2005-12-01,118,118,101,219
VITICHI,nutricion y desarrollo infantil,controles repetidos en ninos menores de 2 anos,2005-12-01,66,66,59,125
WALDO BALLIVIAN,nutricion y desarrollo infantil,controles repetidos en ninos menores de 2 anos,2005-12-01,8,8,7,15
WARNES,nutricion y desarrollo infantil,controles repetidos en ninos menores de 2 anos,2005-12-01,455,455,436,891
YACO,nutricion y desarrollo infantil,controles repetidos en ninos menores de 2 anos,2005-12-01,54,54,59,113
YACUIBA,nutricion y desarrollo infantil,controles repetidos en ninos menores de 2 anos,2005-12-01,414,414,381,795
YAMPARAEZ,nutricion y desarrollo infantil,controles repetidos en ninos menores de 2 anos,2005-12-01,174,174,163,337
YANACACHI,nutricion y desarrollo infantil,controles repetidos en ninos menores de 2 anos,2005-12-01,17,17,24,41
YAPACANI,nutricion y desarrollo infantil,controles repetidos en ninos menores de 2 anos,2005-12-01,475,475,418,893
YOCALLA,nutricion y desarrollo infantil,controles repetidos en ninos menores de 2 anos,2005-12-01,27,27,29,56
YOTALA,nutricion y desarrollo infantil,controles repetidos en ninos menores de 2 anos,2005-12-01,100,100,108,208
YUNCHARA,nutricion y desarrollo infantil,controles repetidos en ninos menores de 2 anos,2005-12-01,57,57,72,129
ZUDAÑEZ,nutricion y desarrollo infantil,controles repetidos en ninos menores de 2 anos,2005-12-01,112,112,84,196
