municipality,group,variable,month,Controles nuevos en niños menores de 2 años NUEVO,TOTAL-NUEVO,TOTAL-REPETIDO,TOTAL
ACACIO,nutricion y desarrollo infantil,controles nuevos en ninos menores de 2 anos,2005-01-01,6,6,8,14
ACHACACHI,nutricion y desarrollo infantil,controles nuevos en ninos menores de 2 anos,2005-01-01,175,175,170,345
ACHOCALLA,nutricion y desarrollo infantil,controles nuevos en ninos menores de 2 anos,2005-01-01,26,26,34,60
AIQUILE,nutricion y desarrollo infantil,controles nuevos en ninos menores de 2 anos,2005-01-01,57,57,40,97
ALALAY,nutricion y desarrollo infantil,controles nuevos en ninos menores de 2 anos,2005-01-01,15,15,10,25
ALCALA,nutricion y desarrollo infantil,controles nuevos en ninos menores de 2 anos,2005-01-01,42,42,46,88
ANCORAIMES,nutricion y desarrollo infantil,controles nuevos en ninos menores de 2 anos,2005-01-01,13,13,12,25
ANDAMARCA,nutricion y desarrollo infantil,controles nuevos en ninos menores de 2 anos,2005-01-01,8,8,8,16
ANTEQUERA,nutricion y desarrollo infantil,controles nuevos en ninos menores de 2 anos,2005-01-01,13,13,15,28
ANZALDO,nutricion y desarrollo infantil,controles nuevos en ninos menores de 2 anos,2005-01-01,9,9,11,20
APOLO,nutricion y desarrollo infantil,controles nuevos en ninos menores de 2 anos,2005-01-01,14,14,13,27
ARAMPAMPA,nutricion y desarrollo infantil,controles nuevos en ninos menores de 2 anos,2005-01-01,31,31,22,53
ARANI,nutricion y desarrollo infantil,controles nuevos en ninos menores de 2 anos,2005-01-01,3,3,6,9
ARBIETO,nutricion y desarrollo infantil,controles nuevos en ninos menores de 2 anos,2005-01-01,3,3,3,6
ARQUE,nutricion y desarrollo infantil,controles nuevos en ninos menores de 2 anos,2005-01-01,18,18,15,33
ATOCHA,nutricion y desarrollo infantil,controles nuevos en ninos menores de 2 anos,2005-01-01,13,13,7,20
AUCAPATA,nutricion y desarrollo infantil,controles nuevos en ninos menores de 2 anos,2005-01-01,15,15,15,30
AYATA,nutricion y desarrollo infantil,controles nuevos en ninos menores de 2 anos,2005-01-01,29,29,23,52
AYO AYO,nutricion y desarrollo infantil,controles nuevos en ninos menores de 2 anos,2005-01-01,11,11,14,25
AYOPAYA (V. DE INDEPENDENCIA),nutricion y desarrollo infantil,controles nuevos en ninos menores de 2 anos,2005-01-01,19,19,25,44
AZURDUY,nutricion y desarrollo infantil,controles nuevos en ninos menores de 2 anos,2005-01-01,303,303,291,594
BATALLAS,nutricion y desarrollo infantil,controles nuevos en ninos menores de 2 anos,2005-01-01,23,23,16,39
BAURES,nutricion y desarrollo infantil,controles nuevos en ninos menores de 2 anos,2005-01-01,4,4,7,11
BELEN DE ANDAMARCA,nutricion y desarrollo infantil,controles nuevos en ninos menores de 2 anos,2005-01-01,0,0,2,2
BELEN DE URMIRI,nutricion y desarrollo infantil,controles nuevos en ninos menores de 2 anos,2005-01-01,4,4,2,6
BELLA FLOR,nutricion y desarrollo infantil,controles nuevos en ninos menores de 2 anos,2005-01-01,2,2,4,6
BERMEJO,nutricion y desarrollo infantil,controles nuevos en ninos menores de 2 anos,2005-01-01,105,105,61,166
BETANZOS,nutricion y desarrollo infantil,controles nuevos en ninos menores de 2 anos,2005-01-01,27,27,31,58
BOLIVAR,nutricion y desarrollo infantil,controles nuevos en ninos menores de 2 anos,2005-01-01,12,12,17,29
BOLPEBRA,nutricion y desarrollo infantil,controles nuevos en ninos menores de 2 anos,2005-01-01,0,0,1,1
BOYUIBE,nutricion y desarrollo infantil,controles nuevos en ninos menores de 2 anos,2005-01-01,6,6,5,11
BUENA VISTA,nutricion y desarrollo infantil,controles nuevos en ninos menores de 2 anos,2005-01-01,23,23,17,40
CABEZAS,nutricion y desarrollo infantil,controles nuevos en ninos menores de 2 anos,2005-01-01,147,147,109,256
CAIROMA,nutricion y desarrollo infantil,controles nuevos en ninos menores de 2 anos,2005-01-01,5,5,6,11
"CAIZA ""D""",nutricion y desarrollo infantil,controles nuevos en ninos menores de 2 anos,2005-01-01,44,44,35,79
CAJUATA,nutricion y desarrollo infantil,controles nuevos en ninos menores de 2 anos,2005-01-01,14,14,15,29
CALACOTO,nutricion y desarrollo infantil,controles nuevos en ninos menores de 2 anos,2005-01-01,2,2,1,3
CALAMARCA,nutricion y desarrollo infantil,controles nuevos en ninos menores de 2 anos,2005-01-01,10,10,13,23
CAMARGO,nutricion y desarrollo infantil,controles nuevos en ninos menores de 2 anos,2005-01-01,195,195,187,382
CAMATAQUI (C. VILLA ABECIA),nutricion y desarrollo infantil,controles nuevos en ninos menores de 2 anos,2005-01-01,61,61,36,97
CAMIRI,nutricion y desarrollo infantil,controles nuevos en ninos menores de 2 anos,2005-01-01,59,59,32,91
CAPINOTA,nutricion y desarrollo infantil,controles nuevos en ninos menores de 2 anos,2005-01-01,25,25,18,43
CAQUIAVIRI,nutricion y desarrollo infantil,controles nuevos en ninos menores de 2 anos,2005-01-01,6,6,2,8
CARACOLLO,nutricion y desarrollo infantil,controles nuevos en ninos menores de 2 anos,2005-01-01,43,43,41,84
CARANAVI,nutricion y desarrollo infantil,controles nuevos en ninos menores de 2 anos,2005-01-01,53,53,43,96
CARAPARI,nutricion y desarrollo infantil,controles nuevos en ninos menores de 2 anos,2005-01-01,8,8,11,19
CARIPUYO,nutricion y desarrollo infantil,controles nuevos en ninos menores de 2 anos,2005-01-01,6,6,10,16
CARMEN RIVERO TORREZ,nutricion y desarrollo infantil,controles nuevos en ninos menores de 2 anos,2005-01-01,5,5,4,9
CATACORA,nutricion y desarrollo infantil,controles nuevos en ninos menores de 2 anos,2005-01-01,9,9,3,12
CHACARILLA,nutricion y desarrollo infantil,controles nuevos en ninos menores de 2 anos,2005-01-01,1,1,4,5
CHALLAPATA,nutricion y desarrollo infantil,controles nuevos en ninos menores de 2 anos,2005-01-01,23,23,27,50
CHAQUI,nutricion y desarrollo infantil,controles nuevos en ninos menores de 2 anos,2005-01-01,8,8,5,13
CHARAGUA,nutricion y desarrollo infantil,controles nuevos en ninos menores de 2 anos,2005-01-01,23,23,18,41
CHARAÑA,nutricion y desarrollo infantil,controles nuevos en ninos menores de 2 anos,2005-01-01,3,3,1,4
CHAYANTA,nutricion y desarrollo infantil,controles nuevos en ninos menores de 2 anos,2005-01-01,26,26,25,51
CHIMORE,nutricion y desarrollo infantil,controles nuevos en ninos menores de 2 anos,2005-01-01,37,37,31,68
CHIPAYA,nutricion y desarrollo infantil,controles nuevos en ninos menores de 2 anos,2005-01-01,20,20,16,36
CHOQUE COTA,nutricion y desarrollo infantil,controles nuevos en ninos menores de 2 anos,2005-01-01,7,7,18,25
CHULUMANI (V. DE LA LIBERTAD),nutricion y desarrollo infantil,controles nuevos en ninos menores de 2 anos,2005-01-01,33,33,29,62
CHUMA,nutricion y desarrollo infantil,controles nuevos en ninos menores de 2 anos,2005-01-01,6,6,10,16
CLIZA,nutricion y desarrollo infantil,controles nuevos en ninos menores de 2 anos,2005-01-01,63,63,60,123
COBIJA,nutricion y desarrollo infantil,controles nuevos en ninos menores de 2 anos,2005-01-01,44,44,41,85
COCHABAMBA,nutricion y desarrollo infantil,controles nuevos en ninos menores de 2 anos,2005-01-01,1620,1620,1528,3148
COIPASA,nutricion y desarrollo infantil,controles nuevos en ninos menores de 2 anos,2005-01-01,4,4,0,4
COLCAPIRHUA,nutricion y desarrollo infantil,controles nuevos en ninos menores de 2 anos,2005-01-01,95,95,94,189
"COLCHA ""K""",nutricion y desarrollo infantil,controles nuevos en ninos menores de 2 anos,2005-01-01,3,3,2,5
COLLANA,nutricion y desarrollo infantil,controles nuevos en ninos menores de 2 anos,2005-01-01,10,10,7,17
COLOMI,nutricion y desarrollo infantil,controles nuevos en ninos menores de 2 anos,2005-01-01,138,138,124,262
COLPA BELGICA,nutricion y desarrollo infantil,controles nuevos en ninos menores de 2 anos,2005-01-01,87,87,52,139
COLQUECHACA,nutricion y desarrollo infantil,controles nuevos en ninos menores de 2 anos,2005-01-01,36,36,31,67
COLQUENCHA,nutricion y desarrollo infantil,controles nuevos en ninos menores de 2 anos,2005-01-01,21,21,29,50
COLQUIRI,nutricion y desarrollo infantil,controles nuevos en ninos menores de 2 anos,2005-01-01,170,170,162,332
COMANCHE,nutricion y desarrollo infantil,controles nuevos en ninos menores de 2 anos,2005-01-01,1,1,5,6
COMARAPA,nutricion y desarrollo infantil,controles nuevos en ninos menores de 2 anos,2005-01-01,18,18,21,39
COMBAYA,nutricion y desarrollo infantil,controles nuevos en ninos menores de 2 anos,2005-01-01,4,4,7,11
CONCEPCION,nutricion y desarrollo infantil,controles nuevos en ninos menores de 2 anos,2005-01-01,6,6,5,11
COPACABANA,nutricion y desarrollo infantil,controles nuevos en ninos menores de 2 anos,2005-01-01,18,18,15,33
CORIPATA,nutricion y desarrollo infantil,controles nuevos en ninos menores de 2 anos,2005-01-01,16,16,10,26
CORO CORO,nutricion y desarrollo infantil,controles nuevos en ninos menores de 2 anos,2005-01-01,5,5,2,7
COROICO,nutricion y desarrollo infantil,controles nuevos en ninos menores de 2 anos,2005-01-01,80,80,67,147
CORQUE,nutricion y desarrollo infantil,controles nuevos en ninos menores de 2 anos,2005-01-01,4,4,3,7
COTAGAITA,nutricion y desarrollo infantil,controles nuevos en ninos menores de 2 anos,2005-01-01,85,85,53,138
COTOCA,nutricion y desarrollo infantil,controles nuevos en ninos menores de 2 anos,2005-01-01,72,72,44,116
CUATRO CAÑADAS,nutricion y desarrollo infantil,controles nuevos en ninos menores de 2 anos,2005-01-01,106,106,81,187
CUCHUMUELA (V. G. VILLARROEL),nutricion y desarrollo infantil,controles nuevos en ninos menores de 2 anos,2005-01-01,37,37,18,55
CUEVO,nutricion y desarrollo infantil,controles nuevos en ninos menores de 2 anos,2005-01-01,5,5,7,12
CULPINA,nutricion y desarrollo infantil,controles nuevos en ninos menores de 2 anos,2005-01-01,329,329,291,620
CURAHUARA DE CARANGAS,nutricion y desarrollo infantil,controles nuevos en ninos menores de 2 anos,2005-01-01,4,4,6,10
CURVA,nutricion y desarrollo infantil,controles nuevos en ninos menores de 2 anos,2005-01-01,8,8,2,10
DESAGUADERO,nutricion y desarrollo infantil,controles nuevos en ninos menores de 2 anos,2005-01-01,7,7,6,13
EL ALTO,nutricion y desarrollo infantil,controles nuevos en ninos menores de 2 anos,2005-01-01,2156,2156,2039,4195
EL CHORO,nutricion y desarrollo infantil,controles nuevos en ninos menores de 2 anos,2005-01-01,3,3,0,3
EL PUENTE(STC),nutricion y desarrollo infantil,controles nuevos en ninos menores de 2 anos,2005-01-01,14,14,11,25
EL PUENTE(TJA),nutricion y desarrollo infantil,controles nuevos en ninos menores de 2 anos,2005-01-01,16,16,10,26
EL TORNO,nutricion y desarrollo infantil,controles nuevos en ninos menores de 2 anos,2005-01-01,36,36,32,68
EL VILLAR,nutricion y desarrollo infantil,controles nuevos en ninos menores de 2 anos,2005-01-01,83,83,87,170
ENTRE RIOS,nutricion y desarrollo infantil,controles nuevos en ninos menores de 2 anos,2005-01-01,52,52,28,80
ENTRE RIOS,nutricion y desarrollo infantil,controles nuevos en ninos menores de 2 anos,2005-01-01,164,164,120,284
ESCARA,nutricion y desarrollo infantil,controles nuevos en ninos menores de 2 anos,2005-01-01,1,1,1,2
EUCALIPTUS,nutricion y desarrollo infantil,controles nuevos en ninos menores de 2 anos,2005-01-01,5,5,8,13
EUREKA (SANTOS MERCADO),nutricion y desarrollo infantil,controles nuevos en ninos menores de 2 anos,2005-01-01,1,1,1,2
EXALTACION,nutricion y desarrollo infantil,controles nuevos en ninos menores de 2 anos,2005-01-01,0,0,4,4
FERNANDEZ ALONSO,nutricion y desarrollo infantil,controles nuevos en ninos menores de 2 anos,2005-01-01,11,11,15,26
FILADELFIA,nutricion y desarrollo infantil,controles nuevos en ninos menores de 2 anos,2005-01-01,3,3,12,15
GENERAL SAAVEDRA,nutricion y desarrollo infantil,controles nuevos en ninos menores de 2 anos,2005-01-01,26,26,17,43
GRAL. J.J. PEREZ (CHARAZANI),nutricion y desarrollo infantil,controles nuevos en ninos menores de 2 anos,2005-01-01,8,8,10,18
GUANAY,nutricion y desarrollo infantil,controles nuevos en ninos menores de 2 anos,2005-01-01,21,21,21,42
GUAQUI,nutricion y desarrollo infantil,controles nuevos en ninos menores de 2 anos,2005-01-01,8,8,4,12
GUAYARAMERIN,nutricion y desarrollo infantil,controles nuevos en ninos menores de 2 anos,2005-01-01,75,75,55,130
GUTIERREZ,nutricion y desarrollo infantil,controles nuevos en ninos menores de 2 anos,2005-01-01,150,150,137,287
HUACARETA,nutricion y desarrollo infantil,controles nuevos en ninos menores de 2 anos,2005-01-01,162,162,156,318
HUACAYA (VILLA DE HUACAYA),nutricion y desarrollo infantil,controles nuevos en ninos menores de 2 anos,2005-01-01,36,36,34,70
HUACHACALLA,nutricion y desarrollo infantil,controles nuevos en ninos menores de 2 anos,2005-01-01,3,3,3,6
HUANUNI,nutricion y desarrollo infantil,controles nuevos en ninos menores de 2 anos,2005-01-01,56,56,55,111
HUARACAJE,nutricion y desarrollo infantil,controles nuevos en ninos menores de 2 anos,2005-01-01,1,1,2,3
HUAYLLAMARCA,nutricion y desarrollo infantil,controles nuevos en ninos menores de 2 anos,2005-01-01,24,24,29,53
ICHOCA,nutricion y desarrollo infantil,controles nuevos en ninos menores de 2 anos,2005-01-01,19,19,11,30
ICLA,nutricion y desarrollo infantil,controles nuevos en ninos menores de 2 anos,2005-01-01,175,175,164,339
INCAHUASI,nutricion y desarrollo infantil,controles nuevos en ninos menores de 2 anos,2005-01-01,265,265,338,603
INQUISIVI,nutricion y desarrollo infantil,controles nuevos en ninos menores de 2 anos,2005-01-01,29,29,33,62
IRUPANA (VILLA DE LANZA),nutricion y desarrollo infantil,controles nuevos en ninos menores de 2 anos,2005-01-01,17,17,13,30
IXIAMAS,nutricion y desarrollo infantil,controles nuevos en ninos menores de 2 anos,2005-01-01,16,16,9,25
JESUS DE MACHACA,nutricion y desarrollo infantil,controles nuevos en ninos menores de 2 anos,2005-01-01,8,8,6,14
LA ASUNTA,nutricion y desarrollo infantil,controles nuevos en ninos menores de 2 anos,2005-01-01,133,133,185,318
LA GUARDIA,nutricion y desarrollo infantil,controles nuevos en ninos menores de 2 anos,2005-01-01,111,111,79,190
LA PAZ,nutricion y desarrollo infantil,controles nuevos en ninos menores de 2 anos,2005-01-01,1793,1793,1700,3493
LA RIVERA,nutricion y desarrollo infantil,controles nuevos en ninos menores de 2 anos,2005-01-01,2,2,1,3
LAGUNILLAS,nutricion y desarrollo infantil,controles nuevos en ninos menores de 2 anos,2005-01-01,10,10,4,14
LAJA,nutricion y desarrollo infantil,controles nuevos en ninos menores de 2 anos,2005-01-01,110,110,83,193
LAS CARRERAS,nutricion y desarrollo infantil,controles nuevos en ninos menores de 2 anos,2005-01-01,34,34,32,66
LLALLAGUA,nutricion y desarrollo infantil,controles nuevos en ninos menores de 2 anos,2005-01-01,41,41,50,91
LLICA,nutricion y desarrollo infantil,controles nuevos en ninos menores de 2 anos,2005-01-01,6,6,5,11
LORETO,nutricion y desarrollo infantil,controles nuevos en ninos menores de 2 anos,2005-01-01,14,14,19,33
LURIBAY,nutricion y desarrollo infantil,controles nuevos en ninos menores de 2 anos,2005-01-01,6,6,8,14
MACHACAMARCA,nutricion y desarrollo infantil,controles nuevos en ninos menores de 2 anos,2005-01-01,5,5,3,8
MACHARETI,nutricion y desarrollo infantil,controles nuevos en ninos menores de 2 anos,2005-01-01,141,141,141,282
MAGDALENA,nutricion y desarrollo infantil,controles nuevos en ninos menores de 2 anos,2005-01-01,7,7,11,18
MAIRANA,nutricion y desarrollo infantil,controles nuevos en ninos menores de 2 anos,2005-01-01,5,5,15,20
MALLA,nutricion y desarrollo infantil,controles nuevos en ninos menores de 2 anos,2005-01-01,2,2,4,6
MAPIRI,nutricion y desarrollo infantil,controles nuevos en ninos menores de 2 anos,2005-01-01,16,16,13,29
MECAPACA,nutricion y desarrollo infantil,controles nuevos en ninos menores de 2 anos,2005-01-01,35,35,17,52
MINEROS,nutricion y desarrollo infantil,controles nuevos en ninos menores de 2 anos,2005-01-01,20,20,18,38
MIZQUE,nutricion y desarrollo infantil,controles nuevos en ninos menores de 2 anos,2005-01-01,24,24,17,41
MOCOMOCO,nutricion y desarrollo infantil,controles nuevos en ninos menores de 2 anos,2005-01-01,14,14,11,25
MOJOCOYA,nutricion y desarrollo infantil,controles nuevos en ninos menores de 2 anos,2005-01-01,95,95,84,179
MONTEAGUDO,nutricion y desarrollo infantil,controles nuevos en ninos menores de 2 anos,2005-01-01,270,270,293,563
MONTERO,nutricion y desarrollo infantil,controles nuevos en ninos menores de 2 anos,2005-01-01,81,81,71,152
MORO MORO,nutricion y desarrollo infantil,controles nuevos en ninos menores de 2 anos,2005-01-01,2,2,1,3
MOROCHATA,nutricion y desarrollo infantil,controles nuevos en ninos menores de 2 anos,2005-01-01,108,108,106,214
NACEBE (SANTA ROSA DEL ABUNA),nutricion y desarrollo infantil,controles nuevos en ninos menores de 2 anos,2005-01-01,1,1,0,1
NAZACARA DE PACAJES,nutricion y desarrollo infantil,controles nuevos en ninos menores de 2 anos,2005-01-01,1,1,1,2
NUEVO MANOA (NUEVA ESPERANZA),nutricion y desarrollo infantil,controles nuevos en ninos menores de 2 anos,2005-01-01,1,1,1,2
OCURI,nutricion y desarrollo infantil,controles nuevos en ninos menores de 2 anos,2005-01-01,25,25,29,54
OKINAWA,nutricion y desarrollo infantil,controles nuevos en ninos menores de 2 anos,2005-01-01,46,46,47,93
OMEREQUE,nutricion y desarrollo infantil,controles nuevos en ninos menores de 2 anos,2005-01-01,1,1,1,2
ORURO,nutricion y desarrollo infantil,controles nuevos en ninos menores de 2 anos,2005-01-01,627,627,616,1243
PADCAYA,nutricion y desarrollo infantil,controles nuevos en ninos menores de 2 anos,2005-01-01,42,42,42,84
PADILLA,nutricion y desarrollo infantil,controles nuevos en ninos menores de 2 anos,2005-01-01,182,182,159,341
PAILON,nutricion y desarrollo infantil,controles nuevos en ninos menores de 2 anos,2005-01-01,12,12,9,21
PALCA,nutricion y desarrollo infantil,controles nuevos en ninos menores de 2 anos,2005-01-01,48,48,27,75
PALOS BLANCOS,nutricion y desarrollo infantil,controles nuevos en ninos menores de 2 anos,2005-01-01,51,51,57,108
PAMPA AULLAGAS,nutricion y desarrollo infantil,controles nuevos en ninos menores de 2 anos,2005-01-01,5,5,3,8
PAMPA GRANDE,nutricion y desarrollo infantil,controles nuevos en ninos menores de 2 anos,2005-01-01,10,10,9,19
PAPEL PAMPA,nutricion y desarrollo infantil,controles nuevos en ninos menores de 2 anos,2005-01-01,7,7,4,11
PASORAPA,nutricion y desarrollo infantil,controles nuevos en ninos menores de 2 anos,2005-01-01,2,2,0,2
PATACAMAYA,nutricion y desarrollo infantil,controles nuevos en ninos menores de 2 anos,2005-01-01,29,29,32,61
PAZÑA,nutricion y desarrollo infantil,controles nuevos en ninos menores de 2 anos,2005-01-01,2,2,5,7
PELECHUCO,nutricion y desarrollo infantil,controles nuevos en ninos menores de 2 anos,2005-01-01,5,5,4,9
POCOATA,nutricion y desarrollo infantil,controles nuevos en ninos menores de 2 anos,2005-01-01,18,18,22,40
POCONA,nutricion y desarrollo infantil,controles nuevos en ninos menores de 2 anos,2005-01-01,45,45,16,61
POJO (CBBA),nutricion y desarrollo infantil,controles nuevos en ninos menores de 2 anos,2005-01-01,35,35,26,61
POOPO,nutricion y desarrollo infantil,controles nuevos en ninos menores de 2 anos,2005-01-01,3,3,3,6
PORCO,nutricion y desarrollo infantil,controles nuevos en ninos menores de 2 anos,2005-01-01,4,4,10,14
POROMA,nutricion y desarrollo infantil,controles nuevos en ninos menores de 2 anos,2005-01-01,197,197,165,362
PORONGO,nutricion y desarrollo infantil,controles nuevos en ninos menores de 2 anos,2005-01-01,6,6,8,14
PORTACHUELO,nutricion y desarrollo infantil,controles nuevos en ninos menores de 2 anos,2005-01-01,142,142,131,273
PORVENIR,nutricion y desarrollo infantil,controles nuevos en ninos menores de 2 anos,2005-01-01,3,3,1,4
POSTRER VALLE,nutricion y desarrollo infantil,controles nuevos en ninos menores de 2 anos,2005-01-01,0,0,1,1
POTOSI,nutricion y desarrollo infantil,controles nuevos en ninos menores de 2 anos,2005-01-01,593,593,686,1279
PRESTO,nutricion y desarrollo infantil,controles nuevos en ninos menores de 2 anos,2005-01-01,136,136,107,243
PUCARA,nutricion y desarrollo infantil,controles nuevos en ninos menores de 2 anos,2005-01-01,1,1,1,2
PUCARANI,nutricion y desarrollo infantil,controles nuevos en ninos menores de 2 anos,2005-01-01,38,38,57,95
PUERTO ACOSTA,nutricion y desarrollo infantil,controles nuevos en ninos menores de 2 anos,2005-01-01,25,25,20,45
PUERTO CARABUCO,nutricion y desarrollo infantil,controles nuevos en ninos menores de 2 anos,2005-01-01,18,18,15,33
PUERTO GONZALO MORENO,nutricion y desarrollo infantil,controles nuevos en ninos menores de 2 anos,2005-01-01,7,7,2,9
PUERTO PEREZ,nutricion y desarrollo infantil,controles nuevos en ninos menores de 2 anos,2005-01-01,29,29,3,32
PUERTO QUIJARRO,nutricion y desarrollo infantil,controles nuevos en ninos menores de 2 anos,2005-01-01,28,28,38,66
PUERTO RICO,nutricion y desarrollo infantil,controles nuevos en ninos menores de 2 anos,2005-01-01,9,9,9,18
PUERTO SILES,nutricion y desarrollo infantil,controles nuevos en ninos menores de 2 anos,2005-01-01,10,10,12,22
PUERTO SUAREZ,nutricion y desarrollo infantil,controles nuevos en ninos menores de 2 anos,2005-01-01,17,17,19,36
PUERTO VILLARROEL,nutricion y desarrollo infantil,controles nuevos en ninos menores de 2 anos,2005-01-01,52,52,56,108
PUNA,nutricion y desarrollo infantil,controles nuevos en ninos menores de 2 anos,2005-01-01,25,25,40,65
PUNATA,nutricion y desarrollo infantil,controles nuevos en ninos menores de 2 anos,2005-01-01,206,206,152,358
QUIABAYA,nutricion y desarrollo infantil,controles nuevos en ninos menores de 2 anos,2005-01-01,0,0,5,5
QUILLACOLLO,nutricion y desarrollo infantil,controles nuevos en ninos menores de 2 anos,2005-01-01,375,375,281,656
QUIME,nutricion y desarrollo infantil,controles nuevos en ninos menores de 2 anos,2005-01-01,10,10,14,24
QUIRUSILLAS,nutricion y desarrollo infantil,controles nuevos en ninos menores de 2 anos,2005-01-01,1,1,0,1
RAVELO,nutricion y desarrollo infantil,controles nuevos en ninos menores de 2 anos,2005-01-01,17,17,11,28
REYES,nutricion y desarrollo infantil,controles nuevos en ninos menores de 2 anos,2005-01-01,14,14,22,36
RIBERALTA,nutricion y desarrollo infantil,controles nuevos en ninos menores de 2 anos,2005-01-01,118,118,115,233
ROBORE,nutricion y desarrollo infantil,controles nuevos en ninos menores de 2 anos,2005-01-01,26,26,25,51
RURRENABAQUE,nutricion y desarrollo infantil,controles nuevos en ninos menores de 2 anos,2005-01-01,13,13,13,26
SABAYA,nutricion y desarrollo infantil,controles nuevos en ninos menores de 2 anos,2005-01-01,1,1,2,3
SACABA,nutricion y desarrollo infantil,controles nuevos en ninos menores de 2 anos,2005-01-01,293,293,256,549
SACABAMBA,nutricion y desarrollo infantil,controles nuevos en ninos menores de 2 anos,2005-01-01,3,3,5,8
SACACA,nutricion y desarrollo infantil,controles nuevos en ninos menores de 2 anos,2005-01-01,59,59,77,136
SAIPINA,nutricion y desarrollo infantil,controles nuevos en ninos menores de 2 anos,2005-01-01,8,8,12,20
SALINAS DE GARCI MENDOZA,nutricion y desarrollo infantil,controles nuevos en ninos menores de 2 anos,2005-01-01,8,8,7,15
SAMAIPATA,nutricion y desarrollo infantil,controles nuevos en ninos menores de 2 anos,2005-01-01,17,17,9,26
SAN AGUSTIN,nutricion y desarrollo infantil,controles nuevos en ninos menores de 2 anos,2005-01-01,2,2,0,2
SAN ANDRES,nutricion y desarrollo infantil,controles nuevos en ninos menores de 2 anos,2005-01-01,32,32,41,73
SAN ANDRES DE MACHACA,nutricion y desarrollo infantil,controles nuevos en ninos menores de 2 anos,2005-01-01,6,6,1,7
SAN ANTONIO DE ESMORUCO,nutricion y desarrollo infantil,controles nuevos en ninos menores de 2 anos,2005-01-01,1,1,1,2
SAN ANTONIO DE LOMERIO,nutricion y desarrollo infantil,controles nuevos en ninos menores de 2 anos,2005-01-01,2,2,6,8
SAN BENITO,nutricion y desarrollo infantil,controles nuevos en ninos menores de 2 anos,2005-01-01,18,18,24,42
SAN BORJA,nutricion y desarrollo infantil,controles nuevos en ninos menores de 2 anos,2005-01-01,54,54,28,82
SAN BUENA VENTURA,nutricion y desarrollo infantil,controles nuevos en ninos menores de 2 anos,2005-01-01,5,5,9,14
SAN CARLOS,nutricion y desarrollo infantil,controles nuevos en ninos menores de 2 anos,2005-01-01,28,28,20,48
SAN IGNACIO,nutricion y desarrollo infantil,controles nuevos en ninos menores de 2 anos,2005-01-01,59,59,62,121
SAN IGNACIO DE VELASCO,nutricion y desarrollo infantil,controles nuevos en ninos menores de 2 anos,2005-01-01,119,119,79,198
SAN JAVIER(BNI),nutricion y desarrollo infantil,controles nuevos en ninos menores de 2 anos,2005-01-01,15,15,15,30
SAN JAVIER(STC),nutricion y desarrollo infantil,controles nuevos en ninos menores de 2 anos,2005-01-01,15,15,11,26
SAN JOAQUIN,nutricion y desarrollo infantil,controles nuevos en ninos menores de 2 anos,2005-01-01,10,10,4,14
SAN JOSE DE CHIQUITOS,nutricion y desarrollo infantil,controles nuevos en ninos menores de 2 anos,2005-01-01,23,23,26,49
SAN JUAN DE YAPACANI,nutricion y desarrollo infantil,controles nuevos en ninos menores de 2 anos,2005-01-01,7,7,8,15
SAN JULIAN,nutricion y desarrollo infantil,controles nuevos en ninos menores de 2 anos,2005-01-01,67,67,58,125
SAN LORENZO(PND),nutricion y desarrollo infantil,controles nuevos en ninos menores de 2 anos,2005-01-01,9,9,9,18
SAN LORENZO(TJA),nutricion y desarrollo infantil,controles nuevos en ninos menores de 2 anos,2005-01-01,26,26,26,52
SAN LUCAS,nutricion y desarrollo infantil,controles nuevos en ninos menores de 2 anos,2005-01-01,540,540,536,1076
SAN MATIAS,nutricion y desarrollo infantil,controles nuevos en ninos menores de 2 anos,2005-01-01,15,15,21,36
SAN MIGUEL DE VELASCO,nutricion y desarrollo infantil,controles nuevos en ninos menores de 2 anos,2005-01-01,14,14,10,24
SAN PABLO DE LIPEZ,nutricion y desarrollo infantil,controles nuevos en ninos menores de 2 anos,2005-01-01,1,1,5,6
SAN PEDRO,nutricion y desarrollo infantil,controles nuevos en ninos menores de 2 anos,2005-01-01,22,22,16,38
SAN PEDRO DE BUENA VISTA,nutricion y desarrollo infantil,controles nuevos en ninos menores de 2 anos,2005-01-01,56,56,45,101
SAN PEDRO DE CURAHUARA,nutricion y desarrollo infantil,controles nuevos en ninos menores de 2 anos,2005-01-01,31,31,16,47
SAN PEDRO DE QUEMES,nutricion y desarrollo infantil,controles nuevos en ninos menores de 2 anos,2005-01-01,0,0,1,1
SAN PEDRO DE TIQUINA,nutricion y desarrollo infantil,controles nuevos en ninos menores de 2 anos,2005-01-01,1,1,1,2
SAN RAFAEL,nutricion y desarrollo infantil,controles nuevos en ninos menores de 2 anos,2005-01-01,4,4,1,5
SAN RAMON,nutricion y desarrollo infantil,controles nuevos en ninos menores de 2 anos,2005-01-01,49,49,43,92
SAN RAMON,nutricion y desarrollo infantil,controles nuevos en ninos menores de 2 anos,2005-01-01,5,5,5,10
SANTA ANA,nutricion y desarrollo infantil,controles nuevos en ninos menores de 2 anos,2005-01-01,22,22,20,42
SANTA CRUZ DE LA SIERRA,nutricion y desarrollo infantil,controles nuevos en ninos menores de 2 anos,2005-01-01,2563,2563,2330,4893
SANTA ROSA,nutricion y desarrollo infantil,controles nuevos en ninos menores de 2 anos,2005-01-01,8,8,8,16
SANTA ROSA DEL SARA,nutricion y desarrollo infantil,controles nuevos en ninos menores de 2 anos,2005-01-01,65,65,66,131
SANTIAGO DE CALLAPA,nutricion y desarrollo infantil,controles nuevos en ninos menores de 2 anos,2005-01-01,3,3,3,6
SANTIAGO DE HUARI,nutricion y desarrollo infantil,controles nuevos en ninos menores de 2 anos,2005-01-01,15,15,18,33
SANTIAGO DE MACHACA,nutricion y desarrollo infantil,controles nuevos en ninos menores de 2 anos,2005-01-01,3,3,4,7
SANTIVAÑES,nutricion y desarrollo infantil,controles nuevos en ninos menores de 2 anos,2005-01-01,2,2,1,3
SANTUARIO DE QUILLACAS,nutricion y desarrollo infantil,controles nuevos en ninos menores de 2 anos,2005-01-01,23,23,12,35
SAPAHAQUI,nutricion y desarrollo infantil,controles nuevos en ninos menores de 2 anos,2005-01-01,7,7,11,18
SENA,nutricion y desarrollo infantil,controles nuevos en ninos menores de 2 anos,2005-01-01,9,9,9,18
SICA SICA (VILLA AROMA),nutricion y desarrollo infantil,controles nuevos en ninos menores de 2 anos,2005-01-01,35,35,25,60
SICAYA,nutricion y desarrollo infantil,controles nuevos en ninos menores de 2 anos,2005-01-01,3,3,1,4
SIPE SIPE,nutricion y desarrollo infantil,controles nuevos en ninos menores de 2 anos,2005-01-01,143,143,130,273
SOPACHUY,nutricion y desarrollo infantil,controles nuevos en ninos menores de 2 anos,2005-01-01,139,139,133,272
SORACACHI,nutricion y desarrollo infantil,controles nuevos en ninos menores de 2 anos,2005-01-01,12,12,10,22
SORATA,nutricion y desarrollo infantil,controles nuevos en ninos menores de 2 anos,2005-01-01,22,22,34,56
SUCRE,nutricion y desarrollo infantil,controles nuevos en ninos menores de 2 anos,2005-01-01,1159,1159,1076,2235
TACACHI,nutricion y desarrollo infantil,controles nuevos en ninos menores de 2 anos,2005-01-01,2,2,10,12
TACACOMA,nutricion y desarrollo infantil,controles nuevos en ninos menores de 2 anos,2005-01-01,9,9,4,13
TACOBAMBA,nutricion y desarrollo infantil,controles nuevos en ninos menores de 2 anos,2005-01-01,7,7,8,15
TACOPAYA,nutricion y desarrollo infantil,controles nuevos en ninos menores de 2 anos,2005-01-01,12,12,17,29
TAHUA,nutricion y desarrollo infantil,controles nuevos en ninos menores de 2 anos,2005-01-01,2,2,1,3
TAPACARI,nutricion y desarrollo infantil,controles nuevos en ninos menores de 2 anos,2005-01-01,86,86,59,145
TARABUCO,nutricion y desarrollo infantil,controles nuevos en ninos menores de 2 anos,2005-01-01,406,406,353,759
TARACO,nutricion y desarrollo infantil,controles nuevos en ninos menores de 2 anos,2005-01-01,17,17,11,28
TARATA,nutricion y desarrollo infantil,controles nuevos en ninos menores de 2 anos,2005-01-01,12,12,10,22
TARIJA,nutricion y desarrollo infantil,controles nuevos en ninos menores de 2 anos,2005-01-01,834,834,787,1621
TARVITA,nutricion y desarrollo infantil,controles nuevos en ninos menores de 2 anos,2005-01-01,359,359,318,677
TEOPONTE,nutricion y desarrollo infantil,controles nuevos en ninos menores de 2 anos,2005-01-01,9,9,4,13
TIAWANACU,nutricion y desarrollo infantil,controles nuevos en ninos menores de 2 anos,2005-01-01,14,14,11,25
TINGUIPAYA,nutricion y desarrollo infantil,controles nuevos en ninos menores de 2 anos,2005-01-01,67,67,78,145
TIPUANI,nutricion y desarrollo infantil,controles nuevos en ninos menores de 2 anos,2005-01-01,8,8,9,17
TIQUIPAYA,nutricion y desarrollo infantil,controles nuevos en ninos menores de 2 anos,2005-01-01,92,92,58,150
TIRAQUE (CBBA),nutricion y desarrollo infantil,controles nuevos en ninos menores de 2 anos,2005-01-01,359,359,317,676
TITO YUPANQUI (PARQUIPUJIO),nutricion y desarrollo infantil,controles nuevos en ninos menores de 2 anos,2005-01-01,1,1,1,2
TOCO,nutricion y desarrollo infantil,controles nuevos en ninos menores de 2 anos,2005-01-01,8,8,4,12
TOLATA,nutricion y desarrollo infantil,controles nuevos en ninos menores de 2 anos,2005-01-01,2,2,4,6
TOLEDO,nutricion y desarrollo infantil,controles nuevos en ninos menores de 2 anos,2005-01-01,4,4,3,7
TOMAVE,nutricion y desarrollo infantil,controles nuevos en ninos menores de 2 anos,2005-01-01,7,7,9,16
TOMINA,nutricion y desarrollo infantil,controles nuevos en ninos menores de 2 anos,2005-01-01,161,161,174,335
TORO TORO,nutricion y desarrollo infantil,controles nuevos en ninos menores de 2 anos,2005-01-01,12,12,13,25
TOTORA(CBBA),nutricion y desarrollo infantil,controles nuevos en ninos menores de 2 anos,2005-01-01,82,82,27,109
TOTORA(ORR),nutricion y desarrollo infantil,controles nuevos en ninos menores de 2 anos,2005-01-01,8,8,8,16
TRIGAL,nutricion y desarrollo infantil,controles nuevos en ninos menores de 2 anos,2005-01-01,2,2,2,4
TRINIDAD,nutricion y desarrollo infantil,controles nuevos en ninos menores de 2 anos,2005-01-01,608,608,498,1106
TUPIZA,nutricion y desarrollo infantil,controles nuevos en ninos menores de 2 anos,2005-01-01,42,42,39,81
TURCO,nutricion y desarrollo infantil,controles nuevos en ninos menores de 2 anos,2005-01-01,2,2,7,9
UMALA,nutricion y desarrollo infantil,controles nuevos en ninos menores de 2 anos,2005-01-01,9,9,5,14
UNCIA,nutricion y desarrollo infantil,controles nuevos en ninos menores de 2 anos,2005-01-01,25,25,24,49
URIONDO (A. CONCEPCION),nutricion y desarrollo infantil,controles nuevos en ninos menores de 2 anos,2005-01-01,8,8,4,12
URUBICHA,nutricion y desarrollo infantil,controles nuevos en ninos menores de 2 anos,2005-01-01,3,3,4,7
UYUNI,nutricion y desarrollo infantil,controles nuevos en ninos menores de 2 anos,2005-01-01,33,33,18,51
VACAS,nutricion y desarrollo infantil,controles nuevos en ninos menores de 2 anos,2005-01-01,13,13,18,31
VALLEGRANDE,nutricion y desarrollo infantil,controles nuevos en ninos menores de 2 anos,2005-01-01,18,18,8,26
VIACHA,nutricion y desarrollo infantil,controles nuevos en ninos menores de 2 anos,2005-01-01,41,41,38,79
VILA VILA,nutricion y desarrollo infantil,controles nuevos en ninos menores de 2 anos,2005-01-01,7,7,5,12
VILLA MONTES,nutricion y desarrollo infantil,controles nuevos en ninos menores de 2 anos,2005-01-01,133,133,98,231
VILLA RIVERO,nutricion y desarrollo infantil,controles nuevos en ninos menores de 2 anos,2005-01-01,11,11,3,14
VILLA SERRANO,nutricion y desarrollo infantil,controles nuevos en ninos menores de 2 anos,2005-01-01,187,187,195,382
VILLA TUNARI,nutricion y desarrollo infantil,controles nuevos en ninos menores de 2 anos,2005-01-01,316,316,312,628
VILLA VACA GUZMAN (MUYUPAMPA),nutricion y desarrollo infantil,controles nuevos en ninos menores de 2 anos,2005-01-01,134,134,114,248
VILLAZON,nutricion y desarrollo infantil,controles nuevos en ninos menores de 2 anos,2005-01-01,41,41,37,78
VINTO,nutricion y desarrollo infantil,controles nuevos en ninos menores de 2 anos,2005-01-01,161,161,135,296
VITICHI,nutricion y desarrollo infantil,controles nuevos en ninos menores de 2 anos,2005-01-01,12,12,4,16
WARNES,nutricion y desarrollo infantil,controles nuevos en ninos menores de 2 anos,2005-01-01,118,118,130,248
YACO,nutricion y desarrollo infantil,controles nuevos en ninos menores de 2 anos,2005-01-01,4,4,7,11
YACUIBA,nutricion y desarrollo infantil,controles nuevos en ninos menores de 2 anos,2005-01-01,93,93,108,201
YAMPARAEZ,nutricion y desarrollo infantil,controles nuevos en ninos menores de 2 anos,2005-01-01,200,200,195,395
YANACACHI,nutricion y desarrollo infantil,controles nuevos en ninos menores de 2 anos,2005-01-01,13,13,10,23
YAPACANI,nutricion y desarrollo infantil,controles nuevos en ninos menores de 2 anos,2005-01-01,49,49,48,97
YOCALLA,nutricion y desarrollo infantil,controles nuevos en ninos menores de 2 anos,2005-01-01,2,2,1,3
YOTALA,nutricion y desarrollo infantil,controles nuevos en ninos menores de 2 anos,2005-01-01,135,135,129,264
YUNCHARA,nutricion y desarrollo infantil,controles nuevos en ninos menores de 2 anos,2005-01-01,6,6,5,11
ZUDAÑEZ,nutricion y desarrollo infantil,controles nuevos en ninos menores de 2 anos,2005-01-01,136,136,123,259
ACACIO,nutricion y desarrollo infantil,controles nuevos en ninos menores de 2 anos,2005-02-01,11,11,10,21
ACHACACHI,nutricion y desarrollo infantil,controles nuevos en ninos menores de 2 anos,2005-02-01,91,91,113,204
ACHOCALLA,nutricion y desarrollo infantil,controles nuevos en ninos menores de 2 anos,2005-02-01,29,29,30,59
AIQUILE,nutricion y desarrollo infantil,controles nuevos en ninos menores de 2 anos,2005-02-01,60,60,45,105
ALALAY,nutricion y desarrollo infantil,controles nuevos en ninos menores de 2 anos,2005-02-01,5,5,4,9
ALCALA,nutricion y desarrollo infantil,controles nuevos en ninos menores de 2 anos,2005-02-01,0,0,1,1
ANCORAIMES,nutricion y desarrollo infantil,controles nuevos en ninos menores de 2 anos,2005-02-01,17,17,11,28
ANDAMARCA,nutricion y desarrollo infantil,controles nuevos en ninos menores de 2 anos,2005-02-01,0,0,1,1
ANTEQUERA,nutricion y desarrollo infantil,controles nuevos en ninos menores de 2 anos,2005-02-01,8,8,5,13
ANZALDO,nutricion y desarrollo infantil,controles nuevos en ninos menores de 2 anos,2005-02-01,3,3,1,4
APOLO,nutricion y desarrollo infantil,controles nuevos en ninos menores de 2 anos,2005-02-01,11,11,10,21
ARAMPAMPA,nutricion y desarrollo infantil,controles nuevos en ninos menores de 2 anos,2005-02-01,2,2,8,10
ARANI,nutricion y desarrollo infantil,controles nuevos en ninos menores de 2 anos,2005-02-01,7,7,8,15
ARBIETO,nutricion y desarrollo infantil,controles nuevos en ninos menores de 2 anos,2005-02-01,14,14,5,19
ARQUE,nutricion y desarrollo infantil,controles nuevos en ninos menores de 2 anos,2005-02-01,14,14,30,44
ASCENCION DE GUARAYOS,nutricion y desarrollo infantil,controles nuevos en ninos menores de 2 anos,2005-02-01,26,26,36,62
ATOCHA,nutricion y desarrollo infantil,controles nuevos en ninos menores de 2 anos,2005-02-01,6,6,6,12
AUCAPATA,nutricion y desarrollo infantil,controles nuevos en ninos menores de 2 anos,2005-02-01,9,9,14,23
AYATA,nutricion y desarrollo infantil,controles nuevos en ninos menores de 2 anos,2005-02-01,13,13,7,20
AYO AYO,nutricion y desarrollo infantil,controles nuevos en ninos menores de 2 anos,2005-02-01,8,8,7,15
AYOPAYA (V. DE INDEPENDENCIA),nutricion y desarrollo infantil,controles nuevos en ninos menores de 2 anos,2005-02-01,41,41,38,79
AZURDUY,nutricion y desarrollo infantil,controles nuevos en ninos menores de 2 anos,2005-02-01,66,66,57,123
BATALLAS,nutricion y desarrollo infantil,controles nuevos en ninos menores de 2 anos,2005-02-01,18,18,17,35
BAURES,nutricion y desarrollo infantil,controles nuevos en ninos menores de 2 anos,2005-02-01,5,5,2,7
BELEN DE ANDAMARCA,nutricion y desarrollo infantil,controles nuevos en ninos menores de 2 anos,2005-02-01,1,1,1,2
BELEN DE URMIRI,nutricion y desarrollo infantil,controles nuevos en ninos menores de 2 anos,2005-02-01,3,3,0,3
BELLA FLOR,nutricion y desarrollo infantil,controles nuevos en ninos menores de 2 anos,2005-02-01,2,2,1,3
BERMEJO,nutricion y desarrollo infantil,controles nuevos en ninos menores de 2 anos,2005-02-01,40,40,60,100
BETANZOS,nutricion y desarrollo infantil,controles nuevos en ninos menores de 2 anos,2005-02-01,33,33,26,59
BOLIVAR,nutricion y desarrollo infantil,controles nuevos en ninos menores de 2 anos,2005-02-01,5,5,10,15
BOLPEBRA,nutricion y desarrollo infantil,controles nuevos en ninos menores de 2 anos,2005-02-01,1,1,0,1
BOYUIBE,nutricion y desarrollo infantil,controles nuevos en ninos menores de 2 anos,2005-02-01,7,7,6,13
BUENA VISTA,nutricion y desarrollo infantil,controles nuevos en ninos menores de 2 anos,2005-02-01,17,17,10,27
CABEZAS,nutricion y desarrollo infantil,controles nuevos en ninos menores de 2 anos,2005-02-01,64,64,71,135
CAIROMA,nutricion y desarrollo infantil,controles nuevos en ninos menores de 2 anos,2005-02-01,6,6,14,20
"CAIZA ""D""",nutricion y desarrollo infantil,controles nuevos en ninos menores de 2 anos,2005-02-01,12,12,12,24
CAJUATA,nutricion y desarrollo infantil,controles nuevos en ninos menores de 2 anos,2005-02-01,17,17,8,25
CALACOTO,nutricion y desarrollo infantil,controles nuevos en ninos menores de 2 anos,2005-02-01,2,2,2,4
CALAMARCA,nutricion y desarrollo infantil,controles nuevos en ninos menores de 2 anos,2005-02-01,19,19,13,32
CAMARGO,nutricion y desarrollo infantil,controles nuevos en ninos menores de 2 anos,2005-02-01,39,39,43,82
CAMATAQUI (C. VILLA ABECIA),nutricion y desarrollo infantil,controles nuevos en ninos menores de 2 anos,2005-02-01,18,18,18,36
CAMIRI,nutricion y desarrollo infantil,controles nuevos en ninos menores de 2 anos,2005-02-01,64,64,67,131
CAPINOTA,nutricion y desarrollo infantil,controles nuevos en ninos menores de 2 anos,2005-02-01,23,23,14,37
CAQUIAVIRI,nutricion y desarrollo infantil,controles nuevos en ninos menores de 2 anos,2005-02-01,7,7,10,17
CARACOLLO,nutricion y desarrollo infantil,controles nuevos en ninos menores de 2 anos,2005-02-01,8,8,7,15
CARANAVI,nutricion y desarrollo infantil,controles nuevos en ninos menores de 2 anos,2005-02-01,73,73,68,141
CARAPARI,nutricion y desarrollo infantil,controles nuevos en ninos menores de 2 anos,2005-02-01,6,6,9,15
CARIPUYO,nutricion y desarrollo infantil,controles nuevos en ninos menores de 2 anos,2005-02-01,5,5,7,12
CARMEN RIVERO TORREZ,nutricion y desarrollo infantil,controles nuevos en ninos menores de 2 anos,2005-02-01,8,8,2,10
CATACORA,nutricion y desarrollo infantil,controles nuevos en ninos menores de 2 anos,2005-02-01,0,0,1,1
CHACARILLA,nutricion y desarrollo infantil,controles nuevos en ninos menores de 2 anos,2005-02-01,1,1,1,2
CHALLAPATA,nutricion y desarrollo infantil,controles nuevos en ninos menores de 2 anos,2005-02-01,29,29,23,52
CHAQUI,nutricion y desarrollo infantil,controles nuevos en ninos menores de 2 anos,2005-02-01,3,3,7,10
CHARAGUA,nutricion y desarrollo infantil,controles nuevos en ninos menores de 2 anos,2005-02-01,16,16,24,40
CHARAÑA,nutricion y desarrollo infantil,controles nuevos en ninos menores de 2 anos,2005-02-01,2,2,0,2
CHAYANTA,nutricion y desarrollo infantil,controles nuevos en ninos menores de 2 anos,2005-02-01,15,15,8,23
CHIMORE,nutricion y desarrollo infantil,controles nuevos en ninos menores de 2 anos,2005-02-01,34,34,28,62
CHIPAYA,nutricion y desarrollo infantil,controles nuevos en ninos menores de 2 anos,2005-02-01,0,0,1,1
CHULUMANI (V. DE LA LIBERTAD),nutricion y desarrollo infantil,controles nuevos en ninos menores de 2 anos,2005-02-01,25,25,30,55
CHUMA,nutricion y desarrollo infantil,controles nuevos en ninos menores de 2 anos,2005-02-01,12,12,7,19
CLIZA,nutricion y desarrollo infantil,controles nuevos en ninos menores de 2 anos,2005-02-01,64,64,52,116
COBIJA,nutricion y desarrollo infantil,controles nuevos en ninos menores de 2 anos,2005-02-01,29,29,36,65
COCHABAMBA,nutricion y desarrollo infantil,controles nuevos en ninos menores de 2 anos,2005-02-01,1293,1293,1157,2450
COLCAPIRHUA,nutricion y desarrollo infantil,controles nuevos en ninos menores de 2 anos,2005-02-01,125,125,92,217
"COLCHA ""K""",nutricion y desarrollo infantil,controles nuevos en ninos menores de 2 anos,2005-02-01,6,6,11,17
COLLANA,nutricion y desarrollo infantil,controles nuevos en ninos menores de 2 anos,2005-02-01,12,12,5,17
COLOMI,nutricion y desarrollo infantil,controles nuevos en ninos menores de 2 anos,2005-02-01,132,132,102,234
COLPA BELGICA,nutricion y desarrollo infantil,controles nuevos en ninos menores de 2 anos,2005-02-01,28,28,19,47
COLQUECHACA,nutricion y desarrollo infantil,controles nuevos en ninos menores de 2 anos,2005-02-01,35,35,36,71
COLQUENCHA,nutricion y desarrollo infantil,controles nuevos en ninos menores de 2 anos,2005-02-01,25,25,17,42
COLQUIRI,nutricion y desarrollo infantil,controles nuevos en ninos menores de 2 anos,2005-02-01,139,139,128,267
COMANCHE,nutricion y desarrollo infantil,controles nuevos en ninos menores de 2 anos,2005-02-01,3,3,0,3
COMARAPA,nutricion y desarrollo infantil,controles nuevos en ninos menores de 2 anos,2005-02-01,13,13,18,31
COMBAYA,nutricion y desarrollo infantil,controles nuevos en ninos menores de 2 anos,2005-02-01,10,10,5,15
CONCEPCION,nutricion y desarrollo infantil,controles nuevos en ninos menores de 2 anos,2005-02-01,10,10,10,20
COPACABANA,nutricion y desarrollo infantil,controles nuevos en ninos menores de 2 anos,2005-02-01,8,8,7,15
CORIPATA,nutricion y desarrollo infantil,controles nuevos en ninos menores de 2 anos,2005-02-01,42,42,23,65
CORO CORO,nutricion y desarrollo infantil,controles nuevos en ninos menores de 2 anos,2005-02-01,10,10,8,18
COROICO,nutricion y desarrollo infantil,controles nuevos en ninos menores de 2 anos,2005-02-01,43,43,48,91
CORQUE,nutricion y desarrollo infantil,controles nuevos en ninos menores de 2 anos,2005-02-01,3,3,18,21
COTAGAITA,nutricion y desarrollo infantil,controles nuevos en ninos menores de 2 anos,2005-02-01,24,24,27,51
COTOCA,nutricion y desarrollo infantil,controles nuevos en ninos menores de 2 anos,2005-02-01,37,37,39,76
CUATRO CAÑADAS,nutricion y desarrollo infantil,controles nuevos en ninos menores de 2 anos,2005-02-01,106,106,71,177
CUCHUMUELA (V. G. VILLARROEL),nutricion y desarrollo infantil,controles nuevos en ninos menores de 2 anos,2005-02-01,4,4,2,6
CUEVO,nutricion y desarrollo infantil,controles nuevos en ninos menores de 2 anos,2005-02-01,1,1,3,4
CULPINA,nutricion y desarrollo infantil,controles nuevos en ninos menores de 2 anos,2005-02-01,122,122,120,242
CURAHUARA DE CARANGAS,nutricion y desarrollo infantil,controles nuevos en ninos menores de 2 anos,2005-02-01,4,4,4,8
CURVA,nutricion y desarrollo infantil,controles nuevos en ninos menores de 2 anos,2005-02-01,4,4,6,10
DESAGUADERO,nutricion y desarrollo infantil,controles nuevos en ninos menores de 2 anos,2005-02-01,3,3,12,15
EL ALTO,nutricion y desarrollo infantil,controles nuevos en ninos menores de 2 anos,2005-02-01,1823,1823,1803,3626
EL CHORO,nutricion y desarrollo infantil,controles nuevos en ninos menores de 2 anos,2005-02-01,6,6,4,10
EL PUENTE(STC),nutricion y desarrollo infantil,controles nuevos en ninos menores de 2 anos,2005-02-01,81,81,73,154
EL PUENTE(TJA),nutricion y desarrollo infantil,controles nuevos en ninos menores de 2 anos,2005-02-01,10,10,7,17
EL TORNO,nutricion y desarrollo infantil,controles nuevos en ninos menores de 2 anos,2005-02-01,35,35,33,68
EL VILLAR,nutricion y desarrollo infantil,controles nuevos en ninos menores de 2 anos,2005-02-01,5,5,2,7
ENTRE RIOS,nutricion y desarrollo infantil,controles nuevos en ninos menores de 2 anos,2005-02-01,24,24,20,44
ENTRE RIOS,nutricion y desarrollo infantil,controles nuevos en ninos menores de 2 anos,2005-02-01,74,74,65,139
EUCALIPTUS,nutricion y desarrollo infantil,controles nuevos en ninos menores de 2 anos,2005-02-01,5,5,5,10
EXALTACION,nutricion y desarrollo infantil,controles nuevos en ninos menores de 2 anos,2005-02-01,6,6,7,13
FERNANDEZ ALONSO,nutricion y desarrollo infantil,controles nuevos en ninos menores de 2 anos,2005-02-01,15,15,12,27
FILADELFIA,nutricion y desarrollo infantil,controles nuevos en ninos menores de 2 anos,2005-02-01,13,13,28,41
GENERAL SAAVEDRA,nutricion y desarrollo infantil,controles nuevos en ninos menores de 2 anos,2005-02-01,17,17,12,29
GRAL. J.J. PEREZ (CHARAZANI),nutricion y desarrollo infantil,controles nuevos en ninos menores de 2 anos,2005-02-01,8,8,12,20
GUANAY,nutricion y desarrollo infantil,controles nuevos en ninos menores de 2 anos,2005-02-01,24,24,16,40
GUAQUI,nutricion y desarrollo infantil,controles nuevos en ninos menores de 2 anos,2005-02-01,3,3,2,5
GUAYARAMERIN,nutricion y desarrollo infantil,controles nuevos en ninos menores de 2 anos,2005-02-01,60,60,54,114
GUTIERREZ,nutricion y desarrollo infantil,controles nuevos en ninos menores de 2 anos,2005-02-01,18,18,17,35
HUACARETA,nutricion y desarrollo infantil,controles nuevos en ninos menores de 2 anos,2005-02-01,61,61,59,120
HUACAYA (VILLA DE HUACAYA),nutricion y desarrollo infantil,controles nuevos en ninos menores de 2 anos,2005-02-01,11,11,14,25
HUACHACALLA,nutricion y desarrollo infantil,controles nuevos en ninos menores de 2 anos,2005-02-01,7,7,12,19
HUANUNI,nutricion y desarrollo infantil,controles nuevos en ninos menores de 2 anos,2005-02-01,32,32,21,53
HUARACAJE,nutricion y desarrollo infantil,controles nuevos en ninos menores de 2 anos,2005-02-01,3,3,1,4
HUAYLLAMARCA,nutricion y desarrollo infantil,controles nuevos en ninos menores de 2 anos,2005-02-01,18,18,19,37
ICHOCA,nutricion y desarrollo infantil,controles nuevos en ninos menores de 2 anos,2005-02-01,9,9,10,19
ICLA,nutricion y desarrollo infantil,controles nuevos en ninos menores de 2 anos,2005-02-01,39,39,17,56
INCAHUASI,nutricion y desarrollo infantil,controles nuevos en ninos menores de 2 anos,2005-02-01,160,160,198,358
INGAVI (HUMAITA),nutricion y desarrollo infantil,controles nuevos en ninos menores de 2 anos,2005-02-01,16,16,12,28
INQUISIVI,nutricion y desarrollo infantil,controles nuevos en ninos menores de 2 anos,2005-02-01,25,25,16,41
IRUPANA (VILLA DE LANZA),nutricion y desarrollo infantil,controles nuevos en ninos menores de 2 anos,2005-02-01,21,21,17,38
IXIAMAS,nutricion y desarrollo infantil,controles nuevos en ninos menores de 2 anos,2005-02-01,16,16,10,26
JESUS DE MACHACA,nutricion y desarrollo infantil,controles nuevos en ninos menores de 2 anos,2005-02-01,4,4,9,13
LA ASUNTA,nutricion y desarrollo infantil,controles nuevos en ninos menores de 2 anos,2005-02-01,49,49,49,98
LA GUARDIA,nutricion y desarrollo infantil,controles nuevos en ninos menores de 2 anos,2005-02-01,130,130,133,263
LA PAZ,nutricion y desarrollo infantil,controles nuevos en ninos menores de 2 anos,2005-02-01,1410,1410,1322,2732
LA RIVERA,nutricion y desarrollo infantil,controles nuevos en ninos menores de 2 anos,2005-02-01,1,1,0,1
LAGUNILLAS,nutricion y desarrollo infantil,controles nuevos en ninos menores de 2 anos,2005-02-01,17,17,13,30
LAJA,nutricion y desarrollo infantil,controles nuevos en ninos menores de 2 anos,2005-02-01,55,55,54,109
LAS CARRERAS,nutricion y desarrollo infantil,controles nuevos en ninos menores de 2 anos,2005-02-01,22,22,20,42
LLALLAGUA,nutricion y desarrollo infantil,controles nuevos en ninos menores de 2 anos,2005-02-01,60,60,48,108
LLICA,nutricion y desarrollo infantil,controles nuevos en ninos menores de 2 anos,2005-02-01,1,1,10,11
LORETO,nutricion y desarrollo infantil,controles nuevos en ninos menores de 2 anos,2005-02-01,11,11,11,22
LURIBAY,nutricion y desarrollo infantil,controles nuevos en ninos menores de 2 anos,2005-02-01,3,3,6,9
MACHACAMARCA,nutricion y desarrollo infantil,controles nuevos en ninos menores de 2 anos,2005-02-01,3,3,1,4
MACHARETI,nutricion y desarrollo infantil,controles nuevos en ninos menores de 2 anos,2005-02-01,20,20,27,47
MAGDALENA,nutricion y desarrollo infantil,controles nuevos en ninos menores de 2 anos,2005-02-01,12,12,10,22
MAIRANA,nutricion y desarrollo infantil,controles nuevos en ninos menores de 2 anos,2005-02-01,1,1,5,6
MALLA,nutricion y desarrollo infantil,controles nuevos en ninos menores de 2 anos,2005-02-01,5,5,1,6
MAPIRI,nutricion y desarrollo infantil,controles nuevos en ninos menores de 2 anos,2005-02-01,11,11,18,29
MECAPACA,nutricion y desarrollo infantil,controles nuevos en ninos menores de 2 anos,2005-02-01,14,14,14,28
MINEROS,nutricion y desarrollo infantil,controles nuevos en ninos menores de 2 anos,2005-02-01,18,18,11,29
MIZQUE,nutricion y desarrollo infantil,controles nuevos en ninos menores de 2 anos,2005-02-01,44,44,64,108
MOCOMOCO,nutricion y desarrollo infantil,controles nuevos en ninos menores de 2 anos,2005-02-01,19,19,21,40
MOJOCOYA,nutricion y desarrollo infantil,controles nuevos en ninos menores de 2 anos,2005-02-01,26,26,19,45
MONTEAGUDO,nutricion y desarrollo infantil,controles nuevos en ninos menores de 2 anos,2005-02-01,181,181,154,335
MONTERO,nutricion y desarrollo infantil,controles nuevos en ninos menores de 2 anos,2005-02-01,79,79,115,194
MORO MORO,nutricion y desarrollo infantil,controles nuevos en ninos menores de 2 anos,2005-02-01,3,3,2,5
MOROCHATA,nutricion y desarrollo infantil,controles nuevos en ninos menores de 2 anos,2005-02-01,57,57,58,115
NAZACARA DE PACAJES,nutricion y desarrollo infantil,controles nuevos en ninos menores de 2 anos,2005-02-01,1,1,0,1
NUEVO MANOA (NUEVA ESPERANZA),nutricion y desarrollo infantil,controles nuevos en ninos menores de 2 anos,2005-02-01,2,2,1,3
OCURI,nutricion y desarrollo infantil,controles nuevos en ninos menores de 2 anos,2005-02-01,19,19,15,34
OKINAWA,nutricion y desarrollo infantil,controles nuevos en ninos menores de 2 anos,2005-02-01,41,41,15,56
OMEREQUE,nutricion y desarrollo infantil,controles nuevos en ninos menores de 2 anos,2005-02-01,13,13,9,22
ORURO,nutricion y desarrollo infantil,controles nuevos en ninos menores de 2 anos,2005-02-01,468,468,409,877
PADCAYA,nutricion y desarrollo infantil,controles nuevos en ninos menores de 2 anos,2005-02-01,29,29,22,51
PADILLA,nutricion y desarrollo infantil,controles nuevos en ninos menores de 2 anos,2005-02-01,9,9,16,25
PAILON,nutricion y desarrollo infantil,controles nuevos en ninos menores de 2 anos,2005-02-01,26,26,10,36
PALCA,nutricion y desarrollo infantil,controles nuevos en ninos menores de 2 anos,2005-02-01,49,49,39,88
PALOS BLANCOS,nutricion y desarrollo infantil,controles nuevos en ninos menores de 2 anos,2005-02-01,32,32,32,64
PAMPA AULLAGAS,nutricion y desarrollo infantil,controles nuevos en ninos menores de 2 anos,2005-02-01,9,9,2,11
PAMPA GRANDE,nutricion y desarrollo infantil,controles nuevos en ninos menores de 2 anos,2005-02-01,11,11,6,17
PAPEL PAMPA,nutricion y desarrollo infantil,controles nuevos en ninos menores de 2 anos,2005-02-01,15,15,13,28
PASORAPA,nutricion y desarrollo infantil,controles nuevos en ninos menores de 2 anos,2005-02-01,25,25,25,50
PATACAMAYA,nutricion y desarrollo infantil,controles nuevos en ninos menores de 2 anos,2005-02-01,28,28,19,47
PAZÑA,nutricion y desarrollo infantil,controles nuevos en ninos menores de 2 anos,2005-02-01,10,10,6,16
PELECHUCO,nutricion y desarrollo infantil,controles nuevos en ninos menores de 2 anos,2005-02-01,8,8,9,17
POCOATA,nutricion y desarrollo infantil,controles nuevos en ninos menores de 2 anos,2005-02-01,30,30,46,76
POCONA,nutricion y desarrollo infantil,controles nuevos en ninos menores de 2 anos,2005-02-01,27,27,30,57
POJO (CBBA),nutricion y desarrollo infantil,controles nuevos en ninos menores de 2 anos,2005-02-01,22,22,15,37
POOPO,nutricion y desarrollo infantil,controles nuevos en ninos menores de 2 anos,2005-02-01,5,5,11,16
PORCO,nutricion y desarrollo infantil,controles nuevos en ninos menores de 2 anos,2005-02-01,11,11,7,18
POROMA,nutricion y desarrollo infantil,controles nuevos en ninos menores de 2 anos,2005-02-01,107,107,96,203
PORONGO,nutricion y desarrollo infantil,controles nuevos en ninos menores de 2 anos,2005-02-01,11,11,11,22
PORTACHUELO,nutricion y desarrollo infantil,controles nuevos en ninos menores de 2 anos,2005-02-01,15,15,21,36
PORVENIR,nutricion y desarrollo infantil,controles nuevos en ninos menores de 2 anos,2005-02-01,5,5,3,8
POTOSI,nutricion y desarrollo infantil,controles nuevos en ninos menores de 2 anos,2005-02-01,190,190,208,398
PRESTO,nutricion y desarrollo infantil,controles nuevos en ninos menores de 2 anos,2005-02-01,8,8,10,18
PUCARANI,nutricion y desarrollo infantil,controles nuevos en ninos menores de 2 anos,2005-02-01,26,26,40,66
PUERTO ACOSTA,nutricion y desarrollo infantil,controles nuevos en ninos menores de 2 anos,2005-02-01,22,22,28,50
PUERTO CARABUCO,nutricion y desarrollo infantil,controles nuevos en ninos menores de 2 anos,2005-02-01,20,20,10,30
PUERTO GONZALO MORENO,nutricion y desarrollo infantil,controles nuevos en ninos menores de 2 anos,2005-02-01,7,7,13,20
PUERTO PEREZ,nutricion y desarrollo infantil,controles nuevos en ninos menores de 2 anos,2005-02-01,8,8,15,23
PUERTO QUIJARRO,nutricion y desarrollo infantil,controles nuevos en ninos menores de 2 anos,2005-02-01,20,20,18,38
PUERTO RICO,nutricion y desarrollo infantil,controles nuevos en ninos menores de 2 anos,2005-02-01,14,14,9,23
PUERTO SILES,nutricion y desarrollo infantil,controles nuevos en ninos menores de 2 anos,2005-02-01,11,11,12,23
PUERTO SUAREZ,nutricion y desarrollo infantil,controles nuevos en ninos menores de 2 anos,2005-02-01,18,18,10,28
PUERTO VILLARROEL,nutricion y desarrollo infantil,controles nuevos en ninos menores de 2 anos,2005-02-01,39,39,46,85
PUNA,nutricion y desarrollo infantil,controles nuevos en ninos menores de 2 anos,2005-02-01,33,33,34,67
PUNATA,nutricion y desarrollo infantil,controles nuevos en ninos menores de 2 anos,2005-02-01,121,121,128,249
QUILLACOLLO,nutricion y desarrollo infantil,controles nuevos en ninos menores de 2 anos,2005-02-01,252,252,228,480
QUIME,nutricion y desarrollo infantil,controles nuevos en ninos menores de 2 anos,2005-02-01,6,6,7,13
QUIRUSILLAS,nutricion y desarrollo infantil,controles nuevos en ninos menores de 2 anos,2005-02-01,4,4,19,23
RAVELO,nutricion y desarrollo infantil,controles nuevos en ninos menores de 2 anos,2005-02-01,22,22,18,40
REYES,nutricion y desarrollo infantil,controles nuevos en ninos menores de 2 anos,2005-02-01,14,14,9,23
RIBERALTA,nutricion y desarrollo infantil,controles nuevos en ninos menores de 2 anos,2005-02-01,152,152,127,279
ROBORE,nutricion y desarrollo infantil,controles nuevos en ninos menores de 2 anos,2005-02-01,34,34,26,60
RURRENABAQUE,nutricion y desarrollo infantil,controles nuevos en ninos menores de 2 anos,2005-02-01,30,30,31,61
SABAYA,nutricion y desarrollo infantil,controles nuevos en ninos menores de 2 anos,2005-02-01,3,3,1,4
SACABA,nutricion y desarrollo infantil,controles nuevos en ninos menores de 2 anos,2005-02-01,180,180,200,380
SACABAMBA,nutricion y desarrollo infantil,controles nuevos en ninos menores de 2 anos,2005-02-01,3,3,5,8
SACACA,nutricion y desarrollo infantil,controles nuevos en ninos menores de 2 anos,2005-02-01,46,46,40,86
SAIPINA,nutricion y desarrollo infantil,controles nuevos en ninos menores de 2 anos,2005-02-01,9,9,5,14
SALINAS DE GARCI MENDOZA,nutricion y desarrollo infantil,controles nuevos en ninos menores de 2 anos,2005-02-01,5,5,10,15
SAMAIPATA,nutricion y desarrollo infantil,controles nuevos en ninos menores de 2 anos,2005-02-01,10,10,6,16
SAN AGUSTIN,nutricion y desarrollo infantil,controles nuevos en ninos menores de 2 anos,2005-02-01,2,2,2,4
SAN ANDRES,nutricion y desarrollo infantil,controles nuevos en ninos menores de 2 anos,2005-02-01,61,61,56,117
SAN ANDRES DE MACHACA,nutricion y desarrollo infantil,controles nuevos en ninos menores de 2 anos,2005-02-01,1,1,1,2
SAN ANTONIO DE LOMERIO,nutricion y desarrollo infantil,controles nuevos en ninos menores de 2 anos,2005-02-01,5,5,13,18
SAN BENITO,nutricion y desarrollo infantil,controles nuevos en ninos menores de 2 anos,2005-02-01,36,36,22,58
SAN BORJA,nutricion y desarrollo infantil,controles nuevos en ninos menores de 2 anos,2005-02-01,37,37,47,84
SAN BUENA VENTURA,nutricion y desarrollo infantil,controles nuevos en ninos menores de 2 anos,2005-02-01,10,10,8,18
SAN CARLOS,nutricion y desarrollo infantil,controles nuevos en ninos menores de 2 anos,2005-02-01,12,12,23,35
SAN IGNACIO,nutricion y desarrollo infantil,controles nuevos en ninos menores de 2 anos,2005-02-01,43,43,52,95
SAN IGNACIO DE VELASCO,nutricion y desarrollo infantil,controles nuevos en ninos menores de 2 anos,2005-02-01,57,57,64,121
SAN JAVIER(BNI),nutricion y desarrollo infantil,controles nuevos en ninos menores de 2 anos,2005-02-01,5,5,1,6
SAN JAVIER(STC),nutricion y desarrollo infantil,controles nuevos en ninos menores de 2 anos,2005-02-01,18,18,15,33
SAN JOAQUIN,nutricion y desarrollo infantil,controles nuevos en ninos menores de 2 anos,2005-02-01,7,7,3,10
SAN JOSE DE CHIQUITOS,nutricion y desarrollo infantil,controles nuevos en ninos menores de 2 anos,2005-02-01,4,4,12,16
SAN JUAN DE YAPACANI,nutricion y desarrollo infantil,controles nuevos en ninos menores de 2 anos,2005-02-01,9,9,14,23
SAN JULIAN,nutricion y desarrollo infantil,controles nuevos en ninos menores de 2 anos,2005-02-01,134,134,122,256
SAN LORENZO(PND),nutricion y desarrollo infantil,controles nuevos en ninos menores de 2 anos,2005-02-01,9,9,5,14
SAN LORENZO(TJA),nutricion y desarrollo infantil,controles nuevos en ninos menores de 2 anos,2005-02-01,28,28,22,50
SAN LUCAS,nutricion y desarrollo infantil,controles nuevos en ninos menores de 2 anos,2005-02-01,168,168,175,343
SAN MIGUEL DE VELASCO,nutricion y desarrollo infantil,controles nuevos en ninos menores de 2 anos,2005-02-01,7,7,7,14
SAN PEDRO,nutricion y desarrollo infantil,controles nuevos en ninos menores de 2 anos,2005-02-01,20,20,11,31
SAN PEDRO DE BUENA VISTA,nutricion y desarrollo infantil,controles nuevos en ninos menores de 2 anos,2005-02-01,31,31,28,59
SAN PEDRO DE CURAHUARA,nutricion y desarrollo infantil,controles nuevos en ninos menores de 2 anos,2005-02-01,22,22,23,45
SAN PEDRO DE QUEMES,nutricion y desarrollo infantil,controles nuevos en ninos menores de 2 anos,2005-02-01,0,0,2,2
SAN PEDRO DE TIQUINA,nutricion y desarrollo infantil,controles nuevos en ninos menores de 2 anos,2005-02-01,6,6,4,10
SAN PEDRO(PND),nutricion y desarrollo infantil,controles nuevos en ninos menores de 2 anos,2005-02-01,2,2,0,2
SAN RAFAEL,nutricion y desarrollo infantil,controles nuevos en ninos menores de 2 anos,2005-02-01,6,6,2,8
SAN RAMON,nutricion y desarrollo infantil,controles nuevos en ninos menores de 2 anos,2005-02-01,6,6,6,12
SAN RAMON,nutricion y desarrollo infantil,controles nuevos en ninos menores de 2 anos,2005-02-01,15,15,11,26
SANTA ANA,nutricion y desarrollo infantil,controles nuevos en ninos menores de 2 anos,2005-02-01,44,44,40,84
SANTA CRUZ DE LA SIERRA,nutricion y desarrollo infantil,controles nuevos en ninos menores de 2 anos,2005-02-01,2088,2088,1964,4052
SANTA ROSA,nutricion y desarrollo infantil,controles nuevos en ninos menores de 2 anos,2005-02-01,7,7,7,14
SANTA ROSA DEL SARA,nutricion y desarrollo infantil,controles nuevos en ninos menores de 2 anos,2005-02-01,83,83,86,169
SANTIAGO DE CALLAPA,nutricion y desarrollo infantil,controles nuevos en ninos menores de 2 anos,2005-02-01,3,3,1,4
SANTIAGO DE HUARI,nutricion y desarrollo infantil,controles nuevos en ninos menores de 2 anos,2005-02-01,9,9,9,18
SANTIAGO DE MACHACA,nutricion y desarrollo infantil,controles nuevos en ninos menores de 2 anos,2005-02-01,5,5,3,8
SANTIVAÑES,nutricion y desarrollo infantil,controles nuevos en ninos menores de 2 anos,2005-02-01,6,6,3,9
SANTUARIO DE QUILLACAS,nutricion y desarrollo infantil,controles nuevos en ninos menores de 2 anos,2005-02-01,5,5,3,8
SAPAHAQUI,nutricion y desarrollo infantil,controles nuevos en ninos menores de 2 anos,2005-02-01,13,13,12,25
SENA,nutricion y desarrollo infantil,controles nuevos en ninos menores de 2 anos,2005-02-01,12,12,5,17
SICA SICA (VILLA AROMA),nutricion y desarrollo infantil,controles nuevos en ninos menores de 2 anos,2005-02-01,53,53,55,108
SICAYA,nutricion y desarrollo infantil,controles nuevos en ninos menores de 2 anos,2005-02-01,1,1,0,1
SIPE SIPE,nutricion y desarrollo infantil,controles nuevos en ninos menores de 2 anos,2005-02-01,58,58,73,131
SOPACHUY,nutricion y desarrollo infantil,controles nuevos en ninos menores de 2 anos,2005-02-01,24,24,28,52
SORACACHI,nutricion y desarrollo infantil,controles nuevos en ninos menores de 2 anos,2005-02-01,9,9,10,19
SORATA,nutricion y desarrollo infantil,controles nuevos en ninos menores de 2 anos,2005-02-01,31,31,21,52
SUCRE,nutricion y desarrollo infantil,controles nuevos en ninos menores de 2 anos,2005-02-01,828,828,849,1677
TACACHI,nutricion y desarrollo infantil,controles nuevos en ninos menores de 2 anos,2005-02-01,5,5,5,10
TACACOMA,nutricion y desarrollo infantil,controles nuevos en ninos menores de 2 anos,2005-02-01,4,4,6,10
TACOBAMBA,nutricion y desarrollo infantil,controles nuevos en ninos menores de 2 anos,2005-02-01,13,13,9,22
TACOPAYA,nutricion y desarrollo infantil,controles nuevos en ninos menores de 2 anos,2005-02-01,29,29,19,48
TAHUA,nutricion y desarrollo infantil,controles nuevos en ninos menores de 2 anos,2005-02-01,1,1,0,1
TAPACARI,nutricion y desarrollo infantil,controles nuevos en ninos menores de 2 anos,2005-02-01,35,35,54,89
TARABUCO,nutricion y desarrollo infantil,controles nuevos en ninos menores de 2 anos,2005-02-01,80,80,90,170
TARACO,nutricion y desarrollo infantil,controles nuevos en ninos menores de 2 anos,2005-02-01,17,17,14,31
TARATA,nutricion y desarrollo infantil,controles nuevos en ninos menores de 2 anos,2005-02-01,14,14,1,15
TARIJA,nutricion y desarrollo infantil,controles nuevos en ninos menores de 2 anos,2005-02-01,522,522,666,1188
TARVITA,nutricion y desarrollo infantil,controles nuevos en ninos menores de 2 anos,2005-02-01,100,100,91,191
TEOPONTE,nutricion y desarrollo infantil,controles nuevos en ninos menores de 2 anos,2005-02-01,4,4,5,9
TIAWANACU,nutricion y desarrollo infantil,controles nuevos en ninos menores de 2 anos,2005-02-01,14,14,11,25
TINGUIPAYA,nutricion y desarrollo infantil,controles nuevos en ninos menores de 2 anos,2005-02-01,18,18,21,39
TIPUANI,nutricion y desarrollo infantil,controles nuevos en ninos menores de 2 anos,2005-02-01,7,7,5,12
TIQUIPAYA,nutricion y desarrollo infantil,controles nuevos en ninos menores de 2 anos,2005-02-01,104,104,64,168
TIRAQUE (CBBA),nutricion y desarrollo infantil,controles nuevos en ninos menores de 2 anos,2005-02-01,338,338,250,588
TITO YUPANQUI (PARQUIPUJIO),nutricion y desarrollo infantil,controles nuevos en ninos menores de 2 anos,2005-02-01,0,0,7,7
TOCO,nutricion y desarrollo infantil,controles nuevos en ninos menores de 2 anos,2005-02-01,3,3,3,6
TOLATA,nutricion y desarrollo infantil,controles nuevos en ninos menores de 2 anos,2005-02-01,3,3,6,9
TOLEDO,nutricion y desarrollo infantil,controles nuevos en ninos menores de 2 anos,2005-02-01,7,7,7,14
TOMAVE,nutricion y desarrollo infantil,controles nuevos en ninos menores de 2 anos,2005-02-01,6,6,8,14
TOMINA,nutricion y desarrollo infantil,controles nuevos en ninos menores de 2 anos,2005-02-01,17,17,8,25
TORO TORO,nutricion y desarrollo infantil,controles nuevos en ninos menores de 2 anos,2005-02-01,19,19,17,36
TOTORA(CBBA),nutricion y desarrollo infantil,controles nuevos en ninos menores de 2 anos,2005-02-01,16,16,17,33
TOTORA(ORR),nutricion y desarrollo infantil,controles nuevos en ninos menores de 2 anos,2005-02-01,11,11,9,20
TRIGAL,nutricion y desarrollo infantil,controles nuevos en ninos menores de 2 anos,2005-02-01,1,1,1,2
TRINIDAD,nutricion y desarrollo infantil,controles nuevos en ninos menores de 2 anos,2005-02-01,404,404,370,774
TUPIZA,nutricion y desarrollo infantil,controles nuevos en ninos menores de 2 anos,2005-02-01,29,29,36,65
TURCO,nutricion y desarrollo infantil,controles nuevos en ninos menores de 2 anos,2005-02-01,11,11,10,21
UMALA,nutricion y desarrollo infantil,controles nuevos en ninos menores de 2 anos,2005-02-01,17,17,15,32
UNCIA,nutricion y desarrollo infantil,controles nuevos en ninos menores de 2 anos,2005-02-01,19,19,12,31
URIONDO (A. CONCEPCION),nutricion y desarrollo infantil,controles nuevos en ninos menores de 2 anos,2005-02-01,6,6,5,11
URUBICHA,nutricion y desarrollo infantil,controles nuevos en ninos menores de 2 anos,2005-02-01,13,13,12,25
UYUNI,nutricion y desarrollo infantil,controles nuevos en ninos menores de 2 anos,2005-02-01,17,17,27,44
VACAS,nutricion y desarrollo infantil,controles nuevos en ninos menores de 2 anos,2005-02-01,13,13,12,25
VALLEGRANDE,nutricion y desarrollo infantil,controles nuevos en ninos menores de 2 anos,2005-02-01,8,8,9,17
VIACHA,nutricion y desarrollo infantil,controles nuevos en ninos menores de 2 anos,2005-02-01,56,56,69,125
VILA VILA,nutricion y desarrollo infantil,controles nuevos en ninos menores de 2 anos,2005-02-01,1,1,0,1
VILLA MONTES,nutricion y desarrollo infantil,controles nuevos en ninos menores de 2 anos,2005-02-01,92,92,76,168
VILLA NUEVA (LOMA ALTA),nutricion y desarrollo infantil,controles nuevos en ninos menores de 2 anos,2005-02-01,1,1,1,2
VILLA RIVERO,nutricion y desarrollo infantil,controles nuevos en ninos menores de 2 anos,2005-02-01,10,10,5,15
VILLA SERRANO,nutricion y desarrollo infantil,controles nuevos en ninos menores de 2 anos,2005-02-01,11,11,7,18
VILLA TUNARI,nutricion y desarrollo infantil,controles nuevos en ninos menores de 2 anos,2005-02-01,246,246,279,525
VILLA VACA GUZMAN (MUYUPAMPA),nutricion y desarrollo infantil,controles nuevos en ninos menores de 2 anos,2005-02-01,60,60,72,132
VILLAZON,nutricion y desarrollo infantil,controles nuevos en ninos menores de 2 anos,2005-02-01,39,39,36,75
VINTO,nutricion y desarrollo infantil,controles nuevos en ninos menores de 2 anos,2005-02-01,132,132,141,273
VITICHI,nutricion y desarrollo infantil,controles nuevos en ninos menores de 2 anos,2005-02-01,4,4,11,15
WALDO BALLIVIAN,nutricion y desarrollo infantil,controles nuevos en ninos menores de 2 anos,2005-02-01,1,1,1,2
WARNES,nutricion y desarrollo infantil,controles nuevos en ninos menores de 2 anos,2005-02-01,123,123,131,254
YACO,nutricion y desarrollo infantil,controles nuevos en ninos menores de 2 anos,2005-02-01,4,4,12,16
YACUIBA,nutricion y desarrollo infantil,controles nuevos en ninos menores de 2 anos,2005-02-01,142,142,136,278
YAMPARAEZ,nutricion y desarrollo infantil,controles nuevos en ninos menores de 2 anos,2005-02-01,23,23,38,61
YANACACHI,nutricion y desarrollo infantil,controles nuevos en ninos menores de 2 anos,2005-02-01,9,9,11,20
YAPACANI,nutricion y desarrollo infantil,controles nuevos en ninos menores de 2 anos,2005-02-01,51,51,36,87
YOCALLA,nutricion y desarrollo infantil,controles nuevos en ninos menores de 2 anos,2005-02-01,8,8,8,16
YOTALA,nutricion y desarrollo infantil,controles nuevos en ninos menores de 2 anos,2005-02-01,6,6,6,12
YUNCHARA,nutricion y desarrollo infantil,controles nuevos en ninos menores de 2 anos,2005-02-01,3,3,3,6
ZUDAÑEZ,nutricion y desarrollo infantil,controles nuevos en ninos menores de 2 anos,2005-02-01,33,33,30,63
ACACIO,nutricion y desarrollo infantil,controles nuevos en ninos menores de 2 anos,2005-03-01,8,8,8,16
ACHACACHI,nutricion y desarrollo infantil,controles nuevos en ninos menores de 2 anos,2005-03-01,96,96,81,177
ACHOCALLA,nutricion y desarrollo infantil,controles nuevos en ninos menores de 2 anos,2005-03-01,16,16,16,32
AIQUILE,nutricion y desarrollo infantil,controles nuevos en ninos menores de 2 anos,2005-03-01,91,91,72,163
ALALAY,nutricion y desarrollo infantil,controles nuevos en ninos menores de 2 anos,2005-03-01,13,13,6,19
ALCALA,nutricion y desarrollo infantil,controles nuevos en ninos menores de 2 anos,2005-03-01,1,1,5,6
ANCORAIMES,nutricion y desarrollo infantil,controles nuevos en ninos menores de 2 anos,2005-03-01,26,26,11,37
ANDAMARCA,nutricion y desarrollo infantil,controles nuevos en ninos menores de 2 anos,2005-03-01,1,1,2,3
ANTEQUERA,nutricion y desarrollo infantil,controles nuevos en ninos menores de 2 anos,2005-03-01,16,16,7,23
ANZALDO,nutricion y desarrollo infantil,controles nuevos en ninos menores de 2 anos,2005-03-01,13,13,12,25
APOLO,nutricion y desarrollo infantil,controles nuevos en ninos menores de 2 anos,2005-03-01,15,15,18,33
ARAMPAMPA,nutricion y desarrollo infantil,controles nuevos en ninos menores de 2 anos,2005-03-01,4,4,8,12
ARANI,nutricion y desarrollo infantil,controles nuevos en ninos menores de 2 anos,2005-03-01,15,15,23,38
ARBIETO,nutricion y desarrollo infantil,controles nuevos en ninos menores de 2 anos,2005-03-01,18,18,18,36
ARQUE,nutricion y desarrollo infantil,controles nuevos en ninos menores de 2 anos,2005-03-01,13,13,11,24
ASCENCION DE GUARAYOS,nutricion y desarrollo infantil,controles nuevos en ninos menores de 2 anos,2005-03-01,5,5,3,8
ATOCHA,nutricion y desarrollo infantil,controles nuevos en ninos menores de 2 anos,2005-03-01,11,11,8,19
AUCAPATA,nutricion y desarrollo infantil,controles nuevos en ninos menores de 2 anos,2005-03-01,18,18,12,30
AYATA,nutricion y desarrollo infantil,controles nuevos en ninos menores de 2 anos,2005-03-01,8,8,11,19
AYO AYO,nutricion y desarrollo infantil,controles nuevos en ninos menores de 2 anos,2005-03-01,15,15,14,29
AYOPAYA (V. DE INDEPENDENCIA),nutricion y desarrollo infantil,controles nuevos en ninos menores de 2 anos,2005-03-01,38,38,45,83
AZURDUY,nutricion y desarrollo infantil,controles nuevos en ninos menores de 2 anos,2005-03-01,27,27,23,50
BATALLAS,nutricion y desarrollo infantil,controles nuevos en ninos menores de 2 anos,2005-03-01,20,20,20,40
BAURES,nutricion y desarrollo infantil,controles nuevos en ninos menores de 2 anos,2005-03-01,3,3,6,9
BELEN DE ANDAMARCA,nutricion y desarrollo infantil,controles nuevos en ninos menores de 2 anos,2005-03-01,2,2,1,3
BELEN DE URMIRI,nutricion y desarrollo infantil,controles nuevos en ninos menores de 2 anos,2005-03-01,1,1,0,1
BELLA FLOR,nutricion y desarrollo infantil,controles nuevos en ninos menores de 2 anos,2005-03-01,2,2,1,3
BERMEJO,nutricion y desarrollo infantil,controles nuevos en ninos menores de 2 anos,2005-03-01,51,51,57,108
BETANZOS,nutricion y desarrollo infantil,controles nuevos en ninos menores de 2 anos,2005-03-01,31,31,43,74
BOLIVAR,nutricion y desarrollo infantil,controles nuevos en ninos menores de 2 anos,2005-03-01,14,14,16,30
BOLPEBRA,nutricion y desarrollo infantil,controles nuevos en ninos menores de 2 anos,2005-03-01,5,5,2,7
BOYUIBE,nutricion y desarrollo infantil,controles nuevos en ninos menores de 2 anos,2005-03-01,9,9,6,15
BUENA VISTA,nutricion y desarrollo infantil,controles nuevos en ninos menores de 2 anos,2005-03-01,18,18,17,35
CABEZAS,nutricion y desarrollo infantil,controles nuevos en ninos menores de 2 anos,2005-03-01,26,26,29,55
CAIROMA,nutricion y desarrollo infantil,controles nuevos en ninos menores de 2 anos,2005-03-01,5,5,13,18
"CAIZA ""D""",nutricion y desarrollo infantil,controles nuevos en ninos menores de 2 anos,2005-03-01,22,22,27,49
CAJUATA,nutricion y desarrollo infantil,controles nuevos en ninos menores de 2 anos,2005-03-01,2,2,10,12
CALACOTO,nutricion y desarrollo infantil,controles nuevos en ninos menores de 2 anos,2005-03-01,7,7,5,12
CALAMARCA,nutricion y desarrollo infantil,controles nuevos en ninos menores de 2 anos,2005-03-01,15,15,9,24
CAMARGO,nutricion y desarrollo infantil,controles nuevos en ninos menores de 2 anos,2005-03-01,26,26,43,69
CAMATAQUI (C. VILLA ABECIA),nutricion y desarrollo infantil,controles nuevos en ninos menores de 2 anos,2005-03-01,11,11,8,19
CAMIRI,nutricion y desarrollo infantil,controles nuevos en ninos menores de 2 anos,2005-03-01,77,77,84,161
CAPINOTA,nutricion y desarrollo infantil,controles nuevos en ninos menores de 2 anos,2005-03-01,18,18,31,49
CAQUIAVIRI,nutricion y desarrollo infantil,controles nuevos en ninos menores de 2 anos,2005-03-01,6,6,12,18
CARACOLLO,nutricion y desarrollo infantil,controles nuevos en ninos menores de 2 anos,2005-03-01,18,18,12,30
CARANAVI,nutricion y desarrollo infantil,controles nuevos en ninos menores de 2 anos,2005-03-01,92,92,85,177
CARAPARI,nutricion y desarrollo infantil,controles nuevos en ninos menores de 2 anos,2005-03-01,18,18,16,34
CARIPUYO,nutricion y desarrollo infantil,controles nuevos en ninos menores de 2 anos,2005-03-01,7,7,15,22
CARMEN RIVERO TORREZ,nutricion y desarrollo infantil,controles nuevos en ninos menores de 2 anos,2005-03-01,6,6,7,13
CATACORA,nutricion y desarrollo infantil,controles nuevos en ninos menores de 2 anos,2005-03-01,0,0,1,1
CHACARILLA,nutricion y desarrollo infantil,controles nuevos en ninos menores de 2 anos,2005-03-01,6,6,9,15
CHALLAPATA,nutricion y desarrollo infantil,controles nuevos en ninos menores de 2 anos,2005-03-01,26,26,22,48
CHAQUI,nutricion y desarrollo infantil,controles nuevos en ninos menores de 2 anos,2005-03-01,9,9,13,22
CHARAGUA,nutricion y desarrollo infantil,controles nuevos en ninos menores de 2 anos,2005-03-01,50,50,52,102
CHARAÑA,nutricion y desarrollo infantil,controles nuevos en ninos menores de 2 anos,2005-03-01,8,8,1,9
CHAYANTA,nutricion y desarrollo infantil,controles nuevos en ninos menores de 2 anos,2005-03-01,14,14,28,42
CHIMORE,nutricion y desarrollo infantil,controles nuevos en ninos menores de 2 anos,2005-03-01,46,46,34,80
CHIPAYA,nutricion y desarrollo infantil,controles nuevos en ninos menores de 2 anos,2005-03-01,2,2,4,6
CHOQUE COTA,nutricion y desarrollo infantil,controles nuevos en ninos menores de 2 anos,2005-03-01,1,1,5,6
CHULUMANI (V. DE LA LIBERTAD),nutricion y desarrollo infantil,controles nuevos en ninos menores de 2 anos,2005-03-01,27,27,19,46
CHUMA,nutricion y desarrollo infantil,controles nuevos en ninos menores de 2 anos,2005-03-01,16,16,18,34
CLIZA,nutricion y desarrollo infantil,controles nuevos en ninos menores de 2 anos,2005-03-01,129,129,89,218
COBIJA,nutricion y desarrollo infantil,controles nuevos en ninos menores de 2 anos,2005-03-01,60,60,48,108
COCHABAMBA,nutricion y desarrollo infantil,controles nuevos en ninos menores de 2 anos,2005-03-01,1718,1718,1559,3277
COIPASA,nutricion y desarrollo infantil,controles nuevos en ninos menores de 2 anos,2005-03-01,1,1,1,2
COLCAPIRHUA,nutricion y desarrollo infantil,controles nuevos en ninos menores de 2 anos,2005-03-01,110,110,110,220
"COLCHA ""K""",nutricion y desarrollo infantil,controles nuevos en ninos menores de 2 anos,2005-03-01,9,9,17,26
COLLANA,nutricion y desarrollo infantil,controles nuevos en ninos menores de 2 anos,2005-03-01,3,3,3,6
COLOMI,nutricion y desarrollo infantil,controles nuevos en ninos menores de 2 anos,2005-03-01,102,102,107,209
COLPA BELGICA,nutricion y desarrollo infantil,controles nuevos en ninos menores de 2 anos,2005-03-01,33,33,22,55
COLQUECHACA,nutricion y desarrollo infantil,controles nuevos en ninos menores de 2 anos,2005-03-01,56,56,49,105
COLQUENCHA,nutricion y desarrollo infantil,controles nuevos en ninos menores de 2 anos,2005-03-01,34,34,17,51
COLQUIRI,nutricion y desarrollo infantil,controles nuevos en ninos menores de 2 anos,2005-03-01,66,66,71,137
COMANCHE,nutricion y desarrollo infantil,controles nuevos en ninos menores de 2 anos,2005-03-01,7,7,2,9
COMARAPA,nutricion y desarrollo infantil,controles nuevos en ninos menores de 2 anos,2005-03-01,23,23,18,41
COMBAYA,nutricion y desarrollo infantil,controles nuevos en ninos menores de 2 anos,2005-03-01,6,6,1,7
CONCEPCION,nutricion y desarrollo infantil,controles nuevos en ninos menores de 2 anos,2005-03-01,15,15,14,29
COPACABANA,nutricion y desarrollo infantil,controles nuevos en ninos menores de 2 anos,2005-03-01,9,9,16,25
CORIPATA,nutricion y desarrollo infantil,controles nuevos en ninos menores de 2 anos,2005-03-01,23,23,24,47
CORO CORO,nutricion y desarrollo infantil,controles nuevos en ninos menores de 2 anos,2005-03-01,4,4,6,10
COROICO,nutricion y desarrollo infantil,controles nuevos en ninos menores de 2 anos,2005-03-01,52,52,49,101
CORQUE,nutricion y desarrollo infantil,controles nuevos en ninos menores de 2 anos,2005-03-01,9,9,7,16
COTAGAITA,nutricion y desarrollo infantil,controles nuevos en ninos menores de 2 anos,2005-03-01,42,42,30,72
COTOCA,nutricion y desarrollo infantil,controles nuevos en ninos menores de 2 anos,2005-03-01,62,62,56,118
CUATRO CAÑADAS,nutricion y desarrollo infantil,controles nuevos en ninos menores de 2 anos,2005-03-01,96,96,87,183
CUCHUMUELA (V. G. VILLARROEL),nutricion y desarrollo infantil,controles nuevos en ninos menores de 2 anos,2005-03-01,5,5,1,6
CUEVO,nutricion y desarrollo infantil,controles nuevos en ninos menores de 2 anos,2005-03-01,3,3,3,6
CULPINA,nutricion y desarrollo infantil,controles nuevos en ninos menores de 2 anos,2005-03-01,63,63,65,128
CURAHUARA DE CARANGAS,nutricion y desarrollo infantil,controles nuevos en ninos menores de 2 anos,2005-03-01,2,2,6,8
CURVA,nutricion y desarrollo infantil,controles nuevos en ninos menores de 2 anos,2005-03-01,11,11,7,18
DESAGUADERO,nutricion y desarrollo infantil,controles nuevos en ninos menores de 2 anos,2005-03-01,11,11,12,23
EL ALTO,nutricion y desarrollo infantil,controles nuevos en ninos menores de 2 anos,2005-03-01,2371,2371,2167,4538
EL CHORO,nutricion y desarrollo infantil,controles nuevos en ninos menores de 2 anos,2005-03-01,1,1,0,1
EL PUENTE(STC),nutricion y desarrollo infantil,controles nuevos en ninos menores de 2 anos,2005-03-01,131,131,126,257
EL PUENTE(TJA),nutricion y desarrollo infantil,controles nuevos en ninos menores de 2 anos,2005-03-01,14,14,10,24
EL TORNO,nutricion y desarrollo infantil,controles nuevos en ninos menores de 2 anos,2005-03-01,78,78,65,143
EL VILLAR,nutricion y desarrollo infantil,controles nuevos en ninos menores de 2 anos,2005-03-01,7,7,2,9
ENTRE RIOS,nutricion y desarrollo infantil,controles nuevos en ninos menores de 2 anos,2005-03-01,76,76,51,127
ENTRE RIOS,nutricion y desarrollo infantil,controles nuevos en ninos menores de 2 anos,2005-03-01,29,29,37,66
EUCALIPTUS,nutricion y desarrollo infantil,controles nuevos en ninos menores de 2 anos,2005-03-01,6,6,2,8
EUREKA (SANTOS MERCADO),nutricion y desarrollo infantil,controles nuevos en ninos menores de 2 anos,2005-03-01,3,3,4,7
EXALTACION,nutricion y desarrollo infantil,controles nuevos en ninos menores de 2 anos,2005-03-01,4,4,8,12
FERNANDEZ ALONSO,nutricion y desarrollo infantil,controles nuevos en ninos menores de 2 anos,2005-03-01,16,16,21,37
FILADELFIA,nutricion y desarrollo infantil,controles nuevos en ninos menores de 2 anos,2005-03-01,1,1,9,10
GENERAL SAAVEDRA,nutricion y desarrollo infantil,controles nuevos en ninos menores de 2 anos,2005-03-01,21,21,17,38
GRAL. J.J. PEREZ (CHARAZANI),nutricion y desarrollo infantil,controles nuevos en ninos menores de 2 anos,2005-03-01,14,14,10,24
GUANAY,nutricion y desarrollo infantil,controles nuevos en ninos menores de 2 anos,2005-03-01,21,21,19,40
GUAQUI,nutricion y desarrollo infantil,controles nuevos en ninos menores de 2 anos,2005-03-01,7,7,8,15
GUAYARAMERIN,nutricion y desarrollo infantil,controles nuevos en ninos menores de 2 anos,2005-03-01,68,68,58,126
GUTIERREZ,nutricion y desarrollo infantil,controles nuevos en ninos menores de 2 anos,2005-03-01,12,12,26,38
HUACARETA,nutricion y desarrollo infantil,controles nuevos en ninos menores de 2 anos,2005-03-01,17,17,26,43
HUACAYA (VILLA DE HUACAYA),nutricion y desarrollo infantil,controles nuevos en ninos menores de 2 anos,2005-03-01,7,7,2,9
HUACHACALLA,nutricion y desarrollo infantil,controles nuevos en ninos menores de 2 anos,2005-03-01,4,4,2,6
HUANUNI,nutricion y desarrollo infantil,controles nuevos en ninos menores de 2 anos,2005-03-01,26,26,31,57
HUARACAJE,nutricion y desarrollo infantil,controles nuevos en ninos menores de 2 anos,2005-03-01,3,3,3,6
HUAYLLAMARCA,nutricion y desarrollo infantil,controles nuevos en ninos menores de 2 anos,2005-03-01,20,20,24,44
ICHOCA,nutricion y desarrollo infantil,controles nuevos en ninos menores de 2 anos,2005-03-01,11,11,6,17
ICLA,nutricion y desarrollo infantil,controles nuevos en ninos menores de 2 anos,2005-03-01,37,37,30,67
INCAHUASI,nutricion y desarrollo infantil,controles nuevos en ninos menores de 2 anos,2005-03-01,132,132,135,267
INGAVI (HUMAITA),nutricion y desarrollo infantil,controles nuevos en ninos menores de 2 anos,2005-03-01,2,2,0,2
INQUISIVI,nutricion y desarrollo infantil,controles nuevos en ninos menores de 2 anos,2005-03-01,19,19,26,45
IRUPANA (VILLA DE LANZA),nutricion y desarrollo infantil,controles nuevos en ninos menores de 2 anos,2005-03-01,27,27,16,43
IXIAMAS,nutricion y desarrollo infantil,controles nuevos en ninos menores de 2 anos,2005-03-01,8,8,10,18
JESUS DE MACHACA,nutricion y desarrollo infantil,controles nuevos en ninos menores de 2 anos,2005-03-01,12,12,14,26
LA ASUNTA,nutricion y desarrollo infantil,controles nuevos en ninos menores de 2 anos,2005-03-01,29,29,34,63
LA GUARDIA,nutricion y desarrollo infantil,controles nuevos en ninos menores de 2 anos,2005-03-01,234,234,247,481
LA PAZ,nutricion y desarrollo infantil,controles nuevos en ninos menores de 2 anos,2005-03-01,1407,1407,1324,2731
LA RIVERA,nutricion y desarrollo infantil,controles nuevos en ninos menores de 2 anos,2005-03-01,0,0,2,2
LAGUNILLAS,nutricion y desarrollo infantil,controles nuevos en ninos menores de 2 anos,2005-03-01,8,8,2,10
LAJA,nutricion y desarrollo infantil,controles nuevos en ninos menores de 2 anos,2005-03-01,45,45,42,87
LAS CARRERAS,nutricion y desarrollo infantil,controles nuevos en ninos menores de 2 anos,2005-03-01,12,12,22,34
LICOMA PAMPA,nutricion y desarrollo infantil,controles nuevos en ninos menores de 2 anos,2005-03-01,1,1,2,3
LLALLAGUA,nutricion y desarrollo infantil,controles nuevos en ninos menores de 2 anos,2005-03-01,100,100,94,194
LLICA,nutricion y desarrollo infantil,controles nuevos en ninos menores de 2 anos,2005-03-01,4,4,1,5
LORETO,nutricion y desarrollo infantil,controles nuevos en ninos menores de 2 anos,2005-03-01,17,17,11,28
LURIBAY,nutricion y desarrollo infantil,controles nuevos en ninos menores de 2 anos,2005-03-01,12,12,18,30
MACHACAMARCA,nutricion y desarrollo infantil,controles nuevos en ninos menores de 2 anos,2005-03-01,4,4,3,7
MACHARETI,nutricion y desarrollo infantil,controles nuevos en ninos menores de 2 anos,2005-03-01,13,13,20,33
MAGDALENA,nutricion y desarrollo infantil,controles nuevos en ninos menores de 2 anos,2005-03-01,9,9,11,20
MAIRANA,nutricion y desarrollo infantil,controles nuevos en ninos menores de 2 anos,2005-03-01,20,20,7,27
MALLA,nutricion y desarrollo infantil,controles nuevos en ninos menores de 2 anos,2005-03-01,2,2,2,4
MAPIRI,nutricion y desarrollo infantil,controles nuevos en ninos menores de 2 anos,2005-03-01,11,11,16,27
MECAPACA,nutricion y desarrollo infantil,controles nuevos en ninos menores de 2 anos,2005-03-01,22,22,15,37
MINEROS,nutricion y desarrollo infantil,controles nuevos en ninos menores de 2 anos,2005-03-01,33,33,25,58
MIZQUE,nutricion y desarrollo infantil,controles nuevos en ninos menores de 2 anos,2005-03-01,120,120,127,247
MOCOMOCO,nutricion y desarrollo infantil,controles nuevos en ninos menores de 2 anos,2005-03-01,30,30,31,61
MOJOCOYA,nutricion y desarrollo infantil,controles nuevos en ninos menores de 2 anos,2005-03-01,14,14,11,25
MONTEAGUDO,nutricion y desarrollo infantil,controles nuevos en ninos menores de 2 anos,2005-03-01,126,126,97,223
MONTERO,nutricion y desarrollo infantil,controles nuevos en ninos menores de 2 anos,2005-03-01,137,137,133,270
MORO MORO,nutricion y desarrollo infantil,controles nuevos en ninos menores de 2 anos,2005-03-01,1,1,1,2
MOROCHATA,nutricion y desarrollo infantil,controles nuevos en ninos menores de 2 anos,2005-03-01,141,141,160,301
NACEBE (SANTA ROSA DEL ABUNA),nutricion y desarrollo infantil,controles nuevos en ninos menores de 2 anos,2005-03-01,3,3,6,9
NAZACARA DE PACAJES,nutricion y desarrollo infantil,controles nuevos en ninos menores de 2 anos,2005-03-01,1,1,1,2
NUEVO MANOA (NUEVA ESPERANZA),nutricion y desarrollo infantil,controles nuevos en ninos menores de 2 anos,2005-03-01,1,1,0,1
OCURI,nutricion y desarrollo infantil,controles nuevos en ninos menores de 2 anos,2005-03-01,34,34,24,58
OKINAWA,nutricion y desarrollo infantil,controles nuevos en ninos menores de 2 anos,2005-03-01,42,42,50,92
OMEREQUE,nutricion y desarrollo infantil,controles nuevos en ninos menores de 2 anos,2005-03-01,6,6,6,12
ORURO,nutricion y desarrollo infantil,controles nuevos en ninos menores de 2 anos,2005-03-01,559,559,534,1093
PADCAYA,nutricion y desarrollo infantil,controles nuevos en ninos menores de 2 anos,2005-03-01,24,24,28,52
PADILLA,nutricion y desarrollo infantil,controles nuevos en ninos menores de 2 anos,2005-03-01,10,10,50,60
PAILON,nutricion y desarrollo infantil,controles nuevos en ninos menores de 2 anos,2005-03-01,35,35,22,57
PALCA,nutricion y desarrollo infantil,controles nuevos en ninos menores de 2 anos,2005-03-01,21,21,14,35
PALOS BLANCOS,nutricion y desarrollo infantil,controles nuevos en ninos menores de 2 anos,2005-03-01,36,36,29,65
PAMPA AULLAGAS,nutricion y desarrollo infantil,controles nuevos en ninos menores de 2 anos,2005-03-01,3,3,4,7
PAMPA GRANDE,nutricion y desarrollo infantil,controles nuevos en ninos menores de 2 anos,2005-03-01,8,8,19,27
PAPEL PAMPA,nutricion y desarrollo infantil,controles nuevos en ninos menores de 2 anos,2005-03-01,5,5,5,10
PASORAPA,nutricion y desarrollo infantil,controles nuevos en ninos menores de 2 anos,2005-03-01,15,15,6,21
PATACAMAYA,nutricion y desarrollo infantil,controles nuevos en ninos menores de 2 anos,2005-03-01,27,27,37,64
PAZÑA,nutricion y desarrollo infantil,controles nuevos en ninos menores de 2 anos,2005-03-01,4,4,10,14
PELECHUCO,nutricion y desarrollo infantil,controles nuevos en ninos menores de 2 anos,2005-03-01,11,11,9,20
POCOATA,nutricion y desarrollo infantil,controles nuevos en ninos menores de 2 anos,2005-03-01,24,24,26,50
POCONA,nutricion y desarrollo infantil,controles nuevos en ninos menores de 2 anos,2005-03-01,54,54,48,102
POJO (CBBA),nutricion y desarrollo infantil,controles nuevos en ninos menores de 2 anos,2005-03-01,23,23,26,49
POOPO,nutricion y desarrollo infantil,controles nuevos en ninos menores de 2 anos,2005-03-01,2,2,5,7
PORCO,nutricion y desarrollo infantil,controles nuevos en ninos menores de 2 anos,2005-03-01,6,6,6,12
POROMA,nutricion y desarrollo infantil,controles nuevos en ninos menores de 2 anos,2005-03-01,66,66,65,131
PORONGO,nutricion y desarrollo infantil,controles nuevos en ninos menores de 2 anos,2005-03-01,11,11,11,22
PORTACHUELO,nutricion y desarrollo infantil,controles nuevos en ninos menores de 2 anos,2005-03-01,17,17,22,39
PORVENIR,nutricion y desarrollo infantil,controles nuevos en ninos menores de 2 anos,2005-03-01,3,3,3,6
POSTRER VALLE,nutricion y desarrollo infantil,controles nuevos en ninos menores de 2 anos,2005-03-01,3,3,0,3
POTOSI,nutricion y desarrollo infantil,controles nuevos en ninos menores de 2 anos,2005-03-01,284,284,232,516
PRESTO,nutricion y desarrollo infantil,controles nuevos en ninos menores de 2 anos,2005-03-01,8,8,9,17
PUCARA,nutricion y desarrollo infantil,controles nuevos en ninos menores de 2 anos,2005-03-01,1,1,1,2
PUCARANI,nutricion y desarrollo infantil,controles nuevos en ninos menores de 2 anos,2005-03-01,23,23,25,48
PUERTO ACOSTA,nutricion y desarrollo infantil,controles nuevos en ninos menores de 2 anos,2005-03-01,54,54,67,121
PUERTO CARABUCO,nutricion y desarrollo infantil,controles nuevos en ninos menores de 2 anos,2005-03-01,13,13,16,29
PUERTO GONZALO MORENO,nutricion y desarrollo infantil,controles nuevos en ninos menores de 2 anos,2005-03-01,5,5,2,7
PUERTO PEREZ,nutricion y desarrollo infantil,controles nuevos en ninos menores de 2 anos,2005-03-01,14,14,13,27
PUERTO QUIJARRO,nutricion y desarrollo infantil,controles nuevos en ninos menores de 2 anos,2005-03-01,34,34,38,72
PUERTO RICO,nutricion y desarrollo infantil,controles nuevos en ninos menores de 2 anos,2005-03-01,9,9,9,18
PUERTO SILES,nutricion y desarrollo infantil,controles nuevos en ninos menores de 2 anos,2005-03-01,6,6,10,16
PUERTO SUAREZ,nutricion y desarrollo infantil,controles nuevos en ninos menores de 2 anos,2005-03-01,31,31,26,57
PUERTO VILLARROEL,nutricion y desarrollo infantil,controles nuevos en ninos menores de 2 anos,2005-03-01,60,60,62,122
PUNA,nutricion y desarrollo infantil,controles nuevos en ninos menores de 2 anos,2005-03-01,46,46,52,98
PUNATA,nutricion y desarrollo infantil,controles nuevos en ninos menores de 2 anos,2005-03-01,91,91,103,194
QUIABAYA,nutricion y desarrollo infantil,controles nuevos en ninos menores de 2 anos,2005-03-01,7,7,9,16
QUILLACOLLO,nutricion y desarrollo infantil,controles nuevos en ninos menores de 2 anos,2005-03-01,449,449,445,894
QUIME,nutricion y desarrollo infantil,controles nuevos en ninos menores de 2 anos,2005-03-01,4,4,6,10
QUIRUSILLAS,nutricion y desarrollo infantil,controles nuevos en ninos menores de 2 anos,2005-03-01,4,4,2,6
RAVELO,nutricion y desarrollo infantil,controles nuevos en ninos menores de 2 anos,2005-03-01,23,23,19,42
REYES,nutricion y desarrollo infantil,controles nuevos en ninos menores de 2 anos,2005-03-01,23,23,33,56
RIBERALTA,nutricion y desarrollo infantil,controles nuevos en ninos menores de 2 anos,2005-03-01,191,191,248,439
ROBORE,nutricion y desarrollo infantil,controles nuevos en ninos menores de 2 anos,2005-03-01,18,18,20,38
RURRENABAQUE,nutricion y desarrollo infantil,controles nuevos en ninos menores de 2 anos,2005-03-01,39,39,27,66
SABAYA,nutricion y desarrollo infantil,controles nuevos en ninos menores de 2 anos,2005-03-01,9,9,4,13
SACABA,nutricion y desarrollo infantil,controles nuevos en ninos menores de 2 anos,2005-03-01,217,217,221,438
SACABAMBA,nutricion y desarrollo infantil,controles nuevos en ninos menores de 2 anos,2005-03-01,8,8,8,16
SACACA,nutricion y desarrollo infantil,controles nuevos en ninos menores de 2 anos,2005-03-01,69,69,57,126
SAIPINA,nutricion y desarrollo infantil,controles nuevos en ninos menores de 2 anos,2005-03-01,7,7,10,17
SALINAS DE GARCI MENDOZA,nutricion y desarrollo infantil,controles nuevos en ninos menores de 2 anos,2005-03-01,5,5,8,13
SAMAIPATA,nutricion y desarrollo infantil,controles nuevos en ninos menores de 2 anos,2005-03-01,12,12,19,31
SAN AGUSTIN,nutricion y desarrollo infantil,controles nuevos en ninos menores de 2 anos,2005-03-01,1,1,0,1
SAN ANDRES,nutricion y desarrollo infantil,controles nuevos en ninos menores de 2 anos,2005-03-01,28,28,35,63
SAN ANDRES DE MACHACA,nutricion y desarrollo infantil,controles nuevos en ninos menores de 2 anos,2005-03-01,3,3,3,6
SAN ANTONIO DE ESMORUCO,nutricion y desarrollo infantil,controles nuevos en ninos menores de 2 anos,2005-03-01,2,2,4,6
SAN ANTONIO DE LOMERIO,nutricion y desarrollo infantil,controles nuevos en ninos menores de 2 anos,2005-03-01,8,8,3,11
SAN BENITO,nutricion y desarrollo infantil,controles nuevos en ninos menores de 2 anos,2005-03-01,38,38,34,72
SAN BORJA,nutricion y desarrollo infantil,controles nuevos en ninos menores de 2 anos,2005-03-01,59,59,61,120
SAN BUENA VENTURA,nutricion y desarrollo infantil,controles nuevos en ninos menores de 2 anos,2005-03-01,17,17,5,22
SAN CARLOS,nutricion y desarrollo infantil,controles nuevos en ninos menores de 2 anos,2005-03-01,26,26,27,53
SAN IGNACIO,nutricion y desarrollo infantil,controles nuevos en ninos menores de 2 anos,2005-03-01,77,77,77,154
SAN IGNACIO DE VELASCO,nutricion y desarrollo infantil,controles nuevos en ninos menores de 2 anos,2005-03-01,103,103,113,216
SAN JAVIER(BNI),nutricion y desarrollo infantil,controles nuevos en ninos menores de 2 anos,2005-03-01,24,24,18,42
SAN JAVIER(STC),nutricion y desarrollo infantil,controles nuevos en ninos menores de 2 anos,2005-03-01,20,20,14,34
SAN JOAQUIN,nutricion y desarrollo infantil,controles nuevos en ninos menores de 2 anos,2005-03-01,5,5,4,9
SAN JOSE DE CHIQUITOS,nutricion y desarrollo infantil,controles nuevos en ninos menores de 2 anos,2005-03-01,13,13,12,25
SAN JUAN DE YAPACANI,nutricion y desarrollo infantil,controles nuevos en ninos menores de 2 anos,2005-03-01,17,17,10,27
SAN JULIAN,nutricion y desarrollo infantil,controles nuevos en ninos menores de 2 anos,2005-03-01,149,149,148,297
SAN LORENZO(PND),nutricion y desarrollo infantil,controles nuevos en ninos menores de 2 anos,2005-03-01,20,20,16,36
SAN LORENZO(TJA),nutricion y desarrollo infantil,controles nuevos en ninos menores de 2 anos,2005-03-01,25,25,22,47
SAN LUCAS,nutricion y desarrollo infantil,controles nuevos en ninos menores de 2 anos,2005-03-01,115,115,117,232
SAN MATIAS,nutricion y desarrollo infantil,controles nuevos en ninos menores de 2 anos,2005-03-01,49,49,74,123
SAN MIGUEL DE VELASCO,nutricion y desarrollo infantil,controles nuevos en ninos menores de 2 anos,2005-03-01,12,12,11,23
SAN PABLO DE LIPEZ,nutricion y desarrollo infantil,controles nuevos en ninos menores de 2 anos,2005-03-01,6,6,7,13
SAN PEDRO,nutricion y desarrollo infantil,controles nuevos en ninos menores de 2 anos,2005-03-01,19,19,11,30
SAN PEDRO DE BUENA VISTA,nutricion y desarrollo infantil,controles nuevos en ninos menores de 2 anos,2005-03-01,71,71,71,142
SAN PEDRO DE CURAHUARA,nutricion y desarrollo infantil,controles nuevos en ninos menores de 2 anos,2005-03-01,21,21,17,38
SAN PEDRO DE TIQUINA,nutricion y desarrollo infantil,controles nuevos en ninos menores de 2 anos,2005-03-01,8,8,3,11
SAN RAFAEL,nutricion y desarrollo infantil,controles nuevos en ninos menores de 2 anos,2005-03-01,4,4,5,9
SAN RAMON,nutricion y desarrollo infantil,controles nuevos en ninos menores de 2 anos,2005-03-01,13,13,6,19
SAN RAMON,nutricion y desarrollo infantil,controles nuevos en ninos menores de 2 anos,2005-03-01,6,6,3,9
SANTA ANA,nutricion y desarrollo infantil,controles nuevos en ninos menores de 2 anos,2005-03-01,37,37,49,86
SANTA CRUZ DE LA SIERRA,nutricion y desarrollo infantil,controles nuevos en ninos menores de 2 anos,2005-03-01,2031,2031,1917,3948
SANTA ROSA,nutricion y desarrollo infantil,controles nuevos en ninos menores de 2 anos,2005-03-01,15,15,13,28
SANTA ROSA DEL SARA,nutricion y desarrollo infantil,controles nuevos en ninos menores de 2 anos,2005-03-01,53,53,46,99
SANTIAGO DE CALLAPA,nutricion y desarrollo infantil,controles nuevos en ninos menores de 2 anos,2005-03-01,6,6,9,15
SANTIAGO DE HUARI,nutricion y desarrollo infantil,controles nuevos en ninos menores de 2 anos,2005-03-01,16,16,7,23
SANTIAGO DE MACHACA,nutricion y desarrollo infantil,controles nuevos en ninos menores de 2 anos,2005-03-01,8,8,5,13
SANTIVAÑES,nutricion y desarrollo infantil,controles nuevos en ninos menores de 2 anos,2005-03-01,5,5,6,11
SANTUARIO DE QUILLACAS,nutricion y desarrollo infantil,controles nuevos en ninos menores de 2 anos,2005-03-01,1,1,2,3
SAPAHAQUI,nutricion y desarrollo infantil,controles nuevos en ninos menores de 2 anos,2005-03-01,10,10,8,18
SENA,nutricion y desarrollo infantil,controles nuevos en ninos menores de 2 anos,2005-03-01,51,51,54,105
SICA SICA (VILLA AROMA),nutricion y desarrollo infantil,controles nuevos en ninos menores de 2 anos,2005-03-01,49,49,49,98
SICAYA,nutricion y desarrollo infantil,controles nuevos en ninos menores de 2 anos,2005-03-01,5,5,5,10
SIPE SIPE,nutricion y desarrollo infantil,controles nuevos en ninos menores de 2 anos,2005-03-01,70,70,45,115
SOPACHUY,nutricion y desarrollo infantil,controles nuevos en ninos menores de 2 anos,2005-03-01,31,31,31,62
SORACACHI,nutricion y desarrollo infantil,controles nuevos en ninos menores de 2 anos,2005-03-01,19,19,33,52
SORATA,nutricion y desarrollo infantil,controles nuevos en ninos menores de 2 anos,2005-03-01,24,24,29,53
SUCRE,nutricion y desarrollo infantil,controles nuevos en ninos menores de 2 anos,2005-03-01,1139,1139,1170,2309
TACACHI,nutricion y desarrollo infantil,controles nuevos en ninos menores de 2 anos,2005-03-01,2,2,2,4
TACACOMA,nutricion y desarrollo infantil,controles nuevos en ninos menores de 2 anos,2005-03-01,13,13,5,18
TACOBAMBA,nutricion y desarrollo infantil,controles nuevos en ninos menores de 2 anos,2005-03-01,19,19,26,45
TACOPAYA,nutricion y desarrollo infantil,controles nuevos en ninos menores de 2 anos,2005-03-01,14,14,14,28
TAHUA,nutricion y desarrollo infantil,controles nuevos en ninos menores de 2 anos,2005-03-01,1,1,2,3
TAPACARI,nutricion y desarrollo infantil,controles nuevos en ninos menores de 2 anos,2005-03-01,61,61,56,117
TARABUCO,nutricion y desarrollo infantil,controles nuevos en ninos menores de 2 anos,2005-03-01,72,72,103,175
TARACO,nutricion y desarrollo infantil,controles nuevos en ninos menores de 2 anos,2005-03-01,9,9,8,17
TARATA,nutricion y desarrollo infantil,controles nuevos en ninos menores de 2 anos,2005-03-01,24,24,9,33
TARIJA,nutricion y desarrollo infantil,controles nuevos en ninos menores de 2 anos,2005-03-01,514,514,653,1167
TARVITA,nutricion y desarrollo infantil,controles nuevos en ninos menores de 2 anos,2005-03-01,118,118,88,206
TEOPONTE,nutricion y desarrollo infantil,controles nuevos en ninos menores de 2 anos,2005-03-01,6,6,6,12
TIAWANACU,nutricion y desarrollo infantil,controles nuevos en ninos menores de 2 anos,2005-03-01,19,19,15,34
TINGUIPAYA,nutricion y desarrollo infantil,controles nuevos en ninos menores de 2 anos,2005-03-01,75,75,78,153
TIPUANI,nutricion y desarrollo infantil,controles nuevos en ninos menores de 2 anos,2005-03-01,17,17,9,26
TIQUIPAYA,nutricion y desarrollo infantil,controles nuevos en ninos menores de 2 anos,2005-03-01,97,97,98,195
TIRAQUE (CBBA),nutricion y desarrollo infantil,controles nuevos en ninos menores de 2 anos,2005-03-01,418,418,290,708
TITO YUPANQUI (PARQUIPUJIO),nutricion y desarrollo infantil,controles nuevos en ninos menores de 2 anos,2005-03-01,0,0,5,5
TOCO,nutricion y desarrollo infantil,controles nuevos en ninos menores de 2 anos,2005-03-01,6,6,3,9
TODOS SANTOS,nutricion y desarrollo infantil,controles nuevos en ninos menores de 2 anos,2005-03-01,1,1,1,2
TOLATA,nutricion y desarrollo infantil,controles nuevos en ninos menores de 2 anos,2005-03-01,3,3,7,10
TOLEDO,nutricion y desarrollo infantil,controles nuevos en ninos menores de 2 anos,2005-03-01,9,9,4,13
TOMAVE,nutricion y desarrollo infantil,controles nuevos en ninos menores de 2 anos,2005-03-01,12,12,14,26
TOMINA,nutricion y desarrollo infantil,controles nuevos en ninos menores de 2 anos,2005-03-01,11,11,9,20
TORO TORO,nutricion y desarrollo infantil,controles nuevos en ninos menores de 2 anos,2005-03-01,21,21,28,49
TOTORA(CBBA),nutricion y desarrollo infantil,controles nuevos en ninos menores de 2 anos,2005-03-01,12,12,23,35
TOTORA(ORR),nutricion y desarrollo infantil,controles nuevos en ninos menores de 2 anos,2005-03-01,5,5,22,27
TRIGAL,nutricion y desarrollo infantil,controles nuevos en ninos menores de 2 anos,2005-03-01,4,4,1,5
TRINIDAD,nutricion y desarrollo infantil,controles nuevos en ninos menores de 2 anos,2005-03-01,461,461,446,907
TUPIZA,nutricion y desarrollo infantil,controles nuevos en ninos menores de 2 anos,2005-03-01,32,32,32,64
TURCO,nutricion y desarrollo infantil,controles nuevos en ninos menores de 2 anos,2005-03-01,5,5,12,17
UMALA,nutricion y desarrollo infantil,controles nuevos en ninos menores de 2 anos,2005-03-01,13,13,20,33
UNCIA,nutricion y desarrollo infantil,controles nuevos en ninos menores de 2 anos,2005-03-01,67,67,52,119
URIONDO (A. CONCEPCION),nutricion y desarrollo infantil,controles nuevos en ninos menores de 2 anos,2005-03-01,13,13,9,22
URUBICHA,nutricion y desarrollo infantil,controles nuevos en ninos menores de 2 anos,2005-03-01,8,8,2,10
UYUNI,nutricion y desarrollo infantil,controles nuevos en ninos menores de 2 anos,2005-03-01,42,42,26,68
VACAS,nutricion y desarrollo infantil,controles nuevos en ninos menores de 2 anos,2005-03-01,13,13,18,31
VALLEGRANDE,nutricion y desarrollo infantil,controles nuevos en ninos menores de 2 anos,2005-03-01,20,20,21,41
VIACHA,nutricion y desarrollo infantil,controles nuevos en ninos menores de 2 anos,2005-03-01,79,79,73,152
VILA VILA,nutricion y desarrollo infantil,controles nuevos en ninos menores de 2 anos,2005-03-01,20,20,9,29
VILLA MONTES,nutricion y desarrollo infantil,controles nuevos en ninos menores de 2 anos,2005-03-01,114,114,109,223
VILLA NUEVA (LOMA ALTA),nutricion y desarrollo infantil,controles nuevos en ninos menores de 2 anos,2005-03-01,4,4,2,6
VILLA RIVERO,nutricion y desarrollo infantil,controles nuevos en ninos menores de 2 anos,2005-03-01,10,10,6,16
VILLA SERRANO,nutricion y desarrollo infantil,controles nuevos en ninos menores de 2 anos,2005-03-01,6,6,1,7
VILLA TUNARI,nutricion y desarrollo infantil,controles nuevos en ninos menores de 2 anos,2005-03-01,382,382,309,691
VILLA VACA GUZMAN (MUYUPAMPA),nutricion y desarrollo infantil,controles nuevos en ninos menores de 2 anos,2005-03-01,28,28,29,57
VILLAZON,nutricion y desarrollo infantil,controles nuevos en ninos menores de 2 anos,2005-03-01,46,46,42,88
VINTO,nutricion y desarrollo infantil,controles nuevos en ninos menores de 2 anos,2005-03-01,186,186,178,364
VITICHI,nutricion y desarrollo infantil,controles nuevos en ninos menores de 2 anos,2005-03-01,8,8,13,21
WALDO BALLIVIAN,nutricion y desarrollo infantil,controles nuevos en ninos menores de 2 anos,2005-03-01,1,1,3,4
WARNES,nutricion y desarrollo infantil,controles nuevos en ninos menores de 2 anos,2005-03-01,114,114,110,224
YACO,nutricion y desarrollo infantil,controles nuevos en ninos menores de 2 anos,2005-03-01,5,5,4,9
YACUIBA,nutricion y desarrollo infantil,controles nuevos en ninos menores de 2 anos,2005-03-01,140,140,140,280
YAMPARAEZ,nutricion y desarrollo infantil,controles nuevos en ninos menores de 2 anos,2005-03-01,19,19,17,36
YANACACHI,nutricion y desarrollo infantil,controles nuevos en ninos menores de 2 anos,2005-03-01,17,17,9,26
YAPACANI,nutricion y desarrollo infantil,controles nuevos en ninos menores de 2 anos,2005-03-01,45,45,52,97
YOCALLA,nutricion y desarrollo infantil,controles nuevos en ninos menores de 2 anos,2005-03-01,2,2,3,5
YOTALA,nutricion y desarrollo infantil,controles nuevos en ninos menores de 2 anos,2005-03-01,18,18,12,30
YUNCHARA,nutricion y desarrollo infantil,controles nuevos en ninos menores de 2 anos,2005-03-01,2,2,0,2
ZUDAÑEZ,nutricion y desarrollo infantil,controles nuevos en ninos menores de 2 anos,2005-03-01,23,23,9,32
ACACIO,nutricion y desarrollo infantil,controles nuevos en ninos menores de 2 anos,2005-04-01,34,34,26,60
ACHACACHI,nutricion y desarrollo infantil,controles nuevos en ninos menores de 2 anos,2005-04-01,107,107,87,194
ACHOCALLA,nutricion y desarrollo infantil,controles nuevos en ninos menores de 2 anos,2005-04-01,45,45,35,80
AIQUILE,nutricion y desarrollo infantil,controles nuevos en ninos menores de 2 anos,2005-04-01,56,56,52,108
ALALAY,nutricion y desarrollo infantil,controles nuevos en ninos menores de 2 anos,2005-04-01,15,15,12,27
ALCALA,nutricion y desarrollo infantil,controles nuevos en ninos menores de 2 anos,2005-04-01,0,0,1,1
ANCORAIMES,nutricion y desarrollo infantil,controles nuevos en ninos menores de 2 anos,2005-04-01,15,15,7,22
ANDAMARCA,nutricion y desarrollo infantil,controles nuevos en ninos menores de 2 anos,2005-04-01,2,2,1,3
ANTEQUERA,nutricion y desarrollo infantil,controles nuevos en ninos menores de 2 anos,2005-04-01,1,1,2,3
ANZALDO,nutricion y desarrollo infantil,controles nuevos en ninos menores de 2 anos,2005-04-01,9,9,11,20
APOLO,nutricion y desarrollo infantil,controles nuevos en ninos menores de 2 anos,2005-04-01,32,32,38,70
ARAMPAMPA,nutricion y desarrollo infantil,controles nuevos en ninos menores de 2 anos,2005-04-01,4,4,4,8
ARANI,nutricion y desarrollo infantil,controles nuevos en ninos menores de 2 anos,2005-04-01,26,26,26,52
ARBIETO,nutricion y desarrollo infantil,controles nuevos en ninos menores de 2 anos,2005-04-01,6,6,4,10
ARQUE,nutricion y desarrollo infantil,controles nuevos en ninos menores de 2 anos,2005-04-01,9,9,16,25
ASCENCION DE GUARAYOS,nutricion y desarrollo infantil,controles nuevos en ninos menores de 2 anos,2005-04-01,51,51,62,113
ATOCHA,nutricion y desarrollo infantil,controles nuevos en ninos menores de 2 anos,2005-04-01,8,8,12,20
AUCAPATA,nutricion y desarrollo infantil,controles nuevos en ninos menores de 2 anos,2005-04-01,13,13,11,24
AYATA,nutricion y desarrollo infantil,controles nuevos en ninos menores de 2 anos,2005-04-01,5,5,9,14
AYO AYO,nutricion y desarrollo infantil,controles nuevos en ninos menores de 2 anos,2005-04-01,17,17,14,31
AYOPAYA (V. DE INDEPENDENCIA),nutricion y desarrollo infantil,controles nuevos en ninos menores de 2 anos,2005-04-01,35,35,36,71
AZURDUY,nutricion y desarrollo infantil,controles nuevos en ninos menores de 2 anos,2005-04-01,13,13,14,27
BATALLAS,nutricion y desarrollo infantil,controles nuevos en ninos menores de 2 anos,2005-04-01,26,26,20,46
BAURES,nutricion y desarrollo infantil,controles nuevos en ninos menores de 2 anos,2005-04-01,6,6,8,14
BELEN DE ANDAMARCA,nutricion y desarrollo infantil,controles nuevos en ninos menores de 2 anos,2005-04-01,1,1,2,3
BELEN DE URMIRI,nutricion y desarrollo infantil,controles nuevos en ninos menores de 2 anos,2005-04-01,3,3,3,6
BELLA FLOR,nutricion y desarrollo infantil,controles nuevos en ninos menores de 2 anos,2005-04-01,2,2,2,4
BERMEJO,nutricion y desarrollo infantil,controles nuevos en ninos menores de 2 anos,2005-04-01,72,72,74,146
BETANZOS,nutricion y desarrollo infantil,controles nuevos en ninos menores de 2 anos,2005-04-01,51,51,45,96
BOLIVAR,nutricion y desarrollo infantil,controles nuevos en ninos menores de 2 anos,2005-04-01,15,15,19,34
BOLPEBRA,nutricion y desarrollo infantil,controles nuevos en ninos menores de 2 anos,2005-04-01,0,0,1,1
BOYUIBE,nutricion y desarrollo infantil,controles nuevos en ninos menores de 2 anos,2005-04-01,14,14,13,27
BUENA VISTA,nutricion y desarrollo infantil,controles nuevos en ninos menores de 2 anos,2005-04-01,20,20,14,34
CABEZAS,nutricion y desarrollo infantil,controles nuevos en ninos menores de 2 anos,2005-04-01,16,16,10,26
CAIROMA,nutricion y desarrollo infantil,controles nuevos en ninos menores de 2 anos,2005-04-01,18,18,18,36
"CAIZA ""D""",nutricion y desarrollo infantil,controles nuevos en ninos menores de 2 anos,2005-04-01,9,9,10,19
CAJUATA,nutricion y desarrollo infantil,controles nuevos en ninos menores de 2 anos,2005-04-01,7,7,13,20
CALACOTO,nutricion y desarrollo infantil,controles nuevos en ninos menores de 2 anos,2005-04-01,12,12,12,24
CALAMARCA,nutricion y desarrollo infantil,controles nuevos en ninos menores de 2 anos,2005-04-01,12,12,13,25
CAMARGO,nutricion y desarrollo infantil,controles nuevos en ninos menores de 2 anos,2005-04-01,14,14,23,37
CAMATAQUI (C. VILLA ABECIA),nutricion y desarrollo infantil,controles nuevos en ninos menores de 2 anos,2005-04-01,4,4,3,7
CAMIRI,nutricion y desarrollo infantil,controles nuevos en ninos menores de 2 anos,2005-04-01,92,92,88,180
CAPINOTA,nutricion y desarrollo infantil,controles nuevos en ninos menores de 2 anos,2005-04-01,19,19,13,32
CAQUIAVIRI,nutricion y desarrollo infantil,controles nuevos en ninos menores de 2 anos,2005-04-01,7,7,8,15
CARACOLLO,nutricion y desarrollo infantil,controles nuevos en ninos menores de 2 anos,2005-04-01,26,26,20,46
CARANAVI,nutricion y desarrollo infantil,controles nuevos en ninos menores de 2 anos,2005-04-01,76,76,68,144
CARAPARI,nutricion y desarrollo infantil,controles nuevos en ninos menores de 2 anos,2005-04-01,9,9,8,17
CARIPUYO,nutricion y desarrollo infantil,controles nuevos en ninos menores de 2 anos,2005-04-01,7,7,15,22
CARMEN RIVERO TORREZ,nutricion y desarrollo infantil,controles nuevos en ninos menores de 2 anos,2005-04-01,4,4,3,7
CHACARILLA,nutricion y desarrollo infantil,controles nuevos en ninos menores de 2 anos,2005-04-01,9,9,9,18
CHALLAPATA,nutricion y desarrollo infantil,controles nuevos en ninos menores de 2 anos,2005-04-01,21,21,16,37
CHAQUI,nutricion y desarrollo infantil,controles nuevos en ninos menores de 2 anos,2005-04-01,5,5,9,14
CHARAGUA,nutricion y desarrollo infantil,controles nuevos en ninos menores de 2 anos,2005-04-01,37,37,34,71
CHARAÑA,nutricion y desarrollo infantil,controles nuevos en ninos menores de 2 anos,2005-04-01,3,3,4,7
CHAYANTA,nutricion y desarrollo infantil,controles nuevos en ninos menores de 2 anos,2005-04-01,13,13,15,28
CHIMORE,nutricion y desarrollo infantil,controles nuevos en ninos menores de 2 anos,2005-04-01,49,49,42,91
CHIPAYA,nutricion y desarrollo infantil,controles nuevos en ninos menores de 2 anos,2005-04-01,10,10,11,21
CHOQUE COTA,nutricion y desarrollo infantil,controles nuevos en ninos menores de 2 anos,2005-04-01,2,2,0,2
CHULUMANI (V. DE LA LIBERTAD),nutricion y desarrollo infantil,controles nuevos en ninos menores de 2 anos,2005-04-01,19,19,20,39
CHUMA,nutricion y desarrollo infantil,controles nuevos en ninos menores de 2 anos,2005-04-01,7,7,16,23
CLIZA,nutricion y desarrollo infantil,controles nuevos en ninos menores de 2 anos,2005-04-01,135,135,101,236
COBIJA,nutricion y desarrollo infantil,controles nuevos en ninos menores de 2 anos,2005-04-01,84,84,53,137
COCHABAMBA,nutricion y desarrollo infantil,controles nuevos en ninos menores de 2 anos,2005-04-01,1789,1789,1435,3224
COLCAPIRHUA,nutricion y desarrollo infantil,controles nuevos en ninos menores de 2 anos,2005-04-01,187,187,134,321
"COLCHA ""K""",nutricion y desarrollo infantil,controles nuevos en ninos menores de 2 anos,2005-04-01,16,16,12,28
COLLANA,nutricion y desarrollo infantil,controles nuevos en ninos menores de 2 anos,2005-04-01,1,1,3,4
COLOMI,nutricion y desarrollo infantil,controles nuevos en ninos menores de 2 anos,2005-04-01,110,110,103,213
COLPA BELGICA,nutricion y desarrollo infantil,controles nuevos en ninos menores de 2 anos,2005-04-01,16,16,13,29
COLQUECHACA,nutricion y desarrollo infantil,controles nuevos en ninos menores de 2 anos,2005-04-01,48,48,54,102
COLQUENCHA,nutricion y desarrollo infantil,controles nuevos en ninos menores de 2 anos,2005-04-01,5,5,8,13
COLQUIRI,nutricion y desarrollo infantil,controles nuevos en ninos menores de 2 anos,2005-04-01,67,67,47,114
COMANCHE,nutricion y desarrollo infantil,controles nuevos en ninos menores de 2 anos,2005-04-01,2,2,2,4
COMARAPA,nutricion y desarrollo infantil,controles nuevos en ninos menores de 2 anos,2005-04-01,23,23,33,56
COMBAYA,nutricion y desarrollo infantil,controles nuevos en ninos menores de 2 anos,2005-04-01,2,2,1,3
CONCEPCION,nutricion y desarrollo infantil,controles nuevos en ninos menores de 2 anos,2005-04-01,20,20,15,35
COPACABANA,nutricion y desarrollo infantil,controles nuevos en ninos menores de 2 anos,2005-04-01,17,17,19,36
CORIPATA,nutricion y desarrollo infantil,controles nuevos en ninos menores de 2 anos,2005-04-01,32,32,22,54
CORO CORO,nutricion y desarrollo infantil,controles nuevos en ninos menores de 2 anos,2005-04-01,2,2,7,9
COROICO,nutricion y desarrollo infantil,controles nuevos en ninos menores de 2 anos,2005-04-01,28,28,23,51
CORQUE,nutricion y desarrollo infantil,controles nuevos en ninos menores de 2 anos,2005-04-01,6,6,6,12
COTAGAITA,nutricion y desarrollo infantil,controles nuevos en ninos menores de 2 anos,2005-04-01,36,36,48,84
COTOCA,nutricion y desarrollo infantil,controles nuevos en ninos menores de 2 anos,2005-04-01,62,62,49,111
CUATRO CAÑADAS,nutricion y desarrollo infantil,controles nuevos en ninos menores de 2 anos,2005-04-01,54,54,50,104
CUCHUMUELA (V. G. VILLARROEL),nutricion y desarrollo infantil,controles nuevos en ninos menores de 2 anos,2005-04-01,6,6,7,13
CUEVO,nutricion y desarrollo infantil,controles nuevos en ninos menores de 2 anos,2005-04-01,1,1,2,3
CULPINA,nutricion y desarrollo infantil,controles nuevos en ninos menores de 2 anos,2005-04-01,34,34,33,67
CURAHUARA DE CARANGAS,nutricion y desarrollo infantil,controles nuevos en ninos menores de 2 anos,2005-04-01,7,7,10,17
CURVA,nutricion y desarrollo infantil,controles nuevos en ninos menores de 2 anos,2005-04-01,9,9,6,15
DESAGUADERO,nutricion y desarrollo infantil,controles nuevos en ninos menores de 2 anos,2005-04-01,13,13,10,23
EL ALTO,nutricion y desarrollo infantil,controles nuevos en ninos menores de 2 anos,2005-04-01,2339,2339,2289,4628
EL CHORO,nutricion y desarrollo infantil,controles nuevos en ninos menores de 2 anos,2005-04-01,0,0,1,1
EL PUENTE(STC),nutricion y desarrollo infantil,controles nuevos en ninos menores de 2 anos,2005-04-01,25,25,24,49
EL PUENTE(TJA),nutricion y desarrollo infantil,controles nuevos en ninos menores de 2 anos,2005-04-01,3,3,2,5
EL TORNO,nutricion y desarrollo infantil,controles nuevos en ninos menores de 2 anos,2005-04-01,42,42,41,83
EL VILLAR,nutricion y desarrollo infantil,controles nuevos en ninos menores de 2 anos,2005-04-01,3,3,6,9
ENTRE RIOS,nutricion y desarrollo infantil,controles nuevos en ninos menores de 2 anos,2005-04-01,11,11,25,36
ENTRE RIOS,nutricion y desarrollo infantil,controles nuevos en ninos menores de 2 anos,2005-04-01,92,92,88,180
EUCALIPTUS,nutricion y desarrollo infantil,controles nuevos en ninos menores de 2 anos,2005-04-01,2,2,8,10
EUREKA (SANTOS MERCADO),nutricion y desarrollo infantil,controles nuevos en ninos menores de 2 anos,2005-04-01,1,1,1,2
EXALTACION,nutricion y desarrollo infantil,controles nuevos en ninos menores de 2 anos,2005-04-01,5,5,6,11
FERNANDEZ ALONSO,nutricion y desarrollo infantil,controles nuevos en ninos menores de 2 anos,2005-04-01,19,19,16,35
FILADELFIA,nutricion y desarrollo infantil,controles nuevos en ninos menores de 2 anos,2005-04-01,5,5,3,8
GENERAL SAAVEDRA,nutricion y desarrollo infantil,controles nuevos en ninos menores de 2 anos,2005-04-01,26,26,32,58
GRAL. J.J. PEREZ (CHARAZANI),nutricion y desarrollo infantil,controles nuevos en ninos menores de 2 anos,2005-04-01,11,11,13,24
GUANAY,nutricion y desarrollo infantil,controles nuevos en ninos menores de 2 anos,2005-04-01,16,16,13,29
GUAQUI,nutricion y desarrollo infantil,controles nuevos en ninos menores de 2 anos,2005-04-01,13,13,9,22
GUAYARAMERIN,nutricion y desarrollo infantil,controles nuevos en ninos menores de 2 anos,2005-04-01,76,76,81,157
GUTIERREZ,nutricion y desarrollo infantil,controles nuevos en ninos menores de 2 anos,2005-04-01,11,11,14,25
HUACARETA,nutricion y desarrollo infantil,controles nuevos en ninos menores de 2 anos,2005-04-01,14,14,15,29
HUACAYA (VILLA DE HUACAYA),nutricion y desarrollo infantil,controles nuevos en ninos menores de 2 anos,2005-04-01,3,3,5,8
HUACHACALLA,nutricion y desarrollo infantil,controles nuevos en ninos menores de 2 anos,2005-04-01,5,5,2,7
HUANUNI,nutricion y desarrollo infantil,controles nuevos en ninos menores de 2 anos,2005-04-01,27,27,19,46
HUARACAJE,nutricion y desarrollo infantil,controles nuevos en ninos menores de 2 anos,2005-04-01,3,3,3,6
HUAYLLAMARCA,nutricion y desarrollo infantil,controles nuevos en ninos menores de 2 anos,2005-04-01,15,15,21,36
ICHOCA,nutricion y desarrollo infantil,controles nuevos en ninos menores de 2 anos,2005-04-01,16,16,25,41
ICLA,nutricion y desarrollo infantil,controles nuevos en ninos menores de 2 anos,2005-04-01,13,13,17,30
INCAHUASI,nutricion y desarrollo infantil,controles nuevos en ninos menores de 2 anos,2005-04-01,64,64,61,125
INGAVI (HUMAITA),nutricion y desarrollo infantil,controles nuevos en ninos menores de 2 anos,2005-04-01,0,0,1,1
INQUISIVI,nutricion y desarrollo infantil,controles nuevos en ninos menores de 2 anos,2005-04-01,25,25,32,57
IRUPANA (VILLA DE LANZA),nutricion y desarrollo infantil,controles nuevos en ninos menores de 2 anos,2005-04-01,14,14,18,32
IXIAMAS,nutricion y desarrollo infantil,controles nuevos en ninos menores de 2 anos,2005-04-01,15,15,15,30
JESUS DE MACHACA,nutricion y desarrollo infantil,controles nuevos en ninos menores de 2 anos,2005-04-01,15,15,15,30
LA ASUNTA,nutricion y desarrollo infantil,controles nuevos en ninos menores de 2 anos,2005-04-01,30,30,34,64
LA GUARDIA,nutricion y desarrollo infantil,controles nuevos en ninos menores de 2 anos,2005-04-01,148,148,204,352
LA PAZ,nutricion y desarrollo infantil,controles nuevos en ninos menores de 2 anos,2005-04-01,1309,1309,1298,2607
LAGUNILLAS,nutricion y desarrollo infantil,controles nuevos en ninos menores de 2 anos,2005-04-01,10,10,11,21
LAJA,nutricion y desarrollo infantil,controles nuevos en ninos menores de 2 anos,2005-04-01,15,15,18,33
LAS CARRERAS,nutricion y desarrollo infantil,controles nuevos en ninos menores de 2 anos,2005-04-01,9,9,5,14
LICOMA PAMPA,nutricion y desarrollo infantil,controles nuevos en ninos menores de 2 anos,2005-04-01,3,3,1,4
LLALLAGUA,nutricion y desarrollo infantil,controles nuevos en ninos menores de 2 anos,2005-04-01,52,52,58,110
LLICA,nutricion y desarrollo infantil,controles nuevos en ninos menores de 2 anos,2005-04-01,4,4,10,14
LORETO,nutricion y desarrollo infantil,controles nuevos en ninos menores de 2 anos,2005-04-01,7,7,9,16
LURIBAY,nutricion y desarrollo infantil,controles nuevos en ninos menores de 2 anos,2005-04-01,10,10,12,22
MACHACAMARCA,nutricion y desarrollo infantil,controles nuevos en ninos menores de 2 anos,2005-04-01,5,5,4,9
MACHARETI,nutricion y desarrollo infantil,controles nuevos en ninos menores de 2 anos,2005-04-01,8,8,10,18
MAGDALENA,nutricion y desarrollo infantil,controles nuevos en ninos menores de 2 anos,2005-04-01,11,11,11,22
MAIRANA,nutricion y desarrollo infantil,controles nuevos en ninos menores de 2 anos,2005-04-01,11,11,9,20
MALLA,nutricion y desarrollo infantil,controles nuevos en ninos menores de 2 anos,2005-04-01,6,6,3,9
MAPIRI,nutricion y desarrollo infantil,controles nuevos en ninos menores de 2 anos,2005-04-01,13,13,10,23
MECAPACA,nutricion y desarrollo infantil,controles nuevos en ninos menores de 2 anos,2005-04-01,18,18,9,27
MINEROS,nutricion y desarrollo infantil,controles nuevos en ninos menores de 2 anos,2005-04-01,27,27,16,43
MIZQUE,nutricion y desarrollo infantil,controles nuevos en ninos menores de 2 anos,2005-04-01,94,94,109,203
MOCOMOCO,nutricion y desarrollo infantil,controles nuevos en ninos menores de 2 anos,2005-04-01,20,20,18,38
MOJINETE,nutricion y desarrollo infantil,controles nuevos en ninos menores de 2 anos,2005-04-01,1,1,1,2
MOJOCOYA,nutricion y desarrollo infantil,controles nuevos en ninos menores de 2 anos,2005-04-01,4,4,5,9
MONTEAGUDO,nutricion y desarrollo infantil,controles nuevos en ninos menores de 2 anos,2005-04-01,71,71,68,139
MONTERO,nutricion y desarrollo infantil,controles nuevos en ninos menores de 2 anos,2005-04-01,140,140,144,284
MORO MORO,nutricion y desarrollo infantil,controles nuevos en ninos menores de 2 anos,2005-04-01,3,3,4,7
MOROCHATA,nutricion y desarrollo infantil,controles nuevos en ninos menores de 2 anos,2005-04-01,184,184,187,371
NACEBE (SANTA ROSA DEL ABUNA),nutricion y desarrollo infantil,controles nuevos en ninos menores de 2 anos,2005-04-01,3,3,5,8
NUEVO MANOA (NUEVA ESPERANZA),nutricion y desarrollo infantil,controles nuevos en ninos menores de 2 anos,2005-04-01,3,3,0,3
OCURI,nutricion y desarrollo infantil,controles nuevos en ninos menores de 2 anos,2005-04-01,29,29,31,60
OKINAWA,nutricion y desarrollo infantil,controles nuevos en ninos menores de 2 anos,2005-04-01,8,8,11,19
OMEREQUE,nutricion y desarrollo infantil,controles nuevos en ninos menores de 2 anos,2005-04-01,3,3,8,11
ORURO,nutricion y desarrollo infantil,controles nuevos en ninos menores de 2 anos,2005-04-01,534,534,548,1082
PADCAYA,nutricion y desarrollo infantil,controles nuevos en ninos menores de 2 anos,2005-04-01,33,33,35,68
PADILLA,nutricion y desarrollo infantil,controles nuevos en ninos menores de 2 anos,2005-04-01,10,10,12,22
PAILON,nutricion y desarrollo infantil,controles nuevos en ninos menores de 2 anos,2005-04-01,19,19,10,29
PALCA,nutricion y desarrollo infantil,controles nuevos en ninos menores de 2 anos,2005-04-01,30,30,38,68
PALOS BLANCOS,nutricion y desarrollo infantil,controles nuevos en ninos menores de 2 anos,2005-04-01,51,51,41,92
PAMPA AULLAGAS,nutricion y desarrollo infantil,controles nuevos en ninos menores de 2 anos,2005-04-01,4,4,3,7
PAMPA GRANDE,nutricion y desarrollo infantil,controles nuevos en ninos menores de 2 anos,2005-04-01,11,11,6,17
PAPEL PAMPA,nutricion y desarrollo infantil,controles nuevos en ninos menores de 2 anos,2005-04-01,16,16,6,22
PASORAPA,nutricion y desarrollo infantil,controles nuevos en ninos menores de 2 anos,2005-04-01,3,3,4,7
PATACAMAYA,nutricion y desarrollo infantil,controles nuevos en ninos menores de 2 anos,2005-04-01,46,46,37,83
PAZÑA,nutricion y desarrollo infantil,controles nuevos en ninos menores de 2 anos,2005-04-01,13,13,12,25
PELECHUCO,nutricion y desarrollo infantil,controles nuevos en ninos menores de 2 anos,2005-04-01,10,10,18,28
POCOATA,nutricion y desarrollo infantil,controles nuevos en ninos menores de 2 anos,2005-04-01,21,21,27,48
POCONA,nutricion y desarrollo infantil,controles nuevos en ninos menores de 2 anos,2005-04-01,67,67,70,137
POJO (CBBA),nutricion y desarrollo infantil,controles nuevos en ninos menores de 2 anos,2005-04-01,28,28,20,48
POOPO,nutricion y desarrollo infantil,controles nuevos en ninos menores de 2 anos,2005-04-01,4,4,6,10
PORCO,nutricion y desarrollo infantil,controles nuevos en ninos menores de 2 anos,2005-04-01,5,5,10,15
POROMA,nutricion y desarrollo infantil,controles nuevos en ninos menores de 2 anos,2005-04-01,50,50,33,83
PORONGO,nutricion y desarrollo infantil,controles nuevos en ninos menores de 2 anos,2005-04-01,7,7,9,16
PORTACHUELO,nutricion y desarrollo infantil,controles nuevos en ninos menores de 2 anos,2005-04-01,21,21,21,42
PORVENIR,nutricion y desarrollo infantil,controles nuevos en ninos menores de 2 anos,2005-04-01,11,11,4,15
POSTRER VALLE,nutricion y desarrollo infantil,controles nuevos en ninos menores de 2 anos,2005-04-01,0,0,1,1
POTOSI,nutricion y desarrollo infantil,controles nuevos en ninos menores de 2 anos,2005-04-01,220,220,204,424
PRESTO,nutricion y desarrollo infantil,controles nuevos en ninos menores de 2 anos,2005-04-01,11,11,11,22
PUCARA,nutricion y desarrollo infantil,controles nuevos en ninos menores de 2 anos,2005-04-01,2,2,0,2
PUCARANI,nutricion y desarrollo infantil,controles nuevos en ninos menores de 2 anos,2005-04-01,41,41,39,80
PUERTO ACOSTA,nutricion y desarrollo infantil,controles nuevos en ninos menores de 2 anos,2005-04-01,40,40,39,79
PUERTO CARABUCO,nutricion y desarrollo infantil,controles nuevos en ninos menores de 2 anos,2005-04-01,26,26,20,46
PUERTO GONZALO MORENO,nutricion y desarrollo infantil,controles nuevos en ninos menores de 2 anos,2005-04-01,13,13,9,22
PUERTO PEREZ,nutricion y desarrollo infantil,controles nuevos en ninos menores de 2 anos,2005-04-01,31,31,22,53
PUERTO QUIJARRO,nutricion y desarrollo infantil,controles nuevos en ninos menores de 2 anos,2005-04-01,23,23,24,47
PUERTO RICO,nutricion y desarrollo infantil,controles nuevos en ninos menores de 2 anos,2005-04-01,7,7,6,13
PUERTO SILES,nutricion y desarrollo infantil,controles nuevos en ninos menores de 2 anos,2005-04-01,1,1,0,1
PUERTO SUAREZ,nutricion y desarrollo infantil,controles nuevos en ninos menores de 2 anos,2005-04-01,24,24,24,48
PUERTO VILLARROEL,nutricion y desarrollo infantil,controles nuevos en ninos menores de 2 anos,2005-04-01,51,51,59,110
PUNA,nutricion y desarrollo infantil,controles nuevos en ninos menores de 2 anos,2005-04-01,36,36,43,79
PUNATA,nutricion y desarrollo infantil,controles nuevos en ninos menores de 2 anos,2005-04-01,87,87,107,194
QUIABAYA,nutricion y desarrollo infantil,controles nuevos en ninos menores de 2 anos,2005-04-01,2,2,2,4
QUILLACOLLO,nutricion y desarrollo infantil,controles nuevos en ninos menores de 2 anos,2005-04-01,737,737,497,1234
QUIME,nutricion y desarrollo infantil,controles nuevos en ninos menores de 2 anos,2005-04-01,13,13,8,21
QUIRUSILLAS,nutricion y desarrollo infantil,controles nuevos en ninos menores de 2 anos,2005-04-01,1,1,1,2
RAVELO,nutricion y desarrollo infantil,controles nuevos en ninos menores de 2 anos,2005-04-01,64,64,56,120
REYES,nutricion y desarrollo infantil,controles nuevos en ninos menores de 2 anos,2005-04-01,17,17,21,38
RIBERALTA,nutricion y desarrollo infantil,controles nuevos en ninos menores de 2 anos,2005-04-01,175,175,166,341
ROBORE,nutricion y desarrollo infantil,controles nuevos en ninos menores de 2 anos,2005-04-01,25,25,27,52
RURRENABAQUE,nutricion y desarrollo infantil,controles nuevos en ninos menores de 2 anos,2005-04-01,18,18,24,42
SABAYA,nutricion y desarrollo infantil,controles nuevos en ninos menores de 2 anos,2005-04-01,6,6,6,12
SACABA,nutricion y desarrollo infantil,controles nuevos en ninos menores de 2 anos,2005-04-01,499,499,403,902
SACABAMBA,nutricion y desarrollo infantil,controles nuevos en ninos menores de 2 anos,2005-04-01,0,0,4,4
SACACA,nutricion y desarrollo infantil,controles nuevos en ninos menores de 2 anos,2005-04-01,19,19,25,44
SAIPINA,nutricion y desarrollo infantil,controles nuevos en ninos menores de 2 anos,2005-04-01,7,7,16,23
SALINAS DE GARCI MENDOZA,nutricion y desarrollo infantil,controles nuevos en ninos menores de 2 anos,2005-04-01,7,7,8,15
SAMAIPATA,nutricion y desarrollo infantil,controles nuevos en ninos menores de 2 anos,2005-04-01,12,12,8,20
SAN AGUSTIN,nutricion y desarrollo infantil,controles nuevos en ninos menores de 2 anos,2005-04-01,3,3,1,4
SAN ANDRES,nutricion y desarrollo infantil,controles nuevos en ninos menores de 2 anos,2005-04-01,27,27,26,53
SAN ANDRES DE MACHACA,nutricion y desarrollo infantil,controles nuevos en ninos menores de 2 anos,2005-04-01,3,3,2,5
SAN ANTONIO DE ESMORUCO,nutricion y desarrollo infantil,controles nuevos en ninos menores de 2 anos,2005-04-01,1,1,0,1
SAN ANTONIO DE LOMERIO,nutricion y desarrollo infantil,controles nuevos en ninos menores de 2 anos,2005-04-01,7,7,6,13
SAN BENITO,nutricion y desarrollo infantil,controles nuevos en ninos menores de 2 anos,2005-04-01,30,30,30,60
SAN BORJA,nutricion y desarrollo infantil,controles nuevos en ninos menores de 2 anos,2005-04-01,63,63,74,137
SAN BUENA VENTURA,nutricion y desarrollo infantil,controles nuevos en ninos menores de 2 anos,2005-04-01,11,11,7,18
SAN CARLOS,nutricion y desarrollo infantil,controles nuevos en ninos menores de 2 anos,2005-04-01,13,13,25,38
SAN IGNACIO,nutricion y desarrollo infantil,controles nuevos en ninos menores de 2 anos,2005-04-01,50,50,48,98
SAN IGNACIO DE VELASCO,nutricion y desarrollo infantil,controles nuevos en ninos menores de 2 anos,2005-04-01,68,68,76,144
SAN JAVIER(BNI),nutricion y desarrollo infantil,controles nuevos en ninos menores de 2 anos,2005-04-01,5,5,11,16
SAN JAVIER(STC),nutricion y desarrollo infantil,controles nuevos en ninos menores de 2 anos,2005-04-01,10,10,10,20
SAN JOAQUIN,nutricion y desarrollo infantil,controles nuevos en ninos menores de 2 anos,2005-04-01,2,2,5,7
SAN JOSE DE CHIQUITOS,nutricion y desarrollo infantil,controles nuevos en ninos menores de 2 anos,2005-04-01,9,9,5,14
SAN JUAN DE YAPACANI,nutricion y desarrollo infantil,controles nuevos en ninos menores de 2 anos,2005-04-01,16,16,13,29
SAN JULIAN,nutricion y desarrollo infantil,controles nuevos en ninos menores de 2 anos,2005-04-01,122,122,140,262
SAN LORENZO(PND),nutricion y desarrollo infantil,controles nuevos en ninos menores de 2 anos,2005-04-01,12,12,7,19
SAN LORENZO(TJA),nutricion y desarrollo infantil,controles nuevos en ninos menores de 2 anos,2005-04-01,39,39,31,70
SAN LUCAS,nutricion y desarrollo infantil,controles nuevos en ninos menores de 2 anos,2005-04-01,73,73,74,147
SAN MATIAS,nutricion y desarrollo infantil,controles nuevos en ninos menores de 2 anos,2005-04-01,38,38,38,76
SAN MIGUEL DE VELASCO,nutricion y desarrollo infantil,controles nuevos en ninos menores de 2 anos,2005-04-01,12,12,9,21
SAN PABLO DE LIPEZ,nutricion y desarrollo infantil,controles nuevos en ninos menores de 2 anos,2005-04-01,4,4,5,9
SAN PEDRO,nutricion y desarrollo infantil,controles nuevos en ninos menores de 2 anos,2005-04-01,10,10,12,22
SAN PEDRO DE BUENA VISTA,nutricion y desarrollo infantil,controles nuevos en ninos menores de 2 anos,2005-04-01,28,28,44,72
SAN PEDRO DE CURAHUARA,nutricion y desarrollo infantil,controles nuevos en ninos menores de 2 anos,2005-04-01,23,23,15,38
SAN PEDRO DE QUEMES,nutricion y desarrollo infantil,controles nuevos en ninos menores de 2 anos,2005-04-01,1,1,0,1
SAN PEDRO DE TIQUINA,nutricion y desarrollo infantil,controles nuevos en ninos menores de 2 anos,2005-04-01,12,12,0,12
SAN PEDRO(PND),nutricion y desarrollo infantil,controles nuevos en ninos menores de 2 anos,2005-04-01,0,0,1,1
SAN RAFAEL,nutricion y desarrollo infantil,controles nuevos en ninos menores de 2 anos,2005-04-01,10,10,11,21
SAN RAMON,nutricion y desarrollo infantil,controles nuevos en ninos menores de 2 anos,2005-04-01,29,29,29,58
SAN RAMON,nutricion y desarrollo infantil,controles nuevos en ninos menores de 2 anos,2005-04-01,3,3,4,7
SANTA ANA,nutricion y desarrollo infantil,controles nuevos en ninos menores de 2 anos,2005-04-01,45,45,33,78
SANTA CRUZ DE LA SIERRA,nutricion y desarrollo infantil,controles nuevos en ninos menores de 2 anos,2005-04-01,1895,1895,1845,3740
SANTA ROSA,nutricion y desarrollo infantil,controles nuevos en ninos menores de 2 anos,2005-04-01,20,20,19,39
SANTA ROSA DEL SARA,nutricion y desarrollo infantil,controles nuevos en ninos menores de 2 anos,2005-04-01,28,28,44,72
SANTIAGO DE CALLAPA,nutricion y desarrollo infantil,controles nuevos en ninos menores de 2 anos,2005-04-01,6,6,10,16
SANTIAGO DE HUARI,nutricion y desarrollo infantil,controles nuevos en ninos menores de 2 anos,2005-04-01,23,23,19,42
SANTIAGO DE MACHACA,nutricion y desarrollo infantil,controles nuevos en ninos menores de 2 anos,2005-04-01,2,2,0,2
SANTIVAÑES,nutricion y desarrollo infantil,controles nuevos en ninos menores de 2 anos,2005-04-01,3,3,5,8
SANTUARIO DE QUILLACAS,nutricion y desarrollo infantil,controles nuevos en ninos menores de 2 anos,2005-04-01,2,2,4,6
SAPAHAQUI,nutricion y desarrollo infantil,controles nuevos en ninos menores de 2 anos,2005-04-01,11,11,18,29
SENA,nutricion y desarrollo infantil,controles nuevos en ninos menores de 2 anos,2005-04-01,10,10,2,12
SICA SICA (VILLA AROMA),nutricion y desarrollo infantil,controles nuevos en ninos menores de 2 anos,2005-04-01,27,27,25,52
SICAYA,nutricion y desarrollo infantil,controles nuevos en ninos menores de 2 anos,2005-04-01,6,6,3,9
SIPE SIPE,nutricion y desarrollo infantil,controles nuevos en ninos menores de 2 anos,2005-04-01,119,119,111,230
SOPACHUY,nutricion y desarrollo infantil,controles nuevos en ninos menores de 2 anos,2005-04-01,19,19,6,25
SORACACHI,nutricion y desarrollo infantil,controles nuevos en ninos menores de 2 anos,2005-04-01,14,14,10,24
SORATA,nutricion y desarrollo infantil,controles nuevos en ninos menores de 2 anos,2005-04-01,44,44,42,86
SUCRE,nutricion y desarrollo infantil,controles nuevos en ninos menores de 2 anos,2005-04-01,919,919,929,1848
TACACHI,nutricion y desarrollo infantil,controles nuevos en ninos menores de 2 anos,2005-04-01,2,2,5,7
TACACOMA,nutricion y desarrollo infantil,controles nuevos en ninos menores de 2 anos,2005-04-01,10,10,7,17
TACOBAMBA,nutricion y desarrollo infantil,controles nuevos en ninos menores de 2 anos,2005-04-01,34,34,25,59
TACOPAYA,nutricion y desarrollo infantil,controles nuevos en ninos menores de 2 anos,2005-04-01,11,11,15,26
TAHUA,nutricion y desarrollo infantil,controles nuevos en ninos menores de 2 anos,2005-04-01,1,1,2,3
TAPACARI,nutricion y desarrollo infantil,controles nuevos en ninos menores de 2 anos,2005-04-01,38,38,38,76
TARABUCO,nutricion y desarrollo infantil,controles nuevos en ninos menores de 2 anos,2005-04-01,58,58,39,97
TARACO,nutricion y desarrollo infantil,controles nuevos en ninos menores de 2 anos,2005-04-01,6,6,6,12
TARATA,nutricion y desarrollo infantil,controles nuevos en ninos menores de 2 anos,2005-04-01,11,11,15,26
TARIJA,nutricion y desarrollo infantil,controles nuevos en ninos menores de 2 anos,2005-04-01,741,741,690,1431
TARVITA,nutricion y desarrollo infantil,controles nuevos en ninos menores de 2 anos,2005-04-01,9,9,14,23
TEOPONTE,nutricion y desarrollo infantil,controles nuevos en ninos menores de 2 anos,2005-04-01,14,14,7,21
TIAWANACU,nutricion y desarrollo infantil,controles nuevos en ninos menores de 2 anos,2005-04-01,20,20,15,35
TINGUIPAYA,nutricion y desarrollo infantil,controles nuevos en ninos menores de 2 anos,2005-04-01,30,30,25,55
TIPUANI,nutricion y desarrollo infantil,controles nuevos en ninos menores de 2 anos,2005-04-01,15,15,9,24
TIQUIPAYA,nutricion y desarrollo infantil,controles nuevos en ninos menores de 2 anos,2005-04-01,196,196,144,340
TIRAQUE (CBBA),nutricion y desarrollo infantil,controles nuevos en ninos menores de 2 anos,2005-04-01,365,365,365,730
TOCO,nutricion y desarrollo infantil,controles nuevos en ninos menores de 2 anos,2005-04-01,6,6,7,13
TOLATA,nutricion y desarrollo infantil,controles nuevos en ninos menores de 2 anos,2005-04-01,7,7,2,9
TOLEDO,nutricion y desarrollo infantil,controles nuevos en ninos menores de 2 anos,2005-04-01,15,15,14,29
TOMAVE,nutricion y desarrollo infantil,controles nuevos en ninos menores de 2 anos,2005-04-01,11,11,13,24
TOMINA,nutricion y desarrollo infantil,controles nuevos en ninos menores de 2 anos,2005-04-01,10,10,6,16
TORO TORO,nutricion y desarrollo infantil,controles nuevos en ninos menores de 2 anos,2005-04-01,16,16,17,33
TOTORA(CBBA),nutricion y desarrollo infantil,controles nuevos en ninos menores de 2 anos,2005-04-01,41,41,33,74
TOTORA(ORR),nutricion y desarrollo infantil,controles nuevos en ninos menores de 2 anos,2005-04-01,8,8,14,22
TRIGAL,nutricion y desarrollo infantil,controles nuevos en ninos menores de 2 anos,2005-04-01,0,0,1,1
TRINIDAD,nutricion y desarrollo infantil,controles nuevos en ninos menores de 2 anos,2005-04-01,437,437,379,816
TUPIZA,nutricion y desarrollo infantil,controles nuevos en ninos menores de 2 anos,2005-04-01,47,47,28,75
TURCO,nutricion y desarrollo infantil,controles nuevos en ninos menores de 2 anos,2005-04-01,10,10,8,18
UMALA,nutricion y desarrollo infantil,controles nuevos en ninos menores de 2 anos,2005-04-01,5,5,10,15
UNCIA,nutricion y desarrollo infantil,controles nuevos en ninos menores de 2 anos,2005-04-01,67,67,63,130
URIONDO (A. CONCEPCION),nutricion y desarrollo infantil,controles nuevos en ninos menores de 2 anos,2005-04-01,21,21,13,34
URUBICHA,nutricion y desarrollo infantil,controles nuevos en ninos menores de 2 anos,2005-04-01,9,9,19,28
UYUNI,nutricion y desarrollo infantil,controles nuevos en ninos menores de 2 anos,2005-04-01,37,37,24,61
VACAS,nutricion y desarrollo infantil,controles nuevos en ninos menores de 2 anos,2005-04-01,15,15,19,34
VALLEGRANDE,nutricion y desarrollo infantil,controles nuevos en ninos menores de 2 anos,2005-04-01,23,23,21,44
VIACHA,nutricion y desarrollo infantil,controles nuevos en ninos menores de 2 anos,2005-04-01,77,77,72,149
VILA VILA,nutricion y desarrollo infantil,controles nuevos en ninos menores de 2 anos,2005-04-01,12,12,7,19
VILLA MONTES,nutricion y desarrollo infantil,controles nuevos en ninos menores de 2 anos,2005-04-01,67,67,104,171
VILLA NUEVA (LOMA ALTA),nutricion y desarrollo infantil,controles nuevos en ninos menores de 2 anos,2005-04-01,2,2,2,4
VILLA RIVERO,nutricion y desarrollo infantil,controles nuevos en ninos menores de 2 anos,2005-04-01,11,11,8,19
VILLA SERRANO,nutricion y desarrollo infantil,controles nuevos en ninos menores de 2 anos,2005-04-01,8,8,8,16
VILLA TUNARI,nutricion y desarrollo infantil,controles nuevos en ninos menores de 2 anos,2005-04-01,317,317,302,619
VILLA VACA GUZMAN (MUYUPAMPA),nutricion y desarrollo infantil,controles nuevos en ninos menores de 2 anos,2005-04-01,16,16,17,33
VILLAZON,nutricion y desarrollo infantil,controles nuevos en ninos menores de 2 anos,2005-04-01,51,51,37,88
VINTO,nutricion y desarrollo infantil,controles nuevos en ninos menores de 2 anos,2005-04-01,210,210,196,406
VITICHI,nutricion y desarrollo infantil,controles nuevos en ninos menores de 2 anos,2005-04-01,13,13,7,20
WALDO BALLIVIAN,nutricion y desarrollo infantil,controles nuevos en ninos menores de 2 anos,2005-04-01,1,1,0,1
WARNES,nutricion y desarrollo infantil,controles nuevos en ninos menores de 2 anos,2005-04-01,135,135,135,270
YACO,nutricion y desarrollo infantil,controles nuevos en ninos menores de 2 anos,2005-04-01,3,3,2,5
YACUIBA,nutricion y desarrollo infantil,controles nuevos en ninos menores de 2 anos,2005-04-01,72,72,106,178
YAMPARAEZ,nutricion y desarrollo infantil,controles nuevos en ninos menores de 2 anos,2005-04-01,10,10,10,20
YANACACHI,nutricion y desarrollo infantil,controles nuevos en ninos menores de 2 anos,2005-04-01,9,9,7,16
YAPACANI,nutricion y desarrollo infantil,controles nuevos en ninos menores de 2 anos,2005-04-01,51,51,57,108
YOCALLA,nutricion y desarrollo infantil,controles nuevos en ninos menores de 2 anos,2005-04-01,9,9,2,11
YOTALA,nutricion y desarrollo infantil,controles nuevos en ninos menores de 2 anos,2005-04-01,11,11,9,20
YUNCHARA,nutricion y desarrollo infantil,controles nuevos en ninos menores de 2 anos,2005-04-01,2,2,5,7
ZUDAÑEZ,nutricion y desarrollo infantil,controles nuevos en ninos menores de 2 anos,2005-04-01,14,14,7,21
ACACIO,nutricion y desarrollo infantil,controles nuevos en ninos menores de 2 anos,2005-05-01,32,32,18,50
ACHACACHI,nutricion y desarrollo infantil,controles nuevos en ninos menores de 2 anos,2005-05-01,60,60,57,117
ACHOCALLA,nutricion y desarrollo infantil,controles nuevos en ninos menores de 2 anos,2005-05-01,18,18,23,41
AIQUILE,nutricion y desarrollo infantil,controles nuevos en ninos menores de 2 anos,2005-05-01,65,65,64,129
ALALAY,nutricion y desarrollo infantil,controles nuevos en ninos menores de 2 anos,2005-05-01,9,9,2,11
ALCALA,nutricion y desarrollo infantil,controles nuevos en ninos menores de 2 anos,2005-05-01,3,3,3,6
ANCORAIMES,nutricion y desarrollo infantil,controles nuevos en ninos menores de 2 anos,2005-05-01,15,15,20,35
ANDAMARCA,nutricion y desarrollo infantil,controles nuevos en ninos menores de 2 anos,2005-05-01,1,1,0,1
ANTEQUERA,nutricion y desarrollo infantil,controles nuevos en ninos menores de 2 anos,2005-05-01,3,3,1,4
ANZALDO,nutricion y desarrollo infantil,controles nuevos en ninos menores de 2 anos,2005-05-01,2,2,5,7
APOLO,nutricion y desarrollo infantil,controles nuevos en ninos menores de 2 anos,2005-05-01,30,30,25,55
ARAMPAMPA,nutricion y desarrollo infantil,controles nuevos en ninos menores de 2 anos,2005-05-01,6,6,8,14
ARANI,nutricion y desarrollo infantil,controles nuevos en ninos menores de 2 anos,2005-05-01,15,15,11,26
ARBIETO,nutricion y desarrollo infantil,controles nuevos en ninos menores de 2 anos,2005-05-01,17,17,13,30
ARQUE,nutricion y desarrollo infantil,controles nuevos en ninos menores de 2 anos,2005-05-01,14,14,15,29
ATOCHA,nutricion y desarrollo infantil,controles nuevos en ninos menores de 2 anos,2005-05-01,16,16,4,20
AUCAPATA,nutricion y desarrollo infantil,controles nuevos en ninos menores de 2 anos,2005-05-01,15,15,18,33
AYATA,nutricion y desarrollo infantil,controles nuevos en ninos menores de 2 anos,2005-05-01,6,6,10,16
AYO AYO,nutricion y desarrollo infantil,controles nuevos en ninos menores de 2 anos,2005-05-01,5,5,7,12
AYOPAYA (V. DE INDEPENDENCIA),nutricion y desarrollo infantil,controles nuevos en ninos menores de 2 anos,2005-05-01,43,43,50,93
AZURDUY,nutricion y desarrollo infantil,controles nuevos en ninos menores de 2 anos,2005-05-01,12,12,13,25
BATALLAS,nutricion y desarrollo infantil,controles nuevos en ninos menores de 2 anos,2005-05-01,15,15,14,29
BAURES,nutricion y desarrollo infantil,controles nuevos en ninos menores de 2 anos,2005-05-01,6,6,8,14
BELEN DE URMIRI,nutricion y desarrollo infantil,controles nuevos en ninos menores de 2 anos,2005-05-01,2,2,2,4
BELLA FLOR,nutricion y desarrollo infantil,controles nuevos en ninos menores de 2 anos,2005-05-01,1,1,5,6
BERMEJO,nutricion y desarrollo infantil,controles nuevos en ninos menores de 2 anos,2005-05-01,30,30,35,65
BETANZOS,nutricion y desarrollo infantil,controles nuevos en ninos menores de 2 anos,2005-05-01,38,38,45,83
BOLIVAR,nutricion y desarrollo infantil,controles nuevos en ninos menores de 2 anos,2005-05-01,14,14,10,24
BOLPEBRA,nutricion y desarrollo infantil,controles nuevos en ninos menores de 2 anos,2005-05-01,3,3,0,3
BOYUIBE,nutricion y desarrollo infantil,controles nuevos en ninos menores de 2 anos,2005-05-01,2,2,6,8
BUENA VISTA,nutricion y desarrollo infantil,controles nuevos en ninos menores de 2 anos,2005-05-01,12,12,8,20
CABEZAS,nutricion y desarrollo infantil,controles nuevos en ninos menores de 2 anos,2005-05-01,14,14,22,36
CAIROMA,nutricion y desarrollo infantil,controles nuevos en ninos menores de 2 anos,2005-05-01,5,5,9,14
"CAIZA ""D""",nutricion y desarrollo infantil,controles nuevos en ninos menores de 2 anos,2005-05-01,26,26,16,42
CAJUATA,nutricion y desarrollo infantil,controles nuevos en ninos menores de 2 anos,2005-05-01,12,12,4,16
CALACOTO,nutricion y desarrollo infantil,controles nuevos en ninos menores de 2 anos,2005-05-01,1,1,5,6
CALAMARCA,nutricion y desarrollo infantil,controles nuevos en ninos menores de 2 anos,2005-05-01,6,6,7,13
CAMARGO,nutricion y desarrollo infantil,controles nuevos en ninos menores de 2 anos,2005-05-01,13,13,17,30
CAMATAQUI (C. VILLA ABECIA),nutricion y desarrollo infantil,controles nuevos en ninos menores de 2 anos,2005-05-01,2,2,2,4
CAMIRI,nutricion y desarrollo infantil,controles nuevos en ninos menores de 2 anos,2005-05-01,76,76,77,153
CAPINOTA,nutricion y desarrollo infantil,controles nuevos en ninos menores de 2 anos,2005-05-01,25,25,16,41
CAQUIAVIRI,nutricion y desarrollo infantil,controles nuevos en ninos menores de 2 anos,2005-05-01,8,8,7,15
CARACOLLO,nutricion y desarrollo infantil,controles nuevos en ninos menores de 2 anos,2005-05-01,5,5,14,19
CARANAVI,nutricion y desarrollo infantil,controles nuevos en ninos menores de 2 anos,2005-05-01,121,121,110,231
CARAPARI,nutricion y desarrollo infantil,controles nuevos en ninos menores de 2 anos,2005-05-01,10,10,9,19
CARIPUYO,nutricion y desarrollo infantil,controles nuevos en ninos menores de 2 anos,2005-05-01,9,9,6,15
CARMEN RIVERO TORREZ,nutricion y desarrollo infantil,controles nuevos en ninos menores de 2 anos,2005-05-01,7,7,6,13
CATACORA,nutricion y desarrollo infantil,controles nuevos en ninos menores de 2 anos,2005-05-01,3,3,2,5
CHACARILLA,nutricion y desarrollo infantil,controles nuevos en ninos menores de 2 anos,2005-05-01,4,4,10,14
CHALLAPATA,nutricion y desarrollo infantil,controles nuevos en ninos menores de 2 anos,2005-05-01,29,29,26,55
CHAQUI,nutricion y desarrollo infantil,controles nuevos en ninos menores de 2 anos,2005-05-01,7,7,7,14
CHARAGUA,nutricion y desarrollo infantil,controles nuevos en ninos menores de 2 anos,2005-05-01,16,16,26,42
CHARAÑA,nutricion y desarrollo infantil,controles nuevos en ninos menores de 2 anos,2005-05-01,0,0,2,2
CHAYANTA,nutricion y desarrollo infantil,controles nuevos en ninos menores de 2 anos,2005-05-01,13,13,10,23
CHIMORE,nutricion y desarrollo infantil,controles nuevos en ninos menores de 2 anos,2005-05-01,46,46,42,88
CHIPAYA,nutricion y desarrollo infantil,controles nuevos en ninos menores de 2 anos,2005-05-01,5,5,8,13
CHOQUE COTA,nutricion y desarrollo infantil,controles nuevos en ninos menores de 2 anos,2005-05-01,2,2,2,4
CHULUMANI (V. DE LA LIBERTAD),nutricion y desarrollo infantil,controles nuevos en ninos menores de 2 anos,2005-05-01,76,76,64,140
CHUMA,nutricion y desarrollo infantil,controles nuevos en ninos menores de 2 anos,2005-05-01,12,12,12,24
CLIZA,nutricion y desarrollo infantil,controles nuevos en ninos menores de 2 anos,2005-05-01,114,114,103,217
COBIJA,nutricion y desarrollo infantil,controles nuevos en ninos menores de 2 anos,2005-05-01,131,131,120,251
COCHABAMBA,nutricion y desarrollo infantil,controles nuevos en ninos menores de 2 anos,2005-05-01,1623,1623,1398,3021
COLCAPIRHUA,nutricion y desarrollo infantil,controles nuevos en ninos menores de 2 anos,2005-05-01,320,320,297,617
"COLCHA ""K""",nutricion y desarrollo infantil,controles nuevos en ninos menores de 2 anos,2005-05-01,6,6,11,17
COLLANA,nutricion y desarrollo infantil,controles nuevos en ninos menores de 2 anos,2005-05-01,7,7,6,13
COLOMI,nutricion y desarrollo infantil,controles nuevos en ninos menores de 2 anos,2005-05-01,104,104,99,203
COLPA BELGICA,nutricion y desarrollo infantil,controles nuevos en ninos menores de 2 anos,2005-05-01,12,12,9,21
COLQUECHACA,nutricion y desarrollo infantil,controles nuevos en ninos menores de 2 anos,2005-05-01,40,40,39,79
COLQUENCHA,nutricion y desarrollo infantil,controles nuevos en ninos menores de 2 anos,2005-05-01,10,10,2,12
COLQUIRI,nutricion y desarrollo infantil,controles nuevos en ninos menores de 2 anos,2005-05-01,81,81,54,135
COMANCHE,nutricion y desarrollo infantil,controles nuevos en ninos menores de 2 anos,2005-05-01,5,5,1,6
COMARAPA,nutricion y desarrollo infantil,controles nuevos en ninos menores de 2 anos,2005-05-01,35,35,23,58
COMBAYA,nutricion y desarrollo infantil,controles nuevos en ninos menores de 2 anos,2005-05-01,2,2,1,3
CONCEPCION,nutricion y desarrollo infantil,controles nuevos en ninos menores de 2 anos,2005-05-01,6,6,7,13
COPACABANA,nutricion y desarrollo infantil,controles nuevos en ninos menores de 2 anos,2005-05-01,6,6,16,22
CORIPATA,nutricion y desarrollo infantil,controles nuevos en ninos menores de 2 anos,2005-05-01,62,62,39,101
CORO CORO,nutricion y desarrollo infantil,controles nuevos en ninos menores de 2 anos,2005-05-01,9,9,8,17
COROICO,nutricion y desarrollo infantil,controles nuevos en ninos menores de 2 anos,2005-05-01,64,64,70,134
CORQUE,nutricion y desarrollo infantil,controles nuevos en ninos menores de 2 anos,2005-05-01,3,3,8,11
COTAGAITA,nutricion y desarrollo infantil,controles nuevos en ninos menores de 2 anos,2005-05-01,45,45,43,88
COTOCA,nutricion y desarrollo infantil,controles nuevos en ninos menores de 2 anos,2005-05-01,40,40,44,84
CUATRO CAÑADAS,nutricion y desarrollo infantil,controles nuevos en ninos menores de 2 anos,2005-05-01,71,71,45,116
CUCHUMUELA (V. G. VILLARROEL),nutricion y desarrollo infantil,controles nuevos en ninos menores de 2 anos,2005-05-01,2,2,2,4
CUEVO,nutricion y desarrollo infantil,controles nuevos en ninos menores de 2 anos,2005-05-01,2,2,4,6
CULPINA,nutricion y desarrollo infantil,controles nuevos en ninos menores de 2 anos,2005-05-01,32,32,31,63
CURAHUARA DE CARANGAS,nutricion y desarrollo infantil,controles nuevos en ninos menores de 2 anos,2005-05-01,6,6,8,14
CURVA,nutricion y desarrollo infantil,controles nuevos en ninos menores de 2 anos,2005-05-01,1,1,1,2
DESAGUADERO,nutricion y desarrollo infantil,controles nuevos en ninos menores de 2 anos,2005-05-01,6,6,3,9
EL ALTO,nutricion y desarrollo infantil,controles nuevos en ninos menores de 2 anos,2005-05-01,2171,2171,2200,4371
EL CHORO,nutricion y desarrollo infantil,controles nuevos en ninos menores de 2 anos,2005-05-01,5,5,1,6
EL PUENTE(STC),nutricion y desarrollo infantil,controles nuevos en ninos menores de 2 anos,2005-05-01,12,12,15,27
EL PUENTE(TJA),nutricion y desarrollo infantil,controles nuevos en ninos menores de 2 anos,2005-05-01,7,7,8,15
EL TORNO,nutricion y desarrollo infantil,controles nuevos en ninos menores de 2 anos,2005-05-01,45,45,58,103
EL VILLAR,nutricion y desarrollo infantil,controles nuevos en ninos menores de 2 anos,2005-05-01,1,1,4,5
ENTRE RIOS,nutricion y desarrollo infantil,controles nuevos en ninos menores de 2 anos,2005-05-01,86,86,79,165
ENTRE RIOS,nutricion y desarrollo infantil,controles nuevos en ninos menores de 2 anos,2005-05-01,32,32,23,55
EUCALIPTUS,nutricion y desarrollo infantil,controles nuevos en ninos menores de 2 anos,2005-05-01,6,6,8,14
EUREKA (SANTOS MERCADO),nutricion y desarrollo infantil,controles nuevos en ninos menores de 2 anos,2005-05-01,1,1,2,3
EXALTACION,nutricion y desarrollo infantil,controles nuevos en ninos menores de 2 anos,2005-05-01,4,4,2,6
FERNANDEZ ALONSO,nutricion y desarrollo infantil,controles nuevos en ninos menores de 2 anos,2005-05-01,22,22,21,43
FILADELFIA,nutricion y desarrollo infantil,controles nuevos en ninos menores de 2 anos,2005-05-01,28,28,24,52
GENERAL SAAVEDRA,nutricion y desarrollo infantil,controles nuevos en ninos menores de 2 anos,2005-05-01,36,36,35,71
GRAL. J.J. PEREZ (CHARAZANI),nutricion y desarrollo infantil,controles nuevos en ninos menores de 2 anos,2005-05-01,26,26,39,65
GUANAY,nutricion y desarrollo infantil,controles nuevos en ninos menores de 2 anos,2005-05-01,8,8,22,30
GUAQUI,nutricion y desarrollo infantil,controles nuevos en ninos menores de 2 anos,2005-05-01,4,4,2,6
GUAYARAMERIN,nutricion y desarrollo infantil,controles nuevos en ninos menores de 2 anos,2005-05-01,64,64,63,127
GUTIERREZ,nutricion y desarrollo infantil,controles nuevos en ninos menores de 2 anos,2005-05-01,14,14,12,26
HUACARETA,nutricion y desarrollo infantil,controles nuevos en ninos menores de 2 anos,2005-05-01,15,15,11,26
HUACAYA (VILLA DE HUACAYA),nutricion y desarrollo infantil,controles nuevos en ninos menores de 2 anos,2005-05-01,1,1,1,2
HUACHACALLA,nutricion y desarrollo infantil,controles nuevos en ninos menores de 2 anos,2005-05-01,6,6,3,9
HUANUNI,nutricion y desarrollo infantil,controles nuevos en ninos menores de 2 anos,2005-05-01,32,32,25,57
HUARACAJE,nutricion y desarrollo infantil,controles nuevos en ninos menores de 2 anos,2005-05-01,4,4,4,8
HUAYLLAMARCA,nutricion y desarrollo infantil,controles nuevos en ninos menores de 2 anos,2005-05-01,10,10,13,23
ICHOCA,nutricion y desarrollo infantil,controles nuevos en ninos menores de 2 anos,2005-05-01,7,7,4,11
ICLA,nutricion y desarrollo infantil,controles nuevos en ninos menores de 2 anos,2005-05-01,8,8,5,13
INCAHUASI,nutricion y desarrollo infantil,controles nuevos en ninos menores de 2 anos,2005-05-01,60,60,70,130
INGAVI (HUMAITA),nutricion y desarrollo infantil,controles nuevos en ninos menores de 2 anos,2005-05-01,1,1,0,1
INQUISIVI,nutricion y desarrollo infantil,controles nuevos en ninos menores de 2 anos,2005-05-01,20,20,20,40
IRUPANA (VILLA DE LANZA),nutricion y desarrollo infantil,controles nuevos en ninos menores de 2 anos,2005-05-01,8,8,9,17
IXIAMAS,nutricion y desarrollo infantil,controles nuevos en ninos menores de 2 anos,2005-05-01,25,25,10,35
JESUS DE MACHACA,nutricion y desarrollo infantil,controles nuevos en ninos menores de 2 anos,2005-05-01,7,7,10,17
LA ASUNTA,nutricion y desarrollo infantil,controles nuevos en ninos menores de 2 anos,2005-05-01,41,41,49,90
LA GUARDIA,nutricion y desarrollo infantil,controles nuevos en ninos menores de 2 anos,2005-05-01,102,102,102,204
LA PAZ,nutricion y desarrollo infantil,controles nuevos en ninos menores de 2 anos,2005-05-01,1110,1110,942,2052
LAGUNILLAS,nutricion y desarrollo infantil,controles nuevos en ninos menores de 2 anos,2005-05-01,4,4,6,10
LAJA,nutricion y desarrollo infantil,controles nuevos en ninos menores de 2 anos,2005-05-01,16,16,24,40
LAS CARRERAS,nutricion y desarrollo infantil,controles nuevos en ninos menores de 2 anos,2005-05-01,4,4,3,7
LICOMA PAMPA,nutricion y desarrollo infantil,controles nuevos en ninos menores de 2 anos,2005-05-01,1,1,2,3
LLALLAGUA,nutricion y desarrollo infantil,controles nuevos en ninos menores de 2 anos,2005-05-01,68,68,74,142
LLICA,nutricion y desarrollo infantil,controles nuevos en ninos menores de 2 anos,2005-05-01,5,5,3,8
LORETO,nutricion y desarrollo infantil,controles nuevos en ninos menores de 2 anos,2005-05-01,11,11,7,18
LURIBAY,nutricion y desarrollo infantil,controles nuevos en ninos menores de 2 anos,2005-05-01,4,4,9,13
MACHACAMARCA,nutricion y desarrollo infantil,controles nuevos en ninos menores de 2 anos,2005-05-01,0,0,1,1
MACHARETI,nutricion y desarrollo infantil,controles nuevos en ninos menores de 2 anos,2005-05-01,6,6,9,15
MAGDALENA,nutricion y desarrollo infantil,controles nuevos en ninos menores de 2 anos,2005-05-01,14,14,15,29
MAIRANA,nutricion y desarrollo infantil,controles nuevos en ninos menores de 2 anos,2005-05-01,9,9,14,23
MALLA,nutricion y desarrollo infantil,controles nuevos en ninos menores de 2 anos,2005-05-01,5,5,3,8
MAPIRI,nutricion y desarrollo infantil,controles nuevos en ninos menores de 2 anos,2005-05-01,11,11,9,20
MECAPACA,nutricion y desarrollo infantil,controles nuevos en ninos menores de 2 anos,2005-05-01,15,15,15,30
MINEROS,nutricion y desarrollo infantil,controles nuevos en ninos menores de 2 anos,2005-05-01,23,23,24,47
MIZQUE,nutricion y desarrollo infantil,controles nuevos en ninos menores de 2 anos,2005-05-01,23,23,25,48
MOCOMOCO,nutricion y desarrollo infantil,controles nuevos en ninos menores de 2 anos,2005-05-01,25,25,21,46
MOJINETE,nutricion y desarrollo infantil,controles nuevos en ninos menores de 2 anos,2005-05-01,1,1,0,1
MOJOCOYA,nutricion y desarrollo infantil,controles nuevos en ninos menores de 2 anos,2005-05-01,7,7,8,15
MONTEAGUDO,nutricion y desarrollo infantil,controles nuevos en ninos menores de 2 anos,2005-05-01,69,69,58,127
MONTERO,nutricion y desarrollo infantil,controles nuevos en ninos menores de 2 anos,2005-05-01,133,133,104,237
MORO MORO,nutricion y desarrollo infantil,controles nuevos en ninos menores de 2 anos,2005-05-01,1,1,2,3
MOROCHATA,nutricion y desarrollo infantil,controles nuevos en ninos menores de 2 anos,2005-05-01,140,140,151,291
NACEBE (SANTA ROSA DEL ABUNA),nutricion y desarrollo infantil,controles nuevos en ninos menores de 2 anos,2005-05-01,1,1,3,4
NUEVO MANOA (NUEVA ESPERANZA),nutricion y desarrollo infantil,controles nuevos en ninos menores de 2 anos,2005-05-01,1,1,0,1
OCURI,nutricion y desarrollo infantil,controles nuevos en ninos menores de 2 anos,2005-05-01,22,22,24,46
OKINAWA,nutricion y desarrollo infantil,controles nuevos en ninos menores de 2 anos,2005-05-01,12,12,10,22
OMEREQUE,nutricion y desarrollo infantil,controles nuevos en ninos menores de 2 anos,2005-05-01,4,4,6,10
ORURO,nutricion y desarrollo infantil,controles nuevos en ninos menores de 2 anos,2005-05-01,479,479,538,1017
PADCAYA,nutricion y desarrollo infantil,controles nuevos en ninos menores de 2 anos,2005-05-01,19,19,25,44
PADILLA,nutricion y desarrollo infantil,controles nuevos en ninos menores de 2 anos,2005-05-01,14,14,18,32
PAILON,nutricion y desarrollo infantil,controles nuevos en ninos menores de 2 anos,2005-05-01,18,18,21,39
PALCA,nutricion y desarrollo infantil,controles nuevos en ninos menores de 2 anos,2005-05-01,37,37,31,68
PALOS BLANCOS,nutricion y desarrollo infantil,controles nuevos en ninos menores de 2 anos,2005-05-01,54,54,48,102
PAMPA AULLAGAS,nutricion y desarrollo infantil,controles nuevos en ninos menores de 2 anos,2005-05-01,0,0,4,4
PAMPA GRANDE,nutricion y desarrollo infantil,controles nuevos en ninos menores de 2 anos,2005-05-01,8,8,9,17
PAPEL PAMPA,nutricion y desarrollo infantil,controles nuevos en ninos menores de 2 anos,2005-05-01,6,6,5,11
PASORAPA,nutricion y desarrollo infantil,controles nuevos en ninos menores de 2 anos,2005-05-01,0,0,2,2
PATACAMAYA,nutricion y desarrollo infantil,controles nuevos en ninos menores de 2 anos,2005-05-01,20,20,23,43
PAZÑA,nutricion y desarrollo infantil,controles nuevos en ninos menores de 2 anos,2005-05-01,2,2,2,4
PELECHUCO,nutricion y desarrollo infantil,controles nuevos en ninos menores de 2 anos,2005-05-01,8,8,13,21
POCOATA,nutricion y desarrollo infantil,controles nuevos en ninos menores de 2 anos,2005-05-01,33,33,38,71
POCONA,nutricion y desarrollo infantil,controles nuevos en ninos menores de 2 anos,2005-05-01,43,43,30,73
POJO (CBBA),nutricion y desarrollo infantil,controles nuevos en ninos menores de 2 anos,2005-05-01,13,13,15,28
POOPO,nutricion y desarrollo infantil,controles nuevos en ninos menores de 2 anos,2005-05-01,0,0,5,5
PORCO,nutricion y desarrollo infantil,controles nuevos en ninos menores de 2 anos,2005-05-01,4,4,9,13
POROMA,nutricion y desarrollo infantil,controles nuevos en ninos menores de 2 anos,2005-05-01,29,29,37,66
PORONGO,nutricion y desarrollo infantil,controles nuevos en ninos menores de 2 anos,2005-05-01,5,5,6,11
PORTACHUELO,nutricion y desarrollo infantil,controles nuevos en ninos menores de 2 anos,2005-05-01,24,24,20,44
PORVENIR,nutricion y desarrollo infantil,controles nuevos en ninos menores de 2 anos,2005-05-01,6,6,4,10
POSTRER VALLE,nutricion y desarrollo infantil,controles nuevos en ninos menores de 2 anos,2005-05-01,5,5,4,9
POTOSI,nutricion y desarrollo infantil,controles nuevos en ninos menores de 2 anos,2005-05-01,208,208,192,400
PRESTO,nutricion y desarrollo infantil,controles nuevos en ninos menores de 2 anos,2005-05-01,8,8,7,15
PUCARA,nutricion y desarrollo infantil,controles nuevos en ninos menores de 2 anos,2005-05-01,3,3,1,4
PUCARANI,nutricion y desarrollo infantil,controles nuevos en ninos menores de 2 anos,2005-05-01,24,24,25,49
PUERTO ACOSTA,nutricion y desarrollo infantil,controles nuevos en ninos menores de 2 anos,2005-05-01,16,16,24,40
PUERTO CARABUCO,nutricion y desarrollo infantil,controles nuevos en ninos menores de 2 anos,2005-05-01,10,10,14,24
PUERTO GONZALO MORENO,nutricion y desarrollo infantil,controles nuevos en ninos menores de 2 anos,2005-05-01,6,6,3,9
PUERTO PEREZ,nutricion y desarrollo infantil,controles nuevos en ninos menores de 2 anos,2005-05-01,17,17,16,33
PUERTO QUIJARRO,nutricion y desarrollo infantil,controles nuevos en ninos menores de 2 anos,2005-05-01,34,34,44,78
PUERTO RICO,nutricion y desarrollo infantil,controles nuevos en ninos menores de 2 anos,2005-05-01,11,11,2,13
PUERTO SILES,nutricion y desarrollo infantil,controles nuevos en ninos menores de 2 anos,2005-05-01,2,2,3,5
PUERTO SUAREZ,nutricion y desarrollo infantil,controles nuevos en ninos menores de 2 anos,2005-05-01,28,28,22,50
PUERTO VILLARROEL,nutricion y desarrollo infantil,controles nuevos en ninos menores de 2 anos,2005-05-01,66,66,73,139
PUNA,nutricion y desarrollo infantil,controles nuevos en ninos menores de 2 anos,2005-05-01,43,43,37,80
PUNATA,nutricion y desarrollo infantil,controles nuevos en ninos menores de 2 anos,2005-05-01,43,43,60,103
QUIABAYA,nutricion y desarrollo infantil,controles nuevos en ninos menores de 2 anos,2005-05-01,4,4,1,5
QUILLACOLLO,nutricion y desarrollo infantil,controles nuevos en ninos menores de 2 anos,2005-05-01,662,662,557,1219
QUIME,nutricion y desarrollo infantil,controles nuevos en ninos menores de 2 anos,2005-05-01,7,7,8,15
RAVELO,nutricion y desarrollo infantil,controles nuevos en ninos menores de 2 anos,2005-05-01,33,33,31,64
REYES,nutricion y desarrollo infantil,controles nuevos en ninos menores de 2 anos,2005-05-01,7,7,13,20
RIBERALTA,nutricion y desarrollo infantil,controles nuevos en ninos menores de 2 anos,2005-05-01,149,149,138,287
ROBORE,nutricion y desarrollo infantil,controles nuevos en ninos menores de 2 anos,2005-05-01,21,21,23,44
RURRENABAQUE,nutricion y desarrollo infantil,controles nuevos en ninos menores de 2 anos,2005-05-01,34,34,23,57
SABAYA,nutricion y desarrollo infantil,controles nuevos en ninos menores de 2 anos,2005-05-01,6,6,2,8
SACABA,nutricion y desarrollo infantil,controles nuevos en ninos menores de 2 anos,2005-05-01,323,323,327,650
SACABAMBA,nutricion y desarrollo infantil,controles nuevos en ninos menores de 2 anos,2005-05-01,4,4,7,11
SACACA,nutricion y desarrollo infantil,controles nuevos en ninos menores de 2 anos,2005-05-01,16,16,25,41
SAIPINA,nutricion y desarrollo infantil,controles nuevos en ninos menores de 2 anos,2005-05-01,9,9,14,23
SALINAS DE GARCI MENDOZA,nutricion y desarrollo infantil,controles nuevos en ninos menores de 2 anos,2005-05-01,10,10,4,14
SAMAIPATA,nutricion y desarrollo infantil,controles nuevos en ninos menores de 2 anos,2005-05-01,8,8,5,13
SAN ANDRES,nutricion y desarrollo infantil,controles nuevos en ninos menores de 2 anos,2005-05-01,39,39,45,84
SAN ANDRES DE MACHACA,nutricion y desarrollo infantil,controles nuevos en ninos menores de 2 anos,2005-05-01,4,4,2,6
SAN ANTONIO DE LOMERIO,nutricion y desarrollo infantil,controles nuevos en ninos menores de 2 anos,2005-05-01,6,6,6,12
SAN BENITO,nutricion y desarrollo infantil,controles nuevos en ninos menores de 2 anos,2005-05-01,18,18,27,45
SAN BORJA,nutricion y desarrollo infantil,controles nuevos en ninos menores de 2 anos,2005-05-01,82,82,66,148
SAN BUENA VENTURA,nutricion y desarrollo infantil,controles nuevos en ninos menores de 2 anos,2005-05-01,8,8,8,16
SAN CARLOS,nutricion y desarrollo infantil,controles nuevos en ninos menores de 2 anos,2005-05-01,17,17,14,31
SAN IGNACIO,nutricion y desarrollo infantil,controles nuevos en ninos menores de 2 anos,2005-05-01,45,45,51,96
SAN IGNACIO DE VELASCO,nutricion y desarrollo infantil,controles nuevos en ninos menores de 2 anos,2005-05-01,77,77,73,150
SAN JAVIER(BNI),nutricion y desarrollo infantil,controles nuevos en ninos menores de 2 anos,2005-05-01,6,6,5,11
SAN JAVIER(STC),nutricion y desarrollo infantil,controles nuevos en ninos menores de 2 anos,2005-05-01,15,15,11,26
SAN JOAQUIN,nutricion y desarrollo infantil,controles nuevos en ninos menores de 2 anos,2005-05-01,5,5,7,12
SAN JOSE DE CHIQUITOS,nutricion y desarrollo infantil,controles nuevos en ninos menores de 2 anos,2005-05-01,24,24,25,49
SAN JUAN DE YAPACANI,nutricion y desarrollo infantil,controles nuevos en ninos menores de 2 anos,2005-05-01,9,9,8,17
SAN JULIAN,nutricion y desarrollo infantil,controles nuevos en ninos menores de 2 anos,2005-05-01,63,63,48,111
SAN LORENZO(PND),nutricion y desarrollo infantil,controles nuevos en ninos menores de 2 anos,2005-05-01,5,5,2,7
SAN LORENZO(TJA),nutricion y desarrollo infantil,controles nuevos en ninos menores de 2 anos,2005-05-01,23,23,32,55
SAN LUCAS,nutricion y desarrollo infantil,controles nuevos en ninos menores de 2 anos,2005-05-01,48,48,54,102
SAN MATIAS,nutricion y desarrollo infantil,controles nuevos en ninos menores de 2 anos,2005-05-01,44,44,36,80
SAN MIGUEL DE VELASCO,nutricion y desarrollo infantil,controles nuevos en ninos menores de 2 anos,2005-05-01,10,10,8,18
SAN PABLO DE LIPEZ,nutricion y desarrollo infantil,controles nuevos en ninos menores de 2 anos,2005-05-01,3,3,4,7
SAN PEDRO,nutricion y desarrollo infantil,controles nuevos en ninos menores de 2 anos,2005-05-01,3,3,14,17
SAN PEDRO DE BUENA VISTA,nutricion y desarrollo infantil,controles nuevos en ninos menores de 2 anos,2005-05-01,34,34,37,71
SAN PEDRO DE CURAHUARA,nutricion y desarrollo infantil,controles nuevos en ninos menores de 2 anos,2005-05-01,11,11,8,19
SAN PEDRO DE QUEMES,nutricion y desarrollo infantil,controles nuevos en ninos menores de 2 anos,2005-05-01,0,0,2,2
SAN PEDRO DE TIQUINA,nutricion y desarrollo infantil,controles nuevos en ninos menores de 2 anos,2005-05-01,3,3,6,9
SAN RAFAEL,nutricion y desarrollo infantil,controles nuevos en ninos menores de 2 anos,2005-05-01,4,4,4,8
SAN RAMON,nutricion y desarrollo infantil,controles nuevos en ninos menores de 2 anos,2005-05-01,7,7,4,11
SAN RAMON,nutricion y desarrollo infantil,controles nuevos en ninos menores de 2 anos,2005-05-01,4,4,6,10
SANTA ANA,nutricion y desarrollo infantil,controles nuevos en ninos menores de 2 anos,2005-05-01,45,45,37,82
SANTA CRUZ DE LA SIERRA,nutricion y desarrollo infantil,controles nuevos en ninos menores de 2 anos,2005-05-01,1975,1975,1847,3822
SANTA ROSA,nutricion y desarrollo infantil,controles nuevos en ninos menores de 2 anos,2005-05-01,40,40,52,92
SANTA ROSA DEL SARA,nutricion y desarrollo infantil,controles nuevos en ninos menores de 2 anos,2005-05-01,35,35,40,75
SANTIAGO DE CALLAPA,nutricion y desarrollo infantil,controles nuevos en ninos menores de 2 anos,2005-05-01,2,2,5,7
SANTIAGO DE HUARI,nutricion y desarrollo infantil,controles nuevos en ninos menores de 2 anos,2005-05-01,8,8,5,13
SANTIAGO DE MACHACA,nutricion y desarrollo infantil,controles nuevos en ninos menores de 2 anos,2005-05-01,5,5,3,8
SANTIVAÑES,nutricion y desarrollo infantil,controles nuevos en ninos menores de 2 anos,2005-05-01,2,2,3,5
SANTUARIO DE QUILLACAS,nutricion y desarrollo infantil,controles nuevos en ninos menores de 2 anos,2005-05-01,6,6,5,11
SAPAHAQUI,nutricion y desarrollo infantil,controles nuevos en ninos menores de 2 anos,2005-05-01,8,8,4,12
SENA,nutricion y desarrollo infantil,controles nuevos en ninos menores de 2 anos,2005-05-01,3,3,3,6
SICA SICA (VILLA AROMA),nutricion y desarrollo infantil,controles nuevos en ninos menores de 2 anos,2005-05-01,38,38,29,67
SICAYA,nutricion y desarrollo infantil,controles nuevos en ninos menores de 2 anos,2005-05-01,8,8,1,9
SIPE SIPE,nutricion y desarrollo infantil,controles nuevos en ninos menores de 2 anos,2005-05-01,224,224,175,399
SOPACHUY,nutricion y desarrollo infantil,controles nuevos en ninos menores de 2 anos,2005-05-01,5,5,5,10
SORACACHI,nutricion y desarrollo infantil,controles nuevos en ninos menores de 2 anos,2005-05-01,11,11,6,17
SORATA,nutricion y desarrollo infantil,controles nuevos en ninos menores de 2 anos,2005-05-01,27,27,30,57
SUCRE,nutricion y desarrollo infantil,controles nuevos en ninos menores de 2 anos,2005-05-01,581,581,586,1167
TACACHI,nutricion y desarrollo infantil,controles nuevos en ninos menores de 2 anos,2005-05-01,3,3,4,7
TACACOMA,nutricion y desarrollo infantil,controles nuevos en ninos menores de 2 anos,2005-05-01,11,11,11,22
TACOBAMBA,nutricion y desarrollo infantil,controles nuevos en ninos menores de 2 anos,2005-05-01,7,7,19,26
TACOPAYA,nutricion y desarrollo infantil,controles nuevos en ninos menores de 2 anos,2005-05-01,13,13,5,18
TAHUA,nutricion y desarrollo infantil,controles nuevos en ninos menores de 2 anos,2005-05-01,2,2,1,3
TAPACARI,nutricion y desarrollo infantil,controles nuevos en ninos menores de 2 anos,2005-05-01,50,50,61,111
TARABUCO,nutricion y desarrollo infantil,controles nuevos en ninos menores de 2 anos,2005-05-01,37,37,34,71
TARACO,nutricion y desarrollo infantil,controles nuevos en ninos menores de 2 anos,2005-05-01,10,10,10,20
TARATA,nutricion y desarrollo infantil,controles nuevos en ninos menores de 2 anos,2005-05-01,9,9,18,27
TARIJA,nutricion y desarrollo infantil,controles nuevos en ninos menores de 2 anos,2005-05-01,608,608,550,1158
TARVITA,nutricion y desarrollo infantil,controles nuevos en ninos menores de 2 anos,2005-05-01,31,31,25,56
TEOPONTE,nutricion y desarrollo infantil,controles nuevos en ninos menores de 2 anos,2005-05-01,12,12,11,23
TIAWANACU,nutricion y desarrollo infantil,controles nuevos en ninos menores de 2 anos,2005-05-01,18,18,18,36
TINGUIPAYA,nutricion y desarrollo infantil,controles nuevos en ninos menores de 2 anos,2005-05-01,38,38,31,69
TIPUANI,nutricion y desarrollo infantil,controles nuevos en ninos menores de 2 anos,2005-05-01,10,10,10,20
TIQUIPAYA,nutricion y desarrollo infantil,controles nuevos en ninos menores de 2 anos,2005-05-01,223,223,164,387
TIRAQUE (CBBA),nutricion y desarrollo infantil,controles nuevos en ninos menores de 2 anos,2005-05-01,267,267,259,526
TITO YUPANQUI (PARQUIPUJIO),nutricion y desarrollo infantil,controles nuevos en ninos menores de 2 anos,2005-05-01,3,3,1,4
TOCO,nutricion y desarrollo infantil,controles nuevos en ninos menores de 2 anos,2005-05-01,22,22,2,24
TOLATA,nutricion y desarrollo infantil,controles nuevos en ninos menores de 2 anos,2005-05-01,2,2,4,6
TOLEDO,nutricion y desarrollo infantil,controles nuevos en ninos menores de 2 anos,2005-05-01,12,12,11,23
TOMAVE,nutricion y desarrollo infantil,controles nuevos en ninos menores de 2 anos,2005-05-01,10,10,5,15
TOMINA,nutricion y desarrollo infantil,controles nuevos en ninos menores de 2 anos,2005-05-01,8,8,9,17
TORO TORO,nutricion y desarrollo infantil,controles nuevos en ninos menores de 2 anos,2005-05-01,13,13,11,24
TOTORA(CBBA),nutricion y desarrollo infantil,controles nuevos en ninos menores de 2 anos,2005-05-01,20,20,15,35
TOTORA(ORR),nutricion y desarrollo infantil,controles nuevos en ninos menores de 2 anos,2005-05-01,5,5,11,16
TRIGAL,nutricion y desarrollo infantil,controles nuevos en ninos menores de 2 anos,2005-05-01,2,2,0,2
TRINIDAD,nutricion y desarrollo infantil,controles nuevos en ninos menores de 2 anos,2005-05-01,401,401,376,777
TUPIZA,nutricion y desarrollo infantil,controles nuevos en ninos menores de 2 anos,2005-05-01,41,41,29,70
TURCO,nutricion y desarrollo infantil,controles nuevos en ninos menores de 2 anos,2005-05-01,4,4,5,9
UMALA,nutricion y desarrollo infantil,controles nuevos en ninos menores de 2 anos,2005-05-01,3,3,6,9
UNCIA,nutricion y desarrollo infantil,controles nuevos en ninos menores de 2 anos,2005-05-01,87,87,94,181
URIONDO (A. CONCEPCION),nutricion y desarrollo infantil,controles nuevos en ninos menores de 2 anos,2005-05-01,9,9,27,36
URUBICHA,nutricion y desarrollo infantil,controles nuevos en ninos menores de 2 anos,2005-05-01,1,1,3,4
UYUNI,nutricion y desarrollo infantil,controles nuevos en ninos menores de 2 anos,2005-05-01,20,20,12,32
VACAS,nutricion y desarrollo infantil,controles nuevos en ninos menores de 2 anos,2005-05-01,12,12,10,22
VALLEGRANDE,nutricion y desarrollo infantil,controles nuevos en ninos menores de 2 anos,2005-05-01,33,33,35,68
VIACHA,nutricion y desarrollo infantil,controles nuevos en ninos menores de 2 anos,2005-05-01,75,75,72,147
VILA VILA,nutricion y desarrollo infantil,controles nuevos en ninos menores de 2 anos,2005-05-01,3,3,6,9
VILLA MONTES,nutricion y desarrollo infantil,controles nuevos en ninos menores de 2 anos,2005-05-01,48,48,44,92
VILLA NUEVA (LOMA ALTA),nutricion y desarrollo infantil,controles nuevos en ninos menores de 2 anos,2005-05-01,1,1,2,3
VILLA RIVERO,nutricion y desarrollo infantil,controles nuevos en ninos menores de 2 anos,2005-05-01,4,4,8,12
VILLA SERRANO,nutricion y desarrollo infantil,controles nuevos en ninos menores de 2 anos,2005-05-01,4,4,10,14
VILLA TUNARI,nutricion y desarrollo infantil,controles nuevos en ninos menores de 2 anos,2005-05-01,293,293,283,576
VILLA VACA GUZMAN (MUYUPAMPA),nutricion y desarrollo infantil,controles nuevos en ninos menores de 2 anos,2005-05-01,24,24,22,46
VILLAZON,nutricion y desarrollo infantil,controles nuevos en ninos menores de 2 anos,2005-05-01,41,41,34,75
VINTO,nutricion y desarrollo infantil,controles nuevos en ninos menores de 2 anos,2005-05-01,165,165,166,331
VITICHI,nutricion y desarrollo infantil,controles nuevos en ninos menores de 2 anos,2005-05-01,8,8,9,17
WALDO BALLIVIAN,nutricion y desarrollo infantil,controles nuevos en ninos menores de 2 anos,2005-05-01,3,3,0,3
WARNES,nutricion y desarrollo infantil,controles nuevos en ninos menores de 2 anos,2005-05-01,109,109,103,212
YACO,nutricion y desarrollo infantil,controles nuevos en ninos menores de 2 anos,2005-05-01,13,13,13,26
YACUIBA,nutricion y desarrollo infantil,controles nuevos en ninos menores de 2 anos,2005-05-01,97,97,102,199
YAMPARAEZ,nutricion y desarrollo infantil,controles nuevos en ninos menores de 2 anos,2005-05-01,12,12,9,21
YANACACHI,nutricion y desarrollo infantil,controles nuevos en ninos menores de 2 anos,2005-05-01,15,15,11,26
YAPACANI,nutricion y desarrollo infantil,controles nuevos en ninos menores de 2 anos,2005-05-01,57,57,50,107
YOCALLA,nutricion y desarrollo infantil,controles nuevos en ninos menores de 2 anos,2005-05-01,7,7,4,11
YOTALA,nutricion y desarrollo infantil,controles nuevos en ninos menores de 2 anos,2005-05-01,8,8,0,8
YUNCHARA,nutricion y desarrollo infantil,controles nuevos en ninos menores de 2 anos,2005-05-01,10,10,20,30
ZUDAÑEZ,nutricion y desarrollo infantil,controles nuevos en ninos menores de 2 anos,2005-05-01,8,8,9,17
ACACIO,nutricion y desarrollo infantil,controles nuevos en ninos menores de 2 anos,2005-06-01,7,7,6,13
ACHACACHI,nutricion y desarrollo infantil,controles nuevos en ninos menores de 2 anos,2005-06-01,51,51,70,121
ACHOCALLA,nutricion y desarrollo infantil,controles nuevos en ninos menores de 2 anos,2005-06-01,14,14,6,20
AIQUILE,nutricion y desarrollo infantil,controles nuevos en ninos menores de 2 anos,2005-06-01,72,72,68,140
ALALAY,nutricion y desarrollo infantil,controles nuevos en ninos menores de 2 anos,2005-06-01,2,2,1,3
ALCALA,nutricion y desarrollo infantil,controles nuevos en ninos menores de 2 anos,2005-06-01,4,4,3,7
ANCORAIMES,nutricion y desarrollo infantil,controles nuevos en ninos menores de 2 anos,2005-06-01,10,10,9,19
ANDAMARCA,nutricion y desarrollo infantil,controles nuevos en ninos menores de 2 anos,2005-06-01,3,3,4,7
ANTEQUERA,nutricion y desarrollo infantil,controles nuevos en ninos menores de 2 anos,2005-06-01,3,3,8,11
ANZALDO,nutricion y desarrollo infantil,controles nuevos en ninos menores de 2 anos,2005-06-01,2,2,3,5
APOLO,nutricion y desarrollo infantil,controles nuevos en ninos menores de 2 anos,2005-06-01,21,21,16,37
ARAMPAMPA,nutricion y desarrollo infantil,controles nuevos en ninos menores de 2 anos,2005-06-01,3,3,2,5
ARANI,nutricion y desarrollo infantil,controles nuevos en ninos menores de 2 anos,2005-06-01,8,8,5,13
ARBIETO,nutricion y desarrollo infantil,controles nuevos en ninos menores de 2 anos,2005-06-01,11,11,7,18
ARQUE,nutricion y desarrollo infantil,controles nuevos en ninos menores de 2 anos,2005-06-01,10,10,9,19
ASCENCION DE GUARAYOS,nutricion y desarrollo infantil,controles nuevos en ninos menores de 2 anos,2005-06-01,34,34,39,73
ATOCHA,nutricion y desarrollo infantil,controles nuevos en ninos menores de 2 anos,2005-06-01,9,9,8,17
AUCAPATA,nutricion y desarrollo infantil,controles nuevos en ninos menores de 2 anos,2005-06-01,11,11,7,18
AYATA,nutricion y desarrollo infantil,controles nuevos en ninos menores de 2 anos,2005-06-01,3,3,11,14
AYO AYO,nutricion y desarrollo infantil,controles nuevos en ninos menores de 2 anos,2005-06-01,7,7,7,14
AYOPAYA (V. DE INDEPENDENCIA),nutricion y desarrollo infantil,controles nuevos en ninos menores de 2 anos,2005-06-01,23,23,43,66
AZURDUY,nutricion y desarrollo infantil,controles nuevos en ninos menores de 2 anos,2005-06-01,13,13,7,20
BATALLAS,nutricion y desarrollo infantil,controles nuevos en ninos menores de 2 anos,2005-06-01,14,14,17,31
BAURES,nutricion y desarrollo infantil,controles nuevos en ninos menores de 2 anos,2005-06-01,3,3,5,8
BELEN DE ANDAMARCA,nutricion y desarrollo infantil,controles nuevos en ninos menores de 2 anos,2005-06-01,1,1,0,1
BELEN DE URMIRI,nutricion y desarrollo infantil,controles nuevos en ninos menores de 2 anos,2005-06-01,1,1,0,1
BELLA FLOR,nutricion y desarrollo infantil,controles nuevos en ninos menores de 2 anos,2005-06-01,2,2,3,5
BERMEJO,nutricion y desarrollo infantil,controles nuevos en ninos menores de 2 anos,2005-06-01,86,86,52,138
BETANZOS,nutricion y desarrollo infantil,controles nuevos en ninos menores de 2 anos,2005-06-01,53,53,47,100
BOLIVAR,nutricion y desarrollo infantil,controles nuevos en ninos menores de 2 anos,2005-06-01,7,7,9,16
BOLPEBRA,nutricion y desarrollo infantil,controles nuevos en ninos menores de 2 anos,2005-06-01,1,1,2,3
BOYUIBE,nutricion y desarrollo infantil,controles nuevos en ninos menores de 2 anos,2005-06-01,11,11,3,14
BUENA VISTA,nutricion y desarrollo infantil,controles nuevos en ninos menores de 2 anos,2005-06-01,7,7,11,18
CABEZAS,nutricion y desarrollo infantil,controles nuevos en ninos menores de 2 anos,2005-06-01,22,22,19,41
CAIROMA,nutricion y desarrollo infantil,controles nuevos en ninos menores de 2 anos,2005-06-01,11,11,10,21
"CAIZA ""D""",nutricion y desarrollo infantil,controles nuevos en ninos menores de 2 anos,2005-06-01,10,10,11,21
CAJUATA,nutricion y desarrollo infantil,controles nuevos en ninos menores de 2 anos,2005-06-01,10,10,11,21
CALACOTO,nutricion y desarrollo infantil,controles nuevos en ninos menores de 2 anos,2005-06-01,4,4,2,6
CALAMARCA,nutricion y desarrollo infantil,controles nuevos en ninos menores de 2 anos,2005-06-01,12,12,12,24
CAMARGO,nutricion y desarrollo infantil,controles nuevos en ninos menores de 2 anos,2005-06-01,12,12,16,28
CAMATAQUI (C. VILLA ABECIA),nutricion y desarrollo infantil,controles nuevos en ninos menores de 2 anos,2005-06-01,5,5,2,7
CAMIRI,nutricion y desarrollo infantil,controles nuevos en ninos menores de 2 anos,2005-06-01,82,82,97,179
CAPINOTA,nutricion y desarrollo infantil,controles nuevos en ninos menores de 2 anos,2005-06-01,12,12,9,21
CAQUIAVIRI,nutricion y desarrollo infantil,controles nuevos en ninos menores de 2 anos,2005-06-01,5,5,4,9
CARACOLLO,nutricion y desarrollo infantil,controles nuevos en ninos menores de 2 anos,2005-06-01,15,15,9,24
CARANAVI,nutricion y desarrollo infantil,controles nuevos en ninos menores de 2 anos,2005-06-01,92,92,71,163
CARAPARI,nutricion y desarrollo infantil,controles nuevos en ninos menores de 2 anos,2005-06-01,7,7,4,11
CARIPUYO,nutricion y desarrollo infantil,controles nuevos en ninos menores de 2 anos,2005-06-01,6,6,3,9
CARMEN RIVERO TORREZ,nutricion y desarrollo infantil,controles nuevos en ninos menores de 2 anos,2005-06-01,13,13,11,24
CATACORA,nutricion y desarrollo infantil,controles nuevos en ninos menores de 2 anos,2005-06-01,1,1,1,2
CHACARILLA,nutricion y desarrollo infantil,controles nuevos en ninos menores de 2 anos,2005-06-01,2,2,3,5
CHALLAPATA,nutricion y desarrollo infantil,controles nuevos en ninos menores de 2 anos,2005-06-01,33,33,22,55
CHAQUI,nutricion y desarrollo infantil,controles nuevos en ninos menores de 2 anos,2005-06-01,14,14,11,25
CHARAGUA,nutricion y desarrollo infantil,controles nuevos en ninos menores de 2 anos,2005-06-01,37,37,32,69
CHARAÑA,nutricion y desarrollo infantil,controles nuevos en ninos menores de 2 anos,2005-06-01,2,2,1,3
CHAYANTA,nutricion y desarrollo infantil,controles nuevos en ninos menores de 2 anos,2005-06-01,23,23,16,39
CHIMORE,nutricion y desarrollo infantil,controles nuevos en ninos menores de 2 anos,2005-06-01,46,46,48,94
CHIPAYA,nutricion y desarrollo infantil,controles nuevos en ninos menores de 2 anos,2005-06-01,1,1,4,5
CHULUMANI (V. DE LA LIBERTAD),nutricion y desarrollo infantil,controles nuevos en ninos menores de 2 anos,2005-06-01,24,24,34,58
CHUMA,nutricion y desarrollo infantil,controles nuevos en ninos menores de 2 anos,2005-06-01,7,7,21,28
CLIZA,nutricion y desarrollo infantil,controles nuevos en ninos menores de 2 anos,2005-06-01,81,81,79,160
COBIJA,nutricion y desarrollo infantil,controles nuevos en ninos menores de 2 anos,2005-06-01,76,76,60,136
COCHABAMBA,nutricion y desarrollo infantil,controles nuevos en ninos menores de 2 anos,2005-06-01,1323,1323,1259,2582
COIPASA,nutricion y desarrollo infantil,controles nuevos en ninos menores de 2 anos,2005-06-01,2,2,0,2
COLCAPIRHUA,nutricion y desarrollo infantil,controles nuevos en ninos menores de 2 anos,2005-06-01,247,247,257,504
"COLCHA ""K""",nutricion y desarrollo infantil,controles nuevos en ninos menores de 2 anos,2005-06-01,11,11,5,16
COLLANA,nutricion y desarrollo infantil,controles nuevos en ninos menores de 2 anos,2005-06-01,2,2,1,3
COLOMI,nutricion y desarrollo infantil,controles nuevos en ninos menores de 2 anos,2005-06-01,74,74,44,118
COLPA BELGICA,nutricion y desarrollo infantil,controles nuevos en ninos menores de 2 anos,2005-06-01,13,13,12,25
COLQUECHACA,nutricion y desarrollo infantil,controles nuevos en ninos menores de 2 anos,2005-06-01,69,69,68,137
COLQUENCHA,nutricion y desarrollo infantil,controles nuevos en ninos menores de 2 anos,2005-06-01,3,3,5,8
COLQUIRI,nutricion y desarrollo infantil,controles nuevos en ninos menores de 2 anos,2005-06-01,28,28,32,60
COMANCHE,nutricion y desarrollo infantil,controles nuevos en ninos menores de 2 anos,2005-06-01,7,7,6,13
COMARAPA,nutricion y desarrollo infantil,controles nuevos en ninos menores de 2 anos,2005-06-01,25,25,18,43
COMBAYA,nutricion y desarrollo infantil,controles nuevos en ninos menores de 2 anos,2005-06-01,0,0,3,3
CONCEPCION,nutricion y desarrollo infantil,controles nuevos en ninos menores de 2 anos,2005-06-01,18,18,12,30
COPACABANA,nutricion y desarrollo infantil,controles nuevos en ninos menores de 2 anos,2005-06-01,7,7,16,23
CORIPATA,nutricion y desarrollo infantil,controles nuevos en ninos menores de 2 anos,2005-06-01,22,22,16,38
CORO CORO,nutricion y desarrollo infantil,controles nuevos en ninos menores de 2 anos,2005-06-01,5,5,8,13
COROICO,nutricion y desarrollo infantil,controles nuevos en ninos menores de 2 anos,2005-06-01,70,70,50,120
CORQUE,nutricion y desarrollo infantil,controles nuevos en ninos menores de 2 anos,2005-06-01,8,8,12,20
COTAGAITA,nutricion y desarrollo infantil,controles nuevos en ninos menores de 2 anos,2005-06-01,23,23,17,40
COTOCA,nutricion y desarrollo infantil,controles nuevos en ninos menores de 2 anos,2005-06-01,53,53,53,106
CUATRO CAÑADAS,nutricion y desarrollo infantil,controles nuevos en ninos menores de 2 anos,2005-06-01,81,81,47,128
CUEVO,nutricion y desarrollo infantil,controles nuevos en ninos menores de 2 anos,2005-06-01,4,4,1,5
CULPINA,nutricion y desarrollo infantil,controles nuevos en ninos menores de 2 anos,2005-06-01,30,30,17,47
CURAHUARA DE CARANGAS,nutricion y desarrollo infantil,controles nuevos en ninos menores de 2 anos,2005-06-01,4,4,4,8
CURVA,nutricion y desarrollo infantil,controles nuevos en ninos menores de 2 anos,2005-06-01,5,5,6,11
DESAGUADERO,nutricion y desarrollo infantil,controles nuevos en ninos menores de 2 anos,2005-06-01,9,9,4,13
EL ALTO,nutricion y desarrollo infantil,controles nuevos en ninos menores de 2 anos,2005-06-01,2324,2324,2135,4459
EL CHORO,nutricion y desarrollo infantil,controles nuevos en ninos menores de 2 anos,2005-06-01,0,0,1,1
EL PUENTE(STC),nutricion y desarrollo infantil,controles nuevos en ninos menores de 2 anos,2005-06-01,22,22,20,42
EL PUENTE(TJA),nutricion y desarrollo infantil,controles nuevos en ninos menores de 2 anos,2005-06-01,5,5,10,15
EL TORNO,nutricion y desarrollo infantil,controles nuevos en ninos menores de 2 anos,2005-06-01,62,62,57,119
EL VILLAR,nutricion y desarrollo infantil,controles nuevos en ninos menores de 2 anos,2005-06-01,5,5,1,6
ENTRE RIOS,nutricion y desarrollo infantil,controles nuevos en ninos menores de 2 anos,2005-06-01,42,42,21,63
ENTRE RIOS,nutricion y desarrollo infantil,controles nuevos en ninos menores de 2 anos,2005-06-01,83,83,71,154
EUCALIPTUS,nutricion y desarrollo infantil,controles nuevos en ninos menores de 2 anos,2005-06-01,5,5,1,6
EUREKA (SANTOS MERCADO),nutricion y desarrollo infantil,controles nuevos en ninos menores de 2 anos,2005-06-01,0,0,1,1
EXALTACION,nutricion y desarrollo infantil,controles nuevos en ninos menores de 2 anos,2005-06-01,5,5,6,11
FERNANDEZ ALONSO,nutricion y desarrollo infantil,controles nuevos en ninos menores de 2 anos,2005-06-01,26,26,29,55
FILADELFIA,nutricion y desarrollo infantil,controles nuevos en ninos menores de 2 anos,2005-06-01,2,2,6,8
GENERAL SAAVEDRA,nutricion y desarrollo infantil,controles nuevos en ninos menores de 2 anos,2005-06-01,42,42,51,93
GRAL. J.J. PEREZ (CHARAZANI),nutricion y desarrollo infantil,controles nuevos en ninos menores de 2 anos,2005-06-01,27,27,17,44
GUANAY,nutricion y desarrollo infantil,controles nuevos en ninos menores de 2 anos,2005-06-01,29,29,25,54
GUAQUI,nutricion y desarrollo infantil,controles nuevos en ninos menores de 2 anos,2005-06-01,11,11,6,17
GUAYARAMERIN,nutricion y desarrollo infantil,controles nuevos en ninos menores de 2 anos,2005-06-01,74,74,58,132
GUTIERREZ,nutricion y desarrollo infantil,controles nuevos en ninos menores de 2 anos,2005-06-01,18,18,15,33
HUACARETA,nutricion y desarrollo infantil,controles nuevos en ninos menores de 2 anos,2005-06-01,9,9,5,14
HUACAYA (VILLA DE HUACAYA),nutricion y desarrollo infantil,controles nuevos en ninos menores de 2 anos,2005-06-01,4,4,1,5
HUACHACALLA,nutricion y desarrollo infantil,controles nuevos en ninos menores de 2 anos,2005-06-01,1,1,0,1
HUANUNI,nutricion y desarrollo infantil,controles nuevos en ninos menores de 2 anos,2005-06-01,25,25,34,59
HUARACAJE,nutricion y desarrollo infantil,controles nuevos en ninos menores de 2 anos,2005-06-01,2,2,5,7
HUAYLLAMARCA,nutricion y desarrollo infantil,controles nuevos en ninos menores de 2 anos,2005-06-01,12,12,9,21
ICHOCA,nutricion y desarrollo infantil,controles nuevos en ninos menores de 2 anos,2005-06-01,3,3,3,6
ICLA,nutricion y desarrollo infantil,controles nuevos en ninos menores de 2 anos,2005-06-01,6,6,10,16
INCAHUASI,nutricion y desarrollo infantil,controles nuevos en ninos menores de 2 anos,2005-06-01,36,36,24,60
INGAVI (HUMAITA),nutricion y desarrollo infantil,controles nuevos en ninos menores de 2 anos,2005-06-01,0,0,1,1
INQUISIVI,nutricion y desarrollo infantil,controles nuevos en ninos menores de 2 anos,2005-06-01,51,51,38,89
IRUPANA (VILLA DE LANZA),nutricion y desarrollo infantil,controles nuevos en ninos menores de 2 anos,2005-06-01,10,10,7,17
IXIAMAS,nutricion y desarrollo infantil,controles nuevos en ninos menores de 2 anos,2005-06-01,20,20,6,26
JESUS DE MACHACA,nutricion y desarrollo infantil,controles nuevos en ninos menores de 2 anos,2005-06-01,5,5,3,8
LA ASUNTA,nutricion y desarrollo infantil,controles nuevos en ninos menores de 2 anos,2005-06-01,38,38,43,81
LA GUARDIA,nutricion y desarrollo infantil,controles nuevos en ninos menores de 2 anos,2005-06-01,85,85,96,181
LA PAZ,nutricion y desarrollo infantil,controles nuevos en ninos menores de 2 anos,2005-06-01,1115,1115,950,2065
LAGUNILLAS,nutricion y desarrollo infantil,controles nuevos en ninos menores de 2 anos,2005-06-01,7,7,10,17
LAJA,nutricion y desarrollo infantil,controles nuevos en ninos menores de 2 anos,2005-06-01,17,17,9,26
LAS CARRERAS,nutricion y desarrollo infantil,controles nuevos en ninos menores de 2 anos,2005-06-01,5,5,3,8
LICOMA PAMPA,nutricion y desarrollo infantil,controles nuevos en ninos menores de 2 anos,2005-06-01,3,3,1,4
LLALLAGUA,nutricion y desarrollo infantil,controles nuevos en ninos menores de 2 anos,2005-06-01,64,64,69,133
LLICA,nutricion y desarrollo infantil,controles nuevos en ninos menores de 2 anos,2005-06-01,1,1,9,10
LORETO,nutricion y desarrollo infantil,controles nuevos en ninos menores de 2 anos,2005-06-01,7,7,2,9
LURIBAY,nutricion y desarrollo infantil,controles nuevos en ninos menores de 2 anos,2005-06-01,6,6,7,13
MACHACAMARCA,nutricion y desarrollo infantil,controles nuevos en ninos menores de 2 anos,2005-06-01,3,3,4,7
MACHARETI,nutricion y desarrollo infantil,controles nuevos en ninos menores de 2 anos,2005-06-01,8,8,4,12
MAGDALENA,nutricion y desarrollo infantil,controles nuevos en ninos menores de 2 anos,2005-06-01,12,12,11,23
MAIRANA,nutricion y desarrollo infantil,controles nuevos en ninos menores de 2 anos,2005-06-01,8,8,16,24
MALLA,nutricion y desarrollo infantil,controles nuevos en ninos menores de 2 anos,2005-06-01,1,1,1,2
MAPIRI,nutricion y desarrollo infantil,controles nuevos en ninos menores de 2 anos,2005-06-01,13,13,13,26
MECAPACA,nutricion y desarrollo infantil,controles nuevos en ninos menores de 2 anos,2005-06-01,14,14,14,28
MINEROS,nutricion y desarrollo infantil,controles nuevos en ninos menores de 2 anos,2005-06-01,46,46,31,77
MIZQUE,nutricion y desarrollo infantil,controles nuevos en ninos menores de 2 anos,2005-06-01,44,44,54,98
MOCOMOCO,nutricion y desarrollo infantil,controles nuevos en ninos menores de 2 anos,2005-06-01,22,22,14,36
MOJINETE,nutricion y desarrollo infantil,controles nuevos en ninos menores de 2 anos,2005-06-01,3,3,0,3
MOJOCOYA,nutricion y desarrollo infantil,controles nuevos en ninos menores de 2 anos,2005-06-01,7,7,6,13
MONTEAGUDO,nutricion y desarrollo infantil,controles nuevos en ninos menores de 2 anos,2005-06-01,54,54,25,79
MONTERO,nutricion y desarrollo infantil,controles nuevos en ninos menores de 2 anos,2005-06-01,140,140,117,257
MORO MORO,nutricion y desarrollo infantil,controles nuevos en ninos menores de 2 anos,2005-06-01,6,6,3,9
MOROCHATA,nutricion y desarrollo infantil,controles nuevos en ninos menores de 2 anos,2005-06-01,128,128,120,248
NACEBE (SANTA ROSA DEL ABUNA),nutricion y desarrollo infantil,controles nuevos en ninos menores de 2 anos,2005-06-01,6,6,10,16
NAZACARA DE PACAJES,nutricion y desarrollo infantil,controles nuevos en ninos menores de 2 anos,2005-06-01,1,1,1,2
NUEVO MANOA (NUEVA ESPERANZA),nutricion y desarrollo infantil,controles nuevos en ninos menores de 2 anos,2005-06-01,1,1,2,3
OCURI,nutricion y desarrollo infantil,controles nuevos en ninos menores de 2 anos,2005-06-01,20,20,19,39
OKINAWA,nutricion y desarrollo infantil,controles nuevos en ninos menores de 2 anos,2005-06-01,104,104,96,200
OMEREQUE,nutricion y desarrollo infantil,controles nuevos en ninos menores de 2 anos,2005-06-01,14,14,5,19
ORURO,nutricion y desarrollo infantil,controles nuevos en ninos menores de 2 anos,2005-06-01,635,635,628,1263
PADCAYA,nutricion y desarrollo infantil,controles nuevos en ninos menores de 2 anos,2005-06-01,36,36,27,63
PADILLA,nutricion y desarrollo infantil,controles nuevos en ninos menores de 2 anos,2005-06-01,14,14,8,22
PAILON,nutricion y desarrollo infantil,controles nuevos en ninos menores de 2 anos,2005-06-01,21,21,13,34
PALCA,nutricion y desarrollo infantil,controles nuevos en ninos menores de 2 anos,2005-06-01,14,14,9,23
PALOS BLANCOS,nutricion y desarrollo infantil,controles nuevos en ninos menores de 2 anos,2005-06-01,25,25,24,49
PAMPA AULLAGAS,nutricion y desarrollo infantil,controles nuevos en ninos menores de 2 anos,2005-06-01,4,4,1,5
PAMPA GRANDE,nutricion y desarrollo infantil,controles nuevos en ninos menores de 2 anos,2005-06-01,10,10,2,12
PAPEL PAMPA,nutricion y desarrollo infantil,controles nuevos en ninos menores de 2 anos,2005-06-01,5,5,2,7
PASORAPA,nutricion y desarrollo infantil,controles nuevos en ninos menores de 2 anos,2005-06-01,7,7,7,14
PATACAMAYA,nutricion y desarrollo infantil,controles nuevos en ninos menores de 2 anos,2005-06-01,14,14,16,30
PAZÑA,nutricion y desarrollo infantil,controles nuevos en ninos menores de 2 anos,2005-06-01,2,2,4,6
PELECHUCO,nutricion y desarrollo infantil,controles nuevos en ninos menores de 2 anos,2005-06-01,10,10,13,23
POCOATA,nutricion y desarrollo infantil,controles nuevos en ninos menores de 2 anos,2005-06-01,25,25,28,53
POCONA,nutricion y desarrollo infantil,controles nuevos en ninos menores de 2 anos,2005-06-01,48,48,39,87
POJO (CBBA),nutricion y desarrollo infantil,controles nuevos en ninos menores de 2 anos,2005-06-01,20,20,20,40
POOPO,nutricion y desarrollo infantil,controles nuevos en ninos menores de 2 anos,2005-06-01,5,5,4,9
PORCO,nutricion y desarrollo infantil,controles nuevos en ninos menores de 2 anos,2005-06-01,8,8,6,14
POROMA,nutricion y desarrollo infantil,controles nuevos en ninos menores de 2 anos,2005-06-01,27,27,28,55
PORONGO,nutricion y desarrollo infantil,controles nuevos en ninos menores de 2 anos,2005-06-01,17,17,9,26
PORTACHUELO,nutricion y desarrollo infantil,controles nuevos en ninos menores de 2 anos,2005-06-01,51,51,30,81
PORVENIR,nutricion y desarrollo infantil,controles nuevos en ninos menores de 2 anos,2005-06-01,0,0,2,2
POSTRER VALLE,nutricion y desarrollo infantil,controles nuevos en ninos menores de 2 anos,2005-06-01,0,0,4,4
POTOSI,nutricion y desarrollo infantil,controles nuevos en ninos menores de 2 anos,2005-06-01,209,209,206,415
PRESTO,nutricion y desarrollo infantil,controles nuevos en ninos menores de 2 anos,2005-06-01,11,11,7,18
PUCARA,nutricion y desarrollo infantil,controles nuevos en ninos menores de 2 anos,2005-06-01,2,2,0,2
PUCARANI,nutricion y desarrollo infantil,controles nuevos en ninos menores de 2 anos,2005-06-01,38,38,32,70
PUERTO ACOSTA,nutricion y desarrollo infantil,controles nuevos en ninos menores de 2 anos,2005-06-01,31,31,20,51
PUERTO CARABUCO,nutricion y desarrollo infantil,controles nuevos en ninos menores de 2 anos,2005-06-01,19,19,13,32
PUERTO GONZALO MORENO,nutricion y desarrollo infantil,controles nuevos en ninos menores de 2 anos,2005-06-01,5,5,1,6
PUERTO PEREZ,nutricion y desarrollo infantil,controles nuevos en ninos menores de 2 anos,2005-06-01,16,16,7,23
PUERTO QUIJARRO,nutricion y desarrollo infantil,controles nuevos en ninos menores de 2 anos,2005-06-01,36,36,28,64
PUERTO RICO,nutricion y desarrollo infantil,controles nuevos en ninos menores de 2 anos,2005-06-01,15,15,25,40
PUERTO SILES,nutricion y desarrollo infantil,controles nuevos en ninos menores de 2 anos,2005-06-01,2,2,2,4
PUERTO SUAREZ,nutricion y desarrollo infantil,controles nuevos en ninos menores de 2 anos,2005-06-01,20,20,12,32
PUERTO VILLARROEL,nutricion y desarrollo infantil,controles nuevos en ninos menores de 2 anos,2005-06-01,73,73,68,141
PUNA,nutricion y desarrollo infantil,controles nuevos en ninos menores de 2 anos,2005-06-01,51,51,42,93
PUNATA,nutricion y desarrollo infantil,controles nuevos en ninos menores de 2 anos,2005-06-01,84,84,78,162
QUIABAYA,nutricion y desarrollo infantil,controles nuevos en ninos menores de 2 anos,2005-06-01,1,1,5,6
QUILLACOLLO,nutricion y desarrollo infantil,controles nuevos en ninos menores de 2 anos,2005-06-01,405,405,303,708
QUIME,nutricion y desarrollo infantil,controles nuevos en ninos menores de 2 anos,2005-06-01,8,8,9,17
QUIRUSILLAS,nutricion y desarrollo infantil,controles nuevos en ninos menores de 2 anos,2005-06-01,1,1,0,1
RAVELO,nutricion y desarrollo infantil,controles nuevos en ninos menores de 2 anos,2005-06-01,31,31,32,63
REYES,nutricion y desarrollo infantil,controles nuevos en ninos menores de 2 anos,2005-06-01,30,30,12,42
RIBERALTA,nutricion y desarrollo infantil,controles nuevos en ninos menores de 2 anos,2005-06-01,120,120,103,223
ROBORE,nutricion y desarrollo infantil,controles nuevos en ninos menores de 2 anos,2005-06-01,27,27,13,40
RURRENABAQUE,nutricion y desarrollo infantil,controles nuevos en ninos menores de 2 anos,2005-06-01,14,14,15,29
SABAYA,nutricion y desarrollo infantil,controles nuevos en ninos menores de 2 anos,2005-06-01,6,6,6,12
SACABA,nutricion y desarrollo infantil,controles nuevos en ninos menores de 2 anos,2005-06-01,321,321,274,595
SACABAMBA,nutricion y desarrollo infantil,controles nuevos en ninos menores de 2 anos,2005-06-01,14,14,14,28
SACACA,nutricion y desarrollo infantil,controles nuevos en ninos menores de 2 anos,2005-06-01,38,38,35,73
SAIPINA,nutricion y desarrollo infantil,controles nuevos en ninos menores de 2 anos,2005-06-01,5,5,13,18
SALINAS DE GARCI MENDOZA,nutricion y desarrollo infantil,controles nuevos en ninos menores de 2 anos,2005-06-01,9,9,9,18
SAMAIPATA,nutricion y desarrollo infantil,controles nuevos en ninos menores de 2 anos,2005-06-01,9,9,6,15
SAN AGUSTIN,nutricion y desarrollo infantil,controles nuevos en ninos menores de 2 anos,2005-06-01,2,2,0,2
SAN ANDRES,nutricion y desarrollo infantil,controles nuevos en ninos menores de 2 anos,2005-06-01,29,29,29,58
SAN ANDRES DE MACHACA,nutricion y desarrollo infantil,controles nuevos en ninos menores de 2 anos,2005-06-01,0,0,3,3
SAN ANTONIO DE ESMORUCO,nutricion y desarrollo infantil,controles nuevos en ninos menores de 2 anos,2005-06-01,0,0,1,1
SAN ANTONIO DE LOMERIO,nutricion y desarrollo infantil,controles nuevos en ninos menores de 2 anos,2005-06-01,9,9,7,16
SAN BENITO,nutricion y desarrollo infantil,controles nuevos en ninos menores de 2 anos,2005-06-01,9,9,11,20
SAN BORJA,nutricion y desarrollo infantil,controles nuevos en ninos menores de 2 anos,2005-06-01,92,92,48,140
SAN BUENA VENTURA,nutricion y desarrollo infantil,controles nuevos en ninos menores de 2 anos,2005-06-01,14,14,12,26
SAN CARLOS,nutricion y desarrollo infantil,controles nuevos en ninos menores de 2 anos,2005-06-01,31,31,28,59
SAN IGNACIO,nutricion y desarrollo infantil,controles nuevos en ninos menores de 2 anos,2005-06-01,81,81,60,141
SAN IGNACIO DE VELASCO,nutricion y desarrollo infantil,controles nuevos en ninos menores de 2 anos,2005-06-01,93,93,68,161
SAN JAVIER(BNI),nutricion y desarrollo infantil,controles nuevos en ninos menores de 2 anos,2005-06-01,8,8,7,15
SAN JAVIER(STC),nutricion y desarrollo infantil,controles nuevos en ninos menores de 2 anos,2005-06-01,19,19,14,33
SAN JOAQUIN,nutricion y desarrollo infantil,controles nuevos en ninos menores de 2 anos,2005-06-01,5,5,7,12
SAN JOSE DE CHIQUITOS,nutricion y desarrollo infantil,controles nuevos en ninos menores de 2 anos,2005-06-01,40,40,42,82
SAN JUAN DE YAPACANI,nutricion y desarrollo infantil,controles nuevos en ninos menores de 2 anos,2005-06-01,10,10,19,29
SAN JULIAN,nutricion y desarrollo infantil,controles nuevos en ninos menores de 2 anos,2005-06-01,63,63,75,138
SAN LORENZO(PND),nutricion y desarrollo infantil,controles nuevos en ninos menores de 2 anos,2005-06-01,11,11,7,18
SAN LORENZO(TJA),nutricion y desarrollo infantil,controles nuevos en ninos menores de 2 anos,2005-06-01,25,25,30,55
SAN LUCAS,nutricion y desarrollo infantil,controles nuevos en ninos menores de 2 anos,2005-06-01,91,91,33,124
SAN MATIAS,nutricion y desarrollo infantil,controles nuevos en ninos menores de 2 anos,2005-06-01,56,56,58,114
SAN MIGUEL DE VELASCO,nutricion y desarrollo infantil,controles nuevos en ninos menores de 2 anos,2005-06-01,16,16,10,26
SAN PABLO DE LIPEZ,nutricion y desarrollo infantil,controles nuevos en ninos menores de 2 anos,2005-06-01,2,2,3,5
SAN PEDRO,nutricion y desarrollo infantil,controles nuevos en ninos menores de 2 anos,2005-06-01,21,21,23,44
SAN PEDRO DE BUENA VISTA,nutricion y desarrollo infantil,controles nuevos en ninos menores de 2 anos,2005-06-01,24,24,14,38
SAN PEDRO DE CURAHUARA,nutricion y desarrollo infantil,controles nuevos en ninos menores de 2 anos,2005-06-01,15,15,8,23
SAN PEDRO DE QUEMES,nutricion y desarrollo infantil,controles nuevos en ninos menores de 2 anos,2005-06-01,0,0,1,1
SAN PEDRO DE TIQUINA,nutricion y desarrollo infantil,controles nuevos en ninos menores de 2 anos,2005-06-01,4,4,2,6
SAN PEDRO(PND),nutricion y desarrollo infantil,controles nuevos en ninos menores de 2 anos,2005-06-01,8,8,7,15
SAN RAFAEL,nutricion y desarrollo infantil,controles nuevos en ninos menores de 2 anos,2005-06-01,4,4,8,12
SAN RAMON,nutricion y desarrollo infantil,controles nuevos en ninos menores de 2 anos,2005-06-01,7,7,7,14
SAN RAMON,nutricion y desarrollo infantil,controles nuevos en ninos menores de 2 anos,2005-06-01,2,2,4,6
SANTA ANA,nutricion y desarrollo infantil,controles nuevos en ninos menores de 2 anos,2005-06-01,36,36,27,63
SANTA CRUZ DE LA SIERRA,nutricion y desarrollo infantil,controles nuevos en ninos menores de 2 anos,2005-06-01,2345,2345,2227,4572
SANTA ROSA,nutricion y desarrollo infantil,controles nuevos en ninos menores de 2 anos,2005-06-01,8,8,15,23
SANTA ROSA DEL SARA,nutricion y desarrollo infantil,controles nuevos en ninos menores de 2 anos,2005-06-01,47,47,37,84
SANTIAGO DE CALLAPA,nutricion y desarrollo infantil,controles nuevos en ninos menores de 2 anos,2005-06-01,6,6,4,10
SANTIAGO DE HUARI,nutricion y desarrollo infantil,controles nuevos en ninos menores de 2 anos,2005-06-01,15,15,11,26
SANTIAGO DE MACHACA,nutricion y desarrollo infantil,controles nuevos en ninos menores de 2 anos,2005-06-01,2,2,4,6
SANTIVAÑES,nutricion y desarrollo infantil,controles nuevos en ninos menores de 2 anos,2005-06-01,8,8,5,13
SANTUARIO DE QUILLACAS,nutricion y desarrollo infantil,controles nuevos en ninos menores de 2 anos,2005-06-01,4,4,2,6
SAPAHAQUI,nutricion y desarrollo infantil,controles nuevos en ninos menores de 2 anos,2005-06-01,27,27,21,48
SENA,nutricion y desarrollo infantil,controles nuevos en ninos menores de 2 anos,2005-06-01,8,8,2,10
SICA SICA (VILLA AROMA),nutricion y desarrollo infantil,controles nuevos en ninos menores de 2 anos,2005-06-01,16,16,17,33
SICAYA,nutricion y desarrollo infantil,controles nuevos en ninos menores de 2 anos,2005-06-01,3,3,1,4
SIPE SIPE,nutricion y desarrollo infantil,controles nuevos en ninos menores de 2 anos,2005-06-01,156,156,118,274
SOPACHUY,nutricion y desarrollo infantil,controles nuevos en ninos menores de 2 anos,2005-06-01,6,6,6,12
SORACACHI,nutricion y desarrollo infantil,controles nuevos en ninos menores de 2 anos,2005-06-01,16,16,27,43
SORATA,nutricion y desarrollo infantil,controles nuevos en ninos menores de 2 anos,2005-06-01,20,20,22,42
SUCRE,nutricion y desarrollo infantil,controles nuevos en ninos menores de 2 anos,2005-06-01,624,624,592,1216
TACACHI,nutricion y desarrollo infantil,controles nuevos en ninos menores de 2 anos,2005-06-01,1,1,1,2
TACACOMA,nutricion y desarrollo infantil,controles nuevos en ninos menores de 2 anos,2005-06-01,2,2,10,12
TACOBAMBA,nutricion y desarrollo infantil,controles nuevos en ninos menores de 2 anos,2005-06-01,18,18,12,30
TACOPAYA,nutricion y desarrollo infantil,controles nuevos en ninos menores de 2 anos,2005-06-01,17,17,7,24
TAHUA,nutricion y desarrollo infantil,controles nuevos en ninos menores de 2 anos,2005-06-01,1,1,0,1
TAPACARI,nutricion y desarrollo infantil,controles nuevos en ninos menores de 2 anos,2005-06-01,40,40,38,78
TARABUCO,nutricion y desarrollo infantil,controles nuevos en ninos menores de 2 anos,2005-06-01,32,32,22,54
TARACO,nutricion y desarrollo infantil,controles nuevos en ninos menores de 2 anos,2005-06-01,11,11,11,22
TARATA,nutricion y desarrollo infantil,controles nuevos en ninos menores de 2 anos,2005-06-01,5,5,7,12
TARIJA,nutricion y desarrollo infantil,controles nuevos en ninos menores de 2 anos,2005-06-01,791,791,764,1555
TARVITA,nutricion y desarrollo infantil,controles nuevos en ninos menores de 2 anos,2005-06-01,12,12,14,26
TEOPONTE,nutricion y desarrollo infantil,controles nuevos en ninos menores de 2 anos,2005-06-01,6,6,8,14
TIAWANACU,nutricion y desarrollo infantil,controles nuevos en ninos menores de 2 anos,2005-06-01,10,10,8,18
TINGUIPAYA,nutricion y desarrollo infantil,controles nuevos en ninos menores de 2 anos,2005-06-01,33,33,34,67
TIPUANI,nutricion y desarrollo infantil,controles nuevos en ninos menores de 2 anos,2005-06-01,21,21,7,28
TIQUIPAYA,nutricion y desarrollo infantil,controles nuevos en ninos menores de 2 anos,2005-06-01,88,88,87,175
TIRAQUE (CBBA),nutricion y desarrollo infantil,controles nuevos en ninos menores de 2 anos,2005-06-01,245,245,237,482
TITO YUPANQUI (PARQUIPUJIO),nutricion y desarrollo infantil,controles nuevos en ninos menores de 2 anos,2005-06-01,2,2,0,2
TOCO,nutricion y desarrollo infantil,controles nuevos en ninos menores de 2 anos,2005-06-01,5,5,3,8
TOLATA,nutricion y desarrollo infantil,controles nuevos en ninos menores de 2 anos,2005-06-01,4,4,6,10
TOLEDO,nutricion y desarrollo infantil,controles nuevos en ninos menores de 2 anos,2005-06-01,6,6,2,8
TOMAVE,nutricion y desarrollo infantil,controles nuevos en ninos menores de 2 anos,2005-06-01,12,12,7,19
TOMINA,nutricion y desarrollo infantil,controles nuevos en ninos menores de 2 anos,2005-06-01,10,10,7,17
TORO TORO,nutricion y desarrollo infantil,controles nuevos en ninos menores de 2 anos,2005-06-01,16,16,6,22
TOTORA(CBBA),nutricion y desarrollo infantil,controles nuevos en ninos menores de 2 anos,2005-06-01,41,41,11,52
TOTORA(ORR),nutricion y desarrollo infantil,controles nuevos en ninos menores de 2 anos,2005-06-01,3,3,4,7
TRIGAL,nutricion y desarrollo infantil,controles nuevos en ninos menores de 2 anos,2005-06-01,1,1,0,1
TRINIDAD,nutricion y desarrollo infantil,controles nuevos en ninos menores de 2 anos,2005-06-01,465,465,435,900
TUPIZA,nutricion y desarrollo infantil,controles nuevos en ninos menores de 2 anos,2005-06-01,44,44,45,89
TURCO,nutricion y desarrollo infantil,controles nuevos en ninos menores de 2 anos,2005-06-01,2,2,7,9
UMALA,nutricion y desarrollo infantil,controles nuevos en ninos menores de 2 anos,2005-06-01,10,10,12,22
UNCIA,nutricion y desarrollo infantil,controles nuevos en ninos menores de 2 anos,2005-06-01,48,48,45,93
URIONDO (A. CONCEPCION),nutricion y desarrollo infantil,controles nuevos en ninos menores de 2 anos,2005-06-01,19,19,23,42
URUBICHA,nutricion y desarrollo infantil,controles nuevos en ninos menores de 2 anos,2005-06-01,17,17,32,49
UYUNI,nutricion y desarrollo infantil,controles nuevos en ninos menores de 2 anos,2005-06-01,22,22,32,54
VACAS,nutricion y desarrollo infantil,controles nuevos en ninos menores de 2 anos,2005-06-01,9,9,7,16
VALLEGRANDE,nutricion y desarrollo infantil,controles nuevos en ninos menores de 2 anos,2005-06-01,9,9,20,29
VIACHA,nutricion y desarrollo infantil,controles nuevos en ninos menores de 2 anos,2005-06-01,79,79,75,154
VILA VILA,nutricion y desarrollo infantil,controles nuevos en ninos menores de 2 anos,2005-06-01,9,9,6,15
VILLA MONTES,nutricion y desarrollo infantil,controles nuevos en ninos menores de 2 anos,2005-06-01,45,45,37,82
VILLA NUEVA (LOMA ALTA),nutricion y desarrollo infantil,controles nuevos en ninos menores de 2 anos,2005-06-01,1,1,1,2
VILLA RIVERO,nutricion y desarrollo infantil,controles nuevos en ninos menores de 2 anos,2005-06-01,7,7,12,19
VILLA SERRANO,nutricion y desarrollo infantil,controles nuevos en ninos menores de 2 anos,2005-06-01,7,7,5,12
VILLA TUNARI,nutricion y desarrollo infantil,controles nuevos en ninos menores de 2 anos,2005-06-01,268,268,294,562
VILLA VACA GUZMAN (MUYUPAMPA),nutricion y desarrollo infantil,controles nuevos en ninos menores de 2 anos,2005-06-01,10,10,8,18
VILLAZON,nutricion y desarrollo infantil,controles nuevos en ninos menores de 2 anos,2005-06-01,48,48,36,84
VINTO,nutricion y desarrollo infantil,controles nuevos en ninos menores de 2 anos,2005-06-01,172,172,146,318
VITICHI,nutricion y desarrollo infantil,controles nuevos en ninos menores de 2 anos,2005-06-01,8,8,5,13
WALDO BALLIVIAN,nutricion y desarrollo infantil,controles nuevos en ninos menores de 2 anos,2005-06-01,3,3,1,4
WARNES,nutricion y desarrollo infantil,controles nuevos en ninos menores de 2 anos,2005-06-01,206,206,167,373
YACO,nutricion y desarrollo infantil,controles nuevos en ninos menores de 2 anos,2005-06-01,6,6,5,11
YACUIBA,nutricion y desarrollo infantil,controles nuevos en ninos menores de 2 anos,2005-06-01,98,98,110,208
YAMPARAEZ,nutricion y desarrollo infantil,controles nuevos en ninos menores de 2 anos,2005-06-01,10,10,7,17
YANACACHI,nutricion y desarrollo infantil,controles nuevos en ninos menores de 2 anos,2005-06-01,11,11,5,16
YAPACANI,nutricion y desarrollo infantil,controles nuevos en ninos menores de 2 anos,2005-06-01,60,60,100,160
YOCALLA,nutricion y desarrollo infantil,controles nuevos en ninos menores de 2 anos,2005-06-01,3,3,3,6
YOTALA,nutricion y desarrollo infantil,controles nuevos en ninos menores de 2 anos,2005-06-01,10,10,5,15
YUNCHARA,nutricion y desarrollo infantil,controles nuevos en ninos menores de 2 anos,2005-06-01,3,3,3,6
ZUDAÑEZ,nutricion y desarrollo infantil,controles nuevos en ninos menores de 2 anos,2005-06-01,7,7,3,10
ACACIO,nutricion y desarrollo infantil,controles nuevos en ninos menores de 2 anos,2005-07-01,2,2,5,7
ACHACACHI,nutricion y desarrollo infantil,controles nuevos en ninos menores de 2 anos,2005-07-01,49,49,59,108
ACHOCALLA,nutricion y desarrollo infantil,controles nuevos en ninos menores de 2 anos,2005-07-01,15,15,7,22
AIQUILE,nutricion y desarrollo infantil,controles nuevos en ninos menores de 2 anos,2005-07-01,83,83,80,163
ALALAY,nutricion y desarrollo infantil,controles nuevos en ninos menores de 2 anos,2005-07-01,7,7,7,14
ALCALA,nutricion y desarrollo infantil,controles nuevos en ninos menores de 2 anos,2005-07-01,5,5,4,9
ANCORAIMES,nutricion y desarrollo infantil,controles nuevos en ninos menores de 2 anos,2005-07-01,15,15,14,29
ANDAMARCA,nutricion y desarrollo infantil,controles nuevos en ninos menores de 2 anos,2005-07-01,0,0,1,1
ANTEQUERA,nutricion y desarrollo infantil,controles nuevos en ninos menores de 2 anos,2005-07-01,1,1,0,1
ANZALDO,nutricion y desarrollo infantil,controles nuevos en ninos menores de 2 anos,2005-07-01,0,0,5,5
APOLO,nutricion y desarrollo infantil,controles nuevos en ninos menores de 2 anos,2005-07-01,18,18,25,43
ARAMPAMPA,nutricion y desarrollo infantil,controles nuevos en ninos menores de 2 anos,2005-07-01,2,2,5,7
ARANI,nutricion y desarrollo infantil,controles nuevos en ninos menores de 2 anos,2005-07-01,20,20,17,37
ARBIETO,nutricion y desarrollo infantil,controles nuevos en ninos menores de 2 anos,2005-07-01,16,16,2,18
ARQUE,nutricion y desarrollo infantil,controles nuevos en ninos menores de 2 anos,2005-07-01,14,14,8,22
ASCENCION DE GUARAYOS,nutricion y desarrollo infantil,controles nuevos en ninos menores de 2 anos,2005-07-01,7,7,4,11
ATOCHA,nutricion y desarrollo infantil,controles nuevos en ninos menores de 2 anos,2005-07-01,10,10,16,26
AUCAPATA,nutricion y desarrollo infantil,controles nuevos en ninos menores de 2 anos,2005-07-01,17,17,9,26
AYATA,nutricion y desarrollo infantil,controles nuevos en ninos menores de 2 anos,2005-07-01,23,23,19,42
AYO AYO,nutricion y desarrollo infantil,controles nuevos en ninos menores de 2 anos,2005-07-01,4,4,6,10
AYOPAYA (V. DE INDEPENDENCIA),nutricion y desarrollo infantil,controles nuevos en ninos menores de 2 anos,2005-07-01,49,49,46,95
AZURDUY,nutricion y desarrollo infantil,controles nuevos en ninos menores de 2 anos,2005-07-01,23,23,18,41
BATALLAS,nutricion y desarrollo infantil,controles nuevos en ninos menores de 2 anos,2005-07-01,19,19,25,44
BAURES,nutricion y desarrollo infantil,controles nuevos en ninos menores de 2 anos,2005-07-01,6,6,3,9
BELEN DE ANDAMARCA,nutricion y desarrollo infantil,controles nuevos en ninos menores de 2 anos,2005-07-01,2,2,1,3
BELEN DE URMIRI,nutricion y desarrollo infantil,controles nuevos en ninos menores de 2 anos,2005-07-01,1,1,2,3
BELLA FLOR,nutricion y desarrollo infantil,controles nuevos en ninos menores de 2 anos,2005-07-01,4,4,5,9
BERMEJO,nutricion y desarrollo infantil,controles nuevos en ninos menores de 2 anos,2005-07-01,45,45,42,87
BETANZOS,nutricion y desarrollo infantil,controles nuevos en ninos menores de 2 anos,2005-07-01,54,54,51,105
BOLIVAR,nutricion y desarrollo infantil,controles nuevos en ninos menores de 2 anos,2005-07-01,17,17,14,31
BOLPEBRA,nutricion y desarrollo infantil,controles nuevos en ninos menores de 2 anos,2005-07-01,1,1,0,1
BOYUIBE,nutricion y desarrollo infantil,controles nuevos en ninos menores de 2 anos,2005-07-01,9,9,2,11
BUENA VISTA,nutricion y desarrollo infantil,controles nuevos en ninos menores de 2 anos,2005-07-01,19,19,17,36
CABEZAS,nutricion y desarrollo infantil,controles nuevos en ninos menores de 2 anos,2005-07-01,15,15,14,29
CAIROMA,nutricion y desarrollo infantil,controles nuevos en ninos menores de 2 anos,2005-07-01,18,18,6,24
"CAIZA ""D""",nutricion y desarrollo infantil,controles nuevos en ninos menores de 2 anos,2005-07-01,8,8,8,16
CAJUATA,nutricion y desarrollo infantil,controles nuevos en ninos menores de 2 anos,2005-07-01,19,19,11,30
CALACOTO,nutricion y desarrollo infantil,controles nuevos en ninos menores de 2 anos,2005-07-01,6,6,7,13
CALAMARCA,nutricion y desarrollo infantil,controles nuevos en ninos menores de 2 anos,2005-07-01,10,10,14,24
CAMARGO,nutricion y desarrollo infantil,controles nuevos en ninos menores de 2 anos,2005-07-01,11,11,8,19
CAMATAQUI (C. VILLA ABECIA),nutricion y desarrollo infantil,controles nuevos en ninos menores de 2 anos,2005-07-01,3,3,1,4
CAMIRI,nutricion y desarrollo infantil,controles nuevos en ninos menores de 2 anos,2005-07-01,74,74,97,171
CAPINOTA,nutricion y desarrollo infantil,controles nuevos en ninos menores de 2 anos,2005-07-01,23,23,24,47
CAQUIAVIRI,nutricion y desarrollo infantil,controles nuevos en ninos menores de 2 anos,2005-07-01,8,8,17,25
CARACOLLO,nutricion y desarrollo infantil,controles nuevos en ninos menores de 2 anos,2005-07-01,19,19,25,44
CARANAVI,nutricion y desarrollo infantil,controles nuevos en ninos menores de 2 anos,2005-07-01,69,69,74,143
CARAPARI,nutricion y desarrollo infantil,controles nuevos en ninos menores de 2 anos,2005-07-01,4,4,8,12
CARIPUYO,nutricion y desarrollo infantil,controles nuevos en ninos menores de 2 anos,2005-07-01,8,8,10,18
CARMEN RIVERO TORREZ,nutricion y desarrollo infantil,controles nuevos en ninos menores de 2 anos,2005-07-01,9,9,7,16
CATACORA,nutricion y desarrollo infantil,controles nuevos en ninos menores de 2 anos,2005-07-01,0,0,1,1
CHACARILLA,nutricion y desarrollo infantil,controles nuevos en ninos menores de 2 anos,2005-07-01,5,5,6,11
CHALLAPATA,nutricion y desarrollo infantil,controles nuevos en ninos menores de 2 anos,2005-07-01,33,33,21,54
CHAQUI,nutricion y desarrollo infantil,controles nuevos en ninos menores de 2 anos,2005-07-01,10,10,9,19
CHARAGUA,nutricion y desarrollo infantil,controles nuevos en ninos menores de 2 anos,2005-07-01,36,36,32,68
CHARAÑA,nutricion y desarrollo infantil,controles nuevos en ninos menores de 2 anos,2005-07-01,2,2,7,9
CHAYANTA,nutricion y desarrollo infantil,controles nuevos en ninos menores de 2 anos,2005-07-01,11,11,12,23
CHIMORE,nutricion y desarrollo infantil,controles nuevos en ninos menores de 2 anos,2005-07-01,101,101,99,200
CHIPAYA,nutricion y desarrollo infantil,controles nuevos en ninos menores de 2 anos,2005-07-01,3,3,5,8
CHOQUE COTA,nutricion y desarrollo infantil,controles nuevos en ninos menores de 2 anos,2005-07-01,1,1,1,2
CHULUMANI (V. DE LA LIBERTAD),nutricion y desarrollo infantil,controles nuevos en ninos menores de 2 anos,2005-07-01,36,36,33,69
CHUMA,nutricion y desarrollo infantil,controles nuevos en ninos menores de 2 anos,2005-07-01,8,8,11,19
CLIZA,nutricion y desarrollo infantil,controles nuevos en ninos menores de 2 anos,2005-07-01,58,58,50,108
COBIJA,nutricion y desarrollo infantil,controles nuevos en ninos menores de 2 anos,2005-07-01,66,66,37,103
COCHABAMBA,nutricion y desarrollo infantil,controles nuevos en ninos menores de 2 anos,2005-07-01,1459,1459,1315,2774
COIPASA,nutricion y desarrollo infantil,controles nuevos en ninos menores de 2 anos,2005-07-01,1,1,1,2
COLCAPIRHUA,nutricion y desarrollo infantil,controles nuevos en ninos menores de 2 anos,2005-07-01,259,259,246,505
"COLCHA ""K""",nutricion y desarrollo infantil,controles nuevos en ninos menores de 2 anos,2005-07-01,13,13,26,39
COLLANA,nutricion y desarrollo infantil,controles nuevos en ninos menores de 2 anos,2005-07-01,3,3,2,5
COLOMI,nutricion y desarrollo infantil,controles nuevos en ninos menores de 2 anos,2005-07-01,65,65,82,147
COLPA BELGICA,nutricion y desarrollo infantil,controles nuevos en ninos menores de 2 anos,2005-07-01,32,32,28,60
COLQUECHACA,nutricion y desarrollo infantil,controles nuevos en ninos menores de 2 anos,2005-07-01,43,43,40,83
COLQUENCHA,nutricion y desarrollo infantil,controles nuevos en ninos menores de 2 anos,2005-07-01,1,1,7,8
COLQUIRI,nutricion y desarrollo infantil,controles nuevos en ninos menores de 2 anos,2005-07-01,37,37,27,64
COMANCHE,nutricion y desarrollo infantil,controles nuevos en ninos menores de 2 anos,2005-07-01,12,12,4,16
COMARAPA,nutricion y desarrollo infantil,controles nuevos en ninos menores de 2 anos,2005-07-01,27,27,19,46
COMBAYA,nutricion y desarrollo infantil,controles nuevos en ninos menores de 2 anos,2005-07-01,2,2,1,3
CONCEPCION,nutricion y desarrollo infantil,controles nuevos en ninos menores de 2 anos,2005-07-01,18,18,16,34
COPACABANA,nutricion y desarrollo infantil,controles nuevos en ninos menores de 2 anos,2005-07-01,15,15,14,29
CORIPATA,nutricion y desarrollo infantil,controles nuevos en ninos menores de 2 anos,2005-07-01,31,31,37,68
CORO CORO,nutricion y desarrollo infantil,controles nuevos en ninos menores de 2 anos,2005-07-01,9,9,5,14
COROICO,nutricion y desarrollo infantil,controles nuevos en ninos menores de 2 anos,2005-07-01,20,20,19,39
CORQUE,nutricion y desarrollo infantil,controles nuevos en ninos menores de 2 anos,2005-07-01,9,9,2,11
COTAGAITA,nutricion y desarrollo infantil,controles nuevos en ninos menores de 2 anos,2005-07-01,43,43,41,84
COTOCA,nutricion y desarrollo infantil,controles nuevos en ninos menores de 2 anos,2005-07-01,58,58,56,114
CUATRO CAÑADAS,nutricion y desarrollo infantil,controles nuevos en ninos menores de 2 anos,2005-07-01,68,68,55,123
CUCHUMUELA (V. G. VILLARROEL),nutricion y desarrollo infantil,controles nuevos en ninos menores de 2 anos,2005-07-01,3,3,3,6
CUEVO,nutricion y desarrollo infantil,controles nuevos en ninos menores de 2 anos,2005-07-01,2,2,4,6
CULPINA,nutricion y desarrollo infantil,controles nuevos en ninos menores de 2 anos,2005-07-01,30,30,20,50
CURAHUARA DE CARANGAS,nutricion y desarrollo infantil,controles nuevos en ninos menores de 2 anos,2005-07-01,3,3,5,8
CURVA,nutricion y desarrollo infantil,controles nuevos en ninos menores de 2 anos,2005-07-01,3,3,4,7
DESAGUADERO,nutricion y desarrollo infantil,controles nuevos en ninos menores de 2 anos,2005-07-01,11,11,8,19
EL ALTO,nutricion y desarrollo infantil,controles nuevos en ninos menores de 2 anos,2005-07-01,1887,1887,1951,3838
EL CHORO,nutricion y desarrollo infantil,controles nuevos en ninos menores de 2 anos,2005-07-01,0,0,1,1
EL PUENTE(STC),nutricion y desarrollo infantil,controles nuevos en ninos menores de 2 anos,2005-07-01,14,14,13,27
EL PUENTE(TJA),nutricion y desarrollo infantil,controles nuevos en ninos menores de 2 anos,2005-07-01,7,7,6,13
EL TORNO,nutricion y desarrollo infantil,controles nuevos en ninos menores de 2 anos,2005-07-01,88,88,79,167
EL VILLAR,nutricion y desarrollo infantil,controles nuevos en ninos menores de 2 anos,2005-07-01,6,6,8,14
ENTRE RIOS,nutricion y desarrollo infantil,controles nuevos en ninos menores de 2 anos,2005-07-01,38,38,27,65
ENTRE RIOS,nutricion y desarrollo infantil,controles nuevos en ninos menores de 2 anos,2005-07-01,62,62,72,134
EUCALIPTUS,nutricion y desarrollo infantil,controles nuevos en ninos menores de 2 anos,2005-07-01,4,4,6,10
EUREKA (SANTOS MERCADO),nutricion y desarrollo infantil,controles nuevos en ninos menores de 2 anos,2005-07-01,1,1,2,3
EXALTACION,nutricion y desarrollo infantil,controles nuevos en ninos menores de 2 anos,2005-07-01,3,3,3,6
FERNANDEZ ALONSO,nutricion y desarrollo infantil,controles nuevos en ninos menores de 2 anos,2005-07-01,27,27,32,59
FILADELFIA,nutricion y desarrollo infantil,controles nuevos en ninos menores de 2 anos,2005-07-01,1,1,5,6
GENERAL SAAVEDRA,nutricion y desarrollo infantil,controles nuevos en ninos menores de 2 anos,2005-07-01,35,35,32,67
GRAL. J.J. PEREZ (CHARAZANI),nutricion y desarrollo infantil,controles nuevos en ninos menores de 2 anos,2005-07-01,14,14,30,44
GUANAY,nutricion y desarrollo infantil,controles nuevos en ninos menores de 2 anos,2005-07-01,8,8,18,26
GUAQUI,nutricion y desarrollo infantil,controles nuevos en ninos menores de 2 anos,2005-07-01,11,11,11,22
GUAYARAMERIN,nutricion y desarrollo infantil,controles nuevos en ninos menores de 2 anos,2005-07-01,70,70,58,128
GUTIERREZ,nutricion y desarrollo infantil,controles nuevos en ninos menores de 2 anos,2005-07-01,9,9,7,16
HUACARETA,nutricion y desarrollo infantil,controles nuevos en ninos menores de 2 anos,2005-07-01,11,11,13,24
HUACAYA (VILLA DE HUACAYA),nutricion y desarrollo infantil,controles nuevos en ninos menores de 2 anos,2005-07-01,3,3,8,11
HUACHACALLA,nutricion y desarrollo infantil,controles nuevos en ninos menores de 2 anos,2005-07-01,6,6,1,7
HUANUNI,nutricion y desarrollo infantil,controles nuevos en ninos menores de 2 anos,2005-07-01,35,35,43,78
HUARACAJE,nutricion y desarrollo infantil,controles nuevos en ninos menores de 2 anos,2005-07-01,1,1,2,3
HUAYLLAMARCA,nutricion y desarrollo infantil,controles nuevos en ninos menores de 2 anos,2005-07-01,14,14,9,23
ICHOCA,nutricion y desarrollo infantil,controles nuevos en ninos menores de 2 anos,2005-07-01,5,5,6,11
ICLA,nutricion y desarrollo infantil,controles nuevos en ninos menores de 2 anos,2005-07-01,13,13,6,19
INCAHUASI,nutricion y desarrollo infantil,controles nuevos en ninos menores de 2 anos,2005-07-01,37,37,26,63
INQUISIVI,nutricion y desarrollo infantil,controles nuevos en ninos menores de 2 anos,2005-07-01,13,13,13,26
IRUPANA (VILLA DE LANZA),nutricion y desarrollo infantil,controles nuevos en ninos menores de 2 anos,2005-07-01,24,24,27,51
IXIAMAS,nutricion y desarrollo infantil,controles nuevos en ninos menores de 2 anos,2005-07-01,11,11,15,26
JESUS DE MACHACA,nutricion y desarrollo infantil,controles nuevos en ninos menores de 2 anos,2005-07-01,15,15,16,31
LA ASUNTA,nutricion y desarrollo infantil,controles nuevos en ninos menores de 2 anos,2005-07-01,59,59,27,86
LA GUARDIA,nutricion y desarrollo infantil,controles nuevos en ninos menores de 2 anos,2005-07-01,89,89,75,164
LA PAZ,nutricion y desarrollo infantil,controles nuevos en ninos menores de 2 anos,2005-07-01,1146,1146,6067,7213
LA RIVERA,nutricion y desarrollo infantil,controles nuevos en ninos menores de 2 anos,2005-07-01,0,0,2,2
LAGUNILLAS,nutricion y desarrollo infantil,controles nuevos en ninos menores de 2 anos,2005-07-01,4,4,5,9
LAJA,nutricion y desarrollo infantil,controles nuevos en ninos menores de 2 anos,2005-07-01,14,14,15,29
LAS CARRERAS,nutricion y desarrollo infantil,controles nuevos en ninos menores de 2 anos,2005-07-01,7,7,3,10
LICOMA PAMPA,nutricion y desarrollo infantil,controles nuevos en ninos menores de 2 anos,2005-07-01,3,3,5,8
LLALLAGUA,nutricion y desarrollo infantil,controles nuevos en ninos menores de 2 anos,2005-07-01,83,83,79,162
LLICA,nutricion y desarrollo infantil,controles nuevos en ninos menores de 2 anos,2005-07-01,5,5,8,13
LORETO,nutricion y desarrollo infantil,controles nuevos en ninos menores de 2 anos,2005-07-01,11,11,13,24
LURIBAY,nutricion y desarrollo infantil,controles nuevos en ninos menores de 2 anos,2005-07-01,10,10,6,16
MACHACAMARCA,nutricion y desarrollo infantil,controles nuevos en ninos menores de 2 anos,2005-07-01,5,5,3,8
MACHARETI,nutricion y desarrollo infantil,controles nuevos en ninos menores de 2 anos,2005-07-01,11,11,6,17
MAGDALENA,nutricion y desarrollo infantil,controles nuevos en ninos menores de 2 anos,2005-07-01,18,18,7,25
MAIRANA,nutricion y desarrollo infantil,controles nuevos en ninos menores de 2 anos,2005-07-01,12,12,15,27
MALLA,nutricion y desarrollo infantil,controles nuevos en ninos menores de 2 anos,2005-07-01,1,1,2,3
MAPIRI,nutricion y desarrollo infantil,controles nuevos en ninos menores de 2 anos,2005-07-01,10,10,11,21
MECAPACA,nutricion y desarrollo infantil,controles nuevos en ninos menores de 2 anos,2005-07-01,13,13,13,26
MINEROS,nutricion y desarrollo infantil,controles nuevos en ninos menores de 2 anos,2005-07-01,36,36,50,86
MIZQUE,nutricion y desarrollo infantil,controles nuevos en ninos menores de 2 anos,2005-07-01,28,28,41,69
MOCOMOCO,nutricion y desarrollo infantil,controles nuevos en ninos menores de 2 anos,2005-07-01,20,20,23,43
MOJINETE,nutricion y desarrollo infantil,controles nuevos en ninos menores de 2 anos,2005-07-01,1,1,0,1
MOJOCOYA,nutricion y desarrollo infantil,controles nuevos en ninos menores de 2 anos,2005-07-01,15,15,5,20
MONTEAGUDO,nutricion y desarrollo infantil,controles nuevos en ninos menores de 2 anos,2005-07-01,24,24,18,42
MONTERO,nutricion y desarrollo infantil,controles nuevos en ninos menores de 2 anos,2005-07-01,99,99,86,185
MORO MORO,nutricion y desarrollo infantil,controles nuevos en ninos menores de 2 anos,2005-07-01,1,1,3,4
MOROCHATA,nutricion y desarrollo infantil,controles nuevos en ninos menores de 2 anos,2005-07-01,71,71,90,161
NACEBE (SANTA ROSA DEL ABUNA),nutricion y desarrollo infantil,controles nuevos en ninos menores de 2 anos,2005-07-01,1,1,3,4
NAZACARA DE PACAJES,nutricion y desarrollo infantil,controles nuevos en ninos menores de 2 anos,2005-07-01,1,1,0,1
NUEVO MANOA (NUEVA ESPERANZA),nutricion y desarrollo infantil,controles nuevos en ninos menores de 2 anos,2005-07-01,3,3,0,3
OCURI,nutricion y desarrollo infantil,controles nuevos en ninos menores de 2 anos,2005-07-01,31,31,29,60
OKINAWA,nutricion y desarrollo infantil,controles nuevos en ninos menores de 2 anos,2005-07-01,59,59,67,126
OMEREQUE,nutricion y desarrollo infantil,controles nuevos en ninos menores de 2 anos,2005-07-01,5,5,5,10
ORURO,nutricion y desarrollo infantil,controles nuevos en ninos menores de 2 anos,2005-07-01,513,513,442,955
PADCAYA,nutricion y desarrollo infantil,controles nuevos en ninos menores de 2 anos,2005-07-01,17,17,23,40
PADILLA,nutricion y desarrollo infantil,controles nuevos en ninos menores de 2 anos,2005-07-01,16,16,11,27
PAILON,nutricion y desarrollo infantil,controles nuevos en ninos menores de 2 anos,2005-07-01,26,26,25,51
PALCA,nutricion y desarrollo infantil,controles nuevos en ninos menores de 2 anos,2005-07-01,14,14,20,34
PALOS BLANCOS,nutricion y desarrollo infantil,controles nuevos en ninos menores de 2 anos,2005-07-01,35,35,28,63
PAMPA AULLAGAS,nutricion y desarrollo infantil,controles nuevos en ninos menores de 2 anos,2005-07-01,2,2,3,5
PAMPA GRANDE,nutricion y desarrollo infantil,controles nuevos en ninos menores de 2 anos,2005-07-01,6,6,5,11
PAPEL PAMPA,nutricion y desarrollo infantil,controles nuevos en ninos menores de 2 anos,2005-07-01,14,14,10,24
PASORAPA,nutricion y desarrollo infantil,controles nuevos en ninos menores de 2 anos,2005-07-01,4,4,3,7
PATACAMAYA,nutricion y desarrollo infantil,controles nuevos en ninos menores de 2 anos,2005-07-01,34,34,44,78
PAZÑA,nutricion y desarrollo infantil,controles nuevos en ninos menores de 2 anos,2005-07-01,5,5,2,7
PELECHUCO,nutricion y desarrollo infantil,controles nuevos en ninos menores de 2 anos,2005-07-01,12,12,13,25
POCOATA,nutricion y desarrollo infantil,controles nuevos en ninos menores de 2 anos,2005-07-01,24,24,25,49
POCONA,nutricion y desarrollo infantil,controles nuevos en ninos menores de 2 anos,2005-07-01,44,44,30,74
POJO (CBBA),nutricion y desarrollo infantil,controles nuevos en ninos menores de 2 anos,2005-07-01,15,15,31,46
POOPO,nutricion y desarrollo infantil,controles nuevos en ninos menores de 2 anos,2005-07-01,3,3,4,7
PORCO,nutricion y desarrollo infantil,controles nuevos en ninos menores de 2 anos,2005-07-01,10,10,7,17
POROMA,nutricion y desarrollo infantil,controles nuevos en ninos menores de 2 anos,2005-07-01,25,25,32,57
PORONGO,nutricion y desarrollo infantil,controles nuevos en ninos menores de 2 anos,2005-07-01,11,11,12,23
PORTACHUELO,nutricion y desarrollo infantil,controles nuevos en ninos menores de 2 anos,2005-07-01,30,30,15,45
PORVENIR,nutricion y desarrollo infantil,controles nuevos en ninos menores de 2 anos,2005-07-01,6,6,2,8
POSTRER VALLE,nutricion y desarrollo infantil,controles nuevos en ninos menores de 2 anos,2005-07-01,3,3,0,3
POTOSI,nutricion y desarrollo infantil,controles nuevos en ninos menores de 2 anos,2005-07-01,176,176,207,383
PRESTO,nutricion y desarrollo infantil,controles nuevos en ninos menores de 2 anos,2005-07-01,6,6,5,11
PUCARA,nutricion y desarrollo infantil,controles nuevos en ninos menores de 2 anos,2005-07-01,4,4,2,6
PUCARANI,nutricion y desarrollo infantil,controles nuevos en ninos menores de 2 anos,2005-07-01,43,43,52,95
PUERTO ACOSTA,nutricion y desarrollo infantil,controles nuevos en ninos menores de 2 anos,2005-07-01,26,26,20,46
PUERTO CARABUCO,nutricion y desarrollo infantil,controles nuevos en ninos menores de 2 anos,2005-07-01,14,14,8,22
PUERTO GONZALO MORENO,nutricion y desarrollo infantil,controles nuevos en ninos menores de 2 anos,2005-07-01,3,3,2,5
PUERTO PEREZ,nutricion y desarrollo infantil,controles nuevos en ninos menores de 2 anos,2005-07-01,12,12,8,20
PUERTO QUIJARRO,nutricion y desarrollo infantil,controles nuevos en ninos menores de 2 anos,2005-07-01,21,21,18,39
PUERTO RICO,nutricion y desarrollo infantil,controles nuevos en ninos menores de 2 anos,2005-07-01,6,6,6,12
PUERTO SILES,nutricion y desarrollo infantil,controles nuevos en ninos menores de 2 anos,2005-07-01,3,3,0,3
PUERTO SUAREZ,nutricion y desarrollo infantil,controles nuevos en ninos menores de 2 anos,2005-07-01,26,26,10,36
PUERTO VILLARROEL,nutricion y desarrollo infantil,controles nuevos en ninos menores de 2 anos,2005-07-01,78,78,60,138
PUNA,nutricion y desarrollo infantil,controles nuevos en ninos menores de 2 anos,2005-07-01,39,39,38,77
PUNATA,nutricion y desarrollo infantil,controles nuevos en ninos menores de 2 anos,2005-07-01,124,124,140,264
QUIABAYA,nutricion y desarrollo infantil,controles nuevos en ninos menores de 2 anos,2005-07-01,4,4,2,6
QUILLACOLLO,nutricion y desarrollo infantil,controles nuevos en ninos menores de 2 anos,2005-07-01,283,283,267,550
QUIME,nutricion y desarrollo infantil,controles nuevos en ninos menores de 2 anos,2005-07-01,11,11,5,16
QUIRUSILLAS,nutricion y desarrollo infantil,controles nuevos en ninos menores de 2 anos,2005-07-01,2,2,0,2
RAVELO,nutricion y desarrollo infantil,controles nuevos en ninos menores de 2 anos,2005-07-01,21,21,26,47
REYES,nutricion y desarrollo infantil,controles nuevos en ninos menores de 2 anos,2005-07-01,10,10,5,15
RIBERALTA,nutricion y desarrollo infantil,controles nuevos en ninos menores de 2 anos,2005-07-01,141,141,124,265
ROBORE,nutricion y desarrollo infantil,controles nuevos en ninos menores de 2 anos,2005-07-01,32,32,29,61
RURRENABAQUE,nutricion y desarrollo infantil,controles nuevos en ninos menores de 2 anos,2005-07-01,19,19,18,37
SABAYA,nutricion y desarrollo infantil,controles nuevos en ninos menores de 2 anos,2005-07-01,3,3,3,6
SACABA,nutricion y desarrollo infantil,controles nuevos en ninos menores de 2 anos,2005-07-01,352,352,357,709
SACABAMBA,nutricion y desarrollo infantil,controles nuevos en ninos menores de 2 anos,2005-07-01,14,14,13,27
SACACA,nutricion y desarrollo infantil,controles nuevos en ninos menores de 2 anos,2005-07-01,15,15,22,37
SAIPINA,nutricion y desarrollo infantil,controles nuevos en ninos menores de 2 anos,2005-07-01,8,8,8,16
SALINAS DE GARCI MENDOZA,nutricion y desarrollo infantil,controles nuevos en ninos menores de 2 anos,2005-07-01,7,7,4,11
SAMAIPATA,nutricion y desarrollo infantil,controles nuevos en ninos menores de 2 anos,2005-07-01,6,6,10,16
SAN AGUSTIN,nutricion y desarrollo infantil,controles nuevos en ninos menores de 2 anos,2005-07-01,2,2,4,6
SAN ANDRES,nutricion y desarrollo infantil,controles nuevos en ninos menores de 2 anos,2005-07-01,34,34,47,81
SAN ANDRES DE MACHACA,nutricion y desarrollo infantil,controles nuevos en ninos menores de 2 anos,2005-07-01,3,3,4,7
SAN ANTONIO DE ESMORUCO,nutricion y desarrollo infantil,controles nuevos en ninos menores de 2 anos,2005-07-01,0,0,1,1
SAN ANTONIO DE LOMERIO,nutricion y desarrollo infantil,controles nuevos en ninos menores de 2 anos,2005-07-01,9,9,7,16
SAN BENITO,nutricion y desarrollo infantil,controles nuevos en ninos menores de 2 anos,2005-07-01,12,12,19,31
SAN BORJA,nutricion y desarrollo infantil,controles nuevos en ninos menores de 2 anos,2005-07-01,78,78,70,148
SAN BUENA VENTURA,nutricion y desarrollo infantil,controles nuevos en ninos menores de 2 anos,2005-07-01,17,17,9,26
SAN CARLOS,nutricion y desarrollo infantil,controles nuevos en ninos menores de 2 anos,2005-07-01,23,23,18,41
SAN IGNACIO,nutricion y desarrollo infantil,controles nuevos en ninos menores de 2 anos,2005-07-01,63,63,59,122
SAN IGNACIO DE VELASCO,nutricion y desarrollo infantil,controles nuevos en ninos menores de 2 anos,2005-07-01,60,60,96,156
SAN JAVIER(BNI),nutricion y desarrollo infantil,controles nuevos en ninos menores de 2 anos,2005-07-01,6,6,9,15
SAN JAVIER(STC),nutricion y desarrollo infantil,controles nuevos en ninos menores de 2 anos,2005-07-01,11,11,13,24
SAN JOAQUIN,nutricion y desarrollo infantil,controles nuevos en ninos menores de 2 anos,2005-07-01,2,2,3,5
SAN JOSE DE CHIQUITOS,nutricion y desarrollo infantil,controles nuevos en ninos menores de 2 anos,2005-07-01,9,9,14,23
SAN JUAN DE YAPACANI,nutricion y desarrollo infantil,controles nuevos en ninos menores de 2 anos,2005-07-01,8,8,12,20
SAN JULIAN,nutricion y desarrollo infantil,controles nuevos en ninos menores de 2 anos,2005-07-01,74,74,71,145
SAN LORENZO(PND),nutricion y desarrollo infantil,controles nuevos en ninos menores de 2 anos,2005-07-01,3,3,2,5
SAN LORENZO(TJA),nutricion y desarrollo infantil,controles nuevos en ninos menores de 2 anos,2005-07-01,27,27,28,55
SAN LUCAS,nutricion y desarrollo infantil,controles nuevos en ninos menores de 2 anos,2005-07-01,52,52,48,100
SAN MATIAS,nutricion y desarrollo infantil,controles nuevos en ninos menores de 2 anos,2005-07-01,21,21,23,44
SAN MIGUEL DE VELASCO,nutricion y desarrollo infantil,controles nuevos en ninos menores de 2 anos,2005-07-01,8,8,10,18
SAN PABLO DE LIPEZ,nutricion y desarrollo infantil,controles nuevos en ninos menores de 2 anos,2005-07-01,3,3,2,5
SAN PEDRO,nutricion y desarrollo infantil,controles nuevos en ninos menores de 2 anos,2005-07-01,13,13,15,28
SAN PEDRO DE BUENA VISTA,nutricion y desarrollo infantil,controles nuevos en ninos menores de 2 anos,2005-07-01,36,36,29,65
SAN PEDRO DE CURAHUARA,nutricion y desarrollo infantil,controles nuevos en ninos menores de 2 anos,2005-07-01,9,9,6,15
SAN PEDRO DE TIQUINA,nutricion y desarrollo infantil,controles nuevos en ninos menores de 2 anos,2005-07-01,19,19,11,30
SAN PEDRO(PND),nutricion y desarrollo infantil,controles nuevos en ninos menores de 2 anos,2005-07-01,4,4,4,8
SAN RAFAEL,nutricion y desarrollo infantil,controles nuevos en ninos menores de 2 anos,2005-07-01,3,3,6,9
SAN RAMON,nutricion y desarrollo infantil,controles nuevos en ninos menores de 2 anos,2005-07-01,5,5,2,7
SAN RAMON,nutricion y desarrollo infantil,controles nuevos en ninos menores de 2 anos,2005-07-01,2,2,3,5
SANTA ANA,nutricion y desarrollo infantil,controles nuevos en ninos menores de 2 anos,2005-07-01,21,21,24,45
SANTA CRUZ DE LA SIERRA,nutricion y desarrollo infantil,controles nuevos en ninos menores de 2 anos,2005-07-01,2215,2215,2194,4409
SANTA ROSA,nutricion y desarrollo infantil,controles nuevos en ninos menores de 2 anos,2005-07-01,22,22,14,36
SANTA ROSA DEL SARA,nutricion y desarrollo infantil,controles nuevos en ninos menores de 2 anos,2005-07-01,40,40,37,77
SANTIAGO DE CALLAPA,nutricion y desarrollo infantil,controles nuevos en ninos menores de 2 anos,2005-07-01,3,3,4,7
SANTIAGO DE HUARI,nutricion y desarrollo infantil,controles nuevos en ninos menores de 2 anos,2005-07-01,12,12,7,19
SANTIAGO DE MACHACA,nutricion y desarrollo infantil,controles nuevos en ninos menores de 2 anos,2005-07-01,2,2,6,8
SANTIVAÑES,nutricion y desarrollo infantil,controles nuevos en ninos menores de 2 anos,2005-07-01,3,3,6,9
SANTUARIO DE QUILLACAS,nutricion y desarrollo infantil,controles nuevos en ninos menores de 2 anos,2005-07-01,2,2,1,3
SAPAHAQUI,nutricion y desarrollo infantil,controles nuevos en ninos menores de 2 anos,2005-07-01,13,13,18,31
SENA,nutricion y desarrollo infantil,controles nuevos en ninos menores de 2 anos,2005-07-01,4,4,2,6
SICA SICA (VILLA AROMA),nutricion y desarrollo infantil,controles nuevos en ninos menores de 2 anos,2005-07-01,17,17,27,44
SICAYA,nutricion y desarrollo infantil,controles nuevos en ninos menores de 2 anos,2005-07-01,3,3,3,6
SIPE SIPE,nutricion y desarrollo infantil,controles nuevos en ninos menores de 2 anos,2005-07-01,138,138,138,276
SOPACHUY,nutricion y desarrollo infantil,controles nuevos en ninos menores de 2 anos,2005-07-01,7,7,4,11
SORACACHI,nutricion y desarrollo infantil,controles nuevos en ninos menores de 2 anos,2005-07-01,13,13,15,28
SORATA,nutricion y desarrollo infantil,controles nuevos en ninos menores de 2 anos,2005-07-01,34,34,24,58
SUCRE,nutricion y desarrollo infantil,controles nuevos en ninos menores de 2 anos,2005-07-01,439,439,415,854
TACACHI,nutricion y desarrollo infantil,controles nuevos en ninos menores de 2 anos,2005-07-01,0,0,1,1
TACACOMA,nutricion y desarrollo infantil,controles nuevos en ninos menores de 2 anos,2005-07-01,8,8,6,14
TACOBAMBA,nutricion y desarrollo infantil,controles nuevos en ninos menores de 2 anos,2005-07-01,1,1,10,11
TACOPAYA,nutricion y desarrollo infantil,controles nuevos en ninos menores de 2 anos,2005-07-01,13,13,14,27
TAHUA,nutricion y desarrollo infantil,controles nuevos en ninos menores de 2 anos,2005-07-01,1,1,0,1
TAPACARI,nutricion y desarrollo infantil,controles nuevos en ninos menores de 2 anos,2005-07-01,68,68,81,149
TARABUCO,nutricion y desarrollo infantil,controles nuevos en ninos menores de 2 anos,2005-07-01,29,29,36,65
TARACO,nutricion y desarrollo infantil,controles nuevos en ninos menores de 2 anos,2005-07-01,5,5,4,9
TARATA,nutricion y desarrollo infantil,controles nuevos en ninos menores de 2 anos,2005-07-01,10,10,6,16
TARIJA,nutricion y desarrollo infantil,controles nuevos en ninos menores de 2 anos,2005-07-01,613,613,593,1206
TARVITA,nutricion y desarrollo infantil,controles nuevos en ninos menores de 2 anos,2005-07-01,18,18,21,39
TEOPONTE,nutricion y desarrollo infantil,controles nuevos en ninos menores de 2 anos,2005-07-01,6,6,8,14
TIAWANACU,nutricion y desarrollo infantil,controles nuevos en ninos menores de 2 anos,2005-07-01,12,12,19,31
TINGUIPAYA,nutricion y desarrollo infantil,controles nuevos en ninos menores de 2 anos,2005-07-01,38,38,36,74
TIPUANI,nutricion y desarrollo infantil,controles nuevos en ninos menores de 2 anos,2005-07-01,20,20,7,27
TIQUIPAYA,nutricion y desarrollo infantil,controles nuevos en ninos menores de 2 anos,2005-07-01,65,65,50,115
TIRAQUE (CBBA),nutricion y desarrollo infantil,controles nuevos en ninos menores de 2 anos,2005-07-01,296,296,239,535
TITO YUPANQUI (PARQUIPUJIO),nutricion y desarrollo infantil,controles nuevos en ninos menores de 2 anos,2005-07-01,2,2,5,7
TOCO,nutricion y desarrollo infantil,controles nuevos en ninos menores de 2 anos,2005-07-01,3,3,0,3
TOLATA,nutricion y desarrollo infantil,controles nuevos en ninos menores de 2 anos,2005-07-01,25,25,23,48
TOLEDO,nutricion y desarrollo infantil,controles nuevos en ninos menores de 2 anos,2005-07-01,6,6,6,12
TOMAVE,nutricion y desarrollo infantil,controles nuevos en ninos menores de 2 anos,2005-07-01,14,14,13,27
TOMINA,nutricion y desarrollo infantil,controles nuevos en ninos menores de 2 anos,2005-07-01,13,13,6,19
TORO TORO,nutricion y desarrollo infantil,controles nuevos en ninos menores de 2 anos,2005-07-01,26,26,38,64
TOTORA(CBBA),nutricion y desarrollo infantil,controles nuevos en ninos menores de 2 anos,2005-07-01,19,19,24,43
TOTORA(ORR),nutricion y desarrollo infantil,controles nuevos en ninos menores de 2 anos,2005-07-01,4,4,3,7
TRIGAL,nutricion y desarrollo infantil,controles nuevos en ninos menores de 2 anos,2005-07-01,1,1,1,2
TRINIDAD,nutricion y desarrollo infantil,controles nuevos en ninos menores de 2 anos,2005-07-01,395,395,369,764
TUPIZA,nutricion y desarrollo infantil,controles nuevos en ninos menores de 2 anos,2005-07-01,32,32,34,66
TURCO,nutricion y desarrollo infantil,controles nuevos en ninos menores de 2 anos,2005-07-01,3,3,5,8
UMALA,nutricion y desarrollo infantil,controles nuevos en ninos menores de 2 anos,2005-07-01,7,7,4,11
UNCIA,nutricion y desarrollo infantil,controles nuevos en ninos menores de 2 anos,2005-07-01,19,19,22,41
URIONDO (A. CONCEPCION),nutricion y desarrollo infantil,controles nuevos en ninos menores de 2 anos,2005-07-01,16,16,13,29
UYUNI,nutricion y desarrollo infantil,controles nuevos en ninos menores de 2 anos,2005-07-01,28,28,22,50
VACAS,nutricion y desarrollo infantil,controles nuevos en ninos menores de 2 anos,2005-07-01,19,19,14,33
VALLEGRANDE,nutricion y desarrollo infantil,controles nuevos en ninos menores de 2 anos,2005-07-01,25,25,13,38
VIACHA,nutricion y desarrollo infantil,controles nuevos en ninos menores de 2 anos,2005-07-01,68,68,55,123
VILA VILA,nutricion y desarrollo infantil,controles nuevos en ninos menores de 2 anos,2005-07-01,7,7,8,15
VILLA MONTES,nutricion y desarrollo infantil,controles nuevos en ninos menores de 2 anos,2005-07-01,43,43,29,72
VILLA RIVERO,nutricion y desarrollo infantil,controles nuevos en ninos menores de 2 anos,2005-07-01,8,8,10,18
VILLA SERRANO,nutricion y desarrollo infantil,controles nuevos en ninos menores de 2 anos,2005-07-01,11,11,9,20
VILLA TUNARI,nutricion y desarrollo infantil,controles nuevos en ninos menores de 2 anos,2005-07-01,271,271,254,525
VILLA VACA GUZMAN (MUYUPAMPA),nutricion y desarrollo infantil,controles nuevos en ninos menores de 2 anos,2005-07-01,7,7,3,10
VILLAZON,nutricion y desarrollo infantil,controles nuevos en ninos menores de 2 anos,2005-07-01,38,38,38,76
VINTO,nutricion y desarrollo infantil,controles nuevos en ninos menores de 2 anos,2005-07-01,170,170,171,341
VITICHI,nutricion y desarrollo infantil,controles nuevos en ninos menores de 2 anos,2005-07-01,7,7,17,24
WALDO BALLIVIAN,nutricion y desarrollo infantil,controles nuevos en ninos menores de 2 anos,2005-07-01,0,0,3,3
WARNES,nutricion y desarrollo infantil,controles nuevos en ninos menores de 2 anos,2005-07-01,163,163,142,305
YACO,nutricion y desarrollo infantil,controles nuevos en ninos menores de 2 anos,2005-07-01,6,6,8,14
YACUIBA,nutricion y desarrollo infantil,controles nuevos en ninos menores de 2 anos,2005-07-01,126,126,116,242
YAMPARAEZ,nutricion y desarrollo infantil,controles nuevos en ninos menores de 2 anos,2005-07-01,9,9,4,13
YANACACHI,nutricion y desarrollo infantil,controles nuevos en ninos menores de 2 anos,2005-07-01,6,6,2,8
YAPACANI,nutricion y desarrollo infantil,controles nuevos en ninos menores de 2 anos,2005-07-01,45,45,53,98
YOCALLA,nutricion y desarrollo infantil,controles nuevos en ninos menores de 2 anos,2005-07-01,6,6,6,12
YOTALA,nutricion y desarrollo infantil,controles nuevos en ninos menores de 2 anos,2005-07-01,8,8,9,17
YUNCHARA,nutricion y desarrollo infantil,controles nuevos en ninos menores de 2 anos,2005-07-01,3,3,2,5
ZUDAÑEZ,nutricion y desarrollo infantil,controles nuevos en ninos menores de 2 anos,2005-07-01,12,12,11,23
ACACIO,nutricion y desarrollo infantil,controles nuevos en ninos menores de 2 anos,2005-08-01,13,13,10,23
ACHACACHI,nutricion y desarrollo infantil,controles nuevos en ninos menores de 2 anos,2005-08-01,118,118,136,254
ACHOCALLA,nutricion y desarrollo infantil,controles nuevos en ninos menores de 2 anos,2005-08-01,11,11,5,16
AIQUILE,nutricion y desarrollo infantil,controles nuevos en ninos menores de 2 anos,2005-08-01,61,61,50,111
ALALAY,nutricion y desarrollo infantil,controles nuevos en ninos menores de 2 anos,2005-08-01,12,12,5,17
ALCALA,nutricion y desarrollo infantil,controles nuevos en ninos menores de 2 anos,2005-08-01,4,4,5,9
ANCORAIMES,nutricion y desarrollo infantil,controles nuevos en ninos menores de 2 anos,2005-08-01,9,9,11,20
ANDAMARCA,nutricion y desarrollo infantil,controles nuevos en ninos menores de 2 anos,2005-08-01,2,2,1,3
ANTEQUERA,nutricion y desarrollo infantil,controles nuevos en ninos menores de 2 anos,2005-08-01,4,4,7,11
ANZALDO,nutricion y desarrollo infantil,controles nuevos en ninos menores de 2 anos,2005-08-01,11,11,9,20
APOLO,nutricion y desarrollo infantil,controles nuevos en ninos menores de 2 anos,2005-08-01,53,53,52,105
ARAMPAMPA,nutricion y desarrollo infantil,controles nuevos en ninos menores de 2 anos,2005-08-01,13,13,7,20
ARANI,nutricion y desarrollo infantil,controles nuevos en ninos menores de 2 anos,2005-08-01,43,43,34,77
ARBIETO,nutricion y desarrollo infantil,controles nuevos en ninos menores de 2 anos,2005-08-01,21,21,19,40
ARQUE,nutricion y desarrollo infantil,controles nuevos en ninos menores de 2 anos,2005-08-01,8,8,10,18
ASCENCION DE GUARAYOS,nutricion y desarrollo infantil,controles nuevos en ninos menores de 2 anos,2005-08-01,33,33,32,65
ATOCHA,nutricion y desarrollo infantil,controles nuevos en ninos menores de 2 anos,2005-08-01,9,9,11,20
AUCAPATA,nutricion y desarrollo infantil,controles nuevos en ninos menores de 2 anos,2005-08-01,5,5,11,16
AYATA,nutricion y desarrollo infantil,controles nuevos en ninos menores de 2 anos,2005-08-01,16,16,20,36
AYO AYO,nutricion y desarrollo infantil,controles nuevos en ninos menores de 2 anos,2005-08-01,9,9,12,21
AYOPAYA (V. DE INDEPENDENCIA),nutricion y desarrollo infantil,controles nuevos en ninos menores de 2 anos,2005-08-01,28,28,41,69
AZURDUY,nutricion y desarrollo infantil,controles nuevos en ninos menores de 2 anos,2005-08-01,25,25,16,41
BATALLAS,nutricion y desarrollo infantil,controles nuevos en ninos menores de 2 anos,2005-08-01,25,25,21,46
BAURES,nutricion y desarrollo infantil,controles nuevos en ninos menores de 2 anos,2005-08-01,9,9,4,13
BELEN DE ANDAMARCA,nutricion y desarrollo infantil,controles nuevos en ninos menores de 2 anos,2005-08-01,2,2,1,3
BELEN DE URMIRI,nutricion y desarrollo infantil,controles nuevos en ninos menores de 2 anos,2005-08-01,2,2,1,3
BELLA FLOR,nutricion y desarrollo infantil,controles nuevos en ninos menores de 2 anos,2005-08-01,3,3,0,3
BERMEJO,nutricion y desarrollo infantil,controles nuevos en ninos menores de 2 anos,2005-08-01,47,47,42,89
BETANZOS,nutricion y desarrollo infantil,controles nuevos en ninos menores de 2 anos,2005-08-01,46,46,45,91
BOLIVAR,nutricion y desarrollo infantil,controles nuevos en ninos menores de 2 anos,2005-08-01,14,14,13,27
BOLPEBRA,nutricion y desarrollo infantil,controles nuevos en ninos menores de 2 anos,2005-08-01,2,2,2,4
BOYUIBE,nutricion y desarrollo infantil,controles nuevos en ninos menores de 2 anos,2005-08-01,6,6,6,12
BUENA VISTA,nutricion y desarrollo infantil,controles nuevos en ninos menores de 2 anos,2005-08-01,22,22,12,34
CABEZAS,nutricion y desarrollo infantil,controles nuevos en ninos menores de 2 anos,2005-08-01,24,24,27,51
CAIROMA,nutricion y desarrollo infantil,controles nuevos en ninos menores de 2 anos,2005-08-01,9,9,11,20
"CAIZA ""D""",nutricion y desarrollo infantil,controles nuevos en ninos menores de 2 anos,2005-08-01,8,8,6,14
CAJUATA,nutricion y desarrollo infantil,controles nuevos en ninos menores de 2 anos,2005-08-01,10,10,13,23
CALACOTO,nutricion y desarrollo infantil,controles nuevos en ninos menores de 2 anos,2005-08-01,4,4,2,6
CALAMARCA,nutricion y desarrollo infantil,controles nuevos en ninos menores de 2 anos,2005-08-01,12,12,11,23
CAMARGO,nutricion y desarrollo infantil,controles nuevos en ninos menores de 2 anos,2005-08-01,30,30,24,54
CAMATAQUI (C. VILLA ABECIA),nutricion y desarrollo infantil,controles nuevos en ninos menores de 2 anos,2005-08-01,7,7,1,8
CAMIRI,nutricion y desarrollo infantil,controles nuevos en ninos menores de 2 anos,2005-08-01,55,55,89,144
CAPINOTA,nutricion y desarrollo infantil,controles nuevos en ninos menores de 2 anos,2005-08-01,19,19,21,40
CAQUIAVIRI,nutricion y desarrollo infantil,controles nuevos en ninos menores de 2 anos,2005-08-01,7,7,9,16
CARACOLLO,nutricion y desarrollo infantil,controles nuevos en ninos menores de 2 anos,2005-08-01,22,22,27,49
CARANAVI,nutricion y desarrollo infantil,controles nuevos en ninos menores de 2 anos,2005-08-01,109,109,110,219
CARAPARI,nutricion y desarrollo infantil,controles nuevos en ninos menores de 2 anos,2005-08-01,8,8,8,16
CARIPUYO,nutricion y desarrollo infantil,controles nuevos en ninos menores de 2 anos,2005-08-01,16,16,7,23
CARMEN RIVERO TORREZ,nutricion y desarrollo infantil,controles nuevos en ninos menores de 2 anos,2005-08-01,10,10,6,16
CATACORA,nutricion y desarrollo infantil,controles nuevos en ninos menores de 2 anos,2005-08-01,2,2,1,3
CHACARILLA,nutricion y desarrollo infantil,controles nuevos en ninos menores de 2 anos,2005-08-01,3,3,2,5
CHALLAPATA,nutricion y desarrollo infantil,controles nuevos en ninos menores de 2 anos,2005-08-01,46,46,51,97
CHAQUI,nutricion y desarrollo infantil,controles nuevos en ninos menores de 2 anos,2005-08-01,17,17,12,29
CHARAGUA,nutricion y desarrollo infantil,controles nuevos en ninos menores de 2 anos,2005-08-01,26,26,32,58
CHARAÑA,nutricion y desarrollo infantil,controles nuevos en ninos menores de 2 anos,2005-08-01,2,2,1,3
CHAYANTA,nutricion y desarrollo infantil,controles nuevos en ninos menores de 2 anos,2005-08-01,28,28,21,49
CHIMORE,nutricion y desarrollo infantil,controles nuevos en ninos menores de 2 anos,2005-08-01,50,50,61,111
CHIPAYA,nutricion y desarrollo infantil,controles nuevos en ninos menores de 2 anos,2005-08-01,3,3,0,3
CHULUMANI (V. DE LA LIBERTAD),nutricion y desarrollo infantil,controles nuevos en ninos menores de 2 anos,2005-08-01,25,25,16,41
CHUMA,nutricion y desarrollo infantil,controles nuevos en ninos menores de 2 anos,2005-08-01,9,9,7,16
CLIZA,nutricion y desarrollo infantil,controles nuevos en ninos menores de 2 anos,2005-08-01,40,40,44,84
COBIJA,nutricion y desarrollo infantil,controles nuevos en ninos menores de 2 anos,2005-08-01,72,72,60,132
COCHABAMBA,nutricion y desarrollo infantil,controles nuevos en ninos menores de 2 anos,2005-08-01,1927,1927,1710,3637
COLCAPIRHUA,nutricion y desarrollo infantil,controles nuevos en ninos menores de 2 anos,2005-08-01,253,253,227,480
"COLCHA ""K""",nutricion y desarrollo infantil,controles nuevos en ninos menores de 2 anos,2005-08-01,11,11,17,28
COLLANA,nutricion y desarrollo infantil,controles nuevos en ninos menores de 2 anos,2005-08-01,2,2,1,3
COLOMI,nutricion y desarrollo infantil,controles nuevos en ninos menores de 2 anos,2005-08-01,86,86,82,168
COLPA BELGICA,nutricion y desarrollo infantil,controles nuevos en ninos menores de 2 anos,2005-08-01,8,8,15,23
COLQUECHACA,nutricion y desarrollo infantil,controles nuevos en ninos menores de 2 anos,2005-08-01,48,48,43,91
COLQUENCHA,nutricion y desarrollo infantil,controles nuevos en ninos menores de 2 anos,2005-08-01,9,9,5,14
COLQUIRI,nutricion y desarrollo infantil,controles nuevos en ninos menores de 2 anos,2005-08-01,29,29,112,141
COMANCHE,nutricion y desarrollo infantil,controles nuevos en ninos menores de 2 anos,2005-08-01,3,3,2,5
COMARAPA,nutricion y desarrollo infantil,controles nuevos en ninos menores de 2 anos,2005-08-01,19,19,23,42
COMBAYA,nutricion y desarrollo infantil,controles nuevos en ninos menores de 2 anos,2005-08-01,2,2,3,5
CONCEPCION,nutricion y desarrollo infantil,controles nuevos en ninos menores de 2 anos,2005-08-01,13,13,14,27
COPACABANA,nutricion y desarrollo infantil,controles nuevos en ninos menores de 2 anos,2005-08-01,9,9,10,19
CORIPATA,nutricion y desarrollo infantil,controles nuevos en ninos menores de 2 anos,2005-08-01,35,35,29,64
CORO CORO,nutricion y desarrollo infantil,controles nuevos en ninos menores de 2 anos,2005-08-01,10,10,8,18
COROICO,nutricion y desarrollo infantil,controles nuevos en ninos menores de 2 anos,2005-08-01,42,42,39,81
CORQUE,nutricion y desarrollo infantil,controles nuevos en ninos menores de 2 anos,2005-08-01,3,3,5,8
COTAGAITA,nutricion y desarrollo infantil,controles nuevos en ninos menores de 2 anos,2005-08-01,21,21,24,45
COTOCA,nutricion y desarrollo infantil,controles nuevos en ninos menores de 2 anos,2005-08-01,64,64,47,111
CUATRO CAÑADAS,nutricion y desarrollo infantil,controles nuevos en ninos menores de 2 anos,2005-08-01,61,61,46,107
CUCHUMUELA (V. G. VILLARROEL),nutricion y desarrollo infantil,controles nuevos en ninos menores de 2 anos,2005-08-01,1,1,0,1
CUEVO,nutricion y desarrollo infantil,controles nuevos en ninos menores de 2 anos,2005-08-01,5,5,5,10
CULPINA,nutricion y desarrollo infantil,controles nuevos en ninos menores de 2 anos,2005-08-01,38,38,31,69
CURAHUARA DE CARANGAS,nutricion y desarrollo infantil,controles nuevos en ninos menores de 2 anos,2005-08-01,5,5,1,6
CURVA,nutricion y desarrollo infantil,controles nuevos en ninos menores de 2 anos,2005-08-01,2,2,4,6
DESAGUADERO,nutricion y desarrollo infantil,controles nuevos en ninos menores de 2 anos,2005-08-01,5,5,6,11
EL ALTO,nutricion y desarrollo infantil,controles nuevos en ninos menores de 2 anos,2005-08-01,2174,2174,2414,4588
EL CHORO,nutricion y desarrollo infantil,controles nuevos en ninos menores de 2 anos,2005-08-01,6,6,4,10
EL PUENTE(STC),nutricion y desarrollo infantil,controles nuevos en ninos menores de 2 anos,2005-08-01,8,8,7,15
EL PUENTE(TJA),nutricion y desarrollo infantil,controles nuevos en ninos menores de 2 anos,2005-08-01,5,5,6,11
EL TORNO,nutricion y desarrollo infantil,controles nuevos en ninos menores de 2 anos,2005-08-01,126,126,119,245
EL VILLAR,nutricion y desarrollo infantil,controles nuevos en ninos menores de 2 anos,2005-08-01,7,7,7,14
ENTRE RIOS,nutricion y desarrollo infantil,controles nuevos en ninos menores de 2 anos,2005-08-01,42,42,34,76
ENTRE RIOS,nutricion y desarrollo infantil,controles nuevos en ninos menores de 2 anos,2005-08-01,82,82,71,153
EUCALIPTUS,nutricion y desarrollo infantil,controles nuevos en ninos menores de 2 anos,2005-08-01,9,9,2,11
EUREKA (SANTOS MERCADO),nutricion y desarrollo infantil,controles nuevos en ninos menores de 2 anos,2005-08-01,5,5,4,9
EXALTACION,nutricion y desarrollo infantil,controles nuevos en ninos menores de 2 anos,2005-08-01,4,4,2,6
FERNANDEZ ALONSO,nutricion y desarrollo infantil,controles nuevos en ninos menores de 2 anos,2005-08-01,35,35,17,52
FILADELFIA,nutricion y desarrollo infantil,controles nuevos en ninos menores de 2 anos,2005-08-01,2,2,3,5
GENERAL SAAVEDRA,nutricion y desarrollo infantil,controles nuevos en ninos menores de 2 anos,2005-08-01,60,60,56,116
GRAL. J.J. PEREZ (CHARAZANI),nutricion y desarrollo infantil,controles nuevos en ninos menores de 2 anos,2005-08-01,18,18,7,25
GUANAY,nutricion y desarrollo infantil,controles nuevos en ninos menores de 2 anos,2005-08-01,28,28,19,47
GUAQUI,nutricion y desarrollo infantil,controles nuevos en ninos menores de 2 anos,2005-08-01,3,3,11,14
GUAYARAMERIN,nutricion y desarrollo infantil,controles nuevos en ninos menores de 2 anos,2005-08-01,80,80,57,137
GUTIERREZ,nutricion y desarrollo infantil,controles nuevos en ninos menores de 2 anos,2005-08-01,16,16,11,27
HUACARETA,nutricion y desarrollo infantil,controles nuevos en ninos menores de 2 anos,2005-08-01,10,10,8,18
HUACAYA (VILLA DE HUACAYA),nutricion y desarrollo infantil,controles nuevos en ninos menores de 2 anos,2005-08-01,3,3,6,9
HUACHACALLA,nutricion y desarrollo infantil,controles nuevos en ninos menores de 2 anos,2005-08-01,3,3,3,6
HUANUNI,nutricion y desarrollo infantil,controles nuevos en ninos menores de 2 anos,2005-08-01,34,34,24,58
HUARACAJE,nutricion y desarrollo infantil,controles nuevos en ninos menores de 2 anos,2005-08-01,1,1,4,5
HUAYLLAMARCA,nutricion y desarrollo infantil,controles nuevos en ninos menores de 2 anos,2005-08-01,10,10,5,15
ICHOCA,nutricion y desarrollo infantil,controles nuevos en ninos menores de 2 anos,2005-08-01,15,15,12,27
ICLA,nutricion y desarrollo infantil,controles nuevos en ninos menores de 2 anos,2005-08-01,9,9,4,13
INCAHUASI,nutricion y desarrollo infantil,controles nuevos en ninos menores de 2 anos,2005-08-01,47,47,43,90
INGAVI (HUMAITA),nutricion y desarrollo infantil,controles nuevos en ninos menores de 2 anos,2005-08-01,3,3,6,9
INQUISIVI,nutricion y desarrollo infantil,controles nuevos en ninos menores de 2 anos,2005-08-01,19,19,28,47
IRUPANA (VILLA DE LANZA),nutricion y desarrollo infantil,controles nuevos en ninos menores de 2 anos,2005-08-01,9,9,9,18
IXIAMAS,nutricion y desarrollo infantil,controles nuevos en ninos menores de 2 anos,2005-08-01,14,14,17,31
JESUS DE MACHACA,nutricion y desarrollo infantil,controles nuevos en ninos menores de 2 anos,2005-08-01,14,14,12,26
LA ASUNTA,nutricion y desarrollo infantil,controles nuevos en ninos menores de 2 anos,2005-08-01,28,28,20,48
LA GUARDIA,nutricion y desarrollo infantil,controles nuevos en ninos menores de 2 anos,2005-08-01,70,70,82,152
LA PAZ,nutricion y desarrollo infantil,controles nuevos en ninos menores de 2 anos,2005-08-01,1429,1429,1225,2654
LAGUNILLAS,nutricion y desarrollo infantil,controles nuevos en ninos menores de 2 anos,2005-08-01,4,4,9,13
LAJA,nutricion y desarrollo infantil,controles nuevos en ninos menores de 2 anos,2005-08-01,19,19,17,36
LAS CARRERAS,nutricion y desarrollo infantil,controles nuevos en ninos menores de 2 anos,2005-08-01,2,2,4,6
LICOMA PAMPA,nutricion y desarrollo infantil,controles nuevos en ninos menores de 2 anos,2005-08-01,5,5,11,16
LLALLAGUA,nutricion y desarrollo infantil,controles nuevos en ninos menores de 2 anos,2005-08-01,80,80,69,149
LLICA,nutricion y desarrollo infantil,controles nuevos en ninos menores de 2 anos,2005-08-01,2,2,5,7
LORETO,nutricion y desarrollo infantil,controles nuevos en ninos menores de 2 anos,2005-08-01,11,11,16,27
LURIBAY,nutricion y desarrollo infantil,controles nuevos en ninos menores de 2 anos,2005-08-01,21,21,21,42
MACHACAMARCA,nutricion y desarrollo infantil,controles nuevos en ninos menores de 2 anos,2005-08-01,3,3,5,8
MACHARETI,nutricion y desarrollo infantil,controles nuevos en ninos menores de 2 anos,2005-08-01,9,9,9,18
MAGDALENA,nutricion y desarrollo infantil,controles nuevos en ninos menores de 2 anos,2005-08-01,14,14,14,28
MAIRANA,nutricion y desarrollo infantil,controles nuevos en ninos menores de 2 anos,2005-08-01,8,8,8,16
MALLA,nutricion y desarrollo infantil,controles nuevos en ninos menores de 2 anos,2005-08-01,2,2,1,3
MAPIRI,nutricion y desarrollo infantil,controles nuevos en ninos menores de 2 anos,2005-08-01,14,14,14,28
MECAPACA,nutricion y desarrollo infantil,controles nuevos en ninos menores de 2 anos,2005-08-01,13,13,6,19
MINEROS,nutricion y desarrollo infantil,controles nuevos en ninos menores de 2 anos,2005-08-01,25,25,36,61
MIZQUE,nutricion y desarrollo infantil,controles nuevos en ninos menores de 2 anos,2005-08-01,38,38,41,79
MOCOMOCO,nutricion y desarrollo infantil,controles nuevos en ninos menores de 2 anos,2005-08-01,15,15,15,30
MOJINETE,nutricion y desarrollo infantil,controles nuevos en ninos menores de 2 anos,2005-08-01,1,1,1,2
MOJOCOYA,nutricion y desarrollo infantil,controles nuevos en ninos menores de 2 anos,2005-08-01,11,11,8,19
MONTEAGUDO,nutricion y desarrollo infantil,controles nuevos en ninos menores de 2 anos,2005-08-01,51,51,29,80
MONTERO,nutricion y desarrollo infantil,controles nuevos en ninos menores de 2 anos,2005-08-01,101,101,101,202
MORO MORO,nutricion y desarrollo infantil,controles nuevos en ninos menores de 2 anos,2005-08-01,0,0,2,2
MOROCHATA,nutricion y desarrollo infantil,controles nuevos en ninos menores de 2 anos,2005-08-01,195,195,204,399
NACEBE (SANTA ROSA DEL ABUNA),nutricion y desarrollo infantil,controles nuevos en ninos menores de 2 anos,2005-08-01,3,3,3,6
NUEVO MANOA (NUEVA ESPERANZA),nutricion y desarrollo infantil,controles nuevos en ninos menores de 2 anos,2005-08-01,2,2,3,5
OCURI,nutricion y desarrollo infantil,controles nuevos en ninos menores de 2 anos,2005-08-01,35,35,24,59
OKINAWA,nutricion y desarrollo infantil,controles nuevos en ninos menores de 2 anos,2005-08-01,30,30,24,54
OMEREQUE,nutricion y desarrollo infantil,controles nuevos en ninos menores de 2 anos,2005-08-01,16,16,8,24
ORURO,nutricion y desarrollo infantil,controles nuevos en ninos menores de 2 anos,2005-08-01,534,534,513,1047
PADCAYA,nutricion y desarrollo infantil,controles nuevos en ninos menores de 2 anos,2005-08-01,17,17,15,32
PADILLA,nutricion y desarrollo infantil,controles nuevos en ninos menores de 2 anos,2005-08-01,16,16,6,22
PAILON,nutricion y desarrollo infantil,controles nuevos en ninos menores de 2 anos,2005-08-01,12,12,17,29
PALCA,nutricion y desarrollo infantil,controles nuevos en ninos menores de 2 anos,2005-08-01,29,29,33,62
PALOS BLANCOS,nutricion y desarrollo infantil,controles nuevos en ninos menores de 2 anos,2005-08-01,29,29,31,60
PAMPA AULLAGAS,nutricion y desarrollo infantil,controles nuevos en ninos menores de 2 anos,2005-08-01,2,2,6,8
PAMPA GRANDE,nutricion y desarrollo infantil,controles nuevos en ninos menores de 2 anos,2005-08-01,10,10,5,15
PAPEL PAMPA,nutricion y desarrollo infantil,controles nuevos en ninos menores de 2 anos,2005-08-01,7,7,11,18
PASORAPA,nutricion y desarrollo infantil,controles nuevos en ninos menores de 2 anos,2005-08-01,3,3,7,10
PATACAMAYA,nutricion y desarrollo infantil,controles nuevos en ninos menores de 2 anos,2005-08-01,32,32,28,60
PAZÑA,nutricion y desarrollo infantil,controles nuevos en ninos menores de 2 anos,2005-08-01,7,7,3,10
PELECHUCO,nutricion y desarrollo infantil,controles nuevos en ninos menores de 2 anos,2005-08-01,18,18,11,29
POCOATA,nutricion y desarrollo infantil,controles nuevos en ninos menores de 2 anos,2005-08-01,20,20,38,58
POCONA,nutricion y desarrollo infantil,controles nuevos en ninos menores de 2 anos,2005-08-01,53,53,44,97
POJO (CBBA),nutricion y desarrollo infantil,controles nuevos en ninos menores de 2 anos,2005-08-01,20,20,21,41
POOPO,nutricion y desarrollo infantil,controles nuevos en ninos menores de 2 anos,2005-08-01,2,2,2,4
PORCO,nutricion y desarrollo infantil,controles nuevos en ninos menores de 2 anos,2005-08-01,14,14,14,28
POROMA,nutricion y desarrollo infantil,controles nuevos en ninos menores de 2 anos,2005-08-01,37,37,22,59
PORONGO,nutricion y desarrollo infantil,controles nuevos en ninos menores de 2 anos,2005-08-01,9,9,9,18
PORTACHUELO,nutricion y desarrollo infantil,controles nuevos en ninos menores de 2 anos,2005-08-01,38,38,30,68
PORVENIR,nutricion y desarrollo infantil,controles nuevos en ninos menores de 2 anos,2005-08-01,7,7,6,13
POSTRER VALLE,nutricion y desarrollo infantil,controles nuevos en ninos menores de 2 anos,2005-08-01,3,3,4,7
POTOSI,nutricion y desarrollo infantil,controles nuevos en ninos menores de 2 anos,2005-08-01,209,209,202,411
PRESTO,nutricion y desarrollo infantil,controles nuevos en ninos menores de 2 anos,2005-08-01,9,9,11,20
PUCARA,nutricion y desarrollo infantil,controles nuevos en ninos menores de 2 anos,2005-08-01,3,3,5,8
PUCARANI,nutricion y desarrollo infantil,controles nuevos en ninos menores de 2 anos,2005-08-01,55,55,53,108
PUERTO ACOSTA,nutricion y desarrollo infantil,controles nuevos en ninos menores de 2 anos,2005-08-01,28,28,19,47
PUERTO CARABUCO,nutricion y desarrollo infantil,controles nuevos en ninos menores de 2 anos,2005-08-01,16,16,5,21
PUERTO GONZALO MORENO,nutricion y desarrollo infantil,controles nuevos en ninos menores de 2 anos,2005-08-01,5,5,3,8
PUERTO PEREZ,nutricion y desarrollo infantil,controles nuevos en ninos menores de 2 anos,2005-08-01,15,15,8,23
PUERTO QUIJARRO,nutricion y desarrollo infantil,controles nuevos en ninos menores de 2 anos,2005-08-01,15,15,17,32
PUERTO RICO,nutricion y desarrollo infantil,controles nuevos en ninos menores de 2 anos,2005-08-01,5,5,6,11
PUERTO SILES,nutricion y desarrollo infantil,controles nuevos en ninos menores de 2 anos,2005-08-01,2,2,1,3
PUERTO SUAREZ,nutricion y desarrollo infantil,controles nuevos en ninos menores de 2 anos,2005-08-01,19,19,16,35
PUERTO VILLARROEL,nutricion y desarrollo infantil,controles nuevos en ninos menores de 2 anos,2005-08-01,72,72,63,135
PUNA,nutricion y desarrollo infantil,controles nuevos en ninos menores de 2 anos,2005-08-01,49,49,51,100
PUNATA,nutricion y desarrollo infantil,controles nuevos en ninos menores de 2 anos,2005-08-01,129,129,148,277
QUIABAYA,nutricion y desarrollo infantil,controles nuevos en ninos menores de 2 anos,2005-08-01,3,3,7,10
QUILLACOLLO,nutricion y desarrollo infantil,controles nuevos en ninos menores de 2 anos,2005-08-01,369,369,323,692
QUIME,nutricion y desarrollo infantil,controles nuevos en ninos menores de 2 anos,2005-08-01,11,11,11,22
QUIRUSILLAS,nutricion y desarrollo infantil,controles nuevos en ninos menores de 2 anos,2005-08-01,1,1,1,2
RAVELO,nutricion y desarrollo infantil,controles nuevos en ninos menores de 2 anos,2005-08-01,39,39,41,80
REYES,nutricion y desarrollo infantil,controles nuevos en ninos menores de 2 anos,2005-08-01,25,25,27,52
RIBERALTA,nutricion y desarrollo infantil,controles nuevos en ninos menores de 2 anos,2005-08-01,146,146,134,280
ROBORE,nutricion y desarrollo infantil,controles nuevos en ninos menores de 2 anos,2005-08-01,18,18,19,37
RURRENABAQUE,nutricion y desarrollo infantil,controles nuevos en ninos menores de 2 anos,2005-08-01,33,33,32,65
SABAYA,nutricion y desarrollo infantil,controles nuevos en ninos menores de 2 anos,2005-08-01,3,3,4,7
SACABA,nutricion y desarrollo infantil,controles nuevos en ninos menores de 2 anos,2005-08-01,358,358,339,697
SACABAMBA,nutricion y desarrollo infantil,controles nuevos en ninos menores de 2 anos,2005-08-01,24,24,27,51
SACACA,nutricion y desarrollo infantil,controles nuevos en ninos menores de 2 anos,2005-08-01,31,31,37,68
SAIPINA,nutricion y desarrollo infantil,controles nuevos en ninos menores de 2 anos,2005-08-01,8,8,5,13
SALINAS DE GARCI MENDOZA,nutricion y desarrollo infantil,controles nuevos en ninos menores de 2 anos,2005-08-01,8,8,6,14
SAMAIPATA,nutricion y desarrollo infantil,controles nuevos en ninos menores de 2 anos,2005-08-01,7,7,6,13
SAN AGUSTIN,nutricion y desarrollo infantil,controles nuevos en ninos menores de 2 anos,2005-08-01,1,1,2,3
SAN ANDRES,nutricion y desarrollo infantil,controles nuevos en ninos menores de 2 anos,2005-08-01,21,21,14,35
SAN ANDRES DE MACHACA,nutricion y desarrollo infantil,controles nuevos en ninos menores de 2 anos,2005-08-01,4,4,2,6
SAN ANTONIO DE ESMORUCO,nutricion y desarrollo infantil,controles nuevos en ninos menores de 2 anos,2005-08-01,1,1,2,3
SAN ANTONIO DE LOMERIO,nutricion y desarrollo infantil,controles nuevos en ninos menores de 2 anos,2005-08-01,13,13,9,22
SAN BENITO,nutricion y desarrollo infantil,controles nuevos en ninos menores de 2 anos,2005-08-01,15,15,10,25
SAN BORJA,nutricion y desarrollo infantil,controles nuevos en ninos menores de 2 anos,2005-08-01,74,74,81,155
SAN BUENA VENTURA,nutricion y desarrollo infantil,controles nuevos en ninos menores de 2 anos,2005-08-01,10,10,6,16
SAN CARLOS,nutricion y desarrollo infantil,controles nuevos en ninos menores de 2 anos,2005-08-01,20,20,13,33
SAN IGNACIO,nutricion y desarrollo infantil,controles nuevos en ninos menores de 2 anos,2005-08-01,84,84,83,167
SAN IGNACIO DE VELASCO,nutricion y desarrollo infantil,controles nuevos en ninos menores de 2 anos,2005-08-01,101,101,72,173
SAN JAVIER(BNI),nutricion y desarrollo infantil,controles nuevos en ninos menores de 2 anos,2005-08-01,6,6,8,14
SAN JAVIER(STC),nutricion y desarrollo infantil,controles nuevos en ninos menores de 2 anos,2005-08-01,17,17,13,30
SAN JOAQUIN,nutricion y desarrollo infantil,controles nuevos en ninos menores de 2 anos,2005-08-01,2,2,2,4
SAN JOSE DE CHIQUITOS,nutricion y desarrollo infantil,controles nuevos en ninos menores de 2 anos,2005-08-01,6,6,4,10
SAN JUAN DE YAPACANI,nutricion y desarrollo infantil,controles nuevos en ninos menores de 2 anos,2005-08-01,17,17,11,28
SAN JULIAN,nutricion y desarrollo infantil,controles nuevos en ninos menores de 2 anos,2005-08-01,66,66,62,128
SAN LORENZO(PND),nutricion y desarrollo infantil,controles nuevos en ninos menores de 2 anos,2005-08-01,4,4,6,10
SAN LORENZO(TJA),nutricion y desarrollo infantil,controles nuevos en ninos menores de 2 anos,2005-08-01,34,34,23,57
SAN LUCAS,nutricion y desarrollo infantil,controles nuevos en ninos menores de 2 anos,2005-08-01,67,67,38,105
SAN MATIAS,nutricion y desarrollo infantil,controles nuevos en ninos menores de 2 anos,2005-08-01,28,28,20,48
SAN MIGUEL DE VELASCO,nutricion y desarrollo infantil,controles nuevos en ninos menores de 2 anos,2005-08-01,24,24,19,43
SAN PABLO DE LIPEZ,nutricion y desarrollo infantil,controles nuevos en ninos menores de 2 anos,2005-08-01,7,7,4,11
SAN PEDRO,nutricion y desarrollo infantil,controles nuevos en ninos menores de 2 anos,2005-08-01,12,12,15,27
SAN PEDRO DE BUENA VISTA,nutricion y desarrollo infantil,controles nuevos en ninos menores de 2 anos,2005-08-01,48,48,39,87
SAN PEDRO DE CURAHUARA,nutricion y desarrollo infantil,controles nuevos en ninos menores de 2 anos,2005-08-01,9,9,6,15
SAN PEDRO DE TIQUINA,nutricion y desarrollo infantil,controles nuevos en ninos menores de 2 anos,2005-08-01,2,2,10,12
SAN PEDRO(PND),nutricion y desarrollo infantil,controles nuevos en ninos menores de 2 anos,2005-08-01,11,11,17,28
SAN RAFAEL,nutricion y desarrollo infantil,controles nuevos en ninos menores de 2 anos,2005-08-01,4,4,2,6
SAN RAMON,nutricion y desarrollo infantil,controles nuevos en ninos menores de 2 anos,2005-08-01,13,13,5,18
SAN RAMON,nutricion y desarrollo infantil,controles nuevos en ninos menores de 2 anos,2005-08-01,5,5,7,12
SANTA ANA,nutricion y desarrollo infantil,controles nuevos en ninos menores de 2 anos,2005-08-01,36,36,32,68
SANTA CRUZ DE LA SIERRA,nutricion y desarrollo infantil,controles nuevos en ninos menores de 2 anos,2005-08-01,2159,2159,2047,4206
SANTA ROSA,nutricion y desarrollo infantil,controles nuevos en ninos menores de 2 anos,2005-08-01,14,14,9,23
SANTA ROSA DEL SARA,nutricion y desarrollo infantil,controles nuevos en ninos menores de 2 anos,2005-08-01,30,30,28,58
SANTIAGO DE CALLAPA,nutricion y desarrollo infantil,controles nuevos en ninos menores de 2 anos,2005-08-01,8,8,11,19
SANTIAGO DE HUARI,nutricion y desarrollo infantil,controles nuevos en ninos menores de 2 anos,2005-08-01,15,15,6,21
SANTIAGO DE MACHACA,nutricion y desarrollo infantil,controles nuevos en ninos menores de 2 anos,2005-08-01,5,5,4,9
SANTIVAÑES,nutricion y desarrollo infantil,controles nuevos en ninos menores de 2 anos,2005-08-01,9,9,6,15
SANTUARIO DE QUILLACAS,nutricion y desarrollo infantil,controles nuevos en ninos menores de 2 anos,2005-08-01,1,1,3,4
SAPAHAQUI,nutricion y desarrollo infantil,controles nuevos en ninos menores de 2 anos,2005-08-01,11,11,14,25
SENA,nutricion y desarrollo infantil,controles nuevos en ninos menores de 2 anos,2005-08-01,4,4,1,5
SICA SICA (VILLA AROMA),nutricion y desarrollo infantil,controles nuevos en ninos menores de 2 anos,2005-08-01,17,17,23,40
SICAYA,nutricion y desarrollo infantil,controles nuevos en ninos menores de 2 anos,2005-08-01,9,9,4,13
SIPE SIPE,nutricion y desarrollo infantil,controles nuevos en ninos menores de 2 anos,2005-08-01,165,165,163,328
SOPACHUY,nutricion y desarrollo infantil,controles nuevos en ninos menores de 2 anos,2005-08-01,13,13,11,24
SORACACHI,nutricion y desarrollo infantil,controles nuevos en ninos menores de 2 anos,2005-08-01,10,10,11,21
SORATA,nutricion y desarrollo infantil,controles nuevos en ninos menores de 2 anos,2005-08-01,40,40,39,79
SUCRE,nutricion y desarrollo infantil,controles nuevos en ninos menores de 2 anos,2005-08-01,360,360,403,763
TACACHI,nutricion y desarrollo infantil,controles nuevos en ninos menores de 2 anos,2005-08-01,3,3,1,4
TACACOMA,nutricion y desarrollo infantil,controles nuevos en ninos menores de 2 anos,2005-08-01,14,14,11,25
TACOBAMBA,nutricion y desarrollo infantil,controles nuevos en ninos menores de 2 anos,2005-08-01,18,18,17,35
TACOPAYA,nutricion y desarrollo infantil,controles nuevos en ninos menores de 2 anos,2005-08-01,18,18,11,29
TAHUA,nutricion y desarrollo infantil,controles nuevos en ninos menores de 2 anos,2005-08-01,3,3,1,4
TAPACARI,nutricion y desarrollo infantil,controles nuevos en ninos menores de 2 anos,2005-08-01,53,53,59,112
TARABUCO,nutricion y desarrollo infantil,controles nuevos en ninos menores de 2 anos,2005-08-01,30,30,38,68
TARACO,nutricion y desarrollo infantil,controles nuevos en ninos menores de 2 anos,2005-08-01,3,3,3,6
TARATA,nutricion y desarrollo infantil,controles nuevos en ninos menores de 2 anos,2005-08-01,10,10,8,18
TARIJA,nutricion y desarrollo infantil,controles nuevos en ninos menores de 2 anos,2005-08-01,748,748,620,1368
TARVITA,nutricion y desarrollo infantil,controles nuevos en ninos menores de 2 anos,2005-08-01,18,18,13,31
TEOPONTE,nutricion y desarrollo infantil,controles nuevos en ninos menores de 2 anos,2005-08-01,6,6,12,18
TIAWANACU,nutricion y desarrollo infantil,controles nuevos en ninos menores de 2 anos,2005-08-01,17,17,13,30
TINGUIPAYA,nutricion y desarrollo infantil,controles nuevos en ninos menores de 2 anos,2005-08-01,45,45,40,85
TIPUANI,nutricion y desarrollo infantil,controles nuevos en ninos menores de 2 anos,2005-08-01,15,15,18,33
TIQUIPAYA,nutricion y desarrollo infantil,controles nuevos en ninos menores de 2 anos,2005-08-01,81,81,71,152
TIRAQUE (CBBA),nutricion y desarrollo infantil,controles nuevos en ninos menores de 2 anos,2005-08-01,304,304,260,564
TITO YUPANQUI (PARQUIPUJIO),nutricion y desarrollo infantil,controles nuevos en ninos menores de 2 anos,2005-08-01,1,1,2,3
TOCO,nutricion y desarrollo infantil,controles nuevos en ninos menores de 2 anos,2005-08-01,9,9,3,12
TOLATA,nutricion y desarrollo infantil,controles nuevos en ninos menores de 2 anos,2005-08-01,30,30,27,57
TOLEDO,nutricion y desarrollo infantil,controles nuevos en ninos menores de 2 anos,2005-08-01,8,8,8,16
TOMAVE,nutricion y desarrollo infantil,controles nuevos en ninos menores de 2 anos,2005-08-01,24,24,15,39
TOMINA,nutricion y desarrollo infantil,controles nuevos en ninos menores de 2 anos,2005-08-01,14,14,21,35
TORO TORO,nutricion y desarrollo infantil,controles nuevos en ninos menores de 2 anos,2005-08-01,44,44,46,90
TOTORA(CBBA),nutricion y desarrollo infantil,controles nuevos en ninos menores de 2 anos,2005-08-01,28,28,16,44
TOTORA(ORR),nutricion y desarrollo infantil,controles nuevos en ninos menores de 2 anos,2005-08-01,13,13,24,37
TRIGAL,nutricion y desarrollo infantil,controles nuevos en ninos menores de 2 anos,2005-08-01,1,1,3,4
TRINIDAD,nutricion y desarrollo infantil,controles nuevos en ninos menores de 2 anos,2005-08-01,467,467,456,923
TUPIZA,nutricion y desarrollo infantil,controles nuevos en ninos menores de 2 anos,2005-08-01,29,29,29,58
TURCO,nutricion y desarrollo infantil,controles nuevos en ninos menores de 2 anos,2005-08-01,4,4,7,11
UMALA,nutricion y desarrollo infantil,controles nuevos en ninos menores de 2 anos,2005-08-01,2,2,8,10
UNCIA,nutricion y desarrollo infantil,controles nuevos en ninos menores de 2 anos,2005-08-01,33,33,34,67
URIONDO (A. CONCEPCION),nutricion y desarrollo infantil,controles nuevos en ninos menores de 2 anos,2005-08-01,18,18,31,49
URUBICHA,nutricion y desarrollo infantil,controles nuevos en ninos menores de 2 anos,2005-08-01,11,11,13,24
UYUNI,nutricion y desarrollo infantil,controles nuevos en ninos menores de 2 anos,2005-08-01,33,33,14,47
VACAS,nutricion y desarrollo infantil,controles nuevos en ninos menores de 2 anos,2005-08-01,27,27,25,52
VALLEGRANDE,nutricion y desarrollo infantil,controles nuevos en ninos menores de 2 anos,2005-08-01,19,19,17,36
VIACHA,nutricion y desarrollo infantil,controles nuevos en ninos menores de 2 anos,2005-08-01,95,95,100,195
VILA VILA,nutricion y desarrollo infantil,controles nuevos en ninos menores de 2 anos,2005-08-01,3,3,6,9
VILLA MONTES,nutricion y desarrollo infantil,controles nuevos en ninos menores de 2 anos,2005-08-01,99,99,66,165
VILLA NUEVA (LOMA ALTA),nutricion y desarrollo infantil,controles nuevos en ninos menores de 2 anos,2005-08-01,2,2,4,6
VILLA RIVERO,nutricion y desarrollo infantil,controles nuevos en ninos menores de 2 anos,2005-08-01,17,17,10,27
VILLA SERRANO,nutricion y desarrollo infantil,controles nuevos en ninos menores de 2 anos,2005-08-01,13,13,10,23
VILLA TUNARI,nutricion y desarrollo infantil,controles nuevos en ninos menores de 2 anos,2005-08-01,303,303,340,643
VILLA VACA GUZMAN (MUYUPAMPA),nutricion y desarrollo infantil,controles nuevos en ninos menores de 2 anos,2005-08-01,8,8,7,15
VILLAZON,nutricion y desarrollo infantil,controles nuevos en ninos menores de 2 anos,2005-08-01,60,60,47,107
VINTO,nutricion y desarrollo infantil,controles nuevos en ninos menores de 2 anos,2005-08-01,171,171,154,325
VITICHI,nutricion y desarrollo infantil,controles nuevos en ninos menores de 2 anos,2005-08-01,9,9,8,17
WALDO BALLIVIAN,nutricion y desarrollo infantil,controles nuevos en ninos menores de 2 anos,2005-08-01,0,0,6,6
WARNES,nutricion y desarrollo infantil,controles nuevos en ninos menores de 2 anos,2005-08-01,178,178,163,341
YACO,nutricion y desarrollo infantil,controles nuevos en ninos menores de 2 anos,2005-08-01,8,8,10,18
YACUIBA,nutricion y desarrollo infantil,controles nuevos en ninos menores de 2 anos,2005-08-01,40,40,40,80
YAMPARAEZ,nutricion y desarrollo infantil,controles nuevos en ninos menores de 2 anos,2005-08-01,14,14,3,17
YANACACHI,nutricion y desarrollo infantil,controles nuevos en ninos menores de 2 anos,2005-08-01,10,10,4,14
YAPACANI,nutricion y desarrollo infantil,controles nuevos en ninos menores de 2 anos,2005-08-01,61,61,52,113
YOCALLA,nutricion y desarrollo infantil,controles nuevos en ninos menores de 2 anos,2005-08-01,11,11,0,11
YOTALA,nutricion y desarrollo infantil,controles nuevos en ninos menores de 2 anos,2005-08-01,6,6,11,17
YUNCHARA,nutricion y desarrollo infantil,controles nuevos en ninos menores de 2 anos,2005-08-01,4,4,6,10
ZUDAÑEZ,nutricion y desarrollo infantil,controles nuevos en ninos menores de 2 anos,2005-08-01,13,13,7,20
ACACIO,nutricion y desarrollo infantil,controles nuevos en ninos menores de 2 anos,2005-09-01,4,4,9,13
ACHACACHI,nutricion y desarrollo infantil,controles nuevos en ninos menores de 2 anos,2005-09-01,79,79,89,168
ACHOCALLA,nutricion y desarrollo infantil,controles nuevos en ninos menores de 2 anos,2005-09-01,11,11,7,18
AIQUILE,nutricion y desarrollo infantil,controles nuevos en ninos menores de 2 anos,2005-09-01,39,39,32,71
ALALAY,nutricion y desarrollo infantil,controles nuevos en ninos menores de 2 anos,2005-09-01,6,6,10,16
ALCALA,nutricion y desarrollo infantil,controles nuevos en ninos menores de 2 anos,2005-09-01,2,2,1,3
ANCORAIMES,nutricion y desarrollo infantil,controles nuevos en ninos menores de 2 anos,2005-09-01,8,8,12,20
ANDAMARCA,nutricion y desarrollo infantil,controles nuevos en ninos menores de 2 anos,2005-09-01,1,1,1,2
ANTEQUERA,nutricion y desarrollo infantil,controles nuevos en ninos menores de 2 anos,2005-09-01,4,4,3,7
ANZALDO,nutricion y desarrollo infantil,controles nuevos en ninos menores de 2 anos,2005-09-01,15,15,7,22
APOLO,nutricion y desarrollo infantil,controles nuevos en ninos menores de 2 anos,2005-09-01,37,37,50,87
ARAMPAMPA,nutricion y desarrollo infantil,controles nuevos en ninos menores de 2 anos,2005-09-01,4,4,2,6
ARANI,nutricion y desarrollo infantil,controles nuevos en ninos menores de 2 anos,2005-09-01,43,43,36,79
ARBIETO,nutricion y desarrollo infantil,controles nuevos en ninos menores de 2 anos,2005-09-01,22,22,19,41
ARQUE,nutricion y desarrollo infantil,controles nuevos en ninos menores de 2 anos,2005-09-01,21,21,17,38
ASCENCION DE GUARAYOS,nutricion y desarrollo infantil,controles nuevos en ninos menores de 2 anos,2005-09-01,2,2,4,6
ATOCHA,nutricion y desarrollo infantil,controles nuevos en ninos menores de 2 anos,2005-09-01,11,11,6,17
AUCAPATA,nutricion y desarrollo infantil,controles nuevos en ninos menores de 2 anos,2005-09-01,4,4,8,12
AYATA,nutricion y desarrollo infantil,controles nuevos en ninos menores de 2 anos,2005-09-01,9,9,13,22
AYO AYO,nutricion y desarrollo infantil,controles nuevos en ninos menores de 2 anos,2005-09-01,6,6,8,14
AYOPAYA (V. DE INDEPENDENCIA),nutricion y desarrollo infantil,controles nuevos en ninos menores de 2 anos,2005-09-01,22,22,37,59
AZURDUY,nutricion y desarrollo infantil,controles nuevos en ninos menores de 2 anos,2005-09-01,22,22,15,37
BATALLAS,nutricion y desarrollo infantil,controles nuevos en ninos menores de 2 anos,2005-09-01,18,18,9,27
BAURES,nutricion y desarrollo infantil,controles nuevos en ninos menores de 2 anos,2005-09-01,3,3,7,10
BELEN DE ANDAMARCA,nutricion y desarrollo infantil,controles nuevos en ninos menores de 2 anos,2005-09-01,0,0,2,2
BELEN DE URMIRI,nutricion y desarrollo infantil,controles nuevos en ninos menores de 2 anos,2005-09-01,3,3,2,5
BELLA FLOR,nutricion y desarrollo infantil,controles nuevos en ninos menores de 2 anos,2005-09-01,3,3,1,4
BERMEJO,nutricion y desarrollo infantil,controles nuevos en ninos menores de 2 anos,2005-09-01,29,29,35,64
BETANZOS,nutricion y desarrollo infantil,controles nuevos en ninos menores de 2 anos,2005-09-01,36,36,26,62
BOLIVAR,nutricion y desarrollo infantil,controles nuevos en ninos menores de 2 anos,2005-09-01,14,14,13,27
BOLPEBRA,nutricion y desarrollo infantil,controles nuevos en ninos menores de 2 anos,2005-09-01,3,3,4,7
BOYUIBE,nutricion y desarrollo infantil,controles nuevos en ninos menores de 2 anos,2005-09-01,13,13,6,19
BUENA VISTA,nutricion y desarrollo infantil,controles nuevos en ninos menores de 2 anos,2005-09-01,6,6,11,17
CABEZAS,nutricion y desarrollo infantil,controles nuevos en ninos menores de 2 anos,2005-09-01,18,18,29,47
CAIROMA,nutricion y desarrollo infantil,controles nuevos en ninos menores de 2 anos,2005-09-01,13,13,4,17
"CAIZA ""D""",nutricion y desarrollo infantil,controles nuevos en ninos menores de 2 anos,2005-09-01,18,18,10,28
CAJUATA,nutricion y desarrollo infantil,controles nuevos en ninos menores de 2 anos,2005-09-01,9,9,8,17
CALACOTO,nutricion y desarrollo infantil,controles nuevos en ninos menores de 2 anos,2005-09-01,1,1,5,6
CALAMARCA,nutricion y desarrollo infantil,controles nuevos en ninos menores de 2 anos,2005-09-01,9,9,11,20
CAMARGO,nutricion y desarrollo infantil,controles nuevos en ninos menores de 2 anos,2005-09-01,30,30,25,55
CAMATAQUI (C. VILLA ABECIA),nutricion y desarrollo infantil,controles nuevos en ninos menores de 2 anos,2005-09-01,2,2,3,5
CAMIRI,nutricion y desarrollo infantil,controles nuevos en ninos menores de 2 anos,2005-09-01,71,71,99,170
CAPINOTA,nutricion y desarrollo infantil,controles nuevos en ninos menores de 2 anos,2005-09-01,19,19,24,43
CAQUIAVIRI,nutricion y desarrollo infantil,controles nuevos en ninos menores de 2 anos,2005-09-01,10,10,10,20
CARACOLLO,nutricion y desarrollo infantil,controles nuevos en ninos menores de 2 anos,2005-09-01,14,14,13,27
CARANAVI,nutricion y desarrollo infantil,controles nuevos en ninos menores de 2 anos,2005-09-01,99,99,94,193
CARANGAS,nutricion y desarrollo infantil,controles nuevos en ninos menores de 2 anos,2005-09-01,1,1,5,6
CARAPARI,nutricion y desarrollo infantil,controles nuevos en ninos menores de 2 anos,2005-09-01,5,5,9,14
CARIPUYO,nutricion y desarrollo infantil,controles nuevos en ninos menores de 2 anos,2005-09-01,13,13,13,26
CARMEN RIVERO TORREZ,nutricion y desarrollo infantil,controles nuevos en ninos menores de 2 anos,2005-09-01,14,14,8,22
CHACARILLA,nutricion y desarrollo infantil,controles nuevos en ninos menores de 2 anos,2005-09-01,9,9,4,13
CHALLAPATA,nutricion y desarrollo infantil,controles nuevos en ninos menores de 2 anos,2005-09-01,27,27,26,53
CHAQUI,nutricion y desarrollo infantil,controles nuevos en ninos menores de 2 anos,2005-09-01,12,12,8,20
CHARAGUA,nutricion y desarrollo infantil,controles nuevos en ninos menores de 2 anos,2005-09-01,39,39,34,73
CHARAÑA,nutricion y desarrollo infantil,controles nuevos en ninos menores de 2 anos,2005-09-01,3,3,4,7
CHAYANTA,nutricion y desarrollo infantil,controles nuevos en ninos menores de 2 anos,2005-09-01,15,15,16,31
CHIMORE,nutricion y desarrollo infantil,controles nuevos en ninos menores de 2 anos,2005-09-01,68,68,64,132
CHOQUE COTA,nutricion y desarrollo infantil,controles nuevos en ninos menores de 2 anos,2005-09-01,2,2,2,4
CHULUMANI (V. DE LA LIBERTAD),nutricion y desarrollo infantil,controles nuevos en ninos menores de 2 anos,2005-09-01,32,32,28,60
CHUMA,nutricion y desarrollo infantil,controles nuevos en ninos menores de 2 anos,2005-09-01,22,22,5,27
CLIZA,nutricion y desarrollo infantil,controles nuevos en ninos menores de 2 anos,2005-09-01,45,45,35,80
COBIJA,nutricion y desarrollo infantil,controles nuevos en ninos menores de 2 anos,2005-09-01,110,110,104,214
COCHABAMBA,nutricion y desarrollo infantil,controles nuevos en ninos menores de 2 anos,2005-09-01,1708,1708,1662,3370
COLCAPIRHUA,nutricion y desarrollo infantil,controles nuevos en ninos menores de 2 anos,2005-09-01,256,256,234,490
"COLCHA ""K""",nutricion y desarrollo infantil,controles nuevos en ninos menores de 2 anos,2005-09-01,14,14,9,23
COLLANA,nutricion y desarrollo infantil,controles nuevos en ninos menores de 2 anos,2005-09-01,1,1,0,1
COLOMI,nutricion y desarrollo infantil,controles nuevos en ninos menores de 2 anos,2005-09-01,97,97,93,190
COLPA BELGICA,nutricion y desarrollo infantil,controles nuevos en ninos menores de 2 anos,2005-09-01,2,2,6,8
COLQUECHACA,nutricion y desarrollo infantil,controles nuevos en ninos menores de 2 anos,2005-09-01,79,79,76,155
COLQUENCHA,nutricion y desarrollo infantil,controles nuevos en ninos menores de 2 anos,2005-09-01,3,3,7,10
COLQUIRI,nutricion y desarrollo infantil,controles nuevos en ninos menores de 2 anos,2005-09-01,26,26,25,51
COMANCHE,nutricion y desarrollo infantil,controles nuevos en ninos menores de 2 anos,2005-09-01,10,10,5,15
COMARAPA,nutricion y desarrollo infantil,controles nuevos en ninos menores de 2 anos,2005-09-01,19,19,22,41
COMBAYA,nutricion y desarrollo infantil,controles nuevos en ninos menores de 2 anos,2005-09-01,2,2,4,6
CONCEPCION,nutricion y desarrollo infantil,controles nuevos en ninos menores de 2 anos,2005-09-01,7,7,7,14
COPACABANA,nutricion y desarrollo infantil,controles nuevos en ninos menores de 2 anos,2005-09-01,14,14,15,29
CORIPATA,nutricion y desarrollo infantil,controles nuevos en ninos menores de 2 anos,2005-09-01,21,21,17,38
CORO CORO,nutricion y desarrollo infantil,controles nuevos en ninos menores de 2 anos,2005-09-01,6,6,9,15
COROICO,nutricion y desarrollo infantil,controles nuevos en ninos menores de 2 anos,2005-09-01,27,27,26,53
CORQUE,nutricion y desarrollo infantil,controles nuevos en ninos menores de 2 anos,2005-09-01,9,9,4,13
COTAGAITA,nutricion y desarrollo infantil,controles nuevos en ninos menores de 2 anos,2005-09-01,29,29,32,61
COTOCA,nutricion y desarrollo infantil,controles nuevos en ninos menores de 2 anos,2005-09-01,48,48,29,77
CUATRO CAÑADAS,nutricion y desarrollo infantil,controles nuevos en ninos menores de 2 anos,2005-09-01,86,86,66,152
CUCHUMUELA (V. G. VILLARROEL),nutricion y desarrollo infantil,controles nuevos en ninos menores de 2 anos,2005-09-01,4,4,2,6
CUEVO,nutricion y desarrollo infantil,controles nuevos en ninos menores de 2 anos,2005-09-01,1,1,7,8
CULPINA,nutricion y desarrollo infantil,controles nuevos en ninos menores de 2 anos,2005-09-01,23,23,17,40
CURAHUARA DE CARANGAS,nutricion y desarrollo infantil,controles nuevos en ninos menores de 2 anos,2005-09-01,3,3,4,7
CURVA,nutricion y desarrollo infantil,controles nuevos en ninos menores de 2 anos,2005-09-01,5,5,0,5
DESAGUADERO,nutricion y desarrollo infantil,controles nuevos en ninos menores de 2 anos,2005-09-01,6,6,6,12
EL ALTO,nutricion y desarrollo infantil,controles nuevos en ninos menores de 2 anos,2005-09-01,2077,2077,2425,4502
EL CHORO,nutricion y desarrollo infantil,controles nuevos en ninos menores de 2 anos,2005-09-01,4,4,2,6
EL PUENTE(STC),nutricion y desarrollo infantil,controles nuevos en ninos menores de 2 anos,2005-09-01,10,10,8,18
EL PUENTE(TJA),nutricion y desarrollo infantil,controles nuevos en ninos menores de 2 anos,2005-09-01,9,9,6,15
EL TORNO,nutricion y desarrollo infantil,controles nuevos en ninos menores de 2 anos,2005-09-01,45,45,42,87
EL VILLAR,nutricion y desarrollo infantil,controles nuevos en ninos menores de 2 anos,2005-09-01,5,5,4,9
ENTRE RIOS,nutricion y desarrollo infantil,controles nuevos en ninos menores de 2 anos,2005-09-01,21,21,28,49
ENTRE RIOS,nutricion y desarrollo infantil,controles nuevos en ninos menores de 2 anos,2005-09-01,86,86,83,169
ESCARA,nutricion y desarrollo infantil,controles nuevos en ninos menores de 2 anos,2005-09-01,1,1,0,1
EUCALIPTUS,nutricion y desarrollo infantil,controles nuevos en ninos menores de 2 anos,2005-09-01,5,5,5,10
EUREKA (SANTOS MERCADO),nutricion y desarrollo infantil,controles nuevos en ninos menores de 2 anos,2005-09-01,7,7,5,12
EXALTACION,nutricion y desarrollo infantil,controles nuevos en ninos menores de 2 anos,2005-09-01,5,5,2,7
FERNANDEZ ALONSO,nutricion y desarrollo infantil,controles nuevos en ninos menores de 2 anos,2005-09-01,35,35,17,52
FILADELFIA,nutricion y desarrollo infantil,controles nuevos en ninos menores de 2 anos,2005-09-01,9,9,4,13
GENERAL SAAVEDRA,nutricion y desarrollo infantil,controles nuevos en ninos menores de 2 anos,2005-09-01,67,67,86,153
GRAL. J.J. PEREZ (CHARAZANI),nutricion y desarrollo infantil,controles nuevos en ninos menores de 2 anos,2005-09-01,19,19,24,43
GUANAY,nutricion y desarrollo infantil,controles nuevos en ninos menores de 2 anos,2005-09-01,17,17,21,38
GUAQUI,nutricion y desarrollo infantil,controles nuevos en ninos menores de 2 anos,2005-09-01,5,5,7,12
GUAYARAMERIN,nutricion y desarrollo infantil,controles nuevos en ninos menores de 2 anos,2005-09-01,50,50,57,107
GUTIERREZ,nutricion y desarrollo infantil,controles nuevos en ninos menores de 2 anos,2005-09-01,16,16,28,44
HUACARETA,nutricion y desarrollo infantil,controles nuevos en ninos menores de 2 anos,2005-09-01,12,12,11,23
HUACAYA (VILLA DE HUACAYA),nutricion y desarrollo infantil,controles nuevos en ninos menores de 2 anos,2005-09-01,9,9,4,13
HUACHACALLA,nutricion y desarrollo infantil,controles nuevos en ninos menores de 2 anos,2005-09-01,1,1,0,1
HUANUNI,nutricion y desarrollo infantil,controles nuevos en ninos menores de 2 anos,2005-09-01,40,40,32,72
HUARACAJE,nutricion y desarrollo infantil,controles nuevos en ninos menores de 2 anos,2005-09-01,4,4,0,4
HUAYLLAMARCA,nutricion y desarrollo infantil,controles nuevos en ninos menores de 2 anos,2005-09-01,14,14,15,29
ICHOCA,nutricion y desarrollo infantil,controles nuevos en ninos menores de 2 anos,2005-09-01,13,13,10,23
ICLA,nutricion y desarrollo infantil,controles nuevos en ninos menores de 2 anos,2005-09-01,10,10,9,19
INCAHUASI,nutricion y desarrollo infantil,controles nuevos en ninos menores de 2 anos,2005-09-01,30,30,25,55
INQUISIVI,nutricion y desarrollo infantil,controles nuevos en ninos menores de 2 anos,2005-09-01,23,23,19,42
IRUPANA (VILLA DE LANZA),nutricion y desarrollo infantil,controles nuevos en ninos menores de 2 anos,2005-09-01,17,17,19,36
IXIAMAS,nutricion y desarrollo infantil,controles nuevos en ninos menores de 2 anos,2005-09-01,10,10,9,19
JESUS DE MACHACA,nutricion y desarrollo infantil,controles nuevos en ninos menores de 2 anos,2005-09-01,20,20,8,28
LA ASUNTA,nutricion y desarrollo infantil,controles nuevos en ninos menores de 2 anos,2005-09-01,52,52,47,99
LA GUARDIA,nutricion y desarrollo infantil,controles nuevos en ninos menores de 2 anos,2005-09-01,98,98,59,157
LA PAZ,nutricion y desarrollo infantil,controles nuevos en ninos menores de 2 anos,2005-09-01,1215,1215,1209,2424
LAGUNILLAS,nutricion y desarrollo infantil,controles nuevos en ninos menores de 2 anos,2005-09-01,9,9,8,17
LAJA,nutricion y desarrollo infantil,controles nuevos en ninos menores de 2 anos,2005-09-01,14,14,14,28
LAS CARRERAS,nutricion y desarrollo infantil,controles nuevos en ninos menores de 2 anos,2005-09-01,3,3,6,9
LICOMA PAMPA,nutricion y desarrollo infantil,controles nuevos en ninos menores de 2 anos,2005-09-01,1,1,0,1
LLALLAGUA,nutricion y desarrollo infantil,controles nuevos en ninos menores de 2 anos,2005-09-01,41,41,54,95
LLICA,nutricion y desarrollo infantil,controles nuevos en ninos menores de 2 anos,2005-09-01,7,7,5,12
LORETO,nutricion y desarrollo infantil,controles nuevos en ninos menores de 2 anos,2005-09-01,3,3,4,7
LURIBAY,nutricion y desarrollo infantil,controles nuevos en ninos menores de 2 anos,2005-09-01,17,17,9,26
MACHACAMARCA,nutricion y desarrollo infantil,controles nuevos en ninos menores de 2 anos,2005-09-01,0,0,6,6
MACHARETI,nutricion y desarrollo infantil,controles nuevos en ninos menores de 2 anos,2005-09-01,6,6,3,9
MAGDALENA,nutricion y desarrollo infantil,controles nuevos en ninos menores de 2 anos,2005-09-01,6,6,11,17
MAIRANA,nutricion y desarrollo infantil,controles nuevos en ninos menores de 2 anos,2005-09-01,3,3,8,11
MALLA,nutricion y desarrollo infantil,controles nuevos en ninos menores de 2 anos,2005-09-01,2,2,2,4
MAPIRI,nutricion y desarrollo infantil,controles nuevos en ninos menores de 2 anos,2005-09-01,20,20,14,34
MECAPACA,nutricion y desarrollo infantil,controles nuevos en ninos menores de 2 anos,2005-09-01,22,22,20,42
MINEROS,nutricion y desarrollo infantil,controles nuevos en ninos menores de 2 anos,2005-09-01,36,36,35,71
MIZQUE,nutricion y desarrollo infantil,controles nuevos en ninos menores de 2 anos,2005-09-01,42,42,55,97
MOCOMOCO,nutricion y desarrollo infantil,controles nuevos en ninos menores de 2 anos,2005-09-01,32,32,23,55
MOJINETE,nutricion y desarrollo infantil,controles nuevos en ninos menores de 2 anos,2005-09-01,2,2,0,2
MOJOCOYA,nutricion y desarrollo infantil,controles nuevos en ninos menores de 2 anos,2005-09-01,9,9,7,16
MONTEAGUDO,nutricion y desarrollo infantil,controles nuevos en ninos menores de 2 anos,2005-09-01,27,27,29,56
MONTERO,nutricion y desarrollo infantil,controles nuevos en ninos menores de 2 anos,2005-09-01,120,120,140,260
MORO MORO,nutricion y desarrollo infantil,controles nuevos en ninos menores de 2 anos,2005-09-01,1,1,0,1
MOROCHATA,nutricion y desarrollo infantil,controles nuevos en ninos menores de 2 anos,2005-09-01,155,155,130,285
NACEBE (SANTA ROSA DEL ABUNA),nutricion y desarrollo infantil,controles nuevos en ninos menores de 2 anos,2005-09-01,2,2,4,6
NUEVO MANOA (NUEVA ESPERANZA),nutricion y desarrollo infantil,controles nuevos en ninos menores de 2 anos,2005-09-01,5,5,6,11
OCURI,nutricion y desarrollo infantil,controles nuevos en ninos menores de 2 anos,2005-09-01,20,20,31,51
OKINAWA,nutricion y desarrollo infantil,controles nuevos en ninos menores de 2 anos,2005-09-01,17,17,16,33
OMEREQUE,nutricion y desarrollo infantil,controles nuevos en ninos menores de 2 anos,2005-09-01,16,16,7,23
ORURO,nutricion y desarrollo infantil,controles nuevos en ninos menores de 2 anos,2005-09-01,497,497,489,986
PADCAYA,nutricion y desarrollo infantil,controles nuevos en ninos menores de 2 anos,2005-09-01,34,34,23,57
PADILLA,nutricion y desarrollo infantil,controles nuevos en ninos menores de 2 anos,2005-09-01,18,18,15,33
PAILON,nutricion y desarrollo infantil,controles nuevos en ninos menores de 2 anos,2005-09-01,15,15,12,27
PALCA,nutricion y desarrollo infantil,controles nuevos en ninos menores de 2 anos,2005-09-01,21,21,22,43
PALOS BLANCOS,nutricion y desarrollo infantil,controles nuevos en ninos menores de 2 anos,2005-09-01,42,42,30,72
PAMPA AULLAGAS,nutricion y desarrollo infantil,controles nuevos en ninos menores de 2 anos,2005-09-01,0,0,1,1
PAMPA GRANDE,nutricion y desarrollo infantil,controles nuevos en ninos menores de 2 anos,2005-09-01,4,4,10,14
PAPEL PAMPA,nutricion y desarrollo infantil,controles nuevos en ninos menores de 2 anos,2005-09-01,5,5,7,12
PASORAPA,nutricion y desarrollo infantil,controles nuevos en ninos menores de 2 anos,2005-09-01,4,4,2,6
PATACAMAYA,nutricion y desarrollo infantil,controles nuevos en ninos menores de 2 anos,2005-09-01,31,31,23,54
PAZÑA,nutricion y desarrollo infantil,controles nuevos en ninos menores de 2 anos,2005-09-01,2,2,4,6
PELECHUCO,nutricion y desarrollo infantil,controles nuevos en ninos menores de 2 anos,2005-09-01,7,7,9,16
POCOATA,nutricion y desarrollo infantil,controles nuevos en ninos menores de 2 anos,2005-09-01,40,40,39,79
POCONA,nutricion y desarrollo infantil,controles nuevos en ninos menores de 2 anos,2005-09-01,45,45,25,70
POJO (CBBA),nutricion y desarrollo infantil,controles nuevos en ninos menores de 2 anos,2005-09-01,10,10,18,28
POOPO,nutricion y desarrollo infantil,controles nuevos en ninos menores de 2 anos,2005-09-01,2,2,2,4
PORCO,nutricion y desarrollo infantil,controles nuevos en ninos menores de 2 anos,2005-09-01,10,10,7,17
POROMA,nutricion y desarrollo infantil,controles nuevos en ninos menores de 2 anos,2005-09-01,25,25,27,52
PORONGO,nutricion y desarrollo infantil,controles nuevos en ninos menores de 2 anos,2005-09-01,8,8,6,14
PORTACHUELO,nutricion y desarrollo infantil,controles nuevos en ninos menores de 2 anos,2005-09-01,14,14,20,34
PORVENIR,nutricion y desarrollo infantil,controles nuevos en ninos menores de 2 anos,2005-09-01,4,4,10,14
POSTRER VALLE,nutricion y desarrollo infantil,controles nuevos en ninos menores de 2 anos,2005-09-01,4,4,2,6
POTOSI,nutricion y desarrollo infantil,controles nuevos en ninos menores de 2 anos,2005-09-01,226,226,182,408
PRESTO,nutricion y desarrollo infantil,controles nuevos en ninos menores de 2 anos,2005-09-01,10,10,14,24
PUCARA,nutricion y desarrollo infantil,controles nuevos en ninos menores de 2 anos,2005-09-01,1,1,0,1
PUCARANI,nutricion y desarrollo infantil,controles nuevos en ninos menores de 2 anos,2005-09-01,35,35,32,67
PUERTO ACOSTA,nutricion y desarrollo infantil,controles nuevos en ninos menores de 2 anos,2005-09-01,38,38,28,66
PUERTO CARABUCO,nutricion y desarrollo infantil,controles nuevos en ninos menores de 2 anos,2005-09-01,13,13,10,23
PUERTO GONZALO MORENO,nutricion y desarrollo infantil,controles nuevos en ninos menores de 2 anos,2005-09-01,3,3,3,6
PUERTO PEREZ,nutricion y desarrollo infantil,controles nuevos en ninos menores de 2 anos,2005-09-01,3,3,11,14
PUERTO QUIJARRO,nutricion y desarrollo infantil,controles nuevos en ninos menores de 2 anos,2005-09-01,17,17,20,37
PUERTO RICO,nutricion y desarrollo infantil,controles nuevos en ninos menores de 2 anos,2005-09-01,17,17,17,34
PUERTO SILES,nutricion y desarrollo infantil,controles nuevos en ninos menores de 2 anos,2005-09-01,10,10,1,11
PUERTO SUAREZ,nutricion y desarrollo infantil,controles nuevos en ninos menores de 2 anos,2005-09-01,24,24,13,37
PUERTO VILLARROEL,nutricion y desarrollo infantil,controles nuevos en ninos menores de 2 anos,2005-09-01,93,93,92,185
PUNA,nutricion y desarrollo infantil,controles nuevos en ninos menores de 2 anos,2005-09-01,57,57,51,108
PUNATA,nutricion y desarrollo infantil,controles nuevos en ninos menores de 2 anos,2005-09-01,145,145,186,331
QUIABAYA,nutricion y desarrollo infantil,controles nuevos en ninos menores de 2 anos,2005-09-01,3,3,1,4
QUILLACOLLO,nutricion y desarrollo infantil,controles nuevos en ninos menores de 2 anos,2005-09-01,457,457,359,816
QUIME,nutricion y desarrollo infantil,controles nuevos en ninos menores de 2 anos,2005-09-01,9,9,10,19
QUIRUSILLAS,nutricion y desarrollo infantil,controles nuevos en ninos menores de 2 anos,2005-09-01,2,2,0,2
RAVELO,nutricion y desarrollo infantil,controles nuevos en ninos menores de 2 anos,2005-09-01,28,28,33,61
REYES,nutricion y desarrollo infantil,controles nuevos en ninos menores de 2 anos,2005-09-01,10,10,15,25
RIBERALTA,nutricion y desarrollo infantil,controles nuevos en ninos menores de 2 anos,2005-09-01,121,121,117,238
ROBORE,nutricion y desarrollo infantil,controles nuevos en ninos menores de 2 anos,2005-09-01,21,21,28,49
RURRENABAQUE,nutricion y desarrollo infantil,controles nuevos en ninos menores de 2 anos,2005-09-01,26,26,19,45
SABAYA,nutricion y desarrollo infantil,controles nuevos en ninos menores de 2 anos,2005-09-01,3,3,7,10
SACABA,nutricion y desarrollo infantil,controles nuevos en ninos menores de 2 anos,2005-09-01,391,391,325,716
SACABAMBA,nutricion y desarrollo infantil,controles nuevos en ninos menores de 2 anos,2005-09-01,37,37,34,71
SACACA,nutricion y desarrollo infantil,controles nuevos en ninos menores de 2 anos,2005-09-01,27,27,19,46
SAIPINA,nutricion y desarrollo infantil,controles nuevos en ninos menores de 2 anos,2005-09-01,10,10,8,18
SALINAS DE GARCI MENDOZA,nutricion y desarrollo infantil,controles nuevos en ninos menores de 2 anos,2005-09-01,4,4,5,9
SAMAIPATA,nutricion y desarrollo infantil,controles nuevos en ninos menores de 2 anos,2005-09-01,7,7,3,10
SAN AGUSTIN,nutricion y desarrollo infantil,controles nuevos en ninos menores de 2 anos,2005-09-01,4,4,0,4
SAN ANDRES,nutricion y desarrollo infantil,controles nuevos en ninos menores de 2 anos,2005-09-01,21,21,26,47
SAN ANDRES DE MACHACA,nutricion y desarrollo infantil,controles nuevos en ninos menores de 2 anos,2005-09-01,6,6,3,9
SAN ANTONIO DE ESMORUCO,nutricion y desarrollo infantil,controles nuevos en ninos menores de 2 anos,2005-09-01,1,1,2,3
SAN ANTONIO DE LOMERIO,nutricion y desarrollo infantil,controles nuevos en ninos menores de 2 anos,2005-09-01,8,8,8,16
SAN BENITO,nutricion y desarrollo infantil,controles nuevos en ninos menores de 2 anos,2005-09-01,7,7,13,20
SAN BORJA,nutricion y desarrollo infantil,controles nuevos en ninos menores de 2 anos,2005-09-01,83,83,54,137
SAN BUENA VENTURA,nutricion y desarrollo infantil,controles nuevos en ninos menores de 2 anos,2005-09-01,8,8,6,14
SAN CARLOS,nutricion y desarrollo infantil,controles nuevos en ninos menores de 2 anos,2005-09-01,19,19,16,35
SAN IGNACIO,nutricion y desarrollo infantil,controles nuevos en ninos menores de 2 anos,2005-09-01,50,50,44,94
SAN IGNACIO DE VELASCO,nutricion y desarrollo infantil,controles nuevos en ninos menores de 2 anos,2005-09-01,73,73,65,138
SAN JAVIER(BNI),nutricion y desarrollo infantil,controles nuevos en ninos menores de 2 anos,2005-09-01,9,9,10,19
SAN JAVIER(STC),nutricion y desarrollo infantil,controles nuevos en ninos menores de 2 anos,2005-09-01,13,13,14,27
SAN JOSE DE CHIQUITOS,nutricion y desarrollo infantil,controles nuevos en ninos menores de 2 anos,2005-09-01,13,13,12,25
SAN JUAN DE YAPACANI,nutricion y desarrollo infantil,controles nuevos en ninos menores de 2 anos,2005-09-01,14,14,8,22
SAN JULIAN,nutricion y desarrollo infantil,controles nuevos en ninos menores de 2 anos,2005-09-01,57,57,47,104
SAN LORENZO(PND),nutricion y desarrollo infantil,controles nuevos en ninos menores de 2 anos,2005-09-01,3,3,5,8
SAN LORENZO(TJA),nutricion y desarrollo infantil,controles nuevos en ninos menores de 2 anos,2005-09-01,30,30,26,56
SAN LUCAS,nutricion y desarrollo infantil,controles nuevos en ninos menores de 2 anos,2005-09-01,59,59,40,99
SAN MATIAS,nutricion y desarrollo infantil,controles nuevos en ninos menores de 2 anos,2005-09-01,28,28,24,52
SAN MIGUEL DE VELASCO,nutricion y desarrollo infantil,controles nuevos en ninos menores de 2 anos,2005-09-01,8,8,12,20
SAN PABLO DE LIPEZ,nutricion y desarrollo infantil,controles nuevos en ninos menores de 2 anos,2005-09-01,2,2,2,4
SAN PEDRO,nutricion y desarrollo infantil,controles nuevos en ninos menores de 2 anos,2005-09-01,13,13,13,26
SAN PEDRO DE BUENA VISTA,nutricion y desarrollo infantil,controles nuevos en ninos menores de 2 anos,2005-09-01,61,61,57,118
SAN PEDRO DE CURAHUARA,nutricion y desarrollo infantil,controles nuevos en ninos menores de 2 anos,2005-09-01,11,11,7,18
SAN PEDRO DE TIQUINA,nutricion y desarrollo infantil,controles nuevos en ninos menores de 2 anos,2005-09-01,4,4,4,8
SAN PEDRO(PND),nutricion y desarrollo infantil,controles nuevos en ninos menores de 2 anos,2005-09-01,8,8,3,11
SAN RAFAEL,nutricion y desarrollo infantil,controles nuevos en ninos menores de 2 anos,2005-09-01,8,8,4,12
SAN RAMON,nutricion y desarrollo infantil,controles nuevos en ninos menores de 2 anos,2005-09-01,1,1,5,6
SAN RAMON,nutricion y desarrollo infantil,controles nuevos en ninos menores de 2 anos,2005-09-01,9,9,6,15
SANTA ANA,nutricion y desarrollo infantil,controles nuevos en ninos menores de 2 anos,2005-09-01,48,48,52,100
SANTA CRUZ DE LA SIERRA,nutricion y desarrollo infantil,controles nuevos en ninos menores de 2 anos,2005-09-01,2113,2113,2051,4164
SANTA ROSA,nutricion y desarrollo infantil,controles nuevos en ninos menores de 2 anos,2005-09-01,9,9,11,20
SANTA ROSA DEL SARA,nutricion y desarrollo infantil,controles nuevos en ninos menores de 2 anos,2005-09-01,22,22,21,43
SANTIAGO DE CALLAPA,nutricion y desarrollo infantil,controles nuevos en ninos menores de 2 anos,2005-09-01,14,14,10,24
SANTIAGO DE HUARI,nutricion y desarrollo infantil,controles nuevos en ninos menores de 2 anos,2005-09-01,9,9,13,22
SANTIAGO DE MACHACA,nutricion y desarrollo infantil,controles nuevos en ninos menores de 2 anos,2005-09-01,1,1,5,6
SANTIVAÑES,nutricion y desarrollo infantil,controles nuevos en ninos menores de 2 anos,2005-09-01,3,3,2,5
SANTUARIO DE QUILLACAS,nutricion y desarrollo infantil,controles nuevos en ninos menores de 2 anos,2005-09-01,4,4,5,9
SAPAHAQUI,nutricion y desarrollo infantil,controles nuevos en ninos menores de 2 anos,2005-09-01,13,13,8,21
SENA,nutricion y desarrollo infantil,controles nuevos en ninos menores de 2 anos,2005-09-01,8,8,7,15
SICA SICA (VILLA AROMA),nutricion y desarrollo infantil,controles nuevos en ninos menores de 2 anos,2005-09-01,28,28,13,41
SICAYA,nutricion y desarrollo infantil,controles nuevos en ninos menores de 2 anos,2005-09-01,2,2,2,4
SIPE SIPE,nutricion y desarrollo infantil,controles nuevos en ninos menores de 2 anos,2005-09-01,186,186,163,349
SOPACHUY,nutricion y desarrollo infantil,controles nuevos en ninos menores de 2 anos,2005-09-01,6,6,12,18
SORACACHI,nutricion y desarrollo infantil,controles nuevos en ninos menores de 2 anos,2005-09-01,48,48,35,83
SORATA,nutricion y desarrollo infantil,controles nuevos en ninos menores de 2 anos,2005-09-01,18,18,11,29
SUCRE,nutricion y desarrollo infantil,controles nuevos en ninos menores de 2 anos,2005-09-01,355,355,372,727
TACACHI,nutricion y desarrollo infantil,controles nuevos en ninos menores de 2 anos,2005-09-01,3,3,2,5
TACACOMA,nutricion y desarrollo infantil,controles nuevos en ninos menores de 2 anos,2005-09-01,2,2,6,8
TACOBAMBA,nutricion y desarrollo infantil,controles nuevos en ninos menores de 2 anos,2005-09-01,14,14,13,27
TACOPAYA,nutricion y desarrollo infantil,controles nuevos en ninos menores de 2 anos,2005-09-01,14,14,11,25
TAHUA,nutricion y desarrollo infantil,controles nuevos en ninos menores de 2 anos,2005-09-01,3,3,1,4
TAPACARI,nutricion y desarrollo infantil,controles nuevos en ninos menores de 2 anos,2005-09-01,28,28,35,63
TARABUCO,nutricion y desarrollo infantil,controles nuevos en ninos menores de 2 anos,2005-09-01,32,32,31,63
TARACO,nutricion y desarrollo infantil,controles nuevos en ninos menores de 2 anos,2005-09-01,5,5,4,9
TARATA,nutricion y desarrollo infantil,controles nuevos en ninos menores de 2 anos,2005-09-01,12,12,25,37
TARIJA,nutricion y desarrollo infantil,controles nuevos en ninos menores de 2 anos,2005-09-01,682,682,721,1403
TARVITA,nutricion y desarrollo infantil,controles nuevos en ninos menores de 2 anos,2005-09-01,15,15,19,34
TEOPONTE,nutricion y desarrollo infantil,controles nuevos en ninos menores de 2 anos,2005-09-01,12,12,12,24
TIAWANACU,nutricion y desarrollo infantil,controles nuevos en ninos menores de 2 anos,2005-09-01,18,18,15,33
TINGUIPAYA,nutricion y desarrollo infantil,controles nuevos en ninos menores de 2 anos,2005-09-01,29,29,31,60
TIPUANI,nutricion y desarrollo infantil,controles nuevos en ninos menores de 2 anos,2005-09-01,15,15,9,24
TIQUIPAYA,nutricion y desarrollo infantil,controles nuevos en ninos menores de 2 anos,2005-09-01,86,86,84,170
TIRAQUE (CBBA),nutricion y desarrollo infantil,controles nuevos en ninos menores de 2 anos,2005-09-01,257,257,256,513
TITO YUPANQUI (PARQUIPUJIO),nutricion y desarrollo infantil,controles nuevos en ninos menores de 2 anos,2005-09-01,0,0,1,1
TOCO,nutricion y desarrollo infantil,controles nuevos en ninos menores de 2 anos,2005-09-01,4,4,6,10
TODOS SANTOS,nutricion y desarrollo infantil,controles nuevos en ninos menores de 2 anos,2005-09-01,0,0,2,2
TOLATA,nutricion y desarrollo infantil,controles nuevos en ninos menores de 2 anos,2005-09-01,5,5,4,9
TOLEDO,nutricion y desarrollo infantil,controles nuevos en ninos menores de 2 anos,2005-09-01,8,8,4,12
TOMAVE,nutricion y desarrollo infantil,controles nuevos en ninos menores de 2 anos,2005-09-01,16,16,9,25
TOMINA,nutricion y desarrollo infantil,controles nuevos en ninos menores de 2 anos,2005-09-01,11,11,6,17
TORO TORO,nutricion y desarrollo infantil,controles nuevos en ninos menores de 2 anos,2005-09-01,31,31,42,73
TOTORA(CBBA),nutricion y desarrollo infantil,controles nuevos en ninos menores de 2 anos,2005-09-01,20,20,20,40
TOTORA(ORR),nutricion y desarrollo infantil,controles nuevos en ninos menores de 2 anos,2005-09-01,5,5,6,11
TRIGAL,nutricion y desarrollo infantil,controles nuevos en ninos menores de 2 anos,2005-09-01,1,1,2,3
TRINIDAD,nutricion y desarrollo infantil,controles nuevos en ninos menores de 2 anos,2005-09-01,488,488,463,951
TUPIZA,nutricion y desarrollo infantil,controles nuevos en ninos menores de 2 anos,2005-09-01,37,37,48,85
TURCO,nutricion y desarrollo infantil,controles nuevos en ninos menores de 2 anos,2005-09-01,8,8,14,22
UMALA,nutricion y desarrollo infantil,controles nuevos en ninos menores de 2 anos,2005-09-01,16,16,12,28
UNCIA,nutricion y desarrollo infantil,controles nuevos en ninos menores de 2 anos,2005-09-01,49,49,55,104
URIONDO (A. CONCEPCION),nutricion y desarrollo infantil,controles nuevos en ninos menores de 2 anos,2005-09-01,16,16,26,42
UYUNI,nutricion y desarrollo infantil,controles nuevos en ninos menores de 2 anos,2005-09-01,34,34,27,61
VACAS,nutricion y desarrollo infantil,controles nuevos en ninos menores de 2 anos,2005-09-01,20,20,17,37
VALLEGRANDE,nutricion y desarrollo infantil,controles nuevos en ninos menores de 2 anos,2005-09-01,26,26,35,61
VIACHA,nutricion y desarrollo infantil,controles nuevos en ninos menores de 2 anos,2005-09-01,120,120,116,236
VILA VILA,nutricion y desarrollo infantil,controles nuevos en ninos menores de 2 anos,2005-09-01,5,5,7,12
VILLA MONTES,nutricion y desarrollo infantil,controles nuevos en ninos menores de 2 anos,2005-09-01,66,66,44,110
VILLA NUEVA (LOMA ALTA),nutricion y desarrollo infantil,controles nuevos en ninos menores de 2 anos,2005-09-01,8,8,9,17
VILLA RIVERO,nutricion y desarrollo infantil,controles nuevos en ninos menores de 2 anos,2005-09-01,9,9,11,20
VILLA SERRANO,nutricion y desarrollo infantil,controles nuevos en ninos menores de 2 anos,2005-09-01,12,12,12,24
VILLA TUNARI,nutricion y desarrollo infantil,controles nuevos en ninos menores de 2 anos,2005-09-01,180,180,190,370
VILLA VACA GUZMAN (MUYUPAMPA),nutricion y desarrollo infantil,controles nuevos en ninos menores de 2 anos,2005-09-01,6,6,12,18
VILLAZON,nutricion y desarrollo infantil,controles nuevos en ninos menores de 2 anos,2005-09-01,46,46,38,84
VINTO,nutricion y desarrollo infantil,controles nuevos en ninos menores de 2 anos,2005-09-01,128,128,131,259
VITICHI,nutricion y desarrollo infantil,controles nuevos en ninos menores de 2 anos,2005-09-01,9,9,12,21
WALDO BALLIVIAN,nutricion y desarrollo infantil,controles nuevos en ninos menores de 2 anos,2005-09-01,2,2,1,3
WARNES,nutricion y desarrollo infantil,controles nuevos en ninos menores de 2 anos,2005-09-01,156,156,139,295
YACO,nutricion y desarrollo infantil,controles nuevos en ninos menores de 2 anos,2005-09-01,6,6,8,14
YACUIBA,nutricion y desarrollo infantil,controles nuevos en ninos menores de 2 anos,2005-09-01,81,81,77,158
YAMPARAEZ,nutricion y desarrollo infantil,controles nuevos en ninos menores de 2 anos,2005-09-01,13,13,13,26
YANACACHI,nutricion y desarrollo infantil,controles nuevos en ninos menores de 2 anos,2005-09-01,2,2,4,6
YAPACANI,nutricion y desarrollo infantil,controles nuevos en ninos menores de 2 anos,2005-09-01,33,33,45,78
YOCALLA,nutricion y desarrollo infantil,controles nuevos en ninos menores de 2 anos,2005-09-01,4,4,3,7
YOTALA,nutricion y desarrollo infantil,controles nuevos en ninos menores de 2 anos,2005-09-01,8,8,8,16
YUNCHARA,nutricion y desarrollo infantil,controles nuevos en ninos menores de 2 anos,2005-09-01,1,1,5,6
ZUDAÑEZ,nutricion y desarrollo infantil,controles nuevos en ninos menores de 2 anos,2005-09-01,8,8,3,11
ACACIO,nutricion y desarrollo infantil,controles nuevos en ninos menores de 2 anos,2005-10-01,8,8,8,16
ACHACACHI,nutricion y desarrollo infantil,controles nuevos en ninos menores de 2 anos,2005-10-01,66,66,69,135
ACHOCALLA,nutricion y desarrollo infantil,controles nuevos en ninos menores de 2 anos,2005-10-01,13,13,21,34
AIQUILE,nutricion y desarrollo infantil,controles nuevos en ninos menores de 2 anos,2005-10-01,34,34,35,69
ALALAY,nutricion y desarrollo infantil,controles nuevos en ninos menores de 2 anos,2005-10-01,3,3,3,6
ALCALA,nutricion y desarrollo infantil,controles nuevos en ninos menores de 2 anos,2005-10-01,3,3,2,5
ANCORAIMES,nutricion y desarrollo infantil,controles nuevos en ninos menores de 2 anos,2005-10-01,15,15,14,29
ANDAMARCA,nutricion y desarrollo infantil,controles nuevos en ninos menores de 2 anos,2005-10-01,1,1,3,4
ANTEQUERA,nutricion y desarrollo infantil,controles nuevos en ninos menores de 2 anos,2005-10-01,1,1,1,2
ANZALDO,nutricion y desarrollo infantil,controles nuevos en ninos menores de 2 anos,2005-10-01,21,21,42,63
APOLO,nutricion y desarrollo infantil,controles nuevos en ninos menores de 2 anos,2005-10-01,19,19,20,39
ARAMPAMPA,nutricion y desarrollo infantil,controles nuevos en ninos menores de 2 anos,2005-10-01,0,0,1,1
ARANI,nutricion y desarrollo infantil,controles nuevos en ninos menores de 2 anos,2005-10-01,21,21,29,50
ARBIETO,nutricion y desarrollo infantil,controles nuevos en ninos menores de 2 anos,2005-10-01,24,24,16,40
ARQUE,nutricion y desarrollo infantil,controles nuevos en ninos menores de 2 anos,2005-10-01,14,14,14,28
ASCENCION DE GUARAYOS,nutricion y desarrollo infantil,controles nuevos en ninos menores de 2 anos,2005-10-01,17,17,21,38
ATOCHA,nutricion y desarrollo infantil,controles nuevos en ninos menores de 2 anos,2005-10-01,12,12,15,27
AUCAPATA,nutricion y desarrollo infantil,controles nuevos en ninos menores de 2 anos,2005-10-01,11,11,8,19
AYATA,nutricion y desarrollo infantil,controles nuevos en ninos menores de 2 anos,2005-10-01,17,17,12,29
AYO AYO,nutricion y desarrollo infantil,controles nuevos en ninos menores de 2 anos,2005-10-01,9,9,11,20
AYOPAYA (V. DE INDEPENDENCIA),nutricion y desarrollo infantil,controles nuevos en ninos menores de 2 anos,2005-10-01,72,72,66,138
AZURDUY,nutricion y desarrollo infantil,controles nuevos en ninos menores de 2 anos,2005-10-01,10,10,18,28
BATALLAS,nutricion y desarrollo infantil,controles nuevos en ninos menores de 2 anos,2005-10-01,24,24,19,43
BAURES,nutricion y desarrollo infantil,controles nuevos en ninos menores de 2 anos,2005-10-01,13,13,4,17
BELEN DE URMIRI,nutricion y desarrollo infantil,controles nuevos en ninos menores de 2 anos,2005-10-01,4,4,0,4
BELLA FLOR,nutricion y desarrollo infantil,controles nuevos en ninos menores de 2 anos,2005-10-01,1,1,0,1
BERMEJO,nutricion y desarrollo infantil,controles nuevos en ninos menores de 2 anos,2005-10-01,69,69,81,150
BETANZOS,nutricion y desarrollo infantil,controles nuevos en ninos menores de 2 anos,2005-10-01,34,34,33,67
BOLIVAR,nutricion y desarrollo infantil,controles nuevos en ninos menores de 2 anos,2005-10-01,10,10,8,18
BOLPEBRA,nutricion y desarrollo infantil,controles nuevos en ninos menores de 2 anos,2005-10-01,1,1,1,2
BOYUIBE,nutricion y desarrollo infantil,controles nuevos en ninos menores de 2 anos,2005-10-01,5,5,2,7
BUENA VISTA,nutricion y desarrollo infantil,controles nuevos en ninos menores de 2 anos,2005-10-01,17,17,17,34
CABEZAS,nutricion y desarrollo infantil,controles nuevos en ninos menores de 2 anos,2005-10-01,25,25,15,40
CAIROMA,nutricion y desarrollo infantil,controles nuevos en ninos menores de 2 anos,2005-10-01,10,10,6,16
"CAIZA ""D""",nutricion y desarrollo infantil,controles nuevos en ninos menores de 2 anos,2005-10-01,10,10,11,21
CAJUATA,nutricion y desarrollo infantil,controles nuevos en ninos menores de 2 anos,2005-10-01,14,14,4,18
CALACOTO,nutricion y desarrollo infantil,controles nuevos en ninos menores de 2 anos,2005-10-01,3,3,3,6
CALAMARCA,nutricion y desarrollo infantil,controles nuevos en ninos menores de 2 anos,2005-10-01,15,15,11,26
CAMARGO,nutricion y desarrollo infantil,controles nuevos en ninos menores de 2 anos,2005-10-01,16,16,25,41
CAMATAQUI (C. VILLA ABECIA),nutricion y desarrollo infantil,controles nuevos en ninos menores de 2 anos,2005-10-01,2,2,5,7
CAMIRI,nutricion y desarrollo infantil,controles nuevos en ninos menores de 2 anos,2005-10-01,60,60,77,137
CAPINOTA,nutricion y desarrollo infantil,controles nuevos en ninos menores de 2 anos,2005-10-01,88,88,72,160
CAQUIAVIRI,nutricion y desarrollo infantil,controles nuevos en ninos menores de 2 anos,2005-10-01,6,6,6,12
CARACOLLO,nutricion y desarrollo infantil,controles nuevos en ninos menores de 2 anos,2005-10-01,13,13,14,27
CARANAVI,nutricion y desarrollo infantil,controles nuevos en ninos menores de 2 anos,2005-10-01,77,77,61,138
CARANGAS,nutricion y desarrollo infantil,controles nuevos en ninos menores de 2 anos,2005-10-01,6,6,2,8
CARAPARI,nutricion y desarrollo infantil,controles nuevos en ninos menores de 2 anos,2005-10-01,11,11,13,24
CARIPUYO,nutricion y desarrollo infantil,controles nuevos en ninos menores de 2 anos,2005-10-01,6,6,8,14
CARMEN RIVERO TORREZ,nutricion y desarrollo infantil,controles nuevos en ninos menores de 2 anos,2005-10-01,7,7,13,20
CATACORA,nutricion y desarrollo infantil,controles nuevos en ninos menores de 2 anos,2005-10-01,2,2,0,2
CHACARILLA,nutricion y desarrollo infantil,controles nuevos en ninos menores de 2 anos,2005-10-01,1,1,0,1
CHALLAPATA,nutricion y desarrollo infantil,controles nuevos en ninos menores de 2 anos,2005-10-01,40,40,36,76
CHAQUI,nutricion y desarrollo infantil,controles nuevos en ninos menores de 2 anos,2005-10-01,11,11,7,18
CHARAGUA,nutricion y desarrollo infantil,controles nuevos en ninos menores de 2 anos,2005-10-01,29,29,20,49
CHARAÑA,nutricion y desarrollo infantil,controles nuevos en ninos menores de 2 anos,2005-10-01,1,1,4,5
CHAYANTA,nutricion y desarrollo infantil,controles nuevos en ninos menores de 2 anos,2005-10-01,19,19,23,42
CHIMORE,nutricion y desarrollo infantil,controles nuevos en ninos menores de 2 anos,2005-10-01,52,52,49,101
CHIPAYA,nutricion y desarrollo infantil,controles nuevos en ninos menores de 2 anos,2005-10-01,3,3,3,6
CHOQUE COTA,nutricion y desarrollo infantil,controles nuevos en ninos menores de 2 anos,2005-10-01,3,3,2,5
CHULUMANI (V. DE LA LIBERTAD),nutricion y desarrollo infantil,controles nuevos en ninos menores de 2 anos,2005-10-01,34,34,19,53
CHUMA,nutricion y desarrollo infantil,controles nuevos en ninos menores de 2 anos,2005-10-01,8,8,8,16
CLIZA,nutricion y desarrollo infantil,controles nuevos en ninos menores de 2 anos,2005-10-01,86,86,68,154
COBIJA,nutricion y desarrollo infantil,controles nuevos en ninos menores de 2 anos,2005-10-01,55,55,84,139
COCHABAMBA,nutricion y desarrollo infantil,controles nuevos en ninos menores de 2 anos,2005-10-01,1823,1823,1684,3507
COLCAPIRHUA,nutricion y desarrollo infantil,controles nuevos en ninos menores de 2 anos,2005-10-01,300,300,293,593
"COLCHA ""K""",nutricion y desarrollo infantil,controles nuevos en ninos menores de 2 anos,2005-10-01,8,8,7,15
COLLANA,nutricion y desarrollo infantil,controles nuevos en ninos menores de 2 anos,2005-10-01,3,3,2,5
COLOMI,nutricion y desarrollo infantil,controles nuevos en ninos menores de 2 anos,2005-10-01,106,106,91,197
COLPA BELGICA,nutricion y desarrollo infantil,controles nuevos en ninos menores de 2 anos,2005-10-01,8,8,5,13
COLQUECHACA,nutricion y desarrollo infantil,controles nuevos en ninos menores de 2 anos,2005-10-01,46,46,65,111
COLQUENCHA,nutricion y desarrollo infantil,controles nuevos en ninos menores de 2 anos,2005-10-01,4,4,4,8
COLQUIRI,nutricion y desarrollo infantil,controles nuevos en ninos menores de 2 anos,2005-10-01,32,32,30,62
COMANCHE,nutricion y desarrollo infantil,controles nuevos en ninos menores de 2 anos,2005-10-01,0,0,1,1
COMARAPA,nutricion y desarrollo infantil,controles nuevos en ninos menores de 2 anos,2005-10-01,19,19,22,41
COMBAYA,nutricion y desarrollo infantil,controles nuevos en ninos menores de 2 anos,2005-10-01,2,2,1,3
CONCEPCION,nutricion y desarrollo infantil,controles nuevos en ninos menores de 2 anos,2005-10-01,7,7,9,16
COPACABANA,nutricion y desarrollo infantil,controles nuevos en ninos menores de 2 anos,2005-10-01,15,15,16,31
CORIPATA,nutricion y desarrollo infantil,controles nuevos en ninos menores de 2 anos,2005-10-01,23,23,20,43
CORO CORO,nutricion y desarrollo infantil,controles nuevos en ninos menores de 2 anos,2005-10-01,5,5,8,13
COROICO,nutricion y desarrollo infantil,controles nuevos en ninos menores de 2 anos,2005-10-01,9,9,9,18
CORQUE,nutricion y desarrollo infantil,controles nuevos en ninos menores de 2 anos,2005-10-01,8,8,4,12
COTAGAITA,nutricion y desarrollo infantil,controles nuevos en ninos menores de 2 anos,2005-10-01,28,28,27,55
COTOCA,nutricion y desarrollo infantil,controles nuevos en ninos menores de 2 anos,2005-10-01,45,45,30,75
CUATRO CAÑADAS,nutricion y desarrollo infantil,controles nuevos en ninos menores de 2 anos,2005-10-01,78,78,54,132
CUCHUMUELA (V. G. VILLARROEL),nutricion y desarrollo infantil,controles nuevos en ninos menores de 2 anos,2005-10-01,4,4,3,7
CUEVO,nutricion y desarrollo infantil,controles nuevos en ninos menores de 2 anos,2005-10-01,3,3,5,8
CULPINA,nutricion y desarrollo infantil,controles nuevos en ninos menores de 2 anos,2005-10-01,30,30,30,60
CURAHUARA DE CARANGAS,nutricion y desarrollo infantil,controles nuevos en ninos menores de 2 anos,2005-10-01,6,6,9,15
CURVA,nutricion y desarrollo infantil,controles nuevos en ninos menores de 2 anos,2005-10-01,4,4,3,7
DESAGUADERO,nutricion y desarrollo infantil,controles nuevos en ninos menores de 2 anos,2005-10-01,7,7,4,11
EL ALTO,nutricion y desarrollo infantil,controles nuevos en ninos menores de 2 anos,2005-10-01,1958,1958,1968,3926
EL CHORO,nutricion y desarrollo infantil,controles nuevos en ninos menores de 2 anos,2005-10-01,2,2,5,7
EL PUENTE(STC),nutricion y desarrollo infantil,controles nuevos en ninos menores de 2 anos,2005-10-01,23,23,20,43
EL PUENTE(TJA),nutricion y desarrollo infantil,controles nuevos en ninos menores de 2 anos,2005-10-01,5,5,10,15
EL TORNO,nutricion y desarrollo infantil,controles nuevos en ninos menores de 2 anos,2005-10-01,49,49,46,95
EL VILLAR,nutricion y desarrollo infantil,controles nuevos en ninos menores de 2 anos,2005-10-01,3,3,1,4
ENTRE RIOS,nutricion y desarrollo infantil,controles nuevos en ninos menores de 2 anos,2005-10-01,21,21,21,42
ENTRE RIOS,nutricion y desarrollo infantil,controles nuevos en ninos menores de 2 anos,2005-10-01,61,61,77,138
EUCALIPTUS,nutricion y desarrollo infantil,controles nuevos en ninos menores de 2 anos,2005-10-01,5,5,3,8
EUREKA (SANTOS MERCADO),nutricion y desarrollo infantil,controles nuevos en ninos menores de 2 anos,2005-10-01,3,3,2,5
EXALTACION,nutricion y desarrollo infantil,controles nuevos en ninos menores de 2 anos,2005-10-01,4,4,2,6
FERNANDEZ ALONSO,nutricion y desarrollo infantil,controles nuevos en ninos menores de 2 anos,2005-10-01,15,15,16,31
FILADELFIA,nutricion y desarrollo infantil,controles nuevos en ninos menores de 2 anos,2005-10-01,2,2,2,4
GENERAL SAAVEDRA,nutricion y desarrollo infantil,controles nuevos en ninos menores de 2 anos,2005-10-01,40,40,27,67
GRAL. J.J. PEREZ (CHARAZANI),nutricion y desarrollo infantil,controles nuevos en ninos menores de 2 anos,2005-10-01,22,22,5,27
GUANAY,nutricion y desarrollo infantil,controles nuevos en ninos menores de 2 anos,2005-10-01,33,33,29,62
GUAQUI,nutricion y desarrollo infantil,controles nuevos en ninos menores de 2 anos,2005-10-01,9,9,10,19
GUAYARAMERIN,nutricion y desarrollo infantil,controles nuevos en ninos menores de 2 anos,2005-10-01,47,47,49,96
GUTIERREZ,nutricion y desarrollo infantil,controles nuevos en ninos menores de 2 anos,2005-10-01,9,9,16,25
HUACARETA,nutricion y desarrollo infantil,controles nuevos en ninos menores de 2 anos,2005-10-01,10,10,14,24
HUACAYA (VILLA DE HUACAYA),nutricion y desarrollo infantil,controles nuevos en ninos menores de 2 anos,2005-10-01,6,6,3,9
HUACHACALLA,nutricion y desarrollo infantil,controles nuevos en ninos menores de 2 anos,2005-10-01,2,2,3,5
HUANUNI,nutricion y desarrollo infantil,controles nuevos en ninos menores de 2 anos,2005-10-01,64,64,45,109
HUARACAJE,nutricion y desarrollo infantil,controles nuevos en ninos menores de 2 anos,2005-10-01,3,3,3,6
HUAYLLAMARCA,nutricion y desarrollo infantil,controles nuevos en ninos menores de 2 anos,2005-10-01,10,10,7,17
ICHOCA,nutricion y desarrollo infantil,controles nuevos en ninos menores de 2 anos,2005-10-01,12,12,8,20
ICLA,nutricion y desarrollo infantil,controles nuevos en ninos menores de 2 anos,2005-10-01,8,8,9,17
INCAHUASI,nutricion y desarrollo infantil,controles nuevos en ninos menores de 2 anos,2005-10-01,30,30,31,61
INGAVI (HUMAITA),nutricion y desarrollo infantil,controles nuevos en ninos menores de 2 anos,2005-10-01,0,0,1,1
INQUISIVI,nutricion y desarrollo infantil,controles nuevos en ninos menores de 2 anos,2005-10-01,14,14,14,28
IRUPANA (VILLA DE LANZA),nutricion y desarrollo infantil,controles nuevos en ninos menores de 2 anos,2005-10-01,16,16,26,42
IXIAMAS,nutricion y desarrollo infantil,controles nuevos en ninos menores de 2 anos,2005-10-01,15,15,8,23
JESUS DE MACHACA,nutricion y desarrollo infantil,controles nuevos en ninos menores de 2 anos,2005-10-01,17,17,10,27
LA ASUNTA,nutricion y desarrollo infantil,controles nuevos en ninos menores de 2 anos,2005-10-01,36,36,34,70
LA GUARDIA,nutricion y desarrollo infantil,controles nuevos en ninos menores de 2 anos,2005-10-01,68,68,65,133
LA PAZ,nutricion y desarrollo infantil,controles nuevos en ninos menores de 2 anos,2005-10-01,1207,1207,1176,2383
LA RIVERA,nutricion y desarrollo infantil,controles nuevos en ninos menores de 2 anos,2005-10-01,0,0,1,1
LAGUNILLAS,nutricion y desarrollo infantil,controles nuevos en ninos menores de 2 anos,2005-10-01,7,7,8,15
LAJA,nutricion y desarrollo infantil,controles nuevos en ninos menores de 2 anos,2005-10-01,27,27,17,44
LAS CARRERAS,nutricion y desarrollo infantil,controles nuevos en ninos menores de 2 anos,2005-10-01,4,4,6,10
LICOMA PAMPA,nutricion y desarrollo infantil,controles nuevos en ninos menores de 2 anos,2005-10-01,0,0,3,3
LLALLAGUA,nutricion y desarrollo infantil,controles nuevos en ninos menores de 2 anos,2005-10-01,86,86,77,163
LLICA,nutricion y desarrollo infantil,controles nuevos en ninos menores de 2 anos,2005-10-01,5,5,4,9
LORETO,nutricion y desarrollo infantil,controles nuevos en ninos menores de 2 anos,2005-10-01,10,10,12,22
LURIBAY,nutricion y desarrollo infantil,controles nuevos en ninos menores de 2 anos,2005-10-01,11,11,5,16
MACHACAMARCA,nutricion y desarrollo infantil,controles nuevos en ninos menores de 2 anos,2005-10-01,4,4,2,6
MACHARETI,nutricion y desarrollo infantil,controles nuevos en ninos menores de 2 anos,2005-10-01,3,3,6,9
MAGDALENA,nutricion y desarrollo infantil,controles nuevos en ninos menores de 2 anos,2005-10-01,11,11,7,18
MAIRANA,nutricion y desarrollo infantil,controles nuevos en ninos menores de 2 anos,2005-10-01,8,8,7,15
MALLA,nutricion y desarrollo infantil,controles nuevos en ninos menores de 2 anos,2005-10-01,0,0,3,3
MAPIRI,nutricion y desarrollo infantil,controles nuevos en ninos menores de 2 anos,2005-10-01,14,14,10,24
MECAPACA,nutricion y desarrollo infantil,controles nuevos en ninos menores de 2 anos,2005-10-01,23,23,13,36
MINEROS,nutricion y desarrollo infantil,controles nuevos en ninos menores de 2 anos,2005-10-01,23,23,22,45
MIZQUE,nutricion y desarrollo infantil,controles nuevos en ninos menores de 2 anos,2005-10-01,41,41,47,88
MOCOMOCO,nutricion y desarrollo infantil,controles nuevos en ninos menores de 2 anos,2005-10-01,10,10,17,27
MOJINETE,nutricion y desarrollo infantil,controles nuevos en ninos menores de 2 anos,2005-10-01,0,0,2,2
MOJOCOYA,nutricion y desarrollo infantil,controles nuevos en ninos menores de 2 anos,2005-10-01,9,9,4,13
MONTEAGUDO,nutricion y desarrollo infantil,controles nuevos en ninos menores de 2 anos,2005-10-01,29,29,23,52
MONTERO,nutricion y desarrollo infantil,controles nuevos en ninos menores de 2 anos,2005-10-01,139,139,125,264
MORO MORO,nutricion y desarrollo infantil,controles nuevos en ninos menores de 2 anos,2005-10-01,4,4,4,8
MOROCHATA,nutricion y desarrollo infantil,controles nuevos en ninos menores de 2 anos,2005-10-01,91,91,77,168
NACEBE (SANTA ROSA DEL ABUNA),nutricion y desarrollo infantil,controles nuevos en ninos menores de 2 anos,2005-10-01,2,2,1,3
NUEVO MANOA (NUEVA ESPERANZA),nutricion y desarrollo infantil,controles nuevos en ninos menores de 2 anos,2005-10-01,18,18,12,30
OCURI,nutricion y desarrollo infantil,controles nuevos en ninos menores de 2 anos,2005-10-01,19,19,27,46
OKINAWA,nutricion y desarrollo infantil,controles nuevos en ninos menores de 2 anos,2005-10-01,22,22,10,32
OMEREQUE,nutricion y desarrollo infantil,controles nuevos en ninos menores de 2 anos,2005-10-01,9,9,14,23
ORURO,nutricion y desarrollo infantil,controles nuevos en ninos menores de 2 anos,2005-10-01,612,612,541,1153
PADCAYA,nutricion y desarrollo infantil,controles nuevos en ninos menores de 2 anos,2005-10-01,23,23,15,38
PADILLA,nutricion y desarrollo infantil,controles nuevos en ninos menores de 2 anos,2005-10-01,18,18,13,31
PAILON,nutricion y desarrollo infantil,controles nuevos en ninos menores de 2 anos,2005-10-01,14,14,12,26
PALCA,nutricion y desarrollo infantil,controles nuevos en ninos menores de 2 anos,2005-10-01,14,14,20,34
PALOS BLANCOS,nutricion y desarrollo infantil,controles nuevos en ninos menores de 2 anos,2005-10-01,44,44,38,82
PAMPA AULLAGAS,nutricion y desarrollo infantil,controles nuevos en ninos menores de 2 anos,2005-10-01,0,0,3,3
PAMPA GRANDE,nutricion y desarrollo infantil,controles nuevos en ninos menores de 2 anos,2005-10-01,10,10,15,25
PAPEL PAMPA,nutricion y desarrollo infantil,controles nuevos en ninos menores de 2 anos,2005-10-01,9,9,8,17
PASORAPA,nutricion y desarrollo infantil,controles nuevos en ninos menores de 2 anos,2005-10-01,4,4,5,9
PATACAMAYA,nutricion y desarrollo infantil,controles nuevos en ninos menores de 2 anos,2005-10-01,35,35,37,72
PAZÑA,nutricion y desarrollo infantil,controles nuevos en ninos menores de 2 anos,2005-10-01,5,5,2,7
PELECHUCO,nutricion y desarrollo infantil,controles nuevos en ninos menores de 2 anos,2005-10-01,6,6,12,18
POCOATA,nutricion y desarrollo infantil,controles nuevos en ninos menores de 2 anos,2005-10-01,18,18,12,30
POCONA,nutricion y desarrollo infantil,controles nuevos en ninos menores de 2 anos,2005-10-01,16,16,28,44
POJO (CBBA),nutricion y desarrollo infantil,controles nuevos en ninos menores de 2 anos,2005-10-01,13,13,15,28
POOPO,nutricion y desarrollo infantil,controles nuevos en ninos menores de 2 anos,2005-10-01,4,4,0,4
PORCO,nutricion y desarrollo infantil,controles nuevos en ninos menores de 2 anos,2005-10-01,4,4,5,9
POROMA,nutricion y desarrollo infantil,controles nuevos en ninos menores de 2 anos,2005-10-01,18,18,14,32
PORONGO,nutricion y desarrollo infantil,controles nuevos en ninos menores de 2 anos,2005-10-01,8,8,11,19
PORTACHUELO,nutricion y desarrollo infantil,controles nuevos en ninos menores de 2 anos,2005-10-01,40,40,29,69
PORVENIR,nutricion y desarrollo infantil,controles nuevos en ninos menores de 2 anos,2005-10-01,5,5,5,10
POSTRER VALLE,nutricion y desarrollo infantil,controles nuevos en ninos menores de 2 anos,2005-10-01,0,0,2,2
POTOSI,nutricion y desarrollo infantil,controles nuevos en ninos menores de 2 anos,2005-10-01,164,164,154,318
PRESTO,nutricion y desarrollo infantil,controles nuevos en ninos menores de 2 anos,2005-10-01,7,7,4,11
PUCARA,nutricion y desarrollo infantil,controles nuevos en ninos menores de 2 anos,2005-10-01,2,2,2,4
PUCARANI,nutricion y desarrollo infantil,controles nuevos en ninos menores de 2 anos,2005-10-01,42,42,47,89
PUERTO ACOSTA,nutricion y desarrollo infantil,controles nuevos en ninos menores de 2 anos,2005-10-01,32,32,20,52
PUERTO CARABUCO,nutricion y desarrollo infantil,controles nuevos en ninos menores de 2 anos,2005-10-01,27,27,23,50
PUERTO GONZALO MORENO,nutricion y desarrollo infantil,controles nuevos en ninos menores de 2 anos,2005-10-01,7,7,3,10
PUERTO PEREZ,nutricion y desarrollo infantil,controles nuevos en ninos menores de 2 anos,2005-10-01,10,10,11,21
PUERTO QUIJARRO,nutricion y desarrollo infantil,controles nuevos en ninos menores de 2 anos,2005-10-01,19,19,17,36
PUERTO RICO,nutricion y desarrollo infantil,controles nuevos en ninos menores de 2 anos,2005-10-01,8,8,5,13
PUERTO SILES,nutricion y desarrollo infantil,controles nuevos en ninos menores de 2 anos,2005-10-01,6,6,10,16
PUERTO SUAREZ,nutricion y desarrollo infantil,controles nuevos en ninos menores de 2 anos,2005-10-01,10,10,10,20
PUERTO VILLARROEL,nutricion y desarrollo infantil,controles nuevos en ninos menores de 2 anos,2005-10-01,142,142,129,271
PUNA,nutricion y desarrollo infantil,controles nuevos en ninos menores de 2 anos,2005-10-01,38,38,32,70
PUNATA,nutricion y desarrollo infantil,controles nuevos en ninos menores de 2 anos,2005-10-01,163,163,167,330
QUIABAYA,nutricion y desarrollo infantil,controles nuevos en ninos menores de 2 anos,2005-10-01,2,2,0,2
QUILLACOLLO,nutricion y desarrollo infantil,controles nuevos en ninos menores de 2 anos,2005-10-01,353,353,306,659
QUIME,nutricion y desarrollo infantil,controles nuevos en ninos menores de 2 anos,2005-10-01,10,10,7,17
QUIRUSILLAS,nutricion y desarrollo infantil,controles nuevos en ninos menores de 2 anos,2005-10-01,1,1,1,2
RAVELO,nutricion y desarrollo infantil,controles nuevos en ninos menores de 2 anos,2005-10-01,33,33,26,59
REYES,nutricion y desarrollo infantil,controles nuevos en ninos menores de 2 anos,2005-10-01,3,3,13,16
RIBERALTA,nutricion y desarrollo infantil,controles nuevos en ninos menores de 2 anos,2005-10-01,129,129,120,249
ROBORE,nutricion y desarrollo infantil,controles nuevos en ninos menores de 2 anos,2005-10-01,16,16,26,42
RURRENABAQUE,nutricion y desarrollo infantil,controles nuevos en ninos menores de 2 anos,2005-10-01,24,24,15,39
SABAYA,nutricion y desarrollo infantil,controles nuevos en ninos menores de 2 anos,2005-10-01,6,6,8,14
SACABA,nutricion y desarrollo infantil,controles nuevos en ninos menores de 2 anos,2005-10-01,454,454,401,855
SACABAMBA,nutricion y desarrollo infantil,controles nuevos en ninos menores de 2 anos,2005-10-01,22,22,25,47
SACACA,nutricion y desarrollo infantil,controles nuevos en ninos menores de 2 anos,2005-10-01,24,24,22,46
SAIPINA,nutricion y desarrollo infantil,controles nuevos en ninos menores de 2 anos,2005-10-01,11,11,11,22
SALINAS DE GARCI MENDOZA,nutricion y desarrollo infantil,controles nuevos en ninos menores de 2 anos,2005-10-01,13,13,7,20
SAMAIPATA,nutricion y desarrollo infantil,controles nuevos en ninos menores de 2 anos,2005-10-01,8,8,5,13
SAN AGUSTIN,nutricion y desarrollo infantil,controles nuevos en ninos menores de 2 anos,2005-10-01,2,2,2,4
SAN ANDRES,nutricion y desarrollo infantil,controles nuevos en ninos menores de 2 anos,2005-10-01,30,30,30,60
SAN ANDRES DE MACHACA,nutricion y desarrollo infantil,controles nuevos en ninos menores de 2 anos,2005-10-01,4,4,0,4
SAN ANTONIO DE LOMERIO,nutricion y desarrollo infantil,controles nuevos en ninos menores de 2 anos,2005-10-01,6,6,5,11
SAN BENITO,nutricion y desarrollo infantil,controles nuevos en ninos menores de 2 anos,2005-10-01,15,15,11,26
SAN BORJA,nutricion y desarrollo infantil,controles nuevos en ninos menores de 2 anos,2005-10-01,70,70,83,153
SAN BUENA VENTURA,nutricion y desarrollo infantil,controles nuevos en ninos menores de 2 anos,2005-10-01,12,12,7,19
SAN CARLOS,nutricion y desarrollo infantil,controles nuevos en ninos menores de 2 anos,2005-10-01,22,22,18,40
SAN IGNACIO,nutricion y desarrollo infantil,controles nuevos en ninos menores de 2 anos,2005-10-01,39,39,26,65
SAN IGNACIO DE VELASCO,nutricion y desarrollo infantil,controles nuevos en ninos menores de 2 anos,2005-10-01,61,61,65,126
SAN JAVIER(BNI),nutricion y desarrollo infantil,controles nuevos en ninos menores de 2 anos,2005-10-01,7,7,9,16
SAN JAVIER(STC),nutricion y desarrollo infantil,controles nuevos en ninos menores de 2 anos,2005-10-01,19,19,16,35
SAN JOSE DE CHIQUITOS,nutricion y desarrollo infantil,controles nuevos en ninos menores de 2 anos,2005-10-01,10,10,11,21
SAN JUAN DE YAPACANI,nutricion y desarrollo infantil,controles nuevos en ninos menores de 2 anos,2005-10-01,9,9,9,18
SAN JULIAN,nutricion y desarrollo infantil,controles nuevos en ninos menores de 2 anos,2005-10-01,46,46,42,88
SAN LORENZO(PND),nutricion y desarrollo infantil,controles nuevos en ninos menores de 2 anos,2005-10-01,21,21,12,33
SAN LORENZO(TJA),nutricion y desarrollo infantil,controles nuevos en ninos menores de 2 anos,2005-10-01,23,23,19,42
SAN LUCAS,nutricion y desarrollo infantil,controles nuevos en ninos menores de 2 anos,2005-10-01,49,49,35,84
SAN MATIAS,nutricion y desarrollo infantil,controles nuevos en ninos menores de 2 anos,2005-10-01,15,15,10,25
SAN MIGUEL DE VELASCO,nutricion y desarrollo infantil,controles nuevos en ninos menores de 2 anos,2005-10-01,12,12,13,25
SAN PEDRO,nutricion y desarrollo infantil,controles nuevos en ninos menores de 2 anos,2005-10-01,23,23,29,52
SAN PEDRO DE BUENA VISTA,nutricion y desarrollo infantil,controles nuevos en ninos menores de 2 anos,2005-10-01,28,28,24,52
SAN PEDRO DE CURAHUARA,nutricion y desarrollo infantil,controles nuevos en ninos menores de 2 anos,2005-10-01,9,9,6,15
SAN PEDRO DE TIQUINA,nutricion y desarrollo infantil,controles nuevos en ninos menores de 2 anos,2005-10-01,4,4,3,7
SAN PEDRO(PND),nutricion y desarrollo infantil,controles nuevos en ninos menores de 2 anos,2005-10-01,14,14,16,30
SAN RAFAEL,nutricion y desarrollo infantil,controles nuevos en ninos menores de 2 anos,2005-10-01,9,9,3,12
SAN RAMON,nutricion y desarrollo infantil,controles nuevos en ninos menores de 2 anos,2005-10-01,2,2,2,4
SAN RAMON,nutricion y desarrollo infantil,controles nuevos en ninos menores de 2 anos,2005-10-01,6,6,15,21
SANTA ANA,nutricion y desarrollo infantil,controles nuevos en ninos menores de 2 anos,2005-10-01,41,41,36,77
SANTA CRUZ DE LA SIERRA,nutricion y desarrollo infantil,controles nuevos en ninos menores de 2 anos,2005-10-01,2659,2659,2401,5060
SANTA ROSA,nutricion y desarrollo infantil,controles nuevos en ninos menores de 2 anos,2005-10-01,17,17,18,35
SANTA ROSA DEL SARA,nutricion y desarrollo infantil,controles nuevos en ninos menores de 2 anos,2005-10-01,7,7,10,17
SANTIAGO DE CALLAPA,nutricion y desarrollo infantil,controles nuevos en ninos menores de 2 anos,2005-10-01,4,4,7,11
SANTIAGO DE HUARI,nutricion y desarrollo infantil,controles nuevos en ninos menores de 2 anos,2005-10-01,9,9,24,33
SANTIAGO DE MACHACA,nutricion y desarrollo infantil,controles nuevos en ninos menores de 2 anos,2005-10-01,3,3,5,8
SANTIVAÑES,nutricion y desarrollo infantil,controles nuevos en ninos menores de 2 anos,2005-10-01,2,2,6,8
SANTUARIO DE QUILLACAS,nutricion y desarrollo infantil,controles nuevos en ninos menores de 2 anos,2005-10-01,3,3,2,5
SAPAHAQUI,nutricion y desarrollo infantil,controles nuevos en ninos menores de 2 anos,2005-10-01,16,16,11,27
SENA,nutricion y desarrollo infantil,controles nuevos en ninos menores de 2 anos,2005-10-01,2,2,0,2
SICA SICA (VILLA AROMA),nutricion y desarrollo infantil,controles nuevos en ninos menores de 2 anos,2005-10-01,14,14,10,24
SICAYA,nutricion y desarrollo infantil,controles nuevos en ninos menores de 2 anos,2005-10-01,1,1,0,1
SIPE SIPE,nutricion y desarrollo infantil,controles nuevos en ninos menores de 2 anos,2005-10-01,162,162,146,308
SOPACHUY,nutricion y desarrollo infantil,controles nuevos en ninos menores de 2 anos,2005-10-01,11,11,9,20
SORACACHI,nutricion y desarrollo infantil,controles nuevos en ninos menores de 2 anos,2005-10-01,13,13,15,28
SORATA,nutricion y desarrollo infantil,controles nuevos en ninos menores de 2 anos,2005-10-01,42,42,44,86
SUCRE,nutricion y desarrollo infantil,controles nuevos en ninos menores de 2 anos,2005-10-01,327,327,335,662
TACACHI,nutricion y desarrollo infantil,controles nuevos en ninos menores de 2 anos,2005-10-01,5,5,1,6
TACACOMA,nutricion y desarrollo infantil,controles nuevos en ninos menores de 2 anos,2005-10-01,5,5,8,13
TACOBAMBA,nutricion y desarrollo infantil,controles nuevos en ninos menores de 2 anos,2005-10-01,21,21,21,42
TACOPAYA,nutricion y desarrollo infantil,controles nuevos en ninos menores de 2 anos,2005-10-01,23,23,21,44
TAPACARI,nutricion y desarrollo infantil,controles nuevos en ninos menores de 2 anos,2005-10-01,52,52,44,96
TARABUCO,nutricion y desarrollo infantil,controles nuevos en ninos menores de 2 anos,2005-10-01,24,24,29,53
TARACO,nutricion y desarrollo infantil,controles nuevos en ninos menores de 2 anos,2005-10-01,3,3,7,10
TARATA,nutricion y desarrollo infantil,controles nuevos en ninos menores de 2 anos,2005-10-01,8,8,6,14
TARIJA,nutricion y desarrollo infantil,controles nuevos en ninos menores de 2 anos,2005-10-01,679,679,569,1248
TARVITA,nutricion y desarrollo infantil,controles nuevos en ninos menores de 2 anos,2005-10-01,26,26,11,37
TEOPONTE,nutricion y desarrollo infantil,controles nuevos en ninos menores de 2 anos,2005-10-01,3,3,12,15
TIAWANACU,nutricion y desarrollo infantil,controles nuevos en ninos menores de 2 anos,2005-10-01,22,22,15,37
TINGUIPAYA,nutricion y desarrollo infantil,controles nuevos en ninos menores de 2 anos,2005-10-01,47,47,39,86
TIPUANI,nutricion y desarrollo infantil,controles nuevos en ninos menores de 2 anos,2005-10-01,13,13,6,19
TIQUIPAYA,nutricion y desarrollo infantil,controles nuevos en ninos menores de 2 anos,2005-10-01,103,103,136,239
TIRAQUE (CBBA),nutricion y desarrollo infantil,controles nuevos en ninos menores de 2 anos,2005-10-01,287,287,261,548
TITO YUPANQUI (PARQUIPUJIO),nutricion y desarrollo infantil,controles nuevos en ninos menores de 2 anos,2005-10-01,0,0,2,2
TOCO,nutricion y desarrollo infantil,controles nuevos en ninos menores de 2 anos,2005-10-01,1,1,0,1
TODOS SANTOS,nutricion y desarrollo infantil,controles nuevos en ninos menores de 2 anos,2005-10-01,2,2,3,5
TOLATA,nutricion y desarrollo infantil,controles nuevos en ninos menores de 2 anos,2005-10-01,22,22,12,34
TOLEDO,nutricion y desarrollo infantil,controles nuevos en ninos menores de 2 anos,2005-10-01,8,8,21,29
TOMAVE,nutricion y desarrollo infantil,controles nuevos en ninos menores de 2 anos,2005-10-01,12,12,12,24
TOMINA,nutricion y desarrollo infantil,controles nuevos en ninos menores de 2 anos,2005-10-01,7,7,14,21
TORO TORO,nutricion y desarrollo infantil,controles nuevos en ninos menores de 2 anos,2005-10-01,22,22,33,55
TOTORA(CBBA),nutricion y desarrollo infantil,controles nuevos en ninos menores de 2 anos,2005-10-01,31,31,17,48
TOTORA(ORR),nutricion y desarrollo infantil,controles nuevos en ninos menores de 2 anos,2005-10-01,8,8,2,10
TRIGAL,nutricion y desarrollo infantil,controles nuevos en ninos menores de 2 anos,2005-10-01,0,0,1,1
TRINIDAD,nutricion y desarrollo infantil,controles nuevos en ninos menores de 2 anos,2005-10-01,463,463,429,892
TUPIZA,nutricion y desarrollo infantil,controles nuevos en ninos menores de 2 anos,2005-10-01,29,29,31,60
TURCO,nutricion y desarrollo infantil,controles nuevos en ninos menores de 2 anos,2005-10-01,8,8,8,16
UMALA,nutricion y desarrollo infantil,controles nuevos en ninos menores de 2 anos,2005-10-01,2,2,4,6
UNCIA,nutricion y desarrollo infantil,controles nuevos en ninos menores de 2 anos,2005-10-01,44,44,49,93
URIONDO (A. CONCEPCION),nutricion y desarrollo infantil,controles nuevos en ninos menores de 2 anos,2005-10-01,11,11,11,22
URUBICHA,nutricion y desarrollo infantil,controles nuevos en ninos menores de 2 anos,2005-10-01,13,13,21,34
UYUNI,nutricion y desarrollo infantil,controles nuevos en ninos menores de 2 anos,2005-10-01,29,29,19,48
VACAS,nutricion y desarrollo infantil,controles nuevos en ninos menores de 2 anos,2005-10-01,17,17,38,55
VALLEGRANDE,nutricion y desarrollo infantil,controles nuevos en ninos menores de 2 anos,2005-10-01,14,14,14,28
VIACHA,nutricion y desarrollo infantil,controles nuevos en ninos menores de 2 anos,2005-10-01,65,65,72,137
VILA VILA,nutricion y desarrollo infantil,controles nuevos en ninos menores de 2 anos,2005-10-01,11,11,10,21
VILLA MONTES,nutricion y desarrollo infantil,controles nuevos en ninos menores de 2 anos,2005-10-01,55,55,53,108
VILLA RIVERO,nutricion y desarrollo infantil,controles nuevos en ninos menores de 2 anos,2005-10-01,11,11,17,28
VILLA SERRANO,nutricion y desarrollo infantil,controles nuevos en ninos menores de 2 anos,2005-10-01,14,14,7,21
VILLA TUNARI,nutricion y desarrollo infantil,controles nuevos en ninos menores de 2 anos,2005-10-01,315,315,308,623
VILLA VACA GUZMAN (MUYUPAMPA),nutricion y desarrollo infantil,controles nuevos en ninos menores de 2 anos,2005-10-01,5,5,7,12
VILLAZON,nutricion y desarrollo infantil,controles nuevos en ninos menores de 2 anos,2005-10-01,40,40,30,70
VINTO,nutricion y desarrollo infantil,controles nuevos en ninos menores de 2 anos,2005-10-01,90,90,76,166
VITICHI,nutricion y desarrollo infantil,controles nuevos en ninos menores de 2 anos,2005-10-01,6,6,6,12
WALDO BALLIVIAN,nutricion y desarrollo infantil,controles nuevos en ninos menores de 2 anos,2005-10-01,1,1,2,3
WARNES,nutricion y desarrollo infantil,controles nuevos en ninos menores de 2 anos,2005-10-01,119,119,113,232
YACO,nutricion y desarrollo infantil,controles nuevos en ninos menores de 2 anos,2005-10-01,3,3,1,4
YACUIBA,nutricion y desarrollo infantil,controles nuevos en ninos menores de 2 anos,2005-10-01,61,61,75,136
YAMPARAEZ,nutricion y desarrollo infantil,controles nuevos en ninos menores de 2 anos,2005-10-01,13,13,7,20
YANACACHI,nutricion y desarrollo infantil,controles nuevos en ninos menores de 2 anos,2005-10-01,8,8,5,13
YAPACANI,nutricion y desarrollo infantil,controles nuevos en ninos menores de 2 anos,2005-10-01,38,38,34,72
YOCALLA,nutricion y desarrollo infantil,controles nuevos en ninos menores de 2 anos,2005-10-01,5,5,3,8
YOTALA,nutricion y desarrollo infantil,controles nuevos en ninos menores de 2 anos,2005-10-01,10,10,21,31
YUNCHARA,nutricion y desarrollo infantil,controles nuevos en ninos menores de 2 anos,2005-10-01,2,2,2,4
ZUDAÑEZ,nutricion y desarrollo infantil,controles nuevos en ninos menores de 2 anos,2005-10-01,10,10,10,20
ACACIO,nutricion y desarrollo infantil,controles nuevos en ninos menores de 2 anos,2005-11-01,10,10,12,22
ACHACACHI,nutricion y desarrollo infantil,controles nuevos en ninos menores de 2 anos,2005-11-01,55,55,61,116
ACHOCALLA,nutricion y desarrollo infantil,controles nuevos en ninos menores de 2 anos,2005-11-01,7,7,10,17
AIQUILE,nutricion y desarrollo infantil,controles nuevos en ninos menores de 2 anos,2005-11-01,44,44,64,108
ALALAY,nutricion y desarrollo infantil,controles nuevos en ninos menores de 2 anos,2005-11-01,3,3,2,5
ALCALA,nutricion y desarrollo infantil,controles nuevos en ninos menores de 2 anos,2005-11-01,3,3,3,6
ANCORAIMES,nutricion y desarrollo infantil,controles nuevos en ninos menores de 2 anos,2005-11-01,9,9,10,19
ANDAMARCA,nutricion y desarrollo infantil,controles nuevos en ninos menores de 2 anos,2005-11-01,0,0,2,2
ANTEQUERA,nutricion y desarrollo infantil,controles nuevos en ninos menores de 2 anos,2005-11-01,0,0,3,3
ANZALDO,nutricion y desarrollo infantil,controles nuevos en ninos menores de 2 anos,2005-11-01,25,25,29,54
APOLO,nutricion y desarrollo infantil,controles nuevos en ninos menores de 2 anos,2005-11-01,24,24,17,41
ARAMPAMPA,nutricion y desarrollo infantil,controles nuevos en ninos menores de 2 anos,2005-11-01,18,18,18,36
ARANI,nutricion y desarrollo infantil,controles nuevos en ninos menores de 2 anos,2005-11-01,36,36,57,93
ARBIETO,nutricion y desarrollo infantil,controles nuevos en ninos menores de 2 anos,2005-11-01,23,23,14,37
ARQUE,nutricion y desarrollo infantil,controles nuevos en ninos menores de 2 anos,2005-11-01,15,15,20,35
ATOCHA,nutricion y desarrollo infantil,controles nuevos en ninos menores de 2 anos,2005-11-01,12,12,7,19
AUCAPATA,nutricion y desarrollo infantil,controles nuevos en ninos menores de 2 anos,2005-11-01,16,16,2,18
AYATA,nutricion y desarrollo infantil,controles nuevos en ninos menores de 2 anos,2005-11-01,10,10,12,22
AYO AYO,nutricion y desarrollo infantil,controles nuevos en ninos menores de 2 anos,2005-11-01,8,8,6,14
AYOPAYA (V. DE INDEPENDENCIA),nutricion y desarrollo infantil,controles nuevos en ninos menores de 2 anos,2005-11-01,61,61,71,132
AZURDUY,nutricion y desarrollo infantil,controles nuevos en ninos menores de 2 anos,2005-11-01,12,12,19,31
BATALLAS,nutricion y desarrollo infantil,controles nuevos en ninos menores de 2 anos,2005-11-01,19,19,19,38
BAURES,nutricion y desarrollo infantil,controles nuevos en ninos menores de 2 anos,2005-11-01,9,9,7,16
BELEN DE ANDAMARCA,nutricion y desarrollo infantil,controles nuevos en ninos menores de 2 anos,2005-11-01,0,0,1,1
BELEN DE URMIRI,nutricion y desarrollo infantil,controles nuevos en ninos menores de 2 anos,2005-11-01,1,1,2,3
BELLA FLOR,nutricion y desarrollo infantil,controles nuevos en ninos menores de 2 anos,2005-11-01,5,5,2,7
BERMEJO,nutricion y desarrollo infantil,controles nuevos en ninos menores de 2 anos,2005-11-01,19,19,30,49
BETANZOS,nutricion y desarrollo infantil,controles nuevos en ninos menores de 2 anos,2005-11-01,30,30,33,63
BOLIVAR,nutricion y desarrollo infantil,controles nuevos en ninos menores de 2 anos,2005-11-01,9,9,16,25
BOLPEBRA,nutricion y desarrollo infantil,controles nuevos en ninos menores de 2 anos,2005-11-01,1,1,2,3
BOYUIBE,nutricion y desarrollo infantil,controles nuevos en ninos menores de 2 anos,2005-11-01,3,3,1,4
BUENA VISTA,nutricion y desarrollo infantil,controles nuevos en ninos menores de 2 anos,2005-11-01,15,15,14,29
CABEZAS,nutricion y desarrollo infantil,controles nuevos en ninos menores de 2 anos,2005-11-01,17,17,17,34
CAIROMA,nutricion y desarrollo infantil,controles nuevos en ninos menores de 2 anos,2005-11-01,10,10,7,17
"CAIZA ""D""",nutricion y desarrollo infantil,controles nuevos en ninos menores de 2 anos,2005-11-01,19,19,15,34
CAJUATA,nutricion y desarrollo infantil,controles nuevos en ninos menores de 2 anos,2005-11-01,8,8,5,13
CALACOTO,nutricion y desarrollo infantil,controles nuevos en ninos menores de 2 anos,2005-11-01,8,8,9,17
CALAMARCA,nutricion y desarrollo infantil,controles nuevos en ninos menores de 2 anos,2005-11-01,13,13,12,25
CAMARGO,nutricion y desarrollo infantil,controles nuevos en ninos menores de 2 anos,2005-11-01,16,16,21,37
CAMATAQUI (C. VILLA ABECIA),nutricion y desarrollo infantil,controles nuevos en ninos menores de 2 anos,2005-11-01,4,4,4,8
CAMIRI,nutricion y desarrollo infantil,controles nuevos en ninos menores de 2 anos,2005-11-01,83,83,87,170
CAPINOTA,nutricion y desarrollo infantil,controles nuevos en ninos menores de 2 anos,2005-11-01,16,16,24,40
CAQUIAVIRI,nutricion y desarrollo infantil,controles nuevos en ninos menores de 2 anos,2005-11-01,7,7,13,20
CARACOLLO,nutricion y desarrollo infantil,controles nuevos en ninos menores de 2 anos,2005-11-01,10,10,6,16
CARANAVI,nutricion y desarrollo infantil,controles nuevos en ninos menores de 2 anos,2005-11-01,100,100,80,180
CARANGAS,nutricion y desarrollo infantil,controles nuevos en ninos menores de 2 anos,2005-11-01,1,1,2,3
CARAPARI,nutricion y desarrollo infantil,controles nuevos en ninos menores de 2 anos,2005-11-01,8,8,10,18
CARIPUYO,nutricion y desarrollo infantil,controles nuevos en ninos menores de 2 anos,2005-11-01,14,14,19,33
CARMEN RIVERO TORREZ,nutricion y desarrollo infantil,controles nuevos en ninos menores de 2 anos,2005-11-01,8,8,14,22
CATACORA,nutricion y desarrollo infantil,controles nuevos en ninos menores de 2 anos,2005-11-01,1,1,0,1
CHACARILLA,nutricion y desarrollo infantil,controles nuevos en ninos menores de 2 anos,2005-11-01,1,1,1,2
CHALLAPATA,nutricion y desarrollo infantil,controles nuevos en ninos menores de 2 anos,2005-11-01,35,35,28,63
CHAQUI,nutricion y desarrollo infantil,controles nuevos en ninos menores de 2 anos,2005-11-01,9,9,7,16
CHARAGUA,nutricion y desarrollo infantil,controles nuevos en ninos menores de 2 anos,2005-11-01,39,39,18,57
CHARAÑA,nutricion y desarrollo infantil,controles nuevos en ninos menores de 2 anos,2005-11-01,3,3,0,3
CHAYANTA,nutricion y desarrollo infantil,controles nuevos en ninos menores de 2 anos,2005-11-01,21,21,9,30
CHIMORE,nutricion y desarrollo infantil,controles nuevos en ninos menores de 2 anos,2005-11-01,42,42,41,83
CHIPAYA,nutricion y desarrollo infantil,controles nuevos en ninos menores de 2 anos,2005-11-01,1,1,3,4
CHOQUE COTA,nutricion y desarrollo infantil,controles nuevos en ninos menores de 2 anos,2005-11-01,2,2,3,5
CHULUMANI (V. DE LA LIBERTAD),nutricion y desarrollo infantil,controles nuevos en ninos menores de 2 anos,2005-11-01,27,27,17,44
CHUMA,nutricion y desarrollo infantil,controles nuevos en ninos menores de 2 anos,2005-11-01,11,11,11,22
CLIZA,nutricion y desarrollo infantil,controles nuevos en ninos menores de 2 anos,2005-11-01,89,89,82,171
COBIJA,nutricion y desarrollo infantil,controles nuevos en ninos menores de 2 anos,2005-11-01,47,47,45,92
COCHABAMBA,nutricion y desarrollo infantil,controles nuevos en ninos menores de 2 anos,2005-11-01,1881,1881,1736,3617
COLCAPIRHUA,nutricion y desarrollo infantil,controles nuevos en ninos menores de 2 anos,2005-11-01,309,309,294,603
"COLCHA ""K""",nutricion y desarrollo infantil,controles nuevos en ninos menores de 2 anos,2005-11-01,6,6,7,13
COLLANA,nutricion y desarrollo infantil,controles nuevos en ninos menores de 2 anos,2005-11-01,4,4,0,4
COLOMI,nutricion y desarrollo infantil,controles nuevos en ninos menores de 2 anos,2005-11-01,132,132,92,224
COLPA BELGICA,nutricion y desarrollo infantil,controles nuevos en ninos menores de 2 anos,2005-11-01,8,8,5,13
COLQUECHACA,nutricion y desarrollo infantil,controles nuevos en ninos menores de 2 anos,2005-11-01,50,50,67,117
COLQUENCHA,nutricion y desarrollo infantil,controles nuevos en ninos menores de 2 anos,2005-11-01,5,5,6,11
COLQUIRI,nutricion y desarrollo infantil,controles nuevos en ninos menores de 2 anos,2005-11-01,26,26,17,43
COMANCHE,nutricion y desarrollo infantil,controles nuevos en ninos menores de 2 anos,2005-11-01,2,2,5,7
COMARAPA,nutricion y desarrollo infantil,controles nuevos en ninos menores de 2 anos,2005-11-01,25,25,19,44
COMBAYA,nutricion y desarrollo infantil,controles nuevos en ninos menores de 2 anos,2005-11-01,1,1,0,1
CONCEPCION,nutricion y desarrollo infantil,controles nuevos en ninos menores de 2 anos,2005-11-01,5,5,3,8
COPACABANA,nutricion y desarrollo infantil,controles nuevos en ninos menores de 2 anos,2005-11-01,22,22,22,44
CORIPATA,nutricion y desarrollo infantil,controles nuevos en ninos menores de 2 anos,2005-11-01,27,27,32,59
CORO CORO,nutricion y desarrollo infantil,controles nuevos en ninos menores de 2 anos,2005-11-01,11,11,7,18
COROICO,nutricion y desarrollo infantil,controles nuevos en ninos menores de 2 anos,2005-11-01,46,46,28,74
CORQUE,nutricion y desarrollo infantil,controles nuevos en ninos menores de 2 anos,2005-11-01,3,3,5,8
COTAGAITA,nutricion y desarrollo infantil,controles nuevos en ninos menores de 2 anos,2005-11-01,18,18,32,50
COTOCA,nutricion y desarrollo infantil,controles nuevos en ninos menores de 2 anos,2005-11-01,40,40,48,88
CUATRO CAÑADAS,nutricion y desarrollo infantil,controles nuevos en ninos menores de 2 anos,2005-11-01,39,39,28,67
CUCHUMUELA (V. G. VILLARROEL),nutricion y desarrollo infantil,controles nuevos en ninos menores de 2 anos,2005-11-01,4,4,6,10
CUEVO,nutricion y desarrollo infantil,controles nuevos en ninos menores de 2 anos,2005-11-01,6,6,4,10
CULPINA,nutricion y desarrollo infantil,controles nuevos en ninos menores de 2 anos,2005-11-01,19,19,24,43
CURAHUARA DE CARANGAS,nutricion y desarrollo infantil,controles nuevos en ninos menores de 2 anos,2005-11-01,2,2,4,6
CURVA,nutricion y desarrollo infantil,controles nuevos en ninos menores de 2 anos,2005-11-01,2,2,1,3
DESAGUADERO,nutricion y desarrollo infantil,controles nuevos en ninos menores de 2 anos,2005-11-01,4,4,2,6
EL ALTO,nutricion y desarrollo infantil,controles nuevos en ninos menores de 2 anos,2005-11-01,2052,2052,1992,4044
EL CHORO,nutricion y desarrollo infantil,controles nuevos en ninos menores de 2 anos,2005-11-01,6,6,0,6
EL PUENTE(STC),nutricion y desarrollo infantil,controles nuevos en ninos menores de 2 anos,2005-11-01,17,17,13,30
EL PUENTE(TJA),nutricion y desarrollo infantil,controles nuevos en ninos menores de 2 anos,2005-11-01,5,5,17,22
EL TORNO,nutricion y desarrollo infantil,controles nuevos en ninos menores de 2 anos,2005-11-01,52,52,56,108
EL VILLAR,nutricion y desarrollo infantil,controles nuevos en ninos menores de 2 anos,2005-11-01,2,2,1,3
ENTRE RIOS,nutricion y desarrollo infantil,controles nuevos en ninos menores de 2 anos,2005-11-01,17,17,13,30
ENTRE RIOS,nutricion y desarrollo infantil,controles nuevos en ninos menores de 2 anos,2005-11-01,72,72,69,141
EUCALIPTUS,nutricion y desarrollo infantil,controles nuevos en ninos menores de 2 anos,2005-11-01,6,6,4,10
EUREKA (SANTOS MERCADO),nutricion y desarrollo infantil,controles nuevos en ninos menores de 2 anos,2005-11-01,0,0,3,3
EXALTACION,nutricion y desarrollo infantil,controles nuevos en ninos menores de 2 anos,2005-11-01,5,5,3,8
FERNANDEZ ALONSO,nutricion y desarrollo infantil,controles nuevos en ninos menores de 2 anos,2005-11-01,18,18,9,27
FILADELFIA,nutricion y desarrollo infantil,controles nuevos en ninos menores de 2 anos,2005-11-01,8,8,10,18
GENERAL SAAVEDRA,nutricion y desarrollo infantil,controles nuevos en ninos menores de 2 anos,2005-11-01,30,30,41,71
GRAL. J.J. PEREZ (CHARAZANI),nutricion y desarrollo infantil,controles nuevos en ninos menores de 2 anos,2005-11-01,17,17,14,31
GUANAY,nutricion y desarrollo infantil,controles nuevos en ninos menores de 2 anos,2005-11-01,34,34,22,56
GUAQUI,nutricion y desarrollo infantil,controles nuevos en ninos menores de 2 anos,2005-11-01,12,12,7,19
GUAYARAMERIN,nutricion y desarrollo infantil,controles nuevos en ninos menores de 2 anos,2005-11-01,60,60,43,103
GUTIERREZ,nutricion y desarrollo infantil,controles nuevos en ninos menores de 2 anos,2005-11-01,12,12,16,28
HUACARETA,nutricion y desarrollo infantil,controles nuevos en ninos menores de 2 anos,2005-11-01,13,13,11,24
HUACAYA (VILLA DE HUACAYA),nutricion y desarrollo infantil,controles nuevos en ninos menores de 2 anos,2005-11-01,4,4,8,12
HUACHACALLA,nutricion y desarrollo infantil,controles nuevos en ninos menores de 2 anos,2005-11-01,0,0,2,2
HUANUNI,nutricion y desarrollo infantil,controles nuevos en ninos menores de 2 anos,2005-11-01,52,52,58,110
HUARACAJE,nutricion y desarrollo infantil,controles nuevos en ninos menores de 2 anos,2005-11-01,5,5,3,8
HUAYLLAMARCA,nutricion y desarrollo infantil,controles nuevos en ninos menores de 2 anos,2005-11-01,9,9,3,12
ICHOCA,nutricion y desarrollo infantil,controles nuevos en ninos menores de 2 anos,2005-11-01,9,9,7,16
ICLA,nutricion y desarrollo infantil,controles nuevos en ninos menores de 2 anos,2005-11-01,12,12,8,20
INCAHUASI,nutricion y desarrollo infantil,controles nuevos en ninos menores de 2 anos,2005-11-01,33,33,25,58
INQUISIVI,nutricion y desarrollo infantil,controles nuevos en ninos menores de 2 anos,2005-11-01,18,18,13,31
IRUPANA (VILLA DE LANZA),nutricion y desarrollo infantil,controles nuevos en ninos menores de 2 anos,2005-11-01,18,18,19,37
IXIAMAS,nutricion y desarrollo infantil,controles nuevos en ninos menores de 2 anos,2005-11-01,7,7,10,17
JESUS DE MACHACA,nutricion y desarrollo infantil,controles nuevos en ninos menores de 2 anos,2005-11-01,14,14,14,28
LA ASUNTA,nutricion y desarrollo infantil,controles nuevos en ninos menores de 2 anos,2005-11-01,46,46,36,82
LA GUARDIA,nutricion y desarrollo infantil,controles nuevos en ninos menores de 2 anos,2005-11-01,87,87,92,179
LA PAZ,nutricion y desarrollo infantil,controles nuevos en ninos menores de 2 anos,2005-11-01,975,975,933,1908
LAGUNILLAS,nutricion y desarrollo infantil,controles nuevos en ninos menores de 2 anos,2005-11-01,7,7,6,13
LAJA,nutricion y desarrollo infantil,controles nuevos en ninos menores de 2 anos,2005-11-01,13,13,12,25
LAS CARRERAS,nutricion y desarrollo infantil,controles nuevos en ninos menores de 2 anos,2005-11-01,4,4,5,9
LICOMA PAMPA,nutricion y desarrollo infantil,controles nuevos en ninos menores de 2 anos,2005-11-01,1,1,0,1
LLALLAGUA,nutricion y desarrollo infantil,controles nuevos en ninos menores de 2 anos,2005-11-01,66,66,75,141
LLICA,nutricion y desarrollo infantil,controles nuevos en ninos menores de 2 anos,2005-11-01,7,7,3,10
LORETO,nutricion y desarrollo infantil,controles nuevos en ninos menores de 2 anos,2005-11-01,7,7,15,22
LURIBAY,nutricion y desarrollo infantil,controles nuevos en ninos menores de 2 anos,2005-11-01,14,14,8,22
MACHACAMARCA,nutricion y desarrollo infantil,controles nuevos en ninos menores de 2 anos,2005-11-01,14,14,11,25
MACHARETI,nutricion y desarrollo infantil,controles nuevos en ninos menores de 2 anos,2005-11-01,6,6,2,8
MAGDALENA,nutricion y desarrollo infantil,controles nuevos en ninos menores de 2 anos,2005-11-01,17,17,7,24
MAIRANA,nutricion y desarrollo infantil,controles nuevos en ninos menores de 2 anos,2005-11-01,8,8,17,25
MALLA,nutricion y desarrollo infantil,controles nuevos en ninos menores de 2 anos,2005-11-01,3,3,3,6
MAPIRI,nutricion y desarrollo infantil,controles nuevos en ninos menores de 2 anos,2005-11-01,13,13,23,36
MECAPACA,nutricion y desarrollo infantil,controles nuevos en ninos menores de 2 anos,2005-11-01,23,23,20,43
MINEROS,nutricion y desarrollo infantil,controles nuevos en ninos menores de 2 anos,2005-11-01,26,26,19,45
MIZQUE,nutricion y desarrollo infantil,controles nuevos en ninos menores de 2 anos,2005-11-01,44,44,35,79
MOCOMOCO,nutricion y desarrollo infantil,controles nuevos en ninos menores de 2 anos,2005-11-01,19,19,23,42
MOJOCOYA,nutricion y desarrollo infantil,controles nuevos en ninos menores de 2 anos,2005-11-01,9,9,9,18
MONTEAGUDO,nutricion y desarrollo infantil,controles nuevos en ninos menores de 2 anos,2005-11-01,22,22,27,49
MONTERO,nutricion y desarrollo infantil,controles nuevos en ninos menores de 2 anos,2005-11-01,121,121,131,252
MORO MORO,nutricion y desarrollo infantil,controles nuevos en ninos menores de 2 anos,2005-11-01,0,0,1,1
MOROCHATA,nutricion y desarrollo infantil,controles nuevos en ninos menores de 2 anos,2005-11-01,108,108,115,223
NAZACARA DE PACAJES,nutricion y desarrollo infantil,controles nuevos en ninos menores de 2 anos,2005-11-01,2,2,0,2
NUEVO MANOA (NUEVA ESPERANZA),nutricion y desarrollo infantil,controles nuevos en ninos menores de 2 anos,2005-11-01,1,1,0,1
OCURI,nutricion y desarrollo infantil,controles nuevos en ninos menores de 2 anos,2005-11-01,26,26,35,61
OKINAWA,nutricion y desarrollo infantil,controles nuevos en ninos menores de 2 anos,2005-11-01,7,7,11,18
OMEREQUE,nutricion y desarrollo infantil,controles nuevos en ninos menores de 2 anos,2005-11-01,4,4,5,9
ORURO,nutricion y desarrollo infantil,controles nuevos en ninos menores de 2 anos,2005-11-01,668,668,629,1297
PADCAYA,nutricion y desarrollo infantil,controles nuevos en ninos menores de 2 anos,2005-11-01,18,18,21,39
PADILLA,nutricion y desarrollo infantil,controles nuevos en ninos menores de 2 anos,2005-11-01,15,15,11,26
PAILON,nutricion y desarrollo infantil,controles nuevos en ninos menores de 2 anos,2005-11-01,2,2,5,7
PALCA,nutricion y desarrollo infantil,controles nuevos en ninos menores de 2 anos,2005-11-01,23,23,36,59
PALOS BLANCOS,nutricion y desarrollo infantil,controles nuevos en ninos menores de 2 anos,2005-11-01,34,34,45,79
PAMPA AULLAGAS,nutricion y desarrollo infantil,controles nuevos en ninos menores de 2 anos,2005-11-01,3,3,1,4
PAMPA GRANDE,nutricion y desarrollo infantil,controles nuevos en ninos menores de 2 anos,2005-11-01,12,12,6,18
PAPEL PAMPA,nutricion y desarrollo infantil,controles nuevos en ninos menores de 2 anos,2005-11-01,4,4,3,7
PASORAPA,nutricion y desarrollo infantil,controles nuevos en ninos menores de 2 anos,2005-11-01,2,2,5,7
PATACAMAYA,nutricion y desarrollo infantil,controles nuevos en ninos menores de 2 anos,2005-11-01,45,45,60,105
PAZÑA,nutricion y desarrollo infantil,controles nuevos en ninos menores de 2 anos,2005-11-01,6,6,5,11
PELECHUCO,nutricion y desarrollo infantil,controles nuevos en ninos menores de 2 anos,2005-11-01,3,3,6,9
POCOATA,nutricion y desarrollo infantil,controles nuevos en ninos menores de 2 anos,2005-11-01,27,27,30,57
POCONA,nutricion y desarrollo infantil,controles nuevos en ninos menores de 2 anos,2005-11-01,13,13,30,43
POJO (CBBA),nutricion y desarrollo infantil,controles nuevos en ninos menores de 2 anos,2005-11-01,19,19,16,35
POOPO,nutricion y desarrollo infantil,controles nuevos en ninos menores de 2 anos,2005-11-01,0,0,3,3
PORCO,nutricion y desarrollo infantil,controles nuevos en ninos menores de 2 anos,2005-11-01,5,5,5,10
POROMA,nutricion y desarrollo infantil,controles nuevos en ninos menores de 2 anos,2005-11-01,20,20,22,42
PORONGO,nutricion y desarrollo infantil,controles nuevos en ninos menores de 2 anos,2005-11-01,11,11,11,22
PORTACHUELO,nutricion y desarrollo infantil,controles nuevos en ninos menores de 2 anos,2005-11-01,26,26,17,43
PORVENIR,nutricion y desarrollo infantil,controles nuevos en ninos menores de 2 anos,2005-11-01,5,5,5,10
POSTRER VALLE,nutricion y desarrollo infantil,controles nuevos en ninos menores de 2 anos,2005-11-01,5,5,1,6
POTOSI,nutricion y desarrollo infantil,controles nuevos en ninos menores de 2 anos,2005-11-01,207,207,167,374
PRESTO,nutricion y desarrollo infantil,controles nuevos en ninos menores de 2 anos,2005-11-01,6,6,14,20
PUCARA,nutricion y desarrollo infantil,controles nuevos en ninos menores de 2 anos,2005-11-01,5,5,6,11
PUCARANI,nutricion y desarrollo infantil,controles nuevos en ninos menores de 2 anos,2005-11-01,35,35,26,61
PUERTO ACOSTA,nutricion y desarrollo infantil,controles nuevos en ninos menores de 2 anos,2005-11-01,22,22,24,46
PUERTO CARABUCO,nutricion y desarrollo infantil,controles nuevos en ninos menores de 2 anos,2005-11-01,16,16,17,33
PUERTO GONZALO MORENO,nutricion y desarrollo infantil,controles nuevos en ninos menores de 2 anos,2005-11-01,8,8,8,16
PUERTO PEREZ,nutricion y desarrollo infantil,controles nuevos en ninos menores de 2 anos,2005-11-01,16,16,9,25
PUERTO QUIJARRO,nutricion y desarrollo infantil,controles nuevos en ninos menores de 2 anos,2005-11-01,14,14,14,28
PUERTO RICO,nutricion y desarrollo infantil,controles nuevos en ninos menores de 2 anos,2005-11-01,5,5,10,15
PUERTO SILES,nutricion y desarrollo infantil,controles nuevos en ninos menores de 2 anos,2005-11-01,10,10,6,16
PUERTO SUAREZ,nutricion y desarrollo infantil,controles nuevos en ninos menores de 2 anos,2005-11-01,21,21,25,46
PUERTO VILLARROEL,nutricion y desarrollo infantil,controles nuevos en ninos menores de 2 anos,2005-11-01,118,118,114,232
PUNA,nutricion y desarrollo infantil,controles nuevos en ninos menores de 2 anos,2005-11-01,44,44,45,89
PUNATA,nutricion y desarrollo infantil,controles nuevos en ninos menores de 2 anos,2005-11-01,205,205,202,407
QUIABAYA,nutricion y desarrollo infantil,controles nuevos en ninos menores de 2 anos,2005-11-01,2,2,1,3
QUILLACOLLO,nutricion y desarrollo infantil,controles nuevos en ninos menores de 2 anos,2005-11-01,347,347,261,608
QUIME,nutricion y desarrollo infantil,controles nuevos en ninos menores de 2 anos,2005-11-01,3,3,6,9
QUIRUSILLAS,nutricion y desarrollo infantil,controles nuevos en ninos menores de 2 anos,2005-11-01,0,0,1,1
RAVELO,nutricion y desarrollo infantil,controles nuevos en ninos menores de 2 anos,2005-11-01,27,27,25,52
REYES,nutricion y desarrollo infantil,controles nuevos en ninos menores de 2 anos,2005-11-01,8,8,8,16
RIBERALTA,nutricion y desarrollo infantil,controles nuevos en ninos menores de 2 anos,2005-11-01,122,122,118,240
ROBORE,nutricion y desarrollo infantil,controles nuevos en ninos menores de 2 anos,2005-11-01,20,20,26,46
RURRENABAQUE,nutricion y desarrollo infantil,controles nuevos en ninos menores de 2 anos,2005-11-01,21,21,17,38
SABAYA,nutricion y desarrollo infantil,controles nuevos en ninos menores de 2 anos,2005-11-01,2,2,4,6
SACABA,nutricion y desarrollo infantil,controles nuevos en ninos menores de 2 anos,2005-11-01,696,696,592,1288
SACABAMBA,nutricion y desarrollo infantil,controles nuevos en ninos menores de 2 anos,2005-11-01,28,28,16,44
SACACA,nutricion y desarrollo infantil,controles nuevos en ninos menores de 2 anos,2005-11-01,19,19,23,42
SAIPINA,nutricion y desarrollo infantil,controles nuevos en ninos menores de 2 anos,2005-11-01,17,17,7,24
SALINAS DE GARCI MENDOZA,nutricion y desarrollo infantil,controles nuevos en ninos menores de 2 anos,2005-11-01,11,11,11,22
SAMAIPATA,nutricion y desarrollo infantil,controles nuevos en ninos menores de 2 anos,2005-11-01,14,14,13,27
SAN AGUSTIN,nutricion y desarrollo infantil,controles nuevos en ninos menores de 2 anos,2005-11-01,0,0,1,1
SAN ANDRES,nutricion y desarrollo infantil,controles nuevos en ninos menores de 2 anos,2005-11-01,17,17,19,36
SAN ANDRES DE MACHACA,nutricion y desarrollo infantil,controles nuevos en ninos menores de 2 anos,2005-11-01,6,6,2,8
SAN ANTONIO DE ESMORUCO,nutricion y desarrollo infantil,controles nuevos en ninos menores de 2 anos,2005-11-01,1,1,3,4
SAN ANTONIO DE LOMERIO,nutricion y desarrollo infantil,controles nuevos en ninos menores de 2 anos,2005-11-01,3,3,4,7
SAN BENITO,nutricion y desarrollo infantil,controles nuevos en ninos menores de 2 anos,2005-11-01,17,17,18,35
SAN BORJA,nutricion y desarrollo infantil,controles nuevos en ninos menores de 2 anos,2005-11-01,75,75,61,136
SAN BUENA VENTURA,nutricion y desarrollo infantil,controles nuevos en ninos menores de 2 anos,2005-11-01,10,10,11,21
SAN CARLOS,nutricion y desarrollo infantil,controles nuevos en ninos menores de 2 anos,2005-11-01,23,23,16,39
SAN IGNACIO,nutricion y desarrollo infantil,controles nuevos en ninos menores de 2 anos,2005-11-01,52,52,40,92
SAN IGNACIO DE VELASCO,nutricion y desarrollo infantil,controles nuevos en ninos menores de 2 anos,2005-11-01,61,61,75,136
SAN JAVIER(BNI),nutricion y desarrollo infantil,controles nuevos en ninos menores de 2 anos,2005-11-01,6,6,6,12
SAN JAVIER(STC),nutricion y desarrollo infantil,controles nuevos en ninos menores de 2 anos,2005-11-01,18,18,27,45
SAN JOAQUIN,nutricion y desarrollo infantil,controles nuevos en ninos menores de 2 anos,2005-11-01,1,1,1,2
SAN JOSE DE CHIQUITOS,nutricion y desarrollo infantil,controles nuevos en ninos menores de 2 anos,2005-11-01,9,9,12,21
SAN JUAN DE YAPACANI,nutricion y desarrollo infantil,controles nuevos en ninos menores de 2 anos,2005-11-01,15,15,16,31
SAN JULIAN,nutricion y desarrollo infantil,controles nuevos en ninos menores de 2 anos,2005-11-01,45,45,40,85
SAN LORENZO(PND),nutricion y desarrollo infantil,controles nuevos en ninos menores de 2 anos,2005-11-01,8,8,9,17
SAN LORENZO(TJA),nutricion y desarrollo infantil,controles nuevos en ninos menores de 2 anos,2005-11-01,24,24,23,47
SAN LUCAS,nutricion y desarrollo infantil,controles nuevos en ninos menores de 2 anos,2005-11-01,40,40,43,83
SAN MATIAS,nutricion y desarrollo infantil,controles nuevos en ninos menores de 2 anos,2005-11-01,10,10,32,42
SAN MIGUEL DE VELASCO,nutricion y desarrollo infantil,controles nuevos en ninos menores de 2 anos,2005-11-01,7,7,7,14
SAN PABLO DE LIPEZ,nutricion y desarrollo infantil,controles nuevos en ninos menores de 2 anos,2005-11-01,3,3,6,9
SAN PEDRO,nutricion y desarrollo infantil,controles nuevos en ninos menores de 2 anos,2005-11-01,25,25,23,48
SAN PEDRO DE BUENA VISTA,nutricion y desarrollo infantil,controles nuevos en ninos menores de 2 anos,2005-11-01,45,45,31,76
SAN PEDRO DE CURAHUARA,nutricion y desarrollo infantil,controles nuevos en ninos menores de 2 anos,2005-11-01,9,9,5,14
SAN PEDRO DE TIQUINA,nutricion y desarrollo infantil,controles nuevos en ninos menores de 2 anos,2005-11-01,1,1,6,7
SAN PEDRO(PND),nutricion y desarrollo infantil,controles nuevos en ninos menores de 2 anos,2005-11-01,6,6,8,14
SAN RAFAEL,nutricion y desarrollo infantil,controles nuevos en ninos menores de 2 anos,2005-11-01,9,9,10,19
SAN RAMON,nutricion y desarrollo infantil,controles nuevos en ninos menores de 2 anos,2005-11-01,1,1,2,3
SAN RAMON,nutricion y desarrollo infantil,controles nuevos en ninos menores de 2 anos,2005-11-01,5,5,5,10
SANTA ANA,nutricion y desarrollo infantil,controles nuevos en ninos menores de 2 anos,2005-11-01,47,47,25,72
SANTA CRUZ DE LA SIERRA,nutricion y desarrollo infantil,controles nuevos en ninos menores de 2 anos,2005-11-01,2619,2619,2305,4924
SANTA ROSA,nutricion y desarrollo infantil,controles nuevos en ninos menores de 2 anos,2005-11-01,12,12,13,25
SANTA ROSA DEL SARA,nutricion y desarrollo infantil,controles nuevos en ninos menores de 2 anos,2005-11-01,7,7,6,13
SANTIAGO DE CALLAPA,nutricion y desarrollo infantil,controles nuevos en ninos menores de 2 anos,2005-11-01,3,3,3,6
SANTIAGO DE HUARI,nutricion y desarrollo infantil,controles nuevos en ninos menores de 2 anos,2005-11-01,16,16,11,27
SANTIAGO DE MACHACA,nutricion y desarrollo infantil,controles nuevos en ninos menores de 2 anos,2005-11-01,6,6,1,7
SANTIVAÑES,nutricion y desarrollo infantil,controles nuevos en ninos menores de 2 anos,2005-11-01,1,1,3,4
SANTUARIO DE QUILLACAS,nutricion y desarrollo infantil,controles nuevos en ninos menores de 2 anos,2005-11-01,2,2,4,6
SAPAHAQUI,nutricion y desarrollo infantil,controles nuevos en ninos menores de 2 anos,2005-11-01,11,11,9,20
SENA,nutricion y desarrollo infantil,controles nuevos en ninos menores de 2 anos,2005-11-01,1,1,3,4
SICA SICA (VILLA AROMA),nutricion y desarrollo infantil,controles nuevos en ninos menores de 2 anos,2005-11-01,31,31,30,61
SICAYA,nutricion y desarrollo infantil,controles nuevos en ninos menores de 2 anos,2005-11-01,1,1,2,3
SIPE SIPE,nutricion y desarrollo infantil,controles nuevos en ninos menores de 2 anos,2005-11-01,196,196,178,374
SOPACHUY,nutricion y desarrollo infantil,controles nuevos en ninos menores de 2 anos,2005-11-01,10,10,11,21
SORACACHI,nutricion y desarrollo infantil,controles nuevos en ninos menores de 2 anos,2005-11-01,12,12,9,21
SORATA,nutricion y desarrollo infantil,controles nuevos en ninos menores de 2 anos,2005-11-01,24,24,26,50
SUCRE,nutricion y desarrollo infantil,controles nuevos en ninos menores de 2 anos,2005-11-01,293,293,314,607
TACACHI,nutricion y desarrollo infantil,controles nuevos en ninos menores de 2 anos,2005-11-01,7,7,3,10
TACACOMA,nutricion y desarrollo infantil,controles nuevos en ninos menores de 2 anos,2005-11-01,10,10,4,14
TACOBAMBA,nutricion y desarrollo infantil,controles nuevos en ninos menores de 2 anos,2005-11-01,19,19,21,40
TACOPAYA,nutricion y desarrollo infantil,controles nuevos en ninos menores de 2 anos,2005-11-01,47,47,29,76
TAHUA,nutricion y desarrollo infantil,controles nuevos en ninos menores de 2 anos,2005-11-01,1,1,1,2
TAPACARI,nutricion y desarrollo infantil,controles nuevos en ninos menores de 2 anos,2005-11-01,33,33,49,82
TARABUCO,nutricion y desarrollo infantil,controles nuevos en ninos menores de 2 anos,2005-11-01,33,33,37,70
TARACO,nutricion y desarrollo infantil,controles nuevos en ninos menores de 2 anos,2005-11-01,8,8,13,21
TARATA,nutricion y desarrollo infantil,controles nuevos en ninos menores de 2 anos,2005-11-01,13,13,13,26
TARIJA,nutricion y desarrollo infantil,controles nuevos en ninos menores de 2 anos,2005-11-01,751,751,673,1424
TARVITA,nutricion y desarrollo infantil,controles nuevos en ninos menores de 2 anos,2005-11-01,16,16,18,34
TEOPONTE,nutricion y desarrollo infantil,controles nuevos en ninos menores de 2 anos,2005-11-01,12,12,5,17
TIAWANACU,nutricion y desarrollo infantil,controles nuevos en ninos menores de 2 anos,2005-11-01,19,19,30,49
TINGUIPAYA,nutricion y desarrollo infantil,controles nuevos en ninos menores de 2 anos,2005-11-01,40,40,26,66
TIPUANI,nutricion y desarrollo infantil,controles nuevos en ninos menores de 2 anos,2005-11-01,11,11,5,16
TIQUIPAYA,nutricion y desarrollo infantil,controles nuevos en ninos menores de 2 anos,2005-11-01,177,177,128,305
TIRAQUE (CBBA),nutricion y desarrollo infantil,controles nuevos en ninos menores de 2 anos,2005-11-01,316,316,261,577
TITO YUPANQUI (PARQUIPUJIO),nutricion y desarrollo infantil,controles nuevos en ninos menores de 2 anos,2005-11-01,0,0,3,3
TOCO,nutricion y desarrollo infantil,controles nuevos en ninos menores de 2 anos,2005-11-01,5,5,3,8
TOLATA,nutricion y desarrollo infantil,controles nuevos en ninos menores de 2 anos,2005-11-01,30,30,19,49
TOLEDO,nutricion y desarrollo infantil,controles nuevos en ninos menores de 2 anos,2005-11-01,12,12,14,26
TOMAVE,nutricion y desarrollo infantil,controles nuevos en ninos menores de 2 anos,2005-11-01,22,22,15,37
TOMINA,nutricion y desarrollo infantil,controles nuevos en ninos menores de 2 anos,2005-11-01,6,6,11,17
TORO TORO,nutricion y desarrollo infantil,controles nuevos en ninos menores de 2 anos,2005-11-01,37,37,52,89
TOTORA(CBBA),nutricion y desarrollo infantil,controles nuevos en ninos menores de 2 anos,2005-11-01,41,41,25,66
TOTORA(ORR),nutricion y desarrollo infantil,controles nuevos en ninos menores de 2 anos,2005-11-01,14,14,13,27
TRIGAL,nutricion y desarrollo infantil,controles nuevos en ninos menores de 2 anos,2005-11-01,2,2,2,4
TRINIDAD,nutricion y desarrollo infantil,controles nuevos en ninos menores de 2 anos,2005-11-01,562,562,496,1058
TUPIZA,nutricion y desarrollo infantil,controles nuevos en ninos menores de 2 anos,2005-11-01,41,41,37,78
TURCO,nutricion y desarrollo infantil,controles nuevos en ninos menores de 2 anos,2005-11-01,6,6,5,11
UMALA,nutricion y desarrollo infantil,controles nuevos en ninos menores de 2 anos,2005-11-01,2,2,4,6
UNCIA,nutricion y desarrollo infantil,controles nuevos en ninos menores de 2 anos,2005-11-01,23,23,19,42
URIONDO (A. CONCEPCION),nutricion y desarrollo infantil,controles nuevos en ninos menores de 2 anos,2005-11-01,15,15,10,25
UYUNI,nutricion y desarrollo infantil,controles nuevos en ninos menores de 2 anos,2005-11-01,20,20,17,37
VACAS,nutricion y desarrollo infantil,controles nuevos en ninos menores de 2 anos,2005-11-01,23,23,21,44
VALLEGRANDE,nutricion y desarrollo infantil,controles nuevos en ninos menores de 2 anos,2005-11-01,12,12,11,23
VIACHA,nutricion y desarrollo infantil,controles nuevos en ninos menores de 2 anos,2005-11-01,72,72,64,136
VILA VILA,nutricion y desarrollo infantil,controles nuevos en ninos menores de 2 anos,2005-11-01,3,3,3,6
VILLA MONTES,nutricion y desarrollo infantil,controles nuevos en ninos menores de 2 anos,2005-11-01,59,59,46,105
VILLA NUEVA (LOMA ALTA),nutricion y desarrollo infantil,controles nuevos en ninos menores de 2 anos,2005-11-01,0,0,4,4
VILLA RIVERO,nutricion y desarrollo infantil,controles nuevos en ninos menores de 2 anos,2005-11-01,13,13,10,23
VILLA SERRANO,nutricion y desarrollo infantil,controles nuevos en ninos menores de 2 anos,2005-11-01,11,11,14,25
VILLA TUNARI,nutricion y desarrollo infantil,controles nuevos en ninos menores de 2 anos,2005-11-01,245,245,268,513
VILLA VACA GUZMAN (MUYUPAMPA),nutricion y desarrollo infantil,controles nuevos en ninos menores de 2 anos,2005-11-01,11,11,7,18
VILLAZON,nutricion y desarrollo infantil,controles nuevos en ninos menores de 2 anos,2005-11-01,41,41,54,95
VINTO,nutricion y desarrollo infantil,controles nuevos en ninos menores de 2 anos,2005-11-01,105,105,111,216
VITICHI,nutricion y desarrollo infantil,controles nuevos en ninos menores de 2 anos,2005-11-01,9,9,4,13
WALDO BALLIVIAN,nutricion y desarrollo infantil,controles nuevos en ninos menores de 2 anos,2005-11-01,0,0,2,2
WARNES,nutricion y desarrollo infantil,controles nuevos en ninos menores de 2 anos,2005-11-01,109,109,98,207
YACO,nutricion y desarrollo infantil,controles nuevos en ninos menores de 2 anos,2005-11-01,8,8,6,14
YACUIBA,nutricion y desarrollo infantil,controles nuevos en ninos menores de 2 anos,2005-11-01,63,63,58,121
YAMPARAEZ,nutricion y desarrollo infantil,controles nuevos en ninos menores de 2 anos,2005-11-01,11,11,7,18
YANACACHI,nutricion y desarrollo infantil,controles nuevos en ninos menores de 2 anos,2005-11-01,3,3,3,6
YAPACANI,nutricion y desarrollo infantil,controles nuevos en ninos menores de 2 anos,2005-11-01,47,47,40,87
YOCALLA,nutricion y desarrollo infantil,controles nuevos en ninos menores de 2 anos,2005-11-01,5,5,6,11
YOTALA,nutricion y desarrollo infantil,controles nuevos en ninos menores de 2 anos,2005-11-01,6,6,7,13
YUNCHARA,nutricion y desarrollo infantil,controles nuevos en ninos menores de 2 anos,2005-11-01,5,5,4,9
ZUDAÑEZ,nutricion y desarrollo infantil,controles nuevos en ninos menores de 2 anos,2005-11-01,9,9,5,14
ACACIO,nutricion y desarrollo infantil,controles nuevos en ninos menores de 2 anos,2005-12-01,12,12,9,21
ACHACACHI,nutricion y desarrollo infantil,controles nuevos en ninos menores de 2 anos,2005-12-01,129,129,31,160
ACHOCALLA,nutricion y desarrollo infantil,controles nuevos en ninos menores de 2 anos,2005-12-01,8,8,11,19
AIQUILE,nutricion y desarrollo infantil,controles nuevos en ninos menores de 2 anos,2005-12-01,16,16,19,35
ALALAY,nutricion y desarrollo infantil,controles nuevos en ninos menores de 2 anos,2005-12-01,0,0,1,1
ALCALA,nutricion y desarrollo infantil,controles nuevos en ninos menores de 2 anos,2005-12-01,2,2,4,6
ANCORAIMES,nutricion y desarrollo infantil,controles nuevos en ninos menores de 2 anos,2005-12-01,9,9,8,17
ANDAMARCA,nutricion y desarrollo infantil,controles nuevos en ninos menores de 2 anos,2005-12-01,4,4,0,4
ANTEQUERA,nutricion y desarrollo infantil,controles nuevos en ninos menores de 2 anos,2005-12-01,0,0,3,3
ANZALDO,nutricion y desarrollo infantil,controles nuevos en ninos menores de 2 anos,2005-12-01,34,34,35,69
APOLO,nutricion y desarrollo infantil,controles nuevos en ninos menores de 2 anos,2005-12-01,27,27,29,56
ARAMPAMPA,nutricion y desarrollo infantil,controles nuevos en ninos menores de 2 anos,2005-12-01,6,6,3,9
ARANI,nutricion y desarrollo infantil,controles nuevos en ninos menores de 2 anos,2005-12-01,30,30,47,77
ARBIETO,nutricion y desarrollo infantil,controles nuevos en ninos menores de 2 anos,2005-12-01,9,9,10,19
ARQUE,nutricion y desarrollo infantil,controles nuevos en ninos menores de 2 anos,2005-12-01,30,30,26,56
ASCENCION DE GUARAYOS,nutricion y desarrollo infantil,controles nuevos en ninos menores de 2 anos,2005-12-01,28,28,40,68
ATOCHA,nutricion y desarrollo infantil,controles nuevos en ninos menores de 2 anos,2005-12-01,14,14,17,31
AUCAPATA,nutricion y desarrollo infantil,controles nuevos en ninos menores de 2 anos,2005-12-01,14,14,11,25
AYATA,nutricion y desarrollo infantil,controles nuevos en ninos menores de 2 anos,2005-12-01,8,8,8,16
AYO AYO,nutricion y desarrollo infantil,controles nuevos en ninos menores de 2 anos,2005-12-01,11,11,7,18
AYOPAYA (V. DE INDEPENDENCIA),nutricion y desarrollo infantil,controles nuevos en ninos menores de 2 anos,2005-12-01,59,59,48,107
AZURDUY,nutricion y desarrollo infantil,controles nuevos en ninos menores de 2 anos,2005-12-01,13,13,14,27
BATALLAS,nutricion y desarrollo infantil,controles nuevos en ninos menores de 2 anos,2005-12-01,5,5,19,24
BAURES,nutricion y desarrollo infantil,controles nuevos en ninos menores de 2 anos,2005-12-01,2,2,1,3
BELEN DE ANDAMARCA,nutricion y desarrollo infantil,controles nuevos en ninos menores de 2 anos,2005-12-01,2,2,1,3
BELEN DE URMIRI,nutricion y desarrollo infantil,controles nuevos en ninos menores de 2 anos,2005-12-01,1,1,3,4
BELLA FLOR,nutricion y desarrollo infantil,controles nuevos en ninos menores de 2 anos,2005-12-01,0,0,2,2
BERMEJO,nutricion y desarrollo infantil,controles nuevos en ninos menores de 2 anos,2005-12-01,9,9,10,19
BETANZOS,nutricion y desarrollo infantil,controles nuevos en ninos menores de 2 anos,2005-12-01,31,31,16,47
BOLIVAR,nutricion y desarrollo infantil,controles nuevos en ninos menores de 2 anos,2005-12-01,9,9,10,19
BOYUIBE,nutricion y desarrollo infantil,controles nuevos en ninos menores de 2 anos,2005-12-01,3,3,5,8
BUENA VISTA,nutricion y desarrollo infantil,controles nuevos en ninos menores de 2 anos,2005-12-01,13,13,11,24
CABEZAS,nutricion y desarrollo infantil,controles nuevos en ninos menores de 2 anos,2005-12-01,12,12,6,18
CAIROMA,nutricion y desarrollo infantil,controles nuevos en ninos menores de 2 anos,2005-12-01,5,5,8,13
"CAIZA ""D""",nutricion y desarrollo infantil,controles nuevos en ninos menores de 2 anos,2005-12-01,9,9,8,17
CAJUATA,nutricion y desarrollo infantil,controles nuevos en ninos menores de 2 anos,2005-12-01,5,5,9,14
CALACOTO,nutricion y desarrollo infantil,controles nuevos en ninos menores de 2 anos,2005-12-01,10,10,5,15
CALAMARCA,nutricion y desarrollo infantil,controles nuevos en ninos menores de 2 anos,2005-12-01,12,12,8,20
CAMARGO,nutricion y desarrollo infantil,controles nuevos en ninos menores de 2 anos,2005-12-01,16,16,15,31
CAMATAQUI (C. VILLA ABECIA),nutricion y desarrollo infantil,controles nuevos en ninos menores de 2 anos,2005-12-01,0,0,1,1
CAMIRI,nutricion y desarrollo infantil,controles nuevos en ninos menores de 2 anos,2005-12-01,51,51,48,99
CAPINOTA,nutricion y desarrollo infantil,controles nuevos en ninos menores de 2 anos,2005-12-01,58,58,54,112
CAQUIAVIRI,nutricion y desarrollo infantil,controles nuevos en ninos menores de 2 anos,2005-12-01,4,4,12,16
CARACOLLO,nutricion y desarrollo infantil,controles nuevos en ninos menores de 2 anos,2005-12-01,16,16,13,29
CARANAVI,nutricion y desarrollo infantil,controles nuevos en ninos menores de 2 anos,2005-12-01,98,98,80,178
CARANGAS,nutricion y desarrollo infantil,controles nuevos en ninos menores de 2 anos,2005-12-01,2,2,2,4
CARAPARI,nutricion y desarrollo infantil,controles nuevos en ninos menores de 2 anos,2005-12-01,11,11,12,23
CARIPUYO,nutricion y desarrollo infantil,controles nuevos en ninos menores de 2 anos,2005-12-01,1,1,6,7
CARMEN RIVERO TORREZ,nutricion y desarrollo infantil,controles nuevos en ninos menores de 2 anos,2005-12-01,9,9,11,20
CATACORA,nutricion y desarrollo infantil,controles nuevos en ninos menores de 2 anos,2005-12-01,1,1,0,1
CHACARILLA,nutricion y desarrollo infantil,controles nuevos en ninos menores de 2 anos,2005-12-01,2,2,1,3
CHALLAPATA,nutricion y desarrollo infantil,controles nuevos en ninos menores de 2 anos,2005-12-01,21,21,19,40
CHAQUI,nutricion y desarrollo infantil,controles nuevos en ninos menores de 2 anos,2005-12-01,4,4,3,7
CHARAGUA,nutricion y desarrollo infantil,controles nuevos en ninos menores de 2 anos,2005-12-01,14,14,12,26
CHARAÑA,nutricion y desarrollo infantil,controles nuevos en ninos menores de 2 anos,2005-12-01,4,4,3,7
CHAYANTA,nutricion y desarrollo infantil,controles nuevos en ninos menores de 2 anos,2005-12-01,28,28,22,50
CHIMORE,nutricion y desarrollo infantil,controles nuevos en ninos menores de 2 anos,2005-12-01,31,31,39,70
CHOQUE COTA,nutricion y desarrollo infantil,controles nuevos en ninos menores de 2 anos,2005-12-01,2,2,2,4
CHULUMANI (V. DE LA LIBERTAD),nutricion y desarrollo infantil,controles nuevos en ninos menores de 2 anos,2005-12-01,19,19,14,33
CHUMA,nutricion y desarrollo infantil,controles nuevos en ninos menores de 2 anos,2005-12-01,10,10,12,22
CLIZA,nutricion y desarrollo infantil,controles nuevos en ninos menores de 2 anos,2005-12-01,33,33,47,80
COBIJA,nutricion y desarrollo infantil,controles nuevos en ninos menores de 2 anos,2005-12-01,38,38,41,79
COCHABAMBA,nutricion y desarrollo infantil,controles nuevos en ninos menores de 2 anos,2005-12-01,1791,1791,1688,3479
COLCAPIRHUA,nutricion y desarrollo infantil,controles nuevos en ninos menores de 2 anos,2005-12-01,242,242,245,487
"COLCHA ""K""",nutricion y desarrollo infantil,controles nuevos en ninos menores de 2 anos,2005-12-01,11,11,8,19
COLLANA,nutricion y desarrollo infantil,controles nuevos en ninos menores de 2 anos,2005-12-01,3,3,2,5
COLOMI,nutricion y desarrollo infantil,controles nuevos en ninos menores de 2 anos,2005-12-01,82,82,77,159
COLPA BELGICA,nutricion y desarrollo infantil,controles nuevos en ninos menores de 2 anos,2005-12-01,7,7,6,13
COLQUECHACA,nutricion y desarrollo infantil,controles nuevos en ninos menores de 2 anos,2005-12-01,21,21,27,48
COLQUENCHA,nutricion y desarrollo infantil,controles nuevos en ninos menores de 2 anos,2005-12-01,6,6,5,11
COLQUIRI,nutricion y desarrollo infantil,controles nuevos en ninos menores de 2 anos,2005-12-01,38,38,35,73
COMANCHE,nutricion y desarrollo infantil,controles nuevos en ninos menores de 2 anos,2005-12-01,2,2,4,6
COMARAPA,nutricion y desarrollo infantil,controles nuevos en ninos menores de 2 anos,2005-12-01,13,13,18,31
COMBAYA,nutricion y desarrollo infantil,controles nuevos en ninos menores de 2 anos,2005-12-01,1,1,3,4
CONCEPCION,nutricion y desarrollo infantil,controles nuevos en ninos menores de 2 anos,2005-12-01,18,18,6,24
COPACABANA,nutricion y desarrollo infantil,controles nuevos en ninos menores de 2 anos,2005-12-01,8,8,6,14
CORIPATA,nutricion y desarrollo infantil,controles nuevos en ninos menores de 2 anos,2005-12-01,14,14,5,19
CORO CORO,nutricion y desarrollo infantil,controles nuevos en ninos menores de 2 anos,2005-12-01,2,2,7,9
COROICO,nutricion y desarrollo infantil,controles nuevos en ninos menores de 2 anos,2005-12-01,20,20,27,47
CORQUE,nutricion y desarrollo infantil,controles nuevos en ninos menores de 2 anos,2005-12-01,2,2,3,5
COTAGAITA,nutricion y desarrollo infantil,controles nuevos en ninos menores de 2 anos,2005-12-01,21,21,10,31
COTOCA,nutricion y desarrollo infantil,controles nuevos en ninos menores de 2 anos,2005-12-01,45,45,36,81
CUATRO CAÑADAS,nutricion y desarrollo infantil,controles nuevos en ninos menores de 2 anos,2005-12-01,24,24,25,49
CUCHUMUELA (V. G. VILLARROEL),nutricion y desarrollo infantil,controles nuevos en ninos menores de 2 anos,2005-12-01,1,1,1,2
CUEVO,nutricion y desarrollo infantil,controles nuevos en ninos menores de 2 anos,2005-12-01,0,0,6,6
CULPINA,nutricion y desarrollo infantil,controles nuevos en ninos menores de 2 anos,2005-12-01,27,27,17,44
CURAHUARA DE CARANGAS,nutricion y desarrollo infantil,controles nuevos en ninos menores de 2 anos,2005-12-01,1,1,6,7
CURVA,nutricion y desarrollo infantil,controles nuevos en ninos menores de 2 anos,2005-12-01,2,2,1,3
DESAGUADERO,nutricion y desarrollo infantil,controles nuevos en ninos menores de 2 anos,2005-12-01,5,5,2,7
EL ALTO,nutricion y desarrollo infantil,controles nuevos en ninos menores de 2 anos,2005-12-01,1474,1474,1556,3030
EL CHORO,nutricion y desarrollo infantil,controles nuevos en ninos menores de 2 anos,2005-12-01,3,3,4,7
EL PUENTE(STC),nutricion y desarrollo infantil,controles nuevos en ninos menores de 2 anos,2005-12-01,11,11,9,20
EL PUENTE(TJA),nutricion y desarrollo infantil,controles nuevos en ninos menores de 2 anos,2005-12-01,5,5,7,12
EL TORNO,nutricion y desarrollo infantil,controles nuevos en ninos menores de 2 anos,2005-12-01,40,40,41,81
EL VILLAR,nutricion y desarrollo infantil,controles nuevos en ninos menores de 2 anos,2005-12-01,2,2,7,9
ENTRE RIOS,nutricion y desarrollo infantil,controles nuevos en ninos menores de 2 anos,2005-12-01,115,115,93,208
ENTRE RIOS,nutricion y desarrollo infantil,controles nuevos en ninos menores de 2 anos,2005-12-01,12,12,16,28
EUCALIPTUS,nutricion y desarrollo infantil,controles nuevos en ninos menores de 2 anos,2005-12-01,4,4,3,7
EUREKA (SANTOS MERCADO),nutricion y desarrollo infantil,controles nuevos en ninos menores de 2 anos,2005-12-01,4,4,3,7
EXALTACION,nutricion y desarrollo infantil,controles nuevos en ninos menores de 2 anos,2005-12-01,1,1,0,1
FERNANDEZ ALONSO,nutricion y desarrollo infantil,controles nuevos en ninos menores de 2 anos,2005-12-01,8,8,12,20
FILADELFIA,nutricion y desarrollo infantil,controles nuevos en ninos menores de 2 anos,2005-12-01,14,14,12,26
GENERAL SAAVEDRA,nutricion y desarrollo infantil,controles nuevos en ninos menores de 2 anos,2005-12-01,57,57,51,108
GRAL. J.J. PEREZ (CHARAZANI),nutricion y desarrollo infantil,controles nuevos en ninos menores de 2 anos,2005-12-01,7,7,8,15
GUANAY,nutricion y desarrollo infantil,controles nuevos en ninos menores de 2 anos,2005-12-01,30,30,25,55
GUAQUI,nutricion y desarrollo infantil,controles nuevos en ninos menores de 2 anos,2005-12-01,11,11,3,14
GUAYARAMERIN,nutricion y desarrollo infantil,controles nuevos en ninos menores de 2 anos,2005-12-01,48,48,46,94
GUTIERREZ,nutricion y desarrollo infantil,controles nuevos en ninos menores de 2 anos,2005-12-01,6,6,15,21
HUACARETA,nutricion y desarrollo infantil,controles nuevos en ninos menores de 2 anos,2005-12-01,6,6,4,10
HUACAYA (VILLA DE HUACAYA),nutricion y desarrollo infantil,controles nuevos en ninos menores de 2 anos,2005-12-01,4,4,2,6
HUACHACALLA,nutricion y desarrollo infantil,controles nuevos en ninos menores de 2 anos,2005-12-01,1,1,1,2
HUANUNI,nutricion y desarrollo infantil,controles nuevos en ninos menores de 2 anos,2005-12-01,47,47,49,96
HUARACAJE,nutricion y desarrollo infantil,controles nuevos en ninos menores de 2 anos,2005-12-01,1,1,4,5
HUAYLLAMARCA,nutricion y desarrollo infantil,controles nuevos en ninos menores de 2 anos,2005-12-01,2,2,3,5
ICHOCA,nutricion y desarrollo infantil,controles nuevos en ninos menores de 2 anos,2005-12-01,5,5,0,5
ICLA,nutricion y desarrollo infantil,controles nuevos en ninos menores de 2 anos,2005-12-01,9,9,13,22
INCAHUASI,nutricion y desarrollo infantil,controles nuevos en ninos menores de 2 anos,2005-12-01,33,33,54,87
INGAVI (HUMAITA),nutricion y desarrollo infantil,controles nuevos en ninos menores de 2 anos,2005-12-01,1,1,1,2
INQUISIVI,nutricion y desarrollo infantil,controles nuevos en ninos menores de 2 anos,2005-12-01,9,9,20,29
IRUPANA (VILLA DE LANZA),nutricion y desarrollo infantil,controles nuevos en ninos menores de 2 anos,2005-12-01,13,13,14,27
IXIAMAS,nutricion y desarrollo infantil,controles nuevos en ninos menores de 2 anos,2005-12-01,15,15,9,24
JESUS DE MACHACA,nutricion y desarrollo infantil,controles nuevos en ninos menores de 2 anos,2005-12-01,6,6,8,14
LA ASUNTA,nutricion y desarrollo infantil,controles nuevos en ninos menores de 2 anos,2005-12-01,31,31,25,56
LA GUARDIA,nutricion y desarrollo infantil,controles nuevos en ninos menores de 2 anos,2005-12-01,65,65,73,138
LA PAZ,nutricion y desarrollo infantil,controles nuevos en ninos menores de 2 anos,2005-12-01,922,922,891,1813
LAGUNILLAS,nutricion y desarrollo infantil,controles nuevos en ninos menores de 2 anos,2005-12-01,2,2,6,8
LAJA,nutricion y desarrollo infantil,controles nuevos en ninos menores de 2 anos,2005-12-01,16,16,6,22
LAS CARRERAS,nutricion y desarrollo infantil,controles nuevos en ninos menores de 2 anos,2005-12-01,4,4,7,11
LICOMA PAMPA,nutricion y desarrollo infantil,controles nuevos en ninos menores de 2 anos,2005-12-01,1,1,0,1
LLALLAGUA,nutricion y desarrollo infantil,controles nuevos en ninos menores de 2 anos,2005-12-01,117,117,90,207
LLICA,nutricion y desarrollo infantil,controles nuevos en ninos menores de 2 anos,2005-12-01,4,4,1,5
LORETO,nutricion y desarrollo infantil,controles nuevos en ninos menores de 2 anos,2005-12-01,14,14,12,26
LURIBAY,nutricion y desarrollo infantil,controles nuevos en ninos menores de 2 anos,2005-12-01,3,3,6,9
MACHACAMARCA,nutricion y desarrollo infantil,controles nuevos en ninos menores de 2 anos,2005-12-01,2,2,2,4
MACHARETI,nutricion y desarrollo infantil,controles nuevos en ninos menores de 2 anos,2005-12-01,2,2,5,7
MAGDALENA,nutricion y desarrollo infantil,controles nuevos en ninos menores de 2 anos,2005-12-01,7,7,7,14
MAIRANA,nutricion y desarrollo infantil,controles nuevos en ninos menores de 2 anos,2005-12-01,6,6,12,18
MALLA,nutricion y desarrollo infantil,controles nuevos en ninos menores de 2 anos,2005-12-01,3,3,1,4
MAPIRI,nutricion y desarrollo infantil,controles nuevos en ninos menores de 2 anos,2005-12-01,17,17,10,27
MECAPACA,nutricion y desarrollo infantil,controles nuevos en ninos menores de 2 anos,2005-12-01,19,19,7,26
MINEROS,nutricion y desarrollo infantil,controles nuevos en ninos menores de 2 anos,2005-12-01,25,25,27,52
MIZQUE,nutricion y desarrollo infantil,controles nuevos en ninos menores de 2 anos,2005-12-01,41,41,21,62
MOCOMOCO,nutricion y desarrollo infantil,controles nuevos en ninos menores de 2 anos,2005-12-01,9,9,5,14
MOJINETE,nutricion y desarrollo infantil,controles nuevos en ninos menores de 2 anos,2005-12-01,0,0,1,1
MOJOCOYA,nutricion y desarrollo infantil,controles nuevos en ninos menores de 2 anos,2005-12-01,5,5,5,10
MONTEAGUDO,nutricion y desarrollo infantil,controles nuevos en ninos menores de 2 anos,2005-12-01,17,17,15,32
MONTERO,nutricion y desarrollo infantil,controles nuevos en ninos menores de 2 anos,2005-12-01,92,92,111,203
MORO MORO,nutricion y desarrollo infantil,controles nuevos en ninos menores de 2 anos,2005-12-01,5,5,2,7
MOROCHATA,nutricion y desarrollo infantil,controles nuevos en ninos menores de 2 anos,2005-12-01,95,95,97,192
NACEBE (SANTA ROSA DEL ABUNA),nutricion y desarrollo infantil,controles nuevos en ninos menores de 2 anos,2005-12-01,1,1,1,2
NAZACARA DE PACAJES,nutricion y desarrollo infantil,controles nuevos en ninos menores de 2 anos,2005-12-01,1,1,1,2
OCURI,nutricion y desarrollo infantil,controles nuevos en ninos menores de 2 anos,2005-12-01,11,11,18,29
OKINAWA,nutricion y desarrollo infantil,controles nuevos en ninos menores de 2 anos,2005-12-01,4,4,11,15
OMEREQUE,nutricion y desarrollo infantil,controles nuevos en ninos menores de 2 anos,2005-12-01,3,3,3,6
ORURO,nutricion y desarrollo infantil,controles nuevos en ninos menores de 2 anos,2005-12-01,487,487,476,963
PADCAYA,nutricion y desarrollo infantil,controles nuevos en ninos menores de 2 anos,2005-12-01,17,17,29,46
PADILLA,nutricion y desarrollo infantil,controles nuevos en ninos menores de 2 anos,2005-12-01,14,14,12,26
PAILON,nutricion y desarrollo infantil,controles nuevos en ninos menores de 2 anos,2005-12-01,13,13,6,19
PALCA,nutricion y desarrollo infantil,controles nuevos en ninos menores de 2 anos,2005-12-01,24,24,17,41
PALOS BLANCOS,nutricion y desarrollo infantil,controles nuevos en ninos menores de 2 anos,2005-12-01,34,34,19,53
PAMPA AULLAGAS,nutricion y desarrollo infantil,controles nuevos en ninos menores de 2 anos,2005-12-01,1,1,0,1
PAMPA GRANDE,nutricion y desarrollo infantil,controles nuevos en ninos menores de 2 anos,2005-12-01,3,3,2,5
PAPEL PAMPA,nutricion y desarrollo infantil,controles nuevos en ninos menores de 2 anos,2005-12-01,1,1,0,1
PASORAPA,nutricion y desarrollo infantil,controles nuevos en ninos menores de 2 anos,2005-12-01,3,3,1,4
PATACAMAYA,nutricion y desarrollo infantil,controles nuevos en ninos menores de 2 anos,2005-12-01,17,17,17,34
PAZÑA,nutricion y desarrollo infantil,controles nuevos en ninos menores de 2 anos,2005-12-01,9,9,10,19
PELECHUCO,nutricion y desarrollo infantil,controles nuevos en ninos menores de 2 anos,2005-12-01,3,3,11,14
POCOATA,nutricion y desarrollo infantil,controles nuevos en ninos menores de 2 anos,2005-12-01,20,20,9,29
POCONA,nutricion y desarrollo infantil,controles nuevos en ninos menores de 2 anos,2005-12-01,44,44,50,94
POJO (CBBA),nutricion y desarrollo infantil,controles nuevos en ninos menores de 2 anos,2005-12-01,8,8,14,22
POOPO,nutricion y desarrollo infantil,controles nuevos en ninos menores de 2 anos,2005-12-01,5,5,2,7
PORCO,nutricion y desarrollo infantil,controles nuevos en ninos menores de 2 anos,2005-12-01,11,11,4,15
POROMA,nutricion y desarrollo infantil,controles nuevos en ninos menores de 2 anos,2005-12-01,25,25,11,36
PORONGO,nutricion y desarrollo infantil,controles nuevos en ninos menores de 2 anos,2005-12-01,8,8,2,10
PORTACHUELO,nutricion y desarrollo infantil,controles nuevos en ninos menores de 2 anos,2005-12-01,7,7,6,13
PORVENIR,nutricion y desarrollo infantil,controles nuevos en ninos menores de 2 anos,2005-12-01,1,1,3,4
POSTRER VALLE,nutricion y desarrollo infantil,controles nuevos en ninos menores de 2 anos,2005-12-01,2,2,2,4
POTOSI,nutricion y desarrollo infantil,controles nuevos en ninos menores de 2 anos,2005-12-01,175,175,174,349
PRESTO,nutricion y desarrollo infantil,controles nuevos en ninos menores de 2 anos,2005-12-01,5,5,6,11
PUCARA,nutricion y desarrollo infantil,controles nuevos en ninos menores de 2 anos,2005-12-01,1,1,1,2
PUCARANI,nutricion y desarrollo infantil,controles nuevos en ninos menores de 2 anos,2005-12-01,21,21,17,38
PUERTO ACOSTA,nutricion y desarrollo infantil,controles nuevos en ninos menores de 2 anos,2005-12-01,16,16,7,23
PUERTO CARABUCO,nutricion y desarrollo infantil,controles nuevos en ninos menores de 2 anos,2005-12-01,10,10,3,13
PUERTO PEREZ,nutricion y desarrollo infantil,controles nuevos en ninos menores de 2 anos,2005-12-01,13,13,9,22
PUERTO QUIJARRO,nutricion y desarrollo infantil,controles nuevos en ninos menores de 2 anos,2005-12-01,10,10,20,30
PUERTO RICO,nutricion y desarrollo infantil,controles nuevos en ninos menores de 2 anos,2005-12-01,1,1,2,3
PUERTO SUAREZ,nutricion y desarrollo infantil,controles nuevos en ninos menores de 2 anos,2005-12-01,23,23,21,44
PUERTO VILLARROEL,nutricion y desarrollo infantil,controles nuevos en ninos menores de 2 anos,2005-12-01,83,83,98,181
PUNA,nutricion y desarrollo infantil,controles nuevos en ninos menores de 2 anos,2005-12-01,29,29,22,51
PUNATA,nutricion y desarrollo infantil,controles nuevos en ninos menores de 2 anos,2005-12-01,200,200,170,370
QUILLACOLLO,nutricion y desarrollo infantil,controles nuevos en ninos menores de 2 anos,2005-12-01,489,489,426,915
QUIME,nutricion y desarrollo infantil,controles nuevos en ninos menores de 2 anos,2005-12-01,5,5,5,10
QUIRUSILLAS,nutricion y desarrollo infantil,controles nuevos en ninos menores de 2 anos,2005-12-01,1,1,1,2
RAVELO,nutricion y desarrollo infantil,controles nuevos en ninos menores de 2 anos,2005-12-01,16,16,24,40
REYES,nutricion y desarrollo infantil,controles nuevos en ninos menores de 2 anos,2005-12-01,10,10,14,24
RIBERALTA,nutricion y desarrollo infantil,controles nuevos en ninos menores de 2 anos,2005-12-01,135,135,120,255
ROBORE,nutricion y desarrollo infantil,controles nuevos en ninos menores de 2 anos,2005-12-01,31,31,25,56
RURRENABAQUE,nutricion y desarrollo infantil,controles nuevos en ninos menores de 2 anos,2005-12-01,20,20,17,37
SABAYA,nutricion y desarrollo infantil,controles nuevos en ninos menores de 2 anos,2005-12-01,8,8,4,12
SACABA,nutricion y desarrollo infantil,controles nuevos en ninos menores de 2 anos,2005-12-01,596,596,535,1131
SACABAMBA,nutricion y desarrollo infantil,controles nuevos en ninos menores de 2 anos,2005-12-01,12,12,22,34
SACACA,nutricion y desarrollo infantil,controles nuevos en ninos menores de 2 anos,2005-12-01,20,20,16,36
SAIPINA,nutricion y desarrollo infantil,controles nuevos en ninos menores de 2 anos,2005-12-01,10,10,4,14
SALINAS DE GARCI MENDOZA,nutricion y desarrollo infantil,controles nuevos en ninos menores de 2 anos,2005-12-01,4,4,9,13
SAMAIPATA,nutricion y desarrollo infantil,controles nuevos en ninos menores de 2 anos,2005-12-01,8,8,7,15
SAN AGUSTIN,nutricion y desarrollo infantil,controles nuevos en ninos menores de 2 anos,2005-12-01,2,2,3,5
SAN ANDRES,nutricion y desarrollo infantil,controles nuevos en ninos menores de 2 anos,2005-12-01,23,23,40,63
SAN ANDRES DE MACHACA,nutricion y desarrollo infantil,controles nuevos en ninos menores de 2 anos,2005-12-01,1,1,2,3
SAN ANTONIO DE ESMORUCO,nutricion y desarrollo infantil,controles nuevos en ninos menores de 2 anos,2005-12-01,1,1,1,2
SAN ANTONIO DE LOMERIO,nutricion y desarrollo infantil,controles nuevos en ninos menores de 2 anos,2005-12-01,4,4,8,12
SAN BENITO,nutricion y desarrollo infantil,controles nuevos en ninos menores de 2 anos,2005-12-01,23,23,21,44
SAN BORJA,nutricion y desarrollo infantil,controles nuevos en ninos menores de 2 anos,2005-12-01,52,52,44,96
SAN BUENA VENTURA,nutricion y desarrollo infantil,controles nuevos en ninos menores de 2 anos,2005-12-01,10,10,8,18
SAN CARLOS,nutricion y desarrollo infantil,controles nuevos en ninos menores de 2 anos,2005-12-01,43,43,14,57
SAN IGNACIO,nutricion y desarrollo infantil,controles nuevos en ninos menores de 2 anos,2005-12-01,44,44,28,72
SAN IGNACIO DE VELASCO,nutricion y desarrollo infantil,controles nuevos en ninos menores de 2 anos,2005-12-01,61,61,38,99
SAN JAVIER(BNI),nutricion y desarrollo infantil,controles nuevos en ninos menores de 2 anos,2005-12-01,5,5,9,14
SAN JAVIER(STC),nutricion y desarrollo infantil,controles nuevos en ninos menores de 2 anos,2005-12-01,14,14,18,32
SAN JOSE DE CHIQUITOS,nutricion y desarrollo infantil,controles nuevos en ninos menores de 2 anos,2005-12-01,12,12,11,23
SAN JUAN DE YAPACANI,nutricion y desarrollo infantil,controles nuevos en ninos menores de 2 anos,2005-12-01,10,10,8,18
SAN JULIAN,nutricion y desarrollo infantil,controles nuevos en ninos menores de 2 anos,2005-12-01,41,41,45,86
SAN LORENZO(PND),nutricion y desarrollo infantil,controles nuevos en ninos menores de 2 anos,2005-12-01,7,7,2,9
SAN LORENZO(TJA),nutricion y desarrollo infantil,controles nuevos en ninos menores de 2 anos,2005-12-01,14,14,14,28
SAN LUCAS,nutricion y desarrollo infantil,controles nuevos en ninos menores de 2 anos,2005-12-01,49,49,50,99
SAN MATIAS,nutricion y desarrollo infantil,controles nuevos en ninos menores de 2 anos,2005-12-01,14,14,8,22
SAN MIGUEL DE VELASCO,nutricion y desarrollo infantil,controles nuevos en ninos menores de 2 anos,2005-12-01,7,7,4,11
SAN PABLO DE LIPEZ,nutricion y desarrollo infantil,controles nuevos en ninos menores de 2 anos,2005-12-01,1,1,2,3
SAN PEDRO,nutricion y desarrollo infantil,controles nuevos en ninos menores de 2 anos,2005-12-01,12,12,18,30
SAN PEDRO DE BUENA VISTA,nutricion y desarrollo infantil,controles nuevos en ninos menores de 2 anos,2005-12-01,28,28,16,44
SAN PEDRO DE CURAHUARA,nutricion y desarrollo infantil,controles nuevos en ninos menores de 2 anos,2005-12-01,1,1,8,9
SAN PEDRO DE TIQUINA,nutricion y desarrollo infantil,controles nuevos en ninos menores de 2 anos,2005-12-01,2,2,3,5
SAN PEDRO(PND),nutricion y desarrollo infantil,controles nuevos en ninos menores de 2 anos,2005-12-01,11,11,5,16
SAN RAFAEL,nutricion y desarrollo infantil,controles nuevos en ninos menores de 2 anos,2005-12-01,2,2,10,12
SAN RAMON,nutricion y desarrollo infantil,controles nuevos en ninos menores de 2 anos,2005-12-01,3,3,6,9
SAN RAMON,nutricion y desarrollo infantil,controles nuevos en ninos menores de 2 anos,2005-12-01,2,2,6,8
SANTA ANA,nutricion y desarrollo infantil,controles nuevos en ninos menores de 2 anos,2005-12-01,18,18,15,33
SANTA CRUZ DE LA SIERRA,nutricion y desarrollo infantil,controles nuevos en ninos menores de 2 anos,2005-12-01,2223,2223,1962,4185
SANTA ROSA,nutricion y desarrollo infantil,controles nuevos en ninos menores de 2 anos,2005-12-01,17,17,14,31
SANTA ROSA DEL SARA,nutricion y desarrollo infantil,controles nuevos en ninos menores de 2 anos,2005-12-01,9,9,19,28
SANTIAGO DE HUARI,nutricion y desarrollo infantil,controles nuevos en ninos menores de 2 anos,2005-12-01,5,5,5,10
SANTIAGO DE MACHACA,nutricion y desarrollo infantil,controles nuevos en ninos menores de 2 anos,2005-12-01,3,3,2,5
SANTIVAÑES,nutricion y desarrollo infantil,controles nuevos en ninos menores de 2 anos,2005-12-01,7,7,4,11
SAPAHAQUI,nutricion y desarrollo infantil,controles nuevos en ninos menores de 2 anos,2005-12-01,10,10,9,19
SENA,nutricion y desarrollo infantil,controles nuevos en ninos menores de 2 anos,2005-12-01,3,3,3,6
SICA SICA (VILLA AROMA),nutricion y desarrollo infantil,controles nuevos en ninos menores de 2 anos,2005-12-01,12,12,7,19
SIPE SIPE,nutricion y desarrollo infantil,controles nuevos en ninos menores de 2 anos,2005-12-01,155,155,153,308
SOPACHUY,nutricion y desarrollo infantil,controles nuevos en ninos menores de 2 anos,2005-12-01,6,6,2,8
SORACACHI,nutricion y desarrollo infantil,controles nuevos en ninos menores de 2 anos,2005-12-01,8,8,5,13
SORATA,nutricion y desarrollo infantil,controles nuevos en ninos menores de 2 anos,2005-12-01,33,33,20,53
SUCRE,nutricion y desarrollo infantil,controles nuevos en ninos menores de 2 anos,2005-12-01,217,217,247,464
TACACHI,nutricion y desarrollo infantil,controles nuevos en ninos menores de 2 anos,2005-12-01,2,2,2,4
TACACOMA,nutricion y desarrollo infantil,controles nuevos en ninos menores de 2 anos,2005-12-01,7,7,2,9
TACOBAMBA,nutricion y desarrollo infantil,controles nuevos en ninos menores de 2 anos,2005-12-01,15,15,11,26
TACOPAYA,nutricion y desarrollo infantil,controles nuevos en ninos menores de 2 anos,2005-12-01,14,14,12,26
TAHUA,nutricion y desarrollo infantil,controles nuevos en ninos menores de 2 anos,2005-12-01,2,2,1,3
TAPACARI,nutricion y desarrollo infantil,controles nuevos en ninos menores de 2 anos,2005-12-01,40,40,26,66
TARABUCO,nutricion y desarrollo infantil,controles nuevos en ninos menores de 2 anos,2005-12-01,26,26,20,46
TARACO,nutricion y desarrollo infantil,controles nuevos en ninos menores de 2 anos,2005-12-01,6,6,7,13
TARATA,nutricion y desarrollo infantil,controles nuevos en ninos menores de 2 anos,2005-12-01,13,13,12,25
TARIJA,nutricion y desarrollo infantil,controles nuevos en ninos menores de 2 anos,2005-12-01,731,731,560,1291
TARVITA,nutricion y desarrollo infantil,controles nuevos en ninos menores de 2 anos,2005-12-01,11,11,11,22
TEOPONTE,nutricion y desarrollo infantil,controles nuevos en ninos menores de 2 anos,2005-12-01,1,1,5,6
TIAWANACU,nutricion y desarrollo infantil,controles nuevos en ninos menores de 2 anos,2005-12-01,8,8,9,17
TINGUIPAYA,nutricion y desarrollo infantil,controles nuevos en ninos menores de 2 anos,2005-12-01,24,24,23,47
TIPUANI,nutricion y desarrollo infantil,controles nuevos en ninos menores de 2 anos,2005-12-01,13,13,9,22
TIQUIPAYA,nutricion y desarrollo infantil,controles nuevos en ninos menores de 2 anos,2005-12-01,80,80,84,164
TIRAQUE (CBBA),nutricion y desarrollo infantil,controles nuevos en ninos menores de 2 anos,2005-12-01,337,337,298,635
TITO YUPANQUI (PARQUIPUJIO),nutricion y desarrollo infantil,controles nuevos en ninos menores de 2 anos,2005-12-01,2,2,1,3
TOCO,nutricion y desarrollo infantil,controles nuevos en ninos menores de 2 anos,2005-12-01,3,3,4,7
TODOS SANTOS,nutricion y desarrollo infantil,controles nuevos en ninos menores de 2 anos,2005-12-01,3,3,1,4
TOLATA,nutricion y desarrollo infantil,controles nuevos en ninos menores de 2 anos,2005-12-01,15,15,8,23
TOLEDO,nutricion y desarrollo infantil,controles nuevos en ninos menores de 2 anos,2005-12-01,15,15,10,25
TOMAVE,nutricion y desarrollo infantil,controles nuevos en ninos menores de 2 anos,2005-12-01,11,11,13,24
TOMINA,nutricion y desarrollo infantil,controles nuevos en ninos menores de 2 anos,2005-12-01,13,13,7,20
TORO TORO,nutricion y desarrollo infantil,controles nuevos en ninos menores de 2 anos,2005-12-01,28,28,54,82
TOTORA(CBBA),nutricion y desarrollo infantil,controles nuevos en ninos menores de 2 anos,2005-12-01,11,11,12,23
TOTORA(ORR),nutricion y desarrollo infantil,controles nuevos en ninos menores de 2 anos,2005-12-01,7,7,8,15
TRIGAL,nutricion y desarrollo infantil,controles nuevos en ninos menores de 2 anos,2005-12-01,1,1,0,1
TRINIDAD,nutricion y desarrollo infantil,controles nuevos en ninos menores de 2 anos,2005-12-01,441,441,434,875
TUPIZA,nutricion y desarrollo infantil,controles nuevos en ninos menores de 2 anos,2005-12-01,49,49,44,93
TURCO,nutricion y desarrollo infantil,controles nuevos en ninos menores de 2 anos,2005-12-01,4,4,4,8
UMALA,nutricion y desarrollo infantil,controles nuevos en ninos menores de 2 anos,2005-12-01,2,2,2,4
UNCIA,nutricion y desarrollo infantil,controles nuevos en ninos menores de 2 anos,2005-12-01,20,20,17,37
URIONDO (A. CONCEPCION),nutricion y desarrollo infantil,controles nuevos en ninos menores de 2 anos,2005-12-01,10,10,10,20
URUBICHA,nutricion y desarrollo infantil,controles nuevos en ninos menores de 2 anos,2005-12-01,27,27,17,44
UYUNI,nutricion y desarrollo infantil,controles nuevos en ninos menores de 2 anos,2005-12-01,16,16,14,30
VACAS,nutricion y desarrollo infantil,controles nuevos en ninos menores de 2 anos,2005-12-01,20,20,25,45
VALLEGRANDE,nutricion y desarrollo infantil,controles nuevos en ninos menores de 2 anos,2005-12-01,16,16,17,33
VIACHA,nutricion y desarrollo infantil,controles nuevos en ninos menores de 2 anos,2005-12-01,37,37,43,80
VILA VILA,nutricion y desarrollo infantil,controles nuevos en ninos menores de 2 anos,2005-12-01,4,4,3,7
VILLA MONTES,nutricion y desarrollo infantil,controles nuevos en ninos menores de 2 anos,2005-12-01,47,47,37,84
VILLA NUEVA (LOMA ALTA),nutricion y desarrollo infantil,controles nuevos en ninos menores de 2 anos,2005-12-01,3,3,1,4
VILLA RIVERO,nutricion y desarrollo infantil,controles nuevos en ninos menores de 2 anos,2005-12-01,2,2,6,8
VILLA SERRANO,nutricion y desarrollo infantil,controles nuevos en ninos menores de 2 anos,2005-12-01,6,6,6,12
VILLA TUNARI,nutricion y desarrollo infantil,controles nuevos en ninos menores de 2 anos,2005-12-01,236,236,213,449
VILLA VACA GUZMAN (MUYUPAMPA),nutricion y desarrollo infantil,controles nuevos en ninos menores de 2 anos,2005-12-01,9,9,11,20
VILLAZON,nutricion y desarrollo infantil,controles nuevos en ninos menores de 2 anos,2005-12-01,46,46,37,83
VINTO,nutricion y desarrollo infantil,controles nuevos en ninos menores de 2 anos,2005-12-01,97,97,94,191
VITICHI,nutricion y desarrollo infantil,controles nuevos en ninos menores de 2 anos,2005-12-01,6,6,9,15
WALDO BALLIVIAN,nutricion y desarrollo infantil,controles nuevos en ninos menores de 2 anos,2005-12-01,2,2,1,3
WARNES,nutricion y desarrollo infantil,controles nuevos en ninos menores de 2 anos,2005-12-01,91,91,79,170
YACO,nutricion y desarrollo infantil,controles nuevos en ninos menores de 2 anos,2005-12-01,3,3,6,9
YACUIBA,nutricion y desarrollo infantil,controles nuevos en ninos menores de 2 anos,2005-12-01,58,58,62,120
YAMPARAEZ,nutricion y desarrollo infantil,controles nuevos en ninos menores de 2 anos,2005-12-01,8,8,12,20
YANACACHI,nutricion y desarrollo infantil,controles nuevos en ninos menores de 2 anos,2005-12-01,5,5,4,9
YAPACANI,nutricion y desarrollo infantil,controles nuevos en ninos menores de 2 anos,2005-12-01,41,41,46,87
YOCALLA,nutricion y desarrollo infantil,controles nuevos en ninos menores de 2 anos,2005-12-01,6,6,6,12
YOTALA,nutricion y desarrollo infantil,controles nuevos en ninos menores de 2 anos,2005-12-01,6,6,3,9
YUNCHARA,nutricion y desarrollo infantil,controles nuevos en ninos menores de 2 anos,2005-12-01,2,2,10,12
ZUDAÑEZ,nutricion y desarrollo infantil,controles nuevos en ninos menores de 2 anos,2005-12-01,20,20,12,32
