municipality,group,variable,month,Controles nuevos en niños de 2 años a < de 5 a NUEVO,TOTAL-NUEVO,TOTAL-REPETIDO,TOTAL
ACACIO,nutricion y desarrollo infantil,controles nuevos en ninos de 2 anos a < de 5 a,2005-01-01,1,1,0,1
ACHACACHI,nutricion y desarrollo infantil,controles nuevos en ninos de 2 anos a < de 5 a,2005-01-01,92,92,110,202
ACHOCALLA,nutricion y desarrollo infantil,controles nuevos en ninos de 2 anos a < de 5 a,2005-01-01,2,2,4,6
AIQUILE,nutricion y desarrollo infantil,controles nuevos en ninos de 2 anos a < de 5 a,2005-01-01,21,21,26,47
ALALAY,nutricion y desarrollo infantil,controles nuevos en ninos de 2 anos a < de 5 a,2005-01-01,1,1,3,4
ALCALA,nutricion y desarrollo infantil,controles nuevos en ninos de 2 anos a < de 5 a,2005-01-01,105,105,93,198
ANCORAIMES,nutricion y desarrollo infantil,controles nuevos en ninos de 2 anos a < de 5 a,2005-01-01,3,3,7,10
ANDAMARCA,nutricion y desarrollo infantil,controles nuevos en ninos de 2 anos a < de 5 a,2005-01-01,1,1,0,1
ANTEQUERA,nutricion y desarrollo infantil,controles nuevos en ninos de 2 anos a < de 5 a,2005-01-01,15,15,16,31
ANZALDO,nutricion y desarrollo infantil,controles nuevos en ninos de 2 anos a < de 5 a,2005-01-01,14,14,19,33
APOLO,nutricion y desarrollo infantil,controles nuevos en ninos de 2 anos a < de 5 a,2005-01-01,0,0,3,3
ARAMPAMPA,nutricion y desarrollo infantil,controles nuevos en ninos de 2 anos a < de 5 a,2005-01-01,16,16,22,38
ARANI,nutricion y desarrollo infantil,controles nuevos en ninos de 2 anos a < de 5 a,2005-01-01,2,2,1,3
ATOCHA,nutricion y desarrollo infantil,controles nuevos en ninos de 2 anos a < de 5 a,2005-01-01,1,1,1,2
AUCAPATA,nutricion y desarrollo infantil,controles nuevos en ninos de 2 anos a < de 5 a,2005-01-01,4,4,12,16
AYATA,nutricion y desarrollo infantil,controles nuevos en ninos de 2 anos a < de 5 a,2005-01-01,8,8,10,18
AYO AYO,nutricion y desarrollo infantil,controles nuevos en ninos de 2 anos a < de 5 a,2005-01-01,3,3,5,8
AYOPAYA (V. DE INDEPENDENCIA),nutricion y desarrollo infantil,controles nuevos en ninos de 2 anos a < de 5 a,2005-01-01,3,3,7,10
AZURDUY,nutricion y desarrollo infantil,controles nuevos en ninos de 2 anos a < de 5 a,2005-01-01,292,292,268,560
BATALLAS,nutricion y desarrollo infantil,controles nuevos en ninos de 2 anos a < de 5 a,2005-01-01,3,3,5,8
BAURES,nutricion y desarrollo infantil,controles nuevos en ninos de 2 anos a < de 5 a,2005-01-01,2,2,1,3
BELLA FLOR,nutricion y desarrollo infantil,controles nuevos en ninos de 2 anos a < de 5 a,2005-01-01,0,0,1,1
BERMEJO,nutricion y desarrollo infantil,controles nuevos en ninos de 2 anos a < de 5 a,2005-01-01,47,47,55,102
BETANZOS,nutricion y desarrollo infantil,controles nuevos en ninos de 2 anos a < de 5 a,2005-01-01,9,9,11,20
BOYUIBE,nutricion y desarrollo infantil,controles nuevos en ninos de 2 anos a < de 5 a,2005-01-01,2,2,2,4
BUENA VISTA,nutricion y desarrollo infantil,controles nuevos en ninos de 2 anos a < de 5 a,2005-01-01,1,1,0,1
CABEZAS,nutricion y desarrollo infantil,controles nuevos en ninos de 2 anos a < de 5 a,2005-01-01,116,116,80,196
CAIROMA,nutricion y desarrollo infantil,controles nuevos en ninos de 2 anos a < de 5 a,2005-01-01,1,1,0,1
"CAIZA ""D""",nutricion y desarrollo infantil,controles nuevos en ninos de 2 anos a < de 5 a,2005-01-01,21,21,29,50
CAJUATA,nutricion y desarrollo infantil,controles nuevos en ninos de 2 anos a < de 5 a,2005-01-01,14,14,10,24
CALACOTO,nutricion y desarrollo infantil,controles nuevos en ninos de 2 anos a < de 5 a,2005-01-01,3,3,1,4
CAMARGO,nutricion y desarrollo infantil,controles nuevos en ninos de 2 anos a < de 5 a,2005-01-01,145,145,149,294
CAMATAQUI (C. VILLA ABECIA),nutricion y desarrollo infantil,controles nuevos en ninos de 2 anos a < de 5 a,2005-01-01,45,45,44,89
CAMIRI,nutricion y desarrollo infantil,controles nuevos en ninos de 2 anos a < de 5 a,2005-01-01,17,17,14,31
CAPINOTA,nutricion y desarrollo infantil,controles nuevos en ninos de 2 anos a < de 5 a,2005-01-01,0,0,1,1
CAQUIAVIRI,nutricion y desarrollo infantil,controles nuevos en ninos de 2 anos a < de 5 a,2005-01-01,9,9,5,14
CARACOLLO,nutricion y desarrollo infantil,controles nuevos en ninos de 2 anos a < de 5 a,2005-01-01,20,20,20,40
CARANAVI,nutricion y desarrollo infantil,controles nuevos en ninos de 2 anos a < de 5 a,2005-01-01,5,5,10,15
CARAPARI,nutricion y desarrollo infantil,controles nuevos en ninos de 2 anos a < de 5 a,2005-01-01,2,2,2,4
CARIPUYO,nutricion y desarrollo infantil,controles nuevos en ninos de 2 anos a < de 5 a,2005-01-01,32,32,29,61
CARMEN RIVERO TORREZ,nutricion y desarrollo infantil,controles nuevos en ninos de 2 anos a < de 5 a,2005-01-01,5,5,6,11
CATACORA,nutricion y desarrollo infantil,controles nuevos en ninos de 2 anos a < de 5 a,2005-01-01,4,4,7,11
CHACARILLA,nutricion y desarrollo infantil,controles nuevos en ninos de 2 anos a < de 5 a,2005-01-01,3,3,0,3
CHALLAPATA,nutricion y desarrollo infantil,controles nuevos en ninos de 2 anos a < de 5 a,2005-01-01,11,11,10,21
CHARAGUA,nutricion y desarrollo infantil,controles nuevos en ninos de 2 anos a < de 5 a,2005-01-01,1,1,1,2
CHARAÑA,nutricion y desarrollo infantil,controles nuevos en ninos de 2 anos a < de 5 a,2005-01-01,3,3,5,8
CHAYANTA,nutricion y desarrollo infantil,controles nuevos en ninos de 2 anos a < de 5 a,2005-01-01,2,2,2,4
CHIMORE,nutricion y desarrollo infantil,controles nuevos en ninos de 2 anos a < de 5 a,2005-01-01,27,27,29,56
CHIPAYA,nutricion y desarrollo infantil,controles nuevos en ninos de 2 anos a < de 5 a,2005-01-01,7,7,7,14
CHOQUE COTA,nutricion y desarrollo infantil,controles nuevos en ninos de 2 anos a < de 5 a,2005-01-01,13,13,16,29
CHULUMANI (V. DE LA LIBERTAD),nutricion y desarrollo infantil,controles nuevos en ninos de 2 anos a < de 5 a,2005-01-01,4,4,3,7
CHUMA,nutricion y desarrollo infantil,controles nuevos en ninos de 2 anos a < de 5 a,2005-01-01,0,0,2,2
CLIZA,nutricion y desarrollo infantil,controles nuevos en ninos de 2 anos a < de 5 a,2005-01-01,31,31,30,61
COBIJA,nutricion y desarrollo infantil,controles nuevos en ninos de 2 anos a < de 5 a,2005-01-01,27,27,13,40
COCHABAMBA,nutricion y desarrollo infantil,controles nuevos en ninos de 2 anos a < de 5 a,2005-01-01,875,875,863,1738
COIPASA,nutricion y desarrollo infantil,controles nuevos en ninos de 2 anos a < de 5 a,2005-01-01,1,1,1,2
COLCAPIRHUA,nutricion y desarrollo infantil,controles nuevos en ninos de 2 anos a < de 5 a,2005-01-01,117,117,114,231
COLLANA,nutricion y desarrollo infantil,controles nuevos en ninos de 2 anos a < de 5 a,2005-01-01,7,7,2,9
COLOMI,nutricion y desarrollo infantil,controles nuevos en ninos de 2 anos a < de 5 a,2005-01-01,48,48,46,94
COLPA BELGICA,nutricion y desarrollo infantil,controles nuevos en ninos de 2 anos a < de 5 a,2005-01-01,40,40,44,84
COLQUECHACA,nutricion y desarrollo infantil,controles nuevos en ninos de 2 anos a < de 5 a,2005-01-01,7,7,6,13
COLQUENCHA,nutricion y desarrollo infantil,controles nuevos en ninos de 2 anos a < de 5 a,2005-01-01,14,14,20,34
COLQUIRI,nutricion y desarrollo infantil,controles nuevos en ninos de 2 anos a < de 5 a,2005-01-01,127,127,118,245
COMARAPA,nutricion y desarrollo infantil,controles nuevos en ninos de 2 anos a < de 5 a,2005-01-01,1,1,3,4
COMBAYA,nutricion y desarrollo infantil,controles nuevos en ninos de 2 anos a < de 5 a,2005-01-01,4,4,9,13
COPACABANA,nutricion y desarrollo infantil,controles nuevos en ninos de 2 anos a < de 5 a,2005-01-01,1,1,1,2
CORO CORO,nutricion y desarrollo infantil,controles nuevos en ninos de 2 anos a < de 5 a,2005-01-01,3,3,0,3
COROICO,nutricion y desarrollo infantil,controles nuevos en ninos de 2 anos a < de 5 a,2005-01-01,53,53,57,110
CORQUE,nutricion y desarrollo infantil,controles nuevos en ninos de 2 anos a < de 5 a,2005-01-01,3,3,1,4
COTAGAITA,nutricion y desarrollo infantil,controles nuevos en ninos de 2 anos a < de 5 a,2005-01-01,61,61,45,106
CUATRO CAÑADAS,nutricion y desarrollo infantil,controles nuevos en ninos de 2 anos a < de 5 a,2005-01-01,113,113,136,249
CUCHUMUELA (V. G. VILLARROEL),nutricion y desarrollo infantil,controles nuevos en ninos de 2 anos a < de 5 a,2005-01-01,4,4,10,14
CULPINA,nutricion y desarrollo infantil,controles nuevos en ninos de 2 anos a < de 5 a,2005-01-01,274,274,273,547
CURAHUARA DE CARANGAS,nutricion y desarrollo infantil,controles nuevos en ninos de 2 anos a < de 5 a,2005-01-01,0,0,1,1
CURVA,nutricion y desarrollo infantil,controles nuevos en ninos de 2 anos a < de 5 a,2005-01-01,1,1,1,2
DESAGUADERO,nutricion y desarrollo infantil,controles nuevos en ninos de 2 anos a < de 5 a,2005-01-01,1,1,3,4
EL ALTO,nutricion y desarrollo infantil,controles nuevos en ninos de 2 anos a < de 5 a,2005-01-01,1161,1161,1128,2289
EL CHORO,nutricion y desarrollo infantil,controles nuevos en ninos de 2 anos a < de 5 a,2005-01-01,2,2,0,2
EL PUENTE(TJA),nutricion y desarrollo infantil,controles nuevos en ninos de 2 anos a < de 5 a,2005-01-01,4,4,4,8
EL TORNO,nutricion y desarrollo infantil,controles nuevos en ninos de 2 anos a < de 5 a,2005-01-01,1,1,5,6
EL VILLAR,nutricion y desarrollo infantil,controles nuevos en ninos de 2 anos a < de 5 a,2005-01-01,130,130,98,228
ENTRE RIOS,nutricion y desarrollo infantil,controles nuevos en ninos de 2 anos a < de 5 a,2005-01-01,13,13,22,35
ENTRE RIOS,nutricion y desarrollo infantil,controles nuevos en ninos de 2 anos a < de 5 a,2005-01-01,63,63,46,109
ESCARA,nutricion y desarrollo infantil,controles nuevos en ninos de 2 anos a < de 5 a,2005-01-01,0,0,1,1
EXALTACION,nutricion y desarrollo infantil,controles nuevos en ninos de 2 anos a < de 5 a,2005-01-01,2,2,0,2
FERNANDEZ ALONSO,nutricion y desarrollo infantil,controles nuevos en ninos de 2 anos a < de 5 a,2005-01-01,2,2,2,4
FILADELFIA,nutricion y desarrollo infantil,controles nuevos en ninos de 2 anos a < de 5 a,2005-01-01,2,2,5,7
GENERAL SAAVEDRA,nutricion y desarrollo infantil,controles nuevos en ninos de 2 anos a < de 5 a,2005-01-01,6,6,6,12
GRAL. J.J. PEREZ (CHARAZANI),nutricion y desarrollo infantil,controles nuevos en ninos de 2 anos a < de 5 a,2005-01-01,15,15,2,17
GUANAY,nutricion y desarrollo infantil,controles nuevos en ninos de 2 anos a < de 5 a,2005-01-01,14,14,13,27
GUAQUI,nutricion y desarrollo infantil,controles nuevos en ninos de 2 anos a < de 5 a,2005-01-01,0,0,1,1
GUAYARAMERIN,nutricion y desarrollo infantil,controles nuevos en ninos de 2 anos a < de 5 a,2005-01-01,134,134,124,258
GUTIERREZ,nutricion y desarrollo infantil,controles nuevos en ninos de 2 anos a < de 5 a,2005-01-01,163,163,186,349
HUACARETA,nutricion y desarrollo infantil,controles nuevos en ninos de 2 anos a < de 5 a,2005-01-01,215,215,229,444
HUACAYA (VILLA DE HUACAYA),nutricion y desarrollo infantil,controles nuevos en ninos de 2 anos a < de 5 a,2005-01-01,35,35,59,94
HUACHACALLA,nutricion y desarrollo infantil,controles nuevos en ninos de 2 anos a < de 5 a,2005-01-01,0,0,1,1
HUANUNI,nutricion y desarrollo infantil,controles nuevos en ninos de 2 anos a < de 5 a,2005-01-01,158,158,152,310
HUAYLLAMARCA,nutricion y desarrollo infantil,controles nuevos en ninos de 2 anos a < de 5 a,2005-01-01,15,15,24,39
ICHOCA,nutricion y desarrollo infantil,controles nuevos en ninos de 2 anos a < de 5 a,2005-01-01,16,16,15,31
ICLA,nutricion y desarrollo infantil,controles nuevos en ninos de 2 anos a < de 5 a,2005-01-01,262,262,236,498
INCAHUASI,nutricion y desarrollo infantil,controles nuevos en ninos de 2 anos a < de 5 a,2005-01-01,200,200,238,438
INQUISIVI,nutricion y desarrollo infantil,controles nuevos en ninos de 2 anos a < de 5 a,2005-01-01,21,21,24,45
IRUPANA (VILLA DE LANZA),nutricion y desarrollo infantil,controles nuevos en ninos de 2 anos a < de 5 a,2005-01-01,2,2,2,4
IXIAMAS,nutricion y desarrollo infantil,controles nuevos en ninos de 2 anos a < de 5 a,2005-01-01,8,8,7,15
JESUS DE MACHACA,nutricion y desarrollo infantil,controles nuevos en ninos de 2 anos a < de 5 a,2005-01-01,0,0,1,1
LA ASUNTA,nutricion y desarrollo infantil,controles nuevos en ninos de 2 anos a < de 5 a,2005-01-01,23,23,53,76
LA GUARDIA,nutricion y desarrollo infantil,controles nuevos en ninos de 2 anos a < de 5 a,2005-01-01,41,41,39,80
LA PAZ,nutricion y desarrollo infantil,controles nuevos en ninos de 2 anos a < de 5 a,2005-01-01,855,855,761,1616
LA RIVERA,nutricion y desarrollo infantil,controles nuevos en ninos de 2 anos a < de 5 a,2005-01-01,1,1,0,1
LAGUNILLAS,nutricion y desarrollo infantil,controles nuevos en ninos de 2 anos a < de 5 a,2005-01-01,0,0,5,5
LAJA,nutricion y desarrollo infantil,controles nuevos en ninos de 2 anos a < de 5 a,2005-01-01,41,41,51,92
LAS CARRERAS,nutricion y desarrollo infantil,controles nuevos en ninos de 2 anos a < de 5 a,2005-01-01,36,36,44,80
LLALLAGUA,nutricion y desarrollo infantil,controles nuevos en ninos de 2 anos a < de 5 a,2005-01-01,2,2,3,5
LORETO,nutricion y desarrollo infantil,controles nuevos en ninos de 2 anos a < de 5 a,2005-01-01,14,14,14,28
MACHARETI,nutricion y desarrollo infantil,controles nuevos en ninos de 2 anos a < de 5 a,2005-01-01,170,170,186,356
MAGDALENA,nutricion y desarrollo infantil,controles nuevos en ninos de 2 anos a < de 5 a,2005-01-01,2,2,1,3
MALLA,nutricion y desarrollo infantil,controles nuevos en ninos de 2 anos a < de 5 a,2005-01-01,1,1,0,1
MAPIRI,nutricion y desarrollo infantil,controles nuevos en ninos de 2 anos a < de 5 a,2005-01-01,1,1,0,1
MECAPACA,nutricion y desarrollo infantil,controles nuevos en ninos de 2 anos a < de 5 a,2005-01-01,9,9,18,27
MINEROS,nutricion y desarrollo infantil,controles nuevos en ninos de 2 anos a < de 5 a,2005-01-01,2,2,2,4
MIZQUE,nutricion y desarrollo infantil,controles nuevos en ninos de 2 anos a < de 5 a,2005-01-01,11,11,16,27
MOCOMOCO,nutricion y desarrollo infantil,controles nuevos en ninos de 2 anos a < de 5 a,2005-01-01,2,2,2,4
MOJOCOYA,nutricion y desarrollo infantil,controles nuevos en ninos de 2 anos a < de 5 a,2005-01-01,142,142,129,271
MONTEAGUDO,nutricion y desarrollo infantil,controles nuevos en ninos de 2 anos a < de 5 a,2005-01-01,239,239,225,464
MONTERO,nutricion y desarrollo infantil,controles nuevos en ninos de 2 anos a < de 5 a,2005-01-01,115,115,96,211
MOROCHATA,nutricion y desarrollo infantil,controles nuevos en ninos de 2 anos a < de 5 a,2005-01-01,53,53,60,113
NACEBE (SANTA ROSA DEL ABUNA),nutricion y desarrollo infantil,controles nuevos en ninos de 2 anos a < de 5 a,2005-01-01,4,4,5,9
NAZACARA DE PACAJES,nutricion y desarrollo infantil,controles nuevos en ninos de 2 anos a < de 5 a,2005-01-01,1,1,0,1
OKINAWA,nutricion y desarrollo infantil,controles nuevos en ninos de 2 anos a < de 5 a,2005-01-01,41,41,38,79
ORURO,nutricion y desarrollo infantil,controles nuevos en ninos de 2 anos a < de 5 a,2005-01-01,205,205,241,446
PADCAYA,nutricion y desarrollo infantil,controles nuevos en ninos de 2 anos a < de 5 a,2005-01-01,37,37,34,71
PADILLA,nutricion y desarrollo infantil,controles nuevos en ninos de 2 anos a < de 5 a,2005-01-01,231,231,237,468
PALCA,nutricion y desarrollo infantil,controles nuevos en ninos de 2 anos a < de 5 a,2005-01-01,13,13,13,26
PALOS BLANCOS,nutricion y desarrollo infantil,controles nuevos en ninos de 2 anos a < de 5 a,2005-01-01,21,21,74,95
PATACAMAYA,nutricion y desarrollo infantil,controles nuevos en ninos de 2 anos a < de 5 a,2005-01-01,8,8,8,16
PAZÑA,nutricion y desarrollo infantil,controles nuevos en ninos de 2 anos a < de 5 a,2005-01-01,1,1,1,2
PELECHUCO,nutricion y desarrollo infantil,controles nuevos en ninos de 2 anos a < de 5 a,2005-01-01,1,1,8,9
POCOATA,nutricion y desarrollo infantil,controles nuevos en ninos de 2 anos a < de 5 a,2005-01-01,4,4,3,7
POCONA,nutricion y desarrollo infantil,controles nuevos en ninos de 2 anos a < de 5 a,2005-01-01,13,13,4,17
POJO (CBBA),nutricion y desarrollo infantil,controles nuevos en ninos de 2 anos a < de 5 a,2005-01-01,18,18,20,38
POOPO,nutricion y desarrollo infantil,controles nuevos en ninos de 2 anos a < de 5 a,2005-01-01,2,2,1,3
PORCO,nutricion y desarrollo infantil,controles nuevos en ninos de 2 anos a < de 5 a,2005-01-01,0,0,1,1
POROMA,nutricion y desarrollo infantil,controles nuevos en ninos de 2 anos a < de 5 a,2005-01-01,177,177,185,362
PORONGO,nutricion y desarrollo infantil,controles nuevos en ninos de 2 anos a < de 5 a,2005-01-01,1,1,1,2
PORTACHUELO,nutricion y desarrollo infantil,controles nuevos en ninos de 2 anos a < de 5 a,2005-01-01,96,96,85,181
POTOSI,nutricion y desarrollo infantil,controles nuevos en ninos de 2 anos a < de 5 a,2005-01-01,325,325,323,648
PRESTO,nutricion y desarrollo infantil,controles nuevos en ninos de 2 anos a < de 5 a,2005-01-01,144,144,144,288
PUCARANI,nutricion y desarrollo infantil,controles nuevos en ninos de 2 anos a < de 5 a,2005-01-01,7,7,7,14
PUERTO ACOSTA,nutricion y desarrollo infantil,controles nuevos en ninos de 2 anos a < de 5 a,2005-01-01,5,5,12,17
PUERTO CARABUCO,nutricion y desarrollo infantil,controles nuevos en ninos de 2 anos a < de 5 a,2005-01-01,2,2,5,7
PUERTO PEREZ,nutricion y desarrollo infantil,controles nuevos en ninos de 2 anos a < de 5 a,2005-01-01,1,1,1,2
PUERTO QUIJARRO,nutricion y desarrollo infantil,controles nuevos en ninos de 2 anos a < de 5 a,2005-01-01,3,3,0,3
PUERTO SILES,nutricion y desarrollo infantil,controles nuevos en ninos de 2 anos a < de 5 a,2005-01-01,2,2,7,9
PUERTO VILLARROEL,nutricion y desarrollo infantil,controles nuevos en ninos de 2 anos a < de 5 a,2005-01-01,77,77,30,107
PUNA,nutricion y desarrollo infantil,controles nuevos en ninos de 2 anos a < de 5 a,2005-01-01,17,17,12,29
PUNATA,nutricion y desarrollo infantil,controles nuevos en ninos de 2 anos a < de 5 a,2005-01-01,29,29,84,113
QUIABAYA,nutricion y desarrollo infantil,controles nuevos en ninos de 2 anos a < de 5 a,2005-01-01,0,0,3,3
QUILLACOLLO,nutricion y desarrollo infantil,controles nuevos en ninos de 2 anos a < de 5 a,2005-01-01,82,82,94,176
QUIME,nutricion y desarrollo infantil,controles nuevos en ninos de 2 anos a < de 5 a,2005-01-01,7,7,8,15
REYES,nutricion y desarrollo infantil,controles nuevos en ninos de 2 anos a < de 5 a,2005-01-01,8,8,2,10
RIBERALTA,nutricion y desarrollo infantil,controles nuevos en ninos de 2 anos a < de 5 a,2005-01-01,31,31,38,69
ROBORE,nutricion y desarrollo infantil,controles nuevos en ninos de 2 anos a < de 5 a,2005-01-01,12,12,4,16
RURRENABAQUE,nutricion y desarrollo infantil,controles nuevos en ninos de 2 anos a < de 5 a,2005-01-01,6,6,3,9
SABAYA,nutricion y desarrollo infantil,controles nuevos en ninos de 2 anos a < de 5 a,2005-01-01,5,5,7,12
SACABA,nutricion y desarrollo infantil,controles nuevos en ninos de 2 anos a < de 5 a,2005-01-01,93,93,87,180
SACACA,nutricion y desarrollo infantil,controles nuevos en ninos de 2 anos a < de 5 a,2005-01-01,95,95,90,185
SAIPINA,nutricion y desarrollo infantil,controles nuevos en ninos de 2 anos a < de 5 a,2005-01-01,1,1,2,3
SAMAIPATA,nutricion y desarrollo infantil,controles nuevos en ninos de 2 anos a < de 5 a,2005-01-01,2,2,0,2
SAN ANDRES,nutricion y desarrollo infantil,controles nuevos en ninos de 2 anos a < de 5 a,2005-01-01,31,31,32,63
SAN ANTONIO DE LOMERIO,nutricion y desarrollo infantil,controles nuevos en ninos de 2 anos a < de 5 a,2005-01-01,0,0,1,1
SAN BENITO,nutricion y desarrollo infantil,controles nuevos en ninos de 2 anos a < de 5 a,2005-01-01,10,10,8,18
SAN BORJA,nutricion y desarrollo infantil,controles nuevos en ninos de 2 anos a < de 5 a,2005-01-01,6,6,4,10
SAN BUENA VENTURA,nutricion y desarrollo infantil,controles nuevos en ninos de 2 anos a < de 5 a,2005-01-01,3,3,3,6
SAN IGNACIO,nutricion y desarrollo infantil,controles nuevos en ninos de 2 anos a < de 5 a,2005-01-01,67,67,39,106
SAN IGNACIO DE VELASCO,nutricion y desarrollo infantil,controles nuevos en ninos de 2 anos a < de 5 a,2005-01-01,1,1,1,2
SAN JAVIER(BNI),nutricion y desarrollo infantil,controles nuevos en ninos de 2 anos a < de 5 a,2005-01-01,31,31,20,51
SAN JOAQUIN,nutricion y desarrollo infantil,controles nuevos en ninos de 2 anos a < de 5 a,2005-01-01,1,1,2,3
SAN JOSE DE CHIQUITOS,nutricion y desarrollo infantil,controles nuevos en ninos de 2 anos a < de 5 a,2005-01-01,6,6,7,13
SAN JUAN DE YAPACANI,nutricion y desarrollo infantil,controles nuevos en ninos de 2 anos a < de 5 a,2005-01-01,1,1,0,1
SAN JULIAN,nutricion y desarrollo infantil,controles nuevos en ninos de 2 anos a < de 5 a,2005-01-01,32,32,46,78
SAN LORENZO(PND),nutricion y desarrollo infantil,controles nuevos en ninos de 2 anos a < de 5 a,2005-01-01,5,5,5,10
SAN LORENZO(TJA),nutricion y desarrollo infantil,controles nuevos en ninos de 2 anos a < de 5 a,2005-01-01,12,12,4,16
SAN LUCAS,nutricion y desarrollo infantil,controles nuevos en ninos de 2 anos a < de 5 a,2005-01-01,619,619,631,1250
SAN MATIAS,nutricion y desarrollo infantil,controles nuevos en ninos de 2 anos a < de 5 a,2005-01-01,22,22,5,27
SAN MIGUEL DE VELASCO,nutricion y desarrollo infantil,controles nuevos en ninos de 2 anos a < de 5 a,2005-01-01,2,2,1,3
SAN PABLO DE LIPEZ,nutricion y desarrollo infantil,controles nuevos en ninos de 2 anos a < de 5 a,2005-01-01,3,3,2,5
SAN PEDRO,nutricion y desarrollo infantil,controles nuevos en ninos de 2 anos a < de 5 a,2005-01-01,31,31,25,56
SAN PEDRO DE BUENA VISTA,nutricion y desarrollo infantil,controles nuevos en ninos de 2 anos a < de 5 a,2005-01-01,39,39,39,78
SAN PEDRO DE CURAHUARA,nutricion y desarrollo infantil,controles nuevos en ninos de 2 anos a < de 5 a,2005-01-01,9,9,6,15
SAN PEDRO DE TIQUINA,nutricion y desarrollo infantil,controles nuevos en ninos de 2 anos a < de 5 a,2005-01-01,1,1,2,3
SAN RAMON,nutricion y desarrollo infantil,controles nuevos en ninos de 2 anos a < de 5 a,2005-01-01,35,35,19,54
SANTA ANA,nutricion y desarrollo infantil,controles nuevos en ninos de 2 anos a < de 5 a,2005-01-01,4,4,3,7
SANTA CRUZ DE LA SIERRA,nutricion y desarrollo infantil,controles nuevos en ninos de 2 anos a < de 5 a,2005-01-01,1647,1647,1522,3169
SANTA ROSA DEL SARA,nutricion y desarrollo infantil,controles nuevos en ninos de 2 anos a < de 5 a,2005-01-01,40,40,60,100
SANTIAGO DE CALLAPA,nutricion y desarrollo infantil,controles nuevos en ninos de 2 anos a < de 5 a,2005-01-01,3,3,3,6
SANTIAGO DE HUARI,nutricion y desarrollo infantil,controles nuevos en ninos de 2 anos a < de 5 a,2005-01-01,11,11,6,17
SANTIAGO DE MACHACA,nutricion y desarrollo infantil,controles nuevos en ninos de 2 anos a < de 5 a,2005-01-01,1,1,2,3
SANTUARIO DE QUILLACAS,nutricion y desarrollo infantil,controles nuevos en ninos de 2 anos a < de 5 a,2005-01-01,15,15,15,30
SENA,nutricion y desarrollo infantil,controles nuevos en ninos de 2 anos a < de 5 a,2005-01-01,0,0,4,4
SICA SICA (VILLA AROMA),nutricion y desarrollo infantil,controles nuevos en ninos de 2 anos a < de 5 a,2005-01-01,10,10,17,27
SICAYA,nutricion y desarrollo infantil,controles nuevos en ninos de 2 anos a < de 5 a,2005-01-01,0,0,1,1
SIPE SIPE,nutricion y desarrollo infantil,controles nuevos en ninos de 2 anos a < de 5 a,2005-01-01,79,79,56,135
SOPACHUY,nutricion y desarrollo infantil,controles nuevos en ninos de 2 anos a < de 5 a,2005-01-01,160,160,174,334
SORACACHI,nutricion y desarrollo infantil,controles nuevos en ninos de 2 anos a < de 5 a,2005-01-01,1,1,3,4
SORATA,nutricion y desarrollo infantil,controles nuevos en ninos de 2 anos a < de 5 a,2005-01-01,20,20,23,43
SUCRE,nutricion y desarrollo infantil,controles nuevos en ninos de 2 anos a < de 5 a,2005-01-01,726,726,739,1465
TACACHI,nutricion y desarrollo infantil,controles nuevos en ninos de 2 anos a < de 5 a,2005-01-01,4,4,1,5
TACACOMA,nutricion y desarrollo infantil,controles nuevos en ninos de 2 anos a < de 5 a,2005-01-01,1,1,0,1
TACOBAMBA,nutricion y desarrollo infantil,controles nuevos en ninos de 2 anos a < de 5 a,2005-01-01,13,13,17,30
TACOPAYA,nutricion y desarrollo infantil,controles nuevos en ninos de 2 anos a < de 5 a,2005-01-01,4,4,5,9
TAPACARI,nutricion y desarrollo infantil,controles nuevos en ninos de 2 anos a < de 5 a,2005-01-01,35,35,36,71
TARABUCO,nutricion y desarrollo infantil,controles nuevos en ninos de 2 anos a < de 5 a,2005-01-01,510,510,564,1074
TARACO,nutricion y desarrollo infantil,controles nuevos en ninos de 2 anos a < de 5 a,2005-01-01,17,17,27,44
TARATA,nutricion y desarrollo infantil,controles nuevos en ninos de 2 anos a < de 5 a,2005-01-01,3,3,4,7
TARIJA,nutricion y desarrollo infantil,controles nuevos en ninos de 2 anos a < de 5 a,2005-01-01,378,378,317,695
TARVITA,nutricion y desarrollo infantil,controles nuevos en ninos de 2 anos a < de 5 a,2005-01-01,374,374,401,775
TIAWANACU,nutricion y desarrollo infantil,controles nuevos en ninos de 2 anos a < de 5 a,2005-01-01,5,5,3,8
TINGUIPAYA,nutricion y desarrollo infantil,controles nuevos en ninos de 2 anos a < de 5 a,2005-01-01,41,41,24,65
TIQUIPAYA,nutricion y desarrollo infantil,controles nuevos en ninos de 2 anos a < de 5 a,2005-01-01,74,74,51,125
TIRAQUE (CBBA),nutricion y desarrollo infantil,controles nuevos en ninos de 2 anos a < de 5 a,2005-01-01,193,193,176,369
TOCO,nutricion y desarrollo infantil,controles nuevos en ninos de 2 anos a < de 5 a,2005-01-01,5,5,5,10
TOLATA,nutricion y desarrollo infantil,controles nuevos en ninos de 2 anos a < de 5 a,2005-01-01,1,1,1,2
TOLEDO,nutricion y desarrollo infantil,controles nuevos en ninos de 2 anos a < de 5 a,2005-01-01,0,0,2,2
TOMAVE,nutricion y desarrollo infantil,controles nuevos en ninos de 2 anos a < de 5 a,2005-01-01,2,2,0,2
TOMINA,nutricion y desarrollo infantil,controles nuevos en ninos de 2 anos a < de 5 a,2005-01-01,225,225,274,499
TORO TORO,nutricion y desarrollo infantil,controles nuevos en ninos de 2 anos a < de 5 a,2005-01-01,33,33,30,63
TOTORA(CBBA),nutricion y desarrollo infantil,controles nuevos en ninos de 2 anos a < de 5 a,2005-01-01,2,2,6,8
TOTORA(ORR),nutricion y desarrollo infantil,controles nuevos en ninos de 2 anos a < de 5 a,2005-01-01,7,7,7,14
TRINIDAD,nutricion y desarrollo infantil,controles nuevos en ninos de 2 anos a < de 5 a,2005-01-01,307,307,250,557
TUPIZA,nutricion y desarrollo infantil,controles nuevos en ninos de 2 anos a < de 5 a,2005-01-01,3,3,1,4
TURCO,nutricion y desarrollo infantil,controles nuevos en ninos de 2 anos a < de 5 a,2005-01-01,0,0,1,1
UMALA,nutricion y desarrollo infantil,controles nuevos en ninos de 2 anos a < de 5 a,2005-01-01,9,9,7,16
UNCIA,nutricion y desarrollo infantil,controles nuevos en ninos de 2 anos a < de 5 a,2005-01-01,3,3,1,4
URIONDO (A. CONCEPCION),nutricion y desarrollo infantil,controles nuevos en ninos de 2 anos a < de 5 a,2005-01-01,45,45,24,69
UYUNI,nutricion y desarrollo infantil,controles nuevos en ninos de 2 anos a < de 5 a,2005-01-01,0,0,1,1
VACAS,nutricion y desarrollo infantil,controles nuevos en ninos de 2 anos a < de 5 a,2005-01-01,6,6,5,11
VALLEGRANDE,nutricion y desarrollo infantil,controles nuevos en ninos de 2 anos a < de 5 a,2005-01-01,0,0,1,1
VIACHA,nutricion y desarrollo infantil,controles nuevos en ninos de 2 anos a < de 5 a,2005-01-01,31,31,27,58
VILA VILA,nutricion y desarrollo infantil,controles nuevos en ninos de 2 anos a < de 5 a,2005-01-01,2,2,2,4
VILLA MONTES,nutricion y desarrollo infantil,controles nuevos en ninos de 2 anos a < de 5 a,2005-01-01,62,62,76,138
VILLA NUEVA (LOMA ALTA),nutricion y desarrollo infantil,controles nuevos en ninos de 2 anos a < de 5 a,2005-01-01,4,4,13,17
VILLA RIVERO,nutricion y desarrollo infantil,controles nuevos en ninos de 2 anos a < de 5 a,2005-01-01,2,2,3,5
VILLA SERRANO,nutricion y desarrollo infantil,controles nuevos en ninos de 2 anos a < de 5 a,2005-01-01,250,250,272,522
VILLA TUNARI,nutricion y desarrollo infantil,controles nuevos en ninos de 2 anos a < de 5 a,2005-01-01,186,186,205,391
VILLA VACA GUZMAN (MUYUPAMPA),nutricion y desarrollo infantil,controles nuevos en ninos de 2 anos a < de 5 a,2005-01-01,140,140,153,293
VILLAZON,nutricion y desarrollo infantil,controles nuevos en ninos de 2 anos a < de 5 a,2005-01-01,5,5,1,6
VINTO,nutricion y desarrollo infantil,controles nuevos en ninos de 2 anos a < de 5 a,2005-01-01,36,36,53,89
WARNES,nutricion y desarrollo infantil,controles nuevos en ninos de 2 anos a < de 5 a,2005-01-01,40,40,68,108
YACUIBA,nutricion y desarrollo infantil,controles nuevos en ninos de 2 anos a < de 5 a,2005-01-01,15,15,12,27
YAMPARAEZ,nutricion y desarrollo infantil,controles nuevos en ninos de 2 anos a < de 5 a,2005-01-01,339,339,311,650
YANACACHI,nutricion y desarrollo infantil,controles nuevos en ninos de 2 anos a < de 5 a,2005-01-01,10,10,6,16
YAPACANI,nutricion y desarrollo infantil,controles nuevos en ninos de 2 anos a < de 5 a,2005-01-01,0,0,3,3
YOCALLA,nutricion y desarrollo infantil,controles nuevos en ninos de 2 anos a < de 5 a,2005-01-01,6,6,7,13
YOTALA,nutricion y desarrollo infantil,controles nuevos en ninos de 2 anos a < de 5 a,2005-01-01,201,201,214,415
YUNCHARA,nutricion y desarrollo infantil,controles nuevos en ninos de 2 anos a < de 5 a,2005-01-01,40,40,52,92
ZUDAÑEZ,nutricion y desarrollo infantil,controles nuevos en ninos de 2 anos a < de 5 a,2005-01-01,149,149,165,314
ACHACACHI,nutricion y desarrollo infantil,controles nuevos en ninos de 2 anos a < de 5 a,2005-02-01,83,83,98,181
ACHOCALLA,nutricion y desarrollo infantil,controles nuevos en ninos de 2 anos a < de 5 a,2005-02-01,21,21,27,48
AIQUILE,nutricion y desarrollo infantil,controles nuevos en ninos de 2 anos a < de 5 a,2005-02-01,31,31,46,77
ALCALA,nutricion y desarrollo infantil,controles nuevos en ninos de 2 anos a < de 5 a,2005-02-01,1,1,0,1
ANCORAIMES,nutricion y desarrollo infantil,controles nuevos en ninos de 2 anos a < de 5 a,2005-02-01,8,8,4,12
ANTEQUERA,nutricion y desarrollo infantil,controles nuevos en ninos de 2 anos a < de 5 a,2005-02-01,0,0,1,1
ANZALDO,nutricion y desarrollo infantil,controles nuevos en ninos de 2 anos a < de 5 a,2005-02-01,13,13,17,30
ARAMPAMPA,nutricion y desarrollo infantil,controles nuevos en ninos de 2 anos a < de 5 a,2005-02-01,5,5,4,9
ARANI,nutricion y desarrollo infantil,controles nuevos en ninos de 2 anos a < de 5 a,2005-02-01,3,3,1,4
ARBIETO,nutricion y desarrollo infantil,controles nuevos en ninos de 2 anos a < de 5 a,2005-02-01,0,0,1,1
ARQUE,nutricion y desarrollo infantil,controles nuevos en ninos de 2 anos a < de 5 a,2005-02-01,1,1,0,1
ASCENCION DE GUARAYOS,nutricion y desarrollo infantil,controles nuevos en ninos de 2 anos a < de 5 a,2005-02-01,2,2,1,3
ATOCHA,nutricion y desarrollo infantil,controles nuevos en ninos de 2 anos a < de 5 a,2005-02-01,0,0,1,1
AUCAPATA,nutricion y desarrollo infantil,controles nuevos en ninos de 2 anos a < de 5 a,2005-02-01,5,5,3,8
AYATA,nutricion y desarrollo infantil,controles nuevos en ninos de 2 anos a < de 5 a,2005-02-01,5,5,2,7
AYO AYO,nutricion y desarrollo infantil,controles nuevos en ninos de 2 anos a < de 5 a,2005-02-01,5,5,1,6
AYOPAYA (V. DE INDEPENDENCIA),nutricion y desarrollo infantil,controles nuevos en ninos de 2 anos a < de 5 a,2005-02-01,19,19,21,40
AZURDUY,nutricion y desarrollo infantil,controles nuevos en ninos de 2 anos a < de 5 a,2005-02-01,68,68,97,165
BATALLAS,nutricion y desarrollo infantil,controles nuevos en ninos de 2 anos a < de 5 a,2005-02-01,2,2,2,4
BAURES,nutricion y desarrollo infantil,controles nuevos en ninos de 2 anos a < de 5 a,2005-02-01,1,1,0,1
BERMEJO,nutricion y desarrollo infantil,controles nuevos en ninos de 2 anos a < de 5 a,2005-02-01,42,42,27,69
BETANZOS,nutricion y desarrollo infantil,controles nuevos en ninos de 2 anos a < de 5 a,2005-02-01,7,7,11,18
BOLPEBRA,nutricion y desarrollo infantil,controles nuevos en ninos de 2 anos a < de 5 a,2005-02-01,2,2,0,2
BOYUIBE,nutricion y desarrollo infantil,controles nuevos en ninos de 2 anos a < de 5 a,2005-02-01,6,6,6,12
CABEZAS,nutricion y desarrollo infantil,controles nuevos en ninos de 2 anos a < de 5 a,2005-02-01,35,35,23,58
"CAIZA ""D""",nutricion y desarrollo infantil,controles nuevos en ninos de 2 anos a < de 5 a,2005-02-01,7,7,22,29
CAJUATA,nutricion y desarrollo infantil,controles nuevos en ninos de 2 anos a < de 5 a,2005-02-01,40,40,24,64
CALACOTO,nutricion y desarrollo infantil,controles nuevos en ninos de 2 anos a < de 5 a,2005-02-01,0,0,1,1
CAMARGO,nutricion y desarrollo infantil,controles nuevos en ninos de 2 anos a < de 5 a,2005-02-01,37,37,25,62
CAMATAQUI (C. VILLA ABECIA),nutricion y desarrollo infantil,controles nuevos en ninos de 2 anos a < de 5 a,2005-02-01,18,18,18,36
CAMIRI,nutricion y desarrollo infantil,controles nuevos en ninos de 2 anos a < de 5 a,2005-02-01,73,73,65,138
CAPINOTA,nutricion y desarrollo infantil,controles nuevos en ninos de 2 anos a < de 5 a,2005-02-01,1,1,1,2
CARACOLLO,nutricion y desarrollo infantil,controles nuevos en ninos de 2 anos a < de 5 a,2005-02-01,6,6,2,8
CARANAVI,nutricion y desarrollo infantil,controles nuevos en ninos de 2 anos a < de 5 a,2005-02-01,19,19,46,65
CARAPARI,nutricion y desarrollo infantil,controles nuevos en ninos de 2 anos a < de 5 a,2005-02-01,1,1,3,4
CARIPUYO,nutricion y desarrollo infantil,controles nuevos en ninos de 2 anos a < de 5 a,2005-02-01,1,1,2,3
CARMEN RIVERO TORREZ,nutricion y desarrollo infantil,controles nuevos en ninos de 2 anos a < de 5 a,2005-02-01,0,0,1,1
CHACARILLA,nutricion y desarrollo infantil,controles nuevos en ninos de 2 anos a < de 5 a,2005-02-01,3,3,2,5
CHALLAPATA,nutricion y desarrollo infantil,controles nuevos en ninos de 2 anos a < de 5 a,2005-02-01,5,5,8,13
CHARAGUA,nutricion y desarrollo infantil,controles nuevos en ninos de 2 anos a < de 5 a,2005-02-01,1,1,0,1
CHAYANTA,nutricion y desarrollo infantil,controles nuevos en ninos de 2 anos a < de 5 a,2005-02-01,7,7,12,19
CHIMORE,nutricion y desarrollo infantil,controles nuevos en ninos de 2 anos a < de 5 a,2005-02-01,23,23,30,53
CHULUMANI (V. DE LA LIBERTAD),nutricion y desarrollo infantil,controles nuevos en ninos de 2 anos a < de 5 a,2005-02-01,2,2,6,8
CHUMA,nutricion y desarrollo infantil,controles nuevos en ninos de 2 anos a < de 5 a,2005-02-01,12,12,7,19
CLIZA,nutricion y desarrollo infantil,controles nuevos en ninos de 2 anos a < de 5 a,2005-02-01,52,52,40,92
COBIJA,nutricion y desarrollo infantil,controles nuevos en ninos de 2 anos a < de 5 a,2005-02-01,13,13,17,30
COCHABAMBA,nutricion y desarrollo infantil,controles nuevos en ninos de 2 anos a < de 5 a,2005-02-01,596,596,472,1068
COLCAPIRHUA,nutricion y desarrollo infantil,controles nuevos en ninos de 2 anos a < de 5 a,2005-02-01,133,133,86,219
"COLCHA ""K""",nutricion y desarrollo infantil,controles nuevos en ninos de 2 anos a < de 5 a,2005-02-01,3,3,4,7
COLLANA,nutricion y desarrollo infantil,controles nuevos en ninos de 2 anos a < de 5 a,2005-02-01,7,7,7,14
COLOMI,nutricion y desarrollo infantil,controles nuevos en ninos de 2 anos a < de 5 a,2005-02-01,62,62,56,118
COLPA BELGICA,nutricion y desarrollo infantil,controles nuevos en ninos de 2 anos a < de 5 a,2005-02-01,22,22,16,38
COLQUECHACA,nutricion y desarrollo infantil,controles nuevos en ninos de 2 anos a < de 5 a,2005-02-01,8,8,2,10
COLQUENCHA,nutricion y desarrollo infantil,controles nuevos en ninos de 2 anos a < de 5 a,2005-02-01,18,18,15,33
COLQUIRI,nutricion y desarrollo infantil,controles nuevos en ninos de 2 anos a < de 5 a,2005-02-01,92,92,108,200
COMARAPA,nutricion y desarrollo infantil,controles nuevos en ninos de 2 anos a < de 5 a,2005-02-01,7,7,6,13
COMBAYA,nutricion y desarrollo infantil,controles nuevos en ninos de 2 anos a < de 5 a,2005-02-01,16,16,10,26
COPACABANA,nutricion y desarrollo infantil,controles nuevos en ninos de 2 anos a < de 5 a,2005-02-01,4,4,3,7
CORIPATA,nutricion y desarrollo infantil,controles nuevos en ninos de 2 anos a < de 5 a,2005-02-01,1,1,0,1
COROICO,nutricion y desarrollo infantil,controles nuevos en ninos de 2 anos a < de 5 a,2005-02-01,8,8,6,14
CORQUE,nutricion y desarrollo infantil,controles nuevos en ninos de 2 anos a < de 5 a,2005-02-01,1,1,3,4
COTAGAITA,nutricion y desarrollo infantil,controles nuevos en ninos de 2 anos a < de 5 a,2005-02-01,7,7,7,14
CUATRO CAÑADAS,nutricion y desarrollo infantil,controles nuevos en ninos de 2 anos a < de 5 a,2005-02-01,50,50,47,97
CUCHUMUELA (V. G. VILLARROEL),nutricion y desarrollo infantil,controles nuevos en ninos de 2 anos a < de 5 a,2005-02-01,2,2,1,3
CULPINA,nutricion y desarrollo infantil,controles nuevos en ninos de 2 anos a < de 5 a,2005-02-01,101,101,129,230
CURAHUARA DE CARANGAS,nutricion y desarrollo infantil,controles nuevos en ninos de 2 anos a < de 5 a,2005-02-01,4,4,1,5
DESAGUADERO,nutricion y desarrollo infantil,controles nuevos en ninos de 2 anos a < de 5 a,2005-02-01,1,1,1,2
EL ALTO,nutricion y desarrollo infantil,controles nuevos en ninos de 2 anos a < de 5 a,2005-02-01,905,905,834,1739
EL CHORO,nutricion y desarrollo infantil,controles nuevos en ninos de 2 anos a < de 5 a,2005-02-01,3,3,1,4
EL PUENTE(STC),nutricion y desarrollo infantil,controles nuevos en ninos de 2 anos a < de 5 a,2005-02-01,110,110,89,199
EL PUENTE(TJA),nutricion y desarrollo infantil,controles nuevos en ninos de 2 anos a < de 5 a,2005-02-01,0,0,2,2
EL TORNO,nutricion y desarrollo infantil,controles nuevos en ninos de 2 anos a < de 5 a,2005-02-01,1,1,0,1
ENTRE RIOS,nutricion y desarrollo infantil,controles nuevos en ninos de 2 anos a < de 5 a,2005-02-01,9,9,11,20
ENTRE RIOS,nutricion y desarrollo infantil,controles nuevos en ninos de 2 anos a < de 5 a,2005-02-01,38,38,29,67
EXALTACION,nutricion y desarrollo infantil,controles nuevos en ninos de 2 anos a < de 5 a,2005-02-01,4,4,2,6
FERNANDEZ ALONSO,nutricion y desarrollo infantil,controles nuevos en ninos de 2 anos a < de 5 a,2005-02-01,3,3,2,5
FILADELFIA,nutricion y desarrollo infantil,controles nuevos en ninos de 2 anos a < de 5 a,2005-02-01,24,24,32,56
GENERAL SAAVEDRA,nutricion y desarrollo infantil,controles nuevos en ninos de 2 anos a < de 5 a,2005-02-01,24,24,10,34
GRAL. J.J. PEREZ (CHARAZANI),nutricion y desarrollo infantil,controles nuevos en ninos de 2 anos a < de 5 a,2005-02-01,2,2,3,5
GUANAY,nutricion y desarrollo infantil,controles nuevos en ninos de 2 anos a < de 5 a,2005-02-01,33,33,19,52
GUAQUI,nutricion y desarrollo infantil,controles nuevos en ninos de 2 anos a < de 5 a,2005-02-01,2,2,0,2
GUAYARAMERIN,nutricion y desarrollo infantil,controles nuevos en ninos de 2 anos a < de 5 a,2005-02-01,21,21,21,42
GUTIERREZ,nutricion y desarrollo infantil,controles nuevos en ninos de 2 anos a < de 5 a,2005-02-01,12,12,14,26
HUACARETA,nutricion y desarrollo infantil,controles nuevos en ninos de 2 anos a < de 5 a,2005-02-01,90,90,99,189
HUACAYA (VILLA DE HUACAYA),nutricion y desarrollo infantil,controles nuevos en ninos de 2 anos a < de 5 a,2005-02-01,17,17,21,38
HUACHACALLA,nutricion y desarrollo infantil,controles nuevos en ninos de 2 anos a < de 5 a,2005-02-01,6,6,4,10
HUANUNI,nutricion y desarrollo infantil,controles nuevos en ninos de 2 anos a < de 5 a,2005-02-01,3,3,4,7
HUARACAJE,nutricion y desarrollo infantil,controles nuevos en ninos de 2 anos a < de 5 a,2005-02-01,0,0,1,1
HUAYLLAMARCA,nutricion y desarrollo infantil,controles nuevos en ninos de 2 anos a < de 5 a,2005-02-01,27,27,31,58
ICHOCA,nutricion y desarrollo infantil,controles nuevos en ninos de 2 anos a < de 5 a,2005-02-01,7,7,17,24
ICLA,nutricion y desarrollo infantil,controles nuevos en ninos de 2 anos a < de 5 a,2005-02-01,40,40,20,60
INCAHUASI,nutricion y desarrollo infantil,controles nuevos en ninos de 2 anos a < de 5 a,2005-02-01,161,161,190,351
INGAVI (HUMAITA),nutricion y desarrollo infantil,controles nuevos en ninos de 2 anos a < de 5 a,2005-02-01,15,15,16,31
INQUISIVI,nutricion y desarrollo infantil,controles nuevos en ninos de 2 anos a < de 5 a,2005-02-01,4,4,5,9
IRUPANA (VILLA DE LANZA),nutricion y desarrollo infantil,controles nuevos en ninos de 2 anos a < de 5 a,2005-02-01,3,3,5,8
IXIAMAS,nutricion y desarrollo infantil,controles nuevos en ninos de 2 anos a < de 5 a,2005-02-01,49,49,40,89
JESUS DE MACHACA,nutricion y desarrollo infantil,controles nuevos en ninos de 2 anos a < de 5 a,2005-02-01,1,1,1,2
LA ASUNTA,nutricion y desarrollo infantil,controles nuevos en ninos de 2 anos a < de 5 a,2005-02-01,9,9,8,17
LA GUARDIA,nutricion y desarrollo infantil,controles nuevos en ninos de 2 anos a < de 5 a,2005-02-01,23,23,23,46
LA PAZ,nutricion y desarrollo infantil,controles nuevos en ninos de 2 anos a < de 5 a,2005-02-01,1066,1066,976,2042
LA RIVERA,nutricion y desarrollo infantil,controles nuevos en ninos de 2 anos a < de 5 a,2005-02-01,0,0,1,1
LAGUNILLAS,nutricion y desarrollo infantil,controles nuevos en ninos de 2 anos a < de 5 a,2005-02-01,8,8,8,16
LAJA,nutricion y desarrollo infantil,controles nuevos en ninos de 2 anos a < de 5 a,2005-02-01,29,29,38,67
LAS CARRERAS,nutricion y desarrollo infantil,controles nuevos en ninos de 2 anos a < de 5 a,2005-02-01,24,24,15,39
LLALLAGUA,nutricion y desarrollo infantil,controles nuevos en ninos de 2 anos a < de 5 a,2005-02-01,2,2,1,3
LORETO,nutricion y desarrollo infantil,controles nuevos en ninos de 2 anos a < de 5 a,2005-02-01,15,15,10,25
MACHARETI,nutricion y desarrollo infantil,controles nuevos en ninos de 2 anos a < de 5 a,2005-02-01,65,65,65,130
MALLA,nutricion y desarrollo infantil,controles nuevos en ninos de 2 anos a < de 5 a,2005-02-01,1,1,0,1
MAPIRI,nutricion y desarrollo infantil,controles nuevos en ninos de 2 anos a < de 5 a,2005-02-01,3,3,2,5
MECAPACA,nutricion y desarrollo infantil,controles nuevos en ninos de 2 anos a < de 5 a,2005-02-01,12,12,1,13
MINEROS,nutricion y desarrollo infantil,controles nuevos en ninos de 2 anos a < de 5 a,2005-02-01,2,2,3,5
MIZQUE,nutricion y desarrollo infantil,controles nuevos en ninos de 2 anos a < de 5 a,2005-02-01,40,40,46,86
MOCOMOCO,nutricion y desarrollo infantil,controles nuevos en ninos de 2 anos a < de 5 a,2005-02-01,1,1,2,3
MOJOCOYA,nutricion y desarrollo infantil,controles nuevos en ninos de 2 anos a < de 5 a,2005-02-01,27,27,24,51
MONTEAGUDO,nutricion y desarrollo infantil,controles nuevos en ninos de 2 anos a < de 5 a,2005-02-01,181,181,218,399
MONTERO,nutricion y desarrollo infantil,controles nuevos en ninos de 2 anos a < de 5 a,2005-02-01,36,36,35,71
MOROCHATA,nutricion y desarrollo infantil,controles nuevos en ninos de 2 anos a < de 5 a,2005-02-01,38,38,33,71
NACEBE (SANTA ROSA DEL ABUNA),nutricion y desarrollo infantil,controles nuevos en ninos de 2 anos a < de 5 a,2005-02-01,1,1,0,1
OKINAWA,nutricion y desarrollo infantil,controles nuevos en ninos de 2 anos a < de 5 a,2005-02-01,17,17,12,29
ORURO,nutricion y desarrollo infantil,controles nuevos en ninos de 2 anos a < de 5 a,2005-02-01,208,208,213,421
PADCAYA,nutricion y desarrollo infantil,controles nuevos en ninos de 2 anos a < de 5 a,2005-02-01,24,24,17,41
PAILON,nutricion y desarrollo infantil,controles nuevos en ninos de 2 anos a < de 5 a,2005-02-01,0,0,1,1
PALCA,nutricion y desarrollo infantil,controles nuevos en ninos de 2 anos a < de 5 a,2005-02-01,17,17,21,38
PALOS BLANCOS,nutricion y desarrollo infantil,controles nuevos en ninos de 2 anos a < de 5 a,2005-02-01,7,7,7,14
PAMPA GRANDE,nutricion y desarrollo infantil,controles nuevos en ninos de 2 anos a < de 5 a,2005-02-01,0,0,1,1
PAPEL PAMPA,nutricion y desarrollo infantil,controles nuevos en ninos de 2 anos a < de 5 a,2005-02-01,2,2,1,3
PASORAPA,nutricion y desarrollo infantil,controles nuevos en ninos de 2 anos a < de 5 a,2005-02-01,26,26,27,53
PATACAMAYA,nutricion y desarrollo infantil,controles nuevos en ninos de 2 anos a < de 5 a,2005-02-01,9,9,10,19
PAZÑA,nutricion y desarrollo infantil,controles nuevos en ninos de 2 anos a < de 5 a,2005-02-01,6,6,3,9
PELECHUCO,nutricion y desarrollo infantil,controles nuevos en ninos de 2 anos a < de 5 a,2005-02-01,2,2,1,3
POCOATA,nutricion y desarrollo infantil,controles nuevos en ninos de 2 anos a < de 5 a,2005-02-01,22,22,14,36
POCONA,nutricion y desarrollo infantil,controles nuevos en ninos de 2 anos a < de 5 a,2005-02-01,12,12,13,25
POJO (CBBA),nutricion y desarrollo infantil,controles nuevos en ninos de 2 anos a < de 5 a,2005-02-01,11,11,11,22
POOPO,nutricion y desarrollo infantil,controles nuevos en ninos de 2 anos a < de 5 a,2005-02-01,7,7,4,11
POROMA,nutricion y desarrollo infantil,controles nuevos en ninos de 2 anos a < de 5 a,2005-02-01,126,126,122,248
PORONGO,nutricion y desarrollo infantil,controles nuevos en ninos de 2 anos a < de 5 a,2005-02-01,2,2,2,4
PORTACHUELO,nutricion y desarrollo infantil,controles nuevos en ninos de 2 anos a < de 5 a,2005-02-01,14,14,11,25
PORVENIR,nutricion y desarrollo infantil,controles nuevos en ninos de 2 anos a < de 5 a,2005-02-01,2,2,0,2
POTOSI,nutricion y desarrollo infantil,controles nuevos en ninos de 2 anos a < de 5 a,2005-02-01,130,130,118,248
PUCARANI,nutricion y desarrollo infantil,controles nuevos en ninos de 2 anos a < de 5 a,2005-02-01,12,12,10,22
PUERTO ACOSTA,nutricion y desarrollo infantil,controles nuevos en ninos de 2 anos a < de 5 a,2005-02-01,11,11,17,28
PUERTO CARABUCO,nutricion y desarrollo infantil,controles nuevos en ninos de 2 anos a < de 5 a,2005-02-01,7,7,12,19
PUERTO GONZALO MORENO,nutricion y desarrollo infantil,controles nuevos en ninos de 2 anos a < de 5 a,2005-02-01,2,2,1,3
PUERTO PEREZ,nutricion y desarrollo infantil,controles nuevos en ninos de 2 anos a < de 5 a,2005-02-01,3,3,7,10
PUERTO QUIJARRO,nutricion y desarrollo infantil,controles nuevos en ninos de 2 anos a < de 5 a,2005-02-01,6,6,2,8
PUERTO RICO,nutricion y desarrollo infantil,controles nuevos en ninos de 2 anos a < de 5 a,2005-02-01,19,19,10,29
PUERTO SILES,nutricion y desarrollo infantil,controles nuevos en ninos de 2 anos a < de 5 a,2005-02-01,3,3,9,12
PUERTO VILLARROEL,nutricion y desarrollo infantil,controles nuevos en ninos de 2 anos a < de 5 a,2005-02-01,40,40,34,74
PUNA,nutricion y desarrollo infantil,controles nuevos en ninos de 2 anos a < de 5 a,2005-02-01,13,13,1,14
PUNATA,nutricion y desarrollo infantil,controles nuevos en ninos de 2 anos a < de 5 a,2005-02-01,48,48,46,94
QUILLACOLLO,nutricion y desarrollo infantil,controles nuevos en ninos de 2 anos a < de 5 a,2005-02-01,84,84,67,151
QUIME,nutricion y desarrollo infantil,controles nuevos en ninos de 2 anos a < de 5 a,2005-02-01,30,30,20,50
QUIRUSILLAS,nutricion y desarrollo infantil,controles nuevos en ninos de 2 anos a < de 5 a,2005-02-01,1,1,0,1
RIBERALTA,nutricion y desarrollo infantil,controles nuevos en ninos de 2 anos a < de 5 a,2005-02-01,105,105,110,215
ROBORE,nutricion y desarrollo infantil,controles nuevos en ninos de 2 anos a < de 5 a,2005-02-01,11,11,3,14
RURRENABAQUE,nutricion y desarrollo infantil,controles nuevos en ninos de 2 anos a < de 5 a,2005-02-01,7,7,5,12
SACABA,nutricion y desarrollo infantil,controles nuevos en ninos de 2 anos a < de 5 a,2005-02-01,68,68,60,128
SACABAMBA,nutricion y desarrollo infantil,controles nuevos en ninos de 2 anos a < de 5 a,2005-02-01,5,5,3,8
SACACA,nutricion y desarrollo infantil,controles nuevos en ninos de 2 anos a < de 5 a,2005-02-01,56,56,52,108
SAIPINA,nutricion y desarrollo infantil,controles nuevos en ninos de 2 anos a < de 5 a,2005-02-01,3,3,3,6
SAMAIPATA,nutricion y desarrollo infantil,controles nuevos en ninos de 2 anos a < de 5 a,2005-02-01,1,1,3,4
SAN ANDRES,nutricion y desarrollo infantil,controles nuevos en ninos de 2 anos a < de 5 a,2005-02-01,67,67,65,132
SAN ANTONIO DE ESMORUCO,nutricion y desarrollo infantil,controles nuevos en ninos de 2 anos a < de 5 a,2005-02-01,0,0,2,2
SAN BENITO,nutricion y desarrollo infantil,controles nuevos en ninos de 2 anos a < de 5 a,2005-02-01,5,5,11,16
SAN BORJA,nutricion y desarrollo infantil,controles nuevos en ninos de 2 anos a < de 5 a,2005-02-01,3,3,3,6
SAN BUENA VENTURA,nutricion y desarrollo infantil,controles nuevos en ninos de 2 anos a < de 5 a,2005-02-01,4,4,5,9
SAN CARLOS,nutricion y desarrollo infantil,controles nuevos en ninos de 2 anos a < de 5 a,2005-02-01,8,8,6,14
SAN IGNACIO,nutricion y desarrollo infantil,controles nuevos en ninos de 2 anos a < de 5 a,2005-02-01,79,79,63,142
SAN JAVIER(BNI),nutricion y desarrollo infantil,controles nuevos en ninos de 2 anos a < de 5 a,2005-02-01,6,6,6,12
SAN JAVIER(STC),nutricion y desarrollo infantil,controles nuevos en ninos de 2 anos a < de 5 a,2005-02-01,1,1,0,1
SAN JOAQUIN,nutricion y desarrollo infantil,controles nuevos en ninos de 2 anos a < de 5 a,2005-02-01,0,0,2,2
SAN JOSE DE CHIQUITOS,nutricion y desarrollo infantil,controles nuevos en ninos de 2 anos a < de 5 a,2005-02-01,8,8,6,14
SAN JUAN DE YAPACANI,nutricion y desarrollo infantil,controles nuevos en ninos de 2 anos a < de 5 a,2005-02-01,1,1,0,1
SAN JULIAN,nutricion y desarrollo infantil,controles nuevos en ninos de 2 anos a < de 5 a,2005-02-01,133,133,141,274
SAN LORENZO(PND),nutricion y desarrollo infantil,controles nuevos en ninos de 2 anos a < de 5 a,2005-02-01,2,2,1,3
SAN LORENZO(TJA),nutricion y desarrollo infantil,controles nuevos en ninos de 2 anos a < de 5 a,2005-02-01,2,2,1,3
SAN LUCAS,nutricion y desarrollo infantil,controles nuevos en ninos de 2 anos a < de 5 a,2005-02-01,151,151,158,309
SAN MIGUEL DE VELASCO,nutricion y desarrollo infantil,controles nuevos en ninos de 2 anos a < de 5 a,2005-02-01,0,0,1,1
SAN PEDRO,nutricion y desarrollo infantil,controles nuevos en ninos de 2 anos a < de 5 a,2005-02-01,2,2,2,4
SAN PEDRO DE BUENA VISTA,nutricion y desarrollo infantil,controles nuevos en ninos de 2 anos a < de 5 a,2005-02-01,28,28,25,53
SAN PEDRO DE CURAHUARA,nutricion y desarrollo infantil,controles nuevos en ninos de 2 anos a < de 5 a,2005-02-01,45,45,39,84
SAN PEDRO DE TIQUINA,nutricion y desarrollo infantil,controles nuevos en ninos de 2 anos a < de 5 a,2005-02-01,3,3,3,6
SAN PEDRO(PND),nutricion y desarrollo infantil,controles nuevos en ninos de 2 anos a < de 5 a,2005-02-01,12,12,12,24
SAN RAMON,nutricion y desarrollo infantil,controles nuevos en ninos de 2 anos a < de 5 a,2005-02-01,2,2,3,5
SANTA ANA,nutricion y desarrollo infantil,controles nuevos en ninos de 2 anos a < de 5 a,2005-02-01,3,3,4,7
SANTA CRUZ DE LA SIERRA,nutricion y desarrollo infantil,controles nuevos en ninos de 2 anos a < de 5 a,2005-02-01,1108,1108,988,2096
SANTA ROSA DEL SARA,nutricion y desarrollo infantil,controles nuevos en ninos de 2 anos a < de 5 a,2005-02-01,75,75,98,173
SANTIAGO DE CALLAPA,nutricion y desarrollo infantil,controles nuevos en ninos de 2 anos a < de 5 a,2005-02-01,7,7,8,15
SANTIAGO DE HUARI,nutricion y desarrollo infantil,controles nuevos en ninos de 2 anos a < de 5 a,2005-02-01,3,3,5,8
SANTIAGO DE MACHACA,nutricion y desarrollo infantil,controles nuevos en ninos de 2 anos a < de 5 a,2005-02-01,0,0,2,2
SANTUARIO DE QUILLACAS,nutricion y desarrollo infantil,controles nuevos en ninos de 2 anos a < de 5 a,2005-02-01,2,2,3,5
SAPAHAQUI,nutricion y desarrollo infantil,controles nuevos en ninos de 2 anos a < de 5 a,2005-02-01,0,0,1,1
SICA SICA (VILLA AROMA),nutricion y desarrollo infantil,controles nuevos en ninos de 2 anos a < de 5 a,2005-02-01,44,44,35,79
SIPE SIPE,nutricion y desarrollo infantil,controles nuevos en ninos de 2 anos a < de 5 a,2005-02-01,82,82,71,153
SOPACHUY,nutricion y desarrollo infantil,controles nuevos en ninos de 2 anos a < de 5 a,2005-02-01,32,32,33,65
SORACACHI,nutricion y desarrollo infantil,controles nuevos en ninos de 2 anos a < de 5 a,2005-02-01,1,1,0,1
SORATA,nutricion y desarrollo infantil,controles nuevos en ninos de 2 anos a < de 5 a,2005-02-01,19,19,14,33
SUCRE,nutricion y desarrollo infantil,controles nuevos en ninos de 2 anos a < de 5 a,2005-02-01,432,432,446,878
TACACHI,nutricion y desarrollo infantil,controles nuevos en ninos de 2 anos a < de 5 a,2005-02-01,4,4,5,9
TACOBAMBA,nutricion y desarrollo infantil,controles nuevos en ninos de 2 anos a < de 5 a,2005-02-01,1,1,0,1
TACOPAYA,nutricion y desarrollo infantil,controles nuevos en ninos de 2 anos a < de 5 a,2005-02-01,9,9,16,25
TAPACARI,nutricion y desarrollo infantil,controles nuevos en ninos de 2 anos a < de 5 a,2005-02-01,20,20,14,34
TARABUCO,nutricion y desarrollo infantil,controles nuevos en ninos de 2 anos a < de 5 a,2005-02-01,118,118,101,219
TARACO,nutricion y desarrollo infantil,controles nuevos en ninos de 2 anos a < de 5 a,2005-02-01,1,1,2,3
TARATA,nutricion y desarrollo infantil,controles nuevos en ninos de 2 anos a < de 5 a,2005-02-01,4,4,5,9
TARIJA,nutricion y desarrollo infantil,controles nuevos en ninos de 2 anos a < de 5 a,2005-02-01,244,244,229,473
TARVITA,nutricion y desarrollo infantil,controles nuevos en ninos de 2 anos a < de 5 a,2005-02-01,151,151,142,293
TIAWANACU,nutricion y desarrollo infantil,controles nuevos en ninos de 2 anos a < de 5 a,2005-02-01,2,2,5,7
TIPUANI,nutricion y desarrollo infantil,controles nuevos en ninos de 2 anos a < de 5 a,2005-02-01,0,0,2,2
TIQUIPAYA,nutricion y desarrollo infantil,controles nuevos en ninos de 2 anos a < de 5 a,2005-02-01,62,62,78,140
TIRAQUE (CBBA),nutricion y desarrollo infantil,controles nuevos en ninos de 2 anos a < de 5 a,2005-02-01,120,120,137,257
TITO YUPANQUI (PARQUIPUJIO),nutricion y desarrollo infantil,controles nuevos en ninos de 2 anos a < de 5 a,2005-02-01,0,0,1,1
TOCO,nutricion y desarrollo infantil,controles nuevos en ninos de 2 anos a < de 5 a,2005-02-01,1,1,1,2
TOLATA,nutricion y desarrollo infantil,controles nuevos en ninos de 2 anos a < de 5 a,2005-02-01,1,1,1,2
TOLEDO,nutricion y desarrollo infantil,controles nuevos en ninos de 2 anos a < de 5 a,2005-02-01,1,1,1,2
TOMINA,nutricion y desarrollo infantil,controles nuevos en ninos de 2 anos a < de 5 a,2005-02-01,8,8,16,24
TORO TORO,nutricion y desarrollo infantil,controles nuevos en ninos de 2 anos a < de 5 a,2005-02-01,4,4,1,5
TOTORA(CBBA),nutricion y desarrollo infantil,controles nuevos en ninos de 2 anos a < de 5 a,2005-02-01,3,3,2,5
TOTORA(ORR),nutricion y desarrollo infantil,controles nuevos en ninos de 2 anos a < de 5 a,2005-02-01,5,5,10,15
TRINIDAD,nutricion y desarrollo infantil,controles nuevos en ninos de 2 anos a < de 5 a,2005-02-01,169,169,150,319
TUPIZA,nutricion y desarrollo infantil,controles nuevos en ninos de 2 anos a < de 5 a,2005-02-01,1,1,2,3
TURCO,nutricion y desarrollo infantil,controles nuevos en ninos de 2 anos a < de 5 a,2005-02-01,7,7,6,13
UMALA,nutricion y desarrollo infantil,controles nuevos en ninos de 2 anos a < de 5 a,2005-02-01,11,11,23,34
UNCIA,nutricion y desarrollo infantil,controles nuevos en ninos de 2 anos a < de 5 a,2005-02-01,0,0,1,1
URUBICHA,nutricion y desarrollo infantil,controles nuevos en ninos de 2 anos a < de 5 a,2005-02-01,0,0,1,1
VACAS,nutricion y desarrollo infantil,controles nuevos en ninos de 2 anos a < de 5 a,2005-02-01,7,7,3,10
VALLEGRANDE,nutricion y desarrollo infantil,controles nuevos en ninos de 2 anos a < de 5 a,2005-02-01,6,6,3,9
VIACHA,nutricion y desarrollo infantil,controles nuevos en ninos de 2 anos a < de 5 a,2005-02-01,13,13,17,30
VILLA MONTES,nutricion y desarrollo infantil,controles nuevos en ninos de 2 anos a < de 5 a,2005-02-01,48,48,52,100
VILLA RIVERO,nutricion y desarrollo infantil,controles nuevos en ninos de 2 anos a < de 5 a,2005-02-01,1,1,1,2
VILLA TUNARI,nutricion y desarrollo infantil,controles nuevos en ninos de 2 anos a < de 5 a,2005-02-01,197,197,188,385
VILLA VACA GUZMAN (MUYUPAMPA),nutricion y desarrollo infantil,controles nuevos en ninos de 2 anos a < de 5 a,2005-02-01,93,93,110,203
VILLAZON,nutricion y desarrollo infantil,controles nuevos en ninos de 2 anos a < de 5 a,2005-02-01,19,19,14,33
VINTO,nutricion y desarrollo infantil,controles nuevos en ninos de 2 anos a < de 5 a,2005-02-01,38,38,28,66
WARNES,nutricion y desarrollo infantil,controles nuevos en ninos de 2 anos a < de 5 a,2005-02-01,69,69,101,170
YACUIBA,nutricion y desarrollo infantil,controles nuevos en ninos de 2 anos a < de 5 a,2005-02-01,48,48,36,84
YAMPARAEZ,nutricion y desarrollo infantil,controles nuevos en ninos de 2 anos a < de 5 a,2005-02-01,20,20,16,36
YANACACHI,nutricion y desarrollo infantil,controles nuevos en ninos de 2 anos a < de 5 a,2005-02-01,14,14,15,29
YAPACANI,nutricion y desarrollo infantil,controles nuevos en ninos de 2 anos a < de 5 a,2005-02-01,1,1,1,2
YOTALA,nutricion y desarrollo infantil,controles nuevos en ninos de 2 anos a < de 5 a,2005-02-01,1,1,1,2
ZUDAÑEZ,nutricion y desarrollo infantil,controles nuevos en ninos de 2 anos a < de 5 a,2005-02-01,22,22,26,48
ACHACACHI,nutricion y desarrollo infantil,controles nuevos en ninos de 2 anos a < de 5 a,2005-03-01,98,98,80,178
ACHOCALLA,nutricion y desarrollo infantil,controles nuevos en ninos de 2 anos a < de 5 a,2005-03-01,19,19,24,43
AIQUILE,nutricion y desarrollo infantil,controles nuevos en ninos de 2 anos a < de 5 a,2005-03-01,34,34,36,70
ALCALA,nutricion y desarrollo infantil,controles nuevos en ninos de 2 anos a < de 5 a,2005-03-01,1,1,0,1
ANCORAIMES,nutricion y desarrollo infantil,controles nuevos en ninos de 2 anos a < de 5 a,2005-03-01,4,4,9,13
ANDAMARCA,nutricion y desarrollo infantil,controles nuevos en ninos de 2 anos a < de 5 a,2005-03-01,2,2,3,5
ANTEQUERA,nutricion y desarrollo infantil,controles nuevos en ninos de 2 anos a < de 5 a,2005-03-01,13,13,13,26
ANZALDO,nutricion y desarrollo infantil,controles nuevos en ninos de 2 anos a < de 5 a,2005-03-01,19,19,14,33
APOLO,nutricion y desarrollo infantil,controles nuevos en ninos de 2 anos a < de 5 a,2005-03-01,30,30,26,56
ARAMPAMPA,nutricion y desarrollo infantil,controles nuevos en ninos de 2 anos a < de 5 a,2005-03-01,1,1,1,2
ARANI,nutricion y desarrollo infantil,controles nuevos en ninos de 2 anos a < de 5 a,2005-03-01,17,17,11,28
ARBIETO,nutricion y desarrollo infantil,controles nuevos en ninos de 2 anos a < de 5 a,2005-03-01,1,1,1,2
ASCENCION DE GUARAYOS,nutricion y desarrollo infantil,controles nuevos en ninos de 2 anos a < de 5 a,2005-03-01,9,9,5,14
AUCAPATA,nutricion y desarrollo infantil,controles nuevos en ninos de 2 anos a < de 5 a,2005-03-01,5,5,5,10
AYATA,nutricion y desarrollo infantil,controles nuevos en ninos de 2 anos a < de 5 a,2005-03-01,67,67,51,118
AYO AYO,nutricion y desarrollo infantil,controles nuevos en ninos de 2 anos a < de 5 a,2005-03-01,5,5,11,16
AYOPAYA (V. DE INDEPENDENCIA),nutricion y desarrollo infantil,controles nuevos en ninos de 2 anos a < de 5 a,2005-03-01,9,9,5,14
AZURDUY,nutricion y desarrollo infantil,controles nuevos en ninos de 2 anos a < de 5 a,2005-03-01,84,84,73,157
BATALLAS,nutricion y desarrollo infantil,controles nuevos en ninos de 2 anos a < de 5 a,2005-03-01,5,5,2,7
BAURES,nutricion y desarrollo infantil,controles nuevos en ninos de 2 anos a < de 5 a,2005-03-01,1,1,0,1
BELEN DE ANDAMARCA,nutricion y desarrollo infantil,controles nuevos en ninos de 2 anos a < de 5 a,2005-03-01,3,3,1,4
BERMEJO,nutricion y desarrollo infantil,controles nuevos en ninos de 2 anos a < de 5 a,2005-03-01,18,18,22,40
BETANZOS,nutricion y desarrollo infantil,controles nuevos en ninos de 2 anos a < de 5 a,2005-03-01,25,25,28,53
BOYUIBE,nutricion y desarrollo infantil,controles nuevos en ninos de 2 anos a < de 5 a,2005-03-01,21,21,16,37
CABEZAS,nutricion y desarrollo infantil,controles nuevos en ninos de 2 anos a < de 5 a,2005-03-01,43,43,33,76
"CAIZA ""D""",nutricion y desarrollo infantil,controles nuevos en ninos de 2 anos a < de 5 a,2005-03-01,5,5,29,34
CAJUATA,nutricion y desarrollo infantil,controles nuevos en ninos de 2 anos a < de 5 a,2005-03-01,10,10,16,26
CALAMARCA,nutricion y desarrollo infantil,controles nuevos en ninos de 2 anos a < de 5 a,2005-03-01,0,0,1,1
CAMARGO,nutricion y desarrollo infantil,controles nuevos en ninos de 2 anos a < de 5 a,2005-03-01,163,163,148,311
CAMATAQUI (C. VILLA ABECIA),nutricion y desarrollo infantil,controles nuevos en ninos de 2 anos a < de 5 a,2005-03-01,15,15,15,30
CAMIRI,nutricion y desarrollo infantil,controles nuevos en ninos de 2 anos a < de 5 a,2005-03-01,28,28,29,57
CARACOLLO,nutricion y desarrollo infantil,controles nuevos en ninos de 2 anos a < de 5 a,2005-03-01,1,1,2,3
CARANAVI,nutricion y desarrollo infantil,controles nuevos en ninos de 2 anos a < de 5 a,2005-03-01,21,21,31,52
CARAPARI,nutricion y desarrollo infantil,controles nuevos en ninos de 2 anos a < de 5 a,2005-03-01,10,10,13,23
CARIPUYO,nutricion y desarrollo infantil,controles nuevos en ninos de 2 anos a < de 5 a,2005-03-01,1,1,1,2
CHACARILLA,nutricion y desarrollo infantil,controles nuevos en ninos de 2 anos a < de 5 a,2005-03-01,5,5,3,8
CHALLAPATA,nutricion y desarrollo infantil,controles nuevos en ninos de 2 anos a < de 5 a,2005-03-01,5,5,6,11
CHARAGUA,nutricion y desarrollo infantil,controles nuevos en ninos de 2 anos a < de 5 a,2005-03-01,2,2,0,2
CHARAÑA,nutricion y desarrollo infantil,controles nuevos en ninos de 2 anos a < de 5 a,2005-03-01,0,0,3,3
CHAYANTA,nutricion y desarrollo infantil,controles nuevos en ninos de 2 anos a < de 5 a,2005-03-01,2,2,4,6
CHIMORE,nutricion y desarrollo infantil,controles nuevos en ninos de 2 anos a < de 5 a,2005-03-01,80,80,46,126
CHULUMANI (V. DE LA LIBERTAD),nutricion y desarrollo infantil,controles nuevos en ninos de 2 anos a < de 5 a,2005-03-01,57,57,55,112
CHUMA,nutricion y desarrollo infantil,controles nuevos en ninos de 2 anos a < de 5 a,2005-03-01,15,15,12,27
CLIZA,nutricion y desarrollo infantil,controles nuevos en ninos de 2 anos a < de 5 a,2005-03-01,65,65,42,107
COBIJA,nutricion y desarrollo infantil,controles nuevos en ninos de 2 anos a < de 5 a,2005-03-01,21,21,22,43
COCHABAMBA,nutricion y desarrollo infantil,controles nuevos en ninos de 2 anos a < de 5 a,2005-03-01,959,959,1001,1960
COLCAPIRHUA,nutricion y desarrollo infantil,controles nuevos en ninos de 2 anos a < de 5 a,2005-03-01,126,126,114,240
"COLCHA ""K""",nutricion y desarrollo infantil,controles nuevos en ninos de 2 anos a < de 5 a,2005-03-01,0,0,1,1
COLLANA,nutricion y desarrollo infantil,controles nuevos en ninos de 2 anos a < de 5 a,2005-03-01,2,2,1,3
COLOMI,nutricion y desarrollo infantil,controles nuevos en ninos de 2 anos a < de 5 a,2005-03-01,44,44,32,76
COLPA BELGICA,nutricion y desarrollo infantil,controles nuevos en ninos de 2 anos a < de 5 a,2005-03-01,23,23,29,52
COLQUECHACA,nutricion y desarrollo infantil,controles nuevos en ninos de 2 anos a < de 5 a,2005-03-01,43,43,32,75
COLQUENCHA,nutricion y desarrollo infantil,controles nuevos en ninos de 2 anos a < de 5 a,2005-03-01,19,19,9,28
COLQUIRI,nutricion y desarrollo infantil,controles nuevos en ninos de 2 anos a < de 5 a,2005-03-01,57,57,44,101
COMBAYA,nutricion y desarrollo infantil,controles nuevos en ninos de 2 anos a < de 5 a,2005-03-01,10,10,9,19
CONCEPCION,nutricion y desarrollo infantil,controles nuevos en ninos de 2 anos a < de 5 a,2005-03-01,1,1,2,3
COPACABANA,nutricion y desarrollo infantil,controles nuevos en ninos de 2 anos a < de 5 a,2005-03-01,4,4,3,7
CORIPATA,nutricion y desarrollo infantil,controles nuevos en ninos de 2 anos a < de 5 a,2005-03-01,15,15,14,29
CORO CORO,nutricion y desarrollo infantil,controles nuevos en ninos de 2 anos a < de 5 a,2005-03-01,3,3,0,3
COROICO,nutricion y desarrollo infantil,controles nuevos en ninos de 2 anos a < de 5 a,2005-03-01,7,7,4,11
CORQUE,nutricion y desarrollo infantil,controles nuevos en ninos de 2 anos a < de 5 a,2005-03-01,2,2,1,3
COTAGAITA,nutricion y desarrollo infantil,controles nuevos en ninos de 2 anos a < de 5 a,2005-03-01,15,15,8,23
COTOCA,nutricion y desarrollo infantil,controles nuevos en ninos de 2 anos a < de 5 a,2005-03-01,1,1,0,1
CUATRO CAÑADAS,nutricion y desarrollo infantil,controles nuevos en ninos de 2 anos a < de 5 a,2005-03-01,90,90,92,182
CULPINA,nutricion y desarrollo infantil,controles nuevos en ninos de 2 anos a < de 5 a,2005-03-01,73,73,88,161
CURAHUARA DE CARANGAS,nutricion y desarrollo infantil,controles nuevos en ninos de 2 anos a < de 5 a,2005-03-01,3,3,1,4
CURVA,nutricion y desarrollo infantil,controles nuevos en ninos de 2 anos a < de 5 a,2005-03-01,5,5,6,11
DESAGUADERO,nutricion y desarrollo infantil,controles nuevos en ninos de 2 anos a < de 5 a,2005-03-01,1,1,2,3
EL ALTO,nutricion y desarrollo infantil,controles nuevos en ninos de 2 anos a < de 5 a,2005-03-01,1362,1362,1319,2681
EL CHORO,nutricion y desarrollo infantil,controles nuevos en ninos de 2 anos a < de 5 a,2005-03-01,1,1,2,3
EL PUENTE(STC),nutricion y desarrollo infantil,controles nuevos en ninos de 2 anos a < de 5 a,2005-03-01,122,122,97,219
EL TORNO,nutricion y desarrollo infantil,controles nuevos en ninos de 2 anos a < de 5 a,2005-03-01,2,2,0,2
ENTRE RIOS,nutricion y desarrollo infantil,controles nuevos en ninos de 2 anos a < de 5 a,2005-03-01,12,12,13,25
ENTRE RIOS,nutricion y desarrollo infantil,controles nuevos en ninos de 2 anos a < de 5 a,2005-03-01,36,36,37,73
EXALTACION,nutricion y desarrollo infantil,controles nuevos en ninos de 2 anos a < de 5 a,2005-03-01,4,4,2,6
FERNANDEZ ALONSO,nutricion y desarrollo infantil,controles nuevos en ninos de 2 anos a < de 5 a,2005-03-01,7,7,2,9
GENERAL SAAVEDRA,nutricion y desarrollo infantil,controles nuevos en ninos de 2 anos a < de 5 a,2005-03-01,9,9,12,21
GRAL. J.J. PEREZ (CHARAZANI),nutricion y desarrollo infantil,controles nuevos en ninos de 2 anos a < de 5 a,2005-03-01,4,4,5,9
GUANAY,nutricion y desarrollo infantil,controles nuevos en ninos de 2 anos a < de 5 a,2005-03-01,83,83,63,146
GUAQUI,nutricion y desarrollo infantil,controles nuevos en ninos de 2 anos a < de 5 a,2005-03-01,1,1,0,1
GUAYARAMERIN,nutricion y desarrollo infantil,controles nuevos en ninos de 2 anos a < de 5 a,2005-03-01,14,14,8,22
GUTIERREZ,nutricion y desarrollo infantil,controles nuevos en ninos de 2 anos a < de 5 a,2005-03-01,0,0,1,1
HUACARETA,nutricion y desarrollo infantil,controles nuevos en ninos de 2 anos a < de 5 a,2005-03-01,40,40,36,76
HUACAYA (VILLA DE HUACAYA),nutricion y desarrollo infantil,controles nuevos en ninos de 2 anos a < de 5 a,2005-03-01,15,15,3,18
HUACHACALLA,nutricion y desarrollo infantil,controles nuevos en ninos de 2 anos a < de 5 a,2005-03-01,5,5,4,9
HUANUNI,nutricion y desarrollo infantil,controles nuevos en ninos de 2 anos a < de 5 a,2005-03-01,2,2,3,5
HUAYLLAMARCA,nutricion y desarrollo infantil,controles nuevos en ninos de 2 anos a < de 5 a,2005-03-01,19,19,16,35
ICHOCA,nutricion y desarrollo infantil,controles nuevos en ninos de 2 anos a < de 5 a,2005-03-01,24,24,9,33
ICLA,nutricion y desarrollo infantil,controles nuevos en ninos de 2 anos a < de 5 a,2005-03-01,36,36,44,80
INCAHUASI,nutricion y desarrollo infantil,controles nuevos en ninos de 2 anos a < de 5 a,2005-03-01,149,149,135,284
INGAVI (HUMAITA),nutricion y desarrollo infantil,controles nuevos en ninos de 2 anos a < de 5 a,2005-03-01,7,7,2,9
INQUISIVI,nutricion y desarrollo infantil,controles nuevos en ninos de 2 anos a < de 5 a,2005-03-01,3,3,2,5
IRUPANA (VILLA DE LANZA),nutricion y desarrollo infantil,controles nuevos en ninos de 2 anos a < de 5 a,2005-03-01,5,5,0,5
IXIAMAS,nutricion y desarrollo infantil,controles nuevos en ninos de 2 anos a < de 5 a,2005-03-01,5,5,2,7
JESUS DE MACHACA,nutricion y desarrollo infantil,controles nuevos en ninos de 2 anos a < de 5 a,2005-03-01,2,2,1,3
LA ASUNTA,nutricion y desarrollo infantil,controles nuevos en ninos de 2 anos a < de 5 a,2005-03-01,5,5,2,7
LA GUARDIA,nutricion y desarrollo infantil,controles nuevos en ninos de 2 anos a < de 5 a,2005-03-01,42,42,28,70
LA PAZ,nutricion y desarrollo infantil,controles nuevos en ninos de 2 anos a < de 5 a,2005-03-01,860,860,804,1664
LA RIVERA,nutricion y desarrollo infantil,controles nuevos en ninos de 2 anos a < de 5 a,2005-03-01,0,0,1,1
LAGUNILLAS,nutricion y desarrollo infantil,controles nuevos en ninos de 2 anos a < de 5 a,2005-03-01,1,1,1,2
LAJA,nutricion y desarrollo infantil,controles nuevos en ninos de 2 anos a < de 5 a,2005-03-01,11,11,12,23
LAS CARRERAS,nutricion y desarrollo infantil,controles nuevos en ninos de 2 anos a < de 5 a,2005-03-01,15,15,25,40
LICOMA PAMPA,nutricion y desarrollo infantil,controles nuevos en ninos de 2 anos a < de 5 a,2005-03-01,1,1,2,3
LLALLAGUA,nutricion y desarrollo infantil,controles nuevos en ninos de 2 anos a < de 5 a,2005-03-01,55,55,1,56
LORETO,nutricion y desarrollo infantil,controles nuevos en ninos de 2 anos a < de 5 a,2005-03-01,4,4,10,14
LURIBAY,nutricion y desarrollo infantil,controles nuevos en ninos de 2 anos a < de 5 a,2005-03-01,1,1,2,3
MACHACAMARCA,nutricion y desarrollo infantil,controles nuevos en ninos de 2 anos a < de 5 a,2005-03-01,7,7,3,10
MACHARETI,nutricion y desarrollo infantil,controles nuevos en ninos de 2 anos a < de 5 a,2005-03-01,23,23,29,52
MAGDALENA,nutricion y desarrollo infantil,controles nuevos en ninos de 2 anos a < de 5 a,2005-03-01,1,1,1,2
MAIRANA,nutricion y desarrollo infantil,controles nuevos en ninos de 2 anos a < de 5 a,2005-03-01,0,0,2,2
MALLA,nutricion y desarrollo infantil,controles nuevos en ninos de 2 anos a < de 5 a,2005-03-01,1,1,0,1
MAPIRI,nutricion y desarrollo infantil,controles nuevos en ninos de 2 anos a < de 5 a,2005-03-01,3,3,1,4
MECAPACA,nutricion y desarrollo infantil,controles nuevos en ninos de 2 anos a < de 5 a,2005-03-01,6,6,7,13
MINEROS,nutricion y desarrollo infantil,controles nuevos en ninos de 2 anos a < de 5 a,2005-03-01,3,3,4,7
MIZQUE,nutricion y desarrollo infantil,controles nuevos en ninos de 2 anos a < de 5 a,2005-03-01,50,50,72,122
MOCOMOCO,nutricion y desarrollo infantil,controles nuevos en ninos de 2 anos a < de 5 a,2005-03-01,8,8,7,15
MOJOCOYA,nutricion y desarrollo infantil,controles nuevos en ninos de 2 anos a < de 5 a,2005-03-01,27,27,20,47
MONTEAGUDO,nutricion y desarrollo infantil,controles nuevos en ninos de 2 anos a < de 5 a,2005-03-01,145,145,169,314
MONTERO,nutricion y desarrollo infantil,controles nuevos en ninos de 2 anos a < de 5 a,2005-03-01,40,40,33,73
MOROCHATA,nutricion y desarrollo infantil,controles nuevos en ninos de 2 anos a < de 5 a,2005-03-01,112,112,112,224
NACEBE (SANTA ROSA DEL ABUNA),nutricion y desarrollo infantil,controles nuevos en ninos de 2 anos a < de 5 a,2005-03-01,2,2,1,3
NUEVO MANOA (NUEVA ESPERANZA),nutricion y desarrollo infantil,controles nuevos en ninos de 2 anos a < de 5 a,2005-03-01,3,3,0,3
OKINAWA,nutricion y desarrollo infantil,controles nuevos en ninos de 2 anos a < de 5 a,2005-03-01,17,17,22,39
ORURO,nutricion y desarrollo infantil,controles nuevos en ninos de 2 anos a < de 5 a,2005-03-01,301,301,239,540
PADCAYA,nutricion y desarrollo infantil,controles nuevos en ninos de 2 anos a < de 5 a,2005-03-01,34,34,35,69
PADILLA,nutricion y desarrollo infantil,controles nuevos en ninos de 2 anos a < de 5 a,2005-03-01,2,2,3,5
PAILON,nutricion y desarrollo infantil,controles nuevos en ninos de 2 anos a < de 5 a,2005-03-01,0,0,1,1
PALCA,nutricion y desarrollo infantil,controles nuevos en ninos de 2 anos a < de 5 a,2005-03-01,18,18,12,30
PALOS BLANCOS,nutricion y desarrollo infantil,controles nuevos en ninos de 2 anos a < de 5 a,2005-03-01,12,12,16,28
PAMPA AULLAGAS,nutricion y desarrollo infantil,controles nuevos en ninos de 2 anos a < de 5 a,2005-03-01,0,0,1,1
PAMPA GRANDE,nutricion y desarrollo infantil,controles nuevos en ninos de 2 anos a < de 5 a,2005-03-01,9,9,10,19
PAPEL PAMPA,nutricion y desarrollo infantil,controles nuevos en ninos de 2 anos a < de 5 a,2005-03-01,0,0,1,1
PASORAPA,nutricion y desarrollo infantil,controles nuevos en ninos de 2 anos a < de 5 a,2005-03-01,12,12,11,23
PATACAMAYA,nutricion y desarrollo infantil,controles nuevos en ninos de 2 anos a < de 5 a,2005-03-01,7,7,6,13
PAZÑA,nutricion y desarrollo infantil,controles nuevos en ninos de 2 anos a < de 5 a,2005-03-01,12,12,7,19
PELECHUCO,nutricion y desarrollo infantil,controles nuevos en ninos de 2 anos a < de 5 a,2005-03-01,4,4,5,9
POCOATA,nutricion y desarrollo infantil,controles nuevos en ninos de 2 anos a < de 5 a,2005-03-01,3,3,8,11
POCONA,nutricion y desarrollo infantil,controles nuevos en ninos de 2 anos a < de 5 a,2005-03-01,16,16,29,45
POJO (CBBA),nutricion y desarrollo infantil,controles nuevos en ninos de 2 anos a < de 5 a,2005-03-01,13,13,5,18
PORCO,nutricion y desarrollo infantil,controles nuevos en ninos de 2 anos a < de 5 a,2005-03-01,1,1,0,1
POROMA,nutricion y desarrollo infantil,controles nuevos en ninos de 2 anos a < de 5 a,2005-03-01,109,109,113,222
PORONGO,nutricion y desarrollo infantil,controles nuevos en ninos de 2 anos a < de 5 a,2005-03-01,2,2,0,2
PORTACHUELO,nutricion y desarrollo infantil,controles nuevos en ninos de 2 anos a < de 5 a,2005-03-01,9,9,5,14
POTOSI,nutricion y desarrollo infantil,controles nuevos en ninos de 2 anos a < de 5 a,2005-03-01,85,85,84,169
PUCARA,nutricion y desarrollo infantil,controles nuevos en ninos de 2 anos a < de 5 a,2005-03-01,14,14,7,21
PUCARANI,nutricion y desarrollo infantil,controles nuevos en ninos de 2 anos a < de 5 a,2005-03-01,12,12,16,28
PUERTO ACOSTA,nutricion y desarrollo infantil,controles nuevos en ninos de 2 anos a < de 5 a,2005-03-01,43,43,51,94
PUERTO CARABUCO,nutricion y desarrollo infantil,controles nuevos en ninos de 2 anos a < de 5 a,2005-03-01,6,6,16,22
PUERTO PEREZ,nutricion y desarrollo infantil,controles nuevos en ninos de 2 anos a < de 5 a,2005-03-01,9,9,5,14
PUERTO QUIJARRO,nutricion y desarrollo infantil,controles nuevos en ninos de 2 anos a < de 5 a,2005-03-01,6,6,2,8
PUERTO RICO,nutricion y desarrollo infantil,controles nuevos en ninos de 2 anos a < de 5 a,2005-03-01,1,1,1,2
PUERTO SILES,nutricion y desarrollo infantil,controles nuevos en ninos de 2 anos a < de 5 a,2005-03-01,4,4,2,6
PUERTO VILLARROEL,nutricion y desarrollo infantil,controles nuevos en ninos de 2 anos a < de 5 a,2005-03-01,50,50,38,88
PUNA,nutricion y desarrollo infantil,controles nuevos en ninos de 2 anos a < de 5 a,2005-03-01,20,20,25,45
PUNATA,nutricion y desarrollo infantil,controles nuevos en ninos de 2 anos a < de 5 a,2005-03-01,29,29,24,53
QUIABAYA,nutricion y desarrollo infantil,controles nuevos en ninos de 2 anos a < de 5 a,2005-03-01,1,1,1,2
QUILLACOLLO,nutricion y desarrollo infantil,controles nuevos en ninos de 2 anos a < de 5 a,2005-03-01,170,170,161,331
QUIME,nutricion y desarrollo infantil,controles nuevos en ninos de 2 anos a < de 5 a,2005-03-01,3,3,5,8
REYES,nutricion y desarrollo infantil,controles nuevos en ninos de 2 anos a < de 5 a,2005-03-01,122,122,92,214
RIBERALTA,nutricion y desarrollo infantil,controles nuevos en ninos de 2 anos a < de 5 a,2005-03-01,29,29,47,76
ROBORE,nutricion y desarrollo infantil,controles nuevos en ninos de 2 anos a < de 5 a,2005-03-01,4,4,2,6
RURRENABAQUE,nutricion y desarrollo infantil,controles nuevos en ninos de 2 anos a < de 5 a,2005-03-01,10,10,8,18
SABAYA,nutricion y desarrollo infantil,controles nuevos en ninos de 2 anos a < de 5 a,2005-03-01,12,12,12,24
SACABA,nutricion y desarrollo infantil,controles nuevos en ninos de 2 anos a < de 5 a,2005-03-01,50,50,72,122
SACABAMBA,nutricion y desarrollo infantil,controles nuevos en ninos de 2 anos a < de 5 a,2005-03-01,1,1,3,4
SACACA,nutricion y desarrollo infantil,controles nuevos en ninos de 2 anos a < de 5 a,2005-03-01,76,76,75,151
SAIPINA,nutricion y desarrollo infantil,controles nuevos en ninos de 2 anos a < de 5 a,2005-03-01,0,0,4,4
SALINAS DE GARCI MENDOZA,nutricion y desarrollo infantil,controles nuevos en ninos de 2 anos a < de 5 a,2005-03-01,3,3,4,7
SAN ANDRES,nutricion y desarrollo infantil,controles nuevos en ninos de 2 anos a < de 5 a,2005-03-01,24,24,27,51
SAN BENITO,nutricion y desarrollo infantil,controles nuevos en ninos de 2 anos a < de 5 a,2005-03-01,20,20,22,42
SAN BORJA,nutricion y desarrollo infantil,controles nuevos en ninos de 2 anos a < de 5 a,2005-03-01,29,29,22,51
SAN BUENA VENTURA,nutricion y desarrollo infantil,controles nuevos en ninos de 2 anos a < de 5 a,2005-03-01,8,8,4,12
SAN IGNACIO,nutricion y desarrollo infantil,controles nuevos en ninos de 2 anos a < de 5 a,2005-03-01,91,91,78,169
SAN IGNACIO DE VELASCO,nutricion y desarrollo infantil,controles nuevos en ninos de 2 anos a < de 5 a,2005-03-01,2,2,0,2
SAN JAVIER(BNI),nutricion y desarrollo infantil,controles nuevos en ninos de 2 anos a < de 5 a,2005-03-01,10,10,7,17
SAN JAVIER(STC),nutricion y desarrollo infantil,controles nuevos en ninos de 2 anos a < de 5 a,2005-03-01,0,0,1,1
SAN JOAQUIN,nutricion y desarrollo infantil,controles nuevos en ninos de 2 anos a < de 5 a,2005-03-01,1,1,1,2
SAN JOSE DE CHIQUITOS,nutricion y desarrollo infantil,controles nuevos en ninos de 2 anos a < de 5 a,2005-03-01,5,5,9,14
SAN JULIAN,nutricion y desarrollo infantil,controles nuevos en ninos de 2 anos a < de 5 a,2005-03-01,175,175,213,388
SAN LORENZO(PND),nutricion y desarrollo infantil,controles nuevos en ninos de 2 anos a < de 5 a,2005-03-01,13,13,7,20
SAN LORENZO(TJA),nutricion y desarrollo infantil,controles nuevos en ninos de 2 anos a < de 5 a,2005-03-01,3,3,1,4
SAN LUCAS,nutricion y desarrollo infantil,controles nuevos en ninos de 2 anos a < de 5 a,2005-03-01,148,148,147,295
SAN MATIAS,nutricion y desarrollo infantil,controles nuevos en ninos de 2 anos a < de 5 a,2005-03-01,51,51,43,94
SAN MIGUEL DE VELASCO,nutricion y desarrollo infantil,controles nuevos en ninos de 2 anos a < de 5 a,2005-03-01,2,2,0,2
SAN PABLO DE LIPEZ,nutricion y desarrollo infantil,controles nuevos en ninos de 2 anos a < de 5 a,2005-03-01,0,0,2,2
SAN PEDRO,nutricion y desarrollo infantil,controles nuevos en ninos de 2 anos a < de 5 a,2005-03-01,0,0,3,3
SAN PEDRO DE BUENA VISTA,nutricion y desarrollo infantil,controles nuevos en ninos de 2 anos a < de 5 a,2005-03-01,16,16,18,34
SAN PEDRO DE CURAHUARA,nutricion y desarrollo infantil,controles nuevos en ninos de 2 anos a < de 5 a,2005-03-01,9,9,22,31
SAN RAFAEL,nutricion y desarrollo infantil,controles nuevos en ninos de 2 anos a < de 5 a,2005-03-01,1,1,0,1
SAN RAMON,nutricion y desarrollo infantil,controles nuevos en ninos de 2 anos a < de 5 a,2005-03-01,3,3,2,5
SANTA ANA,nutricion y desarrollo infantil,controles nuevos en ninos de 2 anos a < de 5 a,2005-03-01,12,12,17,29
SANTA CRUZ DE LA SIERRA,nutricion y desarrollo infantil,controles nuevos en ninos de 2 anos a < de 5 a,2005-03-01,1441,1441,1181,2622
SANTA ROSA,nutricion y desarrollo infantil,controles nuevos en ninos de 2 anos a < de 5 a,2005-03-01,2,2,2,4
SANTA ROSA DEL SARA,nutricion y desarrollo infantil,controles nuevos en ninos de 2 anos a < de 5 a,2005-03-01,30,30,33,63
SANTIAGO DE CALLAPA,nutricion y desarrollo infantil,controles nuevos en ninos de 2 anos a < de 5 a,2005-03-01,25,25,33,58
SANTIAGO DE HUARI,nutricion y desarrollo infantil,controles nuevos en ninos de 2 anos a < de 5 a,2005-03-01,7,7,10,17
SANTIAGO DE MACHACA,nutricion y desarrollo infantil,controles nuevos en ninos de 2 anos a < de 5 a,2005-03-01,48,48,35,83
SANTUARIO DE QUILLACAS,nutricion y desarrollo infantil,controles nuevos en ninos de 2 anos a < de 5 a,2005-03-01,1,1,0,1
SAPAHAQUI,nutricion y desarrollo infantil,controles nuevos en ninos de 2 anos a < de 5 a,2005-03-01,1,1,1,2
SENA,nutricion y desarrollo infantil,controles nuevos en ninos de 2 anos a < de 5 a,2005-03-01,57,57,62,119
SICA SICA (VILLA AROMA),nutricion y desarrollo infantil,controles nuevos en ninos de 2 anos a < de 5 a,2005-03-01,0,0,6,6
SIPE SIPE,nutricion y desarrollo infantil,controles nuevos en ninos de 2 anos a < de 5 a,2005-03-01,31,31,32,63
SOPACHUY,nutricion y desarrollo infantil,controles nuevos en ninos de 2 anos a < de 5 a,2005-03-01,37,37,39,76
SORACACHI,nutricion y desarrollo infantil,controles nuevos en ninos de 2 anos a < de 5 a,2005-03-01,55,55,61,116
SORATA,nutricion y desarrollo infantil,controles nuevos en ninos de 2 anos a < de 5 a,2005-03-01,11,11,9,20
SUCRE,nutricion y desarrollo infantil,controles nuevos en ninos de 2 anos a < de 5 a,2005-03-01,942,942,1042,1984
TACACHI,nutricion y desarrollo infantil,controles nuevos en ninos de 2 anos a < de 5 a,2005-03-01,2,2,1,3
TACACOMA,nutricion y desarrollo infantil,controles nuevos en ninos de 2 anos a < de 5 a,2005-03-01,5,5,4,9
TACOBAMBA,nutricion y desarrollo infantil,controles nuevos en ninos de 2 anos a < de 5 a,2005-03-01,2,2,1,3
TACOPAYA,nutricion y desarrollo infantil,controles nuevos en ninos de 2 anos a < de 5 a,2005-03-01,1,1,0,1
TAPACARI,nutricion y desarrollo infantil,controles nuevos en ninos de 2 anos a < de 5 a,2005-03-01,60,60,86,146
TARABUCO,nutricion y desarrollo infantil,controles nuevos en ninos de 2 anos a < de 5 a,2005-03-01,84,84,78,162
TARACO,nutricion y desarrollo infantil,controles nuevos en ninos de 2 anos a < de 5 a,2005-03-01,1,1,0,1
TARATA,nutricion y desarrollo infantil,controles nuevos en ninos de 2 anos a < de 5 a,2005-03-01,8,8,8,16
TARIJA,nutricion y desarrollo infantil,controles nuevos en ninos de 2 anos a < de 5 a,2005-03-01,385,385,330,715
TARVITA,nutricion y desarrollo infantil,controles nuevos en ninos de 2 anos a < de 5 a,2005-03-01,168,168,153,321
TIAWANACU,nutricion y desarrollo infantil,controles nuevos en ninos de 2 anos a < de 5 a,2005-03-01,3,3,3,6
TINGUIPAYA,nutricion y desarrollo infantil,controles nuevos en ninos de 2 anos a < de 5 a,2005-03-01,59,59,63,122
TIPUANI,nutricion y desarrollo infantil,controles nuevos en ninos de 2 anos a < de 5 a,2005-03-01,0,0,1,1
TIQUIPAYA,nutricion y desarrollo infantil,controles nuevos en ninos de 2 anos a < de 5 a,2005-03-01,101,101,97,198
TIRAQUE (CBBA),nutricion y desarrollo infantil,controles nuevos en ninos de 2 anos a < de 5 a,2005-03-01,165,165,189,354
TOCO,nutricion y desarrollo infantil,controles nuevos en ninos de 2 anos a < de 5 a,2005-03-01,4,4,6,10
TODOS SANTOS,nutricion y desarrollo infantil,controles nuevos en ninos de 2 anos a < de 5 a,2005-03-01,1,1,1,2
TOLATA,nutricion y desarrollo infantil,controles nuevos en ninos de 2 anos a < de 5 a,2005-03-01,1,1,0,1
TOLEDO,nutricion y desarrollo infantil,controles nuevos en ninos de 2 anos a < de 5 a,2005-03-01,7,7,1,8
TOMAVE,nutricion y desarrollo infantil,controles nuevos en ninos de 2 anos a < de 5 a,2005-03-01,1,1,0,1
TOMINA,nutricion y desarrollo infantil,controles nuevos en ninos de 2 anos a < de 5 a,2005-03-01,1,1,3,4
TORO TORO,nutricion y desarrollo infantil,controles nuevos en ninos de 2 anos a < de 5 a,2005-03-01,41,41,39,80
TOTORA(CBBA),nutricion y desarrollo infantil,controles nuevos en ninos de 2 anos a < de 5 a,2005-03-01,1,1,7,8
TOTORA(ORR),nutricion y desarrollo infantil,controles nuevos en ninos de 2 anos a < de 5 a,2005-03-01,7,7,13,20
TRINIDAD,nutricion y desarrollo infantil,controles nuevos en ninos de 2 anos a < de 5 a,2005-03-01,227,227,182,409
TUPIZA,nutricion y desarrollo infantil,controles nuevos en ninos de 2 anos a < de 5 a,2005-03-01,1,1,0,1
TURCO,nutricion y desarrollo infantil,controles nuevos en ninos de 2 anos a < de 5 a,2005-03-01,2,2,2,4
UMALA,nutricion y desarrollo infantil,controles nuevos en ninos de 2 anos a < de 5 a,2005-03-01,11,11,7,18
UNCIA,nutricion y desarrollo infantil,controles nuevos en ninos de 2 anos a < de 5 a,2005-03-01,47,47,63,110
URIONDO (A. CONCEPCION),nutricion y desarrollo infantil,controles nuevos en ninos de 2 anos a < de 5 a,2005-03-01,22,22,23,45
UYUNI,nutricion y desarrollo infantil,controles nuevos en ninos de 2 anos a < de 5 a,2005-03-01,0,0,1,1
VACAS,nutricion y desarrollo infantil,controles nuevos en ninos de 2 anos a < de 5 a,2005-03-01,4,4,2,6
VALLEGRANDE,nutricion y desarrollo infantil,controles nuevos en ninos de 2 anos a < de 5 a,2005-03-01,37,37,55,92
VIACHA,nutricion y desarrollo infantil,controles nuevos en ninos de 2 anos a < de 5 a,2005-03-01,13,13,12,25
VILA VILA,nutricion y desarrollo infantil,controles nuevos en ninos de 2 anos a < de 5 a,2005-03-01,13,13,12,25
VILLA MONTES,nutricion y desarrollo infantil,controles nuevos en ninos de 2 anos a < de 5 a,2005-03-01,80,80,85,165
VILLA RIVERO,nutricion y desarrollo infantil,controles nuevos en ninos de 2 anos a < de 5 a,2005-03-01,1,1,2,3
VILLA TUNARI,nutricion y desarrollo infantil,controles nuevos en ninos de 2 anos a < de 5 a,2005-03-01,310,310,272,582
VILLA VACA GUZMAN (MUYUPAMPA),nutricion y desarrollo infantil,controles nuevos en ninos de 2 anos a < de 5 a,2005-03-01,38,38,55,93
VILLAZON,nutricion y desarrollo infantil,controles nuevos en ninos de 2 anos a < de 5 a,2005-03-01,3,3,0,3
VINTO,nutricion y desarrollo infantil,controles nuevos en ninos de 2 anos a < de 5 a,2005-03-01,31,31,25,56
WARNES,nutricion y desarrollo infantil,controles nuevos en ninos de 2 anos a < de 5 a,2005-03-01,59,59,39,98
YACO,nutricion y desarrollo infantil,controles nuevos en ninos de 2 anos a < de 5 a,2005-03-01,10,10,14,24
YACUIBA,nutricion y desarrollo infantil,controles nuevos en ninos de 2 anos a < de 5 a,2005-03-01,46,46,47,93
YAMPARAEZ,nutricion y desarrollo infantil,controles nuevos en ninos de 2 anos a < de 5 a,2005-03-01,5,5,13,18
YANACACHI,nutricion y desarrollo infantil,controles nuevos en ninos de 2 anos a < de 5 a,2005-03-01,19,19,14,33
YAPACANI,nutricion y desarrollo infantil,controles nuevos en ninos de 2 anos a < de 5 a,2005-03-01,2,2,20,22
YOCALLA,nutricion y desarrollo infantil,controles nuevos en ninos de 2 anos a < de 5 a,2005-03-01,2,2,0,2
YOTALA,nutricion y desarrollo infantil,controles nuevos en ninos de 2 anos a < de 5 a,2005-03-01,17,17,17,34
YUNCHARA,nutricion y desarrollo infantil,controles nuevos en ninos de 2 anos a < de 5 a,2005-03-01,0,0,1,1
ZUDAÑEZ,nutricion y desarrollo infantil,controles nuevos en ninos de 2 anos a < de 5 a,2005-03-01,11,11,4,15
ACACIO,nutricion y desarrollo infantil,controles nuevos en ninos de 2 anos a < de 5 a,2005-04-01,33,33,24,57
ACHACACHI,nutricion y desarrollo infantil,controles nuevos en ninos de 2 anos a < de 5 a,2005-04-01,48,48,43,91
ACHOCALLA,nutricion y desarrollo infantil,controles nuevos en ninos de 2 anos a < de 5 a,2005-04-01,18,18,22,40
AIQUILE,nutricion y desarrollo infantil,controles nuevos en ninos de 2 anos a < de 5 a,2005-04-01,46,46,36,82
ANCORAIMES,nutricion y desarrollo infantil,controles nuevos en ninos de 2 anos a < de 5 a,2005-04-01,7,7,1,8
ANDAMARCA,nutricion y desarrollo infantil,controles nuevos en ninos de 2 anos a < de 5 a,2005-04-01,1,1,1,2
ANTEQUERA,nutricion y desarrollo infantil,controles nuevos en ninos de 2 anos a < de 5 a,2005-04-01,4,4,0,4
ANZALDO,nutricion y desarrollo infantil,controles nuevos en ninos de 2 anos a < de 5 a,2005-04-01,18,18,22,40
APOLO,nutricion y desarrollo infantil,controles nuevos en ninos de 2 anos a < de 5 a,2005-04-01,18,18,6,24
ARAMPAMPA,nutricion y desarrollo infantil,controles nuevos en ninos de 2 anos a < de 5 a,2005-04-01,5,5,0,5
ARANI,nutricion y desarrollo infantil,controles nuevos en ninos de 2 anos a < de 5 a,2005-04-01,22,22,24,46
ARBIETO,nutricion y desarrollo infantil,controles nuevos en ninos de 2 anos a < de 5 a,2005-04-01,12,12,7,19
ASCENCION DE GUARAYOS,nutricion y desarrollo infantil,controles nuevos en ninos de 2 anos a < de 5 a,2005-04-01,4,4,3,7
ATOCHA,nutricion y desarrollo infantil,controles nuevos en ninos de 2 anos a < de 5 a,2005-04-01,1,1,0,1
AUCAPATA,nutricion y desarrollo infantil,controles nuevos en ninos de 2 anos a < de 5 a,2005-04-01,6,6,4,10
AYATA,nutricion y desarrollo infantil,controles nuevos en ninos de 2 anos a < de 5 a,2005-04-01,4,4,0,4
AYO AYO,nutricion y desarrollo infantil,controles nuevos en ninos de 2 anos a < de 5 a,2005-04-01,6,6,3,9
AYOPAYA (V. DE INDEPENDENCIA),nutricion y desarrollo infantil,controles nuevos en ninos de 2 anos a < de 5 a,2005-04-01,54,54,45,99
AZURDUY,nutricion y desarrollo infantil,controles nuevos en ninos de 2 anos a < de 5 a,2005-04-01,19,19,9,28
BATALLAS,nutricion y desarrollo infantil,controles nuevos en ninos de 2 anos a < de 5 a,2005-04-01,9,9,2,11
BAURES,nutricion y desarrollo infantil,controles nuevos en ninos de 2 anos a < de 5 a,2005-04-01,2,2,7,9
BELEN DE ANDAMARCA,nutricion y desarrollo infantil,controles nuevos en ninos de 2 anos a < de 5 a,2005-04-01,0,0,2,2
BELLA FLOR,nutricion y desarrollo infantil,controles nuevos en ninos de 2 anos a < de 5 a,2005-04-01,1,1,1,2
BERMEJO,nutricion y desarrollo infantil,controles nuevos en ninos de 2 anos a < de 5 a,2005-04-01,52,52,51,103
BETANZOS,nutricion y desarrollo infantil,controles nuevos en ninos de 2 anos a < de 5 a,2005-04-01,4,4,4,8
BOLIVAR,nutricion y desarrollo infantil,controles nuevos en ninos de 2 anos a < de 5 a,2005-04-01,1,1,0,1
BOYUIBE,nutricion y desarrollo infantil,controles nuevos en ninos de 2 anos a < de 5 a,2005-04-01,13,13,7,20
BUENA VISTA,nutricion y desarrollo infantil,controles nuevos en ninos de 2 anos a < de 5 a,2005-04-01,0,0,2,2
CABEZAS,nutricion y desarrollo infantil,controles nuevos en ninos de 2 anos a < de 5 a,2005-04-01,34,34,26,60
CAIROMA,nutricion y desarrollo infantil,controles nuevos en ninos de 2 anos a < de 5 a,2005-04-01,0,0,2,2
"CAIZA ""D""",nutricion y desarrollo infantil,controles nuevos en ninos de 2 anos a < de 5 a,2005-04-01,5,5,12,17
CAJUATA,nutricion y desarrollo infantil,controles nuevos en ninos de 2 anos a < de 5 a,2005-04-01,13,13,14,27
CALACOTO,nutricion y desarrollo infantil,controles nuevos en ninos de 2 anos a < de 5 a,2005-04-01,2,2,4,6
CAMARGO,nutricion y desarrollo infantil,controles nuevos en ninos de 2 anos a < de 5 a,2005-04-01,13,13,8,21
CAMATAQUI (C. VILLA ABECIA),nutricion y desarrollo infantil,controles nuevos en ninos de 2 anos a < de 5 a,2005-04-01,10,10,12,22
CAMIRI,nutricion y desarrollo infantil,controles nuevos en ninos de 2 anos a < de 5 a,2005-04-01,51,51,42,93
CAPINOTA,nutricion y desarrollo infantil,controles nuevos en ninos de 2 anos a < de 5 a,2005-04-01,1,1,1,2
CARACOLLO,nutricion y desarrollo infantil,controles nuevos en ninos de 2 anos a < de 5 a,2005-04-01,2,2,1,3
CARANAVI,nutricion y desarrollo infantil,controles nuevos en ninos de 2 anos a < de 5 a,2005-04-01,16,16,9,25
CARAPARI,nutricion y desarrollo infantil,controles nuevos en ninos de 2 anos a < de 5 a,2005-04-01,1,1,0,1
CARIPUYO,nutricion y desarrollo infantil,controles nuevos en ninos de 2 anos a < de 5 a,2005-04-01,43,43,46,89
CARMEN RIVERO TORREZ,nutricion y desarrollo infantil,controles nuevos en ninos de 2 anos a < de 5 a,2005-04-01,0,0,2,2
CHACARILLA,nutricion y desarrollo infantil,controles nuevos en ninos de 2 anos a < de 5 a,2005-04-01,5,5,6,11
CHALLAPATA,nutricion y desarrollo infantil,controles nuevos en ninos de 2 anos a < de 5 a,2005-04-01,8,8,4,12
CHARAÑA,nutricion y desarrollo infantil,controles nuevos en ninos de 2 anos a < de 5 a,2005-04-01,1,1,2,3
CHAYANTA,nutricion y desarrollo infantil,controles nuevos en ninos de 2 anos a < de 5 a,2005-04-01,8,8,6,14
CHIMORE,nutricion y desarrollo infantil,controles nuevos en ninos de 2 anos a < de 5 a,2005-04-01,42,42,29,71
CHIPAYA,nutricion y desarrollo infantil,controles nuevos en ninos de 2 anos a < de 5 a,2005-04-01,10,10,5,15
CHULUMANI (V. DE LA LIBERTAD),nutricion y desarrollo infantil,controles nuevos en ninos de 2 anos a < de 5 a,2005-04-01,9,9,5,14
CHUMA,nutricion y desarrollo infantil,controles nuevos en ninos de 2 anos a < de 5 a,2005-04-01,0,0,3,3
CLIZA,nutricion y desarrollo infantil,controles nuevos en ninos de 2 anos a < de 5 a,2005-04-01,74,74,50,124
COBIJA,nutricion y desarrollo infantil,controles nuevos en ninos de 2 anos a < de 5 a,2005-04-01,35,35,39,74
COCHABAMBA,nutricion y desarrollo infantil,controles nuevos en ninos de 2 anos a < de 5 a,2005-04-01,1010,1010,968,1978
COLCAPIRHUA,nutricion y desarrollo infantil,controles nuevos en ninos de 2 anos a < de 5 a,2005-04-01,221,221,222,443
COLOMI,nutricion y desarrollo infantil,controles nuevos en ninos de 2 anos a < de 5 a,2005-04-01,71,71,65,136
COLPA BELGICA,nutricion y desarrollo infantil,controles nuevos en ninos de 2 anos a < de 5 a,2005-04-01,14,14,27,41
COLQUECHACA,nutricion y desarrollo infantil,controles nuevos en ninos de 2 anos a < de 5 a,2005-04-01,13,13,19,32
COLQUENCHA,nutricion y desarrollo infantil,controles nuevos en ninos de 2 anos a < de 5 a,2005-04-01,2,2,2,4
COLQUIRI,nutricion y desarrollo infantil,controles nuevos en ninos de 2 anos a < de 5 a,2005-04-01,36,36,27,63
COMBAYA,nutricion y desarrollo infantil,controles nuevos en ninos de 2 anos a < de 5 a,2005-04-01,0,0,1,1
CONCEPCION,nutricion y desarrollo infantil,controles nuevos en ninos de 2 anos a < de 5 a,2005-04-01,1,1,1,2
COPACABANA,nutricion y desarrollo infantil,controles nuevos en ninos de 2 anos a < de 5 a,2005-04-01,62,62,9,71
CORIPATA,nutricion y desarrollo infantil,controles nuevos en ninos de 2 anos a < de 5 a,2005-04-01,16,16,6,22
COROICO,nutricion y desarrollo infantil,controles nuevos en ninos de 2 anos a < de 5 a,2005-04-01,17,17,11,28
CORQUE,nutricion y desarrollo infantil,controles nuevos en ninos de 2 anos a < de 5 a,2005-04-01,1,1,3,4
COTAGAITA,nutricion y desarrollo infantil,controles nuevos en ninos de 2 anos a < de 5 a,2005-04-01,17,17,18,35
COTOCA,nutricion y desarrollo infantil,controles nuevos en ninos de 2 anos a < de 5 a,2005-04-01,7,7,2,9
CUATRO CAÑADAS,nutricion y desarrollo infantil,controles nuevos en ninos de 2 anos a < de 5 a,2005-04-01,27,27,16,43
CUCHUMUELA (V. G. VILLARROEL),nutricion y desarrollo infantil,controles nuevos en ninos de 2 anos a < de 5 a,2005-04-01,4,4,5,9
CULPINA,nutricion y desarrollo infantil,controles nuevos en ninos de 2 anos a < de 5 a,2005-04-01,29,29,37,66
CURAHUARA DE CARANGAS,nutricion y desarrollo infantil,controles nuevos en ninos de 2 anos a < de 5 a,2005-04-01,5,5,5,10
CURVA,nutricion y desarrollo infantil,controles nuevos en ninos de 2 anos a < de 5 a,2005-04-01,5,5,3,8
DESAGUADERO,nutricion y desarrollo infantil,controles nuevos en ninos de 2 anos a < de 5 a,2005-04-01,0,0,3,3
EL ALTO,nutricion y desarrollo infantil,controles nuevos en ninos de 2 anos a < de 5 a,2005-04-01,1884,1884,1953,3837
EL CHORO,nutricion y desarrollo infantil,controles nuevos en ninos de 2 anos a < de 5 a,2005-04-01,0,0,1,1
EL PUENTE(STC),nutricion y desarrollo infantil,controles nuevos en ninos de 2 anos a < de 5 a,2005-04-01,13,13,17,30
EL PUENTE(TJA),nutricion y desarrollo infantil,controles nuevos en ninos de 2 anos a < de 5 a,2005-04-01,0,0,2,2
EL TORNO,nutricion y desarrollo infantil,controles nuevos en ninos de 2 anos a < de 5 a,2005-04-01,3,3,2,5
ENTRE RIOS,nutricion y desarrollo infantil,controles nuevos en ninos de 2 anos a < de 5 a,2005-04-01,44,44,61,105
ENTRE RIOS,nutricion y desarrollo infantil,controles nuevos en ninos de 2 anos a < de 5 a,2005-04-01,1,1,6,7
EUCALIPTUS,nutricion y desarrollo infantil,controles nuevos en ninos de 2 anos a < de 5 a,2005-04-01,2,2,0,2
EXALTACION,nutricion y desarrollo infantil,controles nuevos en ninos de 2 anos a < de 5 a,2005-04-01,2,2,0,2
FERNANDEZ ALONSO,nutricion y desarrollo infantil,controles nuevos en ninos de 2 anos a < de 5 a,2005-04-01,2,2,3,5
FILADELFIA,nutricion y desarrollo infantil,controles nuevos en ninos de 2 anos a < de 5 a,2005-04-01,4,4,0,4
GENERAL SAAVEDRA,nutricion y desarrollo infantil,controles nuevos en ninos de 2 anos a < de 5 a,2005-04-01,79,79,88,167
GRAL. J.J. PEREZ (CHARAZANI),nutricion y desarrollo infantil,controles nuevos en ninos de 2 anos a < de 5 a,2005-04-01,4,4,2,6
GUANAY,nutricion y desarrollo infantil,controles nuevos en ninos de 2 anos a < de 5 a,2005-04-01,1,1,2,3
GUAQUI,nutricion y desarrollo infantil,controles nuevos en ninos de 2 anos a < de 5 a,2005-04-01,0,0,2,2
GUAYARAMERIN,nutricion y desarrollo infantil,controles nuevos en ninos de 2 anos a < de 5 a,2005-04-01,26,26,22,48
HUACARETA,nutricion y desarrollo infantil,controles nuevos en ninos de 2 anos a < de 5 a,2005-04-01,21,21,18,39
HUACAYA (VILLA DE HUACAYA),nutricion y desarrollo infantil,controles nuevos en ninos de 2 anos a < de 5 a,2005-04-01,3,3,9,12
HUACHACALLA,nutricion y desarrollo infantil,controles nuevos en ninos de 2 anos a < de 5 a,2005-04-01,9,9,3,12
HUANUNI,nutricion y desarrollo infantil,controles nuevos en ninos de 2 anos a < de 5 a,2005-04-01,3,3,5,8
HUAYLLAMARCA,nutricion y desarrollo infantil,controles nuevos en ninos de 2 anos a < de 5 a,2005-04-01,19,19,11,30
ICHOCA,nutricion y desarrollo infantil,controles nuevos en ninos de 2 anos a < de 5 a,2005-04-01,20,20,18,38
ICLA,nutricion y desarrollo infantil,controles nuevos en ninos de 2 anos a < de 5 a,2005-04-01,7,7,9,16
INCAHUASI,nutricion y desarrollo infantil,controles nuevos en ninos de 2 anos a < de 5 a,2005-04-01,74,74,79,153
INQUISIVI,nutricion y desarrollo infantil,controles nuevos en ninos de 2 anos a < de 5 a,2005-04-01,6,6,11,17
IRUPANA (VILLA DE LANZA),nutricion y desarrollo infantil,controles nuevos en ninos de 2 anos a < de 5 a,2005-04-01,5,5,6,11
IXIAMAS,nutricion y desarrollo infantil,controles nuevos en ninos de 2 anos a < de 5 a,2005-04-01,18,18,14,32
JESUS DE MACHACA,nutricion y desarrollo infantil,controles nuevos en ninos de 2 anos a < de 5 a,2005-04-01,1,1,3,4
LA ASUNTA,nutricion y desarrollo infantil,controles nuevos en ninos de 2 anos a < de 5 a,2005-04-01,5,5,6,11
LA GUARDIA,nutricion y desarrollo infantil,controles nuevos en ninos de 2 anos a < de 5 a,2005-04-01,216,216,188,404
LA PAZ,nutricion y desarrollo infantil,controles nuevos en ninos de 2 anos a < de 5 a,2005-04-01,1001,1001,970,1971
LAGUNILLAS,nutricion y desarrollo infantil,controles nuevos en ninos de 2 anos a < de 5 a,2005-04-01,5,5,7,12
LAJA,nutricion y desarrollo infantil,controles nuevos en ninos de 2 anos a < de 5 a,2005-04-01,9,9,7,16
LAS CARRERAS,nutricion y desarrollo infantil,controles nuevos en ninos de 2 anos a < de 5 a,2005-04-01,14,14,9,23
LICOMA PAMPA,nutricion y desarrollo infantil,controles nuevos en ninos de 2 anos a < de 5 a,2005-04-01,5,5,12,17
LLALLAGUA,nutricion y desarrollo infantil,controles nuevos en ninos de 2 anos a < de 5 a,2005-04-01,3,3,1,4
LLICA,nutricion y desarrollo infantil,controles nuevos en ninos de 2 anos a < de 5 a,2005-04-01,0,0,1,1
LORETO,nutricion y desarrollo infantil,controles nuevos en ninos de 2 anos a < de 5 a,2005-04-01,5,5,5,10
MACHARETI,nutricion y desarrollo infantil,controles nuevos en ninos de 2 anos a < de 5 a,2005-04-01,21,21,12,33
MAIRANA,nutricion y desarrollo infantil,controles nuevos en ninos de 2 anos a < de 5 a,2005-04-01,0,0,2,2
MAPIRI,nutricion y desarrollo infantil,controles nuevos en ninos de 2 anos a < de 5 a,2005-04-01,4,4,4,8
MECAPACA,nutricion y desarrollo infantil,controles nuevos en ninos de 2 anos a < de 5 a,2005-04-01,6,6,6,12
MINEROS,nutricion y desarrollo infantil,controles nuevos en ninos de 2 anos a < de 5 a,2005-04-01,4,4,3,7
MIZQUE,nutricion y desarrollo infantil,controles nuevos en ninos de 2 anos a < de 5 a,2005-04-01,76,76,97,173
MOCOMOCO,nutricion y desarrollo infantil,controles nuevos en ninos de 2 anos a < de 5 a,2005-04-01,0,0,10,10
MOJOCOYA,nutricion y desarrollo infantil,controles nuevos en ninos de 2 anos a < de 5 a,2005-04-01,1,1,4,5
MONTEAGUDO,nutricion y desarrollo infantil,controles nuevos en ninos de 2 anos a < de 5 a,2005-04-01,133,133,108,241
MONTERO,nutricion y desarrollo infantil,controles nuevos en ninos de 2 anos a < de 5 a,2005-04-01,71,71,42,113
MORO MORO,nutricion y desarrollo infantil,controles nuevos en ninos de 2 anos a < de 5 a,2005-04-01,26,26,18,44
MOROCHATA,nutricion y desarrollo infantil,controles nuevos en ninos de 2 anos a < de 5 a,2005-04-01,166,166,141,307
NACEBE (SANTA ROSA DEL ABUNA),nutricion y desarrollo infantil,controles nuevos en ninos de 2 anos a < de 5 a,2005-04-01,6,6,0,6
NUEVO MANOA (NUEVA ESPERANZA),nutricion y desarrollo infantil,controles nuevos en ninos de 2 anos a < de 5 a,2005-04-01,3,3,2,5
OCURI,nutricion y desarrollo infantil,controles nuevos en ninos de 2 anos a < de 5 a,2005-04-01,2,2,1,3
OKINAWA,nutricion y desarrollo infantil,controles nuevos en ninos de 2 anos a < de 5 a,2005-04-01,1,1,2,3
ORURO,nutricion y desarrollo infantil,controles nuevos en ninos de 2 anos a < de 5 a,2005-04-01,251,251,263,514
PADCAYA,nutricion y desarrollo infantil,controles nuevos en ninos de 2 anos a < de 5 a,2005-04-01,5,5,3,8
PADILLA,nutricion y desarrollo infantil,controles nuevos en ninos de 2 anos a < de 5 a,2005-04-01,3,3,0,3
PAILON,nutricion y desarrollo infantil,controles nuevos en ninos de 2 anos a < de 5 a,2005-04-01,3,3,5,8
PALCA,nutricion y desarrollo infantil,controles nuevos en ninos de 2 anos a < de 5 a,2005-04-01,10,10,17,27
PALOS BLANCOS,nutricion y desarrollo infantil,controles nuevos en ninos de 2 anos a < de 5 a,2005-04-01,18,18,15,33
PATACAMAYA,nutricion y desarrollo infantil,controles nuevos en ninos de 2 anos a < de 5 a,2005-04-01,23,23,31,54
PAZÑA,nutricion y desarrollo infantil,controles nuevos en ninos de 2 anos a < de 5 a,2005-04-01,10,10,3,13
PELECHUCO,nutricion y desarrollo infantil,controles nuevos en ninos de 2 anos a < de 5 a,2005-04-01,8,8,14,22
POCOATA,nutricion y desarrollo infantil,controles nuevos en ninos de 2 anos a < de 5 a,2005-04-01,16,16,13,29
POCONA,nutricion y desarrollo infantil,controles nuevos en ninos de 2 anos a < de 5 a,2005-04-01,69,69,67,136
POJO (CBBA),nutricion y desarrollo infantil,controles nuevos en ninos de 2 anos a < de 5 a,2005-04-01,40,40,24,64
PORCO,nutricion y desarrollo infantil,controles nuevos en ninos de 2 anos a < de 5 a,2005-04-01,2,2,3,5
POROMA,nutricion y desarrollo infantil,controles nuevos en ninos de 2 anos a < de 5 a,2005-04-01,62,62,64,126
PORTACHUELO,nutricion y desarrollo infantil,controles nuevos en ninos de 2 anos a < de 5 a,2005-04-01,2,2,6,8
PORVENIR,nutricion y desarrollo infantil,controles nuevos en ninos de 2 anos a < de 5 a,2005-04-01,12,12,6,18
POSTRER VALLE,nutricion y desarrollo infantil,controles nuevos en ninos de 2 anos a < de 5 a,2005-04-01,0,0,1,1
POTOSI,nutricion y desarrollo infantil,controles nuevos en ninos de 2 anos a < de 5 a,2005-04-01,292,292,291,583
PUCARA,nutricion y desarrollo infantil,controles nuevos en ninos de 2 anos a < de 5 a,2005-04-01,8,8,8,16
PUCARANI,nutricion y desarrollo infantil,controles nuevos en ninos de 2 anos a < de 5 a,2005-04-01,41,41,40,81
PUERTO ACOSTA,nutricion y desarrollo infantil,controles nuevos en ninos de 2 anos a < de 5 a,2005-04-01,27,27,25,52
PUERTO CARABUCO,nutricion y desarrollo infantil,controles nuevos en ninos de 2 anos a < de 5 a,2005-04-01,43,43,33,76
PUERTO GONZALO MORENO,nutricion y desarrollo infantil,controles nuevos en ninos de 2 anos a < de 5 a,2005-04-01,1,1,2,3
PUERTO PEREZ,nutricion y desarrollo infantil,controles nuevos en ninos de 2 anos a < de 5 a,2005-04-01,6,6,6,12
PUERTO QUIJARRO,nutricion y desarrollo infantil,controles nuevos en ninos de 2 anos a < de 5 a,2005-04-01,3,3,5,8
PUERTO RICO,nutricion y desarrollo infantil,controles nuevos en ninos de 2 anos a < de 5 a,2005-04-01,9,9,6,15
PUERTO SUAREZ,nutricion y desarrollo infantil,controles nuevos en ninos de 2 anos a < de 5 a,2005-04-01,3,3,3,6
PUERTO VILLARROEL,nutricion y desarrollo infantil,controles nuevos en ninos de 2 anos a < de 5 a,2005-04-01,55,55,63,118
PUNA,nutricion y desarrollo infantil,controles nuevos en ninos de 2 anos a < de 5 a,2005-04-01,2,2,4,6
PUNATA,nutricion y desarrollo infantil,controles nuevos en ninos de 2 anos a < de 5 a,2005-04-01,25,25,27,52
QUIABAYA,nutricion y desarrollo infantil,controles nuevos en ninos de 2 anos a < de 5 a,2005-04-01,5,5,3,8
QUILLACOLLO,nutricion y desarrollo infantil,controles nuevos en ninos de 2 anos a < de 5 a,2005-04-01,285,285,252,537
QUIME,nutricion y desarrollo infantil,controles nuevos en ninos de 2 anos a < de 5 a,2005-04-01,7,7,5,12
RAVELO,nutricion y desarrollo infantil,controles nuevos en ninos de 2 anos a < de 5 a,2005-04-01,14,14,10,24
RIBERALTA,nutricion y desarrollo infantil,controles nuevos en ninos de 2 anos a < de 5 a,2005-04-01,157,157,170,327
ROBORE,nutricion y desarrollo infantil,controles nuevos en ninos de 2 anos a < de 5 a,2005-04-01,7,7,6,13
RURRENABAQUE,nutricion y desarrollo infantil,controles nuevos en ninos de 2 anos a < de 5 a,2005-04-01,8,8,7,15
SABAYA,nutricion y desarrollo infantil,controles nuevos en ninos de 2 anos a < de 5 a,2005-04-01,1,1,3,4
SACABA,nutricion y desarrollo infantil,controles nuevos en ninos de 2 anos a < de 5 a,2005-04-01,213,213,224,437
SACABAMBA,nutricion y desarrollo infantil,controles nuevos en ninos de 2 anos a < de 5 a,2005-04-01,7,7,6,13
SACACA,nutricion y desarrollo infantil,controles nuevos en ninos de 2 anos a < de 5 a,2005-04-01,15,15,15,30
SAIPINA,nutricion y desarrollo infantil,controles nuevos en ninos de 2 anos a < de 5 a,2005-04-01,3,3,3,6
SALINAS DE GARCI MENDOZA,nutricion y desarrollo infantil,controles nuevos en ninos de 2 anos a < de 5 a,2005-04-01,0,0,2,2
SAN ANDRES,nutricion y desarrollo infantil,controles nuevos en ninos de 2 anos a < de 5 a,2005-04-01,25,25,26,51
SAN BENITO,nutricion y desarrollo infantil,controles nuevos en ninos de 2 anos a < de 5 a,2005-04-01,15,15,15,30
SAN BORJA,nutricion y desarrollo infantil,controles nuevos en ninos de 2 anos a < de 5 a,2005-04-01,1,1,2,3
SAN BUENA VENTURA,nutricion y desarrollo infantil,controles nuevos en ninos de 2 anos a < de 5 a,2005-04-01,8,8,6,14
SAN CARLOS,nutricion y desarrollo infantil,controles nuevos en ninos de 2 anos a < de 5 a,2005-04-01,1,1,0,1
SAN IGNACIO,nutricion y desarrollo infantil,controles nuevos en ninos de 2 anos a < de 5 a,2005-04-01,89,89,73,162
SAN IGNACIO DE VELASCO,nutricion y desarrollo infantil,controles nuevos en ninos de 2 anos a < de 5 a,2005-04-01,42,42,29,71
SAN JAVIER(BNI),nutricion y desarrollo infantil,controles nuevos en ninos de 2 anos a < de 5 a,2005-04-01,5,5,1,6
SAN JAVIER(STC),nutricion y desarrollo infantil,controles nuevos en ninos de 2 anos a < de 5 a,2005-04-01,0,0,1,1
SAN JUAN DE YAPACANI,nutricion y desarrollo infantil,controles nuevos en ninos de 2 anos a < de 5 a,2005-04-01,1,1,1,2
SAN JULIAN,nutricion y desarrollo infantil,controles nuevos en ninos de 2 anos a < de 5 a,2005-04-01,173,173,203,376
SAN LORENZO(PND),nutricion y desarrollo infantil,controles nuevos en ninos de 2 anos a < de 5 a,2005-04-01,8,8,1,9
SAN LORENZO(TJA),nutricion y desarrollo infantil,controles nuevos en ninos de 2 anos a < de 5 a,2005-04-01,38,38,40,78
SAN LUCAS,nutricion y desarrollo infantil,controles nuevos en ninos de 2 anos a < de 5 a,2005-04-01,151,151,151,302
SAN MATIAS,nutricion y desarrollo infantil,controles nuevos en ninos de 2 anos a < de 5 a,2005-04-01,25,25,22,47
SAN MIGUEL DE VELASCO,nutricion y desarrollo infantil,controles nuevos en ninos de 2 anos a < de 5 a,2005-04-01,1,1,2,3
SAN PABLO DE LIPEZ,nutricion y desarrollo infantil,controles nuevos en ninos de 2 anos a < de 5 a,2005-04-01,1,1,2,3
SAN PEDRO,nutricion y desarrollo infantil,controles nuevos en ninos de 2 anos a < de 5 a,2005-04-01,2,2,0,2
SAN PEDRO DE BUENA VISTA,nutricion y desarrollo infantil,controles nuevos en ninos de 2 anos a < de 5 a,2005-04-01,10,10,7,17
SAN PEDRO DE CURAHUARA,nutricion y desarrollo infantil,controles nuevos en ninos de 2 anos a < de 5 a,2005-04-01,25,25,24,49
SAN PEDRO DE TIQUINA,nutricion y desarrollo infantil,controles nuevos en ninos de 2 anos a < de 5 a,2005-04-01,1,1,0,1
SAN RAFAEL,nutricion y desarrollo infantil,controles nuevos en ninos de 2 anos a < de 5 a,2005-04-01,1,1,0,1
SAN RAMON,nutricion y desarrollo infantil,controles nuevos en ninos de 2 anos a < de 5 a,2005-04-01,28,28,19,47
SAN RAMON,nutricion y desarrollo infantil,controles nuevos en ninos de 2 anos a < de 5 a,2005-04-01,0,0,2,2
SANTA ANA,nutricion y desarrollo infantil,controles nuevos en ninos de 2 anos a < de 5 a,2005-04-01,19,19,13,32
SANTA CRUZ DE LA SIERRA,nutricion y desarrollo infantil,controles nuevos en ninos de 2 anos a < de 5 a,2005-04-01,1057,1057,1064,2121
SANTA ROSA,nutricion y desarrollo infantil,controles nuevos en ninos de 2 anos a < de 5 a,2005-04-01,2,2,1,3
SANTA ROSA DEL SARA,nutricion y desarrollo infantil,controles nuevos en ninos de 2 anos a < de 5 a,2005-04-01,49,49,86,135
SANTIAGO DE CALLAPA,nutricion y desarrollo infantil,controles nuevos en ninos de 2 anos a < de 5 a,2005-04-01,2,2,3,5
SANTIAGO DE HUARI,nutricion y desarrollo infantil,controles nuevos en ninos de 2 anos a < de 5 a,2005-04-01,9,9,6,15
SANTIAGO DE MACHACA,nutricion y desarrollo infantil,controles nuevos en ninos de 2 anos a < de 5 a,2005-04-01,19,19,16,35
SANTUARIO DE QUILLACAS,nutricion y desarrollo infantil,controles nuevos en ninos de 2 anos a < de 5 a,2005-04-01,1,1,0,1
SAPAHAQUI,nutricion y desarrollo infantil,controles nuevos en ninos de 2 anos a < de 5 a,2005-04-01,2,2,8,10
SENA,nutricion y desarrollo infantil,controles nuevos en ninos de 2 anos a < de 5 a,2005-04-01,2,2,3,5
SICA SICA (VILLA AROMA),nutricion y desarrollo infantil,controles nuevos en ninos de 2 anos a < de 5 a,2005-04-01,2,2,3,5
SIPE SIPE,nutricion y desarrollo infantil,controles nuevos en ninos de 2 anos a < de 5 a,2005-04-01,55,55,40,95
SOPACHUY,nutricion y desarrollo infantil,controles nuevos en ninos de 2 anos a < de 5 a,2005-04-01,2,2,3,5
SORATA,nutricion y desarrollo infantil,controles nuevos en ninos de 2 anos a < de 5 a,2005-04-01,19,19,17,36
SUCRE,nutricion y desarrollo infantil,controles nuevos en ninos de 2 anos a < de 5 a,2005-04-01,816,816,826,1642
TACACHI,nutricion y desarrollo infantil,controles nuevos en ninos de 2 anos a < de 5 a,2005-04-01,14,14,13,27
TACACOMA,nutricion y desarrollo infantil,controles nuevos en ninos de 2 anos a < de 5 a,2005-04-01,1,1,0,1
TACOBAMBA,nutricion y desarrollo infantil,controles nuevos en ninos de 2 anos a < de 5 a,2005-04-01,2,2,1,3
TACOPAYA,nutricion y desarrollo infantil,controles nuevos en ninos de 2 anos a < de 5 a,2005-04-01,1,1,0,1
TAPACARI,nutricion y desarrollo infantil,controles nuevos en ninos de 2 anos a < de 5 a,2005-04-01,3,3,5,8
TARABUCO,nutricion y desarrollo infantil,controles nuevos en ninos de 2 anos a < de 5 a,2005-04-01,29,29,41,70
TARACO,nutricion y desarrollo infantil,controles nuevos en ninos de 2 anos a < de 5 a,2005-04-01,0,0,2,2
TARATA,nutricion y desarrollo infantil,controles nuevos en ninos de 2 anos a < de 5 a,2005-04-01,4,4,4,8
TARIJA,nutricion y desarrollo infantil,controles nuevos en ninos de 2 anos a < de 5 a,2005-04-01,332,332,349,681
TARVITA,nutricion y desarrollo infantil,controles nuevos en ninos de 2 anos a < de 5 a,2005-04-01,15,15,36,51
TIAWANACU,nutricion y desarrollo infantil,controles nuevos en ninos de 2 anos a < de 5 a,2005-04-01,6,6,8,14
TINGUIPAYA,nutricion y desarrollo infantil,controles nuevos en ninos de 2 anos a < de 5 a,2005-04-01,0,0,1,1
TIPUANI,nutricion y desarrollo infantil,controles nuevos en ninos de 2 anos a < de 5 a,2005-04-01,44,44,35,79
TIQUIPAYA,nutricion y desarrollo infantil,controles nuevos en ninos de 2 anos a < de 5 a,2005-04-01,140,140,127,267
TIRAQUE (CBBA),nutricion y desarrollo infantil,controles nuevos en ninos de 2 anos a < de 5 a,2005-04-01,222,222,240,462
TITO YUPANQUI (PARQUIPUJIO),nutricion y desarrollo infantil,controles nuevos en ninos de 2 anos a < de 5 a,2005-04-01,1,1,1,2
TOCO,nutricion y desarrollo infantil,controles nuevos en ninos de 2 anos a < de 5 a,2005-04-01,7,7,5,12
TOLEDO,nutricion y desarrollo infantil,controles nuevos en ninos de 2 anos a < de 5 a,2005-04-01,7,7,7,14
TOMAVE,nutricion y desarrollo infantil,controles nuevos en ninos de 2 anos a < de 5 a,2005-04-01,1,1,1,2
TORO TORO,nutricion y desarrollo infantil,controles nuevos en ninos de 2 anos a < de 5 a,2005-04-01,2,2,3,5
TOTORA(CBBA),nutricion y desarrollo infantil,controles nuevos en ninos de 2 anos a < de 5 a,2005-04-01,44,44,35,79
TOTORA(ORR),nutricion y desarrollo infantil,controles nuevos en ninos de 2 anos a < de 5 a,2005-04-01,7,7,6,13
TRIGAL,nutricion y desarrollo infantil,controles nuevos en ninos de 2 anos a < de 5 a,2005-04-01,8,8,8,16
TRINIDAD,nutricion y desarrollo infantil,controles nuevos en ninos de 2 anos a < de 5 a,2005-04-01,189,189,176,365
TUPIZA,nutricion y desarrollo infantil,controles nuevos en ninos de 2 anos a < de 5 a,2005-04-01,17,17,17,34
TURCO,nutricion y desarrollo infantil,controles nuevos en ninos de 2 anos a < de 5 a,2005-04-01,5,5,6,11
UMALA,nutricion y desarrollo infantil,controles nuevos en ninos de 2 anos a < de 5 a,2005-04-01,21,21,30,51
UNCIA,nutricion y desarrollo infantil,controles nuevos en ninos de 2 anos a < de 5 a,2005-04-01,56,56,43,99
URIONDO (A. CONCEPCION),nutricion y desarrollo infantil,controles nuevos en ninos de 2 anos a < de 5 a,2005-04-01,12,12,10,22
URUBICHA,nutricion y desarrollo infantil,controles nuevos en ninos de 2 anos a < de 5 a,2005-04-01,1,1,0,1
VACAS,nutricion y desarrollo infantil,controles nuevos en ninos de 2 anos a < de 5 a,2005-04-01,6,6,7,13
VALLEGRANDE,nutricion y desarrollo infantil,controles nuevos en ninos de 2 anos a < de 5 a,2005-04-01,68,68,69,137
VIACHA,nutricion y desarrollo infantil,controles nuevos en ninos de 2 anos a < de 5 a,2005-04-01,26,26,30,56
VILA VILA,nutricion y desarrollo infantil,controles nuevos en ninos de 2 anos a < de 5 a,2005-04-01,2,2,3,5
VILLA MONTES,nutricion y desarrollo infantil,controles nuevos en ninos de 2 anos a < de 5 a,2005-04-01,37,37,29,66
VILLA RIVERO,nutricion y desarrollo infantil,controles nuevos en ninos de 2 anos a < de 5 a,2005-04-01,1,1,3,4
VILLA TUNARI,nutricion y desarrollo infantil,controles nuevos en ninos de 2 anos a < de 5 a,2005-04-01,206,206,195,401
VILLA VACA GUZMAN (MUYUPAMPA),nutricion y desarrollo infantil,controles nuevos en ninos de 2 anos a < de 5 a,2005-04-01,47,47,52,99
VILLAZON,nutricion y desarrollo infantil,controles nuevos en ninos de 2 anos a < de 5 a,2005-04-01,3,3,4,7
VINTO,nutricion y desarrollo infantil,controles nuevos en ninos de 2 anos a < de 5 a,2005-04-01,9,9,13,22
WARNES,nutricion y desarrollo infantil,controles nuevos en ninos de 2 anos a < de 5 a,2005-04-01,104,104,127,231
YACUIBA,nutricion y desarrollo infantil,controles nuevos en ninos de 2 anos a < de 5 a,2005-04-01,165,165,155,320
YAMPARAEZ,nutricion y desarrollo infantil,controles nuevos en ninos de 2 anos a < de 5 a,2005-04-01,4,4,1,5
YANACACHI,nutricion y desarrollo infantil,controles nuevos en ninos de 2 anos a < de 5 a,2005-04-01,14,14,14,28
YAPACANI,nutricion y desarrollo infantil,controles nuevos en ninos de 2 anos a < de 5 a,2005-04-01,1,1,1,2
YOCALLA,nutricion y desarrollo infantil,controles nuevos en ninos de 2 anos a < de 5 a,2005-04-01,1,1,1,2
YOTALA,nutricion y desarrollo infantil,controles nuevos en ninos de 2 anos a < de 5 a,2005-04-01,2,2,10,12
ZUDAÑEZ,nutricion y desarrollo infantil,controles nuevos en ninos de 2 anos a < de 5 a,2005-04-01,5,5,12,17
ACACIO,nutricion y desarrollo infantil,controles nuevos en ninos de 2 anos a < de 5 a,2005-05-01,25,25,20,45
ACHACACHI,nutricion y desarrollo infantil,controles nuevos en ninos de 2 anos a < de 5 a,2005-05-01,55,55,48,103
ACHOCALLA,nutricion y desarrollo infantil,controles nuevos en ninos de 2 anos a < de 5 a,2005-05-01,4,4,17,21
AIQUILE,nutricion y desarrollo infantil,controles nuevos en ninos de 2 anos a < de 5 a,2005-05-01,18,18,31,49
ALALAY,nutricion y desarrollo infantil,controles nuevos en ninos de 2 anos a < de 5 a,2005-05-01,1,1,0,1
ANCORAIMES,nutricion y desarrollo infantil,controles nuevos en ninos de 2 anos a < de 5 a,2005-05-01,7,7,4,11
ANZALDO,nutricion y desarrollo infantil,controles nuevos en ninos de 2 anos a < de 5 a,2005-05-01,18,18,19,37
APOLO,nutricion y desarrollo infantil,controles nuevos en ninos de 2 anos a < de 5 a,2005-05-01,8,8,2,10
ARAMPAMPA,nutricion y desarrollo infantil,controles nuevos en ninos de 2 anos a < de 5 a,2005-05-01,1,1,0,1
ARANI,nutricion y desarrollo infantil,controles nuevos en ninos de 2 anos a < de 5 a,2005-05-01,4,4,5,9
ARBIETO,nutricion y desarrollo infantil,controles nuevos en ninos de 2 anos a < de 5 a,2005-05-01,3,3,3,6
AUCAPATA,nutricion y desarrollo infantil,controles nuevos en ninos de 2 anos a < de 5 a,2005-05-01,13,13,10,23
AYATA,nutricion y desarrollo infantil,controles nuevos en ninos de 2 anos a < de 5 a,2005-05-01,8,8,4,12
AYO AYO,nutricion y desarrollo infantil,controles nuevos en ninos de 2 anos a < de 5 a,2005-05-01,4,4,9,13
AYOPAYA (V. DE INDEPENDENCIA),nutricion y desarrollo infantil,controles nuevos en ninos de 2 anos a < de 5 a,2005-05-01,23,23,11,34
AZURDUY,nutricion y desarrollo infantil,controles nuevos en ninos de 2 anos a < de 5 a,2005-05-01,17,17,10,27
BATALLAS,nutricion y desarrollo infantil,controles nuevos en ninos de 2 anos a < de 5 a,2005-05-01,3,3,3,6
BAURES,nutricion y desarrollo infantil,controles nuevos en ninos de 2 anos a < de 5 a,2005-05-01,2,2,1,3
BELEN DE ANDAMARCA,nutricion y desarrollo infantil,controles nuevos en ninos de 2 anos a < de 5 a,2005-05-01,0,0,2,2
BELEN DE URMIRI,nutricion y desarrollo infantil,controles nuevos en ninos de 2 anos a < de 5 a,2005-05-01,0,0,1,1
BERMEJO,nutricion y desarrollo infantil,controles nuevos en ninos de 2 anos a < de 5 a,2005-05-01,15,15,11,26
BETANZOS,nutricion y desarrollo infantil,controles nuevos en ninos de 2 anos a < de 5 a,2005-05-01,11,11,2,13
BOLPEBRA,nutricion y desarrollo infantil,controles nuevos en ninos de 2 anos a < de 5 a,2005-05-01,2,2,1,3
BOYUIBE,nutricion y desarrollo infantil,controles nuevos en ninos de 2 anos a < de 5 a,2005-05-01,6,6,1,7
BUENA VISTA,nutricion y desarrollo infantil,controles nuevos en ninos de 2 anos a < de 5 a,2005-05-01,87,87,57,144
CABEZAS,nutricion y desarrollo infantil,controles nuevos en ninos de 2 anos a < de 5 a,2005-05-01,36,36,32,68
"CAIZA ""D""",nutricion y desarrollo infantil,controles nuevos en ninos de 2 anos a < de 5 a,2005-05-01,1,1,5,6
CAJUATA,nutricion y desarrollo infantil,controles nuevos en ninos de 2 anos a < de 5 a,2005-05-01,14,14,14,28
CALACOTO,nutricion y desarrollo infantil,controles nuevos en ninos de 2 anos a < de 5 a,2005-05-01,1,1,1,2
CALAMARCA,nutricion y desarrollo infantil,controles nuevos en ninos de 2 anos a < de 5 a,2005-05-01,1,1,0,1
CAMARGO,nutricion y desarrollo infantil,controles nuevos en ninos de 2 anos a < de 5 a,2005-05-01,5,5,0,5
CAMATAQUI (C. VILLA ABECIA),nutricion y desarrollo infantil,controles nuevos en ninos de 2 anos a < de 5 a,2005-05-01,3,3,3,6
CAMIRI,nutricion y desarrollo infantil,controles nuevos en ninos de 2 anos a < de 5 a,2005-05-01,29,29,30,59
CAPINOTA,nutricion y desarrollo infantil,controles nuevos en ninos de 2 anos a < de 5 a,2005-05-01,1,1,3,4
CARACOLLO,nutricion y desarrollo infantil,controles nuevos en ninos de 2 anos a < de 5 a,2005-05-01,2,2,0,2
CARANAVI,nutricion y desarrollo infantil,controles nuevos en ninos de 2 anos a < de 5 a,2005-05-01,34,34,41,75
CARAPARI,nutricion y desarrollo infantil,controles nuevos en ninos de 2 anos a < de 5 a,2005-05-01,1,1,1,2
CARIPUYO,nutricion y desarrollo infantil,controles nuevos en ninos de 2 anos a < de 5 a,2005-05-01,5,5,4,9
CARMEN RIVERO TORREZ,nutricion y desarrollo infantil,controles nuevos en ninos de 2 anos a < de 5 a,2005-05-01,2,2,0,2
CHACARILLA,nutricion y desarrollo infantil,controles nuevos en ninos de 2 anos a < de 5 a,2005-05-01,5,5,4,9
CHALLAPATA,nutricion y desarrollo infantil,controles nuevos en ninos de 2 anos a < de 5 a,2005-05-01,6,6,3,9
CHAQUI,nutricion y desarrollo infantil,controles nuevos en ninos de 2 anos a < de 5 a,2005-05-01,1,1,3,4
CHARAGUA,nutricion y desarrollo infantil,controles nuevos en ninos de 2 anos a < de 5 a,2005-05-01,2,2,2,4
CHARAÑA,nutricion y desarrollo infantil,controles nuevos en ninos de 2 anos a < de 5 a,2005-05-01,3,3,7,10
CHAYANTA,nutricion y desarrollo infantil,controles nuevos en ninos de 2 anos a < de 5 a,2005-05-01,3,3,1,4
CHIMORE,nutricion y desarrollo infantil,controles nuevos en ninos de 2 anos a < de 5 a,2005-05-01,26,26,23,49
CHIPAYA,nutricion y desarrollo infantil,controles nuevos en ninos de 2 anos a < de 5 a,2005-05-01,8,8,6,14
CHULUMANI (V. DE LA LIBERTAD),nutricion y desarrollo infantil,controles nuevos en ninos de 2 anos a < de 5 a,2005-05-01,18,18,34,52
CHUMA,nutricion y desarrollo infantil,controles nuevos en ninos de 2 anos a < de 5 a,2005-05-01,0,0,2,2
CLIZA,nutricion y desarrollo infantil,controles nuevos en ninos de 2 anos a < de 5 a,2005-05-01,39,39,23,62
COBIJA,nutricion y desarrollo infantil,controles nuevos en ninos de 2 anos a < de 5 a,2005-05-01,47,47,35,82
COCHABAMBA,nutricion y desarrollo infantil,controles nuevos en ninos de 2 anos a < de 5 a,2005-05-01,861,861,855,1716
COLCAPIRHUA,nutricion y desarrollo infantil,controles nuevos en ninos de 2 anos a < de 5 a,2005-05-01,300,300,268,568
COLLANA,nutricion y desarrollo infantil,controles nuevos en ninos de 2 anos a < de 5 a,2005-05-01,0,0,2,2
COLOMI,nutricion y desarrollo infantil,controles nuevos en ninos de 2 anos a < de 5 a,2005-05-01,38,38,43,81
COLPA BELGICA,nutricion y desarrollo infantil,controles nuevos en ninos de 2 anos a < de 5 a,2005-05-01,16,16,11,27
COLQUECHACA,nutricion y desarrollo infantil,controles nuevos en ninos de 2 anos a < de 5 a,2005-05-01,1,1,1,2
COLQUIRI,nutricion y desarrollo infantil,controles nuevos en ninos de 2 anos a < de 5 a,2005-05-01,41,41,30,71
COMARAPA,nutricion y desarrollo infantil,controles nuevos en ninos de 2 anos a < de 5 a,2005-05-01,4,4,0,4
COMBAYA,nutricion y desarrollo infantil,controles nuevos en ninos de 2 anos a < de 5 a,2005-05-01,0,0,1,1
COPACABANA,nutricion y desarrollo infantil,controles nuevos en ninos de 2 anos a < de 5 a,2005-05-01,3,3,2,5
CORIPATA,nutricion y desarrollo infantil,controles nuevos en ninos de 2 anos a < de 5 a,2005-05-01,33,33,24,57
CORO CORO,nutricion y desarrollo infantil,controles nuevos en ninos de 2 anos a < de 5 a,2005-05-01,0,0,5,5
COROICO,nutricion y desarrollo infantil,controles nuevos en ninos de 2 anos a < de 5 a,2005-05-01,45,45,40,85
CORQUE,nutricion y desarrollo infantil,controles nuevos en ninos de 2 anos a < de 5 a,2005-05-01,2,2,1,3
COTAGAITA,nutricion y desarrollo infantil,controles nuevos en ninos de 2 anos a < de 5 a,2005-05-01,24,24,25,49
COTOCA,nutricion y desarrollo infantil,controles nuevos en ninos de 2 anos a < de 5 a,2005-05-01,1,1,0,1
CUATRO CAÑADAS,nutricion y desarrollo infantil,controles nuevos en ninos de 2 anos a < de 5 a,2005-05-01,28,28,21,49
CUCHUMUELA (V. G. VILLARROEL),nutricion y desarrollo infantil,controles nuevos en ninos de 2 anos a < de 5 a,2005-05-01,4,4,0,4
CULPINA,nutricion y desarrollo infantil,controles nuevos en ninos de 2 anos a < de 5 a,2005-05-01,15,15,27,42
CURAHUARA DE CARANGAS,nutricion y desarrollo infantil,controles nuevos en ninos de 2 anos a < de 5 a,2005-05-01,12,12,9,21
DESAGUADERO,nutricion y desarrollo infantil,controles nuevos en ninos de 2 anos a < de 5 a,2005-05-01,1,1,1,2
EL ALTO,nutricion y desarrollo infantil,controles nuevos en ninos de 2 anos a < de 5 a,2005-05-01,1532,1532,1331,2863
EL CHORO,nutricion y desarrollo infantil,controles nuevos en ninos de 2 anos a < de 5 a,2005-05-01,0,0,1,1
EL PUENTE(STC),nutricion y desarrollo infantil,controles nuevos en ninos de 2 anos a < de 5 a,2005-05-01,3,3,2,5
EL PUENTE(TJA),nutricion y desarrollo infantil,controles nuevos en ninos de 2 anos a < de 5 a,2005-05-01,24,24,39,63
EL TORNO,nutricion y desarrollo infantil,controles nuevos en ninos de 2 anos a < de 5 a,2005-05-01,0,0,1,1
EL VILLAR,nutricion y desarrollo infantil,controles nuevos en ninos de 2 anos a < de 5 a,2005-05-01,1,1,0,1
ENTRE RIOS,nutricion y desarrollo infantil,controles nuevos en ninos de 2 anos a < de 5 a,2005-05-01,11,11,23,34
ENTRE RIOS,nutricion y desarrollo infantil,controles nuevos en ninos de 2 anos a < de 5 a,2005-05-01,27,27,33,60
EXALTACION,nutricion y desarrollo infantil,controles nuevos en ninos de 2 anos a < de 5 a,2005-05-01,0,0,1,1
FERNANDEZ ALONSO,nutricion y desarrollo infantil,controles nuevos en ninos de 2 anos a < de 5 a,2005-05-01,4,4,5,9
FILADELFIA,nutricion y desarrollo infantil,controles nuevos en ninos de 2 anos a < de 5 a,2005-05-01,7,7,11,18
GENERAL SAAVEDRA,nutricion y desarrollo infantil,controles nuevos en ninos de 2 anos a < de 5 a,2005-05-01,7,7,2,9
GRAL. J.J. PEREZ (CHARAZANI),nutricion y desarrollo infantil,controles nuevos en ninos de 2 anos a < de 5 a,2005-05-01,27,27,19,46
GUANAY,nutricion y desarrollo infantil,controles nuevos en ninos de 2 anos a < de 5 a,2005-05-01,0,0,1,1
GUAQUI,nutricion y desarrollo infantil,controles nuevos en ninos de 2 anos a < de 5 a,2005-05-01,0,0,1,1
GUAYARAMERIN,nutricion y desarrollo infantil,controles nuevos en ninos de 2 anos a < de 5 a,2005-05-01,52,52,53,105
HUACARETA,nutricion y desarrollo infantil,controles nuevos en ninos de 2 anos a < de 5 a,2005-05-01,11,11,10,21
HUACAYA (VILLA DE HUACAYA),nutricion y desarrollo infantil,controles nuevos en ninos de 2 anos a < de 5 a,2005-05-01,1,1,1,2
HUACHACALLA,nutricion y desarrollo infantil,controles nuevos en ninos de 2 anos a < de 5 a,2005-05-01,4,4,5,9
HUANUNI,nutricion y desarrollo infantil,controles nuevos en ninos de 2 anos a < de 5 a,2005-05-01,8,8,5,13
HUAYLLAMARCA,nutricion y desarrollo infantil,controles nuevos en ninos de 2 anos a < de 5 a,2005-05-01,16,16,12,28
ICHOCA,nutricion y desarrollo infantil,controles nuevos en ninos de 2 anos a < de 5 a,2005-05-01,4,4,1,5
ICLA,nutricion y desarrollo infantil,controles nuevos en ninos de 2 anos a < de 5 a,2005-05-01,0,0,3,3
INCAHUASI,nutricion y desarrollo infantil,controles nuevos en ninos de 2 anos a < de 5 a,2005-05-01,48,48,67,115
INQUISIVI,nutricion y desarrollo infantil,controles nuevos en ninos de 2 anos a < de 5 a,2005-05-01,1,1,5,6
IRUPANA (VILLA DE LANZA),nutricion y desarrollo infantil,controles nuevos en ninos de 2 anos a < de 5 a,2005-05-01,3,3,4,7
IXIAMAS,nutricion y desarrollo infantil,controles nuevos en ninos de 2 anos a < de 5 a,2005-05-01,12,12,9,21
LA ASUNTA,nutricion y desarrollo infantil,controles nuevos en ninos de 2 anos a < de 5 a,2005-05-01,4,4,7,11
LA GUARDIA,nutricion y desarrollo infantil,controles nuevos en ninos de 2 anos a < de 5 a,2005-05-01,47,47,46,93
LA PAZ,nutricion y desarrollo infantil,controles nuevos en ninos de 2 anos a < de 5 a,2005-05-01,788,788,830,1618
LAJA,nutricion y desarrollo infantil,controles nuevos en ninos de 2 anos a < de 5 a,2005-05-01,1,1,3,4
LAS CARRERAS,nutricion y desarrollo infantil,controles nuevos en ninos de 2 anos a < de 5 a,2005-05-01,1,1,5,6
LICOMA PAMPA,nutricion y desarrollo infantil,controles nuevos en ninos de 2 anos a < de 5 a,2005-05-01,1,1,5,6
LLALLAGUA,nutricion y desarrollo infantil,controles nuevos en ninos de 2 anos a < de 5 a,2005-05-01,5,5,4,9
LORETO,nutricion y desarrollo infantil,controles nuevos en ninos de 2 anos a < de 5 a,2005-05-01,0,0,3,3
LURIBAY,nutricion y desarrollo infantil,controles nuevos en ninos de 2 anos a < de 5 a,2005-05-01,0,0,2,2
MACHACAMARCA,nutricion y desarrollo infantil,controles nuevos en ninos de 2 anos a < de 5 a,2005-05-01,0,0,2,2
MACHARETI,nutricion y desarrollo infantil,controles nuevos en ninos de 2 anos a < de 5 a,2005-05-01,10,10,14,24
MALLA,nutricion y desarrollo infantil,controles nuevos en ninos de 2 anos a < de 5 a,2005-05-01,0,0,1,1
MAPIRI,nutricion y desarrollo infantil,controles nuevos en ninos de 2 anos a < de 5 a,2005-05-01,1,1,7,8
MECAPACA,nutricion y desarrollo infantil,controles nuevos en ninos de 2 anos a < de 5 a,2005-05-01,13,13,5,18
MINEROS,nutricion y desarrollo infantil,controles nuevos en ninos de 2 anos a < de 5 a,2005-05-01,3,3,5,8
MIZQUE,nutricion y desarrollo infantil,controles nuevos en ninos de 2 anos a < de 5 a,2005-05-01,4,4,6,10
MOCOMOCO,nutricion y desarrollo infantil,controles nuevos en ninos de 2 anos a < de 5 a,2005-05-01,7,7,9,16
MOJOCOYA,nutricion y desarrollo infantil,controles nuevos en ninos de 2 anos a < de 5 a,2005-05-01,0,0,1,1
MONTEAGUDO,nutricion y desarrollo infantil,controles nuevos en ninos de 2 anos a < de 5 a,2005-05-01,66,66,79,145
MONTERO,nutricion y desarrollo infantil,controles nuevos en ninos de 2 anos a < de 5 a,2005-05-01,18,18,25,43
MORO MORO,nutricion y desarrollo infantil,controles nuevos en ninos de 2 anos a < de 5 a,2005-05-01,6,6,2,8
MOROCHATA,nutricion y desarrollo infantil,controles nuevos en ninos de 2 anos a < de 5 a,2005-05-01,102,102,110,212
NUEVO MANOA (NUEVA ESPERANZA),nutricion y desarrollo infantil,controles nuevos en ninos de 2 anos a < de 5 a,2005-05-01,1,1,1,2
OCURI,nutricion y desarrollo infantil,controles nuevos en ninos de 2 anos a < de 5 a,2005-05-01,9,9,5,14
OKINAWA,nutricion y desarrollo infantil,controles nuevos en ninos de 2 anos a < de 5 a,2005-05-01,3,3,3,6
ORURO,nutricion y desarrollo infantil,controles nuevos en ninos de 2 anos a < de 5 a,2005-05-01,171,171,303,474
PADCAYA,nutricion y desarrollo infantil,controles nuevos en ninos de 2 anos a < de 5 a,2005-05-01,12,12,20,32
PAILON,nutricion y desarrollo infantil,controles nuevos en ninos de 2 anos a < de 5 a,2005-05-01,2,2,3,5
PALCA,nutricion y desarrollo infantil,controles nuevos en ninos de 2 anos a < de 5 a,2005-05-01,28,28,25,53
PALOS BLANCOS,nutricion y desarrollo infantil,controles nuevos en ninos de 2 anos a < de 5 a,2005-05-01,21,21,24,45
PAMPA AULLAGAS,nutricion y desarrollo infantil,controles nuevos en ninos de 2 anos a < de 5 a,2005-05-01,0,0,1,1
PAPEL PAMPA,nutricion y desarrollo infantil,controles nuevos en ninos de 2 anos a < de 5 a,2005-05-01,4,4,5,9
PATACAMAYA,nutricion y desarrollo infantil,controles nuevos en ninos de 2 anos a < de 5 a,2005-05-01,12,12,10,22
PAZÑA,nutricion y desarrollo infantil,controles nuevos en ninos de 2 anos a < de 5 a,2005-05-01,7,7,2,9
PELECHUCO,nutricion y desarrollo infantil,controles nuevos en ninos de 2 anos a < de 5 a,2005-05-01,3,3,4,7
POCOATA,nutricion y desarrollo infantil,controles nuevos en ninos de 2 anos a < de 5 a,2005-05-01,10,10,8,18
POCONA,nutricion y desarrollo infantil,controles nuevos en ninos de 2 anos a < de 5 a,2005-05-01,22,22,17,39
POJO (CBBA),nutricion y desarrollo infantil,controles nuevos en ninos de 2 anos a < de 5 a,2005-05-01,28,28,29,57
PORCO,nutricion y desarrollo infantil,controles nuevos en ninos de 2 anos a < de 5 a,2005-05-01,0,0,1,1
POROMA,nutricion y desarrollo infantil,controles nuevos en ninos de 2 anos a < de 5 a,2005-05-01,34,34,33,67
PORONGO,nutricion y desarrollo infantil,controles nuevos en ninos de 2 anos a < de 5 a,2005-05-01,3,3,4,7
PORTACHUELO,nutricion y desarrollo infantil,controles nuevos en ninos de 2 anos a < de 5 a,2005-05-01,15,15,11,26
PORVENIR,nutricion y desarrollo infantil,controles nuevos en ninos de 2 anos a < de 5 a,2005-05-01,1,1,0,1
POTOSI,nutricion y desarrollo infantil,controles nuevos en ninos de 2 anos a < de 5 a,2005-05-01,77,77,57,134
PUCARA,nutricion y desarrollo infantil,controles nuevos en ninos de 2 anos a < de 5 a,2005-05-01,0,0,1,1
PUCARANI,nutricion y desarrollo infantil,controles nuevos en ninos de 2 anos a < de 5 a,2005-05-01,21,21,25,46
PUERTO ACOSTA,nutricion y desarrollo infantil,controles nuevos en ninos de 2 anos a < de 5 a,2005-05-01,4,4,11,15
PUERTO CARABUCO,nutricion y desarrollo infantil,controles nuevos en ninos de 2 anos a < de 5 a,2005-05-01,2,2,6,8
PUERTO GONZALO MORENO,nutricion y desarrollo infantil,controles nuevos en ninos de 2 anos a < de 5 a,2005-05-01,0,0,2,2
PUERTO PEREZ,nutricion y desarrollo infantil,controles nuevos en ninos de 2 anos a < de 5 a,2005-05-01,4,4,5,9
PUERTO QUIJARRO,nutricion y desarrollo infantil,controles nuevos en ninos de 2 anos a < de 5 a,2005-05-01,2,2,4,6
PUERTO RICO,nutricion y desarrollo infantil,controles nuevos en ninos de 2 anos a < de 5 a,2005-05-01,5,5,2,7
PUERTO SILES,nutricion y desarrollo infantil,controles nuevos en ninos de 2 anos a < de 5 a,2005-05-01,1,1,1,2
PUERTO VILLARROEL,nutricion y desarrollo infantil,controles nuevos en ninos de 2 anos a < de 5 a,2005-05-01,86,86,91,177
PUNA,nutricion y desarrollo infantil,controles nuevos en ninos de 2 anos a < de 5 a,2005-05-01,24,24,27,51
PUNATA,nutricion y desarrollo infantil,controles nuevos en ninos de 2 anos a < de 5 a,2005-05-01,22,22,24,46
QUILLACOLLO,nutricion y desarrollo infantil,controles nuevos en ninos de 2 anos a < de 5 a,2005-05-01,311,311,300,611
QUIME,nutricion y desarrollo infantil,controles nuevos en ninos de 2 anos a < de 5 a,2005-05-01,9,9,5,14
RIBERALTA,nutricion y desarrollo infantil,controles nuevos en ninos de 2 anos a < de 5 a,2005-05-01,36,36,36,72
ROBORE,nutricion y desarrollo infantil,controles nuevos en ninos de 2 anos a < de 5 a,2005-05-01,1,1,2,3
RURRENABAQUE,nutricion y desarrollo infantil,controles nuevos en ninos de 2 anos a < de 5 a,2005-05-01,12,12,5,17
SABAYA,nutricion y desarrollo infantil,controles nuevos en ninos de 2 anos a < de 5 a,2005-05-01,3,3,7,10
SACABA,nutricion y desarrollo infantil,controles nuevos en ninos de 2 anos a < de 5 a,2005-05-01,130,130,129,259
SACABAMBA,nutricion y desarrollo infantil,controles nuevos en ninos de 2 anos a < de 5 a,2005-05-01,3,3,1,4
SACACA,nutricion y desarrollo infantil,controles nuevos en ninos de 2 anos a < de 5 a,2005-05-01,17,17,4,21
SAIPINA,nutricion y desarrollo infantil,controles nuevos en ninos de 2 anos a < de 5 a,2005-05-01,7,7,3,10
SALINAS DE GARCI MENDOZA,nutricion y desarrollo infantil,controles nuevos en ninos de 2 anos a < de 5 a,2005-05-01,0,0,2,2
SAMAIPATA,nutricion y desarrollo infantil,controles nuevos en ninos de 2 anos a < de 5 a,2005-05-01,1,1,0,1
SAN ANDRES,nutricion y desarrollo infantil,controles nuevos en ninos de 2 anos a < de 5 a,2005-05-01,21,21,33,54
SAN ANDRES DE MACHACA,nutricion y desarrollo infantil,controles nuevos en ninos de 2 anos a < de 5 a,2005-05-01,0,0,5,5
SAN BENITO,nutricion y desarrollo infantil,controles nuevos en ninos de 2 anos a < de 5 a,2005-05-01,27,27,38,65
SAN BORJA,nutricion y desarrollo infantil,controles nuevos en ninos de 2 anos a < de 5 a,2005-05-01,11,11,4,15
SAN BUENA VENTURA,nutricion y desarrollo infantil,controles nuevos en ninos de 2 anos a < de 5 a,2005-05-01,3,3,5,8
SAN CARLOS,nutricion y desarrollo infantil,controles nuevos en ninos de 2 anos a < de 5 a,2005-05-01,1,1,2,3
SAN IGNACIO,nutricion y desarrollo infantil,controles nuevos en ninos de 2 anos a < de 5 a,2005-05-01,25,25,24,49
SAN IGNACIO DE VELASCO,nutricion y desarrollo infantil,controles nuevos en ninos de 2 anos a < de 5 a,2005-05-01,20,20,22,42
SAN JAVIER(BNI),nutricion y desarrollo infantil,controles nuevos en ninos de 2 anos a < de 5 a,2005-05-01,1,1,2,3
SAN JAVIER(STC),nutricion y desarrollo infantil,controles nuevos en ninos de 2 anos a < de 5 a,2005-05-01,2,2,0,2
SAN JOAQUIN,nutricion y desarrollo infantil,controles nuevos en ninos de 2 anos a < de 5 a,2005-05-01,1,1,2,3
SAN JOSE DE CHIQUITOS,nutricion y desarrollo infantil,controles nuevos en ninos de 2 anos a < de 5 a,2005-05-01,7,7,2,9
SAN JUAN DE YAPACANI,nutricion y desarrollo infantil,controles nuevos en ninos de 2 anos a < de 5 a,2005-05-01,1,1,0,1
SAN JULIAN,nutricion y desarrollo infantil,controles nuevos en ninos de 2 anos a < de 5 a,2005-05-01,165,165,164,329
SAN LORENZO(TJA),nutricion y desarrollo infantil,controles nuevos en ninos de 2 anos a < de 5 a,2005-05-01,10,10,8,18
SAN LUCAS,nutricion y desarrollo infantil,controles nuevos en ninos de 2 anos a < de 5 a,2005-05-01,18,18,26,44
SAN MATIAS,nutricion y desarrollo infantil,controles nuevos en ninos de 2 anos a < de 5 a,2005-05-01,17,17,10,27
SAN MIGUEL DE VELASCO,nutricion y desarrollo infantil,controles nuevos en ninos de 2 anos a < de 5 a,2005-05-01,4,4,3,7
SAN PABLO DE LIPEZ,nutricion y desarrollo infantil,controles nuevos en ninos de 2 anos a < de 5 a,2005-05-01,0,0,2,2
SAN PEDRO,nutricion y desarrollo infantil,controles nuevos en ninos de 2 anos a < de 5 a,2005-05-01,1,1,1,2
SAN PEDRO DE BUENA VISTA,nutricion y desarrollo infantil,controles nuevos en ninos de 2 anos a < de 5 a,2005-05-01,11,11,15,26
SAN PEDRO DE CURAHUARA,nutricion y desarrollo infantil,controles nuevos en ninos de 2 anos a < de 5 a,2005-05-01,12,12,9,21
SAN PEDRO DE TIQUINA,nutricion y desarrollo infantil,controles nuevos en ninos de 2 anos a < de 5 a,2005-05-01,10,10,0,10
SAN RAFAEL,nutricion y desarrollo infantil,controles nuevos en ninos de 2 anos a < de 5 a,2005-05-01,2,2,0,2
SAN RAMON,nutricion y desarrollo infantil,controles nuevos en ninos de 2 anos a < de 5 a,2005-05-01,3,3,1,4
SANTA ANA,nutricion y desarrollo infantil,controles nuevos en ninos de 2 anos a < de 5 a,2005-05-01,1,1,0,1
SANTA CRUZ DE LA SIERRA,nutricion y desarrollo infantil,controles nuevos en ninos de 2 anos a < de 5 a,2005-05-01,845,845,800,1645
SANTA ROSA,nutricion y desarrollo infantil,controles nuevos en ninos de 2 anos a < de 5 a,2005-05-01,43,43,55,98
SANTA ROSA DEL SARA,nutricion y desarrollo infantil,controles nuevos en ninos de 2 anos a < de 5 a,2005-05-01,54,54,59,113
SANTIAGO DE CALLAPA,nutricion y desarrollo infantil,controles nuevos en ninos de 2 anos a < de 5 a,2005-05-01,0,0,1,1
SANTIAGO DE HUARI,nutricion y desarrollo infantil,controles nuevos en ninos de 2 anos a < de 5 a,2005-05-01,5,5,0,5
SANTIAGO DE MACHACA,nutricion y desarrollo infantil,controles nuevos en ninos de 2 anos a < de 5 a,2005-05-01,0,0,1,1
SANTUARIO DE QUILLACAS,nutricion y desarrollo infantil,controles nuevos en ninos de 2 anos a < de 5 a,2005-05-01,0,0,2,2
SAPAHAQUI,nutricion y desarrollo infantil,controles nuevos en ninos de 2 anos a < de 5 a,2005-05-01,0,0,3,3
SENA,nutricion y desarrollo infantil,controles nuevos en ninos de 2 anos a < de 5 a,2005-05-01,1,1,0,1
SICA SICA (VILLA AROMA),nutricion y desarrollo infantil,controles nuevos en ninos de 2 anos a < de 5 a,2005-05-01,8,8,8,16
SIPE SIPE,nutricion y desarrollo infantil,controles nuevos en ninos de 2 anos a < de 5 a,2005-05-01,124,124,138,262
SORATA,nutricion y desarrollo infantil,controles nuevos en ninos de 2 anos a < de 5 a,2005-05-01,22,22,20,42
SUCRE,nutricion y desarrollo infantil,controles nuevos en ninos de 2 anos a < de 5 a,2005-05-01,492,492,438,930
TACACHI,nutricion y desarrollo infantil,controles nuevos en ninos de 2 anos a < de 5 a,2005-05-01,0,0,4,4
TACACOMA,nutricion y desarrollo infantil,controles nuevos en ninos de 2 anos a < de 5 a,2005-05-01,3,3,1,4
TACOBAMBA,nutricion y desarrollo infantil,controles nuevos en ninos de 2 anos a < de 5 a,2005-05-01,3,3,2,5
TAPACARI,nutricion y desarrollo infantil,controles nuevos en ninos de 2 anos a < de 5 a,2005-05-01,5,5,10,15
TARABUCO,nutricion y desarrollo infantil,controles nuevos en ninos de 2 anos a < de 5 a,2005-05-01,14,14,16,30
TARACO,nutricion y desarrollo infantil,controles nuevos en ninos de 2 anos a < de 5 a,2005-05-01,1,1,9,10
TARATA,nutricion y desarrollo infantil,controles nuevos en ninos de 2 anos a < de 5 a,2005-05-01,3,3,4,7
TARIJA,nutricion y desarrollo infantil,controles nuevos en ninos de 2 anos a < de 5 a,2005-05-01,221,221,196,417
TARVITA,nutricion y desarrollo infantil,controles nuevos en ninos de 2 anos a < de 5 a,2005-05-01,4,4,3,7
TIAWANACU,nutricion y desarrollo infantil,controles nuevos en ninos de 2 anos a < de 5 a,2005-05-01,4,4,2,6
TIPUANI,nutricion y desarrollo infantil,controles nuevos en ninos de 2 anos a < de 5 a,2005-05-01,2,2,0,2
TIQUIPAYA,nutricion y desarrollo infantil,controles nuevos en ninos de 2 anos a < de 5 a,2005-05-01,137,137,103,240
TIRAQUE (CBBA),nutricion y desarrollo infantil,controles nuevos en ninos de 2 anos a < de 5 a,2005-05-01,164,164,180,344
TITO YUPANQUI (PARQUIPUJIO),nutricion y desarrollo infantil,controles nuevos en ninos de 2 anos a < de 5 a,2005-05-01,2,2,2,4
TOCO,nutricion y desarrollo infantil,controles nuevos en ninos de 2 anos a < de 5 a,2005-05-01,3,3,7,10
TOLATA,nutricion y desarrollo infantil,controles nuevos en ninos de 2 anos a < de 5 a,2005-05-01,2,2,4,6
TOLEDO,nutricion y desarrollo infantil,controles nuevos en ninos de 2 anos a < de 5 a,2005-05-01,6,6,9,15
TORO TORO,nutricion y desarrollo infantil,controles nuevos en ninos de 2 anos a < de 5 a,2005-05-01,3,3,1,4
TOTORA(CBBA),nutricion y desarrollo infantil,controles nuevos en ninos de 2 anos a < de 5 a,2005-05-01,1,1,1,2
TOTORA(ORR),nutricion y desarrollo infantil,controles nuevos en ninos de 2 anos a < de 5 a,2005-05-01,2,2,2,4
TRIGAL,nutricion y desarrollo infantil,controles nuevos en ninos de 2 anos a < de 5 a,2005-05-01,2,2,3,5
TRINIDAD,nutricion y desarrollo infantil,controles nuevos en ninos de 2 anos a < de 5 a,2005-05-01,208,208,225,433
TUPIZA,nutricion y desarrollo infantil,controles nuevos en ninos de 2 anos a < de 5 a,2005-05-01,3,3,1,4
UMALA,nutricion y desarrollo infantil,controles nuevos en ninos de 2 anos a < de 5 a,2005-05-01,2,2,9,11
UNCIA,nutricion y desarrollo infantil,controles nuevos en ninos de 2 anos a < de 5 a,2005-05-01,41,41,41,82
URIONDO (A. CONCEPCION),nutricion y desarrollo infantil,controles nuevos en ninos de 2 anos a < de 5 a,2005-05-01,9,9,9,18
VACAS,nutricion y desarrollo infantil,controles nuevos en ninos de 2 anos a < de 5 a,2005-05-01,15,15,5,20
VALLEGRANDE,nutricion y desarrollo infantil,controles nuevos en ninos de 2 anos a < de 5 a,2005-05-01,74,74,77,151
VIACHA,nutricion y desarrollo infantil,controles nuevos en ninos de 2 anos a < de 5 a,2005-05-01,22,22,23,45
VILA VILA,nutricion y desarrollo infantil,controles nuevos en ninos de 2 anos a < de 5 a,2005-05-01,3,3,2,5
VILLA MONTES,nutricion y desarrollo infantil,controles nuevos en ninos de 2 anos a < de 5 a,2005-05-01,46,46,40,86
VILLA NUEVA (LOMA ALTA),nutricion y desarrollo infantil,controles nuevos en ninos de 2 anos a < de 5 a,2005-05-01,2,2,2,4
VILLA RIVERO,nutricion y desarrollo infantil,controles nuevos en ninos de 2 anos a < de 5 a,2005-05-01,2,2,0,2
VILLA TUNARI,nutricion y desarrollo infantil,controles nuevos en ninos de 2 anos a < de 5 a,2005-05-01,257,257,233,490
VILLA VACA GUZMAN (MUYUPAMPA),nutricion y desarrollo infantil,controles nuevos en ninos de 2 anos a < de 5 a,2005-05-01,28,28,24,52
VILLAZON,nutricion y desarrollo infantil,controles nuevos en ninos de 2 anos a < de 5 a,2005-05-01,5,5,2,7
VINTO,nutricion y desarrollo infantil,controles nuevos en ninos de 2 anos a < de 5 a,2005-05-01,46,46,37,83
WARNES,nutricion y desarrollo infantil,controles nuevos en ninos de 2 anos a < de 5 a,2005-05-01,50,50,64,114
YACO,nutricion y desarrollo infantil,controles nuevos en ninos de 2 anos a < de 5 a,2005-05-01,4,4,3,7
YACUIBA,nutricion y desarrollo infantil,controles nuevos en ninos de 2 anos a < de 5 a,2005-05-01,197,197,176,373
YAMPARAEZ,nutricion y desarrollo infantil,controles nuevos en ninos de 2 anos a < de 5 a,2005-05-01,1,1,0,1
YANACACHI,nutricion y desarrollo infantil,controles nuevos en ninos de 2 anos a < de 5 a,2005-05-01,11,11,6,17
YAPACANI,nutricion y desarrollo infantil,controles nuevos en ninos de 2 anos a < de 5 a,2005-05-01,1,1,0,1
YOCALLA,nutricion y desarrollo infantil,controles nuevos en ninos de 2 anos a < de 5 a,2005-05-01,2,2,0,2
YOTALA,nutricion y desarrollo infantil,controles nuevos en ninos de 2 anos a < de 5 a,2005-05-01,1,1,2,3
ZUDAÑEZ,nutricion y desarrollo infantil,controles nuevos en ninos de 2 anos a < de 5 a,2005-05-01,3,3,5,8
ACHACACHI,nutricion y desarrollo infantil,controles nuevos en ninos de 2 anos a < de 5 a,2005-06-01,58,58,63,121
ACHOCALLA,nutricion y desarrollo infantil,controles nuevos en ninos de 2 anos a < de 5 a,2005-06-01,0,0,4,4
AIQUILE,nutricion y desarrollo infantil,controles nuevos en ninos de 2 anos a < de 5 a,2005-06-01,31,31,24,55
ANCORAIMES,nutricion y desarrollo infantil,controles nuevos en ninos de 2 anos a < de 5 a,2005-06-01,2,2,2,4
ANDAMARCA,nutricion y desarrollo infantil,controles nuevos en ninos de 2 anos a < de 5 a,2005-06-01,1,1,2,3
ANTEQUERA,nutricion y desarrollo infantil,controles nuevos en ninos de 2 anos a < de 5 a,2005-06-01,1,1,2,3
ANZALDO,nutricion y desarrollo infantil,controles nuevos en ninos de 2 anos a < de 5 a,2005-06-01,9,9,14,23
APOLO,nutricion y desarrollo infantil,controles nuevos en ninos de 2 anos a < de 5 a,2005-06-01,3,3,1,4
ARAMPAMPA,nutricion y desarrollo infantil,controles nuevos en ninos de 2 anos a < de 5 a,2005-06-01,3,3,4,7
ARANI,nutricion y desarrollo infantil,controles nuevos en ninos de 2 anos a < de 5 a,2005-06-01,12,12,9,21
ARBIETO,nutricion y desarrollo infantil,controles nuevos en ninos de 2 anos a < de 5 a,2005-06-01,3,3,10,13
ARQUE,nutricion y desarrollo infantil,controles nuevos en ninos de 2 anos a < de 5 a,2005-06-01,1,1,0,1
ASCENCION DE GUARAYOS,nutricion y desarrollo infantil,controles nuevos en ninos de 2 anos a < de 5 a,2005-06-01,7,7,4,11
ATOCHA,nutricion y desarrollo infantil,controles nuevos en ninos de 2 anos a < de 5 a,2005-06-01,6,6,0,6
AUCAPATA,nutricion y desarrollo infantil,controles nuevos en ninos de 2 anos a < de 5 a,2005-06-01,1,1,0,1
AYATA,nutricion y desarrollo infantil,controles nuevos en ninos de 2 anos a < de 5 a,2005-06-01,7,7,0,7
AYO AYO,nutricion y desarrollo infantil,controles nuevos en ninos de 2 anos a < de 5 a,2005-06-01,2,2,3,5
AYOPAYA (V. DE INDEPENDENCIA),nutricion y desarrollo infantil,controles nuevos en ninos de 2 anos a < de 5 a,2005-06-01,6,6,7,13
AZURDUY,nutricion y desarrollo infantil,controles nuevos en ninos de 2 anos a < de 5 a,2005-06-01,9,9,9,18
BATALLAS,nutricion y desarrollo infantil,controles nuevos en ninos de 2 anos a < de 5 a,2005-06-01,3,3,16,19
BAURES,nutricion y desarrollo infantil,controles nuevos en ninos de 2 anos a < de 5 a,2005-06-01,4,4,0,4
BERMEJO,nutricion y desarrollo infantil,controles nuevos en ninos de 2 anos a < de 5 a,2005-06-01,68,68,68,136
BETANZOS,nutricion y desarrollo infantil,controles nuevos en ninos de 2 anos a < de 5 a,2005-06-01,32,32,30,62
BOYUIBE,nutricion y desarrollo infantil,controles nuevos en ninos de 2 anos a < de 5 a,2005-06-01,7,7,5,12
CABEZAS,nutricion y desarrollo infantil,controles nuevos en ninos de 2 anos a < de 5 a,2005-06-01,23,23,12,35
CAIROMA,nutricion y desarrollo infantil,controles nuevos en ninos de 2 anos a < de 5 a,2005-06-01,0,0,20,20
"CAIZA ""D""",nutricion y desarrollo infantil,controles nuevos en ninos de 2 anos a < de 5 a,2005-06-01,6,6,3,9
CAJUATA,nutricion y desarrollo infantil,controles nuevos en ninos de 2 anos a < de 5 a,2005-06-01,10,10,8,18
CALAMARCA,nutricion y desarrollo infantil,controles nuevos en ninos de 2 anos a < de 5 a,2005-06-01,2,2,0,2
CAMATAQUI (C. VILLA ABECIA),nutricion y desarrollo infantil,controles nuevos en ninos de 2 anos a < de 5 a,2005-06-01,1,1,2,3
CAMIRI,nutricion y desarrollo infantil,controles nuevos en ninos de 2 anos a < de 5 a,2005-06-01,46,46,38,84
CAPINOTA,nutricion y desarrollo infantil,controles nuevos en ninos de 2 anos a < de 5 a,2005-06-01,2,2,0,2
CARACOLLO,nutricion y desarrollo infantil,controles nuevos en ninos de 2 anos a < de 5 a,2005-06-01,0,0,1,1
CARANAVI,nutricion y desarrollo infantil,controles nuevos en ninos de 2 anos a < de 5 a,2005-06-01,53,53,58,111
CARAPARI,nutricion y desarrollo infantil,controles nuevos en ninos de 2 anos a < de 5 a,2005-06-01,23,23,13,36
CARMEN RIVERO TORREZ,nutricion y desarrollo infantil,controles nuevos en ninos de 2 anos a < de 5 a,2005-06-01,4,4,1,5
CHACARILLA,nutricion y desarrollo infantil,controles nuevos en ninos de 2 anos a < de 5 a,2005-06-01,5,5,0,5
CHALLAPATA,nutricion y desarrollo infantil,controles nuevos en ninos de 2 anos a < de 5 a,2005-06-01,5,5,5,10
CHAQUI,nutricion y desarrollo infantil,controles nuevos en ninos de 2 anos a < de 5 a,2005-06-01,1,1,0,1
CHARAGUA,nutricion y desarrollo infantil,controles nuevos en ninos de 2 anos a < de 5 a,2005-06-01,1,1,0,1
CHARAÑA,nutricion y desarrollo infantil,controles nuevos en ninos de 2 anos a < de 5 a,2005-06-01,0,0,10,10
CHAYANTA,nutricion y desarrollo infantil,controles nuevos en ninos de 2 anos a < de 5 a,2005-06-01,1,1,3,4
CHIMORE,nutricion y desarrollo infantil,controles nuevos en ninos de 2 anos a < de 5 a,2005-06-01,83,83,52,135
CHULUMANI (V. DE LA LIBERTAD),nutricion y desarrollo infantil,controles nuevos en ninos de 2 anos a < de 5 a,2005-06-01,8,8,8,16
CHUMA,nutricion y desarrollo infantil,controles nuevos en ninos de 2 anos a < de 5 a,2005-06-01,3,3,3,6
CLIZA,nutricion y desarrollo infantil,controles nuevos en ninos de 2 anos a < de 5 a,2005-06-01,30,30,25,55
COBIJA,nutricion y desarrollo infantil,controles nuevos en ninos de 2 anos a < de 5 a,2005-06-01,23,23,28,51
COCHABAMBA,nutricion y desarrollo infantil,controles nuevos en ninos de 2 anos a < de 5 a,2005-06-01,700,700,631,1331
COLCAPIRHUA,nutricion y desarrollo infantil,controles nuevos en ninos de 2 anos a < de 5 a,2005-06-01,257,257,297,554
COLOMI,nutricion y desarrollo infantil,controles nuevos en ninos de 2 anos a < de 5 a,2005-06-01,50,50,39,89
COLPA BELGICA,nutricion y desarrollo infantil,controles nuevos en ninos de 2 anos a < de 5 a,2005-06-01,11,11,8,19
COLQUECHACA,nutricion y desarrollo infantil,controles nuevos en ninos de 2 anos a < de 5 a,2005-06-01,21,21,25,46
COLQUIRI,nutricion y desarrollo infantil,controles nuevos en ninos de 2 anos a < de 5 a,2005-06-01,3,3,6,9
COMANCHE,nutricion y desarrollo infantil,controles nuevos en ninos de 2 anos a < de 5 a,2005-06-01,0,0,1,1
COMARAPA,nutricion y desarrollo infantil,controles nuevos en ninos de 2 anos a < de 5 a,2005-06-01,0,0,1,1
CONCEPCION,nutricion y desarrollo infantil,controles nuevos en ninos de 2 anos a < de 5 a,2005-06-01,1,1,0,1
COPACABANA,nutricion y desarrollo infantil,controles nuevos en ninos de 2 anos a < de 5 a,2005-06-01,7,7,4,11
CORIPATA,nutricion y desarrollo infantil,controles nuevos en ninos de 2 anos a < de 5 a,2005-06-01,18,18,19,37
CORO CORO,nutricion y desarrollo infantil,controles nuevos en ninos de 2 anos a < de 5 a,2005-06-01,3,3,0,3
COROICO,nutricion y desarrollo infantil,controles nuevos en ninos de 2 anos a < de 5 a,2005-06-01,26,26,19,45
CORQUE,nutricion y desarrollo infantil,controles nuevos en ninos de 2 anos a < de 5 a,2005-06-01,1,1,2,3
COTAGAITA,nutricion y desarrollo infantil,controles nuevos en ninos de 2 anos a < de 5 a,2005-06-01,1,1,5,6
COTOCA,nutricion y desarrollo infantil,controles nuevos en ninos de 2 anos a < de 5 a,2005-06-01,1,1,2,3
CUATRO CAÑADAS,nutricion y desarrollo infantil,controles nuevos en ninos de 2 anos a < de 5 a,2005-06-01,36,36,30,66
CULPINA,nutricion y desarrollo infantil,controles nuevos en ninos de 2 anos a < de 5 a,2005-06-01,15,15,20,35
CURAHUARA DE CARANGAS,nutricion y desarrollo infantil,controles nuevos en ninos de 2 anos a < de 5 a,2005-06-01,2,2,0,2
CURVA,nutricion y desarrollo infantil,controles nuevos en ninos de 2 anos a < de 5 a,2005-06-01,3,3,1,4
DESAGUADERO,nutricion y desarrollo infantil,controles nuevos en ninos de 2 anos a < de 5 a,2005-06-01,1,1,1,2
EL ALTO,nutricion y desarrollo infantil,controles nuevos en ninos de 2 anos a < de 5 a,2005-06-01,1394,1394,1415,2809
EL CHORO,nutricion y desarrollo infantil,controles nuevos en ninos de 2 anos a < de 5 a,2005-06-01,1,1,0,1
EL PUENTE(STC),nutricion y desarrollo infantil,controles nuevos en ninos de 2 anos a < de 5 a,2005-06-01,6,6,2,8
EL PUENTE(TJA),nutricion y desarrollo infantil,controles nuevos en ninos de 2 anos a < de 5 a,2005-06-01,0,0,1,1
EL TORNO,nutricion y desarrollo infantil,controles nuevos en ninos de 2 anos a < de 5 a,2005-06-01,93,93,92,185
EL VILLAR,nutricion y desarrollo infantil,controles nuevos en ninos de 2 anos a < de 5 a,2005-06-01,0,0,1,1
ENTRE RIOS,nutricion y desarrollo infantil,controles nuevos en ninos de 2 anos a < de 5 a,2005-06-01,28,28,36,64
ENTRE RIOS,nutricion y desarrollo infantil,controles nuevos en ninos de 2 anos a < de 5 a,2005-06-01,10,10,11,21
EUCALIPTUS,nutricion y desarrollo infantil,controles nuevos en ninos de 2 anos a < de 5 a,2005-06-01,5,5,1,6
EUREKA (SANTOS MERCADO),nutricion y desarrollo infantil,controles nuevos en ninos de 2 anos a < de 5 a,2005-06-01,1,1,0,1
EXALTACION,nutricion y desarrollo infantil,controles nuevos en ninos de 2 anos a < de 5 a,2005-06-01,0,0,2,2
FERNANDEZ ALONSO,nutricion y desarrollo infantil,controles nuevos en ninos de 2 anos a < de 5 a,2005-06-01,8,8,6,14
FILADELFIA,nutricion y desarrollo infantil,controles nuevos en ninos de 2 anos a < de 5 a,2005-06-01,1,1,2,3
GENERAL SAAVEDRA,nutricion y desarrollo infantil,controles nuevos en ninos de 2 anos a < de 5 a,2005-06-01,16,16,24,40
GRAL. J.J. PEREZ (CHARAZANI),nutricion y desarrollo infantil,controles nuevos en ninos de 2 anos a < de 5 a,2005-06-01,20,20,7,27
GUAQUI,nutricion y desarrollo infantil,controles nuevos en ninos de 2 anos a < de 5 a,2005-06-01,8,8,13,21
GUAYARAMERIN,nutricion y desarrollo infantil,controles nuevos en ninos de 2 anos a < de 5 a,2005-06-01,7,7,8,15
HUACARETA,nutricion y desarrollo infantil,controles nuevos en ninos de 2 anos a < de 5 a,2005-06-01,22,22,33,55
HUACAYA (VILLA DE HUACAYA),nutricion y desarrollo infantil,controles nuevos en ninos de 2 anos a < de 5 a,2005-06-01,2,2,5,7
HUACHACALLA,nutricion y desarrollo infantil,controles nuevos en ninos de 2 anos a < de 5 a,2005-06-01,2,2,1,3
HUANUNI,nutricion y desarrollo infantil,controles nuevos en ninos de 2 anos a < de 5 a,2005-06-01,7,7,12,19
HUAYLLAMARCA,nutricion y desarrollo infantil,controles nuevos en ninos de 2 anos a < de 5 a,2005-06-01,4,4,11,15
ICHOCA,nutricion y desarrollo infantil,controles nuevos en ninos de 2 anos a < de 5 a,2005-06-01,2,2,3,5
ICLA,nutricion y desarrollo infantil,controles nuevos en ninos de 2 anos a < de 5 a,2005-06-01,1,1,0,1
INCAHUASI,nutricion y desarrollo infantil,controles nuevos en ninos de 2 anos a < de 5 a,2005-06-01,11,11,5,16
INGAVI (HUMAITA),nutricion y desarrollo infantil,controles nuevos en ninos de 2 anos a < de 5 a,2005-06-01,1,1,1,2
INQUISIVI,nutricion y desarrollo infantil,controles nuevos en ninos de 2 anos a < de 5 a,2005-06-01,27,27,30,57
IRUPANA (VILLA DE LANZA),nutricion y desarrollo infantil,controles nuevos en ninos de 2 anos a < de 5 a,2005-06-01,8,8,7,15
IXIAMAS,nutricion y desarrollo infantil,controles nuevos en ninos de 2 anos a < de 5 a,2005-06-01,8,8,11,19
JESUS DE MACHACA,nutricion y desarrollo infantil,controles nuevos en ninos de 2 anos a < de 5 a,2005-06-01,0,0,1,1
LA ASUNTA,nutricion y desarrollo infantil,controles nuevos en ninos de 2 anos a < de 5 a,2005-06-01,3,3,0,3
LA GUARDIA,nutricion y desarrollo infantil,controles nuevos en ninos de 2 anos a < de 5 a,2005-06-01,46,46,46,92
LA PAZ,nutricion y desarrollo infantil,controles nuevos en ninos de 2 anos a < de 5 a,2005-06-01,531,531,491,1022
LAGUNILLAS,nutricion y desarrollo infantil,controles nuevos en ninos de 2 anos a < de 5 a,2005-06-01,0,0,1,1
LAJA,nutricion y desarrollo infantil,controles nuevos en ninos de 2 anos a < de 5 a,2005-06-01,0,0,1,1
LAS CARRERAS,nutricion y desarrollo infantil,controles nuevos en ninos de 2 anos a < de 5 a,2005-06-01,6,6,3,9
LICOMA PAMPA,nutricion y desarrollo infantil,controles nuevos en ninos de 2 anos a < de 5 a,2005-06-01,5,5,1,6
LLALLAGUA,nutricion y desarrollo infantil,controles nuevos en ninos de 2 anos a < de 5 a,2005-06-01,8,8,6,14
LLICA,nutricion y desarrollo infantil,controles nuevos en ninos de 2 anos a < de 5 a,2005-06-01,9,9,3,12
LORETO,nutricion y desarrollo infantil,controles nuevos en ninos de 2 anos a < de 5 a,2005-06-01,6,6,6,12
LURIBAY,nutricion y desarrollo infantil,controles nuevos en ninos de 2 anos a < de 5 a,2005-06-01,16,16,17,33
MACHARETI,nutricion y desarrollo infantil,controles nuevos en ninos de 2 anos a < de 5 a,2005-06-01,5,5,1,6
MAIRANA,nutricion y desarrollo infantil,controles nuevos en ninos de 2 anos a < de 5 a,2005-06-01,1,1,1,2
MAPIRI,nutricion y desarrollo infantil,controles nuevos en ninos de 2 anos a < de 5 a,2005-06-01,10,10,10,20
MECAPACA,nutricion y desarrollo infantil,controles nuevos en ninos de 2 anos a < de 5 a,2005-06-01,9,9,4,13
MINEROS,nutricion y desarrollo infantil,controles nuevos en ninos de 2 anos a < de 5 a,2005-06-01,4,4,3,7
MIZQUE,nutricion y desarrollo infantil,controles nuevos en ninos de 2 anos a < de 5 a,2005-06-01,31,31,24,55
MOCOMOCO,nutricion y desarrollo infantil,controles nuevos en ninos de 2 anos a < de 5 a,2005-06-01,3,3,5,8
MONTEAGUDO,nutricion y desarrollo infantil,controles nuevos en ninos de 2 anos a < de 5 a,2005-06-01,42,42,24,66
MONTERO,nutricion y desarrollo infantil,controles nuevos en ninos de 2 anos a < de 5 a,2005-06-01,179,179,215,394
MORO MORO,nutricion y desarrollo infantil,controles nuevos en ninos de 2 anos a < de 5 a,2005-06-01,0,0,1,1
MOROCHATA,nutricion y desarrollo infantil,controles nuevos en ninos de 2 anos a < de 5 a,2005-06-01,57,57,74,131
NACEBE (SANTA ROSA DEL ABUNA),nutricion y desarrollo infantil,controles nuevos en ninos de 2 anos a < de 5 a,2005-06-01,20,20,15,35
NUEVO MANOA (NUEVA ESPERANZA),nutricion y desarrollo infantil,controles nuevos en ninos de 2 anos a < de 5 a,2005-06-01,3,3,0,3
OCURI,nutricion y desarrollo infantil,controles nuevos en ninos de 2 anos a < de 5 a,2005-06-01,0,0,1,1
OKINAWA,nutricion y desarrollo infantil,controles nuevos en ninos de 2 anos a < de 5 a,2005-06-01,56,56,46,102
OMEREQUE,nutricion y desarrollo infantil,controles nuevos en ninos de 2 anos a < de 5 a,2005-06-01,0,0,1,1
ORURO,nutricion y desarrollo infantil,controles nuevos en ninos de 2 anos a < de 5 a,2005-06-01,264,264,294,558
PADCAYA,nutricion y desarrollo infantil,controles nuevos en ninos de 2 anos a < de 5 a,2005-06-01,8,8,7,15
PAILON,nutricion y desarrollo infantil,controles nuevos en ninos de 2 anos a < de 5 a,2005-06-01,4,4,0,4
PALCA,nutricion y desarrollo infantil,controles nuevos en ninos de 2 anos a < de 5 a,2005-06-01,4,4,2,6
PALOS BLANCOS,nutricion y desarrollo infantil,controles nuevos en ninos de 2 anos a < de 5 a,2005-06-01,10,10,12,22
PAMPA GRANDE,nutricion y desarrollo infantil,controles nuevos en ninos de 2 anos a < de 5 a,2005-06-01,0,0,1,1
PATACAMAYA,nutricion y desarrollo infantil,controles nuevos en ninos de 2 anos a < de 5 a,2005-06-01,4,4,2,6
PAZÑA,nutricion y desarrollo infantil,controles nuevos en ninos de 2 anos a < de 5 a,2005-06-01,1,1,0,1
PELECHUCO,nutricion y desarrollo infantil,controles nuevos en ninos de 2 anos a < de 5 a,2005-06-01,11,11,14,25
POCOATA,nutricion y desarrollo infantil,controles nuevos en ninos de 2 anos a < de 5 a,2005-06-01,5,5,1,6
POCONA,nutricion y desarrollo infantil,controles nuevos en ninos de 2 anos a < de 5 a,2005-06-01,28,28,30,58
POJO (CBBA),nutricion y desarrollo infantil,controles nuevos en ninos de 2 anos a < de 5 a,2005-06-01,8,8,13,21
POROMA,nutricion y desarrollo infantil,controles nuevos en ninos de 2 anos a < de 5 a,2005-06-01,37,37,31,68
PORTACHUELO,nutricion y desarrollo infantil,controles nuevos en ninos de 2 anos a < de 5 a,2005-06-01,45,45,47,92
POSTRER VALLE,nutricion y desarrollo infantil,controles nuevos en ninos de 2 anos a < de 5 a,2005-06-01,13,13,19,32
POTOSI,nutricion y desarrollo infantil,controles nuevos en ninos de 2 anos a < de 5 a,2005-06-01,193,193,164,357
PRESTO,nutricion y desarrollo infantil,controles nuevos en ninos de 2 anos a < de 5 a,2005-06-01,1,1,0,1
PUCARA,nutricion y desarrollo infantil,controles nuevos en ninos de 2 anos a < de 5 a,2005-06-01,7,7,5,12
PUCARANI,nutricion y desarrollo infantil,controles nuevos en ninos de 2 anos a < de 5 a,2005-06-01,17,17,10,27
PUERTO ACOSTA,nutricion y desarrollo infantil,controles nuevos en ninos de 2 anos a < de 5 a,2005-06-01,3,3,3,6
PUERTO CARABUCO,nutricion y desarrollo infantil,controles nuevos en ninos de 2 anos a < de 5 a,2005-06-01,6,6,7,13
PUERTO GONZALO MORENO,nutricion y desarrollo infantil,controles nuevos en ninos de 2 anos a < de 5 a,2005-06-01,0,0,2,2
PUERTO PEREZ,nutricion y desarrollo infantil,controles nuevos en ninos de 2 anos a < de 5 a,2005-06-01,5,5,9,14
PUERTO QUIJARRO,nutricion y desarrollo infantil,controles nuevos en ninos de 2 anos a < de 5 a,2005-06-01,3,3,6,9
PUERTO RICO,nutricion y desarrollo infantil,controles nuevos en ninos de 2 anos a < de 5 a,2005-06-01,22,22,13,35
PUERTO VILLARROEL,nutricion y desarrollo infantil,controles nuevos en ninos de 2 anos a < de 5 a,2005-06-01,37,37,33,70
PUNA,nutricion y desarrollo infantil,controles nuevos en ninos de 2 anos a < de 5 a,2005-06-01,16,16,19,35
PUNATA,nutricion y desarrollo infantil,controles nuevos en ninos de 2 anos a < de 5 a,2005-06-01,31,31,24,55
QUILLACOLLO,nutricion y desarrollo infantil,controles nuevos en ninos de 2 anos a < de 5 a,2005-06-01,173,173,156,329
QUIME,nutricion y desarrollo infantil,controles nuevos en ninos de 2 anos a < de 5 a,2005-06-01,7,7,5,12
RAVELO,nutricion y desarrollo infantil,controles nuevos en ninos de 2 anos a < de 5 a,2005-06-01,5,5,3,8
REYES,nutricion y desarrollo infantil,controles nuevos en ninos de 2 anos a < de 5 a,2005-06-01,1,1,0,1
RIBERALTA,nutricion y desarrollo infantil,controles nuevos en ninos de 2 anos a < de 5 a,2005-06-01,172,172,163,335
ROBORE,nutricion y desarrollo infantil,controles nuevos en ninos de 2 anos a < de 5 a,2005-06-01,2,2,4,6
RURRENABAQUE,nutricion y desarrollo infantil,controles nuevos en ninos de 2 anos a < de 5 a,2005-06-01,3,3,6,9
SABAYA,nutricion y desarrollo infantil,controles nuevos en ninos de 2 anos a < de 5 a,2005-06-01,4,4,4,8
SACABA,nutricion y desarrollo infantil,controles nuevos en ninos de 2 anos a < de 5 a,2005-06-01,99,99,76,175
SACABAMBA,nutricion y desarrollo infantil,controles nuevos en ninos de 2 anos a < de 5 a,2005-06-01,3,3,3,6
SACACA,nutricion y desarrollo infantil,controles nuevos en ninos de 2 anos a < de 5 a,2005-06-01,27,27,11,38
SAIPINA,nutricion y desarrollo infantil,controles nuevos en ninos de 2 anos a < de 5 a,2005-06-01,0,0,1,1
SAMAIPATA,nutricion y desarrollo infantil,controles nuevos en ninos de 2 anos a < de 5 a,2005-06-01,0,0,1,1
SAN ANDRES,nutricion y desarrollo infantil,controles nuevos en ninos de 2 anos a < de 5 a,2005-06-01,26,26,20,46
SAN ANTONIO DE LOMERIO,nutricion y desarrollo infantil,controles nuevos en ninos de 2 anos a < de 5 a,2005-06-01,1,1,0,1
SAN BENITO,nutricion y desarrollo infantil,controles nuevos en ninos de 2 anos a < de 5 a,2005-06-01,11,11,11,22
SAN BORJA,nutricion y desarrollo infantil,controles nuevos en ninos de 2 anos a < de 5 a,2005-06-01,9,9,10,19
SAN BUENA VENTURA,nutricion y desarrollo infantil,controles nuevos en ninos de 2 anos a < de 5 a,2005-06-01,16,16,20,36
SAN CARLOS,nutricion y desarrollo infantil,controles nuevos en ninos de 2 anos a < de 5 a,2005-06-01,0,0,2,2
SAN IGNACIO,nutricion y desarrollo infantil,controles nuevos en ninos de 2 anos a < de 5 a,2005-06-01,19,19,11,30
SAN IGNACIO DE VELASCO,nutricion y desarrollo infantil,controles nuevos en ninos de 2 anos a < de 5 a,2005-06-01,16,16,18,34
SAN JAVIER(BNI),nutricion y desarrollo infantil,controles nuevos en ninos de 2 anos a < de 5 a,2005-06-01,4,4,4,8
SAN JAVIER(STC),nutricion y desarrollo infantil,controles nuevos en ninos de 2 anos a < de 5 a,2005-06-01,0,0,2,2
SAN JOAQUIN,nutricion y desarrollo infantil,controles nuevos en ninos de 2 anos a < de 5 a,2005-06-01,1,1,2,3
SAN JOSE DE CHIQUITOS,nutricion y desarrollo infantil,controles nuevos en ninos de 2 anos a < de 5 a,2005-06-01,9,9,3,12
SAN JUAN DE YAPACANI,nutricion y desarrollo infantil,controles nuevos en ninos de 2 anos a < de 5 a,2005-06-01,1,1,3,4
SAN JULIAN,nutricion y desarrollo infantil,controles nuevos en ninos de 2 anos a < de 5 a,2005-06-01,36,36,46,82
SAN LORENZO(PND),nutricion y desarrollo infantil,controles nuevos en ninos de 2 anos a < de 5 a,2005-06-01,7,7,5,12
SAN LORENZO(TJA),nutricion y desarrollo infantil,controles nuevos en ninos de 2 anos a < de 5 a,2005-06-01,29,29,16,45
SAN LUCAS,nutricion y desarrollo infantil,controles nuevos en ninos de 2 anos a < de 5 a,2005-06-01,29,29,32,61
SAN MATIAS,nutricion y desarrollo infantil,controles nuevos en ninos de 2 anos a < de 5 a,2005-06-01,32,32,20,52
SAN MIGUEL DE VELASCO,nutricion y desarrollo infantil,controles nuevos en ninos de 2 anos a < de 5 a,2005-06-01,6,6,2,8
SAN PABLO DE LIPEZ,nutricion y desarrollo infantil,controles nuevos en ninos de 2 anos a < de 5 a,2005-06-01,6,6,0,6
SAN PEDRO,nutricion y desarrollo infantil,controles nuevos en ninos de 2 anos a < de 5 a,2005-06-01,4,4,3,7
SAN PEDRO DE BUENA VISTA,nutricion y desarrollo infantil,controles nuevos en ninos de 2 anos a < de 5 a,2005-06-01,8,8,3,11
SAN PEDRO DE CURAHUARA,nutricion y desarrollo infantil,controles nuevos en ninos de 2 anos a < de 5 a,2005-06-01,25,25,30,55
SAN PEDRO DE TIQUINA,nutricion y desarrollo infantil,controles nuevos en ninos de 2 anos a < de 5 a,2005-06-01,7,7,3,10
SAN PEDRO(PND),nutricion y desarrollo infantil,controles nuevos en ninos de 2 anos a < de 5 a,2005-06-01,2,2,1,3
SAN RAMON,nutricion y desarrollo infantil,controles nuevos en ninos de 2 anos a < de 5 a,2005-06-01,3,3,4,7
SANTA ANA,nutricion y desarrollo infantil,controles nuevos en ninos de 2 anos a < de 5 a,2005-06-01,5,5,2,7
SANTA CRUZ DE LA SIERRA,nutricion y desarrollo infantil,controles nuevos en ninos de 2 anos a < de 5 a,2005-06-01,940,940,811,1751
SANTA ROSA,nutricion y desarrollo infantil,controles nuevos en ninos de 2 anos a < de 5 a,2005-06-01,3,3,0,3
SANTA ROSA DEL SARA,nutricion y desarrollo infantil,controles nuevos en ninos de 2 anos a < de 5 a,2005-06-01,19,19,21,40
SANTIAGO DE HUARI,nutricion y desarrollo infantil,controles nuevos en ninos de 2 anos a < de 5 a,2005-06-01,5,5,6,11
SANTIAGO DE MACHACA,nutricion y desarrollo infantil,controles nuevos en ninos de 2 anos a < de 5 a,2005-06-01,0,0,1,1
SANTIVAÑES,nutricion y desarrollo infantil,controles nuevos en ninos de 2 anos a < de 5 a,2005-06-01,3,3,4,7
SANTUARIO DE QUILLACAS,nutricion y desarrollo infantil,controles nuevos en ninos de 2 anos a < de 5 a,2005-06-01,1,1,0,1
SAPAHAQUI,nutricion y desarrollo infantil,controles nuevos en ninos de 2 anos a < de 5 a,2005-06-01,5,5,7,12
SICA SICA (VILLA AROMA),nutricion y desarrollo infantil,controles nuevos en ninos de 2 anos a < de 5 a,2005-06-01,21,21,14,35
SIPE SIPE,nutricion y desarrollo infantil,controles nuevos en ninos de 2 anos a < de 5 a,2005-06-01,186,186,177,363
SOPACHUY,nutricion y desarrollo infantil,controles nuevos en ninos de 2 anos a < de 5 a,2005-06-01,0,0,1,1
SORACACHI,nutricion y desarrollo infantil,controles nuevos en ninos de 2 anos a < de 5 a,2005-06-01,21,21,13,34
SORATA,nutricion y desarrollo infantil,controles nuevos en ninos de 2 anos a < de 5 a,2005-06-01,22,22,12,34
SUCRE,nutricion y desarrollo infantil,controles nuevos en ninos de 2 anos a < de 5 a,2005-06-01,465,465,462,927
TACACHI,nutricion y desarrollo infantil,controles nuevos en ninos de 2 anos a < de 5 a,2005-06-01,2,2,2,4
TACACOMA,nutricion y desarrollo infantil,controles nuevos en ninos de 2 anos a < de 5 a,2005-06-01,2,2,2,4
TAPACARI,nutricion y desarrollo infantil,controles nuevos en ninos de 2 anos a < de 5 a,2005-06-01,11,11,12,23
TARABUCO,nutricion y desarrollo infantil,controles nuevos en ninos de 2 anos a < de 5 a,2005-06-01,7,7,8,15
TARACO,nutricion y desarrollo infantil,controles nuevos en ninos de 2 anos a < de 5 a,2005-06-01,2,2,4,6
TARATA,nutricion y desarrollo infantil,controles nuevos en ninos de 2 anos a < de 5 a,2005-06-01,1,1,2,3
TARIJA,nutricion y desarrollo infantil,controles nuevos en ninos de 2 anos a < de 5 a,2005-06-01,402,402,402,804
TARVITA,nutricion y desarrollo infantil,controles nuevos en ninos de 2 anos a < de 5 a,2005-06-01,3,3,0,3
TEOPONTE,nutricion y desarrollo infantil,controles nuevos en ninos de 2 anos a < de 5 a,2005-06-01,1,1,0,1
TIAWANACU,nutricion y desarrollo infantil,controles nuevos en ninos de 2 anos a < de 5 a,2005-06-01,1,1,1,2
TINGUIPAYA,nutricion y desarrollo infantil,controles nuevos en ninos de 2 anos a < de 5 a,2005-06-01,1,1,1,2
TIQUIPAYA,nutricion y desarrollo infantil,controles nuevos en ninos de 2 anos a < de 5 a,2005-06-01,65,65,77,142
TIRAQUE (CBBA),nutricion y desarrollo infantil,controles nuevos en ninos de 2 anos a < de 5 a,2005-06-01,123,123,129,252
TITO YUPANQUI (PARQUIPUJIO),nutricion y desarrollo infantil,controles nuevos en ninos de 2 anos a < de 5 a,2005-06-01,2,2,0,2
TOCO,nutricion y desarrollo infantil,controles nuevos en ninos de 2 anos a < de 5 a,2005-06-01,1,1,1,2
TOLATA,nutricion y desarrollo infantil,controles nuevos en ninos de 2 anos a < de 5 a,2005-06-01,2,2,1,3
TOMINA,nutricion y desarrollo infantil,controles nuevos en ninos de 2 anos a < de 5 a,2005-06-01,2,2,0,2
TORO TORO,nutricion y desarrollo infantil,controles nuevos en ninos de 2 anos a < de 5 a,2005-06-01,25,25,29,54
TOTORA(CBBA),nutricion y desarrollo infantil,controles nuevos en ninos de 2 anos a < de 5 a,2005-06-01,9,9,6,15
TOTORA(ORR),nutricion y desarrollo infantil,controles nuevos en ninos de 2 anos a < de 5 a,2005-06-01,1,1,1,2
TRIGAL,nutricion y desarrollo infantil,controles nuevos en ninos de 2 anos a < de 5 a,2005-06-01,2,2,0,2
TRINIDAD,nutricion y desarrollo infantil,controles nuevos en ninos de 2 anos a < de 5 a,2005-06-01,274,274,238,512
TUPIZA,nutricion y desarrollo infantil,controles nuevos en ninos de 2 anos a < de 5 a,2005-06-01,2,2,0,2
TURCO,nutricion y desarrollo infantil,controles nuevos en ninos de 2 anos a < de 5 a,2005-06-01,2,2,0,2
UMALA,nutricion y desarrollo infantil,controles nuevos en ninos de 2 anos a < de 5 a,2005-06-01,3,3,6,9
UNCIA,nutricion y desarrollo infantil,controles nuevos en ninos de 2 anos a < de 5 a,2005-06-01,7,7,10,17
URIONDO (A. CONCEPCION),nutricion y desarrollo infantil,controles nuevos en ninos de 2 anos a < de 5 a,2005-06-01,56,56,51,107
URUBICHA,nutricion y desarrollo infantil,controles nuevos en ninos de 2 anos a < de 5 a,2005-06-01,3,3,0,3
VACAS,nutricion y desarrollo infantil,controles nuevos en ninos de 2 anos a < de 5 a,2005-06-01,17,17,15,32
VALLEGRANDE,nutricion y desarrollo infantil,controles nuevos en ninos de 2 anos a < de 5 a,2005-06-01,8,8,13,21
VIACHA,nutricion y desarrollo infantil,controles nuevos en ninos de 2 anos a < de 5 a,2005-06-01,20,20,20,40
VILA VILA,nutricion y desarrollo infantil,controles nuevos en ninos de 2 anos a < de 5 a,2005-06-01,1,1,2,3
VILLA MONTES,nutricion y desarrollo infantil,controles nuevos en ninos de 2 anos a < de 5 a,2005-06-01,50,50,50,100
VILLA RIVERO,nutricion y desarrollo infantil,controles nuevos en ninos de 2 anos a < de 5 a,2005-06-01,1,1,0,1
VILLA TUNARI,nutricion y desarrollo infantil,controles nuevos en ninos de 2 anos a < de 5 a,2005-06-01,186,186,231,417
VILLA VACA GUZMAN (MUYUPAMPA),nutricion y desarrollo infantil,controles nuevos en ninos de 2 anos a < de 5 a,2005-06-01,3,3,3,6
VILLAZON,nutricion y desarrollo infantil,controles nuevos en ninos de 2 anos a < de 5 a,2005-06-01,6,6,5,11
VINTO,nutricion y desarrollo infantil,controles nuevos en ninos de 2 anos a < de 5 a,2005-06-01,9,9,9,18
VITICHI,nutricion y desarrollo infantil,controles nuevos en ninos de 2 anos a < de 5 a,2005-06-01,0,0,1,1
WARNES,nutricion y desarrollo infantil,controles nuevos en ninos de 2 anos a < de 5 a,2005-06-01,76,76,86,162
YACUIBA,nutricion y desarrollo infantil,controles nuevos en ninos de 2 anos a < de 5 a,2005-06-01,21,21,19,40
YAMPARAEZ,nutricion y desarrollo infantil,controles nuevos en ninos de 2 anos a < de 5 a,2005-06-01,1,1,3,4
YAPACANI,nutricion y desarrollo infantil,controles nuevos en ninos de 2 anos a < de 5 a,2005-06-01,2,2,0,2
YOTALA,nutricion y desarrollo infantil,controles nuevos en ninos de 2 anos a < de 5 a,2005-06-01,18,18,26,44
ZUDAÑEZ,nutricion y desarrollo infantil,controles nuevos en ninos de 2 anos a < de 5 a,2005-06-01,20,20,24,44
ACHACACHI,nutricion y desarrollo infantil,controles nuevos en ninos de 2 anos a < de 5 a,2005-07-01,47,47,42,89
ACHOCALLA,nutricion y desarrollo infantil,controles nuevos en ninos de 2 anos a < de 5 a,2005-07-01,0,0,1,1
AIQUILE,nutricion y desarrollo infantil,controles nuevos en ninos de 2 anos a < de 5 a,2005-07-01,42,42,32,74
ANCORAIMES,nutricion y desarrollo infantil,controles nuevos en ninos de 2 anos a < de 5 a,2005-07-01,3,3,4,7
ANTEQUERA,nutricion y desarrollo infantil,controles nuevos en ninos de 2 anos a < de 5 a,2005-07-01,0,0,1,1
ANZALDO,nutricion y desarrollo infantil,controles nuevos en ninos de 2 anos a < de 5 a,2005-07-01,15,15,25,40
APOLO,nutricion y desarrollo infantil,controles nuevos en ninos de 2 anos a < de 5 a,2005-07-01,16,16,3,19
ARAMPAMPA,nutricion y desarrollo infantil,controles nuevos en ninos de 2 anos a < de 5 a,2005-07-01,0,0,3,3
ARANI,nutricion y desarrollo infantil,controles nuevos en ninos de 2 anos a < de 5 a,2005-07-01,12,12,17,29
ARBIETO,nutricion y desarrollo infantil,controles nuevos en ninos de 2 anos a < de 5 a,2005-07-01,1,1,1,2
ASCENCION DE GUARAYOS,nutricion y desarrollo infantil,controles nuevos en ninos de 2 anos a < de 5 a,2005-07-01,1,1,1,2
ATOCHA,nutricion y desarrollo infantil,controles nuevos en ninos de 2 anos a < de 5 a,2005-07-01,2,2,1,3
AUCAPATA,nutricion y desarrollo infantil,controles nuevos en ninos de 2 anos a < de 5 a,2005-07-01,3,3,3,6
AYATA,nutricion y desarrollo infantil,controles nuevos en ninos de 2 anos a < de 5 a,2005-07-01,8,8,11,19
AYO AYO,nutricion y desarrollo infantil,controles nuevos en ninos de 2 anos a < de 5 a,2005-07-01,4,4,3,7
AYOPAYA (V. DE INDEPENDENCIA),nutricion y desarrollo infantil,controles nuevos en ninos de 2 anos a < de 5 a,2005-07-01,9,9,10,19
AZURDUY,nutricion y desarrollo infantil,controles nuevos en ninos de 2 anos a < de 5 a,2005-07-01,7,7,2,9
BATALLAS,nutricion y desarrollo infantil,controles nuevos en ninos de 2 anos a < de 5 a,2005-07-01,2,2,3,5
BAURES,nutricion y desarrollo infantil,controles nuevos en ninos de 2 anos a < de 5 a,2005-07-01,4,4,2,6
BELEN DE ANDAMARCA,nutricion y desarrollo infantil,controles nuevos en ninos de 2 anos a < de 5 a,2005-07-01,1,1,1,2
BELEN DE URMIRI,nutricion y desarrollo infantil,controles nuevos en ninos de 2 anos a < de 5 a,2005-07-01,1,1,0,1
BERMEJO,nutricion y desarrollo infantil,controles nuevos en ninos de 2 anos a < de 5 a,2005-07-01,24,24,18,42
BETANZOS,nutricion y desarrollo infantil,controles nuevos en ninos de 2 anos a < de 5 a,2005-07-01,15,15,25,40
BOYUIBE,nutricion y desarrollo infantil,controles nuevos en ninos de 2 anos a < de 5 a,2005-07-01,4,4,8,12
BUENA VISTA,nutricion y desarrollo infantil,controles nuevos en ninos de 2 anos a < de 5 a,2005-07-01,2,2,1,3
CABEZAS,nutricion y desarrollo infantil,controles nuevos en ninos de 2 anos a < de 5 a,2005-07-01,3,3,5,8
"CAIZA ""D""",nutricion y desarrollo infantil,controles nuevos en ninos de 2 anos a < de 5 a,2005-07-01,0,0,3,3
CAJUATA,nutricion y desarrollo infantil,controles nuevos en ninos de 2 anos a < de 5 a,2005-07-01,17,17,19,36
CALACOTO,nutricion y desarrollo infantil,controles nuevos en ninos de 2 anos a < de 5 a,2005-07-01,8,8,2,10
CALAMARCA,nutricion y desarrollo infantil,controles nuevos en ninos de 2 anos a < de 5 a,2005-07-01,0,0,1,1
CAMARGO,nutricion y desarrollo infantil,controles nuevos en ninos de 2 anos a < de 5 a,2005-07-01,0,0,2,2
CAMATAQUI (C. VILLA ABECIA),nutricion y desarrollo infantil,controles nuevos en ninos de 2 anos a < de 5 a,2005-07-01,1,1,0,1
CAMIRI,nutricion y desarrollo infantil,controles nuevos en ninos de 2 anos a < de 5 a,2005-07-01,56,56,59,115
CAPINOTA,nutricion y desarrollo infantil,controles nuevos en ninos de 2 anos a < de 5 a,2005-07-01,4,4,1,5
CAQUIAVIRI,nutricion y desarrollo infantil,controles nuevos en ninos de 2 anos a < de 5 a,2005-07-01,1,1,1,2
CARACOLLO,nutricion y desarrollo infantil,controles nuevos en ninos de 2 anos a < de 5 a,2005-07-01,9,9,4,13
CARANAVI,nutricion y desarrollo infantil,controles nuevos en ninos de 2 anos a < de 5 a,2005-07-01,22,22,26,48
CARAPARI,nutricion y desarrollo infantil,controles nuevos en ninos de 2 anos a < de 5 a,2005-07-01,1,1,0,1
CARIPUYO,nutricion y desarrollo infantil,controles nuevos en ninos de 2 anos a < de 5 a,2005-07-01,2,2,1,3
CARMEN RIVERO TORREZ,nutricion y desarrollo infantil,controles nuevos en ninos de 2 anos a < de 5 a,2005-07-01,8,8,9,17
CHACARILLA,nutricion y desarrollo infantil,controles nuevos en ninos de 2 anos a < de 5 a,2005-07-01,2,2,2,4
CHALLAPATA,nutricion y desarrollo infantil,controles nuevos en ninos de 2 anos a < de 5 a,2005-07-01,5,5,8,13
CHAQUI,nutricion y desarrollo infantil,controles nuevos en ninos de 2 anos a < de 5 a,2005-07-01,0,0,1,1
CHARAGUA,nutricion y desarrollo infantil,controles nuevos en ninos de 2 anos a < de 5 a,2005-07-01,1,1,2,3
CHARAÑA,nutricion y desarrollo infantil,controles nuevos en ninos de 2 anos a < de 5 a,2005-07-01,3,3,4,7
CHAYANTA,nutricion y desarrollo infantil,controles nuevos en ninos de 2 anos a < de 5 a,2005-07-01,1,1,2,3
CHIMORE,nutricion y desarrollo infantil,controles nuevos en ninos de 2 anos a < de 5 a,2005-07-01,63,63,56,119
CHIPAYA,nutricion y desarrollo infantil,controles nuevos en ninos de 2 anos a < de 5 a,2005-07-01,4,4,4,8
CHULUMANI (V. DE LA LIBERTAD),nutricion y desarrollo infantil,controles nuevos en ninos de 2 anos a < de 5 a,2005-07-01,5,5,7,12
CHUMA,nutricion y desarrollo infantil,controles nuevos en ninos de 2 anos a < de 5 a,2005-07-01,4,4,5,9
CLIZA,nutricion y desarrollo infantil,controles nuevos en ninos de 2 anos a < de 5 a,2005-07-01,14,14,22,36
COBIJA,nutricion y desarrollo infantil,controles nuevos en ninos de 2 anos a < de 5 a,2005-07-01,340,340,32,372
COCHABAMBA,nutricion y desarrollo infantil,controles nuevos en ninos de 2 anos a < de 5 a,2005-07-01,690,690,653,1343
COLCAPIRHUA,nutricion y desarrollo infantil,controles nuevos en ninos de 2 anos a < de 5 a,2005-07-01,217,217,215,432
"COLCHA ""K""",nutricion y desarrollo infantil,controles nuevos en ninos de 2 anos a < de 5 a,2005-07-01,2,2,3,5
COLOMI,nutricion y desarrollo infantil,controles nuevos en ninos de 2 anos a < de 5 a,2005-07-01,39,39,44,83
COLPA BELGICA,nutricion y desarrollo infantil,controles nuevos en ninos de 2 anos a < de 5 a,2005-07-01,38,38,31,69
COLQUECHACA,nutricion y desarrollo infantil,controles nuevos en ninos de 2 anos a < de 5 a,2005-07-01,0,0,1,1
COLQUIRI,nutricion y desarrollo infantil,controles nuevos en ninos de 2 anos a < de 5 a,2005-07-01,13,13,5,18
COMANCHE,nutricion y desarrollo infantil,controles nuevos en ninos de 2 anos a < de 5 a,2005-07-01,1,1,1,2
COMARAPA,nutricion y desarrollo infantil,controles nuevos en ninos de 2 anos a < de 5 a,2005-07-01,2,2,3,5
CONCEPCION,nutricion y desarrollo infantil,controles nuevos en ninos de 2 anos a < de 5 a,2005-07-01,1,1,1,2
COPACABANA,nutricion y desarrollo infantil,controles nuevos en ninos de 2 anos a < de 5 a,2005-07-01,6,6,3,9
CORIPATA,nutricion y desarrollo infantil,controles nuevos en ninos de 2 anos a < de 5 a,2005-07-01,15,15,18,33
CORO CORO,nutricion y desarrollo infantil,controles nuevos en ninos de 2 anos a < de 5 a,2005-07-01,1,1,2,3
COROICO,nutricion y desarrollo infantil,controles nuevos en ninos de 2 anos a < de 5 a,2005-07-01,8,8,19,27
CORQUE,nutricion y desarrollo infantil,controles nuevos en ninos de 2 anos a < de 5 a,2005-07-01,3,3,1,4
COTAGAITA,nutricion y desarrollo infantil,controles nuevos en ninos de 2 anos a < de 5 a,2005-07-01,25,25,19,44
COTOCA,nutricion y desarrollo infantil,controles nuevos en ninos de 2 anos a < de 5 a,2005-07-01,3,3,1,4
CUATRO CAÑADAS,nutricion y desarrollo infantil,controles nuevos en ninos de 2 anos a < de 5 a,2005-07-01,45,45,37,82
CULPINA,nutricion y desarrollo infantil,controles nuevos en ninos de 2 anos a < de 5 a,2005-07-01,4,4,1,5
CURAHUARA DE CARANGAS,nutricion y desarrollo infantil,controles nuevos en ninos de 2 anos a < de 5 a,2005-07-01,1,1,1,2
CURVA,nutricion y desarrollo infantil,controles nuevos en ninos de 2 anos a < de 5 a,2005-07-01,11,11,4,15
DESAGUADERO,nutricion y desarrollo infantil,controles nuevos en ninos de 2 anos a < de 5 a,2005-07-01,3,3,3,6
EL ALTO,nutricion y desarrollo infantil,controles nuevos en ninos de 2 anos a < de 5 a,2005-07-01,1675,1675,1611,3286
EL PUENTE(STC),nutricion y desarrollo infantil,controles nuevos en ninos de 2 anos a < de 5 a,2005-07-01,4,4,2,6
EL PUENTE(TJA),nutricion y desarrollo infantil,controles nuevos en ninos de 2 anos a < de 5 a,2005-07-01,3,3,2,5
EL TORNO,nutricion y desarrollo infantil,controles nuevos en ninos de 2 anos a < de 5 a,2005-07-01,28,28,32,60
EL VILLAR,nutricion y desarrollo infantil,controles nuevos en ninos de 2 anos a < de 5 a,2005-07-01,0,0,1,1
ENTRE RIOS,nutricion y desarrollo infantil,controles nuevos en ninos de 2 anos a < de 5 a,2005-07-01,15,15,21,36
ENTRE RIOS,nutricion y desarrollo infantil,controles nuevos en ninos de 2 anos a < de 5 a,2005-07-01,21,21,25,46
EUCALIPTUS,nutricion y desarrollo infantil,controles nuevos en ninos de 2 anos a < de 5 a,2005-07-01,2,2,0,2
EUREKA (SANTOS MERCADO),nutricion y desarrollo infantil,controles nuevos en ninos de 2 anos a < de 5 a,2005-07-01,0,0,2,2
EXALTACION,nutricion y desarrollo infantil,controles nuevos en ninos de 2 anos a < de 5 a,2005-07-01,1,1,4,5
FERNANDEZ ALONSO,nutricion y desarrollo infantil,controles nuevos en ninos de 2 anos a < de 5 a,2005-07-01,6,6,8,14
FILADELFIA,nutricion y desarrollo infantil,controles nuevos en ninos de 2 anos a < de 5 a,2005-07-01,0,0,1,1
GENERAL SAAVEDRA,nutricion y desarrollo infantil,controles nuevos en ninos de 2 anos a < de 5 a,2005-07-01,120,120,114,234
GRAL. J.J. PEREZ (CHARAZANI),nutricion y desarrollo infantil,controles nuevos en ninos de 2 anos a < de 5 a,2005-07-01,41,41,24,65
GUANAY,nutricion y desarrollo infantil,controles nuevos en ninos de 2 anos a < de 5 a,2005-07-01,92,92,83,175
GUAQUI,nutricion y desarrollo infantil,controles nuevos en ninos de 2 anos a < de 5 a,2005-07-01,1,1,0,1
GUAYARAMERIN,nutricion y desarrollo infantil,controles nuevos en ninos de 2 anos a < de 5 a,2005-07-01,25,25,12,37
GUTIERREZ,nutricion y desarrollo infantil,controles nuevos en ninos de 2 anos a < de 5 a,2005-07-01,2,2,1,3
HUACARETA,nutricion y desarrollo infantil,controles nuevos en ninos de 2 anos a < de 5 a,2005-07-01,10,10,10,20
HUACHACALLA,nutricion y desarrollo infantil,controles nuevos en ninos de 2 anos a < de 5 a,2005-07-01,2,2,0,2
HUANUNI,nutricion y desarrollo infantil,controles nuevos en ninos de 2 anos a < de 5 a,2005-07-01,12,12,15,27
HUAYLLAMARCA,nutricion y desarrollo infantil,controles nuevos en ninos de 2 anos a < de 5 a,2005-07-01,5,5,6,11
ICHOCA,nutricion y desarrollo infantil,controles nuevos en ninos de 2 anos a < de 5 a,2005-07-01,3,3,3,6
ICLA,nutricion y desarrollo infantil,controles nuevos en ninos de 2 anos a < de 5 a,2005-07-01,3,3,0,3
INCAHUASI,nutricion y desarrollo infantil,controles nuevos en ninos de 2 anos a < de 5 a,2005-07-01,4,4,4,8
INQUISIVI,nutricion y desarrollo infantil,controles nuevos en ninos de 2 anos a < de 5 a,2005-07-01,4,4,1,5
IRUPANA (VILLA DE LANZA),nutricion y desarrollo infantil,controles nuevos en ninos de 2 anos a < de 5 a,2005-07-01,3,3,7,10
IXIAMAS,nutricion y desarrollo infantil,controles nuevos en ninos de 2 anos a < de 5 a,2005-07-01,10,10,5,15
JESUS DE MACHACA,nutricion y desarrollo infantil,controles nuevos en ninos de 2 anos a < de 5 a,2005-07-01,2,2,0,2
LA ASUNTA,nutricion y desarrollo infantil,controles nuevos en ninos de 2 anos a < de 5 a,2005-07-01,4,4,3,7
LA GUARDIA,nutricion y desarrollo infantil,controles nuevos en ninos de 2 anos a < de 5 a,2005-07-01,56,56,36,92
LA PAZ,nutricion y desarrollo infantil,controles nuevos en ninos de 2 anos a < de 5 a,2005-07-01,604,604,5455,6059
LAGUNILLAS,nutricion y desarrollo infantil,controles nuevos en ninos de 2 anos a < de 5 a,2005-07-01,0,0,1,1
LAJA,nutricion y desarrollo infantil,controles nuevos en ninos de 2 anos a < de 5 a,2005-07-01,4,4,5,9
LAS CARRERAS,nutricion y desarrollo infantil,controles nuevos en ninos de 2 anos a < de 5 a,2005-07-01,6,6,13,19
LICOMA PAMPA,nutricion y desarrollo infantil,controles nuevos en ninos de 2 anos a < de 5 a,2005-07-01,2,2,0,2
LLALLAGUA,nutricion y desarrollo infantil,controles nuevos en ninos de 2 anos a < de 5 a,2005-07-01,4,4,8,12
LORETO,nutricion y desarrollo infantil,controles nuevos en ninos de 2 anos a < de 5 a,2005-07-01,8,8,5,13
MACHARETI,nutricion y desarrollo infantil,controles nuevos en ninos de 2 anos a < de 5 a,2005-07-01,2,2,1,3
MAGDALENA,nutricion y desarrollo infantil,controles nuevos en ninos de 2 anos a < de 5 a,2005-07-01,2,2,2,4
MAPIRI,nutricion y desarrollo infantil,controles nuevos en ninos de 2 anos a < de 5 a,2005-07-01,3,3,5,8
MECAPACA,nutricion y desarrollo infantil,controles nuevos en ninos de 2 anos a < de 5 a,2005-07-01,2,2,2,4
MINEROS,nutricion y desarrollo infantil,controles nuevos en ninos de 2 anos a < de 5 a,2005-07-01,162,162,140,302
MIZQUE,nutricion y desarrollo infantil,controles nuevos en ninos de 2 anos a < de 5 a,2005-07-01,14,14,18,32
MOCOMOCO,nutricion y desarrollo infantil,controles nuevos en ninos de 2 anos a < de 5 a,2005-07-01,9,9,13,22
MOJOCOYA,nutricion y desarrollo infantil,controles nuevos en ninos de 2 anos a < de 5 a,2005-07-01,2,2,4,6
MONTEAGUDO,nutricion y desarrollo infantil,controles nuevos en ninos de 2 anos a < de 5 a,2005-07-01,11,11,19,30
MONTERO,nutricion y desarrollo infantil,controles nuevos en ninos de 2 anos a < de 5 a,2005-07-01,155,155,171,326
MORO MORO,nutricion y desarrollo infantil,controles nuevos en ninos de 2 anos a < de 5 a,2005-07-01,2,2,3,5
MOROCHATA,nutricion y desarrollo infantil,controles nuevos en ninos de 2 anos a < de 5 a,2005-07-01,45,45,59,104
NACEBE (SANTA ROSA DEL ABUNA),nutricion y desarrollo infantil,controles nuevos en ninos de 2 anos a < de 5 a,2005-07-01,1,1,1,2
NUEVO MANOA (NUEVA ESPERANZA),nutricion y desarrollo infantil,controles nuevos en ninos de 2 anos a < de 5 a,2005-07-01,1,1,3,4
OCURI,nutricion y desarrollo infantil,controles nuevos en ninos de 2 anos a < de 5 a,2005-07-01,12,12,27,39
OKINAWA,nutricion y desarrollo infantil,controles nuevos en ninos de 2 anos a < de 5 a,2005-07-01,26,26,33,59
OMEREQUE,nutricion y desarrollo infantil,controles nuevos en ninos de 2 anos a < de 5 a,2005-07-01,2,2,3,5
ORURO,nutricion y desarrollo infantil,controles nuevos en ninos de 2 anos a < de 5 a,2005-07-01,202,202,222,424
PADCAYA,nutricion y desarrollo infantil,controles nuevos en ninos de 2 anos a < de 5 a,2005-07-01,7,7,4,11
PAILON,nutricion y desarrollo infantil,controles nuevos en ninos de 2 anos a < de 5 a,2005-07-01,1,1,5,6
PALCA,nutricion y desarrollo infantil,controles nuevos en ninos de 2 anos a < de 5 a,2005-07-01,13,13,11,24
PALOS BLANCOS,nutricion y desarrollo infantil,controles nuevos en ninos de 2 anos a < de 5 a,2005-07-01,9,9,3,12
PAPEL PAMPA,nutricion y desarrollo infantil,controles nuevos en ninos de 2 anos a < de 5 a,2005-07-01,1,1,2,3
PASORAPA,nutricion y desarrollo infantil,controles nuevos en ninos de 2 anos a < de 5 a,2005-07-01,9,9,8,17
PATACAMAYA,nutricion y desarrollo infantil,controles nuevos en ninos de 2 anos a < de 5 a,2005-07-01,4,4,8,12
PAZÑA,nutricion y desarrollo infantil,controles nuevos en ninos de 2 anos a < de 5 a,2005-07-01,1,1,1,2
PELECHUCO,nutricion y desarrollo infantil,controles nuevos en ninos de 2 anos a < de 5 a,2005-07-01,3,3,4,7
POCOATA,nutricion y desarrollo infantil,controles nuevos en ninos de 2 anos a < de 5 a,2005-07-01,1,1,0,1
POCONA,nutricion y desarrollo infantil,controles nuevos en ninos de 2 anos a < de 5 a,2005-07-01,25,25,27,52
POJO (CBBA),nutricion y desarrollo infantil,controles nuevos en ninos de 2 anos a < de 5 a,2005-07-01,12,12,14,26
PORCO,nutricion y desarrollo infantil,controles nuevos en ninos de 2 anos a < de 5 a,2005-07-01,1,1,2,3
POROMA,nutricion y desarrollo infantil,controles nuevos en ninos de 2 anos a < de 5 a,2005-07-01,18,18,24,42
PORTACHUELO,nutricion y desarrollo infantil,controles nuevos en ninos de 2 anos a < de 5 a,2005-07-01,9,9,3,12
PORVENIR,nutricion y desarrollo infantil,controles nuevos en ninos de 2 anos a < de 5 a,2005-07-01,1,1,0,1
POTOSI,nutricion y desarrollo infantil,controles nuevos en ninos de 2 anos a < de 5 a,2005-07-01,303,303,296,599
PUCARANI,nutricion y desarrollo infantil,controles nuevos en ninos de 2 anos a < de 5 a,2005-07-01,52,52,42,94
PUERTO ACOSTA,nutricion y desarrollo infantil,controles nuevos en ninos de 2 anos a < de 5 a,2005-07-01,3,3,5,8
PUERTO CARABUCO,nutricion y desarrollo infantil,controles nuevos en ninos de 2 anos a < de 5 a,2005-07-01,15,15,6,21
PUERTO PEREZ,nutricion y desarrollo infantil,controles nuevos en ninos de 2 anos a < de 5 a,2005-07-01,8,8,15,23
PUERTO QUIJARRO,nutricion y desarrollo infantil,controles nuevos en ninos de 2 anos a < de 5 a,2005-07-01,1,1,4,5
PUERTO RICO,nutricion y desarrollo infantil,controles nuevos en ninos de 2 anos a < de 5 a,2005-07-01,1,1,6,7
PUERTO SILES,nutricion y desarrollo infantil,controles nuevos en ninos de 2 anos a < de 5 a,2005-07-01,1,1,3,4
PUERTO VILLARROEL,nutricion y desarrollo infantil,controles nuevos en ninos de 2 anos a < de 5 a,2005-07-01,44,44,41,85
PUNA,nutricion y desarrollo infantil,controles nuevos en ninos de 2 anos a < de 5 a,2005-07-01,14,14,10,24
PUNATA,nutricion y desarrollo infantil,controles nuevos en ninos de 2 anos a < de 5 a,2005-07-01,38,38,34,72
QUIABAYA,nutricion y desarrollo infantil,controles nuevos en ninos de 2 anos a < de 5 a,2005-07-01,1,1,0,1
QUILLACOLLO,nutricion y desarrollo infantil,controles nuevos en ninos de 2 anos a < de 5 a,2005-07-01,84,84,89,173
QUIME,nutricion y desarrollo infantil,controles nuevos en ninos de 2 anos a < de 5 a,2005-07-01,3,3,7,10
RIBERALTA,nutricion y desarrollo infantil,controles nuevos en ninos de 2 anos a < de 5 a,2005-07-01,41,41,37,78
ROBORE,nutricion y desarrollo infantil,controles nuevos en ninos de 2 anos a < de 5 a,2005-07-01,8,8,7,15
RURRENABAQUE,nutricion y desarrollo infantil,controles nuevos en ninos de 2 anos a < de 5 a,2005-07-01,11,11,9,20
SABAYA,nutricion y desarrollo infantil,controles nuevos en ninos de 2 anos a < de 5 a,2005-07-01,0,0,1,1
SACABA,nutricion y desarrollo infantil,controles nuevos en ninos de 2 anos a < de 5 a,2005-07-01,118,118,107,225
SACABAMBA,nutricion y desarrollo infantil,controles nuevos en ninos de 2 anos a < de 5 a,2005-07-01,7,7,7,14
SACACA,nutricion y desarrollo infantil,controles nuevos en ninos de 2 anos a < de 5 a,2005-07-01,8,8,8,16
SAIPINA,nutricion y desarrollo infantil,controles nuevos en ninos de 2 anos a < de 5 a,2005-07-01,1,1,1,2
SAN ANDRES,nutricion y desarrollo infantil,controles nuevos en ninos de 2 anos a < de 5 a,2005-07-01,42,42,61,103
SAN ANDRES DE MACHACA,nutricion y desarrollo infantil,controles nuevos en ninos de 2 anos a < de 5 a,2005-07-01,5,5,6,11
SAN BENITO,nutricion y desarrollo infantil,controles nuevos en ninos de 2 anos a < de 5 a,2005-07-01,7,7,10,17
SAN BORJA,nutricion y desarrollo infantil,controles nuevos en ninos de 2 anos a < de 5 a,2005-07-01,25,25,27,52
SAN BUENA VENTURA,nutricion y desarrollo infantil,controles nuevos en ninos de 2 anos a < de 5 a,2005-07-01,6,6,11,17
SAN IGNACIO,nutricion y desarrollo infantil,controles nuevos en ninos de 2 anos a < de 5 a,2005-07-01,44,44,26,70
SAN IGNACIO DE VELASCO,nutricion y desarrollo infantil,controles nuevos en ninos de 2 anos a < de 5 a,2005-07-01,138,138,130,268
SAN JAVIER(BNI),nutricion y desarrollo infantil,controles nuevos en ninos de 2 anos a < de 5 a,2005-07-01,8,8,4,12
SAN JAVIER(STC),nutricion y desarrollo infantil,controles nuevos en ninos de 2 anos a < de 5 a,2005-07-01,2,2,6,8
SAN JOSE DE CHIQUITOS,nutricion y desarrollo infantil,controles nuevos en ninos de 2 anos a < de 5 a,2005-07-01,2,2,2,4
SAN JUAN DE YAPACANI,nutricion y desarrollo infantil,controles nuevos en ninos de 2 anos a < de 5 a,2005-07-01,1,1,2,3
SAN JULIAN,nutricion y desarrollo infantil,controles nuevos en ninos de 2 anos a < de 5 a,2005-07-01,75,75,83,158
SAN LORENZO(PND),nutricion y desarrollo infantil,controles nuevos en ninos de 2 anos a < de 5 a,2005-07-01,2,2,0,2
SAN LORENZO(TJA),nutricion y desarrollo infantil,controles nuevos en ninos de 2 anos a < de 5 a,2005-07-01,22,22,11,33
SAN LUCAS,nutricion y desarrollo infantil,controles nuevos en ninos de 2 anos a < de 5 a,2005-07-01,11,11,17,28
SAN MATIAS,nutricion y desarrollo infantil,controles nuevos en ninos de 2 anos a < de 5 a,2005-07-01,11,11,9,20
SAN MIGUEL DE VELASCO,nutricion y desarrollo infantil,controles nuevos en ninos de 2 anos a < de 5 a,2005-07-01,3,3,5,8
SAN PABLO DE LIPEZ,nutricion y desarrollo infantil,controles nuevos en ninos de 2 anos a < de 5 a,2005-07-01,1,1,0,1
SAN PEDRO,nutricion y desarrollo infantil,controles nuevos en ninos de 2 anos a < de 5 a,2005-07-01,1,1,3,4
SAN PEDRO DE BUENA VISTA,nutricion y desarrollo infantil,controles nuevos en ninos de 2 anos a < de 5 a,2005-07-01,6,6,4,10
SAN PEDRO DE CURAHUARA,nutricion y desarrollo infantil,controles nuevos en ninos de 2 anos a < de 5 a,2005-07-01,0,0,2,2
SAN PEDRO DE TIQUINA,nutricion y desarrollo infantil,controles nuevos en ninos de 2 anos a < de 5 a,2005-07-01,1,1,0,1
SAN PEDRO(PND),nutricion y desarrollo infantil,controles nuevos en ninos de 2 anos a < de 5 a,2005-07-01,7,7,4,11
SAN RAFAEL,nutricion y desarrollo infantil,controles nuevos en ninos de 2 anos a < de 5 a,2005-07-01,1,1,0,1
SAN RAMON,nutricion y desarrollo infantil,controles nuevos en ninos de 2 anos a < de 5 a,2005-07-01,0,0,3,3
SANTA ANA,nutricion y desarrollo infantil,controles nuevos en ninos de 2 anos a < de 5 a,2005-07-01,3,3,3,6
SANTA CRUZ DE LA SIERRA,nutricion y desarrollo infantil,controles nuevos en ninos de 2 anos a < de 5 a,2005-07-01,1055,1055,1053,2108
SANTA ROSA,nutricion y desarrollo infantil,controles nuevos en ninos de 2 anos a < de 5 a,2005-07-01,1,1,1,2
SANTA ROSA DEL SARA,nutricion y desarrollo infantil,controles nuevos en ninos de 2 anos a < de 5 a,2005-07-01,17,17,22,39
SANTIAGO DE HUARI,nutricion y desarrollo infantil,controles nuevos en ninos de 2 anos a < de 5 a,2005-07-01,5,5,2,7
SAPAHAQUI,nutricion y desarrollo infantil,controles nuevos en ninos de 2 anos a < de 5 a,2005-07-01,1,1,0,1
SICA SICA (VILLA AROMA),nutricion y desarrollo infantil,controles nuevos en ninos de 2 anos a < de 5 a,2005-07-01,5,5,2,7
SIPE SIPE,nutricion y desarrollo infantil,controles nuevos en ninos de 2 anos a < de 5 a,2005-07-01,75,75,62,137
SORATA,nutricion y desarrollo infantil,controles nuevos en ninos de 2 anos a < de 5 a,2005-07-01,14,14,16,30
SUCRE,nutricion y desarrollo infantil,controles nuevos en ninos de 2 anos a < de 5 a,2005-07-01,217,217,224,441
TACACHI,nutricion y desarrollo infantil,controles nuevos en ninos de 2 anos a < de 5 a,2005-07-01,2,2,0,2
TACACOMA,nutricion y desarrollo infantil,controles nuevos en ninos de 2 anos a < de 5 a,2005-07-01,4,4,4,8
TACOBAMBA,nutricion y desarrollo infantil,controles nuevos en ninos de 2 anos a < de 5 a,2005-07-01,1,1,1,2
TAPACARI,nutricion y desarrollo infantil,controles nuevos en ninos de 2 anos a < de 5 a,2005-07-01,20,20,30,50
TARABUCO,nutricion y desarrollo infantil,controles nuevos en ninos de 2 anos a < de 5 a,2005-07-01,10,10,8,18
TARACO,nutricion y desarrollo infantil,controles nuevos en ninos de 2 anos a < de 5 a,2005-07-01,0,0,1,1
TARATA,nutricion y desarrollo infantil,controles nuevos en ninos de 2 anos a < de 5 a,2005-07-01,2,2,0,2
TARIJA,nutricion y desarrollo infantil,controles nuevos en ninos de 2 anos a < de 5 a,2005-07-01,307,307,287,594
TIAWANACU,nutricion y desarrollo infantil,controles nuevos en ninos de 2 anos a < de 5 a,2005-07-01,3,3,9,12
TINGUIPAYA,nutricion y desarrollo infantil,controles nuevos en ninos de 2 anos a < de 5 a,2005-07-01,1,1,0,1
TIQUIPAYA,nutricion y desarrollo infantil,controles nuevos en ninos de 2 anos a < de 5 a,2005-07-01,56,56,48,104
TIRAQUE (CBBA),nutricion y desarrollo infantil,controles nuevos en ninos de 2 anos a < de 5 a,2005-07-01,147,147,133,280
TITO YUPANQUI (PARQUIPUJIO),nutricion y desarrollo infantil,controles nuevos en ninos de 2 anos a < de 5 a,2005-07-01,0,0,1,1
TOLATA,nutricion y desarrollo infantil,controles nuevos en ninos de 2 anos a < de 5 a,2005-07-01,7,7,11,18
TOMAVE,nutricion y desarrollo infantil,controles nuevos en ninos de 2 anos a < de 5 a,2005-07-01,0,0,1,1
TOMINA,nutricion y desarrollo infantil,controles nuevos en ninos de 2 anos a < de 5 a,2005-07-01,1,1,2,3
TORO TORO,nutricion y desarrollo infantil,controles nuevos en ninos de 2 anos a < de 5 a,2005-07-01,15,15,30,45
TOTORA(CBBA),nutricion y desarrollo infantil,controles nuevos en ninos de 2 anos a < de 5 a,2005-07-01,6,6,5,11
TOTORA(ORR),nutricion y desarrollo infantil,controles nuevos en ninos de 2 anos a < de 5 a,2005-07-01,3,3,3,6
TRIGAL,nutricion y desarrollo infantil,controles nuevos en ninos de 2 anos a < de 5 a,2005-07-01,0,0,2,2
TRINIDAD,nutricion y desarrollo infantil,controles nuevos en ninos de 2 anos a < de 5 a,2005-07-01,131,131,140,271
TUPIZA,nutricion y desarrollo infantil,controles nuevos en ninos de 2 anos a < de 5 a,2005-07-01,68,68,79,147
TURCO,nutricion y desarrollo infantil,controles nuevos en ninos de 2 anos a < de 5 a,2005-07-01,1,1,0,1
UMALA,nutricion y desarrollo infantil,controles nuevos en ninos de 2 anos a < de 5 a,2005-07-01,7,7,4,11
UNCIA,nutricion y desarrollo infantil,controles nuevos en ninos de 2 anos a < de 5 a,2005-07-01,13,13,13,26
URIONDO (A. CONCEPCION),nutricion y desarrollo infantil,controles nuevos en ninos de 2 anos a < de 5 a,2005-07-01,10,10,12,22
VACAS,nutricion y desarrollo infantil,controles nuevos en ninos de 2 anos a < de 5 a,2005-07-01,9,9,9,18
VALLEGRANDE,nutricion y desarrollo infantil,controles nuevos en ninos de 2 anos a < de 5 a,2005-07-01,11,11,19,30
VIACHA,nutricion y desarrollo infantil,controles nuevos en ninos de 2 anos a < de 5 a,2005-07-01,20,20,24,44
VILA VILA,nutricion y desarrollo infantil,controles nuevos en ninos de 2 anos a < de 5 a,2005-07-01,6,6,3,9
VILLA MONTES,nutricion y desarrollo infantil,controles nuevos en ninos de 2 anos a < de 5 a,2005-07-01,9,9,7,16
VILLA NUEVA (LOMA ALTA),nutricion y desarrollo infantil,controles nuevos en ninos de 2 anos a < de 5 a,2005-07-01,1,1,0,1
VILLA RIVERO,nutricion y desarrollo infantil,controles nuevos en ninos de 2 anos a < de 5 a,2005-07-01,1,1,1,2
VILLA TUNARI,nutricion y desarrollo infantil,controles nuevos en ninos de 2 anos a < de 5 a,2005-07-01,286,286,243,529
VILLA VACA GUZMAN (MUYUPAMPA),nutricion y desarrollo infantil,controles nuevos en ninos de 2 anos a < de 5 a,2005-07-01,0,0,1,1
VILLAZON,nutricion y desarrollo infantil,controles nuevos en ninos de 2 anos a < de 5 a,2005-07-01,4,4,3,7
VINTO,nutricion y desarrollo infantil,controles nuevos en ninos de 2 anos a < de 5 a,2005-07-01,25,25,25,50
VITICHI,nutricion y desarrollo infantil,controles nuevos en ninos de 2 anos a < de 5 a,2005-07-01,45,45,48,93
WARNES,nutricion y desarrollo infantil,controles nuevos en ninos de 2 anos a < de 5 a,2005-07-01,83,83,97,180
YACO,nutricion y desarrollo infantil,controles nuevos en ninos de 2 anos a < de 5 a,2005-07-01,9,9,6,15
YACUIBA,nutricion y desarrollo infantil,controles nuevos en ninos de 2 anos a < de 5 a,2005-07-01,6,6,14,20
YAMPARAEZ,nutricion y desarrollo infantil,controles nuevos en ninos de 2 anos a < de 5 a,2005-07-01,1,1,4,5
YANACACHI,nutricion y desarrollo infantil,controles nuevos en ninos de 2 anos a < de 5 a,2005-07-01,4,4,1,5
YOCALLA,nutricion y desarrollo infantil,controles nuevos en ninos de 2 anos a < de 5 a,2005-07-01,0,0,1,1
YOTALA,nutricion y desarrollo infantil,controles nuevos en ninos de 2 anos a < de 5 a,2005-07-01,1,1,1,2
ZUDAÑEZ,nutricion y desarrollo infantil,controles nuevos en ninos de 2 anos a < de 5 a,2005-07-01,0,0,3,3
ACHACACHI,nutricion y desarrollo infantil,controles nuevos en ninos de 2 anos a < de 5 a,2005-08-01,39,39,35,74
ACHOCALLA,nutricion y desarrollo infantil,controles nuevos en ninos de 2 anos a < de 5 a,2005-08-01,0,0,1,1
AIQUILE,nutricion y desarrollo infantil,controles nuevos en ninos de 2 anos a < de 5 a,2005-08-01,28,28,20,48
ALALAY,nutricion y desarrollo infantil,controles nuevos en ninos de 2 anos a < de 5 a,2005-08-01,2,2,5,7
ANCORAIMES,nutricion y desarrollo infantil,controles nuevos en ninos de 2 anos a < de 5 a,2005-08-01,4,4,7,11
ANDAMARCA,nutricion y desarrollo infantil,controles nuevos en ninos de 2 anos a < de 5 a,2005-08-01,1,1,0,1
ANTEQUERA,nutricion y desarrollo infantil,controles nuevos en ninos de 2 anos a < de 5 a,2005-08-01,6,6,9,15
ANZALDO,nutricion y desarrollo infantil,controles nuevos en ninos de 2 anos a < de 5 a,2005-08-01,59,59,47,106
APOLO,nutricion y desarrollo infantil,controles nuevos en ninos de 2 anos a < de 5 a,2005-08-01,20,20,13,33
ARAMPAMPA,nutricion y desarrollo infantil,controles nuevos en ninos de 2 anos a < de 5 a,2005-08-01,0,0,4,4
ARANI,nutricion y desarrollo infantil,controles nuevos en ninos de 2 anos a < de 5 a,2005-08-01,12,12,14,26
ARBIETO,nutricion y desarrollo infantil,controles nuevos en ninos de 2 anos a < de 5 a,2005-08-01,13,13,16,29
ASCENCION DE GUARAYOS,nutricion y desarrollo infantil,controles nuevos en ninos de 2 anos a < de 5 a,2005-08-01,1,1,1,2
ATOCHA,nutricion y desarrollo infantil,controles nuevos en ninos de 2 anos a < de 5 a,2005-08-01,1,1,0,1
AUCAPATA,nutricion y desarrollo infantil,controles nuevos en ninos de 2 anos a < de 5 a,2005-08-01,1,1,4,5
AYATA,nutricion y desarrollo infantil,controles nuevos en ninos de 2 anos a < de 5 a,2005-08-01,14,14,14,28
AYO AYO,nutricion y desarrollo infantil,controles nuevos en ninos de 2 anos a < de 5 a,2005-08-01,1,1,1,2
AYOPAYA (V. DE INDEPENDENCIA),nutricion y desarrollo infantil,controles nuevos en ninos de 2 anos a < de 5 a,2005-08-01,21,21,37,58
AZURDUY,nutricion y desarrollo infantil,controles nuevos en ninos de 2 anos a < de 5 a,2005-08-01,3,3,5,8
BATALLAS,nutricion y desarrollo infantil,controles nuevos en ninos de 2 anos a < de 5 a,2005-08-01,2,2,3,5
BAURES,nutricion y desarrollo infantil,controles nuevos en ninos de 2 anos a < de 5 a,2005-08-01,1,1,2,3
BELEN DE ANDAMARCA,nutricion y desarrollo infantil,controles nuevos en ninos de 2 anos a < de 5 a,2005-08-01,3,3,2,5
BELLA FLOR,nutricion y desarrollo infantil,controles nuevos en ninos de 2 anos a < de 5 a,2005-08-01,0,0,1,1
BERMEJO,nutricion y desarrollo infantil,controles nuevos en ninos de 2 anos a < de 5 a,2005-08-01,25,25,24,49
BETANZOS,nutricion y desarrollo infantil,controles nuevos en ninos de 2 anos a < de 5 a,2005-08-01,2,2,3,5
BOLIVAR,nutricion y desarrollo infantil,controles nuevos en ninos de 2 anos a < de 5 a,2005-08-01,0,0,1,1
BOYUIBE,nutricion y desarrollo infantil,controles nuevos en ninos de 2 anos a < de 5 a,2005-08-01,7,7,4,11
BUENA VISTA,nutricion y desarrollo infantil,controles nuevos en ninos de 2 anos a < de 5 a,2005-08-01,82,82,56,138
CABEZAS,nutricion y desarrollo infantil,controles nuevos en ninos de 2 anos a < de 5 a,2005-08-01,54,54,32,86
"CAIZA ""D""",nutricion y desarrollo infantil,controles nuevos en ninos de 2 anos a < de 5 a,2005-08-01,6,6,6,12
CAJUATA,nutricion y desarrollo infantil,controles nuevos en ninos de 2 anos a < de 5 a,2005-08-01,10,10,13,23
CALACOTO,nutricion y desarrollo infantil,controles nuevos en ninos de 2 anos a < de 5 a,2005-08-01,12,12,10,22
CALAMARCA,nutricion y desarrollo infantil,controles nuevos en ninos de 2 anos a < de 5 a,2005-08-01,1,1,0,1
CAMARGO,nutricion y desarrollo infantil,controles nuevos en ninos de 2 anos a < de 5 a,2005-08-01,0,0,1,1
CAMATAQUI (C. VILLA ABECIA),nutricion y desarrollo infantil,controles nuevos en ninos de 2 anos a < de 5 a,2005-08-01,1,1,0,1
CAMIRI,nutricion y desarrollo infantil,controles nuevos en ninos de 2 anos a < de 5 a,2005-08-01,29,29,57,86
CAPINOTA,nutricion y desarrollo infantil,controles nuevos en ninos de 2 anos a < de 5 a,2005-08-01,2,2,4,6
CAQUIAVIRI,nutricion y desarrollo infantil,controles nuevos en ninos de 2 anos a < de 5 a,2005-08-01,24,24,15,39
CARACOLLO,nutricion y desarrollo infantil,controles nuevos en ninos de 2 anos a < de 5 a,2005-08-01,23,23,30,53
CARANAVI,nutricion y desarrollo infantil,controles nuevos en ninos de 2 anos a < de 5 a,2005-08-01,55,55,57,112
CARIPUYO,nutricion y desarrollo infantil,controles nuevos en ninos de 2 anos a < de 5 a,2005-08-01,2,2,0,2
CARMEN RIVERO TORREZ,nutricion y desarrollo infantil,controles nuevos en ninos de 2 anos a < de 5 a,2005-08-01,0,0,2,2
CHACARILLA,nutricion y desarrollo infantil,controles nuevos en ninos de 2 anos a < de 5 a,2005-08-01,0,0,1,1
CHALLAPATA,nutricion y desarrollo infantil,controles nuevos en ninos de 2 anos a < de 5 a,2005-08-01,36,36,33,69
CHAQUI,nutricion y desarrollo infantil,controles nuevos en ninos de 2 anos a < de 5 a,2005-08-01,1,1,1,2
CHARAGUA,nutricion y desarrollo infantil,controles nuevos en ninos de 2 anos a < de 5 a,2005-08-01,17,17,19,36
CHARAÑA,nutricion y desarrollo infantil,controles nuevos en ninos de 2 anos a < de 5 a,2005-08-01,0,0,2,2
CHAYANTA,nutricion y desarrollo infantil,controles nuevos en ninos de 2 anos a < de 5 a,2005-08-01,2,2,4,6
CHIMORE,nutricion y desarrollo infantil,controles nuevos en ninos de 2 anos a < de 5 a,2005-08-01,24,24,31,55
CHIPAYA,nutricion y desarrollo infantil,controles nuevos en ninos de 2 anos a < de 5 a,2005-08-01,7,7,3,10
CHULUMANI (V. DE LA LIBERTAD),nutricion y desarrollo infantil,controles nuevos en ninos de 2 anos a < de 5 a,2005-08-01,6,6,12,18
CHUMA,nutricion y desarrollo infantil,controles nuevos en ninos de 2 anos a < de 5 a,2005-08-01,4,4,4,8
CLIZA,nutricion y desarrollo infantil,controles nuevos en ninos de 2 anos a < de 5 a,2005-08-01,98,98,73,171
COBIJA,nutricion y desarrollo infantil,controles nuevos en ninos de 2 anos a < de 5 a,2005-08-01,48,48,47,95
COCHABAMBA,nutricion y desarrollo infantil,controles nuevos en ninos de 2 anos a < de 5 a,2005-08-01,777,777,840,1617
COLCAPIRHUA,nutricion y desarrollo infantil,controles nuevos en ninos de 2 anos a < de 5 a,2005-08-01,205,205,191,396
"COLCHA ""K""",nutricion y desarrollo infantil,controles nuevos en ninos de 2 anos a < de 5 a,2005-08-01,0,0,1,1
COLOMI,nutricion y desarrollo infantil,controles nuevos en ninos de 2 anos a < de 5 a,2005-08-01,46,46,74,120
COLPA BELGICA,nutricion y desarrollo infantil,controles nuevos en ninos de 2 anos a < de 5 a,2005-08-01,2,2,4,6
COLQUECHACA,nutricion y desarrollo infantil,controles nuevos en ninos de 2 anos a < de 5 a,2005-08-01,2,2,3,5
COLQUIRI,nutricion y desarrollo infantil,controles nuevos en ninos de 2 anos a < de 5 a,2005-08-01,5,5,2,7
CONCEPCION,nutricion y desarrollo infantil,controles nuevos en ninos de 2 anos a < de 5 a,2005-08-01,2,2,8,10
COPACABANA,nutricion y desarrollo infantil,controles nuevos en ninos de 2 anos a < de 5 a,2005-08-01,9,9,8,17
CORIPATA,nutricion y desarrollo infantil,controles nuevos en ninos de 2 anos a < de 5 a,2005-08-01,20,20,12,32
CORO CORO,nutricion y desarrollo infantil,controles nuevos en ninos de 2 anos a < de 5 a,2005-08-01,3,3,3,6
COROICO,nutricion y desarrollo infantil,controles nuevos en ninos de 2 anos a < de 5 a,2005-08-01,29,29,23,52
CORQUE,nutricion y desarrollo infantil,controles nuevos en ninos de 2 anos a < de 5 a,2005-08-01,2,2,3,5
COTAGAITA,nutricion y desarrollo infantil,controles nuevos en ninos de 2 anos a < de 5 a,2005-08-01,0,0,2,2
COTOCA,nutricion y desarrollo infantil,controles nuevos en ninos de 2 anos a < de 5 a,2005-08-01,6,6,4,10
CUATRO CAÑADAS,nutricion y desarrollo infantil,controles nuevos en ninos de 2 anos a < de 5 a,2005-08-01,33,33,36,69
CULPINA,nutricion y desarrollo infantil,controles nuevos en ninos de 2 anos a < de 5 a,2005-08-01,7,7,10,17
DESAGUADERO,nutricion y desarrollo infantil,controles nuevos en ninos de 2 anos a < de 5 a,2005-08-01,1,1,1,2
EL ALTO,nutricion y desarrollo infantil,controles nuevos en ninos de 2 anos a < de 5 a,2005-08-01,1864,1864,2098,3962
EL CHORO,nutricion y desarrollo infantil,controles nuevos en ninos de 2 anos a < de 5 a,2005-08-01,1,1,1,2
EL PUENTE(STC),nutricion y desarrollo infantil,controles nuevos en ninos de 2 anos a < de 5 a,2005-08-01,1,1,1,2
EL PUENTE(TJA),nutricion y desarrollo infantil,controles nuevos en ninos de 2 anos a < de 5 a,2005-08-01,2,2,0,2
EL TORNO,nutricion y desarrollo infantil,controles nuevos en ninos de 2 anos a < de 5 a,2005-08-01,13,13,18,31
EL VILLAR,nutricion y desarrollo infantil,controles nuevos en ninos de 2 anos a < de 5 a,2005-08-01,1,1,1,2
ENTRE RIOS,nutricion y desarrollo infantil,controles nuevos en ninos de 2 anos a < de 5 a,2005-08-01,19,19,18,37
ENTRE RIOS,nutricion y desarrollo infantil,controles nuevos en ninos de 2 anos a < de 5 a,2005-08-01,42,42,40,82
EUCALIPTUS,nutricion y desarrollo infantil,controles nuevos en ninos de 2 anos a < de 5 a,2005-08-01,2,2,1,3
EUREKA (SANTOS MERCADO),nutricion y desarrollo infantil,controles nuevos en ninos de 2 anos a < de 5 a,2005-08-01,0,0,1,1
FERNANDEZ ALONSO,nutricion y desarrollo infantil,controles nuevos en ninos de 2 anos a < de 5 a,2005-08-01,15,15,12,27
GENERAL SAAVEDRA,nutricion y desarrollo infantil,controles nuevos en ninos de 2 anos a < de 5 a,2005-08-01,57,57,22,79
GRAL. J.J. PEREZ (CHARAZANI),nutricion y desarrollo infantil,controles nuevos en ninos de 2 anos a < de 5 a,2005-08-01,11,11,11,22
GUANAY,nutricion y desarrollo infantil,controles nuevos en ninos de 2 anos a < de 5 a,2005-08-01,32,32,22,54
GUAQUI,nutricion y desarrollo infantil,controles nuevos en ninos de 2 anos a < de 5 a,2005-08-01,0,0,1,1
GUAYARAMERIN,nutricion y desarrollo infantil,controles nuevos en ninos de 2 anos a < de 5 a,2005-08-01,115,115,115,230
HUACARETA,nutricion y desarrollo infantil,controles nuevos en ninos de 2 anos a < de 5 a,2005-08-01,1,1,2,3
HUACAYA (VILLA DE HUACAYA),nutricion y desarrollo infantil,controles nuevos en ninos de 2 anos a < de 5 a,2005-08-01,1,1,0,1
HUACHACALLA,nutricion y desarrollo infantil,controles nuevos en ninos de 2 anos a < de 5 a,2005-08-01,2,2,1,3
HUANUNI,nutricion y desarrollo infantil,controles nuevos en ninos de 2 anos a < de 5 a,2005-08-01,1,1,5,6
HUAYLLAMARCA,nutricion y desarrollo infantil,controles nuevos en ninos de 2 anos a < de 5 a,2005-08-01,4,4,9,13
ICHOCA,nutricion y desarrollo infantil,controles nuevos en ninos de 2 anos a < de 5 a,2005-08-01,16,16,15,31
INCAHUASI,nutricion y desarrollo infantil,controles nuevos en ninos de 2 anos a < de 5 a,2005-08-01,10,10,7,17
INQUISIVI,nutricion y desarrollo infantil,controles nuevos en ninos de 2 anos a < de 5 a,2005-08-01,2,2,4,6
IRUPANA (VILLA DE LANZA),nutricion y desarrollo infantil,controles nuevos en ninos de 2 anos a < de 5 a,2005-08-01,3,3,6,9
IXIAMAS,nutricion y desarrollo infantil,controles nuevos en ninos de 2 anos a < de 5 a,2005-08-01,5,5,5,10
JESUS DE MACHACA,nutricion y desarrollo infantil,controles nuevos en ninos de 2 anos a < de 5 a,2005-08-01,2,2,0,2
LA ASUNTA,nutricion y desarrollo infantil,controles nuevos en ninos de 2 anos a < de 5 a,2005-08-01,8,8,9,17
LA GUARDIA,nutricion y desarrollo infantil,controles nuevos en ninos de 2 anos a < de 5 a,2005-08-01,32,32,28,60
LA PAZ,nutricion y desarrollo infantil,controles nuevos en ninos de 2 anos a < de 5 a,2005-08-01,918,918,842,1760
LAGUNILLAS,nutricion y desarrollo infantil,controles nuevos en ninos de 2 anos a < de 5 a,2005-08-01,0,0,4,4
LAJA,nutricion y desarrollo infantil,controles nuevos en ninos de 2 anos a < de 5 a,2005-08-01,25,25,13,38
LAS CARRERAS,nutricion y desarrollo infantil,controles nuevos en ninos de 2 anos a < de 5 a,2005-08-01,0,0,1,1
LLALLAGUA,nutricion y desarrollo infantil,controles nuevos en ninos de 2 anos a < de 5 a,2005-08-01,7,7,2,9
LORETO,nutricion y desarrollo infantil,controles nuevos en ninos de 2 anos a < de 5 a,2005-08-01,7,7,7,14
LURIBAY,nutricion y desarrollo infantil,controles nuevos en ninos de 2 anos a < de 5 a,2005-08-01,19,19,13,32
MACHARETI,nutricion y desarrollo infantil,controles nuevos en ninos de 2 anos a < de 5 a,2005-08-01,4,4,4,8
MAPIRI,nutricion y desarrollo infantil,controles nuevos en ninos de 2 anos a < de 5 a,2005-08-01,0,0,3,3
MECAPACA,nutricion y desarrollo infantil,controles nuevos en ninos de 2 anos a < de 5 a,2005-08-01,4,4,3,7
MINEROS,nutricion y desarrollo infantil,controles nuevos en ninos de 2 anos a < de 5 a,2005-08-01,2,2,0,2
MIZQUE,nutricion y desarrollo infantil,controles nuevos en ninos de 2 anos a < de 5 a,2005-08-01,24,24,19,43
MOCOMOCO,nutricion y desarrollo infantil,controles nuevos en ninos de 2 anos a < de 5 a,2005-08-01,5,5,5,10
MONTEAGUDO,nutricion y desarrollo infantil,controles nuevos en ninos de 2 anos a < de 5 a,2005-08-01,218,218,189,407
MONTERO,nutricion y desarrollo infantil,controles nuevos en ninos de 2 anos a < de 5 a,2005-08-01,25,25,31,56
MORO MORO,nutricion y desarrollo infantil,controles nuevos en ninos de 2 anos a < de 5 a,2005-08-01,6,6,2,8
MOROCHATA,nutricion y desarrollo infantil,controles nuevos en ninos de 2 anos a < de 5 a,2005-08-01,179,179,188,367
NACEBE (SANTA ROSA DEL ABUNA),nutricion y desarrollo infantil,controles nuevos en ninos de 2 anos a < de 5 a,2005-08-01,2,2,1,3
NUEVO MANOA (NUEVA ESPERANZA),nutricion y desarrollo infantil,controles nuevos en ninos de 2 anos a < de 5 a,2005-08-01,4,4,4,8
OCURI,nutricion y desarrollo infantil,controles nuevos en ninos de 2 anos a < de 5 a,2005-08-01,0,0,2,2
OKINAWA,nutricion y desarrollo infantil,controles nuevos en ninos de 2 anos a < de 5 a,2005-08-01,46,46,32,78
OMEREQUE,nutricion y desarrollo infantil,controles nuevos en ninos de 2 anos a < de 5 a,2005-08-01,5,5,2,7
ORURO,nutricion y desarrollo infantil,controles nuevos en ninos de 2 anos a < de 5 a,2005-08-01,168,168,160,328
PADCAYA,nutricion y desarrollo infantil,controles nuevos en ninos de 2 anos a < de 5 a,2005-08-01,5,5,8,13
PAILON,nutricion y desarrollo infantil,controles nuevos en ninos de 2 anos a < de 5 a,2005-08-01,1,1,1,2
PALCA,nutricion y desarrollo infantil,controles nuevos en ninos de 2 anos a < de 5 a,2005-08-01,24,24,90,114
PALOS BLANCOS,nutricion y desarrollo infantil,controles nuevos en ninos de 2 anos a < de 5 a,2005-08-01,13,13,3,16
PAPEL PAMPA,nutricion y desarrollo infantil,controles nuevos en ninos de 2 anos a < de 5 a,2005-08-01,3,3,2,5
PATACAMAYA,nutricion y desarrollo infantil,controles nuevos en ninos de 2 anos a < de 5 a,2005-08-01,1,1,2,3
PAZÑA,nutricion y desarrollo infantil,controles nuevos en ninos de 2 anos a < de 5 a,2005-08-01,2,2,2,4
PELECHUCO,nutricion y desarrollo infantil,controles nuevos en ninos de 2 anos a < de 5 a,2005-08-01,13,13,10,23
POCOATA,nutricion y desarrollo infantil,controles nuevos en ninos de 2 anos a < de 5 a,2005-08-01,1,1,1,2
POCONA,nutricion y desarrollo infantil,controles nuevos en ninos de 2 anos a < de 5 a,2005-08-01,12,12,12,24
POJO (CBBA),nutricion y desarrollo infantil,controles nuevos en ninos de 2 anos a < de 5 a,2005-08-01,9,9,7,16
PORCO,nutricion y desarrollo infantil,controles nuevos en ninos de 2 anos a < de 5 a,2005-08-01,2,2,1,3
POROMA,nutricion y desarrollo infantil,controles nuevos en ninos de 2 anos a < de 5 a,2005-08-01,19,19,12,31
PORONGO,nutricion y desarrollo infantil,controles nuevos en ninos de 2 anos a < de 5 a,2005-08-01,3,3,1,4
PORTACHUELO,nutricion y desarrollo infantil,controles nuevos en ninos de 2 anos a < de 5 a,2005-08-01,9,9,4,13
PORVENIR,nutricion y desarrollo infantil,controles nuevos en ninos de 2 anos a < de 5 a,2005-08-01,1,1,0,1
POTOSI,nutricion y desarrollo infantil,controles nuevos en ninos de 2 anos a < de 5 a,2005-08-01,68,68,72,140
PUCARA,nutricion y desarrollo infantil,controles nuevos en ninos de 2 anos a < de 5 a,2005-08-01,6,6,4,10
PUCARANI,nutricion y desarrollo infantil,controles nuevos en ninos de 2 anos a < de 5 a,2005-08-01,19,19,23,42
PUERTO ACOSTA,nutricion y desarrollo infantil,controles nuevos en ninos de 2 anos a < de 5 a,2005-08-01,1,1,6,7
PUERTO CARABUCO,nutricion y desarrollo infantil,controles nuevos en ninos de 2 anos a < de 5 a,2005-08-01,9,9,6,15
PUERTO GONZALO MORENO,nutricion y desarrollo infantil,controles nuevos en ninos de 2 anos a < de 5 a,2005-08-01,1,1,0,1
PUERTO PEREZ,nutricion y desarrollo infantil,controles nuevos en ninos de 2 anos a < de 5 a,2005-08-01,9,9,7,16
PUERTO QUIJARRO,nutricion y desarrollo infantil,controles nuevos en ninos de 2 anos a < de 5 a,2005-08-01,3,3,6,9
PUERTO RICO,nutricion y desarrollo infantil,controles nuevos en ninos de 2 anos a < de 5 a,2005-08-01,3,3,1,4
PUERTO SILES,nutricion y desarrollo infantil,controles nuevos en ninos de 2 anos a < de 5 a,2005-08-01,8,8,11,19
PUERTO VILLARROEL,nutricion y desarrollo infantil,controles nuevos en ninos de 2 anos a < de 5 a,2005-08-01,41,41,38,79
PUNA,nutricion y desarrollo infantil,controles nuevos en ninos de 2 anos a < de 5 a,2005-08-01,42,42,38,80
PUNATA,nutricion y desarrollo infantil,controles nuevos en ninos de 2 anos a < de 5 a,2005-08-01,50,50,43,93
QUIABAYA,nutricion y desarrollo infantil,controles nuevos en ninos de 2 anos a < de 5 a,2005-08-01,3,3,4,7
QUILLACOLLO,nutricion y desarrollo infantil,controles nuevos en ninos de 2 anos a < de 5 a,2005-08-01,151,151,137,288
QUIME,nutricion y desarrollo infantil,controles nuevos en ninos de 2 anos a < de 5 a,2005-08-01,7,7,4,11
RAVELO,nutricion y desarrollo infantil,controles nuevos en ninos de 2 anos a < de 5 a,2005-08-01,0,0,1,1
REYES,nutricion y desarrollo infantil,controles nuevos en ninos de 2 anos a < de 5 a,2005-08-01,6,6,5,11
RIBERALTA,nutricion y desarrollo infantil,controles nuevos en ninos de 2 anos a < de 5 a,2005-08-01,19,19,25,44
ROBORE,nutricion y desarrollo infantil,controles nuevos en ninos de 2 anos a < de 5 a,2005-08-01,5,5,7,12
RURRENABAQUE,nutricion y desarrollo infantil,controles nuevos en ninos de 2 anos a < de 5 a,2005-08-01,10,10,8,18
SACABA,nutricion y desarrollo infantil,controles nuevos en ninos de 2 anos a < de 5 a,2005-08-01,109,109,113,222
SACABAMBA,nutricion y desarrollo infantil,controles nuevos en ninos de 2 anos a < de 5 a,2005-08-01,4,4,6,10
SACACA,nutricion y desarrollo infantil,controles nuevos en ninos de 2 anos a < de 5 a,2005-08-01,19,19,14,33
SAIPINA,nutricion y desarrollo infantil,controles nuevos en ninos de 2 anos a < de 5 a,2005-08-01,1,1,3,4
SALINAS DE GARCI MENDOZA,nutricion y desarrollo infantil,controles nuevos en ninos de 2 anos a < de 5 a,2005-08-01,8,8,8,16
SAN ANDRES,nutricion y desarrollo infantil,controles nuevos en ninos de 2 anos a < de 5 a,2005-08-01,22,22,22,44
SAN BENITO,nutricion y desarrollo infantil,controles nuevos en ninos de 2 anos a < de 5 a,2005-08-01,9,9,7,16
SAN BORJA,nutricion y desarrollo infantil,controles nuevos en ninos de 2 anos a < de 5 a,2005-08-01,15,15,13,28
SAN BUENA VENTURA,nutricion y desarrollo infantil,controles nuevos en ninos de 2 anos a < de 5 a,2005-08-01,9,9,2,11
SAN CARLOS,nutricion y desarrollo infantil,controles nuevos en ninos de 2 anos a < de 5 a,2005-08-01,1,1,0,1
SAN IGNACIO,nutricion y desarrollo infantil,controles nuevos en ninos de 2 anos a < de 5 a,2005-08-01,44,44,50,94
SAN IGNACIO DE VELASCO,nutricion y desarrollo infantil,controles nuevos en ninos de 2 anos a < de 5 a,2005-08-01,16,16,8,24
SAN JAVIER(BNI),nutricion y desarrollo infantil,controles nuevos en ninos de 2 anos a < de 5 a,2005-08-01,3,3,3,6
SAN JAVIER(STC),nutricion y desarrollo infantil,controles nuevos en ninos de 2 anos a < de 5 a,2005-08-01,55,55,42,97
SAN JOSE DE CHIQUITOS,nutricion y desarrollo infantil,controles nuevos en ninos de 2 anos a < de 5 a,2005-08-01,0,0,1,1
SAN JUAN DE YAPACANI,nutricion y desarrollo infantil,controles nuevos en ninos de 2 anos a < de 5 a,2005-08-01,1,1,1,2
SAN JULIAN,nutricion y desarrollo infantil,controles nuevos en ninos de 2 anos a < de 5 a,2005-08-01,51,51,58,109
SAN LORENZO(PND),nutricion y desarrollo infantil,controles nuevos en ninos de 2 anos a < de 5 a,2005-08-01,0,0,2,2
SAN LORENZO(TJA),nutricion y desarrollo infantil,controles nuevos en ninos de 2 anos a < de 5 a,2005-08-01,18,18,4,22
SAN LUCAS,nutricion y desarrollo infantil,controles nuevos en ninos de 2 anos a < de 5 a,2005-08-01,19,19,27,46
SAN MATIAS,nutricion y desarrollo infantil,controles nuevos en ninos de 2 anos a < de 5 a,2005-08-01,15,15,7,22
SAN MIGUEL DE VELASCO,nutricion y desarrollo infantil,controles nuevos en ninos de 2 anos a < de 5 a,2005-08-01,6,6,8,14
SAN PEDRO DE BUENA VISTA,nutricion y desarrollo infantil,controles nuevos en ninos de 2 anos a < de 5 a,2005-08-01,1,1,3,4
SAN PEDRO DE TIQUINA,nutricion y desarrollo infantil,controles nuevos en ninos de 2 anos a < de 5 a,2005-08-01,2,2,4,6
SAN PEDRO(PND),nutricion y desarrollo infantil,controles nuevos en ninos de 2 anos a < de 5 a,2005-08-01,14,14,24,38
SAN RAFAEL,nutricion y desarrollo infantil,controles nuevos en ninos de 2 anos a < de 5 a,2005-08-01,1,1,1,2
SAN RAMON,nutricion y desarrollo infantil,controles nuevos en ninos de 2 anos a < de 5 a,2005-08-01,6,6,1,7
SANTA ANA,nutricion y desarrollo infantil,controles nuevos en ninos de 2 anos a < de 5 a,2005-08-01,3,3,2,5
SANTA CRUZ DE LA SIERRA,nutricion y desarrollo infantil,controles nuevos en ninos de 2 anos a < de 5 a,2005-08-01,1648,1648,1434,3082
SANTA ROSA DEL SARA,nutricion y desarrollo infantil,controles nuevos en ninos de 2 anos a < de 5 a,2005-08-01,16,16,16,32
SANTIAGO DE HUARI,nutricion y desarrollo infantil,controles nuevos en ninos de 2 anos a < de 5 a,2005-08-01,3,3,1,4
SICA SICA (VILLA AROMA),nutricion y desarrollo infantil,controles nuevos en ninos de 2 anos a < de 5 a,2005-08-01,1,1,5,6
SICAYA,nutricion y desarrollo infantil,controles nuevos en ninos de 2 anos a < de 5 a,2005-08-01,1,1,2,3
SIPE SIPE,nutricion y desarrollo infantil,controles nuevos en ninos de 2 anos a < de 5 a,2005-08-01,109,109,105,214
SORATA,nutricion y desarrollo infantil,controles nuevos en ninos de 2 anos a < de 5 a,2005-08-01,25,25,15,40
SUCRE,nutricion y desarrollo infantil,controles nuevos en ninos de 2 anos a < de 5 a,2005-08-01,183,183,186,369
TACACOMA,nutricion y desarrollo infantil,controles nuevos en ninos de 2 anos a < de 5 a,2005-08-01,4,4,1,5
TACOBAMBA,nutricion y desarrollo infantil,controles nuevos en ninos de 2 anos a < de 5 a,2005-08-01,8,8,9,17
TAPACARI,nutricion y desarrollo infantil,controles nuevos en ninos de 2 anos a < de 5 a,2005-08-01,42,42,35,77
TARABUCO,nutricion y desarrollo infantil,controles nuevos en ninos de 2 anos a < de 5 a,2005-08-01,8,8,10,18
TARATA,nutricion y desarrollo infantil,controles nuevos en ninos de 2 anos a < de 5 a,2005-08-01,2,2,1,3
TARIJA,nutricion y desarrollo infantil,controles nuevos en ninos de 2 anos a < de 5 a,2005-08-01,312,312,288,600
TARVITA,nutricion y desarrollo infantil,controles nuevos en ninos de 2 anos a < de 5 a,2005-08-01,1,1,0,1
TIAWANACU,nutricion y desarrollo infantil,controles nuevos en ninos de 2 anos a < de 5 a,2005-08-01,9,9,3,12
TINGUIPAYA,nutricion y desarrollo infantil,controles nuevos en ninos de 2 anos a < de 5 a,2005-08-01,1,1,2,3
TIPUANI,nutricion y desarrollo infantil,controles nuevos en ninos de 2 anos a < de 5 a,2005-08-01,2,2,2,4
TIQUIPAYA,nutricion y desarrollo infantil,controles nuevos en ninos de 2 anos a < de 5 a,2005-08-01,84,84,97,181
TIRAQUE (CBBA),nutricion y desarrollo infantil,controles nuevos en ninos de 2 anos a < de 5 a,2005-08-01,130,130,133,263
TOCO,nutricion y desarrollo infantil,controles nuevos en ninos de 2 anos a < de 5 a,2005-08-01,8,8,5,13
TOLATA,nutricion y desarrollo infantil,controles nuevos en ninos de 2 anos a < de 5 a,2005-08-01,14,14,9,23
TOLEDO,nutricion y desarrollo infantil,controles nuevos en ninos de 2 anos a < de 5 a,2005-08-01,4,4,5,9
TOMAVE,nutricion y desarrollo infantil,controles nuevos en ninos de 2 anos a < de 5 a,2005-08-01,30,30,28,58
TOMINA,nutricion y desarrollo infantil,controles nuevos en ninos de 2 anos a < de 5 a,2005-08-01,0,0,2,2
TORO TORO,nutricion y desarrollo infantil,controles nuevos en ninos de 2 anos a < de 5 a,2005-08-01,25,25,49,74
TOTORA(CBBA),nutricion y desarrollo infantil,controles nuevos en ninos de 2 anos a < de 5 a,2005-08-01,7,7,11,18
TOTORA(ORR),nutricion y desarrollo infantil,controles nuevos en ninos de 2 anos a < de 5 a,2005-08-01,8,8,5,13
TRIGAL,nutricion y desarrollo infantil,controles nuevos en ninos de 2 anos a < de 5 a,2005-08-01,2,2,2,4
TRINIDAD,nutricion y desarrollo infantil,controles nuevos en ninos de 2 anos a < de 5 a,2005-08-01,182,182,194,376
TUPIZA,nutricion y desarrollo infantil,controles nuevos en ninos de 2 anos a < de 5 a,2005-08-01,13,13,12,25
TURCO,nutricion y desarrollo infantil,controles nuevos en ninos de 2 anos a < de 5 a,2005-08-01,8,8,6,14
UMALA,nutricion y desarrollo infantil,controles nuevos en ninos de 2 anos a < de 5 a,2005-08-01,1,1,1,2
UNCIA,nutricion y desarrollo infantil,controles nuevos en ninos de 2 anos a < de 5 a,2005-08-01,8,8,8,16
URIONDO (A. CONCEPCION),nutricion y desarrollo infantil,controles nuevos en ninos de 2 anos a < de 5 a,2005-08-01,22,22,28,50
URUBICHA,nutricion y desarrollo infantil,controles nuevos en ninos de 2 anos a < de 5 a,2005-08-01,1,1,1,2
VACAS,nutricion y desarrollo infantil,controles nuevos en ninos de 2 anos a < de 5 a,2005-08-01,18,18,16,34
VALLEGRANDE,nutricion y desarrollo infantil,controles nuevos en ninos de 2 anos a < de 5 a,2005-08-01,8,8,14,22
VIACHA,nutricion y desarrollo infantil,controles nuevos en ninos de 2 anos a < de 5 a,2005-08-01,19,19,36,55
VILLA MONTES,nutricion y desarrollo infantil,controles nuevos en ninos de 2 anos a < de 5 a,2005-08-01,25,25,27,52
VILLA NUEVA (LOMA ALTA),nutricion y desarrollo infantil,controles nuevos en ninos de 2 anos a < de 5 a,2005-08-01,4,4,2,6
VILLA RIVERO,nutricion y desarrollo infantil,controles nuevos en ninos de 2 anos a < de 5 a,2005-08-01,8,8,3,11
VILLA TUNARI,nutricion y desarrollo infantil,controles nuevos en ninos de 2 anos a < de 5 a,2005-08-01,253,253,239,492
VILLA VACA GUZMAN (MUYUPAMPA),nutricion y desarrollo infantil,controles nuevos en ninos de 2 anos a < de 5 a,2005-08-01,1,1,1,2
VILLAZON,nutricion y desarrollo infantil,controles nuevos en ninos de 2 anos a < de 5 a,2005-08-01,5,5,6,11
VINTO,nutricion y desarrollo infantil,controles nuevos en ninos de 2 anos a < de 5 a,2005-08-01,38,38,27,65
WARNES,nutricion y desarrollo infantil,controles nuevos en ninos de 2 anos a < de 5 a,2005-08-01,156,156,138,294
YACO,nutricion y desarrollo infantil,controles nuevos en ninos de 2 anos a < de 5 a,2005-08-01,1,1,1,2
YACUIBA,nutricion y desarrollo infantil,controles nuevos en ninos de 2 anos a < de 5 a,2005-08-01,59,59,83,142
YAMPARAEZ,nutricion y desarrollo infantil,controles nuevos en ninos de 2 anos a < de 5 a,2005-08-01,2,2,1,3
YANACACHI,nutricion y desarrollo infantil,controles nuevos en ninos de 2 anos a < de 5 a,2005-08-01,1,1,0,1
YAPACANI,nutricion y desarrollo infantil,controles nuevos en ninos de 2 anos a < de 5 a,2005-08-01,1,1,1,2
YOTALA,nutricion y desarrollo infantil,controles nuevos en ninos de 2 anos a < de 5 a,2005-08-01,1,1,2,3
ZUDAÑEZ,nutricion y desarrollo infantil,controles nuevos en ninos de 2 anos a < de 5 a,2005-08-01,2,2,0,2
ACHACACHI,nutricion y desarrollo infantil,controles nuevos en ninos de 2 anos a < de 5 a,2005-09-01,148,148,146,294
AIQUILE,nutricion y desarrollo infantil,controles nuevos en ninos de 2 anos a < de 5 a,2005-09-01,17,17,9,26
ALALAY,nutricion y desarrollo infantil,controles nuevos en ninos de 2 anos a < de 5 a,2005-09-01,0,0,1,1
ANCORAIMES,nutricion y desarrollo infantil,controles nuevos en ninos de 2 anos a < de 5 a,2005-09-01,1,1,8,9
ANZALDO,nutricion y desarrollo infantil,controles nuevos en ninos de 2 anos a < de 5 a,2005-09-01,21,21,18,39
APOLO,nutricion y desarrollo infantil,controles nuevos en ninos de 2 anos a < de 5 a,2005-09-01,58,58,34,92
ARAMPAMPA,nutricion y desarrollo infantil,controles nuevos en ninos de 2 anos a < de 5 a,2005-09-01,2,2,0,2
ARANI,nutricion y desarrollo infantil,controles nuevos en ninos de 2 anos a < de 5 a,2005-09-01,23,23,18,41
ARBIETO,nutricion y desarrollo infantil,controles nuevos en ninos de 2 anos a < de 5 a,2005-09-01,21,21,28,49
ASCENCION DE GUARAYOS,nutricion y desarrollo infantil,controles nuevos en ninos de 2 anos a < de 5 a,2005-09-01,1,1,0,1
ATOCHA,nutricion y desarrollo infantil,controles nuevos en ninos de 2 anos a < de 5 a,2005-09-01,0,0,7,7
AUCAPATA,nutricion y desarrollo infantil,controles nuevos en ninos de 2 anos a < de 5 a,2005-09-01,1,1,2,3
AYATA,nutricion y desarrollo infantil,controles nuevos en ninos de 2 anos a < de 5 a,2005-09-01,11,11,16,27
AYO AYO,nutricion y desarrollo infantil,controles nuevos en ninos de 2 anos a < de 5 a,2005-09-01,2,2,1,3
AYOPAYA (V. DE INDEPENDENCIA),nutricion y desarrollo infantil,controles nuevos en ninos de 2 anos a < de 5 a,2005-09-01,3,3,1,4
AZURDUY,nutricion y desarrollo infantil,controles nuevos en ninos de 2 anos a < de 5 a,2005-09-01,12,12,3,15
BATALLAS,nutricion y desarrollo infantil,controles nuevos en ninos de 2 anos a < de 5 a,2005-09-01,2,2,0,2
BAURES,nutricion y desarrollo infantil,controles nuevos en ninos de 2 anos a < de 5 a,2005-09-01,2,2,2,4
BERMEJO,nutricion y desarrollo infantil,controles nuevos en ninos de 2 anos a < de 5 a,2005-09-01,9,9,15,24
BETANZOS,nutricion y desarrollo infantil,controles nuevos en ninos de 2 anos a < de 5 a,2005-09-01,3,3,1,4
BOLPEBRA,nutricion y desarrollo infantil,controles nuevos en ninos de 2 anos a < de 5 a,2005-09-01,2,2,2,4
BOYUIBE,nutricion y desarrollo infantil,controles nuevos en ninos de 2 anos a < de 5 a,2005-09-01,12,12,18,30
BUENA VISTA,nutricion y desarrollo infantil,controles nuevos en ninos de 2 anos a < de 5 a,2005-09-01,95,95,75,170
CABEZAS,nutricion y desarrollo infantil,controles nuevos en ninos de 2 anos a < de 5 a,2005-09-01,43,43,54,97
"CAIZA ""D""",nutricion y desarrollo infantil,controles nuevos en ninos de 2 anos a < de 5 a,2005-09-01,7,7,2,9
CAJUATA,nutricion y desarrollo infantil,controles nuevos en ninos de 2 anos a < de 5 a,2005-09-01,7,7,10,17
CALACOTO,nutricion y desarrollo infantil,controles nuevos en ninos de 2 anos a < de 5 a,2005-09-01,0,0,2,2
CAMARGO,nutricion y desarrollo infantil,controles nuevos en ninos de 2 anos a < de 5 a,2005-09-01,9,9,7,16
CAMIRI,nutricion y desarrollo infantil,controles nuevos en ninos de 2 anos a < de 5 a,2005-09-01,49,49,44,93
CAPINOTA,nutricion y desarrollo infantil,controles nuevos en ninos de 2 anos a < de 5 a,2005-09-01,7,7,7,14
CARACOLLO,nutricion y desarrollo infantil,controles nuevos en ninos de 2 anos a < de 5 a,2005-09-01,2,2,1,3
CARANAVI,nutricion y desarrollo infantil,controles nuevos en ninos de 2 anos a < de 5 a,2005-09-01,26,26,27,53
CARANGAS,nutricion y desarrollo infantil,controles nuevos en ninos de 2 anos a < de 5 a,2005-09-01,1,1,2,3
CARAPARI,nutricion y desarrollo infantil,controles nuevos en ninos de 2 anos a < de 5 a,2005-09-01,1,1,0,1
CARIPUYO,nutricion y desarrollo infantil,controles nuevos en ninos de 2 anos a < de 5 a,2005-09-01,14,14,12,26
CARMEN RIVERO TORREZ,nutricion y desarrollo infantil,controles nuevos en ninos de 2 anos a < de 5 a,2005-09-01,2,2,0,2
CHACARILLA,nutricion y desarrollo infantil,controles nuevos en ninos de 2 anos a < de 5 a,2005-09-01,1,1,1,2
CHALLAPATA,nutricion y desarrollo infantil,controles nuevos en ninos de 2 anos a < de 5 a,2005-09-01,6,6,2,8
CHAQUI,nutricion y desarrollo infantil,controles nuevos en ninos de 2 anos a < de 5 a,2005-09-01,1,1,0,1
CHARAGUA,nutricion y desarrollo infantil,controles nuevos en ninos de 2 anos a < de 5 a,2005-09-01,17,17,9,26
CHARAÑA,nutricion y desarrollo infantil,controles nuevos en ninos de 2 anos a < de 5 a,2005-09-01,1,1,2,3
CHAYANTA,nutricion y desarrollo infantil,controles nuevos en ninos de 2 anos a < de 5 a,2005-09-01,3,3,3,6
CHIMORE,nutricion y desarrollo infantil,controles nuevos en ninos de 2 anos a < de 5 a,2005-09-01,33,33,33,66
CHOQUE COTA,nutricion y desarrollo infantil,controles nuevos en ninos de 2 anos a < de 5 a,2005-09-01,1,1,2,3
CHULUMANI (V. DE LA LIBERTAD),nutricion y desarrollo infantil,controles nuevos en ninos de 2 anos a < de 5 a,2005-09-01,9,9,15,24
CHUMA,nutricion y desarrollo infantil,controles nuevos en ninos de 2 anos a < de 5 a,2005-09-01,3,3,2,5
CLIZA,nutricion y desarrollo infantil,controles nuevos en ninos de 2 anos a < de 5 a,2005-09-01,19,19,13,32
COBIJA,nutricion y desarrollo infantil,controles nuevos en ninos de 2 anos a < de 5 a,2005-09-01,104,104,87,191
COCHABAMBA,nutricion y desarrollo infantil,controles nuevos en ninos de 2 anos a < de 5 a,2005-09-01,888,888,796,1684
COLCAPIRHUA,nutricion y desarrollo infantil,controles nuevos en ninos de 2 anos a < de 5 a,2005-09-01,204,204,214,418
COLOMI,nutricion y desarrollo infantil,controles nuevos en ninos de 2 anos a < de 5 a,2005-09-01,52,52,54,106
COLPA BELGICA,nutricion y desarrollo infantil,controles nuevos en ninos de 2 anos a < de 5 a,2005-09-01,5,5,8,13
COLQUECHACA,nutricion y desarrollo infantil,controles nuevos en ninos de 2 anos a < de 5 a,2005-09-01,1,1,2,3
COLQUIRI,nutricion y desarrollo infantil,controles nuevos en ninos de 2 anos a < de 5 a,2005-09-01,12,12,4,16
COMANCHE,nutricion y desarrollo infantil,controles nuevos en ninos de 2 anos a < de 5 a,2005-09-01,2,2,1,3
COMARAPA,nutricion y desarrollo infantil,controles nuevos en ninos de 2 anos a < de 5 a,2005-09-01,0,0,1,1
CONCEPCION,nutricion y desarrollo infantil,controles nuevos en ninos de 2 anos a < de 5 a,2005-09-01,78,78,73,151
COPACABANA,nutricion y desarrollo infantil,controles nuevos en ninos de 2 anos a < de 5 a,2005-09-01,10,10,18,28
CORIPATA,nutricion y desarrollo infantil,controles nuevos en ninos de 2 anos a < de 5 a,2005-09-01,6,6,6,12
CORO CORO,nutricion y desarrollo infantil,controles nuevos en ninos de 2 anos a < de 5 a,2005-09-01,1,1,0,1
COROICO,nutricion y desarrollo infantil,controles nuevos en ninos de 2 anos a < de 5 a,2005-09-01,22,22,21,43
CORQUE,nutricion y desarrollo infantil,controles nuevos en ninos de 2 anos a < de 5 a,2005-09-01,0,0,1,1
COTAGAITA,nutricion y desarrollo infantil,controles nuevos en ninos de 2 anos a < de 5 a,2005-09-01,39,39,25,64
COTOCA,nutricion y desarrollo infantil,controles nuevos en ninos de 2 anos a < de 5 a,2005-09-01,4,4,3,7
CUATRO CAÑADAS,nutricion y desarrollo infantil,controles nuevos en ninos de 2 anos a < de 5 a,2005-09-01,51,51,41,92
CULPINA,nutricion y desarrollo infantil,controles nuevos en ninos de 2 anos a < de 5 a,2005-09-01,8,8,7,15
CURAHUARA DE CARANGAS,nutricion y desarrollo infantil,controles nuevos en ninos de 2 anos a < de 5 a,2005-09-01,1,1,1,2
DESAGUADERO,nutricion y desarrollo infantil,controles nuevos en ninos de 2 anos a < de 5 a,2005-09-01,1,1,1,2
EL ALTO,nutricion y desarrollo infantil,controles nuevos en ninos de 2 anos a < de 5 a,2005-09-01,1249,1249,1319,2568
EL CHORO,nutricion y desarrollo infantil,controles nuevos en ninos de 2 anos a < de 5 a,2005-09-01,12,12,5,17
EL TORNO,nutricion y desarrollo infantil,controles nuevos en ninos de 2 anos a < de 5 a,2005-09-01,4,4,1,5
ENTRE RIOS,nutricion y desarrollo infantil,controles nuevos en ninos de 2 anos a < de 5 a,2005-09-01,1,1,3,4
ENTRE RIOS,nutricion y desarrollo infantil,controles nuevos en ninos de 2 anos a < de 5 a,2005-09-01,48,48,36,84
EUCALIPTUS,nutricion y desarrollo infantil,controles nuevos en ninos de 2 anos a < de 5 a,2005-09-01,3,3,2,5
EUREKA (SANTOS MERCADO),nutricion y desarrollo infantil,controles nuevos en ninos de 2 anos a < de 5 a,2005-09-01,3,3,2,5
EXALTACION,nutricion y desarrollo infantil,controles nuevos en ninos de 2 anos a < de 5 a,2005-09-01,3,3,0,3
FERNANDEZ ALONSO,nutricion y desarrollo infantil,controles nuevos en ninos de 2 anos a < de 5 a,2005-09-01,8,8,5,13
FILADELFIA,nutricion y desarrollo infantil,controles nuevos en ninos de 2 anos a < de 5 a,2005-09-01,2,2,2,4
GENERAL SAAVEDRA,nutricion y desarrollo infantil,controles nuevos en ninos de 2 anos a < de 5 a,2005-09-01,33,33,29,62
GRAL. J.J. PEREZ (CHARAZANI),nutricion y desarrollo infantil,controles nuevos en ninos de 2 anos a < de 5 a,2005-09-01,6,6,7,13
GUANAY,nutricion y desarrollo infantil,controles nuevos en ninos de 2 anos a < de 5 a,2005-09-01,7,7,9,16
GUAQUI,nutricion y desarrollo infantil,controles nuevos en ninos de 2 anos a < de 5 a,2005-09-01,0,0,2,2
GUAYARAMERIN,nutricion y desarrollo infantil,controles nuevos en ninos de 2 anos a < de 5 a,2005-09-01,29,29,19,48
GUTIERREZ,nutricion y desarrollo infantil,controles nuevos en ninos de 2 anos a < de 5 a,2005-09-01,18,18,27,45
HUACARETA,nutricion y desarrollo infantil,controles nuevos en ninos de 2 anos a < de 5 a,2005-09-01,1,1,2,3
HUANUNI,nutricion y desarrollo infantil,controles nuevos en ninos de 2 anos a < de 5 a,2005-09-01,8,8,13,21
HUARACAJE,nutricion y desarrollo infantil,controles nuevos en ninos de 2 anos a < de 5 a,2005-09-01,10,10,0,10
HUAYLLAMARCA,nutricion y desarrollo infantil,controles nuevos en ninos de 2 anos a < de 5 a,2005-09-01,12,12,10,22
ICHOCA,nutricion y desarrollo infantil,controles nuevos en ninos de 2 anos a < de 5 a,2005-09-01,3,3,3,6
INCAHUASI,nutricion y desarrollo infantil,controles nuevos en ninos de 2 anos a < de 5 a,2005-09-01,3,3,6,9
INQUISIVI,nutricion y desarrollo infantil,controles nuevos en ninos de 2 anos a < de 5 a,2005-09-01,3,3,2,5
IRUPANA (VILLA DE LANZA),nutricion y desarrollo infantil,controles nuevos en ninos de 2 anos a < de 5 a,2005-09-01,19,19,25,44
IXIAMAS,nutricion y desarrollo infantil,controles nuevos en ninos de 2 anos a < de 5 a,2005-09-01,1,1,0,1
LA ASUNTA,nutricion y desarrollo infantil,controles nuevos en ninos de 2 anos a < de 5 a,2005-09-01,4,4,2,6
LA GUARDIA,nutricion y desarrollo infantil,controles nuevos en ninos de 2 anos a < de 5 a,2005-09-01,51,51,59,110
LA PAZ,nutricion y desarrollo infantil,controles nuevos en ninos de 2 anos a < de 5 a,2005-09-01,731,731,748,1479
LAGUNILLAS,nutricion y desarrollo infantil,controles nuevos en ninos de 2 anos a < de 5 a,2005-09-01,1,1,1,2
LAJA,nutricion y desarrollo infantil,controles nuevos en ninos de 2 anos a < de 5 a,2005-09-01,1,1,2,3
LAS CARRERAS,nutricion y desarrollo infantil,controles nuevos en ninos de 2 anos a < de 5 a,2005-09-01,2,2,3,5
LICOMA PAMPA,nutricion y desarrollo infantil,controles nuevos en ninos de 2 anos a < de 5 a,2005-09-01,0,0,1,1
LLALLAGUA,nutricion y desarrollo infantil,controles nuevos en ninos de 2 anos a < de 5 a,2005-09-01,1,1,1,2
LORETO,nutricion y desarrollo infantil,controles nuevos en ninos de 2 anos a < de 5 a,2005-09-01,1,1,2,3
LURIBAY,nutricion y desarrollo infantil,controles nuevos en ninos de 2 anos a < de 5 a,2005-09-01,13,13,7,20
MACHARETI,nutricion y desarrollo infantil,controles nuevos en ninos de 2 anos a < de 5 a,2005-09-01,4,4,1,5
MAGDALENA,nutricion y desarrollo infantil,controles nuevos en ninos de 2 anos a < de 5 a,2005-09-01,7,7,9,16
MAPIRI,nutricion y desarrollo infantil,controles nuevos en ninos de 2 anos a < de 5 a,2005-09-01,0,0,4,4
MECAPACA,nutricion y desarrollo infantil,controles nuevos en ninos de 2 anos a < de 5 a,2005-09-01,6,6,0,6
MINEROS,nutricion y desarrollo infantil,controles nuevos en ninos de 2 anos a < de 5 a,2005-09-01,38,38,29,67
MIZQUE,nutricion y desarrollo infantil,controles nuevos en ninos de 2 anos a < de 5 a,2005-09-01,9,9,9,18
MOCOMOCO,nutricion y desarrollo infantil,controles nuevos en ninos de 2 anos a < de 5 a,2005-09-01,13,13,9,22
MONTEAGUDO,nutricion y desarrollo infantil,controles nuevos en ninos de 2 anos a < de 5 a,2005-09-01,9,9,8,17
MONTERO,nutricion y desarrollo infantil,controles nuevos en ninos de 2 anos a < de 5 a,2005-09-01,28,28,26,54
MORO MORO,nutricion y desarrollo infantil,controles nuevos en ninos de 2 anos a < de 5 a,2005-09-01,2,2,4,6
MOROCHATA,nutricion y desarrollo infantil,controles nuevos en ninos de 2 anos a < de 5 a,2005-09-01,105,105,82,187
NACEBE (SANTA ROSA DEL ABUNA),nutricion y desarrollo infantil,controles nuevos en ninos de 2 anos a < de 5 a,2005-09-01,2,2,1,3
NUEVO MANOA (NUEVA ESPERANZA),nutricion y desarrollo infantil,controles nuevos en ninos de 2 anos a < de 5 a,2005-09-01,13,13,8,21
OCURI,nutricion y desarrollo infantil,controles nuevos en ninos de 2 anos a < de 5 a,2005-09-01,18,18,15,33
OKINAWA,nutricion y desarrollo infantil,controles nuevos en ninos de 2 anos a < de 5 a,2005-09-01,15,15,7,22
OMEREQUE,nutricion y desarrollo infantil,controles nuevos en ninos de 2 anos a < de 5 a,2005-09-01,2,2,2,4
ORURO,nutricion y desarrollo infantil,controles nuevos en ninos de 2 anos a < de 5 a,2005-09-01,161,161,173,334
PADCAYA,nutricion y desarrollo infantil,controles nuevos en ninos de 2 anos a < de 5 a,2005-09-01,4,4,7,11
PAILON,nutricion y desarrollo infantil,controles nuevos en ninos de 2 anos a < de 5 a,2005-09-01,1,1,1,2
PALCA,nutricion y desarrollo infantil,controles nuevos en ninos de 2 anos a < de 5 a,2005-09-01,12,12,13,25
PALOS BLANCOS,nutricion y desarrollo infantil,controles nuevos en ninos de 2 anos a < de 5 a,2005-09-01,31,31,30,61
PAPEL PAMPA,nutricion y desarrollo infantil,controles nuevos en ninos de 2 anos a < de 5 a,2005-09-01,1,1,0,1
PATACAMAYA,nutricion y desarrollo infantil,controles nuevos en ninos de 2 anos a < de 5 a,2005-09-01,14,14,23,37
PELECHUCO,nutricion y desarrollo infantil,controles nuevos en ninos de 2 anos a < de 5 a,2005-09-01,3,3,0,3
POCOATA,nutricion y desarrollo infantil,controles nuevos en ninos de 2 anos a < de 5 a,2005-09-01,19,19,17,36
POCONA,nutricion y desarrollo infantil,controles nuevos en ninos de 2 anos a < de 5 a,2005-09-01,27,27,26,53
POJO (CBBA),nutricion y desarrollo infantil,controles nuevos en ninos de 2 anos a < de 5 a,2005-09-01,7,7,10,17
POROMA,nutricion y desarrollo infantil,controles nuevos en ninos de 2 anos a < de 5 a,2005-09-01,8,8,10,18
PORONGO,nutricion y desarrollo infantil,controles nuevos en ninos de 2 anos a < de 5 a,2005-09-01,3,3,0,3
PORTACHUELO,nutricion y desarrollo infantil,controles nuevos en ninos de 2 anos a < de 5 a,2005-09-01,8,8,2,10
POSTRER VALLE,nutricion y desarrollo infantil,controles nuevos en ninos de 2 anos a < de 5 a,2005-09-01,13,13,16,29
POTOSI,nutricion y desarrollo infantil,controles nuevos en ninos de 2 anos a < de 5 a,2005-09-01,144,144,152,296
PUCARANI,nutricion y desarrollo infantil,controles nuevos en ninos de 2 anos a < de 5 a,2005-09-01,42,42,46,88
PUERTO ACOSTA,nutricion y desarrollo infantil,controles nuevos en ninos de 2 anos a < de 5 a,2005-09-01,4,4,0,4
PUERTO CARABUCO,nutricion y desarrollo infantil,controles nuevos en ninos de 2 anos a < de 5 a,2005-09-01,4,4,6,10
PUERTO PEREZ,nutricion y desarrollo infantil,controles nuevos en ninos de 2 anos a < de 5 a,2005-09-01,9,9,9,18
PUERTO QUIJARRO,nutricion y desarrollo infantil,controles nuevos en ninos de 2 anos a < de 5 a,2005-09-01,2,2,3,5
PUERTO RICO,nutricion y desarrollo infantil,controles nuevos en ninos de 2 anos a < de 5 a,2005-09-01,13,13,13,26
PUERTO SILES,nutricion y desarrollo infantil,controles nuevos en ninos de 2 anos a < de 5 a,2005-09-01,14,14,16,30
PUERTO SUAREZ,nutricion y desarrollo infantil,controles nuevos en ninos de 2 anos a < de 5 a,2005-09-01,0,0,1,1
PUERTO VILLARROEL,nutricion y desarrollo infantil,controles nuevos en ninos de 2 anos a < de 5 a,2005-09-01,52,52,66,118
PUNA,nutricion y desarrollo infantil,controles nuevos en ninos de 2 anos a < de 5 a,2005-09-01,21,21,27,48
PUNATA,nutricion y desarrollo infantil,controles nuevos en ninos de 2 anos a < de 5 a,2005-09-01,74,74,59,133
QUIABAYA,nutricion y desarrollo infantil,controles nuevos en ninos de 2 anos a < de 5 a,2005-09-01,1,1,1,2
QUILLACOLLO,nutricion y desarrollo infantil,controles nuevos en ninos de 2 anos a < de 5 a,2005-09-01,239,239,243,482
QUIME,nutricion y desarrollo infantil,controles nuevos en ninos de 2 anos a < de 5 a,2005-09-01,3,3,2,5
RIBERALTA,nutricion y desarrollo infantil,controles nuevos en ninos de 2 anos a < de 5 a,2005-09-01,36,36,15,51
ROBORE,nutricion y desarrollo infantil,controles nuevos en ninos de 2 anos a < de 5 a,2005-09-01,15,15,23,38
RURRENABAQUE,nutricion y desarrollo infantil,controles nuevos en ninos de 2 anos a < de 5 a,2005-09-01,4,4,9,13
SABAYA,nutricion y desarrollo infantil,controles nuevos en ninos de 2 anos a < de 5 a,2005-09-01,1,1,1,2
SACABA,nutricion y desarrollo infantil,controles nuevos en ninos de 2 anos a < de 5 a,2005-09-01,197,197,153,350
SACABAMBA,nutricion y desarrollo infantil,controles nuevos en ninos de 2 anos a < de 5 a,2005-09-01,28,28,20,48
SACACA,nutricion y desarrollo infantil,controles nuevos en ninos de 2 anos a < de 5 a,2005-09-01,6,6,15,21
SAIPINA,nutricion y desarrollo infantil,controles nuevos en ninos de 2 anos a < de 5 a,2005-09-01,1,1,0,1
SALINAS DE GARCI MENDOZA,nutricion y desarrollo infantil,controles nuevos en ninos de 2 anos a < de 5 a,2005-09-01,15,15,9,24
SAN ANDRES,nutricion y desarrollo infantil,controles nuevos en ninos de 2 anos a < de 5 a,2005-09-01,16,16,13,29
SAN ANDRES DE MACHACA,nutricion y desarrollo infantil,controles nuevos en ninos de 2 anos a < de 5 a,2005-09-01,2,2,3,5
SAN ANTONIO DE ESMORUCO,nutricion y desarrollo infantil,controles nuevos en ninos de 2 anos a < de 5 a,2005-09-01,2,2,0,2
SAN BENITO,nutricion y desarrollo infantil,controles nuevos en ninos de 2 anos a < de 5 a,2005-09-01,9,9,8,17
SAN BORJA,nutricion y desarrollo infantil,controles nuevos en ninos de 2 anos a < de 5 a,2005-09-01,3,3,4,7
SAN BUENA VENTURA,nutricion y desarrollo infantil,controles nuevos en ninos de 2 anos a < de 5 a,2005-09-01,4,4,5,9
SAN IGNACIO,nutricion y desarrollo infantil,controles nuevos en ninos de 2 anos a < de 5 a,2005-09-01,49,49,47,96
SAN IGNACIO DE VELASCO,nutricion y desarrollo infantil,controles nuevos en ninos de 2 anos a < de 5 a,2005-09-01,6,6,7,13
SAN JAVIER(BNI),nutricion y desarrollo infantil,controles nuevos en ninos de 2 anos a < de 5 a,2005-09-01,7,7,3,10
SAN JAVIER(STC),nutricion y desarrollo infantil,controles nuevos en ninos de 2 anos a < de 5 a,2005-09-01,1,1,0,1
SAN JOAQUIN,nutricion y desarrollo infantil,controles nuevos en ninos de 2 anos a < de 5 a,2005-09-01,1,1,1,2
SAN JUAN DE YAPACANI,nutricion y desarrollo infantil,controles nuevos en ninos de 2 anos a < de 5 a,2005-09-01,7,7,5,12
SAN JULIAN,nutricion y desarrollo infantil,controles nuevos en ninos de 2 anos a < de 5 a,2005-09-01,57,57,66,123
SAN LORENZO(TJA),nutricion y desarrollo infantil,controles nuevos en ninos de 2 anos a < de 5 a,2005-09-01,11,11,11,22
SAN LUCAS,nutricion y desarrollo infantil,controles nuevos en ninos de 2 anos a < de 5 a,2005-09-01,13,13,13,26
SAN MATIAS,nutricion y desarrollo infantil,controles nuevos en ninos de 2 anos a < de 5 a,2005-09-01,10,10,13,23
SAN MIGUEL DE VELASCO,nutricion y desarrollo infantil,controles nuevos en ninos de 2 anos a < de 5 a,2005-09-01,2,2,1,3
SAN PABLO DE LIPEZ,nutricion y desarrollo infantil,controles nuevos en ninos de 2 anos a < de 5 a,2005-09-01,0,0,1,1
SAN PEDRO,nutricion y desarrollo infantil,controles nuevos en ninos de 2 anos a < de 5 a,2005-09-01,11,11,8,19
SAN PEDRO DE BUENA VISTA,nutricion y desarrollo infantil,controles nuevos en ninos de 2 anos a < de 5 a,2005-09-01,116,116,112,228
SAN PEDRO DE CURAHUARA,nutricion y desarrollo infantil,controles nuevos en ninos de 2 anos a < de 5 a,2005-09-01,1,1,0,1
SAN PEDRO DE TIQUINA,nutricion y desarrollo infantil,controles nuevos en ninos de 2 anos a < de 5 a,2005-09-01,3,3,3,6
SAN PEDRO(PND),nutricion y desarrollo infantil,controles nuevos en ninos de 2 anos a < de 5 a,2005-09-01,11,11,14,25
SAN RAFAEL,nutricion y desarrollo infantil,controles nuevos en ninos de 2 anos a < de 5 a,2005-09-01,5,5,3,8
SAN RAMON,nutricion y desarrollo infantil,controles nuevos en ninos de 2 anos a < de 5 a,2005-09-01,0,0,3,3
SANTA ANA,nutricion y desarrollo infantil,controles nuevos en ninos de 2 anos a < de 5 a,2005-09-01,7,7,14,21
SANTA CRUZ DE LA SIERRA,nutricion y desarrollo infantil,controles nuevos en ninos de 2 anos a < de 5 a,2005-09-01,740,740,712,1452
SANTA ROSA,nutricion y desarrollo infantil,controles nuevos en ninos de 2 anos a < de 5 a,2005-09-01,44,44,39,83
SANTA ROSA DEL SARA,nutricion y desarrollo infantil,controles nuevos en ninos de 2 anos a < de 5 a,2005-09-01,15,15,12,27
SANTIAGO DE HUARI,nutricion y desarrollo infantil,controles nuevos en ninos de 2 anos a < de 5 a,2005-09-01,3,3,1,4
SANTIAGO DE MACHACA,nutricion y desarrollo infantil,controles nuevos en ninos de 2 anos a < de 5 a,2005-09-01,6,6,4,10
SAPAHAQUI,nutricion y desarrollo infantil,controles nuevos en ninos de 2 anos a < de 5 a,2005-09-01,4,4,5,9
SICA SICA (VILLA AROMA),nutricion y desarrollo infantil,controles nuevos en ninos de 2 anos a < de 5 a,2005-09-01,3,3,1,4
SIPE SIPE,nutricion y desarrollo infantil,controles nuevos en ninos de 2 anos a < de 5 a,2005-09-01,95,95,105,200
SORACACHI,nutricion y desarrollo infantil,controles nuevos en ninos de 2 anos a < de 5 a,2005-09-01,89,89,60,149
SORATA,nutricion y desarrollo infantil,controles nuevos en ninos de 2 anos a < de 5 a,2005-09-01,13,13,14,27
SUCRE,nutricion y desarrollo infantil,controles nuevos en ninos de 2 anos a < de 5 a,2005-09-01,246,246,298,544
TACACHI,nutricion y desarrollo infantil,controles nuevos en ninos de 2 anos a < de 5 a,2005-09-01,3,3,2,5
TACACOMA,nutricion y desarrollo infantil,controles nuevos en ninos de 2 anos a < de 5 a,2005-09-01,4,4,3,7
TACOBAMBA,nutricion y desarrollo infantil,controles nuevos en ninos de 2 anos a < de 5 a,2005-09-01,1,1,0,1
TAPACARI,nutricion y desarrollo infantil,controles nuevos en ninos de 2 anos a < de 5 a,2005-09-01,13,13,8,21
TARABUCO,nutricion y desarrollo infantil,controles nuevos en ninos de 2 anos a < de 5 a,2005-09-01,1,1,1,2
TARACO,nutricion y desarrollo infantil,controles nuevos en ninos de 2 anos a < de 5 a,2005-09-01,2,2,3,5
TARATA,nutricion y desarrollo infantil,controles nuevos en ninos de 2 anos a < de 5 a,2005-09-01,2,2,3,5
TARIJA,nutricion y desarrollo infantil,controles nuevos en ninos de 2 anos a < de 5 a,2005-09-01,274,274,315,589
TARVITA,nutricion y desarrollo infantil,controles nuevos en ninos de 2 anos a < de 5 a,2005-09-01,1,1,2,3
TEOPONTE,nutricion y desarrollo infantil,controles nuevos en ninos de 2 anos a < de 5 a,2005-09-01,1,1,0,1
TIAWANACU,nutricion y desarrollo infantil,controles nuevos en ninos de 2 anos a < de 5 a,2005-09-01,2,2,5,7
TINGUIPAYA,nutricion y desarrollo infantil,controles nuevos en ninos de 2 anos a < de 5 a,2005-09-01,8,8,7,15
TIPUANI,nutricion y desarrollo infantil,controles nuevos en ninos de 2 anos a < de 5 a,2005-09-01,0,0,1,1
TIQUIPAYA,nutricion y desarrollo infantil,controles nuevos en ninos de 2 anos a < de 5 a,2005-09-01,75,75,69,144
TIRAQUE (CBBA),nutricion y desarrollo infantil,controles nuevos en ninos de 2 anos a < de 5 a,2005-09-01,148,148,150,298
TOCO,nutricion y desarrollo infantil,controles nuevos en ninos de 2 anos a < de 5 a,2005-09-01,1,1,2,3
TOLATA,nutricion y desarrollo infantil,controles nuevos en ninos de 2 anos a < de 5 a,2005-09-01,3,3,4,7
TOMINA,nutricion y desarrollo infantil,controles nuevos en ninos de 2 anos a < de 5 a,2005-09-01,0,0,1,1
TORO TORO,nutricion y desarrollo infantil,controles nuevos en ninos de 2 anos a < de 5 a,2005-09-01,37,37,37,74
TOTORA(CBBA),nutricion y desarrollo infantil,controles nuevos en ninos de 2 anos a < de 5 a,2005-09-01,2,2,3,5
TOTORA(ORR),nutricion y desarrollo infantil,controles nuevos en ninos de 2 anos a < de 5 a,2005-09-01,3,3,2,5
TRIGAL,nutricion y desarrollo infantil,controles nuevos en ninos de 2 anos a < de 5 a,2005-09-01,1,1,1,2
TRINIDAD,nutricion y desarrollo infantil,controles nuevos en ninos de 2 anos a < de 5 a,2005-09-01,222,222,214,436
TUPIZA,nutricion y desarrollo infantil,controles nuevos en ninos de 2 anos a < de 5 a,2005-09-01,88,88,121,209
TURCO,nutricion y desarrollo infantil,controles nuevos en ninos de 2 anos a < de 5 a,2005-09-01,8,8,5,13
UMALA,nutricion y desarrollo infantil,controles nuevos en ninos de 2 anos a < de 5 a,2005-09-01,6,6,6,12
UNCIA,nutricion y desarrollo infantil,controles nuevos en ninos de 2 anos a < de 5 a,2005-09-01,15,15,14,29
URIONDO (A. CONCEPCION),nutricion y desarrollo infantil,controles nuevos en ninos de 2 anos a < de 5 a,2005-09-01,7,7,8,15
VACAS,nutricion y desarrollo infantil,controles nuevos en ninos de 2 anos a < de 5 a,2005-09-01,28,28,28,56
VALLEGRANDE,nutricion y desarrollo infantil,controles nuevos en ninos de 2 anos a < de 5 a,2005-09-01,78,78,22,100
VIACHA,nutricion y desarrollo infantil,controles nuevos en ninos de 2 anos a < de 5 a,2005-09-01,75,75,66,141
VILA VILA,nutricion y desarrollo infantil,controles nuevos en ninos de 2 anos a < de 5 a,2005-09-01,2,2,0,2
VILLA MONTES,nutricion y desarrollo infantil,controles nuevos en ninos de 2 anos a < de 5 a,2005-09-01,34,34,26,60
VILLA NUEVA (LOMA ALTA),nutricion y desarrollo infantil,controles nuevos en ninos de 2 anos a < de 5 a,2005-09-01,2,2,3,5
VILLA RIVERO,nutricion y desarrollo infantil,controles nuevos en ninos de 2 anos a < de 5 a,2005-09-01,12,12,9,21
VILLA TUNARI,nutricion y desarrollo infantil,controles nuevos en ninos de 2 anos a < de 5 a,2005-09-01,119,119,123,242
VILLA VACA GUZMAN (MUYUPAMPA),nutricion y desarrollo infantil,controles nuevos en ninos de 2 anos a < de 5 a,2005-09-01,2,2,2,4
VILLAZON,nutricion y desarrollo infantil,controles nuevos en ninos de 2 anos a < de 5 a,2005-09-01,1,1,2,3
VINTO,nutricion y desarrollo infantil,controles nuevos en ninos de 2 anos a < de 5 a,2005-09-01,42,42,31,73
WARNES,nutricion y desarrollo infantil,controles nuevos en ninos de 2 anos a < de 5 a,2005-09-01,99,99,97,196
YACO,nutricion y desarrollo infantil,controles nuevos en ninos de 2 anos a < de 5 a,2005-09-01,2,2,0,2
YACUIBA,nutricion y desarrollo infantil,controles nuevos en ninos de 2 anos a < de 5 a,2005-09-01,15,15,8,23
YAMPARAEZ,nutricion y desarrollo infantil,controles nuevos en ninos de 2 anos a < de 5 a,2005-09-01,1,1,0,1
YANACACHI,nutricion y desarrollo infantil,controles nuevos en ninos de 2 anos a < de 5 a,2005-09-01,3,3,4,7
YOTALA,nutricion y desarrollo infantil,controles nuevos en ninos de 2 anos a < de 5 a,2005-09-01,18,18,20,38
YUNCHARA,nutricion y desarrollo infantil,controles nuevos en ninos de 2 anos a < de 5 a,2005-09-01,0,0,1,1
ZUDAÑEZ,nutricion y desarrollo infantil,controles nuevos en ninos de 2 anos a < de 5 a,2005-09-01,1,1,2,3
ACHACACHI,nutricion y desarrollo infantil,controles nuevos en ninos de 2 anos a < de 5 a,2005-10-01,21,21,21,42
ACHOCALLA,nutricion y desarrollo infantil,controles nuevos en ninos de 2 anos a < de 5 a,2005-10-01,1,1,0,1
AIQUILE,nutricion y desarrollo infantil,controles nuevos en ninos de 2 anos a < de 5 a,2005-10-01,16,16,12,28
ALALAY,nutricion y desarrollo infantil,controles nuevos en ninos de 2 anos a < de 5 a,2005-10-01,1,1,1,2
ALCALA,nutricion y desarrollo infantil,controles nuevos en ninos de 2 anos a < de 5 a,2005-10-01,1,1,0,1
ANCORAIMES,nutricion y desarrollo infantil,controles nuevos en ninos de 2 anos a < de 5 a,2005-10-01,3,3,3,6
ANTEQUERA,nutricion y desarrollo infantil,controles nuevos en ninos de 2 anos a < de 5 a,2005-10-01,1,1,0,1
ANZALDO,nutricion y desarrollo infantil,controles nuevos en ninos de 2 anos a < de 5 a,2005-10-01,22,22,24,46
APOLO,nutricion y desarrollo infantil,controles nuevos en ninos de 2 anos a < de 5 a,2005-10-01,10,10,9,19
ARAMPAMPA,nutricion y desarrollo infantil,controles nuevos en ninos de 2 anos a < de 5 a,2005-10-01,0,0,2,2
ARANI,nutricion y desarrollo infantil,controles nuevos en ninos de 2 anos a < de 5 a,2005-10-01,17,17,20,37
ARBIETO,nutricion y desarrollo infantil,controles nuevos en ninos de 2 anos a < de 5 a,2005-10-01,31,31,25,56
ASCENCION DE GUARAYOS,nutricion y desarrollo infantil,controles nuevos en ninos de 2 anos a < de 5 a,2005-10-01,5,5,5,10
ATOCHA,nutricion y desarrollo infantil,controles nuevos en ninos de 2 anos a < de 5 a,2005-10-01,0,0,1,1
AUCAPATA,nutricion y desarrollo infantil,controles nuevos en ninos de 2 anos a < de 5 a,2005-10-01,37,37,24,61
AYATA,nutricion y desarrollo infantil,controles nuevos en ninos de 2 anos a < de 5 a,2005-10-01,8,8,10,18
AYO AYO,nutricion y desarrollo infantil,controles nuevos en ninos de 2 anos a < de 5 a,2005-10-01,2,2,1,3
AYOPAYA (V. DE INDEPENDENCIA),nutricion y desarrollo infantil,controles nuevos en ninos de 2 anos a < de 5 a,2005-10-01,39,39,30,69
AZURDUY,nutricion y desarrollo infantil,controles nuevos en ninos de 2 anos a < de 5 a,2005-10-01,4,4,3,7
BATALLAS,nutricion y desarrollo infantil,controles nuevos en ninos de 2 anos a < de 5 a,2005-10-01,2,2,3,5
BELEN DE ANDAMARCA,nutricion y desarrollo infantil,controles nuevos en ninos de 2 anos a < de 5 a,2005-10-01,1,1,0,1
BERMEJO,nutricion y desarrollo infantil,controles nuevos en ninos de 2 anos a < de 5 a,2005-10-01,71,71,100,171
BOLPEBRA,nutricion y desarrollo infantil,controles nuevos en ninos de 2 anos a < de 5 a,2005-10-01,3,3,4,7
BOYUIBE,nutricion y desarrollo infantil,controles nuevos en ninos de 2 anos a < de 5 a,2005-10-01,3,3,2,5
CABEZAS,nutricion y desarrollo infantil,controles nuevos en ninos de 2 anos a < de 5 a,2005-10-01,6,6,2,8
CAIROMA,nutricion y desarrollo infantil,controles nuevos en ninos de 2 anos a < de 5 a,2005-10-01,1,1,2,3
"CAIZA ""D""",nutricion y desarrollo infantil,controles nuevos en ninos de 2 anos a < de 5 a,2005-10-01,3,3,1,4
CAJUATA,nutricion y desarrollo infantil,controles nuevos en ninos de 2 anos a < de 5 a,2005-10-01,8,8,10,18
CALACOTO,nutricion y desarrollo infantil,controles nuevos en ninos de 2 anos a < de 5 a,2005-10-01,28,28,13,41
CAMARGO,nutricion y desarrollo infantil,controles nuevos en ninos de 2 anos a < de 5 a,2005-10-01,0,0,2,2
CAMIRI,nutricion y desarrollo infantil,controles nuevos en ninos de 2 anos a < de 5 a,2005-10-01,57,57,58,115
CAPINOTA,nutricion y desarrollo infantil,controles nuevos en ninos de 2 anos a < de 5 a,2005-10-01,31,31,20,51
CARACOLLO,nutricion y desarrollo infantil,controles nuevos en ninos de 2 anos a < de 5 a,2005-10-01,8,8,14,22
CARANAVI,nutricion y desarrollo infantil,controles nuevos en ninos de 2 anos a < de 5 a,2005-10-01,265,265,209,474
CARANGAS,nutricion y desarrollo infantil,controles nuevos en ninos de 2 anos a < de 5 a,2005-10-01,3,3,1,4
CARAPARI,nutricion y desarrollo infantil,controles nuevos en ninos de 2 anos a < de 5 a,2005-10-01,1,1,2,3
CARIPUYO,nutricion y desarrollo infantil,controles nuevos en ninos de 2 anos a < de 5 a,2005-10-01,3,3,1,4
CARMEN RIVERO TORREZ,nutricion y desarrollo infantil,controles nuevos en ninos de 2 anos a < de 5 a,2005-10-01,1,1,1,2
CHALLAPATA,nutricion y desarrollo infantil,controles nuevos en ninos de 2 anos a < de 5 a,2005-10-01,42,42,42,84
CHARAGUA,nutricion y desarrollo infantil,controles nuevos en ninos de 2 anos a < de 5 a,2005-10-01,17,17,9,26
CHAYANTA,nutricion y desarrollo infantil,controles nuevos en ninos de 2 anos a < de 5 a,2005-10-01,3,3,0,3
CHIMORE,nutricion y desarrollo infantil,controles nuevos en ninos de 2 anos a < de 5 a,2005-10-01,27,27,26,53
CHOQUE COTA,nutricion y desarrollo infantil,controles nuevos en ninos de 2 anos a < de 5 a,2005-10-01,1,1,1,2
CHULUMANI (V. DE LA LIBERTAD),nutricion y desarrollo infantil,controles nuevos en ninos de 2 anos a < de 5 a,2005-10-01,10,10,15,25
CHUMA,nutricion y desarrollo infantil,controles nuevos en ninos de 2 anos a < de 5 a,2005-10-01,8,8,5,13
CLIZA,nutricion y desarrollo infantil,controles nuevos en ninos de 2 anos a < de 5 a,2005-10-01,54,54,42,96
COBIJA,nutricion y desarrollo infantil,controles nuevos en ninos de 2 anos a < de 5 a,2005-10-01,53,53,33,86
COCHABAMBA,nutricion y desarrollo infantil,controles nuevos en ninos de 2 anos a < de 5 a,2005-10-01,1004,1004,1111,2115
COLCAPIRHUA,nutricion y desarrollo infantil,controles nuevos en ninos de 2 anos a < de 5 a,2005-10-01,307,307,239,546
COLOMI,nutricion y desarrollo infantil,controles nuevos en ninos de 2 anos a < de 5 a,2005-10-01,51,51,48,99
COLPA BELGICA,nutricion y desarrollo infantil,controles nuevos en ninos de 2 anos a < de 5 a,2005-10-01,5,5,6,11
COLQUECHACA,nutricion y desarrollo infantil,controles nuevos en ninos de 2 anos a < de 5 a,2005-10-01,25,25,26,51
COLQUENCHA,nutricion y desarrollo infantil,controles nuevos en ninos de 2 anos a < de 5 a,2005-10-01,18,18,22,40
COLQUIRI,nutricion y desarrollo infantil,controles nuevos en ninos de 2 anos a < de 5 a,2005-10-01,11,11,10,21
COMANCHE,nutricion y desarrollo infantil,controles nuevos en ninos de 2 anos a < de 5 a,2005-10-01,0,0,3,3
CONCEPCION,nutricion y desarrollo infantil,controles nuevos en ninos de 2 anos a < de 5 a,2005-10-01,1,1,2,3
COPACABANA,nutricion y desarrollo infantil,controles nuevos en ninos de 2 anos a < de 5 a,2005-10-01,8,8,5,13
CORIPATA,nutricion y desarrollo infantil,controles nuevos en ninos de 2 anos a < de 5 a,2005-10-01,7,7,7,14
COROICO,nutricion y desarrollo infantil,controles nuevos en ninos de 2 anos a < de 5 a,2005-10-01,9,9,7,16
CORQUE,nutricion y desarrollo infantil,controles nuevos en ninos de 2 anos a < de 5 a,2005-10-01,2,2,1,3
COTAGAITA,nutricion y desarrollo infantil,controles nuevos en ninos de 2 anos a < de 5 a,2005-10-01,3,3,4,7
COTOCA,nutricion y desarrollo infantil,controles nuevos en ninos de 2 anos a < de 5 a,2005-10-01,10,10,7,17
CUATRO CAÑADAS,nutricion y desarrollo infantil,controles nuevos en ninos de 2 anos a < de 5 a,2005-10-01,48,48,34,82
CULPINA,nutricion y desarrollo infantil,controles nuevos en ninos de 2 anos a < de 5 a,2005-10-01,15,15,3,18
CURAHUARA DE CARANGAS,nutricion y desarrollo infantil,controles nuevos en ninos de 2 anos a < de 5 a,2005-10-01,13,13,7,20
DESAGUADERO,nutricion y desarrollo infantil,controles nuevos en ninos de 2 anos a < de 5 a,2005-10-01,1,1,1,2
EL ALTO,nutricion y desarrollo infantil,controles nuevos en ninos de 2 anos a < de 5 a,2005-10-01,1449,1449,1347,2796
EL PUENTE(TJA),nutricion y desarrollo infantil,controles nuevos en ninos de 2 anos a < de 5 a,2005-10-01,3,3,3,6
EL TORNO,nutricion y desarrollo infantil,controles nuevos en ninos de 2 anos a < de 5 a,2005-10-01,1,1,2,3
ENTRE RIOS,nutricion y desarrollo infantil,controles nuevos en ninos de 2 anos a < de 5 a,2005-10-01,51,51,52,103
ENTRE RIOS,nutricion y desarrollo infantil,controles nuevos en ninos de 2 anos a < de 5 a,2005-10-01,8,8,0,8
EUREKA (SANTOS MERCADO),nutricion y desarrollo infantil,controles nuevos en ninos de 2 anos a < de 5 a,2005-10-01,2,2,1,3
EXALTACION,nutricion y desarrollo infantil,controles nuevos en ninos de 2 anos a < de 5 a,2005-10-01,2,2,0,2
FERNANDEZ ALONSO,nutricion y desarrollo infantil,controles nuevos en ninos de 2 anos a < de 5 a,2005-10-01,2,2,4,6
GENERAL SAAVEDRA,nutricion y desarrollo infantil,controles nuevos en ninos de 2 anos a < de 5 a,2005-10-01,28,28,27,55
GRAL. J.J. PEREZ (CHARAZANI),nutricion y desarrollo infantil,controles nuevos en ninos de 2 anos a < de 5 a,2005-10-01,3,3,8,11
GUANAY,nutricion y desarrollo infantil,controles nuevos en ninos de 2 anos a < de 5 a,2005-10-01,17,17,11,28
GUAQUI,nutricion y desarrollo infantil,controles nuevos en ninos de 2 anos a < de 5 a,2005-10-01,0,0,1,1
GUAYARAMERIN,nutricion y desarrollo infantil,controles nuevos en ninos de 2 anos a < de 5 a,2005-10-01,49,49,39,88
GUTIERREZ,nutricion y desarrollo infantil,controles nuevos en ninos de 2 anos a < de 5 a,2005-10-01,51,51,60,111
HUACARETA,nutricion y desarrollo infantil,controles nuevos en ninos de 2 anos a < de 5 a,2005-10-01,0,0,4,4
HUACHACALLA,nutricion y desarrollo infantil,controles nuevos en ninos de 2 anos a < de 5 a,2005-10-01,0,0,1,1
HUANUNI,nutricion y desarrollo infantil,controles nuevos en ninos de 2 anos a < de 5 a,2005-10-01,29,29,22,51
HUAYLLAMARCA,nutricion y desarrollo infantil,controles nuevos en ninos de 2 anos a < de 5 a,2005-10-01,4,4,3,7
ICHOCA,nutricion y desarrollo infantil,controles nuevos en ninos de 2 anos a < de 5 a,2005-10-01,5,5,3,8
INCAHUASI,nutricion y desarrollo infantil,controles nuevos en ninos de 2 anos a < de 5 a,2005-10-01,1,1,0,1
INQUISIVI,nutricion y desarrollo infantil,controles nuevos en ninos de 2 anos a < de 5 a,2005-10-01,2,2,0,2
IRUPANA (VILLA DE LANZA),nutricion y desarrollo infantil,controles nuevos en ninos de 2 anos a < de 5 a,2005-10-01,10,10,16,26
IXIAMAS,nutricion y desarrollo infantil,controles nuevos en ninos de 2 anos a < de 5 a,2005-10-01,3,3,3,6
JESUS DE MACHACA,nutricion y desarrollo infantil,controles nuevos en ninos de 2 anos a < de 5 a,2005-10-01,1,1,2,3
LA ASUNTA,nutricion y desarrollo infantil,controles nuevos en ninos de 2 anos a < de 5 a,2005-10-01,0,0,2,2
LA GUARDIA,nutricion y desarrollo infantil,controles nuevos en ninos de 2 anos a < de 5 a,2005-10-01,24,24,28,52
LA PAZ,nutricion y desarrollo infantil,controles nuevos en ninos de 2 anos a < de 5 a,2005-10-01,812,812,765,1577
LAGUNILLAS,nutricion y desarrollo infantil,controles nuevos en ninos de 2 anos a < de 5 a,2005-10-01,0,0,3,3
LAS CARRERAS,nutricion y desarrollo infantil,controles nuevos en ninos de 2 anos a < de 5 a,2005-10-01,28,28,21,49
LLALLAGUA,nutricion y desarrollo infantil,controles nuevos en ninos de 2 anos a < de 5 a,2005-10-01,6,6,2,8
LLICA,nutricion y desarrollo infantil,controles nuevos en ninos de 2 anos a < de 5 a,2005-10-01,0,0,2,2
LORETO,nutricion y desarrollo infantil,controles nuevos en ninos de 2 anos a < de 5 a,2005-10-01,12,12,5,17
LURIBAY,nutricion y desarrollo infantil,controles nuevos en ninos de 2 anos a < de 5 a,2005-10-01,7,7,5,12
MACHACAMARCA,nutricion y desarrollo infantil,controles nuevos en ninos de 2 anos a < de 5 a,2005-10-01,1,1,1,2
MACHARETI,nutricion y desarrollo infantil,controles nuevos en ninos de 2 anos a < de 5 a,2005-10-01,2,2,0,2
MAGDALENA,nutricion y desarrollo infantil,controles nuevos en ninos de 2 anos a < de 5 a,2005-10-01,1,1,0,1
MAPIRI,nutricion y desarrollo infantil,controles nuevos en ninos de 2 anos a < de 5 a,2005-10-01,2,2,4,6
MECAPACA,nutricion y desarrollo infantil,controles nuevos en ninos de 2 anos a < de 5 a,2005-10-01,16,16,10,26
MINEROS,nutricion y desarrollo infantil,controles nuevos en ninos de 2 anos a < de 5 a,2005-10-01,26,26,28,54
MIZQUE,nutricion y desarrollo infantil,controles nuevos en ninos de 2 anos a < de 5 a,2005-10-01,4,4,7,11
MOCOMOCO,nutricion y desarrollo infantil,controles nuevos en ninos de 2 anos a < de 5 a,2005-10-01,4,4,6,10
MONTEAGUDO,nutricion y desarrollo infantil,controles nuevos en ninos de 2 anos a < de 5 a,2005-10-01,12,12,8,20
MONTERO,nutricion y desarrollo infantil,controles nuevos en ninos de 2 anos a < de 5 a,2005-10-01,51,51,44,95
MORO MORO,nutricion y desarrollo infantil,controles nuevos en ninos de 2 anos a < de 5 a,2005-10-01,1,1,1,2
MOROCHATA,nutricion y desarrollo infantil,controles nuevos en ninos de 2 anos a < de 5 a,2005-10-01,74,74,81,155
NUEVO MANOA (NUEVA ESPERANZA),nutricion y desarrollo infantil,controles nuevos en ninos de 2 anos a < de 5 a,2005-10-01,6,6,11,17
OCURI,nutricion y desarrollo infantil,controles nuevos en ninos de 2 anos a < de 5 a,2005-10-01,0,0,1,1
OKINAWA,nutricion y desarrollo infantil,controles nuevos en ninos de 2 anos a < de 5 a,2005-10-01,4,4,3,7
OMEREQUE,nutricion y desarrollo infantil,controles nuevos en ninos de 2 anos a < de 5 a,2005-10-01,2,2,1,3
ORURO,nutricion y desarrollo infantil,controles nuevos en ninos de 2 anos a < de 5 a,2005-10-01,181,181,175,356
PADCAYA,nutricion y desarrollo infantil,controles nuevos en ninos de 2 anos a < de 5 a,2005-10-01,1,1,1,2
PADILLA,nutricion y desarrollo infantil,controles nuevos en ninos de 2 anos a < de 5 a,2005-10-01,0,0,1,1
PAILON,nutricion y desarrollo infantil,controles nuevos en ninos de 2 anos a < de 5 a,2005-10-01,0,0,2,2
PALCA,nutricion y desarrollo infantil,controles nuevos en ninos de 2 anos a < de 5 a,2005-10-01,8,8,7,15
PALOS BLANCOS,nutricion y desarrollo infantil,controles nuevos en ninos de 2 anos a < de 5 a,2005-10-01,6,6,6,12
PAPEL PAMPA,nutricion y desarrollo infantil,controles nuevos en ninos de 2 anos a < de 5 a,2005-10-01,1,1,0,1
PATACAMAYA,nutricion y desarrollo infantil,controles nuevos en ninos de 2 anos a < de 5 a,2005-10-01,25,25,15,40
PELECHUCO,nutricion y desarrollo infantil,controles nuevos en ninos de 2 anos a < de 5 a,2005-10-01,26,26,21,47
POCOATA,nutricion y desarrollo infantil,controles nuevos en ninos de 2 anos a < de 5 a,2005-10-01,2,2,3,5
POCONA,nutricion y desarrollo infantil,controles nuevos en ninos de 2 anos a < de 5 a,2005-10-01,5,5,7,12
POJO (CBBA),nutricion y desarrollo infantil,controles nuevos en ninos de 2 anos a < de 5 a,2005-10-01,3,3,2,5
POOPO,nutricion y desarrollo infantil,controles nuevos en ninos de 2 anos a < de 5 a,2005-10-01,2,2,5,7
POROMA,nutricion y desarrollo infantil,controles nuevos en ninos de 2 anos a < de 5 a,2005-10-01,1,1,1,2
PORONGO,nutricion y desarrollo infantil,controles nuevos en ninos de 2 anos a < de 5 a,2005-10-01,12,12,6,18
PORTACHUELO,nutricion y desarrollo infantil,controles nuevos en ninos de 2 anos a < de 5 a,2005-10-01,16,16,13,29
PORVENIR,nutricion y desarrollo infantil,controles nuevos en ninos de 2 anos a < de 5 a,2005-10-01,1,1,1,2
POSTRER VALLE,nutricion y desarrollo infantil,controles nuevos en ninos de 2 anos a < de 5 a,2005-10-01,0,0,1,1
POTOSI,nutricion y desarrollo infantil,controles nuevos en ninos de 2 anos a < de 5 a,2005-10-01,107,107,129,236
PUCARA,nutricion y desarrollo infantil,controles nuevos en ninos de 2 anos a < de 5 a,2005-10-01,0,0,3,3
PUCARANI,nutricion y desarrollo infantil,controles nuevos en ninos de 2 anos a < de 5 a,2005-10-01,89,89,90,179
PUERTO ACOSTA,nutricion y desarrollo infantil,controles nuevos en ninos de 2 anos a < de 5 a,2005-10-01,14,14,16,30
PUERTO CARABUCO,nutricion y desarrollo infantil,controles nuevos en ninos de 2 anos a < de 5 a,2005-10-01,4,4,4,8
PUERTO GONZALO MORENO,nutricion y desarrollo infantil,controles nuevos en ninos de 2 anos a < de 5 a,2005-10-01,0,0,1,1
PUERTO PEREZ,nutricion y desarrollo infantil,controles nuevos en ninos de 2 anos a < de 5 a,2005-10-01,7,7,5,12
PUERTO QUIJARRO,nutricion y desarrollo infantil,controles nuevos en ninos de 2 anos a < de 5 a,2005-10-01,97,97,90,187
PUERTO RICO,nutricion y desarrollo infantil,controles nuevos en ninos de 2 anos a < de 5 a,2005-10-01,4,4,3,7
PUERTO SUAREZ,nutricion y desarrollo infantil,controles nuevos en ninos de 2 anos a < de 5 a,2005-10-01,8,8,0,8
PUERTO VILLARROEL,nutricion y desarrollo infantil,controles nuevos en ninos de 2 anos a < de 5 a,2005-10-01,88,88,90,178
PUNA,nutricion y desarrollo infantil,controles nuevos en ninos de 2 anos a < de 5 a,2005-10-01,9,9,6,15
PUNATA,nutricion y desarrollo infantil,controles nuevos en ninos de 2 anos a < de 5 a,2005-10-01,62,62,72,134
QUIABAYA,nutricion y desarrollo infantil,controles nuevos en ninos de 2 anos a < de 5 a,2005-10-01,2,2,1,3
QUILLACOLLO,nutricion y desarrollo infantil,controles nuevos en ninos de 2 anos a < de 5 a,2005-10-01,201,201,225,426
QUIME,nutricion y desarrollo infantil,controles nuevos en ninos de 2 anos a < de 5 a,2005-10-01,3,3,5,8
REYES,nutricion y desarrollo infantil,controles nuevos en ninos de 2 anos a < de 5 a,2005-10-01,0,0,1,1
RIBERALTA,nutricion y desarrollo infantil,controles nuevos en ninos de 2 anos a < de 5 a,2005-10-01,30,30,21,51
ROBORE,nutricion y desarrollo infantil,controles nuevos en ninos de 2 anos a < de 5 a,2005-10-01,4,4,1,5
RURRENABAQUE,nutricion y desarrollo infantil,controles nuevos en ninos de 2 anos a < de 5 a,2005-10-01,15,15,12,27
SABAYA,nutricion y desarrollo infantil,controles nuevos en ninos de 2 anos a < de 5 a,2005-10-01,5,5,1,6
SACABA,nutricion y desarrollo infantil,controles nuevos en ninos de 2 anos a < de 5 a,2005-10-01,177,177,197,374
SACABAMBA,nutricion y desarrollo infantil,controles nuevos en ninos de 2 anos a < de 5 a,2005-10-01,6,6,2,8
SACACA,nutricion y desarrollo infantil,controles nuevos en ninos de 2 anos a < de 5 a,2005-10-01,11,11,9,20
SAIPINA,nutricion y desarrollo infantil,controles nuevos en ninos de 2 anos a < de 5 a,2005-10-01,0,0,2,2
SALINAS DE GARCI MENDOZA,nutricion y desarrollo infantil,controles nuevos en ninos de 2 anos a < de 5 a,2005-10-01,1,1,0,1
SAN ANDRES,nutricion y desarrollo infantil,controles nuevos en ninos de 2 anos a < de 5 a,2005-10-01,30,30,16,46
SAN BENITO,nutricion y desarrollo infantil,controles nuevos en ninos de 2 anos a < de 5 a,2005-10-01,13,13,17,30
SAN BORJA,nutricion y desarrollo infantil,controles nuevos en ninos de 2 anos a < de 5 a,2005-10-01,16,16,14,30
SAN BUENA VENTURA,nutricion y desarrollo infantil,controles nuevos en ninos de 2 anos a < de 5 a,2005-10-01,7,7,5,12
SAN IGNACIO,nutricion y desarrollo infantil,controles nuevos en ninos de 2 anos a < de 5 a,2005-10-01,35,35,16,51
SAN IGNACIO DE VELASCO,nutricion y desarrollo infantil,controles nuevos en ninos de 2 anos a < de 5 a,2005-10-01,11,11,20,31
SAN JAVIER(BNI),nutricion y desarrollo infantil,controles nuevos en ninos de 2 anos a < de 5 a,2005-10-01,20,20,21,41
SAN JAVIER(STC),nutricion y desarrollo infantil,controles nuevos en ninos de 2 anos a < de 5 a,2005-10-01,87,87,66,153
SAN JULIAN,nutricion y desarrollo infantil,controles nuevos en ninos de 2 anos a < de 5 a,2005-10-01,56,56,68,124
SAN LORENZO(PND),nutricion y desarrollo infantil,controles nuevos en ninos de 2 anos a < de 5 a,2005-10-01,0,0,2,2
SAN LORENZO(TJA),nutricion y desarrollo infantil,controles nuevos en ninos de 2 anos a < de 5 a,2005-10-01,8,8,9,17
SAN LUCAS,nutricion y desarrollo infantil,controles nuevos en ninos de 2 anos a < de 5 a,2005-10-01,12,12,9,21
SAN MATIAS,nutricion y desarrollo infantil,controles nuevos en ninos de 2 anos a < de 5 a,2005-10-01,5,5,3,8
SAN MIGUEL DE VELASCO,nutricion y desarrollo infantil,controles nuevos en ninos de 2 anos a < de 5 a,2005-10-01,10,10,20,30
SAN PEDRO,nutricion y desarrollo infantil,controles nuevos en ninos de 2 anos a < de 5 a,2005-10-01,30,30,27,57
SAN PEDRO DE BUENA VISTA,nutricion y desarrollo infantil,controles nuevos en ninos de 2 anos a < de 5 a,2005-10-01,4,4,2,6
SAN PEDRO DE CURAHUARA,nutricion y desarrollo infantil,controles nuevos en ninos de 2 anos a < de 5 a,2005-10-01,2,2,0,2
SAN PEDRO DE TIQUINA,nutricion y desarrollo infantil,controles nuevos en ninos de 2 anos a < de 5 a,2005-10-01,4,4,1,5
SAN PEDRO(PND),nutricion y desarrollo infantil,controles nuevos en ninos de 2 anos a < de 5 a,2005-10-01,14,14,17,31
SAN RAFAEL,nutricion y desarrollo infantil,controles nuevos en ninos de 2 anos a < de 5 a,2005-10-01,8,8,2,10
SAN RAMON,nutricion y desarrollo infantil,controles nuevos en ninos de 2 anos a < de 5 a,2005-10-01,1,1,1,2
SANTA ANA,nutricion y desarrollo infantil,controles nuevos en ninos de 2 anos a < de 5 a,2005-10-01,4,4,10,14
SANTA CRUZ DE LA SIERRA,nutricion y desarrollo infantil,controles nuevos en ninos de 2 anos a < de 5 a,2005-10-01,996,996,932,1928
SANTA ROSA,nutricion y desarrollo infantil,controles nuevos en ninos de 2 anos a < de 5 a,2005-10-01,10,10,11,21
SANTA ROSA DEL SARA,nutricion y desarrollo infantil,controles nuevos en ninos de 2 anos a < de 5 a,2005-10-01,33,33,31,64
SANTIAGO DE CALLAPA,nutricion y desarrollo infantil,controles nuevos en ninos de 2 anos a < de 5 a,2005-10-01,1,1,1,2
SANTIAGO DE HUARI,nutricion y desarrollo infantil,controles nuevos en ninos de 2 anos a < de 5 a,2005-10-01,17,17,8,25
SANTIAGO DE MACHACA,nutricion y desarrollo infantil,controles nuevos en ninos de 2 anos a < de 5 a,2005-10-01,3,3,1,4
SICA SICA (VILLA AROMA),nutricion y desarrollo infantil,controles nuevos en ninos de 2 anos a < de 5 a,2005-10-01,1,1,0,1
SIPE SIPE,nutricion y desarrollo infantil,controles nuevos en ninos de 2 anos a < de 5 a,2005-10-01,68,68,65,133
SORATA,nutricion y desarrollo infantil,controles nuevos en ninos de 2 anos a < de 5 a,2005-10-01,24,24,27,51
SUCRE,nutricion y desarrollo infantil,controles nuevos en ninos de 2 anos a < de 5 a,2005-10-01,213,213,230,443
TACACHI,nutricion y desarrollo infantil,controles nuevos en ninos de 2 anos a < de 5 a,2005-10-01,5,5,4,9
TACACOMA,nutricion y desarrollo infantil,controles nuevos en ninos de 2 anos a < de 5 a,2005-10-01,5,5,4,9
TACOPAYA,nutricion y desarrollo infantil,controles nuevos en ninos de 2 anos a < de 5 a,2005-10-01,2,2,0,2
TAPACARI,nutricion y desarrollo infantil,controles nuevos en ninos de 2 anos a < de 5 a,2005-10-01,40,40,33,73
TARABUCO,nutricion y desarrollo infantil,controles nuevos en ninos de 2 anos a < de 5 a,2005-10-01,3,3,0,3
TARACO,nutricion y desarrollo infantil,controles nuevos en ninos de 2 anos a < de 5 a,2005-10-01,6,6,7,13
TARATA,nutricion y desarrollo infantil,controles nuevos en ninos de 2 anos a < de 5 a,2005-10-01,0,0,1,1
TARIJA,nutricion y desarrollo infantil,controles nuevos en ninos de 2 anos a < de 5 a,2005-10-01,216,216,227,443
TARVITA,nutricion y desarrollo infantil,controles nuevos en ninos de 2 anos a < de 5 a,2005-10-01,0,0,1,1
TEOPONTE,nutricion y desarrollo infantil,controles nuevos en ninos de 2 anos a < de 5 a,2005-10-01,0,0,2,2
TIAWANACU,nutricion y desarrollo infantil,controles nuevos en ninos de 2 anos a < de 5 a,2005-10-01,13,13,12,25
TINGUIPAYA,nutricion y desarrollo infantil,controles nuevos en ninos de 2 anos a < de 5 a,2005-10-01,35,35,19,54
TIQUIPAYA,nutricion y desarrollo infantil,controles nuevos en ninos de 2 anos a < de 5 a,2005-10-01,103,103,59,162
TIRAQUE (CBBA),nutricion y desarrollo infantil,controles nuevos en ninos de 2 anos a < de 5 a,2005-10-01,177,177,192,369
TITO YUPANQUI (PARQUIPUJIO),nutricion y desarrollo infantil,controles nuevos en ninos de 2 anos a < de 5 a,2005-10-01,2,2,1,3
TOCO,nutricion y desarrollo infantil,controles nuevos en ninos de 2 anos a < de 5 a,2005-10-01,2,2,2,4
TODOS SANTOS,nutricion y desarrollo infantil,controles nuevos en ninos de 2 anos a < de 5 a,2005-10-01,2,2,0,2
TOLATA,nutricion y desarrollo infantil,controles nuevos en ninos de 2 anos a < de 5 a,2005-10-01,14,14,8,22
TOLEDO,nutricion y desarrollo infantil,controles nuevos en ninos de 2 anos a < de 5 a,2005-10-01,9,9,6,15
TOMINA,nutricion y desarrollo infantil,controles nuevos en ninos de 2 anos a < de 5 a,2005-10-01,0,0,1,1
TORO TORO,nutricion y desarrollo infantil,controles nuevos en ninos de 2 anos a < de 5 a,2005-10-01,26,26,37,63
TOTORA(CBBA),nutricion y desarrollo infantil,controles nuevos en ninos de 2 anos a < de 5 a,2005-10-01,12,12,6,18
TOTORA(ORR),nutricion y desarrollo infantil,controles nuevos en ninos de 2 anos a < de 5 a,2005-10-01,2,2,1,3
TRINIDAD,nutricion y desarrollo infantil,controles nuevos en ninos de 2 anos a < de 5 a,2005-10-01,214,214,186,400
TUPIZA,nutricion y desarrollo infantil,controles nuevos en ninos de 2 anos a < de 5 a,2005-10-01,1,1,2,3
TURCO,nutricion y desarrollo infantil,controles nuevos en ninos de 2 anos a < de 5 a,2005-10-01,3,3,5,8
UMALA,nutricion y desarrollo infantil,controles nuevos en ninos de 2 anos a < de 5 a,2005-10-01,2,2,1,3
UNCIA,nutricion y desarrollo infantil,controles nuevos en ninos de 2 anos a < de 5 a,2005-10-01,22,22,24,46
URIONDO (A. CONCEPCION),nutricion y desarrollo infantil,controles nuevos en ninos de 2 anos a < de 5 a,2005-10-01,0,0,1,1
URUBICHA,nutricion y desarrollo infantil,controles nuevos en ninos de 2 anos a < de 5 a,2005-10-01,3,3,1,4
VACAS,nutricion y desarrollo infantil,controles nuevos en ninos de 2 anos a < de 5 a,2005-10-01,31,31,28,59
VALLEGRANDE,nutricion y desarrollo infantil,controles nuevos en ninos de 2 anos a < de 5 a,2005-10-01,1,1,1,2
VIACHA,nutricion y desarrollo infantil,controles nuevos en ninos de 2 anos a < de 5 a,2005-10-01,50,50,39,89
VILA VILA,nutricion y desarrollo infantil,controles nuevos en ninos de 2 anos a < de 5 a,2005-10-01,4,4,3,7
VILLA MONTES,nutricion y desarrollo infantil,controles nuevos en ninos de 2 anos a < de 5 a,2005-10-01,22,22,23,45
VILLA RIVERO,nutricion y desarrollo infantil,controles nuevos en ninos de 2 anos a < de 5 a,2005-10-01,4,4,1,5
VILLA TUNARI,nutricion y desarrollo infantil,controles nuevos en ninos de 2 anos a < de 5 a,2005-10-01,236,236,255,491
VILLA VACA GUZMAN (MUYUPAMPA),nutricion y desarrollo infantil,controles nuevos en ninos de 2 anos a < de 5 a,2005-10-01,5,5,1,6
VILLAZON,nutricion y desarrollo infantil,controles nuevos en ninos de 2 anos a < de 5 a,2005-10-01,3,3,2,5
VINTO,nutricion y desarrollo infantil,controles nuevos en ninos de 2 anos a < de 5 a,2005-10-01,76,76,76,152
WARNES,nutricion y desarrollo infantil,controles nuevos en ninos de 2 anos a < de 5 a,2005-10-01,61,61,67,128
YACUIBA,nutricion y desarrollo infantil,controles nuevos en ninos de 2 anos a < de 5 a,2005-10-01,6,6,19,25
YAMPARAEZ,nutricion y desarrollo infantil,controles nuevos en ninos de 2 anos a < de 5 a,2005-10-01,0,0,2,2
YANACACHI,nutricion y desarrollo infantil,controles nuevos en ninos de 2 anos a < de 5 a,2005-10-01,1,1,1,2
YOCALLA,nutricion y desarrollo infantil,controles nuevos en ninos de 2 anos a < de 5 a,2005-10-01,0,0,1,1
YOTALA,nutricion y desarrollo infantil,controles nuevos en ninos de 2 anos a < de 5 a,2005-10-01,3,3,1,4
YUNCHARA,nutricion y desarrollo infantil,controles nuevos en ninos de 2 anos a < de 5 a,2005-10-01,2,2,0,2
ACHACACHI,nutricion y desarrollo infantil,controles nuevos en ninos de 2 anos a < de 5 a,2005-11-01,32,32,21,53
AIQUILE,nutricion y desarrollo infantil,controles nuevos en ninos de 2 anos a < de 5 a,2005-11-01,22,22,34,56
ANCORAIMES,nutricion y desarrollo infantil,controles nuevos en ninos de 2 anos a < de 5 a,2005-11-01,2,2,0,2
ANTEQUERA,nutricion y desarrollo infantil,controles nuevos en ninos de 2 anos a < de 5 a,2005-11-01,2,2,1,3
ANZALDO,nutricion y desarrollo infantil,controles nuevos en ninos de 2 anos a < de 5 a,2005-11-01,17,17,30,47
APOLO,nutricion y desarrollo infantil,controles nuevos en ninos de 2 anos a < de 5 a,2005-11-01,10,10,5,15
ARAMPAMPA,nutricion y desarrollo infantil,controles nuevos en ninos de 2 anos a < de 5 a,2005-11-01,24,24,23,47
ARANI,nutricion y desarrollo infantil,controles nuevos en ninos de 2 anos a < de 5 a,2005-11-01,22,22,33,55
ARBIETO,nutricion y desarrollo infantil,controles nuevos en ninos de 2 anos a < de 5 a,2005-11-01,8,8,6,14
ARQUE,nutricion y desarrollo infantil,controles nuevos en ninos de 2 anos a < de 5 a,2005-11-01,0,0,1,1
AUCAPATA,nutricion y desarrollo infantil,controles nuevos en ninos de 2 anos a < de 5 a,2005-11-01,0,0,3,3
AYATA,nutricion y desarrollo infantil,controles nuevos en ninos de 2 anos a < de 5 a,2005-11-01,3,3,0,3
AYO AYO,nutricion y desarrollo infantil,controles nuevos en ninos de 2 anos a < de 5 a,2005-11-01,1,1,2,3
AYOPAYA (V. DE INDEPENDENCIA),nutricion y desarrollo infantil,controles nuevos en ninos de 2 anos a < de 5 a,2005-11-01,29,29,25,54
AZURDUY,nutricion y desarrollo infantil,controles nuevos en ninos de 2 anos a < de 5 a,2005-11-01,11,11,7,18
BATALLAS,nutricion y desarrollo infantil,controles nuevos en ninos de 2 anos a < de 5 a,2005-11-01,24,24,15,39
BAURES,nutricion y desarrollo infantil,controles nuevos en ninos de 2 anos a < de 5 a,2005-11-01,3,3,1,4
BELEN DE ANDAMARCA,nutricion y desarrollo infantil,controles nuevos en ninos de 2 anos a < de 5 a,2005-11-01,1,1,0,1
BERMEJO,nutricion y desarrollo infantil,controles nuevos en ninos de 2 anos a < de 5 a,2005-11-01,20,20,21,41
BOLIVAR,nutricion y desarrollo infantil,controles nuevos en ninos de 2 anos a < de 5 a,2005-11-01,7,7,6,13
BOLPEBRA,nutricion y desarrollo infantil,controles nuevos en ninos de 2 anos a < de 5 a,2005-11-01,2,2,3,5
BOYUIBE,nutricion y desarrollo infantil,controles nuevos en ninos de 2 anos a < de 5 a,2005-11-01,3,3,3,6
BUENA VISTA,nutricion y desarrollo infantil,controles nuevos en ninos de 2 anos a < de 5 a,2005-11-01,2,2,0,2
CABEZAS,nutricion y desarrollo infantil,controles nuevos en ninos de 2 anos a < de 5 a,2005-11-01,4,4,0,4
CAIROMA,nutricion y desarrollo infantil,controles nuevos en ninos de 2 anos a < de 5 a,2005-11-01,2,2,3,5
"CAIZA ""D""",nutricion y desarrollo infantil,controles nuevos en ninos de 2 anos a < de 5 a,2005-11-01,4,4,1,5
CAJUATA,nutricion y desarrollo infantil,controles nuevos en ninos de 2 anos a < de 5 a,2005-11-01,7,7,8,15
CALACOTO,nutricion y desarrollo infantil,controles nuevos en ninos de 2 anos a < de 5 a,2005-11-01,1,1,2,3
CALAMARCA,nutricion y desarrollo infantil,controles nuevos en ninos de 2 anos a < de 5 a,2005-11-01,1,1,1,2
CAMARGO,nutricion y desarrollo infantil,controles nuevos en ninos de 2 anos a < de 5 a,2005-11-01,2,2,0,2
CAMIRI,nutricion y desarrollo infantil,controles nuevos en ninos de 2 anos a < de 5 a,2005-11-01,69,69,53,122
CAPINOTA,nutricion y desarrollo infantil,controles nuevos en ninos de 2 anos a < de 5 a,2005-11-01,1,1,2,3
CARACOLLO,nutricion y desarrollo infantil,controles nuevos en ninos de 2 anos a < de 5 a,2005-11-01,2,2,3,5
CARANAVI,nutricion y desarrollo infantil,controles nuevos en ninos de 2 anos a < de 5 a,2005-11-01,24,24,11,35
CARANGAS,nutricion y desarrollo infantil,controles nuevos en ninos de 2 anos a < de 5 a,2005-11-01,1,1,2,3
CARAPARI,nutricion y desarrollo infantil,controles nuevos en ninos de 2 anos a < de 5 a,2005-11-01,3,3,1,4
CARMEN RIVERO TORREZ,nutricion y desarrollo infantil,controles nuevos en ninos de 2 anos a < de 5 a,2005-11-01,5,5,4,9
CATACORA,nutricion y desarrollo infantil,controles nuevos en ninos de 2 anos a < de 5 a,2005-11-01,2,2,0,2
CHALLAPATA,nutricion y desarrollo infantil,controles nuevos en ninos de 2 anos a < de 5 a,2005-11-01,3,3,3,6
CHARAGUA,nutricion y desarrollo infantil,controles nuevos en ninos de 2 anos a < de 5 a,2005-11-01,10,10,7,17
CHARAÑA,nutricion y desarrollo infantil,controles nuevos en ninos de 2 anos a < de 5 a,2005-11-01,24,24,28,52
CHAYANTA,nutricion y desarrollo infantil,controles nuevos en ninos de 2 anos a < de 5 a,2005-11-01,6,6,1,7
CHIMORE,nutricion y desarrollo infantil,controles nuevos en ninos de 2 anos a < de 5 a,2005-11-01,15,15,15,30
CHULUMANI (V. DE LA LIBERTAD),nutricion y desarrollo infantil,controles nuevos en ninos de 2 anos a < de 5 a,2005-11-01,7,7,6,13
CHUMA,nutricion y desarrollo infantil,controles nuevos en ninos de 2 anos a < de 5 a,2005-11-01,6,6,5,11
CLIZA,nutricion y desarrollo infantil,controles nuevos en ninos de 2 anos a < de 5 a,2005-11-01,36,36,28,64
COBIJA,nutricion y desarrollo infantil,controles nuevos en ninos de 2 anos a < de 5 a,2005-11-01,10,10,8,18
COCHABAMBA,nutricion y desarrollo infantil,controles nuevos en ninos de 2 anos a < de 5 a,2005-11-01,1036,1036,1098,2134
COLCAPIRHUA,nutricion y desarrollo infantil,controles nuevos en ninos de 2 anos a < de 5 a,2005-11-01,265,265,254,519
COLOMI,nutricion y desarrollo infantil,controles nuevos en ninos de 2 anos a < de 5 a,2005-11-01,52,52,58,110
COLPA BELGICA,nutricion y desarrollo infantil,controles nuevos en ninos de 2 anos a < de 5 a,2005-11-01,3,3,2,5
COLQUECHACA,nutricion y desarrollo infantil,controles nuevos en ninos de 2 anos a < de 5 a,2005-11-01,13,13,20,33
COLQUIRI,nutricion y desarrollo infantil,controles nuevos en ninos de 2 anos a < de 5 a,2005-11-01,1,1,0,1
COMANCHE,nutricion y desarrollo infantil,controles nuevos en ninos de 2 anos a < de 5 a,2005-11-01,1,1,0,1
CONCEPCION,nutricion y desarrollo infantil,controles nuevos en ninos de 2 anos a < de 5 a,2005-11-01,1,1,1,2
COPACABANA,nutricion y desarrollo infantil,controles nuevos en ninos de 2 anos a < de 5 a,2005-11-01,5,5,5,10
CORIPATA,nutricion y desarrollo infantil,controles nuevos en ninos de 2 anos a < de 5 a,2005-11-01,17,17,15,32
CORO CORO,nutricion y desarrollo infantil,controles nuevos en ninos de 2 anos a < de 5 a,2005-11-01,1,1,4,5
COROICO,nutricion y desarrollo infantil,controles nuevos en ninos de 2 anos a < de 5 a,2005-11-01,30,30,37,67
CORQUE,nutricion y desarrollo infantil,controles nuevos en ninos de 2 anos a < de 5 a,2005-11-01,13,13,12,25
COTAGAITA,nutricion y desarrollo infantil,controles nuevos en ninos de 2 anos a < de 5 a,2005-11-01,6,6,8,14
COTOCA,nutricion y desarrollo infantil,controles nuevos en ninos de 2 anos a < de 5 a,2005-11-01,11,11,0,11
CUATRO CAÑADAS,nutricion y desarrollo infantil,controles nuevos en ninos de 2 anos a < de 5 a,2005-11-01,22,22,23,45
CUCHUMUELA (V. G. VILLARROEL),nutricion y desarrollo infantil,controles nuevos en ninos de 2 anos a < de 5 a,2005-11-01,1,1,0,1
CULPINA,nutricion y desarrollo infantil,controles nuevos en ninos de 2 anos a < de 5 a,2005-11-01,7,7,8,15
CURAHUARA DE CARANGAS,nutricion y desarrollo infantil,controles nuevos en ninos de 2 anos a < de 5 a,2005-11-01,1,1,2,3
CURVA,nutricion y desarrollo infantil,controles nuevos en ninos de 2 anos a < de 5 a,2005-11-01,0,0,1,1
DESAGUADERO,nutricion y desarrollo infantil,controles nuevos en ninos de 2 anos a < de 5 a,2005-11-01,0,0,1,1
EL ALTO,nutricion y desarrollo infantil,controles nuevos en ninos de 2 anos a < de 5 a,2005-11-01,1052,1052,975,2027
EL CHORO,nutricion y desarrollo infantil,controles nuevos en ninos de 2 anos a < de 5 a,2005-11-01,1,1,4,5
EL PUENTE(TJA),nutricion y desarrollo infantil,controles nuevos en ninos de 2 anos a < de 5 a,2005-11-01,1,1,1,2
EL TORNO,nutricion y desarrollo infantil,controles nuevos en ninos de 2 anos a < de 5 a,2005-11-01,0,0,2,2
ENTRE RIOS,nutricion y desarrollo infantil,controles nuevos en ninos de 2 anos a < de 5 a,2005-11-01,42,42,49,91
ESCARA,nutricion y desarrollo infantil,controles nuevos en ninos de 2 anos a < de 5 a,2005-11-01,1,1,0,1
EUCALIPTUS,nutricion y desarrollo infantil,controles nuevos en ninos de 2 anos a < de 5 a,2005-11-01,1,1,0,1
EXALTACION,nutricion y desarrollo infantil,controles nuevos en ninos de 2 anos a < de 5 a,2005-11-01,1,1,1,2
FERNANDEZ ALONSO,nutricion y desarrollo infantil,controles nuevos en ninos de 2 anos a < de 5 a,2005-11-01,3,3,10,13
FILADELFIA,nutricion y desarrollo infantil,controles nuevos en ninos de 2 anos a < de 5 a,2005-11-01,4,4,3,7
GENERAL SAAVEDRA,nutricion y desarrollo infantil,controles nuevos en ninos de 2 anos a < de 5 a,2005-11-01,21,21,19,40
GRAL. J.J. PEREZ (CHARAZANI),nutricion y desarrollo infantil,controles nuevos en ninos de 2 anos a < de 5 a,2005-11-01,30,30,16,46
GUANAY,nutricion y desarrollo infantil,controles nuevos en ninos de 2 anos a < de 5 a,2005-11-01,19,19,9,28
GUAYARAMERIN,nutricion y desarrollo infantil,controles nuevos en ninos de 2 anos a < de 5 a,2005-11-01,12,12,18,30
GUTIERREZ,nutricion y desarrollo infantil,controles nuevos en ninos de 2 anos a < de 5 a,2005-11-01,0,0,3,3
HUACARETA,nutricion y desarrollo infantil,controles nuevos en ninos de 2 anos a < de 5 a,2005-11-01,1,1,2,3
HUACAYA (VILLA DE HUACAYA),nutricion y desarrollo infantil,controles nuevos en ninos de 2 anos a < de 5 a,2005-11-01,0,0,1,1
HUANUNI,nutricion y desarrollo infantil,controles nuevos en ninos de 2 anos a < de 5 a,2005-11-01,11,11,16,27
HUARACAJE,nutricion y desarrollo infantil,controles nuevos en ninos de 2 anos a < de 5 a,2005-11-01,1,1,0,1
HUAYLLAMARCA,nutricion y desarrollo infantil,controles nuevos en ninos de 2 anos a < de 5 a,2005-11-01,0,0,1,1
ICHOCA,nutricion y desarrollo infantil,controles nuevos en ninos de 2 anos a < de 5 a,2005-11-01,3,3,2,5
INCAHUASI,nutricion y desarrollo infantil,controles nuevos en ninos de 2 anos a < de 5 a,2005-11-01,2,2,2,4
INQUISIVI,nutricion y desarrollo infantil,controles nuevos en ninos de 2 anos a < de 5 a,2005-11-01,0,0,1,1
IRUPANA (VILLA DE LANZA),nutricion y desarrollo infantil,controles nuevos en ninos de 2 anos a < de 5 a,2005-11-01,10,10,13,23
IXIAMAS,nutricion y desarrollo infantil,controles nuevos en ninos de 2 anos a < de 5 a,2005-11-01,2,2,2,4
JESUS DE MACHACA,nutricion y desarrollo infantil,controles nuevos en ninos de 2 anos a < de 5 a,2005-11-01,0,0,2,2
LA ASUNTA,nutricion y desarrollo infantil,controles nuevos en ninos de 2 anos a < de 5 a,2005-11-01,12,12,10,22
LA GUARDIA,nutricion y desarrollo infantil,controles nuevos en ninos de 2 anos a < de 5 a,2005-11-01,181,181,181,362
LA PAZ,nutricion y desarrollo infantil,controles nuevos en ninos de 2 anos a < de 5 a,2005-11-01,679,679,601,1280
LAGUNILLAS,nutricion y desarrollo infantil,controles nuevos en ninos de 2 anos a < de 5 a,2005-11-01,1,1,1,2
LAJA,nutricion y desarrollo infantil,controles nuevos en ninos de 2 anos a < de 5 a,2005-11-01,0,0,1,1
LAS CARRERAS,nutricion y desarrollo infantil,controles nuevos en ninos de 2 anos a < de 5 a,2005-11-01,1,1,1,2
LLALLAGUA,nutricion y desarrollo infantil,controles nuevos en ninos de 2 anos a < de 5 a,2005-11-01,3,3,6,9
LLICA,nutricion y desarrollo infantil,controles nuevos en ninos de 2 anos a < de 5 a,2005-11-01,1,1,0,1
LORETO,nutricion y desarrollo infantil,controles nuevos en ninos de 2 anos a < de 5 a,2005-11-01,16,16,11,27
LURIBAY,nutricion y desarrollo infantil,controles nuevos en ninos de 2 anos a < de 5 a,2005-11-01,9,9,5,14
MACHACAMARCA,nutricion y desarrollo infantil,controles nuevos en ninos de 2 anos a < de 5 a,2005-11-01,2,2,0,2
MACHARETI,nutricion y desarrollo infantil,controles nuevos en ninos de 2 anos a < de 5 a,2005-11-01,0,0,3,3
MAGDALENA,nutricion y desarrollo infantil,controles nuevos en ninos de 2 anos a < de 5 a,2005-11-01,6,6,4,10
MAIRANA,nutricion y desarrollo infantil,controles nuevos en ninos de 2 anos a < de 5 a,2005-11-01,0,0,1,1
MAPIRI,nutricion y desarrollo infantil,controles nuevos en ninos de 2 anos a < de 5 a,2005-11-01,2,2,5,7
MECAPACA,nutricion y desarrollo infantil,controles nuevos en ninos de 2 anos a < de 5 a,2005-11-01,30,30,30,60
MINEROS,nutricion y desarrollo infantil,controles nuevos en ninos de 2 anos a < de 5 a,2005-11-01,18,18,29,47
MIZQUE,nutricion y desarrollo infantil,controles nuevos en ninos de 2 anos a < de 5 a,2005-11-01,16,16,20,36
MOCOMOCO,nutricion y desarrollo infantil,controles nuevos en ninos de 2 anos a < de 5 a,2005-11-01,3,3,2,5
MOJOCOYA,nutricion y desarrollo infantil,controles nuevos en ninos de 2 anos a < de 5 a,2005-11-01,0,0,1,1
MONTEAGUDO,nutricion y desarrollo infantil,controles nuevos en ninos de 2 anos a < de 5 a,2005-11-01,5,5,5,10
MONTERO,nutricion y desarrollo infantil,controles nuevos en ninos de 2 anos a < de 5 a,2005-11-01,109,109,89,198
MOROCHATA,nutricion y desarrollo infantil,controles nuevos en ninos de 2 anos a < de 5 a,2005-11-01,95,95,73,168
OCURI,nutricion y desarrollo infantil,controles nuevos en ninos de 2 anos a < de 5 a,2005-11-01,13,13,15,28
OKINAWA,nutricion y desarrollo infantil,controles nuevos en ninos de 2 anos a < de 5 a,2005-11-01,2,2,3,5
OMEREQUE,nutricion y desarrollo infantil,controles nuevos en ninos de 2 anos a < de 5 a,2005-11-01,0,0,1,1
ORURO,nutricion y desarrollo infantil,controles nuevos en ninos de 2 anos a < de 5 a,2005-11-01,264,264,274,538
PADCAYA,nutricion y desarrollo infantil,controles nuevos en ninos de 2 anos a < de 5 a,2005-11-01,5,5,5,10
PALCA,nutricion y desarrollo infantil,controles nuevos en ninos de 2 anos a < de 5 a,2005-11-01,13,13,7,20
PALOS BLANCOS,nutricion y desarrollo infantil,controles nuevos en ninos de 2 anos a < de 5 a,2005-11-01,5,5,6,11
PAPEL PAMPA,nutricion y desarrollo infantil,controles nuevos en ninos de 2 anos a < de 5 a,2005-11-01,4,4,5,9
PASORAPA,nutricion y desarrollo infantil,controles nuevos en ninos de 2 anos a < de 5 a,2005-11-01,1,1,0,1
PATACAMAYA,nutricion y desarrollo infantil,controles nuevos en ninos de 2 anos a < de 5 a,2005-11-01,15,15,21,36
PAZÑA,nutricion y desarrollo infantil,controles nuevos en ninos de 2 anos a < de 5 a,2005-11-01,2,2,0,2
PELECHUCO,nutricion y desarrollo infantil,controles nuevos en ninos de 2 anos a < de 5 a,2005-11-01,1,1,1,2
POCOATA,nutricion y desarrollo infantil,controles nuevos en ninos de 2 anos a < de 5 a,2005-11-01,3,3,3,6
POCONA,nutricion y desarrollo infantil,controles nuevos en ninos de 2 anos a < de 5 a,2005-11-01,9,9,11,20
POJO (CBBA),nutricion y desarrollo infantil,controles nuevos en ninos de 2 anos a < de 5 a,2005-11-01,52,52,70,122
POOPO,nutricion y desarrollo infantil,controles nuevos en ninos de 2 anos a < de 5 a,2005-11-01,1,1,1,2
PORCO,nutricion y desarrollo infantil,controles nuevos en ninos de 2 anos a < de 5 a,2005-11-01,0,0,1,1
POROMA,nutricion y desarrollo infantil,controles nuevos en ninos de 2 anos a < de 5 a,2005-11-01,45,45,33,78
PORONGO,nutricion y desarrollo infantil,controles nuevos en ninos de 2 anos a < de 5 a,2005-11-01,1,1,1,2
PORTACHUELO,nutricion y desarrollo infantil,controles nuevos en ninos de 2 anos a < de 5 a,2005-11-01,5,5,3,8
PORVENIR,nutricion y desarrollo infantil,controles nuevos en ninos de 2 anos a < de 5 a,2005-11-01,0,0,1,1
POTOSI,nutricion y desarrollo infantil,controles nuevos en ninos de 2 anos a < de 5 a,2005-11-01,178,178,136,314
PUCARA,nutricion y desarrollo infantil,controles nuevos en ninos de 2 anos a < de 5 a,2005-11-01,0,0,1,1
PUCARANI,nutricion y desarrollo infantil,controles nuevos en ninos de 2 anos a < de 5 a,2005-11-01,44,44,46,90
PUERTO ACOSTA,nutricion y desarrollo infantil,controles nuevos en ninos de 2 anos a < de 5 a,2005-11-01,5,5,3,8
PUERTO CARABUCO,nutricion y desarrollo infantil,controles nuevos en ninos de 2 anos a < de 5 a,2005-11-01,4,4,2,6
PUERTO PEREZ,nutricion y desarrollo infantil,controles nuevos en ninos de 2 anos a < de 5 a,2005-11-01,5,5,8,13
PUERTO QUIJARRO,nutricion y desarrollo infantil,controles nuevos en ninos de 2 anos a < de 5 a,2005-11-01,2,2,7,9
PUERTO RICO,nutricion y desarrollo infantil,controles nuevos en ninos de 2 anos a < de 5 a,2005-11-01,0,0,1,1
PUERTO SILES,nutricion y desarrollo infantil,controles nuevos en ninos de 2 anos a < de 5 a,2005-11-01,1,1,1,2
PUERTO SUAREZ,nutricion y desarrollo infantil,controles nuevos en ninos de 2 anos a < de 5 a,2005-11-01,5,5,3,8
PUERTO VILLARROEL,nutricion y desarrollo infantil,controles nuevos en ninos de 2 anos a < de 5 a,2005-11-01,102,102,68,170
PUNA,nutricion y desarrollo infantil,controles nuevos en ninos de 2 anos a < de 5 a,2005-11-01,31,31,30,61
PUNATA,nutricion y desarrollo infantil,controles nuevos en ninos de 2 anos a < de 5 a,2005-11-01,65,65,59,124
QUIABAYA,nutricion y desarrollo infantil,controles nuevos en ninos de 2 anos a < de 5 a,2005-11-01,1,1,0,1
QUILLACOLLO,nutricion y desarrollo infantil,controles nuevos en ninos de 2 anos a < de 5 a,2005-11-01,174,174,139,313
QUIME,nutricion y desarrollo infantil,controles nuevos en ninos de 2 anos a < de 5 a,2005-11-01,3,3,5,8
REYES,nutricion y desarrollo infantil,controles nuevos en ninos de 2 anos a < de 5 a,2005-11-01,0,0,1,1
RIBERALTA,nutricion y desarrollo infantil,controles nuevos en ninos de 2 anos a < de 5 a,2005-11-01,28,28,23,51
ROBORE,nutricion y desarrollo infantil,controles nuevos en ninos de 2 anos a < de 5 a,2005-11-01,3,3,2,5
RURRENABAQUE,nutricion y desarrollo infantil,controles nuevos en ninos de 2 anos a < de 5 a,2005-11-01,20,20,12,32
SABAYA,nutricion y desarrollo infantil,controles nuevos en ninos de 2 anos a < de 5 a,2005-11-01,11,11,16,27
SACABA,nutricion y desarrollo infantil,controles nuevos en ninos de 2 anos a < de 5 a,2005-11-01,275,275,268,543
SACABAMBA,nutricion y desarrollo infantil,controles nuevos en ninos de 2 anos a < de 5 a,2005-11-01,12,12,14,26
SACACA,nutricion y desarrollo infantil,controles nuevos en ninos de 2 anos a < de 5 a,2005-11-01,33,33,46,79
SAIPINA,nutricion y desarrollo infantil,controles nuevos en ninos de 2 anos a < de 5 a,2005-11-01,3,3,2,5
SALINAS DE GARCI MENDOZA,nutricion y desarrollo infantil,controles nuevos en ninos de 2 anos a < de 5 a,2005-11-01,0,0,1,1
SAN ANDRES,nutricion y desarrollo infantil,controles nuevos en ninos de 2 anos a < de 5 a,2005-11-01,19,19,26,45
SAN ANDRES DE MACHACA,nutricion y desarrollo infantil,controles nuevos en ninos de 2 anos a < de 5 a,2005-11-01,5,5,7,12
SAN ANTONIO DE ESMORUCO,nutricion y desarrollo infantil,controles nuevos en ninos de 2 anos a < de 5 a,2005-11-01,0,0,1,1
SAN ANTONIO DE LOMERIO,nutricion y desarrollo infantil,controles nuevos en ninos de 2 anos a < de 5 a,2005-11-01,0,0,1,1
SAN BENITO,nutricion y desarrollo infantil,controles nuevos en ninos de 2 anos a < de 5 a,2005-11-01,23,23,17,40
SAN BORJA,nutricion y desarrollo infantil,controles nuevos en ninos de 2 anos a < de 5 a,2005-11-01,12,12,11,23
SAN BUENA VENTURA,nutricion y desarrollo infantil,controles nuevos en ninos de 2 anos a < de 5 a,2005-11-01,27,27,38,65
SAN IGNACIO,nutricion y desarrollo infantil,controles nuevos en ninos de 2 anos a < de 5 a,2005-11-01,45,45,32,77
SAN IGNACIO DE VELASCO,nutricion y desarrollo infantil,controles nuevos en ninos de 2 anos a < de 5 a,2005-11-01,14,14,14,28
SAN JAVIER(BNI),nutricion y desarrollo infantil,controles nuevos en ninos de 2 anos a < de 5 a,2005-11-01,2,2,1,3
SAN JAVIER(STC),nutricion y desarrollo infantil,controles nuevos en ninos de 2 anos a < de 5 a,2005-11-01,6,6,14,20
SAN JOAQUIN,nutricion y desarrollo infantil,controles nuevos en ninos de 2 anos a < de 5 a,2005-11-01,0,0,2,2
SAN JULIAN,nutricion y desarrollo infantil,controles nuevos en ninos de 2 anos a < de 5 a,2005-11-01,27,27,21,48
SAN LORENZO(PND),nutricion y desarrollo infantil,controles nuevos en ninos de 2 anos a < de 5 a,2005-11-01,3,3,4,7
SAN LORENZO(TJA),nutricion y desarrollo infantil,controles nuevos en ninos de 2 anos a < de 5 a,2005-11-01,21,21,9,30
SAN LUCAS,nutricion y desarrollo infantil,controles nuevos en ninos de 2 anos a < de 5 a,2005-11-01,14,14,7,21
SAN MATIAS,nutricion y desarrollo infantil,controles nuevos en ninos de 2 anos a < de 5 a,2005-11-01,14,14,2,16
SAN MIGUEL DE VELASCO,nutricion y desarrollo infantil,controles nuevos en ninos de 2 anos a < de 5 a,2005-11-01,5,5,5,10
SAN PEDRO,nutricion y desarrollo infantil,controles nuevos en ninos de 2 anos a < de 5 a,2005-11-01,39,39,45,84
SAN PEDRO DE BUENA VISTA,nutricion y desarrollo infantil,controles nuevos en ninos de 2 anos a < de 5 a,2005-11-01,2,2,4,6
SAN PEDRO DE CURAHUARA,nutricion y desarrollo infantil,controles nuevos en ninos de 2 anos a < de 5 a,2005-11-01,1,1,0,1
SAN PEDRO DE TIQUINA,nutricion y desarrollo infantil,controles nuevos en ninos de 2 anos a < de 5 a,2005-11-01,4,4,1,5
SAN PEDRO(PND),nutricion y desarrollo infantil,controles nuevos en ninos de 2 anos a < de 5 a,2005-11-01,13,13,18,31
SAN RAFAEL,nutricion y desarrollo infantil,controles nuevos en ninos de 2 anos a < de 5 a,2005-11-01,11,11,6,17
SANTA ANA,nutricion y desarrollo infantil,controles nuevos en ninos de 2 anos a < de 5 a,2005-11-01,10,10,12,22
SANTA CRUZ DE LA SIERRA,nutricion y desarrollo infantil,controles nuevos en ninos de 2 anos a < de 5 a,2005-11-01,1062,1062,1065,2127
SANTA ROSA DEL SARA,nutricion y desarrollo infantil,controles nuevos en ninos de 2 anos a < de 5 a,2005-11-01,0,0,1,1
SANTIAGO DE MACHACA,nutricion y desarrollo infantil,controles nuevos en ninos de 2 anos a < de 5 a,2005-11-01,1,1,2,3
SANTIVAÑES,nutricion y desarrollo infantil,controles nuevos en ninos de 2 anos a < de 5 a,2005-11-01,0,0,1,1
SAPAHAQUI,nutricion y desarrollo infantil,controles nuevos en ninos de 2 anos a < de 5 a,2005-11-01,9,9,8,17
SICA SICA (VILLA AROMA),nutricion y desarrollo infantil,controles nuevos en ninos de 2 anos a < de 5 a,2005-11-01,25,25,33,58
SICAYA,nutricion y desarrollo infantil,controles nuevos en ninos de 2 anos a < de 5 a,2005-11-01,4,4,4,8
SIPE SIPE,nutricion y desarrollo infantil,controles nuevos en ninos de 2 anos a < de 5 a,2005-11-01,113,113,91,204
SORACACHI,nutricion y desarrollo infantil,controles nuevos en ninos de 2 anos a < de 5 a,2005-11-01,8,8,8,16
SORATA,nutricion y desarrollo infantil,controles nuevos en ninos de 2 anos a < de 5 a,2005-11-01,15,15,15,30
SUCRE,nutricion y desarrollo infantil,controles nuevos en ninos de 2 anos a < de 5 a,2005-11-01,130,130,131,261
TACACHI,nutricion y desarrollo infantil,controles nuevos en ninos de 2 anos a < de 5 a,2005-11-01,2,2,4,6
TACACOMA,nutricion y desarrollo infantil,controles nuevos en ninos de 2 anos a < de 5 a,2005-11-01,2,2,1,3
TACOBAMBA,nutricion y desarrollo infantil,controles nuevos en ninos de 2 anos a < de 5 a,2005-11-01,1,1,2,3
TACOPAYA,nutricion y desarrollo infantil,controles nuevos en ninos de 2 anos a < de 5 a,2005-11-01,41,41,35,76
TAPACARI,nutricion y desarrollo infantil,controles nuevos en ninos de 2 anos a < de 5 a,2005-11-01,7,7,11,18
TARACO,nutricion y desarrollo infantil,controles nuevos en ninos de 2 anos a < de 5 a,2005-11-01,1,1,2,3
TARATA,nutricion y desarrollo infantil,controles nuevos en ninos de 2 anos a < de 5 a,2005-11-01,3,3,0,3
TARIJA,nutricion y desarrollo infantil,controles nuevos en ninos de 2 anos a < de 5 a,2005-11-01,318,318,216,534
TEOPONTE,nutricion y desarrollo infantil,controles nuevos en ninos de 2 anos a < de 5 a,2005-11-01,2,2,6,8
TIAWANACU,nutricion y desarrollo infantil,controles nuevos en ninos de 2 anos a < de 5 a,2005-11-01,12,12,6,18
TINGUIPAYA,nutricion y desarrollo infantil,controles nuevos en ninos de 2 anos a < de 5 a,2005-11-01,0,0,2,2
TIPUANI,nutricion y desarrollo infantil,controles nuevos en ninos de 2 anos a < de 5 a,2005-11-01,37,37,38,75
TIQUIPAYA,nutricion y desarrollo infantil,controles nuevos en ninos de 2 anos a < de 5 a,2005-11-01,123,123,119,242
TIRAQUE (CBBA),nutricion y desarrollo infantil,controles nuevos en ninos de 2 anos a < de 5 a,2005-11-01,187,187,192,379
TOCO,nutricion y desarrollo infantil,controles nuevos en ninos de 2 anos a < de 5 a,2005-11-01,2,2,1,3
TOLATA,nutricion y desarrollo infantil,controles nuevos en ninos de 2 anos a < de 5 a,2005-11-01,8,8,8,16
TOLEDO,nutricion y desarrollo infantil,controles nuevos en ninos de 2 anos a < de 5 a,2005-11-01,7,7,11,18
TOMAVE,nutricion y desarrollo infantil,controles nuevos en ninos de 2 anos a < de 5 a,2005-11-01,46,46,44,90
TORO TORO,nutricion y desarrollo infantil,controles nuevos en ninos de 2 anos a < de 5 a,2005-11-01,24,24,58,82
TOTORA(CBBA),nutricion y desarrollo infantil,controles nuevos en ninos de 2 anos a < de 5 a,2005-11-01,11,11,8,19
TOTORA(ORR),nutricion y desarrollo infantil,controles nuevos en ninos de 2 anos a < de 5 a,2005-11-01,6,6,5,11
TRIGAL,nutricion y desarrollo infantil,controles nuevos en ninos de 2 anos a < de 5 a,2005-11-01,2,2,2,4
TRINIDAD,nutricion y desarrollo infantil,controles nuevos en ninos de 2 anos a < de 5 a,2005-11-01,283,283,257,540
TUPIZA,nutricion y desarrollo infantil,controles nuevos en ninos de 2 anos a < de 5 a,2005-11-01,17,17,16,33
UMALA,nutricion y desarrollo infantil,controles nuevos en ninos de 2 anos a < de 5 a,2005-11-01,1,1,3,4
UNCIA,nutricion y desarrollo infantil,controles nuevos en ninos de 2 anos a < de 5 a,2005-11-01,1,1,3,4
URIONDO (A. CONCEPCION),nutricion y desarrollo infantil,controles nuevos en ninos de 2 anos a < de 5 a,2005-11-01,7,7,5,12
VACAS,nutricion y desarrollo infantil,controles nuevos en ninos de 2 anos a < de 5 a,2005-11-01,31,31,21,52
VALLEGRANDE,nutricion y desarrollo infantil,controles nuevos en ninos de 2 anos a < de 5 a,2005-11-01,6,6,5,11
VIACHA,nutricion y desarrollo infantil,controles nuevos en ninos de 2 anos a < de 5 a,2005-11-01,21,21,28,49
VILLA MONTES,nutricion y desarrollo infantil,controles nuevos en ninos de 2 anos a < de 5 a,2005-11-01,17,17,19,36
VILLA RIVERO,nutricion y desarrollo infantil,controles nuevos en ninos de 2 anos a < de 5 a,2005-11-01,5,5,4,9
VILLA TUNARI,nutricion y desarrollo infantil,controles nuevos en ninos de 2 anos a < de 5 a,2005-11-01,289,289,271,560
VILLA VACA GUZMAN (MUYUPAMPA),nutricion y desarrollo infantil,controles nuevos en ninos de 2 anos a < de 5 a,2005-11-01,2,2,0,2
VILLAZON,nutricion y desarrollo infantil,controles nuevos en ninos de 2 anos a < de 5 a,2005-11-01,1,1,1,2
VINTO,nutricion y desarrollo infantil,controles nuevos en ninos de 2 anos a < de 5 a,2005-11-01,87,87,66,153
WARNES,nutricion y desarrollo infantil,controles nuevos en ninos de 2 anos a < de 5 a,2005-11-01,75,75,72,147
YACUIBA,nutricion y desarrollo infantil,controles nuevos en ninos de 2 anos a < de 5 a,2005-11-01,136,136,137,273
YAMPARAEZ,nutricion y desarrollo infantil,controles nuevos en ninos de 2 anos a < de 5 a,2005-11-01,1,1,1,2
YANACACHI,nutricion y desarrollo infantil,controles nuevos en ninos de 2 anos a < de 5 a,2005-11-01,2,2,1,3
YOCALLA,nutricion y desarrollo infantil,controles nuevos en ninos de 2 anos a < de 5 a,2005-11-01,2,2,3,5
ZUDAÑEZ,nutricion y desarrollo infantil,controles nuevos en ninos de 2 anos a < de 5 a,2005-11-01,1,1,1,2
ACHACACHI,nutricion y desarrollo infantil,controles nuevos en ninos de 2 anos a < de 5 a,2005-12-01,20,20,20,40
ACHOCALLA,nutricion y desarrollo infantil,controles nuevos en ninos de 2 anos a < de 5 a,2005-12-01,0,0,1,1
AIQUILE,nutricion y desarrollo infantil,controles nuevos en ninos de 2 anos a < de 5 a,2005-12-01,6,6,4,10
ALCALA,nutricion y desarrollo infantil,controles nuevos en ninos de 2 anos a < de 5 a,2005-12-01,1,1,0,1
ANCORAIMES,nutricion y desarrollo infantil,controles nuevos en ninos de 2 anos a < de 5 a,2005-12-01,0,0,1,1
ANZALDO,nutricion y desarrollo infantil,controles nuevos en ninos de 2 anos a < de 5 a,2005-12-01,16,16,17,33
APOLO,nutricion y desarrollo infantil,controles nuevos en ninos de 2 anos a < de 5 a,2005-12-01,16,16,31,47
ARAMPAMPA,nutricion y desarrollo infantil,controles nuevos en ninos de 2 anos a < de 5 a,2005-12-01,3,3,0,3
ARANI,nutricion y desarrollo infantil,controles nuevos en ninos de 2 anos a < de 5 a,2005-12-01,24,24,17,41
ARBIETO,nutricion y desarrollo infantil,controles nuevos en ninos de 2 anos a < de 5 a,2005-12-01,18,18,13,31
ARQUE,nutricion y desarrollo infantil,controles nuevos en ninos de 2 anos a < de 5 a,2005-12-01,18,18,20,38
ASCENCION DE GUARAYOS,nutricion y desarrollo infantil,controles nuevos en ninos de 2 anos a < de 5 a,2005-12-01,7,7,3,10
ATOCHA,nutricion y desarrollo infantil,controles nuevos en ninos de 2 anos a < de 5 a,2005-12-01,1,1,2,3
AUCAPATA,nutricion y desarrollo infantil,controles nuevos en ninos de 2 anos a < de 5 a,2005-12-01,11,11,3,14
AYATA,nutricion y desarrollo infantil,controles nuevos en ninos de 2 anos a < de 5 a,2005-12-01,4,4,2,6
AYO AYO,nutricion y desarrollo infantil,controles nuevos en ninos de 2 anos a < de 5 a,2005-12-01,2,2,1,3
AYOPAYA (V. DE INDEPENDENCIA),nutricion y desarrollo infantil,controles nuevos en ninos de 2 anos a < de 5 a,2005-12-01,35,35,44,79
AZURDUY,nutricion y desarrollo infantil,controles nuevos en ninos de 2 anos a < de 5 a,2005-12-01,8,8,5,13
BATALLAS,nutricion y desarrollo infantil,controles nuevos en ninos de 2 anos a < de 5 a,2005-12-01,4,4,3,7
BAURES,nutricion y desarrollo infantil,controles nuevos en ninos de 2 anos a < de 5 a,2005-12-01,1,1,0,1
BELEN DE ANDAMARCA,nutricion y desarrollo infantil,controles nuevos en ninos de 2 anos a < de 5 a,2005-12-01,0,0,1,1
BERMEJO,nutricion y desarrollo infantil,controles nuevos en ninos de 2 anos a < de 5 a,2005-12-01,10,10,7,17
BOLIVAR,nutricion y desarrollo infantil,controles nuevos en ninos de 2 anos a < de 5 a,2005-12-01,4,4,4,8
BOLPEBRA,nutricion y desarrollo infantil,controles nuevos en ninos de 2 anos a < de 5 a,2005-12-01,0,0,1,1
BOYUIBE,nutricion y desarrollo infantil,controles nuevos en ninos de 2 anos a < de 5 a,2005-12-01,3,3,1,4
BUENA VISTA,nutricion y desarrollo infantil,controles nuevos en ninos de 2 anos a < de 5 a,2005-12-01,1,1,1,2
CABEZAS,nutricion y desarrollo infantil,controles nuevos en ninos de 2 anos a < de 5 a,2005-12-01,4,4,2,6
"CAIZA ""D""",nutricion y desarrollo infantil,controles nuevos en ninos de 2 anos a < de 5 a,2005-12-01,1,1,2,3
CAJUATA,nutricion y desarrollo infantil,controles nuevos en ninos de 2 anos a < de 5 a,2005-12-01,4,4,13,17
CALAMARCA,nutricion y desarrollo infantil,controles nuevos en ninos de 2 anos a < de 5 a,2005-12-01,3,3,2,5
CAMARGO,nutricion y desarrollo infantil,controles nuevos en ninos de 2 anos a < de 5 a,2005-12-01,151,151,138,289
CAMATAQUI (C. VILLA ABECIA),nutricion y desarrollo infantil,controles nuevos en ninos de 2 anos a < de 5 a,2005-12-01,0,0,1,1
CAMIRI,nutricion y desarrollo infantil,controles nuevos en ninos de 2 anos a < de 5 a,2005-12-01,95,95,102,197
CAPINOTA,nutricion y desarrollo infantil,controles nuevos en ninos de 2 anos a < de 5 a,2005-12-01,14,14,11,25
CARACOLLO,nutricion y desarrollo infantil,controles nuevos en ninos de 2 anos a < de 5 a,2005-12-01,45,45,52,97
CARANAVI,nutricion y desarrollo infantil,controles nuevos en ninos de 2 anos a < de 5 a,2005-12-01,23,23,31,54
CARANGAS,nutricion y desarrollo infantil,controles nuevos en ninos de 2 anos a < de 5 a,2005-12-01,5,5,4,9
CARAPARI,nutricion y desarrollo infantil,controles nuevos en ninos de 2 anos a < de 5 a,2005-12-01,12,12,15,27
CARIPUYO,nutricion y desarrollo infantil,controles nuevos en ninos de 2 anos a < de 5 a,2005-12-01,33,33,40,73
CARMEN RIVERO TORREZ,nutricion y desarrollo infantil,controles nuevos en ninos de 2 anos a < de 5 a,2005-12-01,5,5,3,8
CHALLAPATA,nutricion y desarrollo infantil,controles nuevos en ninos de 2 anos a < de 5 a,2005-12-01,8,8,7,15
CHAQUI,nutricion y desarrollo infantil,controles nuevos en ninos de 2 anos a < de 5 a,2005-12-01,2,2,1,3
CHAYANTA,nutricion y desarrollo infantil,controles nuevos en ninos de 2 anos a < de 5 a,2005-12-01,18,18,18,36
CHIMORE,nutricion y desarrollo infantil,controles nuevos en ninos de 2 anos a < de 5 a,2005-12-01,44,44,42,86
CHOQUE COTA,nutricion y desarrollo infantil,controles nuevos en ninos de 2 anos a < de 5 a,2005-12-01,0,0,1,1
CHULUMANI (V. DE LA LIBERTAD),nutricion y desarrollo infantil,controles nuevos en ninos de 2 anos a < de 5 a,2005-12-01,1,1,2,3
CHUMA,nutricion y desarrollo infantil,controles nuevos en ninos de 2 anos a < de 5 a,2005-12-01,5,5,8,13
CLIZA,nutricion y desarrollo infantil,controles nuevos en ninos de 2 anos a < de 5 a,2005-12-01,15,15,22,37
COBIJA,nutricion y desarrollo infantil,controles nuevos en ninos de 2 anos a < de 5 a,2005-12-01,11,11,14,25
COCHABAMBA,nutricion y desarrollo infantil,controles nuevos en ninos de 2 anos a < de 5 a,2005-12-01,783,783,781,1564
COLCAPIRHUA,nutricion y desarrollo infantil,controles nuevos en ninos de 2 anos a < de 5 a,2005-12-01,190,190,196,386
COLOMI,nutricion y desarrollo infantil,controles nuevos en ninos de 2 anos a < de 5 a,2005-12-01,45,45,47,92
COLPA BELGICA,nutricion y desarrollo infantil,controles nuevos en ninos de 2 anos a < de 5 a,2005-12-01,4,4,2,6
COLQUECHACA,nutricion y desarrollo infantil,controles nuevos en ninos de 2 anos a < de 5 a,2005-12-01,2,2,2,4
COLQUIRI,nutricion y desarrollo infantil,controles nuevos en ninos de 2 anos a < de 5 a,2005-12-01,25,25,22,47
COMANCHE,nutricion y desarrollo infantil,controles nuevos en ninos de 2 anos a < de 5 a,2005-12-01,1,1,1,2
CONCEPCION,nutricion y desarrollo infantil,controles nuevos en ninos de 2 anos a < de 5 a,2005-12-01,7,7,12,19
COPACABANA,nutricion y desarrollo infantil,controles nuevos en ninos de 2 anos a < de 5 a,2005-12-01,4,4,0,4
CORIPATA,nutricion y desarrollo infantil,controles nuevos en ninos de 2 anos a < de 5 a,2005-12-01,5,5,2,7
COROICO,nutricion y desarrollo infantil,controles nuevos en ninos de 2 anos a < de 5 a,2005-12-01,17,17,24,41
COTAGAITA,nutricion y desarrollo infantil,controles nuevos en ninos de 2 anos a < de 5 a,2005-12-01,2,2,2,4
COTOCA,nutricion y desarrollo infantil,controles nuevos en ninos de 2 anos a < de 5 a,2005-12-01,1,1,0,1
CUATRO CAÑADAS,nutricion y desarrollo infantil,controles nuevos en ninos de 2 anos a < de 5 a,2005-12-01,15,15,23,38
CULPINA,nutricion y desarrollo infantil,controles nuevos en ninos de 2 anos a < de 5 a,2005-12-01,8,8,4,12
CURVA,nutricion y desarrollo infantil,controles nuevos en ninos de 2 anos a < de 5 a,2005-12-01,0,0,1,1
DESAGUADERO,nutricion y desarrollo infantil,controles nuevos en ninos de 2 anos a < de 5 a,2005-12-01,4,4,0,4
EL ALTO,nutricion y desarrollo infantil,controles nuevos en ninos de 2 anos a < de 5 a,2005-12-01,1024,1024,961,1985
EL CHORO,nutricion y desarrollo infantil,controles nuevos en ninos de 2 anos a < de 5 a,2005-12-01,0,0,1,1
EL TORNO,nutricion y desarrollo infantil,controles nuevos en ninos de 2 anos a < de 5 a,2005-12-01,3,3,6,9
ENTRE RIOS,nutricion y desarrollo infantil,controles nuevos en ninos de 2 anos a < de 5 a,2005-12-01,44,44,45,89
EUREKA (SANTOS MERCADO),nutricion y desarrollo infantil,controles nuevos en ninos de 2 anos a < de 5 a,2005-12-01,1,1,1,2
FERNANDEZ ALONSO,nutricion y desarrollo infantil,controles nuevos en ninos de 2 anos a < de 5 a,2005-12-01,6,6,7,13
FILADELFIA,nutricion y desarrollo infantil,controles nuevos en ninos de 2 anos a < de 5 a,2005-12-01,16,16,16,32
GENERAL SAAVEDRA,nutricion y desarrollo infantil,controles nuevos en ninos de 2 anos a < de 5 a,2005-12-01,19,19,13,32
GRAL. J.J. PEREZ (CHARAZANI),nutricion y desarrollo infantil,controles nuevos en ninos de 2 anos a < de 5 a,2005-12-01,13,13,13,26
GUANAY,nutricion y desarrollo infantil,controles nuevos en ninos de 2 anos a < de 5 a,2005-12-01,81,81,76,157
GUAQUI,nutricion y desarrollo infantil,controles nuevos en ninos de 2 anos a < de 5 a,2005-12-01,2,2,0,2
GUAYARAMERIN,nutricion y desarrollo infantil,controles nuevos en ninos de 2 anos a < de 5 a,2005-12-01,14,14,9,23
HUACARETA,nutricion y desarrollo infantil,controles nuevos en ninos de 2 anos a < de 5 a,2005-12-01,24,24,16,40
HUACAYA (VILLA DE HUACAYA),nutricion y desarrollo infantil,controles nuevos en ninos de 2 anos a < de 5 a,2005-12-01,3,3,3,6
HUACHACALLA,nutricion y desarrollo infantil,controles nuevos en ninos de 2 anos a < de 5 a,2005-12-01,2,2,0,2
HUANUNI,nutricion y desarrollo infantil,controles nuevos en ninos de 2 anos a < de 5 a,2005-12-01,15,15,12,27
ICHOCA,nutricion y desarrollo infantil,controles nuevos en ninos de 2 anos a < de 5 a,2005-12-01,0,0,1,1
ICLA,nutricion y desarrollo infantil,controles nuevos en ninos de 2 anos a < de 5 a,2005-12-01,0,0,1,1
INCAHUASI,nutricion y desarrollo infantil,controles nuevos en ninos de 2 anos a < de 5 a,2005-12-01,22,22,27,49
INQUISIVI,nutricion y desarrollo infantil,controles nuevos en ninos de 2 anos a < de 5 a,2005-12-01,2,2,2,4
IRUPANA (VILLA DE LANZA),nutricion y desarrollo infantil,controles nuevos en ninos de 2 anos a < de 5 a,2005-12-01,5,5,6,11
IXIAMAS,nutricion y desarrollo infantil,controles nuevos en ninos de 2 anos a < de 5 a,2005-12-01,6,6,8,14
JESUS DE MACHACA,nutricion y desarrollo infantil,controles nuevos en ninos de 2 anos a < de 5 a,2005-12-01,0,0,1,1
LA ASUNTA,nutricion y desarrollo infantil,controles nuevos en ninos de 2 anos a < de 5 a,2005-12-01,1,1,2,3
LA GUARDIA,nutricion y desarrollo infantil,controles nuevos en ninos de 2 anos a < de 5 a,2005-12-01,59,59,17,76
LA PAZ,nutricion y desarrollo infantil,controles nuevos en ninos de 2 anos a < de 5 a,2005-12-01,522,522,485,1007
LAGUNILLAS,nutricion y desarrollo infantil,controles nuevos en ninos de 2 anos a < de 5 a,2005-12-01,1,1,0,1
LAS CARRERAS,nutricion y desarrollo infantil,controles nuevos en ninos de 2 anos a < de 5 a,2005-12-01,8,8,13,21
LICOMA PAMPA,nutricion y desarrollo infantil,controles nuevos en ninos de 2 anos a < de 5 a,2005-12-01,1,1,0,1
LLALLAGUA,nutricion y desarrollo infantil,controles nuevos en ninos de 2 anos a < de 5 a,2005-12-01,2,2,6,8
LORETO,nutricion y desarrollo infantil,controles nuevos en ninos de 2 anos a < de 5 a,2005-12-01,19,19,18,37
LURIBAY,nutricion y desarrollo infantil,controles nuevos en ninos de 2 anos a < de 5 a,2005-12-01,8,8,6,14
MACHACAMARCA,nutricion y desarrollo infantil,controles nuevos en ninos de 2 anos a < de 5 a,2005-12-01,0,0,1,1
MAGDALENA,nutricion y desarrollo infantil,controles nuevos en ninos de 2 anos a < de 5 a,2005-12-01,5,5,2,7
MAIRANA,nutricion y desarrollo infantil,controles nuevos en ninos de 2 anos a < de 5 a,2005-12-01,0,0,1,1
MAPIRI,nutricion y desarrollo infantil,controles nuevos en ninos de 2 anos a < de 5 a,2005-12-01,3,3,3,6
MECAPACA,nutricion y desarrollo infantil,controles nuevos en ninos de 2 anos a < de 5 a,2005-12-01,9,9,4,13
MINEROS,nutricion y desarrollo infantil,controles nuevos en ninos de 2 anos a < de 5 a,2005-12-01,12,12,18,30
MIZQUE,nutricion y desarrollo infantil,controles nuevos en ninos de 2 anos a < de 5 a,2005-12-01,29,29,28,57
MOCOMOCO,nutricion y desarrollo infantil,controles nuevos en ninos de 2 anos a < de 5 a,2005-12-01,5,5,2,7
MONTEAGUDO,nutricion y desarrollo infantil,controles nuevos en ninos de 2 anos a < de 5 a,2005-12-01,1,1,0,1
MONTERO,nutricion y desarrollo infantil,controles nuevos en ninos de 2 anos a < de 5 a,2005-12-01,31,31,30,61
MORO MORO,nutricion y desarrollo infantil,controles nuevos en ninos de 2 anos a < de 5 a,2005-12-01,12,12,2,14
MOROCHATA,nutricion y desarrollo infantil,controles nuevos en ninos de 2 anos a < de 5 a,2005-12-01,93,93,98,191
NACEBE (SANTA ROSA DEL ABUNA),nutricion y desarrollo infantil,controles nuevos en ninos de 2 anos a < de 5 a,2005-12-01,1,1,0,1
OCURI,nutricion y desarrollo infantil,controles nuevos en ninos de 2 anos a < de 5 a,2005-12-01,0,0,1,1
OKINAWA,nutricion y desarrollo infantil,controles nuevos en ninos de 2 anos a < de 5 a,2005-12-01,2,2,3,5
OMEREQUE,nutricion y desarrollo infantil,controles nuevos en ninos de 2 anos a < de 5 a,2005-12-01,2,2,0,2
ORURO,nutricion y desarrollo infantil,controles nuevos en ninos de 2 anos a < de 5 a,2005-12-01,318,318,264,582
PADCAYA,nutricion y desarrollo infantil,controles nuevos en ninos de 2 anos a < de 5 a,2005-12-01,50,50,53,103
PAILON,nutricion y desarrollo infantil,controles nuevos en ninos de 2 anos a < de 5 a,2005-12-01,107,107,96,203
PALCA,nutricion y desarrollo infantil,controles nuevos en ninos de 2 anos a < de 5 a,2005-12-01,4,4,7,11
PALOS BLANCOS,nutricion y desarrollo infantil,controles nuevos en ninos de 2 anos a < de 5 a,2005-12-01,6,6,2,8
PASORAPA,nutricion y desarrollo infantil,controles nuevos en ninos de 2 anos a < de 5 a,2005-12-01,4,4,0,4
PATACAMAYA,nutricion y desarrollo infantil,controles nuevos en ninos de 2 anos a < de 5 a,2005-12-01,2,2,0,2
PAZÑA,nutricion y desarrollo infantil,controles nuevos en ninos de 2 anos a < de 5 a,2005-12-01,5,5,4,9
PELECHUCO,nutricion y desarrollo infantil,controles nuevos en ninos de 2 anos a < de 5 a,2005-12-01,1,1,3,4
POCOATA,nutricion y desarrollo infantil,controles nuevos en ninos de 2 anos a < de 5 a,2005-12-01,2,2,1,3
POCONA,nutricion y desarrollo infantil,controles nuevos en ninos de 2 anos a < de 5 a,2005-12-01,30,30,37,67
POJO (CBBA),nutricion y desarrollo infantil,controles nuevos en ninos de 2 anos a < de 5 a,2005-12-01,4,4,5,9
POOPO,nutricion y desarrollo infantil,controles nuevos en ninos de 2 anos a < de 5 a,2005-12-01,2,2,0,2
POROMA,nutricion y desarrollo infantil,controles nuevos en ninos de 2 anos a < de 5 a,2005-12-01,27,27,14,41
PORTACHUELO,nutricion y desarrollo infantil,controles nuevos en ninos de 2 anos a < de 5 a,2005-12-01,60,60,50,110
POTOSI,nutricion y desarrollo infantil,controles nuevos en ninos de 2 anos a < de 5 a,2005-12-01,49,49,59,108
PUCARA,nutricion y desarrollo infantil,controles nuevos en ninos de 2 anos a < de 5 a,2005-12-01,4,4,3,7
PUCARANI,nutricion y desarrollo infantil,controles nuevos en ninos de 2 anos a < de 5 a,2005-12-01,45,45,40,85
PUERTO ACOSTA,nutricion y desarrollo infantil,controles nuevos en ninos de 2 anos a < de 5 a,2005-12-01,3,3,1,4
PUERTO CARABUCO,nutricion y desarrollo infantil,controles nuevos en ninos de 2 anos a < de 5 a,2005-12-01,3,3,0,3
PUERTO PEREZ,nutricion y desarrollo infantil,controles nuevos en ninos de 2 anos a < de 5 a,2005-12-01,11,11,11,22
PUERTO QUIJARRO,nutricion y desarrollo infantil,controles nuevos en ninos de 2 anos a < de 5 a,2005-12-01,5,5,2,7
PUERTO VILLARROEL,nutricion y desarrollo infantil,controles nuevos en ninos de 2 anos a < de 5 a,2005-12-01,55,55,44,99
PUNA,nutricion y desarrollo infantil,controles nuevos en ninos de 2 anos a < de 5 a,2005-12-01,9,9,6,15
PUNATA,nutricion y desarrollo infantil,controles nuevos en ninos de 2 anos a < de 5 a,2005-12-01,72,72,54,126
QUILLACOLLO,nutricion y desarrollo infantil,controles nuevos en ninos de 2 anos a < de 5 a,2005-12-01,229,229,192,421
QUIME,nutricion y desarrollo infantil,controles nuevos en ninos de 2 anos a < de 5 a,2005-12-01,7,7,8,15
REYES,nutricion y desarrollo infantil,controles nuevos en ninos de 2 anos a < de 5 a,2005-12-01,3,3,0,3
RIBERALTA,nutricion y desarrollo infantil,controles nuevos en ninos de 2 anos a < de 5 a,2005-12-01,47,47,31,78
ROBORE,nutricion y desarrollo infantil,controles nuevos en ninos de 2 anos a < de 5 a,2005-12-01,6,6,2,8
RURRENABAQUE,nutricion y desarrollo infantil,controles nuevos en ninos de 2 anos a < de 5 a,2005-12-01,9,9,12,21
SABAYA,nutricion y desarrollo infantil,controles nuevos en ninos de 2 anos a < de 5 a,2005-12-01,0,0,1,1
SACABA,nutricion y desarrollo infantil,controles nuevos en ninos de 2 anos a < de 5 a,2005-12-01,258,258,239,497
SACABAMBA,nutricion y desarrollo infantil,controles nuevos en ninos de 2 anos a < de 5 a,2005-12-01,7,7,3,10
SACACA,nutricion y desarrollo infantil,controles nuevos en ninos de 2 anos a < de 5 a,2005-12-01,54,54,45,99
SAIPINA,nutricion y desarrollo infantil,controles nuevos en ninos de 2 anos a < de 5 a,2005-12-01,2,2,6,8
SALINAS DE GARCI MENDOZA,nutricion y desarrollo infantil,controles nuevos en ninos de 2 anos a < de 5 a,2005-12-01,0,0,1,1
SAN ANDRES,nutricion y desarrollo infantil,controles nuevos en ninos de 2 anos a < de 5 a,2005-12-01,22,22,34,56
SAN ANDRES DE MACHACA,nutricion y desarrollo infantil,controles nuevos en ninos de 2 anos a < de 5 a,2005-12-01,0,0,1,1
SAN BENITO,nutricion y desarrollo infantil,controles nuevos en ninos de 2 anos a < de 5 a,2005-12-01,21,21,24,45
SAN BORJA,nutricion y desarrollo infantil,controles nuevos en ninos de 2 anos a < de 5 a,2005-12-01,41,41,45,86
SAN BUENA VENTURA,nutricion y desarrollo infantil,controles nuevos en ninos de 2 anos a < de 5 a,2005-12-01,3,3,4,7
SAN CARLOS,nutricion y desarrollo infantil,controles nuevos en ninos de 2 anos a < de 5 a,2005-12-01,2,2,1,3
SAN IGNACIO,nutricion y desarrollo infantil,controles nuevos en ninos de 2 anos a < de 5 a,2005-12-01,30,30,26,56
SAN IGNACIO DE VELASCO,nutricion y desarrollo infantil,controles nuevos en ninos de 2 anos a < de 5 a,2005-12-01,25,25,16,41
SAN JAVIER(BNI),nutricion y desarrollo infantil,controles nuevos en ninos de 2 anos a < de 5 a,2005-12-01,4,4,4,8
SAN JAVIER(STC),nutricion y desarrollo infantil,controles nuevos en ninos de 2 anos a < de 5 a,2005-12-01,1,1,2,3
SAN JOSE DE CHIQUITOS,nutricion y desarrollo infantil,controles nuevos en ninos de 2 anos a < de 5 a,2005-12-01,5,5,3,8
SAN JUAN DE YAPACANI,nutricion y desarrollo infantil,controles nuevos en ninos de 2 anos a < de 5 a,2005-12-01,0,0,1,1
SAN JULIAN,nutricion y desarrollo infantil,controles nuevos en ninos de 2 anos a < de 5 a,2005-12-01,8,8,15,23
SAN LORENZO(PND),nutricion y desarrollo infantil,controles nuevos en ninos de 2 anos a < de 5 a,2005-12-01,2,2,6,8
SAN LORENZO(TJA),nutricion y desarrollo infantil,controles nuevos en ninos de 2 anos a < de 5 a,2005-12-01,1,1,1,2
SAN LUCAS,nutricion y desarrollo infantil,controles nuevos en ninos de 2 anos a < de 5 a,2005-12-01,6,6,18,24
SAN MATIAS,nutricion y desarrollo infantil,controles nuevos en ninos de 2 anos a < de 5 a,2005-12-01,13,13,8,21
SAN MIGUEL DE VELASCO,nutricion y desarrollo infantil,controles nuevos en ninos de 2 anos a < de 5 a,2005-12-01,0,0,2,2
SAN PEDRO,nutricion y desarrollo infantil,controles nuevos en ninos de 2 anos a < de 5 a,2005-12-01,43,43,33,76
SAN PEDRO DE BUENA VISTA,nutricion y desarrollo infantil,controles nuevos en ninos de 2 anos a < de 5 a,2005-12-01,7,7,5,12
SAN PEDRO DE CURAHUARA,nutricion y desarrollo infantil,controles nuevos en ninos de 2 anos a < de 5 a,2005-12-01,1,1,1,2
SAN PEDRO(PND),nutricion y desarrollo infantil,controles nuevos en ninos de 2 anos a < de 5 a,2005-12-01,11,11,13,24
SAN RAFAEL,nutricion y desarrollo infantil,controles nuevos en ninos de 2 anos a < de 5 a,2005-12-01,5,5,5,10
SAN RAMON,nutricion y desarrollo infantil,controles nuevos en ninos de 2 anos a < de 5 a,2005-12-01,1,1,1,2
SANTA ANA,nutricion y desarrollo infantil,controles nuevos en ninos de 2 anos a < de 5 a,2005-12-01,2,2,1,3
SANTA CRUZ DE LA SIERRA,nutricion y desarrollo infantil,controles nuevos en ninos de 2 anos a < de 5 a,2005-12-01,885,885,868,1753
SANTA ROSA DEL SARA,nutricion y desarrollo infantil,controles nuevos en ninos de 2 anos a < de 5 a,2005-12-01,4,4,6,10
SANTIAGO DE HUARI,nutricion y desarrollo infantil,controles nuevos en ninos de 2 anos a < de 5 a,2005-12-01,3,3,0,3
SANTIAGO DE MACHACA,nutricion y desarrollo infantil,controles nuevos en ninos de 2 anos a < de 5 a,2005-12-01,2,2,3,5
SANTIVAÑES,nutricion y desarrollo infantil,controles nuevos en ninos de 2 anos a < de 5 a,2005-12-01,1,1,0,1
SICA SICA (VILLA AROMA),nutricion y desarrollo infantil,controles nuevos en ninos de 2 anos a < de 5 a,2005-12-01,0,0,1,1
SICAYA,nutricion y desarrollo infantil,controles nuevos en ninos de 2 anos a < de 5 a,2005-12-01,0,0,2,2
SIPE SIPE,nutricion y desarrollo infantil,controles nuevos en ninos de 2 anos a < de 5 a,2005-12-01,42,42,31,73
SORACACHI,nutricion y desarrollo infantil,controles nuevos en ninos de 2 anos a < de 5 a,2005-12-01,2,2,0,2
SORATA,nutricion y desarrollo infantil,controles nuevos en ninos de 2 anos a < de 5 a,2005-12-01,7,7,10,17
SUCRE,nutricion y desarrollo infantil,controles nuevos en ninos de 2 anos a < de 5 a,2005-12-01,85,85,108,193
TACACHI,nutricion y desarrollo infantil,controles nuevos en ninos de 2 anos a < de 5 a,2005-12-01,4,4,2,6
TACOBAMBA,nutricion y desarrollo infantil,controles nuevos en ninos de 2 anos a < de 5 a,2005-12-01,0,0,1,1
TACOPAYA,nutricion y desarrollo infantil,controles nuevos en ninos de 2 anos a < de 5 a,2005-12-01,3,3,3,6
TAPACARI,nutricion y desarrollo infantil,controles nuevos en ninos de 2 anos a < de 5 a,2005-12-01,17,17,27,44
TARACO,nutricion y desarrollo infantil,controles nuevos en ninos de 2 anos a < de 5 a,2005-12-01,2,2,0,2
TARATA,nutricion y desarrollo infantil,controles nuevos en ninos de 2 anos a < de 5 a,2005-12-01,0,0,2,2
TARIJA,nutricion y desarrollo infantil,controles nuevos en ninos de 2 anos a < de 5 a,2005-12-01,224,224,222,446
TINGUIPAYA,nutricion y desarrollo infantil,controles nuevos en ninos de 2 anos a < de 5 a,2005-12-01,2,2,3,5
TIPUANI,nutricion y desarrollo infantil,controles nuevos en ninos de 2 anos a < de 5 a,2005-12-01,0,0,1,1
TIQUIPAYA,nutricion y desarrollo infantil,controles nuevos en ninos de 2 anos a < de 5 a,2005-12-01,47,47,34,81
TIRAQUE (CBBA),nutricion y desarrollo infantil,controles nuevos en ninos de 2 anos a < de 5 a,2005-12-01,188,188,160,348
TOLATA,nutricion y desarrollo infantil,controles nuevos en ninos de 2 anos a < de 5 a,2005-12-01,1,1,2,3
TOLEDO,nutricion y desarrollo infantil,controles nuevos en ninos de 2 anos a < de 5 a,2005-12-01,1,1,1,2
TOMINA,nutricion y desarrollo infantil,controles nuevos en ninos de 2 anos a < de 5 a,2005-12-01,0,0,1,1
TORO TORO,nutricion y desarrollo infantil,controles nuevos en ninos de 2 anos a < de 5 a,2005-12-01,27,27,42,69
TOTORA(CBBA),nutricion y desarrollo infantil,controles nuevos en ninos de 2 anos a < de 5 a,2005-12-01,4,4,3,7
TOTORA(ORR),nutricion y desarrollo infantil,controles nuevos en ninos de 2 anos a < de 5 a,2005-12-01,0,0,3,3
TRIGAL,nutricion y desarrollo infantil,controles nuevos en ninos de 2 anos a < de 5 a,2005-12-01,1,1,0,1
TRINIDAD,nutricion y desarrollo infantil,controles nuevos en ninos de 2 anos a < de 5 a,2005-12-01,228,228,183,411
TUPIZA,nutricion y desarrollo infantil,controles nuevos en ninos de 2 anos a < de 5 a,2005-12-01,5,5,10,15
UMALA,nutricion y desarrollo infantil,controles nuevos en ninos de 2 anos a < de 5 a,2005-12-01,10,10,7,17
UNCIA,nutricion y desarrollo infantil,controles nuevos en ninos de 2 anos a < de 5 a,2005-12-01,9,9,13,22
URIONDO (A. CONCEPCION),nutricion y desarrollo infantil,controles nuevos en ninos de 2 anos a < de 5 a,2005-12-01,10,10,2,12
URUBICHA,nutricion y desarrollo infantil,controles nuevos en ninos de 2 anos a < de 5 a,2005-12-01,1,1,2,3
VACAS,nutricion y desarrollo infantil,controles nuevos en ninos de 2 anos a < de 5 a,2005-12-01,12,12,21,33
VALLEGRANDE,nutricion y desarrollo infantil,controles nuevos en ninos de 2 anos a < de 5 a,2005-12-01,3,3,1,4
VIACHA,nutricion y desarrollo infantil,controles nuevos en ninos de 2 anos a < de 5 a,2005-12-01,4,4,8,12
VILA VILA,nutricion y desarrollo infantil,controles nuevos en ninos de 2 anos a < de 5 a,2005-12-01,1,1,0,1
VILLA MONTES,nutricion y desarrollo infantil,controles nuevos en ninos de 2 anos a < de 5 a,2005-12-01,16,16,21,37
VILLA NUEVA (LOMA ALTA),nutricion y desarrollo infantil,controles nuevos en ninos de 2 anos a < de 5 a,2005-12-01,3,3,5,8
VILLA RIVERO,nutricion y desarrollo infantil,controles nuevos en ninos de 2 anos a < de 5 a,2005-12-01,3,3,2,5
VILLA TUNARI,nutricion y desarrollo infantil,controles nuevos en ninos de 2 anos a < de 5 a,2005-12-01,155,155,161,316
VILLAZON,nutricion y desarrollo infantil,controles nuevos en ninos de 2 anos a < de 5 a,2005-12-01,4,4,4,8
VINTO,nutricion y desarrollo infantil,controles nuevos en ninos de 2 anos a < de 5 a,2005-12-01,55,55,55,110
VITICHI,nutricion y desarrollo infantil,controles nuevos en ninos de 2 anos a < de 5 a,2005-12-01,1,1,0,1
WARNES,nutricion y desarrollo infantil,controles nuevos en ninos de 2 anos a < de 5 a,2005-12-01,23,23,17,40
YACUIBA,nutricion y desarrollo infantil,controles nuevos en ninos de 2 anos a < de 5 a,2005-12-01,10,10,7,17
YUNCHARA,nutricion y desarrollo infantil,controles nuevos en ninos de 2 anos a < de 5 a,2005-12-01,4,4,9,13
