municipality,group,variable,month,AQV femenino,AQV femenino1,AQV femenino2,AQV femenino3,AQV femenino4,TOTAL
AIQUILE,"anticoncepcion, prevencion de its y de cancer de cuello uterino",aqv femenino,2016-01-01,0,0,2,0,0,2
ATOCHA,"anticoncepcion, prevencion de its y de cancer de cuello uterino",aqv femenino,2016-01-01,0,0,1,0,0,1
BETANZOS,"anticoncepcion, prevencion de its y de cancer de cuello uterino",aqv femenino,2016-01-01,0,0,5,1,0,6
CAMARGO,"anticoncepcion, prevencion de its y de cancer de cuello uterino",aqv femenino,2016-01-01,0,0,2,1,0,3
CAMIRI,"anticoncepcion, prevencion de its y de cancer de cuello uterino",aqv femenino,2016-01-01,0,0,3,5,0,8
CHALLAPATA,"anticoncepcion, prevencion de its y de cancer de cuello uterino",aqv femenino,2016-01-01,0,0,1,0,0,1
CHARAGUA,"anticoncepcion, prevencion de its y de cancer de cuello uterino",aqv femenino,2016-01-01,0,0,1,0,0,1
COBIJA,"anticoncepcion, prevencion de its y de cancer de cuello uterino",aqv femenino,2016-01-01,0,11,3,0,0,14
COCHABAMBA,"anticoncepcion, prevencion de its y de cancer de cuello uterino",aqv femenino,2016-01-01,0,0,55,29,0,84
COMARAPA,"anticoncepcion, prevencion de its y de cancer de cuello uterino",aqv femenino,2016-01-01,0,0,1,3,0,4
COTOCA,"anticoncepcion, prevencion de its y de cancer de cuello uterino",aqv femenino,2016-01-01,0,0,1,0,0,1
EL ALTO,"anticoncepcion, prevencion de its y de cancer de cuello uterino",aqv femenino,2016-01-01,0,0,7,11,0,18
EL TORNO,"anticoncepcion, prevencion de its y de cancer de cuello uterino",aqv femenino,2016-01-01,0,1,2,3,0,6
GUAYARAMERIN,"anticoncepcion, prevencion de its y de cancer de cuello uterino",aqv femenino,2016-01-01,0,0,9,5,0,14
LA PAZ,"anticoncepcion, prevencion de its y de cancer de cuello uterino",aqv femenino,2016-01-01,0,0,11,4,0,15
MONTEAGUDO,"anticoncepcion, prevencion de its y de cancer de cuello uterino",aqv femenino,2016-01-01,0,0,2,2,0,4
ORURO,"anticoncepcion, prevencion de its y de cancer de cuello uterino",aqv femenino,2016-01-01,0,5,15,13,1,34
PADILLA,"anticoncepcion, prevencion de its y de cancer de cuello uterino",aqv femenino,2016-01-01,0,0,3,0,0,3
PORTACHUELO,"anticoncepcion, prevencion de its y de cancer de cuello uterino",aqv femenino,2016-01-01,0,0,0,2,0,2
POTOSI,"anticoncepcion, prevencion de its y de cancer de cuello uterino",aqv femenino,2016-01-01,0,0,3,3,0,6
PUERTO SUAREZ,"anticoncepcion, prevencion de its y de cancer de cuello uterino",aqv femenino,2016-01-01,0,0,3,3,0,6
PUERTO VILLARROEL,"anticoncepcion, prevencion de its y de cancer de cuello uterino",aqv femenino,2016-01-01,0,0,4,0,0,4
QUILLACOLLO,"anticoncepcion, prevencion de its y de cancer de cuello uterino",aqv femenino,2016-01-01,0,0,2,1,0,3
REYES,"anticoncepcion, prevencion de its y de cancer de cuello uterino",aqv femenino,2016-01-01,0,0,2,0,0,2
RIBERALTA,"anticoncepcion, prevencion de its y de cancer de cuello uterino",aqv femenino,2016-01-01,0,0,13,8,0,21
RURRENABAQUE,"anticoncepcion, prevencion de its y de cancer de cuello uterino",aqv femenino,2016-01-01,0,0,3,2,0,5
SACABA,"anticoncepcion, prevencion de its y de cancer de cuello uterino",aqv femenino,2016-01-01,0,0,0,1,0,1
SAN BORJA,"anticoncepcion, prevencion de its y de cancer de cuello uterino",aqv femenino,2016-01-01,0,0,6,2,0,8
SAN CARLOS,"anticoncepcion, prevencion de its y de cancer de cuello uterino",aqv femenino,2016-01-01,0,0,5,1,0,6
SAN IGNACIO,"anticoncepcion, prevencion de its y de cancer de cuello uterino",aqv femenino,2016-01-01,0,1,1,3,0,5
SAN IGNACIO DE VELASCO,"anticoncepcion, prevencion de its y de cancer de cuello uterino",aqv femenino,2016-01-01,0,0,7,0,0,7
SAN JOSE DE CHIQUITOS,"anticoncepcion, prevencion de its y de cancer de cuello uterino",aqv femenino,2016-01-01,0,1,3,2,0,6
SANTA ANA,"anticoncepcion, prevencion de its y de cancer de cuello uterino",aqv femenino,2016-01-01,0,0,6,0,0,6
SANTA CRUZ DE LA SIERRA,"anticoncepcion, prevencion de its y de cancer de cuello uterino",aqv femenino,2016-01-01,0,0,12,9,0,21
SOPACHUY,"anticoncepcion, prevencion de its y de cancer de cuello uterino",aqv femenino,2016-01-01,0,0,1,1,0,2
SUCRE,"anticoncepcion, prevencion de its y de cancer de cuello uterino",aqv femenino,2016-01-01,0,0,5,7,0,12
TARABUCO,"anticoncepcion, prevencion de its y de cancer de cuello uterino",aqv femenino,2016-01-01,0,0,0,1,0,1
TARIJA,"anticoncepcion, prevencion de its y de cancer de cuello uterino",aqv femenino,2016-01-01,0,0,2,3,0,5
TIQUIPAYA,"anticoncepcion, prevencion de its y de cancer de cuello uterino",aqv femenino,2016-01-01,0,0,4,3,0,7
TOTORA(CBBA),"anticoncepcion, prevencion de its y de cancer de cuello uterino",aqv femenino,2016-01-01,0,0,1,0,0,1
UYUNI,"anticoncepcion, prevencion de its y de cancer de cuello uterino",aqv femenino,2016-01-01,0,0,3,1,0,4
VALLEGRANDE,"anticoncepcion, prevencion de its y de cancer de cuello uterino",aqv femenino,2016-01-01,0,0,2,4,0,6
VILLAZON,"anticoncepcion, prevencion de its y de cancer de cuello uterino",aqv femenino,2016-01-01,0,0,0,2,0,2
YACUIBA,"anticoncepcion, prevencion de its y de cancer de cuello uterino",aqv femenino,2016-01-01,0,0,1,2,0,3
ASCENCION DE GUARAYOS,"anticoncepcion, prevencion de its y de cancer de cuello uterino",aqv femenino,2016-02-01,0,0,2,0,0,2
BAURES,"anticoncepcion, prevencion de its y de cancer de cuello uterino",aqv femenino,2016-02-01,0,0,2,0,0,2
BUENA VISTA,"anticoncepcion, prevencion de its y de cancer de cuello uterino",aqv femenino,2016-02-01,0,0,4,0,0,4
CAMARGO,"anticoncepcion, prevencion de its y de cancer de cuello uterino",aqv femenino,2016-02-01,0,0,2,1,0,3
CAMIRI,"anticoncepcion, prevencion de its y de cancer de cuello uterino",aqv femenino,2016-02-01,0,0,1,1,0,2
CHARAGUA,"anticoncepcion, prevencion de its y de cancer de cuello uterino",aqv femenino,2016-02-01,0,0,3,0,0,3
COBIJA,"anticoncepcion, prevencion de its y de cancer de cuello uterino",aqv femenino,2016-02-01,0,0,10,5,0,15
COCHABAMBA,"anticoncepcion, prevencion de its y de cancer de cuello uterino",aqv femenino,2016-02-01,0,2,38,24,0,64
COTOCA,"anticoncepcion, prevencion de its y de cancer de cuello uterino",aqv femenino,2016-02-01,0,0,1,0,0,1
EL ALTO,"anticoncepcion, prevencion de its y de cancer de cuello uterino",aqv femenino,2016-02-01,0,0,18,13,0,31
EL TORNO,"anticoncepcion, prevencion de its y de cancer de cuello uterino",aqv femenino,2016-02-01,0,0,2,3,0,5
GUAYARAMERIN,"anticoncepcion, prevencion de its y de cancer de cuello uterino",aqv femenino,2016-02-01,0,0,5,1,0,6
HUANUNI,"anticoncepcion, prevencion de its y de cancer de cuello uterino",aqv femenino,2016-02-01,0,0,1,0,0,1
LA PAZ,"anticoncepcion, prevencion de its y de cancer de cuello uterino",aqv femenino,2016-02-01,0,0,7,2,0,9
MACHARETI,"anticoncepcion, prevencion de its y de cancer de cuello uterino",aqv femenino,2016-02-01,0,0,1,0,0,1
MAIRANA,"anticoncepcion, prevencion de its y de cancer de cuello uterino",aqv femenino,2016-02-01,0,0,2,1,0,3
MIZQUE,"anticoncepcion, prevencion de its y de cancer de cuello uterino",aqv femenino,2016-02-01,0,0,1,2,0,3
MONTEAGUDO,"anticoncepcion, prevencion de its y de cancer de cuello uterino",aqv femenino,2016-02-01,0,0,3,0,0,3
ORURO,"anticoncepcion, prevencion de its y de cancer de cuello uterino",aqv femenino,2016-02-01,0,0,4,3,0,7
PADILLA,"anticoncepcion, prevencion de its y de cancer de cuello uterino",aqv femenino,2016-02-01,0,0,4,2,0,6
PORTACHUELO,"anticoncepcion, prevencion de its y de cancer de cuello uterino",aqv femenino,2016-02-01,0,0,0,1,0,1
POTOSI,"anticoncepcion, prevencion de its y de cancer de cuello uterino",aqv femenino,2016-02-01,0,0,0,1,0,1
PUERTO SUAREZ,"anticoncepcion, prevencion de its y de cancer de cuello uterino",aqv femenino,2016-02-01,0,0,2,2,0,4
REYES,"anticoncepcion, prevencion de its y de cancer de cuello uterino",aqv femenino,2016-02-01,0,0,1,0,0,1
RIBERALTA,"anticoncepcion, prevencion de its y de cancer de cuello uterino",aqv femenino,2016-02-01,0,2,11,4,0,17
SACABA,"anticoncepcion, prevencion de its y de cancer de cuello uterino",aqv femenino,2016-02-01,0,0,1,3,0,4
SAN BORJA,"anticoncepcion, prevencion de its y de cancer de cuello uterino",aqv femenino,2016-02-01,0,0,1,4,0,5
SAN BUENA VENTURA,"anticoncepcion, prevencion de its y de cancer de cuello uterino",aqv femenino,2016-02-01,0,0,0,2,0,2
SAN IGNACIO DE VELASCO,"anticoncepcion, prevencion de its y de cancer de cuello uterino",aqv femenino,2016-02-01,0,0,4,1,0,5
SAN LUCAS,"anticoncepcion, prevencion de its y de cancer de cuello uterino",aqv femenino,2016-02-01,0,0,1,0,0,1
SANTA CRUZ DE LA SIERRA,"anticoncepcion, prevencion de its y de cancer de cuello uterino",aqv femenino,2016-02-01,0,0,18,18,0,36
SOPACHUY,"anticoncepcion, prevencion de its y de cancer de cuello uterino",aqv femenino,2016-02-01,0,0,1,0,0,1
SUCRE,"anticoncepcion, prevencion de its y de cancer de cuello uterino",aqv femenino,2016-02-01,0,0,24,17,0,41
TARVITA,"anticoncepcion, prevencion de its y de cancer de cuello uterino",aqv femenino,2016-02-01,0,0,1,0,0,1
TIQUIPAYA,"anticoncepcion, prevencion de its y de cancer de cuello uterino",aqv femenino,2016-02-01,0,0,4,1,0,5
UYUNI,"anticoncepcion, prevencion de its y de cancer de cuello uterino",aqv femenino,2016-02-01,0,0,0,5,0,5
VALLEGRANDE,"anticoncepcion, prevencion de its y de cancer de cuello uterino",aqv femenino,2016-02-01,0,0,5,0,0,5
VILLA MONTES,"anticoncepcion, prevencion de its y de cancer de cuello uterino",aqv femenino,2016-02-01,0,1,5,0,0,6
VILLAZON,"anticoncepcion, prevencion de its y de cancer de cuello uterino",aqv femenino,2016-02-01,0,0,0,2,0,2
WARNES,"anticoncepcion, prevencion de its y de cancer de cuello uterino",aqv femenino,2016-02-01,0,0,2,0,0,2
YACUIBA,"anticoncepcion, prevencion de its y de cancer de cuello uterino",aqv femenino,2016-02-01,0,0,1,2,0,3
ASCENCION DE GUARAYOS,"anticoncepcion, prevencion de its y de cancer de cuello uterino",aqv femenino,2016-03-01,0,0,4,3,0,7
CAMARGO,"anticoncepcion, prevencion de its y de cancer de cuello uterino",aqv femenino,2016-03-01,0,0,0,1,0,1
CAMIRI,"anticoncepcion, prevencion de its y de cancer de cuello uterino",aqv femenino,2016-03-01,0,0,0,1,3,4
CHALLAPATA,"anticoncepcion, prevencion de its y de cancer de cuello uterino",aqv femenino,2016-03-01,0,0,2,0,0,2
CHARAGUA,"anticoncepcion, prevencion de its y de cancer de cuello uterino",aqv femenino,2016-03-01,0,0,1,1,0,2
CLIZA,"anticoncepcion, prevencion de its y de cancer de cuello uterino",aqv femenino,2016-03-01,0,0,0,3,0,3
COBIJA,"anticoncepcion, prevencion de its y de cancer de cuello uterino",aqv femenino,2016-03-01,0,1,12,7,0,20
COCHABAMBA,"anticoncepcion, prevencion de its y de cancer de cuello uterino",aqv femenino,2016-03-01,0,0,50,29,0,79
COLCAPIRHUA,"anticoncepcion, prevencion de its y de cancer de cuello uterino",aqv femenino,2016-03-01,0,0,1,0,0,1
COMARAPA,"anticoncepcion, prevencion de its y de cancer de cuello uterino",aqv femenino,2016-03-01,0,0,1,1,0,2
COTOCA,"anticoncepcion, prevencion de its y de cancer de cuello uterino",aqv femenino,2016-03-01,0,0,1,0,0,1
CULPINA,"anticoncepcion, prevencion de its y de cancer de cuello uterino",aqv femenino,2016-03-01,0,0,2,1,0,3
EL ALTO,"anticoncepcion, prevencion de its y de cancer de cuello uterino",aqv femenino,2016-03-01,0,0,19,18,0,37
GUAYARAMERIN,"anticoncepcion, prevencion de its y de cancer de cuello uterino",aqv femenino,2016-03-01,0,0,7,1,0,8
HUANUNI,"anticoncepcion, prevencion de its y de cancer de cuello uterino",aqv femenino,2016-03-01,0,0,1,0,0,1
LA PAZ,"anticoncepcion, prevencion de its y de cancer de cuello uterino",aqv femenino,2016-03-01,0,1,13,5,0,19
MAGDALENA,"anticoncepcion, prevencion de its y de cancer de cuello uterino",aqv femenino,2016-03-01,0,0,1,0,0,1
MAIRANA,"anticoncepcion, prevencion de its y de cancer de cuello uterino",aqv femenino,2016-03-01,0,0,2,0,0,2
MONTEAGUDO,"anticoncepcion, prevencion de its y de cancer de cuello uterino",aqv femenino,2016-03-01,0,0,2,0,0,2
MONTERO,"anticoncepcion, prevencion de its y de cancer de cuello uterino",aqv femenino,2016-03-01,0,0,2,0,0,2
ORURO,"anticoncepcion, prevencion de its y de cancer de cuello uterino",aqv femenino,2016-03-01,0,0,1,2,0,3
PADILLA,"anticoncepcion, prevencion de its y de cancer de cuello uterino",aqv femenino,2016-03-01,0,0,2,1,0,3
PORTACHUELO,"anticoncepcion, prevencion de its y de cancer de cuello uterino",aqv femenino,2016-03-01,0,0,1,2,0,3
POTOSI,"anticoncepcion, prevencion de its y de cancer de cuello uterino",aqv femenino,2016-03-01,0,0,5,0,0,5
PUERTO QUIJARRO,"anticoncepcion, prevencion de its y de cancer de cuello uterino",aqv femenino,2016-03-01,0,0,0,2,0,2
PUERTO SUAREZ,"anticoncepcion, prevencion de its y de cancer de cuello uterino",aqv femenino,2016-03-01,0,0,5,2,0,7
QUILLACOLLO,"anticoncepcion, prevencion de its y de cancer de cuello uterino",aqv femenino,2016-03-01,0,0,0,3,0,3
RIBERALTA,"anticoncepcion, prevencion de its y de cancer de cuello uterino",aqv femenino,2016-03-01,0,3,21,2,0,26
ROBORE,"anticoncepcion, prevencion de its y de cancer de cuello uterino",aqv femenino,2016-03-01,0,0,1,0,0,1
RURRENABAQUE,"anticoncepcion, prevencion de its y de cancer de cuello uterino",aqv femenino,2016-03-01,0,0,2,2,0,4
SACABA,"anticoncepcion, prevencion de its y de cancer de cuello uterino",aqv femenino,2016-03-01,0,0,1,1,0,2
SAN RAMON BENI,"anticoncepcion, prevencion de its y de cancer de cuello uterino",aqv femenino,2016-03-01,0,0,1,0,0,1
SANTA ANA,"anticoncepcion, prevencion de its y de cancer de cuello uterino",aqv femenino,2016-03-01,0,0,6,0,0,6
SANTA CRUZ DE LA SIERRA,"anticoncepcion, prevencion de its y de cancer de cuello uterino",aqv femenino,2016-03-01,0,0,13,11,0,24
SUCRE,"anticoncepcion, prevencion de its y de cancer de cuello uterino",aqv femenino,2016-03-01,0,0,6,5,4,15
TIQUIPAYA,"anticoncepcion, prevencion de its y de cancer de cuello uterino",aqv femenino,2016-03-01,0,0,3,2,0,5
TRINIDAD,"anticoncepcion, prevencion de its y de cancer de cuello uterino",aqv femenino,2016-03-01,0,0,13,12,0,25
UYUNI,"anticoncepcion, prevencion de its y de cancer de cuello uterino",aqv femenino,2016-03-01,0,0,2,1,0,3
VILLA MONTES,"anticoncepcion, prevencion de its y de cancer de cuello uterino",aqv femenino,2016-03-01,0,0,6,1,0,7
VILLAZON,"anticoncepcion, prevencion de its y de cancer de cuello uterino",aqv femenino,2016-03-01,0,0,4,0,0,4
VINTO,"anticoncepcion, prevencion de its y de cancer de cuello uterino",aqv femenino,2016-03-01,0,0,0,3,0,3
WARNES,"anticoncepcion, prevencion de its y de cancer de cuello uterino",aqv femenino,2016-03-01,0,0,0,5,0,5
YACUIBA,"anticoncepcion, prevencion de its y de cancer de cuello uterino",aqv femenino,2016-03-01,0,0,2,1,0,3
ASCENCION DE GUARAYOS,"anticoncepcion, prevencion de its y de cancer de cuello uterino",aqv femenino,2016-04-01,0,0,3,0,0,3
CHALLAPATA,"anticoncepcion, prevencion de its y de cancer de cuello uterino",aqv femenino,2016-04-01,0,0,2,0,0,2
CHIMORE,"anticoncepcion, prevencion de its y de cancer de cuello uterino",aqv femenino,2016-04-01,0,1,0,0,0,1
CLIZA,"anticoncepcion, prevencion de its y de cancer de cuello uterino",aqv femenino,2016-04-01,0,0,0,2,0,2
COBIJA,"anticoncepcion, prevencion de its y de cancer de cuello uterino",aqv femenino,2016-04-01,0,0,3,6,0,9
COCHABAMBA,"anticoncepcion, prevencion de its y de cancer de cuello uterino",aqv femenino,2016-04-01,0,0,7,4,0,11
COMARAPA,"anticoncepcion, prevencion de its y de cancer de cuello uterino",aqv femenino,2016-04-01,0,0,2,0,0,2
COTOCA,"anticoncepcion, prevencion de its y de cancer de cuello uterino",aqv femenino,2016-04-01,0,1,2,0,0,3
EL ALTO,"anticoncepcion, prevencion de its y de cancer de cuello uterino",aqv femenino,2016-04-01,0,0,10,4,0,14
GUAYARAMERIN,"anticoncepcion, prevencion de its y de cancer de cuello uterino",aqv femenino,2016-04-01,0,2,6,6,0,14
HUANUNI,"anticoncepcion, prevencion de its y de cancer de cuello uterino",aqv femenino,2016-04-01,0,0,1,0,0,1
LA PAZ,"anticoncepcion, prevencion de its y de cancer de cuello uterino",aqv femenino,2016-04-01,0,0,7,0,0,7
MONTEAGUDO,"anticoncepcion, prevencion de its y de cancer de cuello uterino",aqv femenino,2016-04-01,0,0,7,1,0,8
MONTERO,"anticoncepcion, prevencion de its y de cancer de cuello uterino",aqv femenino,2016-04-01,0,0,1,1,0,2
OCURI,"anticoncepcion, prevencion de its y de cancer de cuello uterino",aqv femenino,2016-04-01,0,0,0,1,0,1
ORURO,"anticoncepcion, prevencion de its y de cancer de cuello uterino",aqv femenino,2016-04-01,0,0,4,4,0,8
PADILLA,"anticoncepcion, prevencion de its y de cancer de cuello uterino",aqv femenino,2016-04-01,0,0,5,0,0,5
PORTACHUELO,"anticoncepcion, prevencion de its y de cancer de cuello uterino",aqv femenino,2016-04-01,0,0,1,0,0,1
POTOSI,"anticoncepcion, prevencion de its y de cancer de cuello uterino",aqv femenino,2016-04-01,0,0,7,9,0,16
PUERTO SUAREZ,"anticoncepcion, prevencion de its y de cancer de cuello uterino",aqv femenino,2016-04-01,0,0,6,1,0,7
PUERTO VILLARROEL,"anticoncepcion, prevencion de its y de cancer de cuello uterino",aqv femenino,2016-04-01,0,0,2,0,0,2
QUILLACOLLO,"anticoncepcion, prevencion de its y de cancer de cuello uterino",aqv femenino,2016-04-01,0,0,2,1,0,3
REYES,"anticoncepcion, prevencion de its y de cancer de cuello uterino",aqv femenino,2016-04-01,0,0,0,1,0,1
RIBERALTA,"anticoncepcion, prevencion de its y de cancer de cuello uterino",aqv femenino,2016-04-01,0,0,12,4,0,16
RURRENABAQUE,"anticoncepcion, prevencion de its y de cancer de cuello uterino",aqv femenino,2016-04-01,0,0,3,3,0,6
SACABA,"anticoncepcion, prevencion de its y de cancer de cuello uterino",aqv femenino,2016-04-01,0,0,1,0,0,1
SAN BORJA,"anticoncepcion, prevencion de its y de cancer de cuello uterino",aqv femenino,2016-04-01,0,0,4,2,0,6
SAN BUENA VENTURA,"anticoncepcion, prevencion de its y de cancer de cuello uterino",aqv femenino,2016-04-01,0,0,1,0,0,1
SAN IGNACIO,"anticoncepcion, prevencion de its y de cancer de cuello uterino",aqv femenino,2016-04-01,0,0,1,2,0,3
SAN IGNACIO DE VELASCO,"anticoncepcion, prevencion de its y de cancer de cuello uterino",aqv femenino,2016-04-01,0,1,2,1,0,4
SAN JAVIER(STC),"anticoncepcion, prevencion de its y de cancer de cuello uterino",aqv femenino,2016-04-01,0,0,0,1,0,1
SAN JOSE DE CHIQUITOS,"anticoncepcion, prevencion de its y de cancer de cuello uterino",aqv femenino,2016-04-01,0,0,0,4,0,4
SAN PEDRO,"anticoncepcion, prevencion de its y de cancer de cuello uterino",aqv femenino,2016-04-01,0,1,4,3,0,8
SANTA ANA,"anticoncepcion, prevencion de its y de cancer de cuello uterino",aqv femenino,2016-04-01,0,0,7,1,0,8
SANTA CRUZ DE LA SIERRA,"anticoncepcion, prevencion de its y de cancer de cuello uterino",aqv femenino,2016-04-01,0,0,3,4,0,7
SOPACHUY,"anticoncepcion, prevencion de its y de cancer de cuello uterino",aqv femenino,2016-04-01,0,0,2,0,0,2
SUCRE,"anticoncepcion, prevencion de its y de cancer de cuello uterino",aqv femenino,2016-04-01,0,0,22,28,0,50
TARIJA,"anticoncepcion, prevencion de its y de cancer de cuello uterino",aqv femenino,2016-04-01,0,0,4,1,0,5
TIQUIPAYA,"anticoncepcion, prevencion de its y de cancer de cuello uterino",aqv femenino,2016-04-01,0,1,5,1,0,7
VIACHA,"anticoncepcion, prevencion de its y de cancer de cuello uterino",aqv femenino,2016-04-01,0,0,1,0,0,1
VILLA MONTES,"anticoncepcion, prevencion de its y de cancer de cuello uterino",aqv femenino,2016-04-01,0,0,2,1,0,3
VILLA TUNARI,"anticoncepcion, prevencion de its y de cancer de cuello uterino",aqv femenino,2016-04-01,0,0,2,2,0,4
VILLAZON,"anticoncepcion, prevencion de its y de cancer de cuello uterino",aqv femenino,2016-04-01,0,0,1,0,0,1
ASCENCION DE GUARAYOS,"anticoncepcion, prevencion de its y de cancer de cuello uterino",aqv femenino,2016-05-01,0,0,4,4,0,8
CABEZAS,"anticoncepcion, prevencion de its y de cancer de cuello uterino",aqv femenino,2016-05-01,0,0,9,0,0,9
CAMARGO,"anticoncepcion, prevencion de its y de cancer de cuello uterino",aqv femenino,2016-05-01,0,0,1,1,0,2
CAMIRI,"anticoncepcion, prevencion de its y de cancer de cuello uterino",aqv femenino,2016-05-01,0,0,1,5,1,7
CLIZA,"anticoncepcion, prevencion de its y de cancer de cuello uterino",aqv femenino,2016-05-01,0,0,1,2,0,3
COBIJA,"anticoncepcion, prevencion de its y de cancer de cuello uterino",aqv femenino,2016-05-01,0,0,7,1,0,8
COCHABAMBA,"anticoncepcion, prevencion de its y de cancer de cuello uterino",aqv femenino,2016-05-01,0,2,61,12,0,75
COLCAPIRHUA,"anticoncepcion, prevencion de its y de cancer de cuello uterino",aqv femenino,2016-05-01,0,0,0,1,0,1
COTOCA,"anticoncepcion, prevencion de its y de cancer de cuello uterino",aqv femenino,2016-05-01,0,0,1,0,0,1
CULPINA,"anticoncepcion, prevencion de its y de cancer de cuello uterino",aqv femenino,2016-05-01,0,0,0,3,0,3
EL ALTO,"anticoncepcion, prevencion de its y de cancer de cuello uterino",aqv femenino,2016-05-01,0,0,19,15,1,35
EL TORNO,"anticoncepcion, prevencion de its y de cancer de cuello uterino",aqv femenino,2016-05-01,0,0,4,3,0,7
GUAYARAMERIN,"anticoncepcion, prevencion de its y de cancer de cuello uterino",aqv femenino,2016-05-01,0,2,5,1,0,8
HUANUNI,"anticoncepcion, prevencion de its y de cancer de cuello uterino",aqv femenino,2016-05-01,0,0,1,0,0,1
LA PAZ,"anticoncepcion, prevencion de its y de cancer de cuello uterino",aqv femenino,2016-05-01,0,1,14,0,0,15
ORURO,"anticoncepcion, prevencion de its y de cancer de cuello uterino",aqv femenino,2016-05-01,0,0,4,3,0,7
PADILLA,"anticoncepcion, prevencion de its y de cancer de cuello uterino",aqv femenino,2016-05-01,0,0,0,1,0,1
PORTACHUELO,"anticoncepcion, prevencion de its y de cancer de cuello uterino",aqv femenino,2016-05-01,0,0,2,2,0,4
POTOSI,"anticoncepcion, prevencion de its y de cancer de cuello uterino",aqv femenino,2016-05-01,0,0,4,4,0,8
PUERTO SUAREZ,"anticoncepcion, prevencion de its y de cancer de cuello uterino",aqv femenino,2016-05-01,0,0,5,4,0,9
QUILLACOLLO,"anticoncepcion, prevencion de its y de cancer de cuello uterino",aqv femenino,2016-05-01,0,0,2,0,0,2
RIBERALTA,"anticoncepcion, prevencion de its y de cancer de cuello uterino",aqv femenino,2016-05-01,0,1,14,4,0,19
ROBORE,"anticoncepcion, prevencion de its y de cancer de cuello uterino",aqv femenino,2016-05-01,0,0,1,1,0,2
RURRENABAQUE,"anticoncepcion, prevencion de its y de cancer de cuello uterino",aqv femenino,2016-05-01,0,0,2,5,0,7
SAN BORJA,"anticoncepcion, prevencion de its y de cancer de cuello uterino",aqv femenino,2016-05-01,0,1,1,2,0,4
SAN BUENA VENTURA,"anticoncepcion, prevencion de its y de cancer de cuello uterino",aqv femenino,2016-05-01,0,0,1,1,0,2
SAN IGNACIO DE VELASCO,"anticoncepcion, prevencion de its y de cancer de cuello uterino",aqv femenino,2016-05-01,0,0,1,3,0,4
SAN JAVIER(STC),"anticoncepcion, prevencion de its y de cancer de cuello uterino",aqv femenino,2016-05-01,0,0,0,1,0,1
SAN JOSE DE CHIQUITOS,"anticoncepcion, prevencion de its y de cancer de cuello uterino",aqv femenino,2016-05-01,0,0,6,0,0,6
SANTA ANA,"anticoncepcion, prevencion de its y de cancer de cuello uterino",aqv femenino,2016-05-01,0,0,5,0,0,5
SANTA CRUZ DE LA SIERRA,"anticoncepcion, prevencion de its y de cancer de cuello uterino",aqv femenino,2016-05-01,0,0,17,8,0,25
SUCRE,"anticoncepcion, prevencion de its y de cancer de cuello uterino",aqv femenino,2016-05-01,0,2,27,12,0,41
TARIJA,"anticoncepcion, prevencion de its y de cancer de cuello uterino",aqv femenino,2016-05-01,0,0,1,1,0,2
TARVITA,"anticoncepcion, prevencion de its y de cancer de cuello uterino",aqv femenino,2016-05-01,0,0,0,1,0,1
TIQUIPAYA,"anticoncepcion, prevencion de its y de cancer de cuello uterino",aqv femenino,2016-05-01,0,0,2,3,0,5
TRINIDAD,"anticoncepcion, prevencion de its y de cancer de cuello uterino",aqv femenino,2016-05-01,0,1,19,4,0,24
UYUNI,"anticoncepcion, prevencion de its y de cancer de cuello uterino",aqv femenino,2016-05-01,0,0,0,1,0,1
VALLEGRANDE,"anticoncepcion, prevencion de its y de cancer de cuello uterino",aqv femenino,2016-05-01,0,0,3,1,0,4
VINTO,"anticoncepcion, prevencion de its y de cancer de cuello uterino",aqv femenino,2016-05-01,0,0,1,1,0,2
AIQUILE,"anticoncepcion, prevencion de its y de cancer de cuello uterino",aqv femenino,2016-06-01,0,0,0,1,0,1
ASCENCION DE GUARAYOS,"anticoncepcion, prevencion de its y de cancer de cuello uterino",aqv femenino,2016-06-01,0,0,2,1,0,3
BUENA VISTA,"anticoncepcion, prevencion de its y de cancer de cuello uterino",aqv femenino,2016-06-01,0,0,1,1,0,2
CAMIRI,"anticoncepcion, prevencion de its y de cancer de cuello uterino",aqv femenino,2016-06-01,0,0,5,9,0,14
CARANAVI,"anticoncepcion, prevencion de its y de cancer de cuello uterino",aqv femenino,2016-06-01,0,0,1,1,0,2
CHARAGUA,"anticoncepcion, prevencion de its y de cancer de cuello uterino",aqv femenino,2016-06-01,0,0,0,1,0,1
CHULUMANI (V. DE LA LIBERTAD),"anticoncepcion, prevencion de its y de cancer de cuello uterino",aqv femenino,2016-06-01,0,0,2,0,0,2
CLIZA,"anticoncepcion, prevencion de its y de cancer de cuello uterino",aqv femenino,2016-06-01,0,0,1,2,0,3
COBIJA,"anticoncepcion, prevencion de its y de cancer de cuello uterino",aqv femenino,2016-06-01,0,0,12,5,0,17
COCHABAMBA,"anticoncepcion, prevencion de its y de cancer de cuello uterino",aqv femenino,2016-06-01,0,0,48,35,0,83
COLCAPIRHUA,"anticoncepcion, prevencion de its y de cancer de cuello uterino",aqv femenino,2016-06-01,0,0,1,1,0,2
COMARAPA,"anticoncepcion, prevencion de its y de cancer de cuello uterino",aqv femenino,2016-06-01,0,0,4,1,0,5
COTOCA,"anticoncepcion, prevencion de its y de cancer de cuello uterino",aqv femenino,2016-06-01,2,3,1,0,0,6
EL ALTO,"anticoncepcion, prevencion de its y de cancer de cuello uterino",aqv femenino,2016-06-01,0,0,21,14,0,35
EL TORNO,"anticoncepcion, prevencion de its y de cancer de cuello uterino",aqv femenino,2016-06-01,0,0,3,3,0,6
GUAYARAMERIN,"anticoncepcion, prevencion de its y de cancer de cuello uterino",aqv femenino,2016-06-01,0,0,6,2,0,8
LA PAZ,"anticoncepcion, prevencion de its y de cancer de cuello uterino",aqv femenino,2016-06-01,0,0,9,3,0,12
MONTEAGUDO,"anticoncepcion, prevencion de its y de cancer de cuello uterino",aqv femenino,2016-06-01,0,0,0,2,0,2
ORURO,"anticoncepcion, prevencion de its y de cancer de cuello uterino",aqv femenino,2016-06-01,0,0,4,2,0,6
PADILLA,"anticoncepcion, prevencion de its y de cancer de cuello uterino",aqv femenino,2016-06-01,0,0,3,1,0,4
PORTACHUELO,"anticoncepcion, prevencion de its y de cancer de cuello uterino",aqv femenino,2016-06-01,0,0,1,0,0,1
POTOSI,"anticoncepcion, prevencion de its y de cancer de cuello uterino",aqv femenino,2016-06-01,0,1,11,8,0,20
PUERTO SUAREZ,"anticoncepcion, prevencion de its y de cancer de cuello uterino",aqv femenino,2016-06-01,0,0,5,0,0,5
PUERTO VILLARROEL,"anticoncepcion, prevencion de its y de cancer de cuello uterino",aqv femenino,2016-06-01,0,0,2,0,0,2
QUILLACOLLO,"anticoncepcion, prevencion de its y de cancer de cuello uterino",aqv femenino,2016-06-01,0,0,1,1,0,2
RIBERALTA,"anticoncepcion, prevencion de its y de cancer de cuello uterino",aqv femenino,2016-06-01,0,1,11,6,0,18
ROBORE,"anticoncepcion, prevencion de its y de cancer de cuello uterino",aqv femenino,2016-06-01,0,0,3,0,0,3
RURRENABAQUE,"anticoncepcion, prevencion de its y de cancer de cuello uterino",aqv femenino,2016-06-01,0,0,1,1,0,2
SACABA,"anticoncepcion, prevencion de its y de cancer de cuello uterino",aqv femenino,2016-06-01,0,0,3,12,0,15
SAN BORJA,"anticoncepcion, prevencion de its y de cancer de cuello uterino",aqv femenino,2016-06-01,0,1,2,2,0,5
SAN BUENA VENTURA,"anticoncepcion, prevencion de its y de cancer de cuello uterino",aqv femenino,2016-06-01,0,0,2,0,0,2
SAN IGNACIO,"anticoncepcion, prevencion de its y de cancer de cuello uterino",aqv femenino,2016-06-01,0,0,2,0,0,2
SAN JOSE DE CHIQUITOS,"anticoncepcion, prevencion de its y de cancer de cuello uterino",aqv femenino,2016-06-01,0,0,1,2,0,3
SAN PEDRO,"anticoncepcion, prevencion de its y de cancer de cuello uterino",aqv femenino,2016-06-01,0,0,3,4,0,7
SANTA ANA,"anticoncepcion, prevencion de its y de cancer de cuello uterino",aqv femenino,2016-06-01,0,0,3,1,0,4
SANTA CRUZ DE LA SIERRA,"anticoncepcion, prevencion de its y de cancer de cuello uterino",aqv femenino,2016-06-01,0,0,11,7,0,18
SUCRE,"anticoncepcion, prevencion de its y de cancer de cuello uterino",aqv femenino,2016-06-01,0,0,19,17,2,38
TARIJA,"anticoncepcion, prevencion de its y de cancer de cuello uterino",aqv femenino,2016-06-01,0,0,8,2,0,10
TIQUIPAYA,"anticoncepcion, prevencion de its y de cancer de cuello uterino",aqv femenino,2016-06-01,0,0,5,1,0,6
TRINIDAD,"anticoncepcion, prevencion de its y de cancer de cuello uterino",aqv femenino,2016-06-01,0,2,12,0,0,14
UYUNI,"anticoncepcion, prevencion de its y de cancer de cuello uterino",aqv femenino,2016-06-01,0,0,2,0,0,2
VALLEGRANDE,"anticoncepcion, prevencion de its y de cancer de cuello uterino",aqv femenino,2016-06-01,0,0,1,2,0,3
VILLA MONTES,"anticoncepcion, prevencion de its y de cancer de cuello uterino",aqv femenino,2016-06-01,0,0,4,0,0,4
VILLAZON,"anticoncepcion, prevencion de its y de cancer de cuello uterino",aqv femenino,2016-06-01,0,0,3,0,0,3
VINTO,"anticoncepcion, prevencion de its y de cancer de cuello uterino",aqv femenino,2016-06-01,0,0,1,0,0,1
YACUIBA,"anticoncepcion, prevencion de its y de cancer de cuello uterino",aqv femenino,2016-06-01,0,0,1,0,0,1
ASCENCION DE GUARAYOS,"anticoncepcion, prevencion de its y de cancer de cuello uterino",aqv femenino,2016-07-01,0,0,3,1,0,4
BATALLAS,"anticoncepcion, prevencion de its y de cancer de cuello uterino",aqv femenino,2016-07-01,0,0,3,1,0,4
BAURES,"anticoncepcion, prevencion de its y de cancer de cuello uterino",aqv femenino,2016-07-01,0,0,0,1,0,1
CAMARGO,"anticoncepcion, prevencion de its y de cancer de cuello uterino",aqv femenino,2016-07-01,0,0,2,4,0,6
CAMIRI,"anticoncepcion, prevencion de its y de cancer de cuello uterino",aqv femenino,2016-07-01,0,0,5,3,0,8
CHULUMANI (V. DE LA LIBERTAD),"anticoncepcion, prevencion de its y de cancer de cuello uterino",aqv femenino,2016-07-01,0,0,3,1,0,4
CLIZA,"anticoncepcion, prevencion de its y de cancer de cuello uterino",aqv femenino,2016-07-01,0,0,0,1,0,1
COBIJA,"anticoncepcion, prevencion de its y de cancer de cuello uterino",aqv femenino,2016-07-01,0,0,11,5,0,16
COCHABAMBA,"anticoncepcion, prevencion de its y de cancer de cuello uterino",aqv femenino,2016-07-01,0,7,114,53,2,176
COLCAPIRHUA,"anticoncepcion, prevencion de its y de cancer de cuello uterino",aqv femenino,2016-07-01,0,0,2,0,0,2
COMARAPA,"anticoncepcion, prevencion de its y de cancer de cuello uterino",aqv femenino,2016-07-01,0,0,1,1,0,2
CULPINA,"anticoncepcion, prevencion de its y de cancer de cuello uterino",aqv femenino,2016-07-01,0,0,2,0,0,2
EL ALTO,"anticoncepcion, prevencion de its y de cancer de cuello uterino",aqv femenino,2016-07-01,0,0,11,17,5,33
EL TORNO,"anticoncepcion, prevencion de its y de cancer de cuello uterino",aqv femenino,2016-07-01,0,2,2,0,0,4
FERNANDEZ ALONSO,"anticoncepcion, prevencion de its y de cancer de cuello uterino",aqv femenino,2016-07-01,0,0,1,0,0,1
GUANAY,"anticoncepcion, prevencion de its y de cancer de cuello uterino",aqv femenino,2016-07-01,0,0,1,0,0,1
GUAYARAMERIN,"anticoncepcion, prevencion de its y de cancer de cuello uterino",aqv femenino,2016-07-01,0,0,15,4,0,19
LA PAZ,"anticoncepcion, prevencion de its y de cancer de cuello uterino",aqv femenino,2016-07-01,0,0,2,2,0,4
LAJA,"anticoncepcion, prevencion de its y de cancer de cuello uterino",aqv femenino,2016-07-01,0,0,1,0,0,1
MAIRANA,"anticoncepcion, prevencion de its y de cancer de cuello uterino",aqv femenino,2016-07-01,0,0,0,1,0,1
MIZQUE,"anticoncepcion, prevencion de its y de cancer de cuello uterino",aqv femenino,2016-07-01,0,0,1,1,0,2
MONTEAGUDO,"anticoncepcion, prevencion de its y de cancer de cuello uterino",aqv femenino,2016-07-01,0,0,1,2,0,3
ORURO,"anticoncepcion, prevencion de its y de cancer de cuello uterino",aqv femenino,2016-07-01,0,0,8,6,0,14
PADILLA,"anticoncepcion, prevencion de its y de cancer de cuello uterino",aqv femenino,2016-07-01,0,0,2,1,0,3
POTOSI,"anticoncepcion, prevencion de its y de cancer de cuello uterino",aqv femenino,2016-07-01,0,0,10,4,0,14
PUERTO SUAREZ,"anticoncepcion, prevencion de its y de cancer de cuello uterino",aqv femenino,2016-07-01,0,0,1,0,0,1
QUILLACOLLO,"anticoncepcion, prevencion de its y de cancer de cuello uterino",aqv femenino,2016-07-01,0,0,1,0,0,1
RIBERALTA,"anticoncepcion, prevencion de its y de cancer de cuello uterino",aqv femenino,2016-07-01,0,1,26,5,0,32
SACABA,"anticoncepcion, prevencion de its y de cancer de cuello uterino",aqv femenino,2016-07-01,0,0,2,1,0,3
SAN BORJA,"anticoncepcion, prevencion de its y de cancer de cuello uterino",aqv femenino,2016-07-01,0,0,4,1,0,5
SAN IGNACIO,"anticoncepcion, prevencion de its y de cancer de cuello uterino",aqv femenino,2016-07-01,0,0,1,0,0,1
SAN JOSE DE CHIQUITOS,"anticoncepcion, prevencion de its y de cancer de cuello uterino",aqv femenino,2016-07-01,0,0,7,1,0,8
SAN RAMON BENI,"anticoncepcion, prevencion de its y de cancer de cuello uterino",aqv femenino,2016-07-01,0,1,2,0,0,3
SANTA ANA,"anticoncepcion, prevencion de its y de cancer de cuello uterino",aqv femenino,2016-07-01,0,0,0,2,0,2
SANTA CRUZ DE LA SIERRA,"anticoncepcion, prevencion de its y de cancer de cuello uterino",aqv femenino,2016-07-01,0,0,13,7,0,20
SOPACHUY,"anticoncepcion, prevencion de its y de cancer de cuello uterino",aqv femenino,2016-07-01,0,0,1,0,0,1
SUCRE,"anticoncepcion, prevencion de its y de cancer de cuello uterino",aqv femenino,2016-07-01,0,5,21,23,0,49
TARIJA,"anticoncepcion, prevencion de its y de cancer de cuello uterino",aqv femenino,2016-07-01,0,0,2,0,0,2
TARVITA,"anticoncepcion, prevencion de its y de cancer de cuello uterino",aqv femenino,2016-07-01,0,0,0,1,0,1
TIQUIPAYA,"anticoncepcion, prevencion de its y de cancer de cuello uterino",aqv femenino,2016-07-01,0,0,4,3,0,7
VALLEGRANDE,"anticoncepcion, prevencion de its y de cancer de cuello uterino",aqv femenino,2016-07-01,0,0,4,2,0,6
VILLA MONTES,"anticoncepcion, prevencion de its y de cancer de cuello uterino",aqv femenino,2016-07-01,0,0,4,5,0,9
VILLA TUNARI,"anticoncepcion, prevencion de its y de cancer de cuello uterino",aqv femenino,2016-07-01,0,0,3,4,0,7
VILLAZON,"anticoncepcion, prevencion de its y de cancer de cuello uterino",aqv femenino,2016-07-01,0,0,2,0,0,2
VINTO,"anticoncepcion, prevencion de its y de cancer de cuello uterino",aqv femenino,2016-07-01,0,0,2,0,0,2
AIQUILE,"anticoncepcion, prevencion de its y de cancer de cuello uterino",aqv femenino,2016-08-01,0,0,0,2,0,2
ASCENCION DE GUARAYOS,"anticoncepcion, prevencion de its y de cancer de cuello uterino",aqv femenino,2016-08-01,0,0,0,1,0,1
BAURES,"anticoncepcion, prevencion de its y de cancer de cuello uterino",aqv femenino,2016-08-01,0,0,0,1,0,1
CAMARGO,"anticoncepcion, prevencion de its y de cancer de cuello uterino",aqv femenino,2016-08-01,0,0,3,2,0,5
CAMIRI,"anticoncepcion, prevencion de its y de cancer de cuello uterino",aqv femenino,2016-08-01,0,0,9,4,0,13
CARANAVI,"anticoncepcion, prevencion de its y de cancer de cuello uterino",aqv femenino,2016-08-01,0,0,3,0,0,3
CHULUMANI (V. DE LA LIBERTAD),"anticoncepcion, prevencion de its y de cancer de cuello uterino",aqv femenino,2016-08-01,0,0,2,3,0,5
CLIZA,"anticoncepcion, prevencion de its y de cancer de cuello uterino",aqv femenino,2016-08-01,0,0,1,0,0,1
COBIJA,"anticoncepcion, prevencion de its y de cancer de cuello uterino",aqv femenino,2016-08-01,0,0,11,4,0,15
COCHABAMBA,"anticoncepcion, prevencion de its y de cancer de cuello uterino",aqv femenino,2016-08-01,0,0,50,27,0,77
COLCAPIRHUA,"anticoncepcion, prevencion de its y de cancer de cuello uterino",aqv femenino,2016-08-01,0,0,1,0,0,1
COMARAPA,"anticoncepcion, prevencion de its y de cancer de cuello uterino",aqv femenino,2016-08-01,0,0,1,0,0,1
EL ALTO,"anticoncepcion, prevencion de its y de cancer de cuello uterino",aqv femenino,2016-08-01,0,0,6,3,0,9
EL TORNO,"anticoncepcion, prevencion de its y de cancer de cuello uterino",aqv femenino,2016-08-01,0,1,2,0,0,3
GUAYARAMERIN,"anticoncepcion, prevencion de its y de cancer de cuello uterino",aqv femenino,2016-08-01,0,0,10,3,0,13
LA PAZ,"anticoncepcion, prevencion de its y de cancer de cuello uterino",aqv femenino,2016-08-01,0,0,4,2,0,6
MAIRANA,"anticoncepcion, prevencion de its y de cancer de cuello uterino",aqv femenino,2016-08-01,0,0,6,1,0,7
MONTEAGUDO,"anticoncepcion, prevencion de its y de cancer de cuello uterino",aqv femenino,2016-08-01,0,0,3,0,0,3
ORURO,"anticoncepcion, prevencion de its y de cancer de cuello uterino",aqv femenino,2016-08-01,0,0,6,2,0,8
PADILLA,"anticoncepcion, prevencion de its y de cancer de cuello uterino",aqv femenino,2016-08-01,0,0,1,1,0,2
PORTACHUELO,"anticoncepcion, prevencion de its y de cancer de cuello uterino",aqv femenino,2016-08-01,0,0,0,2,0,2
POTOSI,"anticoncepcion, prevencion de its y de cancer de cuello uterino",aqv femenino,2016-08-01,0,0,14,8,0,22
PUERTO VILLARROEL,"anticoncepcion, prevencion de its y de cancer de cuello uterino",aqv femenino,2016-08-01,0,0,1,0,0,1
QUILLACOLLO,"anticoncepcion, prevencion de its y de cancer de cuello uterino",aqv femenino,2016-08-01,0,0,1,1,0,2
RIBERALTA,"anticoncepcion, prevencion de its y de cancer de cuello uterino",aqv femenino,2016-08-01,0,3,26,4,0,33
ROBORE,"anticoncepcion, prevencion de its y de cancer de cuello uterino",aqv femenino,2016-08-01,0,0,0,1,0,1
SACABA,"anticoncepcion, prevencion de its y de cancer de cuello uterino",aqv femenino,2016-08-01,0,0,2,1,0,3
SAN BORJA,"anticoncepcion, prevencion de its y de cancer de cuello uterino",aqv femenino,2016-08-01,0,0,1,2,0,3
SAN IGNACIO DE VELASCO,"anticoncepcion, prevencion de its y de cancer de cuello uterino",aqv femenino,2016-08-01,0,3,7,1,0,11
SAN LUCAS,"anticoncepcion, prevencion de its y de cancer de cuello uterino",aqv femenino,2016-08-01,0,0,0,3,0,3
SAN PEDRO DE TIQUINA,"anticoncepcion, prevencion de its y de cancer de cuello uterino",aqv femenino,2016-08-01,0,0,1,2,1,4
SANTA ANA,"anticoncepcion, prevencion de its y de cancer de cuello uterino",aqv femenino,2016-08-01,0,0,3,1,0,4
SANTA CRUZ DE LA SIERRA,"anticoncepcion, prevencion de its y de cancer de cuello uterino",aqv femenino,2016-08-01,0,0,34,22,0,56
SUCRE,"anticoncepcion, prevencion de its y de cancer de cuello uterino",aqv femenino,2016-08-01,0,0,7,6,0,13
TARIJA,"anticoncepcion, prevencion de its y de cancer de cuello uterino",aqv femenino,2016-08-01,0,0,2,2,0,4
TIQUIPAYA,"anticoncepcion, prevencion de its y de cancer de cuello uterino",aqv femenino,2016-08-01,0,0,5,1,0,6
TRINIDAD,"anticoncepcion, prevencion de its y de cancer de cuello uterino",aqv femenino,2016-08-01,0,0,11,4,0,15
VALLEGRANDE,"anticoncepcion, prevencion de its y de cancer de cuello uterino",aqv femenino,2016-08-01,0,0,1,2,0,3
VIACHA,"anticoncepcion, prevencion de its y de cancer de cuello uterino",aqv femenino,2016-08-01,0,0,1,0,0,1
VILLA MONTES,"anticoncepcion, prevencion de its y de cancer de cuello uterino",aqv femenino,2016-08-01,0,0,5,2,0,7
VILLA TUNARI,"anticoncepcion, prevencion de its y de cancer de cuello uterino",aqv femenino,2016-08-01,0,0,1,0,0,1
VILLAZON,"anticoncepcion, prevencion de its y de cancer de cuello uterino",aqv femenino,2016-08-01,0,0,1,0,0,1
AIQUILE,"anticoncepcion, prevencion de its y de cancer de cuello uterino",aqv femenino,2016-09-01,0,0,1,2,0,3
CAMARGO,"anticoncepcion, prevencion de its y de cancer de cuello uterino",aqv femenino,2016-09-01,0,0,3,3,0,6
CAMIRI,"anticoncepcion, prevencion de its y de cancer de cuello uterino",aqv femenino,2016-09-01,0,0,4,9,0,13
CARANAVI,"anticoncepcion, prevencion de its y de cancer de cuello uterino",aqv femenino,2016-09-01,0,0,3,0,0,3
CHARAGUA,"anticoncepcion, prevencion de its y de cancer de cuello uterino",aqv femenino,2016-09-01,0,0,0,1,0,1
COBIJA,"anticoncepcion, prevencion de its y de cancer de cuello uterino",aqv femenino,2016-09-01,0,0,11,5,0,16
COCHABAMBA,"anticoncepcion, prevencion de its y de cancer de cuello uterino",aqv femenino,2016-09-01,0,0,54,38,0,92
COLCAPIRHUA,"anticoncepcion, prevencion de its y de cancer de cuello uterino",aqv femenino,2016-09-01,0,0,1,0,0,1
COTOCA,"anticoncepcion, prevencion de its y de cancer de cuello uterino",aqv femenino,2016-09-01,0,0,0,1,0,1
CULPINA,"anticoncepcion, prevencion de its y de cancer de cuello uterino",aqv femenino,2016-09-01,0,0,2,2,0,4
EL ALTO,"anticoncepcion, prevencion de its y de cancer de cuello uterino",aqv femenino,2016-09-01,0,1,16,13,0,30
EL TORNO,"anticoncepcion, prevencion de its y de cancer de cuello uterino",aqv femenino,2016-09-01,0,2,4,2,0,8
ENTRE RIOS TRJ,"anticoncepcion, prevencion de its y de cancer de cuello uterino",aqv femenino,2016-09-01,0,0,2,0,0,2
GUAYARAMERIN,"anticoncepcion, prevencion de its y de cancer de cuello uterino",aqv femenino,2016-09-01,0,1,8,2,0,11
HUACARETA,"anticoncepcion, prevencion de its y de cancer de cuello uterino",aqv femenino,2016-09-01,0,0,0,1,0,1
LA PAZ,"anticoncepcion, prevencion de its y de cancer de cuello uterino",aqv femenino,2016-09-01,0,0,4,0,0,4
MAIRANA,"anticoncepcion, prevencion de its y de cancer de cuello uterino",aqv femenino,2016-09-01,0,0,2,1,0,3
MIZQUE,"anticoncepcion, prevencion de its y de cancer de cuello uterino",aqv femenino,2016-09-01,0,0,0,1,0,1
MONTERO,"anticoncepcion, prevencion de its y de cancer de cuello uterino",aqv femenino,2016-09-01,0,0,0,1,0,1
ORURO,"anticoncepcion, prevencion de its y de cancer de cuello uterino",aqv femenino,2016-09-01,0,0,7,5,0,12
PORTACHUELO,"anticoncepcion, prevencion de its y de cancer de cuello uterino",aqv femenino,2016-09-01,0,0,2,1,0,3
POTOSI,"anticoncepcion, prevencion de its y de cancer de cuello uterino",aqv femenino,2016-09-01,0,0,4,5,0,9
PUERTO SUAREZ,"anticoncepcion, prevencion de its y de cancer de cuello uterino",aqv femenino,2016-09-01,0,0,1,0,0,1
QUILLACOLLO,"anticoncepcion, prevencion de its y de cancer de cuello uterino",aqv femenino,2016-09-01,0,0,1,0,0,1
RIBERALTA,"anticoncepcion, prevencion de its y de cancer de cuello uterino",aqv femenino,2016-09-01,0,0,19,5,0,24
ROBORE,"anticoncepcion, prevencion de its y de cancer de cuello uterino",aqv femenino,2016-09-01,0,0,3,0,0,3
SACABA,"anticoncepcion, prevencion de its y de cancer de cuello uterino",aqv femenino,2016-09-01,0,0,3,3,0,6
SAN BORJA,"anticoncepcion, prevencion de its y de cancer de cuello uterino",aqv femenino,2016-09-01,0,0,2,2,0,4
SAN IGNACIO,"anticoncepcion, prevencion de its y de cancer de cuello uterino",aqv femenino,2016-09-01,0,0,1,0,0,1
SAN IGNACIO DE VELASCO,"anticoncepcion, prevencion de its y de cancer de cuello uterino",aqv femenino,2016-09-01,0,0,2,1,0,3
SAN JOSE DE CHIQUITOS,"anticoncepcion, prevencion de its y de cancer de cuello uterino",aqv femenino,2016-09-01,0,1,2,1,0,4
SANTA ANA,"anticoncepcion, prevencion de its y de cancer de cuello uterino",aqv femenino,2016-09-01,0,0,1,0,0,1
SANTA CRUZ DE LA SIERRA,"anticoncepcion, prevencion de its y de cancer de cuello uterino",aqv femenino,2016-09-01,0,0,21,11,0,32
SUCRE,"anticoncepcion, prevencion de its y de cancer de cuello uterino",aqv femenino,2016-09-01,0,0,5,2,0,7
TARIJA,"anticoncepcion, prevencion de its y de cancer de cuello uterino",aqv femenino,2016-09-01,0,0,15,6,0,21
TIQUIPAYA,"anticoncepcion, prevencion de its y de cancer de cuello uterino",aqv femenino,2016-09-01,0,0,4,2,0,6
TRINIDAD,"anticoncepcion, prevencion de its y de cancer de cuello uterino",aqv femenino,2016-09-01,0,1,31,6,0,38
TUPIZA,"anticoncepcion, prevencion de its y de cancer de cuello uterino",aqv femenino,2016-09-01,0,1,1,0,0,2
UYUNI,"anticoncepcion, prevencion de its y de cancer de cuello uterino",aqv femenino,2016-09-01,0,0,2,0,0,2
VALLEGRANDE,"anticoncepcion, prevencion de its y de cancer de cuello uterino",aqv femenino,2016-09-01,0,0,3,1,0,4
VILLA MONTES,"anticoncepcion, prevencion de its y de cancer de cuello uterino",aqv femenino,2016-09-01,0,0,5,0,0,5
VILLA TUNARI,"anticoncepcion, prevencion de its y de cancer de cuello uterino",aqv femenino,2016-09-01,0,0,2,3,0,5
WARNES,"anticoncepcion, prevencion de its y de cancer de cuello uterino",aqv femenino,2016-09-01,0,0,2,0,0,2
YACUIBA,"anticoncepcion, prevencion de its y de cancer de cuello uterino",aqv femenino,2016-09-01,0,0,1,0,0,1
YAPACANI,"anticoncepcion, prevencion de its y de cancer de cuello uterino",aqv femenino,2016-09-01,0,0,3,0,0,3
ASCENCION DE GUARAYOS,"anticoncepcion, prevencion de its y de cancer de cuello uterino",aqv femenino,2016-10-01,0,0,2,0,0,2
CAMARGO,"anticoncepcion, prevencion de its y de cancer de cuello uterino",aqv femenino,2016-10-01,0,0,7,0,0,7
CAMIRI,"anticoncepcion, prevencion de its y de cancer de cuello uterino",aqv femenino,2016-10-01,0,0,5,8,0,13
CHARAGUA,"anticoncepcion, prevencion de its y de cancer de cuello uterino",aqv femenino,2016-10-01,0,0,1,0,0,1
CHIMORE,"anticoncepcion, prevencion de its y de cancer de cuello uterino",aqv femenino,2016-10-01,0,0,4,1,0,5
CHUA COCANI,"anticoncepcion, prevencion de its y de cancer de cuello uterino",aqv femenino,2016-10-01,0,0,1,0,0,1
CHULUMANI (V. DE LA LIBERTAD),"anticoncepcion, prevencion de its y de cancer de cuello uterino",aqv femenino,2016-10-01,0,0,2,0,0,2
COBIJA,"anticoncepcion, prevencion de its y de cancer de cuello uterino",aqv femenino,2016-10-01,0,2,19,6,0,27
COCHABAMBA,"anticoncepcion, prevencion de its y de cancer de cuello uterino",aqv femenino,2016-10-01,0,1,45,29,0,75
COLCAPIRHUA,"anticoncepcion, prevencion de its y de cancer de cuello uterino",aqv femenino,2016-10-01,0,0,0,1,0,1
COLQUENCHA,"anticoncepcion, prevencion de its y de cancer de cuello uterino",aqv femenino,2016-10-01,0,0,2,1,0,3
COMARAPA,"anticoncepcion, prevencion de its y de cancer de cuello uterino",aqv femenino,2016-10-01,0,0,2,0,0,2
COTOCA,"anticoncepcion, prevencion de its y de cancer de cuello uterino",aqv femenino,2016-10-01,0,0,1,5,0,6
CULPINA,"anticoncepcion, prevencion de its y de cancer de cuello uterino",aqv femenino,2016-10-01,0,0,2,1,0,3
EL ALTO,"anticoncepcion, prevencion de its y de cancer de cuello uterino",aqv femenino,2016-10-01,0,0,30,21,0,51
EL TORNO,"anticoncepcion, prevencion de its y de cancer de cuello uterino",aqv femenino,2016-10-01,0,0,6,3,7,16
GUAYARAMERIN,"anticoncepcion, prevencion de its y de cancer de cuello uterino",aqv femenino,2016-10-01,0,2,14,4,0,20
LA PAZ,"anticoncepcion, prevencion de its y de cancer de cuello uterino",aqv femenino,2016-10-01,0,0,4,0,0,4
MAIRANA,"anticoncepcion, prevencion de its y de cancer de cuello uterino",aqv femenino,2016-10-01,0,0,2,1,0,3
ORURO,"anticoncepcion, prevencion de its y de cancer de cuello uterino",aqv femenino,2016-10-01,0,0,3,2,0,5
PADILLA,"anticoncepcion, prevencion de its y de cancer de cuello uterino",aqv femenino,2016-10-01,0,0,4,5,0,9
PORTACHUELO,"anticoncepcion, prevencion de its y de cancer de cuello uterino",aqv femenino,2016-10-01,0,0,1,1,0,2
POTOSI,"anticoncepcion, prevencion de its y de cancer de cuello uterino",aqv femenino,2016-10-01,0,0,3,3,0,6
PUERTO QUIJARRO,"anticoncepcion, prevencion de its y de cancer de cuello uterino",aqv femenino,2016-10-01,0,0,1,0,0,1
PUERTO SUAREZ,"anticoncepcion, prevencion de its y de cancer de cuello uterino",aqv femenino,2016-10-01,0,0,2,2,0,4
RIBERALTA,"anticoncepcion, prevencion de its y de cancer de cuello uterino",aqv femenino,2016-10-01,0,0,16,3,0,19
ROBORE,"anticoncepcion, prevencion de its y de cancer de cuello uterino",aqv femenino,2016-10-01,0,0,1,4,0,5
SACABA,"anticoncepcion, prevencion de its y de cancer de cuello uterino",aqv femenino,2016-10-01,0,0,2,4,0,6
SAN BORJA,"anticoncepcion, prevencion de its y de cancer de cuello uterino",aqv femenino,2016-10-01,0,1,0,0,0,1
SAN BUENA VENTURA,"anticoncepcion, prevencion de its y de cancer de cuello uterino",aqv femenino,2016-10-01,0,0,1,0,0,1
SAN IGNACIO,"anticoncepcion, prevencion de its y de cancer de cuello uterino",aqv femenino,2016-10-01,0,2,1,0,0,3
SAN IGNACIO DE VELASCO,"anticoncepcion, prevencion de its y de cancer de cuello uterino",aqv femenino,2016-10-01,0,0,3,3,0,6
SAN JOSE DE CHIQUITOS,"anticoncepcion, prevencion de its y de cancer de cuello uterino",aqv femenino,2016-10-01,0,0,2,1,0,3
SAN LUCAS,"anticoncepcion, prevencion de its y de cancer de cuello uterino",aqv femenino,2016-10-01,0,0,3,0,0,3
SANTA ANA,"anticoncepcion, prevencion de its y de cancer de cuello uterino",aqv femenino,2016-10-01,0,0,4,1,0,5
SANTA CRUZ DE LA SIERRA,"anticoncepcion, prevencion de its y de cancer de cuello uterino",aqv femenino,2016-10-01,0,1,18,16,0,35
SUCRE,"anticoncepcion, prevencion de its y de cancer de cuello uterino",aqv femenino,2016-10-01,0,0,15,10,1,26
TARIJA,"anticoncepcion, prevencion de its y de cancer de cuello uterino",aqv femenino,2016-10-01,0,0,14,6,0,20
TARVITA,"anticoncepcion, prevencion de its y de cancer de cuello uterino",aqv femenino,2016-10-01,0,0,0,1,0,1
TIQUIPAYA,"anticoncepcion, prevencion de its y de cancer de cuello uterino",aqv femenino,2016-10-01,0,0,4,0,0,4
TRINIDAD,"anticoncepcion, prevencion de its y de cancer de cuello uterino",aqv femenino,2016-10-01,0,1,24,8,0,33
VALLEGRANDE,"anticoncepcion, prevencion de its y de cancer de cuello uterino",aqv femenino,2016-10-01,0,0,3,2,0,5
VILLAZON,"anticoncepcion, prevencion de its y de cancer de cuello uterino",aqv femenino,2016-10-01,0,0,1,1,0,2
YACUIBA,"anticoncepcion, prevencion de its y de cancer de cuello uterino",aqv femenino,2016-10-01,0,0,1,0,0,1
YAPACANI,"anticoncepcion, prevencion de its y de cancer de cuello uterino",aqv femenino,2016-10-01,0,0,3,0,0,3
YOTALA,"anticoncepcion, prevencion de its y de cancer de cuello uterino",aqv femenino,2016-10-01,0,0,0,1,0,1
ASCENCION DE GUARAYOS,"anticoncepcion, prevencion de its y de cancer de cuello uterino",aqv femenino,2016-11-01,0,0,1,5,0,6
AYOPAYA (V. DE INDEPENDENCIA),"anticoncepcion, prevencion de its y de cancer de cuello uterino",aqv femenino,2016-11-01,0,2,4,0,0,6
CAMARGO,"anticoncepcion, prevencion de its y de cancer de cuello uterino",aqv femenino,2016-11-01,0,0,1,0,0,1
CAMIRI,"anticoncepcion, prevencion de its y de cancer de cuello uterino",aqv femenino,2016-11-01,0,0,2,5,0,7
CARANAVI,"anticoncepcion, prevencion de its y de cancer de cuello uterino",aqv femenino,2016-11-01,0,0,2,0,0,2
CHARAGUA,"anticoncepcion, prevencion de its y de cancer de cuello uterino",aqv femenino,2016-11-01,0,1,1,0,0,2
CHIMORE,"anticoncepcion, prevencion de its y de cancer de cuello uterino",aqv femenino,2016-11-01,0,0,1,0,0,1
CHULUMANI (V. DE LA LIBERTAD),"anticoncepcion, prevencion de its y de cancer de cuello uterino",aqv femenino,2016-11-01,0,1,2,1,0,4
CLIZA,"anticoncepcion, prevencion de its y de cancer de cuello uterino",aqv femenino,2016-11-01,0,0,0,1,0,1
COBIJA,"anticoncepcion, prevencion de its y de cancer de cuello uterino",aqv femenino,2016-11-01,0,2,9,9,0,20
COCHABAMBA,"anticoncepcion, prevencion de its y de cancer de cuello uterino",aqv femenino,2016-11-01,0,1,62,28,0,91
COMARAPA,"anticoncepcion, prevencion de its y de cancer de cuello uterino",aqv femenino,2016-11-01,0,0,0,1,0,1
COTOCA,"anticoncepcion, prevencion de its y de cancer de cuello uterino",aqv femenino,2016-11-01,0,0,1,1,0,2
CULPINA,"anticoncepcion, prevencion de its y de cancer de cuello uterino",aqv femenino,2016-11-01,0,0,1,0,0,1
EL ALTO,"anticoncepcion, prevencion de its y de cancer de cuello uterino",aqv femenino,2016-11-01,0,0,9,6,0,15
EL TORNO,"anticoncepcion, prevencion de its y de cancer de cuello uterino",aqv femenino,2016-11-01,0,0,2,0,0,2
ENTRE RIOS TRJ,"anticoncepcion, prevencion de its y de cancer de cuello uterino",aqv femenino,2016-11-01,0,0,0,1,0,1
GUAYARAMERIN,"anticoncepcion, prevencion de its y de cancer de cuello uterino",aqv femenino,2016-11-01,0,0,6,1,0,7
LA PAZ,"anticoncepcion, prevencion de its y de cancer de cuello uterino",aqv femenino,2016-11-01,0,0,3,1,0,4
MAIRANA,"anticoncepcion, prevencion de its y de cancer de cuello uterino",aqv femenino,2016-11-01,0,0,4,0,0,4
MONTEAGUDO,"anticoncepcion, prevencion de its y de cancer de cuello uterino",aqv femenino,2016-11-01,0,0,3,2,0,5
ORURO,"anticoncepcion, prevencion de its y de cancer de cuello uterino",aqv femenino,2016-11-01,0,0,2,3,0,5
PORTACHUELO,"anticoncepcion, prevencion de its y de cancer de cuello uterino",aqv femenino,2016-11-01,0,0,1,0,0,1
POTOSI,"anticoncepcion, prevencion de its y de cancer de cuello uterino",aqv femenino,2016-11-01,0,0,5,5,0,10
PUERTO SUAREZ,"anticoncepcion, prevencion de its y de cancer de cuello uterino",aqv femenino,2016-11-01,0,0,1,0,0,1
RIBERALTA,"anticoncepcion, prevencion de its y de cancer de cuello uterino",aqv femenino,2016-11-01,0,1,15,6,0,22
ROBORE,"anticoncepcion, prevencion de its y de cancer de cuello uterino",aqv femenino,2016-11-01,0,0,3,1,0,4
SACABA,"anticoncepcion, prevencion de its y de cancer de cuello uterino",aqv femenino,2016-11-01,0,0,5,6,0,11
SAN BORJA,"anticoncepcion, prevencion de its y de cancer de cuello uterino",aqv femenino,2016-11-01,0,0,2,0,0,2
SAN IGNACIO,"anticoncepcion, prevencion de its y de cancer de cuello uterino",aqv femenino,2016-11-01,0,1,0,1,0,2
SAN JOSE DE CHIQUITOS,"anticoncepcion, prevencion de its y de cancer de cuello uterino",aqv femenino,2016-11-01,0,0,4,0,0,4
SAN LUCAS,"anticoncepcion, prevencion de its y de cancer de cuello uterino",aqv femenino,2016-11-01,0,0,1,2,0,3
SANTA ANA,"anticoncepcion, prevencion de its y de cancer de cuello uterino",aqv femenino,2016-11-01,0,0,2,2,0,4
SANTA CRUZ DE LA SIERRA,"anticoncepcion, prevencion de its y de cancer de cuello uterino",aqv femenino,2016-11-01,1,1,31,4,18,55
SUCRE,"anticoncepcion, prevencion de its y de cancer de cuello uterino",aqv femenino,2016-11-01,0,0,10,6,0,16
TIQUIPAYA,"anticoncepcion, prevencion de its y de cancer de cuello uterino",aqv femenino,2016-11-01,0,0,1,1,0,2
TRINIDAD,"anticoncepcion, prevencion de its y de cancer de cuello uterino",aqv femenino,2016-11-01,0,0,25,11,0,36
VALLEGRANDE,"anticoncepcion, prevencion de its y de cancer de cuello uterino",aqv femenino,2016-11-01,0,0,1,1,0,2
VILLA MONTES,"anticoncepcion, prevencion de its y de cancer de cuello uterino",aqv femenino,2016-11-01,0,1,4,0,0,5
VILLA TUNARI,"anticoncepcion, prevencion de its y de cancer de cuello uterino",aqv femenino,2016-11-01,0,0,1,3,0,4
VILLAZON,"anticoncepcion, prevencion de its y de cancer de cuello uterino",aqv femenino,2016-11-01,0,0,0,1,0,1
VINTO,"anticoncepcion, prevencion de its y de cancer de cuello uterino",aqv femenino,2016-11-01,0,0,0,2,0,2
YACUIBA,"anticoncepcion, prevencion de its y de cancer de cuello uterino",aqv femenino,2016-11-01,0,0,1,0,0,1
YAPACANI,"anticoncepcion, prevencion de its y de cancer de cuello uterino",aqv femenino,2016-11-01,0,0,3,0,0,3
ASCENCION DE GUARAYOS,"anticoncepcion, prevencion de its y de cancer de cuello uterino",aqv femenino,2016-12-01,0,0,4,1,0,5
ATOCHA,"anticoncepcion, prevencion de its y de cancer de cuello uterino",aqv femenino,2016-12-01,0,0,1,0,0,1
CAMARGO,"anticoncepcion, prevencion de its y de cancer de cuello uterino",aqv femenino,2016-12-01,0,0,4,3,0,7
CAMIRI,"anticoncepcion, prevencion de its y de cancer de cuello uterino",aqv femenino,2016-12-01,0,0,0,5,0,5
CARANAVI,"anticoncepcion, prevencion de its y de cancer de cuello uterino",aqv femenino,2016-12-01,0,0,1,0,0,1
CHALLAPATA,"anticoncepcion, prevencion de its y de cancer de cuello uterino",aqv femenino,2016-12-01,0,0,1,0,0,1
CHULUMANI (V. DE LA LIBERTAD),"anticoncepcion, prevencion de its y de cancer de cuello uterino",aqv femenino,2016-12-01,0,0,1,0,0,1
CLIZA,"anticoncepcion, prevencion de its y de cancer de cuello uterino",aqv femenino,2016-12-01,0,0,0,2,0,2
COBIJA,"anticoncepcion, prevencion de its y de cancer de cuello uterino",aqv femenino,2016-12-01,0,1,13,9,0,23
COCHABAMBA,"anticoncepcion, prevencion de its y de cancer de cuello uterino",aqv femenino,2016-12-01,0,0,48,35,0,83
COMARAPA,"anticoncepcion, prevencion de its y de cancer de cuello uterino",aqv femenino,2016-12-01,0,0,3,1,0,4
COTOCA,"anticoncepcion, prevencion de its y de cancer de cuello uterino",aqv femenino,2016-12-01,0,0,1,5,0,6
EL ALTO,"anticoncepcion, prevencion de its y de cancer de cuello uterino",aqv femenino,2016-12-01,0,0,16,9,0,25
ENTRE RIOS TRJ,"anticoncepcion, prevencion de its y de cancer de cuello uterino",aqv femenino,2016-12-01,0,0,1,1,0,2
GUAYARAMERIN,"anticoncepcion, prevencion de its y de cancer de cuello uterino",aqv femenino,2016-12-01,0,0,4,0,0,4
HUANUNI,"anticoncepcion, prevencion de its y de cancer de cuello uterino",aqv femenino,2016-12-01,0,0,1,0,0,1
LA PAZ,"anticoncepcion, prevencion de its y de cancer de cuello uterino",aqv femenino,2016-12-01,0,6,5,0,0,11
MAIRANA,"anticoncepcion, prevencion de its y de cancer de cuello uterino",aqv femenino,2016-12-01,0,0,1,0,0,1
MONTEAGUDO,"anticoncepcion, prevencion de its y de cancer de cuello uterino",aqv femenino,2016-12-01,0,0,4,1,0,5
ORURO,"anticoncepcion, prevencion de its y de cancer de cuello uterino",aqv femenino,2016-12-01,0,0,6,6,0,12
PADILLA,"anticoncepcion, prevencion de its y de cancer de cuello uterino",aqv femenino,2016-12-01,1,0,0,0,0,1
PORTACHUELO,"anticoncepcion, prevencion de its y de cancer de cuello uterino",aqv femenino,2016-12-01,0,0,1,0,0,1
POTOSI,"anticoncepcion, prevencion de its y de cancer de cuello uterino",aqv femenino,2016-12-01,0,0,7,4,0,11
PUERTO VILLARROEL,"anticoncepcion, prevencion de its y de cancer de cuello uterino",aqv femenino,2016-12-01,0,0,3,0,0,3
QUILLACOLLO,"anticoncepcion, prevencion de its y de cancer de cuello uterino",aqv femenino,2016-12-01,0,0,0,8,0,8
RIBERALTA,"anticoncepcion, prevencion de its y de cancer de cuello uterino",aqv femenino,2016-12-01,0,1,5,5,0,11
ROBORE,"anticoncepcion, prevencion de its y de cancer de cuello uterino",aqv femenino,2016-12-01,0,0,3,2,0,5
SACABA,"anticoncepcion, prevencion de its y de cancer de cuello uterino",aqv femenino,2016-12-01,0,0,1,6,0,7
SAN BORJA,"anticoncepcion, prevencion de its y de cancer de cuello uterino",aqv femenino,2016-12-01,0,0,1,0,0,1
SAN BUENA VENTURA,"anticoncepcion, prevencion de its y de cancer de cuello uterino",aqv femenino,2016-12-01,0,0,1,2,0,3
SAN IGNACIO DE VELASCO,"anticoncepcion, prevencion de its y de cancer de cuello uterino",aqv femenino,2016-12-01,0,0,1,3,0,4
SAN JOSE DE CHIQUITOS,"anticoncepcion, prevencion de its y de cancer de cuello uterino",aqv femenino,2016-12-01,0,0,4,1,0,5
SAN LUCAS,"anticoncepcion, prevencion de its y de cancer de cuello uterino",aqv femenino,2016-12-01,0,0,1,0,0,1
SANTA ANA,"anticoncepcion, prevencion de its y de cancer de cuello uterino",aqv femenino,2016-12-01,0,0,3,2,0,5
SANTA CRUZ DE LA SIERRA,"anticoncepcion, prevencion de its y de cancer de cuello uterino",aqv femenino,2016-12-01,0,0,2,9,0,11
SUCRE,"anticoncepcion, prevencion de its y de cancer de cuello uterino",aqv femenino,2016-12-01,0,0,11,3,0,14
TIQUIPAYA,"anticoncepcion, prevencion de its y de cancer de cuello uterino",aqv femenino,2016-12-01,0,0,1,2,0,3
TRINIDAD,"anticoncepcion, prevencion de its y de cancer de cuello uterino",aqv femenino,2016-12-01,0,0,16,6,0,22
VALLEGRANDE,"anticoncepcion, prevencion de its y de cancer de cuello uterino",aqv femenino,2016-12-01,0,0,4,1,0,5
VILLA MONTES,"anticoncepcion, prevencion de its y de cancer de cuello uterino",aqv femenino,2016-12-01,0,0,4,2,0,6
VILLA TUNARI,"anticoncepcion, prevencion de its y de cancer de cuello uterino",aqv femenino,2016-12-01,0,0,0,3,0,3
VILLAZON,"anticoncepcion, prevencion de its y de cancer de cuello uterino",aqv femenino,2016-12-01,0,0,3,0,0,3
YACUIBA,"anticoncepcion, prevencion de its y de cancer de cuello uterino",aqv femenino,2016-12-01,0,0,4,0,0,4
YAPACANI,"anticoncepcion, prevencion de its y de cancer de cuello uterino",aqv femenino,2016-12-01,0,0,3,0,0,3
