municipality,group,variable,month,Condón Femenino: Usuarias Continuas,Condón Femenino: Usuarias Continuas1,Condón Femenino: Usuarias Continuas2,Condón Femenino: Usuarias Continuas3,Condón Femenino: Usuarias Continuas4,TOTAL
CALACOTO,"anticoncepcion, prevencion de its y de cancer de cuello uterino",condon femenino: usuarias continuas,2016-01-01,0,0,0,1,0,1
CAQUIAVIRI,"anticoncepcion, prevencion de its y de cancer de cuello uterino",condon femenino: usuarias continuas,2016-01-01,0,0,1,0,0,1
COBIJA,"anticoncepcion, prevencion de its y de cancer de cuello uterino",condon femenino: usuarias continuas,2016-01-01,0,0,12,0,0,12
COCHABAMBA,"anticoncepcion, prevencion de its y de cancer de cuello uterino",condon femenino: usuarias continuas,2016-01-01,0,1,0,0,0,1
CUATRO CAÑADAS,"anticoncepcion, prevencion de its y de cancer de cuello uterino",condon femenino: usuarias continuas,2016-01-01,0,12,0,0,0,12
EL TORNO,"anticoncepcion, prevencion de its y de cancer de cuello uterino",condon femenino: usuarias continuas,2016-01-01,0,0,36,24,0,60
FILADELFIA,"anticoncepcion, prevencion de its y de cancer de cuello uterino",condon femenino: usuarias continuas,2016-01-01,0,0,1,0,0,1
GENERAL SAAVEDRA,"anticoncepcion, prevencion de its y de cancer de cuello uterino",condon femenino: usuarias continuas,2016-01-01,0,0,1,0,0,1
GUAYARAMERIN,"anticoncepcion, prevencion de its y de cancer de cuello uterino",condon femenino: usuarias continuas,2016-01-01,0,0,36,0,0,36
HUARACAJE,"anticoncepcion, prevencion de its y de cancer de cuello uterino",condon femenino: usuarias continuas,2016-01-01,0,0,42,0,0,42
LA PAZ,"anticoncepcion, prevencion de its y de cancer de cuello uterino",condon femenino: usuarias continuas,2016-01-01,0,0,115,51,9,175
LORETO,"anticoncepcion, prevencion de its y de cancer de cuello uterino",condon femenino: usuarias continuas,2016-01-01,0,0,13,2,0,15
MINEROS,"anticoncepcion, prevencion de its y de cancer de cuello uterino",condon femenino: usuarias continuas,2016-01-01,0,0,1,0,0,1
MIZQUE,"anticoncepcion, prevencion de its y de cancer de cuello uterino",condon femenino: usuarias continuas,2016-01-01,0,0,1,0,0,1
MOROCHATA,"anticoncepcion, prevencion de its y de cancer de cuello uterino",condon femenino: usuarias continuas,2016-01-01,0,0,0,12,0,12
ORURO,"anticoncepcion, prevencion de its y de cancer de cuello uterino",condon femenino: usuarias continuas,2016-01-01,0,1,36,0,0,37
PAILON,"anticoncepcion, prevencion de its y de cancer de cuello uterino",condon femenino: usuarias continuas,2016-01-01,0,2,6,1,0,9
QUILLACOLLO,"anticoncepcion, prevencion de its y de cancer de cuello uterino",condon femenino: usuarias continuas,2016-01-01,0,0,24,0,0,24
SAN JAVIER(STC),"anticoncepcion, prevencion de its y de cancer de cuello uterino",condon femenino: usuarias continuas,2016-01-01,0,0,12,0,0,12
SAN MATIAS,"anticoncepcion, prevencion de its y de cancer de cuello uterino",condon femenino: usuarias continuas,2016-01-01,0,0,5,0,0,5
SAN PEDRO,"anticoncepcion, prevencion de its y de cancer de cuello uterino",condon femenino: usuarias continuas,2016-01-01,0,0,12,0,0,12
SICAYA,"anticoncepcion, prevencion de its y de cancer de cuello uterino",condon femenino: usuarias continuas,2016-01-01,0,0,24,12,0,36
SUCRE,"anticoncepcion, prevencion de its y de cancer de cuello uterino",condon femenino: usuarias continuas,2016-01-01,0,0,37,0,0,37
TRINIDAD,"anticoncepcion, prevencion de its y de cancer de cuello uterino",condon femenino: usuarias continuas,2016-01-01,0,0,2,0,0,2
UYUNI,"anticoncepcion, prevencion de its y de cancer de cuello uterino",condon femenino: usuarias continuas,2016-01-01,0,0,2,0,0,2
VINTO,"anticoncepcion, prevencion de its y de cancer de cuello uterino",condon femenino: usuarias continuas,2016-01-01,0,1,20,0,0,21
WARNES,"anticoncepcion, prevencion de its y de cancer de cuello uterino",condon femenino: usuarias continuas,2016-01-01,1,0,6,0,0,7
BOLPEBRA,"anticoncepcion, prevencion de its y de cancer de cuello uterino",condon femenino: usuarias continuas,2016-02-01,0,0,1,12,0,13
BUENA VISTA,"anticoncepcion, prevencion de its y de cancer de cuello uterino",condon femenino: usuarias continuas,2016-02-01,0,0,0,1,0,1
CAMARGO,"anticoncepcion, prevencion de its y de cancer de cuello uterino",condon femenino: usuarias continuas,2016-02-01,0,0,1,0,0,1
COCAPATA,"anticoncepcion, prevencion de its y de cancer de cuello uterino",condon femenino: usuarias continuas,2016-02-01,0,0,12,0,0,12
COCHABAMBA,"anticoncepcion, prevencion de its y de cancer de cuello uterino",condon femenino: usuarias continuas,2016-02-01,0,0,1,0,0,1
ENTRE RIOS TRJ,"anticoncepcion, prevencion de its y de cancer de cuello uterino",condon femenino: usuarias continuas,2016-02-01,0,12,25,0,0,37
INGAVI (HUMAITA),"anticoncepcion, prevencion de its y de cancer de cuello uterino",condon femenino: usuarias continuas,2016-02-01,0,0,1,0,0,1
LA PAZ,"anticoncepcion, prevencion de its y de cancer de cuello uterino",condon femenino: usuarias continuas,2016-02-01,0,0,16,7,0,23
MIZQUE,"anticoncepcion, prevencion de its y de cancer de cuello uterino",condon femenino: usuarias continuas,2016-02-01,0,0,2,0,0,2
MONTEAGUDO,"anticoncepcion, prevencion de its y de cancer de cuello uterino",condon femenino: usuarias continuas,2016-02-01,0,0,0,1,0,1
MONTERO,"anticoncepcion, prevencion de its y de cancer de cuello uterino",condon femenino: usuarias continuas,2016-02-01,0,0,3,1,0,4
ORURO,"anticoncepcion, prevencion de its y de cancer de cuello uterino",condon femenino: usuarias continuas,2016-02-01,0,24,12,0,0,36
PALOS BLANCOS,"anticoncepcion, prevencion de its y de cancer de cuello uterino",condon femenino: usuarias continuas,2016-02-01,0,0,1,0,0,1
POTOSI,"anticoncepcion, prevencion de its y de cancer de cuello uterino",condon femenino: usuarias continuas,2016-02-01,0,0,1,0,0,1
QUILLACOLLO,"anticoncepcion, prevencion de its y de cancer de cuello uterino",condon femenino: usuarias continuas,2016-02-01,0,24,1,0,0,25
QUIRUSILLAS,"anticoncepcion, prevencion de its y de cancer de cuello uterino",condon femenino: usuarias continuas,2016-02-01,0,0,1,0,0,1
ROBORE,"anticoncepcion, prevencion de its y de cancer de cuello uterino",condon femenino: usuarias continuas,2016-02-01,0,0,1,0,0,1
SAN ANDRES,"anticoncepcion, prevencion de its y de cancer de cuello uterino",condon femenino: usuarias continuas,2016-02-01,0,0,24,0,0,24
TARIJA,"anticoncepcion, prevencion de its y de cancer de cuello uterino",condon femenino: usuarias continuas,2016-02-01,0,0,1,0,0,1
TINGUIPAYA,"anticoncepcion, prevencion de its y de cancer de cuello uterino",condon femenino: usuarias continuas,2016-02-01,0,0,0,1,0,1
TIRAQUE (CBBA),"anticoncepcion, prevencion de its y de cancer de cuello uterino",condon femenino: usuarias continuas,2016-02-01,0,0,0,12,0,12
TRINIDAD,"anticoncepcion, prevencion de its y de cancer de cuello uterino",condon femenino: usuarias continuas,2016-02-01,0,0,12,0,0,12
VILLA MONTES,"anticoncepcion, prevencion de its y de cancer de cuello uterino",condon femenino: usuarias continuas,2016-02-01,0,0,1,0,0,1
VILLA VACA GUZMAN (MUYUPAMPA),"anticoncepcion, prevencion de its y de cancer de cuello uterino",condon femenino: usuarias continuas,2016-02-01,0,2,3,1,0,6
VINTO,"anticoncepcion, prevencion de its y de cancer de cuello uterino",condon femenino: usuarias continuas,2016-02-01,0,1,5,1,0,7
YOTALA,"anticoncepcion, prevencion de its y de cancer de cuello uterino",condon femenino: usuarias continuas,2016-02-01,0,0,1,0,0,1
AIQUILE,"anticoncepcion, prevencion de its y de cancer de cuello uterino",condon femenino: usuarias continuas,2016-03-01,0,1,1,0,0,2
BERMEJO,"anticoncepcion, prevencion de its y de cancer de cuello uterino",condon femenino: usuarias continuas,2016-03-01,0,0,4,3,0,7
EL ALTO,"anticoncepcion, prevencion de its y de cancer de cuello uterino",condon femenino: usuarias continuas,2016-03-01,0,0,1,0,0,1
EL TORNO,"anticoncepcion, prevencion de its y de cancer de cuello uterino",condon femenino: usuarias continuas,2016-03-01,0,1,0,0,0,1
ENTRE RIOS CBBA,"anticoncepcion, prevencion de its y de cancer de cuello uterino",condon femenino: usuarias continuas,2016-03-01,0,0,1,0,0,1
GUAYARAMERIN,"anticoncepcion, prevencion de its y de cancer de cuello uterino",condon femenino: usuarias continuas,2016-03-01,0,0,2,2,0,4
HUACARETA,"anticoncepcion, prevencion de its y de cancer de cuello uterino",condon femenino: usuarias continuas,2016-03-01,0,0,0,24,0,24
LA PAZ,"anticoncepcion, prevencion de its y de cancer de cuello uterino",condon femenino: usuarias continuas,2016-03-01,0,0,9,15,0,24
MECAPACA,"anticoncepcion, prevencion de its y de cancer de cuello uterino",condon femenino: usuarias continuas,2016-03-01,0,0,1,0,0,1
ORURO,"anticoncepcion, prevencion de its y de cancer de cuello uterino",condon femenino: usuarias continuas,2016-03-01,0,0,13,0,0,13
POTOSI,"anticoncepcion, prevencion de its y de cancer de cuello uterino",condon femenino: usuarias continuas,2016-03-01,0,0,1,0,0,1
QUILLACOLLO,"anticoncepcion, prevencion de its y de cancer de cuello uterino",condon femenino: usuarias continuas,2016-03-01,0,0,1,0,0,1
SAN BORJA,"anticoncepcion, prevencion de its y de cancer de cuello uterino",condon femenino: usuarias continuas,2016-03-01,0,0,0,12,0,12
SAN CARLOS,"anticoncepcion, prevencion de its y de cancer de cuello uterino",condon femenino: usuarias continuas,2016-03-01,0,1,3,1,0,5
SANTA CRUZ DE LA SIERRA,"anticoncepcion, prevencion de its y de cancer de cuello uterino",condon femenino: usuarias continuas,2016-03-01,0,0,25,1,0,26
SIPE SIPE,"anticoncepcion, prevencion de its y de cancer de cuello uterino",condon femenino: usuarias continuas,2016-03-01,0,0,12,0,0,12
SUCRE,"anticoncepcion, prevencion de its y de cancer de cuello uterino",condon femenino: usuarias continuas,2016-03-01,0,15,5,5,0,25
TARIJA,"anticoncepcion, prevencion de its y de cancer de cuello uterino",condon femenino: usuarias continuas,2016-03-01,0,0,2,0,0,2
TRINIDAD,"anticoncepcion, prevencion de its y de cancer de cuello uterino",condon femenino: usuarias continuas,2016-03-01,0,0,1,0,0,1
URIONDO (A. CONCEPCION),"anticoncepcion, prevencion de its y de cancer de cuello uterino",condon femenino: usuarias continuas,2016-03-01,0,0,1,1,0,2
YANACACHI,"anticoncepcion, prevencion de its y de cancer de cuello uterino",condon femenino: usuarias continuas,2016-03-01,0,0,1,0,0,1
COBIJA,"anticoncepcion, prevencion de its y de cancer de cuello uterino",condon femenino: usuarias continuas,2016-04-01,0,0,24,12,0,36
COCAPATA,"anticoncepcion, prevencion de its y de cancer de cuello uterino",condon femenino: usuarias continuas,2016-04-01,0,0,12,0,0,12
EL ALTO,"anticoncepcion, prevencion de its y de cancer de cuello uterino",condon femenino: usuarias continuas,2016-04-01,0,0,1,0,0,1
ENTRE RIOS TRJ,"anticoncepcion, prevencion de its y de cancer de cuello uterino",condon femenino: usuarias continuas,2016-04-01,0,1,0,2,0,3
ENTRE RIOS CBBA,"anticoncepcion, prevencion de its y de cancer de cuello uterino",condon femenino: usuarias continuas,2016-04-01,0,60,204,0,0,264
LA PAZ,"anticoncepcion, prevencion de its y de cancer de cuello uterino",condon femenino: usuarias continuas,2016-04-01,0,0,18,21,0,39
LLALLAGUA,"anticoncepcion, prevencion de its y de cancer de cuello uterino",condon femenino: usuarias continuas,2016-04-01,0,0,4,0,0,4
MAGDALENA,"anticoncepcion, prevencion de its y de cancer de cuello uterino",condon femenino: usuarias continuas,2016-04-01,0,24,72,0,0,96
MECAPACA,"anticoncepcion, prevencion de its y de cancer de cuello uterino",condon femenino: usuarias continuas,2016-04-01,0,0,1,0,0,1
MONTERO,"anticoncepcion, prevencion de its y de cancer de cuello uterino",condon femenino: usuarias continuas,2016-04-01,0,2,0,1,0,3
ORURO,"anticoncepcion, prevencion de its y de cancer de cuello uterino",condon femenino: usuarias continuas,2016-04-01,0,0,25,29,0,54
PALCA,"anticoncepcion, prevencion de its y de cancer de cuello uterino",condon femenino: usuarias continuas,2016-04-01,0,0,3,0,0,3
POSTRER VALLE,"anticoncepcion, prevencion de its y de cancer de cuello uterino",condon femenino: usuarias continuas,2016-04-01,0,1,0,0,0,1
POTOSI,"anticoncepcion, prevencion de its y de cancer de cuello uterino",condon femenino: usuarias continuas,2016-04-01,0,0,1,0,0,1
PUERTO QUIJARRO,"anticoncepcion, prevencion de its y de cancer de cuello uterino",condon femenino: usuarias continuas,2016-04-01,0,0,0,6,0,6
QUILLACOLLO,"anticoncepcion, prevencion de its y de cancer de cuello uterino",condon femenino: usuarias continuas,2016-04-01,0,0,0,1,0,1
SAN ANDRES,"anticoncepcion, prevencion de its y de cancer de cuello uterino",condon femenino: usuarias continuas,2016-04-01,0,0,0,1,0,1
SAN IGNACIO,"anticoncepcion, prevencion de its y de cancer de cuello uterino",condon femenino: usuarias continuas,2016-04-01,0,0,12,0,0,12
SANTA CRUZ DE LA SIERRA,"anticoncepcion, prevencion de its y de cancer de cuello uterino",condon femenino: usuarias continuas,2016-04-01,0,0,7,4,0,11
SUCRE,"anticoncepcion, prevencion de its y de cancer de cuello uterino",condon femenino: usuarias continuas,2016-04-01,0,1672,1570,1121,0,4363
TOTORA(ORR),"anticoncepcion, prevencion de its y de cancer de cuello uterino",condon femenino: usuarias continuas,2016-04-01,0,0,0,1,0,1
TRINIDAD,"anticoncepcion, prevencion de its y de cancer de cuello uterino",condon femenino: usuarias continuas,2016-04-01,0,1,0,1,0,2
VILLA VACA GUZMAN (MUYUPAMPA),"anticoncepcion, prevencion de its y de cancer de cuello uterino",condon femenino: usuarias continuas,2016-04-01,0,0,1,0,0,1
YOTALA,"anticoncepcion, prevencion de its y de cancer de cuello uterino",condon femenino: usuarias continuas,2016-04-01,0,0,1,0,0,1
ACHOCALLA,"anticoncepcion, prevencion de its y de cancer de cuello uterino",condon femenino: usuarias continuas,2016-05-01,0,0,1,0,0,1
ASCENCION DE GUARAYOS,"anticoncepcion, prevencion de its y de cancer de cuello uterino",condon femenino: usuarias continuas,2016-05-01,0,0,48,12,0,60
CABEZAS,"anticoncepcion, prevencion de its y de cancer de cuello uterino",condon femenino: usuarias continuas,2016-05-01,0,2,0,0,0,2
CARANAVI,"anticoncepcion, prevencion de its y de cancer de cuello uterino",condon femenino: usuarias continuas,2016-05-01,0,0,1,0,0,1
CARAPARI,"anticoncepcion, prevencion de its y de cancer de cuello uterino",condon femenino: usuarias continuas,2016-05-01,0,0,1,0,0,1
COCAPATA,"anticoncepcion, prevencion de its y de cancer de cuello uterino",condon femenino: usuarias continuas,2016-05-01,0,24,36,12,0,72
EL TORNO,"anticoncepcion, prevencion de its y de cancer de cuello uterino",condon femenino: usuarias continuas,2016-05-01,0,0,1,0,0,1
GUAYARAMERIN,"anticoncepcion, prevencion de its y de cancer de cuello uterino",condon femenino: usuarias continuas,2016-05-01,0,0,0,4,0,4
LA PAZ,"anticoncepcion, prevencion de its y de cancer de cuello uterino",condon femenino: usuarias continuas,2016-05-01,0,12,11,13,0,36
MECAPACA,"anticoncepcion, prevencion de its y de cancer de cuello uterino",condon femenino: usuarias continuas,2016-05-01,0,0,1,0,0,1
POROMA,"anticoncepcion, prevencion de its y de cancer de cuello uterino",condon femenino: usuarias continuas,2016-05-01,0,1,0,0,0,1
POTOSI,"anticoncepcion, prevencion de its y de cancer de cuello uterino",condon femenino: usuarias continuas,2016-05-01,0,12,24,12,0,48
ROBORE,"anticoncepcion, prevencion de its y de cancer de cuello uterino",condon femenino: usuarias continuas,2016-05-01,0,0,1,0,0,1
SAN CARLOS,"anticoncepcion, prevencion de its y de cancer de cuello uterino",condon femenino: usuarias continuas,2016-05-01,0,0,12,0,0,12
SAN IGNACIO,"anticoncepcion, prevencion de its y de cancer de cuello uterino",condon femenino: usuarias continuas,2016-05-01,0,0,2,0,0,2
SAN LUCAS,"anticoncepcion, prevencion de its y de cancer de cuello uterino",condon femenino: usuarias continuas,2016-05-01,0,0,1,0,0,1
SANTA CRUZ DE LA SIERRA,"anticoncepcion, prevencion de its y de cancer de cuello uterino",condon femenino: usuarias continuas,2016-05-01,0,0,1,0,0,1
SUCRE,"anticoncepcion, prevencion de its y de cancer de cuello uterino",condon femenino: usuarias continuas,2016-05-01,0,15,17,0,0,32
TAPACARI,"anticoncepcion, prevencion de its y de cancer de cuello uterino",condon femenino: usuarias continuas,2016-05-01,0,0,0,2,0,2
VILLA VACA GUZMAN (MUYUPAMPA),"anticoncepcion, prevencion de its y de cancer de cuello uterino",condon femenino: usuarias continuas,2016-05-01,0,1,0,1,0,2
WARNES,"anticoncepcion, prevencion de its y de cancer de cuello uterino",condon femenino: usuarias continuas,2016-05-01,0,1,5,0,0,6
BOLPEBRA,"anticoncepcion, prevencion de its y de cancer de cuello uterino",condon femenino: usuarias continuas,2016-06-01,1,0,0,0,0,1
COBIJA,"anticoncepcion, prevencion de its y de cancer de cuello uterino",condon femenino: usuarias continuas,2016-06-01,0,0,8,0,0,8
COCHABAMBA,"anticoncepcion, prevencion de its y de cancer de cuello uterino",condon femenino: usuarias continuas,2016-06-01,0,0,4,0,0,4
EL VILLAR,"anticoncepcion, prevencion de its y de cancer de cuello uterino",condon femenino: usuarias continuas,2016-06-01,0,0,1,0,0,1
ENTRE RIOS TRJ,"anticoncepcion, prevencion de its y de cancer de cuello uterino",condon femenino: usuarias continuas,2016-06-01,0,1,15,1,0,17
LA PAZ,"anticoncepcion, prevencion de its y de cancer de cuello uterino",condon femenino: usuarias continuas,2016-06-01,0,0,39,21,0,60
POSTRER VALLE,"anticoncepcion, prevencion de its y de cancer de cuello uterino",condon femenino: usuarias continuas,2016-06-01,0,0,1,0,0,1
POTOSI,"anticoncepcion, prevencion de its y de cancer de cuello uterino",condon femenino: usuarias continuas,2016-06-01,0,0,1,0,0,1
PUERTO GONZALO MORENO,"anticoncepcion, prevencion de its y de cancer de cuello uterino",condon femenino: usuarias continuas,2016-06-01,0,1,0,2,1,4
SAN BORJA,"anticoncepcion, prevencion de its y de cancer de cuello uterino",condon femenino: usuarias continuas,2016-06-01,0,2,6,3,0,11
SAN JAVIER(BNI),"anticoncepcion, prevencion de its y de cancer de cuello uterino",condon femenino: usuarias continuas,2016-06-01,0,0,12,12,0,24
SAN LORENZO(TJA),"anticoncepcion, prevencion de its y de cancer de cuello uterino",condon femenino: usuarias continuas,2016-06-01,0,0,1,0,0,1
SUCRE,"anticoncepcion, prevencion de its y de cancer de cuello uterino",condon femenino: usuarias continuas,2016-06-01,0,2,14,0,0,16
UYUNI,"anticoncepcion, prevencion de its y de cancer de cuello uterino",condon femenino: usuarias continuas,2016-06-01,0,0,1,0,0,1
WARNES,"anticoncepcion, prevencion de its y de cancer de cuello uterino",condon femenino: usuarias continuas,2016-06-01,0,0,3,0,0,3
AZURDUY,"anticoncepcion, prevencion de its y de cancer de cuello uterino",condon femenino: usuarias continuas,2016-07-01,0,0,2,0,1,3
CARAPARI,"anticoncepcion, prevencion de its y de cancer de cuello uterino",condon femenino: usuarias continuas,2016-07-01,0,0,12,0,0,12
CHARAGUA,"anticoncepcion, prevencion de its y de cancer de cuello uterino",condon femenino: usuarias continuas,2016-07-01,0,0,1,0,0,1
COCAPATA,"anticoncepcion, prevencion de its y de cancer de cuello uterino",condon femenino: usuarias continuas,2016-07-01,0,0,1,12,0,13
COCHABAMBA,"anticoncepcion, prevencion de its y de cancer de cuello uterino",condon femenino: usuarias continuas,2016-07-01,0,0,1,0,0,1
EL ALTO,"anticoncepcion, prevencion de its y de cancer de cuello uterino",condon femenino: usuarias continuas,2016-07-01,0,1,1,0,0,2
LA PAZ,"anticoncepcion, prevencion de its y de cancer de cuello uterino",condon femenino: usuarias continuas,2016-07-01,0,2,21,0,0,23
MIZQUE,"anticoncepcion, prevencion de its y de cancer de cuello uterino",condon femenino: usuarias continuas,2016-07-01,0,0,1,0,0,1
MONTERO,"anticoncepcion, prevencion de its y de cancer de cuello uterino",condon femenino: usuarias continuas,2016-07-01,0,0,1,0,0,1
OKINAWA,"anticoncepcion, prevencion de its y de cancer de cuello uterino",condon femenino: usuarias continuas,2016-07-01,0,0,1,0,0,1
PADCAYA,"anticoncepcion, prevencion de its y de cancer de cuello uterino",condon femenino: usuarias continuas,2016-07-01,0,20,0,0,0,20
PADILLA,"anticoncepcion, prevencion de its y de cancer de cuello uterino",condon femenino: usuarias continuas,2016-07-01,0,0,12,0,0,12
PAILON,"anticoncepcion, prevencion de its y de cancer de cuello uterino",condon femenino: usuarias continuas,2016-07-01,0,0,0,12,0,12
QUILLACOLLO,"anticoncepcion, prevencion de its y de cancer de cuello uterino",condon femenino: usuarias continuas,2016-07-01,0,0,12,0,0,12
SAN IGNACIO,"anticoncepcion, prevencion de its y de cancer de cuello uterino",condon femenino: usuarias continuas,2016-07-01,0,5,18,12,0,35
SAN JULIAN,"anticoncepcion, prevencion de its y de cancer de cuello uterino",condon femenino: usuarias continuas,2016-07-01,0,12,0,0,0,12
SAN LUCAS,"anticoncepcion, prevencion de its y de cancer de cuello uterino",condon femenino: usuarias continuas,2016-07-01,0,0,3,0,0,3
SAN PEDRO,"anticoncepcion, prevencion de its y de cancer de cuello uterino",condon femenino: usuarias continuas,2016-07-01,0,0,4,0,1,5
SANTA CRUZ DE LA SIERRA,"anticoncepcion, prevencion de its y de cancer de cuello uterino",condon femenino: usuarias continuas,2016-07-01,0,1,1,0,0,2
SUCRE,"anticoncepcion, prevencion de its y de cancer de cuello uterino",condon femenino: usuarias continuas,2016-07-01,0,0,10,0,0,10
TACACHI,"anticoncepcion, prevencion de its y de cancer de cuello uterino",condon femenino: usuarias continuas,2016-07-01,0,0,12,0,0,12
TOMAVE,"anticoncepcion, prevencion de its y de cancer de cuello uterino",condon femenino: usuarias continuas,2016-07-01,0,0,12,0,0,12
TRINIDAD,"anticoncepcion, prevencion de its y de cancer de cuello uterino",condon femenino: usuarias continuas,2016-07-01,0,45,204,144,0,393
VITICHI,"anticoncepcion, prevencion de its y de cancer de cuello uterino",condon femenino: usuarias continuas,2016-07-01,0,0,0,1,0,1
AYOPAYA (V. DE INDEPENDENCIA),"anticoncepcion, prevencion de its y de cancer de cuello uterino",condon femenino: usuarias continuas,2016-08-01,0,0,12,0,0,12
BUENA VISTA,"anticoncepcion, prevencion de its y de cancer de cuello uterino",condon femenino: usuarias continuas,2016-08-01,0,0,1,0,0,1
CABEZAS,"anticoncepcion, prevencion de its y de cancer de cuello uterino",condon femenino: usuarias continuas,2016-08-01,0,0,21,5,0,26
CAMARGO,"anticoncepcion, prevencion de its y de cancer de cuello uterino",condon femenino: usuarias continuas,2016-08-01,0,0,0,12,0,12
CAPINOTA,"anticoncepcion, prevencion de its y de cancer de cuello uterino",condon femenino: usuarias continuas,2016-08-01,0,0,0,12,0,12
CARIPUYO,"anticoncepcion, prevencion de its y de cancer de cuello uterino",condon femenino: usuarias continuas,2016-08-01,0,0,1,1,0,2
CHIMORE,"anticoncepcion, prevencion de its y de cancer de cuello uterino",condon femenino: usuarias continuas,2016-08-01,0,0,3,1,0,4
COBIJA,"anticoncepcion, prevencion de its y de cancer de cuello uterino",condon femenino: usuarias continuas,2016-08-01,0,1,1,0,0,2
COCAPATA,"anticoncepcion, prevencion de its y de cancer de cuello uterino",condon femenino: usuarias continuas,2016-08-01,0,0,12,12,0,24
EL ALTO,"anticoncepcion, prevencion de its y de cancer de cuello uterino",condon femenino: usuarias continuas,2016-08-01,0,0,2,1,0,3
LA PAZ,"anticoncepcion, prevencion de its y de cancer de cuello uterino",condon femenino: usuarias continuas,2016-08-01,0,0,6,19,0,25
MONTEAGUDO,"anticoncepcion, prevencion de its y de cancer de cuello uterino",condon femenino: usuarias continuas,2016-08-01,0,0,2,0,0,2
ORURO,"anticoncepcion, prevencion de its y de cancer de cuello uterino",condon femenino: usuarias continuas,2016-08-01,0,0,1,0,0,1
PADCAYA,"anticoncepcion, prevencion de its y de cancer de cuello uterino",condon femenino: usuarias continuas,2016-08-01,0,0,0,1,0,1
POTOSI,"anticoncepcion, prevencion de its y de cancer de cuello uterino",condon femenino: usuarias continuas,2016-08-01,0,0,2,0,0,2
QUILLACOLLO,"anticoncepcion, prevencion de its y de cancer de cuello uterino",condon femenino: usuarias continuas,2016-08-01,0,0,1,1,0,2
SACABA,"anticoncepcion, prevencion de its y de cancer de cuello uterino",condon femenino: usuarias continuas,2016-08-01,0,0,1,0,0,1
SAN ANDRES,"anticoncepcion, prevencion de its y de cancer de cuello uterino",condon femenino: usuarias continuas,2016-08-01,0,0,1,0,0,1
SAN JAVIER(BNI),"anticoncepcion, prevencion de its y de cancer de cuello uterino",condon femenino: usuarias continuas,2016-08-01,0,12,0,0,0,12
SAN JULIAN,"anticoncepcion, prevencion de its y de cancer de cuello uterino",condon femenino: usuarias continuas,2016-08-01,0,0,1,0,0,1
SANTA CRUZ DE LA SIERRA,"anticoncepcion, prevencion de its y de cancer de cuello uterino",condon femenino: usuarias continuas,2016-08-01,0,0,6,0,0,6
SORACACHI,"anticoncepcion, prevencion de its y de cancer de cuello uterino",condon femenino: usuarias continuas,2016-08-01,0,1,0,0,0,1
TAPACARI,"anticoncepcion, prevencion de its y de cancer de cuello uterino",condon femenino: usuarias continuas,2016-08-01,0,0,0,12,0,12
TARIJA,"anticoncepcion, prevencion de its y de cancer de cuello uterino",condon femenino: usuarias continuas,2016-08-01,0,1,1,0,0,2
TOLATA,"anticoncepcion, prevencion de its y de cancer de cuello uterino",condon femenino: usuarias continuas,2016-08-01,0,0,1,0,0,1
TRINIDAD,"anticoncepcion, prevencion de its y de cancer de cuello uterino",condon femenino: usuarias continuas,2016-08-01,0,0,1,0,0,1
VALLEGRANDE,"anticoncepcion, prevencion de its y de cancer de cuello uterino",condon femenino: usuarias continuas,2016-08-01,0,12,0,0,0,12
WARNES,"anticoncepcion, prevencion de its y de cancer de cuello uterino",condon femenino: usuarias continuas,2016-08-01,0,0,0,12,0,12
YOCALLA,"anticoncepcion, prevencion de its y de cancer de cuello uterino",condon femenino: usuarias continuas,2016-08-01,0,0,1,0,0,1
AYOPAYA (V. DE INDEPENDENCIA),"anticoncepcion, prevencion de its y de cancer de cuello uterino",condon femenino: usuarias continuas,2016-09-01,0,0,2,0,0,2
BAURES,"anticoncepcion, prevencion de its y de cancer de cuello uterino",condon femenino: usuarias continuas,2016-09-01,0,0,2,0,0,2
BOLPEBRA,"anticoncepcion, prevencion de its y de cancer de cuello uterino",condon femenino: usuarias continuas,2016-09-01,0,0,1,0,0,1
CARAPARI,"anticoncepcion, prevencion de its y de cancer de cuello uterino",condon femenino: usuarias continuas,2016-09-01,0,0,2,21,20,43
CHIMORE,"anticoncepcion, prevencion de its y de cancer de cuello uterino",condon femenino: usuarias continuas,2016-09-01,0,0,0,1,0,1
COCAPATA,"anticoncepcion, prevencion de its y de cancer de cuello uterino",condon femenino: usuarias continuas,2016-09-01,0,1,0,0,0,1
CUATRO CAÑADAS,"anticoncepcion, prevencion de its y de cancer de cuello uterino",condon femenino: usuarias continuas,2016-09-01,0,0,0,12,0,12
EL ALTO,"anticoncepcion, prevencion de its y de cancer de cuello uterino",condon femenino: usuarias continuas,2016-09-01,0,0,2,0,0,2
HUAYLLAMARCA,"anticoncepcion, prevencion de its y de cancer de cuello uterino",condon femenino: usuarias continuas,2016-09-01,0,0,1,0,0,1
MECAPACA,"anticoncepcion, prevencion de its y de cancer de cuello uterino",condon femenino: usuarias continuas,2016-09-01,0,0,1,0,0,1
ORURO,"anticoncepcion, prevencion de its y de cancer de cuello uterino",condon femenino: usuarias continuas,2016-09-01,0,0,2,0,0,2
PAILON,"anticoncepcion, prevencion de its y de cancer de cuello uterino",condon femenino: usuarias continuas,2016-09-01,0,12,12,24,0,48
POTOSI,"anticoncepcion, prevencion de its y de cancer de cuello uterino",condon femenino: usuarias continuas,2016-09-01,0,0,1,0,0,1
PUERTO RICO,"anticoncepcion, prevencion de its y de cancer de cuello uterino",condon femenino: usuarias continuas,2016-09-01,0,2,0,0,0,2
SAN JAVIER(BNI),"anticoncepcion, prevencion de its y de cancer de cuello uterino",condon femenino: usuarias continuas,2016-09-01,0,0,0,12,0,12
SAN PEDRO,"anticoncepcion, prevencion de its y de cancer de cuello uterino",condon femenino: usuarias continuas,2016-09-01,0,0,0,1,0,1
SAN PEDRO(PND),"anticoncepcion, prevencion de its y de cancer de cuello uterino",condon femenino: usuarias continuas,2016-09-01,0,0,1,0,0,1
SAN RAMON SCZ,"anticoncepcion, prevencion de its y de cancer de cuello uterino",condon femenino: usuarias continuas,2016-09-01,0,0,24,0,0,24
SANTA CRUZ DE LA SIERRA,"anticoncepcion, prevencion de its y de cancer de cuello uterino",condon femenino: usuarias continuas,2016-09-01,0,0,5,3,0,8
SANTA ROSA DEL SARA,"anticoncepcion, prevencion de its y de cancer de cuello uterino",condon femenino: usuarias continuas,2016-09-01,0,0,2,0,0,2
SORACACHI,"anticoncepcion, prevencion de its y de cancer de cuello uterino",condon femenino: usuarias continuas,2016-09-01,0,0,0,1,0,1
SUCRE,"anticoncepcion, prevencion de its y de cancer de cuello uterino",condon femenino: usuarias continuas,2016-09-01,0,0,6,0,0,6
TARIJA,"anticoncepcion, prevencion de its y de cancer de cuello uterino",condon femenino: usuarias continuas,2016-09-01,0,1,0,0,0,1
TIQUIPAYA,"anticoncepcion, prevencion de its y de cancer de cuello uterino",condon femenino: usuarias continuas,2016-09-01,0,0,0,1,0,1
TRINIDAD,"anticoncepcion, prevencion de its y de cancer de cuello uterino",condon femenino: usuarias continuas,2016-09-01,12,0,0,0,0,12
UYUNI,"anticoncepcion, prevencion de its y de cancer de cuello uterino",condon femenino: usuarias continuas,2016-09-01,0,0,1,0,0,1
VILLA TUNARI,"anticoncepcion, prevencion de its y de cancer de cuello uterino",condon femenino: usuarias continuas,2016-09-01,0,0,0,12,0,12
VINTO,"anticoncepcion, prevencion de its y de cancer de cuello uterino",condon femenino: usuarias continuas,2016-09-01,0,0,1,0,0,1
ZUDAÑEZ,"anticoncepcion, prevencion de its y de cancer de cuello uterino",condon femenino: usuarias continuas,2016-09-01,0,0,1,0,0,1
BOLIVAR,"anticoncepcion, prevencion de its y de cancer de cuello uterino",condon femenino: usuarias continuas,2016-10-01,0,0,36,0,0,36
CAMIRI,"anticoncepcion, prevencion de its y de cancer de cuello uterino",condon femenino: usuarias continuas,2016-10-01,0,0,12,0,0,12
CHIMORE,"anticoncepcion, prevencion de its y de cancer de cuello uterino",condon femenino: usuarias continuas,2016-10-01,0,0,1,0,0,1
GENERAL SAAVEDRA,"anticoncepcion, prevencion de its y de cancer de cuello uterino",condon femenino: usuarias continuas,2016-10-01,0,0,1,0,0,1
ICLA,"anticoncepcion, prevencion de its y de cancer de cuello uterino",condon femenino: usuarias continuas,2016-10-01,0,0,1,1,0,2
LA PAZ,"anticoncepcion, prevencion de its y de cancer de cuello uterino",condon femenino: usuarias continuas,2016-10-01,0,0,35,6,0,41
MONTEAGUDO,"anticoncepcion, prevencion de its y de cancer de cuello uterino",condon femenino: usuarias continuas,2016-10-01,0,12,0,0,0,12
MONTERO,"anticoncepcion, prevencion de its y de cancer de cuello uterino",condon femenino: usuarias continuas,2016-10-01,0,0,1,0,0,1
ORURO,"anticoncepcion, prevencion de its y de cancer de cuello uterino",condon femenino: usuarias continuas,2016-10-01,0,0,0,1,0,1
POTOSI,"anticoncepcion, prevencion de its y de cancer de cuello uterino",condon femenino: usuarias continuas,2016-10-01,0,0,1,0,0,1
PUERTO GONZALO MORENO,"anticoncepcion, prevencion de its y de cancer de cuello uterino",condon femenino: usuarias continuas,2016-10-01,0,0,0,2,0,2
PUERTO VILLARROEL,"anticoncepcion, prevencion de its y de cancer de cuello uterino",condon femenino: usuarias continuas,2016-10-01,0,36,12,0,0,48
ROBORE,"anticoncepcion, prevencion de its y de cancer de cuello uterino",condon femenino: usuarias continuas,2016-10-01,0,0,1,0,0,1
SAN LORENZO(TJA),"anticoncepcion, prevencion de its y de cancer de cuello uterino",condon femenino: usuarias continuas,2016-10-01,0,0,1,0,0,1
SANTA CRUZ DE LA SIERRA,"anticoncepcion, prevencion de its y de cancer de cuello uterino",condon femenino: usuarias continuas,2016-10-01,0,2,0,0,0,2
SANTA ROSA DEL SARA,"anticoncepcion, prevencion de its y de cancer de cuello uterino",condon femenino: usuarias continuas,2016-10-01,0,0,1,0,0,1
SICAYA,"anticoncepcion, prevencion de its y de cancer de cuello uterino",condon femenino: usuarias continuas,2016-10-01,0,0,0,24,0,24
SUCRE,"anticoncepcion, prevencion de its y de cancer de cuello uterino",condon femenino: usuarias continuas,2016-10-01,0,2,32,3,0,37
TOMAVE,"anticoncepcion, prevencion de its y de cancer de cuello uterino",condon femenino: usuarias continuas,2016-10-01,0,0,0,1,0,1
URIONDO (A. CONCEPCION),"anticoncepcion, prevencion de its y de cancer de cuello uterino",condon femenino: usuarias continuas,2016-10-01,0,0,1,0,0,1
ALTO BENI,"anticoncepcion, prevencion de its y de cancer de cuello uterino",condon femenino: usuarias continuas,2016-11-01,0,0,0,1,0,1
ARQUE,"anticoncepcion, prevencion de its y de cancer de cuello uterino",condon femenino: usuarias continuas,2016-11-01,0,0,2,0,0,2
BAURES,"anticoncepcion, prevencion de its y de cancer de cuello uterino",condon femenino: usuarias continuas,2016-11-01,0,5,1,0,0,6
CARAPARI,"anticoncepcion, prevencion de its y de cancer de cuello uterino",condon femenino: usuarias continuas,2016-11-01,0,0,12,0,0,12
COCHABAMBA,"anticoncepcion, prevencion de its y de cancer de cuello uterino",condon femenino: usuarias continuas,2016-11-01,0,5,6,2,0,13
COMARAPA,"anticoncepcion, prevencion de its y de cancer de cuello uterino",condon femenino: usuarias continuas,2016-11-01,0,0,0,48,0,48
CUATRO CAÑADAS,"anticoncepcion, prevencion de its y de cancer de cuello uterino",condon femenino: usuarias continuas,2016-11-01,0,0,0,1,0,1
CULPINA,"anticoncepcion, prevencion de its y de cancer de cuello uterino",condon femenino: usuarias continuas,2016-11-01,0,0,12,12,0,24
EL ALTO,"anticoncepcion, prevencion de its y de cancer de cuello uterino",condon femenino: usuarias continuas,2016-11-01,0,0,12,0,0,12
GUAYARAMERIN,"anticoncepcion, prevencion de its y de cancer de cuello uterino",condon femenino: usuarias continuas,2016-11-01,0,0,2,0,0,2
LLICA,"anticoncepcion, prevencion de its y de cancer de cuello uterino",condon femenino: usuarias continuas,2016-11-01,0,0,2,0,0,2
MIZQUE,"anticoncepcion, prevencion de its y de cancer de cuello uterino",condon femenino: usuarias continuas,2016-11-01,0,0,1,0,0,1
ORURO,"anticoncepcion, prevencion de its y de cancer de cuello uterino",condon femenino: usuarias continuas,2016-11-01,0,0,14,12,0,26
POTOSI,"anticoncepcion, prevencion de its y de cancer de cuello uterino",condon femenino: usuarias continuas,2016-11-01,0,0,0,0,1,1
PUERTO QUIJARRO,"anticoncepcion, prevencion de its y de cancer de cuello uterino",condon femenino: usuarias continuas,2016-11-01,0,0,2,0,0,2
ROBORE,"anticoncepcion, prevencion de its y de cancer de cuello uterino",condon femenino: usuarias continuas,2016-11-01,0,0,1,1,0,2
SAN ANTONIO DE LOMERIO,"anticoncepcion, prevencion de its y de cancer de cuello uterino",condon femenino: usuarias continuas,2016-11-01,0,0,24,0,0,24
SAN BUENA VENTURA,"anticoncepcion, prevencion de its y de cancer de cuello uterino",condon femenino: usuarias continuas,2016-11-01,0,0,1,0,0,1
SAN IGNACIO,"anticoncepcion, prevencion de its y de cancer de cuello uterino",condon femenino: usuarias continuas,2016-11-01,0,0,1,0,0,1
SAN IGNACIO DE VELASCO,"anticoncepcion, prevencion de its y de cancer de cuello uterino",condon femenino: usuarias continuas,2016-11-01,0,0,0,1,0,1
SAN JULIAN,"anticoncepcion, prevencion de its y de cancer de cuello uterino",condon femenino: usuarias continuas,2016-11-01,0,36,0,0,0,36
SAN PEDRO(PND),"anticoncepcion, prevencion de its y de cancer de cuello uterino",condon femenino: usuarias continuas,2016-11-01,0,12,12,0,0,24
SANTA CRUZ DE LA SIERRA,"anticoncepcion, prevencion de its y de cancer de cuello uterino",condon femenino: usuarias continuas,2016-11-01,0,1,15,23,0,39
SUCRE,"anticoncepcion, prevencion de its y de cancer de cuello uterino",condon femenino: usuarias continuas,2016-11-01,0,4,2,0,0,6
TRINIDAD,"anticoncepcion, prevencion de its y de cancer de cuello uterino",condon femenino: usuarias continuas,2016-11-01,0,1,1,0,0,2
WARNES,"anticoncepcion, prevencion de its y de cancer de cuello uterino",condon femenino: usuarias continuas,2016-11-01,0,0,12,0,0,12
AYOPAYA (V. DE INDEPENDENCIA),"anticoncepcion, prevencion de its y de cancer de cuello uterino",condon femenino: usuarias continuas,2016-12-01,0,1,1,0,0,2
BETANZOS,"anticoncepcion, prevencion de its y de cancer de cuello uterino",condon femenino: usuarias continuas,2016-12-01,0,0,1,0,0,1
CARAPARI,"anticoncepcion, prevencion de its y de cancer de cuello uterino",condon femenino: usuarias continuas,2016-12-01,0,0,12,12,0,24
LA PAZ,"anticoncepcion, prevencion de its y de cancer de cuello uterino",condon femenino: usuarias continuas,2016-12-01,0,0,2,0,0,2
LA RIVERA,"anticoncepcion, prevencion de its y de cancer de cuello uterino",condon femenino: usuarias continuas,2016-12-01,0,0,1,0,0,1
LLALLAGUA,"anticoncepcion, prevencion de its y de cancer de cuello uterino",condon femenino: usuarias continuas,2016-12-01,0,0,24,0,0,24
MONTEAGUDO,"anticoncepcion, prevencion de its y de cancer de cuello uterino",condon femenino: usuarias continuas,2016-12-01,12,12,12,36,0,72
MONTERO,"anticoncepcion, prevencion de its y de cancer de cuello uterino",condon femenino: usuarias continuas,2016-12-01,0,96,216,48,0,360
OMEREQUE,"anticoncepcion, prevencion de its y de cancer de cuello uterino",condon femenino: usuarias continuas,2016-12-01,0,0,12,0,0,12
ORURO,"anticoncepcion, prevencion de its y de cancer de cuello uterino",condon femenino: usuarias continuas,2016-12-01,0,0,1,0,0,1
POSTRER VALLE,"anticoncepcion, prevencion de its y de cancer de cuello uterino",condon femenino: usuarias continuas,2016-12-01,0,0,0,1,0,1
PUERTO QUIJARRO,"anticoncepcion, prevencion de its y de cancer de cuello uterino",condon femenino: usuarias continuas,2016-12-01,0,0,12,0,0,12
QUILLACOLLO,"anticoncepcion, prevencion de its y de cancer de cuello uterino",condon femenino: usuarias continuas,2016-12-01,0,0,1,0,0,1
SACABA,"anticoncepcion, prevencion de its y de cancer de cuello uterino",condon femenino: usuarias continuas,2016-12-01,0,0,1,0,0,1
SACACA,"anticoncepcion, prevencion de its y de cancer de cuello uterino",condon femenino: usuarias continuas,2016-12-01,0,0,12,0,0,12
SAMAIPATA,"anticoncepcion, prevencion de its y de cancer de cuello uterino",condon femenino: usuarias continuas,2016-12-01,0,0,0,3,0,3
SAN BUENA VENTURA,"anticoncepcion, prevencion de its y de cancer de cuello uterino",condon femenino: usuarias continuas,2016-12-01,0,1,0,0,0,1
SAN IGNACIO,"anticoncepcion, prevencion de its y de cancer de cuello uterino",condon femenino: usuarias continuas,2016-12-01,0,2,1,2,0,5
SAN JOSE DE CHIQUITOS,"anticoncepcion, prevencion de its y de cancer de cuello uterino",condon femenino: usuarias continuas,2016-12-01,0,2,12,0,0,14
SIPE SIPE,"anticoncepcion, prevencion de its y de cancer de cuello uterino",condon femenino: usuarias continuas,2016-12-01,0,0,1,0,0,1
SUCRE,"anticoncepcion, prevencion de its y de cancer de cuello uterino",condon femenino: usuarias continuas,2016-12-01,0,0,4,0,0,4
WARNES,"anticoncepcion, prevencion de its y de cancer de cuello uterino",condon femenino: usuarias continuas,2016-12-01,0,12,13,0,0,25
YACUIBA,"anticoncepcion, prevencion de its y de cancer de cuello uterino",condon femenino: usuarias continuas,2016-12-01,0,0,3,1,0,4
YOCALLA,"anticoncepcion, prevencion de its y de cancer de cuello uterino",condon femenino: usuarias continuas,2016-12-01,0,0,2,1,0,3
