municipality,group,variable,month,DIU: Usuarias Continuas,DIU: Usuarias Continuas1,DIU: Usuarias Continuas2,DIU: Usuarias Continuas3,DIU: Usuarias Continuas4,TOTAL
AYOPAYA (V. DE INDEPENDENCIA),"anticoncepcion, prevencion de its y de cancer de cuello uterino",diu: usuarias continuas,2016-01-01,0,0,1,0,0,1
BAURES,"anticoncepcion, prevencion de its y de cancer de cuello uterino",diu: usuarias continuas,2016-01-01,0,0,1,0,0,1
CAMARGO,"anticoncepcion, prevencion de its y de cancer de cuello uterino",diu: usuarias continuas,2016-01-01,0,0,3,1,0,4
CAMIRI,"anticoncepcion, prevencion de its y de cancer de cuello uterino",diu: usuarias continuas,2016-01-01,0,0,0,2,0,2
CHIMORE,"anticoncepcion, prevencion de its y de cancer de cuello uterino",diu: usuarias continuas,2016-01-01,0,0,1,2,0,3
CHULUMANI (V. DE LA LIBERTAD),"anticoncepcion, prevencion de its y de cancer de cuello uterino",diu: usuarias continuas,2016-01-01,0,0,0,1,0,1
CLIZA,"anticoncepcion, prevencion de its y de cancer de cuello uterino",diu: usuarias continuas,2016-01-01,0,0,2,1,0,3
COBIJA,"anticoncepcion, prevencion de its y de cancer de cuello uterino",diu: usuarias continuas,2016-01-01,0,1,3,0,0,4
COCHABAMBA,"anticoncepcion, prevencion de its y de cancer de cuello uterino",diu: usuarias continuas,2016-01-01,0,38,79,38,1,156
COLCAPIRHUA,"anticoncepcion, prevencion de its y de cancer de cuello uterino",diu: usuarias continuas,2016-01-01,0,0,2,0,0,2
COLOMI,"anticoncepcion, prevencion de its y de cancer de cuello uterino",diu: usuarias continuas,2016-01-01,0,1,2,0,0,3
EL ALTO,"anticoncepcion, prevencion de its y de cancer de cuello uterino",diu: usuarias continuas,2016-01-01,0,1,24,14,0,39
EL TORNO,"anticoncepcion, prevencion de its y de cancer de cuello uterino",diu: usuarias continuas,2016-01-01,0,0,1,0,0,1
ENTRE RIOS TRJ,"anticoncepcion, prevencion de its y de cancer de cuello uterino",diu: usuarias continuas,2016-01-01,0,0,1,0,0,1
ENTRE RIOS CBBA,"anticoncepcion, prevencion de its y de cancer de cuello uterino",diu: usuarias continuas,2016-01-01,0,0,1,0,0,1
FERNANDEZ ALONSO,"anticoncepcion, prevencion de its y de cancer de cuello uterino",diu: usuarias continuas,2016-01-01,0,0,1,0,0,1
GUANAY,"anticoncepcion, prevencion de its y de cancer de cuello uterino",diu: usuarias continuas,2016-01-01,0,1,0,0,0,1
GUAYARAMERIN,"anticoncepcion, prevencion de its y de cancer de cuello uterino",diu: usuarias continuas,2016-01-01,0,1,0,0,0,1
LA GUARDIA,"anticoncepcion, prevencion de its y de cancer de cuello uterino",diu: usuarias continuas,2016-01-01,0,2,3,1,0,6
LA PAZ,"anticoncepcion, prevencion de its y de cancer de cuello uterino",diu: usuarias continuas,2016-01-01,0,8,84,20,0,112
LAS CARRERAS,"anticoncepcion, prevencion de its y de cancer de cuello uterino",diu: usuarias continuas,2016-01-01,0,0,0,1,0,1
MAIRANA,"anticoncepcion, prevencion de its y de cancer de cuello uterino",diu: usuarias continuas,2016-01-01,1,0,1,0,0,2
MIZQUE,"anticoncepcion, prevencion de its y de cancer de cuello uterino",diu: usuarias continuas,2016-01-01,0,1,2,0,0,3
MONTEAGUDO,"anticoncepcion, prevencion de its y de cancer de cuello uterino",diu: usuarias continuas,2016-01-01,0,0,7,2,0,9
MONTERO,"anticoncepcion, prevencion de its y de cancer de cuello uterino",diu: usuarias continuas,2016-01-01,0,0,5,2,0,7
OKINAWA,"anticoncepcion, prevencion de its y de cancer de cuello uterino",diu: usuarias continuas,2016-01-01,0,1,0,0,0,1
ORURO,"anticoncepcion, prevencion de its y de cancer de cuello uterino",diu: usuarias continuas,2016-01-01,0,1,18,15,0,34
PADCAYA,"anticoncepcion, prevencion de its y de cancer de cuello uterino",diu: usuarias continuas,2016-01-01,0,0,0,2,0,2
PAILON,"anticoncepcion, prevencion de its y de cancer de cuello uterino",diu: usuarias continuas,2016-01-01,0,0,1,0,0,1
PORTACHUELO,"anticoncepcion, prevencion de its y de cancer de cuello uterino",diu: usuarias continuas,2016-01-01,0,0,2,1,0,3
POTOSI,"anticoncepcion, prevencion de its y de cancer de cuello uterino",diu: usuarias continuas,2016-01-01,0,0,10,8,0,18
PUERTO SUAREZ,"anticoncepcion, prevencion de its y de cancer de cuello uterino",diu: usuarias continuas,2016-01-01,0,0,1,0,0,1
QUILLACOLLO,"anticoncepcion, prevencion de its y de cancer de cuello uterino",diu: usuarias continuas,2016-01-01,0,2,3,2,0,7
SACABA,"anticoncepcion, prevencion de its y de cancer de cuello uterino",diu: usuarias continuas,2016-01-01,0,3,10,5,0,18
SACABAMBA,"anticoncepcion, prevencion de its y de cancer de cuello uterino",diu: usuarias continuas,2016-01-01,0,0,1,0,0,1
SAN BENITO,"anticoncepcion, prevencion de its y de cancer de cuello uterino",diu: usuarias continuas,2016-01-01,0,0,1,0,0,1
SAN BUENA VENTURA,"anticoncepcion, prevencion de its y de cancer de cuello uterino",diu: usuarias continuas,2016-01-01,0,1,0,0,0,1
SAN CARLOS,"anticoncepcion, prevencion de its y de cancer de cuello uterino",diu: usuarias continuas,2016-01-01,0,0,3,0,0,3
SAN IGNACIO,"anticoncepcion, prevencion de its y de cancer de cuello uterino",diu: usuarias continuas,2016-01-01,0,0,3,0,0,3
SAN IGNACIO DE VELASCO,"anticoncepcion, prevencion de its y de cancer de cuello uterino",diu: usuarias continuas,2016-01-01,0,0,2,0,0,2
SAN JAVIER(STC),"anticoncepcion, prevencion de its y de cancer de cuello uterino",diu: usuarias continuas,2016-01-01,0,0,2,0,0,2
SAN LORENZO(TJA),"anticoncepcion, prevencion de its y de cancer de cuello uterino",diu: usuarias continuas,2016-01-01,0,0,2,0,0,2
SAN RAMON SCZ,"anticoncepcion, prevencion de its y de cancer de cuello uterino",diu: usuarias continuas,2016-01-01,0,0,3,0,0,3
SANTA ANA,"anticoncepcion, prevencion de its y de cancer de cuello uterino",diu: usuarias continuas,2016-01-01,0,0,1,0,0,1
SANTA CRUZ DE LA SIERRA,"anticoncepcion, prevencion de its y de cancer de cuello uterino",diu: usuarias continuas,2016-01-01,0,28,74,35,3,140
SUCRE,"anticoncepcion, prevencion de its y de cancer de cuello uterino",diu: usuarias continuas,2016-01-01,0,3,71,18,0,92
TAPACARI,"anticoncepcion, prevencion de its y de cancer de cuello uterino",diu: usuarias continuas,2016-01-01,0,0,1,1,0,2
TARIJA,"anticoncepcion, prevencion de its y de cancer de cuello uterino",diu: usuarias continuas,2016-01-01,0,3,22,7,0,32
TIQUIPAYA,"anticoncepcion, prevencion de its y de cancer de cuello uterino",diu: usuarias continuas,2016-01-01,0,0,7,1,0,8
TIRAQUE (CBBA),"anticoncepcion, prevencion de its y de cancer de cuello uterino",diu: usuarias continuas,2016-01-01,0,1,0,0,0,1
TOTORA(CBBA),"anticoncepcion, prevencion de its y de cancer de cuello uterino",diu: usuarias continuas,2016-01-01,0,1,0,0,0,1
TRIGAL,"anticoncepcion, prevencion de its y de cancer de cuello uterino",diu: usuarias continuas,2016-01-01,0,0,1,0,0,1
TRINIDAD,"anticoncepcion, prevencion de its y de cancer de cuello uterino",diu: usuarias continuas,2016-01-01,0,1,2,0,0,3
TUPIZA,"anticoncepcion, prevencion de its y de cancer de cuello uterino",diu: usuarias continuas,2016-01-01,0,0,1,1,0,2
VALLEGRANDE,"anticoncepcion, prevencion de its y de cancer de cuello uterino",diu: usuarias continuas,2016-01-01,0,2,10,1,0,13
VIACHA,"anticoncepcion, prevencion de its y de cancer de cuello uterino",diu: usuarias continuas,2016-01-01,0,0,9,5,0,14
VILLA RIVERO,"anticoncepcion, prevencion de its y de cancer de cuello uterino",diu: usuarias continuas,2016-01-01,0,0,0,1,0,1
VILLA TUNARI,"anticoncepcion, prevencion de its y de cancer de cuello uterino",diu: usuarias continuas,2016-01-01,0,0,0,1,0,1
VILLAZON,"anticoncepcion, prevencion de its y de cancer de cuello uterino",diu: usuarias continuas,2016-01-01,0,0,4,1,0,5
VINTO,"anticoncepcion, prevencion de its y de cancer de cuello uterino",diu: usuarias continuas,2016-01-01,0,0,1,0,0,1
WARNES,"anticoncepcion, prevencion de its y de cancer de cuello uterino",diu: usuarias continuas,2016-01-01,0,1,0,1,0,2
YACUIBA,"anticoncepcion, prevencion de its y de cancer de cuello uterino",diu: usuarias continuas,2016-01-01,0,2,34,4,0,40
YOTALA,"anticoncepcion, prevencion de its y de cancer de cuello uterino",diu: usuarias continuas,2016-01-01,0,1,3,0,0,4
ACHACACHI,"anticoncepcion, prevencion de its y de cancer de cuello uterino",diu: usuarias continuas,2016-02-01,0,0,0,1,0,1
AIQUILE,"anticoncepcion, prevencion de its y de cancer de cuello uterino",diu: usuarias continuas,2016-02-01,0,0,1,1,0,2
ARANI,"anticoncepcion, prevencion de its y de cancer de cuello uterino",diu: usuarias continuas,2016-02-01,0,0,1,0,0,1
ATOCHA,"anticoncepcion, prevencion de its y de cancer de cuello uterino",diu: usuarias continuas,2016-02-01,0,0,1,0,0,1
AYOPAYA (V. DE INDEPENDENCIA),"anticoncepcion, prevencion de its y de cancer de cuello uterino",diu: usuarias continuas,2016-02-01,0,0,3,0,0,3
AZURDUY,"anticoncepcion, prevencion de its y de cancer de cuello uterino",diu: usuarias continuas,2016-02-01,0,1,0,0,0,1
CABEZAS,"anticoncepcion, prevencion de its y de cancer de cuello uterino",diu: usuarias continuas,2016-02-01,0,0,1,0,0,1
CAMARGO,"anticoncepcion, prevencion de its y de cancer de cuello uterino",diu: usuarias continuas,2016-02-01,0,0,1,0,0,1
CAPINOTA,"anticoncepcion, prevencion de its y de cancer de cuello uterino",diu: usuarias continuas,2016-02-01,0,0,1,1,0,2
CHALLAPATA,"anticoncepcion, prevencion de its y de cancer de cuello uterino",diu: usuarias continuas,2016-02-01,0,0,1,0,0,1
CHIMORE,"anticoncepcion, prevencion de its y de cancer de cuello uterino",diu: usuarias continuas,2016-02-01,0,1,0,0,0,1
CKOCHAS,"anticoncepcion, prevencion de its y de cancer de cuello uterino",diu: usuarias continuas,2016-02-01,0,0,0,1,0,1
CLIZA,"anticoncepcion, prevencion de its y de cancer de cuello uterino",diu: usuarias continuas,2016-02-01,0,0,1,0,0,1
COBIJA,"anticoncepcion, prevencion de its y de cancer de cuello uterino",diu: usuarias continuas,2016-02-01,0,0,3,0,0,3
COCHABAMBA,"anticoncepcion, prevencion de its y de cancer de cuello uterino",diu: usuarias continuas,2016-02-01,0,12,64,40,1,117
COLCAPIRHUA,"anticoncepcion, prevencion de its y de cancer de cuello uterino",diu: usuarias continuas,2016-02-01,0,0,2,1,0,3
COMARAPA,"anticoncepcion, prevencion de its y de cancer de cuello uterino",diu: usuarias continuas,2016-02-01,0,0,1,0,0,1
COTOCA,"anticoncepcion, prevencion de its y de cancer de cuello uterino",diu: usuarias continuas,2016-02-01,0,0,0,1,0,1
EL ALTO,"anticoncepcion, prevencion de its y de cancer de cuello uterino",diu: usuarias continuas,2016-02-01,0,2,21,13,1,37
EL TORNO,"anticoncepcion, prevencion de its y de cancer de cuello uterino",diu: usuarias continuas,2016-02-01,0,0,1,2,0,3
ENTRE RIOS TRJ,"anticoncepcion, prevencion de its y de cancer de cuello uterino",diu: usuarias continuas,2016-02-01,0,0,5,0,0,5
GENERAL SAAVEDRA,"anticoncepcion, prevencion de its y de cancer de cuello uterino",diu: usuarias continuas,2016-02-01,0,0,2,0,0,2
GUAYARAMERIN,"anticoncepcion, prevencion de its y de cancer de cuello uterino",diu: usuarias continuas,2016-02-01,0,0,0,1,0,1
IRUPANA (VILLA DE LANZA),"anticoncepcion, prevencion de its y de cancer de cuello uterino",diu: usuarias continuas,2016-02-01,0,1,0,0,0,1
LA PAZ,"anticoncepcion, prevencion de its y de cancer de cuello uterino",diu: usuarias continuas,2016-02-01,0,5,123,14,0,142
MACHACAMARCA,"anticoncepcion, prevencion de its y de cancer de cuello uterino",diu: usuarias continuas,2016-02-01,0,0,1,0,0,1
MAIRANA,"anticoncepcion, prevencion de its y de cancer de cuello uterino",diu: usuarias continuas,2016-02-01,0,0,5,1,0,6
MIZQUE,"anticoncepcion, prevencion de its y de cancer de cuello uterino",diu: usuarias continuas,2016-02-01,0,0,3,1,0,4
MONTEAGUDO,"anticoncepcion, prevencion de its y de cancer de cuello uterino",diu: usuarias continuas,2016-02-01,0,0,2,0,0,2
MONTERO,"anticoncepcion, prevencion de its y de cancer de cuello uterino",diu: usuarias continuas,2016-02-01,1,2,2,0,0,5
MORO MORO,"anticoncepcion, prevencion de its y de cancer de cuello uterino",diu: usuarias continuas,2016-02-01,0,0,0,1,0,1
ORURO,"anticoncepcion, prevencion de its y de cancer de cuello uterino",diu: usuarias continuas,2016-02-01,0,4,14,0,0,18
PADCAYA,"anticoncepcion, prevencion de its y de cancer de cuello uterino",diu: usuarias continuas,2016-02-01,0,1,2,3,0,6
PAILON,"anticoncepcion, prevencion de its y de cancer de cuello uterino",diu: usuarias continuas,2016-02-01,0,1,6,2,0,9
POJO (CBBA),"anticoncepcion, prevencion de its y de cancer de cuello uterino",diu: usuarias continuas,2016-02-01,0,0,1,1,0,2
PORONGO,"anticoncepcion, prevencion de its y de cancer de cuello uterino",diu: usuarias continuas,2016-02-01,0,0,1,0,0,1
POTOSI,"anticoncepcion, prevencion de its y de cancer de cuello uterino",diu: usuarias continuas,2016-02-01,0,0,6,6,0,12
PUERTO VILLARROEL,"anticoncepcion, prevencion de its y de cancer de cuello uterino",diu: usuarias continuas,2016-02-01,0,2,0,0,0,2
PUNA,"anticoncepcion, prevencion de its y de cancer de cuello uterino",diu: usuarias continuas,2016-02-01,0,0,2,0,0,2
QUILLACOLLO,"anticoncepcion, prevencion de its y de cancer de cuello uterino",diu: usuarias continuas,2016-02-01,0,0,1,1,0,2
SACABA,"anticoncepcion, prevencion de its y de cancer de cuello uterino",diu: usuarias continuas,2016-02-01,0,2,9,9,0,20
SAN IGNACIO DE VELASCO,"anticoncepcion, prevencion de its y de cancer de cuello uterino",diu: usuarias continuas,2016-02-01,0,0,1,0,0,1
SAN LORENZO(TJA),"anticoncepcion, prevencion de its y de cancer de cuello uterino",diu: usuarias continuas,2016-02-01,0,0,2,1,0,3
SANTA ANA,"anticoncepcion, prevencion de its y de cancer de cuello uterino",diu: usuarias continuas,2016-02-01,0,1,0,0,0,1
SANTA CRUZ DE LA SIERRA,"anticoncepcion, prevencion de its y de cancer de cuello uterino",diu: usuarias continuas,2016-02-01,0,26,67,44,0,137
SOPACHUY,"anticoncepcion, prevencion de its y de cancer de cuello uterino",diu: usuarias continuas,2016-02-01,0,0,1,0,0,1
SUCRE,"anticoncepcion, prevencion de its y de cancer de cuello uterino",diu: usuarias continuas,2016-02-01,1,2,27,16,0,46
TARIJA,"anticoncepcion, prevencion de its y de cancer de cuello uterino",diu: usuarias continuas,2016-02-01,0,9,30,4,0,43
TIQUIPAYA,"anticoncepcion, prevencion de its y de cancer de cuello uterino",diu: usuarias continuas,2016-02-01,0,0,8,0,0,8
TRINIDAD,"anticoncepcion, prevencion de its y de cancer de cuello uterino",diu: usuarias continuas,2016-02-01,0,2,2,0,0,4
TUPIZA,"anticoncepcion, prevencion de its y de cancer de cuello uterino",diu: usuarias continuas,2016-02-01,0,0,4,1,0,5
URIONDO (A. CONCEPCION),"anticoncepcion, prevencion de its y de cancer de cuello uterino",diu: usuarias continuas,2016-02-01,0,0,1,0,0,1
UYUNI,"anticoncepcion, prevencion de its y de cancer de cuello uterino",diu: usuarias continuas,2016-02-01,0,0,1,0,0,1
VACAS,"anticoncepcion, prevencion de its y de cancer de cuello uterino",diu: usuarias continuas,2016-02-01,0,0,0,1,0,1
VALLEGRANDE,"anticoncepcion, prevencion de its y de cancer de cuello uterino",diu: usuarias continuas,2016-02-01,0,2,9,0,0,11
VIACHA,"anticoncepcion, prevencion de its y de cancer de cuello uterino",diu: usuarias continuas,2016-02-01,0,0,0,2,0,2
VILLAZON,"anticoncepcion, prevencion de its y de cancer de cuello uterino",diu: usuarias continuas,2016-02-01,0,0,4,1,0,5
VINTO,"anticoncepcion, prevencion de its y de cancer de cuello uterino",diu: usuarias continuas,2016-02-01,0,0,2,2,0,4
YACUIBA,"anticoncepcion, prevencion de its y de cancer de cuello uterino",diu: usuarias continuas,2016-02-01,0,0,23,6,0,29
YOTALA,"anticoncepcion, prevencion de its y de cancer de cuello uterino",diu: usuarias continuas,2016-02-01,0,1,1,2,0,4
AIQUILE,"anticoncepcion, prevencion de its y de cancer de cuello uterino",diu: usuarias continuas,2016-03-01,0,0,2,0,0,2
ATOCHA,"anticoncepcion, prevencion de its y de cancer de cuello uterino",diu: usuarias continuas,2016-03-01,0,0,0,1,0,1
AYOPAYA (V. DE INDEPENDENCIA),"anticoncepcion, prevencion de its y de cancer de cuello uterino",diu: usuarias continuas,2016-03-01,0,0,3,1,0,4
AZURDUY,"anticoncepcion, prevencion de its y de cancer de cuello uterino",diu: usuarias continuas,2016-03-01,0,0,1,0,0,1
BATALLAS,"anticoncepcion, prevencion de its y de cancer de cuello uterino",diu: usuarias continuas,2016-03-01,0,0,1,0,0,1
"CAIZA ""D""","anticoncepcion, prevencion de its y de cancer de cuello uterino",diu: usuarias continuas,2016-03-01,0,0,1,0,0,1
CAMARGO,"anticoncepcion, prevencion de its y de cancer de cuello uterino",diu: usuarias continuas,2016-03-01,0,0,6,1,0,7
CAMIRI,"anticoncepcion, prevencion de its y de cancer de cuello uterino",diu: usuarias continuas,2016-03-01,0,0,1,0,0,1
CAPINOTA,"anticoncepcion, prevencion de its y de cancer de cuello uterino",diu: usuarias continuas,2016-03-01,0,0,1,0,0,1
CHIPAYA,"anticoncepcion, prevencion de its y de cancer de cuello uterino",diu: usuarias continuas,2016-03-01,0,0,0,1,0,1
CLIZA,"anticoncepcion, prevencion de its y de cancer de cuello uterino",diu: usuarias continuas,2016-03-01,0,0,1,1,0,2
COBIJA,"anticoncepcion, prevencion de its y de cancer de cuello uterino",diu: usuarias continuas,2016-03-01,0,0,1,0,0,1
COCHABAMBA,"anticoncepcion, prevencion de its y de cancer de cuello uterino",diu: usuarias continuas,2016-03-01,0,13,67,57,1,138
COLCAPIRHUA,"anticoncepcion, prevencion de its y de cancer de cuello uterino",diu: usuarias continuas,2016-03-01,0,0,5,0,0,5
COLOMI,"anticoncepcion, prevencion de its y de cancer de cuello uterino",diu: usuarias continuas,2016-03-01,0,0,1,0,0,1
CUATRO CAÑADAS,"anticoncepcion, prevencion de its y de cancer de cuello uterino",diu: usuarias continuas,2016-03-01,0,1,4,0,0,5
EL ALTO,"anticoncepcion, prevencion de its y de cancer de cuello uterino",diu: usuarias continuas,2016-03-01,0,2,32,22,1,57
EL PUENTE(TJA),"anticoncepcion, prevencion de its y de cancer de cuello uterino",diu: usuarias continuas,2016-03-01,0,0,0,1,0,1
EL TORNO,"anticoncepcion, prevencion de its y de cancer de cuello uterino",diu: usuarias continuas,2016-03-01,0,0,3,1,0,4
ENTRE RIOS TRJ,"anticoncepcion, prevencion de its y de cancer de cuello uterino",diu: usuarias continuas,2016-03-01,0,0,9,1,0,10
ENTRE RIOS CBBA,"anticoncepcion, prevencion de its y de cancer de cuello uterino",diu: usuarias continuas,2016-03-01,0,0,1,0,0,1
IRUPANA (VILLA DE LANZA),"anticoncepcion, prevencion de its y de cancer de cuello uterino",diu: usuarias continuas,2016-03-01,0,0,1,0,0,1
LA GUARDIA,"anticoncepcion, prevencion de its y de cancer de cuello uterino",diu: usuarias continuas,2016-03-01,0,0,1,0,0,1
LA PAZ,"anticoncepcion, prevencion de its y de cancer de cuello uterino",diu: usuarias continuas,2016-03-01,0,6,121,52,0,179
LAGUNILLAS,"anticoncepcion, prevencion de its y de cancer de cuello uterino",diu: usuarias continuas,2016-03-01,0,1,0,0,0,1
MAIRANA,"anticoncepcion, prevencion de its y de cancer de cuello uterino",diu: usuarias continuas,2016-03-01,0,0,2,1,1,4
MIZQUE,"anticoncepcion, prevencion de its y de cancer de cuello uterino",diu: usuarias continuas,2016-03-01,0,1,3,0,0,4
MONTERO,"anticoncepcion, prevencion de its y de cancer de cuello uterino",diu: usuarias continuas,2016-03-01,0,2,3,0,0,5
ORURO,"anticoncepcion, prevencion de its y de cancer de cuello uterino",diu: usuarias continuas,2016-03-01,0,0,17,17,0,34
PADCAYA,"anticoncepcion, prevencion de its y de cancer de cuello uterino",diu: usuarias continuas,2016-03-01,0,0,2,0,0,2
PAILON,"anticoncepcion, prevencion de its y de cancer de cuello uterino",diu: usuarias continuas,2016-03-01,0,0,5,0,0,5
PORTACHUELO,"anticoncepcion, prevencion de its y de cancer de cuello uterino",diu: usuarias continuas,2016-03-01,0,1,1,0,0,2
POSTRER VALLE,"anticoncepcion, prevencion de its y de cancer de cuello uterino",diu: usuarias continuas,2016-03-01,0,1,0,0,0,1
POTOSI,"anticoncepcion, prevencion de its y de cancer de cuello uterino",diu: usuarias continuas,2016-03-01,0,0,13,15,0,28
PUERTO RICO,"anticoncepcion, prevencion de its y de cancer de cuello uterino",diu: usuarias continuas,2016-03-01,0,0,1,1,0,2
PUERTO VILLARROEL,"anticoncepcion, prevencion de its y de cancer de cuello uterino",diu: usuarias continuas,2016-03-01,0,0,2,0,0,2
PUNA,"anticoncepcion, prevencion de its y de cancer de cuello uterino",diu: usuarias continuas,2016-03-01,0,1,2,0,0,3
QUILLACOLLO,"anticoncepcion, prevencion de its y de cancer de cuello uterino",diu: usuarias continuas,2016-03-01,0,1,0,0,0,1
RIBERALTA,"anticoncepcion, prevencion de its y de cancer de cuello uterino",diu: usuarias continuas,2016-03-01,0,0,1,0,0,1
SACABA,"anticoncepcion, prevencion de its y de cancer de cuello uterino",diu: usuarias continuas,2016-03-01,0,3,14,10,0,27
SAN CARLOS,"anticoncepcion, prevencion de its y de cancer de cuello uterino",diu: usuarias continuas,2016-03-01,0,1,2,0,0,3
SAN IGNACIO,"anticoncepcion, prevencion de its y de cancer de cuello uterino",diu: usuarias continuas,2016-03-01,0,0,0,1,0,1
SAN IGNACIO DE VELASCO,"anticoncepcion, prevencion de its y de cancer de cuello uterino",diu: usuarias continuas,2016-03-01,0,0,2,0,0,2
SAN LORENZO(TJA),"anticoncepcion, prevencion de its y de cancer de cuello uterino",diu: usuarias continuas,2016-03-01,0,0,2,0,0,2
SAN RAMON SCZ,"anticoncepcion, prevencion de its y de cancer de cuello uterino",diu: usuarias continuas,2016-03-01,0,1,1,0,0,2
SANTA ANA,"anticoncepcion, prevencion de its y de cancer de cuello uterino",diu: usuarias continuas,2016-03-01,0,0,1,0,0,1
SANTA CRUZ DE LA SIERRA,"anticoncepcion, prevencion de its y de cancer de cuello uterino",diu: usuarias continuas,2016-03-01,0,23,101,34,0,158
SANTIVAÑES,"anticoncepcion, prevencion de its y de cancer de cuello uterino",diu: usuarias continuas,2016-03-01,0,0,0,1,0,1
SIPE SIPE,"anticoncepcion, prevencion de its y de cancer de cuello uterino",diu: usuarias continuas,2016-03-01,0,0,3,0,0,3
SUCRE,"anticoncepcion, prevencion de its y de cancer de cuello uterino",diu: usuarias continuas,2016-03-01,0,1,35,6,0,42
TARIJA,"anticoncepcion, prevencion de its y de cancer de cuello uterino",diu: usuarias continuas,2016-03-01,0,5,24,5,0,34
TIQUIPAYA,"anticoncepcion, prevencion de its y de cancer de cuello uterino",diu: usuarias continuas,2016-03-01,0,0,5,1,0,6
TIRAQUE (CBBA),"anticoncepcion, prevencion de its y de cancer de cuello uterino",diu: usuarias continuas,2016-03-01,0,0,0,1,0,1
TOLATA,"anticoncepcion, prevencion de its y de cancer de cuello uterino",diu: usuarias continuas,2016-03-01,0,0,2,0,0,2
TOTORA(CBBA),"anticoncepcion, prevencion de its y de cancer de cuello uterino",diu: usuarias continuas,2016-03-01,0,0,1,0,0,1
TRINIDAD,"anticoncepcion, prevencion de its y de cancer de cuello uterino",diu: usuarias continuas,2016-03-01,0,0,8,3,0,11
TUPIZA,"anticoncepcion, prevencion de its y de cancer de cuello uterino",diu: usuarias continuas,2016-03-01,0,1,3,0,0,4
URIONDO (A. CONCEPCION),"anticoncepcion, prevencion de its y de cancer de cuello uterino",diu: usuarias continuas,2016-03-01,0,0,1,0,1,2
VALLEGRANDE,"anticoncepcion, prevencion de its y de cancer de cuello uterino",diu: usuarias continuas,2016-03-01,0,2,4,3,0,9
VIACHA,"anticoncepcion, prevencion de its y de cancer de cuello uterino",diu: usuarias continuas,2016-03-01,0,0,7,3,0,10
VILLA VACA GUZMAN (MUYUPAMPA),"anticoncepcion, prevencion de its y de cancer de cuello uterino",diu: usuarias continuas,2016-03-01,0,0,10,2,1,13
VILLAZON,"anticoncepcion, prevencion de its y de cancer de cuello uterino",diu: usuarias continuas,2016-03-01,0,0,3,1,0,4
VINTO,"anticoncepcion, prevencion de its y de cancer de cuello uterino",diu: usuarias continuas,2016-03-01,0,0,1,0,0,1
WARNES,"anticoncepcion, prevencion de its y de cancer de cuello uterino",diu: usuarias continuas,2016-03-01,0,0,2,1,0,3
YACUIBA,"anticoncepcion, prevencion de its y de cancer de cuello uterino",diu: usuarias continuas,2016-03-01,0,2,20,0,0,22
AIQUILE,"anticoncepcion, prevencion de its y de cancer de cuello uterino",diu: usuarias continuas,2016-04-01,0,0,1,1,0,2
ARBIETO,"anticoncepcion, prevencion de its y de cancer de cuello uterino",diu: usuarias continuas,2016-04-01,0,0,1,0,0,1
AZURDUY,"anticoncepcion, prevencion de its y de cancer de cuello uterino",diu: usuarias continuas,2016-04-01,0,0,0,1,0,1
BERMEJO,"anticoncepcion, prevencion de its y de cancer de cuello uterino",diu: usuarias continuas,2016-04-01,0,0,1,1,0,2
CAMARGO,"anticoncepcion, prevencion de its y de cancer de cuello uterino",diu: usuarias continuas,2016-04-01,0,0,0,1,0,1
CARACOLLO,"anticoncepcion, prevencion de its y de cancer de cuello uterino",diu: usuarias continuas,2016-04-01,0,0,1,0,0,1
CHIMORE,"anticoncepcion, prevencion de its y de cancer de cuello uterino",diu: usuarias continuas,2016-04-01,0,0,1,0,0,1
CLIZA,"anticoncepcion, prevencion de its y de cancer de cuello uterino",diu: usuarias continuas,2016-04-01,0,0,0,1,0,1
COCHABAMBA,"anticoncepcion, prevencion de its y de cancer de cuello uterino",diu: usuarias continuas,2016-04-01,0,22,72,21,0,115
COLCAPIRHUA,"anticoncepcion, prevencion de its y de cancer de cuello uterino",diu: usuarias continuas,2016-04-01,0,0,1,1,0,2
CONCEPCION,"anticoncepcion, prevencion de its y de cancer de cuello uterino",diu: usuarias continuas,2016-04-01,0,0,1,0,0,1
CUATRO CAÑADAS,"anticoncepcion, prevencion de its y de cancer de cuello uterino",diu: usuarias continuas,2016-04-01,0,0,1,0,0,1
EL ALTO,"anticoncepcion, prevencion de its y de cancer de cuello uterino",diu: usuarias continuas,2016-04-01,0,2,33,25,2,62
EL PUENTE(TJA),"anticoncepcion, prevencion de its y de cancer de cuello uterino",diu: usuarias continuas,2016-04-01,0,0,1,0,0,1
ENTRE RIOS TRJ,"anticoncepcion, prevencion de its y de cancer de cuello uterino",diu: usuarias continuas,2016-04-01,0,3,2,0,1,6
GENERAL SAAVEDRA,"anticoncepcion, prevencion de its y de cancer de cuello uterino",diu: usuarias continuas,2016-04-01,0,0,1,0,0,1
GUANAY,"anticoncepcion, prevencion de its y de cancer de cuello uterino",diu: usuarias continuas,2016-04-01,0,0,2,0,0,2
LA GUARDIA,"anticoncepcion, prevencion de its y de cancer de cuello uterino",diu: usuarias continuas,2016-04-01,0,0,5,0,0,5
LA PAZ,"anticoncepcion, prevencion de its y de cancer de cuello uterino",diu: usuarias continuas,2016-04-01,0,3,88,34,1,126
MAIRANA,"anticoncepcion, prevencion de its y de cancer de cuello uterino",diu: usuarias continuas,2016-04-01,0,0,0,3,0,3
MAPIRI,"anticoncepcion, prevencion de its y de cancer de cuello uterino",diu: usuarias continuas,2016-04-01,0,0,0,1,0,1
MIZQUE,"anticoncepcion, prevencion de its y de cancer de cuello uterino",diu: usuarias continuas,2016-04-01,0,0,4,1,0,5
MONTEAGUDO,"anticoncepcion, prevencion de its y de cancer de cuello uterino",diu: usuarias continuas,2016-04-01,0,0,3,0,0,3
MONTERO,"anticoncepcion, prevencion de its y de cancer de cuello uterino",diu: usuarias continuas,2016-04-01,0,0,4,3,0,7
MORO MORO,"anticoncepcion, prevencion de its y de cancer de cuello uterino",diu: usuarias continuas,2016-04-01,0,0,1,0,0,1
ORURO,"anticoncepcion, prevencion de its y de cancer de cuello uterino",diu: usuarias continuas,2016-04-01,0,0,12,3,1,16
PAILON,"anticoncepcion, prevencion de its y de cancer de cuello uterino",diu: usuarias continuas,2016-04-01,0,0,1,0,0,1
POCONA,"anticoncepcion, prevencion de its y de cancer de cuello uterino",diu: usuarias continuas,2016-04-01,0,0,1,0,0,1
PORTACHUELO,"anticoncepcion, prevencion de its y de cancer de cuello uterino",diu: usuarias continuas,2016-04-01,0,0,2,0,0,2
POSTRER VALLE,"anticoncepcion, prevencion de its y de cancer de cuello uterino",diu: usuarias continuas,2016-04-01,0,0,0,1,0,1
POTOSI,"anticoncepcion, prevencion de its y de cancer de cuello uterino",diu: usuarias continuas,2016-04-01,0,0,19,13,0,32
PUERTO VILLARROEL,"anticoncepcion, prevencion de its y de cancer de cuello uterino",diu: usuarias continuas,2016-04-01,0,0,2,1,0,3
PUNA,"anticoncepcion, prevencion de its y de cancer de cuello uterino",diu: usuarias continuas,2016-04-01,0,0,2,0,0,2
SACABA,"anticoncepcion, prevencion de its y de cancer de cuello uterino",diu: usuarias continuas,2016-04-01,0,3,18,10,0,31
SAN IGNACIO,"anticoncepcion, prevencion de its y de cancer de cuello uterino",diu: usuarias continuas,2016-04-01,0,1,2,3,0,6
SAN IGNACIO DE VELASCO,"anticoncepcion, prevencion de its y de cancer de cuello uterino",diu: usuarias continuas,2016-04-01,0,0,3,0,0,3
SAN LORENZO(TJA),"anticoncepcion, prevencion de its y de cancer de cuello uterino",diu: usuarias continuas,2016-04-01,0,0,5,2,0,7
SANTA ANA,"anticoncepcion, prevencion de its y de cancer de cuello uterino",diu: usuarias continuas,2016-04-01,0,0,4,0,0,4
SANTA CRUZ DE LA SIERRA,"anticoncepcion, prevencion de its y de cancer de cuello uterino",diu: usuarias continuas,2016-04-01,0,28,134,76,0,238
SIPE SIPE,"anticoncepcion, prevencion de its y de cancer de cuello uterino",diu: usuarias continuas,2016-04-01,0,0,1,0,0,1
SUCRE,"anticoncepcion, prevencion de its y de cancer de cuello uterino",diu: usuarias continuas,2016-04-01,0,0,21,16,0,37
TARIJA,"anticoncepcion, prevencion de its y de cancer de cuello uterino",diu: usuarias continuas,2016-04-01,3,2,32,14,0,51
TIQUIPAYA,"anticoncepcion, prevencion de its y de cancer de cuello uterino",diu: usuarias continuas,2016-04-01,0,0,2,2,0,4
TRINIDAD,"anticoncepcion, prevencion de its y de cancer de cuello uterino",diu: usuarias continuas,2016-04-01,0,0,11,2,0,13
TUPIZA,"anticoncepcion, prevencion de its y de cancer de cuello uterino",diu: usuarias continuas,2016-04-01,0,0,1,0,0,1
URIONDO (A. CONCEPCION),"anticoncepcion, prevencion de its y de cancer de cuello uterino",diu: usuarias continuas,2016-04-01,0,0,2,0,0,2
URUBICHA,"anticoncepcion, prevencion de its y de cancer de cuello uterino",diu: usuarias continuas,2016-04-01,0,0,1,0,0,1
UYUNI,"anticoncepcion, prevencion de its y de cancer de cuello uterino",diu: usuarias continuas,2016-04-01,0,0,1,0,0,1
VALLEGRANDE,"anticoncepcion, prevencion de its y de cancer de cuello uterino",diu: usuarias continuas,2016-04-01,0,4,9,2,0,15
VIACHA,"anticoncepcion, prevencion de its y de cancer de cuello uterino",diu: usuarias continuas,2016-04-01,0,0,3,2,0,5
VILLA TUNARI,"anticoncepcion, prevencion de its y de cancer de cuello uterino",diu: usuarias continuas,2016-04-01,0,0,3,4,0,7
VILLAZON,"anticoncepcion, prevencion de its y de cancer de cuello uterino",diu: usuarias continuas,2016-04-01,0,0,2,2,0,4
VINTO,"anticoncepcion, prevencion de its y de cancer de cuello uterino",diu: usuarias continuas,2016-04-01,0,6,0,0,1,7
WARNES,"anticoncepcion, prevencion de its y de cancer de cuello uterino",diu: usuarias continuas,2016-04-01,0,0,1,0,0,1
YACUIBA,"anticoncepcion, prevencion de its y de cancer de cuello uterino",diu: usuarias continuas,2016-04-01,0,0,9,2,0,11
AIQUILE,"anticoncepcion, prevencion de its y de cancer de cuello uterino",diu: usuarias continuas,2016-05-01,0,1,0,0,0,1
ATOCHA,"anticoncepcion, prevencion de its y de cancer de cuello uterino",diu: usuarias continuas,2016-05-01,0,0,0,3,0,3
BERMEJO,"anticoncepcion, prevencion de its y de cancer de cuello uterino",diu: usuarias continuas,2016-05-01,0,0,0,1,0,1
BETANZOS,"anticoncepcion, prevencion de its y de cancer de cuello uterino",diu: usuarias continuas,2016-05-01,0,0,3,2,0,5
CAMARGO,"anticoncepcion, prevencion de its y de cancer de cuello uterino",diu: usuarias continuas,2016-05-01,0,0,4,1,0,5
CAMIRI,"anticoncepcion, prevencion de its y de cancer de cuello uterino",diu: usuarias continuas,2016-05-01,0,0,1,0,0,1
CAPINOTA,"anticoncepcion, prevencion de its y de cancer de cuello uterino",diu: usuarias continuas,2016-05-01,0,1,1,0,0,2
CARAPARI,"anticoncepcion, prevencion de its y de cancer de cuello uterino",diu: usuarias continuas,2016-05-01,0,0,2,0,0,2
CHIMORE,"anticoncepcion, prevencion de its y de cancer de cuello uterino",diu: usuarias continuas,2016-05-01,0,0,1,1,0,2
CLIZA,"anticoncepcion, prevencion de its y de cancer de cuello uterino",diu: usuarias continuas,2016-05-01,0,2,2,2,0,6
COBIJA,"anticoncepcion, prevencion de its y de cancer de cuello uterino",diu: usuarias continuas,2016-05-01,0,0,2,0,0,2
COCHABAMBA,"anticoncepcion, prevencion de its y de cancer de cuello uterino",diu: usuarias continuas,2016-05-01,0,24,68,29,1,122
COLCAPIRHUA,"anticoncepcion, prevencion de its y de cancer de cuello uterino",diu: usuarias continuas,2016-05-01,0,0,4,0,0,4
CONCEPCION,"anticoncepcion, prevencion de its y de cancer de cuello uterino",diu: usuarias continuas,2016-05-01,0,0,1,0,0,1
EL ALTO,"anticoncepcion, prevencion de its y de cancer de cuello uterino",diu: usuarias continuas,2016-05-01,0,3,19,30,0,52
EL TORNO,"anticoncepcion, prevencion de its y de cancer de cuello uterino",diu: usuarias continuas,2016-05-01,1,2,3,0,0,6
ENTRE RIOS TRJ,"anticoncepcion, prevencion de its y de cancer de cuello uterino",diu: usuarias continuas,2016-05-01,0,0,2,0,0,2
ENTRE RIOS CBBA,"anticoncepcion, prevencion de its y de cancer de cuello uterino",diu: usuarias continuas,2016-05-01,0,0,1,0,0,1
GUAYARAMERIN,"anticoncepcion, prevencion de its y de cancer de cuello uterino",diu: usuarias continuas,2016-05-01,0,0,0,1,0,1
LA PAZ,"anticoncepcion, prevencion de its y de cancer de cuello uterino",diu: usuarias continuas,2016-05-01,0,4,107,48,1,160
MAIRANA,"anticoncepcion, prevencion de its y de cancer de cuello uterino",diu: usuarias continuas,2016-05-01,0,0,1,0,0,1
MIZQUE,"anticoncepcion, prevencion de its y de cancer de cuello uterino",diu: usuarias continuas,2016-05-01,0,0,1,0,0,1
MONTEAGUDO,"anticoncepcion, prevencion de its y de cancer de cuello uterino",diu: usuarias continuas,2016-05-01,0,1,1,0,0,2
MONTERO,"anticoncepcion, prevencion de its y de cancer de cuello uterino",diu: usuarias continuas,2016-05-01,0,0,4,2,0,6
ORURO,"anticoncepcion, prevencion de its y de cancer de cuello uterino",diu: usuarias continuas,2016-05-01,0,0,10,1,0,11
PAILON,"anticoncepcion, prevencion de its y de cancer de cuello uterino",diu: usuarias continuas,2016-05-01,0,0,1,0,0,1
PALOS BLANCOS,"anticoncepcion, prevencion de its y de cancer de cuello uterino",diu: usuarias continuas,2016-05-01,0,0,1,0,0,1
POTOSI,"anticoncepcion, prevencion de its y de cancer de cuello uterino",diu: usuarias continuas,2016-05-01,0,0,14,13,0,27
PUERTO VILLARROEL,"anticoncepcion, prevencion de its y de cancer de cuello uterino",diu: usuarias continuas,2016-05-01,0,1,1,2,0,4
QUILLACOLLO,"anticoncepcion, prevencion de its y de cancer de cuello uterino",diu: usuarias continuas,2016-05-01,0,0,1,2,0,3
SACABA,"anticoncepcion, prevencion de its y de cancer de cuello uterino",diu: usuarias continuas,2016-05-01,0,1,13,7,0,21
SAIPINA,"anticoncepcion, prevencion de its y de cancer de cuello uterino",diu: usuarias continuas,2016-05-01,0,0,1,0,0,1
SAN IGNACIO,"anticoncepcion, prevencion de its y de cancer de cuello uterino",diu: usuarias continuas,2016-05-01,0,0,2,0,0,2
SAN IGNACIO DE VELASCO,"anticoncepcion, prevencion de its y de cancer de cuello uterino",diu: usuarias continuas,2016-05-01,0,0,3,1,1,5
SAN LORENZO(TJA),"anticoncepcion, prevencion de its y de cancer de cuello uterino",diu: usuarias continuas,2016-05-01,0,0,1,1,0,2
SAN LUCAS,"anticoncepcion, prevencion de its y de cancer de cuello uterino",diu: usuarias continuas,2016-05-01,0,1,0,0,0,1
SANTA ANA,"anticoncepcion, prevencion de its y de cancer de cuello uterino",diu: usuarias continuas,2016-05-01,0,0,2,0,0,2
SANTA CRUZ DE LA SIERRA,"anticoncepcion, prevencion de its y de cancer de cuello uterino",diu: usuarias continuas,2016-05-01,0,29,90,71,1,191
SUCRE,"anticoncepcion, prevencion de its y de cancer de cuello uterino",diu: usuarias continuas,2016-05-01,0,0,21,4,0,25
TARATA,"anticoncepcion, prevencion de its y de cancer de cuello uterino",diu: usuarias continuas,2016-05-01,0,0,1,1,0,2
TARIJA,"anticoncepcion, prevencion de its y de cancer de cuello uterino",diu: usuarias continuas,2016-05-01,0,4,34,11,0,49
TIPUANI,"anticoncepcion, prevencion de its y de cancer de cuello uterino",diu: usuarias continuas,2016-05-01,0,0,0,1,0,1
TIQUIPAYA,"anticoncepcion, prevencion de its y de cancer de cuello uterino",diu: usuarias continuas,2016-05-01,0,0,3,0,0,3
TOTORA(CBBA),"anticoncepcion, prevencion de its y de cancer de cuello uterino",diu: usuarias continuas,2016-05-01,0,0,1,0,0,1
TRINIDAD,"anticoncepcion, prevencion de its y de cancer de cuello uterino",diu: usuarias continuas,2016-05-01,0,0,1,0,0,1
TUPIZA,"anticoncepcion, prevencion de its y de cancer de cuello uterino",diu: usuarias continuas,2016-05-01,0,0,2,0,0,2
URIONDO (A. CONCEPCION),"anticoncepcion, prevencion de its y de cancer de cuello uterino",diu: usuarias continuas,2016-05-01,0,1,1,0,0,2
UYUNI,"anticoncepcion, prevencion de its y de cancer de cuello uterino",diu: usuarias continuas,2016-05-01,0,0,1,0,0,1
VALLEGRANDE,"anticoncepcion, prevencion de its y de cancer de cuello uterino",diu: usuarias continuas,2016-05-01,0,0,9,3,0,12
VIACHA,"anticoncepcion, prevencion de its y de cancer de cuello uterino",diu: usuarias continuas,2016-05-01,0,2,4,7,0,13
VILLA MONTES,"anticoncepcion, prevencion de its y de cancer de cuello uterino",diu: usuarias continuas,2016-05-01,0,0,2,0,0,2
VILLA SERRANO,"anticoncepcion, prevencion de its y de cancer de cuello uterino",diu: usuarias continuas,2016-05-01,0,0,1,0,0,1
VILLA TUNARI,"anticoncepcion, prevencion de its y de cancer de cuello uterino",diu: usuarias continuas,2016-05-01,0,0,4,1,0,5
VILLAZON,"anticoncepcion, prevencion de its y de cancer de cuello uterino",diu: usuarias continuas,2016-05-01,0,0,3,5,0,8
VINTO,"anticoncepcion, prevencion de its y de cancer de cuello uterino",diu: usuarias continuas,2016-05-01,0,2,9,5,0,16
WARNES,"anticoncepcion, prevencion de its y de cancer de cuello uterino",diu: usuarias continuas,2016-05-01,0,1,2,0,0,3
YACUIBA,"anticoncepcion, prevencion de its y de cancer de cuello uterino",diu: usuarias continuas,2016-05-01,0,1,16,10,0,27
YOTALA,"anticoncepcion, prevencion de its y de cancer de cuello uterino",diu: usuarias continuas,2016-05-01,0,0,3,0,0,3
ZUDAÑEZ,"anticoncepcion, prevencion de its y de cancer de cuello uterino",diu: usuarias continuas,2016-05-01,0,0,2,0,0,2
AIQUILE,"anticoncepcion, prevencion de its y de cancer de cuello uterino",diu: usuarias continuas,2016-06-01,0,0,6,1,0,7
ATOCHA,"anticoncepcion, prevencion de its y de cancer de cuello uterino",diu: usuarias continuas,2016-06-01,0,0,1,1,0,2
AYOPAYA (V. DE INDEPENDENCIA),"anticoncepcion, prevencion de its y de cancer de cuello uterino",diu: usuarias continuas,2016-06-01,0,0,0,1,0,1
AZURDUY,"anticoncepcion, prevencion de its y de cancer de cuello uterino",diu: usuarias continuas,2016-06-01,0,0,1,0,0,1
BERMEJO,"anticoncepcion, prevencion de its y de cancer de cuello uterino",diu: usuarias continuas,2016-06-01,0,0,2,0,0,2
BETANZOS,"anticoncepcion, prevencion de its y de cancer de cuello uterino",diu: usuarias continuas,2016-06-01,0,0,3,0,0,3
CABEZAS,"anticoncepcion, prevencion de its y de cancer de cuello uterino",diu: usuarias continuas,2016-06-01,3,0,1,0,0,4
CAMARGO,"anticoncepcion, prevencion de its y de cancer de cuello uterino",diu: usuarias continuas,2016-06-01,0,0,2,0,0,2
CAMIRI,"anticoncepcion, prevencion de its y de cancer de cuello uterino",diu: usuarias continuas,2016-06-01,0,1,6,1,0,8
CAPINOTA,"anticoncepcion, prevencion de its y de cancer de cuello uterino",diu: usuarias continuas,2016-06-01,0,0,3,1,0,4
CARAPARI,"anticoncepcion, prevencion de its y de cancer de cuello uterino",diu: usuarias continuas,2016-06-01,0,0,0,1,0,1
CHIMORE,"anticoncepcion, prevencion de its y de cancer de cuello uterino",diu: usuarias continuas,2016-06-01,0,0,2,0,0,2
CKOCHAS,"anticoncepcion, prevencion de its y de cancer de cuello uterino",diu: usuarias continuas,2016-06-01,0,0,1,0,0,1
CLIZA,"anticoncepcion, prevencion de its y de cancer de cuello uterino",diu: usuarias continuas,2016-06-01,0,0,1,1,1,3
COBIJA,"anticoncepcion, prevencion de its y de cancer de cuello uterino",diu: usuarias continuas,2016-06-01,0,0,1,0,0,1
COCHABAMBA,"anticoncepcion, prevencion de its y de cancer de cuello uterino",diu: usuarias continuas,2016-06-01,0,22,165,33,2,222
COLCAPIRHUA,"anticoncepcion, prevencion de its y de cancer de cuello uterino",diu: usuarias continuas,2016-06-01,0,3,7,2,0,12
COLOMI,"anticoncepcion, prevencion de its y de cancer de cuello uterino",diu: usuarias continuas,2016-06-01,0,0,0,0,1,1
CULPINA,"anticoncepcion, prevencion de its y de cancer de cuello uterino",diu: usuarias continuas,2016-06-01,0,0,0,1,0,1
EL ALTO,"anticoncepcion, prevencion de its y de cancer de cuello uterino",diu: usuarias continuas,2016-06-01,0,2,13,25,0,40
EL TORNO,"anticoncepcion, prevencion de its y de cancer de cuello uterino",diu: usuarias continuas,2016-06-01,0,2,2,0,0,4
ENTRE RIOS TRJ,"anticoncepcion, prevencion de its y de cancer de cuello uterino",diu: usuarias continuas,2016-06-01,0,0,1,0,0,1
GUAYARAMERIN,"anticoncepcion, prevencion de its y de cancer de cuello uterino",diu: usuarias continuas,2016-06-01,0,0,0,1,0,1
IRUPANA (VILLA DE LANZA),"anticoncepcion, prevencion de its y de cancer de cuello uterino",diu: usuarias continuas,2016-06-01,0,0,0,1,0,1
LA GUARDIA,"anticoncepcion, prevencion de its y de cancer de cuello uterino",diu: usuarias continuas,2016-06-01,0,0,2,0,0,2
LA PAZ,"anticoncepcion, prevencion de its y de cancer de cuello uterino",diu: usuarias continuas,2016-06-01,1,5,109,34,2,151
MAIRANA,"anticoncepcion, prevencion de its y de cancer de cuello uterino",diu: usuarias continuas,2016-06-01,0,1,0,0,0,1
MAPIRI,"anticoncepcion, prevencion de its y de cancer de cuello uterino",diu: usuarias continuas,2016-06-01,0,0,1,0,0,1
MIZQUE,"anticoncepcion, prevencion de its y de cancer de cuello uterino",diu: usuarias continuas,2016-06-01,0,1,1,3,0,5
MONTEAGUDO,"anticoncepcion, prevencion de its y de cancer de cuello uterino",diu: usuarias continuas,2016-06-01,0,1,2,2,0,5
MONTERO,"anticoncepcion, prevencion de its y de cancer de cuello uterino",diu: usuarias continuas,2016-06-01,0,0,3,2,0,5
ORURO,"anticoncepcion, prevencion de its y de cancer de cuello uterino",diu: usuarias continuas,2016-06-01,0,0,12,5,0,17
PAILON,"anticoncepcion, prevencion de its y de cancer de cuello uterino",diu: usuarias continuas,2016-06-01,0,0,1,0,0,1
POCOATA,"anticoncepcion, prevencion de its y de cancer de cuello uterino",diu: usuarias continuas,2016-06-01,0,0,0,2,0,2
POJO (CBBA),"anticoncepcion, prevencion de its y de cancer de cuello uterino",diu: usuarias continuas,2016-06-01,0,0,1,1,0,2
POSTRER VALLE,"anticoncepcion, prevencion de its y de cancer de cuello uterino",diu: usuarias continuas,2016-06-01,0,1,0,1,0,2
POTOSI,"anticoncepcion, prevencion de its y de cancer de cuello uterino",diu: usuarias continuas,2016-06-01,0,0,6,13,0,19
PUERTO VILLARROEL,"anticoncepcion, prevencion de its y de cancer de cuello uterino",diu: usuarias continuas,2016-06-01,0,0,3,0,0,3
QUILLACOLLO,"anticoncepcion, prevencion de its y de cancer de cuello uterino",diu: usuarias continuas,2016-06-01,0,0,1,0,0,1
RIBERALTA,"anticoncepcion, prevencion de its y de cancer de cuello uterino",diu: usuarias continuas,2016-06-01,0,1,1,0,0,2
ROBORE,"anticoncepcion, prevencion de its y de cancer de cuello uterino",diu: usuarias continuas,2016-06-01,0,1,1,0,0,2
SACABA,"anticoncepcion, prevencion de its y de cancer de cuello uterino",diu: usuarias continuas,2016-06-01,0,5,13,9,0,27
SAMAIPATA,"anticoncepcion, prevencion de its y de cancer de cuello uterino",diu: usuarias continuas,2016-06-01,0,0,1,0,0,1
SAN BORJA,"anticoncepcion, prevencion de its y de cancer de cuello uterino",diu: usuarias continuas,2016-06-01,0,0,1,0,0,1
SAN BUENA VENTURA,"anticoncepcion, prevencion de its y de cancer de cuello uterino",diu: usuarias continuas,2016-06-01,0,0,0,1,0,1
SAN CARLOS,"anticoncepcion, prevencion de its y de cancer de cuello uterino",diu: usuarias continuas,2016-06-01,0,2,2,0,0,4
SAN IGNACIO,"anticoncepcion, prevencion de its y de cancer de cuello uterino",diu: usuarias continuas,2016-06-01,0,0,4,0,0,4
SAN IGNACIO DE VELASCO,"anticoncepcion, prevencion de its y de cancer de cuello uterino",diu: usuarias continuas,2016-06-01,0,1,5,2,0,8
SAN JULIAN,"anticoncepcion, prevencion de its y de cancer de cuello uterino",diu: usuarias continuas,2016-06-01,0,0,0,1,0,1
SAN LORENZO(TJA),"anticoncepcion, prevencion de its y de cancer de cuello uterino",diu: usuarias continuas,2016-06-01,0,0,2,0,0,2
SAN LUCAS,"anticoncepcion, prevencion de its y de cancer de cuello uterino",diu: usuarias continuas,2016-06-01,0,0,1,0,0,1
SANTA CRUZ DE LA SIERRA,"anticoncepcion, prevencion de its y de cancer de cuello uterino",diu: usuarias continuas,2016-06-01,0,38,118,100,2,258
SUCRE,"anticoncepcion, prevencion de its y de cancer de cuello uterino",diu: usuarias continuas,2016-06-01,0,15,14,10,0,39
TARIJA,"anticoncepcion, prevencion de its y de cancer de cuello uterino",diu: usuarias continuas,2016-06-01,0,4,41,11,0,56
TIQUIPAYA,"anticoncepcion, prevencion de its y de cancer de cuello uterino",diu: usuarias continuas,2016-06-01,0,0,1,1,0,2
TRINIDAD,"anticoncepcion, prevencion de its y de cancer de cuello uterino",diu: usuarias continuas,2016-06-01,0,2,3,2,0,7
TUPIZA,"anticoncepcion, prevencion de its y de cancer de cuello uterino",diu: usuarias continuas,2016-06-01,0,0,1,1,0,2
VALLEGRANDE,"anticoncepcion, prevencion de its y de cancer de cuello uterino",diu: usuarias continuas,2016-06-01,0,0,5,3,0,8
VIACHA,"anticoncepcion, prevencion de its y de cancer de cuello uterino",diu: usuarias continuas,2016-06-01,0,1,3,0,0,4
VILLA TUNARI,"anticoncepcion, prevencion de its y de cancer de cuello uterino",diu: usuarias continuas,2016-06-01,0,0,1,0,0,1
VILLA VACA GUZMAN (MUYUPAMPA),"anticoncepcion, prevencion de its y de cancer de cuello uterino",diu: usuarias continuas,2016-06-01,0,0,2,0,0,2
VILLAZON,"anticoncepcion, prevencion de its y de cancer de cuello uterino",diu: usuarias continuas,2016-06-01,0,1,0,1,0,2
VINTO,"anticoncepcion, prevencion de its y de cancer de cuello uterino",diu: usuarias continuas,2016-06-01,0,2,6,4,0,12
WARNES,"anticoncepcion, prevencion de its y de cancer de cuello uterino",diu: usuarias continuas,2016-06-01,0,0,2,0,0,2
YACUIBA,"anticoncepcion, prevencion de its y de cancer de cuello uterino",diu: usuarias continuas,2016-06-01,0,2,16,6,0,24
YOTALA,"anticoncepcion, prevencion de its y de cancer de cuello uterino",diu: usuarias continuas,2016-06-01,0,0,1,0,0,1
AIQUILE,"anticoncepcion, prevencion de its y de cancer de cuello uterino",diu: usuarias continuas,2016-07-01,0,2,2,3,0,7
ARANI,"anticoncepcion, prevencion de its y de cancer de cuello uterino",diu: usuarias continuas,2016-07-01,0,0,1,0,0,1
BETANZOS,"anticoncepcion, prevencion de its y de cancer de cuello uterino",diu: usuarias continuas,2016-07-01,0,1,2,0,0,3
CAMIRI,"anticoncepcion, prevencion de its y de cancer de cuello uterino",diu: usuarias continuas,2016-07-01,0,0,3,2,0,5
CAPINOTA,"anticoncepcion, prevencion de its y de cancer de cuello uterino",diu: usuarias continuas,2016-07-01,0,0,1,2,0,3
CHIMORE,"anticoncepcion, prevencion de its y de cancer de cuello uterino",diu: usuarias continuas,2016-07-01,0,0,1,0,0,1
CHUQUIHUTA AYLLU JUCUMANI,"anticoncepcion, prevencion de its y de cancer de cuello uterino",diu: usuarias continuas,2016-07-01,0,0,1,0,0,1
CLIZA,"anticoncepcion, prevencion de its y de cancer de cuello uterino",diu: usuarias continuas,2016-07-01,0,0,0,2,0,2
COBIJA,"anticoncepcion, prevencion de its y de cancer de cuello uterino",diu: usuarias continuas,2016-07-01,0,2,1,0,0,3
COCHABAMBA,"anticoncepcion, prevencion de its y de cancer de cuello uterino",diu: usuarias continuas,2016-07-01,1,12,105,34,1,153
COLCAPIRHUA,"anticoncepcion, prevencion de its y de cancer de cuello uterino",diu: usuarias continuas,2016-07-01,0,0,2,0,0,2
COLOMI,"anticoncepcion, prevencion de its y de cancer de cuello uterino",diu: usuarias continuas,2016-07-01,0,0,3,0,0,3
CORQUE,"anticoncepcion, prevencion de its y de cancer de cuello uterino",diu: usuarias continuas,2016-07-01,0,0,0,1,0,1
COTAGAITA,"anticoncepcion, prevencion de its y de cancer de cuello uterino",diu: usuarias continuas,2016-07-01,0,0,0,1,0,1
EL ALTO,"anticoncepcion, prevencion de its y de cancer de cuello uterino",diu: usuarias continuas,2016-07-01,0,4,19,18,0,41
EL TORNO,"anticoncepcion, prevencion de its y de cancer de cuello uterino",diu: usuarias continuas,2016-07-01,0,1,2,2,0,5
ENTRE RIOS TRJ,"anticoncepcion, prevencion de its y de cancer de cuello uterino",diu: usuarias continuas,2016-07-01,0,0,1,1,0,2
ENTRE RIOS CBBA,"anticoncepcion, prevencion de its y de cancer de cuello uterino",diu: usuarias continuas,2016-07-01,0,0,1,0,0,1
FERNANDEZ ALONSO,"anticoncepcion, prevencion de its y de cancer de cuello uterino",diu: usuarias continuas,2016-07-01,0,0,1,0,0,1
GUAYARAMERIN,"anticoncepcion, prevencion de its y de cancer de cuello uterino",diu: usuarias continuas,2016-07-01,0,0,0,1,0,1
HUACARETA,"anticoncepcion, prevencion de its y de cancer de cuello uterino",diu: usuarias continuas,2016-07-01,0,0,2,0,0,2
IRUPANA (VILLA DE LANZA),"anticoncepcion, prevencion de its y de cancer de cuello uterino",diu: usuarias continuas,2016-07-01,0,0,0,1,0,1
LA PAZ,"anticoncepcion, prevencion de its y de cancer de cuello uterino",diu: usuarias continuas,2016-07-01,2,6,77,32,0,117
LAS CARRERAS,"anticoncepcion, prevencion de its y de cancer de cuello uterino",diu: usuarias continuas,2016-07-01,0,0,0,1,0,1
MAIRANA,"anticoncepcion, prevencion de its y de cancer de cuello uterino",diu: usuarias continuas,2016-07-01,0,2,5,1,0,8
MIZQUE,"anticoncepcion, prevencion de its y de cancer de cuello uterino",diu: usuarias continuas,2016-07-01,0,0,2,3,0,5
MONTEAGUDO,"anticoncepcion, prevencion de its y de cancer de cuello uterino",diu: usuarias continuas,2016-07-01,0,1,1,0,0,2
ORURO,"anticoncepcion, prevencion de its y de cancer de cuello uterino",diu: usuarias continuas,2016-07-01,0,2,19,3,0,24
POJO (CBBA),"anticoncepcion, prevencion de its y de cancer de cuello uterino",diu: usuarias continuas,2016-07-01,0,0,1,1,0,2
POTOSI,"anticoncepcion, prevencion de its y de cancer de cuello uterino",diu: usuarias continuas,2016-07-01,0,0,3,2,0,5
PUERTO VILLARROEL,"anticoncepcion, prevencion de its y de cancer de cuello uterino",diu: usuarias continuas,2016-07-01,0,0,4,0,0,4
QUILLACOLLO,"anticoncepcion, prevencion de its y de cancer de cuello uterino",diu: usuarias continuas,2016-07-01,0,0,4,0,0,4
RIBERALTA,"anticoncepcion, prevencion de its y de cancer de cuello uterino",diu: usuarias continuas,2016-07-01,0,0,0,1,0,1
ROBORE,"anticoncepcion, prevencion de its y de cancer de cuello uterino",diu: usuarias continuas,2016-07-01,0,1,0,0,0,1
SACABA,"anticoncepcion, prevencion de its y de cancer de cuello uterino",diu: usuarias continuas,2016-07-01,0,5,13,7,0,25
SAIPINA,"anticoncepcion, prevencion de its y de cancer de cuello uterino",diu: usuarias continuas,2016-07-01,0,0,1,0,0,1
SAN BORJA,"anticoncepcion, prevencion de its y de cancer de cuello uterino",diu: usuarias continuas,2016-07-01,0,1,0,1,0,2
SAN CARLOS,"anticoncepcion, prevencion de its y de cancer de cuello uterino",diu: usuarias continuas,2016-07-01,0,2,2,0,0,4
SAN IGNACIO,"anticoncepcion, prevencion de its y de cancer de cuello uterino",diu: usuarias continuas,2016-07-01,0,0,5,2,0,7
SAN IGNACIO DE VELASCO,"anticoncepcion, prevencion de its y de cancer de cuello uterino",diu: usuarias continuas,2016-07-01,0,0,5,4,0,9
SAN JULIAN,"anticoncepcion, prevencion de its y de cancer de cuello uterino",diu: usuarias continuas,2016-07-01,0,0,1,0,0,1
SAN LUCAS,"anticoncepcion, prevencion de its y de cancer de cuello uterino",diu: usuarias continuas,2016-07-01,0,0,1,0,0,1
SAN RAMON SCZ,"anticoncepcion, prevencion de its y de cancer de cuello uterino",diu: usuarias continuas,2016-07-01,0,0,2,0,0,2
SANTA ANA,"anticoncepcion, prevencion de its y de cancer de cuello uterino",diu: usuarias continuas,2016-07-01,0,0,0,1,0,1
SANTA CRUZ DE LA SIERRA,"anticoncepcion, prevencion de its y de cancer de cuello uterino",diu: usuarias continuas,2016-07-01,0,33,155,100,3,291
SUCRE,"anticoncepcion, prevencion de its y de cancer de cuello uterino",diu: usuarias continuas,2016-07-01,0,0,20,14,0,34
TARIJA,"anticoncepcion, prevencion de its y de cancer de cuello uterino",diu: usuarias continuas,2016-07-01,0,5,28,16,1,50
TIQUIPAYA,"anticoncepcion, prevencion de its y de cancer de cuello uterino",diu: usuarias continuas,2016-07-01,0,1,6,3,0,10
TRINIDAD,"anticoncepcion, prevencion de its y de cancer de cuello uterino",diu: usuarias continuas,2016-07-01,0,2,1,0,0,3
URIONDO (A. CONCEPCION),"anticoncepcion, prevencion de its y de cancer de cuello uterino",diu: usuarias continuas,2016-07-01,0,0,0,1,0,1
VALLEGRANDE,"anticoncepcion, prevencion de its y de cancer de cuello uterino",diu: usuarias continuas,2016-07-01,0,0,5,2,0,7
VILLA TUNARI,"anticoncepcion, prevencion de its y de cancer de cuello uterino",diu: usuarias continuas,2016-07-01,0,0,2,2,0,4
VILLA VACA GUZMAN (MUYUPAMPA),"anticoncepcion, prevencion de its y de cancer de cuello uterino",diu: usuarias continuas,2016-07-01,0,0,1,1,1,3
VILLAZON,"anticoncepcion, prevencion de its y de cancer de cuello uterino",diu: usuarias continuas,2016-07-01,0,0,2,0,0,2
VINTO,"anticoncepcion, prevencion de its y de cancer de cuello uterino",diu: usuarias continuas,2016-07-01,0,0,8,2,0,10
WARNES,"anticoncepcion, prevencion de its y de cancer de cuello uterino",diu: usuarias continuas,2016-07-01,0,0,2,0,0,2
YACUIBA,"anticoncepcion, prevencion de its y de cancer de cuello uterino",diu: usuarias continuas,2016-07-01,0,1,29,5,0,35
YOTALA,"anticoncepcion, prevencion de its y de cancer de cuello uterino",diu: usuarias continuas,2016-07-01,0,0,1,0,0,1
ZUDAÑEZ,"anticoncepcion, prevencion de its y de cancer de cuello uterino",diu: usuarias continuas,2016-07-01,0,0,1,0,0,1
AIQUILE,"anticoncepcion, prevencion de its y de cancer de cuello uterino",diu: usuarias continuas,2016-08-01,0,1,6,0,0,7
"CAIZA ""D""","anticoncepcion, prevencion de its y de cancer de cuello uterino",diu: usuarias continuas,2016-08-01,0,0,2,0,0,2
CAMATAQUI (C. VILLA ABECIA),"anticoncepcion, prevencion de its y de cancer de cuello uterino",diu: usuarias continuas,2016-08-01,0,0,1,0,0,1
CAMIRI,"anticoncepcion, prevencion de its y de cancer de cuello uterino",diu: usuarias continuas,2016-08-01,0,1,4,2,0,7
CAPINOTA,"anticoncepcion, prevencion de its y de cancer de cuello uterino",diu: usuarias continuas,2016-08-01,0,0,2,0,0,2
CHALLAPATA,"anticoncepcion, prevencion de its y de cancer de cuello uterino",diu: usuarias continuas,2016-08-01,0,0,1,0,0,1
CLIZA,"anticoncepcion, prevencion de its y de cancer de cuello uterino",diu: usuarias continuas,2016-08-01,0,0,1,2,0,3
COCHABAMBA,"anticoncepcion, prevencion de its y de cancer de cuello uterino",diu: usuarias continuas,2016-08-01,0,38,91,22,0,151
COLOMI,"anticoncepcion, prevencion de its y de cancer de cuello uterino",diu: usuarias continuas,2016-08-01,0,0,0,1,0,1
EL ALTO,"anticoncepcion, prevencion de its y de cancer de cuello uterino",diu: usuarias continuas,2016-08-01,0,2,26,28,1,57
EL PUENTE(TJA),"anticoncepcion, prevencion de its y de cancer de cuello uterino",diu: usuarias continuas,2016-08-01,0,0,0,1,0,1
EL TORNO,"anticoncepcion, prevencion de its y de cancer de cuello uterino",diu: usuarias continuas,2016-08-01,0,2,3,1,0,6
ENTRE RIOS TRJ,"anticoncepcion, prevencion de its y de cancer de cuello uterino",diu: usuarias continuas,2016-08-01,0,0,4,3,0,7
ENTRE RIOS CBBA,"anticoncepcion, prevencion de its y de cancer de cuello uterino",diu: usuarias continuas,2016-08-01,0,0,2,0,0,2
GENERAL SAAVEDRA,"anticoncepcion, prevencion de its y de cancer de cuello uterino",diu: usuarias continuas,2016-08-01,0,0,2,0,0,2
GUAYARAMERIN,"anticoncepcion, prevencion de its y de cancer de cuello uterino",diu: usuarias continuas,2016-08-01,0,0,6,6,0,12
HUANUNI,"anticoncepcion, prevencion de its y de cancer de cuello uterino",diu: usuarias continuas,2016-08-01,0,0,1,0,0,1
IRUPANA (VILLA DE LANZA),"anticoncepcion, prevencion de its y de cancer de cuello uterino",diu: usuarias continuas,2016-08-01,0,0,1,0,0,1
LA GUARDIA,"anticoncepcion, prevencion de its y de cancer de cuello uterino",diu: usuarias continuas,2016-08-01,0,0,3,0,0,3
LA PAZ,"anticoncepcion, prevencion de its y de cancer de cuello uterino",diu: usuarias continuas,2016-08-01,1,3,95,31,0,130
LAJA,"anticoncepcion, prevencion de its y de cancer de cuello uterino",diu: usuarias continuas,2016-08-01,0,1,0,0,0,1
MAIRANA,"anticoncepcion, prevencion de its y de cancer de cuello uterino",diu: usuarias continuas,2016-08-01,0,0,1,0,0,1
MIZQUE,"anticoncepcion, prevencion de its y de cancer de cuello uterino",diu: usuarias continuas,2016-08-01,0,1,2,2,1,6
MONTERO,"anticoncepcion, prevencion de its y de cancer de cuello uterino",diu: usuarias continuas,2016-08-01,1,3,3,3,0,10
MORO MORO,"anticoncepcion, prevencion de its y de cancer de cuello uterino",diu: usuarias continuas,2016-08-01,0,0,0,1,0,1
ORURO,"anticoncepcion, prevencion de its y de cancer de cuello uterino",diu: usuarias continuas,2016-08-01,0,4,14,3,0,21
PADCAYA,"anticoncepcion, prevencion de its y de cancer de cuello uterino",diu: usuarias continuas,2016-08-01,0,0,1,0,0,1
PORTACHUELO,"anticoncepcion, prevencion de its y de cancer de cuello uterino",diu: usuarias continuas,2016-08-01,0,0,0,1,0,1
POTOSI,"anticoncepcion, prevencion de its y de cancer de cuello uterino",diu: usuarias continuas,2016-08-01,0,2,5,0,0,7
PUERTO VILLARROEL,"anticoncepcion, prevencion de its y de cancer de cuello uterino",diu: usuarias continuas,2016-08-01,0,1,5,0,0,6
QUILLACOLLO,"anticoncepcion, prevencion de its y de cancer de cuello uterino",diu: usuarias continuas,2016-08-01,0,0,6,6,0,12
RIBERALTA,"anticoncepcion, prevencion de its y de cancer de cuello uterino",diu: usuarias continuas,2016-08-01,1,0,3,0,0,4
SACABA,"anticoncepcion, prevencion de its y de cancer de cuello uterino",diu: usuarias continuas,2016-08-01,0,2,14,9,0,25
SAIPINA,"anticoncepcion, prevencion de its y de cancer de cuello uterino",diu: usuarias continuas,2016-08-01,0,0,1,1,0,2
SAN BORJA,"anticoncepcion, prevencion de its y de cancer de cuello uterino",diu: usuarias continuas,2016-08-01,0,1,3,1,0,5
SAN CARLOS,"anticoncepcion, prevencion de its y de cancer de cuello uterino",diu: usuarias continuas,2016-08-01,0,2,3,0,0,5
SAN IGNACIO,"anticoncepcion, prevencion de its y de cancer de cuello uterino",diu: usuarias continuas,2016-08-01,0,0,4,1,0,5
SAN IGNACIO DE VELASCO,"anticoncepcion, prevencion de its y de cancer de cuello uterino",diu: usuarias continuas,2016-08-01,0,0,5,1,0,6
SAN JULIAN,"anticoncepcion, prevencion de its y de cancer de cuello uterino",diu: usuarias continuas,2016-08-01,0,0,1,0,0,1
SAN LORENZO(TJA),"anticoncepcion, prevencion de its y de cancer de cuello uterino",diu: usuarias continuas,2016-08-01,0,0,1,2,0,3
SAN LUCAS,"anticoncepcion, prevencion de its y de cancer de cuello uterino",diu: usuarias continuas,2016-08-01,0,0,1,0,0,1
SAN RAMON SCZ,"anticoncepcion, prevencion de its y de cancer de cuello uterino",diu: usuarias continuas,2016-08-01,0,0,2,0,0,2
SANTA ANA,"anticoncepcion, prevencion de its y de cancer de cuello uterino",diu: usuarias continuas,2016-08-01,0,0,1,0,0,1
SANTA CRUZ DE LA SIERRA,"anticoncepcion, prevencion de its y de cancer de cuello uterino",diu: usuarias continuas,2016-08-01,0,38,119,65,4,226
SANTIVAÑES,"anticoncepcion, prevencion de its y de cancer de cuello uterino",diu: usuarias continuas,2016-08-01,0,0,0,1,0,1
SUCRE,"anticoncepcion, prevencion de its y de cancer de cuello uterino",diu: usuarias continuas,2016-08-01,0,0,20,11,0,31
TARIJA,"anticoncepcion, prevencion de its y de cancer de cuello uterino",diu: usuarias continuas,2016-08-01,0,7,36,12,0,55
TIQUIPAYA,"anticoncepcion, prevencion de its y de cancer de cuello uterino",diu: usuarias continuas,2016-08-01,0,2,5,1,0,8
TRINIDAD,"anticoncepcion, prevencion de its y de cancer de cuello uterino",diu: usuarias continuas,2016-08-01,0,0,1,0,0,1
TUPIZA,"anticoncepcion, prevencion de its y de cancer de cuello uterino",diu: usuarias continuas,2016-08-01,0,0,2,0,0,2
URIONDO (A. CONCEPCION),"anticoncepcion, prevencion de its y de cancer de cuello uterino",diu: usuarias continuas,2016-08-01,0,0,1,0,0,1
VALLEGRANDE,"anticoncepcion, prevencion de its y de cancer de cuello uterino",diu: usuarias continuas,2016-08-01,0,3,6,1,0,10
VIACHA,"anticoncepcion, prevencion de its y de cancer de cuello uterino",diu: usuarias continuas,2016-08-01,0,0,3,1,0,4
VILLA TUNARI,"anticoncepcion, prevencion de its y de cancer de cuello uterino",diu: usuarias continuas,2016-08-01,0,0,4,3,0,7
VILLAZON,"anticoncepcion, prevencion de its y de cancer de cuello uterino",diu: usuarias continuas,2016-08-01,0,0,0,2,0,2
VINTO,"anticoncepcion, prevencion de its y de cancer de cuello uterino",diu: usuarias continuas,2016-08-01,0,0,5,0,0,5
YACUIBA,"anticoncepcion, prevencion de its y de cancer de cuello uterino",diu: usuarias continuas,2016-08-01,0,4,19,16,0,39
YOTALA,"anticoncepcion, prevencion de its y de cancer de cuello uterino",diu: usuarias continuas,2016-08-01,0,0,5,1,0,6
AIQUILE,"anticoncepcion, prevencion de its y de cancer de cuello uterino",diu: usuarias continuas,2016-09-01,0,0,5,0,0,5
ATOCHA,"anticoncepcion, prevencion de its y de cancer de cuello uterino",diu: usuarias continuas,2016-09-01,0,0,0,3,0,3
BETANZOS,"anticoncepcion, prevencion de its y de cancer de cuello uterino",diu: usuarias continuas,2016-09-01,0,0,0,1,0,1
CAMARGO,"anticoncepcion, prevencion de its y de cancer de cuello uterino",diu: usuarias continuas,2016-09-01,0,0,2,0,0,2
CAMIRI,"anticoncepcion, prevencion de its y de cancer de cuello uterino",diu: usuarias continuas,2016-09-01,0,0,2,0,0,2
CHIMORE,"anticoncepcion, prevencion de its y de cancer de cuello uterino",diu: usuarias continuas,2016-09-01,0,0,0,1,0,1
CKOCHAS,"anticoncepcion, prevencion de its y de cancer de cuello uterino",diu: usuarias continuas,2016-09-01,0,0,3,1,0,4
CLIZA,"anticoncepcion, prevencion de its y de cancer de cuello uterino",diu: usuarias continuas,2016-09-01,0,0,1,0,0,1
COBIJA,"anticoncepcion, prevencion de its y de cancer de cuello uterino",diu: usuarias continuas,2016-09-01,0,0,1,1,0,2
COCHABAMBA,"anticoncepcion, prevencion de its y de cancer de cuello uterino",diu: usuarias continuas,2016-09-01,0,26,111,30,0,167
COLCAPIRHUA,"anticoncepcion, prevencion de its y de cancer de cuello uterino",diu: usuarias continuas,2016-09-01,0,0,4,0,0,4
COLOMI,"anticoncepcion, prevencion de its y de cancer de cuello uterino",diu: usuarias continuas,2016-09-01,0,0,3,1,0,4
CONCEPCION,"anticoncepcion, prevencion de its y de cancer de cuello uterino",diu: usuarias continuas,2016-09-01,0,0,0,1,0,1
EL ALTO,"anticoncepcion, prevencion de its y de cancer de cuello uterino",diu: usuarias continuas,2016-09-01,0,4,32,39,0,75
EL PUENTE(TJA),"anticoncepcion, prevencion de its y de cancer de cuello uterino",diu: usuarias continuas,2016-09-01,0,0,0,1,0,1
EL TORNO,"anticoncepcion, prevencion de its y de cancer de cuello uterino",diu: usuarias continuas,2016-09-01,1,2,4,1,0,8
ENTRE RIOS TRJ,"anticoncepcion, prevencion de its y de cancer de cuello uterino",diu: usuarias continuas,2016-09-01,0,0,1,0,0,1
ENTRE RIOS CBBA,"anticoncepcion, prevencion de its y de cancer de cuello uterino",diu: usuarias continuas,2016-09-01,0,1,0,0,0,1
GUAYARAMERIN,"anticoncepcion, prevencion de its y de cancer de cuello uterino",diu: usuarias continuas,2016-09-01,0,1,1,0,0,2
LA GUARDIA,"anticoncepcion, prevencion de its y de cancer de cuello uterino",diu: usuarias continuas,2016-09-01,0,1,5,1,0,7
LA PAZ,"anticoncepcion, prevencion de its y de cancer de cuello uterino",diu: usuarias continuas,2016-09-01,0,10,70,47,20,147
MACHARETI,"anticoncepcion, prevencion de its y de cancer de cuello uterino",diu: usuarias continuas,2016-09-01,0,1,0,1,0,2
MIZQUE,"anticoncepcion, prevencion de its y de cancer de cuello uterino",diu: usuarias continuas,2016-09-01,0,0,1,0,0,1
MONTEAGUDO,"anticoncepcion, prevencion de its y de cancer de cuello uterino",diu: usuarias continuas,2016-09-01,0,1,3,0,0,4
MONTERO,"anticoncepcion, prevencion de its y de cancer de cuello uterino",diu: usuarias continuas,2016-09-01,0,3,4,3,0,10
OKINAWA,"anticoncepcion, prevencion de its y de cancer de cuello uterino",diu: usuarias continuas,2016-09-01,0,0,2,0,0,2
ORURO,"anticoncepcion, prevencion de its y de cancer de cuello uterino",diu: usuarias continuas,2016-09-01,0,2,14,3,0,19
PAILON,"anticoncepcion, prevencion de its y de cancer de cuello uterino",diu: usuarias continuas,2016-09-01,0,0,2,0,0,2
POTOSI,"anticoncepcion, prevencion de its y de cancer de cuello uterino",diu: usuarias continuas,2016-09-01,0,0,2,2,0,4
PUERTO VILLARROEL,"anticoncepcion, prevencion de its y de cancer de cuello uterino",diu: usuarias continuas,2016-09-01,0,0,1,0,0,1
QUILLACOLLO,"anticoncepcion, prevencion de its y de cancer de cuello uterino",diu: usuarias continuas,2016-09-01,0,0,2,1,0,3
SACABA,"anticoncepcion, prevencion de its y de cancer de cuello uterino",diu: usuarias continuas,2016-09-01,0,3,9,8,0,20
SAIPINA,"anticoncepcion, prevencion de its y de cancer de cuello uterino",diu: usuarias continuas,2016-09-01,0,0,2,1,0,3
SAN BORJA,"anticoncepcion, prevencion de its y de cancer de cuello uterino",diu: usuarias continuas,2016-09-01,0,0,2,0,0,2
SAN IGNACIO,"anticoncepcion, prevencion de its y de cancer de cuello uterino",diu: usuarias continuas,2016-09-01,0,1,3,1,0,5
SAN IGNACIO DE VELASCO,"anticoncepcion, prevencion de its y de cancer de cuello uterino",diu: usuarias continuas,2016-09-01,0,0,5,1,0,6
SAN LORENZO(TJA),"anticoncepcion, prevencion de its y de cancer de cuello uterino",diu: usuarias continuas,2016-09-01,0,1,4,3,0,8
SAN RAMON SCZ,"anticoncepcion, prevencion de its y de cancer de cuello uterino",diu: usuarias continuas,2016-09-01,0,0,1,1,0,2
SANTA CRUZ DE LA SIERRA,"anticoncepcion, prevencion de its y de cancer de cuello uterino",diu: usuarias continuas,2016-09-01,1,22,48,35,0,106
SANTIVAÑES,"anticoncepcion, prevencion de its y de cancer de cuello uterino",diu: usuarias continuas,2016-09-01,0,1,0,0,0,1
SIPE SIPE,"anticoncepcion, prevencion de its y de cancer de cuello uterino",diu: usuarias continuas,2016-09-01,0,0,2,0,0,2
SUCRE,"anticoncepcion, prevencion de its y de cancer de cuello uterino",diu: usuarias continuas,2016-09-01,0,1,17,7,0,25
TARIJA,"anticoncepcion, prevencion de its y de cancer de cuello uterino",diu: usuarias continuas,2016-09-01,0,6,29,9,1,45
TIQUIPAYA,"anticoncepcion, prevencion de its y de cancer de cuello uterino",diu: usuarias continuas,2016-09-01,0,4,3,0,0,7
TIRAQUE (CBBA),"anticoncepcion, prevencion de its y de cancer de cuello uterino",diu: usuarias continuas,2016-09-01,0,1,0,0,0,1
TOLATA,"anticoncepcion, prevencion de its y de cancer de cuello uterino",diu: usuarias continuas,2016-09-01,0,0,1,0,0,1
TOTORA(CBBA),"anticoncepcion, prevencion de its y de cancer de cuello uterino",diu: usuarias continuas,2016-09-01,0,0,1,0,0,1
TRINIDAD,"anticoncepcion, prevencion de its y de cancer de cuello uterino",diu: usuarias continuas,2016-09-01,0,5,2,1,0,8
URIONDO (A. CONCEPCION),"anticoncepcion, prevencion de its y de cancer de cuello uterino",diu: usuarias continuas,2016-09-01,0,1,1,0,0,2
UYUNI,"anticoncepcion, prevencion de its y de cancer de cuello uterino",diu: usuarias continuas,2016-09-01,0,1,0,0,0,1
VALLEGRANDE,"anticoncepcion, prevencion de its y de cancer de cuello uterino",diu: usuarias continuas,2016-09-01,0,2,6,1,0,9
VIACHA,"anticoncepcion, prevencion de its y de cancer de cuello uterino",diu: usuarias continuas,2016-09-01,0,0,1,0,0,1
VILLA MONTES,"anticoncepcion, prevencion de its y de cancer de cuello uterino",diu: usuarias continuas,2016-09-01,0,0,2,0,0,2
VILLA TUNARI,"anticoncepcion, prevencion de its y de cancer de cuello uterino",diu: usuarias continuas,2016-09-01,0,0,4,5,5,14
VILLA VACA GUZMAN (MUYUPAMPA),"anticoncepcion, prevencion de its y de cancer de cuello uterino",diu: usuarias continuas,2016-09-01,1,0,0,0,0,1
VILLAZON,"anticoncepcion, prevencion de its y de cancer de cuello uterino",diu: usuarias continuas,2016-09-01,0,0,2,1,0,3
VINTO,"anticoncepcion, prevencion de its y de cancer de cuello uterino",diu: usuarias continuas,2016-09-01,0,1,4,0,0,5
WARNES,"anticoncepcion, prevencion de its y de cancer de cuello uterino",diu: usuarias continuas,2016-09-01,0,0,1,0,0,1
YACUIBA,"anticoncepcion, prevencion de its y de cancer de cuello uterino",diu: usuarias continuas,2016-09-01,0,5,26,18,0,49
YOTALA,"anticoncepcion, prevencion de its y de cancer de cuello uterino",diu: usuarias continuas,2016-09-01,0,0,1,0,0,1
ZUDAÑEZ,"anticoncepcion, prevencion de its y de cancer de cuello uterino",diu: usuarias continuas,2016-09-01,0,0,2,0,0,2
AIQUILE,"anticoncepcion, prevencion de its y de cancer de cuello uterino",diu: usuarias continuas,2016-10-01,0,1,2,1,0,4
AYOPAYA (V. DE INDEPENDENCIA),"anticoncepcion, prevencion de its y de cancer de cuello uterino",diu: usuarias continuas,2016-10-01,0,0,1,0,0,1
CAMIRI,"anticoncepcion, prevencion de its y de cancer de cuello uterino",diu: usuarias continuas,2016-10-01,0,1,4,0,0,5
CARACOLLO,"anticoncepcion, prevencion de its y de cancer de cuello uterino",diu: usuarias continuas,2016-10-01,0,0,1,0,0,1
CLIZA,"anticoncepcion, prevencion de its y de cancer de cuello uterino",diu: usuarias continuas,2016-10-01,0,0,2,0,0,2
COBIJA,"anticoncepcion, prevencion de its y de cancer de cuello uterino",diu: usuarias continuas,2016-10-01,0,0,4,1,0,5
COCHABAMBA,"anticoncepcion, prevencion de its y de cancer de cuello uterino",diu: usuarias continuas,2016-10-01,0,8,67,145,0,220
COLOMI,"anticoncepcion, prevencion de its y de cancer de cuello uterino",diu: usuarias continuas,2016-10-01,0,0,2,2,0,4
COTAGAITA,"anticoncepcion, prevencion de its y de cancer de cuello uterino",diu: usuarias continuas,2016-10-01,0,0,1,0,0,1
COTOCA,"anticoncepcion, prevencion de its y de cancer de cuello uterino",diu: usuarias continuas,2016-10-01,0,0,1,0,0,1
EL ALTO,"anticoncepcion, prevencion de its y de cancer de cuello uterino",diu: usuarias continuas,2016-10-01,0,3,21,27,1,52
EL TORNO,"anticoncepcion, prevencion de its y de cancer de cuello uterino",diu: usuarias continuas,2016-10-01,0,2,1,0,0,3
ENTRE RIOS TRJ,"anticoncepcion, prevencion de its y de cancer de cuello uterino",diu: usuarias continuas,2016-10-01,0,1,0,2,0,3
ENTRE RIOS CBBA,"anticoncepcion, prevencion de its y de cancer de cuello uterino",diu: usuarias continuas,2016-10-01,0,0,1,0,0,1
GENERAL SAAVEDRA,"anticoncepcion, prevencion de its y de cancer de cuello uterino",diu: usuarias continuas,2016-10-01,0,0,1,0,0,1
GUAYARAMERIN,"anticoncepcion, prevencion de its y de cancer de cuello uterino",diu: usuarias continuas,2016-10-01,0,1,0,0,0,1
HUACARETA,"anticoncepcion, prevencion de its y de cancer de cuello uterino",diu: usuarias continuas,2016-10-01,0,0,1,0,0,1
LA GUARDIA,"anticoncepcion, prevencion de its y de cancer de cuello uterino",diu: usuarias continuas,2016-10-01,0,0,4,1,0,5
LA PAZ,"anticoncepcion, prevencion de its y de cancer de cuello uterino",diu: usuarias continuas,2016-10-01,0,3,65,27,3,98
LAGUNILLAS,"anticoncepcion, prevencion de its y de cancer de cuello uterino",diu: usuarias continuas,2016-10-01,0,2,0,0,0,2
MAIRANA,"anticoncepcion, prevencion de its y de cancer de cuello uterino",diu: usuarias continuas,2016-10-01,0,0,0,1,0,1
MIZQUE,"anticoncepcion, prevencion de its y de cancer de cuello uterino",diu: usuarias continuas,2016-10-01,0,0,1,1,0,2
MONTEAGUDO,"anticoncepcion, prevencion de its y de cancer de cuello uterino",diu: usuarias continuas,2016-10-01,0,1,9,0,0,10
MONTERO,"anticoncepcion, prevencion de its y de cancer de cuello uterino",diu: usuarias continuas,2016-10-01,0,0,7,4,0,11
MORO MORO,"anticoncepcion, prevencion de its y de cancer de cuello uterino",diu: usuarias continuas,2016-10-01,0,0,1,0,0,1
OMEREQUE,"anticoncepcion, prevencion de its y de cancer de cuello uterino",diu: usuarias continuas,2016-10-01,0,0,2,0,0,2
ORURO,"anticoncepcion, prevencion de its y de cancer de cuello uterino",diu: usuarias continuas,2016-10-01,0,4,10,6,0,20
PASORAPA,"anticoncepcion, prevencion de its y de cancer de cuello uterino",diu: usuarias continuas,2016-10-01,0,0,1,0,0,1
PORTACHUELO,"anticoncepcion, prevencion de its y de cancer de cuello uterino",diu: usuarias continuas,2016-10-01,0,0,3,0,0,3
POSTRER VALLE,"anticoncepcion, prevencion de its y de cancer de cuello uterino",diu: usuarias continuas,2016-10-01,0,0,0,1,0,1
POTOSI,"anticoncepcion, prevencion de its y de cancer de cuello uterino",diu: usuarias continuas,2016-10-01,0,0,1,2,0,3
PUERTO RICO,"anticoncepcion, prevencion de its y de cancer de cuello uterino",diu: usuarias continuas,2016-10-01,0,0,0,1,0,1
PUERTO VILLARROEL,"anticoncepcion, prevencion de its y de cancer de cuello uterino",diu: usuarias continuas,2016-10-01,0,0,4,0,0,4
PUNA,"anticoncepcion, prevencion de its y de cancer de cuello uterino",diu: usuarias continuas,2016-10-01,0,1,0,2,0,3
PUNATA,"anticoncepcion, prevencion de its y de cancer de cuello uterino",diu: usuarias continuas,2016-10-01,0,0,1,0,0,1
QUILLACOLLO,"anticoncepcion, prevencion de its y de cancer de cuello uterino",diu: usuarias continuas,2016-10-01,0,0,8,0,0,8
RIBERALTA,"anticoncepcion, prevencion de its y de cancer de cuello uterino",diu: usuarias continuas,2016-10-01,0,0,1,0,0,1
SACABA,"anticoncepcion, prevencion de its y de cancer de cuello uterino",diu: usuarias continuas,2016-10-01,0,5,17,6,0,28
SAMAIPATA,"anticoncepcion, prevencion de its y de cancer de cuello uterino",diu: usuarias continuas,2016-10-01,0,0,1,0,0,1
SAN BORJA,"anticoncepcion, prevencion de its y de cancer de cuello uterino",diu: usuarias continuas,2016-10-01,0,0,0,1,0,1
SAN CARLOS,"anticoncepcion, prevencion de its y de cancer de cuello uterino",diu: usuarias continuas,2016-10-01,0,1,8,0,0,9
SAN IGNACIO,"anticoncepcion, prevencion de its y de cancer de cuello uterino",diu: usuarias continuas,2016-10-01,0,0,6,0,0,6
SAN IGNACIO DE VELASCO,"anticoncepcion, prevencion de its y de cancer de cuello uterino",diu: usuarias continuas,2016-10-01,0,1,1,1,0,3
SAN LORENZO(TJA),"anticoncepcion, prevencion de its y de cancer de cuello uterino",diu: usuarias continuas,2016-10-01,0,1,2,0,0,3
SAN RAMON SCZ,"anticoncepcion, prevencion de its y de cancer de cuello uterino",diu: usuarias continuas,2016-10-01,0,0,1,0,0,1
SANTA ANA,"anticoncepcion, prevencion de its y de cancer de cuello uterino",diu: usuarias continuas,2016-10-01,0,0,1,0,0,1
SANTA CRUZ DE LA SIERRA,"anticoncepcion, prevencion de its y de cancer de cuello uterino",diu: usuarias continuas,2016-10-01,0,22,94,118,6,240
SANTA ROSA DEL SARA,"anticoncepcion, prevencion de its y de cancer de cuello uterino",diu: usuarias continuas,2016-10-01,0,0,1,0,0,1
SHINAOTA,"anticoncepcion, prevencion de its y de cancer de cuello uterino",diu: usuarias continuas,2016-10-01,0,0,1,0,0,1
SUCRE,"anticoncepcion, prevencion de its y de cancer de cuello uterino",diu: usuarias continuas,2016-10-01,0,0,18,7,0,25
TARIJA,"anticoncepcion, prevencion de its y de cancer de cuello uterino",diu: usuarias continuas,2016-10-01,0,2,42,10,0,54
TIQUIPAYA,"anticoncepcion, prevencion de its y de cancer de cuello uterino",diu: usuarias continuas,2016-10-01,0,0,5,5,0,10
TIRAQUE (CBBA),"anticoncepcion, prevencion de its y de cancer de cuello uterino",diu: usuarias continuas,2016-10-01,0,0,1,0,0,1
TRINIDAD,"anticoncepcion, prevencion de its y de cancer de cuello uterino",diu: usuarias continuas,2016-10-01,0,0,1,1,0,2
TUPIZA,"anticoncepcion, prevencion de its y de cancer de cuello uterino",diu: usuarias continuas,2016-10-01,0,0,1,0,0,1
URIONDO (A. CONCEPCION),"anticoncepcion, prevencion de its y de cancer de cuello uterino",diu: usuarias continuas,2016-10-01,0,0,2,0,0,2
URUBICHA,"anticoncepcion, prevencion de its y de cancer de cuello uterino",diu: usuarias continuas,2016-10-01,0,0,3,0,0,3
UYUNI,"anticoncepcion, prevencion de its y de cancer de cuello uterino",diu: usuarias continuas,2016-10-01,0,0,2,1,0,3
VALLEGRANDE,"anticoncepcion, prevencion de its y de cancer de cuello uterino",diu: usuarias continuas,2016-10-01,0,1,2,1,0,4
VILLA MONTES,"anticoncepcion, prevencion de its y de cancer de cuello uterino",diu: usuarias continuas,2016-10-01,0,0,1,0,0,1
VILLA TUNARI,"anticoncepcion, prevencion de its y de cancer de cuello uterino",diu: usuarias continuas,2016-10-01,0,0,1,2,0,3
VILLAZON,"anticoncepcion, prevencion de its y de cancer de cuello uterino",diu: usuarias continuas,2016-10-01,0,1,0,1,0,2
VINTO,"anticoncepcion, prevencion de its y de cancer de cuello uterino",diu: usuarias continuas,2016-10-01,0,2,14,1,0,17
WARNES,"anticoncepcion, prevencion de its y de cancer de cuello uterino",diu: usuarias continuas,2016-10-01,0,0,0,1,0,1
YACUIBA,"anticoncepcion, prevencion de its y de cancer de cuello uterino",diu: usuarias continuas,2016-10-01,0,4,24,12,0,40
YOTALA,"anticoncepcion, prevencion de its y de cancer de cuello uterino",diu: usuarias continuas,2016-10-01,0,0,1,0,0,1
ACHACACHI,"anticoncepcion, prevencion de its y de cancer de cuello uterino",diu: usuarias continuas,2016-11-01,0,0,1,0,0,1
AIQUILE,"anticoncepcion, prevencion de its y de cancer de cuello uterino",diu: usuarias continuas,2016-11-01,0,1,5,0,0,6
ASCENCION DE GUARAYOS,"anticoncepcion, prevencion de its y de cancer de cuello uterino",diu: usuarias continuas,2016-11-01,0,0,1,0,0,1
ATOCHA,"anticoncepcion, prevencion de its y de cancer de cuello uterino",diu: usuarias continuas,2016-11-01,0,1,1,0,0,2
BERMEJO,"anticoncepcion, prevencion de its y de cancer de cuello uterino",diu: usuarias continuas,2016-11-01,0,0,0,1,0,1
CAMIRI,"anticoncepcion, prevencion de its y de cancer de cuello uterino",diu: usuarias continuas,2016-11-01,0,1,4,2,0,7
CAPINOTA,"anticoncepcion, prevencion de its y de cancer de cuello uterino",diu: usuarias continuas,2016-11-01,0,0,1,0,0,1
CLIZA,"anticoncepcion, prevencion de its y de cancer de cuello uterino",diu: usuarias continuas,2016-11-01,0,0,2,1,0,3
COBIJA,"anticoncepcion, prevencion de its y de cancer de cuello uterino",diu: usuarias continuas,2016-11-01,0,1,1,0,0,2
COCHABAMBA,"anticoncepcion, prevencion de its y de cancer de cuello uterino",diu: usuarias continuas,2016-11-01,2,18,110,37,3,170
COLCAPIRHUA,"anticoncepcion, prevencion de its y de cancer de cuello uterino",diu: usuarias continuas,2016-11-01,0,0,1,0,0,1
COLOMI,"anticoncepcion, prevencion de its y de cancer de cuello uterino",diu: usuarias continuas,2016-11-01,0,0,1,0,0,1
CUATRO CAÑADAS,"anticoncepcion, prevencion de its y de cancer de cuello uterino",diu: usuarias continuas,2016-11-01,0,0,1,0,0,1
EL ALTO,"anticoncepcion, prevencion de its y de cancer de cuello uterino",diu: usuarias continuas,2016-11-01,0,2,28,9,1,40
EL TORNO,"anticoncepcion, prevencion de its y de cancer de cuello uterino",diu: usuarias continuas,2016-11-01,2,2,4,2,0,10
ENTRE RIOS TRJ,"anticoncepcion, prevencion de its y de cancer de cuello uterino",diu: usuarias continuas,2016-11-01,0,1,2,0,0,3
ENTRE RIOS CBBA,"anticoncepcion, prevencion de its y de cancer de cuello uterino",diu: usuarias continuas,2016-11-01,0,0,2,2,0,4
FERNANDEZ ALONSO,"anticoncepcion, prevencion de its y de cancer de cuello uterino",diu: usuarias continuas,2016-11-01,0,0,1,0,0,1
GUANAY,"anticoncepcion, prevencion de its y de cancer de cuello uterino",diu: usuarias continuas,2016-11-01,0,0,1,0,0,1
HUACARETA,"anticoncepcion, prevencion de its y de cancer de cuello uterino",diu: usuarias continuas,2016-11-01,0,1,1,2,0,4
LA GUARDIA,"anticoncepcion, prevencion de its y de cancer de cuello uterino",diu: usuarias continuas,2016-11-01,0,1,2,1,0,4
LA PAZ,"anticoncepcion, prevencion de its y de cancer de cuello uterino",diu: usuarias continuas,2016-11-01,0,3,110,30,0,143
MAGDALENA,"anticoncepcion, prevencion de its y de cancer de cuello uterino",diu: usuarias continuas,2016-11-01,0,0,1,0,0,1
MAIRANA,"anticoncepcion, prevencion de its y de cancer de cuello uterino",diu: usuarias continuas,2016-11-01,0,0,0,1,0,1
MONTEAGUDO,"anticoncepcion, prevencion de its y de cancer de cuello uterino",diu: usuarias continuas,2016-11-01,0,0,0,2,0,2
MONTERO,"anticoncepcion, prevencion de its y de cancer de cuello uterino",diu: usuarias continuas,2016-11-01,0,3,1,0,0,4
ORURO,"anticoncepcion, prevencion de its y de cancer de cuello uterino",diu: usuarias continuas,2016-11-01,0,1,15,0,0,16
PADCAYA,"anticoncepcion, prevencion de its y de cancer de cuello uterino",diu: usuarias continuas,2016-11-01,0,0,1,0,0,1
PORTACHUELO,"anticoncepcion, prevencion de its y de cancer de cuello uterino",diu: usuarias continuas,2016-11-01,0,0,1,0,0,1
POSTRER VALLE,"anticoncepcion, prevencion de its y de cancer de cuello uterino",diu: usuarias continuas,2016-11-01,0,0,2,0,0,2
POTOSI,"anticoncepcion, prevencion de its y de cancer de cuello uterino",diu: usuarias continuas,2016-11-01,0,0,1,0,0,1
PUERTO RICO,"anticoncepcion, prevencion de its y de cancer de cuello uterino",diu: usuarias continuas,2016-11-01,0,0,0,1,0,1
PUERTO VILLARROEL,"anticoncepcion, prevencion de its y de cancer de cuello uterino",diu: usuarias continuas,2016-11-01,0,0,2,0,0,2
QUILLACOLLO,"anticoncepcion, prevencion de its y de cancer de cuello uterino",diu: usuarias continuas,2016-11-01,0,0,2,2,0,4
RIBERALTA,"anticoncepcion, prevencion de its y de cancer de cuello uterino",diu: usuarias continuas,2016-11-01,0,0,1,0,0,1
SACABA,"anticoncepcion, prevencion de its y de cancer de cuello uterino",diu: usuarias continuas,2016-11-01,0,4,16,6,0,26
SAIPINA,"anticoncepcion, prevencion de its y de cancer de cuello uterino",diu: usuarias continuas,2016-11-01,0,3,0,0,0,3
SAN BORJA,"anticoncepcion, prevencion de its y de cancer de cuello uterino",diu: usuarias continuas,2016-11-01,1,0,1,0,0,2
SAN CARLOS,"anticoncepcion, prevencion de its y de cancer de cuello uterino",diu: usuarias continuas,2016-11-01,1,0,8,0,0,9
SAN IGNACIO,"anticoncepcion, prevencion de its y de cancer de cuello uterino",diu: usuarias continuas,2016-11-01,0,0,4,1,0,5
SAN IGNACIO DE VELASCO,"anticoncepcion, prevencion de its y de cancer de cuello uterino",diu: usuarias continuas,2016-11-01,0,1,5,0,0,6
SAN JULIAN,"anticoncepcion, prevencion de its y de cancer de cuello uterino",diu: usuarias continuas,2016-11-01,0,0,1,0,0,1
SAN LORENZO(TJA),"anticoncepcion, prevencion de its y de cancer de cuello uterino",diu: usuarias continuas,2016-11-01,0,0,3,1,0,4
SAN RAMON SCZ,"anticoncepcion, prevencion de its y de cancer de cuello uterino",diu: usuarias continuas,2016-11-01,0,1,2,0,0,3
SANTA CRUZ DE LA SIERRA,"anticoncepcion, prevencion de its y de cancer de cuello uterino",diu: usuarias continuas,2016-11-01,5,25,60,20,0,110
SANTA ROSA DEL SARA,"anticoncepcion, prevencion de its y de cancer de cuello uterino",diu: usuarias continuas,2016-11-01,0,0,1,0,0,1
SUCRE,"anticoncepcion, prevencion de its y de cancer de cuello uterino",diu: usuarias continuas,2016-11-01,0,0,10,4,0,14
TARIJA,"anticoncepcion, prevencion de its y de cancer de cuello uterino",diu: usuarias continuas,2016-11-01,0,5,42,18,3,68
TIQUIPAYA,"anticoncepcion, prevencion de its y de cancer de cuello uterino",diu: usuarias continuas,2016-11-01,0,1,4,1,0,6
TRINIDAD,"anticoncepcion, prevencion de its y de cancer de cuello uterino",diu: usuarias continuas,2016-11-01,0,0,2,1,0,3
URIONDO (A. CONCEPCION),"anticoncepcion, prevencion de its y de cancer de cuello uterino",diu: usuarias continuas,2016-11-01,0,1,0,0,0,1
UYUNI,"anticoncepcion, prevencion de its y de cancer de cuello uterino",diu: usuarias continuas,2016-11-01,0,1,0,0,0,1
VALLEGRANDE,"anticoncepcion, prevencion de its y de cancer de cuello uterino",diu: usuarias continuas,2016-11-01,0,2,2,0,0,4
VILLA TUNARI,"anticoncepcion, prevencion de its y de cancer de cuello uterino",diu: usuarias continuas,2016-11-01,0,1,2,3,0,6
VILLAZON,"anticoncepcion, prevencion de its y de cancer de cuello uterino",diu: usuarias continuas,2016-11-01,0,0,2,0,0,2
VINTO,"anticoncepcion, prevencion de its y de cancer de cuello uterino",diu: usuarias continuas,2016-11-01,0,1,5,0,0,6
YACUIBA,"anticoncepcion, prevencion de its y de cancer de cuello uterino",diu: usuarias continuas,2016-11-01,0,4,29,3,1,37
AIQUILE,"anticoncepcion, prevencion de its y de cancer de cuello uterino",diu: usuarias continuas,2016-12-01,0,1,4,1,0,6
ATOCHA,"anticoncepcion, prevencion de its y de cancer de cuello uterino",diu: usuarias continuas,2016-12-01,0,0,1,1,0,2
CAMARGO,"anticoncepcion, prevencion de its y de cancer de cuello uterino",diu: usuarias continuas,2016-12-01,0,0,3,0,0,3
CAMIRI,"anticoncepcion, prevencion de its y de cancer de cuello uterino",diu: usuarias continuas,2016-12-01,0,1,2,0,0,3
CAPINOTA,"anticoncepcion, prevencion de its y de cancer de cuello uterino",diu: usuarias continuas,2016-12-01,0,0,0,1,0,1
CHIMORE,"anticoncepcion, prevencion de its y de cancer de cuello uterino",diu: usuarias continuas,2016-12-01,0,0,2,0,0,2
CLIZA,"anticoncepcion, prevencion de its y de cancer de cuello uterino",diu: usuarias continuas,2016-12-01,0,1,2,1,0,4
COBIJA,"anticoncepcion, prevencion de its y de cancer de cuello uterino",diu: usuarias continuas,2016-12-01,0,0,4,0,0,4
COCHABAMBA,"anticoncepcion, prevencion de its y de cancer de cuello uterino",diu: usuarias continuas,2016-12-01,0,10,155,46,1,212
COLCAPIRHUA,"anticoncepcion, prevencion de its y de cancer de cuello uterino",diu: usuarias continuas,2016-12-01,0,1,1,1,0,3
EL ALTO,"anticoncepcion, prevencion de its y de cancer de cuello uterino",diu: usuarias continuas,2016-12-01,0,2,29,6,0,37
ENTRE RIOS TRJ,"anticoncepcion, prevencion de its y de cancer de cuello uterino",diu: usuarias continuas,2016-12-01,0,0,0,2,0,2
ENTRE RIOS CBBA,"anticoncepcion, prevencion de its y de cancer de cuello uterino",diu: usuarias continuas,2016-12-01,0,1,0,0,0,1
FERNANDEZ ALONSO,"anticoncepcion, prevencion de its y de cancer de cuello uterino",diu: usuarias continuas,2016-12-01,0,0,1,0,0,1
HUACARETA,"anticoncepcion, prevencion de its y de cancer de cuello uterino",diu: usuarias continuas,2016-12-01,0,0,3,0,0,3
LA GUARDIA,"anticoncepcion, prevencion de its y de cancer de cuello uterino",diu: usuarias continuas,2016-12-01,0,0,2,0,0,2
LA PAZ,"anticoncepcion, prevencion de its y de cancer de cuello uterino",diu: usuarias continuas,2016-12-01,0,3,71,17,2,93
LLALLAGUA,"anticoncepcion, prevencion de its y de cancer de cuello uterino",diu: usuarias continuas,2016-12-01,0,0,0,1,0,1
MAPIRI,"anticoncepcion, prevencion de its y de cancer de cuello uterino",diu: usuarias continuas,2016-12-01,0,0,1,0,0,1
MINEROS,"anticoncepcion, prevencion de its y de cancer de cuello uterino",diu: usuarias continuas,2016-12-01,0,0,0,1,0,1
MIZQUE,"anticoncepcion, prevencion de its y de cancer de cuello uterino",diu: usuarias continuas,2016-12-01,0,0,0,1,1,2
MONTEAGUDO,"anticoncepcion, prevencion de its y de cancer de cuello uterino",diu: usuarias continuas,2016-12-01,1,1,1,3,0,6
MONTERO,"anticoncepcion, prevencion de its y de cancer de cuello uterino",diu: usuarias continuas,2016-12-01,0,4,5,4,0,13
MORO MORO,"anticoncepcion, prevencion de its y de cancer de cuello uterino",diu: usuarias continuas,2016-12-01,0,0,1,1,0,2
ORURO,"anticoncepcion, prevencion de its y de cancer de cuello uterino",diu: usuarias continuas,2016-12-01,0,0,9,2,0,11
PORTACHUELO,"anticoncepcion, prevencion de its y de cancer de cuello uterino",diu: usuarias continuas,2016-12-01,0,1,1,0,0,2
POTOSI,"anticoncepcion, prevencion de its y de cancer de cuello uterino",diu: usuarias continuas,2016-12-01,0,0,2,8,0,10
PUERTO VILLARROEL,"anticoncepcion, prevencion de its y de cancer de cuello uterino",diu: usuarias continuas,2016-12-01,0,1,1,0,0,2
QUILLACOLLO,"anticoncepcion, prevencion de its y de cancer de cuello uterino",diu: usuarias continuas,2016-12-01,0,0,3,4,0,7
ROBORE,"anticoncepcion, prevencion de its y de cancer de cuello uterino",diu: usuarias continuas,2016-12-01,0,0,1,0,0,1
SACABA,"anticoncepcion, prevencion de its y de cancer de cuello uterino",diu: usuarias continuas,2016-12-01,0,5,7,9,0,21
SACABAMBA,"anticoncepcion, prevencion de its y de cancer de cuello uterino",diu: usuarias continuas,2016-12-01,0,0,0,1,0,1
SAIPINA,"anticoncepcion, prevencion de its y de cancer de cuello uterino",diu: usuarias continuas,2016-12-01,0,0,1,0,0,1
SAN BORJA,"anticoncepcion, prevencion de its y de cancer de cuello uterino",diu: usuarias continuas,2016-12-01,0,3,2,0,0,5
SAN CARLOS,"anticoncepcion, prevencion de its y de cancer de cuello uterino",diu: usuarias continuas,2016-12-01,0,1,4,2,0,7
SAN IGNACIO,"anticoncepcion, prevencion de its y de cancer de cuello uterino",diu: usuarias continuas,2016-12-01,0,0,3,0,0,3
SAN IGNACIO DE VELASCO,"anticoncepcion, prevencion de its y de cancer de cuello uterino",diu: usuarias continuas,2016-12-01,0,1,10,0,0,11
SAN JOSE DE CHIQUITOS,"anticoncepcion, prevencion de its y de cancer de cuello uterino",diu: usuarias continuas,2016-12-01,0,0,2,0,0,2
SAN RAMON BENI,"anticoncepcion, prevencion de its y de cancer de cuello uterino",diu: usuarias continuas,2016-12-01,0,0,0,1,0,1
SANTA ANA,"anticoncepcion, prevencion de its y de cancer de cuello uterino",diu: usuarias continuas,2016-12-01,0,0,1,0,0,1
SANTA CRUZ DE LA SIERRA,"anticoncepcion, prevencion de its y de cancer de cuello uterino",diu: usuarias continuas,2016-12-01,0,30,69,57,1,157
SUCRE,"anticoncepcion, prevencion de its y de cancer de cuello uterino",diu: usuarias continuas,2016-12-01,0,1,14,6,0,21
TARATA,"anticoncepcion, prevencion de its y de cancer de cuello uterino",diu: usuarias continuas,2016-12-01,0,0,1,0,0,1
TARIJA,"anticoncepcion, prevencion de its y de cancer de cuello uterino",diu: usuarias continuas,2016-12-01,0,3,42,12,0,57
TIQUIPAYA,"anticoncepcion, prevencion de its y de cancer de cuello uterino",diu: usuarias continuas,2016-12-01,0,0,5,1,0,6
TIRAQUE (CBBA),"anticoncepcion, prevencion de its y de cancer de cuello uterino",diu: usuarias continuas,2016-12-01,0,0,0,1,0,1
TRINIDAD,"anticoncepcion, prevencion de its y de cancer de cuello uterino",diu: usuarias continuas,2016-12-01,0,0,3,1,0,4
TUPIZA,"anticoncepcion, prevencion de its y de cancer de cuello uterino",diu: usuarias continuas,2016-12-01,0,0,0,1,0,1
VALLEGRANDE,"anticoncepcion, prevencion de its y de cancer de cuello uterino",diu: usuarias continuas,2016-12-01,0,0,11,0,0,11
VIACHA,"anticoncepcion, prevencion de its y de cancer de cuello uterino",diu: usuarias continuas,2016-12-01,0,0,7,3,0,10
VILLA TUNARI,"anticoncepcion, prevencion de its y de cancer de cuello uterino",diu: usuarias continuas,2016-12-01,0,0,3,3,0,6
VILLA VACA GUZMAN (MUYUPAMPA),"anticoncepcion, prevencion de its y de cancer de cuello uterino",diu: usuarias continuas,2016-12-01,0,0,2,1,0,3
VILLAZON,"anticoncepcion, prevencion de its y de cancer de cuello uterino",diu: usuarias continuas,2016-12-01,0,0,1,1,0,2
VINTO,"anticoncepcion, prevencion de its y de cancer de cuello uterino",diu: usuarias continuas,2016-12-01,0,1,7,0,0,8
YACUIBA,"anticoncepcion, prevencion de its y de cancer de cuello uterino",diu: usuarias continuas,2016-12-01,0,5,33,8,0,46
YOTALA,"anticoncepcion, prevencion de its y de cancer de cuello uterino",diu: usuarias continuas,2016-12-01,0,0,2,0,0,2
