municipality,group,variable,month,DIU: Usuarias Nuevas,DIU: Usuarias Nuevas1,DIU: Usuarias Nuevas2,DIU: Usuarias Nuevas3,DIU: Usuarias Nuevas4,TOTAL
ACHACACHI,"anticoncepcion, prevencion de its y de cancer de cuello uterino",diu: usuarias nuevas,2016-01-01,0,0,1,2,0,3
AIQUILE,"anticoncepcion, prevencion de its y de cancer de cuello uterino",diu: usuarias nuevas,2016-01-01,0,1,0,0,0,1
ASCENCION DE GUARAYOS,"anticoncepcion, prevencion de its y de cancer de cuello uterino",diu: usuarias nuevas,2016-01-01,0,0,1,0,0,1
BAURES,"anticoncepcion, prevencion de its y de cancer de cuello uterino",diu: usuarias nuevas,2016-01-01,0,0,2,0,0,2
BERMEJO,"anticoncepcion, prevencion de its y de cancer de cuello uterino",diu: usuarias nuevas,2016-01-01,0,0,3,2,0,5
BETANZOS,"anticoncepcion, prevencion de its y de cancer de cuello uterino",diu: usuarias nuevas,2016-01-01,0,1,0,0,0,1
BUENA VISTA,"anticoncepcion, prevencion de its y de cancer de cuello uterino",diu: usuarias nuevas,2016-01-01,0,1,0,0,0,1
CAMARGO,"anticoncepcion, prevencion de its y de cancer de cuello uterino",diu: usuarias nuevas,2016-01-01,0,0,2,0,0,2
CAMIRI,"anticoncepcion, prevencion de its y de cancer de cuello uterino",diu: usuarias nuevas,2016-01-01,0,0,0,1,0,1
CAPINOTA,"anticoncepcion, prevencion de its y de cancer de cuello uterino",diu: usuarias nuevas,2016-01-01,0,1,0,0,0,1
CARAPARI,"anticoncepcion, prevencion de its y de cancer de cuello uterino",diu: usuarias nuevas,2016-01-01,0,1,1,0,0,2
CHUQUIHUTA AYLLU JUCUMANI,"anticoncepcion, prevencion de its y de cancer de cuello uterino",diu: usuarias nuevas,2016-01-01,0,1,0,1,0,2
CLIZA,"anticoncepcion, prevencion de its y de cancer de cuello uterino",diu: usuarias nuevas,2016-01-01,0,0,1,0,0,1
COCHABAMBA,"anticoncepcion, prevencion de its y de cancer de cuello uterino",diu: usuarias nuevas,2016-01-01,0,28,101,48,0,177
COLCAPIRHUA,"anticoncepcion, prevencion de its y de cancer de cuello uterino",diu: usuarias nuevas,2016-01-01,0,0,3,0,0,3
COMARAPA,"anticoncepcion, prevencion de its y de cancer de cuello uterino",diu: usuarias nuevas,2016-01-01,0,0,1,0,0,1
COTOCA,"anticoncepcion, prevencion de its y de cancer de cuello uterino",diu: usuarias nuevas,2016-01-01,0,0,0,1,0,1
EL ALTO,"anticoncepcion, prevencion de its y de cancer de cuello uterino",diu: usuarias nuevas,2016-01-01,0,2,27,14,0,43
EL TORNO,"anticoncepcion, prevencion de its y de cancer de cuello uterino",diu: usuarias nuevas,2016-01-01,0,1,2,1,0,4
ENTRE RIOS TRJ,"anticoncepcion, prevencion de its y de cancer de cuello uterino",diu: usuarias nuevas,2016-01-01,1,1,1,0,0,3
ENTRE RIOS CBBA,"anticoncepcion, prevencion de its y de cancer de cuello uterino",diu: usuarias nuevas,2016-01-01,0,1,0,0,0,1
GENERAL SAAVEDRA,"anticoncepcion, prevencion de its y de cancer de cuello uterino",diu: usuarias nuevas,2016-01-01,0,0,3,0,0,3
GUANAY,"anticoncepcion, prevencion de its y de cancer de cuello uterino",diu: usuarias nuevas,2016-01-01,0,1,0,0,0,1
GUAQUI,"anticoncepcion, prevencion de its y de cancer de cuello uterino",diu: usuarias nuevas,2016-01-01,0,0,1,0,0,1
LA GUARDIA,"anticoncepcion, prevencion de its y de cancer de cuello uterino",diu: usuarias nuevas,2016-01-01,0,3,4,2,0,9
LA PAZ,"anticoncepcion, prevencion de its y de cancer de cuello uterino",diu: usuarias nuevas,2016-01-01,1,8,119,31,1,160
MAGDALENA,"anticoncepcion, prevencion de its y de cancer de cuello uterino",diu: usuarias nuevas,2016-01-01,0,0,2,0,0,2
MAIRANA,"anticoncepcion, prevencion de its y de cancer de cuello uterino",diu: usuarias nuevas,2016-01-01,0,0,1,0,0,1
MINEROS,"anticoncepcion, prevencion de its y de cancer de cuello uterino",diu: usuarias nuevas,2016-01-01,0,0,0,1,0,1
MIZQUE,"anticoncepcion, prevencion de its y de cancer de cuello uterino",diu: usuarias nuevas,2016-01-01,0,0,2,0,0,2
MONTEAGUDO,"anticoncepcion, prevencion de its y de cancer de cuello uterino",diu: usuarias nuevas,2016-01-01,0,1,6,0,0,7
MONTERO,"anticoncepcion, prevencion de its y de cancer de cuello uterino",diu: usuarias nuevas,2016-01-01,0,1,13,0,0,14
OKINAWA,"anticoncepcion, prevencion de its y de cancer de cuello uterino",diu: usuarias nuevas,2016-01-01,0,0,1,0,0,1
ORURO,"anticoncepcion, prevencion de its y de cancer de cuello uterino",diu: usuarias nuevas,2016-01-01,0,5,13,2,1,21
PADCAYA,"anticoncepcion, prevencion de its y de cancer de cuello uterino",diu: usuarias nuevas,2016-01-01,0,0,1,1,0,2
PADILLA,"anticoncepcion, prevencion de its y de cancer de cuello uterino",diu: usuarias nuevas,2016-01-01,0,0,0,3,0,3
PALOS BLANCOS,"anticoncepcion, prevencion de its y de cancer de cuello uterino",diu: usuarias nuevas,2016-01-01,0,0,0,1,0,1
PAMPA GRANDE,"anticoncepcion, prevencion de its y de cancer de cuello uterino",diu: usuarias nuevas,2016-01-01,0,0,1,0,0,1
PASORAPA,"anticoncepcion, prevencion de its y de cancer de cuello uterino",diu: usuarias nuevas,2016-01-01,0,1,1,0,0,2
POCOATA,"anticoncepcion, prevencion de its y de cancer de cuello uterino",diu: usuarias nuevas,2016-01-01,0,1,1,0,0,2
PORONGO,"anticoncepcion, prevencion de its y de cancer de cuello uterino",diu: usuarias nuevas,2016-01-01,0,0,0,1,0,1
PORTACHUELO,"anticoncepcion, prevencion de its y de cancer de cuello uterino",diu: usuarias nuevas,2016-01-01,0,0,3,0,0,3
POTOSI,"anticoncepcion, prevencion de its y de cancer de cuello uterino",diu: usuarias nuevas,2016-01-01,0,0,10,2,0,12
PUERTO SUAREZ,"anticoncepcion, prevencion de its y de cancer de cuello uterino",diu: usuarias nuevas,2016-01-01,0,0,3,1,0,4
QUILLACOLLO,"anticoncepcion, prevencion de its y de cancer de cuello uterino",diu: usuarias nuevas,2016-01-01,0,1,3,2,0,6
RIBERALTA,"anticoncepcion, prevencion de its y de cancer de cuello uterino",diu: usuarias nuevas,2016-01-01,0,0,2,0,0,2
SACABA,"anticoncepcion, prevencion de its y de cancer de cuello uterino",diu: usuarias nuevas,2016-01-01,0,1,10,3,0,14
SAIPINA,"anticoncepcion, prevencion de its y de cancer de cuello uterino",diu: usuarias nuevas,2016-01-01,0,1,1,0,0,2
SAN BORJA,"anticoncepcion, prevencion de its y de cancer de cuello uterino",diu: usuarias nuevas,2016-01-01,0,0,2,0,0,2
SAN CARLOS,"anticoncepcion, prevencion de its y de cancer de cuello uterino",diu: usuarias nuevas,2016-01-01,0,1,0,0,0,1
SAN IGNACIO DE VELASCO,"anticoncepcion, prevencion de its y de cancer de cuello uterino",diu: usuarias nuevas,2016-01-01,0,0,2,0,0,2
SAN LORENZO(TJA),"anticoncepcion, prevencion de its y de cancer de cuello uterino",diu: usuarias nuevas,2016-01-01,0,1,2,0,0,3
SAN RAMON BENI,"anticoncepcion, prevencion de its y de cancer de cuello uterino",diu: usuarias nuevas,2016-01-01,0,0,1,0,0,1
SANTA ANA,"anticoncepcion, prevencion de its y de cancer de cuello uterino",diu: usuarias nuevas,2016-01-01,0,0,2,0,0,2
SANTA CRUZ DE LA SIERRA,"anticoncepcion, prevencion de its y de cancer de cuello uterino",diu: usuarias nuevas,2016-01-01,0,14,157,49,0,220
SANTA ROSA,"anticoncepcion, prevencion de its y de cancer de cuello uterino",diu: usuarias nuevas,2016-01-01,0,0,2,0,0,2
SANTA ROSA DEL SARA,"anticoncepcion, prevencion de its y de cancer de cuello uterino",diu: usuarias nuevas,2016-01-01,4,0,2,0,0,6
SANTIVAÃ‘ES,"anticoncepcion, prevencion de its y de cancer de cuello uterino",diu: usuarias nuevas,2016-01-01,0,0,1,0,0,1
SHINAOTA,"anticoncepcion, prevencion de its y de cancer de cuello uterino",diu: usuarias nuevas,2016-01-01,0,1,0,2,0,3
SIPE SIPE,"anticoncepcion, prevencion de its y de cancer de cuello uterino",diu: usuarias nuevas,2016-01-01,0,1,2,0,0,3
SUCRE,"anticoncepcion, prevencion de its y de cancer de cuello uterino",diu: usuarias nuevas,2016-01-01,0,5,46,16,0,67
TARATA,"anticoncepcion, prevencion de its y de cancer de cuello uterino",diu: usuarias nuevas,2016-01-01,0,0,1,0,0,1
TARIJA,"anticoncepcion, prevencion de its y de cancer de cuello uterino",diu: usuarias nuevas,2016-01-01,0,4,37,23,1,65
TIQUIPAYA,"anticoncepcion, prevencion de its y de cancer de cuello uterino",diu: usuarias nuevas,2016-01-01,0,0,7,3,0,10
TORO TORO,"anticoncepcion, prevencion de its y de cancer de cuello uterino",diu: usuarias nuevas,2016-01-01,0,0,2,0,0,2
TOTORA(CBBA),"anticoncepcion, prevencion de its y de cancer de cuello uterino",diu: usuarias nuevas,2016-01-01,0,0,1,0,0,1
TRINIDAD,"anticoncepcion, prevencion de its y de cancer de cuello uterino",diu: usuarias nuevas,2016-01-01,0,4,11,0,0,15
TUPIZA,"anticoncepcion, prevencion de its y de cancer de cuello uterino",diu: usuarias nuevas,2016-01-01,0,0,3,0,0,3
VALLEGRANDE,"anticoncepcion, prevencion de its y de cancer de cuello uterino",diu: usuarias nuevas,2016-01-01,0,0,1,0,0,1
VIACHA,"anticoncepcion, prevencion de its y de cancer de cuello uterino",diu: usuarias nuevas,2016-01-01,0,2,4,2,0,8
VILLA CHARCAS,"anticoncepcion, prevencion de its y de cancer de cuello uterino",diu: usuarias nuevas,2016-01-01,0,0,1,0,0,1
VILLA TUNARI,"anticoncepcion, prevencion de its y de cancer de cuello uterino",diu: usuarias nuevas,2016-01-01,0,0,4,2,0,6
VILLAZON,"anticoncepcion, prevencion de its y de cancer de cuello uterino",diu: usuarias nuevas,2016-01-01,0,0,5,0,0,5
WARNES,"anticoncepcion, prevencion de its y de cancer de cuello uterino",diu: usuarias nuevas,2016-01-01,0,1,7,0,0,8
YACUIBA,"anticoncepcion, prevencion de its y de cancer de cuello uterino",diu: usuarias nuevas,2016-01-01,0,0,5,0,0,5
YOTALA,"anticoncepcion, prevencion de its y de cancer de cuello uterino",diu: usuarias nuevas,2016-01-01,0,0,1,0,0,1
ANZALDO,"anticoncepcion, prevencion de its y de cancer de cuello uterino",diu: usuarias nuevas,2016-02-01,0,1,2,1,0,4
ASCENCION DE GUARAYOS,"anticoncepcion, prevencion de its y de cancer de cuello uterino",diu: usuarias nuevas,2016-02-01,1,0,1,0,0,2
BAURES,"anticoncepcion, prevencion de its y de cancer de cuello uterino",diu: usuarias nuevas,2016-02-01,0,1,0,0,0,1
BERMEJO,"anticoncepcion, prevencion de its y de cancer de cuello uterino",diu: usuarias nuevas,2016-02-01,0,1,0,2,0,3
BUENA VISTA,"anticoncepcion, prevencion de its y de cancer de cuello uterino",diu: usuarias nuevas,2016-02-01,0,0,1,0,0,1
CAMARGO,"anticoncepcion, prevencion de its y de cancer de cuello uterino",diu: usuarias nuevas,2016-02-01,0,0,1,1,0,2
CAMIRI,"anticoncepcion, prevencion de its y de cancer de cuello uterino",diu: usuarias nuevas,2016-02-01,0,0,2,0,0,2
CAPINOTA,"anticoncepcion, prevencion de its y de cancer de cuello uterino",diu: usuarias nuevas,2016-02-01,0,0,1,1,0,2
CARAPARI,"anticoncepcion, prevencion de its y de cancer de cuello uterino",diu: usuarias nuevas,2016-02-01,0,0,0,2,0,2
CHARAGUA,"anticoncepcion, prevencion de its y de cancer de cuello uterino",diu: usuarias nuevas,2016-02-01,0,0,1,0,0,1
CHIMORE,"anticoncepcion, prevencion de its y de cancer de cuello uterino",diu: usuarias nuevas,2016-02-01,0,0,1,0,0,1
CHUQUIHUTA AYLLU JUCUMANI,"anticoncepcion, prevencion de its y de cancer de cuello uterino",diu: usuarias nuevas,2016-02-01,0,0,1,1,0,2
CKOCHAS,"anticoncepcion, prevencion de its y de cancer de cuello uterino",diu: usuarias nuevas,2016-02-01,0,0,0,1,0,1
CLIZA,"anticoncepcion, prevencion de its y de cancer de cuello uterino",diu: usuarias nuevas,2016-02-01,0,0,1,0,0,1
COBIJA,"anticoncepcion, prevencion de its y de cancer de cuello uterino",diu: usuarias nuevas,2016-02-01,0,0,1,0,0,1
COCHABAMBA,"anticoncepcion, prevencion de its y de cancer de cuello uterino",diu: usuarias nuevas,2016-02-01,0,10,77,65,0,152
COLCAPIRHUA,"anticoncepcion, prevencion de its y de cancer de cuello uterino",diu: usuarias nuevas,2016-02-01,0,0,6,0,0,6
COLPA BELGICA,"anticoncepcion, prevencion de its y de cancer de cuello uterino",diu: usuarias nuevas,2016-02-01,0,0,1,0,0,1
COTOCA,"anticoncepcion, prevencion de its y de cancer de cuello uterino",diu: usuarias nuevas,2016-02-01,0,1,0,0,0,1
CUATRO CAÃ‘ADAS,"anticoncepcion, prevencion de its y de cancer de cuello uterino",diu: usuarias nuevas,2016-02-01,0,0,3,0,0,3
CULPINA,"anticoncepcion, prevencion de its y de cancer de cuello uterino",diu: usuarias nuevas,2016-02-01,0,0,1,0,0,1
EL ALTO,"anticoncepcion, prevencion de its y de cancer de cuello uterino",diu: usuarias nuevas,2016-02-01,0,2,34,31,0,67
EL TORNO,"anticoncepcion, prevencion de its y de cancer de cuello uterino",diu: usuarias nuevas,2016-02-01,0,0,2,2,0,4
ENTRE RIOS TRJ,"anticoncepcion, prevencion de its y de cancer de cuello uterino",diu: usuarias nuevas,2016-02-01,0,0,1,1,0,2
GENERAL SAAVEDRA,"anticoncepcion, prevencion de its y de cancer de cuello uterino",diu: usuarias nuevas,2016-02-01,0,0,0,0,1,1
GUAYARAMERIN,"anticoncepcion, prevencion de its y de cancer de cuello uterino",diu: usuarias nuevas,2016-02-01,0,0,3,0,0,3
HUANUNI,"anticoncepcion, prevencion de its y de cancer de cuello uterino",diu: usuarias nuevas,2016-02-01,0,0,1,0,0,1
LA GUARDIA,"anticoncepcion, prevencion de its y de cancer de cuello uterino",diu: usuarias nuevas,2016-02-01,0,0,1,0,0,1
LA PAZ,"anticoncepcion, prevencion de its y de cancer de cuello uterino",diu: usuarias nuevas,2016-02-01,0,5,122,32,0,159
LAGUNILLAS,"anticoncepcion, prevencion de its y de cancer de cuello uterino",diu: usuarias nuevas,2016-02-01,0,0,1,0,0,1
LLALLAGUA,"anticoncepcion, prevencion de its y de cancer de cuello uterino",diu: usuarias nuevas,2016-02-01,0,2,2,0,0,4
MECAPACA,"anticoncepcion, prevencion de its y de cancer de cuello uterino",diu: usuarias nuevas,2016-02-01,0,0,1,0,0,1
MIZQUE,"anticoncepcion, prevencion de its y de cancer de cuello uterino",diu: usuarias nuevas,2016-02-01,0,1,1,4,0,6
MONTEAGUDO,"anticoncepcion, prevencion de its y de cancer de cuello uterino",diu: usuarias nuevas,2016-02-01,0,1,1,1,0,3
MONTERO,"anticoncepcion, prevencion de its y de cancer de cuello uterino",diu: usuarias nuevas,2016-02-01,1,2,6,1,0,10
MOROCHATA,"anticoncepcion, prevencion de its y de cancer de cuello uterino",diu: usuarias nuevas,2016-02-01,0,0,1,0,0,1
ORURO,"anticoncepcion, prevencion de its y de cancer de cuello uterino",diu: usuarias nuevas,2016-02-01,0,1,10,0,0,11
PADCAYA,"anticoncepcion, prevencion de its y de cancer de cuello uterino",diu: usuarias nuevas,2016-02-01,0,1,1,0,0,2
PADILLA,"anticoncepcion, prevencion de its y de cancer de cuello uterino",diu: usuarias nuevas,2016-02-01,0,0,1,0,0,1
PAILON,"anticoncepcion, prevencion de its y de cancer de cuello uterino",diu: usuarias nuevas,2016-02-01,0,0,1,0,0,1
PALCA,"anticoncepcion, prevencion de its y de cancer de cuello uterino",diu: usuarias nuevas,2016-02-01,0,0,1,0,0,1
PORONGO,"anticoncepcion, prevencion de its y de cancer de cuello uterino",diu: usuarias nuevas,2016-02-01,0,0,1,0,0,1
POTOSI,"anticoncepcion, prevencion de its y de cancer de cuello uterino",diu: usuarias nuevas,2016-02-01,0,1,5,2,0,8
PUERTO QUIJARRO,"anticoncepcion, prevencion de its y de cancer de cuello uterino",diu: usuarias nuevas,2016-02-01,0,0,1,0,0,1
PUERTO SUAREZ,"anticoncepcion, prevencion de its y de cancer de cuello uterino",diu: usuarias nuevas,2016-02-01,0,0,4,0,0,4
PUERTO VILLARROEL,"anticoncepcion, prevencion de its y de cancer de cuello uterino",diu: usuarias nuevas,2016-02-01,0,2,0,0,0,2
QUILLACOLLO,"anticoncepcion, prevencion de its y de cancer de cuello uterino",diu: usuarias nuevas,2016-02-01,0,1,5,1,0,7
RIBERALTA,"anticoncepcion, prevencion de its y de cancer de cuello uterino",diu: usuarias nuevas,2016-02-01,0,1,1,0,0,2
RURRENABAQUE,"anticoncepcion, prevencion de its y de cancer de cuello uterino",diu: usuarias nuevas,2016-02-01,0,0,2,1,0,3
SACABA,"anticoncepcion, prevencion de its y de cancer de cuello uterino",diu: usuarias nuevas,2016-02-01,0,1,7,5,1,14
SAIPINA,"anticoncepcion, prevencion de its y de cancer de cuello uterino",diu: usuarias nuevas,2016-02-01,0,0,1,0,0,1
SAN BORJA,"anticoncepcion, prevencion de its y de cancer de cuello uterino",diu: usuarias nuevas,2016-02-01,0,0,1,0,0,1
SAN CARLOS,"anticoncepcion, prevencion de its y de cancer de cuello uterino",diu: usuarias nuevas,2016-02-01,0,2,4,0,0,6
SAN JAVIER(STC),"anticoncepcion, prevencion de its y de cancer de cuello uterino",diu: usuarias nuevas,2016-02-01,0,0,1,0,0,1
SAN LORENZO(TJA),"anticoncepcion, prevencion de its y de cancer de cuello uterino",diu: usuarias nuevas,2016-02-01,0,0,2,0,0,2
SAN LUCAS,"anticoncepcion, prevencion de its y de cancer de cuello uterino",diu: usuarias nuevas,2016-02-01,0,0,1,0,0,1
SAN RAMON SCZ,"anticoncepcion, prevencion de its y de cancer de cuello uterino",diu: usuarias nuevas,2016-02-01,0,0,1,0,0,1
SANTA ANA,"anticoncepcion, prevencion de its y de cancer de cuello uterino",diu: usuarias nuevas,2016-02-01,0,1,2,0,0,3
SANTA CRUZ DE LA SIERRA,"anticoncepcion, prevencion de its y de cancer de cuello uterino",diu: usuarias nuevas,2016-02-01,0,19,71,34,0,124
SANTA ROSA DEL SARA,"anticoncepcion, prevencion de its y de cancer de cuello uterino",diu: usuarias nuevas,2016-02-01,0,0,2,0,0,2
SENA,"anticoncepcion, prevencion de its y de cancer de cuello uterino",diu: usuarias nuevas,2016-02-01,0,1,0,0,0,1
SHINAOTA,"anticoncepcion, prevencion de its y de cancer de cuello uterino",diu: usuarias nuevas,2016-02-01,0,0,0,3,0,3
SIPE SIPE,"anticoncepcion, prevencion de its y de cancer de cuello uterino",diu: usuarias nuevas,2016-02-01,0,0,3,2,0,5
SUCRE,"anticoncepcion, prevencion de its y de cancer de cuello uterino",diu: usuarias nuevas,2016-02-01,0,3,37,6,0,46
TARIJA,"anticoncepcion, prevencion de its y de cancer de cuello uterino",diu: usuarias nuevas,2016-02-01,0,5,29,24,0,58
TIQUIPAYA,"anticoncepcion, prevencion de its y de cancer de cuello uterino",diu: usuarias nuevas,2016-02-01,0,0,0,1,0,1
TORO TORO,"anticoncepcion, prevencion de its y de cancer de cuello uterino",diu: usuarias nuevas,2016-02-01,0,0,2,0,0,2
TRINIDAD,"anticoncepcion, prevencion de its y de cancer de cuello uterino",diu: usuarias nuevas,2016-02-01,0,4,8,1,0,13
UYUNI,"anticoncepcion, prevencion de its y de cancer de cuello uterino",diu: usuarias nuevas,2016-02-01,0,0,1,0,0,1
VALLEGRANDE,"anticoncepcion, prevencion de its y de cancer de cuello uterino",diu: usuarias nuevas,2016-02-01,0,1,2,0,0,3
VIACHA,"anticoncepcion, prevencion de its y de cancer de cuello uterino",diu: usuarias nuevas,2016-02-01,0,0,1,2,0,3
VILLA MONTES,"anticoncepcion, prevencion de its y de cancer de cuello uterino",diu: usuarias nuevas,2016-02-01,0,1,0,0,0,1
VILLA TUNARI,"anticoncepcion, prevencion de its y de cancer de cuello uterino",diu: usuarias nuevas,2016-02-01,0,0,1,0,0,1
VILLAZON,"anticoncepcion, prevencion de its y de cancer de cuello uterino",diu: usuarias nuevas,2016-02-01,0,0,2,0,0,2
VINTO,"anticoncepcion, prevencion de its y de cancer de cuello uterino",diu: usuarias nuevas,2016-02-01,0,0,2,0,0,2
WARNES,"anticoncepcion, prevencion de its y de cancer de cuello uterino",diu: usuarias nuevas,2016-02-01,1,1,2,1,0,5
YACUIBA,"anticoncepcion, prevencion de its y de cancer de cuello uterino",diu: usuarias nuevas,2016-02-01,0,1,3,2,0,6
YOTALA,"anticoncepcion, prevencion de its y de cancer de cuello uterino",diu: usuarias nuevas,2016-02-01,0,1,0,0,0,1
ZUDAÃ‘EZ,"anticoncepcion, prevencion de its y de cancer de cuello uterino",diu: usuarias nuevas,2016-02-01,0,0,1,0,0,1
AIQUILE,"anticoncepcion, prevencion de its y de cancer de cuello uterino",diu: usuarias nuevas,2016-03-01,0,0,4,1,0,5
ARANI,"anticoncepcion, prevencion de its y de cancer de cuello uterino",diu: usuarias nuevas,2016-03-01,0,0,2,0,0,2
ARBIETO,"anticoncepcion, prevencion de its y de cancer de cuello uterino",diu: usuarias nuevas,2016-03-01,0,1,1,0,0,2
ATOCHA,"anticoncepcion, prevencion de its y de cancer de cuello uterino",diu: usuarias nuevas,2016-03-01,0,0,1,0,0,1
AYOPAYA (V. DE INDEPENDENCIA),"anticoncepcion, prevencion de its y de cancer de cuello uterino",diu: usuarias nuevas,2016-03-01,0,0,3,1,0,4
BERMEJO,"anticoncepcion, prevencion de its y de cancer de cuello uterino",diu: usuarias nuevas,2016-03-01,0,1,5,0,0,6
BETANZOS,"anticoncepcion, prevencion de its y de cancer de cuello uterino",diu: usuarias nuevas,2016-03-01,0,1,1,2,0,4
"CAIZA ""D""","anticoncepcion, prevencion de its y de cancer de cuello uterino",diu: usuarias nuevas,2016-03-01,0,0,5,1,0,6
CAMARGO,"anticoncepcion, prevencion de its y de cancer de cuello uterino",diu: usuarias nuevas,2016-03-01,0,0,2,2,0,4
CAMIRI,"anticoncepcion, prevencion de its y de cancer de cuello uterino",diu: usuarias nuevas,2016-03-01,0,0,2,0,0,2
CAPINOTA,"anticoncepcion, prevencion de its y de cancer de cuello uterino",diu: usuarias nuevas,2016-03-01,0,1,2,2,0,5
CARANAVI,"anticoncepcion, prevencion de its y de cancer de cuello uterino",diu: usuarias nuevas,2016-03-01,0,0,2,1,0,3
CARAPARI,"anticoncepcion, prevencion de its y de cancer de cuello uterino",diu: usuarias nuevas,2016-03-01,0,0,1,0,0,1
CHIMORE,"anticoncepcion, prevencion de its y de cancer de cuello uterino",diu: usuarias nuevas,2016-03-01,0,0,1,0,0,1
CHUQUIHUTA AYLLU JUCUMANI,"anticoncepcion, prevencion de its y de cancer de cuello uterino",diu: usuarias nuevas,2016-03-01,0,0,2,0,0,2
CLIZA,"anticoncepcion, prevencion de its y de cancer de cuello uterino",diu: usuarias nuevas,2016-03-01,0,0,1,1,0,2
COBIJA,"anticoncepcion, prevencion de its y de cancer de cuello uterino",diu: usuarias nuevas,2016-03-01,0,1,1,0,0,2
COCHABAMBA,"anticoncepcion, prevencion de its y de cancer de cuello uterino",diu: usuarias nuevas,2016-03-01,0,20,111,182,0,313
COLCAPIRHUA,"anticoncepcion, prevencion de its y de cancer de cuello uterino",diu: usuarias nuevas,2016-03-01,0,1,7,1,0,9
COMARAPA,"anticoncepcion, prevencion de its y de cancer de cuello uterino",diu: usuarias nuevas,2016-03-01,0,0,1,0,0,1
COPACABANA,"anticoncepcion, prevencion de its y de cancer de cuello uterino",diu: usuarias nuevas,2016-03-01,0,0,1,0,0,1
COTOCA,"anticoncepcion, prevencion de its y de cancer de cuello uterino",diu: usuarias nuevas,2016-03-01,0,0,1,0,0,1
CUATRO CAÃ‘ADAS,"anticoncepcion, prevencion de its y de cancer de cuello uterino",diu: usuarias nuevas,2016-03-01,0,0,2,1,0,3
CULPINA,"anticoncepcion, prevencion de its y de cancer de cuello uterino",diu: usuarias nuevas,2016-03-01,0,0,1,0,0,1
EL ALTO,"anticoncepcion, prevencion de its y de cancer de cuello uterino",diu: usuarias nuevas,2016-03-01,0,2,27,19,0,48
EL TORNO,"anticoncepcion, prevencion de its y de cancer de cuello uterino",diu: usuarias nuevas,2016-03-01,0,0,5,2,0,7
ENTRE RIOS TRJ,"anticoncepcion, prevencion de its y de cancer de cuello uterino",diu: usuarias nuevas,2016-03-01,0,1,1,0,1,3
FERNANDEZ ALONSO,"anticoncepcion, prevencion de its y de cancer de cuello uterino",diu: usuarias nuevas,2016-03-01,0,0,1,1,0,2
GENERAL SAAVEDRA,"anticoncepcion, prevencion de its y de cancer de cuello uterino",diu: usuarias nuevas,2016-03-01,0,0,1,0,0,1
GUAYARAMERIN,"anticoncepcion, prevencion de its y de cancer de cuello uterino",diu: usuarias nuevas,2016-03-01,0,0,3,0,0,3
HUANUNI,"anticoncepcion, prevencion de its y de cancer de cuello uterino",diu: usuarias nuevas,2016-03-01,0,0,0,1,0,1
IRUPANA (VILLA DE LANZA),"anticoncepcion, prevencion de its y de cancer de cuello uterino",diu: usuarias nuevas,2016-03-01,0,0,1,0,0,1
LA GUARDIA,"anticoncepcion, prevencion de its y de cancer de cuello uterino",diu: usuarias nuevas,2016-03-01,0,0,10,0,0,10
LA PAZ,"anticoncepcion, prevencion de its y de cancer de cuello uterino",diu: usuarias nuevas,2016-03-01,0,10,120,49,0,179
LAS CARRERAS,"anticoncepcion, prevencion de its y de cancer de cuello uterino",diu: usuarias nuevas,2016-03-01,0,0,1,1,0,2
LLALLAGUA,"anticoncepcion, prevencion de its y de cancer de cuello uterino",diu: usuarias nuevas,2016-03-01,0,2,2,0,0,4
MACHARETI,"anticoncepcion, prevencion de its y de cancer de cuello uterino",diu: usuarias nuevas,2016-03-01,0,0,1,0,0,1
MINEROS,"anticoncepcion, prevencion de its y de cancer de cuello uterino",diu: usuarias nuevas,2016-03-01,0,0,1,1,0,2
MIZQUE,"anticoncepcion, prevencion de its y de cancer de cuello uterino",diu: usuarias nuevas,2016-03-01,0,0,1,1,0,2
MONTEAGUDO,"anticoncepcion, prevencion de its y de cancer de cuello uterino",diu: usuarias nuevas,2016-03-01,0,3,6,1,0,10
MONTERO,"anticoncepcion, prevencion de its y de cancer de cuello uterino",diu: usuarias nuevas,2016-03-01,0,4,5,1,0,10
ORURO,"anticoncepcion, prevencion de its y de cancer de cuello uterino",diu: usuarias nuevas,2016-03-01,0,3,19,55,1,78
PADCAYA,"anticoncepcion, prevencion de its y de cancer de cuello uterino",diu: usuarias nuevas,2016-03-01,0,0,3,0,0,3
PADILLA,"anticoncepcion, prevencion de its y de cancer de cuello uterino",diu: usuarias nuevas,2016-03-01,0,0,0,1,0,1
PAILON,"anticoncepcion, prevencion de its y de cancer de cuello uterino",diu: usuarias nuevas,2016-03-01,0,0,4,0,0,4
POCOATA,"anticoncepcion, prevencion de its y de cancer de cuello uterino",diu: usuarias nuevas,2016-03-01,0,0,1,0,0,1
POSTRER VALLE,"anticoncepcion, prevencion de its y de cancer de cuello uterino",diu: usuarias nuevas,2016-03-01,0,1,1,0,0,2
POTOSI,"anticoncepcion, prevencion de its y de cancer de cuello uterino",diu: usuarias nuevas,2016-03-01,0,0,7,1,0,8
PUERTO QUIJARRO,"anticoncepcion, prevencion de its y de cancer de cuello uterino",diu: usuarias nuevas,2016-03-01,0,2,1,0,0,3
PUERTO SUAREZ,"anticoncepcion, prevencion de its y de cancer de cuello uterino",diu: usuarias nuevas,2016-03-01,0,0,3,0,0,3
PUERTO VILLARROEL,"anticoncepcion, prevencion de its y de cancer de cuello uterino",diu: usuarias nuevas,2016-03-01,0,0,1,0,0,1
PUNA,"anticoncepcion, prevencion de its y de cancer de cuello uterino",diu: usuarias nuevas,2016-03-01,0,0,1,0,0,1
PUNATA,"anticoncepcion, prevencion de its y de cancer de cuello uterino",diu: usuarias nuevas,2016-03-01,0,0,2,0,0,2
QUILLACOLLO,"anticoncepcion, prevencion de its y de cancer de cuello uterino",diu: usuarias nuevas,2016-03-01,0,0,13,1,0,14
REYES,"anticoncepcion, prevencion de its y de cancer de cuello uterino",diu: usuarias nuevas,2016-03-01,0,1,0,0,0,1
ROBORE,"anticoncepcion, prevencion de its y de cancer de cuello uterino",diu: usuarias nuevas,2016-03-01,0,0,2,0,0,2
RURRENABAQUE,"anticoncepcion, prevencion de its y de cancer de cuello uterino",diu: usuarias nuevas,2016-03-01,0,0,3,0,0,3
SACABA,"anticoncepcion, prevencion de its y de cancer de cuello uterino",diu: usuarias nuevas,2016-03-01,0,4,10,5,0,19
SAN ANDRES,"anticoncepcion, prevencion de its y de cancer de cuello uterino",diu: usuarias nuevas,2016-03-01,0,2,0,0,0,2
SAN BORJA,"anticoncepcion, prevencion de its y de cancer de cuello uterino",diu: usuarias nuevas,2016-03-01,0,0,2,0,0,2
SAN CARLOS,"anticoncepcion, prevencion de its y de cancer de cuello uterino",diu: usuarias nuevas,2016-03-01,0,1,1,0,0,2
SAN IGNACIO DE VELASCO,"anticoncepcion, prevencion de its y de cancer de cuello uterino",diu: usuarias nuevas,2016-03-01,0,0,1,0,0,1
SAN JAVIER(STC),"anticoncepcion, prevencion de its y de cancer de cuello uterino",diu: usuarias nuevas,2016-03-01,0,0,2,1,0,3
SAN LUCAS,"anticoncepcion, prevencion de its y de cancer de cuello uterino",diu: usuarias nuevas,2016-03-01,0,0,1,0,0,1
SAN PEDRO,"anticoncepcion, prevencion de its y de cancer de cuello uterino",diu: usuarias nuevas,2016-03-01,0,0,1,0,0,1
SAN RAMON SCZ,"anticoncepcion, prevencion de its y de cancer de cuello uterino",diu: usuarias nuevas,2016-03-01,0,0,1,0,0,1
SANTA ANA,"anticoncepcion, prevencion de its y de cancer de cuello uterino",diu: usuarias nuevas,2016-03-01,0,1,3,0,0,4
SANTA CRUZ DE LA SIERRA,"anticoncepcion, prevencion de its y de cancer de cuello uterino",diu: usuarias nuevas,2016-03-01,0,33,98,27,0,158
SANTA ROSA DEL SARA,"anticoncepcion, prevencion de its y de cancer de cuello uterino",diu: usuarias nuevas,2016-03-01,0,1,5,0,0,6
SIPE SIPE,"anticoncepcion, prevencion de its y de cancer de cuello uterino",diu: usuarias nuevas,2016-03-01,0,0,6,3,0,9
SUCRE,"anticoncepcion, prevencion de its y de cancer de cuello uterino",diu: usuarias nuevas,2016-03-01,0,7,43,7,0,57
TARIJA,"anticoncepcion, prevencion de its y de cancer de cuello uterino",diu: usuarias nuevas,2016-03-01,0,3,32,14,0,49
TIAWANACU,"anticoncepcion, prevencion de its y de cancer de cuello uterino",diu: usuarias nuevas,2016-03-01,0,0,0,1,0,1
TIQUIPAYA,"anticoncepcion, prevencion de its y de cancer de cuello uterino",diu: usuarias nuevas,2016-03-01,0,1,4,1,0,6
TOLATA,"anticoncepcion, prevencion de its y de cancer de cuello uterino",diu: usuarias nuevas,2016-03-01,0,0,1,0,0,1
TORO TORO,"anticoncepcion, prevencion de its y de cancer de cuello uterino",diu: usuarias nuevas,2016-03-01,0,0,2,0,0,2
TRINIDAD,"anticoncepcion, prevencion de its y de cancer de cuello uterino",diu: usuarias nuevas,2016-03-01,0,3,11,0,0,14
TUPIZA,"anticoncepcion, prevencion de its y de cancer de cuello uterino",diu: usuarias nuevas,2016-03-01,0,1,4,1,0,6
URIONDO (A. CONCEPCION),"anticoncepcion, prevencion de its y de cancer de cuello uterino",diu: usuarias nuevas,2016-03-01,0,2,0,0,0,2
UYUNI,"anticoncepcion, prevencion de its y de cancer de cuello uterino",diu: usuarias nuevas,2016-03-01,0,1,1,0,0,2
VALLEGRANDE,"anticoncepcion, prevencion de its y de cancer de cuello uterino",diu: usuarias nuevas,2016-03-01,0,1,1,0,0,2
VIACHA,"anticoncepcion, prevencion de its y de cancer de cuello uterino",diu: usuarias nuevas,2016-03-01,0,0,3,0,0,3
VILA VILA,"anticoncepcion, prevencion de its y de cancer de cuello uterino",diu: usuarias nuevas,2016-03-01,0,0,0,1,0,1
VILLA TUNARI,"anticoncepcion, prevencion de its y de cancer de cuello uterino",diu: usuarias nuevas,2016-03-01,0,0,1,0,0,1
VILLA VACA GUZMAN (MUYUPAMPA),"anticoncepcion, prevencion de its y de cancer de cuello uterino",diu: usuarias nuevas,2016-03-01,0,0,7,1,0,8
VILLAZON,"anticoncepcion, prevencion de its y de cancer de cuello uterino",diu: usuarias nuevas,2016-03-01,0,0,1,0,0,1
VINTO,"anticoncepcion, prevencion de its y de cancer de cuello uterino",diu: usuarias nuevas,2016-03-01,0,0,4,1,0,5
VITICHI,"anticoncepcion, prevencion de its y de cancer de cuello uterino",diu: usuarias nuevas,2016-03-01,0,0,2,0,0,2
WARNES,"anticoncepcion, prevencion de its y de cancer de cuello uterino",diu: usuarias nuevas,2016-03-01,0,1,1,0,0,2
YACUIBA,"anticoncepcion, prevencion de its y de cancer de cuello uterino",diu: usuarias nuevas,2016-03-01,0,1,5,0,0,6
ARBIETO,"anticoncepcion, prevencion de its y de cancer de cuello uterino",diu: usuarias nuevas,2016-04-01,0,1,1,0,0,2
ASCENCION DE GUARAYOS,"anticoncepcion, prevencion de its y de cancer de cuello uterino",diu: usuarias nuevas,2016-04-01,0,0,0,1,0,1
AZURDUY,"anticoncepcion, prevencion de its y de cancer de cuello uterino",diu: usuarias nuevas,2016-04-01,0,0,0,1,0,1
BERMEJO,"anticoncepcion, prevencion de its y de cancer de cuello uterino",diu: usuarias nuevas,2016-04-01,0,2,3,1,0,6
CAJUATA,"anticoncepcion, prevencion de its y de cancer de cuello uterino",diu: usuarias nuevas,2016-04-01,0,1,0,0,0,1
CAMARGO,"anticoncepcion, prevencion de its y de cancer de cuello uterino",diu: usuarias nuevas,2016-04-01,0,1,1,0,0,2
CAMIRI,"anticoncepcion, prevencion de its y de cancer de cuello uterino",diu: usuarias nuevas,2016-04-01,0,0,1,0,0,1
CAPINOTA,"anticoncepcion, prevencion de its y de cancer de cuello uterino",diu: usuarias nuevas,2016-04-01,0,0,4,1,0,5
CHUQUIHUTA AYLLU JUCUMANI,"anticoncepcion, prevencion de its y de cancer de cuello uterino",diu: usuarias nuevas,2016-04-01,0,0,0,1,0,1
CKOCHAS,"anticoncepcion, prevencion de its y de cancer de cuello uterino",diu: usuarias nuevas,2016-04-01,0,0,6,1,0,7
CLIZA,"anticoncepcion, prevencion de its y de cancer de cuello uterino",diu: usuarias nuevas,2016-04-01,0,1,2,0,0,3
COBIJA,"anticoncepcion, prevencion de its y de cancer de cuello uterino",diu: usuarias nuevas,2016-04-01,0,1,5,0,0,6
COCHABAMBA,"anticoncepcion, prevencion de its y de cancer de cuello uterino",diu: usuarias nuevas,2016-04-01,0,19,90,112,0,221
COLCAPIRHUA,"anticoncepcion, prevencion de its y de cancer de cuello uterino",diu: usuarias nuevas,2016-04-01,0,0,3,2,0,5
COMARAPA,"anticoncepcion, prevencion de its y de cancer de cuello uterino",diu: usuarias nuevas,2016-04-01,0,0,0,1,0,1
COTOCA,"anticoncepcion, prevencion de its y de cancer de cuello uterino",diu: usuarias nuevas,2016-04-01,0,0,2,0,0,2
CUATRO CAÃ‘ADAS,"anticoncepcion, prevencion de its y de cancer de cuello uterino",diu: usuarias nuevas,2016-04-01,0,0,2,0,0,2
CULPINA,"anticoncepcion, prevencion de its y de cancer de cuello uterino",diu: usuarias nuevas,2016-04-01,0,0,1,0,0,1
EL ALTO,"anticoncepcion, prevencion de its y de cancer de cuello uterino",diu: usuarias nuevas,2016-04-01,0,1,31,14,1,47
EL TORNO,"anticoncepcion, prevencion de its y de cancer de cuello uterino",diu: usuarias nuevas,2016-04-01,0,0,3,0,0,3
ENTRE RIOS TRJ,"anticoncepcion, prevencion de its y de cancer de cuello uterino",diu: usuarias nuevas,2016-04-01,0,0,4,0,0,4
GENERAL SAAVEDRA,"anticoncepcion, prevencion de its y de cancer de cuello uterino",diu: usuarias nuevas,2016-04-01,0,2,3,0,0,5
GUAYARAMERIN,"anticoncepcion, prevencion de its y de cancer de cuello uterino",diu: usuarias nuevas,2016-04-01,0,0,2,0,0,2
HUANUNI,"anticoncepcion, prevencion de its y de cancer de cuello uterino",diu: usuarias nuevas,2016-04-01,0,0,1,0,0,1
LA GUARDIA,"anticoncepcion, prevencion de its y de cancer de cuello uterino",diu: usuarias nuevas,2016-04-01,0,0,7,1,0,8
LA PAZ,"anticoncepcion, prevencion de its y de cancer de cuello uterino",diu: usuarias nuevas,2016-04-01,0,8,166,62,0,236
LLALLAGUA,"anticoncepcion, prevencion de its y de cancer de cuello uterino",diu: usuarias nuevas,2016-04-01,0,0,3,0,0,3
MINEROS,"anticoncepcion, prevencion de its y de cancer de cuello uterino",diu: usuarias nuevas,2016-04-01,0,0,2,0,0,2
MIZQUE,"anticoncepcion, prevencion de its y de cancer de cuello uterino",diu: usuarias nuevas,2016-04-01,0,1,1,0,0,2
MONTEAGUDO,"anticoncepcion, prevencion de its y de cancer de cuello uterino",diu: usuarias nuevas,2016-04-01,0,3,2,0,0,5
MONTERO,"anticoncepcion, prevencion de its y de cancer de cuello uterino",diu: usuarias nuevas,2016-04-01,0,0,3,1,0,4
ORURO,"anticoncepcion, prevencion de its y de cancer de cuello uterino",diu: usuarias nuevas,2016-04-01,0,0,24,3,0,27
PADCAYA,"anticoncepcion, prevencion de its y de cancer de cuello uterino",diu: usuarias nuevas,2016-04-01,0,1,1,0,0,2
PAILON,"anticoncepcion, prevencion de its y de cancer de cuello uterino",diu: usuarias nuevas,2016-04-01,1,1,2,1,0,5
POCONA,"anticoncepcion, prevencion de its y de cancer de cuello uterino",diu: usuarias nuevas,2016-04-01,0,0,0,1,0,1
POTOSI,"anticoncepcion, prevencion de its y de cancer de cuello uterino",diu: usuarias nuevas,2016-04-01,0,0,8,3,0,11
PUERTO QUIJARRO,"anticoncepcion, prevencion de its y de cancer de cuello uterino",diu: usuarias nuevas,2016-04-01,0,0,1,0,0,1
PUERTO SUAREZ,"anticoncepcion, prevencion de its y de cancer de cuello uterino",diu: usuarias nuevas,2016-04-01,0,0,0,1,0,1
PUERTO VILLARROEL,"anticoncepcion, prevencion de its y de cancer de cuello uterino",diu: usuarias nuevas,2016-04-01,0,0,1,1,0,2
PUNA,"anticoncepcion, prevencion de its y de cancer de cuello uterino",diu: usuarias nuevas,2016-04-01,0,0,6,1,0,7
PUNATA,"anticoncepcion, prevencion de its y de cancer de cuello uterino",diu: usuarias nuevas,2016-04-01,0,1,4,2,0,7
QUILLACOLLO,"anticoncepcion, prevencion de its y de cancer de cuello uterino",diu: usuarias nuevas,2016-04-01,0,3,9,2,0,14
REYES,"anticoncepcion, prevencion de its y de cancer de cuello uterino",diu: usuarias nuevas,2016-04-01,0,0,0,1,0,1
RIBERALTA,"anticoncepcion, prevencion de its y de cancer de cuello uterino",diu: usuarias nuevas,2016-04-01,0,0,3,0,0,3
ROBORE,"anticoncepcion, prevencion de its y de cancer de cuello uterino",diu: usuarias nuevas,2016-04-01,0,0,1,0,0,1
RURRENABAQUE,"anticoncepcion, prevencion de its y de cancer de cuello uterino",diu: usuarias nuevas,2016-04-01,0,0,1,0,0,1
SACABA,"anticoncepcion, prevencion de its y de cancer de cuello uterino",diu: usuarias nuevas,2016-04-01,0,3,12,11,1,27
SAIPINA,"anticoncepcion, prevencion de its y de cancer de cuello uterino",diu: usuarias nuevas,2016-04-01,0,0,1,0,0,1
SAN BORJA,"anticoncepcion, prevencion de its y de cancer de cuello uterino",diu: usuarias nuevas,2016-04-01,0,0,0,1,0,1
SAN BUENA VENTURA,"anticoncepcion, prevencion de its y de cancer de cuello uterino",diu: usuarias nuevas,2016-04-01,0,0,1,0,0,1
SAN CARLOS,"anticoncepcion, prevencion de its y de cancer de cuello uterino",diu: usuarias nuevas,2016-04-01,0,2,0,1,0,3
SAN IGNACIO,"anticoncepcion, prevencion de its y de cancer de cuello uterino",diu: usuarias nuevas,2016-04-01,0,0,1,0,0,1
SAN IGNACIO DE VELASCO,"anticoncepcion, prevencion de its y de cancer de cuello uterino",diu: usuarias nuevas,2016-04-01,0,0,1,0,0,1
SAN JAVIER(STC),"anticoncepcion, prevencion de its y de cancer de cuello uterino",diu: usuarias nuevas,2016-04-01,0,1,3,1,0,5
SAN JOSE DE CHIQUITOS,"anticoncepcion, prevencion de its y de cancer de cuello uterino",diu: usuarias nuevas,2016-04-01,0,0,1,0,0,1
SAN LORENZO(TJA),"anticoncepcion, prevencion de its y de cancer de cuello uterino",diu: usuarias nuevas,2016-04-01,0,0,2,0,0,2
SAN LUCAS,"anticoncepcion, prevencion de its y de cancer de cuello uterino",diu: usuarias nuevas,2016-04-01,0,0,0,1,0,1
SANTA ANA,"anticoncepcion, prevencion de its y de cancer de cuello uterino",diu: usuarias nuevas,2016-04-01,0,0,4,0,0,4
SANTA CRUZ DE LA SIERRA,"anticoncepcion, prevencion de its y de cancer de cuello uterino",diu: usuarias nuevas,2016-04-01,0,19,122,46,1,188
SANTA ROSA DEL SARA,"anticoncepcion, prevencion de its y de cancer de cuello uterino",diu: usuarias nuevas,2016-04-01,0,1,5,0,0,6
SANTIAGO DE HUARI,"anticoncepcion, prevencion de its y de cancer de cuello uterino",diu: usuarias nuevas,2016-04-01,0,0,1,0,0,1
SANTIVAÃ‘ES,"anticoncepcion, prevencion de its y de cancer de cuello uterino",diu: usuarias nuevas,2016-04-01,0,0,0,1,0,1
SIPE SIPE,"anticoncepcion, prevencion de its y de cancer de cuello uterino",diu: usuarias nuevas,2016-04-01,0,3,2,0,0,5
SUCRE,"anticoncepcion, prevencion de its y de cancer de cuello uterino",diu: usuarias nuevas,2016-04-01,0,0,45,9,0,54
TARATA,"anticoncepcion, prevencion de its y de cancer de cuello uterino",diu: usuarias nuevas,2016-04-01,0,0,1,0,0,1
TARIJA,"anticoncepcion, prevencion de its y de cancer de cuello uterino",diu: usuarias nuevas,2016-04-01,0,8,24,56,0,88
TINGUIPAYA,"anticoncepcion, prevencion de its y de cancer de cuello uterino",diu: usuarias nuevas,2016-04-01,0,0,1,0,0,1
TIQUIPAYA,"anticoncepcion, prevencion de its y de cancer de cuello uterino",diu: usuarias nuevas,2016-04-01,0,0,3,0,0,3
TOLATA,"anticoncepcion, prevencion de its y de cancer de cuello uterino",diu: usuarias nuevas,2016-04-01,0,0,0,1,0,1
TOMAVE,"anticoncepcion, prevencion de its y de cancer de cuello uterino",diu: usuarias nuevas,2016-04-01,0,0,1,0,0,1
TORO TORO,"anticoncepcion, prevencion de its y de cancer de cuello uterino",diu: usuarias nuevas,2016-04-01,0,0,2,0,0,2
TOTORA(CBBA),"anticoncepcion, prevencion de its y de cancer de cuello uterino",diu: usuarias nuevas,2016-04-01,0,0,1,0,0,1
TRINIDAD,"anticoncepcion, prevencion de its y de cancer de cuello uterino",diu: usuarias nuevas,2016-04-01,0,2,10,1,0,13
TUPIZA,"anticoncepcion, prevencion de its y de cancer de cuello uterino",diu: usuarias nuevas,2016-04-01,0,0,3,1,0,4
URIONDO (A. CONCEPCION),"anticoncepcion, prevencion de its y de cancer de cuello uterino",diu: usuarias nuevas,2016-04-01,0,0,1,0,0,1
VALLEGRANDE,"anticoncepcion, prevencion de its y de cancer de cuello uterino",diu: usuarias nuevas,2016-04-01,0,0,4,0,0,4
VILLA MONTES,"anticoncepcion, prevencion de its y de cancer de cuello uterino",diu: usuarias nuevas,2016-04-01,0,0,1,0,0,1
VILLA TUNARI,"anticoncepcion, prevencion de its y de cancer de cuello uterino",diu: usuarias nuevas,2016-04-01,0,1,2,3,0,6
VILLA VACA GUZMAN (MUYUPAMPA),"anticoncepcion, prevencion de its y de cancer de cuello uterino",diu: usuarias nuevas,2016-04-01,0,0,0,1,0,1
VILLAZON,"anticoncepcion, prevencion de its y de cancer de cuello uterino",diu: usuarias nuevas,2016-04-01,0,0,0,1,0,1
VINTO,"anticoncepcion, prevencion de its y de cancer de cuello uterino",diu: usuarias nuevas,2016-04-01,0,2,0,1,0,3
WARNES,"anticoncepcion, prevencion de its y de cancer de cuello uterino",diu: usuarias nuevas,2016-04-01,0,2,10,2,0,14
YACUIBA,"anticoncepcion, prevencion de its y de cancer de cuello uterino",diu: usuarias nuevas,2016-04-01,0,0,1,1,0,2
AIQUILE,"anticoncepcion, prevencion de its y de cancer de cuello uterino",diu: usuarias nuevas,2016-05-01,0,0,1,0,0,1
ARANI,"anticoncepcion, prevencion de its y de cancer de cuello uterino",diu: usuarias nuevas,2016-05-01,0,0,1,0,0,1
AYOPAYA (V. DE INDEPENDENCIA),"anticoncepcion, prevencion de its y de cancer de cuello uterino",diu: usuarias nuevas,2016-05-01,0,0,1,0,0,1
BAURES,"anticoncepcion, prevencion de its y de cancer de cuello uterino",diu: usuarias nuevas,2016-05-01,0,1,0,0,0,1
BERMEJO,"anticoncepcion, prevencion de its y de cancer de cuello uterino",diu: usuarias nuevas,2016-05-01,0,0,1,1,0,2
BETANZOS,"anticoncepcion, prevencion de its y de cancer de cuello uterino",diu: usuarias nuevas,2016-05-01,0,1,0,1,0,2
CABEZAS,"anticoncepcion, prevencion de its y de cancer de cuello uterino",diu: usuarias nuevas,2016-05-01,0,1,0,1,0,2
"CAIZA ""D""","anticoncepcion, prevencion de its y de cancer de cuello uterino",diu: usuarias nuevas,2016-05-01,0,1,3,0,0,4
CAMARGO,"anticoncepcion, prevencion de its y de cancer de cuello uterino",diu: usuarias nuevas,2016-05-01,0,1,1,0,0,2
CAMIRI,"anticoncepcion, prevencion de its y de cancer de cuello uterino",diu: usuarias nuevas,2016-05-01,0,0,1,0,0,1
CHIMORE,"anticoncepcion, prevencion de its y de cancer de cuello uterino",diu: usuarias nuevas,2016-05-01,0,1,0,0,0,1
CKOCHAS,"anticoncepcion, prevencion de its y de cancer de cuello uterino",diu: usuarias nuevas,2016-05-01,0,0,1,0,0,1
CLIZA,"anticoncepcion, prevencion de its y de cancer de cuello uterino",diu: usuarias nuevas,2016-05-01,0,0,2,0,0,2
COBIJA,"anticoncepcion, prevencion de its y de cancer de cuello uterino",diu: usuarias nuevas,2016-05-01,0,0,2,0,0,2
COCHABAMBA,"anticoncepcion, prevencion de its y de cancer de cuello uterino",diu: usuarias nuevas,2016-05-01,0,19,70,87,0,176
COLCAPIRHUA,"anticoncepcion, prevencion de its y de cancer de cuello uterino",diu: usuarias nuevas,2016-05-01,0,2,3,0,0,5
COLOMI,"anticoncepcion, prevencion de its y de cancer de cuello uterino",diu: usuarias nuevas,2016-05-01,0,0,1,0,0,1
COLQUIRI,"anticoncepcion, prevencion de its y de cancer de cuello uterino",diu: usuarias nuevas,2016-05-01,0,1,0,0,0,1
COMARAPA,"anticoncepcion, prevencion de its y de cancer de cuello uterino",diu: usuarias nuevas,2016-05-01,0,0,1,0,0,1
CONCEPCION,"anticoncepcion, prevencion de its y de cancer de cuello uterino",diu: usuarias nuevas,2016-05-01,0,0,1,0,0,1
COPACABANA,"anticoncepcion, prevencion de its y de cancer de cuello uterino",diu: usuarias nuevas,2016-05-01,0,0,1,0,0,1
COTAGAITA,"anticoncepcion, prevencion de its y de cancer de cuello uterino",diu: usuarias nuevas,2016-05-01,0,0,0,1,0,1
COTOCA,"anticoncepcion, prevencion de its y de cancer de cuello uterino",diu: usuarias nuevas,2016-05-01,0,0,1,0,0,1
CULPINA,"anticoncepcion, prevencion de its y de cancer de cuello uterino",diu: usuarias nuevas,2016-05-01,0,0,1,0,0,1
EL ALTO,"anticoncepcion, prevencion de its y de cancer de cuello uterino",diu: usuarias nuevas,2016-05-01,0,5,17,35,0,57
EL TORNO,"anticoncepcion, prevencion de its y de cancer de cuello uterino",diu: usuarias nuevas,2016-05-01,0,2,0,0,0,2
ENTRE RIOS CBBA,"anticoncepcion, prevencion de its y de cancer de cuello uterino",diu: usuarias nuevas,2016-05-01,0,0,0,1,0,1
FERNANDEZ ALONSO,"anticoncepcion, prevencion de its y de cancer de cuello uterino",diu: usuarias nuevas,2016-05-01,0,0,2,0,0,2
GENERAL SAAVEDRA,"anticoncepcion, prevencion de its y de cancer de cuello uterino",diu: usuarias nuevas,2016-05-01,0,1,2,0,0,3
GUAYARAMERIN,"anticoncepcion, prevencion de its y de cancer de cuello uterino",diu: usuarias nuevas,2016-05-01,0,1,0,0,0,1
HUANUNI,"anticoncepcion, prevencion de its y de cancer de cuello uterino",diu: usuarias nuevas,2016-05-01,0,0,1,0,0,1
LA GUARDIA,"anticoncepcion, prevencion de its y de cancer de cuello uterino",diu: usuarias nuevas,2016-05-01,0,1,4,1,0,6
LA PAZ,"anticoncepcion, prevencion de its y de cancer de cuello uterino",diu: usuarias nuevas,2016-05-01,0,9,125,82,0,216
LAS CARRERAS,"anticoncepcion, prevencion de its y de cancer de cuello uterino",diu: usuarias nuevas,2016-05-01,0,0,0,1,0,1
LLALLAGUA,"anticoncepcion, prevencion de its y de cancer de cuello uterino",diu: usuarias nuevas,2016-05-01,0,0,2,0,0,2
MINEROS,"anticoncepcion, prevencion de its y de cancer de cuello uterino",diu: usuarias nuevas,2016-05-01,0,0,1,0,0,1
MIZQUE,"anticoncepcion, prevencion de its y de cancer de cuello uterino",diu: usuarias nuevas,2016-05-01,0,0,0,2,0,2
MONTEAGUDO,"anticoncepcion, prevencion de its y de cancer de cuello uterino",diu: usuarias nuevas,2016-05-01,0,3,2,0,0,5
MONTERO,"anticoncepcion, prevencion de its y de cancer de cuello uterino",diu: usuarias nuevas,2016-05-01,0,2,8,3,0,13
OKINAWA,"anticoncepcion, prevencion de its y de cancer de cuello uterino",diu: usuarias nuevas,2016-05-01,0,0,2,0,0,2
ORURO,"anticoncepcion, prevencion de its y de cancer de cuello uterino",diu: usuarias nuevas,2016-05-01,0,1,13,3,0,17
PADCAYA,"anticoncepcion, prevencion de its y de cancer de cuello uterino",diu: usuarias nuevas,2016-05-01,0,1,0,0,0,1
PORCO,"anticoncepcion, prevencion de its y de cancer de cuello uterino",diu: usuarias nuevas,2016-05-01,0,0,3,0,0,3
POTOSI,"anticoncepcion, prevencion de its y de cancer de cuello uterino",diu: usuarias nuevas,2016-05-01,0,0,6,15,0,21
PUERTO SUAREZ,"anticoncepcion, prevencion de its y de cancer de cuello uterino",diu: usuarias nuevas,2016-05-01,0,0,2,0,0,2
PUERTO VILLARROEL,"anticoncepcion, prevencion de its y de cancer de cuello uterino",diu: usuarias nuevas,2016-05-01,0,0,1,0,0,1
PUNA,"anticoncepcion, prevencion de its y de cancer de cuello uterino",diu: usuarias nuevas,2016-05-01,0,0,1,0,0,1
QUILLACOLLO,"anticoncepcion, prevencion de its y de cancer de cuello uterino",diu: usuarias nuevas,2016-05-01,0,0,9,1,0,10
REYES,"anticoncepcion, prevencion de its y de cancer de cuello uterino",diu: usuarias nuevas,2016-05-01,0,0,1,1,0,2
RIBERALTA,"anticoncepcion, prevencion de its y de cancer de cuello uterino",diu: usuarias nuevas,2016-05-01,0,0,1,0,0,1
SACABA,"anticoncepcion, prevencion de its y de cancer de cuello uterino",diu: usuarias nuevas,2016-05-01,0,5,12,3,0,20
SAIPINA,"anticoncepcion, prevencion de its y de cancer de cuello uterino",diu: usuarias nuevas,2016-05-01,0,0,2,0,0,2
SAMAIPATA,"anticoncepcion, prevencion de its y de cancer de cuello uterino",diu: usuarias nuevas,2016-05-01,0,0,1,0,0,1
SAN ANDRES,"anticoncepcion, prevencion de its y de cancer de cuello uterino",diu: usuarias nuevas,2016-05-01,0,0,0,1,0,1
SAN BORJA,"anticoncepcion, prevencion de its y de cancer de cuello uterino",diu: usuarias nuevas,2016-05-01,0,1,1,1,0,3
SAN CARLOS,"anticoncepcion, prevencion de its y de cancer de cuello uterino",diu: usuarias nuevas,2016-05-01,0,0,2,1,0,3
SAN IGNACIO,"anticoncepcion, prevencion de its y de cancer de cuello uterino",diu: usuarias nuevas,2016-05-01,0,0,1,0,0,1
SAN IGNACIO DE VELASCO,"anticoncepcion, prevencion de its y de cancer de cuello uterino",diu: usuarias nuevas,2016-05-01,0,0,2,0,0,2
SAN JAVIER(STC),"anticoncepcion, prevencion de its y de cancer de cuello uterino",diu: usuarias nuevas,2016-05-01,0,2,2,0,0,4
SAN LORENZO(TJA),"anticoncepcion, prevencion de its y de cancer de cuello uterino",diu: usuarias nuevas,2016-05-01,0,0,2,0,0,2
SANTA ANA,"anticoncepcion, prevencion de its y de cancer de cuello uterino",diu: usuarias nuevas,2016-05-01,0,0,2,0,0,2
SANTA CRUZ DE LA SIERRA,"anticoncepcion, prevencion de its y de cancer de cuello uterino",diu: usuarias nuevas,2016-05-01,0,23,101,37,0,161
SANTA ROSA DEL SARA,"anticoncepcion, prevencion de its y de cancer de cuello uterino",diu: usuarias nuevas,2016-05-01,0,0,4,0,0,4
SANTIVAÃ‘ES,"anticoncepcion, prevencion de its y de cancer de cuello uterino",diu: usuarias nuevas,2016-05-01,0,0,0,1,0,1
SIPE SIPE,"anticoncepcion, prevencion de its y de cancer de cuello uterino",diu: usuarias nuevas,2016-05-01,0,0,1,0,0,1
SUCRE,"anticoncepcion, prevencion de its y de cancer de cuello uterino",diu: usuarias nuevas,2016-05-01,0,2,30,5,0,37
TARIJA,"anticoncepcion, prevencion de its y de cancer de cuello uterino",diu: usuarias nuevas,2016-05-01,0,3,33,12,0,48
TIPUANI,"anticoncepcion, prevencion de its y de cancer de cuello uterino",diu: usuarias nuevas,2016-05-01,0,0,0,1,0,1
TIQUIPAYA,"anticoncepcion, prevencion de its y de cancer de cuello uterino",diu: usuarias nuevas,2016-05-01,0,0,8,2,0,10
TOTORA(CBBA),"anticoncepcion, prevencion de its y de cancer de cuello uterino",diu: usuarias nuevas,2016-05-01,0,1,0,0,0,1
TRINIDAD,"anticoncepcion, prevencion de its y de cancer de cuello uterino",diu: usuarias nuevas,2016-05-01,0,6,10,1,0,17
TUPIZA,"anticoncepcion, prevencion de its y de cancer de cuello uterino",diu: usuarias nuevas,2016-05-01,0,0,1,0,0,1
UNCIA,"anticoncepcion, prevencion de its y de cancer de cuello uterino",diu: usuarias nuevas,2016-05-01,0,0,1,0,0,1
URIONDO (A. CONCEPCION),"anticoncepcion, prevencion de its y de cancer de cuello uterino",diu: usuarias nuevas,2016-05-01,0,0,1,0,0,1
VALLEGRANDE,"anticoncepcion, prevencion de its y de cancer de cuello uterino",diu: usuarias nuevas,2016-05-01,0,1,0,0,0,1
VIACHA,"anticoncepcion, prevencion de its y de cancer de cuello uterino",diu: usuarias nuevas,2016-05-01,0,0,2,3,0,5
VILLA CHARCAS,"anticoncepcion, prevencion de its y de cancer de cuello uterino",diu: usuarias nuevas,2016-05-01,0,1,0,0,0,1
VILLA MONTES,"anticoncepcion, prevencion de its y de cancer de cuello uterino",diu: usuarias nuevas,2016-05-01,0,1,1,0,0,2
VILLA RIVERO,"anticoncepcion, prevencion de its y de cancer de cuello uterino",diu: usuarias nuevas,2016-05-01,0,0,1,0,0,1
VILLA TUNARI,"anticoncepcion, prevencion de its y de cancer de cuello uterino",diu: usuarias nuevas,2016-05-01,0,3,1,0,0,4
VILLA VACA GUZMAN (MUYUPAMPA),"anticoncepcion, prevencion de its y de cancer de cuello uterino",diu: usuarias nuevas,2016-05-01,0,1,0,0,0,1
VINTO,"anticoncepcion, prevencion de its y de cancer de cuello uterino",diu: usuarias nuevas,2016-05-01,0,1,1,0,0,2
WARNES,"anticoncepcion, prevencion de its y de cancer de cuello uterino",diu: usuarias nuevas,2016-05-01,0,2,8,0,0,10
YACUIBA,"anticoncepcion, prevencion de its y de cancer de cuello uterino",diu: usuarias nuevas,2016-05-01,0,0,8,2,0,10
AIQUILE,"anticoncepcion, prevencion de its y de cancer de cuello uterino",diu: usuarias nuevas,2016-06-01,0,2,0,0,0,2
ARANI,"anticoncepcion, prevencion de its y de cancer de cuello uterino",diu: usuarias nuevas,2016-06-01,0,0,0,1,0,1
ASCENCION DE GUARAYOS,"anticoncepcion, prevencion de its y de cancer de cuello uterino",diu: usuarias nuevas,2016-06-01,0,0,2,0,0,2
AYOPAYA (V. DE INDEPENDENCIA),"anticoncepcion, prevencion de its y de cancer de cuello uterino",diu: usuarias nuevas,2016-06-01,0,0,1,0,0,1
AZURDUY,"anticoncepcion, prevencion de its y de cancer de cuello uterino",diu: usuarias nuevas,2016-06-01,0,0,1,0,0,1
BERMEJO,"anticoncepcion, prevencion de its y de cancer de cuello uterino",diu: usuarias nuevas,2016-06-01,0,0,2,0,0,2
BETANZOS,"anticoncepcion, prevencion de its y de cancer de cuello uterino",diu: usuarias nuevas,2016-06-01,0,0,1,0,0,1
BUENA VISTA,"anticoncepcion, prevencion de its y de cancer de cuello uterino",diu: usuarias nuevas,2016-06-01,0,0,3,0,0,3
CABEZAS,"anticoncepcion, prevencion de its y de cancer de cuello uterino",diu: usuarias nuevas,2016-06-01,0,0,1,0,2,3
CAMARGO,"anticoncepcion, prevencion de its y de cancer de cuello uterino",diu: usuarias nuevas,2016-06-01,0,0,1,1,0,2
CAMIRI,"anticoncepcion, prevencion de its y de cancer de cuello uterino",diu: usuarias nuevas,2016-06-01,0,0,1,0,0,1
CAPINOTA,"anticoncepcion, prevencion de its y de cancer de cuello uterino",diu: usuarias nuevas,2016-06-01,0,0,7,3,0,10
CARANAVI,"anticoncepcion, prevencion de its y de cancer de cuello uterino",diu: usuarias nuevas,2016-06-01,0,0,2,0,0,2
CKOCHAS,"anticoncepcion, prevencion de its y de cancer de cuello uterino",diu: usuarias nuevas,2016-06-01,0,0,2,2,0,4
CLIZA,"anticoncepcion, prevencion de its y de cancer de cuello uterino",diu: usuarias nuevas,2016-06-01,0,0,2,0,0,2
COBIJA,"anticoncepcion, prevencion de its y de cancer de cuello uterino",diu: usuarias nuevas,2016-06-01,0,0,2,0,0,2
COCHABAMBA,"anticoncepcion, prevencion de its y de cancer de cuello uterino",diu: usuarias nuevas,2016-06-01,0,18,145,31,3,197
COLCAPIRHUA,"anticoncepcion, prevencion de its y de cancer de cuello uterino",diu: usuarias nuevas,2016-06-01,0,1,2,1,0,4
COPACABANA,"anticoncepcion, prevencion de its y de cancer de cuello uterino",diu: usuarias nuevas,2016-06-01,0,0,2,1,1,4
COROICO,"anticoncepcion, prevencion de its y de cancer de cuello uterino",diu: usuarias nuevas,2016-06-01,0,0,1,0,0,1
COTAGAITA,"anticoncepcion, prevencion de its y de cancer de cuello uterino",diu: usuarias nuevas,2016-06-01,0,0,0,1,0,1
CUATRO CAÃ‘ADAS,"anticoncepcion, prevencion de its y de cancer de cuello uterino",diu: usuarias nuevas,2016-06-01,0,0,1,0,0,1
EL ALTO,"anticoncepcion, prevencion de its y de cancer de cuello uterino",diu: usuarias nuevas,2016-06-01,0,1,23,31,0,55
EL PUENTE(STC),"anticoncepcion, prevencion de its y de cancer de cuello uterino",diu: usuarias nuevas,2016-06-01,0,0,1,0,0,1
EL TORNO,"anticoncepcion, prevencion de its y de cancer de cuello uterino",diu: usuarias nuevas,2016-06-01,0,2,3,0,0,5
ENTRE RIOS TRJ,"anticoncepcion, prevencion de its y de cancer de cuello uterino",diu: usuarias nuevas,2016-06-01,0,0,1,0,0,1
ENTRE RIOS CBBA,"anticoncepcion, prevencion de its y de cancer de cuello uterino",diu: usuarias nuevas,2016-06-01,0,0,1,0,0,1
FERNANDEZ ALONSO,"anticoncepcion, prevencion de its y de cancer de cuello uterino",diu: usuarias nuevas,2016-06-01,0,0,1,0,0,1
GENERAL SAAVEDRA,"anticoncepcion, prevencion de its y de cancer de cuello uterino",diu: usuarias nuevas,2016-06-01,0,0,1,0,0,1
GUANAY,"anticoncepcion, prevencion de its y de cancer de cuello uterino",diu: usuarias nuevas,2016-06-01,0,0,1,0,0,1
GUAYARAMERIN,"anticoncepcion, prevencion de its y de cancer de cuello uterino",diu: usuarias nuevas,2016-06-01,0,0,1,0,0,1
HUACARETA,"anticoncepcion, prevencion de its y de cancer de cuello uterino",diu: usuarias nuevas,2016-06-01,0,0,1,0,0,1
INCAHUASI,"anticoncepcion, prevencion de its y de cancer de cuello uterino",diu: usuarias nuevas,2016-06-01,0,0,1,0,0,1
LA GUARDIA,"anticoncepcion, prevencion de its y de cancer de cuello uterino",diu: usuarias nuevas,2016-06-01,0,1,8,0,0,9
LA PAZ,"anticoncepcion, prevencion de its y de cancer de cuello uterino",diu: usuarias nuevas,2016-06-01,0,6,122,147,2,277
LAS CARRERAS,"anticoncepcion, prevencion de its y de cancer de cuello uterino",diu: usuarias nuevas,2016-06-01,0,0,0,1,0,1
LLALLAGUA,"anticoncepcion, prevencion de its y de cancer de cuello uterino",diu: usuarias nuevas,2016-06-01,0,5,4,2,0,11
MIZQUE,"anticoncepcion, prevencion de its y de cancer de cuello uterino",diu: usuarias nuevas,2016-06-01,0,0,2,0,0,2
MONTEAGUDO,"anticoncepcion, prevencion de its y de cancer de cuello uterino",diu: usuarias nuevas,2016-06-01,0,0,4,0,0,4
MONTERO,"anticoncepcion, prevencion de its y de cancer de cuello uterino",diu: usuarias nuevas,2016-06-01,0,0,10,2,0,12
MORO MORO,"anticoncepcion, prevencion de its y de cancer de cuello uterino",diu: usuarias nuevas,2016-06-01,0,0,1,0,0,1
ORURO,"anticoncepcion, prevencion de its y de cancer de cuello uterino",diu: usuarias nuevas,2016-06-01,0,0,9,21,0,30
PADCAYA,"anticoncepcion, prevencion de its y de cancer de cuello uterino",diu: usuarias nuevas,2016-06-01,0,0,1,0,0,1
PADILLA,"anticoncepcion, prevencion de its y de cancer de cuello uterino",diu: usuarias nuevas,2016-06-01,0,0,1,0,0,1
PAILON,"anticoncepcion, prevencion de its y de cancer de cuello uterino",diu: usuarias nuevas,2016-06-01,0,0,2,0,0,2
PASORAPA,"anticoncepcion, prevencion de its y de cancer de cuello uterino",diu: usuarias nuevas,2016-06-01,0,0,1,0,0,1
PATACAMAYA,"anticoncepcion, prevencion de its y de cancer de cuello uterino",diu: usuarias nuevas,2016-06-01,0,0,1,2,0,3
POROMA,"anticoncepcion, prevencion de its y de cancer de cuello uterino",diu: usuarias nuevas,2016-06-01,0,2,3,1,0,6
PORONGO,"anticoncepcion, prevencion de its y de cancer de cuello uterino",diu: usuarias nuevas,2016-06-01,0,0,2,0,0,2
POTOSI,"anticoncepcion, prevencion de its y de cancer de cuello uterino",diu: usuarias nuevas,2016-06-01,0,1,3,6,0,10
PUERTO SUAREZ,"anticoncepcion, prevencion de its y de cancer de cuello uterino",diu: usuarias nuevas,2016-06-01,0,0,1,0,0,1
PUERTO VILLARROEL,"anticoncepcion, prevencion de its y de cancer de cuello uterino",diu: usuarias nuevas,2016-06-01,0,0,2,1,0,3
PUNA,"anticoncepcion, prevencion de its y de cancer de cuello uterino",diu: usuarias nuevas,2016-06-01,0,0,0,2,0,2
PUNATA,"anticoncepcion, prevencion de its y de cancer de cuello uterino",diu: usuarias nuevas,2016-06-01,0,0,1,0,0,1
QUILLACOLLO,"anticoncepcion, prevencion de its y de cancer de cuello uterino",diu: usuarias nuevas,2016-06-01,0,0,2,1,0,3
REYES,"anticoncepcion, prevencion de its y de cancer de cuello uterino",diu: usuarias nuevas,2016-06-01,0,0,0,1,0,1
RIBERALTA,"anticoncepcion, prevencion de its y de cancer de cuello uterino",diu: usuarias nuevas,2016-06-01,0,1,0,1,0,2
SACABA,"anticoncepcion, prevencion de its y de cancer de cuello uterino",diu: usuarias nuevas,2016-06-01,0,2,8,5,0,15
SAMAIPATA,"anticoncepcion, prevencion de its y de cancer de cuello uterino",diu: usuarias nuevas,2016-06-01,0,1,0,0,0,1
SAN BORJA,"anticoncepcion, prevencion de its y de cancer de cuello uterino",diu: usuarias nuevas,2016-06-01,0,0,4,0,0,4
SAN BUENA VENTURA,"anticoncepcion, prevencion de its y de cancer de cuello uterino",diu: usuarias nuevas,2016-06-01,0,0,1,0,0,1
SAN IGNACIO,"anticoncepcion, prevencion de its y de cancer de cuello uterino",diu: usuarias nuevas,2016-06-01,0,0,4,0,0,4
SAN IGNACIO DE VELASCO,"anticoncepcion, prevencion de its y de cancer de cuello uterino",diu: usuarias nuevas,2016-06-01,0,1,3,2,0,6
SAN JAVIER(STC),"anticoncepcion, prevencion de its y de cancer de cuello uterino",diu: usuarias nuevas,2016-06-01,0,0,3,0,0,3
SAN JOSE DE CHIQUITOS,"anticoncepcion, prevencion de its y de cancer de cuello uterino",diu: usuarias nuevas,2016-06-01,0,1,0,0,0,1
SAN LORENZO(TJA),"anticoncepcion, prevencion de its y de cancer de cuello uterino",diu: usuarias nuevas,2016-06-01,0,0,2,0,0,2
SAN MIGUEL DE VELASCO,"anticoncepcion, prevencion de its y de cancer de cuello uterino",diu: usuarias nuevas,2016-06-01,0,0,4,0,0,4
SANTA ANA,"anticoncepcion, prevencion de its y de cancer de cuello uterino",diu: usuarias nuevas,2016-06-01,0,0,1,0,0,1
SANTA CRUZ DE LA SIERRA,"anticoncepcion, prevencion de its y de cancer de cuello uterino",diu: usuarias nuevas,2016-06-01,0,30,109,45,0,184
SANTA ROSA DEL SARA,"anticoncepcion, prevencion de its y de cancer de cuello uterino",diu: usuarias nuevas,2016-06-01,0,0,1,0,0,1
SANTIVAÃ‘ES,"anticoncepcion, prevencion de its y de cancer de cuello uterino",diu: usuarias nuevas,2016-06-01,0,0,1,0,0,1
SIPE SIPE,"anticoncepcion, prevencion de its y de cancer de cuello uterino",diu: usuarias nuevas,2016-06-01,0,0,3,3,0,6
SUCRE,"anticoncepcion, prevencion de its y de cancer de cuello uterino",diu: usuarias nuevas,2016-06-01,0,5,45,18,0,68
TARIJA,"anticoncepcion, prevencion de its y de cancer de cuello uterino",diu: usuarias nuevas,2016-06-01,0,6,24,13,0,43
TIPUANI,"anticoncepcion, prevencion de its y de cancer de cuello uterino",diu: usuarias nuevas,2016-06-01,0,0,0,1,0,1
TIQUIPAYA,"anticoncepcion, prevencion de its y de cancer de cuello uterino",diu: usuarias nuevas,2016-06-01,0,0,5,2,0,7
TIRAQUE (CBBA),"anticoncepcion, prevencion de its y de cancer de cuello uterino",diu: usuarias nuevas,2016-06-01,0,0,0,1,0,1
TORO TORO,"anticoncepcion, prevencion de its y de cancer de cuello uterino",diu: usuarias nuevas,2016-06-01,0,1,1,0,0,2
TRINIDAD,"anticoncepcion, prevencion de its y de cancer de cuello uterino",diu: usuarias nuevas,2016-06-01,0,5,15,0,0,20
TUPIZA,"anticoncepcion, prevencion de its y de cancer de cuello uterino",diu: usuarias nuevas,2016-06-01,0,0,3,0,0,3
URIONDO (A. CONCEPCION),"anticoncepcion, prevencion de its y de cancer de cuello uterino",diu: usuarias nuevas,2016-06-01,0,0,1,0,0,1
VALLEGRANDE,"anticoncepcion, prevencion de its y de cancer de cuello uterino",diu: usuarias nuevas,2016-06-01,0,1,2,1,0,4
VIACHA,"anticoncepcion, prevencion de its y de cancer de cuello uterino",diu: usuarias nuevas,2016-06-01,0,0,2,0,0,2
VILA VILA,"anticoncepcion, prevencion de its y de cancer de cuello uterino",diu: usuarias nuevas,2016-06-01,0,0,2,0,0,2
VILLA MONTES,"anticoncepcion, prevencion de its y de cancer de cuello uterino",diu: usuarias nuevas,2016-06-01,0,0,1,0,0,1
VILLA TUNARI,"anticoncepcion, prevencion de its y de cancer de cuello uterino",diu: usuarias nuevas,2016-06-01,0,0,1,0,0,1
VILLA VACA GUZMAN (MUYUPAMPA),"anticoncepcion, prevencion de its y de cancer de cuello uterino",diu: usuarias nuevas,2016-06-01,0,0,1,0,0,1
VILLAZON,"anticoncepcion, prevencion de its y de cancer de cuello uterino",diu: usuarias nuevas,2016-06-01,0,1,0,0,0,1
VINTO,"anticoncepcion, prevencion de its y de cancer de cuello uterino",diu: usuarias nuevas,2016-06-01,0,0,1,0,0,1
WARNES,"anticoncepcion, prevencion de its y de cancer de cuello uterino",diu: usuarias nuevas,2016-06-01,0,13,20,6,0,39
YACUIBA,"anticoncepcion, prevencion de its y de cancer de cuello uterino",diu: usuarias nuevas,2016-06-01,0,3,6,5,0,14
ZUDAÃ‘EZ,"anticoncepcion, prevencion de its y de cancer de cuello uterino",diu: usuarias nuevas,2016-06-01,0,0,0,1,0,1
AIQUILE,"anticoncepcion, prevencion de its y de cancer de cuello uterino",diu: usuarias nuevas,2016-07-01,0,1,3,1,0,5
ANZALDO,"anticoncepcion, prevencion de its y de cancer de cuello uterino",diu: usuarias nuevas,2016-07-01,0,0,1,0,0,1
ARBIETO,"anticoncepcion, prevencion de its y de cancer de cuello uterino",diu: usuarias nuevas,2016-07-01,0,1,0,0,0,1
BERMEJO,"anticoncepcion, prevencion de its y de cancer de cuello uterino",diu: usuarias nuevas,2016-07-01,0,0,3,1,0,4
BETANZOS,"anticoncepcion, prevencion de its y de cancer de cuello uterino",diu: usuarias nuevas,2016-07-01,0,0,2,0,0,2
BOYUIBE,"anticoncepcion, prevencion de its y de cancer de cuello uterino",diu: usuarias nuevas,2016-07-01,0,0,0,1,0,1
CAMARGO,"anticoncepcion, prevencion de its y de cancer de cuello uterino",diu: usuarias nuevas,2016-07-01,0,1,1,1,0,3
CAMIRI,"anticoncepcion, prevencion de its y de cancer de cuello uterino",diu: usuarias nuevas,2016-07-01,0,0,1,2,0,3
CAPINOTA,"anticoncepcion, prevencion de its y de cancer de cuello uterino",diu: usuarias nuevas,2016-07-01,0,0,1,0,0,1
CHUQUIHUTA AYLLU JUCUMANI,"anticoncepcion, prevencion de its y de cancer de cuello uterino",diu: usuarias nuevas,2016-07-01,0,0,1,0,0,1
CKOCHAS,"anticoncepcion, prevencion de its y de cancer de cuello uterino",diu: usuarias nuevas,2016-07-01,0,1,0,2,0,3
COBIJA,"anticoncepcion, prevencion de its y de cancer de cuello uterino",diu: usuarias nuevas,2016-07-01,0,1,1,0,0,2
COCHABAMBA,"anticoncepcion, prevencion de its y de cancer de cuello uterino",diu: usuarias nuevas,2016-07-01,0,24,121,23,0,168
COLCAPIRHUA,"anticoncepcion, prevencion de its y de cancer de cuello uterino",diu: usuarias nuevas,2016-07-01,0,0,1,0,0,1
COMARAPA,"anticoncepcion, prevencion de its y de cancer de cuello uterino",diu: usuarias nuevas,2016-07-01,0,0,1,0,0,1
CONCEPCION,"anticoncepcion, prevencion de its y de cancer de cuello uterino",diu: usuarias nuevas,2016-07-01,0,0,1,0,0,1
COTAGAITA,"anticoncepcion, prevencion de its y de cancer de cuello uterino",diu: usuarias nuevas,2016-07-01,0,1,11,6,0,18
COTOCA,"anticoncepcion, prevencion de its y de cancer de cuello uterino",diu: usuarias nuevas,2016-07-01,0,0,1,0,0,1
EL ALTO,"anticoncepcion, prevencion de its y de cancer de cuello uterino",diu: usuarias nuevas,2016-07-01,0,5,43,20,0,68
EL TORNO,"anticoncepcion, prevencion de its y de cancer de cuello uterino",diu: usuarias nuevas,2016-07-01,0,3,4,2,0,9
ENTRE RIOS TRJ,"anticoncepcion, prevencion de its y de cancer de cuello uterino",diu: usuarias nuevas,2016-07-01,0,0,3,1,0,4
ENTRE RIOS CBBA,"anticoncepcion, prevencion de its y de cancer de cuello uterino",diu: usuarias nuevas,2016-07-01,0,0,1,1,0,2
GENERAL SAAVEDRA,"anticoncepcion, prevencion de its y de cancer de cuello uterino",diu: usuarias nuevas,2016-07-01,0,1,2,0,0,3
HUACARETA,"anticoncepcion, prevencion de its y de cancer de cuello uterino",diu: usuarias nuevas,2016-07-01,0,0,2,0,0,2
HUANUNI,"anticoncepcion, prevencion de its y de cancer de cuello uterino",diu: usuarias nuevas,2016-07-01,0,0,1,1,0,2
LA GUARDIA,"anticoncepcion, prevencion de its y de cancer de cuello uterino",diu: usuarias nuevas,2016-07-01,0,1,9,1,0,11
LA PAZ,"anticoncepcion, prevencion de its y de cancer de cuello uterino",diu: usuarias nuevas,2016-07-01,2,5,112,53,11,183
LLALLAGUA,"anticoncepcion, prevencion de its y de cancer de cuello uterino",diu: usuarias nuevas,2016-07-01,0,1,2,1,0,4
MACHARETI,"anticoncepcion, prevencion de its y de cancer de cuello uterino",diu: usuarias nuevas,2016-07-01,0,0,1,0,0,1
MAIRANA,"anticoncepcion, prevencion de its y de cancer de cuello uterino",diu: usuarias nuevas,2016-07-01,0,0,0,1,0,1
MIZQUE,"anticoncepcion, prevencion de its y de cancer de cuello uterino",diu: usuarias nuevas,2016-07-01,0,0,1,2,0,3
MONTEAGUDO,"anticoncepcion, prevencion de its y de cancer de cuello uterino",diu: usuarias nuevas,2016-07-01,0,1,2,0,0,3
MONTERO,"anticoncepcion, prevencion de its y de cancer de cuello uterino",diu: usuarias nuevas,2016-07-01,0,0,9,4,1,14
OMEREQUE,"anticoncepcion, prevencion de its y de cancer de cuello uterino",diu: usuarias nuevas,2016-07-01,0,0,1,0,0,1
ORURO,"anticoncepcion, prevencion de its y de cancer de cuello uterino",diu: usuarias nuevas,2016-07-01,0,13,25,7,0,45
PADCAYA,"anticoncepcion, prevencion de its y de cancer de cuello uterino",diu: usuarias nuevas,2016-07-01,0,0,1,0,0,1
PADILLA,"anticoncepcion, prevencion de its y de cancer de cuello uterino",diu: usuarias nuevas,2016-07-01,0,0,3,0,0,3
POCONA,"anticoncepcion, prevencion de its y de cancer de cuello uterino",diu: usuarias nuevas,2016-07-01,0,0,1,1,0,2
PORCO,"anticoncepcion, prevencion de its y de cancer de cuello uterino",diu: usuarias nuevas,2016-07-01,0,0,1,1,0,2
POTOSI,"anticoncepcion, prevencion de its y de cancer de cuello uterino",diu: usuarias nuevas,2016-07-01,0,0,13,4,0,17
PUERTO SUAREZ,"anticoncepcion, prevencion de its y de cancer de cuello uterino",diu: usuarias nuevas,2016-07-01,0,1,0,0,0,1
PUERTO VILLARROEL,"anticoncepcion, prevencion de its y de cancer de cuello uterino",diu: usuarias nuevas,2016-07-01,0,0,1,1,0,2
PUNATA,"anticoncepcion, prevencion de its y de cancer de cuello uterino",diu: usuarias nuevas,2016-07-01,0,1,1,0,0,2
QUILLACOLLO,"anticoncepcion, prevencion de its y de cancer de cuello uterino",diu: usuarias nuevas,2016-07-01,0,1,8,1,0,10
RIBERALTA,"anticoncepcion, prevencion de its y de cancer de cuello uterino",diu: usuarias nuevas,2016-07-01,1,0,6,0,0,7
ROBORE,"anticoncepcion, prevencion de its y de cancer de cuello uterino",diu: usuarias nuevas,2016-07-01,0,1,0,0,0,1
RURRENABAQUE,"anticoncepcion, prevencion de its y de cancer de cuello uterino",diu: usuarias nuevas,2016-07-01,0,0,1,0,0,1
SACABA,"anticoncepcion, prevencion de its y de cancer de cuello uterino",diu: usuarias nuevas,2016-07-01,0,3,13,3,0,19
SAIPINA,"anticoncepcion, prevencion de its y de cancer de cuello uterino",diu: usuarias nuevas,2016-07-01,0,0,1,0,0,1
SAN BORJA,"anticoncepcion, prevencion de its y de cancer de cuello uterino",diu: usuarias nuevas,2016-07-01,1,1,4,0,0,6
SAN CARLOS,"anticoncepcion, prevencion de its y de cancer de cuello uterino",diu: usuarias nuevas,2016-07-01,0,1,2,0,0,3
SAN IGNACIO,"anticoncepcion, prevencion de its y de cancer de cuello uterino",diu: usuarias nuevas,2016-07-01,0,0,2,0,0,2
SAN IGNACIO DE VELASCO,"anticoncepcion, prevencion de its y de cancer de cuello uterino",diu: usuarias nuevas,2016-07-01,0,1,1,0,0,2
SAN JAVIER(STC),"anticoncepcion, prevencion de its y de cancer de cuello uterino",diu: usuarias nuevas,2016-07-01,0,0,2,0,0,2
SAN JOSE DE CHIQUITOS,"anticoncepcion, prevencion de its y de cancer de cuello uterino",diu: usuarias nuevas,2016-07-01,0,1,7,2,0,10
SAN JULIAN,"anticoncepcion, prevencion de its y de cancer de cuello uterino",diu: usuarias nuevas,2016-07-01,0,0,2,0,0,2
SAN LORENZO(TJA),"anticoncepcion, prevencion de its y de cancer de cuello uterino",diu: usuarias nuevas,2016-07-01,0,1,1,1,0,3
SAN PEDRO,"anticoncepcion, prevencion de its y de cancer de cuello uterino",diu: usuarias nuevas,2016-07-01,0,0,1,0,0,1
SAN RAMON BENI,"anticoncepcion, prevencion de its y de cancer de cuello uterino",diu: usuarias nuevas,2016-07-01,0,0,0,11,0,11
SAN RAMON SCZ,"anticoncepcion, prevencion de its y de cancer de cuello uterino",diu: usuarias nuevas,2016-07-01,0,0,1,1,0,2
SANTA ANA,"anticoncepcion, prevencion de its y de cancer de cuello uterino",diu: usuarias nuevas,2016-07-01,0,0,0,1,0,1
SANTA CRUZ DE LA SIERRA,"anticoncepcion, prevencion de its y de cancer de cuello uterino",diu: usuarias nuevas,2016-07-01,0,26,132,48,0,206
SANTA ROSA DEL SARA,"anticoncepcion, prevencion de its y de cancer de cuello uterino",diu: usuarias nuevas,2016-07-01,0,0,2,0,0,2
SANTIVAÃ‘ES,"anticoncepcion, prevencion de its y de cancer de cuello uterino",diu: usuarias nuevas,2016-07-01,0,0,0,1,0,1
SHINAOTA,"anticoncepcion, prevencion de its y de cancer de cuello uterino",diu: usuarias nuevas,2016-07-01,0,0,1,0,0,1
SIPE SIPE,"anticoncepcion, prevencion de its y de cancer de cuello uterino",diu: usuarias nuevas,2016-07-01,0,1,6,0,0,7
SUCRE,"anticoncepcion, prevencion de its y de cancer de cuello uterino",diu: usuarias nuevas,2016-07-01,0,6,37,9,0,52
TARIJA,"anticoncepcion, prevencion de its y de cancer de cuello uterino",diu: usuarias nuevas,2016-07-01,0,7,25,17,0,49
TARVITA,"anticoncepcion, prevencion de its y de cancer de cuello uterino",diu: usuarias nuevas,2016-07-01,0,0,1,0,0,1
TIQUIPAYA,"anticoncepcion, prevencion de its y de cancer de cuello uterino",diu: usuarias nuevas,2016-07-01,0,0,5,0,0,5
TIRAQUE (CBBA),"anticoncepcion, prevencion de its y de cancer de cuello uterino",diu: usuarias nuevas,2016-07-01,0,0,0,1,0,1
TOLATA,"anticoncepcion, prevencion de its y de cancer de cuello uterino",diu: usuarias nuevas,2016-07-01,0,0,0,1,0,1
TORO TORO,"anticoncepcion, prevencion de its y de cancer de cuello uterino",diu: usuarias nuevas,2016-07-01,0,0,1,0,0,1
TRINIDAD,"anticoncepcion, prevencion de its y de cancer de cuello uterino",diu: usuarias nuevas,2016-07-01,0,0,11,1,0,12
TUPIZA,"anticoncepcion, prevencion de its y de cancer de cuello uterino",diu: usuarias nuevas,2016-07-01,0,1,0,0,0,1
VALLEGRANDE,"anticoncepcion, prevencion de its y de cancer de cuello uterino",diu: usuarias nuevas,2016-07-01,0,2,1,0,0,3
VIACHA,"anticoncepcion, prevencion de its y de cancer de cuello uterino",diu: usuarias nuevas,2016-07-01,0,1,3,0,0,4
VILLA MONTES,"anticoncepcion, prevencion de its y de cancer de cuello uterino",diu: usuarias nuevas,2016-07-01,0,0,1,2,0,3
VILLA SERRANO,"anticoncepcion, prevencion de its y de cancer de cuello uterino",diu: usuarias nuevas,2016-07-01,0,0,1,0,0,1
VILLA TUNARI,"anticoncepcion, prevencion de its y de cancer de cuello uterino",diu: usuarias nuevas,2016-07-01,0,0,0,1,0,1
VILLA VACA GUZMAN (MUYUPAMPA),"anticoncepcion, prevencion de its y de cancer de cuello uterino",diu: usuarias nuevas,2016-07-01,0,0,3,0,0,3
VILLAZON,"anticoncepcion, prevencion de its y de cancer de cuello uterino",diu: usuarias nuevas,2016-07-01,0,1,1,0,0,2
VINTO,"anticoncepcion, prevencion de its y de cancer de cuello uterino",diu: usuarias nuevas,2016-07-01,0,0,2,2,0,4
VITICHI,"anticoncepcion, prevencion de its y de cancer de cuello uterino",diu: usuarias nuevas,2016-07-01,0,0,1,2,0,3
WARNES,"anticoncepcion, prevencion de its y de cancer de cuello uterino",diu: usuarias nuevas,2016-07-01,0,1,4,0,0,5
YACUIBA,"anticoncepcion, prevencion de its y de cancer de cuello uterino",diu: usuarias nuevas,2016-07-01,0,1,2,4,0,7
YAPACANI,"anticoncepcion, prevencion de its y de cancer de cuello uterino",diu: usuarias nuevas,2016-07-01,0,0,1,0,0,1
YOTALA,"anticoncepcion, prevencion de its y de cancer de cuello uterino",diu: usuarias nuevas,2016-07-01,0,0,1,0,0,1
AIQUILE,"anticoncepcion, prevencion de its y de cancer de cuello uterino",diu: usuarias nuevas,2016-08-01,0,0,3,1,0,4
ARBIETO,"anticoncepcion, prevencion de its y de cancer de cuello uterino",diu: usuarias nuevas,2016-08-01,0,0,2,0,0,2
BERMEJO,"anticoncepcion, prevencion de its y de cancer de cuello uterino",diu: usuarias nuevas,2016-08-01,0,0,2,1,0,3
BUENA VISTA,"anticoncepcion, prevencion de its y de cancer de cuello uterino",diu: usuarias nuevas,2016-08-01,0,0,2,0,0,2
CABEZAS,"anticoncepcion, prevencion de its y de cancer de cuello uterino",diu: usuarias nuevas,2016-08-01,0,0,1,0,0,1
"CAIZA ""D""","anticoncepcion, prevencion de its y de cancer de cuello uterino",diu: usuarias nuevas,2016-08-01,0,0,1,2,0,3
CAMARGO,"anticoncepcion, prevencion de its y de cancer de cuello uterino",diu: usuarias nuevas,2016-08-01,0,0,3,1,0,4
CAMATAQUI (C. VILLA ABECIA),"anticoncepcion, prevencion de its y de cancer de cuello uterino",diu: usuarias nuevas,2016-08-01,0,0,1,0,0,1
CAMIRI,"anticoncepcion, prevencion de its y de cancer de cuello uterino",diu: usuarias nuevas,2016-08-01,0,0,2,0,0,2
CAPINOTA,"anticoncepcion, prevencion de its y de cancer de cuello uterino",diu: usuarias nuevas,2016-08-01,0,0,1,0,0,1
CARANAVI,"anticoncepcion, prevencion de its y de cancer de cuello uterino",diu: usuarias nuevas,2016-08-01,0,0,1,0,0,1
CHALLAPATA,"anticoncepcion, prevencion de its y de cancer de cuello uterino",diu: usuarias nuevas,2016-08-01,0,0,1,0,0,1
CHARAGUA,"anticoncepcion, prevencion de its y de cancer de cuello uterino",diu: usuarias nuevas,2016-08-01,0,0,1,1,0,2
CHIMORE,"anticoncepcion, prevencion de its y de cancer de cuello uterino",diu: usuarias nuevas,2016-08-01,0,0,2,0,0,2
CHUQUIHUTA AYLLU JUCUMANI,"anticoncepcion, prevencion de its y de cancer de cuello uterino",diu: usuarias nuevas,2016-08-01,0,0,1,0,0,1
COBIJA,"anticoncepcion, prevencion de its y de cancer de cuello uterino",diu: usuarias nuevas,2016-08-01,0,1,3,1,0,5
COCHABAMBA,"anticoncepcion, prevencion de its y de cancer de cuello uterino",diu: usuarias nuevas,2016-08-01,0,31,109,72,0,212
COLCAPIRHUA,"anticoncepcion, prevencion de its y de cancer de cuello uterino",diu: usuarias nuevas,2016-08-01,0,0,0,1,0,1
COLOMI,"anticoncepcion, prevencion de its y de cancer de cuello uterino",diu: usuarias nuevas,2016-08-01,0,0,1,0,0,1
COLPA BELGICA,"anticoncepcion, prevencion de its y de cancer de cuello uterino",diu: usuarias nuevas,2016-08-01,0,0,0,2,0,2
CONCEPCION,"anticoncepcion, prevencion de its y de cancer de cuello uterino",diu: usuarias nuevas,2016-08-01,0,0,1,0,0,1
COTOCA,"anticoncepcion, prevencion de its y de cancer de cuello uterino",diu: usuarias nuevas,2016-08-01,0,1,0,1,0,2
CULPINA,"anticoncepcion, prevencion de its y de cancer de cuello uterino",diu: usuarias nuevas,2016-08-01,0,0,8,1,0,9
EL ALTO,"anticoncepcion, prevencion de its y de cancer de cuello uterino",diu: usuarias nuevas,2016-08-01,0,10,26,10,0,46
EL PUENTE(TJA),"anticoncepcion, prevencion de its y de cancer de cuello uterino",diu: usuarias nuevas,2016-08-01,0,0,1,0,0,1
EL TORNO,"anticoncepcion, prevencion de its y de cancer de cuello uterino",diu: usuarias nuevas,2016-08-01,0,1,5,0,0,6
ENTRE RIOS TRJ,"anticoncepcion, prevencion de its y de cancer de cuello uterino",diu: usuarias nuevas,2016-08-01,0,0,2,0,0,2
ENTRE RIOS CBBA,"anticoncepcion, prevencion de its y de cancer de cuello uterino",diu: usuarias nuevas,2016-08-01,0,0,1,0,0,1
GENERAL SAAVEDRA,"anticoncepcion, prevencion de its y de cancer de cuello uterino",diu: usuarias nuevas,2016-08-01,0,0,2,1,0,3
GUAYARAMERIN,"anticoncepcion, prevencion de its y de cancer de cuello uterino",diu: usuarias nuevas,2016-08-01,0,2,0,0,0,2
HUACARETA,"anticoncepcion, prevencion de its y de cancer de cuello uterino",diu: usuarias nuevas,2016-08-01,0,0,3,0,0,3
HUANUNI,"anticoncepcion, prevencion de its y de cancer de cuello uterino",diu: usuarias nuevas,2016-08-01,0,0,1,0,0,1
ICLA,"anticoncepcion, prevencion de its y de cancer de cuello uterino",diu: usuarias nuevas,2016-08-01,0,1,0,0,0,1
LA GUARDIA,"anticoncepcion, prevencion de its y de cancer de cuello uterino",diu: usuarias nuevas,2016-08-01,0,2,17,1,0,20
LA PAZ,"anticoncepcion, prevencion de its y de cancer de cuello uterino",diu: usuarias nuevas,2016-08-01,0,9,118,75,28,230
LLALLAGUA,"anticoncepcion, prevencion de its y de cancer de cuello uterino",diu: usuarias nuevas,2016-08-01,0,1,0,1,0,2
LURIBAY,"anticoncepcion, prevencion de its y de cancer de cuello uterino",diu: usuarias nuevas,2016-08-01,0,0,1,0,0,1
MAIRANA,"anticoncepcion, prevencion de its y de cancer de cuello uterino",diu: usuarias nuevas,2016-08-01,0,2,0,0,0,2
MAPIRI,"anticoncepcion, prevencion de its y de cancer de cuello uterino",diu: usuarias nuevas,2016-08-01,0,1,0,0,0,1
MECAPACA,"anticoncepcion, prevencion de its y de cancer de cuello uterino",diu: usuarias nuevas,2016-08-01,0,0,0,1,0,1
MONTEAGUDO,"anticoncepcion, prevencion de its y de cancer de cuello uterino",diu: usuarias nuevas,2016-08-01,0,1,5,0,0,6
MONTERO,"anticoncepcion, prevencion de its y de cancer de cuello uterino",diu: usuarias nuevas,2016-08-01,0,4,2,5,0,11
OKINAWA,"anticoncepcion, prevencion de its y de cancer de cuello uterino",diu: usuarias nuevas,2016-08-01,0,0,0,1,0,1
ORURO,"anticoncepcion, prevencion de its y de cancer de cuello uterino",diu: usuarias nuevas,2016-08-01,0,1,23,8,0,32
PADILLA,"anticoncepcion, prevencion de its y de cancer de cuello uterino",diu: usuarias nuevas,2016-08-01,0,0,1,0,0,1
PASORAPA,"anticoncepcion, prevencion de its y de cancer de cuello uterino",diu: usuarias nuevas,2016-08-01,0,0,1,0,0,1
POCONA,"anticoncepcion, prevencion de its y de cancer de cuello uterino",diu: usuarias nuevas,2016-08-01,0,0,1,0,0,1
POTOSI,"anticoncepcion, prevencion de its y de cancer de cuello uterino",diu: usuarias nuevas,2016-08-01,0,0,14,5,0,19
PUERTO QUIJARRO,"anticoncepcion, prevencion de its y de cancer de cuello uterino",diu: usuarias nuevas,2016-08-01,0,0,1,0,0,1
PUERTO SUAREZ,"anticoncepcion, prevencion de its y de cancer de cuello uterino",diu: usuarias nuevas,2016-08-01,0,1,0,1,0,2
PUERTO VILLARROEL,"anticoncepcion, prevencion de its y de cancer de cuello uterino",diu: usuarias nuevas,2016-08-01,0,1,3,0,0,4
PUNATA,"anticoncepcion, prevencion de its y de cancer de cuello uterino",diu: usuarias nuevas,2016-08-01,0,0,3,0,0,3
QUILLACOLLO,"anticoncepcion, prevencion de its y de cancer de cuello uterino",diu: usuarias nuevas,2016-08-01,0,6,7,1,0,14
QUIRUSILLAS,"anticoncepcion, prevencion de its y de cancer de cuello uterino",diu: usuarias nuevas,2016-08-01,0,0,1,0,0,1
REYES,"anticoncepcion, prevencion de its y de cancer de cuello uterino",diu: usuarias nuevas,2016-08-01,0,0,1,0,0,1
RIBERALTA,"anticoncepcion, prevencion de its y de cancer de cuello uterino",diu: usuarias nuevas,2016-08-01,8,0,12,4,0,24
ROBORE,"anticoncepcion, prevencion de its y de cancer de cuello uterino",diu: usuarias nuevas,2016-08-01,0,1,1,1,0,3
SACABA,"anticoncepcion, prevencion de its y de cancer de cuello uterino",diu: usuarias nuevas,2016-08-01,0,2,8,3,0,13
SAIPINA,"anticoncepcion, prevencion de its y de cancer de cuello uterino",diu: usuarias nuevas,2016-08-01,0,0,2,0,0,2
SAMAIPATA,"anticoncepcion, prevencion de its y de cancer de cuello uterino",diu: usuarias nuevas,2016-08-01,0,0,2,0,0,2
SAN BORJA,"anticoncepcion, prevencion de its y de cancer de cuello uterino",diu: usuarias nuevas,2016-08-01,0,0,1,1,0,2
SAN CARLOS,"anticoncepcion, prevencion de its y de cancer de cuello uterino",diu: usuarias nuevas,2016-08-01,0,0,0,1,0,1
SAN IGNACIO,"anticoncepcion, prevencion de its y de cancer de cuello uterino",diu: usuarias nuevas,2016-08-01,0,0,3,0,0,3
SAN IGNACIO DE VELASCO,"anticoncepcion, prevencion de its y de cancer de cuello uterino",diu: usuarias nuevas,2016-08-01,0,0,1,0,0,1
SAN JAVIER(STC),"anticoncepcion, prevencion de its y de cancer de cuello uterino",diu: usuarias nuevas,2016-08-01,0,0,1,0,0,1
SAN JOSE DE CHIQUITOS,"anticoncepcion, prevencion de its y de cancer de cuello uterino",diu: usuarias nuevas,2016-08-01,0,1,2,0,0,3
SAN LORENZO(TJA),"anticoncepcion, prevencion de its y de cancer de cuello uterino",diu: usuarias nuevas,2016-08-01,0,2,1,2,0,5
SAN LUCAS,"anticoncepcion, prevencion de its y de cancer de cuello uterino",diu: usuarias nuevas,2016-08-01,0,0,1,0,0,1
SAN RAMON SCZ,"anticoncepcion, prevencion de its y de cancer de cuello uterino",diu: usuarias nuevas,2016-08-01,0,1,0,1,0,2
SANTA ANA,"anticoncepcion, prevencion de its y de cancer de cuello uterino",diu: usuarias nuevas,2016-08-01,0,1,0,0,0,1
SANTA CRUZ DE LA SIERRA,"anticoncepcion, prevencion de its y de cancer de cuello uterino",diu: usuarias nuevas,2016-08-01,0,31,109,40,0,180
SANTA ROSA DEL SARA,"anticoncepcion, prevencion de its y de cancer de cuello uterino",diu: usuarias nuevas,2016-08-01,0,0,1,0,0,1
SANTIVAÃ‘ES,"anticoncepcion, prevencion de its y de cancer de cuello uterino",diu: usuarias nuevas,2016-08-01,0,0,1,0,0,1
SIPE SIPE,"anticoncepcion, prevencion de its y de cancer de cuello uterino",diu: usuarias nuevas,2016-08-01,0,1,7,1,0,9
SUCRE,"anticoncepcion, prevencion de its y de cancer de cuello uterino",diu: usuarias nuevas,2016-08-01,0,6,29,12,0,47
TACOPAYA,"anticoncepcion, prevencion de its y de cancer de cuello uterino",diu: usuarias nuevas,2016-08-01,0,0,1,0,0,1
TARIJA,"anticoncepcion, prevencion de its y de cancer de cuello uterino",diu: usuarias nuevas,2016-08-01,0,10,47,26,0,83
TIQUIPAYA,"anticoncepcion, prevencion de its y de cancer de cuello uterino",diu: usuarias nuevas,2016-08-01,0,1,4,1,1,7
TOCO,"anticoncepcion, prevencion de its y de cancer de cuello uterino",diu: usuarias nuevas,2016-08-01,0,0,1,0,0,1
TOMAVE,"anticoncepcion, prevencion de its y de cancer de cuello uterino",diu: usuarias nuevas,2016-08-01,0,0,1,0,0,1
TORO TORO,"anticoncepcion, prevencion de its y de cancer de cuello uterino",diu: usuarias nuevas,2016-08-01,0,0,2,1,0,3
TRINIDAD,"anticoncepcion, prevencion de its y de cancer de cuello uterino",diu: usuarias nuevas,2016-08-01,0,3,9,7,0,19
TUPIZA,"anticoncepcion, prevencion de its y de cancer de cuello uterino",diu: usuarias nuevas,2016-08-01,0,0,2,0,0,2
URIONDO (A. CONCEPCION),"anticoncepcion, prevencion de its y de cancer de cuello uterino",diu: usuarias nuevas,2016-08-01,0,0,1,0,0,1
UYUNI,"anticoncepcion, prevencion de its y de cancer de cuello uterino",diu: usuarias nuevas,2016-08-01,0,0,3,0,0,3
VALLEGRANDE,"anticoncepcion, prevencion de its y de cancer de cuello uterino",diu: usuarias nuevas,2016-08-01,0,0,3,0,0,3
VILLA CHARCAS,"anticoncepcion, prevencion de its y de cancer de cuello uterino",diu: usuarias nuevas,2016-08-01,0,0,1,0,0,1
VILLA MONTES,"anticoncepcion, prevencion de its y de cancer de cuello uterino",diu: usuarias nuevas,2016-08-01,0,1,2,3,0,6
VILLA RIVERO,"anticoncepcion, prevencion de its y de cancer de cuello uterino",diu: usuarias nuevas,2016-08-01,0,0,2,0,0,2
VILLA SERRANO,"anticoncepcion, prevencion de its y de cancer de cuello uterino",diu: usuarias nuevas,2016-08-01,0,1,0,0,0,1
VILLA TUNARI,"anticoncepcion, prevencion de its y de cancer de cuello uterino",diu: usuarias nuevas,2016-08-01,0,0,3,3,0,6
VILLA VACA GUZMAN (MUYUPAMPA),"anticoncepcion, prevencion de its y de cancer de cuello uterino",diu: usuarias nuevas,2016-08-01,0,1,2,1,0,4
VINTO,"anticoncepcion, prevencion de its y de cancer de cuello uterino",diu: usuarias nuevas,2016-08-01,0,3,1,0,0,4
WARNES,"anticoncepcion, prevencion de its y de cancer de cuello uterino",diu: usuarias nuevas,2016-08-01,0,1,2,1,0,4
YACUIBA,"anticoncepcion, prevencion de its y de cancer de cuello uterino",diu: usuarias nuevas,2016-08-01,0,0,2,0,0,2
AIQUILE,"anticoncepcion, prevencion de its y de cancer de cuello uterino",diu: usuarias nuevas,2016-09-01,0,1,3,0,0,4
ANZALDO,"anticoncepcion, prevencion de its y de cancer de cuello uterino",diu: usuarias nuevas,2016-09-01,0,0,0,1,0,1
ARBIETO,"anticoncepcion, prevencion de its y de cancer de cuello uterino",diu: usuarias nuevas,2016-09-01,0,1,0,0,0,1
ASCENCION DE GUARAYOS,"anticoncepcion, prevencion de its y de cancer de cuello uterino",diu: usuarias nuevas,2016-09-01,0,0,0,1,0,1
AYOPAYA (V. DE INDEPENDENCIA),"anticoncepcion, prevencion de its y de cancer de cuello uterino",diu: usuarias nuevas,2016-09-01,0,0,1,0,0,1
BERMEJO,"anticoncepcion, prevencion de its y de cancer de cuello uterino",diu: usuarias nuevas,2016-09-01,0,0,9,1,0,10
BETANZOS,"anticoncepcion, prevencion de its y de cancer de cuello uterino",diu: usuarias nuevas,2016-09-01,0,0,1,1,0,2
CAMARGO,"anticoncepcion, prevencion de its y de cancer de cuello uterino",diu: usuarias nuevas,2016-09-01,0,0,1,0,0,1
CAMIRI,"anticoncepcion, prevencion de its y de cancer de cuello uterino",diu: usuarias nuevas,2016-09-01,0,0,1,1,0,2
CARACOLLO,"anticoncepcion, prevencion de its y de cancer de cuello uterino",diu: usuarias nuevas,2016-09-01,0,0,1,0,0,1
CARANAVI,"anticoncepcion, prevencion de its y de cancer de cuello uterino",diu: usuarias nuevas,2016-09-01,0,0,1,0,0,1
CHALLAPATA,"anticoncepcion, prevencion de its y de cancer de cuello uterino",diu: usuarias nuevas,2016-09-01,0,0,0,1,0,1
CHARAGUA,"anticoncepcion, prevencion de its y de cancer de cuello uterino",diu: usuarias nuevas,2016-09-01,0,0,1,1,0,2
CLIZA,"anticoncepcion, prevencion de its y de cancer de cuello uterino",diu: usuarias nuevas,2016-09-01,0,0,1,0,0,1
COBIJA,"anticoncepcion, prevencion de its y de cancer de cuello uterino",diu: usuarias nuevas,2016-09-01,0,0,4,0,0,4
COCHABAMBA,"anticoncepcion, prevencion de its y de cancer de cuello uterino",diu: usuarias nuevas,2016-09-01,0,15,124,57,0,196
COLCAPIRHUA,"anticoncepcion, prevencion de its y de cancer de cuello uterino",diu: usuarias nuevas,2016-09-01,0,0,2,0,0,2
COLOMI,"anticoncepcion, prevencion de its y de cancer de cuello uterino",diu: usuarias nuevas,2016-09-01,0,0,1,0,0,1
COMARAPA,"anticoncepcion, prevencion de its y de cancer de cuello uterino",diu: usuarias nuevas,2016-09-01,0,0,0,1,0,1
COPACABANA,"anticoncepcion, prevencion de its y de cancer de cuello uterino",diu: usuarias nuevas,2016-09-01,0,1,0,0,0,1
COTAGAITA,"anticoncepcion, prevencion de its y de cancer de cuello uterino",diu: usuarias nuevas,2016-09-01,0,0,1,2,0,3
COTOCA,"anticoncepcion, prevencion de its y de cancer de cuello uterino",diu: usuarias nuevas,2016-09-01,0,0,2,1,0,3
EL ALTO,"anticoncepcion, prevencion de its y de cancer de cuello uterino",diu: usuarias nuevas,2016-09-01,1,4,23,26,0,54
EL TORNO,"anticoncepcion, prevencion de its y de cancer de cuello uterino",diu: usuarias nuevas,2016-09-01,1,2,3,1,0,7
ENTRE RIOS CBBA,"anticoncepcion, prevencion de its y de cancer de cuello uterino",diu: usuarias nuevas,2016-09-01,0,0,1,0,0,1
FERNANDEZ ALONSO,"anticoncepcion, prevencion de its y de cancer de cuello uterino",diu: usuarias nuevas,2016-09-01,0,0,1,0,0,1
GENERAL SAAVEDRA,"anticoncepcion, prevencion de its y de cancer de cuello uterino",diu: usuarias nuevas,2016-09-01,0,0,3,0,0,3
GUAYARAMERIN,"anticoncepcion, prevencion de its y de cancer de cuello uterino",diu: usuarias nuevas,2016-09-01,0,0,1,1,0,2
LA GUARDIA,"anticoncepcion, prevencion de its y de cancer de cuello uterino",diu: usuarias nuevas,2016-09-01,0,3,10,2,0,15
LA PAZ,"anticoncepcion, prevencion de its y de cancer de cuello uterino",diu: usuarias nuevas,2016-09-01,0,6,101,242,0,349
LAGUNILLAS,"anticoncepcion, prevencion de its y de cancer de cuello uterino",diu: usuarias nuevas,2016-09-01,0,0,2,0,0,2
LAS CARRERAS,"anticoncepcion, prevencion de its y de cancer de cuello uterino",diu: usuarias nuevas,2016-09-01,0,0,1,0,0,1
LLALLAGUA,"anticoncepcion, prevencion de its y de cancer de cuello uterino",diu: usuarias nuevas,2016-09-01,0,3,0,0,0,3
LURIBAY,"anticoncepcion, prevencion de its y de cancer de cuello uterino",diu: usuarias nuevas,2016-09-01,0,0,1,0,0,1
MACHARETI,"anticoncepcion, prevencion de its y de cancer de cuello uterino",diu: usuarias nuevas,2016-09-01,0,0,1,0,0,1
MAPIRI,"anticoncepcion, prevencion de its y de cancer de cuello uterino",diu: usuarias nuevas,2016-09-01,0,0,1,0,0,1
MIZQUE,"anticoncepcion, prevencion de its y de cancer de cuello uterino",diu: usuarias nuevas,2016-09-01,0,0,1,0,0,1
MOJOCOYA,"anticoncepcion, prevencion de its y de cancer de cuello uterino",diu: usuarias nuevas,2016-09-01,0,0,1,0,0,1
MONTEAGUDO,"anticoncepcion, prevencion de its y de cancer de cuello uterino",diu: usuarias nuevas,2016-09-01,0,0,1,0,0,1
MONTERO,"anticoncepcion, prevencion de its y de cancer de cuello uterino",diu: usuarias nuevas,2016-09-01,0,2,9,0,0,11
OKINAWA,"anticoncepcion, prevencion de its y de cancer de cuello uterino",diu: usuarias nuevas,2016-09-01,0,0,1,0,0,1
ORURO,"anticoncepcion, prevencion de its y de cancer de cuello uterino",diu: usuarias nuevas,2016-09-01,0,0,15,6,0,21
PADCAYA,"anticoncepcion, prevencion de its y de cancer de cuello uterino",diu: usuarias nuevas,2016-09-01,0,0,1,0,0,1
PADILLA,"anticoncepcion, prevencion de its y de cancer de cuello uterino",diu: usuarias nuevas,2016-09-01,0,0,0,1,0,1
PAILON,"anticoncepcion, prevencion de its y de cancer de cuello uterino",diu: usuarias nuevas,2016-09-01,0,0,2,1,0,3
PAMPA GRANDE,"anticoncepcion, prevencion de its y de cancer de cuello uterino",diu: usuarias nuevas,2016-09-01,0,0,2,0,0,2
POCOATA,"anticoncepcion, prevencion de its y de cancer de cuello uterino",diu: usuarias nuevas,2016-09-01,0,0,1,0,0,1
POCONA,"anticoncepcion, prevencion de its y de cancer de cuello uterino",diu: usuarias nuevas,2016-09-01,0,0,1,0,0,1
PORONGO,"anticoncepcion, prevencion de its y de cancer de cuello uterino",diu: usuarias nuevas,2016-09-01,0,1,1,0,0,2
PORTACHUELO,"anticoncepcion, prevencion de its y de cancer de cuello uterino",diu: usuarias nuevas,2016-09-01,0,0,2,0,0,2
POTOSI,"anticoncepcion, prevencion de its y de cancer de cuello uterino",diu: usuarias nuevas,2016-09-01,0,0,6,4,0,10
PUERTO QUIJARRO,"anticoncepcion, prevencion de its y de cancer de cuello uterino",diu: usuarias nuevas,2016-09-01,0,0,1,0,0,1
PUERTO SUAREZ,"anticoncepcion, prevencion de its y de cancer de cuello uterino",diu: usuarias nuevas,2016-09-01,0,1,2,1,0,4
PUERTO VILLARROEL,"anticoncepcion, prevencion de its y de cancer de cuello uterino",diu: usuarias nuevas,2016-09-01,0,0,0,1,0,1
PUNATA,"anticoncepcion, prevencion de its y de cancer de cuello uterino",diu: usuarias nuevas,2016-09-01,0,0,2,1,0,3
QUILLACOLLO,"anticoncepcion, prevencion de its y de cancer de cuello uterino",diu: usuarias nuevas,2016-09-01,0,0,5,1,0,6
REYES,"anticoncepcion, prevencion de its y de cancer de cuello uterino",diu: usuarias nuevas,2016-09-01,0,0,1,0,0,1
RIBERALTA,"anticoncepcion, prevencion de its y de cancer de cuello uterino",diu: usuarias nuevas,2016-09-01,0,0,3,0,0,3
RURRENABAQUE,"anticoncepcion, prevencion de its y de cancer de cuello uterino",diu: usuarias nuevas,2016-09-01,0,0,1,0,0,1
SACABA,"anticoncepcion, prevencion de its y de cancer de cuello uterino",diu: usuarias nuevas,2016-09-01,0,1,15,2,0,18
SAIPINA,"anticoncepcion, prevencion de its y de cancer de cuello uterino",diu: usuarias nuevas,2016-09-01,0,1,1,1,0,3
SAN BORJA,"anticoncepcion, prevencion de its y de cancer de cuello uterino",diu: usuarias nuevas,2016-09-01,0,2,1,0,0,3
SAN CARLOS,"anticoncepcion, prevencion de its y de cancer de cuello uterino",diu: usuarias nuevas,2016-09-01,0,1,2,0,0,3
SAN IGNACIO,"anticoncepcion, prevencion de its y de cancer de cuello uterino",diu: usuarias nuevas,2016-09-01,0,0,6,0,0,6
SAN IGNACIO DE VELASCO,"anticoncepcion, prevencion de its y de cancer de cuello uterino",diu: usuarias nuevas,2016-09-01,0,3,3,0,0,6
SAN JAVIER(STC),"anticoncepcion, prevencion de its y de cancer de cuello uterino",diu: usuarias nuevas,2016-09-01,0,3,0,1,0,4
SAN JOSE DE CHIQUITOS,"anticoncepcion, prevencion de its y de cancer de cuello uterino",diu: usuarias nuevas,2016-09-01,0,1,2,0,0,3
SAN LORENZO(TJA),"anticoncepcion, prevencion de its y de cancer de cuello uterino",diu: usuarias nuevas,2016-09-01,0,0,2,1,0,3
SAN MATIAS,"anticoncepcion, prevencion de its y de cancer de cuello uterino",diu: usuarias nuevas,2016-09-01,0,0,1,0,0,1
SAN RAMON SCZ,"anticoncepcion, prevencion de its y de cancer de cuello uterino",diu: usuarias nuevas,2016-09-01,0,0,3,0,0,3
SANTA CRUZ DE LA SIERRA,"anticoncepcion, prevencion de its y de cancer de cuello uterino",diu: usuarias nuevas,2016-09-01,0,31,89,46,0,166
SANTA ROSA DEL SARA,"anticoncepcion, prevencion de its y de cancer de cuello uterino",diu: usuarias nuevas,2016-09-01,0,1,2,0,0,3
SHINAOTA,"anticoncepcion, prevencion de its y de cancer de cuello uterino",diu: usuarias nuevas,2016-09-01,0,1,0,0,0,1
SIPE SIPE,"anticoncepcion, prevencion de its y de cancer de cuello uterino",diu: usuarias nuevas,2016-09-01,0,2,4,1,0,7
SUCRE,"anticoncepcion, prevencion de its y de cancer de cuello uterino",diu: usuarias nuevas,2016-09-01,0,1,22,2,0,25
TARIJA,"anticoncepcion, prevencion de its y de cancer de cuello uterino",diu: usuarias nuevas,2016-09-01,0,3,70,13,0,86
TEOPONTE,"anticoncepcion, prevencion de its y de cancer de cuello uterino",diu: usuarias nuevas,2016-09-01,0,0,1,1,0,2
TIQUIPAYA,"anticoncepcion, prevencion de its y de cancer de cuello uterino",diu: usuarias nuevas,2016-09-01,0,0,6,1,0,7
TORO TORO,"anticoncepcion, prevencion de its y de cancer de cuello uterino",diu: usuarias nuevas,2016-09-01,0,0,1,1,0,2
TRINIDAD,"anticoncepcion, prevencion de its y de cancer de cuello uterino",diu: usuarias nuevas,2016-09-01,1,10,16,0,0,27
TUPIZA,"anticoncepcion, prevencion de its y de cancer de cuello uterino",diu: usuarias nuevas,2016-09-01,0,1,1,1,0,3
VILLA MONTES,"anticoncepcion, prevencion de its y de cancer de cuello uterino",diu: usuarias nuevas,2016-09-01,0,0,3,0,0,3
VILLA TUNARI,"anticoncepcion, prevencion de its y de cancer de cuello uterino",diu: usuarias nuevas,2016-09-01,0,0,1,3,0,4
VILLA VACA GUZMAN (MUYUPAMPA),"anticoncepcion, prevencion de its y de cancer de cuello uterino",diu: usuarias nuevas,2016-09-01,1,0,4,2,0,7
VILLAZON,"anticoncepcion, prevencion de its y de cancer de cuello uterino",diu: usuarias nuevas,2016-09-01,0,0,1,0,0,1
WARNES,"anticoncepcion, prevencion de its y de cancer de cuello uterino",diu: usuarias nuevas,2016-09-01,0,1,4,0,0,5
YACUIBA,"anticoncepcion, prevencion de its y de cancer de cuello uterino",diu: usuarias nuevas,2016-09-01,0,3,5,1,0,9
ZUDAÃ‘EZ,"anticoncepcion, prevencion de its y de cancer de cuello uterino",diu: usuarias nuevas,2016-09-01,0,1,0,0,0,1
AIQUILE,"anticoncepcion, prevencion de its y de cancer de cuello uterino",diu: usuarias nuevas,2016-10-01,0,1,2,0,0,3
ARANI,"anticoncepcion, prevencion de its y de cancer de cuello uterino",diu: usuarias nuevas,2016-10-01,0,0,0,2,0,2
ASCENCION DE GUARAYOS,"anticoncepcion, prevencion de its y de cancer de cuello uterino",diu: usuarias nuevas,2016-10-01,0,0,0,1,0,1
BATALLAS,"anticoncepcion, prevencion de its y de cancer de cuello uterino",diu: usuarias nuevas,2016-10-01,0,0,1,0,0,1
BERMEJO,"anticoncepcion, prevencion de its y de cancer de cuello uterino",diu: usuarias nuevas,2016-10-01,0,1,3,1,0,5
BETANZOS,"anticoncepcion, prevencion de its y de cancer de cuello uterino",diu: usuarias nuevas,2016-10-01,0,1,2,3,0,6
CAMARGO,"anticoncepcion, prevencion de its y de cancer de cuello uterino",diu: usuarias nuevas,2016-10-01,0,0,2,1,0,3
CAMIRI,"anticoncepcion, prevencion de its y de cancer de cuello uterino",diu: usuarias nuevas,2016-10-01,0,0,3,1,0,4
CAPINOTA,"anticoncepcion, prevencion de its y de cancer de cuello uterino",diu: usuarias nuevas,2016-10-01,0,0,1,0,0,1
CARANAVI,"anticoncepcion, prevencion de its y de cancer de cuello uterino",diu: usuarias nuevas,2016-10-01,0,0,4,0,0,4
CHALLAPATA,"anticoncepcion, prevencion de its y de cancer de cuello uterino",diu: usuarias nuevas,2016-10-01,0,0,1,0,0,1
CHULUMANI (V. DE LA LIBERTAD),"anticoncepcion, prevencion de its y de cancer de cuello uterino",diu: usuarias nuevas,2016-10-01,0,0,1,0,0,1
CKOCHAS,"anticoncepcion, prevencion de its y de cancer de cuello uterino",diu: usuarias nuevas,2016-10-01,0,1,1,1,0,3
CLIZA,"anticoncepcion, prevencion de its y de cancer de cuello uterino",diu: usuarias nuevas,2016-10-01,0,0,4,0,0,4
COBIJA,"anticoncepcion, prevencion de its y de cancer de cuello uterino",diu: usuarias nuevas,2016-10-01,0,0,1,0,0,1
COCHABAMBA,"anticoncepcion, prevencion de its y de cancer de cuello uterino",diu: usuarias nuevas,2016-10-01,0,16,55,115,0,186
COLCAPIRHUA,"anticoncepcion, prevencion de its y de cancer de cuello uterino",diu: usuarias nuevas,2016-10-01,0,1,3,1,0,5
CORO CORO,"anticoncepcion, prevencion de its y de cancer de cuello uterino",diu: usuarias nuevas,2016-10-01,0,0,1,0,0,1
COTAGAITA,"anticoncepcion, prevencion de its y de cancer de cuello uterino",diu: usuarias nuevas,2016-10-01,0,0,9,1,0,10
COTOCA,"anticoncepcion, prevencion de its y de cancer de cuello uterino",diu: usuarias nuevas,2016-10-01,0,0,1,0,0,1
CULPINA,"anticoncepcion, prevencion de its y de cancer de cuello uterino",diu: usuarias nuevas,2016-10-01,0,1,0,0,0,1
EL ALTO,"anticoncepcion, prevencion de its y de cancer de cuello uterino",diu: usuarias nuevas,2016-10-01,0,6,30,66,0,102
EL TORNO,"anticoncepcion, prevencion de its y de cancer de cuello uterino",diu: usuarias nuevas,2016-10-01,0,1,3,1,0,5
ENTRE RIOS TRJ,"anticoncepcion, prevencion de its y de cancer de cuello uterino",diu: usuarias nuevas,2016-10-01,0,0,1,0,0,1
ENTRE RIOS CBBA,"anticoncepcion, prevencion de its y de cancer de cuello uterino",diu: usuarias nuevas,2016-10-01,0,0,1,0,0,1
GENERAL SAAVEDRA,"anticoncepcion, prevencion de its y de cancer de cuello uterino",diu: usuarias nuevas,2016-10-01,0,1,0,1,0,2
GUAQUI,"anticoncepcion, prevencion de its y de cancer de cuello uterino",diu: usuarias nuevas,2016-10-01,0,0,1,0,0,1
GUAYARAMERIN,"anticoncepcion, prevencion de its y de cancer de cuello uterino",diu: usuarias nuevas,2016-10-01,0,0,2,0,0,2
HUACARETA,"anticoncepcion, prevencion de its y de cancer de cuello uterino",diu: usuarias nuevas,2016-10-01,0,1,3,1,0,5
LA GUARDIA,"anticoncepcion, prevencion de its y de cancer de cuello uterino",diu: usuarias nuevas,2016-10-01,0,2,7,1,0,10
LA PAZ,"anticoncepcion, prevencion de its y de cancer de cuello uterino",diu: usuarias nuevas,2016-10-01,1,13,116,105,7,242
LAGUNILLAS,"anticoncepcion, prevencion de its y de cancer de cuello uterino",diu: usuarias nuevas,2016-10-01,0,1,0,0,0,1
LLALLAGUA,"anticoncepcion, prevencion de its y de cancer de cuello uterino",diu: usuarias nuevas,2016-10-01,0,0,2,0,0,2
MIZQUE,"anticoncepcion, prevencion de its y de cancer de cuello uterino",diu: usuarias nuevas,2016-10-01,0,0,0,1,0,1
MONTEAGUDO,"anticoncepcion, prevencion de its y de cancer de cuello uterino",diu: usuarias nuevas,2016-10-01,0,1,12,4,0,17
MONTERO,"anticoncepcion, prevencion de its y de cancer de cuello uterino",diu: usuarias nuevas,2016-10-01,0,1,8,2,0,11
OKINAWA,"anticoncepcion, prevencion de its y de cancer de cuello uterino",diu: usuarias nuevas,2016-10-01,0,0,1,0,0,1
ORURO,"anticoncepcion, prevencion de its y de cancer de cuello uterino",diu: usuarias nuevas,2016-10-01,0,4,16,4,0,24
PADCAYA,"anticoncepcion, prevencion de its y de cancer de cuello uterino",diu: usuarias nuevas,2016-10-01,0,0,4,1,0,5
PADILLA,"anticoncepcion, prevencion de its y de cancer de cuello uterino",diu: usuarias nuevas,2016-10-01,0,0,0,1,0,1
PAMPA GRANDE,"anticoncepcion, prevencion de its y de cancer de cuello uterino",diu: usuarias nuevas,2016-10-01,0,1,0,0,0,1
PORTACHUELO,"anticoncepcion, prevencion de its y de cancer de cuello uterino",diu: usuarias nuevas,2016-10-01,0,0,2,0,0,2
PORVENIR,"anticoncepcion, prevencion de its y de cancer de cuello uterino",diu: usuarias nuevas,2016-10-01,0,2,1,0,0,3
POSTRER VALLE,"anticoncepcion, prevencion de its y de cancer de cuello uterino",diu: usuarias nuevas,2016-10-01,0,0,1,0,0,1
POTOSI,"anticoncepcion, prevencion de its y de cancer de cuello uterino",diu: usuarias nuevas,2016-10-01,0,1,7,23,0,31
PUERTO QUIJARRO,"anticoncepcion, prevencion de its y de cancer de cuello uterino",diu: usuarias nuevas,2016-10-01,0,0,1,0,0,1
PUERTO SUAREZ,"anticoncepcion, prevencion de its y de cancer de cuello uterino",diu: usuarias nuevas,2016-10-01,0,0,1,0,0,1
PUERTO VILLARROEL,"anticoncepcion, prevencion de its y de cancer de cuello uterino",diu: usuarias nuevas,2016-10-01,0,2,2,0,0,4
PUNATA,"anticoncepcion, prevencion de its y de cancer de cuello uterino",diu: usuarias nuevas,2016-10-01,0,1,2,0,0,3
QUILLACOLLO,"anticoncepcion, prevencion de its y de cancer de cuello uterino",diu: usuarias nuevas,2016-10-01,0,2,8,1,0,11
QUIME,"anticoncepcion, prevencion de its y de cancer de cuello uterino",diu: usuarias nuevas,2016-10-01,0,0,1,0,0,1
ROBORE,"anticoncepcion, prevencion de its y de cancer de cuello uterino",diu: usuarias nuevas,2016-10-01,0,0,2,0,0,2
SACABA,"anticoncepcion, prevencion de its y de cancer de cuello uterino",diu: usuarias nuevas,2016-10-01,0,3,12,7,0,22
SAIPINA,"anticoncepcion, prevencion de its y de cancer de cuello uterino",diu: usuarias nuevas,2016-10-01,0,0,1,1,0,2
SAMAIPATA,"anticoncepcion, prevencion de its y de cancer de cuello uterino",diu: usuarias nuevas,2016-10-01,0,0,1,0,0,1
SAN BORJA,"anticoncepcion, prevencion de its y de cancer de cuello uterino",diu: usuarias nuevas,2016-10-01,0,1,0,0,0,1
SAN CARLOS,"anticoncepcion, prevencion de its y de cancer de cuello uterino",diu: usuarias nuevas,2016-10-01,0,1,7,1,0,9
SAN IGNACIO,"anticoncepcion, prevencion de its y de cancer de cuello uterino",diu: usuarias nuevas,2016-10-01,0,0,3,0,0,3
SAN IGNACIO DE VELASCO,"anticoncepcion, prevencion de its y de cancer de cuello uterino",diu: usuarias nuevas,2016-10-01,0,1,3,0,0,4
SAN JAVIER(STC),"anticoncepcion, prevencion de its y de cancer de cuello uterino",diu: usuarias nuevas,2016-10-01,0,0,1,0,0,1
SAN JOAQUIN,"anticoncepcion, prevencion de its y de cancer de cuello uterino",diu: usuarias nuevas,2016-10-01,0,0,1,0,0,1
SAN JOSE DE CHIQUITOS,"anticoncepcion, prevencion de its y de cancer de cuello uterino",diu: usuarias nuevas,2016-10-01,0,1,2,0,0,3
SAN LORENZO(TJA),"anticoncepcion, prevencion de its y de cancer de cuello uterino",diu: usuarias nuevas,2016-10-01,0,0,2,1,0,3
SANTA CRUZ DE LA SIERRA,"anticoncepcion, prevencion de its y de cancer de cuello uterino",diu: usuarias nuevas,2016-10-01,0,26,86,53,1,166
SANTA ROSA DEL SARA,"anticoncepcion, prevencion de its y de cancer de cuello uterino",diu: usuarias nuevas,2016-10-01,0,0,0,0,1,1
SIPE SIPE,"anticoncepcion, prevencion de its y de cancer de cuello uterino",diu: usuarias nuevas,2016-10-01,0,1,6,0,0,7
SUCRE,"anticoncepcion, prevencion de its y de cancer de cuello uterino",diu: usuarias nuevas,2016-10-01,0,4,36,14,0,54
TARIJA,"anticoncepcion, prevencion de its y de cancer de cuello uterino",diu: usuarias nuevas,2016-10-01,2,3,42,23,1,71
TIQUIPAYA,"anticoncepcion, prevencion de its y de cancer de cuello uterino",diu: usuarias nuevas,2016-10-01,0,0,4,0,0,4
TOLATA,"anticoncepcion, prevencion de its y de cancer de cuello uterino",diu: usuarias nuevas,2016-10-01,0,0,1,0,0,1
TORO TORO,"anticoncepcion, prevencion de its y de cancer de cuello uterino",diu: usuarias nuevas,2016-10-01,0,0,2,1,0,3
TRINIDAD,"anticoncepcion, prevencion de its y de cancer de cuello uterino",diu: usuarias nuevas,2016-10-01,0,0,11,4,0,15
TUPIZA,"anticoncepcion, prevencion de its y de cancer de cuello uterino",diu: usuarias nuevas,2016-10-01,0,0,2,0,0,2
UYUNI,"anticoncepcion, prevencion de its y de cancer de cuello uterino",diu: usuarias nuevas,2016-10-01,0,0,1,0,0,1
VALLEGRANDE,"anticoncepcion, prevencion de its y de cancer de cuello uterino",diu: usuarias nuevas,2016-10-01,0,3,0,1,0,4
VILLA MONTES,"anticoncepcion, prevencion de its y de cancer de cuello uterino",diu: usuarias nuevas,2016-10-01,0,0,4,2,0,6
VILLA TUNARI,"anticoncepcion, prevencion de its y de cancer de cuello uterino",diu: usuarias nuevas,2016-10-01,0,0,1,3,0,4
VILLA VACA GUZMAN (MUYUPAMPA),"anticoncepcion, prevencion de its y de cancer de cuello uterino",diu: usuarias nuevas,2016-10-01,0,1,0,0,0,1
VILLAZON,"anticoncepcion, prevencion de its y de cancer de cuello uterino",diu: usuarias nuevas,2016-10-01,0,1,0,0,0,1
VINTO,"anticoncepcion, prevencion de its y de cancer de cuello uterino",diu: usuarias nuevas,2016-10-01,0,0,2,1,0,3
WARNES,"anticoncepcion, prevencion de its y de cancer de cuello uterino",diu: usuarias nuevas,2016-10-01,0,0,2,0,0,2
YACUIBA,"anticoncepcion, prevencion de its y de cancer de cuello uterino",diu: usuarias nuevas,2016-10-01,0,0,3,0,0,3
YOCALLA,"anticoncepcion, prevencion de its y de cancer de cuello uterino",diu: usuarias nuevas,2016-10-01,0,0,1,0,0,1
AIQUILE,"anticoncepcion, prevencion de its y de cancer de cuello uterino",diu: usuarias nuevas,2016-11-01,0,1,2,1,0,4
ASCENCION DE GUARAYOS,"anticoncepcion, prevencion de its y de cancer de cuello uterino",diu: usuarias nuevas,2016-11-01,0,1,1,1,0,3
AZURDUY,"anticoncepcion, prevencion de its y de cancer de cuello uterino",diu: usuarias nuevas,2016-11-01,0,0,1,0,0,1
BERMEJO,"anticoncepcion, prevencion de its y de cancer de cuello uterino",diu: usuarias nuevas,2016-11-01,0,0,3,0,0,3
BOYUIBE,"anticoncepcion, prevencion de its y de cancer de cuello uterino",diu: usuarias nuevas,2016-11-01,0,0,1,0,0,1
BUENA VISTA,"anticoncepcion, prevencion de its y de cancer de cuello uterino",diu: usuarias nuevas,2016-11-01,0,0,2,0,0,2
CAMARGO,"anticoncepcion, prevencion de its y de cancer de cuello uterino",diu: usuarias nuevas,2016-11-01,0,1,3,2,0,6
CAMIRI,"anticoncepcion, prevencion de its y de cancer de cuello uterino",diu: usuarias nuevas,2016-11-01,0,0,2,1,0,3
CARANAVI,"anticoncepcion, prevencion de its y de cancer de cuello uterino",diu: usuarias nuevas,2016-11-01,0,0,4,2,0,6
CHALLAPATA,"anticoncepcion, prevencion de its y de cancer de cuello uterino",diu: usuarias nuevas,2016-11-01,0,0,1,0,0,1
CHARAGUA,"anticoncepcion, prevencion de its y de cancer de cuello uterino",diu: usuarias nuevas,2016-11-01,0,0,2,0,0,2
COBIJA,"anticoncepcion, prevencion de its y de cancer de cuello uterino",diu: usuarias nuevas,2016-11-01,0,1,1,0,0,2
COCHABAMBA,"anticoncepcion, prevencion de its y de cancer de cuello uterino",diu: usuarias nuevas,2016-11-01,0,20,93,24,1,138
COLCAPIRHUA,"anticoncepcion, prevencion de its y de cancer de cuello uterino",diu: usuarias nuevas,2016-11-01,0,0,1,1,0,2
COTOCA,"anticoncepcion, prevencion de its y de cancer de cuello uterino",diu: usuarias nuevas,2016-11-01,0,0,1,2,0,3
EL ALTO,"anticoncepcion, prevencion de its y de cancer de cuello uterino",diu: usuarias nuevas,2016-11-01,0,7,36,5,0,48
EL PUENTE(STC),"anticoncepcion, prevencion de its y de cancer de cuello uterino",diu: usuarias nuevas,2016-11-01,0,0,1,0,0,1
EL PUENTE(TJA),"anticoncepcion, prevencion de its y de cancer de cuello uterino",diu: usuarias nuevas,2016-11-01,0,0,0,1,0,1
EL TORNO,"anticoncepcion, prevencion de its y de cancer de cuello uterino",diu: usuarias nuevas,2016-11-01,0,1,1,0,0,2
ENTRE RIOS TRJ,"anticoncepcion, prevencion de its y de cancer de cuello uterino",diu: usuarias nuevas,2016-11-01,0,0,5,0,0,5
ENTRE RIOS CBBA,"anticoncepcion, prevencion de its y de cancer de cuello uterino",diu: usuarias nuevas,2016-11-01,0,0,1,0,0,1
GENERAL SAAVEDRA,"anticoncepcion, prevencion de its y de cancer de cuello uterino",diu: usuarias nuevas,2016-11-01,0,0,2,1,0,3
GUAYARAMERIN,"anticoncepcion, prevencion de its y de cancer de cuello uterino",diu: usuarias nuevas,2016-11-01,0,0,3,0,0,3
HUACARETA,"anticoncepcion, prevencion de its y de cancer de cuello uterino",diu: usuarias nuevas,2016-11-01,0,0,3,0,0,3
LA GUARDIA,"anticoncepcion, prevencion de its y de cancer de cuello uterino",diu: usuarias nuevas,2016-11-01,0,1,7,0,0,8
LA PAZ,"anticoncepcion, prevencion de its y de cancer de cuello uterino",diu: usuarias nuevas,2016-11-01,0,5,112,58,0,175
LAJA,"anticoncepcion, prevencion de its y de cancer de cuello uterino",diu: usuarias nuevas,2016-11-01,0,0,1,0,0,1
LLALLAGUA,"anticoncepcion, prevencion de its y de cancer de cuello uterino",diu: usuarias nuevas,2016-11-01,0,1,1,1,0,3
LURIBAY,"anticoncepcion, prevencion de its y de cancer de cuello uterino",diu: usuarias nuevas,2016-11-01,0,0,1,0,0,1
MAIRANA,"anticoncepcion, prevencion de its y de cancer de cuello uterino",diu: usuarias nuevas,2016-11-01,0,0,1,0,0,1
MINEROS,"anticoncepcion, prevencion de its y de cancer de cuello uterino",diu: usuarias nuevas,2016-11-01,0,0,1,0,0,1
MONTEAGUDO,"anticoncepcion, prevencion de its y de cancer de cuello uterino",diu: usuarias nuevas,2016-11-01,0,0,3,0,0,3
MONTERO,"anticoncepcion, prevencion de its y de cancer de cuello uterino",diu: usuarias nuevas,2016-11-01,0,0,6,1,0,7
MOROCHATA,"anticoncepcion, prevencion de its y de cancer de cuello uterino",diu: usuarias nuevas,2016-11-01,0,1,0,0,0,1
OKINAWA,"anticoncepcion, prevencion de its y de cancer de cuello uterino",diu: usuarias nuevas,2016-11-01,0,3,2,0,0,5
ORURO,"anticoncepcion, prevencion de its y de cancer de cuello uterino",diu: usuarias nuevas,2016-11-01,0,1,16,9,0,26
PADCAYA,"anticoncepcion, prevencion de its y de cancer de cuello uterino",diu: usuarias nuevas,2016-11-01,0,0,1,1,0,2
PADILLA,"anticoncepcion, prevencion de its y de cancer de cuello uterino",diu: usuarias nuevas,2016-11-01,0,0,1,1,0,2
PAILON,"anticoncepcion, prevencion de its y de cancer de cuello uterino",diu: usuarias nuevas,2016-11-01,0,1,3,0,0,4
POCONA,"anticoncepcion, prevencion de its y de cancer de cuello uterino",diu: usuarias nuevas,2016-11-01,0,0,1,0,0,1
PORVENIR,"anticoncepcion, prevencion de its y de cancer de cuello uterino",diu: usuarias nuevas,2016-11-01,0,1,0,0,0,1
POTOSI,"anticoncepcion, prevencion de its y de cancer de cuello uterino",diu: usuarias nuevas,2016-11-01,0,0,9,22,0,31
PUERTO QUIJARRO,"anticoncepcion, prevencion de its y de cancer de cuello uterino",diu: usuarias nuevas,2016-11-01,0,0,2,0,0,2
PUERTO SUAREZ,"anticoncepcion, prevencion de its y de cancer de cuello uterino",diu: usuarias nuevas,2016-11-01,0,0,4,0,0,4
PUERTO VILLARROEL,"anticoncepcion, prevencion de its y de cancer de cuello uterino",diu: usuarias nuevas,2016-11-01,0,0,3,0,0,3
PUNA,"anticoncepcion, prevencion de its y de cancer de cuello uterino",diu: usuarias nuevas,2016-11-01,0,0,0,2,0,2
PUNATA,"anticoncepcion, prevencion de its y de cancer de cuello uterino",diu: usuarias nuevas,2016-11-01,0,0,1,0,0,1
QUILLACOLLO,"anticoncepcion, prevencion de its y de cancer de cuello uterino",diu: usuarias nuevas,2016-11-01,0,0,9,2,0,11
QUIRUSILLAS,"anticoncepcion, prevencion de its y de cancer de cuello uterino",diu: usuarias nuevas,2016-11-01,0,0,2,0,0,2
RIBERALTA,"anticoncepcion, prevencion de its y de cancer de cuello uterino",diu: usuarias nuevas,2016-11-01,0,1,1,1,0,3
ROBORE,"anticoncepcion, prevencion de its y de cancer de cuello uterino",diu: usuarias nuevas,2016-11-01,0,0,1,0,0,1
SACABA,"anticoncepcion, prevencion de its y de cancer de cuello uterino",diu: usuarias nuevas,2016-11-01,0,1,10,4,0,15
SAIPINA,"anticoncepcion, prevencion de its y de cancer de cuello uterino",diu: usuarias nuevas,2016-11-01,0,1,2,1,0,4
SAN BORJA,"anticoncepcion, prevencion de its y de cancer de cuello uterino",diu: usuarias nuevas,2016-11-01,0,0,3,1,0,4
SAN CARLOS,"anticoncepcion, prevencion de its y de cancer de cuello uterino",diu: usuarias nuevas,2016-11-01,0,0,6,1,0,7
SAN IGNACIO,"anticoncepcion, prevencion de its y de cancer de cuello uterino",diu: usuarias nuevas,2016-11-01,0,0,2,0,0,2
SAN IGNACIO DE VELASCO,"anticoncepcion, prevencion de its y de cancer de cuello uterino",diu: usuarias nuevas,2016-11-01,0,1,2,1,0,4
SAN JAVIER(STC),"anticoncepcion, prevencion de its y de cancer de cuello uterino",diu: usuarias nuevas,2016-11-01,0,1,1,0,0,2
SAN JOSE DE CHIQUITOS,"anticoncepcion, prevencion de its y de cancer de cuello uterino",diu: usuarias nuevas,2016-11-01,0,1,2,1,0,4
SAN LORENZO(TJA),"anticoncepcion, prevencion de its y de cancer de cuello uterino",diu: usuarias nuevas,2016-11-01,0,1,2,1,0,4
SAN PEDRO DE TIQUINA,"anticoncepcion, prevencion de its y de cancer de cuello uterino",diu: usuarias nuevas,2016-11-01,0,0,1,0,0,1
SAN RAMON BENI,"anticoncepcion, prevencion de its y de cancer de cuello uterino",diu: usuarias nuevas,2016-11-01,0,0,1,0,0,1
SAN RAMON SCZ,"anticoncepcion, prevencion de its y de cancer de cuello uterino",diu: usuarias nuevas,2016-11-01,0,0,1,0,0,1
SANTA ANA,"anticoncepcion, prevencion de its y de cancer de cuello uterino",diu: usuarias nuevas,2016-11-01,0,0,2,1,0,3
SANTA CRUZ DE LA SIERRA,"anticoncepcion, prevencion de its y de cancer de cuello uterino",diu: usuarias nuevas,2016-11-01,6,20,83,27,5,141
SIPE SIPE,"anticoncepcion, prevencion de its y de cancer de cuello uterino",diu: usuarias nuevas,2016-11-01,0,0,7,0,0,7
SUCRE,"anticoncepcion, prevencion de its y de cancer de cuello uterino",diu: usuarias nuevas,2016-11-01,0,3,36,11,0,50
TARIJA,"anticoncepcion, prevencion de its y de cancer de cuello uterino",diu: usuarias nuevas,2016-11-01,0,7,38,26,1,72
TIPUANI,"anticoncepcion, prevencion de its y de cancer de cuello uterino",diu: usuarias nuevas,2016-11-01,0,0,1,0,0,1
TIQUIPAYA,"anticoncepcion, prevencion de its y de cancer de cuello uterino",diu: usuarias nuevas,2016-11-01,0,0,4,2,0,6
TOTORA(CBBA),"anticoncepcion, prevencion de its y de cancer de cuello uterino",diu: usuarias nuevas,2016-11-01,0,0,1,1,0,2
TRINIDAD,"anticoncepcion, prevencion de its y de cancer de cuello uterino",diu: usuarias nuevas,2016-11-01,0,0,10,1,0,11
UYUNI,"anticoncepcion, prevencion de its y de cancer de cuello uterino",diu: usuarias nuevas,2016-11-01,0,0,1,0,0,1
VALLEGRANDE,"anticoncepcion, prevencion de its y de cancer de cuello uterino",diu: usuarias nuevas,2016-11-01,0,1,3,0,0,4
VILLA TUNARI,"anticoncepcion, prevencion de its y de cancer de cuello uterino",diu: usuarias nuevas,2016-11-01,0,0,2,4,0,6
VILLA VACA GUZMAN (MUYUPAMPA),"anticoncepcion, prevencion de its y de cancer de cuello uterino",diu: usuarias nuevas,2016-11-01,0,0,1,0,0,1
VILLAZON,"anticoncepcion, prevencion de its y de cancer de cuello uterino",diu: usuarias nuevas,2016-11-01,0,0,2,0,0,2
VINTO,"anticoncepcion, prevencion de its y de cancer de cuello uterino",diu: usuarias nuevas,2016-11-01,0,1,3,0,0,4
WARNES,"anticoncepcion, prevencion de its y de cancer de cuello uterino",diu: usuarias nuevas,2016-11-01,0,0,2,0,0,2
YACUIBA,"anticoncepcion, prevencion de its y de cancer de cuello uterino",diu: usuarias nuevas,2016-11-01,0,1,4,1,0,6
AIQUILE,"anticoncepcion, prevencion de its y de cancer de cuello uterino",diu: usuarias nuevas,2016-12-01,0,0,1,0,0,1
AYOPAYA (V. DE INDEPENDENCIA),"anticoncepcion, prevencion de its y de cancer de cuello uterino",diu: usuarias nuevas,2016-12-01,0,0,1,1,0,2
BERMEJO,"anticoncepcion, prevencion de its y de cancer de cuello uterino",diu: usuarias nuevas,2016-12-01,0,1,2,0,0,3
BOYUIBE,"anticoncepcion, prevencion de its y de cancer de cuello uterino",diu: usuarias nuevas,2016-12-01,0,0,1,0,0,1
BUENA VISTA,"anticoncepcion, prevencion de its y de cancer de cuello uterino",diu: usuarias nuevas,2016-12-01,1,0,1,0,0,2
CAMARGO,"anticoncepcion, prevencion de its y de cancer de cuello uterino",diu: usuarias nuevas,2016-12-01,0,0,2,0,0,2
CAMIRI,"anticoncepcion, prevencion de its y de cancer de cuello uterino",diu: usuarias nuevas,2016-12-01,0,0,2,0,0,2
CARANAVI,"anticoncepcion, prevencion de its y de cancer de cuello uterino",diu: usuarias nuevas,2016-12-01,0,0,0,1,0,1
CLIZA,"anticoncepcion, prevencion de its y de cancer de cuello uterino",diu: usuarias nuevas,2016-12-01,0,0,4,0,0,4
COCHABAMBA,"anticoncepcion, prevencion de its y de cancer de cuello uterino",diu: usuarias nuevas,2016-12-01,0,16,110,24,0,150
COLOMI,"anticoncepcion, prevencion de its y de cancer de cuello uterino",diu: usuarias nuevas,2016-12-01,0,0,2,1,0,3
CONCEPCION,"anticoncepcion, prevencion de its y de cancer de cuello uterino",diu: usuarias nuevas,2016-12-01,0,0,1,0,0,1
COTOCA,"anticoncepcion, prevencion de its y de cancer de cuello uterino",diu: usuarias nuevas,2016-12-01,0,1,2,0,0,3
EL ALTO,"anticoncepcion, prevencion de its y de cancer de cuello uterino",diu: usuarias nuevas,2016-12-01,0,1,37,3,0,41
EL TORNO,"anticoncepcion, prevencion de its y de cancer de cuello uterino",diu: usuarias nuevas,2016-12-01,0,1,0,0,0,1
ENTRE RIOS TRJ,"anticoncepcion, prevencion de its y de cancer de cuello uterino",diu: usuarias nuevas,2016-12-01,0,0,1,0,0,1
ESCARA,"anticoncepcion, prevencion de its y de cancer de cuello uterino",diu: usuarias nuevas,2016-12-01,0,0,2,0,0,2
GENERAL SAAVEDRA,"anticoncepcion, prevencion de its y de cancer de cuello uterino",diu: usuarias nuevas,2016-12-01,0,0,1,1,0,2
HUACARETA,"anticoncepcion, prevencion de its y de cancer de cuello uterino",diu: usuarias nuevas,2016-12-01,0,2,0,0,0,2
LA GUARDIA,"anticoncepcion, prevencion de its y de cancer de cuello uterino",diu: usuarias nuevas,2016-12-01,0,1,4,2,0,7
LA PAZ,"anticoncepcion, prevencion de its y de cancer de cuello uterino",diu: usuarias nuevas,2016-12-01,0,5,80,35,0,120
LAS CARRERAS,"anticoncepcion, prevencion de its y de cancer de cuello uterino",diu: usuarias nuevas,2016-12-01,0,0,0,1,0,1
LLALLAGUA,"anticoncepcion, prevencion de its y de cancer de cuello uterino",diu: usuarias nuevas,2016-12-01,0,0,2,0,0,2
MAGDALENA,"anticoncepcion, prevencion de its y de cancer de cuello uterino",diu: usuarias nuevas,2016-12-01,0,1,2,1,0,4
MINEROS,"anticoncepcion, prevencion de its y de cancer de cuello uterino",diu: usuarias nuevas,2016-12-01,0,0,1,0,0,1
MIZQUE,"anticoncepcion, prevencion de its y de cancer de cuello uterino",diu: usuarias nuevas,2016-12-01,0,0,2,0,0,2
MONTEAGUDO,"anticoncepcion, prevencion de its y de cancer de cuello uterino",diu: usuarias nuevas,2016-12-01,2,1,2,1,0,6
MONTERO,"anticoncepcion, prevencion de its y de cancer de cuello uterino",diu: usuarias nuevas,2016-12-01,0,1,7,1,0,9
MOROCHATA,"anticoncepcion, prevencion de its y de cancer de cuello uterino",diu: usuarias nuevas,2016-12-01,0,1,0,0,0,1
ORURO,"anticoncepcion, prevencion de its y de cancer de cuello uterino",diu: usuarias nuevas,2016-12-01,0,1,16,3,0,20
PADCAYA,"anticoncepcion, prevencion de its y de cancer de cuello uterino",diu: usuarias nuevas,2016-12-01,0,0,1,0,0,1
PADILLA,"anticoncepcion, prevencion de its y de cancer de cuello uterino",diu: usuarias nuevas,2016-12-01,0,0,2,0,0,2
PAILON,"anticoncepcion, prevencion de its y de cancer de cuello uterino",diu: usuarias nuevas,2016-12-01,0,1,1,0,0,2
PAMPA GRANDE,"anticoncepcion, prevencion de its y de cancer de cuello uterino",diu: usuarias nuevas,2016-12-01,0,0,1,0,0,1
PORCO,"anticoncepcion, prevencion de its y de cancer de cuello uterino",diu: usuarias nuevas,2016-12-01,0,0,1,0,0,1
POTOSI,"anticoncepcion, prevencion de its y de cancer de cuello uterino",diu: usuarias nuevas,2016-12-01,0,1,2,6,0,9
PUERTO SUAREZ,"anticoncepcion, prevencion de its y de cancer de cuello uterino",diu: usuarias nuevas,2016-12-01,0,0,1,0,0,1
PUERTO VILLARROEL,"anticoncepcion, prevencion de its y de cancer de cuello uterino",diu: usuarias nuevas,2016-12-01,0,0,1,0,0,1
PUNATA,"anticoncepcion, prevencion de its y de cancer de cuello uterino",diu: usuarias nuevas,2016-12-01,0,2,1,1,0,4
QUILLACOLLO,"anticoncepcion, prevencion de its y de cancer de cuello uterino",diu: usuarias nuevas,2016-12-01,0,0,8,3,0,11
QUIRUSILLAS,"anticoncepcion, prevencion de its y de cancer de cuello uterino",diu: usuarias nuevas,2016-12-01,0,0,1,0,0,1
RIBERALTA,"anticoncepcion, prevencion de its y de cancer de cuello uterino",diu: usuarias nuevas,2016-12-01,0,0,1,0,0,1
ROBORE,"anticoncepcion, prevencion de its y de cancer de cuello uterino",diu: usuarias nuevas,2016-12-01,0,0,2,0,0,2
RURRENABAQUE,"anticoncepcion, prevencion de its y de cancer de cuello uterino",diu: usuarias nuevas,2016-12-01,0,0,1,0,0,1
SACABA,"anticoncepcion, prevencion de its y de cancer de cuello uterino",diu: usuarias nuevas,2016-12-01,0,2,11,5,0,18
SAN BORJA,"anticoncepcion, prevencion de its y de cancer de cuello uterino",diu: usuarias nuevas,2016-12-01,0,3,1,0,0,4
SAN BUENA VENTURA,"anticoncepcion, prevencion de its y de cancer de cuello uterino",diu: usuarias nuevas,2016-12-01,0,1,1,0,0,2
SAN CARLOS,"anticoncepcion, prevencion de its y de cancer de cuello uterino",diu: usuarias nuevas,2016-12-01,0,0,1,0,0,1
SAN IGNACIO,"anticoncepcion, prevencion de its y de cancer de cuello uterino",diu: usuarias nuevas,2016-12-01,0,1,2,0,1,4
SAN IGNACIO DE VELASCO,"anticoncepcion, prevencion de its y de cancer de cuello uterino",diu: usuarias nuevas,2016-12-01,0,2,6,2,0,10
SAN JAVIER(STC),"anticoncepcion, prevencion de its y de cancer de cuello uterino",diu: usuarias nuevas,2016-12-01,0,0,2,0,0,2
SAN JOSE DE CHIQUITOS,"anticoncepcion, prevencion de its y de cancer de cuello uterino",diu: usuarias nuevas,2016-12-01,0,0,2,1,0,3
SAN JULIAN,"anticoncepcion, prevencion de its y de cancer de cuello uterino",diu: usuarias nuevas,2016-12-01,0,0,2,0,0,2
SAN LORENZO(TJA),"anticoncepcion, prevencion de its y de cancer de cuello uterino",diu: usuarias nuevas,2016-12-01,0,0,0,1,0,1
SAN RAMON SCZ,"anticoncepcion, prevencion de its y de cancer de cuello uterino",diu: usuarias nuevas,2016-12-01,0,0,2,0,0,2
SANTA ANA,"anticoncepcion, prevencion de its y de cancer de cuello uterino",diu: usuarias nuevas,2016-12-01,0,1,0,0,0,1
SANTA CRUZ DE LA SIERRA,"anticoncepcion, prevencion de its y de cancer de cuello uterino",diu: usuarias nuevas,2016-12-01,0,22,69,32,0,123
SANTA ROSA DEL SARA,"anticoncepcion, prevencion de its y de cancer de cuello uterino",diu: usuarias nuevas,2016-12-01,0,0,2,0,0,2
SANTIAGO DE HUARI,"anticoncepcion, prevencion de its y de cancer de cuello uterino",diu: usuarias nuevas,2016-12-01,0,0,1,0,0,1
SIPE SIPE,"anticoncepcion, prevencion de its y de cancer de cuello uterino",diu: usuarias nuevas,2016-12-01,0,0,3,2,0,5
SUCRE,"anticoncepcion, prevencion de its y de cancer de cuello uterino",diu: usuarias nuevas,2016-12-01,0,5,39,10,1,55
TACOPAYA,"anticoncepcion, prevencion de its y de cancer de cuello uterino",diu: usuarias nuevas,2016-12-01,0,0,1,0,0,1
TARIJA,"anticoncepcion, prevencion de its y de cancer de cuello uterino",diu: usuarias nuevas,2016-12-01,0,6,73,33,0,112
TIQUIPAYA,"anticoncepcion, prevencion de its y de cancer de cuello uterino",diu: usuarias nuevas,2016-12-01,0,1,3,0,0,4
TOMAVE,"anticoncepcion, prevencion de its y de cancer de cuello uterino",diu: usuarias nuevas,2016-12-01,0,0,1,0,0,1
TORO TORO,"anticoncepcion, prevencion de its y de cancer de cuello uterino",diu: usuarias nuevas,2016-12-01,0,0,1,1,0,2
TRINIDAD,"anticoncepcion, prevencion de its y de cancer de cuello uterino",diu: usuarias nuevas,2016-12-01,0,0,9,4,0,13
TUPIZA,"anticoncepcion, prevencion de its y de cancer de cuello uterino",diu: usuarias nuevas,2016-12-01,0,0,2,0,0,2
VALLEGRANDE,"anticoncepcion, prevencion de its y de cancer de cuello uterino",diu: usuarias nuevas,2016-12-01,0,0,1,0,0,1
VIACHA,"anticoncepcion, prevencion de its y de cancer de cuello uterino",diu: usuarias nuevas,2016-12-01,0,0,1,0,0,1
VILLA CHARCAS,"anticoncepcion, prevencion de its y de cancer de cuello uterino",diu: usuarias nuevas,2016-12-01,0,0,1,0,0,1
VILLA MONTES,"anticoncepcion, prevencion de its y de cancer de cuello uterino",diu: usuarias nuevas,2016-12-01,0,0,1,0,0,1
VILLA TUNARI,"anticoncepcion, prevencion de its y de cancer de cuello uterino",diu: usuarias nuevas,2016-12-01,0,0,0,3,0,3
VILLA VACA GUZMAN (MUYUPAMPA),"anticoncepcion, prevencion de its y de cancer de cuello uterino",diu: usuarias nuevas,2016-12-01,0,0,0,1,0,1
VILLAZON,"anticoncepcion, prevencion de its y de cancer de cuello uterino",diu: usuarias nuevas,2016-12-01,0,0,1,0,0,1
VINTO,"anticoncepcion, prevencion de its y de cancer de cuello uterino",diu: usuarias nuevas,2016-12-01,0,2,5,0,0,7
WARNES,"anticoncepcion, prevencion de its y de cancer de cuello uterino",diu: usuarias nuevas,2016-12-01,0,0,5,0,0,5
YACUIBA,"anticoncepcion, prevencion de its y de cancer de cuello uterino",diu: usuarias nuevas,2016-12-01,0,3,8,0,0,11
YOCALLA,"anticoncepcion, prevencion de its y de cancer de cuello uterino",diu: usuarias nuevas,2016-12-01,0,0,1,0,0,1
