municipality,group,variable,month,Implante subdérmico: Usuarias Continuas,Implante subdérmico: Usuarias Continuas1,Implante subdérmico: Usuarias Continuas2,Implante subdérmico: Usuarias Continuas3,Implante subdérmico: Usuarias Continuas4,TOTAL
AIQUILE,"anticoncepcion, prevencion de its y de cancer de cuello uterino",implante subdermico: usuarias continuas,2016-01-01,0,2,6,1,0,9
ANTEQUERA,"anticoncepcion, prevencion de its y de cancer de cuello uterino",implante subdermico: usuarias continuas,2016-01-01,0,0,0,1,0,1
ATOCHA,"anticoncepcion, prevencion de its y de cancer de cuello uterino",implante subdermico: usuarias continuas,2016-01-01,0,1,1,0,0,2
AYOPAYA (V. DE INDEPENDENCIA),"anticoncepcion, prevencion de its y de cancer de cuello uterino",implante subdermico: usuarias continuas,2016-01-01,0,0,0,1,0,1
CAMARGO,"anticoncepcion, prevencion de its y de cancer de cuello uterino",implante subdermico: usuarias continuas,2016-01-01,0,0,1,0,0,1
CAPINOTA,"anticoncepcion, prevencion de its y de cancer de cuello uterino",implante subdermico: usuarias continuas,2016-01-01,0,0,3,0,0,3
COBIJA,"anticoncepcion, prevencion de its y de cancer de cuello uterino",implante subdermico: usuarias continuas,2016-01-01,0,0,5,1,0,6
COCHABAMBA,"anticoncepcion, prevencion de its y de cancer de cuello uterino",implante subdermico: usuarias continuas,2016-01-01,0,6,3,0,0,9
COLOMI,"anticoncepcion, prevencion de its y de cancer de cuello uterino",implante subdermico: usuarias continuas,2016-01-01,0,1,1,0,0,2
CORQUE,"anticoncepcion, prevencion de its y de cancer de cuello uterino",implante subdermico: usuarias continuas,2016-01-01,0,0,3,1,0,4
COTAGAITA,"anticoncepcion, prevencion de its y de cancer de cuello uterino",implante subdermico: usuarias continuas,2016-01-01,0,0,1,0,0,1
EL ALTO,"anticoncepcion, prevencion de its y de cancer de cuello uterino",implante subdermico: usuarias continuas,2016-01-01,0,5,24,12,0,41
EL VILLAR,"anticoncepcion, prevencion de its y de cancer de cuello uterino",implante subdermico: usuarias continuas,2016-01-01,0,0,2,0,0,2
ENTRE RIOS TRJ,"anticoncepcion, prevencion de its y de cancer de cuello uterino",implante subdermico: usuarias continuas,2016-01-01,0,0,1,1,0,2
HUACARETA,"anticoncepcion, prevencion de its y de cancer de cuello uterino",implante subdermico: usuarias continuas,2016-01-01,0,0,1,0,0,1
HUANUNI,"anticoncepcion, prevencion de its y de cancer de cuello uterino",implante subdermico: usuarias continuas,2016-01-01,0,0,1,0,0,1
HUAYLLAMARCA,"anticoncepcion, prevencion de its y de cancer de cuello uterino",implante subdermico: usuarias continuas,2016-01-01,0,0,1,0,0,1
ICLA,"anticoncepcion, prevencion de its y de cancer de cuello uterino",implante subdermico: usuarias continuas,2016-01-01,0,0,2,1,0,3
LA PAZ,"anticoncepcion, prevencion de its y de cancer de cuello uterino",implante subdermico: usuarias continuas,2016-01-01,0,8,32,8,0,48
MAGDALENA,"anticoncepcion, prevencion de its y de cancer de cuello uterino",implante subdermico: usuarias continuas,2016-01-01,0,0,1,0,0,1
MIZQUE,"anticoncepcion, prevencion de its y de cancer de cuello uterino",implante subdermico: usuarias continuas,2016-01-01,0,1,0,1,0,2
MONTEAGUDO,"anticoncepcion, prevencion de its y de cancer de cuello uterino",implante subdermico: usuarias continuas,2016-01-01,0,1,6,2,0,9
MONTERO,"anticoncepcion, prevencion de its y de cancer de cuello uterino",implante subdermico: usuarias continuas,2016-01-01,0,0,3,3,0,6
ORURO,"anticoncepcion, prevencion de its y de cancer de cuello uterino",implante subdermico: usuarias continuas,2016-01-01,0,9,33,7,7,56
POCOATA,"anticoncepcion, prevencion de its y de cancer de cuello uterino",implante subdermico: usuarias continuas,2016-01-01,0,1,2,4,0,7
POCONA,"anticoncepcion, prevencion de its y de cancer de cuello uterino",implante subdermico: usuarias continuas,2016-01-01,0,0,2,1,0,3
POTOSI,"anticoncepcion, prevencion de its y de cancer de cuello uterino",implante subdermico: usuarias continuas,2016-01-01,0,1,13,6,0,20
PUERTO GONZALO MORENO,"anticoncepcion, prevencion de its y de cancer de cuello uterino",implante subdermico: usuarias continuas,2016-01-01,0,0,2,0,0,2
QUILLACOLLO,"anticoncepcion, prevencion de its y de cancer de cuello uterino",implante subdermico: usuarias continuas,2016-01-01,0,0,5,0,0,5
RIBERALTA,"anticoncepcion, prevencion de its y de cancer de cuello uterino",implante subdermico: usuarias continuas,2016-01-01,0,3,0,0,0,3
SACABA,"anticoncepcion, prevencion de its y de cancer de cuello uterino",implante subdermico: usuarias continuas,2016-01-01,0,4,22,9,0,35
SAN ANDRES,"anticoncepcion, prevencion de its y de cancer de cuello uterino",implante subdermico: usuarias continuas,2016-01-01,0,2,5,0,0,7
SAN BORJA,"anticoncepcion, prevencion de its y de cancer de cuello uterino",implante subdermico: usuarias continuas,2016-01-01,0,9,26,0,0,35
SAN CARLOS,"anticoncepcion, prevencion de its y de cancer de cuello uterino",implante subdermico: usuarias continuas,2016-01-01,0,0,2,0,0,2
SAN IGNACIO DE VELASCO,"anticoncepcion, prevencion de its y de cancer de cuello uterino",implante subdermico: usuarias continuas,2016-01-01,0,0,2,0,0,2
SAN JULIAN,"anticoncepcion, prevencion de its y de cancer de cuello uterino",implante subdermico: usuarias continuas,2016-01-01,0,0,2,0,0,2
SAN LORENZO(TJA),"anticoncepcion, prevencion de its y de cancer de cuello uterino",implante subdermico: usuarias continuas,2016-01-01,0,1,2,0,0,3
SAN LUCAS,"anticoncepcion, prevencion de its y de cancer de cuello uterino",implante subdermico: usuarias continuas,2016-01-01,0,0,1,0,0,1
SANTA CRUZ DE LA SIERRA,"anticoncepcion, prevencion de its y de cancer de cuello uterino",implante subdermico: usuarias continuas,2016-01-01,1,2,6,2,0,11
SOPACHUY,"anticoncepcion, prevencion de its y de cancer de cuello uterino",implante subdermico: usuarias continuas,2016-01-01,0,0,1,0,0,1
SUCRE,"anticoncepcion, prevencion de its y de cancer de cuello uterino",implante subdermico: usuarias continuas,2016-01-01,0,2,31,15,0,48
TARIJA,"anticoncepcion, prevencion de its y de cancer de cuello uterino",implante subdermico: usuarias continuas,2016-01-01,0,0,1,1,0,2
TIRAQUE (CBBA),"anticoncepcion, prevencion de its y de cancer de cuello uterino",implante subdermico: usuarias continuas,2016-01-01,0,0,5,0,0,5
TRINIDAD,"anticoncepcion, prevencion de its y de cancer de cuello uterino",implante subdermico: usuarias continuas,2016-01-01,0,0,2,0,0,2
URIONDO (A. CONCEPCION),"anticoncepcion, prevencion de its y de cancer de cuello uterino",implante subdermico: usuarias continuas,2016-01-01,0,3,11,0,0,14
VILLA VACA GUZMAN (MUYUPAMPA),"anticoncepcion, prevencion de its y de cancer de cuello uterino",implante subdermico: usuarias continuas,2016-01-01,0,2,1,2,0,5
WARNES,"anticoncepcion, prevencion de its y de cancer de cuello uterino",implante subdermico: usuarias continuas,2016-01-01,0,2,4,2,0,8
YAPACANI,"anticoncepcion, prevencion de its y de cancer de cuello uterino",implante subdermico: usuarias continuas,2016-01-01,0,0,1,0,0,1
YOTALA,"anticoncepcion, prevencion de its y de cancer de cuello uterino",implante subdermico: usuarias continuas,2016-01-01,0,0,6,0,0,6
ZUDAÑEZ,"anticoncepcion, prevencion de its y de cancer de cuello uterino",implante subdermico: usuarias continuas,2016-01-01,0,0,5,1,0,6
AIQUILE,"anticoncepcion, prevencion de its y de cancer de cuello uterino",implante subdermico: usuarias continuas,2016-02-01,0,1,1,0,0,2
ATOCHA,"anticoncepcion, prevencion de its y de cancer de cuello uterino",implante subdermico: usuarias continuas,2016-02-01,0,1,3,0,0,4
CAPINOTA,"anticoncepcion, prevencion de its y de cancer de cuello uterino",implante subdermico: usuarias continuas,2016-02-01,0,0,3,0,0,3
CHALLAPATA,"anticoncepcion, prevencion de its y de cancer de cuello uterino",implante subdermico: usuarias continuas,2016-02-01,0,0,1,0,0,1
CLIZA,"anticoncepcion, prevencion de its y de cancer de cuello uterino",implante subdermico: usuarias continuas,2016-02-01,0,0,1,0,0,1
COBIJA,"anticoncepcion, prevencion de its y de cancer de cuello uterino",implante subdermico: usuarias continuas,2016-02-01,0,1,9,0,0,10
COCHABAMBA,"anticoncepcion, prevencion de its y de cancer de cuello uterino",implante subdermico: usuarias continuas,2016-02-01,0,2,1,0,0,3
COLCAPIRHUA,"anticoncepcion, prevencion de its y de cancer de cuello uterino",implante subdermico: usuarias continuas,2016-02-01,0,0,3,0,0,3
EL ALTO,"anticoncepcion, prevencion de its y de cancer de cuello uterino",implante subdermico: usuarias continuas,2016-02-01,0,2,19,25,0,46
ENTRE RIOS TRJ,"anticoncepcion, prevencion de its y de cancer de cuello uterino",implante subdermico: usuarias continuas,2016-02-01,0,0,1,0,0,1
HUARACAJE,"anticoncepcion, prevencion de its y de cancer de cuello uterino",implante subdermico: usuarias continuas,2016-02-01,0,0,2,0,0,2
ICLA,"anticoncepcion, prevencion de its y de cancer de cuello uterino",implante subdermico: usuarias continuas,2016-02-01,0,0,2,0,0,2
INCAHUASI,"anticoncepcion, prevencion de its y de cancer de cuello uterino",implante subdermico: usuarias continuas,2016-02-01,0,0,1,0,0,1
INGAVI (HUMAITA),"anticoncepcion, prevencion de its y de cancer de cuello uterino",implante subdermico: usuarias continuas,2016-02-01,0,0,1,0,0,1
LA PAZ,"anticoncepcion, prevencion de its y de cancer de cuello uterino",implante subdermico: usuarias continuas,2016-02-01,0,5,46,21,0,72
MACHARETI,"anticoncepcion, prevencion de its y de cancer de cuello uterino",implante subdermico: usuarias continuas,2016-02-01,0,0,1,0,0,1
MIZQUE,"anticoncepcion, prevencion de its y de cancer de cuello uterino",implante subdermico: usuarias continuas,2016-02-01,0,2,3,0,0,5
MONTEAGUDO,"anticoncepcion, prevencion de its y de cancer de cuello uterino",implante subdermico: usuarias continuas,2016-02-01,1,2,1,2,0,6
ORURO,"anticoncepcion, prevencion de its y de cancer de cuello uterino",implante subdermico: usuarias continuas,2016-02-01,0,2,27,6,0,35
POTOSI,"anticoncepcion, prevencion de its y de cancer de cuello uterino",implante subdermico: usuarias continuas,2016-02-01,0,1,14,8,0,23
PRESTO,"anticoncepcion, prevencion de its y de cancer de cuello uterino",implante subdermico: usuarias continuas,2016-02-01,0,0,2,0,0,2
PUERTO GONZALO MORENO,"anticoncepcion, prevencion de its y de cancer de cuello uterino",implante subdermico: usuarias continuas,2016-02-01,0,0,2,0,0,2
QUILLACOLLO,"anticoncepcion, prevencion de its y de cancer de cuello uterino",implante subdermico: usuarias continuas,2016-02-01,0,1,0,0,0,1
RIBERALTA,"anticoncepcion, prevencion de its y de cancer de cuello uterino",implante subdermico: usuarias continuas,2016-02-01,0,0,1,1,0,2
SACABA,"anticoncepcion, prevencion de its y de cancer de cuello uterino",implante subdermico: usuarias continuas,2016-02-01,0,2,20,2,0,24
SAN JULIAN,"anticoncepcion, prevencion de its y de cancer de cuello uterino",implante subdermico: usuarias continuas,2016-02-01,0,0,2,0,0,2
SAN LORENZO(TJA),"anticoncepcion, prevencion de its y de cancer de cuello uterino",implante subdermico: usuarias continuas,2016-02-01,0,0,2,0,0,2
SAN LUCAS,"anticoncepcion, prevencion de its y de cancer de cuello uterino",implante subdermico: usuarias continuas,2016-02-01,0,1,1,0,0,2
SANTA CRUZ DE LA SIERRA,"anticoncepcion, prevencion de its y de cancer de cuello uterino",implante subdermico: usuarias continuas,2016-02-01,0,1,4,1,0,6
SANTIVAÑES,"anticoncepcion, prevencion de its y de cancer de cuello uterino",implante subdermico: usuarias continuas,2016-02-01,0,0,2,1,0,3
SUCRE,"anticoncepcion, prevencion de its y de cancer de cuello uterino",implante subdermico: usuarias continuas,2016-02-01,0,2,11,5,0,18
TACOBAMBA,"anticoncepcion, prevencion de its y de cancer de cuello uterino",implante subdermico: usuarias continuas,2016-02-01,0,0,1,0,0,1
TARIJA,"anticoncepcion, prevencion de its y de cancer de cuello uterino",implante subdermico: usuarias continuas,2016-02-01,0,0,2,0,0,2
TARVITA,"anticoncepcion, prevencion de its y de cancer de cuello uterino",implante subdermico: usuarias continuas,2016-02-01,0,0,4,0,0,4
TINGUIPAYA,"anticoncepcion, prevencion de its y de cancer de cuello uterino",implante subdermico: usuarias continuas,2016-02-01,0,0,1,0,0,1
TIRAQUE (CBBA),"anticoncepcion, prevencion de its y de cancer de cuello uterino",implante subdermico: usuarias continuas,2016-02-01,0,0,1,1,0,2
TOLATA,"anticoncepcion, prevencion de its y de cancer de cuello uterino",implante subdermico: usuarias continuas,2016-02-01,0,0,0,1,0,1
TRINIDAD,"anticoncepcion, prevencion de its y de cancer de cuello uterino",implante subdermico: usuarias continuas,2016-02-01,0,0,2,0,0,2
TUPIZA,"anticoncepcion, prevencion de its y de cancer de cuello uterino",implante subdermico: usuarias continuas,2016-02-01,0,0,2,0,0,2
URIONDO (A. CONCEPCION),"anticoncepcion, prevencion de its y de cancer de cuello uterino",implante subdermico: usuarias continuas,2016-02-01,0,2,8,1,0,11
VILLA NUEVA (LOMA ALTA),"anticoncepcion, prevencion de its y de cancer de cuello uterino",implante subdermico: usuarias continuas,2016-02-01,0,1,2,0,0,3
VILLA TUNARI,"anticoncepcion, prevencion de its y de cancer de cuello uterino",implante subdermico: usuarias continuas,2016-02-01,0,7,2,4,0,13
VILLA VACA GUZMAN (MUYUPAMPA),"anticoncepcion, prevencion de its y de cancer de cuello uterino",implante subdermico: usuarias continuas,2016-02-01,0,0,5,0,0,5
YACUIBA,"anticoncepcion, prevencion de its y de cancer de cuello uterino",implante subdermico: usuarias continuas,2016-02-01,0,0,1,0,0,1
YOTALA,"anticoncepcion, prevencion de its y de cancer de cuello uterino",implante subdermico: usuarias continuas,2016-02-01,0,2,3,1,0,6
ZUDAÑEZ,"anticoncepcion, prevencion de its y de cancer de cuello uterino",implante subdermico: usuarias continuas,2016-02-01,0,0,2,2,0,4
ACHOCALLA,"anticoncepcion, prevencion de its y de cancer de cuello uterino",implante subdermico: usuarias continuas,2016-03-01,0,0,1,0,0,1
AIQUILE,"anticoncepcion, prevencion de its y de cancer de cuello uterino",implante subdermico: usuarias continuas,2016-03-01,0,2,7,2,0,11
ALTO BENI,"anticoncepcion, prevencion de its y de cancer de cuello uterino",implante subdermico: usuarias continuas,2016-03-01,0,0,0,1,0,1
ATOCHA,"anticoncepcion, prevencion de its y de cancer de cuello uterino",implante subdermico: usuarias continuas,2016-03-01,0,1,3,0,0,4
AYOPAYA (V. DE INDEPENDENCIA),"anticoncepcion, prevencion de its y de cancer de cuello uterino",implante subdermico: usuarias continuas,2016-03-01,0,0,8,0,0,8
BELLA FLOR,"anticoncepcion, prevencion de its y de cancer de cuello uterino",implante subdermico: usuarias continuas,2016-03-01,0,0,0,1,0,1
BETANZOS,"anticoncepcion, prevencion de its y de cancer de cuello uterino",implante subdermico: usuarias continuas,2016-03-01,0,0,1,1,0,2
BOLPEBRA,"anticoncepcion, prevencion de its y de cancer de cuello uterino",implante subdermico: usuarias continuas,2016-03-01,0,0,1,0,0,1
CAPINOTA,"anticoncepcion, prevencion de its y de cancer de cuello uterino",implante subdermico: usuarias continuas,2016-03-01,0,0,3,0,0,3
CHALLAPATA,"anticoncepcion, prevencion de its y de cancer de cuello uterino",implante subdermico: usuarias continuas,2016-03-01,0,2,5,2,0,9
CLIZA,"anticoncepcion, prevencion de its y de cancer de cuello uterino",implante subdermico: usuarias continuas,2016-03-01,0,1,5,0,0,6
COBIJA,"anticoncepcion, prevencion de its y de cancer de cuello uterino",implante subdermico: usuarias continuas,2016-03-01,0,4,16,0,0,20
COCHABAMBA,"anticoncepcion, prevencion de its y de cancer de cuello uterino",implante subdermico: usuarias continuas,2016-03-01,0,1,12,1,0,14
COLCAPIRHUA,"anticoncepcion, prevencion de its y de cancer de cuello uterino",implante subdermico: usuarias continuas,2016-03-01,0,1,5,0,0,6
COLQUECHACA,"anticoncepcion, prevencion de its y de cancer de cuello uterino",implante subdermico: usuarias continuas,2016-03-01,0,0,1,0,0,1
EL ALTO,"anticoncepcion, prevencion de its y de cancer de cuello uterino",implante subdermico: usuarias continuas,2016-03-01,0,3,28,16,0,47
EL VILLAR,"anticoncepcion, prevencion de its y de cancer de cuello uterino",implante subdermico: usuarias continuas,2016-03-01,0,1,1,0,0,2
FILADELFIA,"anticoncepcion, prevencion de its y de cancer de cuello uterino",implante subdermico: usuarias continuas,2016-03-01,0,1,10,0,0,11
LA GUARDIA,"anticoncepcion, prevencion de its y de cancer de cuello uterino",implante subdermico: usuarias continuas,2016-03-01,0,1,3,2,0,6
LA PAZ,"anticoncepcion, prevencion de its y de cancer de cuello uterino",implante subdermico: usuarias continuas,2016-03-01,0,6,85,14,3,108
MACHARETI,"anticoncepcion, prevencion de its y de cancer de cuello uterino",implante subdermico: usuarias continuas,2016-03-01,0,0,1,0,0,1
MIZQUE,"anticoncepcion, prevencion de its y de cancer de cuello uterino",implante subdermico: usuarias continuas,2016-03-01,1,1,3,0,0,5
MONTEAGUDO,"anticoncepcion, prevencion de its y de cancer de cuello uterino",implante subdermico: usuarias continuas,2016-03-01,0,0,1,1,0,2
ORURO,"anticoncepcion, prevencion de its y de cancer de cuello uterino",implante subdermico: usuarias continuas,2016-03-01,0,5,27,6,0,38
POTOSI,"anticoncepcion, prevencion de its y de cancer de cuello uterino",implante subdermico: usuarias continuas,2016-03-01,0,2,17,0,0,19
PUERTO GONZALO MORENO,"anticoncepcion, prevencion de its y de cancer de cuello uterino",implante subdermico: usuarias continuas,2016-03-01,0,0,3,0,0,3
PUNA,"anticoncepcion, prevencion de its y de cancer de cuello uterino",implante subdermico: usuarias continuas,2016-03-01,0,1,2,0,0,3
SACABA,"anticoncepcion, prevencion de its y de cancer de cuello uterino",implante subdermico: usuarias continuas,2016-03-01,0,3,28,12,0,43
SAN CARLOS,"anticoncepcion, prevencion de its y de cancer de cuello uterino",implante subdermico: usuarias continuas,2016-03-01,0,0,0,1,0,1
SAN LORENZO(TJA),"anticoncepcion, prevencion de its y de cancer de cuello uterino",implante subdermico: usuarias continuas,2016-03-01,0,0,1,0,0,1
SAN LUCAS,"anticoncepcion, prevencion de its y de cancer de cuello uterino",implante subdermico: usuarias continuas,2016-03-01,0,0,1,0,0,1
SANTA CRUZ DE LA SIERRA,"anticoncepcion, prevencion de its y de cancer de cuello uterino",implante subdermico: usuarias continuas,2016-03-01,0,14,28,15,0,57
SUCRE,"anticoncepcion, prevencion de its y de cancer de cuello uterino",implante subdermico: usuarias continuas,2016-03-01,0,3,30,3,0,36
TARIJA,"anticoncepcion, prevencion de its y de cancer de cuello uterino",implante subdermico: usuarias continuas,2016-03-01,0,0,7,0,0,7
TINGUIPAYA,"anticoncepcion, prevencion de its y de cancer de cuello uterino",implante subdermico: usuarias continuas,2016-03-01,0,0,1,0,0,1
TIPUANI,"anticoncepcion, prevencion de its y de cancer de cuello uterino",implante subdermico: usuarias continuas,2016-03-01,0,0,1,0,0,1
TIRAQUE (CBBA),"anticoncepcion, prevencion de its y de cancer de cuello uterino",implante subdermico: usuarias continuas,2016-03-01,0,0,2,0,0,2
TOLATA,"anticoncepcion, prevencion de its y de cancer de cuello uterino",implante subdermico: usuarias continuas,2016-03-01,0,1,0,0,0,1
TOTORA(CBBA),"anticoncepcion, prevencion de its y de cancer de cuello uterino",implante subdermico: usuarias continuas,2016-03-01,0,0,1,0,0,1
TUPIZA,"anticoncepcion, prevencion de its y de cancer de cuello uterino",implante subdermico: usuarias continuas,2016-03-01,0,0,0,1,0,1
URIONDO (A. CONCEPCION),"anticoncepcion, prevencion de its y de cancer de cuello uterino",implante subdermico: usuarias continuas,2016-03-01,0,4,10,3,0,17
VILLA NUEVA (LOMA ALTA),"anticoncepcion, prevencion de its y de cancer de cuello uterino",implante subdermico: usuarias continuas,2016-03-01,0,1,1,0,0,2
VILLA TUNARI,"anticoncepcion, prevencion de its y de cancer de cuello uterino",implante subdermico: usuarias continuas,2016-03-01,0,7,2,4,0,13
VILLA VACA GUZMAN (MUYUPAMPA),"anticoncepcion, prevencion de its y de cancer de cuello uterino",implante subdermico: usuarias continuas,2016-03-01,0,0,4,0,0,4
VILLAZON,"anticoncepcion, prevencion de its y de cancer de cuello uterino",implante subdermico: usuarias continuas,2016-03-01,0,0,2,0,0,2
VINTO,"anticoncepcion, prevencion de its y de cancer de cuello uterino",implante subdermico: usuarias continuas,2016-03-01,0,0,0,3,0,3
YOTALA,"anticoncepcion, prevencion de its y de cancer de cuello uterino",implante subdermico: usuarias continuas,2016-03-01,0,0,1,0,0,1
ZUDAÑEZ,"anticoncepcion, prevencion de its y de cancer de cuello uterino",implante subdermico: usuarias continuas,2016-03-01,0,0,1,1,0,2
ACHOCALLA,"anticoncepcion, prevencion de its y de cancer de cuello uterino",implante subdermico: usuarias continuas,2016-04-01,0,0,0,2,0,2
AIQUILE,"anticoncepcion, prevencion de its y de cancer de cuello uterino",implante subdermico: usuarias continuas,2016-04-01,0,0,4,0,0,4
ATOCHA,"anticoncepcion, prevencion de its y de cancer de cuello uterino",implante subdermico: usuarias continuas,2016-04-01,0,0,3,2,0,5
BETANZOS,"anticoncepcion, prevencion de its y de cancer de cuello uterino",implante subdermico: usuarias continuas,2016-04-01,0,0,1,0,0,1
CAPINOTA,"anticoncepcion, prevencion de its y de cancer de cuello uterino",implante subdermico: usuarias continuas,2016-04-01,0,0,5,0,0,5
CHALLAPATA,"anticoncepcion, prevencion de its y de cancer de cuello uterino",implante subdermico: usuarias continuas,2016-04-01,0,0,3,0,0,3
CLIZA,"anticoncepcion, prevencion de its y de cancer de cuello uterino",implante subdermico: usuarias continuas,2016-04-01,0,0,2,0,0,2
COBIJA,"anticoncepcion, prevencion de its y de cancer de cuello uterino",implante subdermico: usuarias continuas,2016-04-01,0,1,16,0,0,17
COCHABAMBA,"anticoncepcion, prevencion de its y de cancer de cuello uterino",implante subdermico: usuarias continuas,2016-04-01,0,0,6,0,0,6
COLCAPIRHUA,"anticoncepcion, prevencion de its y de cancer de cuello uterino",implante subdermico: usuarias continuas,2016-04-01,0,0,6,2,0,8
EL ALTO,"anticoncepcion, prevencion de its y de cancer de cuello uterino",implante subdermico: usuarias continuas,2016-04-01,0,0,22,16,0,38
ENTRE RIOS TRJ,"anticoncepcion, prevencion de its y de cancer de cuello uterino",implante subdermico: usuarias continuas,2016-04-01,0,0,1,0,0,1
ENTRE RIOS CBBA,"anticoncepcion, prevencion de its y de cancer de cuello uterino",implante subdermico: usuarias continuas,2016-04-01,0,0,2,0,0,2
FILADELFIA,"anticoncepcion, prevencion de its y de cancer de cuello uterino",implante subdermico: usuarias continuas,2016-04-01,0,2,2,1,0,5
ICLA,"anticoncepcion, prevencion de its y de cancer de cuello uterino",implante subdermico: usuarias continuas,2016-04-01,0,0,2,1,0,3
LA GUARDIA,"anticoncepcion, prevencion de its y de cancer de cuello uterino",implante subdermico: usuarias continuas,2016-04-01,0,1,1,0,0,2
LA PAZ,"anticoncepcion, prevencion de its y de cancer de cuello uterino",implante subdermico: usuarias continuas,2016-04-01,0,7,47,9,0,63
MACHARETI,"anticoncepcion, prevencion de its y de cancer de cuello uterino",implante subdermico: usuarias continuas,2016-04-01,0,0,1,0,0,1
MIZQUE,"anticoncepcion, prevencion de its y de cancer de cuello uterino",implante subdermico: usuarias continuas,2016-04-01,0,1,1,0,0,2
MONTEAGUDO,"anticoncepcion, prevencion de its y de cancer de cuello uterino",implante subdermico: usuarias continuas,2016-04-01,0,2,4,2,0,8
ORURO,"anticoncepcion, prevencion de its y de cancer de cuello uterino",implante subdermico: usuarias continuas,2016-04-01,0,5,29,6,0,40
POTOSI,"anticoncepcion, prevencion de its y de cancer de cuello uterino",implante subdermico: usuarias continuas,2016-04-01,0,5,15,4,0,24
PUERTO GONZALO MORENO,"anticoncepcion, prevencion de its y de cancer de cuello uterino",implante subdermico: usuarias continuas,2016-04-01,0,1,2,1,0,4
PUERTO RICO,"anticoncepcion, prevencion de its y de cancer de cuello uterino",implante subdermico: usuarias continuas,2016-04-01,0,0,3,0,0,3
PUERTO VILLARROEL,"anticoncepcion, prevencion de its y de cancer de cuello uterino",implante subdermico: usuarias continuas,2016-04-01,0,0,1,0,0,1
SACABA,"anticoncepcion, prevencion de its y de cancer de cuello uterino",implante subdermico: usuarias continuas,2016-04-01,0,0,2,1,0,3
SACACA,"anticoncepcion, prevencion de its y de cancer de cuello uterino",implante subdermico: usuarias continuas,2016-04-01,0,1,5,0,0,6
SAN BORJA,"anticoncepcion, prevencion de its y de cancer de cuello uterino",implante subdermico: usuarias continuas,2016-04-01,0,0,9,1,0,10
SAN IGNACIO DE VELASCO,"anticoncepcion, prevencion de its y de cancer de cuello uterino",implante subdermico: usuarias continuas,2016-04-01,0,0,3,0,0,3
SAN JULIAN,"anticoncepcion, prevencion de its y de cancer de cuello uterino",implante subdermico: usuarias continuas,2016-04-01,0,0,1,0,0,1
SAN LORENZO(TJA),"anticoncepcion, prevencion de its y de cancer de cuello uterino",implante subdermico: usuarias continuas,2016-04-01,0,0,7,1,0,8
SAN LUCAS,"anticoncepcion, prevencion de its y de cancer de cuello uterino",implante subdermico: usuarias continuas,2016-04-01,0,0,1,0,0,1
SANTA CRUZ DE LA SIERRA,"anticoncepcion, prevencion de its y de cancer de cuello uterino",implante subdermico: usuarias continuas,2016-04-01,0,18,60,67,0,145
SANTA ROSA,"anticoncepcion, prevencion de its y de cancer de cuello uterino",implante subdermico: usuarias continuas,2016-04-01,0,0,3,0,0,3
SUCRE,"anticoncepcion, prevencion de its y de cancer de cuello uterino",implante subdermico: usuarias continuas,2016-04-01,0,1,25,4,0,30
TARIJA,"anticoncepcion, prevencion de its y de cancer de cuello uterino",implante subdermico: usuarias continuas,2016-04-01,0,0,7,0,0,7
TOLATA,"anticoncepcion, prevencion de its y de cancer de cuello uterino",implante subdermico: usuarias continuas,2016-04-01,0,0,1,0,0,1
TRINIDAD,"anticoncepcion, prevencion de its y de cancer de cuello uterino",implante subdermico: usuarias continuas,2016-04-01,0,2,4,2,0,8
TURCO,"anticoncepcion, prevencion de its y de cancer de cuello uterino",implante subdermico: usuarias continuas,2016-04-01,0,0,2,0,0,2
URIONDO (A. CONCEPCION),"anticoncepcion, prevencion de its y de cancer de cuello uterino",implante subdermico: usuarias continuas,2016-04-01,0,1,6,1,0,8
VIACHA,"anticoncepcion, prevencion de its y de cancer de cuello uterino",implante subdermico: usuarias continuas,2016-04-01,0,2,4,2,0,8
VILLA CHARCAS,"anticoncepcion, prevencion de its y de cancer de cuello uterino",implante subdermico: usuarias continuas,2016-04-01,0,0,4,0,0,4
VILLA TUNARI,"anticoncepcion, prevencion de its y de cancer de cuello uterino",implante subdermico: usuarias continuas,2016-04-01,0,1,11,9,0,21
VILLA VACA GUZMAN (MUYUPAMPA),"anticoncepcion, prevencion de its y de cancer de cuello uterino",implante subdermico: usuarias continuas,2016-04-01,0,1,4,0,0,5
VILLAZON,"anticoncepcion, prevencion de its y de cancer de cuello uterino",implante subdermico: usuarias continuas,2016-04-01,0,1,4,0,0,5
VINTO,"anticoncepcion, prevencion de its y de cancer de cuello uterino",implante subdermico: usuarias continuas,2016-04-01,0,1,8,0,0,9
YANACACHI,"anticoncepcion, prevencion de its y de cancer de cuello uterino",implante subdermico: usuarias continuas,2016-04-01,0,0,1,0,0,1
ZUDAÑEZ,"anticoncepcion, prevencion de its y de cancer de cuello uterino",implante subdermico: usuarias continuas,2016-04-01,0,0,3,1,0,4
AIQUILE,"anticoncepcion, prevencion de its y de cancer de cuello uterino",implante subdermico: usuarias continuas,2016-05-01,0,2,6,0,0,8
ASCENCION DE GUARAYOS,"anticoncepcion, prevencion de its y de cancer de cuello uterino",implante subdermico: usuarias continuas,2016-05-01,0,0,0,2,0,2
ATOCHA,"anticoncepcion, prevencion de its y de cancer de cuello uterino",implante subdermico: usuarias continuas,2016-05-01,0,0,8,2,0,10
BATALLAS,"anticoncepcion, prevencion de its y de cancer de cuello uterino",implante subdermico: usuarias continuas,2016-05-01,0,0,1,0,0,1
BELLA FLOR,"anticoncepcion, prevencion de its y de cancer de cuello uterino",implante subdermico: usuarias continuas,2016-05-01,0,0,1,0,0,1
BETANZOS,"anticoncepcion, prevencion de its y de cancer de cuello uterino",implante subdermico: usuarias continuas,2016-05-01,0,0,7,3,0,10
CABEZAS,"anticoncepcion, prevencion de its y de cancer de cuello uterino",implante subdermico: usuarias continuas,2016-05-01,0,1,13,3,0,17
CAPINOTA,"anticoncepcion, prevencion de its y de cancer de cuello uterino",implante subdermico: usuarias continuas,2016-05-01,0,2,3,0,0,5
COBIJA,"anticoncepcion, prevencion de its y de cancer de cuello uterino",implante subdermico: usuarias continuas,2016-05-01,1,6,24,0,0,31
COCHABAMBA,"anticoncepcion, prevencion de its y de cancer de cuello uterino",implante subdermico: usuarias continuas,2016-05-01,0,2,5,4,0,11
COLCAPIRHUA,"anticoncepcion, prevencion de its y de cancer de cuello uterino",implante subdermico: usuarias continuas,2016-05-01,0,0,14,1,0,15
COLOMI,"anticoncepcion, prevencion de its y de cancer de cuello uterino",implante subdermico: usuarias continuas,2016-05-01,0,1,4,0,0,5
CORQUE,"anticoncepcion, prevencion de its y de cancer de cuello uterino",implante subdermico: usuarias continuas,2016-05-01,0,0,3,0,0,3
EL ALTO,"anticoncepcion, prevencion de its y de cancer de cuello uterino",implante subdermico: usuarias continuas,2016-05-01,0,2,27,21,0,50
EL VILLAR,"anticoncepcion, prevencion de its y de cancer de cuello uterino",implante subdermico: usuarias continuas,2016-05-01,0,0,2,0,0,2
ENTRE RIOS TRJ,"anticoncepcion, prevencion de its y de cancer de cuello uterino",implante subdermico: usuarias continuas,2016-05-01,0,0,1,0,0,1
FILADELFIA,"anticoncepcion, prevencion de its y de cancer de cuello uterino",implante subdermico: usuarias continuas,2016-05-01,0,0,1,0,0,1
HUACARETA,"anticoncepcion, prevencion de its y de cancer de cuello uterino",implante subdermico: usuarias continuas,2016-05-01,0,0,0,1,0,1
ICLA,"anticoncepcion, prevencion de its y de cancer de cuello uterino",implante subdermico: usuarias continuas,2016-05-01,0,0,0,1,0,1
IRUPANA (VILLA DE LANZA),"anticoncepcion, prevencion de its y de cancer de cuello uterino",implante subdermico: usuarias continuas,2016-05-01,0,0,1,0,0,1
LA GUARDIA,"anticoncepcion, prevencion de its y de cancer de cuello uterino",implante subdermico: usuarias continuas,2016-05-01,0,0,1,0,0,1
LA PAZ,"anticoncepcion, prevencion de its y de cancer de cuello uterino",implante subdermico: usuarias continuas,2016-05-01,0,7,32,20,0,59
MACHACAMARCA,"anticoncepcion, prevencion de its y de cancer de cuello uterino",implante subdermico: usuarias continuas,2016-05-01,0,1,0,0,0,1
MACHARETI,"anticoncepcion, prevencion de its y de cancer de cuello uterino",implante subdermico: usuarias continuas,2016-05-01,0,0,4,1,0,5
MIZQUE,"anticoncepcion, prevencion de its y de cancer de cuello uterino",implante subdermico: usuarias continuas,2016-05-01,0,1,2,1,0,4
MONTEAGUDO,"anticoncepcion, prevencion de its y de cancer de cuello uterino",implante subdermico: usuarias continuas,2016-05-01,0,1,3,1,0,5
ORURO,"anticoncepcion, prevencion de its y de cancer de cuello uterino",implante subdermico: usuarias continuas,2016-05-01,0,2,23,0,0,25
POROMA,"anticoncepcion, prevencion de its y de cancer de cuello uterino",implante subdermico: usuarias continuas,2016-05-01,0,1,0,0,0,1
POTOSI,"anticoncepcion, prevencion de its y de cancer de cuello uterino",implante subdermico: usuarias continuas,2016-05-01,0,2,23,2,0,27
PRESTO,"anticoncepcion, prevencion de its y de cancer de cuello uterino",implante subdermico: usuarias continuas,2016-05-01,0,0,1,0,0,1
PUERTO GONZALO MORENO,"anticoncepcion, prevencion de its y de cancer de cuello uterino",implante subdermico: usuarias continuas,2016-05-01,0,0,1,0,0,1
PUERTO QUIJARRO,"anticoncepcion, prevencion de its y de cancer de cuello uterino",implante subdermico: usuarias continuas,2016-05-01,0,0,0,3,8,11
PUERTO RICO,"anticoncepcion, prevencion de its y de cancer de cuello uterino",implante subdermico: usuarias continuas,2016-05-01,0,0,3,0,0,3
QUILLACOLLO,"anticoncepcion, prevencion de its y de cancer de cuello uterino",implante subdermico: usuarias continuas,2016-05-01,0,0,1,0,0,1
SACABA,"anticoncepcion, prevencion de its y de cancer de cuello uterino",implante subdermico: usuarias continuas,2016-05-01,0,1,25,20,0,46
SAN BORJA,"anticoncepcion, prevencion de its y de cancer de cuello uterino",implante subdermico: usuarias continuas,2016-05-01,0,0,0,2,0,2
SAN CARLOS,"anticoncepcion, prevencion de its y de cancer de cuello uterino",implante subdermico: usuarias continuas,2016-05-01,0,0,3,0,0,3
SAN IGNACIO,"anticoncepcion, prevencion de its y de cancer de cuello uterino",implante subdermico: usuarias continuas,2016-05-01,0,0,7,0,0,7
SAN LORENZO(TJA),"anticoncepcion, prevencion de its y de cancer de cuello uterino",implante subdermico: usuarias continuas,2016-05-01,0,0,3,0,0,3
SANTA CRUZ DE LA SIERRA,"anticoncepcion, prevencion de its y de cancer de cuello uterino",implante subdermico: usuarias continuas,2016-05-01,0,18,78,33,0,129
SANTIAGO DE HUARI,"anticoncepcion, prevencion de its y de cancer de cuello uterino",implante subdermico: usuarias continuas,2016-05-01,0,0,1,0,0,1
SENA,"anticoncepcion, prevencion de its y de cancer de cuello uterino",implante subdermico: usuarias continuas,2016-05-01,0,1,5,0,0,6
SUCRE,"anticoncepcion, prevencion de its y de cancer de cuello uterino",implante subdermico: usuarias continuas,2016-05-01,0,0,27,6,0,33
TAPACARI,"anticoncepcion, prevencion de its y de cancer de cuello uterino",implante subdermico: usuarias continuas,2016-05-01,0,0,1,0,0,1
TARIJA,"anticoncepcion, prevencion de its y de cancer de cuello uterino",implante subdermico: usuarias continuas,2016-05-01,0,2,13,0,0,15
TEOPONTE,"anticoncepcion, prevencion de its y de cancer de cuello uterino",implante subdermico: usuarias continuas,2016-05-01,0,0,0,1,0,1
TIRAQUE (CBBA),"anticoncepcion, prevencion de its y de cancer de cuello uterino",implante subdermico: usuarias continuas,2016-05-01,0,0,2,0,0,2
TOLATA,"anticoncepcion, prevencion de its y de cancer de cuello uterino",implante subdermico: usuarias continuas,2016-05-01,0,1,0,0,0,1
TRINIDAD,"anticoncepcion, prevencion de its y de cancer de cuello uterino",implante subdermico: usuarias continuas,2016-05-01,0,2,4,0,0,6
TUPIZA,"anticoncepcion, prevencion de its y de cancer de cuello uterino",implante subdermico: usuarias continuas,2016-05-01,0,1,2,7,0,10
URIONDO (A. CONCEPCION),"anticoncepcion, prevencion de its y de cancer de cuello uterino",implante subdermico: usuarias continuas,2016-05-01,0,1,3,0,0,4
VILLA CHARCAS,"anticoncepcion, prevencion de its y de cancer de cuello uterino",implante subdermico: usuarias continuas,2016-05-01,0,0,1,0,0,1
VILLA VACA GUZMAN (MUYUPAMPA),"anticoncepcion, prevencion de its y de cancer de cuello uterino",implante subdermico: usuarias continuas,2016-05-01,0,0,1,0,0,1
VILLAZON,"anticoncepcion, prevencion de its y de cancer de cuello uterino",implante subdermico: usuarias continuas,2016-05-01,0,0,13,4,0,17
VINTO,"anticoncepcion, prevencion de its y de cancer de cuello uterino",implante subdermico: usuarias continuas,2016-05-01,0,0,6,0,0,6
YOTALA,"anticoncepcion, prevencion de its y de cancer de cuello uterino",implante subdermico: usuarias continuas,2016-05-01,0,1,1,1,0,3
ZUDAÑEZ,"anticoncepcion, prevencion de its y de cancer de cuello uterino",implante subdermico: usuarias continuas,2016-05-01,0,0,2,2,0,4
AIQUILE,"anticoncepcion, prevencion de its y de cancer de cuello uterino",implante subdermico: usuarias continuas,2016-06-01,0,2,9,0,0,11
ATOCHA,"anticoncepcion, prevencion de its y de cancer de cuello uterino",implante subdermico: usuarias continuas,2016-06-01,0,0,1,0,0,1
BELLA FLOR,"anticoncepcion, prevencion de its y de cancer de cuello uterino",implante subdermico: usuarias continuas,2016-06-01,0,0,1,0,0,1
CAMARGO,"anticoncepcion, prevencion de its y de cancer de cuello uterino",implante subdermico: usuarias continuas,2016-06-01,0,0,2,0,0,2
CAPINOTA,"anticoncepcion, prevencion de its y de cancer de cuello uterino",implante subdermico: usuarias continuas,2016-06-01,0,0,5,1,0,6
CHALLAPATA,"anticoncepcion, prevencion de its y de cancer de cuello uterino",implante subdermico: usuarias continuas,2016-06-01,0,0,5,0,0,5
CLIZA,"anticoncepcion, prevencion de its y de cancer de cuello uterino",implante subdermico: usuarias continuas,2016-06-01,0,0,1,0,0,1
COBIJA,"anticoncepcion, prevencion de its y de cancer de cuello uterino",implante subdermico: usuarias continuas,2016-06-01,0,3,17,1,0,21
COCHABAMBA,"anticoncepcion, prevencion de its y de cancer de cuello uterino",implante subdermico: usuarias continuas,2016-06-01,0,1,3,0,0,4
COLCAPIRHUA,"anticoncepcion, prevencion de its y de cancer de cuello uterino",implante subdermico: usuarias continuas,2016-06-01,0,0,2,0,0,2
COLOMI,"anticoncepcion, prevencion de its y de cancer de cuello uterino",implante subdermico: usuarias continuas,2016-06-01,0,0,3,0,0,3
EL ALTO,"anticoncepcion, prevencion de its y de cancer de cuello uterino",implante subdermico: usuarias continuas,2016-06-01,0,0,10,37,0,47
ENTRE RIOS TRJ,"anticoncepcion, prevencion de its y de cancer de cuello uterino",implante subdermico: usuarias continuas,2016-06-01,0,0,0,1,0,1
ENTRE RIOS CBBA,"anticoncepcion, prevencion de its y de cancer de cuello uterino",implante subdermico: usuarias continuas,2016-06-01,0,0,2,0,0,2
FILADELFIA,"anticoncepcion, prevencion de its y de cancer de cuello uterino",implante subdermico: usuarias continuas,2016-06-01,0,1,5,0,0,6
INCAHUASI,"anticoncepcion, prevencion de its y de cancer de cuello uterino",implante subdermico: usuarias continuas,2016-06-01,0,0,1,0,0,1
LA PAZ,"anticoncepcion, prevencion de its y de cancer de cuello uterino",implante subdermico: usuarias continuas,2016-06-01,0,5,52,19,1,77
MAGDALENA,"anticoncepcion, prevencion de its y de cancer de cuello uterino",implante subdermico: usuarias continuas,2016-06-01,0,0,1,0,0,1
MIZQUE,"anticoncepcion, prevencion de its y de cancer de cuello uterino",implante subdermico: usuarias continuas,2016-06-01,0,0,0,1,0,1
MONTEAGUDO,"anticoncepcion, prevencion de its y de cancer de cuello uterino",implante subdermico: usuarias continuas,2016-06-01,0,3,12,2,0,17
MONTERO,"anticoncepcion, prevencion de its y de cancer de cuello uterino",implante subdermico: usuarias continuas,2016-06-01,0,1,0,0,0,1
ORURO,"anticoncepcion, prevencion de its y de cancer de cuello uterino",implante subdermico: usuarias continuas,2016-06-01,0,4,32,2,0,38
POTOSI,"anticoncepcion, prevencion de its y de cancer de cuello uterino",implante subdermico: usuarias continuas,2016-06-01,0,0,25,1,0,26
PUERTO GONZALO MORENO,"anticoncepcion, prevencion de its y de cancer de cuello uterino",implante subdermico: usuarias continuas,2016-06-01,0,2,2,0,0,4
PUERTO RICO,"anticoncepcion, prevencion de its y de cancer de cuello uterino",implante subdermico: usuarias continuas,2016-06-01,0,0,3,0,0,3
PUERTO VILLARROEL,"anticoncepcion, prevencion de its y de cancer de cuello uterino",implante subdermico: usuarias continuas,2016-06-01,0,4,1,0,0,5
QUILLACOLLO,"anticoncepcion, prevencion de its y de cancer de cuello uterino",implante subdermico: usuarias continuas,2016-06-01,0,0,5,0,0,5
RIBERALTA,"anticoncepcion, prevencion de its y de cancer de cuello uterino",implante subdermico: usuarias continuas,2016-06-01,0,0,3,2,0,5
SACABA,"anticoncepcion, prevencion de its y de cancer de cuello uterino",implante subdermico: usuarias continuas,2016-06-01,0,3,5,3,0,11
SAN BORJA,"anticoncepcion, prevencion de its y de cancer de cuello uterino",implante subdermico: usuarias continuas,2016-06-01,0,0,1,0,0,1
SAN BUENA VENTURA,"anticoncepcion, prevencion de its y de cancer de cuello uterino",implante subdermico: usuarias continuas,2016-06-01,0,0,3,0,0,3
SAN CARLOS,"anticoncepcion, prevencion de its y de cancer de cuello uterino",implante subdermico: usuarias continuas,2016-06-01,0,0,6,2,0,8
SAN IGNACIO,"anticoncepcion, prevencion de its y de cancer de cuello uterino",implante subdermico: usuarias continuas,2016-06-01,0,0,2,0,0,2
SAN LUCAS,"anticoncepcion, prevencion de its y de cancer de cuello uterino",implante subdermico: usuarias continuas,2016-06-01,0,0,1,0,0,1
SAN PEDRO,"anticoncepcion, prevencion de its y de cancer de cuello uterino",implante subdermico: usuarias continuas,2016-06-01,0,0,12,0,0,12
SANTA ANA,"anticoncepcion, prevencion de its y de cancer de cuello uterino",implante subdermico: usuarias continuas,2016-06-01,0,0,1,0,0,1
SANTA CRUZ DE LA SIERRA,"anticoncepcion, prevencion de its y de cancer de cuello uterino",implante subdermico: usuarias continuas,2016-06-01,0,26,66,68,0,160
SANTIAGO DE HUARI,"anticoncepcion, prevencion de its y de cancer de cuello uterino",implante subdermico: usuarias continuas,2016-06-01,0,0,1,0,0,1
SENA,"anticoncepcion, prevencion de its y de cancer de cuello uterino",implante subdermico: usuarias continuas,2016-06-01,0,0,3,0,0,3
SICA SICA (VILLA AROMA),"anticoncepcion, prevencion de its y de cancer de cuello uterino",implante subdermico: usuarias continuas,2016-06-01,0,1,0,0,0,1
SUCRE,"anticoncepcion, prevencion de its y de cancer de cuello uterino",implante subdermico: usuarias continuas,2016-06-01,0,8,26,5,0,39
TAPACARI,"anticoncepcion, prevencion de its y de cancer de cuello uterino",implante subdermico: usuarias continuas,2016-06-01,0,0,1,1,0,2
TARIJA,"anticoncepcion, prevencion de its y de cancer de cuello uterino",implante subdermico: usuarias continuas,2016-06-01,0,5,24,4,0,33
TEOPONTE,"anticoncepcion, prevencion de its y de cancer de cuello uterino",implante subdermico: usuarias continuas,2016-06-01,0,2,2,0,0,4
TOLATA,"anticoncepcion, prevencion de its y de cancer de cuello uterino",implante subdermico: usuarias continuas,2016-06-01,0,1,0,0,0,1
TRINIDAD,"anticoncepcion, prevencion de its y de cancer de cuello uterino",implante subdermico: usuarias continuas,2016-06-01,0,1,1,0,0,2
TUPIZA,"anticoncepcion, prevencion de its y de cancer de cuello uterino",implante subdermico: usuarias continuas,2016-06-01,0,0,8,1,0,9
URIONDO (A. CONCEPCION),"anticoncepcion, prevencion de its y de cancer de cuello uterino",implante subdermico: usuarias continuas,2016-06-01,0,0,6,0,0,6
VIACHA,"anticoncepcion, prevencion de its y de cancer de cuello uterino",implante subdermico: usuarias continuas,2016-06-01,0,0,0,1,0,1
VILLA CHARCAS,"anticoncepcion, prevencion de its y de cancer de cuello uterino",implante subdermico: usuarias continuas,2016-06-01,0,0,0,1,0,1
VILLA VACA GUZMAN (MUYUPAMPA),"anticoncepcion, prevencion de its y de cancer de cuello uterino",implante subdermico: usuarias continuas,2016-06-01,0,0,1,0,0,1
VILLAZON,"anticoncepcion, prevencion de its y de cancer de cuello uterino",implante subdermico: usuarias continuas,2016-06-01,0,2,11,2,0,15
VINTO,"anticoncepcion, prevencion de its y de cancer de cuello uterino",implante subdermico: usuarias continuas,2016-06-01,0,0,3,0,0,3
WARNES,"anticoncepcion, prevencion de its y de cancer de cuello uterino",implante subdermico: usuarias continuas,2016-06-01,0,2,2,1,0,5
YOTALA,"anticoncepcion, prevencion de its y de cancer de cuello uterino",implante subdermico: usuarias continuas,2016-06-01,0,0,3,2,0,5
ZUDAÑEZ,"anticoncepcion, prevencion de its y de cancer de cuello uterino",implante subdermico: usuarias continuas,2016-06-01,0,0,4,0,0,4
ACHACACHI,"anticoncepcion, prevencion de its y de cancer de cuello uterino",implante subdermico: usuarias continuas,2016-07-01,0,0,1,0,0,1
AIQUILE,"anticoncepcion, prevencion de its y de cancer de cuello uterino",implante subdermico: usuarias continuas,2016-07-01,0,2,14,0,0,16
ATOCHA,"anticoncepcion, prevencion de its y de cancer de cuello uterino",implante subdermico: usuarias continuas,2016-07-01,0,0,4,1,0,5
AYOPAYA (V. DE INDEPENDENCIA),"anticoncepcion, prevencion de its y de cancer de cuello uterino",implante subdermico: usuarias continuas,2016-07-01,0,0,1,2,0,3
BELLA FLOR,"anticoncepcion, prevencion de its y de cancer de cuello uterino",implante subdermico: usuarias continuas,2016-07-01,0,0,6,0,0,6
BETANZOS,"anticoncepcion, prevencion de its y de cancer de cuello uterino",implante subdermico: usuarias continuas,2016-07-01,0,1,4,2,0,7
CAMIRI,"anticoncepcion, prevencion de its y de cancer de cuello uterino",implante subdermico: usuarias continuas,2016-07-01,0,5,15,2,0,22
CARIPUYO,"anticoncepcion, prevencion de its y de cancer de cuello uterino",implante subdermico: usuarias continuas,2016-07-01,0,1,1,0,0,2
CHUA COCANI,"anticoncepcion, prevencion de its y de cancer de cuello uterino",implante subdermico: usuarias continuas,2016-07-01,0,0,1,0,0,1
CLIZA,"anticoncepcion, prevencion de its y de cancer de cuello uterino",implante subdermico: usuarias continuas,2016-07-01,0,0,1,0,0,1
COBIJA,"anticoncepcion, prevencion de its y de cancer de cuello uterino",implante subdermico: usuarias continuas,2016-07-01,0,4,19,0,0,23
COCHABAMBA,"anticoncepcion, prevencion de its y de cancer de cuello uterino",implante subdermico: usuarias continuas,2016-07-01,0,3,5,1,0,9
COLCAPIRHUA,"anticoncepcion, prevencion de its y de cancer de cuello uterino",implante subdermico: usuarias continuas,2016-07-01,0,1,3,1,0,5
COLOMI,"anticoncepcion, prevencion de its y de cancer de cuello uterino",implante subdermico: usuarias continuas,2016-07-01,0,0,2,0,0,2
COTAGAITA,"anticoncepcion, prevencion de its y de cancer de cuello uterino",implante subdermico: usuarias continuas,2016-07-01,0,0,1,0,0,1
CULPINA,"anticoncepcion, prevencion de its y de cancer de cuello uterino",implante subdermico: usuarias continuas,2016-07-01,0,0,1,1,0,2
EL ALTO,"anticoncepcion, prevencion de its y de cancer de cuello uterino",implante subdermico: usuarias continuas,2016-07-01,0,0,8,29,0,37
EL VILLAR,"anticoncepcion, prevencion de its y de cancer de cuello uterino",implante subdermico: usuarias continuas,2016-07-01,0,0,1,0,0,1
ENTRE RIOS TRJ,"anticoncepcion, prevencion de its y de cancer de cuello uterino",implante subdermico: usuarias continuas,2016-07-01,0,1,0,0,0,1
FILADELFIA,"anticoncepcion, prevencion de its y de cancer de cuello uterino",implante subdermico: usuarias continuas,2016-07-01,0,1,1,0,0,2
HUANUNI,"anticoncepcion, prevencion de its y de cancer de cuello uterino",implante subdermico: usuarias continuas,2016-07-01,0,0,1,0,0,1
HUAYLLAMARCA,"anticoncepcion, prevencion de its y de cancer de cuello uterino",implante subdermico: usuarias continuas,2016-07-01,0,4,3,0,0,7
ICLA,"anticoncepcion, prevencion de its y de cancer de cuello uterino",implante subdermico: usuarias continuas,2016-07-01,0,0,1,0,0,1
INCAHUASI,"anticoncepcion, prevencion de its y de cancer de cuello uterino",implante subdermico: usuarias continuas,2016-07-01,0,1,0,0,0,1
LA PAZ,"anticoncepcion, prevencion de its y de cancer de cuello uterino",implante subdermico: usuarias continuas,2016-07-01,0,9,53,9,0,71
MAPIRI,"anticoncepcion, prevencion de its y de cancer de cuello uterino",implante subdermico: usuarias continuas,2016-07-01,0,0,3,0,0,3
MIZQUE,"anticoncepcion, prevencion de its y de cancer de cuello uterino",implante subdermico: usuarias continuas,2016-07-01,0,3,4,1,0,8
MONTEAGUDO,"anticoncepcion, prevencion de its y de cancer de cuello uterino",implante subdermico: usuarias continuas,2016-07-01,0,2,3,2,0,7
MONTERO,"anticoncepcion, prevencion de its y de cancer de cuello uterino",implante subdermico: usuarias continuas,2016-07-01,0,0,3,2,0,5
NUEVO MANOA (NUEVA ESPERANZA),"anticoncepcion, prevencion de its y de cancer de cuello uterino",implante subdermico: usuarias continuas,2016-07-01,0,0,1,1,0,2
ORURO,"anticoncepcion, prevencion de its y de cancer de cuello uterino",implante subdermico: usuarias continuas,2016-07-01,0,7,24,2,0,33
PAILON,"anticoncepcion, prevencion de its y de cancer de cuello uterino",implante subdermico: usuarias continuas,2016-07-01,0,0,0,1,0,1
PORVENIR,"anticoncepcion, prevencion de its y de cancer de cuello uterino",implante subdermico: usuarias continuas,2016-07-01,0,2,0,0,0,2
POTOSI,"anticoncepcion, prevencion de its y de cancer de cuello uterino",implante subdermico: usuarias continuas,2016-07-01,0,3,16,2,0,21
PRESTO,"anticoncepcion, prevencion de its y de cancer de cuello uterino",implante subdermico: usuarias continuas,2016-07-01,0,0,1,0,0,1
PUERTO GONZALO MORENO,"anticoncepcion, prevencion de its y de cancer de cuello uterino",implante subdermico: usuarias continuas,2016-07-01,0,0,1,0,0,1
PUERTO RICO,"anticoncepcion, prevencion de its y de cancer de cuello uterino",implante subdermico: usuarias continuas,2016-07-01,0,1,3,0,0,4
PUERTO VILLARROEL,"anticoncepcion, prevencion de its y de cancer de cuello uterino",implante subdermico: usuarias continuas,2016-07-01,0,0,7,0,0,7
PUNA,"anticoncepcion, prevencion de its y de cancer de cuello uterino",implante subdermico: usuarias continuas,2016-07-01,0,0,3,0,0,3
PUNATA,"anticoncepcion, prevencion de its y de cancer de cuello uterino",implante subdermico: usuarias continuas,2016-07-01,0,0,1,0,0,1
QUILLACOLLO,"anticoncepcion, prevencion de its y de cancer de cuello uterino",implante subdermico: usuarias continuas,2016-07-01,0,0,1,0,0,1
RIBERALTA,"anticoncepcion, prevencion de its y de cancer de cuello uterino",implante subdermico: usuarias continuas,2016-07-01,0,0,1,0,0,1
SACABA,"anticoncepcion, prevencion de its y de cancer de cuello uterino",implante subdermico: usuarias continuas,2016-07-01,0,0,5,7,0,12
SAN CARLOS,"anticoncepcion, prevencion de its y de cancer de cuello uterino",implante subdermico: usuarias continuas,2016-07-01,0,2,5,0,0,7
SAN IGNACIO,"anticoncepcion, prevencion de its y de cancer de cuello uterino",implante subdermico: usuarias continuas,2016-07-01,0,1,0,1,0,2
SAN JOAQUIN,"anticoncepcion, prevencion de its y de cancer de cuello uterino",implante subdermico: usuarias continuas,2016-07-01,0,4,2,0,0,6
SAN JULIAN,"anticoncepcion, prevencion de its y de cancer de cuello uterino",implante subdermico: usuarias continuas,2016-07-01,0,0,3,1,0,4
SAN LUCAS,"anticoncepcion, prevencion de its y de cancer de cuello uterino",implante subdermico: usuarias continuas,2016-07-01,0,0,2,1,0,3
SAN PEDRO,"anticoncepcion, prevencion de its y de cancer de cuello uterino",implante subdermico: usuarias continuas,2016-07-01,0,0,15,12,0,27
SANTA CRUZ DE LA SIERRA,"anticoncepcion, prevencion de its y de cancer de cuello uterino",implante subdermico: usuarias continuas,2016-07-01,0,23,60,35,0,118
SENA,"anticoncepcion, prevencion de its y de cancer de cuello uterino",implante subdermico: usuarias continuas,2016-07-01,0,0,2,0,0,2
SUCRE,"anticoncepcion, prevencion de its y de cancer de cuello uterino",implante subdermico: usuarias continuas,2016-07-01,0,3,29,5,0,37
TAPACARI,"anticoncepcion, prevencion de its y de cancer de cuello uterino",implante subdermico: usuarias continuas,2016-07-01,0,0,1,1,0,2
TARABUCO,"anticoncepcion, prevencion de its y de cancer de cuello uterino",implante subdermico: usuarias continuas,2016-07-01,0,1,4,0,0,5
TARIJA,"anticoncepcion, prevencion de its y de cancer de cuello uterino",implante subdermico: usuarias continuas,2016-07-01,0,1,24,1,2,28
TIPUANI,"anticoncepcion, prevencion de its y de cancer de cuello uterino",implante subdermico: usuarias continuas,2016-07-01,0,0,2,1,0,3
TIRAQUE (CBBA),"anticoncepcion, prevencion de its y de cancer de cuello uterino",implante subdermico: usuarias continuas,2016-07-01,0,0,1,0,0,1
TOLEDO,"anticoncepcion, prevencion de its y de cancer de cuello uterino",implante subdermico: usuarias continuas,2016-07-01,0,0,1,0,0,1
TOTORA(CBBA),"anticoncepcion, prevencion de its y de cancer de cuello uterino",implante subdermico: usuarias continuas,2016-07-01,0,0,1,0,0,1
TRINIDAD,"anticoncepcion, prevencion de its y de cancer de cuello uterino",implante subdermico: usuarias continuas,2016-07-01,0,0,1,0,0,1
TUPIZA,"anticoncepcion, prevencion de its y de cancer de cuello uterino",implante subdermico: usuarias continuas,2016-07-01,0,1,10,2,0,13
URIONDO (A. CONCEPCION),"anticoncepcion, prevencion de its y de cancer de cuello uterino",implante subdermico: usuarias continuas,2016-07-01,0,2,14,1,0,17
VILLA SERRANO,"anticoncepcion, prevencion de its y de cancer de cuello uterino",implante subdermico: usuarias continuas,2016-07-01,0,0,1,1,0,2
VILLA TUNARI,"anticoncepcion, prevencion de its y de cancer de cuello uterino",implante subdermico: usuarias continuas,2016-07-01,0,0,5,7,0,12
VILLA VACA GUZMAN (MUYUPAMPA),"anticoncepcion, prevencion de its y de cancer de cuello uterino",implante subdermico: usuarias continuas,2016-07-01,0,5,4,0,0,9
VILLAZON,"anticoncepcion, prevencion de its y de cancer de cuello uterino",implante subdermico: usuarias continuas,2016-07-01,0,1,11,2,0,14
VINTO,"anticoncepcion, prevencion de its y de cancer de cuello uterino",implante subdermico: usuarias continuas,2016-07-01,0,0,2,1,0,3
VITICHI,"anticoncepcion, prevencion de its y de cancer de cuello uterino",implante subdermico: usuarias continuas,2016-07-01,0,0,3,0,0,3
WARNES,"anticoncepcion, prevencion de its y de cancer de cuello uterino",implante subdermico: usuarias continuas,2016-07-01,0,1,3,1,0,5
YANACACHI,"anticoncepcion, prevencion de its y de cancer de cuello uterino",implante subdermico: usuarias continuas,2016-07-01,0,0,1,0,0,1
YOTALA,"anticoncepcion, prevencion de its y de cancer de cuello uterino",implante subdermico: usuarias continuas,2016-07-01,0,0,1,0,0,1
ZUDAÑEZ,"anticoncepcion, prevencion de its y de cancer de cuello uterino",implante subdermico: usuarias continuas,2016-07-01,0,2,1,2,0,5
ACHACACHI,"anticoncepcion, prevencion de its y de cancer de cuello uterino",implante subdermico: usuarias continuas,2016-08-01,0,0,4,1,0,5
AIQUILE,"anticoncepcion, prevencion de its y de cancer de cuello uterino",implante subdermico: usuarias continuas,2016-08-01,0,1,8,1,0,10
ATOCHA,"anticoncepcion, prevencion de its y de cancer de cuello uterino",implante subdermico: usuarias continuas,2016-08-01,0,0,4,3,0,7
AYOPAYA (V. DE INDEPENDENCIA),"anticoncepcion, prevencion de its y de cancer de cuello uterino",implante subdermico: usuarias continuas,2016-08-01,0,0,1,0,0,1
BELLA FLOR,"anticoncepcion, prevencion de its y de cancer de cuello uterino",implante subdermico: usuarias continuas,2016-08-01,0,0,1,0,0,1
CAMIRI,"anticoncepcion, prevencion de its y de cancer de cuello uterino",implante subdermico: usuarias continuas,2016-08-01,0,1,3,1,0,5
CAPINOTA,"anticoncepcion, prevencion de its y de cancer de cuello uterino",implante subdermico: usuarias continuas,2016-08-01,0,2,1,0,0,3
CHALLAPATA,"anticoncepcion, prevencion de its y de cancer de cuello uterino",implante subdermico: usuarias continuas,2016-08-01,0,1,4,0,0,5
COBIJA,"anticoncepcion, prevencion de its y de cancer de cuello uterino",implante subdermico: usuarias continuas,2016-08-01,0,10,29,3,0,42
COCHABAMBA,"anticoncepcion, prevencion de its y de cancer de cuello uterino",implante subdermico: usuarias continuas,2016-08-01,0,3,8,0,0,11
COLCAPIRHUA,"anticoncepcion, prevencion de its y de cancer de cuello uterino",implante subdermico: usuarias continuas,2016-08-01,0,0,1,0,0,1
COLOMI,"anticoncepcion, prevencion de its y de cancer de cuello uterino",implante subdermico: usuarias continuas,2016-08-01,0,0,2,0,0,2
CORIPATA,"anticoncepcion, prevencion de its y de cancer de cuello uterino",implante subdermico: usuarias continuas,2016-08-01,0,0,1,0,0,1
EL ALTO,"anticoncepcion, prevencion de its y de cancer de cuello uterino",implante subdermico: usuarias continuas,2016-08-01,0,3,13,21,0,37
EL PUENTE(TJA),"anticoncepcion, prevencion de its y de cancer de cuello uterino",implante subdermico: usuarias continuas,2016-08-01,0,0,1,0,0,1
ENTRE RIOS TRJ,"anticoncepcion, prevencion de its y de cancer de cuello uterino",implante subdermico: usuarias continuas,2016-08-01,0,1,3,1,0,5
ESCARA,"anticoncepcion, prevencion de its y de cancer de cuello uterino",implante subdermico: usuarias continuas,2016-08-01,0,0,0,1,0,1
FILADELFIA,"anticoncepcion, prevencion de its y de cancer de cuello uterino",implante subdermico: usuarias continuas,2016-08-01,0,0,2,0,0,2
HUAYLLAMARCA,"anticoncepcion, prevencion de its y de cancer de cuello uterino",implante subdermico: usuarias continuas,2016-08-01,0,0,0,1,0,1
LA PAZ,"anticoncepcion, prevencion de its y de cancer de cuello uterino",implante subdermico: usuarias continuas,2016-08-01,0,10,54,17,1,82
MAPIRI,"anticoncepcion, prevencion de its y de cancer de cuello uterino",implante subdermico: usuarias continuas,2016-08-01,0,0,1,0,0,1
MIZQUE,"anticoncepcion, prevencion de its y de cancer de cuello uterino",implante subdermico: usuarias continuas,2016-08-01,0,0,3,0,0,3
MONTEAGUDO,"anticoncepcion, prevencion de its y de cancer de cuello uterino",implante subdermico: usuarias continuas,2016-08-01,0,0,1,1,0,2
MOROCHATA,"anticoncepcion, prevencion de its y de cancer de cuello uterino",implante subdermico: usuarias continuas,2016-08-01,0,0,1,0,0,1
ORURO,"anticoncepcion, prevencion de its y de cancer de cuello uterino",implante subdermico: usuarias continuas,2016-08-01,0,5,40,5,0,50
PAZÑA,"anticoncepcion, prevencion de its y de cancer de cuello uterino",implante subdermico: usuarias continuas,2016-08-01,0,0,0,1,0,1
PORVENIR,"anticoncepcion, prevencion de its y de cancer de cuello uterino",implante subdermico: usuarias continuas,2016-08-01,0,0,1,0,0,1
POTOSI,"anticoncepcion, prevencion de its y de cancer de cuello uterino",implante subdermico: usuarias continuas,2016-08-01,0,1,29,2,0,32
PUERTO GONZALO MORENO,"anticoncepcion, prevencion de its y de cancer de cuello uterino",implante subdermico: usuarias continuas,2016-08-01,0,1,4,0,0,5
PUERTO RICO,"anticoncepcion, prevencion de its y de cancer de cuello uterino",implante subdermico: usuarias continuas,2016-08-01,0,0,3,1,0,4
PUERTO VILLARROEL,"anticoncepcion, prevencion de its y de cancer de cuello uterino",implante subdermico: usuarias continuas,2016-08-01,0,1,10,3,0,14
PUNA,"anticoncepcion, prevencion de its y de cancer de cuello uterino",implante subdermico: usuarias continuas,2016-08-01,0,0,0,1,0,1
QUILLACOLLO,"anticoncepcion, prevencion de its y de cancer de cuello uterino",implante subdermico: usuarias continuas,2016-08-01,0,0,2,0,0,2
RIBERALTA,"anticoncepcion, prevencion de its y de cancer de cuello uterino",implante subdermico: usuarias continuas,2016-08-01,0,0,3,1,0,4
SACABA,"anticoncepcion, prevencion de its y de cancer de cuello uterino",implante subdermico: usuarias continuas,2016-08-01,0,4,15,5,0,24
SAN CARLOS,"anticoncepcion, prevencion de its y de cancer de cuello uterino",implante subdermico: usuarias continuas,2016-08-01,0,2,2,0,0,4
SAN IGNACIO,"anticoncepcion, prevencion de its y de cancer de cuello uterino",implante subdermico: usuarias continuas,2016-08-01,0,1,3,2,0,6
SAN IGNACIO DE VELASCO,"anticoncepcion, prevencion de its y de cancer de cuello uterino",implante subdermico: usuarias continuas,2016-08-01,0,0,1,0,0,1
SAN LORENZO(PND),"anticoncepcion, prevencion de its y de cancer de cuello uterino",implante subdermico: usuarias continuas,2016-08-01,0,1,0,0,0,1
SANTA CRUZ DE LA SIERRA,"anticoncepcion, prevencion de its y de cancer de cuello uterino",implante subdermico: usuarias continuas,2016-08-01,0,9,48,58,0,115
SENA,"anticoncepcion, prevencion de its y de cancer de cuello uterino",implante subdermico: usuarias continuas,2016-08-01,0,0,1,0,0,1
SORATA,"anticoncepcion, prevencion de its y de cancer de cuello uterino",implante subdermico: usuarias continuas,2016-08-01,0,0,1,1,0,2
SUCRE,"anticoncepcion, prevencion de its y de cancer de cuello uterino",implante subdermico: usuarias continuas,2016-08-01,1,9,38,6,0,54
TAPACARI,"anticoncepcion, prevencion de its y de cancer de cuello uterino",implante subdermico: usuarias continuas,2016-08-01,0,0,0,1,0,1
TARIJA,"anticoncepcion, prevencion de its y de cancer de cuello uterino",implante subdermico: usuarias continuas,2016-08-01,0,4,27,4,0,35
TEOPONTE,"anticoncepcion, prevencion de its y de cancer de cuello uterino",implante subdermico: usuarias continuas,2016-08-01,0,0,0,2,0,2
TIPUANI,"anticoncepcion, prevencion de its y de cancer de cuello uterino",implante subdermico: usuarias continuas,2016-08-01,0,0,2,1,0,3
TIRAQUE (CBBA),"anticoncepcion, prevencion de its y de cancer de cuello uterino",implante subdermico: usuarias continuas,2016-08-01,0,0,2,0,0,2
TOMINA,"anticoncepcion, prevencion de its y de cancer de cuello uterino",implante subdermico: usuarias continuas,2016-08-01,0,0,1,0,0,1
TOTORA(CBBA),"anticoncepcion, prevencion de its y de cancer de cuello uterino",implante subdermico: usuarias continuas,2016-08-01,0,1,6,2,0,9
TRINIDAD,"anticoncepcion, prevencion de its y de cancer de cuello uterino",implante subdermico: usuarias continuas,2016-08-01,1,1,4,0,0,6
TUPIZA,"anticoncepcion, prevencion de its y de cancer de cuello uterino",implante subdermico: usuarias continuas,2016-08-01,0,3,10,2,0,15
TURCO,"anticoncepcion, prevencion de its y de cancer de cuello uterino",implante subdermico: usuarias continuas,2016-08-01,0,0,1,0,0,1
URIONDO (A. CONCEPCION),"anticoncepcion, prevencion de its y de cancer de cuello uterino",implante subdermico: usuarias continuas,2016-08-01,0,0,2,0,0,2
VILLA TUNARI,"anticoncepcion, prevencion de its y de cancer de cuello uterino",implante subdermico: usuarias continuas,2016-08-01,0,0,7,5,0,12
VILLAZON,"anticoncepcion, prevencion de its y de cancer de cuello uterino",implante subdermico: usuarias continuas,2016-08-01,0,3,16,0,0,19
YOTALA,"anticoncepcion, prevencion de its y de cancer de cuello uterino",implante subdermico: usuarias continuas,2016-08-01,0,0,4,1,0,5
ZUDAÑEZ,"anticoncepcion, prevencion de its y de cancer de cuello uterino",implante subdermico: usuarias continuas,2016-08-01,0,0,3,0,0,3
ACHOCALLA,"anticoncepcion, prevencion de its y de cancer de cuello uterino",implante subdermico: usuarias continuas,2016-09-01,0,0,4,0,0,4
AIQUILE,"anticoncepcion, prevencion de its y de cancer de cuello uterino",implante subdermico: usuarias continuas,2016-09-01,0,2,7,5,0,14
ASCENCION DE GUARAYOS,"anticoncepcion, prevencion de its y de cancer de cuello uterino",implante subdermico: usuarias continuas,2016-09-01,0,0,0,1,0,1
ATOCHA,"anticoncepcion, prevencion de its y de cancer de cuello uterino",implante subdermico: usuarias continuas,2016-09-01,0,1,6,2,0,9
AYOPAYA (V. DE INDEPENDENCIA),"anticoncepcion, prevencion de its y de cancer de cuello uterino",implante subdermico: usuarias continuas,2016-09-01,0,1,12,5,0,18
AZURDUY,"anticoncepcion, prevencion de its y de cancer de cuello uterino",implante subdermico: usuarias continuas,2016-09-01,0,0,2,0,0,2
BETANZOS,"anticoncepcion, prevencion de its y de cancer de cuello uterino",implante subdermico: usuarias continuas,2016-09-01,0,0,0,1,0,1
CAPINOTA,"anticoncepcion, prevencion de its y de cancer de cuello uterino",implante subdermico: usuarias continuas,2016-09-01,0,0,2,0,0,2
CHALLAPATA,"anticoncepcion, prevencion de its y de cancer de cuello uterino",implante subdermico: usuarias continuas,2016-09-01,0,1,0,0,0,1
CHIMORE,"anticoncepcion, prevencion de its y de cancer de cuello uterino",implante subdermico: usuarias continuas,2016-09-01,0,0,1,1,0,2
CHIPAYA,"anticoncepcion, prevencion de its y de cancer de cuello uterino",implante subdermico: usuarias continuas,2016-09-01,0,0,1,0,0,1
CKOCHAS,"anticoncepcion, prevencion de its y de cancer de cuello uterino",implante subdermico: usuarias continuas,2016-09-01,0,0,2,2,0,4
COBIJA,"anticoncepcion, prevencion de its y de cancer de cuello uterino",implante subdermico: usuarias continuas,2016-09-01,0,4,14,1,0,19
COCHABAMBA,"anticoncepcion, prevencion de its y de cancer de cuello uterino",implante subdermico: usuarias continuas,2016-09-01,0,3,8,0,0,11
COLCAPIRHUA,"anticoncepcion, prevencion de its y de cancer de cuello uterino",implante subdermico: usuarias continuas,2016-09-01,0,1,1,0,0,2
COLOMI,"anticoncepcion, prevencion de its y de cancer de cuello uterino",implante subdermico: usuarias continuas,2016-09-01,0,0,4,0,0,4
CORIPATA,"anticoncepcion, prevencion de its y de cancer de cuello uterino",implante subdermico: usuarias continuas,2016-09-01,0,0,2,0,0,2
EL ALTO,"anticoncepcion, prevencion de its y de cancer de cuello uterino",implante subdermico: usuarias continuas,2016-09-01,0,5,21,18,0,44
ENTRE RIOS TRJ,"anticoncepcion, prevencion de its y de cancer de cuello uterino",implante subdermico: usuarias continuas,2016-09-01,0,0,2,1,0,3
GUAYARAMERIN,"anticoncepcion, prevencion de its y de cancer de cuello uterino",implante subdermico: usuarias continuas,2016-09-01,0,1,2,0,0,3
HUANUNI,"anticoncepcion, prevencion de its y de cancer de cuello uterino",implante subdermico: usuarias continuas,2016-09-01,0,0,3,0,0,3
ICLA,"anticoncepcion, prevencion de its y de cancer de cuello uterino",implante subdermico: usuarias continuas,2016-09-01,0,0,1,0,0,1
INCAHUASI,"anticoncepcion, prevencion de its y de cancer de cuello uterino",implante subdermico: usuarias continuas,2016-09-01,0,0,1,2,0,3
LA PAZ,"anticoncepcion, prevencion de its y de cancer de cuello uterino",implante subdermico: usuarias continuas,2016-09-01,0,11,49,7,0,67
LAGUNILLAS,"anticoncepcion, prevencion de its y de cancer de cuello uterino",implante subdermico: usuarias continuas,2016-09-01,0,0,1,0,0,1
LLICA,"anticoncepcion, prevencion de its y de cancer de cuello uterino",implante subdermico: usuarias continuas,2016-09-01,1,8,34,7,0,50
MACHARETI,"anticoncepcion, prevencion de its y de cancer de cuello uterino",implante subdermico: usuarias continuas,2016-09-01,0,0,0,1,0,1
MIZQUE,"anticoncepcion, prevencion de its y de cancer de cuello uterino",implante subdermico: usuarias continuas,2016-09-01,0,1,2,0,0,3
MONTEAGUDO,"anticoncepcion, prevencion de its y de cancer de cuello uterino",implante subdermico: usuarias continuas,2016-09-01,0,2,3,2,0,7
MONTERO,"anticoncepcion, prevencion de its y de cancer de cuello uterino",implante subdermico: usuarias continuas,2016-09-01,0,0,2,0,0,2
ORURO,"anticoncepcion, prevencion de its y de cancer de cuello uterino",implante subdermico: usuarias continuas,2016-09-01,0,6,45,6,0,57
PORVENIR,"anticoncepcion, prevencion de its y de cancer de cuello uterino",implante subdermico: usuarias continuas,2016-09-01,0,1,3,0,0,4
POTOSI,"anticoncepcion, prevencion de its y de cancer de cuello uterino",implante subdermico: usuarias continuas,2016-09-01,0,3,30,8,0,41
PUERTO VILLARROEL,"anticoncepcion, prevencion de its y de cancer de cuello uterino",implante subdermico: usuarias continuas,2016-09-01,0,0,3,0,0,3
PUNA,"anticoncepcion, prevencion de its y de cancer de cuello uterino",implante subdermico: usuarias continuas,2016-09-01,0,1,1,0,0,2
SACABA,"anticoncepcion, prevencion de its y de cancer de cuello uterino",implante subdermico: usuarias continuas,2016-09-01,0,1,15,7,0,23
SAN BORJA,"anticoncepcion, prevencion de its y de cancer de cuello uterino",implante subdermico: usuarias continuas,2016-09-01,0,0,5,0,0,5
SAN JAVIER(BNI),"anticoncepcion, prevencion de its y de cancer de cuello uterino",implante subdermico: usuarias continuas,2016-09-01,0,1,0,0,0,1
SAN JULIAN,"anticoncepcion, prevencion de its y de cancer de cuello uterino",implante subdermico: usuarias continuas,2016-09-01,0,0,0,1,0,1
SAN LORENZO(TJA),"anticoncepcion, prevencion de its y de cancer de cuello uterino",implante subdermico: usuarias continuas,2016-09-01,0,0,2,1,0,3
SAN PEDRO DE BUENA VISTA,"anticoncepcion, prevencion de its y de cancer de cuello uterino",implante subdermico: usuarias continuas,2016-09-01,0,0,2,0,0,2
SANTA CRUZ DE LA SIERRA,"anticoncepcion, prevencion de its y de cancer de cuello uterino",implante subdermico: usuarias continuas,2016-09-01,0,2,3,2,0,7
SUCRE,"anticoncepcion, prevencion de its y de cancer de cuello uterino",implante subdermico: usuarias continuas,2016-09-01,0,3,46,8,0,57
TAPACARI,"anticoncepcion, prevencion de its y de cancer de cuello uterino",implante subdermico: usuarias continuas,2016-09-01,0,1,0,1,0,2
TARIJA,"anticoncepcion, prevencion de its y de cancer de cuello uterino",implante subdermico: usuarias continuas,2016-09-01,0,1,15,3,0,19
TINGUIPAYA,"anticoncepcion, prevencion de its y de cancer de cuello uterino",implante subdermico: usuarias continuas,2016-09-01,0,0,1,2,0,3
TIQUIPAYA,"anticoncepcion, prevencion de its y de cancer de cuello uterino",implante subdermico: usuarias continuas,2016-09-01,0,0,4,0,0,4
TIRAQUE (CBBA),"anticoncepcion, prevencion de its y de cancer de cuello uterino",implante subdermico: usuarias continuas,2016-09-01,0,0,2,1,0,3
TOLATA,"anticoncepcion, prevencion de its y de cancer de cuello uterino",implante subdermico: usuarias continuas,2016-09-01,0,0,0,1,0,1
TOLEDO,"anticoncepcion, prevencion de its y de cancer de cuello uterino",implante subdermico: usuarias continuas,2016-09-01,0,0,0,1,0,1
TOMINA,"anticoncepcion, prevencion de its y de cancer de cuello uterino",implante subdermico: usuarias continuas,2016-09-01,0,0,1,0,0,1
TOTORA(CBBA),"anticoncepcion, prevencion de its y de cancer de cuello uterino",implante subdermico: usuarias continuas,2016-09-01,0,3,6,0,0,9
TRINIDAD,"anticoncepcion, prevencion de its y de cancer de cuello uterino",implante subdermico: usuarias continuas,2016-09-01,0,0,2,0,0,2
TUPIZA,"anticoncepcion, prevencion de its y de cancer de cuello uterino",implante subdermico: usuarias continuas,2016-09-01,0,4,10,7,0,21
URIONDO (A. CONCEPCION),"anticoncepcion, prevencion de its y de cancer de cuello uterino",implante subdermico: usuarias continuas,2016-09-01,0,1,5,3,0,9
VILLA NUEVA (LOMA ALTA),"anticoncepcion, prevencion de its y de cancer de cuello uterino",implante subdermico: usuarias continuas,2016-09-01,0,0,2,0,0,2
VILLA TUNARI,"anticoncepcion, prevencion de its y de cancer de cuello uterino",implante subdermico: usuarias continuas,2016-09-01,0,0,8,9,0,17
VILLAZON,"anticoncepcion, prevencion de its y de cancer de cuello uterino",implante subdermico: usuarias continuas,2016-09-01,0,1,14,4,0,19
WARNES,"anticoncepcion, prevencion de its y de cancer de cuello uterino",implante subdermico: usuarias continuas,2016-09-01,0,0,2,0,0,2
YOTALA,"anticoncepcion, prevencion de its y de cancer de cuello uterino",implante subdermico: usuarias continuas,2016-09-01,0,1,5,0,0,6
ZUDAÑEZ,"anticoncepcion, prevencion de its y de cancer de cuello uterino",implante subdermico: usuarias continuas,2016-09-01,0,0,3,1,0,4
ACHACACHI,"anticoncepcion, prevencion de its y de cancer de cuello uterino",implante subdermico: usuarias continuas,2016-10-01,0,1,1,0,0,2
ACHOCALLA,"anticoncepcion, prevencion de its y de cancer de cuello uterino",implante subdermico: usuarias continuas,2016-10-01,0,0,5,1,0,6
AIQUILE,"anticoncepcion, prevencion de its y de cancer de cuello uterino",implante subdermico: usuarias continuas,2016-10-01,0,2,8,1,0,11
ATOCHA,"anticoncepcion, prevencion de its y de cancer de cuello uterino",implante subdermico: usuarias continuas,2016-10-01,0,0,3,0,0,3
AYOPAYA (V. DE INDEPENDENCIA),"anticoncepcion, prevencion de its y de cancer de cuello uterino",implante subdermico: usuarias continuas,2016-10-01,0,0,1,0,0,1
BETANZOS,"anticoncepcion, prevencion de its y de cancer de cuello uterino",implante subdermico: usuarias continuas,2016-10-01,0,0,1,0,0,1
BOLPEBRA,"anticoncepcion, prevencion de its y de cancer de cuello uterino",implante subdermico: usuarias continuas,2016-10-01,0,0,4,0,0,4
CAMIRI,"anticoncepcion, prevencion de its y de cancer de cuello uterino",implante subdermico: usuarias continuas,2016-10-01,0,0,2,0,0,2
CAPINOTA,"anticoncepcion, prevencion de its y de cancer de cuello uterino",implante subdermico: usuarias continuas,2016-10-01,0,2,4,0,0,6
CHALLAPATA,"anticoncepcion, prevencion de its y de cancer de cuello uterino",implante subdermico: usuarias continuas,2016-10-01,0,1,2,0,0,3
CHIMORE,"anticoncepcion, prevencion de its y de cancer de cuello uterino",implante subdermico: usuarias continuas,2016-10-01,0,1,6,0,0,7
CLIZA,"anticoncepcion, prevencion de its y de cancer de cuello uterino",implante subdermico: usuarias continuas,2016-10-01,0,1,3,1,0,5
COBIJA,"anticoncepcion, prevencion de its y de cancer de cuello uterino",implante subdermico: usuarias continuas,2016-10-01,0,13,47,7,0,67
COCHABAMBA,"anticoncepcion, prevencion de its y de cancer de cuello uterino",implante subdermico: usuarias continuas,2016-10-01,0,15,52,89,0,156
COLCAPIRHUA,"anticoncepcion, prevencion de its y de cancer de cuello uterino",implante subdermico: usuarias continuas,2016-10-01,0,0,2,0,0,2
COLOMI,"anticoncepcion, prevencion de its y de cancer de cuello uterino",implante subdermico: usuarias continuas,2016-10-01,0,0,4,0,0,4
EL ALTO,"anticoncepcion, prevencion de its y de cancer de cuello uterino",implante subdermico: usuarias continuas,2016-10-01,0,0,17,32,0,49
EL TORNO,"anticoncepcion, prevencion de its y de cancer de cuello uterino",implante subdermico: usuarias continuas,2016-10-01,0,1,8,0,0,9
EL VILLAR,"anticoncepcion, prevencion de its y de cancer de cuello uterino",implante subdermico: usuarias continuas,2016-10-01,0,0,3,0,0,3
ENTRE RIOS TRJ,"anticoncepcion, prevencion de its y de cancer de cuello uterino",implante subdermico: usuarias continuas,2016-10-01,0,1,0,0,0,1
FILADELFIA,"anticoncepcion, prevencion de its y de cancer de cuello uterino",implante subdermico: usuarias continuas,2016-10-01,0,1,1,0,0,2
HUACARETA,"anticoncepcion, prevencion de its y de cancer de cuello uterino",implante subdermico: usuarias continuas,2016-10-01,0,0,1,0,0,1
HUANUNI,"anticoncepcion, prevencion de its y de cancer de cuello uterino",implante subdermico: usuarias continuas,2016-10-01,0,0,2,0,0,2
INCAHUASI,"anticoncepcion, prevencion de its y de cancer de cuello uterino",implante subdermico: usuarias continuas,2016-10-01,0,0,0,1,0,1
LA PAZ,"anticoncepcion, prevencion de its y de cancer de cuello uterino",implante subdermico: usuarias continuas,2016-10-01,0,12,72,6,0,90
MACHARETI,"anticoncepcion, prevencion de its y de cancer de cuello uterino",implante subdermico: usuarias continuas,2016-10-01,0,0,2,0,0,2
MAGDALENA,"anticoncepcion, prevencion de its y de cancer de cuello uterino",implante subdermico: usuarias continuas,2016-10-01,0,0,2,0,0,2
MIZQUE,"anticoncepcion, prevencion de its y de cancer de cuello uterino",implante subdermico: usuarias continuas,2016-10-01,0,0,1,0,0,1
MONTEAGUDO,"anticoncepcion, prevencion de its y de cancer de cuello uterino",implante subdermico: usuarias continuas,2016-10-01,0,4,11,2,0,17
MONTERO,"anticoncepcion, prevencion de its y de cancer de cuello uterino",implante subdermico: usuarias continuas,2016-10-01,0,0,10,2,0,12
ORURO,"anticoncepcion, prevencion de its y de cancer de cuello uterino",implante subdermico: usuarias continuas,2016-10-01,0,2,51,6,0,59
PADCAYA,"anticoncepcion, prevencion de its y de cancer de cuello uterino",implante subdermico: usuarias continuas,2016-10-01,0,8,40,3,0,51
PAILON,"anticoncepcion, prevencion de its y de cancer de cuello uterino",implante subdermico: usuarias continuas,2016-10-01,0,0,1,0,0,1
PALCA,"anticoncepcion, prevencion de its y de cancer de cuello uterino",implante subdermico: usuarias continuas,2016-10-01,0,0,2,0,0,2
POCOATA,"anticoncepcion, prevencion de its y de cancer de cuello uterino",implante subdermico: usuarias continuas,2016-10-01,0,0,2,3,0,5
POCONA,"anticoncepcion, prevencion de its y de cancer de cuello uterino",implante subdermico: usuarias continuas,2016-10-01,0,0,0,1,0,1
PORCO,"anticoncepcion, prevencion de its y de cancer de cuello uterino",implante subdermico: usuarias continuas,2016-10-01,0,1,0,0,0,1
POROMA,"anticoncepcion, prevencion de its y de cancer de cuello uterino",implante subdermico: usuarias continuas,2016-10-01,0,0,0,1,0,1
PORVENIR,"anticoncepcion, prevencion de its y de cancer de cuello uterino",implante subdermico: usuarias continuas,2016-10-01,0,1,5,0,0,6
POTOSI,"anticoncepcion, prevencion de its y de cancer de cuello uterino",implante subdermico: usuarias continuas,2016-10-01,0,6,51,9,0,66
PRESTO,"anticoncepcion, prevencion de its y de cancer de cuello uterino",implante subdermico: usuarias continuas,2016-10-01,0,0,2,0,0,2
PUERTO GONZALO MORENO,"anticoncepcion, prevencion de its y de cancer de cuello uterino",implante subdermico: usuarias continuas,2016-10-01,0,0,2,0,0,2
PUERTO VILLARROEL,"anticoncepcion, prevencion de its y de cancer de cuello uterino",implante subdermico: usuarias continuas,2016-10-01,0,0,4,0,0,4
SACABA,"anticoncepcion, prevencion de its y de cancer de cuello uterino",implante subdermico: usuarias continuas,2016-10-01,0,1,4,0,0,5
SAN BORJA,"anticoncepcion, prevencion de its y de cancer de cuello uterino",implante subdermico: usuarias continuas,2016-10-01,0,0,0,1,0,1
SAN CARLOS,"anticoncepcion, prevencion de its y de cancer de cuello uterino",implante subdermico: usuarias continuas,2016-10-01,0,7,3,1,0,11
SAN LORENZO(PND),"anticoncepcion, prevencion de its y de cancer de cuello uterino",implante subdermico: usuarias continuas,2016-10-01,0,0,3,0,0,3
SAN PEDRO(PND),"anticoncepcion, prevencion de its y de cancer de cuello uterino",implante subdermico: usuarias continuas,2016-10-01,0,0,1,0,0,1
SANTA CRUZ DE LA SIERRA,"anticoncepcion, prevencion de its y de cancer de cuello uterino",implante subdermico: usuarias continuas,2016-10-01,0,13,107,43,0,163
SANTIAGO DE CALLAPA,"anticoncepcion, prevencion de its y de cancer de cuello uterino",implante subdermico: usuarias continuas,2016-10-01,0,0,1,1,0,2
SICA SICA (VILLA AROMA),"anticoncepcion, prevencion de its y de cancer de cuello uterino",implante subdermico: usuarias continuas,2016-10-01,0,0,2,1,0,3
SORATA,"anticoncepcion, prevencion de its y de cancer de cuello uterino",implante subdermico: usuarias continuas,2016-10-01,0,0,0,1,0,1
SUCRE,"anticoncepcion, prevencion de its y de cancer de cuello uterino",implante subdermico: usuarias continuas,2016-10-01,0,4,30,5,0,39
TARIJA,"anticoncepcion, prevencion de its y de cancer de cuello uterino",implante subdermico: usuarias continuas,2016-10-01,0,6,24,24,0,54
TARVITA,"anticoncepcion, prevencion de its y de cancer de cuello uterino",implante subdermico: usuarias continuas,2016-10-01,0,0,0,1,0,1
TIQUIPAYA,"anticoncepcion, prevencion de its y de cancer de cuello uterino",implante subdermico: usuarias continuas,2016-10-01,0,0,1,0,0,1
TRINIDAD,"anticoncepcion, prevencion de its y de cancer de cuello uterino",implante subdermico: usuarias continuas,2016-10-01,0,0,2,0,0,2
TUPIZA,"anticoncepcion, prevencion de its y de cancer de cuello uterino",implante subdermico: usuarias continuas,2016-10-01,0,3,8,1,0,12
URIONDO (A. CONCEPCION),"anticoncepcion, prevencion de its y de cancer de cuello uterino",implante subdermico: usuarias continuas,2016-10-01,0,2,2,0,0,4
UYUNI,"anticoncepcion, prevencion de its y de cancer de cuello uterino",implante subdermico: usuarias continuas,2016-10-01,0,0,3,0,0,3
VIACHA,"anticoncepcion, prevencion de its y de cancer de cuello uterino",implante subdermico: usuarias continuas,2016-10-01,0,1,0,0,0,1
VILLA NUEVA (LOMA ALTA),"anticoncepcion, prevencion de its y de cancer de cuello uterino",implante subdermico: usuarias continuas,2016-10-01,0,0,3,0,0,3
VILLA SERRANO,"anticoncepcion, prevencion de its y de cancer de cuello uterino",implante subdermico: usuarias continuas,2016-10-01,0,0,1,1,0,2
VILLA TUNARI,"anticoncepcion, prevencion de its y de cancer de cuello uterino",implante subdermico: usuarias continuas,2016-10-01,0,4,3,8,0,15
VILLA VACA GUZMAN (MUYUPAMPA),"anticoncepcion, prevencion de its y de cancer de cuello uterino",implante subdermico: usuarias continuas,2016-10-01,0,0,2,1,0,3
VILLAZON,"anticoncepcion, prevencion de its y de cancer de cuello uterino",implante subdermico: usuarias continuas,2016-10-01,0,3,21,10,1,35
VINTO,"anticoncepcion, prevencion de its y de cancer de cuello uterino",implante subdermico: usuarias continuas,2016-10-01,0,0,1,1,0,2
WARNES,"anticoncepcion, prevencion de its y de cancer de cuello uterino",implante subdermico: usuarias continuas,2016-10-01,0,2,3,0,0,5
YAPACANI,"anticoncepcion, prevencion de its y de cancer de cuello uterino",implante subdermico: usuarias continuas,2016-10-01,0,0,2,0,0,2
YOTALA,"anticoncepcion, prevencion de its y de cancer de cuello uterino",implante subdermico: usuarias continuas,2016-10-01,0,0,3,1,0,4
ZUDAÑEZ,"anticoncepcion, prevencion de its y de cancer de cuello uterino",implante subdermico: usuarias continuas,2016-10-01,0,1,4,0,0,5
ACHACACHI,"anticoncepcion, prevencion de its y de cancer de cuello uterino",implante subdermico: usuarias continuas,2016-11-01,0,1,3,1,0,5
ACHOCALLA,"anticoncepcion, prevencion de its y de cancer de cuello uterino",implante subdermico: usuarias continuas,2016-11-01,0,1,2,1,0,4
AIQUILE,"anticoncepcion, prevencion de its y de cancer de cuello uterino",implante subdermico: usuarias continuas,2016-11-01,0,2,3,1,0,6
ARQUE,"anticoncepcion, prevencion de its y de cancer de cuello uterino",implante subdermico: usuarias continuas,2016-11-01,0,0,1,1,0,2
ATOCHA,"anticoncepcion, prevencion de its y de cancer de cuello uterino",implante subdermico: usuarias continuas,2016-11-01,0,0,5,0,0,5
AYOPAYA (V. DE INDEPENDENCIA),"anticoncepcion, prevencion de its y de cancer de cuello uterino",implante subdermico: usuarias continuas,2016-11-01,0,0,4,1,0,5
AZURDUY,"anticoncepcion, prevencion de its y de cancer de cuello uterino",implante subdermico: usuarias continuas,2016-11-01,0,0,0,1,0,1
BELLA FLOR,"anticoncepcion, prevencion de its y de cancer de cuello uterino",implante subdermico: usuarias continuas,2016-11-01,0,1,0,0,0,1
BOLPEBRA,"anticoncepcion, prevencion de its y de cancer de cuello uterino",implante subdermico: usuarias continuas,2016-11-01,0,2,1,0,0,3
CAPINOTA,"anticoncepcion, prevencion de its y de cancer de cuello uterino",implante subdermico: usuarias continuas,2016-11-01,0,1,5,0,0,6
CARACOLLO,"anticoncepcion, prevencion de its y de cancer de cuello uterino",implante subdermico: usuarias continuas,2016-11-01,0,1,3,0,0,4
CHALLAPATA,"anticoncepcion, prevencion de its y de cancer de cuello uterino",implante subdermico: usuarias continuas,2016-11-01,0,0,3,1,0,4
CHIMORE,"anticoncepcion, prevencion de its y de cancer de cuello uterino",implante subdermico: usuarias continuas,2016-11-01,0,1,3,0,0,4
COBIJA,"anticoncepcion, prevencion de its y de cancer de cuello uterino",implante subdermico: usuarias continuas,2016-11-01,0,1,8,3,0,12
COCHABAMBA,"anticoncepcion, prevencion de its y de cancer de cuello uterino",implante subdermico: usuarias continuas,2016-11-01,14,28,80,16,1,139
COLCAPIRHUA,"anticoncepcion, prevencion de its y de cancer de cuello uterino",implante subdermico: usuarias continuas,2016-11-01,0,0,2,0,0,2
CORIPATA,"anticoncepcion, prevencion de its y de cancer de cuello uterino",implante subdermico: usuarias continuas,2016-11-01,0,0,0,1,0,1
COTAGAITA,"anticoncepcion, prevencion de its y de cancer de cuello uterino",implante subdermico: usuarias continuas,2016-11-01,0,0,1,0,0,1
EL ALTO,"anticoncepcion, prevencion de its y de cancer de cuello uterino",implante subdermico: usuarias continuas,2016-11-01,0,4,24,28,0,56
EL VILLAR,"anticoncepcion, prevencion de its y de cancer de cuello uterino",implante subdermico: usuarias continuas,2016-11-01,0,0,0,2,0,2
ENTRE RIOS TRJ,"anticoncepcion, prevencion de its y de cancer de cuello uterino",implante subdermico: usuarias continuas,2016-11-01,0,0,1,0,0,1
ENTRE RIOS CBBA,"anticoncepcion, prevencion de its y de cancer de cuello uterino",implante subdermico: usuarias continuas,2016-11-01,0,0,2,0,0,2
GUAYARAMERIN,"anticoncepcion, prevencion de its y de cancer de cuello uterino",implante subdermico: usuarias continuas,2016-11-01,0,1,1,0,0,2
HUANUNI,"anticoncepcion, prevencion de its y de cancer de cuello uterino",implante subdermico: usuarias continuas,2016-11-01,0,0,1,0,0,1
INCAHUASI,"anticoncepcion, prevencion de its y de cancer de cuello uterino",implante subdermico: usuarias continuas,2016-11-01,0,0,1,0,0,1
IRUPANA (VILLA DE LANZA),"anticoncepcion, prevencion de its y de cancer de cuello uterino",implante subdermico: usuarias continuas,2016-11-01,0,0,1,0,0,1
LA PAZ,"anticoncepcion, prevencion de its y de cancer de cuello uterino",implante subdermico: usuarias continuas,2016-11-01,0,7,38,5,0,50
LORETO,"anticoncepcion, prevencion de its y de cancer de cuello uterino",implante subdermico: usuarias continuas,2016-11-01,0,0,3,0,0,3
MAPIRI,"anticoncepcion, prevencion de its y de cancer de cuello uterino",implante subdermico: usuarias continuas,2016-11-01,0,0,1,0,0,1
MIZQUE,"anticoncepcion, prevencion de its y de cancer de cuello uterino",implante subdermico: usuarias continuas,2016-11-01,0,0,6,0,0,6
MONTEAGUDO,"anticoncepcion, prevencion de its y de cancer de cuello uterino",implante subdermico: usuarias continuas,2016-11-01,0,0,0,1,0,1
MONTERO,"anticoncepcion, prevencion de its y de cancer de cuello uterino",implante subdermico: usuarias continuas,2016-11-01,0,0,3,0,0,3
OCURI,"anticoncepcion, prevencion de its y de cancer de cuello uterino",implante subdermico: usuarias continuas,2016-11-01,0,0,0,0,1,1
ORURO,"anticoncepcion, prevencion de its y de cancer de cuello uterino",implante subdermico: usuarias continuas,2016-11-01,0,5,25,7,0,37
PADCAYA,"anticoncepcion, prevencion de its y de cancer de cuello uterino",implante subdermico: usuarias continuas,2016-11-01,0,2,17,0,0,19
PASORAPA,"anticoncepcion, prevencion de its y de cancer de cuello uterino",implante subdermico: usuarias continuas,2016-11-01,0,0,0,1,0,1
PORCO,"anticoncepcion, prevencion de its y de cancer de cuello uterino",implante subdermico: usuarias continuas,2016-11-01,0,0,1,0,0,1
PORVENIR,"anticoncepcion, prevencion de its y de cancer de cuello uterino",implante subdermico: usuarias continuas,2016-11-01,0,0,3,0,0,3
POTOSI,"anticoncepcion, prevencion de its y de cancer de cuello uterino",implante subdermico: usuarias continuas,2016-11-01,0,1,36,5,0,42
PRESTO,"anticoncepcion, prevencion de its y de cancer de cuello uterino",implante subdermico: usuarias continuas,2016-11-01,0,1,0,1,0,2
PUERTO GONZALO MORENO,"anticoncepcion, prevencion de its y de cancer de cuello uterino",implante subdermico: usuarias continuas,2016-11-01,0,0,2,0,0,2
SACABA,"anticoncepcion, prevencion de its y de cancer de cuello uterino",implante subdermico: usuarias continuas,2016-11-01,0,0,14,11,0,25
SACACA,"anticoncepcion, prevencion de its y de cancer de cuello uterino",implante subdermico: usuarias continuas,2016-11-01,0,1,2,0,0,3
SALINAS DE GARCI MENDOZA,"anticoncepcion, prevencion de its y de cancer de cuello uterino",implante subdermico: usuarias continuas,2016-11-01,0,0,0,3,2,5
SAN BORJA,"anticoncepcion, prevencion de its y de cancer de cuello uterino",implante subdermico: usuarias continuas,2016-11-01,0,0,2,0,0,2
SAN CARLOS,"anticoncepcion, prevencion de its y de cancer de cuello uterino",implante subdermico: usuarias continuas,2016-11-01,0,1,6,0,0,7
SAN IGNACIO,"anticoncepcion, prevencion de its y de cancer de cuello uterino",implante subdermico: usuarias continuas,2016-11-01,0,0,1,0,0,1
SAN JULIAN,"anticoncepcion, prevencion de its y de cancer de cuello uterino",implante subdermico: usuarias continuas,2016-11-01,0,0,6,0,0,6
SAN LORENZO(PND),"anticoncepcion, prevencion de its y de cancer de cuello uterino",implante subdermico: usuarias continuas,2016-11-01,0,0,2,0,0,2
SAN LORENZO(TJA),"anticoncepcion, prevencion de its y de cancer de cuello uterino",implante subdermico: usuarias continuas,2016-11-01,0,0,2,0,0,2
SANTA CRUZ DE LA SIERRA,"anticoncepcion, prevencion de its y de cancer de cuello uterino",implante subdermico: usuarias continuas,2016-11-01,3,1,12,7,0,23
SENA,"anticoncepcion, prevencion de its y de cancer de cuello uterino",implante subdermico: usuarias continuas,2016-11-01,0,0,1,0,0,1
SORATA,"anticoncepcion, prevencion de its y de cancer de cuello uterino",implante subdermico: usuarias continuas,2016-11-01,0,1,0,1,0,2
SUCRE,"anticoncepcion, prevencion de its y de cancer de cuello uterino",implante subdermico: usuarias continuas,2016-11-01,0,3,33,7,0,43
TARIJA,"anticoncepcion, prevencion de its y de cancer de cuello uterino",implante subdermico: usuarias continuas,2016-11-01,0,2,36,6,0,44
TEOPONTE,"anticoncepcion, prevencion de its y de cancer de cuello uterino",implante subdermico: usuarias continuas,2016-11-01,0,0,1,0,0,1
TIRAQUE (CBBA),"anticoncepcion, prevencion de its y de cancer de cuello uterino",implante subdermico: usuarias continuas,2016-11-01,0,0,3,0,0,3
TOTORA(CBBA),"anticoncepcion, prevencion de its y de cancer de cuello uterino",implante subdermico: usuarias continuas,2016-11-01,0,0,3,0,0,3
TRINIDAD,"anticoncepcion, prevencion de its y de cancer de cuello uterino",implante subdermico: usuarias continuas,2016-11-01,0,0,2,0,0,2
TUPIZA,"anticoncepcion, prevencion de its y de cancer de cuello uterino",implante subdermico: usuarias continuas,2016-11-01,0,2,8,1,0,11
URIONDO (A. CONCEPCION),"anticoncepcion, prevencion de its y de cancer de cuello uterino",implante subdermico: usuarias continuas,2016-11-01,0,0,3,0,0,3
UYUNI,"anticoncepcion, prevencion de its y de cancer de cuello uterino",implante subdermico: usuarias continuas,2016-11-01,0,0,2,1,0,3
VILLA NUEVA (LOMA ALTA),"anticoncepcion, prevencion de its y de cancer de cuello uterino",implante subdermico: usuarias continuas,2016-11-01,0,1,3,0,0,4
VILLA TUNARI,"anticoncepcion, prevencion de its y de cancer de cuello uterino",implante subdermico: usuarias continuas,2016-11-01,0,0,3,2,0,5
VILLA VACA GUZMAN (MUYUPAMPA),"anticoncepcion, prevencion de its y de cancer de cuello uterino",implante subdermico: usuarias continuas,2016-11-01,0,1,3,0,0,4
VILLAZON,"anticoncepcion, prevencion de its y de cancer de cuello uterino",implante subdermico: usuarias continuas,2016-11-01,0,2,7,5,0,14
YOTALA,"anticoncepcion, prevencion de its y de cancer de cuello uterino",implante subdermico: usuarias continuas,2016-11-01,0,1,0,0,0,1
ZUDAÑEZ,"anticoncepcion, prevencion de its y de cancer de cuello uterino",implante subdermico: usuarias continuas,2016-11-01,0,1,2,0,0,3
ACACIO,"anticoncepcion, prevencion de its y de cancer de cuello uterino",implante subdermico: usuarias continuas,2016-12-01,0,0,2,0,0,2
ACHACACHI,"anticoncepcion, prevencion de its y de cancer de cuello uterino",implante subdermico: usuarias continuas,2016-12-01,0,0,3,1,0,4
ACHOCALLA,"anticoncepcion, prevencion de its y de cancer de cuello uterino",implante subdermico: usuarias continuas,2016-12-01,0,0,5,0,0,5
AIQUILE,"anticoncepcion, prevencion de its y de cancer de cuello uterino",implante subdermico: usuarias continuas,2016-12-01,0,4,6,0,0,10
ATOCHA,"anticoncepcion, prevencion de its y de cancer de cuello uterino",implante subdermico: usuarias continuas,2016-12-01,0,0,4,0,0,4
AYOPAYA (V. DE INDEPENDENCIA),"anticoncepcion, prevencion de its y de cancer de cuello uterino",implante subdermico: usuarias continuas,2016-12-01,0,0,5,1,0,6
BAURES,"anticoncepcion, prevencion de its y de cancer de cuello uterino",implante subdermico: usuarias continuas,2016-12-01,0,0,0,1,0,1
BELLA FLOR,"anticoncepcion, prevencion de its y de cancer de cuello uterino",implante subdermico: usuarias continuas,2016-12-01,0,0,1,0,0,1
BERMEJO,"anticoncepcion, prevencion de its y de cancer de cuello uterino",implante subdermico: usuarias continuas,2016-12-01,0,0,1,0,0,1
BOLPEBRA,"anticoncepcion, prevencion de its y de cancer de cuello uterino",implante subdermico: usuarias continuas,2016-12-01,0,1,2,0,0,3
CAMARGO,"anticoncepcion, prevencion de its y de cancer de cuello uterino",implante subdermico: usuarias continuas,2016-12-01,0,0,2,0,0,2
CAPINOTA,"anticoncepcion, prevencion de its y de cancer de cuello uterino",implante subdermico: usuarias continuas,2016-12-01,0,1,2,0,0,3
CARACOLLO,"anticoncepcion, prevencion de its y de cancer de cuello uterino",implante subdermico: usuarias continuas,2016-12-01,0,0,4,0,0,4
CHAYANTA,"anticoncepcion, prevencion de its y de cancer de cuello uterino",implante subdermico: usuarias continuas,2016-12-01,0,0,2,0,0,2
CHIMORE,"anticoncepcion, prevencion de its y de cancer de cuello uterino",implante subdermico: usuarias continuas,2016-12-01,0,0,0,1,0,1
COBIJA,"anticoncepcion, prevencion de its y de cancer de cuello uterino",implante subdermico: usuarias continuas,2016-12-01,0,3,10,1,0,14
COCHABAMBA,"anticoncepcion, prevencion de its y de cancer de cuello uterino",implante subdermico: usuarias continuas,2016-12-01,0,36,90,6,0,132
COLCAPIRHUA,"anticoncepcion, prevencion de its y de cancer de cuello uterino",implante subdermico: usuarias continuas,2016-12-01,0,0,1,0,0,1
COLOMI,"anticoncepcion, prevencion de its y de cancer de cuello uterino",implante subdermico: usuarias continuas,2016-12-01,0,0,3,1,0,4
CORIPATA,"anticoncepcion, prevencion de its y de cancer de cuello uterino",implante subdermico: usuarias continuas,2016-12-01,0,0,2,1,0,3
EL ALTO,"anticoncepcion, prevencion de its y de cancer de cuello uterino",implante subdermico: usuarias continuas,2016-12-01,0,9,42,39,1,91
EL TORNO,"anticoncepcion, prevencion de its y de cancer de cuello uterino",implante subdermico: usuarias continuas,2016-12-01,0,0,3,0,0,3
ENTRE RIOS TRJ,"anticoncepcion, prevencion de its y de cancer de cuello uterino",implante subdermico: usuarias continuas,2016-12-01,0,1,1,0,0,2
GUAYARAMERIN,"anticoncepcion, prevencion de its y de cancer de cuello uterino",implante subdermico: usuarias continuas,2016-12-01,0,0,1,0,0,1
HUANUNI,"anticoncepcion, prevencion de its y de cancer de cuello uterino",implante subdermico: usuarias continuas,2016-12-01,0,0,3,0,0,3
INCAHUASI,"anticoncepcion, prevencion de its y de cancer de cuello uterino",implante subdermico: usuarias continuas,2016-12-01,0,0,1,1,0,2
INGAVI (HUMAITA),"anticoncepcion, prevencion de its y de cancer de cuello uterino",implante subdermico: usuarias continuas,2016-12-01,0,1,2,0,0,3
LA PAZ,"anticoncepcion, prevencion de its y de cancer de cuello uterino",implante subdermico: usuarias continuas,2016-12-01,0,6,26,5,0,37
MAGDALENA,"anticoncepcion, prevencion de its y de cancer de cuello uterino",implante subdermico: usuarias continuas,2016-12-01,0,0,1,0,0,1
MAPIRI,"anticoncepcion, prevencion de its y de cancer de cuello uterino",implante subdermico: usuarias continuas,2016-12-01,0,0,0,3,0,3
MONTERO,"anticoncepcion, prevencion de its y de cancer de cuello uterino",implante subdermico: usuarias continuas,2016-12-01,5,26,24,2,0,57
ORURO,"anticoncepcion, prevencion de its y de cancer de cuello uterino",implante subdermico: usuarias continuas,2016-12-01,0,2,34,7,0,43
PAMPA GRANDE,"anticoncepcion, prevencion de its y de cancer de cuello uterino",implante subdermico: usuarias continuas,2016-12-01,0,1,0,0,0,1
POTOSI,"anticoncepcion, prevencion de its y de cancer de cuello uterino",implante subdermico: usuarias continuas,2016-12-01,0,1,26,2,0,29
PUERTO GONZALO MORENO,"anticoncepcion, prevencion de its y de cancer de cuello uterino",implante subdermico: usuarias continuas,2016-12-01,0,0,2,0,0,2
PUERTO VILLARROEL,"anticoncepcion, prevencion de its y de cancer de cuello uterino",implante subdermico: usuarias continuas,2016-12-01,0,0,1,0,0,1
QUILLACOLLO,"anticoncepcion, prevencion de its y de cancer de cuello uterino",implante subdermico: usuarias continuas,2016-12-01,0,0,1,1,0,2
ROBORE,"anticoncepcion, prevencion de its y de cancer de cuello uterino",implante subdermico: usuarias continuas,2016-12-01,0,0,1,0,0,1
SACABA,"anticoncepcion, prevencion de its y de cancer de cuello uterino",implante subdermico: usuarias continuas,2016-12-01,0,9,38,5,0,52
SACACA,"anticoncepcion, prevencion de its y de cancer de cuello uterino",implante subdermico: usuarias continuas,2016-12-01,0,1,2,0,0,3
SAN BORJA,"anticoncepcion, prevencion de its y de cancer de cuello uterino",implante subdermico: usuarias continuas,2016-12-01,0,1,2,1,0,4
SAN BUENA VENTURA,"anticoncepcion, prevencion de its y de cancer de cuello uterino",implante subdermico: usuarias continuas,2016-12-01,0,1,1,0,0,2
SAN CARLOS,"anticoncepcion, prevencion de its y de cancer de cuello uterino",implante subdermico: usuarias continuas,2016-12-01,0,2,5,0,0,7
SAN IGNACIO,"anticoncepcion, prevencion de its y de cancer de cuello uterino",implante subdermico: usuarias continuas,2016-12-01,0,0,2,1,0,3
SANTA CRUZ DE LA SIERRA,"anticoncepcion, prevencion de its y de cancer de cuello uterino",implante subdermico: usuarias continuas,2016-12-01,1,9,19,11,0,40
SENA,"anticoncepcion, prevencion de its y de cancer de cuello uterino",implante subdermico: usuarias continuas,2016-12-01,0,0,3,0,0,3
SUCRE,"anticoncepcion, prevencion de its y de cancer de cuello uterino",implante subdermico: usuarias continuas,2016-12-01,0,5,30,6,0,41
TARIJA,"anticoncepcion, prevencion de its y de cancer de cuello uterino",implante subdermico: usuarias continuas,2016-12-01,0,11,39,9,0,59
TIQUIPAYA,"anticoncepcion, prevencion de its y de cancer de cuello uterino",implante subdermico: usuarias continuas,2016-12-01,0,0,2,0,0,2
TOLATA,"anticoncepcion, prevencion de its y de cancer de cuello uterino",implante subdermico: usuarias continuas,2016-12-01,0,0,2,0,0,2
TORO TORO,"anticoncepcion, prevencion de its y de cancer de cuello uterino",implante subdermico: usuarias continuas,2016-12-01,0,1,1,0,0,2
TRINIDAD,"anticoncepcion, prevencion de its y de cancer de cuello uterino",implante subdermico: usuarias continuas,2016-12-01,0,0,7,0,0,7
TUPIZA,"anticoncepcion, prevencion de its y de cancer de cuello uterino",implante subdermico: usuarias continuas,2016-12-01,0,3,11,3,0,17
URIONDO (A. CONCEPCION),"anticoncepcion, prevencion de its y de cancer de cuello uterino",implante subdermico: usuarias continuas,2016-12-01,0,1,0,1,0,2
VILLA TUNARI,"anticoncepcion, prevencion de its y de cancer de cuello uterino",implante subdermico: usuarias continuas,2016-12-01,0,0,4,6,0,10
VILLAZON,"anticoncepcion, prevencion de its y de cancer de cuello uterino",implante subdermico: usuarias continuas,2016-12-01,0,0,10,3,0,13
VINTO,"anticoncepcion, prevencion de its y de cancer de cuello uterino",implante subdermico: usuarias continuas,2016-12-01,0,0,1,0,0,1
YACUIBA,"anticoncepcion, prevencion de its y de cancer de cuello uterino",implante subdermico: usuarias continuas,2016-12-01,0,0,0,3,0,3
YOTALA,"anticoncepcion, prevencion de its y de cancer de cuello uterino",implante subdermico: usuarias continuas,2016-12-01,0,1,6,0,0,7
ZUDAÑEZ,"anticoncepcion, prevencion de its y de cancer de cuello uterino",implante subdermico: usuarias continuas,2016-12-01,0,0,2,0,0,2
