municipality,group,variable,month,Inyectable Trimestral: Usuarias Nuevas,Inyectable Trimestral: Usuarias Nuevas1,Inyectable Trimestral: Usuarias Nuevas2,Inyectable Trimestral: Usuarias Nuevas3,Inyectable Trimestral: Usuarias Nuevas4,TOTAL
ACACIO,"anticoncepcion, prevencion de its y de cancer de cuello uterino",inyectable trimestral: usuarias nuevas,2016-01-01,0,1,2,2,0,5
ACHACACHI,"anticoncepcion, prevencion de its y de cancer de cuello uterino",inyectable trimestral: usuarias nuevas,2016-01-01,0,1,7,5,0,13
ACHOCALLA,"anticoncepcion, prevencion de its y de cancer de cuello uterino",inyectable trimestral: usuarias nuevas,2016-01-01,0,0,9,1,0,10
AIQUILE,"anticoncepcion, prevencion de its y de cancer de cuello uterino",inyectable trimestral: usuarias nuevas,2016-01-01,0,0,7,3,0,10
ALALAY,"anticoncepcion, prevencion de its y de cancer de cuello uterino",inyectable trimestral: usuarias nuevas,2016-01-01,0,0,2,0,0,2
ALCALA,"anticoncepcion, prevencion de its y de cancer de cuello uterino",inyectable trimestral: usuarias nuevas,2016-01-01,0,0,2,0,0,2
ALTO BENI,"anticoncepcion, prevencion de its y de cancer de cuello uterino",inyectable trimestral: usuarias nuevas,2016-01-01,0,0,2,4,0,6
ANCORAIMES,"anticoncepcion, prevencion de its y de cancer de cuello uterino",inyectable trimestral: usuarias nuevas,2016-01-01,0,0,5,1,0,6
ANDAMARCA,"anticoncepcion, prevencion de its y de cancer de cuello uterino",inyectable trimestral: usuarias nuevas,2016-01-01,0,1,2,2,0,5
ANZALDO,"anticoncepcion, prevencion de its y de cancer de cuello uterino",inyectable trimestral: usuarias nuevas,2016-01-01,1,3,0,1,0,5
APOLO,"anticoncepcion, prevencion de its y de cancer de cuello uterino",inyectable trimestral: usuarias nuevas,2016-01-01,0,1,8,3,0,12
ARAMPAMPA,"anticoncepcion, prevencion de its y de cancer de cuello uterino",inyectable trimestral: usuarias nuevas,2016-01-01,0,1,1,0,0,2
ARANI,"anticoncepcion, prevencion de its y de cancer de cuello uterino",inyectable trimestral: usuarias nuevas,2016-01-01,0,0,1,1,0,2
ARBIETO,"anticoncepcion, prevencion de its y de cancer de cuello uterino",inyectable trimestral: usuarias nuevas,2016-01-01,0,3,12,6,0,21
ARQUE,"anticoncepcion, prevencion de its y de cancer de cuello uterino",inyectable trimestral: usuarias nuevas,2016-01-01,0,1,8,7,1,17
ASCENCION DE GUARAYOS,"anticoncepcion, prevencion de its y de cancer de cuello uterino",inyectable trimestral: usuarias nuevas,2016-01-01,0,4,25,4,0,33
ATOCHA,"anticoncepcion, prevencion de its y de cancer de cuello uterino",inyectable trimestral: usuarias nuevas,2016-01-01,0,0,6,2,0,8
AUCAPATA,"anticoncepcion, prevencion de its y de cancer de cuello uterino",inyectable trimestral: usuarias nuevas,2016-01-01,0,0,2,1,0,3
AYATA,"anticoncepcion, prevencion de its y de cancer de cuello uterino",inyectable trimestral: usuarias nuevas,2016-01-01,0,0,3,0,0,3
AYO AYO,"anticoncepcion, prevencion de its y de cancer de cuello uterino",inyectable trimestral: usuarias nuevas,2016-01-01,0,0,6,1,0,7
AYOPAYA (V. DE INDEPENDENCIA),"anticoncepcion, prevencion de its y de cancer de cuello uterino",inyectable trimestral: usuarias nuevas,2016-01-01,0,3,16,5,0,24
AZURDUY,"anticoncepcion, prevencion de its y de cancer de cuello uterino",inyectable trimestral: usuarias nuevas,2016-01-01,0,4,7,3,0,14
BATALLAS,"anticoncepcion, prevencion de its y de cancer de cuello uterino",inyectable trimestral: usuarias nuevas,2016-01-01,0,1,3,3,0,7
BAURES,"anticoncepcion, prevencion de its y de cancer de cuello uterino",inyectable trimestral: usuarias nuevas,2016-01-01,0,0,2,2,0,4
BELEN DE URMIRI,"anticoncepcion, prevencion de its y de cancer de cuello uterino",inyectable trimestral: usuarias nuevas,2016-01-01,0,0,1,0,0,1
BELLA FLOR,"anticoncepcion, prevencion de its y de cancer de cuello uterino",inyectable trimestral: usuarias nuevas,2016-01-01,0,1,3,0,0,4
BERMEJO,"anticoncepcion, prevencion de its y de cancer de cuello uterino",inyectable trimestral: usuarias nuevas,2016-01-01,0,7,7,2,0,16
BETANZOS,"anticoncepcion, prevencion de its y de cancer de cuello uterino",inyectable trimestral: usuarias nuevas,2016-01-01,0,2,8,4,0,14
BOLIVAR,"anticoncepcion, prevencion de its y de cancer de cuello uterino",inyectable trimestral: usuarias nuevas,2016-01-01,0,0,1,0,0,1
BOLPEBRA,"anticoncepcion, prevencion de its y de cancer de cuello uterino",inyectable trimestral: usuarias nuevas,2016-01-01,1,0,0,0,0,1
BOYUIBE,"anticoncepcion, prevencion de its y de cancer de cuello uterino",inyectable trimestral: usuarias nuevas,2016-01-01,0,1,3,4,0,8
BUENA VISTA,"anticoncepcion, prevencion de its y de cancer de cuello uterino",inyectable trimestral: usuarias nuevas,2016-01-01,2,0,3,0,0,5
CABEZAS,"anticoncepcion, prevencion de its y de cancer de cuello uterino",inyectable trimestral: usuarias nuevas,2016-01-01,0,1,12,6,0,19
CAIROMA,"anticoncepcion, prevencion de its y de cancer de cuello uterino",inyectable trimestral: usuarias nuevas,2016-01-01,0,2,7,4,0,13
"CAIZA ""D""","anticoncepcion, prevencion de its y de cancer de cuello uterino",inyectable trimestral: usuarias nuevas,2016-01-01,0,0,3,0,0,3
CAJUATA,"anticoncepcion, prevencion de its y de cancer de cuello uterino",inyectable trimestral: usuarias nuevas,2016-01-01,0,4,3,2,0,9
CALAMARCA,"anticoncepcion, prevencion de its y de cancer de cuello uterino",inyectable trimestral: usuarias nuevas,2016-01-01,0,2,8,1,0,11
CAMARGO,"anticoncepcion, prevencion de its y de cancer de cuello uterino",inyectable trimestral: usuarias nuevas,2016-01-01,0,2,11,11,0,24
CAMATAQUI (C. VILLA ABECIA),"anticoncepcion, prevencion de its y de cancer de cuello uterino",inyectable trimestral: usuarias nuevas,2016-01-01,0,0,2,0,0,2
CAMIRI,"anticoncepcion, prevencion de its y de cancer de cuello uterino",inyectable trimestral: usuarias nuevas,2016-01-01,0,2,8,1,0,11
CAPINOTA,"anticoncepcion, prevencion de its y de cancer de cuello uterino",inyectable trimestral: usuarias nuevas,2016-01-01,0,3,5,2,0,10
CAQUIAVIRI,"anticoncepcion, prevencion de its y de cancer de cuello uterino",inyectable trimestral: usuarias nuevas,2016-01-01,0,0,3,0,0,3
CARACOLLO,"anticoncepcion, prevencion de its y de cancer de cuello uterino",inyectable trimestral: usuarias nuevas,2016-01-01,0,0,5,0,0,5
CARANAVI,"anticoncepcion, prevencion de its y de cancer de cuello uterino",inyectable trimestral: usuarias nuevas,2016-01-01,0,2,33,12,0,47
CARAPARI,"anticoncepcion, prevencion de its y de cancer de cuello uterino",inyectable trimestral: usuarias nuevas,2016-01-01,0,4,2,1,0,7
CARIPUYO,"anticoncepcion, prevencion de its y de cancer de cuello uterino",inyectable trimestral: usuarias nuevas,2016-01-01,0,0,6,4,0,10
CARMEN RIVERO TORREZ,"anticoncepcion, prevencion de its y de cancer de cuello uterino",inyectable trimestral: usuarias nuevas,2016-01-01,1,1,3,3,0,8
CHACARILLA,"anticoncepcion, prevencion de its y de cancer de cuello uterino",inyectable trimestral: usuarias nuevas,2016-01-01,0,0,2,0,0,2
CHALLAPATA,"anticoncepcion, prevencion de its y de cancer de cuello uterino",inyectable trimestral: usuarias nuevas,2016-01-01,0,2,12,2,0,16
CHAQUI,"anticoncepcion, prevencion de its y de cancer de cuello uterino",inyectable trimestral: usuarias nuevas,2016-01-01,0,1,3,0,0,4
CHARAGUA,"anticoncepcion, prevencion de its y de cancer de cuello uterino",inyectable trimestral: usuarias nuevas,2016-01-01,2,1,13,3,0,19
CHARAÃ‘A,"anticoncepcion, prevencion de its y de cancer de cuello uterino",inyectable trimestral: usuarias nuevas,2016-01-01,0,0,2,0,0,2
CHAYANTA,"anticoncepcion, prevencion de its y de cancer de cuello uterino",inyectable trimestral: usuarias nuevas,2016-01-01,0,1,6,2,0,9
CHIMORE,"anticoncepcion, prevencion de its y de cancer de cuello uterino",inyectable trimestral: usuarias nuevas,2016-01-01,0,2,11,2,0,15
CHIPAYA,"anticoncepcion, prevencion de its y de cancer de cuello uterino",inyectable trimestral: usuarias nuevas,2016-01-01,0,1,7,0,0,8
CHOQUE COTA,"anticoncepcion, prevencion de its y de cancer de cuello uterino",inyectable trimestral: usuarias nuevas,2016-01-01,0,1,0,0,0,1
CHUA COCANI,"anticoncepcion, prevencion de its y de cancer de cuello uterino",inyectable trimestral: usuarias nuevas,2016-01-01,0,1,4,1,0,6
CHULUMANI (V. DE LA LIBERTAD),"anticoncepcion, prevencion de its y de cancer de cuello uterino",inyectable trimestral: usuarias nuevas,2016-01-01,0,2,5,4,0,11
CHUMA,"anticoncepcion, prevencion de its y de cancer de cuello uterino",inyectable trimestral: usuarias nuevas,2016-01-01,0,0,3,2,0,5
CHUQUIHUTA AYLLU JUCUMANI,"anticoncepcion, prevencion de its y de cancer de cuello uterino",inyectable trimestral: usuarias nuevas,2016-01-01,0,1,5,3,0,9
CKOCHAS,"anticoncepcion, prevencion de its y de cancer de cuello uterino",inyectable trimestral: usuarias nuevas,2016-01-01,0,2,3,2,0,7
CLIZA,"anticoncepcion, prevencion de its y de cancer de cuello uterino",inyectable trimestral: usuarias nuevas,2016-01-01,0,1,14,1,0,16
COBIJA,"anticoncepcion, prevencion de its y de cancer de cuello uterino",inyectable trimestral: usuarias nuevas,2016-01-01,0,7,10,1,0,18
COCAPATA,"anticoncepcion, prevencion de its y de cancer de cuello uterino",inyectable trimestral: usuarias nuevas,2016-01-01,0,1,6,2,0,9
COCHABAMBA,"anticoncepcion, prevencion de its y de cancer de cuello uterino",inyectable trimestral: usuarias nuevas,2016-01-01,0,21,119,32,0,172
COLCAPIRHUA,"anticoncepcion, prevencion de its y de cancer de cuello uterino",inyectable trimestral: usuarias nuevas,2016-01-01,0,1,9,3,0,13
"COLCHA ""K""","anticoncepcion, prevencion de its y de cancer de cuello uterino",inyectable trimestral: usuarias nuevas,2016-01-01,0,0,7,1,0,8
COLOMI,"anticoncepcion, prevencion de its y de cancer de cuello uterino",inyectable trimestral: usuarias nuevas,2016-01-01,0,3,7,1,0,11
COLPA BELGICA,"anticoncepcion, prevencion de its y de cancer de cuello uterino",inyectable trimestral: usuarias nuevas,2016-01-01,1,0,1,0,0,2
COLQUECHACA,"anticoncepcion, prevencion de its y de cancer de cuello uterino",inyectable trimestral: usuarias nuevas,2016-01-01,0,1,27,13,0,41
COLQUENCHA,"anticoncepcion, prevencion de its y de cancer de cuello uterino",inyectable trimestral: usuarias nuevas,2016-01-01,0,0,1,1,0,2
COLQUIRI,"anticoncepcion, prevencion de its y de cancer de cuello uterino",inyectable trimestral: usuarias nuevas,2016-01-01,0,1,8,6,0,15
COMARAPA,"anticoncepcion, prevencion de its y de cancer de cuello uterino",inyectable trimestral: usuarias nuevas,2016-01-01,0,3,15,2,0,20
COMBAYA,"anticoncepcion, prevencion de its y de cancer de cuello uterino",inyectable trimestral: usuarias nuevas,2016-01-01,0,1,0,0,0,1
CONCEPCION,"anticoncepcion, prevencion de its y de cancer de cuello uterino",inyectable trimestral: usuarias nuevas,2016-01-01,0,2,10,0,0,12
COPACABANA,"anticoncepcion, prevencion de its y de cancer de cuello uterino",inyectable trimestral: usuarias nuevas,2016-01-01,0,0,2,0,0,2
CORIPATA,"anticoncepcion, prevencion de its y de cancer de cuello uterino",inyectable trimestral: usuarias nuevas,2016-01-01,0,1,4,0,0,5
COROICO,"anticoncepcion, prevencion de its y de cancer de cuello uterino",inyectable trimestral: usuarias nuevas,2016-01-01,0,0,3,0,0,3
CORQUE,"anticoncepcion, prevencion de its y de cancer de cuello uterino",inyectable trimestral: usuarias nuevas,2016-01-01,0,1,4,3,0,8
COTAGAITA,"anticoncepcion, prevencion de its y de cancer de cuello uterino",inyectable trimestral: usuarias nuevas,2016-01-01,0,1,9,3,1,14
COTOCA,"anticoncepcion, prevencion de its y de cancer de cuello uterino",inyectable trimestral: usuarias nuevas,2016-01-01,0,10,27,5,0,42
CUATRO CAÃ‘ADAS,"anticoncepcion, prevencion de its y de cancer de cuello uterino",inyectable trimestral: usuarias nuevas,2016-01-01,0,5,8,4,0,17
CUCHUMUELA (V. G. VILLARROEL),"anticoncepcion, prevencion de its y de cancer de cuello uterino",inyectable trimestral: usuarias nuevas,2016-01-01,0,1,3,0,0,4
CUEVO,"anticoncepcion, prevencion de its y de cancer de cuello uterino",inyectable trimestral: usuarias nuevas,2016-01-01,0,2,6,0,0,8
CULPINA,"anticoncepcion, prevencion de its y de cancer de cuello uterino",inyectable trimestral: usuarias nuevas,2016-01-01,0,3,10,3,0,16
CURAHUARA DE CARANGAS,"anticoncepcion, prevencion de its y de cancer de cuello uterino",inyectable trimestral: usuarias nuevas,2016-01-01,0,1,2,1,0,4
DESAGUADERO,"anticoncepcion, prevencion de its y de cancer de cuello uterino",inyectable trimestral: usuarias nuevas,2016-01-01,0,0,3,0,0,3
EL ALTO,"anticoncepcion, prevencion de its y de cancer de cuello uterino",inyectable trimestral: usuarias nuevas,2016-01-01,0,32,202,48,0,282
EL CHORO,"anticoncepcion, prevencion de its y de cancer de cuello uterino",inyectable trimestral: usuarias nuevas,2016-01-01,0,0,0,1,0,1
EL PUENTE(STC),"anticoncepcion, prevencion de its y de cancer de cuello uterino",inyectable trimestral: usuarias nuevas,2016-01-01,0,0,1,2,0,3
EL PUENTE(TJA),"anticoncepcion, prevencion de its y de cancer de cuello uterino",inyectable trimestral: usuarias nuevas,2016-01-01,0,4,7,4,0,15
EL TORNO,"anticoncepcion, prevencion de its y de cancer de cuello uterino",inyectable trimestral: usuarias nuevas,2016-01-01,3,10,18,19,0,50
EL VILLAR,"anticoncepcion, prevencion de its y de cancer de cuello uterino",inyectable trimestral: usuarias nuevas,2016-01-01,0,4,10,3,0,17
ENTRE RIOS TRJ,"anticoncepcion, prevencion de its y de cancer de cuello uterino",inyectable trimestral: usuarias nuevas,2016-01-01,1,6,16,3,0,26
ENTRE RIOS CBBA,"anticoncepcion, prevencion de its y de cancer de cuello uterino",inyectable trimestral: usuarias nuevas,2016-01-01,0,4,16,2,0,22
ESCOMA,"anticoncepcion, prevencion de its y de cancer de cuello uterino",inyectable trimestral: usuarias nuevas,2016-01-01,0,0,1,0,0,1
EUCALIPTUS,"anticoncepcion, prevencion de its y de cancer de cuello uterino",inyectable trimestral: usuarias nuevas,2016-01-01,0,0,1,0,0,1
EUREKA (SANTOS MERCADO),"anticoncepcion, prevencion de its y de cancer de cuello uterino",inyectable trimestral: usuarias nuevas,2016-01-01,1,1,2,1,1,6
EXALTACION,"anticoncepcion, prevencion de its y de cancer de cuello uterino",inyectable trimestral: usuarias nuevas,2016-01-01,0,1,0,1,0,2
FERNANDEZ ALONSO,"anticoncepcion, prevencion de its y de cancer de cuello uterino",inyectable trimestral: usuarias nuevas,2016-01-01,1,3,10,6,0,20
FILADELFIA,"anticoncepcion, prevencion de its y de cancer de cuello uterino",inyectable trimestral: usuarias nuevas,2016-01-01,0,2,6,0,0,8
GENERAL SAAVEDRA,"anticoncepcion, prevencion de its y de cancer de cuello uterino",inyectable trimestral: usuarias nuevas,2016-01-01,1,6,6,2,0,15
GRAL. J.J. PEREZ (CHARAZANI),"anticoncepcion, prevencion de its y de cancer de cuello uterino",inyectable trimestral: usuarias nuevas,2016-01-01,0,0,1,1,0,2
GUANAY,"anticoncepcion, prevencion de its y de cancer de cuello uterino",inyectable trimestral: usuarias nuevas,2016-01-01,0,0,0,1,0,1
GUAQUI,"anticoncepcion, prevencion de its y de cancer de cuello uterino",inyectable trimestral: usuarias nuevas,2016-01-01,0,0,2,3,0,5
GUAYARAMERIN,"anticoncepcion, prevencion de its y de cancer de cuello uterino",inyectable trimestral: usuarias nuevas,2016-01-01,0,5,15,4,0,24
GUTIERREZ,"anticoncepcion, prevencion de its y de cancer de cuello uterino",inyectable trimestral: usuarias nuevas,2016-01-01,0,1,6,1,0,8
HUACARETA,"anticoncepcion, prevencion de its y de cancer de cuello uterino",inyectable trimestral: usuarias nuevas,2016-01-01,0,5,3,0,0,8
HUACAYA (VILLA DE HUACAYA),"anticoncepcion, prevencion de its y de cancer de cuello uterino",inyectable trimestral: usuarias nuevas,2016-01-01,0,0,4,2,0,6
HUACHACALLA,"anticoncepcion, prevencion de its y de cancer de cuello uterino",inyectable trimestral: usuarias nuevas,2016-01-01,0,0,1,0,0,1
HUANUNI,"anticoncepcion, prevencion de its y de cancer de cuello uterino",inyectable trimestral: usuarias nuevas,2016-01-01,0,1,7,1,0,9
HUARACAJE,"anticoncepcion, prevencion de its y de cancer de cuello uterino",inyectable trimestral: usuarias nuevas,2016-01-01,0,0,1,0,0,1
HUARINA,"anticoncepcion, prevencion de its y de cancer de cuello uterino",inyectable trimestral: usuarias nuevas,2016-01-01,0,0,3,0,0,3
HUATAJATA,"anticoncepcion, prevencion de its y de cancer de cuello uterino",inyectable trimestral: usuarias nuevas,2016-01-01,0,0,1,0,0,1
HUAYLLAMARCA,"anticoncepcion, prevencion de its y de cancer de cuello uterino",inyectable trimestral: usuarias nuevas,2016-01-01,0,1,2,1,0,4
HUMANATA,"anticoncepcion, prevencion de its y de cancer de cuello uterino",inyectable trimestral: usuarias nuevas,2016-01-01,0,0,5,5,0,10
ICHOCA,"anticoncepcion, prevencion de its y de cancer de cuello uterino",inyectable trimestral: usuarias nuevas,2016-01-01,0,0,1,0,0,1
ICLA,"anticoncepcion, prevencion de its y de cancer de cuello uterino",inyectable trimestral: usuarias nuevas,2016-01-01,0,0,3,2,0,5
INCAHUASI,"anticoncepcion, prevencion de its y de cancer de cuello uterino",inyectable trimestral: usuarias nuevas,2016-01-01,0,1,3,2,0,6
INGAVI (HUMAITA),"anticoncepcion, prevencion de its y de cancer de cuello uterino",inyectable trimestral: usuarias nuevas,2016-01-01,0,2,1,0,0,3
INQUISIVI,"anticoncepcion, prevencion de its y de cancer de cuello uterino",inyectable trimestral: usuarias nuevas,2016-01-01,0,1,1,1,0,3
IRUPANA (VILLA DE LANZA),"anticoncepcion, prevencion de its y de cancer de cuello uterino",inyectable trimestral: usuarias nuevas,2016-01-01,0,1,3,2,0,6
IXIAMAS,"anticoncepcion, prevencion de its y de cancer de cuello uterino",inyectable trimestral: usuarias nuevas,2016-01-01,0,0,11,2,0,13
JESUS DE MACHACA,"anticoncepcion, prevencion de its y de cancer de cuello uterino",inyectable trimestral: usuarias nuevas,2016-01-01,0,1,5,0,0,6
LA ASUNTA,"anticoncepcion, prevencion de its y de cancer de cuello uterino",inyectable trimestral: usuarias nuevas,2016-01-01,0,1,19,5,0,25
LA GUARDIA,"anticoncepcion, prevencion de its y de cancer de cuello uterino",inyectable trimestral: usuarias nuevas,2016-01-01,1,13,31,6,0,51
LA PAZ,"anticoncepcion, prevencion de its y de cancer de cuello uterino",inyectable trimestral: usuarias nuevas,2016-01-01,0,17,98,18,0,133
LAGUNILLAS,"anticoncepcion, prevencion de its y de cancer de cuello uterino",inyectable trimestral: usuarias nuevas,2016-01-01,0,1,2,1,0,4
LAJA,"anticoncepcion, prevencion de its y de cancer de cuello uterino",inyectable trimestral: usuarias nuevas,2016-01-01,0,0,5,4,0,9
LAS CARRERAS,"anticoncepcion, prevencion de its y de cancer de cuello uterino",inyectable trimestral: usuarias nuevas,2016-01-01,0,4,3,1,0,8
LLALLAGUA,"anticoncepcion, prevencion de its y de cancer de cuello uterino",inyectable trimestral: usuarias nuevas,2016-01-01,0,3,31,5,0,39
LORETO,"anticoncepcion, prevencion de its y de cancer de cuello uterino",inyectable trimestral: usuarias nuevas,2016-01-01,0,3,4,0,0,7
LURIBAY,"anticoncepcion, prevencion de its y de cancer de cuello uterino",inyectable trimestral: usuarias nuevas,2016-01-01,0,4,6,2,0,12
MACHACAMARCA,"anticoncepcion, prevencion de its y de cancer de cuello uterino",inyectable trimestral: usuarias nuevas,2016-01-01,0,0,1,0,0,1
MACHARETI,"anticoncepcion, prevencion de its y de cancer de cuello uterino",inyectable trimestral: usuarias nuevas,2016-01-01,0,0,1,0,0,1
MAGDALENA,"anticoncepcion, prevencion de its y de cancer de cuello uterino",inyectable trimestral: usuarias nuevas,2016-01-01,0,3,10,2,0,15
MAIRANA,"anticoncepcion, prevencion de its y de cancer de cuello uterino",inyectable trimestral: usuarias nuevas,2016-01-01,0,0,4,1,0,5
MALLA,"anticoncepcion, prevencion de its y de cancer de cuello uterino",inyectable trimestral: usuarias nuevas,2016-01-01,0,0,1,0,0,1
MAPIRI,"anticoncepcion, prevencion de its y de cancer de cuello uterino",inyectable trimestral: usuarias nuevas,2016-01-01,0,2,8,3,0,13
MECAPACA,"anticoncepcion, prevencion de its y de cancer de cuello uterino",inyectable trimestral: usuarias nuevas,2016-01-01,0,0,1,3,0,4
MINEROS,"anticoncepcion, prevencion de its y de cancer de cuello uterino",inyectable trimestral: usuarias nuevas,2016-01-01,1,7,16,5,0,29
MIZQUE,"anticoncepcion, prevencion de its y de cancer de cuello uterino",inyectable trimestral: usuarias nuevas,2016-01-01,0,4,16,14,0,34
MOCOMOCO,"anticoncepcion, prevencion de its y de cancer de cuello uterino",inyectable trimestral: usuarias nuevas,2016-01-01,0,0,1,3,0,4
MOJINETE,"anticoncepcion, prevencion de its y de cancer de cuello uterino",inyectable trimestral: usuarias nuevas,2016-01-01,0,0,1,0,0,1
MOJOCOYA,"anticoncepcion, prevencion de its y de cancer de cuello uterino",inyectable trimestral: usuarias nuevas,2016-01-01,0,2,2,0,0,4
MONTEAGUDO,"anticoncepcion, prevencion de its y de cancer de cuello uterino",inyectable trimestral: usuarias nuevas,2016-01-01,0,4,13,6,0,23
MONTERO,"anticoncepcion, prevencion de its y de cancer de cuello uterino",inyectable trimestral: usuarias nuevas,2016-01-01,0,23,44,10,0,77
MORO MORO,"anticoncepcion, prevencion de its y de cancer de cuello uterino",inyectable trimestral: usuarias nuevas,2016-01-01,0,1,1,0,0,2
MOROCHATA,"anticoncepcion, prevencion de its y de cancer de cuello uterino",inyectable trimestral: usuarias nuevas,2016-01-01,0,1,9,6,0,16
NACEBE (SANTA ROSA DEL ABUNA),"anticoncepcion, prevencion de its y de cancer de cuello uterino",inyectable trimestral: usuarias nuevas,2016-01-01,0,1,2,0,0,3
NUEVO MANOA (NUEVA ESPERANZA),"anticoncepcion, prevencion de its y de cancer de cuello uterino",inyectable trimestral: usuarias nuevas,2016-01-01,0,1,2,0,0,3
OCURI,"anticoncepcion, prevencion de its y de cancer de cuello uterino",inyectable trimestral: usuarias nuevas,2016-01-01,0,3,6,3,0,12
OKINAWA,"anticoncepcion, prevencion de its y de cancer de cuello uterino",inyectable trimestral: usuarias nuevas,2016-01-01,0,2,2,2,0,6
OMEREQUE,"anticoncepcion, prevencion de its y de cancer de cuello uterino",inyectable trimestral: usuarias nuevas,2016-01-01,0,1,2,1,0,4
ORURO,"anticoncepcion, prevencion de its y de cancer de cuello uterino",inyectable trimestral: usuarias nuevas,2016-01-01,0,35,91,13,0,139
PADCAYA,"anticoncepcion, prevencion de its y de cancer de cuello uterino",inyectable trimestral: usuarias nuevas,2016-01-01,1,1,1,0,0,3
PADILLA,"anticoncepcion, prevencion de its y de cancer de cuello uterino",inyectable trimestral: usuarias nuevas,2016-01-01,1,4,5,1,0,11
PAILON,"anticoncepcion, prevencion de its y de cancer de cuello uterino",inyectable trimestral: usuarias nuevas,2016-01-01,0,3,11,1,0,15
PALCA,"anticoncepcion, prevencion de its y de cancer de cuello uterino",inyectable trimestral: usuarias nuevas,2016-01-01,0,1,5,3,0,9
PALOS BLANCOS,"anticoncepcion, prevencion de its y de cancer de cuello uterino",inyectable trimestral: usuarias nuevas,2016-01-01,0,3,7,4,0,14
PAMPA AULLAGAS,"anticoncepcion, prevencion de its y de cancer de cuello uterino",inyectable trimestral: usuarias nuevas,2016-01-01,0,0,1,0,0,1
PAMPA GRANDE,"anticoncepcion, prevencion de its y de cancer de cuello uterino",inyectable trimestral: usuarias nuevas,2016-01-01,0,3,1,0,0,4
PAPEL PAMPA,"anticoncepcion, prevencion de its y de cancer de cuello uterino",inyectable trimestral: usuarias nuevas,2016-01-01,0,1,1,1,0,3
PASORAPA,"anticoncepcion, prevencion de its y de cancer de cuello uterino",inyectable trimestral: usuarias nuevas,2016-01-01,0,0,1,0,0,1
PATACAMAYA,"anticoncepcion, prevencion de its y de cancer de cuello uterino",inyectable trimestral: usuarias nuevas,2016-01-01,0,0,4,1,0,5
PAZÃ‘A,"anticoncepcion, prevencion de its y de cancer de cuello uterino",inyectable trimestral: usuarias nuevas,2016-01-01,0,0,1,0,0,1
PELECHUCO,"anticoncepcion, prevencion de its y de cancer de cuello uterino",inyectable trimestral: usuarias nuevas,2016-01-01,0,1,2,0,0,3
POCOATA,"anticoncepcion, prevencion de its y de cancer de cuello uterino",inyectable trimestral: usuarias nuevas,2016-01-01,0,0,6,5,0,11
POCONA,"anticoncepcion, prevencion de its y de cancer de cuello uterino",inyectable trimestral: usuarias nuevas,2016-01-01,0,1,7,3,0,11
POJO (CBBA),"anticoncepcion, prevencion de its y de cancer de cuello uterino",inyectable trimestral: usuarias nuevas,2016-01-01,0,0,6,1,0,7
POOPO,"anticoncepcion, prevencion de its y de cancer de cuello uterino",inyectable trimestral: usuarias nuevas,2016-01-01,0,4,2,1,0,7
PORCO,"anticoncepcion, prevencion de its y de cancer de cuello uterino",inyectable trimestral: usuarias nuevas,2016-01-01,0,1,8,2,0,11
POROMA,"anticoncepcion, prevencion de its y de cancer de cuello uterino",inyectable trimestral: usuarias nuevas,2016-01-01,0,4,7,2,0,13
PORTACHUELO,"anticoncepcion, prevencion de its y de cancer de cuello uterino",inyectable trimestral: usuarias nuevas,2016-01-01,0,2,1,0,0,3
PORVENIR,"anticoncepcion, prevencion de its y de cancer de cuello uterino",inyectable trimestral: usuarias nuevas,2016-01-01,0,1,0,0,0,1
POTOSI,"anticoncepcion, prevencion de its y de cancer de cuello uterino",inyectable trimestral: usuarias nuevas,2016-01-01,0,14,92,19,0,125
PRESTO,"anticoncepcion, prevencion de its y de cancer de cuello uterino",inyectable trimestral: usuarias nuevas,2016-01-01,0,3,1,0,0,4
PUCARANI,"anticoncepcion, prevencion de its y de cancer de cuello uterino",inyectable trimestral: usuarias nuevas,2016-01-01,0,3,7,1,0,11
PUERTO ACOSTA,"anticoncepcion, prevencion de its y de cancer de cuello uterino",inyectable trimestral: usuarias nuevas,2016-01-01,0,0,0,1,0,1
PUERTO CARABUCO,"anticoncepcion, prevencion de its y de cancer de cuello uterino",inyectable trimestral: usuarias nuevas,2016-01-01,0,0,5,1,0,6
PUERTO QUIJARRO,"anticoncepcion, prevencion de its y de cancer de cuello uterino",inyectable trimestral: usuarias nuevas,2016-01-01,0,0,2,0,0,2
PUERTO RICO,"anticoncepcion, prevencion de its y de cancer de cuello uterino",inyectable trimestral: usuarias nuevas,2016-01-01,0,1,5,1,0,7
PUERTO SUAREZ,"anticoncepcion, prevencion de its y de cancer de cuello uterino",inyectable trimestral: usuarias nuevas,2016-01-01,0,1,8,1,0,10
PUERTO VILLARROEL,"anticoncepcion, prevencion de its y de cancer de cuello uterino",inyectable trimestral: usuarias nuevas,2016-01-01,0,2,12,3,0,17
PUNA,"anticoncepcion, prevencion de its y de cancer de cuello uterino",inyectable trimestral: usuarias nuevas,2016-01-01,0,1,5,4,0,10
PUNATA,"anticoncepcion, prevencion de its y de cancer de cuello uterino",inyectable trimestral: usuarias nuevas,2016-01-01,0,3,16,2,0,21
QUILLACOLLO,"anticoncepcion, prevencion de its y de cancer de cuello uterino",inyectable trimestral: usuarias nuevas,2016-01-01,0,15,65,19,0,99
QUIME,"anticoncepcion, prevencion de its y de cancer de cuello uterino",inyectable trimestral: usuarias nuevas,2016-01-01,0,3,4,0,0,7
QUIRUSILLAS,"anticoncepcion, prevencion de its y de cancer de cuello uterino",inyectable trimestral: usuarias nuevas,2016-01-01,0,0,1,0,0,1
RAVELO,"anticoncepcion, prevencion de its y de cancer de cuello uterino",inyectable trimestral: usuarias nuevas,2016-01-01,0,2,2,4,0,8
REYES,"anticoncepcion, prevencion de its y de cancer de cuello uterino",inyectable trimestral: usuarias nuevas,2016-01-01,0,6,18,4,0,28
RIBERALTA,"anticoncepcion, prevencion de its y de cancer de cuello uterino",inyectable trimestral: usuarias nuevas,2016-01-01,1,23,51,2,0,77
ROBORE,"anticoncepcion, prevencion de its y de cancer de cuello uterino",inyectable trimestral: usuarias nuevas,2016-01-01,0,0,3,0,0,3
RURRENABAQUE,"anticoncepcion, prevencion de its y de cancer de cuello uterino",inyectable trimestral: usuarias nuevas,2016-01-01,0,1,6,0,0,7
SABAYA,"anticoncepcion, prevencion de its y de cancer de cuello uterino",inyectable trimestral: usuarias nuevas,2016-01-01,0,3,4,1,0,8
SACABA,"anticoncepcion, prevencion de its y de cancer de cuello uterino",inyectable trimestral: usuarias nuevas,2016-01-01,0,5,31,2,0,38
SACABAMBA,"anticoncepcion, prevencion de its y de cancer de cuello uterino",inyectable trimestral: usuarias nuevas,2016-01-01,0,0,1,1,0,2
SACACA,"anticoncepcion, prevencion de its y de cancer de cuello uterino",inyectable trimestral: usuarias nuevas,2016-01-01,0,1,12,4,0,17
SAIPINA,"anticoncepcion, prevencion de its y de cancer de cuello uterino",inyectable trimestral: usuarias nuevas,2016-01-01,0,1,7,0,0,8
SALINAS DE GARCI MENDOZA,"anticoncepcion, prevencion de its y de cancer de cuello uterino",inyectable trimestral: usuarias nuevas,2016-01-01,0,1,13,2,0,16
SAMAIPATA,"anticoncepcion, prevencion de its y de cancer de cuello uterino",inyectable trimestral: usuarias nuevas,2016-01-01,1,6,4,3,0,14
SAN AGUSTIN,"anticoncepcion, prevencion de its y de cancer de cuello uterino",inyectable trimestral: usuarias nuevas,2016-01-01,0,0,0,1,0,1
SAN ANDRES,"anticoncepcion, prevencion de its y de cancer de cuello uterino",inyectable trimestral: usuarias nuevas,2016-01-01,1,2,8,6,0,17
SAN ANTONIO DE ESMORUCO,"anticoncepcion, prevencion de its y de cancer de cuello uterino",inyectable trimestral: usuarias nuevas,2016-01-01,0,1,0,0,0,1
SAN ANTONIO DE LOMERIO,"anticoncepcion, prevencion de its y de cancer de cuello uterino",inyectable trimestral: usuarias nuevas,2016-01-01,0,0,3,1,0,4
SAN BENITO,"anticoncepcion, prevencion de its y de cancer de cuello uterino",inyectable trimestral: usuarias nuevas,2016-01-01,0,2,1,2,0,5
SAN BORJA,"anticoncepcion, prevencion de its y de cancer de cuello uterino",inyectable trimestral: usuarias nuevas,2016-01-01,1,9,10,7,0,27
SAN BUENA VENTURA,"anticoncepcion, prevencion de its y de cancer de cuello uterino",inyectable trimestral: usuarias nuevas,2016-01-01,0,1,3,0,0,4
SAN CARLOS,"anticoncepcion, prevencion de its y de cancer de cuello uterino",inyectable trimestral: usuarias nuevas,2016-01-01,0,1,13,0,0,14
SAN IGNACIO,"anticoncepcion, prevencion de its y de cancer de cuello uterino",inyectable trimestral: usuarias nuevas,2016-01-01,0,4,17,3,0,24
SAN IGNACIO DE VELASCO,"anticoncepcion, prevencion de its y de cancer de cuello uterino",inyectable trimestral: usuarias nuevas,2016-01-01,1,8,12,1,0,22
SAN JAVIER(BNI),"anticoncepcion, prevencion de its y de cancer de cuello uterino",inyectable trimestral: usuarias nuevas,2016-01-01,0,0,1,0,0,1
SAN JAVIER(STC),"anticoncepcion, prevencion de its y de cancer de cuello uterino",inyectable trimestral: usuarias nuevas,2016-01-01,0,2,6,0,0,8
SAN JOAQUIN,"anticoncepcion, prevencion de its y de cancer de cuello uterino",inyectable trimestral: usuarias nuevas,2016-01-01,0,2,2,0,0,4
SAN JOSE DE CHIQUITOS,"anticoncepcion, prevencion de its y de cancer de cuello uterino",inyectable trimestral: usuarias nuevas,2016-01-01,0,2,7,0,0,9
SAN JUAN DE YAPACANI,"anticoncepcion, prevencion de its y de cancer de cuello uterino",inyectable trimestral: usuarias nuevas,2016-01-01,0,3,2,0,0,5
SAN JULIAN,"anticoncepcion, prevencion de its y de cancer de cuello uterino",inyectable trimestral: usuarias nuevas,2016-01-01,1,1,19,3,0,24
SAN LORENZO(PND),"anticoncepcion, prevencion de its y de cancer de cuello uterino",inyectable trimestral: usuarias nuevas,2016-01-01,0,1,2,0,0,3
SAN LORENZO(TJA),"anticoncepcion, prevencion de its y de cancer de cuello uterino",inyectable trimestral: usuarias nuevas,2016-01-01,0,6,8,3,0,17
SAN LUCAS,"anticoncepcion, prevencion de its y de cancer de cuello uterino",inyectable trimestral: usuarias nuevas,2016-01-01,0,3,11,7,0,21
SAN MATIAS,"anticoncepcion, prevencion de its y de cancer de cuello uterino",inyectable trimestral: usuarias nuevas,2016-01-01,0,0,1,2,0,3
SAN MIGUEL DE VELASCO,"anticoncepcion, prevencion de its y de cancer de cuello uterino",inyectable trimestral: usuarias nuevas,2016-01-01,0,2,3,2,0,7
SAN PABLO DE LIPEZ,"anticoncepcion, prevencion de its y de cancer de cuello uterino",inyectable trimestral: usuarias nuevas,2016-01-01,0,0,1,0,0,1
SAN PEDRO,"anticoncepcion, prevencion de its y de cancer de cuello uterino",inyectable trimestral: usuarias nuevas,2016-01-01,0,2,6,0,0,8
SAN PEDRO DE BUENA VISTA,"anticoncepcion, prevencion de its y de cancer de cuello uterino",inyectable trimestral: usuarias nuevas,2016-01-01,0,2,6,6,0,14
SAN PEDRO DE CURAHUARA,"anticoncepcion, prevencion de its y de cancer de cuello uterino",inyectable trimestral: usuarias nuevas,2016-01-01,0,1,2,1,0,4
SAN PEDRO DE TIQUINA,"anticoncepcion, prevencion de its y de cancer de cuello uterino",inyectable trimestral: usuarias nuevas,2016-01-01,0,0,3,1,0,4
SAN PEDRO(PND),"anticoncepcion, prevencion de its y de cancer de cuello uterino",inyectable trimestral: usuarias nuevas,2016-01-01,0,0,1,0,0,1
SAN RAFAEL,"anticoncepcion, prevencion de its y de cancer de cuello uterino",inyectable trimestral: usuarias nuevas,2016-01-01,0,5,11,1,0,17
SAN RAMON BENI,"anticoncepcion, prevencion de its y de cancer de cuello uterino",inyectable trimestral: usuarias nuevas,2016-01-01,0,1,2,0,0,3
SAN RAMON SCZ,"anticoncepcion, prevencion de its y de cancer de cuello uterino",inyectable trimestral: usuarias nuevas,2016-01-01,0,3,1,1,0,5
SANTA ANA,"anticoncepcion, prevencion de its y de cancer de cuello uterino",inyectable trimestral: usuarias nuevas,2016-01-01,0,2,6,0,0,8
SANTA CRUZ DE LA SIERRA,"anticoncepcion, prevencion de its y de cancer de cuello uterino",inyectable trimestral: usuarias nuevas,2016-01-01,4,67,175,41,1,288
SANTA ROSA,"anticoncepcion, prevencion de its y de cancer de cuello uterino",inyectable trimestral: usuarias nuevas,2016-01-01,0,2,2,1,0,5
SANTA ROSA DEL SARA,"anticoncepcion, prevencion de its y de cancer de cuello uterino",inyectable trimestral: usuarias nuevas,2016-01-01,0,3,18,6,1,28
SANTIAGO DE HUARI,"anticoncepcion, prevencion de its y de cancer de cuello uterino",inyectable trimestral: usuarias nuevas,2016-01-01,0,3,6,0,0,9
SANTIAGO DE HUATA,"anticoncepcion, prevencion de its y de cancer de cuello uterino",inyectable trimestral: usuarias nuevas,2016-01-01,0,0,3,2,0,5
SANTIAGO DE MACHACA,"anticoncepcion, prevencion de its y de cancer de cuello uterino",inyectable trimestral: usuarias nuevas,2016-01-01,0,0,1,1,0,2
SANTIVAÃ‘ES,"anticoncepcion, prevencion de its y de cancer de cuello uterino",inyectable trimestral: usuarias nuevas,2016-01-01,0,1,3,0,0,4
SANTUARIO DE QUILLACAS,"anticoncepcion, prevencion de its y de cancer de cuello uterino",inyectable trimestral: usuarias nuevas,2016-01-01,0,0,1,1,0,2
SAPAHAQUI,"anticoncepcion, prevencion de its y de cancer de cuello uterino",inyectable trimestral: usuarias nuevas,2016-01-01,0,1,1,1,0,3
SENA,"anticoncepcion, prevencion de its y de cancer de cuello uterino",inyectable trimestral: usuarias nuevas,2016-01-01,0,1,7,0,0,8
SHINAOTA,"anticoncepcion, prevencion de its y de cancer de cuello uterino",inyectable trimestral: usuarias nuevas,2016-01-01,0,3,3,4,0,10
SICA SICA (VILLA AROMA),"anticoncepcion, prevencion de its y de cancer de cuello uterino",inyectable trimestral: usuarias nuevas,2016-01-01,0,1,3,2,0,6
SICAYA,"anticoncepcion, prevencion de its y de cancer de cuello uterino",inyectable trimestral: usuarias nuevas,2016-01-01,0,0,2,2,0,4
SIPE SIPE,"anticoncepcion, prevencion de its y de cancer de cuello uterino",inyectable trimestral: usuarias nuevas,2016-01-01,0,7,23,9,0,39
SOPACHUY,"anticoncepcion, prevencion de its y de cancer de cuello uterino",inyectable trimestral: usuarias nuevas,2016-01-01,0,0,5,2,0,7
SORACACHI,"anticoncepcion, prevencion de its y de cancer de cuello uterino",inyectable trimestral: usuarias nuevas,2016-01-01,0,0,1,0,0,1
SORATA,"anticoncepcion, prevencion de its y de cancer de cuello uterino",inyectable trimestral: usuarias nuevas,2016-01-01,0,2,6,3,0,11
SUCRE,"anticoncepcion, prevencion de its y de cancer de cuello uterino",inyectable trimestral: usuarias nuevas,2016-01-01,1,30,74,16,0,121
TACACHI,"anticoncepcion, prevencion de its y de cancer de cuello uterino",inyectable trimestral: usuarias nuevas,2016-01-01,0,1,0,0,0,1
TACACOMA,"anticoncepcion, prevencion de its y de cancer de cuello uterino",inyectable trimestral: usuarias nuevas,2016-01-01,0,1,3,1,0,5
TACOBAMBA,"anticoncepcion, prevencion de its y de cancer de cuello uterino",inyectable trimestral: usuarias nuevas,2016-01-01,0,1,2,3,0,6
TAPACARI,"anticoncepcion, prevencion de its y de cancer de cuello uterino",inyectable trimestral: usuarias nuevas,2016-01-01,0,2,9,7,0,18
TARABUCO,"anticoncepcion, prevencion de its y de cancer de cuello uterino",inyectable trimestral: usuarias nuevas,2016-01-01,0,0,3,2,0,5
TARACO,"anticoncepcion, prevencion de its y de cancer de cuello uterino",inyectable trimestral: usuarias nuevas,2016-01-01,0,0,1,1,0,2
TARATA,"anticoncepcion, prevencion de its y de cancer de cuello uterino",inyectable trimestral: usuarias nuevas,2016-01-01,0,0,4,1,0,5
TARIJA,"anticoncepcion, prevencion de its y de cancer de cuello uterino",inyectable trimestral: usuarias nuevas,2016-01-01,1,19,47,12,0,79
TARVITA,"anticoncepcion, prevencion de its y de cancer de cuello uterino",inyectable trimestral: usuarias nuevas,2016-01-01,0,3,9,2,0,14
TEOPONTE,"anticoncepcion, prevencion de its y de cancer de cuello uterino",inyectable trimestral: usuarias nuevas,2016-01-01,0,2,9,0,0,11
TIAWANACU,"anticoncepcion, prevencion de its y de cancer de cuello uterino",inyectable trimestral: usuarias nuevas,2016-01-01,0,0,2,1,0,3
TINGUIPAYA,"anticoncepcion, prevencion de its y de cancer de cuello uterino",inyectable trimestral: usuarias nuevas,2016-01-01,0,0,8,2,0,10
TIPUANI,"anticoncepcion, prevencion de its y de cancer de cuello uterino",inyectable trimestral: usuarias nuevas,2016-01-01,0,0,3,0,0,3
TIQUIPAYA,"anticoncepcion, prevencion de its y de cancer de cuello uterino",inyectable trimestral: usuarias nuevas,2016-01-01,0,9,44,6,0,59
TIRAQUE (CBBA),"anticoncepcion, prevencion de its y de cancer de cuello uterino",inyectable trimestral: usuarias nuevas,2016-01-01,0,4,6,2,0,12
TOCO,"anticoncepcion, prevencion de its y de cancer de cuello uterino",inyectable trimestral: usuarias nuevas,2016-01-01,0,2,3,1,0,6
TODOS SANTOS,"anticoncepcion, prevencion de its y de cancer de cuello uterino",inyectable trimestral: usuarias nuevas,2016-01-01,0,0,1,0,0,1
TOLATA,"anticoncepcion, prevencion de its y de cancer de cuello uterino",inyectable trimestral: usuarias nuevas,2016-01-01,0,0,2,1,0,3
TOLEDO,"anticoncepcion, prevencion de its y de cancer de cuello uterino",inyectable trimestral: usuarias nuevas,2016-01-01,0,0,2,0,0,2
TOMAVE,"anticoncepcion, prevencion de its y de cancer de cuello uterino",inyectable trimestral: usuarias nuevas,2016-01-01,0,1,4,1,0,6
TOMINA,"anticoncepcion, prevencion de its y de cancer de cuello uterino",inyectable trimestral: usuarias nuevas,2016-01-01,0,2,2,1,0,5
TORO TORO,"anticoncepcion, prevencion de its y de cancer de cuello uterino",inyectable trimestral: usuarias nuevas,2016-01-01,0,1,13,4,1,19
TOTORA(CBBA),"anticoncepcion, prevencion de its y de cancer de cuello uterino",inyectable trimestral: usuarias nuevas,2016-01-01,0,1,3,2,0,6
TOTORA(ORR),"anticoncepcion, prevencion de its y de cancer de cuello uterino",inyectable trimestral: usuarias nuevas,2016-01-01,0,0,1,0,0,1
TRINIDAD,"anticoncepcion, prevencion de its y de cancer de cuello uterino",inyectable trimestral: usuarias nuevas,2016-01-01,0,2,15,1,0,18
TUPIZA,"anticoncepcion, prevencion de its y de cancer de cuello uterino",inyectable trimestral: usuarias nuevas,2016-01-01,0,9,26,6,0,41
TURCO,"anticoncepcion, prevencion de its y de cancer de cuello uterino",inyectable trimestral: usuarias nuevas,2016-01-01,0,0,4,0,0,4
UMALA,"anticoncepcion, prevencion de its y de cancer de cuello uterino",inyectable trimestral: usuarias nuevas,2016-01-01,0,2,4,0,0,6
UNCIA,"anticoncepcion, prevencion de its y de cancer de cuello uterino",inyectable trimestral: usuarias nuevas,2016-01-01,0,0,8,1,0,9
URIONDO (A. CONCEPCION),"anticoncepcion, prevencion de its y de cancer de cuello uterino",inyectable trimestral: usuarias nuevas,2016-01-01,0,4,2,0,0,6
URUBICHA,"anticoncepcion, prevencion de its y de cancer de cuello uterino",inyectable trimestral: usuarias nuevas,2016-01-01,0,0,2,1,0,3
UYUNI,"anticoncepcion, prevencion de its y de cancer de cuello uterino",inyectable trimestral: usuarias nuevas,2016-01-01,0,1,9,2,1,13
VACAS,"anticoncepcion, prevencion de its y de cancer de cuello uterino",inyectable trimestral: usuarias nuevas,2016-01-01,0,1,5,1,0,7
VALLEGRANDE,"anticoncepcion, prevencion de its y de cancer de cuello uterino",inyectable trimestral: usuarias nuevas,2016-01-01,0,2,3,2,0,7
VIACHA,"anticoncepcion, prevencion de its y de cancer de cuello uterino",inyectable trimestral: usuarias nuevas,2016-01-01,0,7,67,29,4,107
VILLA CHARCAS,"anticoncepcion, prevencion de its y de cancer de cuello uterino",inyectable trimestral: usuarias nuevas,2016-01-01,0,3,7,3,0,13
VILLA MONTES,"anticoncepcion, prevencion de its y de cancer de cuello uterino",inyectable trimestral: usuarias nuevas,2016-01-01,2,8,8,4,0,22
VILLA NUEVA (LOMA ALTA),"anticoncepcion, prevencion de its y de cancer de cuello uterino",inyectable trimestral: usuarias nuevas,2016-01-01,0,0,1,0,0,1
VILLA RIVERO,"anticoncepcion, prevencion de its y de cancer de cuello uterino",inyectable trimestral: usuarias nuevas,2016-01-01,0,1,9,2,0,12
VILLA SERRANO,"anticoncepcion, prevencion de its y de cancer de cuello uterino",inyectable trimestral: usuarias nuevas,2016-01-01,0,1,5,1,0,7
VILLA TUNARI,"anticoncepcion, prevencion de its y de cancer de cuello uterino",inyectable trimestral: usuarias nuevas,2016-01-01,0,17,48,13,0,78
VILLA VACA GUZMAN (MUYUPAMPA),"anticoncepcion, prevencion de its y de cancer de cuello uterino",inyectable trimestral: usuarias nuevas,2016-01-01,0,1,0,0,0,1
VILLAZON,"anticoncepcion, prevencion de its y de cancer de cuello uterino",inyectable trimestral: usuarias nuevas,2016-01-01,0,4,9,1,0,14
VINTO,"anticoncepcion, prevencion de its y de cancer de cuello uterino",inyectable trimestral: usuarias nuevas,2016-01-01,1,2,12,2,0,17
VITICHI,"anticoncepcion, prevencion de its y de cancer de cuello uterino",inyectable trimestral: usuarias nuevas,2016-01-01,0,0,2,1,0,3
WALDO BALLIVIAN,"anticoncepcion, prevencion de its y de cancer de cuello uterino",inyectable trimestral: usuarias nuevas,2016-01-01,0,1,1,0,0,2
WARNES,"anticoncepcion, prevencion de its y de cancer de cuello uterino",inyectable trimestral: usuarias nuevas,2016-01-01,0,11,25,7,0,43
YACO,"anticoncepcion, prevencion de its y de cancer de cuello uterino",inyectable trimestral: usuarias nuevas,2016-01-01,0,0,2,1,0,3
YACUIBA,"anticoncepcion, prevencion de its y de cancer de cuello uterino",inyectable trimestral: usuarias nuevas,2016-01-01,0,9,13,5,0,27
YAMPARAEZ,"anticoncepcion, prevencion de its y de cancer de cuello uterino",inyectable trimestral: usuarias nuevas,2016-01-01,0,3,5,3,0,11
YANACACHI,"anticoncepcion, prevencion de its y de cancer de cuello uterino",inyectable trimestral: usuarias nuevas,2016-01-01,0,0,2,0,0,2
YAPACANI,"anticoncepcion, prevencion de its y de cancer de cuello uterino",inyectable trimestral: usuarias nuevas,2016-01-01,0,6,23,6,0,35
YOCALLA,"anticoncepcion, prevencion de its y de cancer de cuello uterino",inyectable trimestral: usuarias nuevas,2016-01-01,0,1,2,0,0,3
YOTALA,"anticoncepcion, prevencion de its y de cancer de cuello uterino",inyectable trimestral: usuarias nuevas,2016-01-01,0,2,2,1,0,5
YUNCHARA,"anticoncepcion, prevencion de its y de cancer de cuello uterino",inyectable trimestral: usuarias nuevas,2016-01-01,1,1,3,1,0,6
ZUDAÃ‘EZ,"anticoncepcion, prevencion de its y de cancer de cuello uterino",inyectable trimestral: usuarias nuevas,2016-01-01,0,0,1,1,0,2
ACACIO,"anticoncepcion, prevencion de its y de cancer de cuello uterino",inyectable trimestral: usuarias nuevas,2016-02-01,0,0,2,1,0,3
ACHACACHI,"anticoncepcion, prevencion de its y de cancer de cuello uterino",inyectable trimestral: usuarias nuevas,2016-02-01,0,0,2,0,0,2
ACHOCALLA,"anticoncepcion, prevencion de its y de cancer de cuello uterino",inyectable trimestral: usuarias nuevas,2016-02-01,0,1,4,2,0,7
AIQUILE,"anticoncepcion, prevencion de its y de cancer de cuello uterino",inyectable trimestral: usuarias nuevas,2016-02-01,0,1,10,3,0,14
ALALAY,"anticoncepcion, prevencion de its y de cancer de cuello uterino",inyectable trimestral: usuarias nuevas,2016-02-01,0,0,1,0,0,1
ALCALA,"anticoncepcion, prevencion de its y de cancer de cuello uterino",inyectable trimestral: usuarias nuevas,2016-02-01,0,0,3,2,1,6
ALTO BENI,"anticoncepcion, prevencion de its y de cancer de cuello uterino",inyectable trimestral: usuarias nuevas,2016-02-01,0,1,1,2,0,4
ANCORAIMES,"anticoncepcion, prevencion de its y de cancer de cuello uterino",inyectable trimestral: usuarias nuevas,2016-02-01,0,0,6,5,0,11
ANDAMARCA,"anticoncepcion, prevencion de its y de cancer de cuello uterino",inyectable trimestral: usuarias nuevas,2016-02-01,0,0,1,1,0,2
ANZALDO,"anticoncepcion, prevencion de its y de cancer de cuello uterino",inyectable trimestral: usuarias nuevas,2016-02-01,0,1,0,0,0,1
APOLO,"anticoncepcion, prevencion de its y de cancer de cuello uterino",inyectable trimestral: usuarias nuevas,2016-02-01,0,1,2,4,0,7
ARAMPAMPA,"anticoncepcion, prevencion de its y de cancer de cuello uterino",inyectable trimestral: usuarias nuevas,2016-02-01,0,1,3,2,0,6
ARANI,"anticoncepcion, prevencion de its y de cancer de cuello uterino",inyectable trimestral: usuarias nuevas,2016-02-01,0,1,3,1,0,5
ARBIETO,"anticoncepcion, prevencion de its y de cancer de cuello uterino",inyectable trimestral: usuarias nuevas,2016-02-01,0,5,10,3,0,18
ARQUE,"anticoncepcion, prevencion de its y de cancer de cuello uterino",inyectable trimestral: usuarias nuevas,2016-02-01,0,0,5,2,0,7
ASCENCION DE GUARAYOS,"anticoncepcion, prevencion de its y de cancer de cuello uterino",inyectable trimestral: usuarias nuevas,2016-02-01,1,12,33,14,0,60
ATOCHA,"anticoncepcion, prevencion de its y de cancer de cuello uterino",inyectable trimestral: usuarias nuevas,2016-02-01,0,1,2,0,0,3
AUCAPATA,"anticoncepcion, prevencion de its y de cancer de cuello uterino",inyectable trimestral: usuarias nuevas,2016-02-01,0,0,4,1,0,5
AYATA,"anticoncepcion, prevencion de its y de cancer de cuello uterino",inyectable trimestral: usuarias nuevas,2016-02-01,0,1,2,1,0,4
AYO AYO,"anticoncepcion, prevencion de its y de cancer de cuello uterino",inyectable trimestral: usuarias nuevas,2016-02-01,0,0,4,0,0,4
AYOPAYA (V. DE INDEPENDENCIA),"anticoncepcion, prevencion de its y de cancer de cuello uterino",inyectable trimestral: usuarias nuevas,2016-02-01,0,9,10,6,0,25
AZURDUY,"anticoncepcion, prevencion de its y de cancer de cuello uterino",inyectable trimestral: usuarias nuevas,2016-02-01,0,3,3,3,0,9
BATALLAS,"anticoncepcion, prevencion de its y de cancer de cuello uterino",inyectable trimestral: usuarias nuevas,2016-02-01,0,0,2,1,0,3
BAURES,"anticoncepcion, prevencion de its y de cancer de cuello uterino",inyectable trimestral: usuarias nuevas,2016-02-01,0,0,1,0,0,1
BELEN DE ANDAMARCA,"anticoncepcion, prevencion de its y de cancer de cuello uterino",inyectable trimestral: usuarias nuevas,2016-02-01,0,0,2,0,0,2
BELEN DE URMIRI,"anticoncepcion, prevencion de its y de cancer de cuello uterino",inyectable trimestral: usuarias nuevas,2016-02-01,0,0,1,0,0,1
BELLA FLOR,"anticoncepcion, prevencion de its y de cancer de cuello uterino",inyectable trimestral: usuarias nuevas,2016-02-01,1,0,1,0,0,2
BERMEJO,"anticoncepcion, prevencion de its y de cancer de cuello uterino",inyectable trimestral: usuarias nuevas,2016-02-01,0,5,9,1,1,16
BETANZOS,"anticoncepcion, prevencion de its y de cancer de cuello uterino",inyectable trimestral: usuarias nuevas,2016-02-01,0,2,9,5,0,16
BOLIVAR,"anticoncepcion, prevencion de its y de cancer de cuello uterino",inyectable trimestral: usuarias nuevas,2016-02-01,0,0,0,1,0,1
BOLPEBRA,"anticoncepcion, prevencion de its y de cancer de cuello uterino",inyectable trimestral: usuarias nuevas,2016-02-01,0,0,0,1,0,1
BOYUIBE,"anticoncepcion, prevencion de its y de cancer de cuello uterino",inyectable trimestral: usuarias nuevas,2016-02-01,0,2,2,1,0,5
BUENA VISTA,"anticoncepcion, prevencion de its y de cancer de cuello uterino",inyectable trimestral: usuarias nuevas,2016-02-01,0,1,2,2,0,5
CABEZAS,"anticoncepcion, prevencion de its y de cancer de cuello uterino",inyectable trimestral: usuarias nuevas,2016-02-01,0,7,24,6,0,37
CAIROMA,"anticoncepcion, prevencion de its y de cancer de cuello uterino",inyectable trimestral: usuarias nuevas,2016-02-01,0,0,3,2,0,5
"CAIZA ""D""","anticoncepcion, prevencion de its y de cancer de cuello uterino",inyectable trimestral: usuarias nuevas,2016-02-01,0,0,2,3,0,5
CAJUATA,"anticoncepcion, prevencion de its y de cancer de cuello uterino",inyectable trimestral: usuarias nuevas,2016-02-01,0,0,8,2,0,10
CALAMARCA,"anticoncepcion, prevencion de its y de cancer de cuello uterino",inyectable trimestral: usuarias nuevas,2016-02-01,0,2,10,3,0,15
CAMARGO,"anticoncepcion, prevencion de its y de cancer de cuello uterino",inyectable trimestral: usuarias nuevas,2016-02-01,0,4,3,3,0,10
CAMATAQUI (C. VILLA ABECIA),"anticoncepcion, prevencion de its y de cancer de cuello uterino",inyectable trimestral: usuarias nuevas,2016-02-01,0,0,2,1,0,3
CAMIRI,"anticoncepcion, prevencion de its y de cancer de cuello uterino",inyectable trimestral: usuarias nuevas,2016-02-01,0,1,12,0,0,13
CAPINOTA,"anticoncepcion, prevencion de its y de cancer de cuello uterino",inyectable trimestral: usuarias nuevas,2016-02-01,1,2,9,1,0,13
CAQUIAVIRI,"anticoncepcion, prevencion de its y de cancer de cuello uterino",inyectable trimestral: usuarias nuevas,2016-02-01,0,0,4,1,0,5
CARACOLLO,"anticoncepcion, prevencion de its y de cancer de cuello uterino",inyectable trimestral: usuarias nuevas,2016-02-01,0,1,12,2,0,15
CARANAVI,"anticoncepcion, prevencion de its y de cancer de cuello uterino",inyectable trimestral: usuarias nuevas,2016-02-01,0,4,16,7,1,28
CARAPARI,"anticoncepcion, prevencion de its y de cancer de cuello uterino",inyectable trimestral: usuarias nuevas,2016-02-01,0,4,2,0,0,6
CARIPUYO,"anticoncepcion, prevencion de its y de cancer de cuello uterino",inyectable trimestral: usuarias nuevas,2016-02-01,0,3,16,4,0,23
CARMEN RIVERO TORREZ,"anticoncepcion, prevencion de its y de cancer de cuello uterino",inyectable trimestral: usuarias nuevas,2016-02-01,0,0,1,0,0,1
CHALLAPATA,"anticoncepcion, prevencion de its y de cancer de cuello uterino",inyectable trimestral: usuarias nuevas,2016-02-01,0,1,6,2,0,9
CHAQUI,"anticoncepcion, prevencion de its y de cancer de cuello uterino",inyectable trimestral: usuarias nuevas,2016-02-01,0,0,2,1,0,3
CHARAGUA,"anticoncepcion, prevencion de its y de cancer de cuello uterino",inyectable trimestral: usuarias nuevas,2016-02-01,0,1,11,2,0,14
CHAYANTA,"anticoncepcion, prevencion de its y de cancer de cuello uterino",inyectable trimestral: usuarias nuevas,2016-02-01,0,1,4,1,0,6
CHIMORE,"anticoncepcion, prevencion de its y de cancer de cuello uterino",inyectable trimestral: usuarias nuevas,2016-02-01,0,1,11,4,0,16
CHIPAYA,"anticoncepcion, prevencion de its y de cancer de cuello uterino",inyectable trimestral: usuarias nuevas,2016-02-01,0,1,3,0,0,4
CHUA COCANI,"anticoncepcion, prevencion de its y de cancer de cuello uterino",inyectable trimestral: usuarias nuevas,2016-02-01,0,0,1,0,0,1
CHULUMANI (V. DE LA LIBERTAD),"anticoncepcion, prevencion de its y de cancer de cuello uterino",inyectable trimestral: usuarias nuevas,2016-02-01,0,2,13,2,0,17
CHUMA,"anticoncepcion, prevencion de its y de cancer de cuello uterino",inyectable trimestral: usuarias nuevas,2016-02-01,0,1,2,0,0,3
CHUQUIHUTA AYLLU JUCUMANI,"anticoncepcion, prevencion de its y de cancer de cuello uterino",inyectable trimestral: usuarias nuevas,2016-02-01,0,3,4,0,0,7
CKOCHAS,"anticoncepcion, prevencion de its y de cancer de cuello uterino",inyectable trimestral: usuarias nuevas,2016-02-01,1,3,16,11,0,31
CLIZA,"anticoncepcion, prevencion de its y de cancer de cuello uterino",inyectable trimestral: usuarias nuevas,2016-02-01,0,1,3,1,0,5
COBIJA,"anticoncepcion, prevencion de its y de cancer de cuello uterino",inyectable trimestral: usuarias nuevas,2016-02-01,1,4,9,1,0,15
COCAPATA,"anticoncepcion, prevencion de its y de cancer de cuello uterino",inyectable trimestral: usuarias nuevas,2016-02-01,0,2,9,3,0,14
COCHABAMBA,"anticoncepcion, prevencion de its y de cancer de cuello uterino",inyectable trimestral: usuarias nuevas,2016-02-01,0,15,74,26,0,115
COIPASA,"anticoncepcion, prevencion de its y de cancer de cuello uterino",inyectable trimestral: usuarias nuevas,2016-02-01,0,0,2,0,0,2
COLCAPIRHUA,"anticoncepcion, prevencion de its y de cancer de cuello uterino",inyectable trimestral: usuarias nuevas,2016-02-01,0,2,11,2,0,15
"COLCHA ""K""","anticoncepcion, prevencion de its y de cancer de cuello uterino",inyectable trimestral: usuarias nuevas,2016-02-01,0,1,8,0,0,9
COLLANA,"anticoncepcion, prevencion de its y de cancer de cuello uterino",inyectable trimestral: usuarias nuevas,2016-02-01,0,0,1,0,0,1
COLOMI,"anticoncepcion, prevencion de its y de cancer de cuello uterino",inyectable trimestral: usuarias nuevas,2016-02-01,0,0,5,0,0,5
COLQUECHACA,"anticoncepcion, prevencion de its y de cancer de cuello uterino",inyectable trimestral: usuarias nuevas,2016-02-01,1,4,19,9,3,36
COLQUENCHA,"anticoncepcion, prevencion de its y de cancer de cuello uterino",inyectable trimestral: usuarias nuevas,2016-02-01,0,0,1,0,0,1
COLQUIRI,"anticoncepcion, prevencion de its y de cancer de cuello uterino",inyectable trimestral: usuarias nuevas,2016-02-01,0,0,4,2,0,6
COMARAPA,"anticoncepcion, prevencion de its y de cancer de cuello uterino",inyectable trimestral: usuarias nuevas,2016-02-01,0,3,12,3,0,18
COMBAYA,"anticoncepcion, prevencion de its y de cancer de cuello uterino",inyectable trimestral: usuarias nuevas,2016-02-01,0,1,0,0,0,1
CONCEPCION,"anticoncepcion, prevencion de its y de cancer de cuello uterino",inyectable trimestral: usuarias nuevas,2016-02-01,0,1,3,1,0,5
COPACABANA,"anticoncepcion, prevencion de its y de cancer de cuello uterino",inyectable trimestral: usuarias nuevas,2016-02-01,0,1,1,0,0,2
CORIPATA,"anticoncepcion, prevencion de its y de cancer de cuello uterino",inyectable trimestral: usuarias nuevas,2016-02-01,0,0,6,0,0,6
CORO CORO,"anticoncepcion, prevencion de its y de cancer de cuello uterino",inyectable trimestral: usuarias nuevas,2016-02-01,0,0,2,0,0,2
COROICO,"anticoncepcion, prevencion de its y de cancer de cuello uterino",inyectable trimestral: usuarias nuevas,2016-02-01,0,0,1,1,0,2
CORQUE,"anticoncepcion, prevencion de its y de cancer de cuello uterino",inyectable trimestral: usuarias nuevas,2016-02-01,0,1,1,1,0,3
COTAGAITA,"anticoncepcion, prevencion de its y de cancer de cuello uterino",inyectable trimestral: usuarias nuevas,2016-02-01,0,5,25,10,0,40
COTOCA,"anticoncepcion, prevencion de its y de cancer de cuello uterino",inyectable trimestral: usuarias nuevas,2016-02-01,0,8,25,3,0,36
CUATRO CAÃ‘ADAS,"anticoncepcion, prevencion de its y de cancer de cuello uterino",inyectable trimestral: usuarias nuevas,2016-02-01,0,4,3,0,0,7
CUCHUMUELA (V. G. VILLARROEL),"anticoncepcion, prevencion de its y de cancer de cuello uterino",inyectable trimestral: usuarias nuevas,2016-02-01,0,1,2,0,0,3
CUEVO,"anticoncepcion, prevencion de its y de cancer de cuello uterino",inyectable trimestral: usuarias nuevas,2016-02-01,0,2,4,0,0,6
CULPINA,"anticoncepcion, prevencion de its y de cancer de cuello uterino",inyectable trimestral: usuarias nuevas,2016-02-01,0,3,13,9,0,25
CURAHUARA DE CARANGAS,"anticoncepcion, prevencion de its y de cancer de cuello uterino",inyectable trimestral: usuarias nuevas,2016-02-01,0,1,1,2,0,4
CURVA,"anticoncepcion, prevencion de its y de cancer de cuello uterino",inyectable trimestral: usuarias nuevas,2016-02-01,0,1,2,0,0,3
DESAGUADERO,"anticoncepcion, prevencion de its y de cancer de cuello uterino",inyectable trimestral: usuarias nuevas,2016-02-01,0,0,1,0,0,1
EL ALTO,"anticoncepcion, prevencion de its y de cancer de cuello uterino",inyectable trimestral: usuarias nuevas,2016-02-01,0,40,185,54,1,280
EL CHORO,"anticoncepcion, prevencion de its y de cancer de cuello uterino",inyectable trimestral: usuarias nuevas,2016-02-01,0,0,2,1,0,3
EL PUENTE(STC),"anticoncepcion, prevencion de its y de cancer de cuello uterino",inyectable trimestral: usuarias nuevas,2016-02-01,0,4,8,0,0,12
EL PUENTE(TJA),"anticoncepcion, prevencion de its y de cancer de cuello uterino",inyectable trimestral: usuarias nuevas,2016-02-01,0,3,10,3,1,17
EL TORNO,"anticoncepcion, prevencion de its y de cancer de cuello uterino",inyectable trimestral: usuarias nuevas,2016-02-01,2,8,15,3,0,28
EL VILLAR,"anticoncepcion, prevencion de its y de cancer de cuello uterino",inyectable trimestral: usuarias nuevas,2016-02-01,0,3,0,0,0,3
ENTRE RIOS TRJ,"anticoncepcion, prevencion de its y de cancer de cuello uterino",inyectable trimestral: usuarias nuevas,2016-02-01,0,8,17,5,1,31
ENTRE RIOS CBBA,"anticoncepcion, prevencion de its y de cancer de cuello uterino",inyectable trimestral: usuarias nuevas,2016-02-01,0,3,8,1,0,12
ESCOMA,"anticoncepcion, prevencion de its y de cancer de cuello uterino",inyectable trimestral: usuarias nuevas,2016-02-01,0,0,2,0,0,2
EUREKA (SANTOS MERCADO),"anticoncepcion, prevencion de its y de cancer de cuello uterino",inyectable trimestral: usuarias nuevas,2016-02-01,0,1,0,0,0,1
FERNANDEZ ALONSO,"anticoncepcion, prevencion de its y de cancer de cuello uterino",inyectable trimestral: usuarias nuevas,2016-02-01,0,3,0,0,0,3
FILADELFIA,"anticoncepcion, prevencion de its y de cancer de cuello uterino",inyectable trimestral: usuarias nuevas,2016-02-01,0,1,0,0,0,1
GENERAL SAAVEDRA,"anticoncepcion, prevencion de its y de cancer de cuello uterino",inyectable trimestral: usuarias nuevas,2016-02-01,0,3,7,5,0,15
GRAL. J.J. PEREZ (CHARAZANI),"anticoncepcion, prevencion de its y de cancer de cuello uterino",inyectable trimestral: usuarias nuevas,2016-02-01,0,0,1,0,0,1
GUANAY,"anticoncepcion, prevencion de its y de cancer de cuello uterino",inyectable trimestral: usuarias nuevas,2016-02-01,0,1,2,0,0,3
GUAQUI,"anticoncepcion, prevencion de its y de cancer de cuello uterino",inyectable trimestral: usuarias nuevas,2016-02-01,0,1,5,1,0,7
GUAYARAMERIN,"anticoncepcion, prevencion de its y de cancer de cuello uterino",inyectable trimestral: usuarias nuevas,2016-02-01,1,8,13,3,0,25
GUTIERREZ,"anticoncepcion, prevencion de its y de cancer de cuello uterino",inyectable trimestral: usuarias nuevas,2016-02-01,0,0,9,0,0,9
HUACARETA,"anticoncepcion, prevencion de its y de cancer de cuello uterino",inyectable trimestral: usuarias nuevas,2016-02-01,0,3,8,0,0,11
HUACAYA (VILLA DE HUACAYA),"anticoncepcion, prevencion de its y de cancer de cuello uterino",inyectable trimestral: usuarias nuevas,2016-02-01,0,1,4,0,0,5
HUANUNI,"anticoncepcion, prevencion de its y de cancer de cuello uterino",inyectable trimestral: usuarias nuevas,2016-02-01,0,0,8,1,0,9
HUARACAJE,"anticoncepcion, prevencion de its y de cancer de cuello uterino",inyectable trimestral: usuarias nuevas,2016-02-01,0,0,1,1,0,2
HUMANATA,"anticoncepcion, prevencion de its y de cancer de cuello uterino",inyectable trimestral: usuarias nuevas,2016-02-01,0,0,1,0,0,1
ICHOCA,"anticoncepcion, prevencion de its y de cancer de cuello uterino",inyectable trimestral: usuarias nuevas,2016-02-01,0,1,1,0,0,2
ICLA,"anticoncepcion, prevencion de its y de cancer de cuello uterino",inyectable trimestral: usuarias nuevas,2016-02-01,0,3,2,2,0,7
INCAHUASI,"anticoncepcion, prevencion de its y de cancer de cuello uterino",inyectable trimestral: usuarias nuevas,2016-02-01,0,0,2,1,0,3
INGAVI (HUMAITA),"anticoncepcion, prevencion de its y de cancer de cuello uterino",inyectable trimestral: usuarias nuevas,2016-02-01,0,1,1,0,0,2
INQUISIVI,"anticoncepcion, prevencion de its y de cancer de cuello uterino",inyectable trimestral: usuarias nuevas,2016-02-01,0,1,4,1,0,6
IRUPANA (VILLA DE LANZA),"anticoncepcion, prevencion de its y de cancer de cuello uterino",inyectable trimestral: usuarias nuevas,2016-02-01,0,7,14,0,0,21
IXIAMAS,"anticoncepcion, prevencion de its y de cancer de cuello uterino",inyectable trimestral: usuarias nuevas,2016-02-01,1,1,11,1,0,14
JESUS DE MACHACA,"anticoncepcion, prevencion de its y de cancer de cuello uterino",inyectable trimestral: usuarias nuevas,2016-02-01,0,0,1,0,0,1
LA ASUNTA,"anticoncepcion, prevencion de its y de cancer de cuello uterino",inyectable trimestral: usuarias nuevas,2016-02-01,0,5,7,3,0,15
LA GUARDIA,"anticoncepcion, prevencion de its y de cancer de cuello uterino",inyectable trimestral: usuarias nuevas,2016-02-01,1,15,40,3,0,59
LA PAZ,"anticoncepcion, prevencion de its y de cancer de cuello uterino",inyectable trimestral: usuarias nuevas,2016-02-01,0,25,126,18,0,169
LA RIVERA,"anticoncepcion, prevencion de its y de cancer de cuello uterino",inyectable trimestral: usuarias nuevas,2016-02-01,0,0,1,0,0,1
LAGUNILLAS,"anticoncepcion, prevencion de its y de cancer de cuello uterino",inyectable trimestral: usuarias nuevas,2016-02-01,0,0,1,0,0,1
LAJA,"anticoncepcion, prevencion de its y de cancer de cuello uterino",inyectable trimestral: usuarias nuevas,2016-02-01,0,1,5,2,0,8
LAS CARRERAS,"anticoncepcion, prevencion de its y de cancer de cuello uterino",inyectable trimestral: usuarias nuevas,2016-02-01,0,1,0,0,0,1
LICOMA PAMPA,"anticoncepcion, prevencion de its y de cancer de cuello uterino",inyectable trimestral: usuarias nuevas,2016-02-01,0,0,1,0,0,1
LLALLAGUA,"anticoncepcion, prevencion de its y de cancer de cuello uterino",inyectable trimestral: usuarias nuevas,2016-02-01,1,2,21,4,0,28
LLICA,"anticoncepcion, prevencion de its y de cancer de cuello uterino",inyectable trimestral: usuarias nuevas,2016-02-01,0,2,1,0,0,3
LORETO,"anticoncepcion, prevencion de its y de cancer de cuello uterino",inyectable trimestral: usuarias nuevas,2016-02-01,0,0,3,0,0,3
LURIBAY,"anticoncepcion, prevencion de its y de cancer de cuello uterino",inyectable trimestral: usuarias nuevas,2016-02-01,0,0,1,0,0,1
MACHARETI,"anticoncepcion, prevencion de its y de cancer de cuello uterino",inyectable trimestral: usuarias nuevas,2016-02-01,1,6,7,1,0,15
MAGDALENA,"anticoncepcion, prevencion de its y de cancer de cuello uterino",inyectable trimestral: usuarias nuevas,2016-02-01,0,2,2,1,0,5
MAIRANA,"anticoncepcion, prevencion de its y de cancer de cuello uterino",inyectable trimestral: usuarias nuevas,2016-02-01,0,1,5,5,0,11
MALLA,"anticoncepcion, prevencion de its y de cancer de cuello uterino",inyectable trimestral: usuarias nuevas,2016-02-01,0,0,1,0,0,1
MAPIRI,"anticoncepcion, prevencion de its y de cancer de cuello uterino",inyectable trimestral: usuarias nuevas,2016-02-01,0,0,1,1,0,2
MECAPACA,"anticoncepcion, prevencion de its y de cancer de cuello uterino",inyectable trimestral: usuarias nuevas,2016-02-01,0,0,4,1,0,5
MINEROS,"anticoncepcion, prevencion de its y de cancer de cuello uterino",inyectable trimestral: usuarias nuevas,2016-02-01,0,3,11,2,1,17
MIZQUE,"anticoncepcion, prevencion de its y de cancer de cuello uterino",inyectable trimestral: usuarias nuevas,2016-02-01,0,2,14,6,0,22
MOCOMOCO,"anticoncepcion, prevencion de its y de cancer de cuello uterino",inyectable trimestral: usuarias nuevas,2016-02-01,0,0,3,0,0,3
MOJINETE,"anticoncepcion, prevencion de its y de cancer de cuello uterino",inyectable trimestral: usuarias nuevas,2016-02-01,0,0,1,1,0,2
MOJOCOYA,"anticoncepcion, prevencion de its y de cancer de cuello uterino",inyectable trimestral: usuarias nuevas,2016-02-01,0,3,2,1,0,6
MONTEAGUDO,"anticoncepcion, prevencion de its y de cancer de cuello uterino",inyectable trimestral: usuarias nuevas,2016-02-01,0,3,5,2,0,10
MONTERO,"anticoncepcion, prevencion de its y de cancer de cuello uterino",inyectable trimestral: usuarias nuevas,2016-02-01,2,26,49,8,0,85
MORO MORO,"anticoncepcion, prevencion de its y de cancer de cuello uterino",inyectable trimestral: usuarias nuevas,2016-02-01,0,1,0,1,0,2
MOROCHATA,"anticoncepcion, prevencion de its y de cancer de cuello uterino",inyectable trimestral: usuarias nuevas,2016-02-01,0,1,3,3,0,7
NACEBE (SANTA ROSA DEL ABUNA),"anticoncepcion, prevencion de its y de cancer de cuello uterino",inyectable trimestral: usuarias nuevas,2016-02-01,0,7,2,2,0,11
NUEVO MANOA (NUEVA ESPERANZA),"anticoncepcion, prevencion de its y de cancer de cuello uterino",inyectable trimestral: usuarias nuevas,2016-02-01,0,0,1,0,0,1
OCURI,"anticoncepcion, prevencion de its y de cancer de cuello uterino",inyectable trimestral: usuarias nuevas,2016-02-01,0,2,13,4,0,19
OKINAWA,"anticoncepcion, prevencion de its y de cancer de cuello uterino",inyectable trimestral: usuarias nuevas,2016-02-01,0,2,3,1,0,6
OMEREQUE,"anticoncepcion, prevencion de its y de cancer de cuello uterino",inyectable trimestral: usuarias nuevas,2016-02-01,0,2,3,1,0,6
ORURO,"anticoncepcion, prevencion de its y de cancer de cuello uterino",inyectable trimestral: usuarias nuevas,2016-02-01,0,13,80,16,14,123
PADCAYA,"anticoncepcion, prevencion de its y de cancer de cuello uterino",inyectable trimestral: usuarias nuevas,2016-02-01,0,2,3,1,0,6
PADILLA,"anticoncepcion, prevencion de its y de cancer de cuello uterino",inyectable trimestral: usuarias nuevas,2016-02-01,0,1,7,0,0,8
PAILON,"anticoncepcion, prevencion de its y de cancer de cuello uterino",inyectable trimestral: usuarias nuevas,2016-02-01,0,3,5,0,0,8
PALCA,"anticoncepcion, prevencion de its y de cancer de cuello uterino",inyectable trimestral: usuarias nuevas,2016-02-01,0,5,6,4,0,15
PALOS BLANCOS,"anticoncepcion, prevencion de its y de cancer de cuello uterino",inyectable trimestral: usuarias nuevas,2016-02-01,0,2,11,2,0,15
PAMPA GRANDE,"anticoncepcion, prevencion de its y de cancer de cuello uterino",inyectable trimestral: usuarias nuevas,2016-02-01,0,0,1,0,0,1
PAPEL PAMPA,"anticoncepcion, prevencion de its y de cancer de cuello uterino",inyectable trimestral: usuarias nuevas,2016-02-01,0,0,2,0,0,2
PASORAPA,"anticoncepcion, prevencion de its y de cancer de cuello uterino",inyectable trimestral: usuarias nuevas,2016-02-01,0,0,2,2,0,4
PATACAMAYA,"anticoncepcion, prevencion de its y de cancer de cuello uterino",inyectable trimestral: usuarias nuevas,2016-02-01,0,1,5,4,0,10
PAZÃ‘A,"anticoncepcion, prevencion de its y de cancer de cuello uterino",inyectable trimestral: usuarias nuevas,2016-02-01,0,0,1,0,0,1
PELECHUCO,"anticoncepcion, prevencion de its y de cancer de cuello uterino",inyectable trimestral: usuarias nuevas,2016-02-01,0,0,5,0,0,5
POCOATA,"anticoncepcion, prevencion de its y de cancer de cuello uterino",inyectable trimestral: usuarias nuevas,2016-02-01,0,1,6,3,0,10
POCONA,"anticoncepcion, prevencion de its y de cancer de cuello uterino",inyectable trimestral: usuarias nuevas,2016-02-01,0,3,17,6,0,26
POJO (CBBA),"anticoncepcion, prevencion de its y de cancer de cuello uterino",inyectable trimestral: usuarias nuevas,2016-02-01,0,3,4,2,0,9
PORCO,"anticoncepcion, prevencion de its y de cancer de cuello uterino",inyectable trimestral: usuarias nuevas,2016-02-01,0,2,8,2,0,12
POROMA,"anticoncepcion, prevencion de its y de cancer de cuello uterino",inyectable trimestral: usuarias nuevas,2016-02-01,0,2,3,0,0,5
PORTACHUELO,"anticoncepcion, prevencion de its y de cancer de cuello uterino",inyectable trimestral: usuarias nuevas,2016-02-01,0,0,4,0,0,4
POSTRER VALLE,"anticoncepcion, prevencion de its y de cancer de cuello uterino",inyectable trimestral: usuarias nuevas,2016-02-01,0,1,1,0,0,2
POTOSI,"anticoncepcion, prevencion de its y de cancer de cuello uterino",inyectable trimestral: usuarias nuevas,2016-02-01,0,22,79,26,0,127
PRESTO,"anticoncepcion, prevencion de its y de cancer de cuello uterino",inyectable trimestral: usuarias nuevas,2016-02-01,0,2,5,3,0,10
PUCARANI,"anticoncepcion, prevencion de its y de cancer de cuello uterino",inyectable trimestral: usuarias nuevas,2016-02-01,0,4,3,2,0,9
PUERTO ACOSTA,"anticoncepcion, prevencion de its y de cancer de cuello uterino",inyectable trimestral: usuarias nuevas,2016-02-01,0,0,1,0,0,1
PUERTO CARABUCO,"anticoncepcion, prevencion de its y de cancer de cuello uterino",inyectable trimestral: usuarias nuevas,2016-02-01,0,0,5,1,0,6
PUERTO GONZALO MORENO,"anticoncepcion, prevencion de its y de cancer de cuello uterino",inyectable trimestral: usuarias nuevas,2016-02-01,0,5,0,0,0,5
PUERTO QUIJARRO,"anticoncepcion, prevencion de its y de cancer de cuello uterino",inyectable trimestral: usuarias nuevas,2016-02-01,0,1,5,0,0,6
PUERTO RICO,"anticoncepcion, prevencion de its y de cancer de cuello uterino",inyectable trimestral: usuarias nuevas,2016-02-01,0,0,2,0,0,2
PUERTO SILES,"anticoncepcion, prevencion de its y de cancer de cuello uterino",inyectable trimestral: usuarias nuevas,2016-02-01,0,0,1,0,0,1
PUERTO SUAREZ,"anticoncepcion, prevencion de its y de cancer de cuello uterino",inyectable trimestral: usuarias nuevas,2016-02-01,0,1,4,0,0,5
PUERTO VILLARROEL,"anticoncepcion, prevencion de its y de cancer de cuello uterino",inyectable trimestral: usuarias nuevas,2016-02-01,1,15,20,1,0,37
PUNA,"anticoncepcion, prevencion de its y de cancer de cuello uterino",inyectable trimestral: usuarias nuevas,2016-02-01,0,1,3,1,0,5
PUNATA,"anticoncepcion, prevencion de its y de cancer de cuello uterino",inyectable trimestral: usuarias nuevas,2016-02-01,0,7,11,6,0,24
QUILLACOLLO,"anticoncepcion, prevencion de its y de cancer de cuello uterino",inyectable trimestral: usuarias nuevas,2016-02-01,0,17,47,11,0,75
QUIME,"anticoncepcion, prevencion de its y de cancer de cuello uterino",inyectable trimestral: usuarias nuevas,2016-02-01,0,2,2,1,0,5
RAVELO,"anticoncepcion, prevencion de its y de cancer de cuello uterino",inyectable trimestral: usuarias nuevas,2016-02-01,0,3,25,16,0,44
REYES,"anticoncepcion, prevencion de its y de cancer de cuello uterino",inyectable trimestral: usuarias nuevas,2016-02-01,0,2,11,1,0,14
RIBERALTA,"anticoncepcion, prevencion de its y de cancer de cuello uterino",inyectable trimestral: usuarias nuevas,2016-02-01,0,13,49,6,0,68
ROBORE,"anticoncepcion, prevencion de its y de cancer de cuello uterino",inyectable trimestral: usuarias nuevas,2016-02-01,0,7,10,0,0,17
RURRENABAQUE,"anticoncepcion, prevencion de its y de cancer de cuello uterino",inyectable trimestral: usuarias nuevas,2016-02-01,0,1,5,2,0,8
SABAYA,"anticoncepcion, prevencion de its y de cancer de cuello uterino",inyectable trimestral: usuarias nuevas,2016-02-01,0,0,2,2,0,4
SACABA,"anticoncepcion, prevencion de its y de cancer de cuello uterino",inyectable trimestral: usuarias nuevas,2016-02-01,0,2,26,11,0,39
SACABAMBA,"anticoncepcion, prevencion de its y de cancer de cuello uterino",inyectable trimestral: usuarias nuevas,2016-02-01,0,0,4,1,0,5
SACACA,"anticoncepcion, prevencion de its y de cancer de cuello uterino",inyectable trimestral: usuarias nuevas,2016-02-01,0,2,12,2,0,16
SAIPINA,"anticoncepcion, prevencion de its y de cancer de cuello uterino",inyectable trimestral: usuarias nuevas,2016-02-01,0,0,3,0,0,3
SALINAS DE GARCI MENDOZA,"anticoncepcion, prevencion de its y de cancer de cuello uterino",inyectable trimestral: usuarias nuevas,2016-02-01,0,2,9,0,0,11
SAMAIPATA,"anticoncepcion, prevencion de its y de cancer de cuello uterino",inyectable trimestral: usuarias nuevas,2016-02-01,0,4,3,2,0,9
SAN AGUSTIN,"anticoncepcion, prevencion de its y de cancer de cuello uterino",inyectable trimestral: usuarias nuevas,2016-02-01,0,0,0,2,0,2
SAN ANDRES,"anticoncepcion, prevencion de its y de cancer de cuello uterino",inyectable trimestral: usuarias nuevas,2016-02-01,0,0,4,3,0,7
SAN ANTONIO DE ESMORUCO,"anticoncepcion, prevencion de its y de cancer de cuello uterino",inyectable trimestral: usuarias nuevas,2016-02-01,0,0,4,0,0,4
SAN ANTONIO DE LOMERIO,"anticoncepcion, prevencion de its y de cancer de cuello uterino",inyectable trimestral: usuarias nuevas,2016-02-01,0,0,0,2,0,2
SAN BENITO,"anticoncepcion, prevencion de its y de cancer de cuello uterino",inyectable trimestral: usuarias nuevas,2016-02-01,0,1,3,0,0,4
SAN BORJA,"anticoncepcion, prevencion de its y de cancer de cuello uterino",inyectable trimestral: usuarias nuevas,2016-02-01,2,16,18,2,0,38
SAN BUENA VENTURA,"anticoncepcion, prevencion de its y de cancer de cuello uterino",inyectable trimestral: usuarias nuevas,2016-02-01,0,1,3,1,0,5
SAN CARLOS,"anticoncepcion, prevencion de its y de cancer de cuello uterino",inyectable trimestral: usuarias nuevas,2016-02-01,0,1,8,0,0,9
SAN IGNACIO,"anticoncepcion, prevencion de its y de cancer de cuello uterino",inyectable trimestral: usuarias nuevas,2016-02-01,1,10,9,2,0,22
SAN IGNACIO DE VELASCO,"anticoncepcion, prevencion de its y de cancer de cuello uterino",inyectable trimestral: usuarias nuevas,2016-02-01,0,1,8,6,0,15
SAN JAVIER(BNI),"anticoncepcion, prevencion de its y de cancer de cuello uterino",inyectable trimestral: usuarias nuevas,2016-02-01,0,0,6,0,0,6
SAN JAVIER(STC),"anticoncepcion, prevencion de its y de cancer de cuello uterino",inyectable trimestral: usuarias nuevas,2016-02-01,0,1,1,0,0,2
SAN JOSE DE CHIQUITOS,"anticoncepcion, prevencion de its y de cancer de cuello uterino",inyectable trimestral: usuarias nuevas,2016-02-01,1,5,7,0,0,13
SAN JUAN DE YAPACANI,"anticoncepcion, prevencion de its y de cancer de cuello uterino",inyectable trimestral: usuarias nuevas,2016-02-01,0,2,3,0,0,5
SAN JULIAN,"anticoncepcion, prevencion de its y de cancer de cuello uterino",inyectable trimestral: usuarias nuevas,2016-02-01,0,0,6,1,0,7
SAN LORENZO(PND),"anticoncepcion, prevencion de its y de cancer de cuello uterino",inyectable trimestral: usuarias nuevas,2016-02-01,0,1,3,1,0,5
SAN LORENZO(TJA),"anticoncepcion, prevencion de its y de cancer de cuello uterino",inyectable trimestral: usuarias nuevas,2016-02-01,0,3,9,1,0,13
SAN LUCAS,"anticoncepcion, prevencion de its y de cancer de cuello uterino",inyectable trimestral: usuarias nuevas,2016-02-01,0,0,7,3,0,10
SAN MATIAS,"anticoncepcion, prevencion de its y de cancer de cuello uterino",inyectable trimestral: usuarias nuevas,2016-02-01,0,1,3,1,0,5
SAN MIGUEL DE VELASCO,"anticoncepcion, prevencion de its y de cancer de cuello uterino",inyectable trimestral: usuarias nuevas,2016-02-01,0,2,2,1,0,5
SAN PABLO DE LIPEZ,"anticoncepcion, prevencion de its y de cancer de cuello uterino",inyectable trimestral: usuarias nuevas,2016-02-01,0,1,3,0,0,4
SAN PEDRO,"anticoncepcion, prevencion de its y de cancer de cuello uterino",inyectable trimestral: usuarias nuevas,2016-02-01,0,2,4,0,0,6
SAN PEDRO DE BUENA VISTA,"anticoncepcion, prevencion de its y de cancer de cuello uterino",inyectable trimestral: usuarias nuevas,2016-02-01,0,2,17,6,0,25
SAN PEDRO DE CURAHUARA,"anticoncepcion, prevencion de its y de cancer de cuello uterino",inyectable trimestral: usuarias nuevas,2016-02-01,0,0,2,0,0,2
SAN PEDRO DE TIQUINA,"anticoncepcion, prevencion de its y de cancer de cuello uterino",inyectable trimestral: usuarias nuevas,2016-02-01,0,0,1,1,0,2
SAN PEDRO(PND),"anticoncepcion, prevencion de its y de cancer de cuello uterino",inyectable trimestral: usuarias nuevas,2016-02-01,1,0,0,0,0,1
SAN RAFAEL,"anticoncepcion, prevencion de its y de cancer de cuello uterino",inyectable trimestral: usuarias nuevas,2016-02-01,0,2,8,3,0,13
SAN RAMON SCZ,"anticoncepcion, prevencion de its y de cancer de cuello uterino",inyectable trimestral: usuarias nuevas,2016-02-01,0,0,2,1,0,3
SANTA ANA,"anticoncepcion, prevencion de its y de cancer de cuello uterino",inyectable trimestral: usuarias nuevas,2016-02-01,0,2,7,1,0,10
SANTA CRUZ DE LA SIERRA,"anticoncepcion, prevencion de its y de cancer de cuello uterino",inyectable trimestral: usuarias nuevas,2016-02-01,1,74,198,50,0,323
SANTA ROSA,"anticoncepcion, prevencion de its y de cancer de cuello uterino",inyectable trimestral: usuarias nuevas,2016-02-01,0,0,5,0,0,5
SANTA ROSA DEL SARA,"anticoncepcion, prevencion de its y de cancer de cuello uterino",inyectable trimestral: usuarias nuevas,2016-02-01,0,2,6,1,0,9
SANTIAGO DE HUARI,"anticoncepcion, prevencion de its y de cancer de cuello uterino",inyectable trimestral: usuarias nuevas,2016-02-01,0,0,6,2,0,8
SANTIAGO DE HUATA,"anticoncepcion, prevencion de its y de cancer de cuello uterino",inyectable trimestral: usuarias nuevas,2016-02-01,0,0,3,1,0,4
SANTIVAÃ‘ES,"anticoncepcion, prevencion de its y de cancer de cuello uterino",inyectable trimestral: usuarias nuevas,2016-02-01,0,0,2,0,0,2
SANTUARIO DE QUILLACAS,"anticoncepcion, prevencion de its y de cancer de cuello uterino",inyectable trimestral: usuarias nuevas,2016-02-01,0,1,5,1,0,7
SAPAHAQUI,"anticoncepcion, prevencion de its y de cancer de cuello uterino",inyectable trimestral: usuarias nuevas,2016-02-01,0,0,3,2,0,5
SENA,"anticoncepcion, prevencion de its y de cancer de cuello uterino",inyectable trimestral: usuarias nuevas,2016-02-01,0,2,3,2,0,7
SHINAOTA,"anticoncepcion, prevencion de its y de cancer de cuello uterino",inyectable trimestral: usuarias nuevas,2016-02-01,0,0,3,1,0,4
SICA SICA (VILLA AROMA),"anticoncepcion, prevencion de its y de cancer de cuello uterino",inyectable trimestral: usuarias nuevas,2016-02-01,0,1,4,0,0,5
SICAYA,"anticoncepcion, prevencion de its y de cancer de cuello uterino",inyectable trimestral: usuarias nuevas,2016-02-01,0,1,5,4,0,10
SIPE SIPE,"anticoncepcion, prevencion de its y de cancer de cuello uterino",inyectable trimestral: usuarias nuevas,2016-02-01,0,7,22,3,0,32
SOPACHUY,"anticoncepcion, prevencion de its y de cancer de cuello uterino",inyectable trimestral: usuarias nuevas,2016-02-01,0,0,2,1,0,3
SORACACHI,"anticoncepcion, prevencion de its y de cancer de cuello uterino",inyectable trimestral: usuarias nuevas,2016-02-01,0,1,4,1,0,6
SORATA,"anticoncepcion, prevencion de its y de cancer de cuello uterino",inyectable trimestral: usuarias nuevas,2016-02-01,0,2,2,5,0,9
SUCRE,"anticoncepcion, prevencion de its y de cancer de cuello uterino",inyectable trimestral: usuarias nuevas,2016-02-01,0,13,56,13,0,82
TACACHI,"anticoncepcion, prevencion de its y de cancer de cuello uterino",inyectable trimestral: usuarias nuevas,2016-02-01,0,1,1,0,0,2
TACACOMA,"anticoncepcion, prevencion de its y de cancer de cuello uterino",inyectable trimestral: usuarias nuevas,2016-02-01,0,0,3,1,0,4
TACOBAMBA,"anticoncepcion, prevencion de its y de cancer de cuello uterino",inyectable trimestral: usuarias nuevas,2016-02-01,0,0,5,3,0,8
TACOPAYA,"anticoncepcion, prevencion de its y de cancer de cuello uterino",inyectable trimestral: usuarias nuevas,2016-02-01,0,0,0,2,0,2
TAPACARI,"anticoncepcion, prevencion de its y de cancer de cuello uterino",inyectable trimestral: usuarias nuevas,2016-02-01,0,5,5,4,0,14
TARABUCO,"anticoncepcion, prevencion de its y de cancer de cuello uterino",inyectable trimestral: usuarias nuevas,2016-02-01,0,1,3,0,0,4
TARACO,"anticoncepcion, prevencion de its y de cancer de cuello uterino",inyectable trimestral: usuarias nuevas,2016-02-01,0,0,2,1,0,3
TARATA,"anticoncepcion, prevencion de its y de cancer de cuello uterino",inyectable trimestral: usuarias nuevas,2016-02-01,0,0,6,0,0,6
TARIJA,"anticoncepcion, prevencion de its y de cancer de cuello uterino",inyectable trimestral: usuarias nuevas,2016-02-01,0,9,35,16,0,60
TARVITA,"anticoncepcion, prevencion de its y de cancer de cuello uterino",inyectable trimestral: usuarias nuevas,2016-02-01,0,2,8,5,0,15
TEOPONTE,"anticoncepcion, prevencion de its y de cancer de cuello uterino",inyectable trimestral: usuarias nuevas,2016-02-01,1,3,5,2,0,11
TIAWANACU,"anticoncepcion, prevencion de its y de cancer de cuello uterino",inyectable trimestral: usuarias nuevas,2016-02-01,0,2,2,1,0,5
TINGUIPAYA,"anticoncepcion, prevencion de its y de cancer de cuello uterino",inyectable trimestral: usuarias nuevas,2016-02-01,0,1,7,2,0,10
TIPUANI,"anticoncepcion, prevencion de its y de cancer de cuello uterino",inyectable trimestral: usuarias nuevas,2016-02-01,0,0,2,0,0,2
TIQUIPAYA,"anticoncepcion, prevencion de its y de cancer de cuello uterino",inyectable trimestral: usuarias nuevas,2016-02-01,1,4,32,3,0,40
TIRAQUE (CBBA),"anticoncepcion, prevencion de its y de cancer de cuello uterino",inyectable trimestral: usuarias nuevas,2016-02-01,0,1,9,3,0,13
TOCO,"anticoncepcion, prevencion de its y de cancer de cuello uterino",inyectable trimestral: usuarias nuevas,2016-02-01,0,2,9,1,0,12
TOLATA,"anticoncepcion, prevencion de its y de cancer de cuello uterino",inyectable trimestral: usuarias nuevas,2016-02-01,0,0,1,1,0,2
TOLEDO,"anticoncepcion, prevencion de its y de cancer de cuello uterino",inyectable trimestral: usuarias nuevas,2016-02-01,0,0,1,0,0,1
TOMAVE,"anticoncepcion, prevencion de its y de cancer de cuello uterino",inyectable trimestral: usuarias nuevas,2016-02-01,0,1,3,1,0,5
TOMINA,"anticoncepcion, prevencion de its y de cancer de cuello uterino",inyectable trimestral: usuarias nuevas,2016-02-01,0,2,10,1,0,13
TORO TORO,"anticoncepcion, prevencion de its y de cancer de cuello uterino",inyectable trimestral: usuarias nuevas,2016-02-01,0,3,8,1,0,12
TOTORA(CBBA),"anticoncepcion, prevencion de its y de cancer de cuello uterino",inyectable trimestral: usuarias nuevas,2016-02-01,0,2,9,2,0,13
TOTORA(ORR),"anticoncepcion, prevencion de its y de cancer de cuello uterino",inyectable trimestral: usuarias nuevas,2016-02-01,0,0,1,1,0,2
TRINIDAD,"anticoncepcion, prevencion de its y de cancer de cuello uterino",inyectable trimestral: usuarias nuevas,2016-02-01,0,10,23,5,0,38
TUPIZA,"anticoncepcion, prevencion de its y de cancer de cuello uterino",inyectable trimestral: usuarias nuevas,2016-02-01,0,8,25,8,0,41
UMALA,"anticoncepcion, prevencion de its y de cancer de cuello uterino",inyectable trimestral: usuarias nuevas,2016-02-01,0,0,5,0,0,5
UNCIA,"anticoncepcion, prevencion de its y de cancer de cuello uterino",inyectable trimestral: usuarias nuevas,2016-02-01,0,0,11,2,0,13
URIONDO (A. CONCEPCION),"anticoncepcion, prevencion de its y de cancer de cuello uterino",inyectable trimestral: usuarias nuevas,2016-02-01,0,2,5,1,0,8
URUBICHA,"anticoncepcion, prevencion de its y de cancer de cuello uterino",inyectable trimestral: usuarias nuevas,2016-02-01,0,0,4,2,0,6
UYUNI,"anticoncepcion, prevencion de its y de cancer de cuello uterino",inyectable trimestral: usuarias nuevas,2016-02-01,0,3,10,1,0,14
VACAS,"anticoncepcion, prevencion de its y de cancer de cuello uterino",inyectable trimestral: usuarias nuevas,2016-02-01,0,0,2,0,0,2
VALLEGRANDE,"anticoncepcion, prevencion de its y de cancer de cuello uterino",inyectable trimestral: usuarias nuevas,2016-02-01,0,2,5,2,0,9
VIACHA,"anticoncepcion, prevencion de its y de cancer de cuello uterino",inyectable trimestral: usuarias nuevas,2016-02-01,0,2,17,3,0,22
VILA VILA,"anticoncepcion, prevencion de its y de cancer de cuello uterino",inyectable trimestral: usuarias nuevas,2016-02-01,0,0,3,1,0,4
VILLA CHARCAS,"anticoncepcion, prevencion de its y de cancer de cuello uterino",inyectable trimestral: usuarias nuevas,2016-02-01,0,1,7,3,0,11
VILLA MONTES,"anticoncepcion, prevencion de its y de cancer de cuello uterino",inyectable trimestral: usuarias nuevas,2016-02-01,0,7,10,5,0,22
VILLA RIVERO,"anticoncepcion, prevencion de its y de cancer de cuello uterino",inyectable trimestral: usuarias nuevas,2016-02-01,0,2,8,2,0,12
VILLA SERRANO,"anticoncepcion, prevencion de its y de cancer de cuello uterino",inyectable trimestral: usuarias nuevas,2016-02-01,0,1,3,2,0,6
VILLA TUNARI,"anticoncepcion, prevencion de its y de cancer de cuello uterino",inyectable trimestral: usuarias nuevas,2016-02-01,0,25,57,30,1,113
VILLA VACA GUZMAN (MUYUPAMPA),"anticoncepcion, prevencion de its y de cancer de cuello uterino",inyectable trimestral: usuarias nuevas,2016-02-01,0,2,2,2,0,6
VILLAZON,"anticoncepcion, prevencion de its y de cancer de cuello uterino",inyectable trimestral: usuarias nuevas,2016-02-01,0,0,10,1,0,11
VINTO,"anticoncepcion, prevencion de its y de cancer de cuello uterino",inyectable trimestral: usuarias nuevas,2016-02-01,0,12,51,3,0,66
VITICHI,"anticoncepcion, prevencion de its y de cancer de cuello uterino",inyectable trimestral: usuarias nuevas,2016-02-01,0,0,2,1,0,3
WARNES,"anticoncepcion, prevencion de its y de cancer de cuello uterino",inyectable trimestral: usuarias nuevas,2016-02-01,2,22,35,4,0,63
YACO,"anticoncepcion, prevencion de its y de cancer de cuello uterino",inyectable trimestral: usuarias nuevas,2016-02-01,0,2,1,1,0,4
YACUIBA,"anticoncepcion, prevencion de its y de cancer de cuello uterino",inyectable trimestral: usuarias nuevas,2016-02-01,0,1,19,5,0,25
YAMPARAEZ,"anticoncepcion, prevencion de its y de cancer de cuello uterino",inyectable trimestral: usuarias nuevas,2016-02-01,0,1,4,3,0,8
YANACACHI,"anticoncepcion, prevencion de its y de cancer de cuello uterino",inyectable trimestral: usuarias nuevas,2016-02-01,0,1,2,1,0,4
YAPACANI,"anticoncepcion, prevencion de its y de cancer de cuello uterino",inyectable trimestral: usuarias nuevas,2016-02-01,0,8,27,4,0,39
YOCALLA,"anticoncepcion, prevencion de its y de cancer de cuello uterino",inyectable trimestral: usuarias nuevas,2016-02-01,0,0,2,0,0,2
YOTALA,"anticoncepcion, prevencion de its y de cancer de cuello uterino",inyectable trimestral: usuarias nuevas,2016-02-01,0,0,2,2,0,4
YUNCHARA,"anticoncepcion, prevencion de its y de cancer de cuello uterino",inyectable trimestral: usuarias nuevas,2016-02-01,0,2,0,0,0,2
YUNGUYO DE LITORAL,"anticoncepcion, prevencion de its y de cancer de cuello uterino",inyectable trimestral: usuarias nuevas,2016-02-01,0,1,0,0,0,1
ZUDAÃ‘EZ,"anticoncepcion, prevencion de its y de cancer de cuello uterino",inyectable trimestral: usuarias nuevas,2016-02-01,0,0,3,0,0,3
ACACIO,"anticoncepcion, prevencion de its y de cancer de cuello uterino",inyectable trimestral: usuarias nuevas,2016-03-01,0,0,1,0,0,1
ACHACACHI,"anticoncepcion, prevencion de its y de cancer de cuello uterino",inyectable trimestral: usuarias nuevas,2016-03-01,0,3,16,5,0,24
ACHOCALLA,"anticoncepcion, prevencion de its y de cancer de cuello uterino",inyectable trimestral: usuarias nuevas,2016-03-01,0,1,12,3,0,16
AIQUILE,"anticoncepcion, prevencion de its y de cancer de cuello uterino",inyectable trimestral: usuarias nuevas,2016-03-01,0,1,17,7,0,25
ALALAY,"anticoncepcion, prevencion de its y de cancer de cuello uterino",inyectable trimestral: usuarias nuevas,2016-03-01,0,2,3,2,0,7
ALTO BENI,"anticoncepcion, prevencion de its y de cancer de cuello uterino",inyectable trimestral: usuarias nuevas,2016-03-01,0,3,5,1,0,9
ANCORAIMES,"anticoncepcion, prevencion de its y de cancer de cuello uterino",inyectable trimestral: usuarias nuevas,2016-03-01,0,0,4,2,0,6
ANDAMARCA,"anticoncepcion, prevencion de its y de cancer de cuello uterino",inyectable trimestral: usuarias nuevas,2016-03-01,0,1,0,0,0,1
ANTEQUERA,"anticoncepcion, prevencion de its y de cancer de cuello uterino",inyectable trimestral: usuarias nuevas,2016-03-01,0,0,6,3,0,9
ANZALDO,"anticoncepcion, prevencion de its y de cancer de cuello uterino",inyectable trimestral: usuarias nuevas,2016-03-01,0,2,1,0,0,3
APOLO,"anticoncepcion, prevencion de its y de cancer de cuello uterino",inyectable trimestral: usuarias nuevas,2016-03-01,0,0,9,4,0,13
ARAMPAMPA,"anticoncepcion, prevencion de its y de cancer de cuello uterino",inyectable trimestral: usuarias nuevas,2016-03-01,0,0,3,0,0,3
ARANI,"anticoncepcion, prevencion de its y de cancer de cuello uterino",inyectable trimestral: usuarias nuevas,2016-03-01,0,1,2,2,0,5
ARBIETO,"anticoncepcion, prevencion de its y de cancer de cuello uterino",inyectable trimestral: usuarias nuevas,2016-03-01,0,3,16,6,0,25
ARQUE,"anticoncepcion, prevencion de its y de cancer de cuello uterino",inyectable trimestral: usuarias nuevas,2016-03-01,0,1,2,5,0,8
ASCENCION DE GUARAYOS,"anticoncepcion, prevencion de its y de cancer de cuello uterino",inyectable trimestral: usuarias nuevas,2016-03-01,0,8,29,6,0,43
ATOCHA,"anticoncepcion, prevencion de its y de cancer de cuello uterino",inyectable trimestral: usuarias nuevas,2016-03-01,0,1,7,3,0,11
AUCAPATA,"anticoncepcion, prevencion de its y de cancer de cuello uterino",inyectable trimestral: usuarias nuevas,2016-03-01,0,0,1,1,0,2
AYATA,"anticoncepcion, prevencion de its y de cancer de cuello uterino",inyectable trimestral: usuarias nuevas,2016-03-01,0,1,3,4,0,8
AYOPAYA (V. DE INDEPENDENCIA),"anticoncepcion, prevencion de its y de cancer de cuello uterino",inyectable trimestral: usuarias nuevas,2016-03-01,0,2,11,5,0,18
AZURDUY,"anticoncepcion, prevencion de its y de cancer de cuello uterino",inyectable trimestral: usuarias nuevas,2016-03-01,0,4,12,6,0,22
BATALLAS,"anticoncepcion, prevencion de its y de cancer de cuello uterino",inyectable trimestral: usuarias nuevas,2016-03-01,0,0,4,2,0,6
BELEN DE URMIRI,"anticoncepcion, prevencion de its y de cancer de cuello uterino",inyectable trimestral: usuarias nuevas,2016-03-01,0,0,6,1,0,7
BELLA FLOR,"anticoncepcion, prevencion de its y de cancer de cuello uterino",inyectable trimestral: usuarias nuevas,2016-03-01,0,0,0,1,0,1
BERMEJO,"anticoncepcion, prevencion de its y de cancer de cuello uterino",inyectable trimestral: usuarias nuevas,2016-03-01,0,2,16,2,0,20
BETANZOS,"anticoncepcion, prevencion de its y de cancer de cuello uterino",inyectable trimestral: usuarias nuevas,2016-03-01,0,2,13,4,0,19
BOLIVAR,"anticoncepcion, prevencion de its y de cancer de cuello uterino",inyectable trimestral: usuarias nuevas,2016-03-01,0,0,1,0,0,1
BOLPEBRA,"anticoncepcion, prevencion de its y de cancer de cuello uterino",inyectable trimestral: usuarias nuevas,2016-03-01,1,0,0,0,0,1
BOYUIBE,"anticoncepcion, prevencion de its y de cancer de cuello uterino",inyectable trimestral: usuarias nuevas,2016-03-01,0,0,2,2,0,4
BUENA VISTA,"anticoncepcion, prevencion de its y de cancer de cuello uterino",inyectable trimestral: usuarias nuevas,2016-03-01,1,2,2,0,0,5
CABEZAS,"anticoncepcion, prevencion de its y de cancer de cuello uterino",inyectable trimestral: usuarias nuevas,2016-03-01,0,5,10,12,0,27
CAIROMA,"anticoncepcion, prevencion de its y de cancer de cuello uterino",inyectable trimestral: usuarias nuevas,2016-03-01,0,1,4,2,0,7
"CAIZA ""D""","anticoncepcion, prevencion de its y de cancer de cuello uterino",inyectable trimestral: usuarias nuevas,2016-03-01,0,0,5,5,0,10
CAJUATA,"anticoncepcion, prevencion de its y de cancer de cuello uterino",inyectable trimestral: usuarias nuevas,2016-03-01,0,3,11,2,0,16
CALACOTO,"anticoncepcion, prevencion de its y de cancer de cuello uterino",inyectable trimestral: usuarias nuevas,2016-03-01,0,1,1,0,0,2
CALAMARCA,"anticoncepcion, prevencion de its y de cancer de cuello uterino",inyectable trimestral: usuarias nuevas,2016-03-01,0,1,8,1,0,10
CAMARGO,"anticoncepcion, prevencion de its y de cancer de cuello uterino",inyectable trimestral: usuarias nuevas,2016-03-01,0,1,4,5,1,11
CAMATAQUI (C. VILLA ABECIA),"anticoncepcion, prevencion de its y de cancer de cuello uterino",inyectable trimestral: usuarias nuevas,2016-03-01,0,0,2,2,0,4
CAMIRI,"anticoncepcion, prevencion de its y de cancer de cuello uterino",inyectable trimestral: usuarias nuevas,2016-03-01,0,1,4,1,0,6
CAPINOTA,"anticoncepcion, prevencion de its y de cancer de cuello uterino",inyectable trimestral: usuarias nuevas,2016-03-01,0,1,10,5,0,16
CAQUIAVIRI,"anticoncepcion, prevencion de its y de cancer de cuello uterino",inyectable trimestral: usuarias nuevas,2016-03-01,0,0,1,0,0,1
CARACOLLO,"anticoncepcion, prevencion de its y de cancer de cuello uterino",inyectable trimestral: usuarias nuevas,2016-03-01,0,1,2,1,0,4
CARANAVI,"anticoncepcion, prevencion de its y de cancer de cuello uterino",inyectable trimestral: usuarias nuevas,2016-03-01,0,6,13,12,0,31
CARAPARI,"anticoncepcion, prevencion de its y de cancer de cuello uterino",inyectable trimestral: usuarias nuevas,2016-03-01,0,2,3,2,0,7
CARIPUYO,"anticoncepcion, prevencion de its y de cancer de cuello uterino",inyectable trimestral: usuarias nuevas,2016-03-01,0,0,3,3,0,6
CARMEN RIVERO TORREZ,"anticoncepcion, prevencion de its y de cancer de cuello uterino",inyectable trimestral: usuarias nuevas,2016-03-01,0,1,6,0,0,7
CHALLAPATA,"anticoncepcion, prevencion de its y de cancer de cuello uterino",inyectable trimestral: usuarias nuevas,2016-03-01,0,3,22,5,0,30
CHAQUI,"anticoncepcion, prevencion de its y de cancer de cuello uterino",inyectable trimestral: usuarias nuevas,2016-03-01,0,1,3,0,0,4
CHARAGUA,"anticoncepcion, prevencion de its y de cancer de cuello uterino",inyectable trimestral: usuarias nuevas,2016-03-01,0,0,13,3,0,16
CHARAÃ‘A,"anticoncepcion, prevencion de its y de cancer de cuello uterino",inyectable trimestral: usuarias nuevas,2016-03-01,0,0,2,0,0,2
CHAYANTA,"anticoncepcion, prevencion de its y de cancer de cuello uterino",inyectable trimestral: usuarias nuevas,2016-03-01,0,0,2,2,0,4
CHIMORE,"anticoncepcion, prevencion de its y de cancer de cuello uterino",inyectable trimestral: usuarias nuevas,2016-03-01,1,6,13,2,0,22
CHIPAYA,"anticoncepcion, prevencion de its y de cancer de cuello uterino",inyectable trimestral: usuarias nuevas,2016-03-01,0,1,1,0,0,2
CHOQUE COTA,"anticoncepcion, prevencion de its y de cancer de cuello uterino",inyectable trimestral: usuarias nuevas,2016-03-01,0,0,1,0,0,1
CHUA COCANI,"anticoncepcion, prevencion de its y de cancer de cuello uterino",inyectable trimestral: usuarias nuevas,2016-03-01,0,1,1,1,0,3
CHULUMANI (V. DE LA LIBERTAD),"anticoncepcion, prevencion de its y de cancer de cuello uterino",inyectable trimestral: usuarias nuevas,2016-03-01,0,2,9,2,0,13
CHUMA,"anticoncepcion, prevencion de its y de cancer de cuello uterino",inyectable trimestral: usuarias nuevas,2016-03-01,0,1,4,1,0,6
CHUQUIHUTA AYLLU JUCUMANI,"anticoncepcion, prevencion de its y de cancer de cuello uterino",inyectable trimestral: usuarias nuevas,2016-03-01,0,1,3,3,0,7
CKOCHAS,"anticoncepcion, prevencion de its y de cancer de cuello uterino",inyectable trimestral: usuarias nuevas,2016-03-01,0,0,4,1,0,5
CLIZA,"anticoncepcion, prevencion de its y de cancer de cuello uterino",inyectable trimestral: usuarias nuevas,2016-03-01,0,4,6,3,0,13
COBIJA,"anticoncepcion, prevencion de its y de cancer de cuello uterino",inyectable trimestral: usuarias nuevas,2016-03-01,1,6,13,2,0,22
COCAPATA,"anticoncepcion, prevencion de its y de cancer de cuello uterino",inyectable trimestral: usuarias nuevas,2016-03-01,0,2,9,4,0,15
COCHABAMBA,"anticoncepcion, prevencion de its y de cancer de cuello uterino",inyectable trimestral: usuarias nuevas,2016-03-01,0,15,97,27,0,139
COIPASA,"anticoncepcion, prevencion de its y de cancer de cuello uterino",inyectable trimestral: usuarias nuevas,2016-03-01,0,0,0,1,0,1
COLCAPIRHUA,"anticoncepcion, prevencion de its y de cancer de cuello uterino",inyectable trimestral: usuarias nuevas,2016-03-01,0,1,10,0,0,11
"COLCHA ""K""","anticoncepcion, prevencion de its y de cancer de cuello uterino",inyectable trimestral: usuarias nuevas,2016-03-01,0,4,3,1,0,8
COLLANA,"anticoncepcion, prevencion de its y de cancer de cuello uterino",inyectable trimestral: usuarias nuevas,2016-03-01,0,0,0,1,0,1
COLOMI,"anticoncepcion, prevencion de its y de cancer de cuello uterino",inyectable trimestral: usuarias nuevas,2016-03-01,0,0,7,0,0,7
COLPA BELGICA,"anticoncepcion, prevencion de its y de cancer de cuello uterino",inyectable trimestral: usuarias nuevas,2016-03-01,0,1,0,0,0,1
COLQUECHACA,"anticoncepcion, prevencion de its y de cancer de cuello uterino",inyectable trimestral: usuarias nuevas,2016-03-01,0,2,2,4,0,8
COLQUENCHA,"anticoncepcion, prevencion de its y de cancer de cuello uterino",inyectable trimestral: usuarias nuevas,2016-03-01,0,0,4,0,0,4
COLQUIRI,"anticoncepcion, prevencion de its y de cancer de cuello uterino",inyectable trimestral: usuarias nuevas,2016-03-01,0,2,13,4,0,19
COMANCHE,"anticoncepcion, prevencion de its y de cancer de cuello uterino",inyectable trimestral: usuarias nuevas,2016-03-01,0,0,1,0,0,1
COMARAPA,"anticoncepcion, prevencion de its y de cancer de cuello uterino",inyectable trimestral: usuarias nuevas,2016-03-01,0,8,12,0,0,20
COMBAYA,"anticoncepcion, prevencion de its y de cancer de cuello uterino",inyectable trimestral: usuarias nuevas,2016-03-01,0,1,1,1,0,3
CONCEPCION,"anticoncepcion, prevencion de its y de cancer de cuello uterino",inyectable trimestral: usuarias nuevas,2016-03-01,0,1,4,5,0,10
COPACABANA,"anticoncepcion, prevencion de its y de cancer de cuello uterino",inyectable trimestral: usuarias nuevas,2016-03-01,0,0,1,0,0,1
CORIPATA,"anticoncepcion, prevencion de its y de cancer de cuello uterino",inyectable trimestral: usuarias nuevas,2016-03-01,0,1,4,2,0,7
CORO CORO,"anticoncepcion, prevencion de its y de cancer de cuello uterino",inyectable trimestral: usuarias nuevas,2016-03-01,0,0,3,0,0,3
COROICO,"anticoncepcion, prevencion de its y de cancer de cuello uterino",inyectable trimestral: usuarias nuevas,2016-03-01,0,1,3,1,0,5
CORQUE,"anticoncepcion, prevencion de its y de cancer de cuello uterino",inyectable trimestral: usuarias nuevas,2016-03-01,0,1,3,1,0,5
COTAGAITA,"anticoncepcion, prevencion de its y de cancer de cuello uterino",inyectable trimestral: usuarias nuevas,2016-03-01,2,2,30,10,1,45
COTOCA,"anticoncepcion, prevencion de its y de cancer de cuello uterino",inyectable trimestral: usuarias nuevas,2016-03-01,0,10,27,5,0,42
CUATRO CAÃ‘ADAS,"anticoncepcion, prevencion de its y de cancer de cuello uterino",inyectable trimestral: usuarias nuevas,2016-03-01,0,6,9,4,0,19
CUCHUMUELA (V. G. VILLARROEL),"anticoncepcion, prevencion de its y de cancer de cuello uterino",inyectable trimestral: usuarias nuevas,2016-03-01,0,1,0,1,0,2
CUEVO,"anticoncepcion, prevencion de its y de cancer de cuello uterino",inyectable trimestral: usuarias nuevas,2016-03-01,0,0,2,1,0,3
CULPINA,"anticoncepcion, prevencion de its y de cancer de cuello uterino",inyectable trimestral: usuarias nuevas,2016-03-01,0,3,10,7,0,20
CURAHUARA DE CARANGAS,"anticoncepcion, prevencion de its y de cancer de cuello uterino",inyectable trimestral: usuarias nuevas,2016-03-01,0,0,3,3,0,6
CURVA,"anticoncepcion, prevencion de its y de cancer de cuello uterino",inyectable trimestral: usuarias nuevas,2016-03-01,0,0,1,1,0,2
DESAGUADERO,"anticoncepcion, prevencion de its y de cancer de cuello uterino",inyectable trimestral: usuarias nuevas,2016-03-01,0,0,3,3,0,6
EL ALTO,"anticoncepcion, prevencion de its y de cancer de cuello uterino",inyectable trimestral: usuarias nuevas,2016-03-01,0,28,254,82,0,364
EL CHORO,"anticoncepcion, prevencion de its y de cancer de cuello uterino",inyectable trimestral: usuarias nuevas,2016-03-01,0,0,2,1,0,3
EL PUENTE(STC),"anticoncepcion, prevencion de its y de cancer de cuello uterino",inyectable trimestral: usuarias nuevas,2016-03-01,0,3,6,1,0,10
EL PUENTE(TJA),"anticoncepcion, prevencion de its y de cancer de cuello uterino",inyectable trimestral: usuarias nuevas,2016-03-01,0,0,2,6,0,8
EL TORNO,"anticoncepcion, prevencion de its y de cancer de cuello uterino",inyectable trimestral: usuarias nuevas,2016-03-01,3,9,16,6,0,34
EL VILLAR,"anticoncepcion, prevencion de its y de cancer de cuello uterino",inyectable trimestral: usuarias nuevas,2016-03-01,0,1,1,0,0,2
ENTRE RIOS TRJ,"anticoncepcion, prevencion de its y de cancer de cuello uterino",inyectable trimestral: usuarias nuevas,2016-03-01,0,7,14,6,0,27
ENTRE RIOS CBBA,"anticoncepcion, prevencion de its y de cancer de cuello uterino",inyectable trimestral: usuarias nuevas,2016-03-01,0,8,14,4,0,26
ESCARA,"anticoncepcion, prevencion de its y de cancer de cuello uterino",inyectable trimestral: usuarias nuevas,2016-03-01,0,1,3,0,0,4
EUCALIPTUS,"anticoncepcion, prevencion de its y de cancer de cuello uterino",inyectable trimestral: usuarias nuevas,2016-03-01,0,1,1,0,0,2
EUREKA (SANTOS MERCADO),"anticoncepcion, prevencion de its y de cancer de cuello uterino",inyectable trimestral: usuarias nuevas,2016-03-01,0,1,0,0,0,1
EXALTACION,"anticoncepcion, prevencion de its y de cancer de cuello uterino",inyectable trimestral: usuarias nuevas,2016-03-01,0,0,1,0,0,1
FERNANDEZ ALONSO,"anticoncepcion, prevencion de its y de cancer de cuello uterino",inyectable trimestral: usuarias nuevas,2016-03-01,0,4,8,2,1,15
FILADELFIA,"anticoncepcion, prevencion de its y de cancer de cuello uterino",inyectable trimestral: usuarias nuevas,2016-03-01,0,2,6,1,0,9
GENERAL SAAVEDRA,"anticoncepcion, prevencion de its y de cancer de cuello uterino",inyectable trimestral: usuarias nuevas,2016-03-01,0,3,8,2,0,13
GRAL. J.J. PEREZ (CHARAZANI),"anticoncepcion, prevencion de its y de cancer de cuello uterino",inyectable trimestral: usuarias nuevas,2016-03-01,0,0,5,0,0,5
GUANAY,"anticoncepcion, prevencion de its y de cancer de cuello uterino",inyectable trimestral: usuarias nuevas,2016-03-01,0,1,9,1,0,11
GUAQUI,"anticoncepcion, prevencion de its y de cancer de cuello uterino",inyectable trimestral: usuarias nuevas,2016-03-01,0,1,0,0,0,1
GUAYARAMERIN,"anticoncepcion, prevencion de its y de cancer de cuello uterino",inyectable trimestral: usuarias nuevas,2016-03-01,1,4,21,3,0,29
GUTIERREZ,"anticoncepcion, prevencion de its y de cancer de cuello uterino",inyectable trimestral: usuarias nuevas,2016-03-01,0,0,1,4,0,5
HUACARETA,"anticoncepcion, prevencion de its y de cancer de cuello uterino",inyectable trimestral: usuarias nuevas,2016-03-01,0,4,4,0,0,8
HUACAYA (VILLA DE HUACAYA),"anticoncepcion, prevencion de its y de cancer de cuello uterino",inyectable trimestral: usuarias nuevas,2016-03-01,0,0,6,0,0,6
HUACHACALLA,"anticoncepcion, prevencion de its y de cancer de cuello uterino",inyectable trimestral: usuarias nuevas,2016-03-01,0,0,1,2,0,3
HUANUNI,"anticoncepcion, prevencion de its y de cancer de cuello uterino",inyectable trimestral: usuarias nuevas,2016-03-01,0,0,4,1,0,5
HUARACAJE,"anticoncepcion, prevencion de its y de cancer de cuello uterino",inyectable trimestral: usuarias nuevas,2016-03-01,0,1,4,0,1,6
HUARINA,"anticoncepcion, prevencion de its y de cancer de cuello uterino",inyectable trimestral: usuarias nuevas,2016-03-01,0,2,1,1,0,4
HUATAJATA,"anticoncepcion, prevencion de its y de cancer de cuello uterino",inyectable trimestral: usuarias nuevas,2016-03-01,0,0,1,0,0,1
HUMANATA,"anticoncepcion, prevencion de its y de cancer de cuello uterino",inyectable trimestral: usuarias nuevas,2016-03-01,0,2,0,0,0,2
ICLA,"anticoncepcion, prevencion de its y de cancer de cuello uterino",inyectable trimestral: usuarias nuevas,2016-03-01,0,1,1,1,0,3
INCAHUASI,"anticoncepcion, prevencion de its y de cancer de cuello uterino",inyectable trimestral: usuarias nuevas,2016-03-01,0,0,4,3,0,7
INGAVI (HUMAITA),"anticoncepcion, prevencion de its y de cancer de cuello uterino",inyectable trimestral: usuarias nuevas,2016-03-01,0,0,2,0,0,2
INQUISIVI,"anticoncepcion, prevencion de its y de cancer de cuello uterino",inyectable trimestral: usuarias nuevas,2016-03-01,0,2,6,1,0,9
IRUPANA (VILLA DE LANZA),"anticoncepcion, prevencion de its y de cancer de cuello uterino",inyectable trimestral: usuarias nuevas,2016-03-01,0,3,8,2,0,13
IXIAMAS,"anticoncepcion, prevencion de its y de cancer de cuello uterino",inyectable trimestral: usuarias nuevas,2016-03-01,0,2,3,0,0,5
JESUS DE MACHACA,"anticoncepcion, prevencion de its y de cancer de cuello uterino",inyectable trimestral: usuarias nuevas,2016-03-01,0,0,2,2,0,4
LA ASUNTA,"anticoncepcion, prevencion de its y de cancer de cuello uterino",inyectable trimestral: usuarias nuevas,2016-03-01,0,1,19,4,0,24
LA GUARDIA,"anticoncepcion, prevencion de its y de cancer de cuello uterino",inyectable trimestral: usuarias nuevas,2016-03-01,0,11,36,2,0,49
LA PAZ,"anticoncepcion, prevencion de its y de cancer de cuello uterino",inyectable trimestral: usuarias nuevas,2016-03-01,0,24,166,40,1,231
LAGUNILLAS,"anticoncepcion, prevencion de its y de cancer de cuello uterino",inyectable trimestral: usuarias nuevas,2016-03-01,0,0,2,4,0,6
LAJA,"anticoncepcion, prevencion de its y de cancer de cuello uterino",inyectable trimestral: usuarias nuevas,2016-03-01,0,0,5,1,0,6
LAS CARRERAS,"anticoncepcion, prevencion de its y de cancer de cuello uterino",inyectable trimestral: usuarias nuevas,2016-03-01,0,0,1,0,0,1
LLALLAGUA,"anticoncepcion, prevencion de its y de cancer de cuello uterino",inyectable trimestral: usuarias nuevas,2016-03-01,0,1,23,5,0,29
LLICA,"anticoncepcion, prevencion de its y de cancer de cuello uterino",inyectable trimestral: usuarias nuevas,2016-03-01,0,1,7,0,0,8
LORETO,"anticoncepcion, prevencion de its y de cancer de cuello uterino",inyectable trimestral: usuarias nuevas,2016-03-01,0,1,2,0,0,3
LURIBAY,"anticoncepcion, prevencion de its y de cancer de cuello uterino",inyectable trimestral: usuarias nuevas,2016-03-01,0,1,4,1,0,6
MACHARETI,"anticoncepcion, prevencion de its y de cancer de cuello uterino",inyectable trimestral: usuarias nuevas,2016-03-01,0,4,5,1,0,10
MAGDALENA,"anticoncepcion, prevencion de its y de cancer de cuello uterino",inyectable trimestral: usuarias nuevas,2016-03-01,0,2,3,0,0,5
MAIRANA,"anticoncepcion, prevencion de its y de cancer de cuello uterino",inyectable trimestral: usuarias nuevas,2016-03-01,0,1,2,1,0,4
MALLA,"anticoncepcion, prevencion de its y de cancer de cuello uterino",inyectable trimestral: usuarias nuevas,2016-03-01,0,0,2,4,0,6
MAPIRI,"anticoncepcion, prevencion de its y de cancer de cuello uterino",inyectable trimestral: usuarias nuevas,2016-03-01,1,4,10,1,0,16
MECAPACA,"anticoncepcion, prevencion de its y de cancer de cuello uterino",inyectable trimestral: usuarias nuevas,2016-03-01,0,0,5,2,0,7
MINEROS,"anticoncepcion, prevencion de its y de cancer de cuello uterino",inyectable trimestral: usuarias nuevas,2016-03-01,0,5,10,1,0,16
MIZQUE,"anticoncepcion, prevencion de its y de cancer de cuello uterino",inyectable trimestral: usuarias nuevas,2016-03-01,0,7,10,4,0,21
MOCOMOCO,"anticoncepcion, prevencion de its y de cancer de cuello uterino",inyectable trimestral: usuarias nuevas,2016-03-01,0,1,2,0,0,3
MOJOCOYA,"anticoncepcion, prevencion de its y de cancer de cuello uterino",inyectable trimestral: usuarias nuevas,2016-03-01,0,1,3,3,0,7
MONTEAGUDO,"anticoncepcion, prevencion de its y de cancer de cuello uterino",inyectable trimestral: usuarias nuevas,2016-03-01,1,3,16,3,0,23
MONTERO,"anticoncepcion, prevencion de its y de cancer de cuello uterino",inyectable trimestral: usuarias nuevas,2016-03-01,1,16,53,13,0,83
MORO MORO,"anticoncepcion, prevencion de its y de cancer de cuello uterino",inyectable trimestral: usuarias nuevas,2016-03-01,0,1,0,0,0,1
MOROCHATA,"anticoncepcion, prevencion de its y de cancer de cuello uterino",inyectable trimestral: usuarias nuevas,2016-03-01,2,1,8,3,0,14
NACEBE (SANTA ROSA DEL ABUNA),"anticoncepcion, prevencion de its y de cancer de cuello uterino",inyectable trimestral: usuarias nuevas,2016-03-01,0,2,2,0,0,4
NAZACARA DE PACAJES,"anticoncepcion, prevencion de its y de cancer de cuello uterino",inyectable trimestral: usuarias nuevas,2016-03-01,0,0,0,1,0,1
NUEVO MANOA (NUEVA ESPERANZA),"anticoncepcion, prevencion de its y de cancer de cuello uterino",inyectable trimestral: usuarias nuevas,2016-03-01,0,0,4,0,0,4
OCURI,"anticoncepcion, prevencion de its y de cancer de cuello uterino",inyectable trimestral: usuarias nuevas,2016-03-01,0,3,8,6,0,17
OKINAWA,"anticoncepcion, prevencion de its y de cancer de cuello uterino",inyectable trimestral: usuarias nuevas,2016-03-01,0,1,4,0,0,5
OMEREQUE,"anticoncepcion, prevencion de its y de cancer de cuello uterino",inyectable trimestral: usuarias nuevas,2016-03-01,0,3,1,0,0,4
ORURO,"anticoncepcion, prevencion de its y de cancer de cuello uterino",inyectable trimestral: usuarias nuevas,2016-03-01,1,13,78,17,0,109
PADCAYA,"anticoncepcion, prevencion de its y de cancer de cuello uterino",inyectable trimestral: usuarias nuevas,2016-03-01,0,3,7,1,0,11
PADILLA,"anticoncepcion, prevencion de its y de cancer de cuello uterino",inyectable trimestral: usuarias nuevas,2016-03-01,0,2,8,5,0,15
PAILON,"anticoncepcion, prevencion de its y de cancer de cuello uterino",inyectable trimestral: usuarias nuevas,2016-03-01,0,3,6,2,0,11
PALCA,"anticoncepcion, prevencion de its y de cancer de cuello uterino",inyectable trimestral: usuarias nuevas,2016-03-01,0,1,10,3,0,14
PALOS BLANCOS,"anticoncepcion, prevencion de its y de cancer de cuello uterino",inyectable trimestral: usuarias nuevas,2016-03-01,0,7,10,4,0,21
PAMPA AULLAGAS,"anticoncepcion, prevencion de its y de cancer de cuello uterino",inyectable trimestral: usuarias nuevas,2016-03-01,0,0,1,0,0,1
PAMPA GRANDE,"anticoncepcion, prevencion de its y de cancer de cuello uterino",inyectable trimestral: usuarias nuevas,2016-03-01,0,2,4,1,0,7
PAPEL PAMPA,"anticoncepcion, prevencion de its y de cancer de cuello uterino",inyectable trimestral: usuarias nuevas,2016-03-01,0,0,1,0,0,1
PASORAPA,"anticoncepcion, prevencion de its y de cancer de cuello uterino",inyectable trimestral: usuarias nuevas,2016-03-01,0,1,0,1,0,2
PATACAMAYA,"anticoncepcion, prevencion de its y de cancer de cuello uterino",inyectable trimestral: usuarias nuevas,2016-03-01,0,0,7,1,0,8
PAZÃ‘A,"anticoncepcion, prevencion de its y de cancer de cuello uterino",inyectable trimestral: usuarias nuevas,2016-03-01,0,1,1,0,0,2
PELECHUCO,"anticoncepcion, prevencion de its y de cancer de cuello uterino",inyectable trimestral: usuarias nuevas,2016-03-01,0,1,0,0,0,1
POCOATA,"anticoncepcion, prevencion de its y de cancer de cuello uterino",inyectable trimestral: usuarias nuevas,2016-03-01,0,2,7,7,0,16
POCONA,"anticoncepcion, prevencion de its y de cancer de cuello uterino",inyectable trimestral: usuarias nuevas,2016-03-01,0,2,8,5,0,15
POJO (CBBA),"anticoncepcion, prevencion de its y de cancer de cuello uterino",inyectable trimestral: usuarias nuevas,2016-03-01,0,4,4,1,0,9
POOPO,"anticoncepcion, prevencion de its y de cancer de cuello uterino",inyectable trimestral: usuarias nuevas,2016-03-01,0,0,0,1,0,1
PORCO,"anticoncepcion, prevencion de its y de cancer de cuello uterino",inyectable trimestral: usuarias nuevas,2016-03-01,1,4,13,3,0,21
POROMA,"anticoncepcion, prevencion de its y de cancer de cuello uterino",inyectable trimestral: usuarias nuevas,2016-03-01,0,1,6,4,0,11
PORTACHUELO,"anticoncepcion, prevencion de its y de cancer de cuello uterino",inyectable trimestral: usuarias nuevas,2016-03-01,0,7,1,0,0,8
PORVENIR,"anticoncepcion, prevencion de its y de cancer de cuello uterino",inyectable trimestral: usuarias nuevas,2016-03-01,0,0,2,0,0,2
POTOSI,"anticoncepcion, prevencion de its y de cancer de cuello uterino",inyectable trimestral: usuarias nuevas,2016-03-01,1,15,114,36,0,166
PRESTO,"anticoncepcion, prevencion de its y de cancer de cuello uterino",inyectable trimestral: usuarias nuevas,2016-03-01,0,0,8,2,0,10
PUCARANI,"anticoncepcion, prevencion de its y de cancer de cuello uterino",inyectable trimestral: usuarias nuevas,2016-03-01,0,3,4,1,0,8
PUERTO ACOSTA,"anticoncepcion, prevencion de its y de cancer de cuello uterino",inyectable trimestral: usuarias nuevas,2016-03-01,0,0,2,2,0,4
PUERTO CARABUCO,"anticoncepcion, prevencion de its y de cancer de cuello uterino",inyectable trimestral: usuarias nuevas,2016-03-01,0,1,4,2,0,7
PUERTO GONZALO MORENO,"anticoncepcion, prevencion de its y de cancer de cuello uterino",inyectable trimestral: usuarias nuevas,2016-03-01,0,2,2,0,0,4
PUERTO QUIJARRO,"anticoncepcion, prevencion de its y de cancer de cuello uterino",inyectable trimestral: usuarias nuevas,2016-03-01,0,2,10,0,0,12
PUERTO RICO,"anticoncepcion, prevencion de its y de cancer de cuello uterino",inyectable trimestral: usuarias nuevas,2016-03-01,0,0,2,0,0,2
PUERTO SUAREZ,"anticoncepcion, prevencion de its y de cancer de cuello uterino",inyectable trimestral: usuarias nuevas,2016-03-01,0,2,6,0,0,8
PUERTO VILLARROEL,"anticoncepcion, prevencion de its y de cancer de cuello uterino",inyectable trimestral: usuarias nuevas,2016-03-01,0,4,27,4,0,35
PUNA,"anticoncepcion, prevencion de its y de cancer de cuello uterino",inyectable trimestral: usuarias nuevas,2016-03-01,0,0,5,2,0,7
PUNATA,"anticoncepcion, prevencion de its y de cancer de cuello uterino",inyectable trimestral: usuarias nuevas,2016-03-01,0,5,17,6,0,28
QUIABAYA,"anticoncepcion, prevencion de its y de cancer de cuello uterino",inyectable trimestral: usuarias nuevas,2016-03-01,0,0,3,0,0,3
QUILLACOLLO,"anticoncepcion, prevencion de its y de cancer de cuello uterino",inyectable trimestral: usuarias nuevas,2016-03-01,1,15,70,5,0,91
QUIME,"anticoncepcion, prevencion de its y de cancer de cuello uterino",inyectable trimestral: usuarias nuevas,2016-03-01,0,0,5,0,0,5
RAVELO,"anticoncepcion, prevencion de its y de cancer de cuello uterino",inyectable trimestral: usuarias nuevas,2016-03-01,0,3,38,17,0,58
REYES,"anticoncepcion, prevencion de its y de cancer de cuello uterino",inyectable trimestral: usuarias nuevas,2016-03-01,3,5,23,5,0,36
RIBERALTA,"anticoncepcion, prevencion de its y de cancer de cuello uterino",inyectable trimestral: usuarias nuevas,2016-03-01,3,30,88,7,0,128
ROBORE,"anticoncepcion, prevencion de its y de cancer de cuello uterino",inyectable trimestral: usuarias nuevas,2016-03-01,1,4,15,3,0,23
RURRENABAQUE,"anticoncepcion, prevencion de its y de cancer de cuello uterino",inyectable trimestral: usuarias nuevas,2016-03-01,0,4,3,1,0,8
SABAYA,"anticoncepcion, prevencion de its y de cancer de cuello uterino",inyectable trimestral: usuarias nuevas,2016-03-01,0,0,3,2,0,5
SACABA,"anticoncepcion, prevencion de its y de cancer de cuello uterino",inyectable trimestral: usuarias nuevas,2016-03-01,0,11,37,16,0,64
SACABAMBA,"anticoncepcion, prevencion de its y de cancer de cuello uterino",inyectable trimestral: usuarias nuevas,2016-03-01,0,0,1,1,0,2
SACACA,"anticoncepcion, prevencion de its y de cancer de cuello uterino",inyectable trimestral: usuarias nuevas,2016-03-01,0,2,12,2,0,16
SAIPINA,"anticoncepcion, prevencion de its y de cancer de cuello uterino",inyectable trimestral: usuarias nuevas,2016-03-01,0,3,4,1,0,8
SALINAS DE GARCI MENDOZA,"anticoncepcion, prevencion de its y de cancer de cuello uterino",inyectable trimestral: usuarias nuevas,2016-03-01,0,1,11,3,0,15
SAMAIPATA,"anticoncepcion, prevencion de its y de cancer de cuello uterino",inyectable trimestral: usuarias nuevas,2016-03-01,0,3,3,1,0,7
SAN AGUSTIN,"anticoncepcion, prevencion de its y de cancer de cuello uterino",inyectable trimestral: usuarias nuevas,2016-03-01,0,0,1,0,0,1
SAN ANDRES,"anticoncepcion, prevencion de its y de cancer de cuello uterino",inyectable trimestral: usuarias nuevas,2016-03-01,0,0,2,0,0,2
SAN ANDRES DE MACHACA,"anticoncepcion, prevencion de its y de cancer de cuello uterino",inyectable trimestral: usuarias nuevas,2016-03-01,0,1,0,0,0,1
SAN ANTONIO DE ESMORUCO,"anticoncepcion, prevencion de its y de cancer de cuello uterino",inyectable trimestral: usuarias nuevas,2016-03-01,0,2,2,1,0,5
SAN ANTONIO DE LOMERIO,"anticoncepcion, prevencion de its y de cancer de cuello uterino",inyectable trimestral: usuarias nuevas,2016-03-01,0,2,8,3,0,13
SAN BENITO,"anticoncepcion, prevencion de its y de cancer de cuello uterino",inyectable trimestral: usuarias nuevas,2016-03-01,0,1,5,0,0,6
SAN BORJA,"anticoncepcion, prevencion de its y de cancer de cuello uterino",inyectable trimestral: usuarias nuevas,2016-03-01,5,10,15,2,0,32
SAN BUENA VENTURA,"anticoncepcion, prevencion de its y de cancer de cuello uterino",inyectable trimestral: usuarias nuevas,2016-03-01,0,0,5,2,0,7
SAN CARLOS,"anticoncepcion, prevencion de its y de cancer de cuello uterino",inyectable trimestral: usuarias nuevas,2016-03-01,0,5,12,5,0,22
SAN IGNACIO,"anticoncepcion, prevencion de its y de cancer de cuello uterino",inyectable trimestral: usuarias nuevas,2016-03-01,0,7,22,3,0,32
SAN IGNACIO DE VELASCO,"anticoncepcion, prevencion de its y de cancer de cuello uterino",inyectable trimestral: usuarias nuevas,2016-03-01,0,3,17,2,0,22
SAN JAVIER(BNI),"anticoncepcion, prevencion de its y de cancer de cuello uterino",inyectable trimestral: usuarias nuevas,2016-03-01,0,0,3,4,0,7
SAN JAVIER(STC),"anticoncepcion, prevencion de its y de cancer de cuello uterino",inyectable trimestral: usuarias nuevas,2016-03-01,0,3,3,0,0,6
SAN JOSE DE CHIQUITOS,"anticoncepcion, prevencion de its y de cancer de cuello uterino",inyectable trimestral: usuarias nuevas,2016-03-01,0,8,3,0,0,11
SAN JUAN DE YAPACANI,"anticoncepcion, prevencion de its y de cancer de cuello uterino",inyectable trimestral: usuarias nuevas,2016-03-01,2,2,5,0,0,9
SAN JULIAN,"anticoncepcion, prevencion de its y de cancer de cuello uterino",inyectable trimestral: usuarias nuevas,2016-03-01,0,7,16,5,0,28
SAN LORENZO(PND),"anticoncepcion, prevencion de its y de cancer de cuello uterino",inyectable trimestral: usuarias nuevas,2016-03-01,0,6,1,0,0,7
SAN LORENZO(TJA),"anticoncepcion, prevencion de its y de cancer de cuello uterino",inyectable trimestral: usuarias nuevas,2016-03-01,0,1,3,2,1,7
SAN LUCAS,"anticoncepcion, prevencion de its y de cancer de cuello uterino",inyectable trimestral: usuarias nuevas,2016-03-01,0,1,8,5,0,14
SAN MATIAS,"anticoncepcion, prevencion de its y de cancer de cuello uterino",inyectable trimestral: usuarias nuevas,2016-03-01,0,0,2,0,0,2
SAN MIGUEL DE VELASCO,"anticoncepcion, prevencion de its y de cancer de cuello uterino",inyectable trimestral: usuarias nuevas,2016-03-01,0,0,4,2,0,6
SAN PABLO DE LIPEZ,"anticoncepcion, prevencion de its y de cancer de cuello uterino",inyectable trimestral: usuarias nuevas,2016-03-01,0,0,3,0,0,3
SAN PEDRO,"anticoncepcion, prevencion de its y de cancer de cuello uterino",inyectable trimestral: usuarias nuevas,2016-03-01,0,2,7,1,0,10
SAN PEDRO DE BUENA VISTA,"anticoncepcion, prevencion de its y de cancer de cuello uterino",inyectable trimestral: usuarias nuevas,2016-03-01,0,1,6,2,0,9
SAN PEDRO DE CURAHUARA,"anticoncepcion, prevencion de its y de cancer de cuello uterino",inyectable trimestral: usuarias nuevas,2016-03-01,0,1,1,1,0,3
SAN PEDRO DE TIQUINA,"anticoncepcion, prevencion de its y de cancer de cuello uterino",inyectable trimestral: usuarias nuevas,2016-03-01,0,0,1,0,0,1
SAN PEDRO(PND),"anticoncepcion, prevencion de its y de cancer de cuello uterino",inyectable trimestral: usuarias nuevas,2016-03-01,0,1,4,2,0,7
SAN RAFAEL,"anticoncepcion, prevencion de its y de cancer de cuello uterino",inyectable trimestral: usuarias nuevas,2016-03-01,0,0,8,0,0,8
SAN RAMON BENI,"anticoncepcion, prevencion de its y de cancer de cuello uterino",inyectable trimestral: usuarias nuevas,2016-03-01,0,0,1,0,0,1
SAN RAMON SCZ,"anticoncepcion, prevencion de its y de cancer de cuello uterino",inyectable trimestral: usuarias nuevas,2016-03-01,0,3,5,1,0,9
SANTA ANA,"anticoncepcion, prevencion de its y de cancer de cuello uterino",inyectable trimestral: usuarias nuevas,2016-03-01,0,2,5,0,0,7
SANTA CRUZ DE LA SIERRA,"anticoncepcion, prevencion de its y de cancer de cuello uterino",inyectable trimestral: usuarias nuevas,2016-03-01,2,103,250,48,0,403
SANTA ROSA,"anticoncepcion, prevencion de its y de cancer de cuello uterino",inyectable trimestral: usuarias nuevas,2016-03-01,0,1,4,2,0,7
SANTA ROSA DEL SARA,"anticoncepcion, prevencion de its y de cancer de cuello uterino",inyectable trimestral: usuarias nuevas,2016-03-01,1,3,5,4,0,13
SANTIAGO DE CALLAPA,"anticoncepcion, prevencion de its y de cancer de cuello uterino",inyectable trimestral: usuarias nuevas,2016-03-01,0,0,1,0,0,1
SANTIAGO DE HUATA,"anticoncepcion, prevencion de its y de cancer de cuello uterino",inyectable trimestral: usuarias nuevas,2016-03-01,0,0,2,0,0,2
SANTIVAÃ‘ES,"anticoncepcion, prevencion de its y de cancer de cuello uterino",inyectable trimestral: usuarias nuevas,2016-03-01,0,0,3,0,0,3
SANTUARIO DE QUILLACAS,"anticoncepcion, prevencion de its y de cancer de cuello uterino",inyectable trimestral: usuarias nuevas,2016-03-01,0,2,4,0,0,6
SAPAHAQUI,"anticoncepcion, prevencion de its y de cancer de cuello uterino",inyectable trimestral: usuarias nuevas,2016-03-01,0,3,4,2,0,9
SENA,"anticoncepcion, prevencion de its y de cancer de cuello uterino",inyectable trimestral: usuarias nuevas,2016-03-01,1,5,8,3,0,17
SHINAOTA,"anticoncepcion, prevencion de its y de cancer de cuello uterino",inyectable trimestral: usuarias nuevas,2016-03-01,0,1,5,1,0,7
SICA SICA (VILLA AROMA),"anticoncepcion, prevencion de its y de cancer de cuello uterino",inyectable trimestral: usuarias nuevas,2016-03-01,0,2,10,1,0,13
SICAYA,"anticoncepcion, prevencion de its y de cancer de cuello uterino",inyectable trimestral: usuarias nuevas,2016-03-01,0,0,11,1,0,12
SIPE SIPE,"anticoncepcion, prevencion de its y de cancer de cuello uterino",inyectable trimestral: usuarias nuevas,2016-03-01,0,8,33,12,0,53
SOPACHUY,"anticoncepcion, prevencion de its y de cancer de cuello uterino",inyectable trimestral: usuarias nuevas,2016-03-01,0,1,6,5,0,12
SORACACHI,"anticoncepcion, prevencion de its y de cancer de cuello uterino",inyectable trimestral: usuarias nuevas,2016-03-01,0,0,2,1,0,3
SORATA,"anticoncepcion, prevencion de its y de cancer de cuello uterino",inyectable trimestral: usuarias nuevas,2016-03-01,0,3,5,5,0,13
SUCRE,"anticoncepcion, prevencion de its y de cancer de cuello uterino",inyectable trimestral: usuarias nuevas,2016-03-01,0,47,122,26,0,195
TACACOMA,"anticoncepcion, prevencion de its y de cancer de cuello uterino",inyectable trimestral: usuarias nuevas,2016-03-01,0,0,2,2,0,4
TACOBAMBA,"anticoncepcion, prevencion de its y de cancer de cuello uterino",inyectable trimestral: usuarias nuevas,2016-03-01,0,1,4,4,0,9
TACOPAYA,"anticoncepcion, prevencion de its y de cancer de cuello uterino",inyectable trimestral: usuarias nuevas,2016-03-01,0,1,3,4,0,8
TAHUA,"anticoncepcion, prevencion de its y de cancer de cuello uterino",inyectable trimestral: usuarias nuevas,2016-03-01,0,0,2,0,0,2
TAPACARI,"anticoncepcion, prevencion de its y de cancer de cuello uterino",inyectable trimestral: usuarias nuevas,2016-03-01,0,1,8,3,0,12
TARABUCO,"anticoncepcion, prevencion de its y de cancer de cuello uterino",inyectable trimestral: usuarias nuevas,2016-03-01,0,5,11,4,0,20
TARACO,"anticoncepcion, prevencion de its y de cancer de cuello uterino",inyectable trimestral: usuarias nuevas,2016-03-01,0,2,1,1,0,4
TARATA,"anticoncepcion, prevencion de its y de cancer de cuello uterino",inyectable trimestral: usuarias nuevas,2016-03-01,0,4,4,1,0,9
TARIJA,"anticoncepcion, prevencion de its y de cancer de cuello uterino",inyectable trimestral: usuarias nuevas,2016-03-01,0,6,53,17,0,76
TARVITA,"anticoncepcion, prevencion de its y de cancer de cuello uterino",inyectable trimestral: usuarias nuevas,2016-03-01,1,2,5,3,0,11
TEOPONTE,"anticoncepcion, prevencion de its y de cancer de cuello uterino",inyectable trimestral: usuarias nuevas,2016-03-01,0,4,7,0,0,11
TIAWANACU,"anticoncepcion, prevencion de its y de cancer de cuello uterino",inyectable trimestral: usuarias nuevas,2016-03-01,0,0,3,1,0,4
TINGUIPAYA,"anticoncepcion, prevencion de its y de cancer de cuello uterino",inyectable trimestral: usuarias nuevas,2016-03-01,0,2,6,8,0,16
TIPUANI,"anticoncepcion, prevencion de its y de cancer de cuello uterino",inyectable trimestral: usuarias nuevas,2016-03-01,0,1,3,2,0,6
TIQUIPAYA,"anticoncepcion, prevencion de its y de cancer de cuello uterino",inyectable trimestral: usuarias nuevas,2016-03-01,0,10,33,9,1,53
TIRAQUE (CBBA),"anticoncepcion, prevencion de its y de cancer de cuello uterino",inyectable trimestral: usuarias nuevas,2016-03-01,0,2,10,5,0,17
TOCO,"anticoncepcion, prevencion de its y de cancer de cuello uterino",inyectable trimestral: usuarias nuevas,2016-03-01,1,1,4,2,0,8
TOLATA,"anticoncepcion, prevencion de its y de cancer de cuello uterino",inyectable trimestral: usuarias nuevas,2016-03-01,0,2,3,0,0,5
TOLEDO,"anticoncepcion, prevencion de its y de cancer de cuello uterino",inyectable trimestral: usuarias nuevas,2016-03-01,0,0,2,0,0,2
TOMAVE,"anticoncepcion, prevencion de its y de cancer de cuello uterino",inyectable trimestral: usuarias nuevas,2016-03-01,0,0,11,0,0,11
TOMINA,"anticoncepcion, prevencion de its y de cancer de cuello uterino",inyectable trimestral: usuarias nuevas,2016-03-01,0,3,5,0,0,8
TORO TORO,"anticoncepcion, prevencion de its y de cancer de cuello uterino",inyectable trimestral: usuarias nuevas,2016-03-01,0,0,13,7,0,20
TOTORA(CBBA),"anticoncepcion, prevencion de its y de cancer de cuello uterino",inyectable trimestral: usuarias nuevas,2016-03-01,0,3,13,6,0,22
TOTORA(ORR),"anticoncepcion, prevencion de its y de cancer de cuello uterino",inyectable trimestral: usuarias nuevas,2016-03-01,1,1,3,1,0,6
TRINIDAD,"anticoncepcion, prevencion de its y de cancer de cuello uterino",inyectable trimestral: usuarias nuevas,2016-03-01,0,7,17,1,0,25
TUPIZA,"anticoncepcion, prevencion de its y de cancer de cuello uterino",inyectable trimestral: usuarias nuevas,2016-03-01,0,9,34,6,0,49
TURCO,"anticoncepcion, prevencion de its y de cancer de cuello uterino",inyectable trimestral: usuarias nuevas,2016-03-01,0,0,2,0,0,2
UMALA,"anticoncepcion, prevencion de its y de cancer de cuello uterino",inyectable trimestral: usuarias nuevas,2016-03-01,0,0,6,1,0,7
UNCIA,"anticoncepcion, prevencion de its y de cancer de cuello uterino",inyectable trimestral: usuarias nuevas,2016-03-01,0,8,11,3,0,22
URIONDO (A. CONCEPCION),"anticoncepcion, prevencion de its y de cancer de cuello uterino",inyectable trimestral: usuarias nuevas,2016-03-01,0,2,7,3,0,12
URUBICHA,"anticoncepcion, prevencion de its y de cancer de cuello uterino",inyectable trimestral: usuarias nuevas,2016-03-01,0,1,0,1,0,2
UYUNI,"anticoncepcion, prevencion de its y de cancer de cuello uterino",inyectable trimestral: usuarias nuevas,2016-03-01,0,4,7,3,0,14
VACAS,"anticoncepcion, prevencion de its y de cancer de cuello uterino",inyectable trimestral: usuarias nuevas,2016-03-01,0,0,3,0,0,3
VALLEGRANDE,"anticoncepcion, prevencion de its y de cancer de cuello uterino",inyectable trimestral: usuarias nuevas,2016-03-01,1,2,6,3,0,12
VIACHA,"anticoncepcion, prevencion de its y de cancer de cuello uterino",inyectable trimestral: usuarias nuevas,2016-03-01,0,2,24,9,0,35
VILA VILA,"anticoncepcion, prevencion de its y de cancer de cuello uterino",inyectable trimestral: usuarias nuevas,2016-03-01,0,0,2,0,0,2
VILLA CHARCAS,"anticoncepcion, prevencion de its y de cancer de cuello uterino",inyectable trimestral: usuarias nuevas,2016-03-01,0,2,6,4,0,12
VILLA MONTES,"anticoncepcion, prevencion de its y de cancer de cuello uterino",inyectable trimestral: usuarias nuevas,2016-03-01,0,6,16,8,0,30
VILLA NUEVA (LOMA ALTA),"anticoncepcion, prevencion de its y de cancer de cuello uterino",inyectable trimestral: usuarias nuevas,2016-03-01,0,0,2,0,0,2
VILLA RIVERO,"anticoncepcion, prevencion de its y de cancer de cuello uterino",inyectable trimestral: usuarias nuevas,2016-03-01,0,2,1,1,0,4
VILLA SERRANO,"anticoncepcion, prevencion de its y de cancer de cuello uterino",inyectable trimestral: usuarias nuevas,2016-03-01,0,2,2,1,0,5
VILLA TUNARI,"anticoncepcion, prevencion de its y de cancer de cuello uterino",inyectable trimestral: usuarias nuevas,2016-03-01,0,24,60,18,0,102
VILLA VACA GUZMAN (MUYUPAMPA),"anticoncepcion, prevencion de its y de cancer de cuello uterino",inyectable trimestral: usuarias nuevas,2016-03-01,0,2,2,2,0,6
VILLAZON,"anticoncepcion, prevencion de its y de cancer de cuello uterino",inyectable trimestral: usuarias nuevas,2016-03-01,0,4,7,3,0,14
VINTO,"anticoncepcion, prevencion de its y de cancer de cuello uterino",inyectable trimestral: usuarias nuevas,2016-03-01,0,1,19,6,0,26
VITICHI,"anticoncepcion, prevencion de its y de cancer de cuello uterino",inyectable trimestral: usuarias nuevas,2016-03-01,0,0,3,3,0,6
WALDO BALLIVIAN,"anticoncepcion, prevencion de its y de cancer de cuello uterino",inyectable trimestral: usuarias nuevas,2016-03-01,0,0,0,1,0,1
WARNES,"anticoncepcion, prevencion de its y de cancer de cuello uterino",inyectable trimestral: usuarias nuevas,2016-03-01,0,7,28,11,0,46
YACO,"anticoncepcion, prevencion de its y de cancer de cuello uterino",inyectable trimestral: usuarias nuevas,2016-03-01,0,0,3,0,0,3
YACUIBA,"anticoncepcion, prevencion de its y de cancer de cuello uterino",inyectable trimestral: usuarias nuevas,2016-03-01,0,8,20,2,0,30
YAMPARAEZ,"anticoncepcion, prevencion de its y de cancer de cuello uterino",inyectable trimestral: usuarias nuevas,2016-03-01,0,1,3,1,0,5
YANACACHI,"anticoncepcion, prevencion de its y de cancer de cuello uterino",inyectable trimestral: usuarias nuevas,2016-03-01,0,0,0,1,0,1
YAPACANI,"anticoncepcion, prevencion de its y de cancer de cuello uterino",inyectable trimestral: usuarias nuevas,2016-03-01,2,6,14,1,0,23
YOCALLA,"anticoncepcion, prevencion de its y de cancer de cuello uterino",inyectable trimestral: usuarias nuevas,2016-03-01,0,1,4,0,0,5
YOTALA,"anticoncepcion, prevencion de its y de cancer de cuello uterino",inyectable trimestral: usuarias nuevas,2016-03-01,0,2,2,0,0,4
YUNCHARA,"anticoncepcion, prevencion de its y de cancer de cuello uterino",inyectable trimestral: usuarias nuevas,2016-03-01,0,0,4,0,0,4
YUNGUYO DE LITORAL,"anticoncepcion, prevencion de its y de cancer de cuello uterino",inyectable trimestral: usuarias nuevas,2016-03-01,0,0,0,1,0,1
ZUDAÃ‘EZ,"anticoncepcion, prevencion de its y de cancer de cuello uterino",inyectable trimestral: usuarias nuevas,2016-03-01,0,1,2,0,0,3
ACACIO,"anticoncepcion, prevencion de its y de cancer de cuello uterino",inyectable trimestral: usuarias nuevas,2016-04-01,0,0,5,2,0,7
ACHACACHI,"anticoncepcion, prevencion de its y de cancer de cuello uterino",inyectable trimestral: usuarias nuevas,2016-04-01,0,1,6,0,0,7
ACHOCALLA,"anticoncepcion, prevencion de its y de cancer de cuello uterino",inyectable trimestral: usuarias nuevas,2016-04-01,0,0,14,4,0,18
AIQUILE,"anticoncepcion, prevencion de its y de cancer de cuello uterino",inyectable trimestral: usuarias nuevas,2016-04-01,0,0,6,4,0,10
ALALAY,"anticoncepcion, prevencion de its y de cancer de cuello uterino",inyectable trimestral: usuarias nuevas,2016-04-01,0,1,3,0,0,4
ALCALA,"anticoncepcion, prevencion de its y de cancer de cuello uterino",inyectable trimestral: usuarias nuevas,2016-04-01,0,1,2,0,0,3
ALTO BENI,"anticoncepcion, prevencion de its y de cancer de cuello uterino",inyectable trimestral: usuarias nuevas,2016-04-01,1,0,8,3,0,12
ANCORAIMES,"anticoncepcion, prevencion de its y de cancer de cuello uterino",inyectable trimestral: usuarias nuevas,2016-04-01,0,0,1,3,0,4
ANDAMARCA,"anticoncepcion, prevencion de its y de cancer de cuello uterino",inyectable trimestral: usuarias nuevas,2016-04-01,0,0,2,0,0,2
ANTEQUERA,"anticoncepcion, prevencion de its y de cancer de cuello uterino",inyectable trimestral: usuarias nuevas,2016-04-01,0,0,0,1,0,1
ANZALDO,"anticoncepcion, prevencion de its y de cancer de cuello uterino",inyectable trimestral: usuarias nuevas,2016-04-01,0,0,4,3,0,7
APOLO,"anticoncepcion, prevencion de its y de cancer de cuello uterino",inyectable trimestral: usuarias nuevas,2016-04-01,0,2,5,1,0,8
ARAMPAMPA,"anticoncepcion, prevencion de its y de cancer de cuello uterino",inyectable trimestral: usuarias nuevas,2016-04-01,0,0,1,1,0,2
ARANI,"anticoncepcion, prevencion de its y de cancer de cuello uterino",inyectable trimestral: usuarias nuevas,2016-04-01,0,0,5,5,0,10
ARBIETO,"anticoncepcion, prevencion de its y de cancer de cuello uterino",inyectable trimestral: usuarias nuevas,2016-04-01,0,3,16,6,1,26
ARQUE,"anticoncepcion, prevencion de its y de cancer de cuello uterino",inyectable trimestral: usuarias nuevas,2016-04-01,1,3,5,5,0,14
ASCENCION DE GUARAYOS,"anticoncepcion, prevencion de its y de cancer de cuello uterino",inyectable trimestral: usuarias nuevas,2016-04-01,0,2,27,11,0,40
ATOCHA,"anticoncepcion, prevencion de its y de cancer de cuello uterino",inyectable trimestral: usuarias nuevas,2016-04-01,0,2,3,2,0,7
AUCAPATA,"anticoncepcion, prevencion de its y de cancer de cuello uterino",inyectable trimestral: usuarias nuevas,2016-04-01,0,2,4,2,0,8
AYATA,"anticoncepcion, prevencion de its y de cancer de cuello uterino",inyectable trimestral: usuarias nuevas,2016-04-01,0,0,4,3,0,7
AYO AYO,"anticoncepcion, prevencion de its y de cancer de cuello uterino",inyectable trimestral: usuarias nuevas,2016-04-01,0,0,3,1,0,4
AYOPAYA (V. DE INDEPENDENCIA),"anticoncepcion, prevencion de its y de cancer de cuello uterino",inyectable trimestral: usuarias nuevas,2016-04-01,0,2,20,11,0,33
AZURDUY,"anticoncepcion, prevencion de its y de cancer de cuello uterino",inyectable trimestral: usuarias nuevas,2016-04-01,0,1,7,10,0,18
BATALLAS,"anticoncepcion, prevencion de its y de cancer de cuello uterino",inyectable trimestral: usuarias nuevas,2016-04-01,0,3,5,0,0,8
BELEN DE ANDAMARCA,"anticoncepcion, prevencion de its y de cancer de cuello uterino",inyectable trimestral: usuarias nuevas,2016-04-01,0,0,3,0,0,3
BELEN DE URMIRI,"anticoncepcion, prevencion de its y de cancer de cuello uterino",inyectable trimestral: usuarias nuevas,2016-04-01,0,0,1,0,0,1
BELLA FLOR,"anticoncepcion, prevencion de its y de cancer de cuello uterino",inyectable trimestral: usuarias nuevas,2016-04-01,0,0,0,1,0,1
BERMEJO,"anticoncepcion, prevencion de its y de cancer de cuello uterino",inyectable trimestral: usuarias nuevas,2016-04-01,0,5,6,3,0,14
BETANZOS,"anticoncepcion, prevencion de its y de cancer de cuello uterino",inyectable trimestral: usuarias nuevas,2016-04-01,0,3,10,2,0,15
BOLIVAR,"anticoncepcion, prevencion de its y de cancer de cuello uterino",inyectable trimestral: usuarias nuevas,2016-04-01,0,1,2,0,0,3
BOLPEBRA,"anticoncepcion, prevencion de its y de cancer de cuello uterino",inyectable trimestral: usuarias nuevas,2016-04-01,1,1,0,0,0,2
BOYUIBE,"anticoncepcion, prevencion de its y de cancer de cuello uterino",inyectable trimestral: usuarias nuevas,2016-04-01,0,0,9,0,0,9
BUENA VISTA,"anticoncepcion, prevencion de its y de cancer de cuello uterino",inyectable trimestral: usuarias nuevas,2016-04-01,0,2,7,0,0,9
CABEZAS,"anticoncepcion, prevencion de its y de cancer de cuello uterino",inyectable trimestral: usuarias nuevas,2016-04-01,0,3,14,6,0,23
CAIROMA,"anticoncepcion, prevencion de its y de cancer de cuello uterino",inyectable trimestral: usuarias nuevas,2016-04-01,0,1,6,2,0,9
"CAIZA ""D""","anticoncepcion, prevencion de its y de cancer de cuello uterino",inyectable trimestral: usuarias nuevas,2016-04-01,0,0,6,0,0,6
CAJUATA,"anticoncepcion, prevencion de its y de cancer de cuello uterino",inyectable trimestral: usuarias nuevas,2016-04-01,0,3,5,0,0,8
CALAMARCA,"anticoncepcion, prevencion de its y de cancer de cuello uterino",inyectable trimestral: usuarias nuevas,2016-04-01,0,0,6,0,0,6
CAMARGO,"anticoncepcion, prevencion de its y de cancer de cuello uterino",inyectable trimestral: usuarias nuevas,2016-04-01,0,1,7,2,0,10
CAMIRI,"anticoncepcion, prevencion de its y de cancer de cuello uterino",inyectable trimestral: usuarias nuevas,2016-04-01,0,2,9,5,0,16
CAPINOTA,"anticoncepcion, prevencion de its y de cancer de cuello uterino",inyectable trimestral: usuarias nuevas,2016-04-01,0,0,11,2,0,13
CAQUIAVIRI,"anticoncepcion, prevencion de its y de cancer de cuello uterino",inyectable trimestral: usuarias nuevas,2016-04-01,0,0,2,1,0,3
CARACOLLO,"anticoncepcion, prevencion de its y de cancer de cuello uterino",inyectable trimestral: usuarias nuevas,2016-04-01,0,2,11,1,0,14
CARANAVI,"anticoncepcion, prevencion de its y de cancer de cuello uterino",inyectable trimestral: usuarias nuevas,2016-04-01,0,5,40,15,0,60
CARANGAS,"anticoncepcion, prevencion de its y de cancer de cuello uterino",inyectable trimestral: usuarias nuevas,2016-04-01,0,0,1,0,0,1
CARAPARI,"anticoncepcion, prevencion de its y de cancer de cuello uterino",inyectable trimestral: usuarias nuevas,2016-04-01,0,2,6,0,0,8
CARIPUYO,"anticoncepcion, prevencion de its y de cancer de cuello uterino",inyectable trimestral: usuarias nuevas,2016-04-01,0,1,3,0,0,4
CARMEN RIVERO TORREZ,"anticoncepcion, prevencion de its y de cancer de cuello uterino",inyectable trimestral: usuarias nuevas,2016-04-01,0,0,3,0,0,3
CHALLAPATA,"anticoncepcion, prevencion de its y de cancer de cuello uterino",inyectable trimestral: usuarias nuevas,2016-04-01,0,5,16,7,0,28
CHAQUI,"anticoncepcion, prevencion de its y de cancer de cuello uterino",inyectable trimestral: usuarias nuevas,2016-04-01,0,0,5,0,0,5
CHARAGUA,"anticoncepcion, prevencion de its y de cancer de cuello uterino",inyectable trimestral: usuarias nuevas,2016-04-01,0,2,12,3,1,18
CHARAÃ‘A,"anticoncepcion, prevencion de its y de cancer de cuello uterino",inyectable trimestral: usuarias nuevas,2016-04-01,0,0,2,0,0,2
CHAYANTA,"anticoncepcion, prevencion de its y de cancer de cuello uterino",inyectable trimestral: usuarias nuevas,2016-04-01,0,0,13,10,0,23
CHIMORE,"anticoncepcion, prevencion de its y de cancer de cuello uterino",inyectable trimestral: usuarias nuevas,2016-04-01,0,4,14,4,0,22
CHIPAYA,"anticoncepcion, prevencion de its y de cancer de cuello uterino",inyectable trimestral: usuarias nuevas,2016-04-01,1,0,2,1,0,4
CHOQUE COTA,"anticoncepcion, prevencion de its y de cancer de cuello uterino",inyectable trimestral: usuarias nuevas,2016-04-01,0,0,1,0,0,1
CHUA COCANI,"anticoncepcion, prevencion de its y de cancer de cuello uterino",inyectable trimestral: usuarias nuevas,2016-04-01,0,0,1,0,0,1
CHULUMANI (V. DE LA LIBERTAD),"anticoncepcion, prevencion de its y de cancer de cuello uterino",inyectable trimestral: usuarias nuevas,2016-04-01,0,4,6,2,0,12
CHUMA,"anticoncepcion, prevencion de its y de cancer de cuello uterino",inyectable trimestral: usuarias nuevas,2016-04-01,0,0,4,0,0,4
CHUQUIHUTA AYLLU JUCUMANI,"anticoncepcion, prevencion de its y de cancer de cuello uterino",inyectable trimestral: usuarias nuevas,2016-04-01,0,0,4,2,0,6
CKOCHAS,"anticoncepcion, prevencion de its y de cancer de cuello uterino",inyectable trimestral: usuarias nuevas,2016-04-01,0,1,3,3,0,7
CLIZA,"anticoncepcion, prevencion de its y de cancer de cuello uterino",inyectable trimestral: usuarias nuevas,2016-04-01,0,1,4,1,1,7
COBIJA,"anticoncepcion, prevencion de its y de cancer de cuello uterino",inyectable trimestral: usuarias nuevas,2016-04-01,3,12,29,2,0,46
COCAPATA,"anticoncepcion, prevencion de its y de cancer de cuello uterino",inyectable trimestral: usuarias nuevas,2016-04-01,0,5,16,9,0,30
COCHABAMBA,"anticoncepcion, prevencion de its y de cancer de cuello uterino",inyectable trimestral: usuarias nuevas,2016-04-01,0,11,99,37,0,147
COIPASA,"anticoncepcion, prevencion de its y de cancer de cuello uterino",inyectable trimestral: usuarias nuevas,2016-04-01,0,0,1,0,0,1
COLCAPIRHUA,"anticoncepcion, prevencion de its y de cancer de cuello uterino",inyectable trimestral: usuarias nuevas,2016-04-01,0,1,17,2,0,20
"COLCHA ""K""","anticoncepcion, prevencion de its y de cancer de cuello uterino",inyectable trimestral: usuarias nuevas,2016-04-01,0,0,10,2,0,12
COLLANA,"anticoncepcion, prevencion de its y de cancer de cuello uterino",inyectable trimestral: usuarias nuevas,2016-04-01,0,1,4,1,0,6
COLOMI,"anticoncepcion, prevencion de its y de cancer de cuello uterino",inyectable trimestral: usuarias nuevas,2016-04-01,0,1,3,1,0,5
COLPA BELGICA,"anticoncepcion, prevencion de its y de cancer de cuello uterino",inyectable trimestral: usuarias nuevas,2016-04-01,0,0,3,0,0,3
COLQUECHACA,"anticoncepcion, prevencion de its y de cancer de cuello uterino",inyectable trimestral: usuarias nuevas,2016-04-01,0,1,14,3,0,18
COLQUENCHA,"anticoncepcion, prevencion de its y de cancer de cuello uterino",inyectable trimestral: usuarias nuevas,2016-04-01,0,1,1,2,0,4
COLQUIRI,"anticoncepcion, prevencion de its y de cancer de cuello uterino",inyectable trimestral: usuarias nuevas,2016-04-01,0,1,19,5,0,25
COMANCHE,"anticoncepcion, prevencion de its y de cancer de cuello uterino",inyectable trimestral: usuarias nuevas,2016-04-01,0,0,0,1,0,1
COMARAPA,"anticoncepcion, prevencion de its y de cancer de cuello uterino",inyectable trimestral: usuarias nuevas,2016-04-01,0,6,15,10,0,31
CONCEPCION,"anticoncepcion, prevencion de its y de cancer de cuello uterino",inyectable trimestral: usuarias nuevas,2016-04-01,0,1,3,1,0,5
COPACABANA,"anticoncepcion, prevencion de its y de cancer de cuello uterino",inyectable trimestral: usuarias nuevas,2016-04-01,0,0,6,1,0,7
CORIPATA,"anticoncepcion, prevencion de its y de cancer de cuello uterino",inyectable trimestral: usuarias nuevas,2016-04-01,0,0,9,3,0,12
CORO CORO,"anticoncepcion, prevencion de its y de cancer de cuello uterino",inyectable trimestral: usuarias nuevas,2016-04-01,0,1,2,0,0,3
COROICO,"anticoncepcion, prevencion de its y de cancer de cuello uterino",inyectable trimestral: usuarias nuevas,2016-04-01,0,0,1,1,0,2
CORQUE,"anticoncepcion, prevencion de its y de cancer de cuello uterino",inyectable trimestral: usuarias nuevas,2016-04-01,0,0,1,0,0,1
COTAGAITA,"anticoncepcion, prevencion de its y de cancer de cuello uterino",inyectable trimestral: usuarias nuevas,2016-04-01,0,8,34,11,0,53
COTOCA,"anticoncepcion, prevencion de its y de cancer de cuello uterino",inyectable trimestral: usuarias nuevas,2016-04-01,5,17,32,4,0,58
CUATRO CAÃ‘ADAS,"anticoncepcion, prevencion de its y de cancer de cuello uterino",inyectable trimestral: usuarias nuevas,2016-04-01,0,5,10,0,0,15
CUCHUMUELA (V. G. VILLARROEL),"anticoncepcion, prevencion de its y de cancer de cuello uterino",inyectable trimestral: usuarias nuevas,2016-04-01,0,0,1,0,0,1
CUEVO,"anticoncepcion, prevencion de its y de cancer de cuello uterino",inyectable trimestral: usuarias nuevas,2016-04-01,0,1,5,1,0,7
CULPINA,"anticoncepcion, prevencion de its y de cancer de cuello uterino",inyectable trimestral: usuarias nuevas,2016-04-01,0,3,13,11,0,27
CURAHUARA DE CARANGAS,"anticoncepcion, prevencion de its y de cancer de cuello uterino",inyectable trimestral: usuarias nuevas,2016-04-01,0,0,7,4,0,11
DESAGUADERO,"anticoncepcion, prevencion de its y de cancer de cuello uterino",inyectable trimestral: usuarias nuevas,2016-04-01,0,0,4,2,0,6
EL ALTO,"anticoncepcion, prevencion de its y de cancer de cuello uterino",inyectable trimestral: usuarias nuevas,2016-04-01,0,26,237,56,3,322
EL CHORO,"anticoncepcion, prevencion de its y de cancer de cuello uterino",inyectable trimestral: usuarias nuevas,2016-04-01,0,0,3,0,0,3
EL PUENTE(STC),"anticoncepcion, prevencion de its y de cancer de cuello uterino",inyectable trimestral: usuarias nuevas,2016-04-01,0,2,5,5,0,12
EL PUENTE(TJA),"anticoncepcion, prevencion de its y de cancer de cuello uterino",inyectable trimestral: usuarias nuevas,2016-04-01,0,0,2,1,0,3
EL TORNO,"anticoncepcion, prevencion de its y de cancer de cuello uterino",inyectable trimestral: usuarias nuevas,2016-04-01,7,4,13,4,0,28
EL VILLAR,"anticoncepcion, prevencion de its y de cancer de cuello uterino",inyectable trimestral: usuarias nuevas,2016-04-01,0,2,2,3,0,7
ENTRE RIOS TRJ,"anticoncepcion, prevencion de its y de cancer de cuello uterino",inyectable trimestral: usuarias nuevas,2016-04-01,2,11,8,7,0,28
ENTRE RIOS CBBA,"anticoncepcion, prevencion de its y de cancer de cuello uterino",inyectable trimestral: usuarias nuevas,2016-04-01,0,4,25,6,0,35
ESCARA,"anticoncepcion, prevencion de its y de cancer de cuello uterino",inyectable trimestral: usuarias nuevas,2016-04-01,0,0,3,2,0,5
ESMERALDA,"anticoncepcion, prevencion de its y de cancer de cuello uterino",inyectable trimestral: usuarias nuevas,2016-04-01,0,0,2,0,0,2
EUCALIPTUS,"anticoncepcion, prevencion de its y de cancer de cuello uterino",inyectable trimestral: usuarias nuevas,2016-04-01,0,1,1,0,0,2
EUREKA (SANTOS MERCADO),"anticoncepcion, prevencion de its y de cancer de cuello uterino",inyectable trimestral: usuarias nuevas,2016-04-01,1,1,3,0,0,5
EXALTACION,"anticoncepcion, prevencion de its y de cancer de cuello uterino",inyectable trimestral: usuarias nuevas,2016-04-01,0,1,3,0,0,4
FERNANDEZ ALONSO,"anticoncepcion, prevencion de its y de cancer de cuello uterino",inyectable trimestral: usuarias nuevas,2016-04-01,0,2,4,12,0,18
FILADELFIA,"anticoncepcion, prevencion de its y de cancer de cuello uterino",inyectable trimestral: usuarias nuevas,2016-04-01,0,2,3,0,0,5
GENERAL SAAVEDRA,"anticoncepcion, prevencion de its y de cancer de cuello uterino",inyectable trimestral: usuarias nuevas,2016-04-01,0,2,6,0,0,8
GRAL. J.J. PEREZ (CHARAZANI),"anticoncepcion, prevencion de its y de cancer de cuello uterino",inyectable trimestral: usuarias nuevas,2016-04-01,0,1,2,0,0,3
GUANAY,"anticoncepcion, prevencion de its y de cancer de cuello uterino",inyectable trimestral: usuarias nuevas,2016-04-01,0,0,5,0,0,5
GUAQUI,"anticoncepcion, prevencion de its y de cancer de cuello uterino",inyectable trimestral: usuarias nuevas,2016-04-01,0,0,1,1,0,2
GUAYARAMERIN,"anticoncepcion, prevencion de its y de cancer de cuello uterino",inyectable trimestral: usuarias nuevas,2016-04-01,0,11,24,3,0,38
GUTIERREZ,"anticoncepcion, prevencion de its y de cancer de cuello uterino",inyectable trimestral: usuarias nuevas,2016-04-01,0,1,3,0,0,4
HUACARETA,"anticoncepcion, prevencion de its y de cancer de cuello uterino",inyectable trimestral: usuarias nuevas,2016-04-01,1,2,5,1,0,9
HUACAYA (VILLA DE HUACAYA),"anticoncepcion, prevencion de its y de cancer de cuello uterino",inyectable trimestral: usuarias nuevas,2016-04-01,0,1,2,0,0,3
HUACHACALLA,"anticoncepcion, prevencion de its y de cancer de cuello uterino",inyectable trimestral: usuarias nuevas,2016-04-01,0,0,1,1,0,2
HUANUNI,"anticoncepcion, prevencion de its y de cancer de cuello uterino",inyectable trimestral: usuarias nuevas,2016-04-01,0,1,16,11,0,28
HUARACAJE,"anticoncepcion, prevencion de its y de cancer de cuello uterino",inyectable trimestral: usuarias nuevas,2016-04-01,0,0,3,0,0,3
HUARINA,"anticoncepcion, prevencion de its y de cancer de cuello uterino",inyectable trimestral: usuarias nuevas,2016-04-01,0,0,1,0,0,1
HUATAJATA,"anticoncepcion, prevencion de its y de cancer de cuello uterino",inyectable trimestral: usuarias nuevas,2016-04-01,0,0,1,0,0,1
HUAYLLAMARCA,"anticoncepcion, prevencion de its y de cancer de cuello uterino",inyectable trimestral: usuarias nuevas,2016-04-01,0,0,3,1,0,4
ICHOCA,"anticoncepcion, prevencion de its y de cancer de cuello uterino",inyectable trimestral: usuarias nuevas,2016-04-01,0,1,0,2,0,3
ICLA,"anticoncepcion, prevencion de its y de cancer de cuello uterino",inyectable trimestral: usuarias nuevas,2016-04-01,0,1,3,1,0,5
INCAHUASI,"anticoncepcion, prevencion de its y de cancer de cuello uterino",inyectable trimestral: usuarias nuevas,2016-04-01,0,1,10,1,0,12
INGAVI (HUMAITA),"anticoncepcion, prevencion de its y de cancer de cuello uterino",inyectable trimestral: usuarias nuevas,2016-04-01,1,0,6,0,0,7
INQUISIVI,"anticoncepcion, prevencion de its y de cancer de cuello uterino",inyectable trimestral: usuarias nuevas,2016-04-01,0,0,1,1,0,2
IRUPANA (VILLA DE LANZA),"anticoncepcion, prevencion de its y de cancer de cuello uterino",inyectable trimestral: usuarias nuevas,2016-04-01,1,2,4,1,0,8
IXIAMAS,"anticoncepcion, prevencion de its y de cancer de cuello uterino",inyectable trimestral: usuarias nuevas,2016-04-01,0,5,5,1,0,11
JESUS DE MACHACA,"anticoncepcion, prevencion de its y de cancer de cuello uterino",inyectable trimestral: usuarias nuevas,2016-04-01,0,1,2,3,0,6
LA ASUNTA,"anticoncepcion, prevencion de its y de cancer de cuello uterino",inyectable trimestral: usuarias nuevas,2016-04-01,0,3,12,5,0,20
LA GUARDIA,"anticoncepcion, prevencion de its y de cancer de cuello uterino",inyectable trimestral: usuarias nuevas,2016-04-01,0,9,34,3,0,46
LA PAZ,"anticoncepcion, prevencion de its y de cancer de cuello uterino",inyectable trimestral: usuarias nuevas,2016-04-01,0,24,167,73,0,264
LA RIVERA,"anticoncepcion, prevencion de its y de cancer de cuello uterino",inyectable trimestral: usuarias nuevas,2016-04-01,0,0,0,0,1,1
LAGUNILLAS,"anticoncepcion, prevencion de its y de cancer de cuello uterino",inyectable trimestral: usuarias nuevas,2016-04-01,0,2,2,1,0,5
LAJA,"anticoncepcion, prevencion de its y de cancer de cuello uterino",inyectable trimestral: usuarias nuevas,2016-04-01,0,0,7,0,0,7
LAS CARRERAS,"anticoncepcion, prevencion de its y de cancer de cuello uterino",inyectable trimestral: usuarias nuevas,2016-04-01,0,0,2,0,0,2
LICOMA PAMPA,"anticoncepcion, prevencion de its y de cancer de cuello uterino",inyectable trimestral: usuarias nuevas,2016-04-01,0,1,0,0,0,1
LLALLAGUA,"anticoncepcion, prevencion de its y de cancer de cuello uterino",inyectable trimestral: usuarias nuevas,2016-04-01,0,8,18,7,0,33
LLICA,"anticoncepcion, prevencion de its y de cancer de cuello uterino",inyectable trimestral: usuarias nuevas,2016-04-01,0,0,4,4,0,8
LORETO,"anticoncepcion, prevencion de its y de cancer de cuello uterino",inyectable trimestral: usuarias nuevas,2016-04-01,0,2,3,0,0,5
LURIBAY,"anticoncepcion, prevencion de its y de cancer de cuello uterino",inyectable trimestral: usuarias nuevas,2016-04-01,0,0,4,1,0,5
MACHARETI,"anticoncepcion, prevencion de its y de cancer de cuello uterino",inyectable trimestral: usuarias nuevas,2016-04-01,1,3,11,1,0,16
MAGDALENA,"anticoncepcion, prevencion de its y de cancer de cuello uterino",inyectable trimestral: usuarias nuevas,2016-04-01,0,2,2,1,0,5
MAIRANA,"anticoncepcion, prevencion de its y de cancer de cuello uterino",inyectable trimestral: usuarias nuevas,2016-04-01,0,3,10,1,0,14
MALLA,"anticoncepcion, prevencion de its y de cancer de cuello uterino",inyectable trimestral: usuarias nuevas,2016-04-01,0,0,0,1,0,1
MAPIRI,"anticoncepcion, prevencion de its y de cancer de cuello uterino",inyectable trimestral: usuarias nuevas,2016-04-01,0,2,6,2,0,10
MECAPACA,"anticoncepcion, prevencion de its y de cancer de cuello uterino",inyectable trimestral: usuarias nuevas,2016-04-01,0,0,7,1,0,8
MINEROS,"anticoncepcion, prevencion de its y de cancer de cuello uterino",inyectable trimestral: usuarias nuevas,2016-04-01,0,1,2,0,0,3
MIZQUE,"anticoncepcion, prevencion de its y de cancer de cuello uterino",inyectable trimestral: usuarias nuevas,2016-04-01,0,3,16,8,0,27
MOCOMOCO,"anticoncepcion, prevencion de its y de cancer de cuello uterino",inyectable trimestral: usuarias nuevas,2016-04-01,0,0,3,3,0,6
MOJINETE,"anticoncepcion, prevencion de its y de cancer de cuello uterino",inyectable trimestral: usuarias nuevas,2016-04-01,0,0,2,0,0,2
MOJOCOYA,"anticoncepcion, prevencion de its y de cancer de cuello uterino",inyectable trimestral: usuarias nuevas,2016-04-01,0,1,1,0,0,2
MONTEAGUDO,"anticoncepcion, prevencion de its y de cancer de cuello uterino",inyectable trimestral: usuarias nuevas,2016-04-01,0,3,9,2,0,14
MONTERO,"anticoncepcion, prevencion de its y de cancer de cuello uterino",inyectable trimestral: usuarias nuevas,2016-04-01,1,40,179,42,2,264
MORO MORO,"anticoncepcion, prevencion de its y de cancer de cuello uterino",inyectable trimestral: usuarias nuevas,2016-04-01,0,1,0,0,0,1
MOROCHATA,"anticoncepcion, prevencion de its y de cancer de cuello uterino",inyectable trimestral: usuarias nuevas,2016-04-01,0,0,1,3,0,4
NACEBE (SANTA ROSA DEL ABUNA),"anticoncepcion, prevencion de its y de cancer de cuello uterino",inyectable trimestral: usuarias nuevas,2016-04-01,0,2,3,0,0,5
NUEVO MANOA (NUEVA ESPERANZA),"anticoncepcion, prevencion de its y de cancer de cuello uterino",inyectable trimestral: usuarias nuevas,2016-04-01,0,1,2,0,0,3
OCURI,"anticoncepcion, prevencion de its y de cancer de cuello uterino",inyectable trimestral: usuarias nuevas,2016-04-01,0,2,11,8,0,21
OKINAWA,"anticoncepcion, prevencion de its y de cancer de cuello uterino",inyectable trimestral: usuarias nuevas,2016-04-01,0,1,1,0,0,2
OMEREQUE,"anticoncepcion, prevencion de its y de cancer de cuello uterino",inyectable trimestral: usuarias nuevas,2016-04-01,0,0,3,0,0,3
ORURO,"anticoncepcion, prevencion de its y de cancer de cuello uterino",inyectable trimestral: usuarias nuevas,2016-04-01,0,13,98,12,0,123
PADCAYA,"anticoncepcion, prevencion de its y de cancer de cuello uterino",inyectable trimestral: usuarias nuevas,2016-04-01,0,4,8,2,0,14
PADILLA,"anticoncepcion, prevencion de its y de cancer de cuello uterino",inyectable trimestral: usuarias nuevas,2016-04-01,0,3,5,2,0,10
PAILON,"anticoncepcion, prevencion de its y de cancer de cuello uterino",inyectable trimestral: usuarias nuevas,2016-04-01,0,3,7,3,0,13
PALCA,"anticoncepcion, prevencion de its y de cancer de cuello uterino",inyectable trimestral: usuarias nuevas,2016-04-01,0,0,8,16,0,24
PALOS BLANCOS,"anticoncepcion, prevencion de its y de cancer de cuello uterino",inyectable trimestral: usuarias nuevas,2016-04-01,0,1,17,5,0,23
PAMPA GRANDE,"anticoncepcion, prevencion de its y de cancer de cuello uterino",inyectable trimestral: usuarias nuevas,2016-04-01,0,2,2,1,0,5
PAPEL PAMPA,"anticoncepcion, prevencion de its y de cancer de cuello uterino",inyectable trimestral: usuarias nuevas,2016-04-01,0,0,4,1,0,5
PASORAPA,"anticoncepcion, prevencion de its y de cancer de cuello uterino",inyectable trimestral: usuarias nuevas,2016-04-01,0,1,0,0,0,1
PATACAMAYA,"anticoncepcion, prevencion de its y de cancer de cuello uterino",inyectable trimestral: usuarias nuevas,2016-04-01,0,2,11,5,0,18
PAZÃ‘A,"anticoncepcion, prevencion de its y de cancer de cuello uterino",inyectable trimestral: usuarias nuevas,2016-04-01,0,1,4,0,0,5
PELECHUCO,"anticoncepcion, prevencion de its y de cancer de cuello uterino",inyectable trimestral: usuarias nuevas,2016-04-01,0,0,3,0,0,3
POCOATA,"anticoncepcion, prevencion de its y de cancer de cuello uterino",inyectable trimestral: usuarias nuevas,2016-04-01,0,10,14,9,0,33
POCONA,"anticoncepcion, prevencion de its y de cancer de cuello uterino",inyectable trimestral: usuarias nuevas,2016-04-01,0,4,10,3,0,17
POJO (CBBA),"anticoncepcion, prevencion de its y de cancer de cuello uterino",inyectable trimestral: usuarias nuevas,2016-04-01,0,2,9,2,0,13
POOPO,"anticoncepcion, prevencion de its y de cancer de cuello uterino",inyectable trimestral: usuarias nuevas,2016-04-01,0,0,3,2,0,5
PORCO,"anticoncepcion, prevencion de its y de cancer de cuello uterino",inyectable trimestral: usuarias nuevas,2016-04-01,0,3,6,0,0,9
POROMA,"anticoncepcion, prevencion de its y de cancer de cuello uterino",inyectable trimestral: usuarias nuevas,2016-04-01,0,7,15,15,0,37
PORONGO,"anticoncepcion, prevencion de its y de cancer de cuello uterino",inyectable trimestral: usuarias nuevas,2016-04-01,0,0,1,0,0,1
PORTACHUELO,"anticoncepcion, prevencion de its y de cancer de cuello uterino",inyectable trimestral: usuarias nuevas,2016-04-01,0,4,5,0,0,9
PORVENIR,"anticoncepcion, prevencion de its y de cancer de cuello uterino",inyectable trimestral: usuarias nuevas,2016-04-01,0,0,1,1,0,2
POTOSI,"anticoncepcion, prevencion de its y de cancer de cuello uterino",inyectable trimestral: usuarias nuevas,2016-04-01,1,16,107,29,0,153
PRESTO,"anticoncepcion, prevencion de its y de cancer de cuello uterino",inyectable trimestral: usuarias nuevas,2016-04-01,0,0,6,3,0,9
PUCARANI,"anticoncepcion, prevencion de its y de cancer de cuello uterino",inyectable trimestral: usuarias nuevas,2016-04-01,0,2,9,3,0,14
PUERTO ACOSTA,"anticoncepcion, prevencion de its y de cancer de cuello uterino",inyectable trimestral: usuarias nuevas,2016-04-01,0,0,0,2,0,2
PUERTO CARABUCO,"anticoncepcion, prevencion de its y de cancer de cuello uterino",inyectable trimestral: usuarias nuevas,2016-04-01,0,0,5,1,0,6
PUERTO GONZALO MORENO,"anticoncepcion, prevencion de its y de cancer de cuello uterino",inyectable trimestral: usuarias nuevas,2016-04-01,1,2,2,2,0,7
PUERTO PEREZ,"anticoncepcion, prevencion de its y de cancer de cuello uterino",inyectable trimestral: usuarias nuevas,2016-04-01,0,0,1,2,0,3
PUERTO QUIJARRO,"anticoncepcion, prevencion de its y de cancer de cuello uterino",inyectable trimestral: usuarias nuevas,2016-04-01,0,1,2,0,0,3
PUERTO RICO,"anticoncepcion, prevencion de its y de cancer de cuello uterino",inyectable trimestral: usuarias nuevas,2016-04-01,0,2,2,1,0,5
PUERTO SILES,"anticoncepcion, prevencion de its y de cancer de cuello uterino",inyectable trimestral: usuarias nuevas,2016-04-01,0,0,1,0,0,1
PUERTO SUAREZ,"anticoncepcion, prevencion de its y de cancer de cuello uterino",inyectable trimestral: usuarias nuevas,2016-04-01,0,2,7,0,0,9
PUERTO VILLARROEL,"anticoncepcion, prevencion de its y de cancer de cuello uterino",inyectable trimestral: usuarias nuevas,2016-04-01,1,7,15,3,0,26
PUNA,"anticoncepcion, prevencion de its y de cancer de cuello uterino",inyectable trimestral: usuarias nuevas,2016-04-01,0,0,8,0,0,8
PUNATA,"anticoncepcion, prevencion de its y de cancer de cuello uterino",inyectable trimestral: usuarias nuevas,2016-04-01,0,2,5,1,0,8
QUIABAYA,"anticoncepcion, prevencion de its y de cancer de cuello uterino",inyectable trimestral: usuarias nuevas,2016-04-01,0,0,1,1,0,2
QUILLACOLLO,"anticoncepcion, prevencion de its y de cancer de cuello uterino",inyectable trimestral: usuarias nuevas,2016-04-01,0,16,84,11,0,111
QUIME,"anticoncepcion, prevencion de its y de cancer de cuello uterino",inyectable trimestral: usuarias nuevas,2016-04-01,0,1,12,2,0,15
RAVELO,"anticoncepcion, prevencion de its y de cancer de cuello uterino",inyectable trimestral: usuarias nuevas,2016-04-01,0,23,44,45,0,112
REYES,"anticoncepcion, prevencion de its y de cancer de cuello uterino",inyectable trimestral: usuarias nuevas,2016-04-01,1,6,6,1,0,14
RIBERALTA,"anticoncepcion, prevencion de its y de cancer de cuello uterino",inyectable trimestral: usuarias nuevas,2016-04-01,0,25,80,18,1,124
ROBORE,"anticoncepcion, prevencion de its y de cancer de cuello uterino",inyectable trimestral: usuarias nuevas,2016-04-01,0,6,13,3,0,22
RURRENABAQUE,"anticoncepcion, prevencion de its y de cancer de cuello uterino",inyectable trimestral: usuarias nuevas,2016-04-01,0,0,7,2,0,9
SABAYA,"anticoncepcion, prevencion de its y de cancer de cuello uterino",inyectable trimestral: usuarias nuevas,2016-04-01,0,2,1,0,0,3
SACABA,"anticoncepcion, prevencion de its y de cancer de cuello uterino",inyectable trimestral: usuarias nuevas,2016-04-01,0,9,67,9,1,86
SACABAMBA,"anticoncepcion, prevencion de its y de cancer de cuello uterino",inyectable trimestral: usuarias nuevas,2016-04-01,0,0,1,2,0,3
SACACA,"anticoncepcion, prevencion de its y de cancer de cuello uterino",inyectable trimestral: usuarias nuevas,2016-04-01,0,1,16,4,0,21
SAIPINA,"anticoncepcion, prevencion de its y de cancer de cuello uterino",inyectable trimestral: usuarias nuevas,2016-04-01,0,1,10,1,0,12
SALINAS DE GARCI MENDOZA,"anticoncepcion, prevencion de its y de cancer de cuello uterino",inyectable trimestral: usuarias nuevas,2016-04-01,0,0,13,1,0,14
SAMAIPATA,"anticoncepcion, prevencion de its y de cancer de cuello uterino",inyectable trimestral: usuarias nuevas,2016-04-01,0,1,5,1,0,7
SAN AGUSTIN,"anticoncepcion, prevencion de its y de cancer de cuello uterino",inyectable trimestral: usuarias nuevas,2016-04-01,0,0,1,0,0,1
SAN ANDRES,"anticoncepcion, prevencion de its y de cancer de cuello uterino",inyectable trimestral: usuarias nuevas,2016-04-01,1,4,7,1,0,13
SAN ANTONIO DE LOMERIO,"anticoncepcion, prevencion de its y de cancer de cuello uterino",inyectable trimestral: usuarias nuevas,2016-04-01,1,1,4,4,2,12
SAN BENITO,"anticoncepcion, prevencion de its y de cancer de cuello uterino",inyectable trimestral: usuarias nuevas,2016-04-01,0,0,4,0,0,4
SAN BORJA,"anticoncepcion, prevencion de its y de cancer de cuello uterino",inyectable trimestral: usuarias nuevas,2016-04-01,1,7,20,3,0,31
SAN BUENA VENTURA,"anticoncepcion, prevencion de its y de cancer de cuello uterino",inyectable trimestral: usuarias nuevas,2016-04-01,0,0,1,1,0,2
SAN CARLOS,"anticoncepcion, prevencion de its y de cancer de cuello uterino",inyectable trimestral: usuarias nuevas,2016-04-01,0,1,14,9,0,24
SAN IGNACIO,"anticoncepcion, prevencion de its y de cancer de cuello uterino",inyectable trimestral: usuarias nuevas,2016-04-01,1,5,10,3,0,19
SAN IGNACIO DE VELASCO,"anticoncepcion, prevencion de its y de cancer de cuello uterino",inyectable trimestral: usuarias nuevas,2016-04-01,0,2,23,3,0,28
SAN JAVIER(BNI),"anticoncepcion, prevencion de its y de cancer de cuello uterino",inyectable trimestral: usuarias nuevas,2016-04-01,0,2,5,0,0,7
SAN JAVIER(STC),"anticoncepcion, prevencion de its y de cancer de cuello uterino",inyectable trimestral: usuarias nuevas,2016-04-01,0,2,9,0,0,11
SAN JOAQUIN,"anticoncepcion, prevencion de its y de cancer de cuello uterino",inyectable trimestral: usuarias nuevas,2016-04-01,0,1,0,1,0,2
SAN JOSE DE CHIQUITOS,"anticoncepcion, prevencion de its y de cancer de cuello uterino",inyectable trimestral: usuarias nuevas,2016-04-01,2,2,3,1,1,9
SAN JUAN DE YAPACANI,"anticoncepcion, prevencion de its y de cancer de cuello uterino",inyectable trimestral: usuarias nuevas,2016-04-01,0,2,6,0,0,8
SAN JULIAN,"anticoncepcion, prevencion de its y de cancer de cuello uterino",inyectable trimestral: usuarias nuevas,2016-04-01,0,4,18,5,0,27
SAN LORENZO(PND),"anticoncepcion, prevencion de its y de cancer de cuello uterino",inyectable trimestral: usuarias nuevas,2016-04-01,0,3,0,0,0,3
SAN LORENZO(TJA),"anticoncepcion, prevencion de its y de cancer de cuello uterino",inyectable trimestral: usuarias nuevas,2016-04-01,0,2,4,3,0,9
SAN LUCAS,"anticoncepcion, prevencion de its y de cancer de cuello uterino",inyectable trimestral: usuarias nuevas,2016-04-01,0,2,16,8,0,26
SAN MATIAS,"anticoncepcion, prevencion de its y de cancer de cuello uterino",inyectable trimestral: usuarias nuevas,2016-04-01,0,2,1,0,0,3
SAN MIGUEL DE VELASCO,"anticoncepcion, prevencion de its y de cancer de cuello uterino",inyectable trimestral: usuarias nuevas,2016-04-01,0,3,5,3,0,11
SAN PABLO DE LIPEZ,"anticoncepcion, prevencion de its y de cancer de cuello uterino",inyectable trimestral: usuarias nuevas,2016-04-01,0,0,1,1,0,2
SAN PEDRO,"anticoncepcion, prevencion de its y de cancer de cuello uterino",inyectable trimestral: usuarias nuevas,2016-04-01,0,2,6,0,0,8
SAN PEDRO DE BUENA VISTA,"anticoncepcion, prevencion de its y de cancer de cuello uterino",inyectable trimestral: usuarias nuevas,2016-04-01,0,2,14,5,0,21
SAN PEDRO DE CURAHUARA,"anticoncepcion, prevencion de its y de cancer de cuello uterino",inyectable trimestral: usuarias nuevas,2016-04-01,0,0,1,0,0,1
SAN PEDRO(PND),"anticoncepcion, prevencion de its y de cancer de cuello uterino",inyectable trimestral: usuarias nuevas,2016-04-01,0,3,2,0,0,5
SAN RAFAEL,"anticoncepcion, prevencion de its y de cancer de cuello uterino",inyectable trimestral: usuarias nuevas,2016-04-01,1,0,4,0,0,5
SAN RAMON BENI,"anticoncepcion, prevencion de its y de cancer de cuello uterino",inyectable trimestral: usuarias nuevas,2016-04-01,1,1,4,0,0,6
SAN RAMON SCZ,"anticoncepcion, prevencion de its y de cancer de cuello uterino",inyectable trimestral: usuarias nuevas,2016-04-01,1,1,9,1,0,12
SANTA ANA,"anticoncepcion, prevencion de its y de cancer de cuello uterino",inyectable trimestral: usuarias nuevas,2016-04-01,0,0,10,0,0,10
SANTA CRUZ DE LA SIERRA,"anticoncepcion, prevencion de its y de cancer de cuello uterino",inyectable trimestral: usuarias nuevas,2016-04-01,1,73,217,42,1,334
SANTA ROSA,"anticoncepcion, prevencion de its y de cancer de cuello uterino",inyectable trimestral: usuarias nuevas,2016-04-01,0,2,6,0,0,8
SANTA ROSA DEL SARA,"anticoncepcion, prevencion de its y de cancer de cuello uterino",inyectable trimestral: usuarias nuevas,2016-04-01,0,4,6,0,0,10
SANTIAGO DE HUARI,"anticoncepcion, prevencion de its y de cancer de cuello uterino",inyectable trimestral: usuarias nuevas,2016-04-01,0,0,1,3,0,4
SANTIAGO DE HUATA,"anticoncepcion, prevencion de its y de cancer de cuello uterino",inyectable trimestral: usuarias nuevas,2016-04-01,0,0,2,0,0,2
SANTIAGO DE MACHACA,"anticoncepcion, prevencion de its y de cancer de cuello uterino",inyectable trimestral: usuarias nuevas,2016-04-01,0,0,2,1,0,3
SANTIVAÃ‘ES,"anticoncepcion, prevencion de its y de cancer de cuello uterino",inyectable trimestral: usuarias nuevas,2016-04-01,0,1,4,0,0,5
SANTUARIO DE QUILLACAS,"anticoncepcion, prevencion de its y de cancer de cuello uterino",inyectable trimestral: usuarias nuevas,2016-04-01,0,1,1,1,0,3
SAPAHAQUI,"anticoncepcion, prevencion de its y de cancer de cuello uterino",inyectable trimestral: usuarias nuevas,2016-04-01,0,0,3,0,0,3
SENA,"anticoncepcion, prevencion de its y de cancer de cuello uterino",inyectable trimestral: usuarias nuevas,2016-04-01,1,0,4,2,0,7
SHINAOTA,"anticoncepcion, prevencion de its y de cancer de cuello uterino",inyectable trimestral: usuarias nuevas,2016-04-01,0,3,3,1,0,7
SICA SICA (VILLA AROMA),"anticoncepcion, prevencion de its y de cancer de cuello uterino",inyectable trimestral: usuarias nuevas,2016-04-01,0,0,4,1,0,5
SICAYA,"anticoncepcion, prevencion de its y de cancer de cuello uterino",inyectable trimestral: usuarias nuevas,2016-04-01,0,0,6,1,0,7
SIPE SIPE,"anticoncepcion, prevencion de its y de cancer de cuello uterino",inyectable trimestral: usuarias nuevas,2016-04-01,0,8,32,7,0,47
SOPACHUY,"anticoncepcion, prevencion de its y de cancer de cuello uterino",inyectable trimestral: usuarias nuevas,2016-04-01,0,1,2,4,0,7
SORACACHI,"anticoncepcion, prevencion de its y de cancer de cuello uterino",inyectable trimestral: usuarias nuevas,2016-04-01,0,0,8,8,0,16
SORATA,"anticoncepcion, prevencion de its y de cancer de cuello uterino",inyectable trimestral: usuarias nuevas,2016-04-01,0,1,5,4,0,10
SUCRE,"anticoncepcion, prevencion de its y de cancer de cuello uterino",inyectable trimestral: usuarias nuevas,2016-04-01,0,39,139,27,0,205
TACACOMA,"anticoncepcion, prevencion de its y de cancer de cuello uterino",inyectable trimestral: usuarias nuevas,2016-04-01,0,0,4,1,0,5
TACOBAMBA,"anticoncepcion, prevencion de its y de cancer de cuello uterino",inyectable trimestral: usuarias nuevas,2016-04-01,0,3,10,2,0,15
TACOPAYA,"anticoncepcion, prevencion de its y de cancer de cuello uterino",inyectable trimestral: usuarias nuevas,2016-04-01,0,2,2,1,0,5
TAHUA,"anticoncepcion, prevencion de its y de cancer de cuello uterino",inyectable trimestral: usuarias nuevas,2016-04-01,0,0,7,2,0,9
TAPACARI,"anticoncepcion, prevencion de its y de cancer de cuello uterino",inyectable trimestral: usuarias nuevas,2016-04-01,0,2,13,3,0,18
TARABUCO,"anticoncepcion, prevencion de its y de cancer de cuello uterino",inyectable trimestral: usuarias nuevas,2016-04-01,0,4,6,2,0,12
TARACO,"anticoncepcion, prevencion de its y de cancer de cuello uterino",inyectable trimestral: usuarias nuevas,2016-04-01,0,0,2,0,0,2
TARATA,"anticoncepcion, prevencion de its y de cancer de cuello uterino",inyectable trimestral: usuarias nuevas,2016-04-01,0,0,3,0,0,3
TARIJA,"anticoncepcion, prevencion de its y de cancer de cuello uterino",inyectable trimestral: usuarias nuevas,2016-04-01,1,12,40,14,0,67
TARVITA,"anticoncepcion, prevencion de its y de cancer de cuello uterino",inyectable trimestral: usuarias nuevas,2016-04-01,0,1,4,5,0,10
TEOPONTE,"anticoncepcion, prevencion de its y de cancer de cuello uterino",inyectable trimestral: usuarias nuevas,2016-04-01,0,4,11,1,0,16
TIAWANACU,"anticoncepcion, prevencion de its y de cancer de cuello uterino",inyectable trimestral: usuarias nuevas,2016-04-01,0,0,1,1,0,2
TINGUIPAYA,"anticoncepcion, prevencion de its y de cancer de cuello uterino",inyectable trimestral: usuarias nuevas,2016-04-01,0,1,3,3,0,7
TIPUANI,"anticoncepcion, prevencion de its y de cancer de cuello uterino",inyectable trimestral: usuarias nuevas,2016-04-01,0,0,1,0,0,1
TIQUIPAYA,"anticoncepcion, prevencion de its y de cancer de cuello uterino",inyectable trimestral: usuarias nuevas,2016-04-01,0,10,38,11,0,59
TIRAQUE (CBBA),"anticoncepcion, prevencion de its y de cancer de cuello uterino",inyectable trimestral: usuarias nuevas,2016-04-01,0,0,4,2,0,6
TOCO,"anticoncepcion, prevencion de its y de cancer de cuello uterino",inyectable trimestral: usuarias nuevas,2016-04-01,1,1,1,3,0,6
TODOS SANTOS,"anticoncepcion, prevencion de its y de cancer de cuello uterino",inyectable trimestral: usuarias nuevas,2016-04-01,0,0,0,1,0,1
TOLATA,"anticoncepcion, prevencion de its y de cancer de cuello uterino",inyectable trimestral: usuarias nuevas,2016-04-01,0,0,4,1,0,5
TOLEDO,"anticoncepcion, prevencion de its y de cancer de cuello uterino",inyectable trimestral: usuarias nuevas,2016-04-01,0,0,1,0,0,1
TOMAVE,"anticoncepcion, prevencion de its y de cancer de cuello uterino",inyectable trimestral: usuarias nuevas,2016-04-01,0,0,4,0,0,4
TOMINA,"anticoncepcion, prevencion de its y de cancer de cuello uterino",inyectable trimestral: usuarias nuevas,2016-04-01,0,5,2,2,0,9
TORO TORO,"anticoncepcion, prevencion de its y de cancer de cuello uterino",inyectable trimestral: usuarias nuevas,2016-04-01,0,7,11,2,0,20
TOTORA(CBBA),"anticoncepcion, prevencion de its y de cancer de cuello uterino",inyectable trimestral: usuarias nuevas,2016-04-01,0,6,15,3,0,24
TOTORA(ORR),"anticoncepcion, prevencion de its y de cancer de cuello uterino",inyectable trimestral: usuarias nuevas,2016-04-01,0,0,4,4,0,8
TRINIDAD,"anticoncepcion, prevencion de its y de cancer de cuello uterino",inyectable trimestral: usuarias nuevas,2016-04-01,0,5,11,2,0,18
TUPIZA,"anticoncepcion, prevencion de its y de cancer de cuello uterino",inyectable trimestral: usuarias nuevas,2016-04-01,0,7,16,7,2,32
TURCO,"anticoncepcion, prevencion de its y de cancer de cuello uterino",inyectable trimestral: usuarias nuevas,2016-04-01,0,0,2,1,0,3
UMALA,"anticoncepcion, prevencion de its y de cancer de cuello uterino",inyectable trimestral: usuarias nuevas,2016-04-01,0,1,7,1,0,9
UNCIA,"anticoncepcion, prevencion de its y de cancer de cuello uterino",inyectable trimestral: usuarias nuevas,2016-04-01,0,0,7,1,0,8
URIONDO (A. CONCEPCION),"anticoncepcion, prevencion de its y de cancer de cuello uterino",inyectable trimestral: usuarias nuevas,2016-04-01,0,2,5,1,0,8
URUBICHA,"anticoncepcion, prevencion de its y de cancer de cuello uterino",inyectable trimestral: usuarias nuevas,2016-04-01,0,1,3,0,0,4
UYUNI,"anticoncepcion, prevencion de its y de cancer de cuello uterino",inyectable trimestral: usuarias nuevas,2016-04-01,0,1,9,0,0,10
VACAS,"anticoncepcion, prevencion de its y de cancer de cuello uterino",inyectable trimestral: usuarias nuevas,2016-04-01,0,1,6,1,0,8
VALLEGRANDE,"anticoncepcion, prevencion de its y de cancer de cuello uterino",inyectable trimestral: usuarias nuevas,2016-04-01,0,2,10,3,0,15
VIACHA,"anticoncepcion, prevencion de its y de cancer de cuello uterino",inyectable trimestral: usuarias nuevas,2016-04-01,0,5,23,5,0,33
VILA VILA,"anticoncepcion, prevencion de its y de cancer de cuello uterino",inyectable trimestral: usuarias nuevas,2016-04-01,0,1,1,0,0,2
VILLA CHARCAS,"anticoncepcion, prevencion de its y de cancer de cuello uterino",inyectable trimestral: usuarias nuevas,2016-04-01,0,9,10,2,0,21
VILLA MONTES,"anticoncepcion, prevencion de its y de cancer de cuello uterino",inyectable trimestral: usuarias nuevas,2016-04-01,0,6,19,4,0,29
VILLA NUEVA (LOMA ALTA),"anticoncepcion, prevencion de its y de cancer de cuello uterino",inyectable trimestral: usuarias nuevas,2016-04-01,0,1,0,1,0,2
VILLA RIVERO,"anticoncepcion, prevencion de its y de cancer de cuello uterino",inyectable trimestral: usuarias nuevas,2016-04-01,0,3,5,4,0,12
VILLA SERRANO,"anticoncepcion, prevencion de its y de cancer de cuello uterino",inyectable trimestral: usuarias nuevas,2016-04-01,0,0,2,2,0,4
VILLA TUNARI,"anticoncepcion, prevencion de its y de cancer de cuello uterino",inyectable trimestral: usuarias nuevas,2016-04-01,0,17,53,16,1,87
VILLA VACA GUZMAN (MUYUPAMPA),"anticoncepcion, prevencion de its y de cancer de cuello uterino",inyectable trimestral: usuarias nuevas,2016-04-01,0,3,3,0,0,6
VILLAZON,"anticoncepcion, prevencion de its y de cancer de cuello uterino",inyectable trimestral: usuarias nuevas,2016-04-01,0,6,12,2,0,20
VINTO,"anticoncepcion, prevencion de its y de cancer de cuello uterino",inyectable trimestral: usuarias nuevas,2016-04-01,0,6,21,4,0,31
VITICHI,"anticoncepcion, prevencion de its y de cancer de cuello uterino",inyectable trimestral: usuarias nuevas,2016-04-01,0,2,9,3,0,14
WALDO BALLIVIAN,"anticoncepcion, prevencion de its y de cancer de cuello uterino",inyectable trimestral: usuarias nuevas,2016-04-01,0,0,1,0,0,1
WARNES,"anticoncepcion, prevencion de its y de cancer de cuello uterino",inyectable trimestral: usuarias nuevas,2016-04-01,0,11,16,6,0,33
YACO,"anticoncepcion, prevencion de its y de cancer de cuello uterino",inyectable trimestral: usuarias nuevas,2016-04-01,0,1,4,1,0,6
YACUIBA,"anticoncepcion, prevencion de its y de cancer de cuello uterino",inyectable trimestral: usuarias nuevas,2016-04-01,0,8,22,5,0,35
YAMPARAEZ,"anticoncepcion, prevencion de its y de cancer de cuello uterino",inyectable trimestral: usuarias nuevas,2016-04-01,0,0,4,0,0,4
YANACACHI,"anticoncepcion, prevencion de its y de cancer de cuello uterino",inyectable trimestral: usuarias nuevas,2016-04-01,0,1,0,0,0,1
YAPACANI,"anticoncepcion, prevencion de its y de cancer de cuello uterino",inyectable trimestral: usuarias nuevas,2016-04-01,0,4,22,9,0,35
YOCALLA,"anticoncepcion, prevencion de its y de cancer de cuello uterino",inyectable trimestral: usuarias nuevas,2016-04-01,0,0,6,0,0,6
YOTALA,"anticoncepcion, prevencion de its y de cancer de cuello uterino",inyectable trimestral: usuarias nuevas,2016-04-01,0,0,2,2,0,4
YUNCHARA,"anticoncepcion, prevencion de its y de cancer de cuello uterino",inyectable trimestral: usuarias nuevas,2016-04-01,0,1,1,0,0,2
ZUDAÃ‘EZ,"anticoncepcion, prevencion de its y de cancer de cuello uterino",inyectable trimestral: usuarias nuevas,2016-04-01,0,0,5,2,0,7
ACACIO,"anticoncepcion, prevencion de its y de cancer de cuello uterino",inyectable trimestral: usuarias nuevas,2016-05-01,0,2,2,2,0,6
ACHACACHI,"anticoncepcion, prevencion de its y de cancer de cuello uterino",inyectable trimestral: usuarias nuevas,2016-05-01,0,2,11,4,0,17
ACHOCALLA,"anticoncepcion, prevencion de its y de cancer de cuello uterino",inyectable trimestral: usuarias nuevas,2016-05-01,0,3,9,0,0,12
AIQUILE,"anticoncepcion, prevencion de its y de cancer de cuello uterino",inyectable trimestral: usuarias nuevas,2016-05-01,0,2,5,7,0,14
ALCALA,"anticoncepcion, prevencion de its y de cancer de cuello uterino",inyectable trimestral: usuarias nuevas,2016-05-01,0,2,0,0,0,2
ALTO BENI,"anticoncepcion, prevencion de its y de cancer de cuello uterino",inyectable trimestral: usuarias nuevas,2016-05-01,0,2,6,0,0,8
ANCORAIMES,"anticoncepcion, prevencion de its y de cancer de cuello uterino",inyectable trimestral: usuarias nuevas,2016-05-01,0,1,2,2,0,5
ANDAMARCA,"anticoncepcion, prevencion de its y de cancer de cuello uterino",inyectable trimestral: usuarias nuevas,2016-05-01,0,0,2,0,0,2
ANTEQUERA,"anticoncepcion, prevencion de its y de cancer de cuello uterino",inyectable trimestral: usuarias nuevas,2016-05-01,0,1,2,0,0,3
ANZALDO,"anticoncepcion, prevencion de its y de cancer de cuello uterino",inyectable trimestral: usuarias nuevas,2016-05-01,0,0,1,1,0,2
APOLO,"anticoncepcion, prevencion de its y de cancer de cuello uterino",inyectable trimestral: usuarias nuevas,2016-05-01,0,1,2,5,0,8
ARAMPAMPA,"anticoncepcion, prevencion de its y de cancer de cuello uterino",inyectable trimestral: usuarias nuevas,2016-05-01,0,0,1,0,0,1
ARBIETO,"anticoncepcion, prevencion de its y de cancer de cuello uterino",inyectable trimestral: usuarias nuevas,2016-05-01,0,3,12,6,0,21
ARQUE,"anticoncepcion, prevencion de its y de cancer de cuello uterino",inyectable trimestral: usuarias nuevas,2016-05-01,0,2,4,1,0,7
ASCENCION DE GUARAYOS,"anticoncepcion, prevencion de its y de cancer de cuello uterino",inyectable trimestral: usuarias nuevas,2016-05-01,1,5,21,6,0,33
ATOCHA,"anticoncepcion, prevencion de its y de cancer de cuello uterino",inyectable trimestral: usuarias nuevas,2016-05-01,0,1,6,6,0,13
AUCAPATA,"anticoncepcion, prevencion de its y de cancer de cuello uterino",inyectable trimestral: usuarias nuevas,2016-05-01,0,0,2,1,0,3
AYATA,"anticoncepcion, prevencion de its y de cancer de cuello uterino",inyectable trimestral: usuarias nuevas,2016-05-01,0,0,3,1,0,4
AYO AYO,"anticoncepcion, prevencion de its y de cancer de cuello uterino",inyectable trimestral: usuarias nuevas,2016-05-01,0,0,2,2,0,4
AYOPAYA (V. DE INDEPENDENCIA),"anticoncepcion, prevencion de its y de cancer de cuello uterino",inyectable trimestral: usuarias nuevas,2016-05-01,0,7,7,0,0,14
AZURDUY,"anticoncepcion, prevencion de its y de cancer de cuello uterino",inyectable trimestral: usuarias nuevas,2016-05-01,0,4,4,5,0,13
BATALLAS,"anticoncepcion, prevencion de its y de cancer de cuello uterino",inyectable trimestral: usuarias nuevas,2016-05-01,0,2,6,2,0,10
BAURES,"anticoncepcion, prevencion de its y de cancer de cuello uterino",inyectable trimestral: usuarias nuevas,2016-05-01,0,0,3,0,0,3
BERMEJO,"anticoncepcion, prevencion de its y de cancer de cuello uterino",inyectable trimestral: usuarias nuevas,2016-05-01,2,6,12,8,0,28
BETANZOS,"anticoncepcion, prevencion de its y de cancer de cuello uterino",inyectable trimestral: usuarias nuevas,2016-05-01,0,0,13,3,0,16
BOLIVAR,"anticoncepcion, prevencion de its y de cancer de cuello uterino",inyectable trimestral: usuarias nuevas,2016-05-01,0,0,4,0,0,4
BOLPEBRA,"anticoncepcion, prevencion de its y de cancer de cuello uterino",inyectable trimestral: usuarias nuevas,2016-05-01,0,1,2,0,0,3
BOYUIBE,"anticoncepcion, prevencion de its y de cancer de cuello uterino",inyectable trimestral: usuarias nuevas,2016-05-01,0,0,3,1,0,4
BUENA VISTA,"anticoncepcion, prevencion de its y de cancer de cuello uterino",inyectable trimestral: usuarias nuevas,2016-05-01,1,0,4,0,0,5
CABEZAS,"anticoncepcion, prevencion de its y de cancer de cuello uterino",inyectable trimestral: usuarias nuevas,2016-05-01,0,2,14,1,0,17
CAIROMA,"anticoncepcion, prevencion de its y de cancer de cuello uterino",inyectable trimestral: usuarias nuevas,2016-05-01,0,1,3,1,0,5
"CAIZA ""D""","anticoncepcion, prevencion de its y de cancer de cuello uterino",inyectable trimestral: usuarias nuevas,2016-05-01,0,0,4,0,0,4
CAJUATA,"anticoncepcion, prevencion de its y de cancer de cuello uterino",inyectable trimestral: usuarias nuevas,2016-05-01,0,1,8,7,0,16
CALAMARCA,"anticoncepcion, prevencion de its y de cancer de cuello uterino",inyectable trimestral: usuarias nuevas,2016-05-01,0,1,7,0,0,8
CAMARGO,"anticoncepcion, prevencion de its y de cancer de cuello uterino",inyectable trimestral: usuarias nuevas,2016-05-01,0,3,5,3,0,11
CAMIRI,"anticoncepcion, prevencion de its y de cancer de cuello uterino",inyectable trimestral: usuarias nuevas,2016-05-01,0,3,3,2,0,8
CAPINOTA,"anticoncepcion, prevencion de its y de cancer de cuello uterino",inyectable trimestral: usuarias nuevas,2016-05-01,0,5,6,1,0,12
CAQUIAVIRI,"anticoncepcion, prevencion de its y de cancer de cuello uterino",inyectable trimestral: usuarias nuevas,2016-05-01,0,1,3,1,0,5
CARACOLLO,"anticoncepcion, prevencion de its y de cancer de cuello uterino",inyectable trimestral: usuarias nuevas,2016-05-01,0,3,11,4,0,18
CARANAVI,"anticoncepcion, prevencion de its y de cancer de cuello uterino",inyectable trimestral: usuarias nuevas,2016-05-01,0,5,20,2,0,27
CARAPARI,"anticoncepcion, prevencion de its y de cancer de cuello uterino",inyectable trimestral: usuarias nuevas,2016-05-01,0,2,7,4,0,13
CARIPUYO,"anticoncepcion, prevencion de its y de cancer de cuello uterino",inyectable trimestral: usuarias nuevas,2016-05-01,0,0,2,1,0,3
CARMEN RIVERO TORREZ,"anticoncepcion, prevencion de its y de cancer de cuello uterino",inyectable trimestral: usuarias nuevas,2016-05-01,0,0,1,0,0,1
CATACORA,"anticoncepcion, prevencion de its y de cancer de cuello uterino",inyectable trimestral: usuarias nuevas,2016-05-01,0,0,1,0,0,1
CHACARILLA,"anticoncepcion, prevencion de its y de cancer de cuello uterino",inyectable trimestral: usuarias nuevas,2016-05-01,0,2,0,0,0,2
CHALLAPATA,"anticoncepcion, prevencion de its y de cancer de cuello uterino",inyectable trimestral: usuarias nuevas,2016-05-01,0,0,15,3,0,18
CHAQUI,"anticoncepcion, prevencion de its y de cancer de cuello uterino",inyectable trimestral: usuarias nuevas,2016-05-01,0,1,3,2,0,6
CHARAGUA,"anticoncepcion, prevencion de its y de cancer de cuello uterino",inyectable trimestral: usuarias nuevas,2016-05-01,0,2,10,1,0,13
CHAYANTA,"anticoncepcion, prevencion de its y de cancer de cuello uterino",inyectable trimestral: usuarias nuevas,2016-05-01,0,0,8,1,0,9
CHIMORE,"anticoncepcion, prevencion de its y de cancer de cuello uterino",inyectable trimestral: usuarias nuevas,2016-05-01,0,0,15,1,0,16
CHIPAYA,"anticoncepcion, prevencion de its y de cancer de cuello uterino",inyectable trimestral: usuarias nuevas,2016-05-01,0,1,0,0,0,1
CHOQUE COTA,"anticoncepcion, prevencion de its y de cancer de cuello uterino",inyectable trimestral: usuarias nuevas,2016-05-01,0,0,1,1,0,2
CHUA COCANI,"anticoncepcion, prevencion de its y de cancer de cuello uterino",inyectable trimestral: usuarias nuevas,2016-05-01,0,0,1,0,0,1
CHULUMANI (V. DE LA LIBERTAD),"anticoncepcion, prevencion de its y de cancer de cuello uterino",inyectable trimestral: usuarias nuevas,2016-05-01,0,3,12,1,0,16
CHUMA,"anticoncepcion, prevencion de its y de cancer de cuello uterino",inyectable trimestral: usuarias nuevas,2016-05-01,0,0,2,1,0,3
CHUQUIHUTA AYLLU JUCUMANI,"anticoncepcion, prevencion de its y de cancer de cuello uterino",inyectable trimestral: usuarias nuevas,2016-05-01,0,0,1,0,0,1
CKOCHAS,"anticoncepcion, prevencion de its y de cancer de cuello uterino",inyectable trimestral: usuarias nuevas,2016-05-01,0,0,5,2,0,7
CLIZA,"anticoncepcion, prevencion de its y de cancer de cuello uterino",inyectable trimestral: usuarias nuevas,2016-05-01,0,1,7,1,0,9
COBIJA,"anticoncepcion, prevencion de its y de cancer de cuello uterino",inyectable trimestral: usuarias nuevas,2016-05-01,0,2,4,0,0,6
COCAPATA,"anticoncepcion, prevencion de its y de cancer de cuello uterino",inyectable trimestral: usuarias nuevas,2016-05-01,0,1,10,3,0,14
COCHABAMBA,"anticoncepcion, prevencion de its y de cancer de cuello uterino",inyectable trimestral: usuarias nuevas,2016-05-01,0,18,81,23,0,122
COIPASA,"anticoncepcion, prevencion de its y de cancer de cuello uterino",inyectable trimestral: usuarias nuevas,2016-05-01,0,1,1,0,0,2
COLCAPIRHUA,"anticoncepcion, prevencion de its y de cancer de cuello uterino",inyectable trimestral: usuarias nuevas,2016-05-01,0,3,14,2,0,19
"COLCHA ""K""","anticoncepcion, prevencion de its y de cancer de cuello uterino",inyectable trimestral: usuarias nuevas,2016-05-01,0,1,6,0,0,7
COLLANA,"anticoncepcion, prevencion de its y de cancer de cuello uterino",inyectable trimestral: usuarias nuevas,2016-05-01,0,0,3,0,0,3
COLOMI,"anticoncepcion, prevencion de its y de cancer de cuello uterino",inyectable trimestral: usuarias nuevas,2016-05-01,0,4,7,2,0,13
COLPA BELGICA,"anticoncepcion, prevencion de its y de cancer de cuello uterino",inyectable trimestral: usuarias nuevas,2016-05-01,0,1,1,0,0,2
COLQUECHACA,"anticoncepcion, prevencion de its y de cancer de cuello uterino",inyectable trimestral: usuarias nuevas,2016-05-01,0,2,9,3,0,14
COLQUENCHA,"anticoncepcion, prevencion de its y de cancer de cuello uterino",inyectable trimestral: usuarias nuevas,2016-05-01,0,1,0,1,0,2
COLQUIRI,"anticoncepcion, prevencion de its y de cancer de cuello uterino",inyectable trimestral: usuarias nuevas,2016-05-01,0,1,7,1,0,9
COMANCHE,"anticoncepcion, prevencion de its y de cancer de cuello uterino",inyectable trimestral: usuarias nuevas,2016-05-01,0,0,1,0,0,1
COMARAPA,"anticoncepcion, prevencion de its y de cancer de cuello uterino",inyectable trimestral: usuarias nuevas,2016-05-01,0,4,10,5,0,19
CONCEPCION,"anticoncepcion, prevencion de its y de cancer de cuello uterino",inyectable trimestral: usuarias nuevas,2016-05-01,0,0,1,0,0,1
COPACABANA,"anticoncepcion, prevencion de its y de cancer de cuello uterino",inyectable trimestral: usuarias nuevas,2016-05-01,0,0,2,2,0,4
CORIPATA,"anticoncepcion, prevencion de its y de cancer de cuello uterino",inyectable trimestral: usuarias nuevas,2016-05-01,0,1,5,2,0,8
CORO CORO,"anticoncepcion, prevencion de its y de cancer de cuello uterino",inyectable trimestral: usuarias nuevas,2016-05-01,0,1,0,1,0,2
COROICO,"anticoncepcion, prevencion de its y de cancer de cuello uterino",inyectable trimestral: usuarias nuevas,2016-05-01,0,0,0,1,0,1
CORQUE,"anticoncepcion, prevencion de its y de cancer de cuello uterino",inyectable trimestral: usuarias nuevas,2016-05-01,0,1,2,0,0,3
COTAGAITA,"anticoncepcion, prevencion de its y de cancer de cuello uterino",inyectable trimestral: usuarias nuevas,2016-05-01,0,0,4,0,0,4
COTOCA,"anticoncepcion, prevencion de its y de cancer de cuello uterino",inyectable trimestral: usuarias nuevas,2016-05-01,0,12,26,1,0,39
CUATRO CAÃ‘ADAS,"anticoncepcion, prevencion de its y de cancer de cuello uterino",inyectable trimestral: usuarias nuevas,2016-05-01,0,1,10,4,0,15
CUCHUMUELA (V. G. VILLARROEL),"anticoncepcion, prevencion de its y de cancer de cuello uterino",inyectable trimestral: usuarias nuevas,2016-05-01,1,0,2,0,0,3
CUEVO,"anticoncepcion, prevencion de its y de cancer de cuello uterino",inyectable trimestral: usuarias nuevas,2016-05-01,0,3,0,1,0,4
CULPINA,"anticoncepcion, prevencion de its y de cancer de cuello uterino",inyectable trimestral: usuarias nuevas,2016-05-01,1,0,3,6,0,10
CURAHUARA DE CARANGAS,"anticoncepcion, prevencion de its y de cancer de cuello uterino",inyectable trimestral: usuarias nuevas,2016-05-01,0,2,1,0,1,4
DESAGUADERO,"anticoncepcion, prevencion de its y de cancer de cuello uterino",inyectable trimestral: usuarias nuevas,2016-05-01,0,0,2,0,0,2
EL ALTO,"anticoncepcion, prevencion de its y de cancer de cuello uterino",inyectable trimestral: usuarias nuevas,2016-05-01,0,19,155,61,1,236
EL CHORO,"anticoncepcion, prevencion de its y de cancer de cuello uterino",inyectable trimestral: usuarias nuevas,2016-05-01,0,0,2,1,0,3
EL PUENTE(STC),"anticoncepcion, prevencion de its y de cancer de cuello uterino",inyectable trimestral: usuarias nuevas,2016-05-01,0,1,9,6,0,16
EL PUENTE(TJA),"anticoncepcion, prevencion de its y de cancer de cuello uterino",inyectable trimestral: usuarias nuevas,2016-05-01,0,4,10,5,0,19
EL TORNO,"anticoncepcion, prevencion de its y de cancer de cuello uterino",inyectable trimestral: usuarias nuevas,2016-05-01,2,9,10,3,0,24
EL VILLAR,"anticoncepcion, prevencion de its y de cancer de cuello uterino",inyectable trimestral: usuarias nuevas,2016-05-01,0,4,2,1,0,7
ENTRE RIOS TRJ,"anticoncepcion, prevencion de its y de cancer de cuello uterino",inyectable trimestral: usuarias nuevas,2016-05-01,0,8,9,2,0,19
ENTRE RIOS CBBA,"anticoncepcion, prevencion de its y de cancer de cuello uterino",inyectable trimestral: usuarias nuevas,2016-05-01,0,1,10,5,0,16
ESMERALDA,"anticoncepcion, prevencion de its y de cancer de cuello uterino",inyectable trimestral: usuarias nuevas,2016-05-01,0,0,3,2,0,5
EUREKA (SANTOS MERCADO),"anticoncepcion, prevencion de its y de cancer de cuello uterino",inyectable trimestral: usuarias nuevas,2016-05-01,0,3,3,0,0,6
FERNANDEZ ALONSO,"anticoncepcion, prevencion de its y de cancer de cuello uterino",inyectable trimestral: usuarias nuevas,2016-05-01,0,6,15,8,0,29
FILADELFIA,"anticoncepcion, prevencion de its y de cancer de cuello uterino",inyectable trimestral: usuarias nuevas,2016-05-01,0,1,13,2,0,16
GENERAL SAAVEDRA,"anticoncepcion, prevencion de its y de cancer de cuello uterino",inyectable trimestral: usuarias nuevas,2016-05-01,0,5,7,4,0,16
GRAL. J.J. PEREZ (CHARAZANI),"anticoncepcion, prevencion de its y de cancer de cuello uterino",inyectable trimestral: usuarias nuevas,2016-05-01,0,0,1,2,0,3
GUANAY,"anticoncepcion, prevencion de its y de cancer de cuello uterino",inyectable trimestral: usuarias nuevas,2016-05-01,0,0,4,2,0,6
GUAQUI,"anticoncepcion, prevencion de its y de cancer de cuello uterino",inyectable trimestral: usuarias nuevas,2016-05-01,0,1,1,0,0,2
GUAYARAMERIN,"anticoncepcion, prevencion de its y de cancer de cuello uterino",inyectable trimestral: usuarias nuevas,2016-05-01,1,7,20,8,0,36
GUTIERREZ,"anticoncepcion, prevencion de its y de cancer de cuello uterino",inyectable trimestral: usuarias nuevas,2016-05-01,0,0,2,1,0,3
HUACARETA,"anticoncepcion, prevencion de its y de cancer de cuello uterino",inyectable trimestral: usuarias nuevas,2016-05-01,0,1,7,1,0,9
HUACHACALLA,"anticoncepcion, prevencion de its y de cancer de cuello uterino",inyectable trimestral: usuarias nuevas,2016-05-01,0,0,2,0,0,2
HUANUNI,"anticoncepcion, prevencion de its y de cancer de cuello uterino",inyectable trimestral: usuarias nuevas,2016-05-01,0,0,9,1,0,10
HUARACAJE,"anticoncepcion, prevencion de its y de cancer de cuello uterino",inyectable trimestral: usuarias nuevas,2016-05-01,0,1,4,0,0,5
HUARINA,"anticoncepcion, prevencion de its y de cancer de cuello uterino",inyectable trimestral: usuarias nuevas,2016-05-01,0,0,3,0,0,3
HUAYLLAMARCA,"anticoncepcion, prevencion de its y de cancer de cuello uterino",inyectable trimestral: usuarias nuevas,2016-05-01,0,4,1,2,0,7
HUMANATA,"anticoncepcion, prevencion de its y de cancer de cuello uterino",inyectable trimestral: usuarias nuevas,2016-05-01,0,1,0,0,0,1
ICHOCA,"anticoncepcion, prevencion de its y de cancer de cuello uterino",inyectable trimestral: usuarias nuevas,2016-05-01,0,0,3,1,0,4
ICLA,"anticoncepcion, prevencion de its y de cancer de cuello uterino",inyectable trimestral: usuarias nuevas,2016-05-01,0,1,1,1,0,3
INCAHUASI,"anticoncepcion, prevencion de its y de cancer de cuello uterino",inyectable trimestral: usuarias nuevas,2016-05-01,0,2,3,3,0,8
INGAVI (HUMAITA),"anticoncepcion, prevencion de its y de cancer de cuello uterino",inyectable trimestral: usuarias nuevas,2016-05-01,0,0,1,0,0,1
INQUISIVI,"anticoncepcion, prevencion de its y de cancer de cuello uterino",inyectable trimestral: usuarias nuevas,2016-05-01,0,1,8,2,0,11
IRUPANA (VILLA DE LANZA),"anticoncepcion, prevencion de its y de cancer de cuello uterino",inyectable trimestral: usuarias nuevas,2016-05-01,0,1,8,2,0,11
IXIAMAS,"anticoncepcion, prevencion de its y de cancer de cuello uterino",inyectable trimestral: usuarias nuevas,2016-05-01,0,2,5,0,0,7
JESUS DE MACHACA,"anticoncepcion, prevencion de its y de cancer de cuello uterino",inyectable trimestral: usuarias nuevas,2016-05-01,0,0,0,1,0,1
LA ASUNTA,"anticoncepcion, prevencion de its y de cancer de cuello uterino",inyectable trimestral: usuarias nuevas,2016-05-01,0,1,8,5,0,14
LA GUARDIA,"anticoncepcion, prevencion de its y de cancer de cuello uterino",inyectable trimestral: usuarias nuevas,2016-05-01,0,6,26,7,0,39
LA PAZ,"anticoncepcion, prevencion de its y de cancer de cuello uterino",inyectable trimestral: usuarias nuevas,2016-05-01,0,24,159,47,0,230
LAGUNILLAS,"anticoncepcion, prevencion de its y de cancer de cuello uterino",inyectable trimestral: usuarias nuevas,2016-05-01,0,2,3,0,0,5
LAJA,"anticoncepcion, prevencion de its y de cancer de cuello uterino",inyectable trimestral: usuarias nuevas,2016-05-01,0,1,4,2,0,7
LAS CARRERAS,"anticoncepcion, prevencion de its y de cancer de cuello uterino",inyectable trimestral: usuarias nuevas,2016-05-01,0,0,0,1,0,1
LLALLAGUA,"anticoncepcion, prevencion de its y de cancer de cuello uterino",inyectable trimestral: usuarias nuevas,2016-05-01,0,5,21,0,0,26
LLICA,"anticoncepcion, prevencion de its y de cancer de cuello uterino",inyectable trimestral: usuarias nuevas,2016-05-01,0,0,5,0,0,5
LORETO,"anticoncepcion, prevencion de its y de cancer de cuello uterino",inyectable trimestral: usuarias nuevas,2016-05-01,0,0,10,3,0,13
LURIBAY,"anticoncepcion, prevencion de its y de cancer de cuello uterino",inyectable trimestral: usuarias nuevas,2016-05-01,0,1,3,1,0,5
MACHACAMARCA,"anticoncepcion, prevencion de its y de cancer de cuello uterino",inyectable trimestral: usuarias nuevas,2016-05-01,0,0,2,0,0,2
MACHARETI,"anticoncepcion, prevencion de its y de cancer de cuello uterino",inyectable trimestral: usuarias nuevas,2016-05-01,0,2,1,1,0,4
MAGDALENA,"anticoncepcion, prevencion de its y de cancer de cuello uterino",inyectable trimestral: usuarias nuevas,2016-05-01,0,0,5,0,0,5
MAIRANA,"anticoncepcion, prevencion de its y de cancer de cuello uterino",inyectable trimestral: usuarias nuevas,2016-05-01,0,2,4,1,0,7
MALLA,"anticoncepcion, prevencion de its y de cancer de cuello uterino",inyectable trimestral: usuarias nuevas,2016-05-01,0,0,2,0,0,2
MAPIRI,"anticoncepcion, prevencion de its y de cancer de cuello uterino",inyectable trimestral: usuarias nuevas,2016-05-01,0,3,3,0,0,6
MECAPACA,"anticoncepcion, prevencion de its y de cancer de cuello uterino",inyectable trimestral: usuarias nuevas,2016-05-01,0,0,2,2,0,4
MINEROS,"anticoncepcion, prevencion de its y de cancer de cuello uterino",inyectable trimestral: usuarias nuevas,2016-05-01,0,6,8,1,0,15
MIZQUE,"anticoncepcion, prevencion de its y de cancer de cuello uterino",inyectable trimestral: usuarias nuevas,2016-05-01,0,7,15,15,0,37
MOCOMOCO,"anticoncepcion, prevencion de its y de cancer de cuello uterino",inyectable trimestral: usuarias nuevas,2016-05-01,0,1,5,0,0,6
MOJOCOYA,"anticoncepcion, prevencion de its y de cancer de cuello uterino",inyectable trimestral: usuarias nuevas,2016-05-01,0,1,4,0,0,5
MONTEAGUDO,"anticoncepcion, prevencion de its y de cancer de cuello uterino",inyectable trimestral: usuarias nuevas,2016-05-01,0,3,10,2,0,15
MONTERO,"anticoncepcion, prevencion de its y de cancer de cuello uterino",inyectable trimestral: usuarias nuevas,2016-05-01,2,9,38,8,0,57
MORO MORO,"anticoncepcion, prevencion de its y de cancer de cuello uterino",inyectable trimestral: usuarias nuevas,2016-05-01,1,1,0,0,0,2
MOROCHATA,"anticoncepcion, prevencion de its y de cancer de cuello uterino",inyectable trimestral: usuarias nuevas,2016-05-01,0,2,2,1,0,5
NACEBE (SANTA ROSA DEL ABUNA),"anticoncepcion, prevencion de its y de cancer de cuello uterino",inyectable trimestral: usuarias nuevas,2016-05-01,0,1,1,0,0,2
NUEVO MANOA (NUEVA ESPERANZA),"anticoncepcion, prevencion de its y de cancer de cuello uterino",inyectable trimestral: usuarias nuevas,2016-05-01,0,0,4,0,0,4
OCURI,"anticoncepcion, prevencion de its y de cancer de cuello uterino",inyectable trimestral: usuarias nuevas,2016-05-01,0,1,6,1,0,8
OKINAWA,"anticoncepcion, prevencion de its y de cancer de cuello uterino",inyectable trimestral: usuarias nuevas,2016-05-01,0,0,1,0,0,1
OMEREQUE,"anticoncepcion, prevencion de its y de cancer de cuello uterino",inyectable trimestral: usuarias nuevas,2016-05-01,0,0,2,1,0,3
ORURO,"anticoncepcion, prevencion de its y de cancer de cuello uterino",inyectable trimestral: usuarias nuevas,2016-05-01,0,11,99,15,0,125
PADCAYA,"anticoncepcion, prevencion de its y de cancer de cuello uterino",inyectable trimestral: usuarias nuevas,2016-05-01,0,1,4,2,0,7
PADILLA,"anticoncepcion, prevencion de its y de cancer de cuello uterino",inyectable trimestral: usuarias nuevas,2016-05-01,0,1,7,0,0,8
PAILON,"anticoncepcion, prevencion de its y de cancer de cuello uterino",inyectable trimestral: usuarias nuevas,2016-05-01,0,4,5,1,0,10
PALCA,"anticoncepcion, prevencion de its y de cancer de cuello uterino",inyectable trimestral: usuarias nuevas,2016-05-01,0,1,12,3,0,16
PALOS BLANCOS,"anticoncepcion, prevencion de its y de cancer de cuello uterino",inyectable trimestral: usuarias nuevas,2016-05-01,0,5,9,5,0,19
PAMPA GRANDE,"anticoncepcion, prevencion de its y de cancer de cuello uterino",inyectable trimestral: usuarias nuevas,2016-05-01,0,0,1,0,0,1
PAPEL PAMPA,"anticoncepcion, prevencion de its y de cancer de cuello uterino",inyectable trimestral: usuarias nuevas,2016-05-01,0,0,1,0,0,1
PASORAPA,"anticoncepcion, prevencion de its y de cancer de cuello uterino",inyectable trimestral: usuarias nuevas,2016-05-01,0,0,2,0,0,2
PATACAMAYA,"anticoncepcion, prevencion de its y de cancer de cuello uterino",inyectable trimestral: usuarias nuevas,2016-05-01,0,0,1,3,0,4
PAZÃ‘A,"anticoncepcion, prevencion de its y de cancer de cuello uterino",inyectable trimestral: usuarias nuevas,2016-05-01,0,0,3,1,0,4
PELECHUCO,"anticoncepcion, prevencion de its y de cancer de cuello uterino",inyectable trimestral: usuarias nuevas,2016-05-01,0,0,4,3,0,7
POCOATA,"anticoncepcion, prevencion de its y de cancer de cuello uterino",inyectable trimestral: usuarias nuevas,2016-05-01,0,1,5,3,0,9
POCONA,"anticoncepcion, prevencion de its y de cancer de cuello uterino",inyectable trimestral: usuarias nuevas,2016-05-01,0,0,13,4,0,17
POJO (CBBA),"anticoncepcion, prevencion de its y de cancer de cuello uterino",inyectable trimestral: usuarias nuevas,2016-05-01,0,3,5,4,0,12
POOPO,"anticoncepcion, prevencion de its y de cancer de cuello uterino",inyectable trimestral: usuarias nuevas,2016-05-01,0,0,2,0,0,2
PORCO,"anticoncepcion, prevencion de its y de cancer de cuello uterino",inyectable trimestral: usuarias nuevas,2016-05-01,0,1,4,0,0,5
POROMA,"anticoncepcion, prevencion de its y de cancer de cuello uterino",inyectable trimestral: usuarias nuevas,2016-05-01,0,0,3,1,0,4
PORTACHUELO,"anticoncepcion, prevencion de its y de cancer de cuello uterino",inyectable trimestral: usuarias nuevas,2016-05-01,0,4,3,0,0,7
PORVENIR,"anticoncepcion, prevencion de its y de cancer de cuello uterino",inyectable trimestral: usuarias nuevas,2016-05-01,0,0,1,0,0,1
POTOSI,"anticoncepcion, prevencion de its y de cancer de cuello uterino",inyectable trimestral: usuarias nuevas,2016-05-01,0,15,120,47,0,182
PRESTO,"anticoncepcion, prevencion de its y de cancer de cuello uterino",inyectable trimestral: usuarias nuevas,2016-05-01,0,1,3,3,0,7
PUCARANI,"anticoncepcion, prevencion de its y de cancer de cuello uterino",inyectable trimestral: usuarias nuevas,2016-05-01,0,3,10,3,0,16
PUERTO CARABUCO,"anticoncepcion, prevencion de its y de cancer de cuello uterino",inyectable trimestral: usuarias nuevas,2016-05-01,0,1,8,3,0,12
PUERTO GONZALO MORENO,"anticoncepcion, prevencion de its y de cancer de cuello uterino",inyectable trimestral: usuarias nuevas,2016-05-01,0,3,5,0,0,8
PUERTO PEREZ,"anticoncepcion, prevencion de its y de cancer de cuello uterino",inyectable trimestral: usuarias nuevas,2016-05-01,0,0,3,2,0,5
PUERTO QUIJARRO,"anticoncepcion, prevencion de its y de cancer de cuello uterino",inyectable trimestral: usuarias nuevas,2016-05-01,0,3,1,3,0,7
PUERTO RICO,"anticoncepcion, prevencion de its y de cancer de cuello uterino",inyectable trimestral: usuarias nuevas,2016-05-01,0,2,2,1,0,5
PUERTO SILES,"anticoncepcion, prevencion de its y de cancer de cuello uterino",inyectable trimestral: usuarias nuevas,2016-05-01,0,0,1,0,0,1
PUERTO SUAREZ,"anticoncepcion, prevencion de its y de cancer de cuello uterino",inyectable trimestral: usuarias nuevas,2016-05-01,0,1,0,0,0,1
PUERTO VILLARROEL,"anticoncepcion, prevencion de its y de cancer de cuello uterino",inyectable trimestral: usuarias nuevas,2016-05-01,0,5,7,5,0,17
PUNA,"anticoncepcion, prevencion de its y de cancer de cuello uterino",inyectable trimestral: usuarias nuevas,2016-05-01,0,1,1,0,0,2
PUNATA,"anticoncepcion, prevencion de its y de cancer de cuello uterino",inyectable trimestral: usuarias nuevas,2016-05-01,0,5,10,2,0,17
QUIABAYA,"anticoncepcion, prevencion de its y de cancer de cuello uterino",inyectable trimestral: usuarias nuevas,2016-05-01,0,0,1,0,0,1
QUILLACOLLO,"anticoncepcion, prevencion de its y de cancer de cuello uterino",inyectable trimestral: usuarias nuevas,2016-05-01,1,7,29,7,0,44
QUIME,"anticoncepcion, prevencion de its y de cancer de cuello uterino",inyectable trimestral: usuarias nuevas,2016-05-01,0,0,2,0,0,2
QUIRUSILLAS,"anticoncepcion, prevencion de its y de cancer de cuello uterino",inyectable trimestral: usuarias nuevas,2016-05-01,0,1,0,0,0,1
RAVELO,"anticoncepcion, prevencion de its y de cancer de cuello uterino",inyectable trimestral: usuarias nuevas,2016-05-01,0,0,3,8,0,11
REYES,"anticoncepcion, prevencion de its y de cancer de cuello uterino",inyectable trimestral: usuarias nuevas,2016-05-01,0,1,8,5,0,14
RIBERALTA,"anticoncepcion, prevencion de its y de cancer de cuello uterino",inyectable trimestral: usuarias nuevas,2016-05-01,0,15,57,6,0,78
ROBORE,"anticoncepcion, prevencion de its y de cancer de cuello uterino",inyectable trimestral: usuarias nuevas,2016-05-01,0,3,4,1,0,8
RURRENABAQUE,"anticoncepcion, prevencion de its y de cancer de cuello uterino",inyectable trimestral: usuarias nuevas,2016-05-01,0,0,3,0,0,3
SABAYA,"anticoncepcion, prevencion de its y de cancer de cuello uterino",inyectable trimestral: usuarias nuevas,2016-05-01,0,0,3,1,0,4
SACABA,"anticoncepcion, prevencion de its y de cancer de cuello uterino",inyectable trimestral: usuarias nuevas,2016-05-01,0,16,50,5,0,71
SACABAMBA,"anticoncepcion, prevencion de its y de cancer de cuello uterino",inyectable trimestral: usuarias nuevas,2016-05-01,0,0,4,3,0,7
SACACA,"anticoncepcion, prevencion de its y de cancer de cuello uterino",inyectable trimestral: usuarias nuevas,2016-05-01,0,0,4,0,0,4
SAIPINA,"anticoncepcion, prevencion de its y de cancer de cuello uterino",inyectable trimestral: usuarias nuevas,2016-05-01,0,0,3,2,0,5
SALINAS DE GARCI MENDOZA,"anticoncepcion, prevencion de its y de cancer de cuello uterino",inyectable trimestral: usuarias nuevas,2016-05-01,0,0,3,2,0,5
SAMAIPATA,"anticoncepcion, prevencion de its y de cancer de cuello uterino",inyectable trimestral: usuarias nuevas,2016-05-01,0,1,2,1,0,4
SAN AGUSTIN,"anticoncepcion, prevencion de its y de cancer de cuello uterino",inyectable trimestral: usuarias nuevas,2016-05-01,0,0,2,0,0,2
SAN ANDRES,"anticoncepcion, prevencion de its y de cancer de cuello uterino",inyectable trimestral: usuarias nuevas,2016-05-01,0,4,5,0,0,9
SAN ANDRES DE MACHACA,"anticoncepcion, prevencion de its y de cancer de cuello uterino",inyectable trimestral: usuarias nuevas,2016-05-01,0,1,0,0,0,1
SAN ANTONIO DE LOMERIO,"anticoncepcion, prevencion de its y de cancer de cuello uterino",inyectable trimestral: usuarias nuevas,2016-05-01,0,1,2,2,0,5
SAN BENITO,"anticoncepcion, prevencion de its y de cancer de cuello uterino",inyectable trimestral: usuarias nuevas,2016-05-01,0,3,5,1,0,9
SAN BORJA,"anticoncepcion, prevencion de its y de cancer de cuello uterino",inyectable trimestral: usuarias nuevas,2016-05-01,2,4,18,3,0,27
SAN BUENA VENTURA,"anticoncepcion, prevencion de its y de cancer de cuello uterino",inyectable trimestral: usuarias nuevas,2016-05-01,0,1,6,1,0,8
SAN CARLOS,"anticoncepcion, prevencion de its y de cancer de cuello uterino",inyectable trimestral: usuarias nuevas,2016-05-01,0,4,9,3,0,16
SAN IGNACIO,"anticoncepcion, prevencion de its y de cancer de cuello uterino",inyectable trimestral: usuarias nuevas,2016-05-01,0,3,7,2,0,12
SAN IGNACIO DE VELASCO,"anticoncepcion, prevencion de its y de cancer de cuello uterino",inyectable trimestral: usuarias nuevas,2016-05-01,0,5,16,4,0,25
SAN JAVIER(BNI),"anticoncepcion, prevencion de its y de cancer de cuello uterino",inyectable trimestral: usuarias nuevas,2016-05-01,0,1,3,0,0,4
SAN JAVIER(STC),"anticoncepcion, prevencion de its y de cancer de cuello uterino",inyectable trimestral: usuarias nuevas,2016-05-01,0,0,3,1,0,4
SAN JOAQUIN,"anticoncepcion, prevencion de its y de cancer de cuello uterino",inyectable trimestral: usuarias nuevas,2016-05-01,0,2,4,0,0,6
SAN JOSE DE CHIQUITOS,"anticoncepcion, prevencion de its y de cancer de cuello uterino",inyectable trimestral: usuarias nuevas,2016-05-01,0,1,3,0,0,4
SAN JUAN DE YAPACANI,"anticoncepcion, prevencion de its y de cancer de cuello uterino",inyectable trimestral: usuarias nuevas,2016-05-01,0,4,3,1,0,8
SAN JULIAN,"anticoncepcion, prevencion de its y de cancer de cuello uterino",inyectable trimestral: usuarias nuevas,2016-05-01,1,2,18,4,0,25
SAN LORENZO(PND),"anticoncepcion, prevencion de its y de cancer de cuello uterino",inyectable trimestral: usuarias nuevas,2016-05-01,1,0,3,0,0,4
SAN LORENZO(TJA),"anticoncepcion, prevencion de its y de cancer de cuello uterino",inyectable trimestral: usuarias nuevas,2016-05-01,1,2,6,2,0,11
SAN LUCAS,"anticoncepcion, prevencion de its y de cancer de cuello uterino",inyectable trimestral: usuarias nuevas,2016-05-01,0,1,17,5,0,23
SAN MATIAS,"anticoncepcion, prevencion de its y de cancer de cuello uterino",inyectable trimestral: usuarias nuevas,2016-05-01,0,5,7,0,0,12
SAN MIGUEL DE VELASCO,"anticoncepcion, prevencion de its y de cancer de cuello uterino",inyectable trimestral: usuarias nuevas,2016-05-01,1,0,1,1,0,3
SAN PABLO DE LIPEZ,"anticoncepcion, prevencion de its y de cancer de cuello uterino",inyectable trimestral: usuarias nuevas,2016-05-01,0,1,5,0,0,6
SAN PEDRO,"anticoncepcion, prevencion de its y de cancer de cuello uterino",inyectable trimestral: usuarias nuevas,2016-05-01,0,2,8,1,0,11
SAN PEDRO DE BUENA VISTA,"anticoncepcion, prevencion de its y de cancer de cuello uterino",inyectable trimestral: usuarias nuevas,2016-05-01,0,2,12,5,0,19
SAN PEDRO DE CURAHUARA,"anticoncepcion, prevencion de its y de cancer de cuello uterino",inyectable trimestral: usuarias nuevas,2016-05-01,0,0,1,0,0,1
SAN PEDRO DE TIQUINA,"anticoncepcion, prevencion de its y de cancer de cuello uterino",inyectable trimestral: usuarias nuevas,2016-05-01,0,0,1,0,0,1
SAN PEDRO(PND),"anticoncepcion, prevencion de its y de cancer de cuello uterino",inyectable trimestral: usuarias nuevas,2016-05-01,0,1,0,0,0,1
SAN RAFAEL,"anticoncepcion, prevencion de its y de cancer de cuello uterino",inyectable trimestral: usuarias nuevas,2016-05-01,0,2,8,3,0,13
SAN RAMON SCZ,"anticoncepcion, prevencion de its y de cancer de cuello uterino",inyectable trimestral: usuarias nuevas,2016-05-01,0,3,6,0,0,9
SANTA ANA,"anticoncepcion, prevencion de its y de cancer de cuello uterino",inyectable trimestral: usuarias nuevas,2016-05-01,0,3,3,0,0,6
SANTA CRUZ DE LA SIERRA,"anticoncepcion, prevencion de its y de cancer de cuello uterino",inyectable trimestral: usuarias nuevas,2016-05-01,3,75,248,38,3,367
SANTA ROSA,"anticoncepcion, prevencion de its y de cancer de cuello uterino",inyectable trimestral: usuarias nuevas,2016-05-01,1,0,2,1,0,4
SANTA ROSA DEL SARA,"anticoncepcion, prevencion de its y de cancer de cuello uterino",inyectable trimestral: usuarias nuevas,2016-05-01,0,3,6,1,0,10
SANTIAGO DE CALLAPA,"anticoncepcion, prevencion de its y de cancer de cuello uterino",inyectable trimestral: usuarias nuevas,2016-05-01,0,1,0,0,0,1
SANTIAGO DE HUARI,"anticoncepcion, prevencion de its y de cancer de cuello uterino",inyectable trimestral: usuarias nuevas,2016-05-01,0,0,3,2,0,5
SANTIAGO DE HUATA,"anticoncepcion, prevencion de its y de cancer de cuello uterino",inyectable trimestral: usuarias nuevas,2016-05-01,0,0,3,1,0,4
SANTIAGO DE MACHACA,"anticoncepcion, prevencion de its y de cancer de cuello uterino",inyectable trimestral: usuarias nuevas,2016-05-01,0,0,1,0,0,1
SANTIVAÃ‘ES,"anticoncepcion, prevencion de its y de cancer de cuello uterino",inyectable trimestral: usuarias nuevas,2016-05-01,0,0,4,0,0,4
SANTUARIO DE QUILLACAS,"anticoncepcion, prevencion de its y de cancer de cuello uterino",inyectable trimestral: usuarias nuevas,2016-05-01,0,1,3,0,0,4
SAPAHAQUI,"anticoncepcion, prevencion de its y de cancer de cuello uterino",inyectable trimestral: usuarias nuevas,2016-05-01,0,0,3,1,0,4
SENA,"anticoncepcion, prevencion de its y de cancer de cuello uterino",inyectable trimestral: usuarias nuevas,2016-05-01,0,2,9,1,0,12
SHINAOTA,"anticoncepcion, prevencion de its y de cancer de cuello uterino",inyectable trimestral: usuarias nuevas,2016-05-01,0,2,5,1,0,8
SICA SICA (VILLA AROMA),"anticoncepcion, prevencion de its y de cancer de cuello uterino",inyectable trimestral: usuarias nuevas,2016-05-01,0,0,11,1,0,12
SICAYA,"anticoncepcion, prevencion de its y de cancer de cuello uterino",inyectable trimestral: usuarias nuevas,2016-05-01,0,0,5,1,0,6
SIPE SIPE,"anticoncepcion, prevencion de its y de cancer de cuello uterino",inyectable trimestral: usuarias nuevas,2016-05-01,0,7,29,8,0,44
SOPACHUY,"anticoncepcion, prevencion de its y de cancer de cuello uterino",inyectable trimestral: usuarias nuevas,2016-05-01,0,2,8,2,0,12
SORATA,"anticoncepcion, prevencion de its y de cancer de cuello uterino",inyectable trimestral: usuarias nuevas,2016-05-01,0,5,8,4,0,17
SUCRE,"anticoncepcion, prevencion de its y de cancer de cuello uterino",inyectable trimestral: usuarias nuevas,2016-05-01,1,18,93,16,0,128
TACACOMA,"anticoncepcion, prevencion de its y de cancer de cuello uterino",inyectable trimestral: usuarias nuevas,2016-05-01,0,2,2,2,0,6
TACOBAMBA,"anticoncepcion, prevencion de its y de cancer de cuello uterino",inyectable trimestral: usuarias nuevas,2016-05-01,0,2,1,3,0,6
TACOPAYA,"anticoncepcion, prevencion de its y de cancer de cuello uterino",inyectable trimestral: usuarias nuevas,2016-05-01,0,0,2,2,0,4
TAPACARI,"anticoncepcion, prevencion de its y de cancer de cuello uterino",inyectable trimestral: usuarias nuevas,2016-05-01,0,2,4,7,0,13
TARABUCO,"anticoncepcion, prevencion de its y de cancer de cuello uterino",inyectable trimestral: usuarias nuevas,2016-05-01,0,0,7,2,0,9
TARACO,"anticoncepcion, prevencion de its y de cancer de cuello uterino",inyectable trimestral: usuarias nuevas,2016-05-01,0,2,2,0,0,4
TARATA,"anticoncepcion, prevencion de its y de cancer de cuello uterino",inyectable trimestral: usuarias nuevas,2016-05-01,0,3,3,1,0,7
TARIJA,"anticoncepcion, prevencion de its y de cancer de cuello uterino",inyectable trimestral: usuarias nuevas,2016-05-01,0,11,43,5,0,59
TARVITA,"anticoncepcion, prevencion de its y de cancer de cuello uterino",inyectable trimestral: usuarias nuevas,2016-05-01,1,2,6,1,0,10
TEOPONTE,"anticoncepcion, prevencion de its y de cancer de cuello uterino",inyectable trimestral: usuarias nuevas,2016-05-01,0,2,8,3,0,13
TIAWANACU,"anticoncepcion, prevencion de its y de cancer de cuello uterino",inyectable trimestral: usuarias nuevas,2016-05-01,0,2,3,2,0,7
TINGUIPAYA,"anticoncepcion, prevencion de its y de cancer de cuello uterino",inyectable trimestral: usuarias nuevas,2016-05-01,0,1,2,0,0,3
TIPUANI,"anticoncepcion, prevencion de its y de cancer de cuello uterino",inyectable trimestral: usuarias nuevas,2016-05-01,0,0,2,1,0,3
TIQUIPAYA,"anticoncepcion, prevencion de its y de cancer de cuello uterino",inyectable trimestral: usuarias nuevas,2016-05-01,1,13,31,5,0,50
TIRAQUE (CBBA),"anticoncepcion, prevencion de its y de cancer de cuello uterino",inyectable trimestral: usuarias nuevas,2016-05-01,0,3,2,2,1,8
TITO YUPANQUI (PARQUIPUJIO),"anticoncepcion, prevencion de its y de cancer de cuello uterino",inyectable trimestral: usuarias nuevas,2016-05-01,0,0,1,0,0,1
TOCO,"anticoncepcion, prevencion de its y de cancer de cuello uterino",inyectable trimestral: usuarias nuevas,2016-05-01,0,0,7,1,0,8
TOLATA,"anticoncepcion, prevencion de its y de cancer de cuello uterino",inyectable trimestral: usuarias nuevas,2016-05-01,0,2,3,2,0,7
TOMAVE,"anticoncepcion, prevencion de its y de cancer de cuello uterino",inyectable trimestral: usuarias nuevas,2016-05-01,0,1,2,2,0,5
TOMINA,"anticoncepcion, prevencion de its y de cancer de cuello uterino",inyectable trimestral: usuarias nuevas,2016-05-01,0,1,6,1,0,8
TORO TORO,"anticoncepcion, prevencion de its y de cancer de cuello uterino",inyectable trimestral: usuarias nuevas,2016-05-01,0,3,11,3,0,17
TOTORA(CBBA),"anticoncepcion, prevencion de its y de cancer de cuello uterino",inyectable trimestral: usuarias nuevas,2016-05-01,0,3,9,0,0,12
TOTORA(ORR),"anticoncepcion, prevencion de its y de cancer de cuello uterino",inyectable trimestral: usuarias nuevas,2016-05-01,0,1,5,0,0,6
TRIGAL,"anticoncepcion, prevencion de its y de cancer de cuello uterino",inyectable trimestral: usuarias nuevas,2016-05-01,0,1,0,0,0,1
TRINIDAD,"anticoncepcion, prevencion de its y de cancer de cuello uterino",inyectable trimestral: usuarias nuevas,2016-05-01,1,2,12,0,0,15
TUPIZA,"anticoncepcion, prevencion de its y de cancer de cuello uterino",inyectable trimestral: usuarias nuevas,2016-05-01,0,5,25,13,0,43
TURCO,"anticoncepcion, prevencion de its y de cancer de cuello uterino",inyectable trimestral: usuarias nuevas,2016-05-01,0,0,2,1,0,3
UMALA,"anticoncepcion, prevencion de its y de cancer de cuello uterino",inyectable trimestral: usuarias nuevas,2016-05-01,0,1,1,2,0,4
UNCIA,"anticoncepcion, prevencion de its y de cancer de cuello uterino",inyectable trimestral: usuarias nuevas,2016-05-01,0,3,14,3,0,20
URIONDO (A. CONCEPCION),"anticoncepcion, prevencion de its y de cancer de cuello uterino",inyectable trimestral: usuarias nuevas,2016-05-01,1,3,3,1,0,8
URUBICHA,"anticoncepcion, prevencion de its y de cancer de cuello uterino",inyectable trimestral: usuarias nuevas,2016-05-01,0,0,0,1,0,1
UYUNI,"anticoncepcion, prevencion de its y de cancer de cuello uterino",inyectable trimestral: usuarias nuevas,2016-05-01,0,0,3,3,0,6
VACAS,"anticoncepcion, prevencion de its y de cancer de cuello uterino",inyectable trimestral: usuarias nuevas,2016-05-01,0,1,0,0,0,1
VALLEGRANDE,"anticoncepcion, prevencion de its y de cancer de cuello uterino",inyectable trimestral: usuarias nuevas,2016-05-01,0,1,2,1,0,4
VIACHA,"anticoncepcion, prevencion de its y de cancer de cuello uterino",inyectable trimestral: usuarias nuevas,2016-05-01,0,2,10,10,0,22
VILLA CHARCAS,"anticoncepcion, prevencion de its y de cancer de cuello uterino",inyectable trimestral: usuarias nuevas,2016-05-01,0,3,4,4,0,11
VILLA MONTES,"anticoncepcion, prevencion de its y de cancer de cuello uterino",inyectable trimestral: usuarias nuevas,2016-05-01,0,3,18,2,0,23
VILLA RIVERO,"anticoncepcion, prevencion de its y de cancer de cuello uterino",inyectable trimestral: usuarias nuevas,2016-05-01,0,2,8,4,0,14
VILLA SERRANO,"anticoncepcion, prevencion de its y de cancer de cuello uterino",inyectable trimestral: usuarias nuevas,2016-05-01,0,0,5,4,0,9
VILLA TUNARI,"anticoncepcion, prevencion de its y de cancer de cuello uterino",inyectable trimestral: usuarias nuevas,2016-05-01,3,22,46,9,0,80
VILLA VACA GUZMAN (MUYUPAMPA),"anticoncepcion, prevencion de its y de cancer de cuello uterino",inyectable trimestral: usuarias nuevas,2016-05-01,1,7,6,0,0,14
VILLAZON,"anticoncepcion, prevencion de its y de cancer de cuello uterino",inyectable trimestral: usuarias nuevas,2016-05-01,0,1,7,1,0,9
VINTO,"anticoncepcion, prevencion de its y de cancer de cuello uterino",inyectable trimestral: usuarias nuevas,2016-05-01,0,5,17,7,0,29
VITICHI,"anticoncepcion, prevencion de its y de cancer de cuello uterino",inyectable trimestral: usuarias nuevas,2016-05-01,0,0,4,1,0,5
WARNES,"anticoncepcion, prevencion de its y de cancer de cuello uterino",inyectable trimestral: usuarias nuevas,2016-05-01,0,11,29,9,0,49
YACO,"anticoncepcion, prevencion de its y de cancer de cuello uterino",inyectable trimestral: usuarias nuevas,2016-05-01,0,1,0,0,0,1
YACUIBA,"anticoncepcion, prevencion de its y de cancer de cuello uterino",inyectable trimestral: usuarias nuevas,2016-05-01,0,9,37,8,0,54
YAMPARAEZ,"anticoncepcion, prevencion de its y de cancer de cuello uterino",inyectable trimestral: usuarias nuevas,2016-05-01,1,1,2,5,0,9
YANACACHI,"anticoncepcion, prevencion de its y de cancer de cuello uterino",inyectable trimestral: usuarias nuevas,2016-05-01,0,0,4,0,0,4
YAPACANI,"anticoncepcion, prevencion de its y de cancer de cuello uterino",inyectable trimestral: usuarias nuevas,2016-05-01,0,7,30,8,0,45
YOCALLA,"anticoncepcion, prevencion de its y de cancer de cuello uterino",inyectable trimestral: usuarias nuevas,2016-05-01,0,0,3,0,0,3
YOTALA,"anticoncepcion, prevencion de its y de cancer de cuello uterino",inyectable trimestral: usuarias nuevas,2016-05-01,0,0,2,0,0,2
YUNCHARA,"anticoncepcion, prevencion de its y de cancer de cuello uterino",inyectable trimestral: usuarias nuevas,2016-05-01,0,0,2,1,0,3
ZUDAÃ‘EZ,"anticoncepcion, prevencion de its y de cancer de cuello uterino",inyectable trimestral: usuarias nuevas,2016-05-01,0,1,3,0,0,4
ACACIO,"anticoncepcion, prevencion de its y de cancer de cuello uterino",inyectable trimestral: usuarias nuevas,2016-06-01,0,1,1,1,0,3
ACHACACHI,"anticoncepcion, prevencion de its y de cancer de cuello uterino",inyectable trimestral: usuarias nuevas,2016-06-01,0,0,5,2,0,7
ACHOCALLA,"anticoncepcion, prevencion de its y de cancer de cuello uterino",inyectable trimestral: usuarias nuevas,2016-06-01,0,1,8,5,0,14
AIQUILE,"anticoncepcion, prevencion de its y de cancer de cuello uterino",inyectable trimestral: usuarias nuevas,2016-06-01,0,1,6,6,0,13
ALALAY,"anticoncepcion, prevencion de its y de cancer de cuello uterino",inyectable trimestral: usuarias nuevas,2016-06-01,0,3,1,1,0,5
ALCALA,"anticoncepcion, prevencion de its y de cancer de cuello uterino",inyectable trimestral: usuarias nuevas,2016-06-01,0,1,1,0,1,3
ALTO BENI,"anticoncepcion, prevencion de its y de cancer de cuello uterino",inyectable trimestral: usuarias nuevas,2016-06-01,0,1,2,0,0,3
ANCORAIMES,"anticoncepcion, prevencion de its y de cancer de cuello uterino",inyectable trimestral: usuarias nuevas,2016-06-01,0,1,0,2,0,3
ANDAMARCA,"anticoncepcion, prevencion de its y de cancer de cuello uterino",inyectable trimestral: usuarias nuevas,2016-06-01,0,0,2,1,0,3
ANZALDO,"anticoncepcion, prevencion de its y de cancer de cuello uterino",inyectable trimestral: usuarias nuevas,2016-06-01,0,0,1,0,0,1
APOLO,"anticoncepcion, prevencion de its y de cancer de cuello uterino",inyectable trimestral: usuarias nuevas,2016-06-01,0,2,3,6,0,11
ARAMPAMPA,"anticoncepcion, prevencion de its y de cancer de cuello uterino",inyectable trimestral: usuarias nuevas,2016-06-01,0,0,3,2,0,5
ARANI,"anticoncepcion, prevencion de its y de cancer de cuello uterino",inyectable trimestral: usuarias nuevas,2016-06-01,0,1,3,0,0,4
ARBIETO,"anticoncepcion, prevencion de its y de cancer de cuello uterino",inyectable trimestral: usuarias nuevas,2016-06-01,0,10,8,3,0,21
ARQUE,"anticoncepcion, prevencion de its y de cancer de cuello uterino",inyectable trimestral: usuarias nuevas,2016-06-01,0,2,6,1,0,9
ASCENCION DE GUARAYOS,"anticoncepcion, prevencion de its y de cancer de cuello uterino",inyectable trimestral: usuarias nuevas,2016-06-01,0,0,23,10,0,33
ATOCHA,"anticoncepcion, prevencion de its y de cancer de cuello uterino",inyectable trimestral: usuarias nuevas,2016-06-01,0,0,4,0,0,4
AUCAPATA,"anticoncepcion, prevencion de its y de cancer de cuello uterino",inyectable trimestral: usuarias nuevas,2016-06-01,0,1,1,1,0,3
AYATA,"anticoncepcion, prevencion de its y de cancer de cuello uterino",inyectable trimestral: usuarias nuevas,2016-06-01,0,0,0,3,0,3
AYO AYO,"anticoncepcion, prevencion de its y de cancer de cuello uterino",inyectable trimestral: usuarias nuevas,2016-06-01,0,0,4,0,0,4
AYOPAYA (V. DE INDEPENDENCIA),"anticoncepcion, prevencion de its y de cancer de cuello uterino",inyectable trimestral: usuarias nuevas,2016-06-01,0,1,4,2,0,7
AZURDUY,"anticoncepcion, prevencion de its y de cancer de cuello uterino",inyectable trimestral: usuarias nuevas,2016-06-01,0,3,6,6,0,15
BATALLAS,"anticoncepcion, prevencion de its y de cancer de cuello uterino",inyectable trimestral: usuarias nuevas,2016-06-01,0,0,2,5,0,7
BAURES,"anticoncepcion, prevencion de its y de cancer de cuello uterino",inyectable trimestral: usuarias nuevas,2016-06-01,0,0,1,0,0,1
BELLA FLOR,"anticoncepcion, prevencion de its y de cancer de cuello uterino",inyectable trimestral: usuarias nuevas,2016-06-01,0,2,0,0,0,2
BERMEJO,"anticoncepcion, prevencion de its y de cancer de cuello uterino",inyectable trimestral: usuarias nuevas,2016-06-01,0,5,21,5,0,31
BETANZOS,"anticoncepcion, prevencion de its y de cancer de cuello uterino",inyectable trimestral: usuarias nuevas,2016-06-01,0,3,15,4,0,22
BOLIVAR,"anticoncepcion, prevencion de its y de cancer de cuello uterino",inyectable trimestral: usuarias nuevas,2016-06-01,0,0,2,2,0,4
BOLPEBRA,"anticoncepcion, prevencion de its y de cancer de cuello uterino",inyectable trimestral: usuarias nuevas,2016-06-01,1,0,0,0,0,1
BOYUIBE,"anticoncepcion, prevencion de its y de cancer de cuello uterino",inyectable trimestral: usuarias nuevas,2016-06-01,0,0,1,0,0,1
BUENA VISTA,"anticoncepcion, prevencion de its y de cancer de cuello uterino",inyectable trimestral: usuarias nuevas,2016-06-01,0,1,4,0,0,5
CABEZAS,"anticoncepcion, prevencion de its y de cancer de cuello uterino",inyectable trimestral: usuarias nuevas,2016-06-01,0,6,25,5,0,36
CAIROMA,"anticoncepcion, prevencion de its y de cancer de cuello uterino",inyectable trimestral: usuarias nuevas,2016-06-01,0,2,7,2,0,11
"CAIZA ""D""","anticoncepcion, prevencion de its y de cancer de cuello uterino",inyectable trimestral: usuarias nuevas,2016-06-01,0,0,1,0,0,1
CAJUATA,"anticoncepcion, prevencion de its y de cancer de cuello uterino",inyectable trimestral: usuarias nuevas,2016-06-01,0,0,5,3,0,8
CALACOTO,"anticoncepcion, prevencion de its y de cancer de cuello uterino",inyectable trimestral: usuarias nuevas,2016-06-01,0,0,2,0,0,2
CALAMARCA,"anticoncepcion, prevencion de its y de cancer de cuello uterino",inyectable trimestral: usuarias nuevas,2016-06-01,0,2,3,0,0,5
CAMARGO,"anticoncepcion, prevencion de its y de cancer de cuello uterino",inyectable trimestral: usuarias nuevas,2016-06-01,0,1,5,7,0,13
CAMIRI,"anticoncepcion, prevencion de its y de cancer de cuello uterino",inyectable trimestral: usuarias nuevas,2016-06-01,0,6,8,4,0,18
CAPINOTA,"anticoncepcion, prevencion de its y de cancer de cuello uterino",inyectable trimestral: usuarias nuevas,2016-06-01,0,1,7,1,0,9
CAQUIAVIRI,"anticoncepcion, prevencion de its y de cancer de cuello uterino",inyectable trimestral: usuarias nuevas,2016-06-01,0,1,3,1,0,5
CARACOLLO,"anticoncepcion, prevencion de its y de cancer de cuello uterino",inyectable trimestral: usuarias nuevas,2016-06-01,0,4,12,2,0,18
CARANAVI,"anticoncepcion, prevencion de its y de cancer de cuello uterino",inyectable trimestral: usuarias nuevas,2016-06-01,0,3,31,7,1,42
CARAPARI,"anticoncepcion, prevencion de its y de cancer de cuello uterino",inyectable trimestral: usuarias nuevas,2016-06-01,0,0,4,0,0,4
CARIPUYO,"anticoncepcion, prevencion de its y de cancer de cuello uterino",inyectable trimestral: usuarias nuevas,2016-06-01,0,0,2,1,0,3
CARMEN RIVERO TORREZ,"anticoncepcion, prevencion de its y de cancer de cuello uterino",inyectable trimestral: usuarias nuevas,2016-06-01,0,2,3,0,0,5
CHACARILLA,"anticoncepcion, prevencion de its y de cancer de cuello uterino",inyectable trimestral: usuarias nuevas,2016-06-01,0,0,1,0,0,1
CHALLAPATA,"anticoncepcion, prevencion de its y de cancer de cuello uterino",inyectable trimestral: usuarias nuevas,2016-06-01,0,3,10,2,0,15
CHAQUI,"anticoncepcion, prevencion de its y de cancer de cuello uterino",inyectable trimestral: usuarias nuevas,2016-06-01,0,0,1,0,0,1
CHARAGUA,"anticoncepcion, prevencion de its y de cancer de cuello uterino",inyectable trimestral: usuarias nuevas,2016-06-01,0,1,5,1,0,7
CHAYANTA,"anticoncepcion, prevencion de its y de cancer de cuello uterino",inyectable trimestral: usuarias nuevas,2016-06-01,0,0,8,4,0,12
CHIMORE,"anticoncepcion, prevencion de its y de cancer de cuello uterino",inyectable trimestral: usuarias nuevas,2016-06-01,0,2,4,1,0,7
CHIPAYA,"anticoncepcion, prevencion de its y de cancer de cuello uterino",inyectable trimestral: usuarias nuevas,2016-06-01,0,1,0,1,0,2
CHOQUE COTA,"anticoncepcion, prevencion de its y de cancer de cuello uterino",inyectable trimestral: usuarias nuevas,2016-06-01,0,0,0,1,0,1
CHUA COCANI,"anticoncepcion, prevencion de its y de cancer de cuello uterino",inyectable trimestral: usuarias nuevas,2016-06-01,0,0,1,2,0,3
CHULUMANI (V. DE LA LIBERTAD),"anticoncepcion, prevencion de its y de cancer de cuello uterino",inyectable trimestral: usuarias nuevas,2016-06-01,0,3,14,5,0,22
CHUMA,"anticoncepcion, prevencion de its y de cancer de cuello uterino",inyectable trimestral: usuarias nuevas,2016-06-01,0,1,3,1,0,5
CHUQUIHUTA AYLLU JUCUMANI,"anticoncepcion, prevencion de its y de cancer de cuello uterino",inyectable trimestral: usuarias nuevas,2016-06-01,0,0,8,4,0,12
CKOCHAS,"anticoncepcion, prevencion de its y de cancer de cuello uterino",inyectable trimestral: usuarias nuevas,2016-06-01,0,2,7,7,0,16
CLIZA,"anticoncepcion, prevencion de its y de cancer de cuello uterino",inyectable trimestral: usuarias nuevas,2016-06-01,0,1,11,0,0,12
COBIJA,"anticoncepcion, prevencion de its y de cancer de cuello uterino",inyectable trimestral: usuarias nuevas,2016-06-01,0,5,9,0,0,14
COCAPATA,"anticoncepcion, prevencion de its y de cancer de cuello uterino",inyectable trimestral: usuarias nuevas,2016-06-01,0,1,15,5,0,21
COCHABAMBA,"anticoncepcion, prevencion de its y de cancer de cuello uterino",inyectable trimestral: usuarias nuevas,2016-06-01,0,7,74,13,0,94
COIPASA,"anticoncepcion, prevencion de its y de cancer de cuello uterino",inyectable trimestral: usuarias nuevas,2016-06-01,0,0,1,0,0,1
COLCAPIRHUA,"anticoncepcion, prevencion de its y de cancer de cuello uterino",inyectable trimestral: usuarias nuevas,2016-06-01,0,5,9,0,0,14
"COLCHA ""K""","anticoncepcion, prevencion de its y de cancer de cuello uterino",inyectable trimestral: usuarias nuevas,2016-06-01,0,2,9,3,0,14
COLLANA,"anticoncepcion, prevencion de its y de cancer de cuello uterino",inyectable trimestral: usuarias nuevas,2016-06-01,0,1,5,1,0,7
COLOMI,"anticoncepcion, prevencion de its y de cancer de cuello uterino",inyectable trimestral: usuarias nuevas,2016-06-01,0,2,3,2,0,7
COLPA BELGICA,"anticoncepcion, prevencion de its y de cancer de cuello uterino",inyectable trimestral: usuarias nuevas,2016-06-01,0,0,2,0,0,2
COLQUECHACA,"anticoncepcion, prevencion de its y de cancer de cuello uterino",inyectable trimestral: usuarias nuevas,2016-06-01,0,2,17,10,0,29
COLQUENCHA,"anticoncepcion, prevencion de its y de cancer de cuello uterino",inyectable trimestral: usuarias nuevas,2016-06-01,0,0,3,0,0,3
COLQUIRI,"anticoncepcion, prevencion de its y de cancer de cuello uterino",inyectable trimestral: usuarias nuevas,2016-06-01,0,3,5,1,0,9
COMARAPA,"anticoncepcion, prevencion de its y de cancer de cuello uterino",inyectable trimestral: usuarias nuevas,2016-06-01,0,2,13,3,0,18
CONCEPCION,"anticoncepcion, prevencion de its y de cancer de cuello uterino",inyectable trimestral: usuarias nuevas,2016-06-01,0,2,10,1,0,13
COPACABANA,"anticoncepcion, prevencion de its y de cancer de cuello uterino",inyectable trimestral: usuarias nuevas,2016-06-01,0,1,6,5,0,12
CORIPATA,"anticoncepcion, prevencion de its y de cancer de cuello uterino",inyectable trimestral: usuarias nuevas,2016-06-01,0,0,4,3,0,7
CORO CORO,"anticoncepcion, prevencion de its y de cancer de cuello uterino",inyectable trimestral: usuarias nuevas,2016-06-01,0,0,2,0,0,2
COROICO,"anticoncepcion, prevencion de its y de cancer de cuello uterino",inyectable trimestral: usuarias nuevas,2016-06-01,0,1,4,0,0,5
COTAGAITA,"anticoncepcion, prevencion de its y de cancer de cuello uterino",inyectable trimestral: usuarias nuevas,2016-06-01,0,1,6,3,0,10
COTOCA,"anticoncepcion, prevencion de its y de cancer de cuello uterino",inyectable trimestral: usuarias nuevas,2016-06-01,0,12,20,15,0,47
CUATRO CAÃ‘ADAS,"anticoncepcion, prevencion de its y de cancer de cuello uterino",inyectable trimestral: usuarias nuevas,2016-06-01,0,2,4,0,0,6
CUCHUMUELA (V. G. VILLARROEL),"anticoncepcion, prevencion de its y de cancer de cuello uterino",inyectable trimestral: usuarias nuevas,2016-06-01,0,1,1,1,0,3
CUEVO,"anticoncepcion, prevencion de its y de cancer de cuello uterino",inyectable trimestral: usuarias nuevas,2016-06-01,0,1,4,0,0,5
CULPINA,"anticoncepcion, prevencion de its y de cancer de cuello uterino",inyectable trimestral: usuarias nuevas,2016-06-01,0,1,3,3,0,7
CURAHUARA DE CARANGAS,"anticoncepcion, prevencion de its y de cancer de cuello uterino",inyectable trimestral: usuarias nuevas,2016-06-01,0,0,5,2,0,7
CURVA,"anticoncepcion, prevencion de its y de cancer de cuello uterino",inyectable trimestral: usuarias nuevas,2016-06-01,0,0,1,1,0,2
DESAGUADERO,"anticoncepcion, prevencion de its y de cancer de cuello uterino",inyectable trimestral: usuarias nuevas,2016-06-01,0,0,5,0,0,5
EL ALTO,"anticoncepcion, prevencion de its y de cancer de cuello uterino",inyectable trimestral: usuarias nuevas,2016-06-01,0,15,154,41,0,210
EL CHORO,"anticoncepcion, prevencion de its y de cancer de cuello uterino",inyectable trimestral: usuarias nuevas,2016-06-01,0,0,2,0,0,2
EL PUENTE(STC),"anticoncepcion, prevencion de its y de cancer de cuello uterino",inyectable trimestral: usuarias nuevas,2016-06-01,0,2,5,1,0,8
EL PUENTE(TJA),"anticoncepcion, prevencion de its y de cancer de cuello uterino",inyectable trimestral: usuarias nuevas,2016-06-01,0,7,4,4,0,15
EL TORNO,"anticoncepcion, prevencion de its y de cancer de cuello uterino",inyectable trimestral: usuarias nuevas,2016-06-01,5,11,33,6,0,55
EL VILLAR,"anticoncepcion, prevencion de its y de cancer de cuello uterino",inyectable trimestral: usuarias nuevas,2016-06-01,0,1,0,1,0,2
ENTRE RIOS TRJ,"anticoncepcion, prevencion de its y de cancer de cuello uterino",inyectable trimestral: usuarias nuevas,2016-06-01,1,6,15,8,0,30
ENTRE RIOS CBBA,"anticoncepcion, prevencion de its y de cancer de cuello uterino",inyectable trimestral: usuarias nuevas,2016-06-01,0,3,16,2,0,21
ESCOMA,"anticoncepcion, prevencion de its y de cancer de cuello uterino",inyectable trimestral: usuarias nuevas,2016-06-01,0,1,0,1,0,2
EUCALIPTUS,"anticoncepcion, prevencion de its y de cancer de cuello uterino",inyectable trimestral: usuarias nuevas,2016-06-01,0,1,2,0,0,3
EUREKA (SANTOS MERCADO),"anticoncepcion, prevencion de its y de cancer de cuello uterino",inyectable trimestral: usuarias nuevas,2016-06-01,0,1,2,0,0,3
EXALTACION,"anticoncepcion, prevencion de its y de cancer de cuello uterino",inyectable trimestral: usuarias nuevas,2016-06-01,1,0,4,0,0,5
FERNANDEZ ALONSO,"anticoncepcion, prevencion de its y de cancer de cuello uterino",inyectable trimestral: usuarias nuevas,2016-06-01,0,2,11,4,0,17
FILADELFIA,"anticoncepcion, prevencion de its y de cancer de cuello uterino",inyectable trimestral: usuarias nuevas,2016-06-01,0,0,1,0,0,1
GENERAL SAAVEDRA,"anticoncepcion, prevencion de its y de cancer de cuello uterino",inyectable trimestral: usuarias nuevas,2016-06-01,0,5,14,2,0,21
GRAL. J.J. PEREZ (CHARAZANI),"anticoncepcion, prevencion de its y de cancer de cuello uterino",inyectable trimestral: usuarias nuevas,2016-06-01,0,0,4,2,0,6
GUANAY,"anticoncepcion, prevencion de its y de cancer de cuello uterino",inyectable trimestral: usuarias nuevas,2016-06-01,0,1,3,1,0,5
GUAQUI,"anticoncepcion, prevencion de its y de cancer de cuello uterino",inyectable trimestral: usuarias nuevas,2016-06-01,0,2,1,0,0,3
GUAYARAMERIN,"anticoncepcion, prevencion de its y de cancer de cuello uterino",inyectable trimestral: usuarias nuevas,2016-06-01,0,13,17,1,0,31
GUTIERREZ,"anticoncepcion, prevencion de its y de cancer de cuello uterino",inyectable trimestral: usuarias nuevas,2016-06-01,0,0,6,1,0,7
HUACARETA,"anticoncepcion, prevencion de its y de cancer de cuello uterino",inyectable trimestral: usuarias nuevas,2016-06-01,0,2,3,1,0,6
HUACAYA (VILLA DE HUACAYA),"anticoncepcion, prevencion de its y de cancer de cuello uterino",inyectable trimestral: usuarias nuevas,2016-06-01,0,3,0,2,0,5
HUANUNI,"anticoncepcion, prevencion de its y de cancer de cuello uterino",inyectable trimestral: usuarias nuevas,2016-06-01,0,0,3,1,0,4
HUARACAJE,"anticoncepcion, prevencion de its y de cancer de cuello uterino",inyectable trimestral: usuarias nuevas,2016-06-01,0,0,2,0,0,2
HUARINA,"anticoncepcion, prevencion de its y de cancer de cuello uterino",inyectable trimestral: usuarias nuevas,2016-06-01,0,0,2,0,0,2
ICHOCA,"anticoncepcion, prevencion de its y de cancer de cuello uterino",inyectable trimestral: usuarias nuevas,2016-06-01,0,0,1,0,0,1
ICLA,"anticoncepcion, prevencion de its y de cancer de cuello uterino",inyectable trimestral: usuarias nuevas,2016-06-01,0,0,1,1,0,2
INCAHUASI,"anticoncepcion, prevencion de its y de cancer de cuello uterino",inyectable trimestral: usuarias nuevas,2016-06-01,0,3,3,1,0,7
INQUISIVI,"anticoncepcion, prevencion de its y de cancer de cuello uterino",inyectable trimestral: usuarias nuevas,2016-06-01,1,1,2,4,0,8
IRUPANA (VILLA DE LANZA),"anticoncepcion, prevencion de its y de cancer de cuello uterino",inyectable trimestral: usuarias nuevas,2016-06-01,0,1,10,3,0,14
IXIAMAS,"anticoncepcion, prevencion de its y de cancer de cuello uterino",inyectable trimestral: usuarias nuevas,2016-06-01,0,2,7,1,0,10
JESUS DE MACHACA,"anticoncepcion, prevencion de its y de cancer de cuello uterino",inyectable trimestral: usuarias nuevas,2016-06-01,0,0,1,0,0,1
LA ASUNTA,"anticoncepcion, prevencion de its y de cancer de cuello uterino",inyectable trimestral: usuarias nuevas,2016-06-01,0,3,19,6,0,28
LA GUARDIA,"anticoncepcion, prevencion de its y de cancer de cuello uterino",inyectable trimestral: usuarias nuevas,2016-06-01,0,10,27,3,0,40
LA PAZ,"anticoncepcion, prevencion de its y de cancer de cuello uterino",inyectable trimestral: usuarias nuevas,2016-06-01,0,18,103,385,0,506
LAGUNILLAS,"anticoncepcion, prevencion de its y de cancer de cuello uterino",inyectable trimestral: usuarias nuevas,2016-06-01,0,0,2,2,0,4
LAJA,"anticoncepcion, prevencion de its y de cancer de cuello uterino",inyectable trimestral: usuarias nuevas,2016-06-01,0,1,4,1,0,6
LAS CARRERAS,"anticoncepcion, prevencion de its y de cancer de cuello uterino",inyectable trimestral: usuarias nuevas,2016-06-01,0,0,2,1,0,3
LICOMA PAMPA,"anticoncepcion, prevencion de its y de cancer de cuello uterino",inyectable trimestral: usuarias nuevas,2016-06-01,1,0,1,0,0,2
LLALLAGUA,"anticoncepcion, prevencion de its y de cancer de cuello uterino",inyectable trimestral: usuarias nuevas,2016-06-01,0,5,36,8,0,49
LLICA,"anticoncepcion, prevencion de its y de cancer de cuello uterino",inyectable trimestral: usuarias nuevas,2016-06-01,1,0,4,0,0,5
LORETO,"anticoncepcion, prevencion de its y de cancer de cuello uterino",inyectable trimestral: usuarias nuevas,2016-06-01,0,1,2,1,0,4
LURIBAY,"anticoncepcion, prevencion de its y de cancer de cuello uterino",inyectable trimestral: usuarias nuevas,2016-06-01,0,0,4,0,0,4
MACHARETI,"anticoncepcion, prevencion de its y de cancer de cuello uterino",inyectable trimestral: usuarias nuevas,2016-06-01,0,0,6,1,0,7
MAGDALENA,"anticoncepcion, prevencion de its y de cancer de cuello uterino",inyectable trimestral: usuarias nuevas,2016-06-01,0,3,2,0,0,5
MAIRANA,"anticoncepcion, prevencion de its y de cancer de cuello uterino",inyectable trimestral: usuarias nuevas,2016-06-01,0,1,3,4,0,8
MALLA,"anticoncepcion, prevencion de its y de cancer de cuello uterino",inyectable trimestral: usuarias nuevas,2016-06-01,0,0,3,0,0,3
MAPIRI,"anticoncepcion, prevencion de its y de cancer de cuello uterino",inyectable trimestral: usuarias nuevas,2016-06-01,0,3,6,2,0,11
MECAPACA,"anticoncepcion, prevencion de its y de cancer de cuello uterino",inyectable trimestral: usuarias nuevas,2016-06-01,0,0,4,1,0,5
MINEROS,"anticoncepcion, prevencion de its y de cancer de cuello uterino",inyectable trimestral: usuarias nuevas,2016-06-01,0,5,10,1,0,16
MIZQUE,"anticoncepcion, prevencion de its y de cancer de cuello uterino",inyectable trimestral: usuarias nuevas,2016-06-01,0,6,16,4,0,26
MOCOMOCO,"anticoncepcion, prevencion de its y de cancer de cuello uterino",inyectable trimestral: usuarias nuevas,2016-06-01,0,0,1,1,0,2
MOJOCOYA,"anticoncepcion, prevencion de its y de cancer de cuello uterino",inyectable trimestral: usuarias nuevas,2016-06-01,0,0,1,3,0,4
MONTEAGUDO,"anticoncepcion, prevencion de its y de cancer de cuello uterino",inyectable trimestral: usuarias nuevas,2016-06-01,0,5,9,3,0,17
MONTERO,"anticoncepcion, prevencion de its y de cancer de cuello uterino",inyectable trimestral: usuarias nuevas,2016-06-01,2,8,31,5,0,46
MORO MORO,"anticoncepcion, prevencion de its y de cancer de cuello uterino",inyectable trimestral: usuarias nuevas,2016-06-01,0,0,0,1,0,1
MOROCHATA,"anticoncepcion, prevencion de its y de cancer de cuello uterino",inyectable trimestral: usuarias nuevas,2016-06-01,0,2,2,1,0,5
NACEBE (SANTA ROSA DEL ABUNA),"anticoncepcion, prevencion de its y de cancer de cuello uterino",inyectable trimestral: usuarias nuevas,2016-06-01,0,0,1,0,0,1
NUEVO MANOA (NUEVA ESPERANZA),"anticoncepcion, prevencion de its y de cancer de cuello uterino",inyectable trimestral: usuarias nuevas,2016-06-01,0,3,3,0,0,6
OCURI,"anticoncepcion, prevencion de its y de cancer de cuello uterino",inyectable trimestral: usuarias nuevas,2016-06-01,0,2,11,3,0,16
OKINAWA,"anticoncepcion, prevencion de its y de cancer de cuello uterino",inyectable trimestral: usuarias nuevas,2016-06-01,0,1,6,0,0,7
OMEREQUE,"anticoncepcion, prevencion de its y de cancer de cuello uterino",inyectable trimestral: usuarias nuevas,2016-06-01,0,1,4,0,0,5
ORURO,"anticoncepcion, prevencion de its y de cancer de cuello uterino",inyectable trimestral: usuarias nuevas,2016-06-01,0,12,69,14,0,95
PADCAYA,"anticoncepcion, prevencion de its y de cancer de cuello uterino",inyectable trimestral: usuarias nuevas,2016-06-01,1,5,8,1,1,16
PADILLA,"anticoncepcion, prevencion de its y de cancer de cuello uterino",inyectable trimestral: usuarias nuevas,2016-06-01,0,1,2,2,1,6
PAILON,"anticoncepcion, prevencion de its y de cancer de cuello uterino",inyectable trimestral: usuarias nuevas,2016-06-01,0,1,7,1,0,9
PALCA,"anticoncepcion, prevencion de its y de cancer de cuello uterino",inyectable trimestral: usuarias nuevas,2016-06-01,0,1,8,1,0,10
PALOS BLANCOS,"anticoncepcion, prevencion de its y de cancer de cuello uterino",inyectable trimestral: usuarias nuevas,2016-06-01,0,1,14,7,0,22
PAMPA GRANDE,"anticoncepcion, prevencion de its y de cancer de cuello uterino",inyectable trimestral: usuarias nuevas,2016-06-01,0,0,2,0,0,2
PAPEL PAMPA,"anticoncepcion, prevencion de its y de cancer de cuello uterino",inyectable trimestral: usuarias nuevas,2016-06-01,0,1,1,0,0,2
PASORAPA,"anticoncepcion, prevencion de its y de cancer de cuello uterino",inyectable trimestral: usuarias nuevas,2016-06-01,0,1,1,2,0,4
PATACAMAYA,"anticoncepcion, prevencion de its y de cancer de cuello uterino",inyectable trimestral: usuarias nuevas,2016-06-01,0,1,11,2,0,14
PELECHUCO,"anticoncepcion, prevencion de its y de cancer de cuello uterino",inyectable trimestral: usuarias nuevas,2016-06-01,0,1,6,0,0,7
POCOATA,"anticoncepcion, prevencion de its y de cancer de cuello uterino",inyectable trimestral: usuarias nuevas,2016-06-01,0,0,6,5,0,11
POCONA,"anticoncepcion, prevencion de its y de cancer de cuello uterino",inyectable trimestral: usuarias nuevas,2016-06-01,0,3,8,2,0,13
POJO (CBBA),"anticoncepcion, prevencion de its y de cancer de cuello uterino",inyectable trimestral: usuarias nuevas,2016-06-01,0,1,7,1,0,9
POOPO,"anticoncepcion, prevencion de its y de cancer de cuello uterino",inyectable trimestral: usuarias nuevas,2016-06-01,0,0,1,0,0,1
PORCO,"anticoncepcion, prevencion de its y de cancer de cuello uterino",inyectable trimestral: usuarias nuevas,2016-06-01,0,1,4,2,0,7
POROMA,"anticoncepcion, prevencion de its y de cancer de cuello uterino",inyectable trimestral: usuarias nuevas,2016-06-01,0,3,8,2,1,14
PORONGO,"anticoncepcion, prevencion de its y de cancer de cuello uterino",inyectable trimestral: usuarias nuevas,2016-06-01,0,0,4,0,0,4
PORTACHUELO,"anticoncepcion, prevencion de its y de cancer de cuello uterino",inyectable trimestral: usuarias nuevas,2016-06-01,0,1,6,1,0,8
PORVENIR,"anticoncepcion, prevencion de its y de cancer de cuello uterino",inyectable trimestral: usuarias nuevas,2016-06-01,0,2,1,0,0,3
POTOSI,"anticoncepcion, prevencion de its y de cancer de cuello uterino",inyectable trimestral: usuarias nuevas,2016-06-01,0,12,98,21,0,131
PRESTO,"anticoncepcion, prevencion de its y de cancer de cuello uterino",inyectable trimestral: usuarias nuevas,2016-06-01,1,2,6,2,0,11
PUCARA,"anticoncepcion, prevencion de its y de cancer de cuello uterino",inyectable trimestral: usuarias nuevas,2016-06-01,0,1,1,1,0,3
PUCARANI,"anticoncepcion, prevencion de its y de cancer de cuello uterino",inyectable trimestral: usuarias nuevas,2016-06-01,0,0,6,4,0,10
PUERTO ACOSTA,"anticoncepcion, prevencion de its y de cancer de cuello uterino",inyectable trimestral: usuarias nuevas,2016-06-01,0,0,1,0,0,1
PUERTO CARABUCO,"anticoncepcion, prevencion de its y de cancer de cuello uterino",inyectable trimestral: usuarias nuevas,2016-06-01,0,1,0,1,0,2
PUERTO GONZALO MORENO,"anticoncepcion, prevencion de its y de cancer de cuello uterino",inyectable trimestral: usuarias nuevas,2016-06-01,0,1,3,0,0,4
PUERTO PEREZ,"anticoncepcion, prevencion de its y de cancer de cuello uterino",inyectable trimestral: usuarias nuevas,2016-06-01,0,0,0,2,0,2
PUERTO QUIJARRO,"anticoncepcion, prevencion de its y de cancer de cuello uterino",inyectable trimestral: usuarias nuevas,2016-06-01,0,2,5,0,0,7
PUERTO RICO,"anticoncepcion, prevencion de its y de cancer de cuello uterino",inyectable trimestral: usuarias nuevas,2016-06-01,0,2,3,0,0,5
PUERTO SUAREZ,"anticoncepcion, prevencion de its y de cancer de cuello uterino",inyectable trimestral: usuarias nuevas,2016-06-01,0,1,9,2,0,12
PUERTO VILLARROEL,"anticoncepcion, prevencion de its y de cancer de cuello uterino",inyectable trimestral: usuarias nuevas,2016-06-01,0,6,9,5,0,20
PUNA,"anticoncepcion, prevencion de its y de cancer de cuello uterino",inyectable trimestral: usuarias nuevas,2016-06-01,0,0,0,1,0,1
PUNATA,"anticoncepcion, prevencion de its y de cancer de cuello uterino",inyectable trimestral: usuarias nuevas,2016-06-01,0,0,11,2,0,13
QUIABAYA,"anticoncepcion, prevencion de its y de cancer de cuello uterino",inyectable trimestral: usuarias nuevas,2016-06-01,0,0,2,0,0,2
QUILLACOLLO,"anticoncepcion, prevencion de its y de cancer de cuello uterino",inyectable trimestral: usuarias nuevas,2016-06-01,0,9,65,20,0,94
QUIME,"anticoncepcion, prevencion de its y de cancer de cuello uterino",inyectable trimestral: usuarias nuevas,2016-06-01,0,1,4,2,1,8
RAVELO,"anticoncepcion, prevencion de its y de cancer de cuello uterino",inyectable trimestral: usuarias nuevas,2016-06-01,1,2,7,0,0,10
REYES,"anticoncepcion, prevencion de its y de cancer de cuello uterino",inyectable trimestral: usuarias nuevas,2016-06-01,0,2,12,3,0,17
RIBERALTA,"anticoncepcion, prevencion de its y de cancer de cuello uterino",inyectable trimestral: usuarias nuevas,2016-06-01,3,31,45,10,0,89
ROBORE,"anticoncepcion, prevencion de its y de cancer de cuello uterino",inyectable trimestral: usuarias nuevas,2016-06-01,0,1,4,1,0,6
RURRENABAQUE,"anticoncepcion, prevencion de its y de cancer de cuello uterino",inyectable trimestral: usuarias nuevas,2016-06-01,0,1,3,2,0,6
SABAYA,"anticoncepcion, prevencion de its y de cancer de cuello uterino",inyectable trimestral: usuarias nuevas,2016-06-01,0,1,3,2,0,6
SACABA,"anticoncepcion, prevencion de its y de cancer de cuello uterino",inyectable trimestral: usuarias nuevas,2016-06-01,0,2,27,9,0,38
SACABAMBA,"anticoncepcion, prevencion de its y de cancer de cuello uterino",inyectable trimestral: usuarias nuevas,2016-06-01,0,0,1,0,0,1
SACACA,"anticoncepcion, prevencion de its y de cancer de cuello uterino",inyectable trimestral: usuarias nuevas,2016-06-01,0,2,12,3,0,17
SAIPINA,"anticoncepcion, prevencion de its y de cancer de cuello uterino",inyectable trimestral: usuarias nuevas,2016-06-01,0,2,5,1,0,8
SALINAS DE GARCI MENDOZA,"anticoncepcion, prevencion de its y de cancer de cuello uterino",inyectable trimestral: usuarias nuevas,2016-06-01,0,1,7,1,0,9
SAMAIPATA,"anticoncepcion, prevencion de its y de cancer de cuello uterino",inyectable trimestral: usuarias nuevas,2016-06-01,0,2,4,0,0,6
SAN ANDRES,"anticoncepcion, prevencion de its y de cancer de cuello uterino",inyectable trimestral: usuarias nuevas,2016-06-01,0,2,9,2,0,13
SAN ANDRES DE MACHACA,"anticoncepcion, prevencion de its y de cancer de cuello uterino",inyectable trimestral: usuarias nuevas,2016-06-01,0,0,1,0,0,1
SAN ANTONIO DE ESMORUCO,"anticoncepcion, prevencion de its y de cancer de cuello uterino",inyectable trimestral: usuarias nuevas,2016-06-01,0,1,1,0,0,2
SAN ANTONIO DE LOMERIO,"anticoncepcion, prevencion de its y de cancer de cuello uterino",inyectable trimestral: usuarias nuevas,2016-06-01,0,0,6,3,0,9
SAN BENITO,"anticoncepcion, prevencion de its y de cancer de cuello uterino",inyectable trimestral: usuarias nuevas,2016-06-01,0,0,3,0,0,3
SAN BORJA,"anticoncepcion, prevencion de its y de cancer de cuello uterino",inyectable trimestral: usuarias nuevas,2016-06-01,0,4,18,5,0,27
SAN BUENA VENTURA,"anticoncepcion, prevencion de its y de cancer de cuello uterino",inyectable trimestral: usuarias nuevas,2016-06-01,0,2,11,0,0,13
SAN CARLOS,"anticoncepcion, prevencion de its y de cancer de cuello uterino",inyectable trimestral: usuarias nuevas,2016-06-01,0,2,5,1,0,8
SAN IGNACIO,"anticoncepcion, prevencion de its y de cancer de cuello uterino",inyectable trimestral: usuarias nuevas,2016-06-01,0,4,13,3,0,20
SAN IGNACIO DE VELASCO,"anticoncepcion, prevencion de its y de cancer de cuello uterino",inyectable trimestral: usuarias nuevas,2016-06-01,0,3,23,9,0,35
SAN JAVIER(BNI),"anticoncepcion, prevencion de its y de cancer de cuello uterino",inyectable trimestral: usuarias nuevas,2016-06-01,0,0,4,0,0,4
SAN JAVIER(STC),"anticoncepcion, prevencion de its y de cancer de cuello uterino",inyectable trimestral: usuarias nuevas,2016-06-01,0,2,7,0,0,9
SAN JOAQUIN,"anticoncepcion, prevencion de its y de cancer de cuello uterino",inyectable trimestral: usuarias nuevas,2016-06-01,0,1,0,0,0,1
SAN JOSE DE CHIQUITOS,"anticoncepcion, prevencion de its y de cancer de cuello uterino",inyectable trimestral: usuarias nuevas,2016-06-01,1,8,2,0,0,11
SAN JUAN DE YAPACANI,"anticoncepcion, prevencion de its y de cancer de cuello uterino",inyectable trimestral: usuarias nuevas,2016-06-01,0,0,5,0,0,5
SAN JULIAN,"anticoncepcion, prevencion de its y de cancer de cuello uterino",inyectable trimestral: usuarias nuevas,2016-06-01,0,3,16,5,0,24
SAN LORENZO(PND),"anticoncepcion, prevencion de its y de cancer de cuello uterino",inyectable trimestral: usuarias nuevas,2016-06-01,0,1,2,0,0,3
SAN LORENZO(TJA),"anticoncepcion, prevencion de its y de cancer de cuello uterino",inyectable trimestral: usuarias nuevas,2016-06-01,1,8,14,3,0,26
SAN LUCAS,"anticoncepcion, prevencion de its y de cancer de cuello uterino",inyectable trimestral: usuarias nuevas,2016-06-01,0,2,11,8,0,21
SAN MATIAS,"anticoncepcion, prevencion de its y de cancer de cuello uterino",inyectable trimestral: usuarias nuevas,2016-06-01,0,3,1,5,0,9
SAN MIGUEL DE VELASCO,"anticoncepcion, prevencion de its y de cancer de cuello uterino",inyectable trimestral: usuarias nuevas,2016-06-01,0,0,4,1,0,5
SAN PABLO DE LIPEZ,"anticoncepcion, prevencion de its y de cancer de cuello uterino",inyectable trimestral: usuarias nuevas,2016-06-01,0,1,2,0,0,3
SAN PEDRO,"anticoncepcion, prevencion de its y de cancer de cuello uterino",inyectable trimestral: usuarias nuevas,2016-06-01,0,1,3,1,0,5
SAN PEDRO DE BUENA VISTA,"anticoncepcion, prevencion de its y de cancer de cuello uterino",inyectable trimestral: usuarias nuevas,2016-06-01,0,6,10,5,2,23
SAN PEDRO DE CURAHUARA,"anticoncepcion, prevencion de its y de cancer de cuello uterino",inyectable trimestral: usuarias nuevas,2016-06-01,0,0,3,1,0,4
SAN PEDRO DE QUEMES,"anticoncepcion, prevencion de its y de cancer de cuello uterino",inyectable trimestral: usuarias nuevas,2016-06-01,0,0,1,0,0,1
SAN PEDRO DE TIQUINA,"anticoncepcion, prevencion de its y de cancer de cuello uterino",inyectable trimestral: usuarias nuevas,2016-06-01,0,2,4,1,0,7
SAN RAFAEL,"anticoncepcion, prevencion de its y de cancer de cuello uterino",inyectable trimestral: usuarias nuevas,2016-06-01,0,4,14,4,0,22
SAN RAMON BENI,"anticoncepcion, prevencion de its y de cancer de cuello uterino",inyectable trimestral: usuarias nuevas,2016-06-01,0,1,3,1,0,5
SAN RAMON SCZ,"anticoncepcion, prevencion de its y de cancer de cuello uterino",inyectable trimestral: usuarias nuevas,2016-06-01,0,0,1,0,0,1
SANTA ANA,"anticoncepcion, prevencion de its y de cancer de cuello uterino",inyectable trimestral: usuarias nuevas,2016-06-01,0,5,6,1,1,13
SANTA CRUZ DE LA SIERRA,"anticoncepcion, prevencion de its y de cancer de cuello uterino",inyectable trimestral: usuarias nuevas,2016-06-01,3,89,229,74,2,397
SANTA ROSA,"anticoncepcion, prevencion de its y de cancer de cuello uterino",inyectable trimestral: usuarias nuevas,2016-06-01,0,2,2,0,0,4
SANTA ROSA DEL SARA,"anticoncepcion, prevencion de its y de cancer de cuello uterino",inyectable trimestral: usuarias nuevas,2016-06-01,0,5,5,2,0,12
SANTIAGO DE CALLAPA,"anticoncepcion, prevencion de its y de cancer de cuello uterino",inyectable trimestral: usuarias nuevas,2016-06-01,0,0,2,1,0,3
SANTIAGO DE HUARI,"anticoncepcion, prevencion de its y de cancer de cuello uterino",inyectable trimestral: usuarias nuevas,2016-06-01,0,0,4,0,0,4
SANTIAGO DE HUATA,"anticoncepcion, prevencion de its y de cancer de cuello uterino",inyectable trimestral: usuarias nuevas,2016-06-01,0,3,0,0,0,3
SANTIAGO DE MACHACA,"anticoncepcion, prevencion de its y de cancer de cuello uterino",inyectable trimestral: usuarias nuevas,2016-06-01,0,0,4,0,0,4
SANTIVAÃ‘ES,"anticoncepcion, prevencion de its y de cancer de cuello uterino",inyectable trimestral: usuarias nuevas,2016-06-01,0,0,6,0,0,6
SANTUARIO DE QUILLACAS,"anticoncepcion, prevencion de its y de cancer de cuello uterino",inyectable trimestral: usuarias nuevas,2016-06-01,0,0,1,3,0,4
SAPAHAQUI,"anticoncepcion, prevencion de its y de cancer de cuello uterino",inyectable trimestral: usuarias nuevas,2016-06-01,0,0,2,0,0,2
SENA,"anticoncepcion, prevencion de its y de cancer de cuello uterino",inyectable trimestral: usuarias nuevas,2016-06-01,0,1,5,0,0,6
SHINAOTA,"anticoncepcion, prevencion de its y de cancer de cuello uterino",inyectable trimestral: usuarias nuevas,2016-06-01,0,2,10,1,0,13
SICA SICA (VILLA AROMA),"anticoncepcion, prevencion de its y de cancer de cuello uterino",inyectable trimestral: usuarias nuevas,2016-06-01,0,2,2,1,0,5
SICAYA,"anticoncepcion, prevencion de its y de cancer de cuello uterino",inyectable trimestral: usuarias nuevas,2016-06-01,0,0,4,3,0,7
SIPE SIPE,"anticoncepcion, prevencion de its y de cancer de cuello uterino",inyectable trimestral: usuarias nuevas,2016-06-01,0,6,28,6,0,40
SOPACHUY,"anticoncepcion, prevencion de its y de cancer de cuello uterino",inyectable trimestral: usuarias nuevas,2016-06-01,0,3,12,3,0,18
SORACACHI,"anticoncepcion, prevencion de its y de cancer de cuello uterino",inyectable trimestral: usuarias nuevas,2016-06-01,0,0,3,0,0,3
SORATA,"anticoncepcion, prevencion de its y de cancer de cuello uterino",inyectable trimestral: usuarias nuevas,2016-06-01,0,2,6,3,0,11
SUCRE,"anticoncepcion, prevencion de its y de cancer de cuello uterino",inyectable trimestral: usuarias nuevas,2016-06-01,1,23,98,19,0,141
TACACOMA,"anticoncepcion, prevencion de its y de cancer de cuello uterino",inyectable trimestral: usuarias nuevas,2016-06-01,0,2,6,1,0,9
TACOBAMBA,"anticoncepcion, prevencion de its y de cancer de cuello uterino",inyectable trimestral: usuarias nuevas,2016-06-01,0,1,0,2,0,3
TACOPAYA,"anticoncepcion, prevencion de its y de cancer de cuello uterino",inyectable trimestral: usuarias nuevas,2016-06-01,0,1,0,1,0,2
TAHUA,"anticoncepcion, prevencion de its y de cancer de cuello uterino",inyectable trimestral: usuarias nuevas,2016-06-01,0,0,1,0,0,1
TAPACARI,"anticoncepcion, prevencion de its y de cancer de cuello uterino",inyectable trimestral: usuarias nuevas,2016-06-01,0,1,9,3,1,14
TARABUCO,"anticoncepcion, prevencion de its y de cancer de cuello uterino",inyectable trimestral: usuarias nuevas,2016-06-01,0,2,7,3,0,12
TARACO,"anticoncepcion, prevencion de its y de cancer de cuello uterino",inyectable trimestral: usuarias nuevas,2016-06-01,0,1,2,1,0,4
TARATA,"anticoncepcion, prevencion de its y de cancer de cuello uterino",inyectable trimestral: usuarias nuevas,2016-06-01,0,0,0,2,0,2
TARIJA,"anticoncepcion, prevencion de its y de cancer de cuello uterino",inyectable trimestral: usuarias nuevas,2016-06-01,0,8,34,15,0,57
TARVITA,"anticoncepcion, prevencion de its y de cancer de cuello uterino",inyectable trimestral: usuarias nuevas,2016-06-01,0,4,3,0,0,7
TEOPONTE,"anticoncepcion, prevencion de its y de cancer de cuello uterino",inyectable trimestral: usuarias nuevas,2016-06-01,0,5,8,1,0,14
TIAWANACU,"anticoncepcion, prevencion de its y de cancer de cuello uterino",inyectable trimestral: usuarias nuevas,2016-06-01,0,0,3,1,0,4
TINGUIPAYA,"anticoncepcion, prevencion de its y de cancer de cuello uterino",inyectable trimestral: usuarias nuevas,2016-06-01,0,0,4,1,0,5
TIPUANI,"anticoncepcion, prevencion de its y de cancer de cuello uterino",inyectable trimestral: usuarias nuevas,2016-06-01,0,1,7,1,0,9
TIQUIPAYA,"anticoncepcion, prevencion de its y de cancer de cuello uterino",inyectable trimestral: usuarias nuevas,2016-06-01,0,7,35,11,0,53
TIRAQUE (CBBA),"anticoncepcion, prevencion de its y de cancer de cuello uterino",inyectable trimestral: usuarias nuevas,2016-06-01,0,6,6,3,0,15
TITO YUPANQUI (PARQUIPUJIO),"anticoncepcion, prevencion de its y de cancer de cuello uterino",inyectable trimestral: usuarias nuevas,2016-06-01,0,0,1,0,0,1
TOCO,"anticoncepcion, prevencion de its y de cancer de cuello uterino",inyectable trimestral: usuarias nuevas,2016-06-01,0,1,7,2,0,10
TOLATA,"anticoncepcion, prevencion de its y de cancer de cuello uterino",inyectable trimestral: usuarias nuevas,2016-06-01,0,0,7,1,0,8
TOLEDO,"anticoncepcion, prevencion de its y de cancer de cuello uterino",inyectable trimestral: usuarias nuevas,2016-06-01,0,0,2,0,0,2
TOMAVE,"anticoncepcion, prevencion de its y de cancer de cuello uterino",inyectable trimestral: usuarias nuevas,2016-06-01,0,0,7,4,0,11
TOMINA,"anticoncepcion, prevencion de its y de cancer de cuello uterino",inyectable trimestral: usuarias nuevas,2016-06-01,0,6,2,5,0,13
TORO TORO,"anticoncepcion, prevencion de its y de cancer de cuello uterino",inyectable trimestral: usuarias nuevas,2016-06-01,0,1,5,1,0,7
TOTORA(CBBA),"anticoncepcion, prevencion de its y de cancer de cuello uterino",inyectable trimestral: usuarias nuevas,2016-06-01,0,3,14,1,0,18
TOTORA(ORR),"anticoncepcion, prevencion de its y de cancer de cuello uterino",inyectable trimestral: usuarias nuevas,2016-06-01,0,2,2,2,0,6
TRIGAL,"anticoncepcion, prevencion de its y de cancer de cuello uterino",inyectable trimestral: usuarias nuevas,2016-06-01,0,0,1,0,0,1
TRINIDAD,"anticoncepcion, prevencion de its y de cancer de cuello uterino",inyectable trimestral: usuarias nuevas,2016-06-01,0,4,5,0,0,9
TUPIZA,"anticoncepcion, prevencion de its y de cancer de cuello uterino",inyectable trimestral: usuarias nuevas,2016-06-01,0,4,36,4,0,44
UMALA,"anticoncepcion, prevencion de its y de cancer de cuello uterino",inyectable trimestral: usuarias nuevas,2016-06-01,0,1,6,1,0,8
UNCIA,"anticoncepcion, prevencion de its y de cancer de cuello uterino",inyectable trimestral: usuarias nuevas,2016-06-01,0,1,13,4,0,18
URIONDO (A. CONCEPCION),"anticoncepcion, prevencion de its y de cancer de cuello uterino",inyectable trimestral: usuarias nuevas,2016-06-01,0,0,4,1,0,5
URUBICHA,"anticoncepcion, prevencion de its y de cancer de cuello uterino",inyectable trimestral: usuarias nuevas,2016-06-01,0,0,1,1,0,2
UYUNI,"anticoncepcion, prevencion de its y de cancer de cuello uterino",inyectable trimestral: usuarias nuevas,2016-06-01,0,3,5,1,0,9
VACAS,"anticoncepcion, prevencion de its y de cancer de cuello uterino",inyectable trimestral: usuarias nuevas,2016-06-01,0,2,1,0,0,3
VALLEGRANDE,"anticoncepcion, prevencion de its y de cancer de cuello uterino",inyectable trimestral: usuarias nuevas,2016-06-01,0,2,4,0,0,6
VIACHA,"anticoncepcion, prevencion de its y de cancer de cuello uterino",inyectable trimestral: usuarias nuevas,2016-06-01,0,5,24,4,0,33
VILLA CHARCAS,"anticoncepcion, prevencion de its y de cancer de cuello uterino",inyectable trimestral: usuarias nuevas,2016-06-01,0,3,4,4,0,11
VILLA MONTES,"anticoncepcion, prevencion de its y de cancer de cuello uterino",inyectable trimestral: usuarias nuevas,2016-06-01,0,4,14,3,0,21
VILLA RIVERO,"anticoncepcion, prevencion de its y de cancer de cuello uterino",inyectable trimestral: usuarias nuevas,2016-06-01,0,2,7,2,0,11
VILLA SERRANO,"anticoncepcion, prevencion de its y de cancer de cuello uterino",inyectable trimestral: usuarias nuevas,2016-06-01,1,2,4,4,0,11
VILLA TUNARI,"anticoncepcion, prevencion de its y de cancer de cuello uterino",inyectable trimestral: usuarias nuevas,2016-06-01,0,11,53,10,0,74
VILLA VACA GUZMAN (MUYUPAMPA),"anticoncepcion, prevencion de its y de cancer de cuello uterino",inyectable trimestral: usuarias nuevas,2016-06-01,0,0,2,0,0,2
VILLAZON,"anticoncepcion, prevencion de its y de cancer de cuello uterino",inyectable trimestral: usuarias nuevas,2016-06-01,0,5,7,1,0,13
VINTO,"anticoncepcion, prevencion de its y de cancer de cuello uterino",inyectable trimestral: usuarias nuevas,2016-06-01,0,4,14,5,0,23
VITICHI,"anticoncepcion, prevencion de its y de cancer de cuello uterino",inyectable trimestral: usuarias nuevas,2016-06-01,0,0,4,0,0,4
WALDO BALLIVIAN,"anticoncepcion, prevencion de its y de cancer de cuello uterino",inyectable trimestral: usuarias nuevas,2016-06-01,0,0,1,1,0,2
WARNES,"anticoncepcion, prevencion de its y de cancer de cuello uterino",inyectable trimestral: usuarias nuevas,2016-06-01,0,17,45,13,0,75
YACO,"anticoncepcion, prevencion de its y de cancer de cuello uterino",inyectable trimestral: usuarias nuevas,2016-06-01,0,1,5,1,0,7
YACUIBA,"anticoncepcion, prevencion de its y de cancer de cuello uterino",inyectable trimestral: usuarias nuevas,2016-06-01,0,14,51,12,1,78
YAMPARAEZ,"anticoncepcion, prevencion de its y de cancer de cuello uterino",inyectable trimestral: usuarias nuevas,2016-06-01,0,1,1,0,1,3
YANACACHI,"anticoncepcion, prevencion de its y de cancer de cuello uterino",inyectable trimestral: usuarias nuevas,2016-06-01,0,0,2,1,0,3
YAPACANI,"anticoncepcion, prevencion de its y de cancer de cuello uterino",inyectable trimestral: usuarias nuevas,2016-06-01,1,9,20,3,0,33
YOCALLA,"anticoncepcion, prevencion de its y de cancer de cuello uterino",inyectable trimestral: usuarias nuevas,2016-06-01,0,0,2,1,0,3
YOTALA,"anticoncepcion, prevencion de its y de cancer de cuello uterino",inyectable trimestral: usuarias nuevas,2016-06-01,0,0,0,3,0,3
YUNCHARA,"anticoncepcion, prevencion de its y de cancer de cuello uterino",inyectable trimestral: usuarias nuevas,2016-06-01,0,1,0,0,0,1
ZUDAÃ‘EZ,"anticoncepcion, prevencion de its y de cancer de cuello uterino",inyectable trimestral: usuarias nuevas,2016-06-01,0,1,0,0,0,1
ACACIO,"anticoncepcion, prevencion de its y de cancer de cuello uterino",inyectable trimestral: usuarias nuevas,2016-07-01,0,0,1,2,0,3
ACHACACHI,"anticoncepcion, prevencion de its y de cancer de cuello uterino",inyectable trimestral: usuarias nuevas,2016-07-01,0,2,8,2,0,12
ACHOCALLA,"anticoncepcion, prevencion de its y de cancer de cuello uterino",inyectable trimestral: usuarias nuevas,2016-07-01,0,0,13,2,0,15
AIQUILE,"anticoncepcion, prevencion de its y de cancer de cuello uterino",inyectable trimestral: usuarias nuevas,2016-07-01,0,2,6,3,0,11
ALCALA,"anticoncepcion, prevencion de its y de cancer de cuello uterino",inyectable trimestral: usuarias nuevas,2016-07-01,0,1,1,2,0,4
ALTO BENI,"anticoncepcion, prevencion de its y de cancer de cuello uterino",inyectable trimestral: usuarias nuevas,2016-07-01,0,0,2,0,0,2
ANCORAIMES,"anticoncepcion, prevencion de its y de cancer de cuello uterino",inyectable trimestral: usuarias nuevas,2016-07-01,0,0,3,1,0,4
ANDAMARCA,"anticoncepcion, prevencion de its y de cancer de cuello uterino",inyectable trimestral: usuarias nuevas,2016-07-01,0,1,0,0,0,1
ANTEQUERA,"anticoncepcion, prevencion de its y de cancer de cuello uterino",inyectable trimestral: usuarias nuevas,2016-07-01,0,0,1,0,0,1
ANZALDO,"anticoncepcion, prevencion de its y de cancer de cuello uterino",inyectable trimestral: usuarias nuevas,2016-07-01,1,1,1,2,0,5
APOLO,"anticoncepcion, prevencion de its y de cancer de cuello uterino",inyectable trimestral: usuarias nuevas,2016-07-01,0,0,12,3,0,15
ARAMPAMPA,"anticoncepcion, prevencion de its y de cancer de cuello uterino",inyectable trimestral: usuarias nuevas,2016-07-01,0,0,1,1,0,2
ARANI,"anticoncepcion, prevencion de its y de cancer de cuello uterino",inyectable trimestral: usuarias nuevas,2016-07-01,0,3,1,0,0,4
ARBIETO,"anticoncepcion, prevencion de its y de cancer de cuello uterino",inyectable trimestral: usuarias nuevas,2016-07-01,0,1,10,3,0,14
ARQUE,"anticoncepcion, prevencion de its y de cancer de cuello uterino",inyectable trimestral: usuarias nuevas,2016-07-01,0,0,6,2,0,8
ASCENCION DE GUARAYOS,"anticoncepcion, prevencion de its y de cancer de cuello uterino",inyectable trimestral: usuarias nuevas,2016-07-01,0,5,18,5,0,28
ATOCHA,"anticoncepcion, prevencion de its y de cancer de cuello uterino",inyectable trimestral: usuarias nuevas,2016-07-01,0,1,6,1,0,8
AUCAPATA,"anticoncepcion, prevencion de its y de cancer de cuello uterino",inyectable trimestral: usuarias nuevas,2016-07-01,0,1,2,1,0,4
AYATA,"anticoncepcion, prevencion de its y de cancer de cuello uterino",inyectable trimestral: usuarias nuevas,2016-07-01,0,1,1,1,0,3
AYO AYO,"anticoncepcion, prevencion de its y de cancer de cuello uterino",inyectable trimestral: usuarias nuevas,2016-07-01,0,0,1,1,0,2
AYOPAYA (V. DE INDEPENDENCIA),"anticoncepcion, prevencion de its y de cancer de cuello uterino",inyectable trimestral: usuarias nuevas,2016-07-01,0,4,11,8,0,23
AZURDUY,"anticoncepcion, prevencion de its y de cancer de cuello uterino",inyectable trimestral: usuarias nuevas,2016-07-01,0,1,5,3,0,9
BATALLAS,"anticoncepcion, prevencion de its y de cancer de cuello uterino",inyectable trimestral: usuarias nuevas,2016-07-01,0,0,7,1,0,8
BAURES,"anticoncepcion, prevencion de its y de cancer de cuello uterino",inyectable trimestral: usuarias nuevas,2016-07-01,0,0,2,0,0,2
BELLA FLOR,"anticoncepcion, prevencion de its y de cancer de cuello uterino",inyectable trimestral: usuarias nuevas,2016-07-01,0,3,2,0,0,5
BERMEJO,"anticoncepcion, prevencion de its y de cancer de cuello uterino",inyectable trimestral: usuarias nuevas,2016-07-01,0,6,14,1,1,22
BETANZOS,"anticoncepcion, prevencion de its y de cancer de cuello uterino",inyectable trimestral: usuarias nuevas,2016-07-01,0,0,7,2,0,9
BOLIVAR,"anticoncepcion, prevencion de its y de cancer de cuello uterino",inyectable trimestral: usuarias nuevas,2016-07-01,0,1,1,1,0,3
BOYUIBE,"anticoncepcion, prevencion de its y de cancer de cuello uterino",inyectable trimestral: usuarias nuevas,2016-07-01,0,1,8,0,0,9
BUENA VISTA,"anticoncepcion, prevencion de its y de cancer de cuello uterino",inyectable trimestral: usuarias nuevas,2016-07-01,0,5,7,3,0,15
CABEZAS,"anticoncepcion, prevencion de its y de cancer de cuello uterino",inyectable trimestral: usuarias nuevas,2016-07-01,1,11,27,1,0,40
CAIROMA,"anticoncepcion, prevencion de its y de cancer de cuello uterino",inyectable trimestral: usuarias nuevas,2016-07-01,0,1,5,2,0,8
"CAIZA ""D""","anticoncepcion, prevencion de its y de cancer de cuello uterino",inyectable trimestral: usuarias nuevas,2016-07-01,0,0,1,0,0,1
CAJUATA,"anticoncepcion, prevencion de its y de cancer de cuello uterino",inyectable trimestral: usuarias nuevas,2016-07-01,0,0,2,1,0,3
CALACOTO,"anticoncepcion, prevencion de its y de cancer de cuello uterino",inyectable trimestral: usuarias nuevas,2016-07-01,0,0,0,1,0,1
CALAMARCA,"anticoncepcion, prevencion de its y de cancer de cuello uterino",inyectable trimestral: usuarias nuevas,2016-07-01,0,1,2,3,1,7
CAMARGO,"anticoncepcion, prevencion de its y de cancer de cuello uterino",inyectable trimestral: usuarias nuevas,2016-07-01,0,0,1,4,0,5
CAMATAQUI (C. VILLA ABECIA),"anticoncepcion, prevencion de its y de cancer de cuello uterino",inyectable trimestral: usuarias nuevas,2016-07-01,0,0,2,1,0,3
CAMIRI,"anticoncepcion, prevencion de its y de cancer de cuello uterino",inyectable trimestral: usuarias nuevas,2016-07-01,0,3,4,0,0,7
CAPINOTA,"anticoncepcion, prevencion de its y de cancer de cuello uterino",inyectable trimestral: usuarias nuevas,2016-07-01,0,1,3,0,0,4
CAQUIAVIRI,"anticoncepcion, prevencion de its y de cancer de cuello uterino",inyectable trimestral: usuarias nuevas,2016-07-01,0,1,4,0,0,5
CARACOLLO,"anticoncepcion, prevencion de its y de cancer de cuello uterino",inyectable trimestral: usuarias nuevas,2016-07-01,1,0,6,1,0,8
CARANAVI,"anticoncepcion, prevencion de its y de cancer de cuello uterino",inyectable trimestral: usuarias nuevas,2016-07-01,0,5,25,7,0,37
CARANGAS,"anticoncepcion, prevencion de its y de cancer de cuello uterino",inyectable trimestral: usuarias nuevas,2016-07-01,0,0,1,0,0,1
CARAPARI,"anticoncepcion, prevencion de its y de cancer de cuello uterino",inyectable trimestral: usuarias nuevas,2016-07-01,0,0,2,1,0,3
CARIPUYO,"anticoncepcion, prevencion de its y de cancer de cuello uterino",inyectable trimestral: usuarias nuevas,2016-07-01,0,0,3,1,0,4
CARMEN RIVERO TORREZ,"anticoncepcion, prevencion de its y de cancer de cuello uterino",inyectable trimestral: usuarias nuevas,2016-07-01,1,1,2,0,0,4
CHALLAPATA,"anticoncepcion, prevencion de its y de cancer de cuello uterino",inyectable trimestral: usuarias nuevas,2016-07-01,0,1,10,7,0,18
CHAQUI,"anticoncepcion, prevencion de its y de cancer de cuello uterino",inyectable trimestral: usuarias nuevas,2016-07-01,0,1,1,0,0,2
CHARAGUA,"anticoncepcion, prevencion de its y de cancer de cuello uterino",inyectable trimestral: usuarias nuevas,2016-07-01,0,4,9,0,0,13
CHAYANTA,"anticoncepcion, prevencion de its y de cancer de cuello uterino",inyectable trimestral: usuarias nuevas,2016-07-01,0,3,1,1,0,5
CHIMORE,"anticoncepcion, prevencion de its y de cancer de cuello uterino",inyectable trimestral: usuarias nuevas,2016-07-01,0,4,11,2,0,17
CHIPAYA,"anticoncepcion, prevencion de its y de cancer de cuello uterino",inyectable trimestral: usuarias nuevas,2016-07-01,1,2,1,0,0,4
CHUA COCANI,"anticoncepcion, prevencion de its y de cancer de cuello uterino",inyectable trimestral: usuarias nuevas,2016-07-01,0,0,0,1,0,1
CHULUMANI (V. DE LA LIBERTAD),"anticoncepcion, prevencion de its y de cancer de cuello uterino",inyectable trimestral: usuarias nuevas,2016-07-01,0,1,8,4,0,13
CHUMA,"anticoncepcion, prevencion de its y de cancer de cuello uterino",inyectable trimestral: usuarias nuevas,2016-07-01,0,1,3,0,0,4
CHUQUIHUTA AYLLU JUCUMANI,"anticoncepcion, prevencion de its y de cancer de cuello uterino",inyectable trimestral: usuarias nuevas,2016-07-01,0,1,1,2,0,4
CKOCHAS,"anticoncepcion, prevencion de its y de cancer de cuello uterino",inyectable trimestral: usuarias nuevas,2016-07-01,0,0,1,0,0,1
CLIZA,"anticoncepcion, prevencion de its y de cancer de cuello uterino",inyectable trimestral: usuarias nuevas,2016-07-01,0,1,2,2,0,5
COBIJA,"anticoncepcion, prevencion de its y de cancer de cuello uterino",inyectable trimestral: usuarias nuevas,2016-07-01,0,8,5,0,0,13
COCAPATA,"anticoncepcion, prevencion de its y de cancer de cuello uterino",inyectable trimestral: usuarias nuevas,2016-07-01,0,1,9,5,0,15
COCHABAMBA,"anticoncepcion, prevencion de its y de cancer de cuello uterino",inyectable trimestral: usuarias nuevas,2016-07-01,0,11,77,17,1,106
COLCAPIRHUA,"anticoncepcion, prevencion de its y de cancer de cuello uterino",inyectable trimestral: usuarias nuevas,2016-07-01,0,2,18,9,0,29
"COLCHA ""K""","anticoncepcion, prevencion de its y de cancer de cuello uterino",inyectable trimestral: usuarias nuevas,2016-07-01,0,2,5,1,0,8
COLLANA,"anticoncepcion, prevencion de its y de cancer de cuello uterino",inyectable trimestral: usuarias nuevas,2016-07-01,0,1,1,0,0,2
COLOMI,"anticoncepcion, prevencion de its y de cancer de cuello uterino",inyectable trimestral: usuarias nuevas,2016-07-01,0,4,4,2,0,10
COLPA BELGICA,"anticoncepcion, prevencion de its y de cancer de cuello uterino",inyectable trimestral: usuarias nuevas,2016-07-01,0,3,1,0,0,4
COLQUECHACA,"anticoncepcion, prevencion de its y de cancer de cuello uterino",inyectable trimestral: usuarias nuevas,2016-07-01,0,6,7,2,0,15
COLQUENCHA,"anticoncepcion, prevencion de its y de cancer de cuello uterino",inyectable trimestral: usuarias nuevas,2016-07-01,0,0,6,2,0,8
COLQUIRI,"anticoncepcion, prevencion de its y de cancer de cuello uterino",inyectable trimestral: usuarias nuevas,2016-07-01,0,1,6,5,0,12
COMARAPA,"anticoncepcion, prevencion de its y de cancer de cuello uterino",inyectable trimestral: usuarias nuevas,2016-07-01,0,4,12,4,0,20
CONCEPCION,"anticoncepcion, prevencion de its y de cancer de cuello uterino",inyectable trimestral: usuarias nuevas,2016-07-01,0,1,5,0,0,6
COPACABANA,"anticoncepcion, prevencion de its y de cancer de cuello uterino",inyectable trimestral: usuarias nuevas,2016-07-01,0,0,4,0,0,4
CORIPATA,"anticoncepcion, prevencion de its y de cancer de cuello uterino",inyectable trimestral: usuarias nuevas,2016-07-01,0,1,4,4,0,9
CORO CORO,"anticoncepcion, prevencion de its y de cancer de cuello uterino",inyectable trimestral: usuarias nuevas,2016-07-01,0,0,1,2,0,3
COROICO,"anticoncepcion, prevencion de its y de cancer de cuello uterino",inyectable trimestral: usuarias nuevas,2016-07-01,0,1,7,1,0,9
COTAGAITA,"anticoncepcion, prevencion de its y de cancer de cuello uterino",inyectable trimestral: usuarias nuevas,2016-07-01,0,2,5,2,0,9
COTOCA,"anticoncepcion, prevencion de its y de cancer de cuello uterino",inyectable trimestral: usuarias nuevas,2016-07-01,0,14,27,12,0,53
CUATRO CAÃ‘ADAS,"anticoncepcion, prevencion de its y de cancer de cuello uterino",inyectable trimestral: usuarias nuevas,2016-07-01,0,5,7,1,0,13
CUCHUMUELA (V. G. VILLARROEL),"anticoncepcion, prevencion de its y de cancer de cuello uterino",inyectable trimestral: usuarias nuevas,2016-07-01,0,1,1,0,0,2
CUEVO,"anticoncepcion, prevencion de its y de cancer de cuello uterino",inyectable trimestral: usuarias nuevas,2016-07-01,0,1,0,0,0,1
CULPINA,"anticoncepcion, prevencion de its y de cancer de cuello uterino",inyectable trimestral: usuarias nuevas,2016-07-01,0,4,5,1,0,10
CURAHUARA DE CARANGAS,"anticoncepcion, prevencion de its y de cancer de cuello uterino",inyectable trimestral: usuarias nuevas,2016-07-01,0,0,5,0,0,5
DESAGUADERO,"anticoncepcion, prevencion de its y de cancer de cuello uterino",inyectable trimestral: usuarias nuevas,2016-07-01,0,0,1,1,0,2
EL ALTO,"anticoncepcion, prevencion de its y de cancer de cuello uterino",inyectable trimestral: usuarias nuevas,2016-07-01,0,28,199,60,0,287
EL CHORO,"anticoncepcion, prevencion de its y de cancer de cuello uterino",inyectable trimestral: usuarias nuevas,2016-07-01,0,0,2,0,0,2
EL PUENTE(STC),"anticoncepcion, prevencion de its y de cancer de cuello uterino",inyectable trimestral: usuarias nuevas,2016-07-01,0,7,11,5,0,23
EL PUENTE(TJA),"anticoncepcion, prevencion de its y de cancer de cuello uterino",inyectable trimestral: usuarias nuevas,2016-07-01,0,3,4,0,0,7
EL TORNO,"anticoncepcion, prevencion de its y de cancer de cuello uterino",inyectable trimestral: usuarias nuevas,2016-07-01,4,10,18,10,0,42
EL VILLAR,"anticoncepcion, prevencion de its y de cancer de cuello uterino",inyectable trimestral: usuarias nuevas,2016-07-01,0,2,2,1,0,5
ENTRE RIOS TRJ,"anticoncepcion, prevencion de its y de cancer de cuello uterino",inyectable trimestral: usuarias nuevas,2016-07-01,0,7,16,3,0,26
ENTRE RIOS CBBA,"anticoncepcion, prevencion de its y de cancer de cuello uterino",inyectable trimestral: usuarias nuevas,2016-07-01,0,3,8,4,0,15
ESCOMA,"anticoncepcion, prevencion de its y de cancer de cuello uterino",inyectable trimestral: usuarias nuevas,2016-07-01,0,0,1,0,0,1
EUCALIPTUS,"anticoncepcion, prevencion de its y de cancer de cuello uterino",inyectable trimestral: usuarias nuevas,2016-07-01,0,0,0,1,0,1
EUREKA (SANTOS MERCADO),"anticoncepcion, prevencion de its y de cancer de cuello uterino",inyectable trimestral: usuarias nuevas,2016-07-01,0,1,0,0,0,1
FERNANDEZ ALONSO,"anticoncepcion, prevencion de its y de cancer de cuello uterino",inyectable trimestral: usuarias nuevas,2016-07-01,0,5,13,4,0,22
FILADELFIA,"anticoncepcion, prevencion de its y de cancer de cuello uterino",inyectable trimestral: usuarias nuevas,2016-07-01,0,1,3,0,0,4
GENERAL SAAVEDRA,"anticoncepcion, prevencion de its y de cancer de cuello uterino",inyectable trimestral: usuarias nuevas,2016-07-01,0,4,13,2,0,19
GRAL. J.J. PEREZ (CHARAZANI),"anticoncepcion, prevencion de its y de cancer de cuello uterino",inyectable trimestral: usuarias nuevas,2016-07-01,0,0,4,6,0,10
GUANAY,"anticoncepcion, prevencion de its y de cancer de cuello uterino",inyectable trimestral: usuarias nuevas,2016-07-01,0,1,1,0,0,2
GUAQUI,"anticoncepcion, prevencion de its y de cancer de cuello uterino",inyectable trimestral: usuarias nuevas,2016-07-01,0,1,0,1,0,2
GUAYARAMERIN,"anticoncepcion, prevencion de its y de cancer de cuello uterino",inyectable trimestral: usuarias nuevas,2016-07-01,0,4,10,4,0,18
GUTIERREZ,"anticoncepcion, prevencion de its y de cancer de cuello uterino",inyectable trimestral: usuarias nuevas,2016-07-01,0,0,2,1,0,3
HUACARETA,"anticoncepcion, prevencion de its y de cancer de cuello uterino",inyectable trimestral: usuarias nuevas,2016-07-01,0,0,5,1,0,6
HUACAYA (VILLA DE HUACAYA),"anticoncepcion, prevencion de its y de cancer de cuello uterino",inyectable trimestral: usuarias nuevas,2016-07-01,0,0,1,0,0,1
HUACHACALLA,"anticoncepcion, prevencion de its y de cancer de cuello uterino",inyectable trimestral: usuarias nuevas,2016-07-01,0,0,2,1,0,3
HUANUNI,"anticoncepcion, prevencion de its y de cancer de cuello uterino",inyectable trimestral: usuarias nuevas,2016-07-01,0,3,2,1,0,6
HUARACAJE,"anticoncepcion, prevencion de its y de cancer de cuello uterino",inyectable trimestral: usuarias nuevas,2016-07-01,0,1,4,1,0,6
HUARINA,"anticoncepcion, prevencion de its y de cancer de cuello uterino",inyectable trimestral: usuarias nuevas,2016-07-01,0,0,2,1,0,3
HUATAJATA,"anticoncepcion, prevencion de its y de cancer de cuello uterino",inyectable trimestral: usuarias nuevas,2016-07-01,0,0,2,0,0,2
HUAYLLAMARCA,"anticoncepcion, prevencion de its y de cancer de cuello uterino",inyectable trimestral: usuarias nuevas,2016-07-01,0,1,3,1,0,5
ICLA,"anticoncepcion, prevencion de its y de cancer de cuello uterino",inyectable trimestral: usuarias nuevas,2016-07-01,0,2,1,1,0,4
INCAHUASI,"anticoncepcion, prevencion de its y de cancer de cuello uterino",inyectable trimestral: usuarias nuevas,2016-07-01,0,1,5,2,0,8
INQUISIVI,"anticoncepcion, prevencion de its y de cancer de cuello uterino",inyectable trimestral: usuarias nuevas,2016-07-01,0,2,3,2,0,7
IRUPANA (VILLA DE LANZA),"anticoncepcion, prevencion de its y de cancer de cuello uterino",inyectable trimestral: usuarias nuevas,2016-07-01,0,0,8,1,0,9
IXIAMAS,"anticoncepcion, prevencion de its y de cancer de cuello uterino",inyectable trimestral: usuarias nuevas,2016-07-01,0,2,7,1,0,10
JESUS DE MACHACA,"anticoncepcion, prevencion de its y de cancer de cuello uterino",inyectable trimestral: usuarias nuevas,2016-07-01,0,1,0,1,0,2
LA ASUNTA,"anticoncepcion, prevencion de its y de cancer de cuello uterino",inyectable trimestral: usuarias nuevas,2016-07-01,0,3,17,6,0,26
LA GUARDIA,"anticoncepcion, prevencion de its y de cancer de cuello uterino",inyectable trimestral: usuarias nuevas,2016-07-01,0,11,29,9,0,49
LA PAZ,"anticoncepcion, prevencion de its y de cancer de cuello uterino",inyectable trimestral: usuarias nuevas,2016-07-01,0,20,125,83,0,228
LAGUNILLAS,"anticoncepcion, prevencion de its y de cancer de cuello uterino",inyectable trimestral: usuarias nuevas,2016-07-01,0,2,6,0,0,8
LAJA,"anticoncepcion, prevencion de its y de cancer de cuello uterino",inyectable trimestral: usuarias nuevas,2016-07-01,0,0,5,0,0,5
LAS CARRERAS,"anticoncepcion, prevencion de its y de cancer de cuello uterino",inyectable trimestral: usuarias nuevas,2016-07-01,0,0,3,1,0,4
LICOMA PAMPA,"anticoncepcion, prevencion de its y de cancer de cuello uterino",inyectable trimestral: usuarias nuevas,2016-07-01,0,0,1,0,0,1
LLALLAGUA,"anticoncepcion, prevencion de its y de cancer de cuello uterino",inyectable trimestral: usuarias nuevas,2016-07-01,0,4,28,7,0,39
LLICA,"anticoncepcion, prevencion de its y de cancer de cuello uterino",inyectable trimestral: usuarias nuevas,2016-07-01,0,1,0,0,0,1
LORETO,"anticoncepcion, prevencion de its y de cancer de cuello uterino",inyectable trimestral: usuarias nuevas,2016-07-01,0,1,1,1,0,3
LURIBAY,"anticoncepcion, prevencion de its y de cancer de cuello uterino",inyectable trimestral: usuarias nuevas,2016-07-01,0,0,3,0,0,3
MACHACAMARCA,"anticoncepcion, prevencion de its y de cancer de cuello uterino",inyectable trimestral: usuarias nuevas,2016-07-01,0,0,2,0,0,2
MACHARETI,"anticoncepcion, prevencion de its y de cancer de cuello uterino",inyectable trimestral: usuarias nuevas,2016-07-01,0,1,5,1,0,7
MAGDALENA,"anticoncepcion, prevencion de its y de cancer de cuello uterino",inyectable trimestral: usuarias nuevas,2016-07-01,0,3,10,0,0,13
MAIRANA,"anticoncepcion, prevencion de its y de cancer de cuello uterino",inyectable trimestral: usuarias nuevas,2016-07-01,0,1,4,1,0,6
MALLA,"anticoncepcion, prevencion de its y de cancer de cuello uterino",inyectable trimestral: usuarias nuevas,2016-07-01,0,0,2,0,0,2
MAPIRI,"anticoncepcion, prevencion de its y de cancer de cuello uterino",inyectable trimestral: usuarias nuevas,2016-07-01,0,1,8,1,0,10
MECAPACA,"anticoncepcion, prevencion de its y de cancer de cuello uterino",inyectable trimestral: usuarias nuevas,2016-07-01,0,0,1,1,0,2
MINEROS,"anticoncepcion, prevencion de its y de cancer de cuello uterino",inyectable trimestral: usuarias nuevas,2016-07-01,2,5,11,0,0,18
MIZQUE,"anticoncepcion, prevencion de its y de cancer de cuello uterino",inyectable trimestral: usuarias nuevas,2016-07-01,0,5,10,3,0,18
MOCOMOCO,"anticoncepcion, prevencion de its y de cancer de cuello uterino",inyectable trimestral: usuarias nuevas,2016-07-01,0,1,2,0,0,3
MOJINETE,"anticoncepcion, prevencion de its y de cancer de cuello uterino",inyectable trimestral: usuarias nuevas,2016-07-01,0,0,1,0,0,1
MOJOCOYA,"anticoncepcion, prevencion de its y de cancer de cuello uterino",inyectable trimestral: usuarias nuevas,2016-07-01,0,1,3,0,0,4
MONTEAGUDO,"anticoncepcion, prevencion de its y de cancer de cuello uterino",inyectable trimestral: usuarias nuevas,2016-07-01,0,2,6,4,1,13
MONTERO,"anticoncepcion, prevencion de its y de cancer de cuello uterino",inyectable trimestral: usuarias nuevas,2016-07-01,1,13,46,7,0,67
MORO MORO,"anticoncepcion, prevencion de its y de cancer de cuello uterino",inyectable trimestral: usuarias nuevas,2016-07-01,0,1,0,0,0,1
MOROCHATA,"anticoncepcion, prevencion de its y de cancer de cuello uterino",inyectable trimestral: usuarias nuevas,2016-07-01,0,2,5,5,0,12
NACEBE (SANTA ROSA DEL ABUNA),"anticoncepcion, prevencion de its y de cancer de cuello uterino",inyectable trimestral: usuarias nuevas,2016-07-01,0,0,2,0,0,2
NUEVO MANOA (NUEVA ESPERANZA),"anticoncepcion, prevencion de its y de cancer de cuello uterino",inyectable trimestral: usuarias nuevas,2016-07-01,1,2,2,0,0,5
OCURI,"anticoncepcion, prevencion de its y de cancer de cuello uterino",inyectable trimestral: usuarias nuevas,2016-07-01,0,2,10,9,0,21
OKINAWA,"anticoncepcion, prevencion de its y de cancer de cuello uterino",inyectable trimestral: usuarias nuevas,2016-07-01,0,1,3,0,0,4
OMEREQUE,"anticoncepcion, prevencion de its y de cancer de cuello uterino",inyectable trimestral: usuarias nuevas,2016-07-01,1,1,7,0,0,9
ORURO,"anticoncepcion, prevencion de its y de cancer de cuello uterino",inyectable trimestral: usuarias nuevas,2016-07-01,1,24,83,28,0,136
PADCAYA,"anticoncepcion, prevencion de its y de cancer de cuello uterino",inyectable trimestral: usuarias nuevas,2016-07-01,0,5,4,1,0,10
PADILLA,"anticoncepcion, prevencion de its y de cancer de cuello uterino",inyectable trimestral: usuarias nuevas,2016-07-01,0,6,7,3,0,16
PAILON,"anticoncepcion, prevencion de its y de cancer de cuello uterino",inyectable trimestral: usuarias nuevas,2016-07-01,0,4,0,1,0,5
PALCA,"anticoncepcion, prevencion de its y de cancer de cuello uterino",inyectable trimestral: usuarias nuevas,2016-07-01,0,1,11,4,0,16
PALOS BLANCOS,"anticoncepcion, prevencion de its y de cancer de cuello uterino",inyectable trimestral: usuarias nuevas,2016-07-01,0,4,7,3,0,14
PAMPA GRANDE,"anticoncepcion, prevencion de its y de cancer de cuello uterino",inyectable trimestral: usuarias nuevas,2016-07-01,0,3,3,0,0,6
PAPEL PAMPA,"anticoncepcion, prevencion de its y de cancer de cuello uterino",inyectable trimestral: usuarias nuevas,2016-07-01,0,1,1,1,0,3
PASORAPA,"anticoncepcion, prevencion de its y de cancer de cuello uterino",inyectable trimestral: usuarias nuevas,2016-07-01,0,1,3,1,0,5
PATACAMAYA,"anticoncepcion, prevencion de its y de cancer de cuello uterino",inyectable trimestral: usuarias nuevas,2016-07-01,0,1,0,0,0,1
PAZÃ‘A,"anticoncepcion, prevencion de its y de cancer de cuello uterino",inyectable trimestral: usuarias nuevas,2016-07-01,0,0,1,0,0,1
PELECHUCO,"anticoncepcion, prevencion de its y de cancer de cuello uterino",inyectable trimestral: usuarias nuevas,2016-07-01,0,0,1,1,0,2
POCOATA,"anticoncepcion, prevencion de its y de cancer de cuello uterino",inyectable trimestral: usuarias nuevas,2016-07-01,0,2,3,3,0,8
POCONA,"anticoncepcion, prevencion de its y de cancer de cuello uterino",inyectable trimestral: usuarias nuevas,2016-07-01,0,3,4,1,0,8
POJO (CBBA),"anticoncepcion, prevencion de its y de cancer de cuello uterino",inyectable trimestral: usuarias nuevas,2016-07-01,0,3,13,3,0,19
POOPO,"anticoncepcion, prevencion de its y de cancer de cuello uterino",inyectable trimestral: usuarias nuevas,2016-07-01,0,0,2,0,0,2
PORCO,"anticoncepcion, prevencion de its y de cancer de cuello uterino",inyectable trimestral: usuarias nuevas,2016-07-01,0,0,7,1,0,8
POROMA,"anticoncepcion, prevencion de its y de cancer de cuello uterino",inyectable trimestral: usuarias nuevas,2016-07-01,1,2,3,1,0,7
PORONGO,"anticoncepcion, prevencion de its y de cancer de cuello uterino",inyectable trimestral: usuarias nuevas,2016-07-01,0,6,16,3,0,25
PORTACHUELO,"anticoncepcion, prevencion de its y de cancer de cuello uterino",inyectable trimestral: usuarias nuevas,2016-07-01,0,0,2,0,0,2
PORVENIR,"anticoncepcion, prevencion de its y de cancer de cuello uterino",inyectable trimestral: usuarias nuevas,2016-07-01,0,2,3,0,0,5
POSTRER VALLE,"anticoncepcion, prevencion de its y de cancer de cuello uterino",inyectable trimestral: usuarias nuevas,2016-07-01,0,0,1,0,0,1
POTOSI,"anticoncepcion, prevencion de its y de cancer de cuello uterino",inyectable trimestral: usuarias nuevas,2016-07-01,0,19,98,22,0,139
PRESTO,"anticoncepcion, prevencion de its y de cancer de cuello uterino",inyectable trimestral: usuarias nuevas,2016-07-01,0,1,9,7,0,17
PUCARA,"anticoncepcion, prevencion de its y de cancer de cuello uterino",inyectable trimestral: usuarias nuevas,2016-07-01,0,1,0,0,0,1
PUCARANI,"anticoncepcion, prevencion de its y de cancer de cuello uterino",inyectable trimestral: usuarias nuevas,2016-07-01,0,3,3,5,0,11
PUERTO ACOSTA,"anticoncepcion, prevencion de its y de cancer de cuello uterino",inyectable trimestral: usuarias nuevas,2016-07-01,0,0,1,0,0,1
PUERTO CARABUCO,"anticoncepcion, prevencion de its y de cancer de cuello uterino",inyectable trimestral: usuarias nuevas,2016-07-01,0,1,3,1,0,5
PUERTO GONZALO MORENO,"anticoncepcion, prevencion de its y de cancer de cuello uterino",inyectable trimestral: usuarias nuevas,2016-07-01,2,4,2,0,0,8
PUERTO PEREZ,"anticoncepcion, prevencion de its y de cancer de cuello uterino",inyectable trimestral: usuarias nuevas,2016-07-01,0,1,2,1,0,4
PUERTO QUIJARRO,"anticoncepcion, prevencion de its y de cancer de cuello uterino",inyectable trimestral: usuarias nuevas,2016-07-01,0,1,6,0,0,7
PUERTO RICO,"anticoncepcion, prevencion de its y de cancer de cuello uterino",inyectable trimestral: usuarias nuevas,2016-07-01,0,0,1,0,0,1
PUERTO SILES,"anticoncepcion, prevencion de its y de cancer de cuello uterino",inyectable trimestral: usuarias nuevas,2016-07-01,0,0,0,1,0,1
PUERTO SUAREZ,"anticoncepcion, prevencion de its y de cancer de cuello uterino",inyectable trimestral: usuarias nuevas,2016-07-01,0,4,3,1,0,8
PUERTO VILLARROEL,"anticoncepcion, prevencion de its y de cancer de cuello uterino",inyectable trimestral: usuarias nuevas,2016-07-01,0,4,16,6,0,26
PUNA,"anticoncepcion, prevencion de its y de cancer de cuello uterino",inyectable trimestral: usuarias nuevas,2016-07-01,0,0,2,1,0,3
PUNATA,"anticoncepcion, prevencion de its y de cancer de cuello uterino",inyectable trimestral: usuarias nuevas,2016-07-01,0,8,16,1,0,25
QUILLACOLLO,"anticoncepcion, prevencion de its y de cancer de cuello uterino",inyectable trimestral: usuarias nuevas,2016-07-01,0,10,39,3,0,52
QUIME,"anticoncepcion, prevencion de its y de cancer de cuello uterino",inyectable trimestral: usuarias nuevas,2016-07-01,0,1,5,1,0,7
RAVELO,"anticoncepcion, prevencion de its y de cancer de cuello uterino",inyectable trimestral: usuarias nuevas,2016-07-01,0,1,11,9,1,22
REYES,"anticoncepcion, prevencion de its y de cancer de cuello uterino",inyectable trimestral: usuarias nuevas,2016-07-01,0,5,11,4,0,20
RIBERALTA,"anticoncepcion, prevencion de its y de cancer de cuello uterino",inyectable trimestral: usuarias nuevas,2016-07-01,1,34,56,9,0,100
ROBORE,"anticoncepcion, prevencion de its y de cancer de cuello uterino",inyectable trimestral: usuarias nuevas,2016-07-01,1,4,19,2,0,26
RURRENABAQUE,"anticoncepcion, prevencion de its y de cancer de cuello uterino",inyectable trimestral: usuarias nuevas,2016-07-01,0,2,5,2,0,9
SABAYA,"anticoncepcion, prevencion de its y de cancer de cuello uterino",inyectable trimestral: usuarias nuevas,2016-07-01,0,0,5,0,0,5
SACABA,"anticoncepcion, prevencion de its y de cancer de cuello uterino",inyectable trimestral: usuarias nuevas,2016-07-01,0,5,27,10,0,42
SACABAMBA,"anticoncepcion, prevencion de its y de cancer de cuello uterino",inyectable trimestral: usuarias nuevas,2016-07-01,0,0,0,1,0,1
SACACA,"anticoncepcion, prevencion de its y de cancer de cuello uterino",inyectable trimestral: usuarias nuevas,2016-07-01,0,4,8,2,0,14
SAIPINA,"anticoncepcion, prevencion de its y de cancer de cuello uterino",inyectable trimestral: usuarias nuevas,2016-07-01,0,1,2,2,0,5
SALINAS DE GARCI MENDOZA,"anticoncepcion, prevencion de its y de cancer de cuello uterino",inyectable trimestral: usuarias nuevas,2016-07-01,0,1,3,0,0,4
SAMAIPATA,"anticoncepcion, prevencion de its y de cancer de cuello uterino",inyectable trimestral: usuarias nuevas,2016-07-01,0,1,2,0,0,3
SAN AGUSTIN,"anticoncepcion, prevencion de its y de cancer de cuello uterino",inyectable trimestral: usuarias nuevas,2016-07-01,0,1,1,0,0,2
SAN ANDRES,"anticoncepcion, prevencion de its y de cancer de cuello uterino",inyectable trimestral: usuarias nuevas,2016-07-01,0,5,5,0,0,10
SAN ANDRES DE MACHACA,"anticoncepcion, prevencion de its y de cancer de cuello uterino",inyectable trimestral: usuarias nuevas,2016-07-01,0,0,1,0,0,1
SAN ANTONIO DE ESMORUCO,"anticoncepcion, prevencion de its y de cancer de cuello uterino",inyectable trimestral: usuarias nuevas,2016-07-01,0,0,0,1,0,1
SAN ANTONIO DE LOMERIO,"anticoncepcion, prevencion de its y de cancer de cuello uterino",inyectable trimestral: usuarias nuevas,2016-07-01,1,1,3,0,0,5
SAN BENITO,"anticoncepcion, prevencion de its y de cancer de cuello uterino",inyectable trimestral: usuarias nuevas,2016-07-01,0,2,7,1,0,10
SAN BORJA,"anticoncepcion, prevencion de its y de cancer de cuello uterino",inyectable trimestral: usuarias nuevas,2016-07-01,1,6,10,2,0,19
SAN BUENA VENTURA,"anticoncepcion, prevencion de its y de cancer de cuello uterino",inyectable trimestral: usuarias nuevas,2016-07-01,0,2,4,0,0,6
SAN CARLOS,"anticoncepcion, prevencion de its y de cancer de cuello uterino",inyectable trimestral: usuarias nuevas,2016-07-01,0,3,11,0,0,14
SAN IGNACIO,"anticoncepcion, prevencion de its y de cancer de cuello uterino",inyectable trimestral: usuarias nuevas,2016-07-01,0,2,15,1,0,18
SAN IGNACIO DE VELASCO,"anticoncepcion, prevencion de its y de cancer de cuello uterino",inyectable trimestral: usuarias nuevas,2016-07-01,0,5,24,7,0,36
SAN JAVIER(BNI),"anticoncepcion, prevencion de its y de cancer de cuello uterino",inyectable trimestral: usuarias nuevas,2016-07-01,0,2,0,0,0,2
SAN JAVIER(STC),"anticoncepcion, prevencion de its y de cancer de cuello uterino",inyectable trimestral: usuarias nuevas,2016-07-01,0,1,5,2,0,8
SAN JOAQUIN,"anticoncepcion, prevencion de its y de cancer de cuello uterino",inyectable trimestral: usuarias nuevas,2016-07-01,0,2,1,0,0,3
SAN JOSE DE CHIQUITOS,"anticoncepcion, prevencion de its y de cancer de cuello uterino",inyectable trimestral: usuarias nuevas,2016-07-01,0,4,4,0,0,8
SAN JUAN DE YAPACANI,"anticoncepcion, prevencion de its y de cancer de cuello uterino",inyectable trimestral: usuarias nuevas,2016-07-01,0,0,1,0,0,1
SAN JULIAN,"anticoncepcion, prevencion de its y de cancer de cuello uterino",inyectable trimestral: usuarias nuevas,2016-07-01,0,2,14,0,0,16
SAN LORENZO(PND),"anticoncepcion, prevencion de its y de cancer de cuello uterino",inyectable trimestral: usuarias nuevas,2016-07-01,0,2,2,1,0,5
SAN LORENZO(TJA),"anticoncepcion, prevencion de its y de cancer de cuello uterino",inyectable trimestral: usuarias nuevas,2016-07-01,0,3,12,5,0,20
SAN LUCAS,"anticoncepcion, prevencion de its y de cancer de cuello uterino",inyectable trimestral: usuarias nuevas,2016-07-01,0,2,9,4,0,15
SAN MATIAS,"anticoncepcion, prevencion de its y de cancer de cuello uterino",inyectable trimestral: usuarias nuevas,2016-07-01,0,3,4,1,0,8
SAN MIGUEL DE VELASCO,"anticoncepcion, prevencion de its y de cancer de cuello uterino",inyectable trimestral: usuarias nuevas,2016-07-01,0,2,2,0,0,4
SAN PABLO DE LIPEZ,"anticoncepcion, prevencion de its y de cancer de cuello uterino",inyectable trimestral: usuarias nuevas,2016-07-01,0,0,1,0,0,1
SAN PEDRO,"anticoncepcion, prevencion de its y de cancer de cuello uterino",inyectable trimestral: usuarias nuevas,2016-07-01,1,2,5,3,0,11
SAN PEDRO DE BUENA VISTA,"anticoncepcion, prevencion de its y de cancer de cuello uterino",inyectable trimestral: usuarias nuevas,2016-07-01,0,1,14,9,0,24
SAN PEDRO DE CURAHUARA,"anticoncepcion, prevencion de its y de cancer de cuello uterino",inyectable trimestral: usuarias nuevas,2016-07-01,0,0,1,1,0,2
SAN PEDRO DE TIQUINA,"anticoncepcion, prevencion de its y de cancer de cuello uterino",inyectable trimestral: usuarias nuevas,2016-07-01,0,0,5,0,0,5
SAN RAFAEL,"anticoncepcion, prevencion de its y de cancer de cuello uterino",inyectable trimestral: usuarias nuevas,2016-07-01,1,3,11,2,0,17
SAN RAMON BENI,"anticoncepcion, prevencion de its y de cancer de cuello uterino",inyectable trimestral: usuarias nuevas,2016-07-01,0,1,2,1,0,4
SAN RAMON SCZ,"anticoncepcion, prevencion de its y de cancer de cuello uterino",inyectable trimestral: usuarias nuevas,2016-07-01,0,2,9,1,1,13
SANTA ANA,"anticoncepcion, prevencion de its y de cancer de cuello uterino",inyectable trimestral: usuarias nuevas,2016-07-01,0,2,7,1,0,10
SANTA CRUZ DE LA SIERRA,"anticoncepcion, prevencion de its y de cancer de cuello uterino",inyectable trimestral: usuarias nuevas,2016-07-01,4,75,237,63,0,379
SANTA ROSA,"anticoncepcion, prevencion de its y de cancer de cuello uterino",inyectable trimestral: usuarias nuevas,2016-07-01,0,0,2,0,0,2
SANTA ROSA DEL SARA,"anticoncepcion, prevencion de its y de cancer de cuello uterino",inyectable trimestral: usuarias nuevas,2016-07-01,1,4,9,3,0,17
SANTIAGO DE CALLAPA,"anticoncepcion, prevencion de its y de cancer de cuello uterino",inyectable trimestral: usuarias nuevas,2016-07-01,0,0,1,1,0,2
SANTIAGO DE HUARI,"anticoncepcion, prevencion de its y de cancer de cuello uterino",inyectable trimestral: usuarias nuevas,2016-07-01,0,0,3,2,0,5
SANTIAGO DE HUATA,"anticoncepcion, prevencion de its y de cancer de cuello uterino",inyectable trimestral: usuarias nuevas,2016-07-01,0,0,2,0,0,2
SANTIAGO DE MACHACA,"anticoncepcion, prevencion de its y de cancer de cuello uterino",inyectable trimestral: usuarias nuevas,2016-07-01,0,0,1,0,0,1
SANTIVAÃ‘ES,"anticoncepcion, prevencion de its y de cancer de cuello uterino",inyectable trimestral: usuarias nuevas,2016-07-01,0,1,5,0,0,6
SAPAHAQUI,"anticoncepcion, prevencion de its y de cancer de cuello uterino",inyectable trimestral: usuarias nuevas,2016-07-01,0,1,2,1,0,4
SENA,"anticoncepcion, prevencion de its y de cancer de cuello uterino",inyectable trimestral: usuarias nuevas,2016-07-01,0,0,2,1,0,3
SHINAOTA,"anticoncepcion, prevencion de its y de cancer de cuello uterino",inyectable trimestral: usuarias nuevas,2016-07-01,0,1,5,0,0,6
SICA SICA (VILLA AROMA),"anticoncepcion, prevencion de its y de cancer de cuello uterino",inyectable trimestral: usuarias nuevas,2016-07-01,0,1,4,4,0,9
SICAYA,"anticoncepcion, prevencion de its y de cancer de cuello uterino",inyectable trimestral: usuarias nuevas,2016-07-01,0,3,4,0,0,7
SIPE SIPE,"anticoncepcion, prevencion de its y de cancer de cuello uterino",inyectable trimestral: usuarias nuevas,2016-07-01,0,11,27,8,0,46
SOPACHUY,"anticoncepcion, prevencion de its y de cancer de cuello uterino",inyectable trimestral: usuarias nuevas,2016-07-01,0,4,10,2,0,16
SORACACHI,"anticoncepcion, prevencion de its y de cancer de cuello uterino",inyectable trimestral: usuarias nuevas,2016-07-01,0,0,2,2,0,4
SORATA,"anticoncepcion, prevencion de its y de cancer de cuello uterino",inyectable trimestral: usuarias nuevas,2016-07-01,0,5,4,2,0,11
SUCRE,"anticoncepcion, prevencion de its y de cancer de cuello uterino",inyectable trimestral: usuarias nuevas,2016-07-01,0,28,73,24,0,125
TACACHI,"anticoncepcion, prevencion de its y de cancer de cuello uterino",inyectable trimestral: usuarias nuevas,2016-07-01,0,0,4,0,0,4
TACACOMA,"anticoncepcion, prevencion de its y de cancer de cuello uterino",inyectable trimestral: usuarias nuevas,2016-07-01,0,0,10,1,0,11
TACOBAMBA,"anticoncepcion, prevencion de its y de cancer de cuello uterino",inyectable trimestral: usuarias nuevas,2016-07-01,0,1,2,2,0,5
TACOPAYA,"anticoncepcion, prevencion de its y de cancer de cuello uterino",inyectable trimestral: usuarias nuevas,2016-07-01,0,0,2,0,0,2
TAPACARI,"anticoncepcion, prevencion de its y de cancer de cuello uterino",inyectable trimestral: usuarias nuevas,2016-07-01,0,2,8,2,0,12
TARABUCO,"anticoncepcion, prevencion de its y de cancer de cuello uterino",inyectable trimestral: usuarias nuevas,2016-07-01,0,0,3,0,0,3
TARACO,"anticoncepcion, prevencion de its y de cancer de cuello uterino",inyectable trimestral: usuarias nuevas,2016-07-01,0,0,1,0,0,1
TARATA,"anticoncepcion, prevencion de its y de cancer de cuello uterino",inyectable trimestral: usuarias nuevas,2016-07-01,0,2,5,4,0,11
TARIJA,"anticoncepcion, prevencion de its y de cancer de cuello uterino",inyectable trimestral: usuarias nuevas,2016-07-01,0,13,44,19,0,76
TARVITA,"anticoncepcion, prevencion de its y de cancer de cuello uterino",inyectable trimestral: usuarias nuevas,2016-07-01,0,1,6,2,0,9
TEOPONTE,"anticoncepcion, prevencion de its y de cancer de cuello uterino",inyectable trimestral: usuarias nuevas,2016-07-01,0,1,14,1,0,16
TIAWANACU,"anticoncepcion, prevencion de its y de cancer de cuello uterino",inyectable trimestral: usuarias nuevas,2016-07-01,0,0,4,0,0,4
TINGUIPAYA,"anticoncepcion, prevencion de its y de cancer de cuello uterino",inyectable trimestral: usuarias nuevas,2016-07-01,0,0,2,0,0,2
TIPUANI,"anticoncepcion, prevencion de its y de cancer de cuello uterino",inyectable trimestral: usuarias nuevas,2016-07-01,0,3,8,2,0,13
TIQUIPAYA,"anticoncepcion, prevencion de its y de cancer de cuello uterino",inyectable trimestral: usuarias nuevas,2016-07-01,0,11,31,8,0,50
TIRAQUE (CBBA),"anticoncepcion, prevencion de its y de cancer de cuello uterino",inyectable trimestral: usuarias nuevas,2016-07-01,0,3,7,3,0,13
TOCO,"anticoncepcion, prevencion de its y de cancer de cuello uterino",inyectable trimestral: usuarias nuevas,2016-07-01,0,3,5,0,1,9
TOLATA,"anticoncepcion, prevencion de its y de cancer de cuello uterino",inyectable trimestral: usuarias nuevas,2016-07-01,0,2,10,1,0,13
TOLEDO,"anticoncepcion, prevencion de its y de cancer de cuello uterino",inyectable trimestral: usuarias nuevas,2016-07-01,0,1,2,0,0,3
TOMAVE,"anticoncepcion, prevencion de its y de cancer de cuello uterino",inyectable trimestral: usuarias nuevas,2016-07-01,0,1,2,1,0,4
TOMINA,"anticoncepcion, prevencion de its y de cancer de cuello uterino",inyectable trimestral: usuarias nuevas,2016-07-01,0,3,5,1,0,9
TORO TORO,"anticoncepcion, prevencion de its y de cancer de cuello uterino",inyectable trimestral: usuarias nuevas,2016-07-01,0,1,1,0,0,2
TOTORA(CBBA),"anticoncepcion, prevencion de its y de cancer de cuello uterino",inyectable trimestral: usuarias nuevas,2016-07-01,0,2,12,2,0,16
TOTORA(ORR),"anticoncepcion, prevencion de its y de cancer de cuello uterino",inyectable trimestral: usuarias nuevas,2016-07-01,0,1,2,0,0,3
TRIGAL,"anticoncepcion, prevencion de its y de cancer de cuello uterino",inyectable trimestral: usuarias nuevas,2016-07-01,1,0,0,0,0,1
TRINIDAD,"anticoncepcion, prevencion de its y de cancer de cuello uterino",inyectable trimestral: usuarias nuevas,2016-07-01,0,0,7,1,0,8
TUPIZA,"anticoncepcion, prevencion de its y de cancer de cuello uterino",inyectable trimestral: usuarias nuevas,2016-07-01,0,5,20,2,0,27
TURCO,"anticoncepcion, prevencion de its y de cancer de cuello uterino",inyectable trimestral: usuarias nuevas,2016-07-01,0,0,2,1,0,3
UMALA,"anticoncepcion, prevencion de its y de cancer de cuello uterino",inyectable trimestral: usuarias nuevas,2016-07-01,0,0,5,1,0,6
UNCIA,"anticoncepcion, prevencion de its y de cancer de cuello uterino",inyectable trimestral: usuarias nuevas,2016-07-01,0,1,11,5,0,17
URIONDO (A. CONCEPCION),"anticoncepcion, prevencion de its y de cancer de cuello uterino",inyectable trimestral: usuarias nuevas,2016-07-01,0,4,3,2,0,9
URUBICHA,"anticoncepcion, prevencion de its y de cancer de cuello uterino",inyectable trimestral: usuarias nuevas,2016-07-01,0,0,1,2,0,3
UYUNI,"anticoncepcion, prevencion de its y de cancer de cuello uterino",inyectable trimestral: usuarias nuevas,2016-07-01,0,0,17,4,0,21
VACAS,"anticoncepcion, prevencion de its y de cancer de cuello uterino",inyectable trimestral: usuarias nuevas,2016-07-01,0,1,0,0,0,1
VALLEGRANDE,"anticoncepcion, prevencion de its y de cancer de cuello uterino",inyectable trimestral: usuarias nuevas,2016-07-01,0,2,6,0,0,8
VIACHA,"anticoncepcion, prevencion de its y de cancer de cuello uterino",inyectable trimestral: usuarias nuevas,2016-07-01,0,6,27,10,0,43
VILA VILA,"anticoncepcion, prevencion de its y de cancer de cuello uterino",inyectable trimestral: usuarias nuevas,2016-07-01,0,1,1,1,0,3
VILLA CHARCAS,"anticoncepcion, prevencion de its y de cancer de cuello uterino",inyectable trimestral: usuarias nuevas,2016-07-01,0,4,11,4,0,19
VILLA MONTES,"anticoncepcion, prevencion de its y de cancer de cuello uterino",inyectable trimestral: usuarias nuevas,2016-07-01,1,3,11,2,0,17
VILLA NUEVA (LOMA ALTA),"anticoncepcion, prevencion de its y de cancer de cuello uterino",inyectable trimestral: usuarias nuevas,2016-07-01,0,0,1,0,0,1
VILLA RIVERO,"anticoncepcion, prevencion de its y de cancer de cuello uterino",inyectable trimestral: usuarias nuevas,2016-07-01,0,3,14,6,0,23
VILLA SERRANO,"anticoncepcion, prevencion de its y de cancer de cuello uterino",inyectable trimestral: usuarias nuevas,2016-07-01,0,6,1,0,0,7
VILLA TUNARI,"anticoncepcion, prevencion de its y de cancer de cuello uterino",inyectable trimestral: usuarias nuevas,2016-07-01,0,16,53,14,0,83
VILLA VACA GUZMAN (MUYUPAMPA),"anticoncepcion, prevencion de its y de cancer de cuello uterino",inyectable trimestral: usuarias nuevas,2016-07-01,0,2,8,1,0,11
VILLAZON,"anticoncepcion, prevencion de its y de cancer de cuello uterino",inyectable trimestral: usuarias nuevas,2016-07-01,0,3,7,2,0,12
VINTO,"anticoncepcion, prevencion de its y de cancer de cuello uterino",inyectable trimestral: usuarias nuevas,2016-07-01,1,7,19,2,0,29
VITICHI,"anticoncepcion, prevencion de its y de cancer de cuello uterino",inyectable trimestral: usuarias nuevas,2016-07-01,0,0,2,2,0,4
WALDO BALLIVIAN,"anticoncepcion, prevencion de its y de cancer de cuello uterino",inyectable trimestral: usuarias nuevas,2016-07-01,0,0,1,1,0,2
WARNES,"anticoncepcion, prevencion de its y de cancer de cuello uterino",inyectable trimestral: usuarias nuevas,2016-07-01,0,21,41,4,0,66
YACO,"anticoncepcion, prevencion de its y de cancer de cuello uterino",inyectable trimestral: usuarias nuevas,2016-07-01,0,2,4,2,0,8
YACUIBA,"anticoncepcion, prevencion de its y de cancer de cuello uterino",inyectable trimestral: usuarias nuevas,2016-07-01,1,12,44,16,1,74
YAMPARAEZ,"anticoncepcion, prevencion de its y de cancer de cuello uterino",inyectable trimestral: usuarias nuevas,2016-07-01,0,1,4,2,1,8
YANACACHI,"anticoncepcion, prevencion de its y de cancer de cuello uterino",inyectable trimestral: usuarias nuevas,2016-07-01,0,0,2,0,0,2
YAPACANI,"anticoncepcion, prevencion de its y de cancer de cuello uterino",inyectable trimestral: usuarias nuevas,2016-07-01,1,6,30,3,0,40
YOCALLA,"anticoncepcion, prevencion de its y de cancer de cuello uterino",inyectable trimestral: usuarias nuevas,2016-07-01,0,1,4,1,0,6
YOTALA,"anticoncepcion, prevencion de its y de cancer de cuello uterino",inyectable trimestral: usuarias nuevas,2016-07-01,0,0,2,0,0,2
YUNCHARA,"anticoncepcion, prevencion de its y de cancer de cuello uterino",inyectable trimestral: usuarias nuevas,2016-07-01,1,0,0,2,0,3
ZUDAÃ‘EZ,"anticoncepcion, prevencion de its y de cancer de cuello uterino",inyectable trimestral: usuarias nuevas,2016-07-01,0,3,1,0,0,4
ACACIO,"anticoncepcion, prevencion de its y de cancer de cuello uterino",inyectable trimestral: usuarias nuevas,2016-08-01,0,1,4,2,0,7
ACHACACHI,"anticoncepcion, prevencion de its y de cancer de cuello uterino",inyectable trimestral: usuarias nuevas,2016-08-01,0,0,6,1,0,7
ACHOCALLA,"anticoncepcion, prevencion de its y de cancer de cuello uterino",inyectable trimestral: usuarias nuevas,2016-08-01,0,2,5,2,0,9
AIQUILE,"anticoncepcion, prevencion de its y de cancer de cuello uterino",inyectable trimestral: usuarias nuevas,2016-08-01,0,1,4,2,0,7
ALTO BENI,"anticoncepcion, prevencion de its y de cancer de cuello uterino",inyectable trimestral: usuarias nuevas,2016-08-01,0,3,4,2,0,9
ANCORAIMES,"anticoncepcion, prevencion de its y de cancer de cuello uterino",inyectable trimestral: usuarias nuevas,2016-08-01,0,0,3,1,0,4
ANDAMARCA,"anticoncepcion, prevencion de its y de cancer de cuello uterino",inyectable trimestral: usuarias nuevas,2016-08-01,0,0,2,0,0,2
ANZALDO,"anticoncepcion, prevencion de its y de cancer de cuello uterino",inyectable trimestral: usuarias nuevas,2016-08-01,0,0,6,1,0,7
APOLO,"anticoncepcion, prevencion de its y de cancer de cuello uterino",inyectable trimestral: usuarias nuevas,2016-08-01,0,1,5,3,0,9
ARAMPAMPA,"anticoncepcion, prevencion de its y de cancer de cuello uterino",inyectable trimestral: usuarias nuevas,2016-08-01,0,0,2,1,0,3
ARANI,"anticoncepcion, prevencion de its y de cancer de cuello uterino",inyectable trimestral: usuarias nuevas,2016-08-01,0,0,1,1,0,2
ARBIETO,"anticoncepcion, prevencion de its y de cancer de cuello uterino",inyectable trimestral: usuarias nuevas,2016-08-01,0,6,15,11,0,32
ARQUE,"anticoncepcion, prevencion de its y de cancer de cuello uterino",inyectable trimestral: usuarias nuevas,2016-08-01,0,0,2,7,0,9
ASCENCION DE GUARAYOS,"anticoncepcion, prevencion de its y de cancer de cuello uterino",inyectable trimestral: usuarias nuevas,2016-08-01,0,8,23,7,0,38
ATOCHA,"anticoncepcion, prevencion de its y de cancer de cuello uterino",inyectable trimestral: usuarias nuevas,2016-08-01,0,1,6,1,0,8
AUCAPATA,"anticoncepcion, prevencion de its y de cancer de cuello uterino",inyectable trimestral: usuarias nuevas,2016-08-01,0,2,4,0,0,6
AYATA,"anticoncepcion, prevencion de its y de cancer de cuello uterino",inyectable trimestral: usuarias nuevas,2016-08-01,0,1,4,1,0,6
AYO AYO,"anticoncepcion, prevencion de its y de cancer de cuello uterino",inyectable trimestral: usuarias nuevas,2016-08-01,0,2,1,0,0,3
AYOPAYA (V. DE INDEPENDENCIA),"anticoncepcion, prevencion de its y de cancer de cuello uterino",inyectable trimestral: usuarias nuevas,2016-08-01,0,5,10,3,0,18
AZURDUY,"anticoncepcion, prevencion de its y de cancer de cuello uterino",inyectable trimestral: usuarias nuevas,2016-08-01,0,2,6,3,0,11
BATALLAS,"anticoncepcion, prevencion de its y de cancer de cuello uterino",inyectable trimestral: usuarias nuevas,2016-08-01,1,0,3,1,0,5
BAURES,"anticoncepcion, prevencion de its y de cancer de cuello uterino",inyectable trimestral: usuarias nuevas,2016-08-01,0,0,0,1,0,1
BELLA FLOR,"anticoncepcion, prevencion de its y de cancer de cuello uterino",inyectable trimestral: usuarias nuevas,2016-08-01,0,3,1,1,0,5
BERMEJO,"anticoncepcion, prevencion de its y de cancer de cuello uterino",inyectable trimestral: usuarias nuevas,2016-08-01,0,9,21,5,0,35
BETANZOS,"anticoncepcion, prevencion de its y de cancer de cuello uterino",inyectable trimestral: usuarias nuevas,2016-08-01,0,1,6,6,0,13
BOLIVAR,"anticoncepcion, prevencion de its y de cancer de cuello uterino",inyectable trimestral: usuarias nuevas,2016-08-01,0,0,1,1,0,2
BOYUIBE,"anticoncepcion, prevencion de its y de cancer de cuello uterino",inyectable trimestral: usuarias nuevas,2016-08-01,0,0,2,3,0,5
BUENA VISTA,"anticoncepcion, prevencion de its y de cancer de cuello uterino",inyectable trimestral: usuarias nuevas,2016-08-01,0,4,12,5,0,21
CABEZAS,"anticoncepcion, prevencion de its y de cancer de cuello uterino",inyectable trimestral: usuarias nuevas,2016-08-01,0,11,17,8,0,36
CAIROMA,"anticoncepcion, prevencion de its y de cancer de cuello uterino",inyectable trimestral: usuarias nuevas,2016-08-01,0,1,9,2,0,12
"CAIZA ""D""","anticoncepcion, prevencion de its y de cancer de cuello uterino",inyectable trimestral: usuarias nuevas,2016-08-01,0,0,1,1,0,2
CAJUATA,"anticoncepcion, prevencion de its y de cancer de cuello uterino",inyectable trimestral: usuarias nuevas,2016-08-01,0,1,12,2,0,15
CALAMARCA,"anticoncepcion, prevencion de its y de cancer de cuello uterino",inyectable trimestral: usuarias nuevas,2016-08-01,0,0,9,0,0,9
CAMARGO,"anticoncepcion, prevencion de its y de cancer de cuello uterino",inyectable trimestral: usuarias nuevas,2016-08-01,0,1,5,2,0,8
CAMATAQUI (C. VILLA ABECIA),"anticoncepcion, prevencion de its y de cancer de cuello uterino",inyectable trimestral: usuarias nuevas,2016-08-01,0,0,1,0,0,1
CAMIRI,"anticoncepcion, prevencion de its y de cancer de cuello uterino",inyectable trimestral: usuarias nuevas,2016-08-01,0,2,5,2,0,9
CAPINOTA,"anticoncepcion, prevencion de its y de cancer de cuello uterino",inyectable trimestral: usuarias nuevas,2016-08-01,1,1,4,5,0,11
CAQUIAVIRI,"anticoncepcion, prevencion de its y de cancer de cuello uterino",inyectable trimestral: usuarias nuevas,2016-08-01,0,0,1,2,0,3
CARACOLLO,"anticoncepcion, prevencion de its y de cancer de cuello uterino",inyectable trimestral: usuarias nuevas,2016-08-01,0,3,11,5,0,19
CARANAVI,"anticoncepcion, prevencion de its y de cancer de cuello uterino",inyectable trimestral: usuarias nuevas,2016-08-01,0,6,31,9,0,46
CARAPARI,"anticoncepcion, prevencion de its y de cancer de cuello uterino",inyectable trimestral: usuarias nuevas,2016-08-01,0,3,6,2,0,11
CARIPUYO,"anticoncepcion, prevencion de its y de cancer de cuello uterino",inyectable trimestral: usuarias nuevas,2016-08-01,0,1,3,1,0,5
CARMEN RIVERO TORREZ,"anticoncepcion, prevencion de its y de cancer de cuello uterino",inyectable trimestral: usuarias nuevas,2016-08-01,0,0,2,1,0,3
CHACARILLA,"anticoncepcion, prevencion de its y de cancer de cuello uterino",inyectable trimestral: usuarias nuevas,2016-08-01,0,1,0,0,0,1
CHALLAPATA,"anticoncepcion, prevencion de its y de cancer de cuello uterino",inyectable trimestral: usuarias nuevas,2016-08-01,0,1,7,5,0,13
CHAQUI,"anticoncepcion, prevencion de its y de cancer de cuello uterino",inyectable trimestral: usuarias nuevas,2016-08-01,0,1,3,0,0,4
CHARAGUA,"anticoncepcion, prevencion de its y de cancer de cuello uterino",inyectable trimestral: usuarias nuevas,2016-08-01,0,3,13,4,1,21
CHARAÃ‘A,"anticoncepcion, prevencion de its y de cancer de cuello uterino",inyectable trimestral: usuarias nuevas,2016-08-01,0,0,3,1,0,4
CHAYANTA,"anticoncepcion, prevencion de its y de cancer de cuello uterino",inyectable trimestral: usuarias nuevas,2016-08-01,0,1,4,6,0,11
CHIMORE,"anticoncepcion, prevencion de its y de cancer de cuello uterino",inyectable trimestral: usuarias nuevas,2016-08-01,0,2,8,3,0,13
CHUA COCANI,"anticoncepcion, prevencion de its y de cancer de cuello uterino",inyectable trimestral: usuarias nuevas,2016-08-01,0,0,2,1,0,3
CHULUMANI (V. DE LA LIBERTAD),"anticoncepcion, prevencion de its y de cancer de cuello uterino",inyectable trimestral: usuarias nuevas,2016-08-01,0,0,6,2,0,8
CHUMA,"anticoncepcion, prevencion de its y de cancer de cuello uterino",inyectable trimestral: usuarias nuevas,2016-08-01,0,1,11,0,1,13
CHUQUIHUTA AYLLU JUCUMANI,"anticoncepcion, prevencion de its y de cancer de cuello uterino",inyectable trimestral: usuarias nuevas,2016-08-01,0,0,2,0,0,2
CKOCHAS,"anticoncepcion, prevencion de its y de cancer de cuello uterino",inyectable trimestral: usuarias nuevas,2016-08-01,0,1,5,5,0,11
CLIZA,"anticoncepcion, prevencion de its y de cancer de cuello uterino",inyectable trimestral: usuarias nuevas,2016-08-01,0,1,2,0,1,4
COBIJA,"anticoncepcion, prevencion de its y de cancer de cuello uterino",inyectable trimestral: usuarias nuevas,2016-08-01,0,2,13,1,0,16
COCAPATA,"anticoncepcion, prevencion de its y de cancer de cuello uterino",inyectable trimestral: usuarias nuevas,2016-08-01,0,5,20,6,0,31
COCHABAMBA,"anticoncepcion, prevencion de its y de cancer de cuello uterino",inyectable trimestral: usuarias nuevas,2016-08-01,7,20,72,29,0,128
COIPASA,"anticoncepcion, prevencion de its y de cancer de cuello uterino",inyectable trimestral: usuarias nuevas,2016-08-01,0,0,2,0,0,2
COLCAPIRHUA,"anticoncepcion, prevencion de its y de cancer de cuello uterino",inyectable trimestral: usuarias nuevas,2016-08-01,0,3,17,5,0,25
"COLCHA ""K""","anticoncepcion, prevencion de its y de cancer de cuello uterino",inyectable trimestral: usuarias nuevas,2016-08-01,0,0,7,1,0,8
COLLANA,"anticoncepcion, prevencion de its y de cancer de cuello uterino",inyectable trimestral: usuarias nuevas,2016-08-01,0,0,2,1,0,3
COLOMI,"anticoncepcion, prevencion de its y de cancer de cuello uterino",inyectable trimestral: usuarias nuevas,2016-08-01,0,1,9,2,0,12
COLPA BELGICA,"anticoncepcion, prevencion de its y de cancer de cuello uterino",inyectable trimestral: usuarias nuevas,2016-08-01,0,0,2,0,0,2
COLQUECHACA,"anticoncepcion, prevencion de its y de cancer de cuello uterino",inyectable trimestral: usuarias nuevas,2016-08-01,0,2,5,1,0,8
COLQUENCHA,"anticoncepcion, prevencion de its y de cancer de cuello uterino",inyectable trimestral: usuarias nuevas,2016-08-01,0,0,3,3,0,6
COLQUIRI,"anticoncepcion, prevencion de its y de cancer de cuello uterino",inyectable trimestral: usuarias nuevas,2016-08-01,0,0,1,4,0,5
COMARAPA,"anticoncepcion, prevencion de its y de cancer de cuello uterino",inyectable trimestral: usuarias nuevas,2016-08-01,0,5,8,1,0,14
CONCEPCION,"anticoncepcion, prevencion de its y de cancer de cuello uterino",inyectable trimestral: usuarias nuevas,2016-08-01,0,0,4,0,0,4
COPACABANA,"anticoncepcion, prevencion de its y de cancer de cuello uterino",inyectable trimestral: usuarias nuevas,2016-08-01,0,0,6,2,0,8
CORIPATA,"anticoncepcion, prevencion de its y de cancer de cuello uterino",inyectable trimestral: usuarias nuevas,2016-08-01,0,2,4,3,0,9
CORO CORO,"anticoncepcion, prevencion de its y de cancer de cuello uterino",inyectable trimestral: usuarias nuevas,2016-08-01,0,0,3,0,0,3
COROICO,"anticoncepcion, prevencion de its y de cancer de cuello uterino",inyectable trimestral: usuarias nuevas,2016-08-01,0,0,3,1,0,4
CORQUE,"anticoncepcion, prevencion de its y de cancer de cuello uterino",inyectable trimestral: usuarias nuevas,2016-08-01,0,1,3,0,0,4
COTAGAITA,"anticoncepcion, prevencion de its y de cancer de cuello uterino",inyectable trimestral: usuarias nuevas,2016-08-01,0,1,5,4,0,10
COTOCA,"anticoncepcion, prevencion de its y de cancer de cuello uterino",inyectable trimestral: usuarias nuevas,2016-08-01,0,18,35,9,0,62
CUATRO CAÃ‘ADAS,"anticoncepcion, prevencion de its y de cancer de cuello uterino",inyectable trimestral: usuarias nuevas,2016-08-01,0,1,9,1,0,11
CUCHUMUELA (V. G. VILLARROEL),"anticoncepcion, prevencion de its y de cancer de cuello uterino",inyectable trimestral: usuarias nuevas,2016-08-01,0,0,2,1,0,3
CUEVO,"anticoncepcion, prevencion de its y de cancer de cuello uterino",inyectable trimestral: usuarias nuevas,2016-08-01,0,2,4,0,0,6
CULPINA,"anticoncepcion, prevencion de its y de cancer de cuello uterino",inyectable trimestral: usuarias nuevas,2016-08-01,0,3,11,2,1,17
CURAHUARA DE CARANGAS,"anticoncepcion, prevencion de its y de cancer de cuello uterino",inyectable trimestral: usuarias nuevas,2016-08-01,0,0,1,1,0,2
CURVA,"anticoncepcion, prevencion de its y de cancer de cuello uterino",inyectable trimestral: usuarias nuevas,2016-08-01,0,0,0,1,0,1
DESAGUADERO,"anticoncepcion, prevencion de its y de cancer de cuello uterino",inyectable trimestral: usuarias nuevas,2016-08-01,0,0,2,0,0,2
EL ALTO,"anticoncepcion, prevencion de its y de cancer de cuello uterino",inyectable trimestral: usuarias nuevas,2016-08-01,0,26,201,81,0,308
EL CHORO,"anticoncepcion, prevencion de its y de cancer de cuello uterino",inyectable trimestral: usuarias nuevas,2016-08-01,0,1,3,1,0,5
EL PUENTE(STC),"anticoncepcion, prevencion de its y de cancer de cuello uterino",inyectable trimestral: usuarias nuevas,2016-08-01,0,0,7,4,0,11
EL PUENTE(TJA),"anticoncepcion, prevencion de its y de cancer de cuello uterino",inyectable trimestral: usuarias nuevas,2016-08-01,0,0,6,2,0,8
EL TORNO,"anticoncepcion, prevencion de its y de cancer de cuello uterino",inyectable trimestral: usuarias nuevas,2016-08-01,4,12,23,12,0,51
EL VILLAR,"anticoncepcion, prevencion de its y de cancer de cuello uterino",inyectable trimestral: usuarias nuevas,2016-08-01,0,2,1,0,0,3
ENTRE RIOS TRJ,"anticoncepcion, prevencion de its y de cancer de cuello uterino",inyectable trimestral: usuarias nuevas,2016-08-01,0,6,9,0,0,15
ENTRE RIOS CBBA,"anticoncepcion, prevencion de its y de cancer de cuello uterino",inyectable trimestral: usuarias nuevas,2016-08-01,1,5,10,4,0,20
ESCARA,"anticoncepcion, prevencion de its y de cancer de cuello uterino",inyectable trimestral: usuarias nuevas,2016-08-01,0,0,1,0,0,1
ESCOMA,"anticoncepcion, prevencion de its y de cancer de cuello uterino",inyectable trimestral: usuarias nuevas,2016-08-01,0,0,4,0,0,4
EUCALIPTUS,"anticoncepcion, prevencion de its y de cancer de cuello uterino",inyectable trimestral: usuarias nuevas,2016-08-01,0,0,0,1,0,1
EUREKA (SANTOS MERCADO),"anticoncepcion, prevencion de its y de cancer de cuello uterino",inyectable trimestral: usuarias nuevas,2016-08-01,0,2,0,0,0,2
EXALTACION,"anticoncepcion, prevencion de its y de cancer de cuello uterino",inyectable trimestral: usuarias nuevas,2016-08-01,0,0,1,0,0,1
FERNANDEZ ALONSO,"anticoncepcion, prevencion de its y de cancer de cuello uterino",inyectable trimestral: usuarias nuevas,2016-08-01,1,2,10,1,0,14
FILADELFIA,"anticoncepcion, prevencion de its y de cancer de cuello uterino",inyectable trimestral: usuarias nuevas,2016-08-01,0,1,4,0,0,5
GENERAL SAAVEDRA,"anticoncepcion, prevencion de its y de cancer de cuello uterino",inyectable trimestral: usuarias nuevas,2016-08-01,0,3,5,0,0,8
GRAL. J.J. PEREZ (CHARAZANI),"anticoncepcion, prevencion de its y de cancer de cuello uterino",inyectable trimestral: usuarias nuevas,2016-08-01,0,1,6,4,0,11
GUANAY,"anticoncepcion, prevencion de its y de cancer de cuello uterino",inyectable trimestral: usuarias nuevas,2016-08-01,0,2,5,1,0,8
GUAYARAMERIN,"anticoncepcion, prevencion de its y de cancer de cuello uterino",inyectable trimestral: usuarias nuevas,2016-08-01,0,8,15,3,0,26
GUTIERREZ,"anticoncepcion, prevencion de its y de cancer de cuello uterino",inyectable trimestral: usuarias nuevas,2016-08-01,0,1,3,4,0,8
HUACARETA,"anticoncepcion, prevencion de its y de cancer de cuello uterino",inyectable trimestral: usuarias nuevas,2016-08-01,0,6,6,2,0,14
HUACAYA (VILLA DE HUACAYA),"anticoncepcion, prevencion de its y de cancer de cuello uterino",inyectable trimestral: usuarias nuevas,2016-08-01,0,0,3,0,0,3
HUACHACALLA,"anticoncepcion, prevencion de its y de cancer de cuello uterino",inyectable trimestral: usuarias nuevas,2016-08-01,0,0,1,0,0,1
HUANUNI,"anticoncepcion, prevencion de its y de cancer de cuello uterino",inyectable trimestral: usuarias nuevas,2016-08-01,0,0,5,3,0,8
HUARACAJE,"anticoncepcion, prevencion de its y de cancer de cuello uterino",inyectable trimestral: usuarias nuevas,2016-08-01,0,1,3,0,0,4
HUARINA,"anticoncepcion, prevencion de its y de cancer de cuello uterino",inyectable trimestral: usuarias nuevas,2016-08-01,0,0,4,0,1,5
HUATAJATA,"anticoncepcion, prevencion de its y de cancer de cuello uterino",inyectable trimestral: usuarias nuevas,2016-08-01,0,0,1,0,0,1
HUAYLLAMARCA,"anticoncepcion, prevencion de its y de cancer de cuello uterino",inyectable trimestral: usuarias nuevas,2016-08-01,1,5,4,3,0,13
HUMANATA,"anticoncepcion, prevencion de its y de cancer de cuello uterino",inyectable trimestral: usuarias nuevas,2016-08-01,0,0,1,0,0,1
ICHOCA,"anticoncepcion, prevencion de its y de cancer de cuello uterino",inyectable trimestral: usuarias nuevas,2016-08-01,0,0,2,1,0,3
ICLA,"anticoncepcion, prevencion de its y de cancer de cuello uterino",inyectable trimestral: usuarias nuevas,2016-08-01,0,2,2,2,0,6
INCAHUASI,"anticoncepcion, prevencion de its y de cancer de cuello uterino",inyectable trimestral: usuarias nuevas,2016-08-01,0,0,6,0,0,6
INQUISIVI,"anticoncepcion, prevencion de its y de cancer de cuello uterino",inyectable trimestral: usuarias nuevas,2016-08-01,0,0,5,0,0,5
IRUPANA (VILLA DE LANZA),"anticoncepcion, prevencion de its y de cancer de cuello uterino",inyectable trimestral: usuarias nuevas,2016-08-01,0,1,6,1,0,8
IXIAMAS,"anticoncepcion, prevencion de its y de cancer de cuello uterino",inyectable trimestral: usuarias nuevas,2016-08-01,0,0,7,5,0,12
JESUS DE MACHACA,"anticoncepcion, prevencion de its y de cancer de cuello uterino",inyectable trimestral: usuarias nuevas,2016-08-01,0,0,3,1,1,5
LA ASUNTA,"anticoncepcion, prevencion de its y de cancer de cuello uterino",inyectable trimestral: usuarias nuevas,2016-08-01,0,7,12,4,0,23
LA GUARDIA,"anticoncepcion, prevencion de its y de cancer de cuello uterino",inyectable trimestral: usuarias nuevas,2016-08-01,0,12,44,9,0,65
LA PAZ,"anticoncepcion, prevencion de its y de cancer de cuello uterino",inyectable trimestral: usuarias nuevas,2016-08-01,0,15,129,100,1,245
LA RIVERA,"anticoncepcion, prevencion de its y de cancer de cuello uterino",inyectable trimestral: usuarias nuevas,2016-08-01,0,0,0,1,0,1
LAJA,"anticoncepcion, prevencion de its y de cancer de cuello uterino",inyectable trimestral: usuarias nuevas,2016-08-01,0,1,6,5,0,12
LAS CARRERAS,"anticoncepcion, prevencion de its y de cancer de cuello uterino",inyectable trimestral: usuarias nuevas,2016-08-01,0,0,1,0,0,1
LLALLAGUA,"anticoncepcion, prevencion de its y de cancer de cuello uterino",inyectable trimestral: usuarias nuevas,2016-08-01,0,5,25,3,0,33
LLICA,"anticoncepcion, prevencion de its y de cancer de cuello uterino",inyectable trimestral: usuarias nuevas,2016-08-01,0,1,3,0,0,4
LORETO,"anticoncepcion, prevencion de its y de cancer de cuello uterino",inyectable trimestral: usuarias nuevas,2016-08-01,0,1,1,0,0,2
LURIBAY,"anticoncepcion, prevencion de its y de cancer de cuello uterino",inyectable trimestral: usuarias nuevas,2016-08-01,0,1,2,4,0,7
MACHACAMARCA,"anticoncepcion, prevencion de its y de cancer de cuello uterino",inyectable trimestral: usuarias nuevas,2016-08-01,0,0,1,2,0,3
MACHARETI,"anticoncepcion, prevencion de its y de cancer de cuello uterino",inyectable trimestral: usuarias nuevas,2016-08-01,0,1,8,1,0,10
MAGDALENA,"anticoncepcion, prevencion de its y de cancer de cuello uterino",inyectable trimestral: usuarias nuevas,2016-08-01,0,1,2,0,2,5
MAIRANA,"anticoncepcion, prevencion de its y de cancer de cuello uterino",inyectable trimestral: usuarias nuevas,2016-08-01,0,1,4,0,0,5
MAPIRI,"anticoncepcion, prevencion de its y de cancer de cuello uterino",inyectable trimestral: usuarias nuevas,2016-08-01,0,1,4,3,0,8
MECAPACA,"anticoncepcion, prevencion de its y de cancer de cuello uterino",inyectable trimestral: usuarias nuevas,2016-08-01,0,0,1,0,0,1
MINEROS,"anticoncepcion, prevencion de its y de cancer de cuello uterino",inyectable trimestral: usuarias nuevas,2016-08-01,0,11,5,4,2,22
MIZQUE,"anticoncepcion, prevencion de its y de cancer de cuello uterino",inyectable trimestral: usuarias nuevas,2016-08-01,0,4,16,6,0,26
MOCOMOCO,"anticoncepcion, prevencion de its y de cancer de cuello uterino",inyectable trimestral: usuarias nuevas,2016-08-01,0,2,1,1,0,4
MOJOCOYA,"anticoncepcion, prevencion de its y de cancer de cuello uterino",inyectable trimestral: usuarias nuevas,2016-08-01,0,2,3,0,0,5
MONTEAGUDO,"anticoncepcion, prevencion de its y de cancer de cuello uterino",inyectable trimestral: usuarias nuevas,2016-08-01,0,2,11,1,0,14
MONTERO,"anticoncepcion, prevencion de its y de cancer de cuello uterino",inyectable trimestral: usuarias nuevas,2016-08-01,0,9,34,9,0,52
MORO MORO,"anticoncepcion, prevencion de its y de cancer de cuello uterino",inyectable trimestral: usuarias nuevas,2016-08-01,0,1,0,0,0,1
MOROCHATA,"anticoncepcion, prevencion de its y de cancer de cuello uterino",inyectable trimestral: usuarias nuevas,2016-08-01,0,4,6,2,0,12
NACEBE (SANTA ROSA DEL ABUNA),"anticoncepcion, prevencion de its y de cancer de cuello uterino",inyectable trimestral: usuarias nuevas,2016-08-01,0,2,1,0,0,3
OCURI,"anticoncepcion, prevencion de its y de cancer de cuello uterino",inyectable trimestral: usuarias nuevas,2016-08-01,0,1,6,2,0,9
OKINAWA,"anticoncepcion, prevencion de its y de cancer de cuello uterino",inyectable trimestral: usuarias nuevas,2016-08-01,0,0,1,2,0,3
OMEREQUE,"anticoncepcion, prevencion de its y de cancer de cuello uterino",inyectable trimestral: usuarias nuevas,2016-08-01,0,1,3,2,0,6
ORURO,"anticoncepcion, prevencion de its y de cancer de cuello uterino",inyectable trimestral: usuarias nuevas,2016-08-01,0,14,104,20,0,138
PADCAYA,"anticoncepcion, prevencion de its y de cancer de cuello uterino",inyectable trimestral: usuarias nuevas,2016-08-01,1,1,7,3,0,12
PADILLA,"anticoncepcion, prevencion de its y de cancer de cuello uterino",inyectable trimestral: usuarias nuevas,2016-08-01,1,3,8,2,0,14
PAILON,"anticoncepcion, prevencion de its y de cancer de cuello uterino",inyectable trimestral: usuarias nuevas,2016-08-01,0,0,1,2,0,3
PALCA,"anticoncepcion, prevencion de its y de cancer de cuello uterino",inyectable trimestral: usuarias nuevas,2016-08-01,0,1,9,5,0,15
PALOS BLANCOS,"anticoncepcion, prevencion de its y de cancer de cuello uterino",inyectable trimestral: usuarias nuevas,2016-08-01,0,7,10,1,0,18
PAMPA AULLAGAS,"anticoncepcion, prevencion de its y de cancer de cuello uterino",inyectable trimestral: usuarias nuevas,2016-08-01,0,0,1,0,0,1
PAMPA GRANDE,"anticoncepcion, prevencion de its y de cancer de cuello uterino",inyectable trimestral: usuarias nuevas,2016-08-01,0,3,2,2,0,7
PAPEL PAMPA,"anticoncepcion, prevencion de its y de cancer de cuello uterino",inyectable trimestral: usuarias nuevas,2016-08-01,0,1,2,0,0,3
PASORAPA,"anticoncepcion, prevencion de its y de cancer de cuello uterino",inyectable trimestral: usuarias nuevas,2016-08-01,0,0,0,1,0,1
PATACAMAYA,"anticoncepcion, prevencion de its y de cancer de cuello uterino",inyectable trimestral: usuarias nuevas,2016-08-01,0,2,1,0,0,3
PAZÃ‘A,"anticoncepcion, prevencion de its y de cancer de cuello uterino",inyectable trimestral: usuarias nuevas,2016-08-01,0,0,2,1,0,3
PELECHUCO,"anticoncepcion, prevencion de its y de cancer de cuello uterino",inyectable trimestral: usuarias nuevas,2016-08-01,0,0,3,1,0,4
POCOATA,"anticoncepcion, prevencion de its y de cancer de cuello uterino",inyectable trimestral: usuarias nuevas,2016-08-01,0,2,3,4,0,9
POCONA,"anticoncepcion, prevencion de its y de cancer de cuello uterino",inyectable trimestral: usuarias nuevas,2016-08-01,0,5,12,4,0,21
POJO (CBBA),"anticoncepcion, prevencion de its y de cancer de cuello uterino",inyectable trimestral: usuarias nuevas,2016-08-01,0,1,4,1,0,6
POOPO,"anticoncepcion, prevencion de its y de cancer de cuello uterino",inyectable trimestral: usuarias nuevas,2016-08-01,0,0,1,0,0,1
PORCO,"anticoncepcion, prevencion de its y de cancer de cuello uterino",inyectable trimestral: usuarias nuevas,2016-08-01,0,0,4,3,0,7
POROMA,"anticoncepcion, prevencion de its y de cancer de cuello uterino",inyectable trimestral: usuarias nuevas,2016-08-01,0,1,2,2,0,5
PORONGO,"anticoncepcion, prevencion de its y de cancer de cuello uterino",inyectable trimestral: usuarias nuevas,2016-08-01,1,2,12,4,1,20
PORTACHUELO,"anticoncepcion, prevencion de its y de cancer de cuello uterino",inyectable trimestral: usuarias nuevas,2016-08-01,0,4,5,0,0,9
PORVENIR,"anticoncepcion, prevencion de its y de cancer de cuello uterino",inyectable trimestral: usuarias nuevas,2016-08-01,0,2,4,0,0,6
POTOSI,"anticoncepcion, prevencion de its y de cancer de cuello uterino",inyectable trimestral: usuarias nuevas,2016-08-01,0,13,121,24,0,158
PRESTO,"anticoncepcion, prevencion de its y de cancer de cuello uterino",inyectable trimestral: usuarias nuevas,2016-08-01,0,0,1,3,0,4
PUCARANI,"anticoncepcion, prevencion de its y de cancer de cuello uterino",inyectable trimestral: usuarias nuevas,2016-08-01,0,2,9,2,0,13
PUERTO ACOSTA,"anticoncepcion, prevencion de its y de cancer de cuello uterino",inyectable trimestral: usuarias nuevas,2016-08-01,0,0,3,1,0,4
PUERTO CARABUCO,"anticoncepcion, prevencion de its y de cancer de cuello uterino",inyectable trimestral: usuarias nuevas,2016-08-01,0,0,3,3,0,6
PUERTO GONZALO MORENO,"anticoncepcion, prevencion de its y de cancer de cuello uterino",inyectable trimestral: usuarias nuevas,2016-08-01,0,0,1,0,0,1
PUERTO PEREZ,"anticoncepcion, prevencion de its y de cancer de cuello uterino",inyectable trimestral: usuarias nuevas,2016-08-01,0,0,2,1,0,3
PUERTO QUIJARRO,"anticoncepcion, prevencion de its y de cancer de cuello uterino",inyectable trimestral: usuarias nuevas,2016-08-01,0,0,1,0,0,1
PUERTO RICO,"anticoncepcion, prevencion de its y de cancer de cuello uterino",inyectable trimestral: usuarias nuevas,2016-08-01,0,1,1,1,0,3
PUERTO SUAREZ,"anticoncepcion, prevencion de its y de cancer de cuello uterino",inyectable trimestral: usuarias nuevas,2016-08-01,0,3,4,0,0,7
PUERTO VILLARROEL,"anticoncepcion, prevencion de its y de cancer de cuello uterino",inyectable trimestral: usuarias nuevas,2016-08-01,0,5,11,1,0,17
PUNA,"anticoncepcion, prevencion de its y de cancer de cuello uterino",inyectable trimestral: usuarias nuevas,2016-08-01,0,0,3,2,0,5
PUNATA,"anticoncepcion, prevencion de its y de cancer de cuello uterino",inyectable trimestral: usuarias nuevas,2016-08-01,0,6,15,3,0,24
QUIABAYA,"anticoncepcion, prevencion de its y de cancer de cuello uterino",inyectable trimestral: usuarias nuevas,2016-08-01,0,0,1,0,0,1
QUILLACOLLO,"anticoncepcion, prevencion de its y de cancer de cuello uterino",inyectable trimestral: usuarias nuevas,2016-08-01,0,10,48,6,0,64
QUIME,"anticoncepcion, prevencion de its y de cancer de cuello uterino",inyectable trimestral: usuarias nuevas,2016-08-01,0,1,9,5,0,15
QUIRUSILLAS,"anticoncepcion, prevencion de its y de cancer de cuello uterino",inyectable trimestral: usuarias nuevas,2016-08-01,0,1,0,0,0,1
RAVELO,"anticoncepcion, prevencion de its y de cancer de cuello uterino",inyectable trimestral: usuarias nuevas,2016-08-01,0,0,8,4,0,12
REYES,"anticoncepcion, prevencion de its y de cancer de cuello uterino",inyectable trimestral: usuarias nuevas,2016-08-01,0,7,17,6,0,30
RIBERALTA,"anticoncepcion, prevencion de its y de cancer de cuello uterino",inyectable trimestral: usuarias nuevas,2016-08-01,3,37,95,19,0,154
ROBORE,"anticoncepcion, prevencion de its y de cancer de cuello uterino",inyectable trimestral: usuarias nuevas,2016-08-01,0,7,14,0,0,21
RURRENABAQUE,"anticoncepcion, prevencion de its y de cancer de cuello uterino",inyectable trimestral: usuarias nuevas,2016-08-01,0,1,9,1,0,11
SABAYA,"anticoncepcion, prevencion de its y de cancer de cuello uterino",inyectable trimestral: usuarias nuevas,2016-08-01,0,1,2,0,0,3
SACABA,"anticoncepcion, prevencion de its y de cancer de cuello uterino",inyectable trimestral: usuarias nuevas,2016-08-01,0,10,42,14,0,66
SACABAMBA,"anticoncepcion, prevencion de its y de cancer de cuello uterino",inyectable trimestral: usuarias nuevas,2016-08-01,0,0,0,2,0,2
SACACA,"anticoncepcion, prevencion de its y de cancer de cuello uterino",inyectable trimestral: usuarias nuevas,2016-08-01,0,1,12,10,0,23
SAIPINA,"anticoncepcion, prevencion de its y de cancer de cuello uterino",inyectable trimestral: usuarias nuevas,2016-08-01,0,0,3,1,0,4
SALINAS DE GARCI MENDOZA,"anticoncepcion, prevencion de its y de cancer de cuello uterino",inyectable trimestral: usuarias nuevas,2016-08-01,0,1,9,0,0,10
SAMAIPATA,"anticoncepcion, prevencion de its y de cancer de cuello uterino",inyectable trimestral: usuarias nuevas,2016-08-01,0,1,1,0,0,2
SAN ANDRES,"anticoncepcion, prevencion de its y de cancer de cuello uterino",inyectable trimestral: usuarias nuevas,2016-08-01,1,3,12,0,0,16
SAN ANDRES DE MACHACA,"anticoncepcion, prevencion de its y de cancer de cuello uterino",inyectable trimestral: usuarias nuevas,2016-08-01,0,0,0,1,0,1
SAN ANTONIO DE LOMERIO,"anticoncepcion, prevencion de its y de cancer de cuello uterino",inyectable trimestral: usuarias nuevas,2016-08-01,0,0,6,1,0,7
SAN BENITO,"anticoncepcion, prevencion de its y de cancer de cuello uterino",inyectable trimestral: usuarias nuevas,2016-08-01,0,1,8,0,0,9
SAN BORJA,"anticoncepcion, prevencion de its y de cancer de cuello uterino",inyectable trimestral: usuarias nuevas,2016-08-01,0,7,8,6,0,21
SAN BUENA VENTURA,"anticoncepcion, prevencion de its y de cancer de cuello uterino",inyectable trimestral: usuarias nuevas,2016-08-01,0,0,1,0,0,1
SAN CARLOS,"anticoncepcion, prevencion de its y de cancer de cuello uterino",inyectable trimestral: usuarias nuevas,2016-08-01,0,4,9,2,0,15
SAN IGNACIO,"anticoncepcion, prevencion de its y de cancer de cuello uterino",inyectable trimestral: usuarias nuevas,2016-08-01,0,11,14,4,0,29
SAN IGNACIO DE VELASCO,"anticoncepcion, prevencion de its y de cancer de cuello uterino",inyectable trimestral: usuarias nuevas,2016-08-01,1,3,20,2,0,26
SAN JAVIER(BNI),"anticoncepcion, prevencion de its y de cancer de cuello uterino",inyectable trimestral: usuarias nuevas,2016-08-01,0,2,5,0,0,7
SAN JAVIER(STC),"anticoncepcion, prevencion de its y de cancer de cuello uterino",inyectable trimestral: usuarias nuevas,2016-08-01,1,3,9,0,0,13
SAN JOAQUIN,"anticoncepcion, prevencion de its y de cancer de cuello uterino",inyectable trimestral: usuarias nuevas,2016-08-01,0,1,1,0,0,2
SAN JOSE DE CHIQUITOS,"anticoncepcion, prevencion de its y de cancer de cuello uterino",inyectable trimestral: usuarias nuevas,2016-08-01,1,5,6,0,0,12
SAN JUAN DE YAPACANI,"anticoncepcion, prevencion de its y de cancer de cuello uterino",inyectable trimestral: usuarias nuevas,2016-08-01,0,5,6,2,0,13
SAN JULIAN,"anticoncepcion, prevencion de its y de cancer de cuello uterino",inyectable trimestral: usuarias nuevas,2016-08-01,0,4,18,5,0,27
SAN LORENZO(PND),"anticoncepcion, prevencion de its y de cancer de cuello uterino",inyectable trimestral: usuarias nuevas,2016-08-01,1,2,7,1,0,11
SAN LORENZO(TJA),"anticoncepcion, prevencion de its y de cancer de cuello uterino",inyectable trimestral: usuarias nuevas,2016-08-01,0,6,10,4,0,20
SAN LUCAS,"anticoncepcion, prevencion de its y de cancer de cuello uterino",inyectable trimestral: usuarias nuevas,2016-08-01,0,4,10,7,0,21
SAN MATIAS,"anticoncepcion, prevencion de its y de cancer de cuello uterino",inyectable trimestral: usuarias nuevas,2016-08-01,1,1,3,0,0,5
SAN MIGUEL DE VELASCO,"anticoncepcion, prevencion de its y de cancer de cuello uterino",inyectable trimestral: usuarias nuevas,2016-08-01,0,0,1,1,0,2
SAN PABLO DE LIPEZ,"anticoncepcion, prevencion de its y de cancer de cuello uterino",inyectable trimestral: usuarias nuevas,2016-08-01,0,1,0,0,0,1
SAN PEDRO,"anticoncepcion, prevencion de its y de cancer de cuello uterino",inyectable trimestral: usuarias nuevas,2016-08-01,0,1,5,3,0,9
SAN PEDRO DE BUENA VISTA,"anticoncepcion, prevencion de its y de cancer de cuello uterino",inyectable trimestral: usuarias nuevas,2016-08-01,0,1,4,7,0,12
SAN PEDRO DE CURAHUARA,"anticoncepcion, prevencion de its y de cancer de cuello uterino",inyectable trimestral: usuarias nuevas,2016-08-01,0,0,4,1,0,5
SAN PEDRO(PND),"anticoncepcion, prevencion de its y de cancer de cuello uterino",inyectable trimestral: usuarias nuevas,2016-08-01,0,1,2,1,0,4
SAN RAFAEL,"anticoncepcion, prevencion de its y de cancer de cuello uterino",inyectable trimestral: usuarias nuevas,2016-08-01,1,1,10,1,0,13
SAN RAMON SCZ,"anticoncepcion, prevencion de its y de cancer de cuello uterino",inyectable trimestral: usuarias nuevas,2016-08-01,0,3,3,0,0,6
SANTA ANA,"anticoncepcion, prevencion de its y de cancer de cuello uterino",inyectable trimestral: usuarias nuevas,2016-08-01,1,0,10,1,0,12
SANTA CRUZ DE LA SIERRA,"anticoncepcion, prevencion de its y de cancer de cuello uterino",inyectable trimestral: usuarias nuevas,2016-08-01,1,108,261,62,0,432
SANTA ROSA,"anticoncepcion, prevencion de its y de cancer de cuello uterino",inyectable trimestral: usuarias nuevas,2016-08-01,0,2,5,0,0,7
SANTA ROSA DEL SARA,"anticoncepcion, prevencion de its y de cancer de cuello uterino",inyectable trimestral: usuarias nuevas,2016-08-01,0,2,7,2,0,11
SANTIAGO DE CALLAPA,"anticoncepcion, prevencion de its y de cancer de cuello uterino",inyectable trimestral: usuarias nuevas,2016-08-01,0,0,1,1,0,2
SANTIAGO DE HUARI,"anticoncepcion, prevencion de its y de cancer de cuello uterino",inyectable trimestral: usuarias nuevas,2016-08-01,0,0,4,1,0,5
SANTIAGO DE HUATA,"anticoncepcion, prevencion de its y de cancer de cuello uterino",inyectable trimestral: usuarias nuevas,2016-08-01,0,0,1,0,0,1
SANTIAGO DE MACHACA,"anticoncepcion, prevencion de its y de cancer de cuello uterino",inyectable trimestral: usuarias nuevas,2016-08-01,0,1,1,1,0,3
SANTIVAÃ‘ES,"anticoncepcion, prevencion de its y de cancer de cuello uterino",inyectable trimestral: usuarias nuevas,2016-08-01,0,0,2,1,0,3
SANTUARIO DE QUILLACAS,"anticoncepcion, prevencion de its y de cancer de cuello uterino",inyectable trimestral: usuarias nuevas,2016-08-01,0,0,0,2,0,2
SAPAHAQUI,"anticoncepcion, prevencion de its y de cancer de cuello uterino",inyectable trimestral: usuarias nuevas,2016-08-01,0,0,1,1,0,2
SENA,"anticoncepcion, prevencion de its y de cancer de cuello uterino",inyectable trimestral: usuarias nuevas,2016-08-01,0,4,9,0,0,13
SHINAOTA,"anticoncepcion, prevencion de its y de cancer de cuello uterino",inyectable trimestral: usuarias nuevas,2016-08-01,0,3,3,2,0,8
SICA SICA (VILLA AROMA),"anticoncepcion, prevencion de its y de cancer de cuello uterino",inyectable trimestral: usuarias nuevas,2016-08-01,0,1,6,2,0,9
SICAYA,"anticoncepcion, prevencion de its y de cancer de cuello uterino",inyectable trimestral: usuarias nuevas,2016-08-01,0,1,3,0,0,4
SIPE SIPE,"anticoncepcion, prevencion de its y de cancer de cuello uterino",inyectable trimestral: usuarias nuevas,2016-08-01,0,7,33,4,0,44
SOPACHUY,"anticoncepcion, prevencion de its y de cancer de cuello uterino",inyectable trimestral: usuarias nuevas,2016-08-01,0,4,5,0,0,9
SORACACHI,"anticoncepcion, prevencion de its y de cancer de cuello uterino",inyectable trimestral: usuarias nuevas,2016-08-01,0,1,1,1,0,3
SORATA,"anticoncepcion, prevencion de its y de cancer de cuello uterino",inyectable trimestral: usuarias nuevas,2016-08-01,0,3,3,0,0,6
SUCRE,"anticoncepcion, prevencion de its y de cancer de cuello uterino",inyectable trimestral: usuarias nuevas,2016-08-01,0,20,108,18,0,146
TACACOMA,"anticoncepcion, prevencion de its y de cancer de cuello uterino",inyectable trimestral: usuarias nuevas,2016-08-01,0,0,8,0,0,8
TACOPAYA,"anticoncepcion, prevencion de its y de cancer de cuello uterino",inyectable trimestral: usuarias nuevas,2016-08-01,0,0,3,3,0,6
TAHUA,"anticoncepcion, prevencion de its y de cancer de cuello uterino",inyectable trimestral: usuarias nuevas,2016-08-01,0,0,1,0,0,1
TAPACARI,"anticoncepcion, prevencion de its y de cancer de cuello uterino",inyectable trimestral: usuarias nuevas,2016-08-01,1,0,7,1,0,9
TARABUCO,"anticoncepcion, prevencion de its y de cancer de cuello uterino",inyectable trimestral: usuarias nuevas,2016-08-01,0,0,2,2,0,4
TARATA,"anticoncepcion, prevencion de its y de cancer de cuello uterino",inyectable trimestral: usuarias nuevas,2016-08-01,0,3,1,2,0,6
TARIJA,"anticoncepcion, prevencion de its y de cancer de cuello uterino",inyectable trimestral: usuarias nuevas,2016-08-01,0,11,53,13,0,77
TARVITA,"anticoncepcion, prevencion de its y de cancer de cuello uterino",inyectable trimestral: usuarias nuevas,2016-08-01,0,5,6,1,0,12
TEOPONTE,"anticoncepcion, prevencion de its y de cancer de cuello uterino",inyectable trimestral: usuarias nuevas,2016-08-01,0,0,9,0,0,9
TIAWANACU,"anticoncepcion, prevencion de its y de cancer de cuello uterino",inyectable trimestral: usuarias nuevas,2016-08-01,0,1,2,5,0,8
TINGUIPAYA,"anticoncepcion, prevencion de its y de cancer de cuello uterino",inyectable trimestral: usuarias nuevas,2016-08-01,0,1,3,1,0,5
TIPUANI,"anticoncepcion, prevencion de its y de cancer de cuello uterino",inyectable trimestral: usuarias nuevas,2016-08-01,0,2,4,1,0,7
TIQUIPAYA,"anticoncepcion, prevencion de its y de cancer de cuello uterino",inyectable trimestral: usuarias nuevas,2016-08-01,0,10,33,9,1,53
TIRAQUE (CBBA),"anticoncepcion, prevencion de its y de cancer de cuello uterino",inyectable trimestral: usuarias nuevas,2016-08-01,0,2,4,1,0,7
TITO YUPANQUI (PARQUIPUJIO),"anticoncepcion, prevencion de its y de cancer de cuello uterino",inyectable trimestral: usuarias nuevas,2016-08-01,0,0,1,1,0,2
TOCO,"anticoncepcion, prevencion de its y de cancer de cuello uterino",inyectable trimestral: usuarias nuevas,2016-08-01,0,1,3,1,0,5
TOLATA,"anticoncepcion, prevencion de its y de cancer de cuello uterino",inyectable trimestral: usuarias nuevas,2016-08-01,0,0,4,0,0,4
TOLEDO,"anticoncepcion, prevencion de its y de cancer de cuello uterino",inyectable trimestral: usuarias nuevas,2016-08-01,0,1,2,0,0,3
TOMAVE,"anticoncepcion, prevencion de its y de cancer de cuello uterino",inyectable trimestral: usuarias nuevas,2016-08-01,0,0,3,1,0,4
TOMINA,"anticoncepcion, prevencion de its y de cancer de cuello uterino",inyectable trimestral: usuarias nuevas,2016-08-01,0,2,5,2,0,9
TORO TORO,"anticoncepcion, prevencion de its y de cancer de cuello uterino",inyectable trimestral: usuarias nuevas,2016-08-01,0,0,2,3,0,5
TOTORA(CBBA),"anticoncepcion, prevencion de its y de cancer de cuello uterino",inyectable trimestral: usuarias nuevas,2016-08-01,0,3,9,3,0,15
TRINIDAD,"anticoncepcion, prevencion de its y de cancer de cuello uterino",inyectable trimestral: usuarias nuevas,2016-08-01,0,1,2,2,0,5
TUPIZA,"anticoncepcion, prevencion de its y de cancer de cuello uterino",inyectable trimestral: usuarias nuevas,2016-08-01,0,4,27,9,0,40
UMALA,"anticoncepcion, prevencion de its y de cancer de cuello uterino",inyectable trimestral: usuarias nuevas,2016-08-01,0,0,3,2,0,5
UNCIA,"anticoncepcion, prevencion de its y de cancer de cuello uterino",inyectable trimestral: usuarias nuevas,2016-08-01,0,2,18,3,0,23
URIONDO (A. CONCEPCION),"anticoncepcion, prevencion de its y de cancer de cuello uterino",inyectable trimestral: usuarias nuevas,2016-08-01,0,0,11,3,0,14
UYUNI,"anticoncepcion, prevencion de its y de cancer de cuello uterino",inyectable trimestral: usuarias nuevas,2016-08-01,0,0,5,4,0,9
VACAS,"anticoncepcion, prevencion de its y de cancer de cuello uterino",inyectable trimestral: usuarias nuevas,2016-08-01,0,1,5,2,0,8
VALLEGRANDE,"anticoncepcion, prevencion de its y de cancer de cuello uterino",inyectable trimestral: usuarias nuevas,2016-08-01,0,3,4,1,0,8
VIACHA,"anticoncepcion, prevencion de its y de cancer de cuello uterino",inyectable trimestral: usuarias nuevas,2016-08-01,0,2,13,7,0,22
VILA VILA,"anticoncepcion, prevencion de its y de cancer de cuello uterino",inyectable trimestral: usuarias nuevas,2016-08-01,0,0,1,1,0,2
VILLA CHARCAS,"anticoncepcion, prevencion de its y de cancer de cuello uterino",inyectable trimestral: usuarias nuevas,2016-08-01,0,3,3,1,0,7
VILLA MONTES,"anticoncepcion, prevencion de its y de cancer de cuello uterino",inyectable trimestral: usuarias nuevas,2016-08-01,0,8,20,2,0,30
VILLA NUEVA (LOMA ALTA),"anticoncepcion, prevencion de its y de cancer de cuello uterino",inyectable trimestral: usuarias nuevas,2016-08-01,0,0,3,0,0,3
VILLA RIVERO,"anticoncepcion, prevencion de its y de cancer de cuello uterino",inyectable trimestral: usuarias nuevas,2016-08-01,0,2,3,1,0,6
VILLA SERRANO,"anticoncepcion, prevencion de its y de cancer de cuello uterino",inyectable trimestral: usuarias nuevas,2016-08-01,1,1,1,1,1,5
VILLA TUNARI,"anticoncepcion, prevencion de its y de cancer de cuello uterino",inyectable trimestral: usuarias nuevas,2016-08-01,0,13,49,23,0,85
VILLA VACA GUZMAN (MUYUPAMPA),"anticoncepcion, prevencion de its y de cancer de cuello uterino",inyectable trimestral: usuarias nuevas,2016-08-01,0,2,6,3,0,11
VILLAZON,"anticoncepcion, prevencion de its y de cancer de cuello uterino",inyectable trimestral: usuarias nuevas,2016-08-01,0,2,15,2,0,19
VINTO,"anticoncepcion, prevencion de its y de cancer de cuello uterino",inyectable trimestral: usuarias nuevas,2016-08-01,0,2,19,1,0,22
VITICHI,"anticoncepcion, prevencion de its y de cancer de cuello uterino",inyectable trimestral: usuarias nuevas,2016-08-01,0,0,1,0,0,1
WALDO BALLIVIAN,"anticoncepcion, prevencion de its y de cancer de cuello uterino",inyectable trimestral: usuarias nuevas,2016-08-01,0,0,1,0,0,1
WARNES,"anticoncepcion, prevencion de its y de cancer de cuello uterino",inyectable trimestral: usuarias nuevas,2016-08-01,0,19,36,13,0,68
YACO,"anticoncepcion, prevencion de its y de cancer de cuello uterino",inyectable trimestral: usuarias nuevas,2016-08-01,0,1,3,0,0,4
YACUIBA,"anticoncepcion, prevencion de its y de cancer de cuello uterino",inyectable trimestral: usuarias nuevas,2016-08-01,1,20,44,7,0,72
YAMPARAEZ,"anticoncepcion, prevencion de its y de cancer de cuello uterino",inyectable trimestral: usuarias nuevas,2016-08-01,0,0,2,2,0,4
YANACACHI,"anticoncepcion, prevencion de its y de cancer de cuello uterino",inyectable trimestral: usuarias nuevas,2016-08-01,0,0,0,1,0,1
YAPACANI,"anticoncepcion, prevencion de its y de cancer de cuello uterino",inyectable trimestral: usuarias nuevas,2016-08-01,0,10,31,3,0,44
YOCALLA,"anticoncepcion, prevencion de its y de cancer de cuello uterino",inyectable trimestral: usuarias nuevas,2016-08-01,1,1,3,3,0,8
YOTALA,"anticoncepcion, prevencion de its y de cancer de cuello uterino",inyectable trimestral: usuarias nuevas,2016-08-01,0,0,2,2,0,4
YUNCHARA,"anticoncepcion, prevencion de its y de cancer de cuello uterino",inyectable trimestral: usuarias nuevas,2016-08-01,0,0,3,2,0,5
ZUDAÃ‘EZ,"anticoncepcion, prevencion de its y de cancer de cuello uterino",inyectable trimestral: usuarias nuevas,2016-08-01,0,1,1,0,0,2
ACACIO,"anticoncepcion, prevencion de its y de cancer de cuello uterino",inyectable trimestral: usuarias nuevas,2016-09-01,0,0,2,1,0,3
ACHACACHI,"anticoncepcion, prevencion de its y de cancer de cuello uterino",inyectable trimestral: usuarias nuevas,2016-09-01,0,1,7,5,0,13
ACHOCALLA,"anticoncepcion, prevencion de its y de cancer de cuello uterino",inyectable trimestral: usuarias nuevas,2016-09-01,0,0,5,5,0,10
AIQUILE,"anticoncepcion, prevencion de its y de cancer de cuello uterino",inyectable trimestral: usuarias nuevas,2016-09-01,0,1,3,1,0,5
ALALAY,"anticoncepcion, prevencion de its y de cancer de cuello uterino",inyectable trimestral: usuarias nuevas,2016-09-01,0,0,2,1,0,3
ALCALA,"anticoncepcion, prevencion de its y de cancer de cuello uterino",inyectable trimestral: usuarias nuevas,2016-09-01,0,1,2,1,0,4
ALTO BENI,"anticoncepcion, prevencion de its y de cancer de cuello uterino",inyectable trimestral: usuarias nuevas,2016-09-01,0,2,2,1,0,5
ANCORAIMES,"anticoncepcion, prevencion de its y de cancer de cuello uterino",inyectable trimestral: usuarias nuevas,2016-09-01,0,0,3,2,0,5
ANDAMARCA,"anticoncepcion, prevencion de its y de cancer de cuello uterino",inyectable trimestral: usuarias nuevas,2016-09-01,0,2,2,0,0,4
ANTEQUERA,"anticoncepcion, prevencion de its y de cancer de cuello uterino",inyectable trimestral: usuarias nuevas,2016-09-01,0,0,1,0,0,1
ANZALDO,"anticoncepcion, prevencion de its y de cancer de cuello uterino",inyectable trimestral: usuarias nuevas,2016-09-01,0,0,2,0,0,2
APOLO,"anticoncepcion, prevencion de its y de cancer de cuello uterino",inyectable trimestral: usuarias nuevas,2016-09-01,0,3,4,3,0,10
ARAMPAMPA,"anticoncepcion, prevencion de its y de cancer de cuello uterino",inyectable trimestral: usuarias nuevas,2016-09-01,0,0,1,0,0,1
ARANI,"anticoncepcion, prevencion de its y de cancer de cuello uterino",inyectable trimestral: usuarias nuevas,2016-09-01,0,0,2,0,0,2
ARBIETO,"anticoncepcion, prevencion de its y de cancer de cuello uterino",inyectable trimestral: usuarias nuevas,2016-09-01,0,5,15,4,1,25
ARQUE,"anticoncepcion, prevencion de its y de cancer de cuello uterino",inyectable trimestral: usuarias nuevas,2016-09-01,0,3,7,1,0,11
ASCENCION DE GUARAYOS,"anticoncepcion, prevencion de its y de cancer de cuello uterino",inyectable trimestral: usuarias nuevas,2016-09-01,0,3,5,3,0,11
ATOCHA,"anticoncepcion, prevencion de its y de cancer de cuello uterino",inyectable trimestral: usuarias nuevas,2016-09-01,0,1,7,2,0,10
AUCAPATA,"anticoncepcion, prevencion de its y de cancer de cuello uterino",inyectable trimestral: usuarias nuevas,2016-09-01,0,1,3,1,0,5
AYATA,"anticoncepcion, prevencion de its y de cancer de cuello uterino",inyectable trimestral: usuarias nuevas,2016-09-01,0,0,1,2,0,3
AYO AYO,"anticoncepcion, prevencion de its y de cancer de cuello uterino",inyectable trimestral: usuarias nuevas,2016-09-01,0,1,0,1,0,2
AYOPAYA (V. DE INDEPENDENCIA),"anticoncepcion, prevencion de its y de cancer de cuello uterino",inyectable trimestral: usuarias nuevas,2016-09-01,0,2,12,5,0,19
AZURDUY,"anticoncepcion, prevencion de its y de cancer de cuello uterino",inyectable trimestral: usuarias nuevas,2016-09-01,0,0,7,4,0,11
BATALLAS,"anticoncepcion, prevencion de its y de cancer de cuello uterino",inyectable trimestral: usuarias nuevas,2016-09-01,0,4,4,1,0,9
BAURES,"anticoncepcion, prevencion de its y de cancer de cuello uterino",inyectable trimestral: usuarias nuevas,2016-09-01,0,0,3,0,0,3
BELEN DE URMIRI,"anticoncepcion, prevencion de its y de cancer de cuello uterino",inyectable trimestral: usuarias nuevas,2016-09-01,0,0,1,0,0,1
BELLA FLOR,"anticoncepcion, prevencion de its y de cancer de cuello uterino",inyectable trimestral: usuarias nuevas,2016-09-01,0,1,3,2,0,6
BERMEJO,"anticoncepcion, prevencion de its y de cancer de cuello uterino",inyectable trimestral: usuarias nuevas,2016-09-01,0,8,16,2,0,26
BETANZOS,"anticoncepcion, prevencion de its y de cancer de cuello uterino",inyectable trimestral: usuarias nuevas,2016-09-01,0,1,15,7,0,23
BOLIVAR,"anticoncepcion, prevencion de its y de cancer de cuello uterino",inyectable trimestral: usuarias nuevas,2016-09-01,0,1,0,0,0,1
BOLPEBRA,"anticoncepcion, prevencion de its y de cancer de cuello uterino",inyectable trimestral: usuarias nuevas,2016-09-01,0,2,0,0,0,2
BOYUIBE,"anticoncepcion, prevencion de its y de cancer de cuello uterino",inyectable trimestral: usuarias nuevas,2016-09-01,0,0,6,2,0,8
BUENA VISTA,"anticoncepcion, prevencion de its y de cancer de cuello uterino",inyectable trimestral: usuarias nuevas,2016-09-01,0,3,8,3,0,14
CABEZAS,"anticoncepcion, prevencion de its y de cancer de cuello uterino",inyectable trimestral: usuarias nuevas,2016-09-01,1,6,7,3,0,17
CAIROMA,"anticoncepcion, prevencion de its y de cancer de cuello uterino",inyectable trimestral: usuarias nuevas,2016-09-01,0,0,2,1,0,3
CAJUATA,"anticoncepcion, prevencion de its y de cancer de cuello uterino",inyectable trimestral: usuarias nuevas,2016-09-01,0,0,3,2,0,5
CALACOTO,"anticoncepcion, prevencion de its y de cancer de cuello uterino",inyectable trimestral: usuarias nuevas,2016-09-01,0,1,0,0,0,1
CALAMARCA,"anticoncepcion, prevencion de its y de cancer de cuello uterino",inyectable trimestral: usuarias nuevas,2016-09-01,0,0,3,0,0,3
CAMARGO,"anticoncepcion, prevencion de its y de cancer de cuello uterino",inyectable trimestral: usuarias nuevas,2016-09-01,0,0,6,4,0,10
CAMATAQUI (C. VILLA ABECIA),"anticoncepcion, prevencion de its y de cancer de cuello uterino",inyectable trimestral: usuarias nuevas,2016-09-01,0,0,0,1,0,1
CAMIRI,"anticoncepcion, prevencion de its y de cancer de cuello uterino",inyectable trimestral: usuarias nuevas,2016-09-01,0,1,9,2,0,12
CAPINOTA,"anticoncepcion, prevencion de its y de cancer de cuello uterino",inyectable trimestral: usuarias nuevas,2016-09-01,0,1,2,5,0,8
CAQUIAVIRI,"anticoncepcion, prevencion de its y de cancer de cuello uterino",inyectable trimestral: usuarias nuevas,2016-09-01,0,0,3,1,0,4
CARACOLLO,"anticoncepcion, prevencion de its y de cancer de cuello uterino",inyectable trimestral: usuarias nuevas,2016-09-01,0,1,4,5,0,10
CARANAVI,"anticoncepcion, prevencion de its y de cancer de cuello uterino",inyectable trimestral: usuarias nuevas,2016-09-01,0,3,18,7,0,28
CARAPARI,"anticoncepcion, prevencion de its y de cancer de cuello uterino",inyectable trimestral: usuarias nuevas,2016-09-01,0,1,0,0,0,1
CARIPUYO,"anticoncepcion, prevencion de its y de cancer de cuello uterino",inyectable trimestral: usuarias nuevas,2016-09-01,0,1,4,1,0,6
CARMEN RIVERO TORREZ,"anticoncepcion, prevencion de its y de cancer de cuello uterino",inyectable trimestral: usuarias nuevas,2016-09-01,0,0,6,2,0,8
CHACARILLA,"anticoncepcion, prevencion de its y de cancer de cuello uterino",inyectable trimestral: usuarias nuevas,2016-09-01,0,0,0,1,0,1
CHALLAPATA,"anticoncepcion, prevencion de its y de cancer de cuello uterino",inyectable trimestral: usuarias nuevas,2016-09-01,0,2,24,7,0,33
CHAQUI,"anticoncepcion, prevencion de its y de cancer de cuello uterino",inyectable trimestral: usuarias nuevas,2016-09-01,0,0,1,0,0,1
CHARAGUA,"anticoncepcion, prevencion de its y de cancer de cuello uterino",inyectable trimestral: usuarias nuevas,2016-09-01,0,2,11,4,0,17
CHAYANTA,"anticoncepcion, prevencion de its y de cancer de cuello uterino",inyectable trimestral: usuarias nuevas,2016-09-01,0,2,4,2,0,8
CHIMORE,"anticoncepcion, prevencion de its y de cancer de cuello uterino",inyectable trimestral: usuarias nuevas,2016-09-01,0,6,7,3,0,16
CHIPAYA,"anticoncepcion, prevencion de its y de cancer de cuello uterino",inyectable trimestral: usuarias nuevas,2016-09-01,0,0,1,0,0,1
CHOQUE COTA,"anticoncepcion, prevencion de its y de cancer de cuello uterino",inyectable trimestral: usuarias nuevas,2016-09-01,0,1,1,0,0,2
CHUA COCANI,"anticoncepcion, prevencion de its y de cancer de cuello uterino",inyectable trimestral: usuarias nuevas,2016-09-01,0,1,2,0,0,3
CHULUMANI (V. DE LA LIBERTAD),"anticoncepcion, prevencion de its y de cancer de cuello uterino",inyectable trimestral: usuarias nuevas,2016-09-01,0,0,5,3,0,8
CHUMA,"anticoncepcion, prevencion de its y de cancer de cuello uterino",inyectable trimestral: usuarias nuevas,2016-09-01,0,0,1,1,0,2
CHUQUIHUTA AYLLU JUCUMANI,"anticoncepcion, prevencion de its y de cancer de cuello uterino",inyectable trimestral: usuarias nuevas,2016-09-01,0,0,8,0,0,8
CKOCHAS,"anticoncepcion, prevencion de its y de cancer de cuello uterino",inyectable trimestral: usuarias nuevas,2016-09-01,0,1,1,0,0,2
CLIZA,"anticoncepcion, prevencion de its y de cancer de cuello uterino",inyectable trimestral: usuarias nuevas,2016-09-01,0,2,17,3,0,22
COBIJA,"anticoncepcion, prevencion de its y de cancer de cuello uterino",inyectable trimestral: usuarias nuevas,2016-09-01,1,7,10,1,0,19
COCAPATA,"anticoncepcion, prevencion de its y de cancer de cuello uterino",inyectable trimestral: usuarias nuevas,2016-09-01,0,4,6,7,0,17
COCHABAMBA,"anticoncepcion, prevencion de its y de cancer de cuello uterino",inyectable trimestral: usuarias nuevas,2016-09-01,0,22,96,37,0,155
COIPASA,"anticoncepcion, prevencion de its y de cancer de cuello uterino",inyectable trimestral: usuarias nuevas,2016-09-01,0,0,0,1,0,1
COLCAPIRHUA,"anticoncepcion, prevencion de its y de cancer de cuello uterino",inyectable trimestral: usuarias nuevas,2016-09-01,0,1,13,6,0,20
"COLCHA ""K""","anticoncepcion, prevencion de its y de cancer de cuello uterino",inyectable trimestral: usuarias nuevas,2016-09-01,0,0,8,1,0,9
COLLANA,"anticoncepcion, prevencion de its y de cancer de cuello uterino",inyectable trimestral: usuarias nuevas,2016-09-01,0,0,3,1,0,4
COLOMI,"anticoncepcion, prevencion de its y de cancer de cuello uterino",inyectable trimestral: usuarias nuevas,2016-09-01,0,4,18,2,0,24
COLPA BELGICA,"anticoncepcion, prevencion de its y de cancer de cuello uterino",inyectable trimestral: usuarias nuevas,2016-09-01,0,3,6,0,0,9
COLQUECHACA,"anticoncepcion, prevencion de its y de cancer de cuello uterino",inyectable trimestral: usuarias nuevas,2016-09-01,0,3,18,5,0,26
COLQUENCHA,"anticoncepcion, prevencion de its y de cancer de cuello uterino",inyectable trimestral: usuarias nuevas,2016-09-01,0,0,2,1,0,3
COLQUIRI,"anticoncepcion, prevencion de its y de cancer de cuello uterino",inyectable trimestral: usuarias nuevas,2016-09-01,0,0,5,3,0,8
COMARAPA,"anticoncepcion, prevencion de its y de cancer de cuello uterino",inyectable trimestral: usuarias nuevas,2016-09-01,0,3,17,5,0,25
CONCEPCION,"anticoncepcion, prevencion de its y de cancer de cuello uterino",inyectable trimestral: usuarias nuevas,2016-09-01,0,2,3,1,0,6
COPACABANA,"anticoncepcion, prevencion de its y de cancer de cuello uterino",inyectable trimestral: usuarias nuevas,2016-09-01,0,2,5,2,0,9
CORIPATA,"anticoncepcion, prevencion de its y de cancer de cuello uterino",inyectable trimestral: usuarias nuevas,2016-09-01,0,0,4,0,0,4
CORO CORO,"anticoncepcion, prevencion de its y de cancer de cuello uterino",inyectable trimestral: usuarias nuevas,2016-09-01,0,1,3,2,0,6
COROICO,"anticoncepcion, prevencion de its y de cancer de cuello uterino",inyectable trimestral: usuarias nuevas,2016-09-01,0,3,2,1,0,6
CORQUE,"anticoncepcion, prevencion de its y de cancer de cuello uterino",inyectable trimestral: usuarias nuevas,2016-09-01,0,0,1,1,0,2
COTAGAITA,"anticoncepcion, prevencion de its y de cancer de cuello uterino",inyectable trimestral: usuarias nuevas,2016-09-01,0,0,8,1,1,10
COTOCA,"anticoncepcion, prevencion de its y de cancer de cuello uterino",inyectable trimestral: usuarias nuevas,2016-09-01,2,17,34,10,0,63
CUATRO CAÃ‘ADAS,"anticoncepcion, prevencion de its y de cancer de cuello uterino",inyectable trimestral: usuarias nuevas,2016-09-01,0,2,5,3,0,10
CUCHUMUELA (V. G. VILLARROEL),"anticoncepcion, prevencion de its y de cancer de cuello uterino",inyectable trimestral: usuarias nuevas,2016-09-01,0,0,1,0,0,1
CUEVO,"anticoncepcion, prevencion de its y de cancer de cuello uterino",inyectable trimestral: usuarias nuevas,2016-09-01,0,1,1,0,0,2
CULPINA,"anticoncepcion, prevencion de its y de cancer de cuello uterino",inyectable trimestral: usuarias nuevas,2016-09-01,0,2,15,3,0,20
CURAHUARA DE CARANGAS,"anticoncepcion, prevencion de its y de cancer de cuello uterino",inyectable trimestral: usuarias nuevas,2016-09-01,0,2,2,0,0,4
DESAGUADERO,"anticoncepcion, prevencion de its y de cancer de cuello uterino",inyectable trimestral: usuarias nuevas,2016-09-01,0,1,4,1,0,6
EL ALTO,"anticoncepcion, prevencion de its y de cancer de cuello uterino",inyectable trimestral: usuarias nuevas,2016-09-01,0,22,165,62,0,249
EL CHORO,"anticoncepcion, prevencion de its y de cancer de cuello uterino",inyectable trimestral: usuarias nuevas,2016-09-01,0,0,3,0,0,3
EL PUENTE(STC),"anticoncepcion, prevencion de its y de cancer de cuello uterino",inyectable trimestral: usuarias nuevas,2016-09-01,0,0,3,0,0,3
EL PUENTE(TJA),"anticoncepcion, prevencion de its y de cancer de cuello uterino",inyectable trimestral: usuarias nuevas,2016-09-01,0,1,4,1,0,6
EL TORNO,"anticoncepcion, prevencion de its y de cancer de cuello uterino",inyectable trimestral: usuarias nuevas,2016-09-01,2,8,21,8,0,39
EL VILLAR,"anticoncepcion, prevencion de its y de cancer de cuello uterino",inyectable trimestral: usuarias nuevas,2016-09-01,0,0,1,0,0,1
ENTRE RIOS TRJ,"anticoncepcion, prevencion de its y de cancer de cuello uterino",inyectable trimestral: usuarias nuevas,2016-09-01,1,8,22,4,0,35
ENTRE RIOS CBBA,"anticoncepcion, prevencion de its y de cancer de cuello uterino",inyectable trimestral: usuarias nuevas,2016-09-01,0,3,8,2,0,13
EUCALIPTUS,"anticoncepcion, prevencion de its y de cancer de cuello uterino",inyectable trimestral: usuarias nuevas,2016-09-01,0,1,0,0,0,1
EUREKA (SANTOS MERCADO),"anticoncepcion, prevencion de its y de cancer de cuello uterino",inyectable trimestral: usuarias nuevas,2016-09-01,1,0,0,0,0,1
EXALTACION,"anticoncepcion, prevencion de its y de cancer de cuello uterino",inyectable trimestral: usuarias nuevas,2016-09-01,0,1,0,0,0,1
FERNANDEZ ALONSO,"anticoncepcion, prevencion de its y de cancer de cuello uterino",inyectable trimestral: usuarias nuevas,2016-09-01,0,8,6,1,0,15
FILADELFIA,"anticoncepcion, prevencion de its y de cancer de cuello uterino",inyectable trimestral: usuarias nuevas,2016-09-01,0,1,1,0,0,2
GENERAL SAAVEDRA,"anticoncepcion, prevencion de its y de cancer de cuello uterino",inyectable trimestral: usuarias nuevas,2016-09-01,0,1,7,1,0,9
GRAL. J.J. PEREZ (CHARAZANI),"anticoncepcion, prevencion de its y de cancer de cuello uterino",inyectable trimestral: usuarias nuevas,2016-09-01,0,0,4,3,0,7
GUANAY,"anticoncepcion, prevencion de its y de cancer de cuello uterino",inyectable trimestral: usuarias nuevas,2016-09-01,0,0,3,0,0,3
GUAQUI,"anticoncepcion, prevencion de its y de cancer de cuello uterino",inyectable trimestral: usuarias nuevas,2016-09-01,0,0,2,0,0,2
GUAYARAMERIN,"anticoncepcion, prevencion de its y de cancer de cuello uterino",inyectable trimestral: usuarias nuevas,2016-09-01,0,3,9,3,0,15
GUTIERREZ,"anticoncepcion, prevencion de its y de cancer de cuello uterino",inyectable trimestral: usuarias nuevas,2016-09-01,0,0,6,1,0,7
HUACARETA,"anticoncepcion, prevencion de its y de cancer de cuello uterino",inyectable trimestral: usuarias nuevas,2016-09-01,1,6,9,4,0,20
HUACAYA (VILLA DE HUACAYA),"anticoncepcion, prevencion de its y de cancer de cuello uterino",inyectable trimestral: usuarias nuevas,2016-09-01,0,0,2,0,0,2
HUANUNI,"anticoncepcion, prevencion de its y de cancer de cuello uterino",inyectable trimestral: usuarias nuevas,2016-09-01,0,2,7,1,0,10
HUARACAJE,"anticoncepcion, prevencion de its y de cancer de cuello uterino",inyectable trimestral: usuarias nuevas,2016-09-01,0,1,3,1,0,5
HUAYLLAMARCA,"anticoncepcion, prevencion de its y de cancer de cuello uterino",inyectable trimestral: usuarias nuevas,2016-09-01,0,0,1,0,0,1
HUMANATA,"anticoncepcion, prevencion de its y de cancer de cuello uterino",inyectable trimestral: usuarias nuevas,2016-09-01,0,2,0,0,0,2
ICHOCA,"anticoncepcion, prevencion de its y de cancer de cuello uterino",inyectable trimestral: usuarias nuevas,2016-09-01,0,0,4,1,0,5
ICLA,"anticoncepcion, prevencion de its y de cancer de cuello uterino",inyectable trimestral: usuarias nuevas,2016-09-01,0,0,2,4,1,7
INCAHUASI,"anticoncepcion, prevencion de its y de cancer de cuello uterino",inyectable trimestral: usuarias nuevas,2016-09-01,0,2,4,1,0,7
INGAVI (HUMAITA),"anticoncepcion, prevencion de its y de cancer de cuello uterino",inyectable trimestral: usuarias nuevas,2016-09-01,0,1,0,0,0,1
INQUISIVI,"anticoncepcion, prevencion de its y de cancer de cuello uterino",inyectable trimestral: usuarias nuevas,2016-09-01,0,1,2,0,0,3
IRUPANA (VILLA DE LANZA),"anticoncepcion, prevencion de its y de cancer de cuello uterino",inyectable trimestral: usuarias nuevas,2016-09-01,0,0,5,1,0,6
IXIAMAS,"anticoncepcion, prevencion de its y de cancer de cuello uterino",inyectable trimestral: usuarias nuevas,2016-09-01,0,2,7,1,0,10
LA ASUNTA,"anticoncepcion, prevencion de its y de cancer de cuello uterino",inyectable trimestral: usuarias nuevas,2016-09-01,1,7,22,5,0,35
LA GUARDIA,"anticoncepcion, prevencion de its y de cancer de cuello uterino",inyectable trimestral: usuarias nuevas,2016-09-01,0,12,35,8,0,55
LA PAZ,"anticoncepcion, prevencion de its y de cancer de cuello uterino",inyectable trimestral: usuarias nuevas,2016-09-01,0,22,122,648,1,793
LA RIVERA,"anticoncepcion, prevencion de its y de cancer de cuello uterino",inyectable trimestral: usuarias nuevas,2016-09-01,0,0,1,0,0,1
LAGUNILLAS,"anticoncepcion, prevencion de its y de cancer de cuello uterino",inyectable trimestral: usuarias nuevas,2016-09-01,0,1,3,0,0,4
LAJA,"anticoncepcion, prevencion de its y de cancer de cuello uterino",inyectable trimestral: usuarias nuevas,2016-09-01,0,2,2,0,0,4
LAS CARRERAS,"anticoncepcion, prevencion de its y de cancer de cuello uterino",inyectable trimestral: usuarias nuevas,2016-09-01,0,0,1,1,0,2
LLALLAGUA,"anticoncepcion, prevencion de its y de cancer de cuello uterino",inyectable trimestral: usuarias nuevas,2016-09-01,1,8,26,6,0,41
LLICA,"anticoncepcion, prevencion de its y de cancer de cuello uterino",inyectable trimestral: usuarias nuevas,2016-09-01,0,0,3,0,0,3
LORETO,"anticoncepcion, prevencion de its y de cancer de cuello uterino",inyectable trimestral: usuarias nuevas,2016-09-01,0,0,1,0,0,1
LURIBAY,"anticoncepcion, prevencion de its y de cancer de cuello uterino",inyectable trimestral: usuarias nuevas,2016-09-01,0,1,3,2,0,6
MACHACAMARCA,"anticoncepcion, prevencion de its y de cancer de cuello uterino",inyectable trimestral: usuarias nuevas,2016-09-01,0,0,0,1,0,1
MACHARETI,"anticoncepcion, prevencion de its y de cancer de cuello uterino",inyectable trimestral: usuarias nuevas,2016-09-01,0,5,2,3,1,11
MAGDALENA,"anticoncepcion, prevencion de its y de cancer de cuello uterino",inyectable trimestral: usuarias nuevas,2016-09-01,0,1,3,1,0,5
MAIRANA,"anticoncepcion, prevencion de its y de cancer de cuello uterino",inyectable trimestral: usuarias nuevas,2016-09-01,0,1,6,1,0,8
MAPIRI,"anticoncepcion, prevencion de its y de cancer de cuello uterino",inyectable trimestral: usuarias nuevas,2016-09-01,0,2,5,0,0,7
MECAPACA,"anticoncepcion, prevencion de its y de cancer de cuello uterino",inyectable trimestral: usuarias nuevas,2016-09-01,0,2,4,3,0,9
MINEROS,"anticoncepcion, prevencion de its y de cancer de cuello uterino",inyectable trimestral: usuarias nuevas,2016-09-01,0,2,6,1,0,9
MIZQUE,"anticoncepcion, prevencion de its y de cancer de cuello uterino",inyectable trimestral: usuarias nuevas,2016-09-01,1,4,16,4,0,25
MOCOMOCO,"anticoncepcion, prevencion de its y de cancer de cuello uterino",inyectable trimestral: usuarias nuevas,2016-09-01,0,1,5,4,0,10
MOJOCOYA,"anticoncepcion, prevencion de its y de cancer de cuello uterino",inyectable trimestral: usuarias nuevas,2016-09-01,0,1,1,2,0,4
MONTEAGUDO,"anticoncepcion, prevencion de its y de cancer de cuello uterino",inyectable trimestral: usuarias nuevas,2016-09-01,0,5,10,5,0,20
MONTERO,"anticoncepcion, prevencion de its y de cancer de cuello uterino",inyectable trimestral: usuarias nuevas,2016-09-01,0,16,61,20,0,97
MOROCHATA,"anticoncepcion, prevencion de its y de cancer de cuello uterino",inyectable trimestral: usuarias nuevas,2016-09-01,0,2,5,3,0,10
NACEBE (SANTA ROSA DEL ABUNA),"anticoncepcion, prevencion de its y de cancer de cuello uterino",inyectable trimestral: usuarias nuevas,2016-09-01,0,0,1,0,0,1
NUEVO MANOA (NUEVA ESPERANZA),"anticoncepcion, prevencion de its y de cancer de cuello uterino",inyectable trimestral: usuarias nuevas,2016-09-01,0,4,3,0,0,7
OCURI,"anticoncepcion, prevencion de its y de cancer de cuello uterino",inyectable trimestral: usuarias nuevas,2016-09-01,0,0,8,1,0,9
OKINAWA,"anticoncepcion, prevencion de its y de cancer de cuello uterino",inyectable trimestral: usuarias nuevas,2016-09-01,0,0,4,0,0,4
OMEREQUE,"anticoncepcion, prevencion de its y de cancer de cuello uterino",inyectable trimestral: usuarias nuevas,2016-09-01,0,0,2,1,0,3
ORURO,"anticoncepcion, prevencion de its y de cancer de cuello uterino",inyectable trimestral: usuarias nuevas,2016-09-01,0,17,110,22,0,149
PADCAYA,"anticoncepcion, prevencion de its y de cancer de cuello uterino",inyectable trimestral: usuarias nuevas,2016-09-01,0,3,4,1,0,8
PADILLA,"anticoncepcion, prevencion de its y de cancer de cuello uterino",inyectable trimestral: usuarias nuevas,2016-09-01,0,2,2,11,0,15
PAILON,"anticoncepcion, prevencion de its y de cancer de cuello uterino",inyectable trimestral: usuarias nuevas,2016-09-01,0,2,4,1,0,7
PALCA,"anticoncepcion, prevencion de its y de cancer de cuello uterino",inyectable trimestral: usuarias nuevas,2016-09-01,0,1,8,2,0,11
PALOS BLANCOS,"anticoncepcion, prevencion de its y de cancer de cuello uterino",inyectable trimestral: usuarias nuevas,2016-09-01,0,3,16,1,0,20
PAMPA AULLAGAS,"anticoncepcion, prevencion de its y de cancer de cuello uterino",inyectable trimestral: usuarias nuevas,2016-09-01,0,0,1,1,0,2
PAMPA GRANDE,"anticoncepcion, prevencion de its y de cancer de cuello uterino",inyectable trimestral: usuarias nuevas,2016-09-01,0,2,1,0,0,3
PAPEL PAMPA,"anticoncepcion, prevencion de its y de cancer de cuello uterino",inyectable trimestral: usuarias nuevas,2016-09-01,0,1,1,0,0,2
PASORAPA,"anticoncepcion, prevencion de its y de cancer de cuello uterino",inyectable trimestral: usuarias nuevas,2016-09-01,0,1,1,1,0,3
PATACAMAYA,"anticoncepcion, prevencion de its y de cancer de cuello uterino",inyectable trimestral: usuarias nuevas,2016-09-01,0,2,6,1,0,9
PAZÃ‘A,"anticoncepcion, prevencion de its y de cancer de cuello uterino",inyectable trimestral: usuarias nuevas,2016-09-01,0,0,6,0,0,6
PELECHUCO,"anticoncepcion, prevencion de its y de cancer de cuello uterino",inyectable trimestral: usuarias nuevas,2016-09-01,0,0,4,0,0,4
POCOATA,"anticoncepcion, prevencion de its y de cancer de cuello uterino",inyectable trimestral: usuarias nuevas,2016-09-01,0,1,6,9,0,16
POCONA,"anticoncepcion, prevencion de its y de cancer de cuello uterino",inyectable trimestral: usuarias nuevas,2016-09-01,0,6,10,3,0,19
POJO (CBBA),"anticoncepcion, prevencion de its y de cancer de cuello uterino",inyectable trimestral: usuarias nuevas,2016-09-01,0,0,5,1,0,6
POOPO,"anticoncepcion, prevencion de its y de cancer de cuello uterino",inyectable trimestral: usuarias nuevas,2016-09-01,0,0,0,1,0,1
PORCO,"anticoncepcion, prevencion de its y de cancer de cuello uterino",inyectable trimestral: usuarias nuevas,2016-09-01,0,0,3,1,0,4
POROMA,"anticoncepcion, prevencion de its y de cancer de cuello uterino",inyectable trimestral: usuarias nuevas,2016-09-01,0,2,4,0,0,6
PORONGO,"anticoncepcion, prevencion de its y de cancer de cuello uterino",inyectable trimestral: usuarias nuevas,2016-09-01,0,4,17,2,0,23
PORTACHUELO,"anticoncepcion, prevencion de its y de cancer de cuello uterino",inyectable trimestral: usuarias nuevas,2016-09-01,0,2,5,1,0,8
POSTRER VALLE,"anticoncepcion, prevencion de its y de cancer de cuello uterino",inyectable trimestral: usuarias nuevas,2016-09-01,0,0,1,0,0,1
POTOSI,"anticoncepcion, prevencion de its y de cancer de cuello uterino",inyectable trimestral: usuarias nuevas,2016-09-01,0,17,85,21,0,123
PRESTO,"anticoncepcion, prevencion de its y de cancer de cuello uterino",inyectable trimestral: usuarias nuevas,2016-09-01,0,3,1,1,0,5
PUCARA,"anticoncepcion, prevencion de its y de cancer de cuello uterino",inyectable trimestral: usuarias nuevas,2016-09-01,0,0,1,0,0,1
PUCARANI,"anticoncepcion, prevencion de its y de cancer de cuello uterino",inyectable trimestral: usuarias nuevas,2016-09-01,0,0,8,2,0,10
PUERTO ACOSTA,"anticoncepcion, prevencion de its y de cancer de cuello uterino",inyectable trimestral: usuarias nuevas,2016-09-01,0,0,3,1,0,4
PUERTO CARABUCO,"anticoncepcion, prevencion de its y de cancer de cuello uterino",inyectable trimestral: usuarias nuevas,2016-09-01,0,3,1,0,0,4
PUERTO GONZALO MORENO,"anticoncepcion, prevencion de its y de cancer de cuello uterino",inyectable trimestral: usuarias nuevas,2016-09-01,0,5,3,0,0,8
PUERTO QUIJARRO,"anticoncepcion, prevencion de its y de cancer de cuello uterino",inyectable trimestral: usuarias nuevas,2016-09-01,0,1,3,0,0,4
PUERTO RICO,"anticoncepcion, prevencion de its y de cancer de cuello uterino",inyectable trimestral: usuarias nuevas,2016-09-01,1,3,4,0,0,8
PUERTO SUAREZ,"anticoncepcion, prevencion de its y de cancer de cuello uterino",inyectable trimestral: usuarias nuevas,2016-09-01,0,1,7,0,0,8
PUERTO VILLARROEL,"anticoncepcion, prevencion de its y de cancer de cuello uterino",inyectable trimestral: usuarias nuevas,2016-09-01,0,2,12,2,0,16
PUNA,"anticoncepcion, prevencion de its y de cancer de cuello uterino",inyectable trimestral: usuarias nuevas,2016-09-01,0,0,8,6,0,14
PUNATA,"anticoncepcion, prevencion de its y de cancer de cuello uterino",inyectable trimestral: usuarias nuevas,2016-09-01,0,7,14,2,0,23
QUIABAYA,"anticoncepcion, prevencion de its y de cancer de cuello uterino",inyectable trimestral: usuarias nuevas,2016-09-01,0,0,0,1,0,1
QUILLACOLLO,"anticoncepcion, prevencion de its y de cancer de cuello uterino",inyectable trimestral: usuarias nuevas,2016-09-01,1,10,28,5,0,44
QUIME,"anticoncepcion, prevencion de its y de cancer de cuello uterino",inyectable trimestral: usuarias nuevas,2016-09-01,0,4,12,6,1,23
RAVELO,"anticoncepcion, prevencion de its y de cancer de cuello uterino",inyectable trimestral: usuarias nuevas,2016-09-01,0,2,10,10,0,22
REYES,"anticoncepcion, prevencion de its y de cancer de cuello uterino",inyectable trimestral: usuarias nuevas,2016-09-01,0,2,6,3,0,11
RIBERALTA,"anticoncepcion, prevencion de its y de cancer de cuello uterino",inyectable trimestral: usuarias nuevas,2016-09-01,1,31,73,16,0,121
ROBORE,"anticoncepcion, prevencion de its y de cancer de cuello uterino",inyectable trimestral: usuarias nuevas,2016-09-01,0,0,6,2,0,8
RURRENABAQUE,"anticoncepcion, prevencion de its y de cancer de cuello uterino",inyectable trimestral: usuarias nuevas,2016-09-01,0,1,5,3,0,9
SABAYA,"anticoncepcion, prevencion de its y de cancer de cuello uterino",inyectable trimestral: usuarias nuevas,2016-09-01,0,1,3,0,0,4
SACABA,"anticoncepcion, prevencion de its y de cancer de cuello uterino",inyectable trimestral: usuarias nuevas,2016-09-01,0,9,44,12,0,65
SACABAMBA,"anticoncepcion, prevencion de its y de cancer de cuello uterino",inyectable trimestral: usuarias nuevas,2016-09-01,0,0,1,2,0,3
SACACA,"anticoncepcion, prevencion de its y de cancer de cuello uterino",inyectable trimestral: usuarias nuevas,2016-09-01,0,7,9,7,0,23
SAIPINA,"anticoncepcion, prevencion de its y de cancer de cuello uterino",inyectable trimestral: usuarias nuevas,2016-09-01,0,2,8,1,0,11
SALINAS DE GARCI MENDOZA,"anticoncepcion, prevencion de its y de cancer de cuello uterino",inyectable trimestral: usuarias nuevas,2016-09-01,0,2,5,0,0,7
SAN ANDRES,"anticoncepcion, prevencion de its y de cancer de cuello uterino",inyectable trimestral: usuarias nuevas,2016-09-01,0,1,9,1,0,11
SAN ANDRES DE MACHACA,"anticoncepcion, prevencion de its y de cancer de cuello uterino",inyectable trimestral: usuarias nuevas,2016-09-01,0,0,2,0,0,2
SAN ANTONIO DE ESMORUCO,"anticoncepcion, prevencion de its y de cancer de cuello uterino",inyectable trimestral: usuarias nuevas,2016-09-01,0,1,7,1,0,9
SAN ANTONIO DE LOMERIO,"anticoncepcion, prevencion de its y de cancer de cuello uterino",inyectable trimestral: usuarias nuevas,2016-09-01,0,2,3,1,0,6
SAN BENITO,"anticoncepcion, prevencion de its y de cancer de cuello uterino",inyectable trimestral: usuarias nuevas,2016-09-01,0,1,5,1,0,7
SAN BORJA,"anticoncepcion, prevencion de its y de cancer de cuello uterino",inyectable trimestral: usuarias nuevas,2016-09-01,0,4,7,5,0,16
SAN BUENA VENTURA,"anticoncepcion, prevencion de its y de cancer de cuello uterino",inyectable trimestral: usuarias nuevas,2016-09-01,0,0,2,1,0,3
SAN CARLOS,"anticoncepcion, prevencion de its y de cancer de cuello uterino",inyectable trimestral: usuarias nuevas,2016-09-01,0,3,10,3,0,16
SAN IGNACIO,"anticoncepcion, prevencion de its y de cancer de cuello uterino",inyectable trimestral: usuarias nuevas,2016-09-01,0,7,11,2,0,20
SAN IGNACIO DE VELASCO,"anticoncepcion, prevencion de its y de cancer de cuello uterino",inyectable trimestral: usuarias nuevas,2016-09-01,0,4,35,8,0,47
SAN JAVIER(BNI),"anticoncepcion, prevencion de its y de cancer de cuello uterino",inyectable trimestral: usuarias nuevas,2016-09-01,1,4,6,0,0,11
SAN JAVIER(STC),"anticoncepcion, prevencion de its y de cancer de cuello uterino",inyectable trimestral: usuarias nuevas,2016-09-01,0,2,9,0,0,11
SAN JOSE DE CHIQUITOS,"anticoncepcion, prevencion de its y de cancer de cuello uterino",inyectable trimestral: usuarias nuevas,2016-09-01,0,9,11,0,0,20
SAN JUAN DE YAPACANI,"anticoncepcion, prevencion de its y de cancer de cuello uterino",inyectable trimestral: usuarias nuevas,2016-09-01,0,0,2,0,0,2
SAN JULIAN,"anticoncepcion, prevencion de its y de cancer de cuello uterino",inyectable trimestral: usuarias nuevas,2016-09-01,0,1,18,2,0,21
SAN LORENZO(PND),"anticoncepcion, prevencion de its y de cancer de cuello uterino",inyectable trimestral: usuarias nuevas,2016-09-01,0,1,2,0,0,3
SAN LORENZO(TJA),"anticoncepcion, prevencion de its y de cancer de cuello uterino",inyectable trimestral: usuarias nuevas,2016-09-01,0,2,8,4,0,14
SAN LUCAS,"anticoncepcion, prevencion de its y de cancer de cuello uterino",inyectable trimestral: usuarias nuevas,2016-09-01,1,4,8,8,0,21
SAN MATIAS,"anticoncepcion, prevencion de its y de cancer de cuello uterino",inyectable trimestral: usuarias nuevas,2016-09-01,0,3,12,0,0,15
SAN MIGUEL DE VELASCO,"anticoncepcion, prevencion de its y de cancer de cuello uterino",inyectable trimestral: usuarias nuevas,2016-09-01,1,2,8,2,0,13
SAN PABLO DE LIPEZ,"anticoncepcion, prevencion de its y de cancer de cuello uterino",inyectable trimestral: usuarias nuevas,2016-09-01,0,0,0,1,0,1
SAN PEDRO,"anticoncepcion, prevencion de its y de cancer de cuello uterino",inyectable trimestral: usuarias nuevas,2016-09-01,0,1,8,1,0,10
SAN PEDRO DE BUENA VISTA,"anticoncepcion, prevencion de its y de cancer de cuello uterino",inyectable trimestral: usuarias nuevas,2016-09-01,0,2,2,3,0,7
SAN PEDRO DE CURAHUARA,"anticoncepcion, prevencion de its y de cancer de cuello uterino",inyectable trimestral: usuarias nuevas,2016-09-01,0,0,2,0,0,2
SAN PEDRO DE QUEMES,"anticoncepcion, prevencion de its y de cancer de cuello uterino",inyectable trimestral: usuarias nuevas,2016-09-01,0,0,1,0,0,1
SAN PEDRO DE TIQUINA,"anticoncepcion, prevencion de its y de cancer de cuello uterino",inyectable trimestral: usuarias nuevas,2016-09-01,0,1,2,0,0,3
SAN PEDRO(PND),"anticoncepcion, prevencion de its y de cancer de cuello uterino",inyectable trimestral: usuarias nuevas,2016-09-01,0,1,0,0,0,1
SAN RAFAEL,"anticoncepcion, prevencion de its y de cancer de cuello uterino",inyectable trimestral: usuarias nuevas,2016-09-01,0,2,5,2,0,9
SAN RAMON BENI,"anticoncepcion, prevencion de its y de cancer de cuello uterino",inyectable trimestral: usuarias nuevas,2016-09-01,0,0,2,0,0,2
SAN RAMON SCZ,"anticoncepcion, prevencion de its y de cancer de cuello uterino",inyectable trimestral: usuarias nuevas,2016-09-01,0,6,29,6,0,41
SANTA CRUZ DE LA SIERRA,"anticoncepcion, prevencion de its y de cancer de cuello uterino",inyectable trimestral: usuarias nuevas,2016-09-01,0,75,203,44,0,322
SANTA ROSA,"anticoncepcion, prevencion de its y de cancer de cuello uterino",inyectable trimestral: usuarias nuevas,2016-09-01,0,1,0,0,0,1
SANTA ROSA DEL SARA,"anticoncepcion, prevencion de its y de cancer de cuello uterino",inyectable trimestral: usuarias nuevas,2016-09-01,0,8,10,5,0,23
SANTIAGO DE CALLAPA,"anticoncepcion, prevencion de its y de cancer de cuello uterino",inyectable trimestral: usuarias nuevas,2016-09-01,0,0,2,0,0,2
SANTIAGO DE HUARI,"anticoncepcion, prevencion de its y de cancer de cuello uterino",inyectable trimestral: usuarias nuevas,2016-09-01,0,0,7,1,0,8
SANTIAGO DE HUATA,"anticoncepcion, prevencion de its y de cancer de cuello uterino",inyectable trimestral: usuarias nuevas,2016-09-01,0,0,0,1,0,1
SANTIVAÃ‘ES,"anticoncepcion, prevencion de its y de cancer de cuello uterino",inyectable trimestral: usuarias nuevas,2016-09-01,0,0,1,1,0,2
SANTUARIO DE QUILLACAS,"anticoncepcion, prevencion de its y de cancer de cuello uterino",inyectable trimestral: usuarias nuevas,2016-09-01,0,1,1,0,0,2
SAPAHAQUI,"anticoncepcion, prevencion de its y de cancer de cuello uterino",inyectable trimestral: usuarias nuevas,2016-09-01,0,2,6,4,0,12
SENA,"anticoncepcion, prevencion de its y de cancer de cuello uterino",inyectable trimestral: usuarias nuevas,2016-09-01,0,6,8,5,0,19
SHINAOTA,"anticoncepcion, prevencion de its y de cancer de cuello uterino",inyectable trimestral: usuarias nuevas,2016-09-01,0,3,4,1,0,8
SICA SICA (VILLA AROMA),"anticoncepcion, prevencion de its y de cancer de cuello uterino",inyectable trimestral: usuarias nuevas,2016-09-01,0,0,3,2,0,5
SICAYA,"anticoncepcion, prevencion de its y de cancer de cuello uterino",inyectable trimestral: usuarias nuevas,2016-09-01,0,0,2,0,0,2
SIPE SIPE,"anticoncepcion, prevencion de its y de cancer de cuello uterino",inyectable trimestral: usuarias nuevas,2016-09-01,0,4,20,6,0,30
SOPACHUY,"anticoncepcion, prevencion de its y de cancer de cuello uterino",inyectable trimestral: usuarias nuevas,2016-09-01,0,0,1,3,0,4
SORACACHI,"anticoncepcion, prevencion de its y de cancer de cuello uterino",inyectable trimestral: usuarias nuevas,2016-09-01,0,0,8,0,0,8
SORATA,"anticoncepcion, prevencion de its y de cancer de cuello uterino",inyectable trimestral: usuarias nuevas,2016-09-01,0,2,6,3,0,11
SUCRE,"anticoncepcion, prevencion de its y de cancer de cuello uterino",inyectable trimestral: usuarias nuevas,2016-09-01,1,27,73,20,0,121
TACACOMA,"anticoncepcion, prevencion de its y de cancer de cuello uterino",inyectable trimestral: usuarias nuevas,2016-09-01,0,1,6,1,0,8
TACOBAMBA,"anticoncepcion, prevencion de its y de cancer de cuello uterino",inyectable trimestral: usuarias nuevas,2016-09-01,0,1,6,1,0,8
TACOPAYA,"anticoncepcion, prevencion de its y de cancer de cuello uterino",inyectable trimestral: usuarias nuevas,2016-09-01,0,1,0,1,0,2
TAHUA,"anticoncepcion, prevencion de its y de cancer de cuello uterino",inyectable trimestral: usuarias nuevas,2016-09-01,0,0,1,0,0,1
TAPACARI,"anticoncepcion, prevencion de its y de cancer de cuello uterino",inyectable trimestral: usuarias nuevas,2016-09-01,2,4,6,7,0,19
TARABUCO,"anticoncepcion, prevencion de its y de cancer de cuello uterino",inyectable trimestral: usuarias nuevas,2016-09-01,0,1,1,7,0,9
TARATA,"anticoncepcion, prevencion de its y de cancer de cuello uterino",inyectable trimestral: usuarias nuevas,2016-09-01,0,1,7,0,0,8
TARIJA,"anticoncepcion, prevencion de its y de cancer de cuello uterino",inyectable trimestral: usuarias nuevas,2016-09-01,0,5,39,10,0,54
TARVITA,"anticoncepcion, prevencion de its y de cancer de cuello uterino",inyectable trimestral: usuarias nuevas,2016-09-01,0,6,5,1,0,12
TEOPONTE,"anticoncepcion, prevencion de its y de cancer de cuello uterino",inyectable trimestral: usuarias nuevas,2016-09-01,1,2,11,3,0,17
TIAWANACU,"anticoncepcion, prevencion de its y de cancer de cuello uterino",inyectable trimestral: usuarias nuevas,2016-09-01,0,1,4,1,0,6
TINGUIPAYA,"anticoncepcion, prevencion de its y de cancer de cuello uterino",inyectable trimestral: usuarias nuevas,2016-09-01,0,0,7,5,0,12
TIPUANI,"anticoncepcion, prevencion de its y de cancer de cuello uterino",inyectable trimestral: usuarias nuevas,2016-09-01,0,1,2,0,0,3
TIQUIPAYA,"anticoncepcion, prevencion de its y de cancer de cuello uterino",inyectable trimestral: usuarias nuevas,2016-09-01,0,12,35,17,0,64
TIRAQUE (CBBA),"anticoncepcion, prevencion de its y de cancer de cuello uterino",inyectable trimestral: usuarias nuevas,2016-09-01,0,2,3,4,0,9
TOCO,"anticoncepcion, prevencion de its y de cancer de cuello uterino",inyectable trimestral: usuarias nuevas,2016-09-01,1,1,4,0,0,6
TODOS SANTOS,"anticoncepcion, prevencion de its y de cancer de cuello uterino",inyectable trimestral: usuarias nuevas,2016-09-01,0,0,1,0,0,1
TOLATA,"anticoncepcion, prevencion de its y de cancer de cuello uterino",inyectable trimestral: usuarias nuevas,2016-09-01,0,0,20,1,0,21
TOLEDO,"anticoncepcion, prevencion de its y de cancer de cuello uterino",inyectable trimestral: usuarias nuevas,2016-09-01,0,0,5,1,0,6
TOMAVE,"anticoncepcion, prevencion de its y de cancer de cuello uterino",inyectable trimestral: usuarias nuevas,2016-09-01,0,0,1,3,0,4
TOMINA,"anticoncepcion, prevencion de its y de cancer de cuello uterino",inyectable trimestral: usuarias nuevas,2016-09-01,0,3,6,2,0,11
TORO TORO,"anticoncepcion, prevencion de its y de cancer de cuello uterino",inyectable trimestral: usuarias nuevas,2016-09-01,0,4,10,6,0,20
TOTORA(CBBA),"anticoncepcion, prevencion de its y de cancer de cuello uterino",inyectable trimestral: usuarias nuevas,2016-09-01,0,4,13,3,0,20
TOTORA(ORR),"anticoncepcion, prevencion de its y de cancer de cuello uterino",inyectable trimestral: usuarias nuevas,2016-09-01,0,0,1,1,0,2
TRIGAL,"anticoncepcion, prevencion de its y de cancer de cuello uterino",inyectable trimestral: usuarias nuevas,2016-09-01,0,0,1,0,0,1
TRINIDAD,"anticoncepcion, prevencion de its y de cancer de cuello uterino",inyectable trimestral: usuarias nuevas,2016-09-01,0,11,21,2,0,34
TUPIZA,"anticoncepcion, prevencion de its y de cancer de cuello uterino",inyectable trimestral: usuarias nuevas,2016-09-01,0,2,27,6,0,35
TURCO,"anticoncepcion, prevencion de its y de cancer de cuello uterino",inyectable trimestral: usuarias nuevas,2016-09-01,0,0,1,0,0,1
UMALA,"anticoncepcion, prevencion de its y de cancer de cuello uterino",inyectable trimestral: usuarias nuevas,2016-09-01,0,0,3,1,0,4
UNCIA,"anticoncepcion, prevencion de its y de cancer de cuello uterino",inyectable trimestral: usuarias nuevas,2016-09-01,0,3,11,3,0,17
URIONDO (A. CONCEPCION),"anticoncepcion, prevencion de its y de cancer de cuello uterino",inyectable trimestral: usuarias nuevas,2016-09-01,0,2,7,2,0,11
URUBICHA,"anticoncepcion, prevencion de its y de cancer de cuello uterino",inyectable trimestral: usuarias nuevas,2016-09-01,0,1,1,0,0,2
UYUNI,"anticoncepcion, prevencion de its y de cancer de cuello uterino",inyectable trimestral: usuarias nuevas,2016-09-01,0,3,14,3,0,20
VACAS,"anticoncepcion, prevencion de its y de cancer de cuello uterino",inyectable trimestral: usuarias nuevas,2016-09-01,0,2,6,3,0,11
VALLEGRANDE,"anticoncepcion, prevencion de its y de cancer de cuello uterino",inyectable trimestral: usuarias nuevas,2016-09-01,0,4,3,0,0,7
VIACHA,"anticoncepcion, prevencion de its y de cancer de cuello uterino",inyectable trimestral: usuarias nuevas,2016-09-01,3,8,24,11,0,46
VILA VILA,"anticoncepcion, prevencion de its y de cancer de cuello uterino",inyectable trimestral: usuarias nuevas,2016-09-01,0,0,1,0,0,1
VILLA CHARCAS,"anticoncepcion, prevencion de its y de cancer de cuello uterino",inyectable trimestral: usuarias nuevas,2016-09-01,0,0,4,2,0,6
VILLA MONTES,"anticoncepcion, prevencion de its y de cancer de cuello uterino",inyectable trimestral: usuarias nuevas,2016-09-01,0,3,15,6,0,24
VILLA NUEVA (LOMA ALTA),"anticoncepcion, prevencion de its y de cancer de cuello uterino",inyectable trimestral: usuarias nuevas,2016-09-01,0,3,1,0,0,4
VILLA RIVERO,"anticoncepcion, prevencion de its y de cancer de cuello uterino",inyectable trimestral: usuarias nuevas,2016-09-01,0,2,12,3,0,17
VILLA SERRANO,"anticoncepcion, prevencion de its y de cancer de cuello uterino",inyectable trimestral: usuarias nuevas,2016-09-01,0,1,6,0,0,7
VILLA TUNARI,"anticoncepcion, prevencion de its y de cancer de cuello uterino",inyectable trimestral: usuarias nuevas,2016-09-01,0,13,48,28,0,89
VILLA VACA GUZMAN (MUYUPAMPA),"anticoncepcion, prevencion de its y de cancer de cuello uterino",inyectable trimestral: usuarias nuevas,2016-09-01,0,2,16,2,0,20
VILLAZON,"anticoncepcion, prevencion de its y de cancer de cuello uterino",inyectable trimestral: usuarias nuevas,2016-09-01,0,3,6,1,0,10
VINTO,"anticoncepcion, prevencion de its y de cancer de cuello uterino",inyectable trimestral: usuarias nuevas,2016-09-01,0,5,18,3,0,26
WARNES,"anticoncepcion, prevencion de its y de cancer de cuello uterino",inyectable trimestral: usuarias nuevas,2016-09-01,2,15,20,13,0,50
YACO,"anticoncepcion, prevencion de its y de cancer de cuello uterino",inyectable trimestral: usuarias nuevas,2016-09-01,0,0,2,0,0,2
YACUIBA,"anticoncepcion, prevencion de its y de cancer de cuello uterino",inyectable trimestral: usuarias nuevas,2016-09-01,0,8,27,14,0,49
YAMPARAEZ,"anticoncepcion, prevencion de its y de cancer de cuello uterino",inyectable trimestral: usuarias nuevas,2016-09-01,0,1,0,1,0,2
YANACACHI,"anticoncepcion, prevencion de its y de cancer de cuello uterino",inyectable trimestral: usuarias nuevas,2016-09-01,0,0,5,1,0,6
YAPACANI,"anticoncepcion, prevencion de its y de cancer de cuello uterino",inyectable trimestral: usuarias nuevas,2016-09-01,0,11,26,2,1,40
YOCALLA,"anticoncepcion, prevencion de its y de cancer de cuello uterino",inyectable trimestral: usuarias nuevas,2016-09-01,0,0,5,0,0,5
YOTALA,"anticoncepcion, prevencion de its y de cancer de cuello uterino",inyectable trimestral: usuarias nuevas,2016-09-01,0,3,2,0,0,5
YUNCHARA,"anticoncepcion, prevencion de its y de cancer de cuello uterino",inyectable trimestral: usuarias nuevas,2016-09-01,0,0,2,2,0,4
ZUDAÃ‘EZ,"anticoncepcion, prevencion de its y de cancer de cuello uterino",inyectable trimestral: usuarias nuevas,2016-09-01,0,3,2,0,0,5
ACACIO,"anticoncepcion, prevencion de its y de cancer de cuello uterino",inyectable trimestral: usuarias nuevas,2016-10-01,0,0,2,3,0,5
ACHACACHI,"anticoncepcion, prevencion de its y de cancer de cuello uterino",inyectable trimestral: usuarias nuevas,2016-10-01,0,1,12,5,0,18
ACHOCALLA,"anticoncepcion, prevencion de its y de cancer de cuello uterino",inyectable trimestral: usuarias nuevas,2016-10-01,0,3,12,0,0,15
AIQUILE,"anticoncepcion, prevencion de its y de cancer de cuello uterino",inyectable trimestral: usuarias nuevas,2016-10-01,0,4,2,2,0,8
ALCALA,"anticoncepcion, prevencion de its y de cancer de cuello uterino",inyectable trimestral: usuarias nuevas,2016-10-01,0,0,0,1,0,1
ALTO BENI,"anticoncepcion, prevencion de its y de cancer de cuello uterino",inyectable trimestral: usuarias nuevas,2016-10-01,0,3,6,0,0,9
ANZALDO,"anticoncepcion, prevencion de its y de cancer de cuello uterino",inyectable trimestral: usuarias nuevas,2016-10-01,0,0,5,3,0,8
APOLO,"anticoncepcion, prevencion de its y de cancer de cuello uterino",inyectable trimestral: usuarias nuevas,2016-10-01,0,1,3,1,0,5
ARBIETO,"anticoncepcion, prevencion de its y de cancer de cuello uterino",inyectable trimestral: usuarias nuevas,2016-10-01,0,2,9,2,0,13
ARQUE,"anticoncepcion, prevencion de its y de cancer de cuello uterino",inyectable trimestral: usuarias nuevas,2016-10-01,0,2,3,1,0,6
ASCENCION DE GUARAYOS,"anticoncepcion, prevencion de its y de cancer de cuello uterino",inyectable trimestral: usuarias nuevas,2016-10-01,0,2,16,0,0,18
ATOCHA,"anticoncepcion, prevencion de its y de cancer de cuello uterino",inyectable trimestral: usuarias nuevas,2016-10-01,0,0,6,0,0,6
AUCAPATA,"anticoncepcion, prevencion de its y de cancer de cuello uterino",inyectable trimestral: usuarias nuevas,2016-10-01,0,0,3,3,0,6
AYATA,"anticoncepcion, prevencion de its y de cancer de cuello uterino",inyectable trimestral: usuarias nuevas,2016-10-01,1,1,5,2,0,9
AYO AYO,"anticoncepcion, prevencion de its y de cancer de cuello uterino",inyectable trimestral: usuarias nuevas,2016-10-01,0,0,1,1,0,2
AYOPAYA (V. DE INDEPENDENCIA),"anticoncepcion, prevencion de its y de cancer de cuello uterino",inyectable trimestral: usuarias nuevas,2016-10-01,1,1,3,5,0,10
AZURDUY,"anticoncepcion, prevencion de its y de cancer de cuello uterino",inyectable trimestral: usuarias nuevas,2016-10-01,0,4,3,2,0,9
BATALLAS,"anticoncepcion, prevencion de its y de cancer de cuello uterino",inyectable trimestral: usuarias nuevas,2016-10-01,0,1,0,0,0,1
BAURES,"anticoncepcion, prevencion de its y de cancer de cuello uterino",inyectable trimestral: usuarias nuevas,2016-10-01,0,0,2,0,0,2
BERMEJO,"anticoncepcion, prevencion de its y de cancer de cuello uterino",inyectable trimestral: usuarias nuevas,2016-10-01,0,3,14,4,0,21
BETANZOS,"anticoncepcion, prevencion de its y de cancer de cuello uterino",inyectable trimestral: usuarias nuevas,2016-10-01,0,2,13,6,0,21
BOLIVAR,"anticoncepcion, prevencion de its y de cancer de cuello uterino",inyectable trimestral: usuarias nuevas,2016-10-01,0,0,2,0,0,2
BOYUIBE,"anticoncepcion, prevencion de its y de cancer de cuello uterino",inyectable trimestral: usuarias nuevas,2016-10-01,0,0,3,2,0,5
BUENA VISTA,"anticoncepcion, prevencion de its y de cancer de cuello uterino",inyectable trimestral: usuarias nuevas,2016-10-01,0,2,3,0,0,5
CABEZAS,"anticoncepcion, prevencion de its y de cancer de cuello uterino",inyectable trimestral: usuarias nuevas,2016-10-01,1,6,12,4,0,23
CAIROMA,"anticoncepcion, prevencion de its y de cancer de cuello uterino",inyectable trimestral: usuarias nuevas,2016-10-01,0,1,4,0,0,5
CAJUATA,"anticoncepcion, prevencion de its y de cancer de cuello uterino",inyectable trimestral: usuarias nuevas,2016-10-01,0,0,4,2,0,6
CALACOTO,"anticoncepcion, prevencion de its y de cancer de cuello uterino",inyectable trimestral: usuarias nuevas,2016-10-01,0,0,1,0,0,1
CALAMARCA,"anticoncepcion, prevencion de its y de cancer de cuello uterino",inyectable trimestral: usuarias nuevas,2016-10-01,0,0,6,1,0,7
CAMARGO,"anticoncepcion, prevencion de its y de cancer de cuello uterino",inyectable trimestral: usuarias nuevas,2016-10-01,0,1,6,3,0,10
CAMATAQUI (C. VILLA ABECIA),"anticoncepcion, prevencion de its y de cancer de cuello uterino",inyectable trimestral: usuarias nuevas,2016-10-01,0,0,1,0,0,1
CAMIRI,"anticoncepcion, prevencion de its y de cancer de cuello uterino",inyectable trimestral: usuarias nuevas,2016-10-01,0,2,10,2,0,14
CAPINOTA,"anticoncepcion, prevencion de its y de cancer de cuello uterino",inyectable trimestral: usuarias nuevas,2016-10-01,0,3,6,3,0,12
CAQUIAVIRI,"anticoncepcion, prevencion de its y de cancer de cuello uterino",inyectable trimestral: usuarias nuevas,2016-10-01,0,1,0,2,0,3
CARACOLLO,"anticoncepcion, prevencion de its y de cancer de cuello uterino",inyectable trimestral: usuarias nuevas,2016-10-01,0,0,5,1,0,6
CARANAVI,"anticoncepcion, prevencion de its y de cancer de cuello uterino",inyectable trimestral: usuarias nuevas,2016-10-01,0,6,12,5,0,23
CARAPARI,"anticoncepcion, prevencion de its y de cancer de cuello uterino",inyectable trimestral: usuarias nuevas,2016-10-01,0,0,1,1,0,2
CARIPUYO,"anticoncepcion, prevencion de its y de cancer de cuello uterino",inyectable trimestral: usuarias nuevas,2016-10-01,0,0,5,3,0,8
CARMEN RIVERO TORREZ,"anticoncepcion, prevencion de its y de cancer de cuello uterino",inyectable trimestral: usuarias nuevas,2016-10-01,0,0,1,1,0,2
CATACORA,"anticoncepcion, prevencion de its y de cancer de cuello uterino",inyectable trimestral: usuarias nuevas,2016-10-01,0,0,1,0,0,1
CHACARILLA,"anticoncepcion, prevencion de its y de cancer de cuello uterino",inyectable trimestral: usuarias nuevas,2016-10-01,0,0,0,2,0,2
CHALLAPATA,"anticoncepcion, prevencion de its y de cancer de cuello uterino",inyectable trimestral: usuarias nuevas,2016-10-01,0,0,8,6,0,14
CHAQUI,"anticoncepcion, prevencion de its y de cancer de cuello uterino",inyectable trimestral: usuarias nuevas,2016-10-01,0,1,0,1,0,2
CHARAGUA,"anticoncepcion, prevencion de its y de cancer de cuello uterino",inyectable trimestral: usuarias nuevas,2016-10-01,0,6,20,1,0,27
CHAYANTA,"anticoncepcion, prevencion de its y de cancer de cuello uterino",inyectable trimestral: usuarias nuevas,2016-10-01,0,2,2,2,0,6
CHIMORE,"anticoncepcion, prevencion de its y de cancer de cuello uterino",inyectable trimestral: usuarias nuevas,2016-10-01,0,3,8,6,0,17
CHIPAYA,"anticoncepcion, prevencion de its y de cancer de cuello uterino",inyectable trimestral: usuarias nuevas,2016-10-01,0,0,0,1,0,1
CHOQUE COTA,"anticoncepcion, prevencion de its y de cancer de cuello uterino",inyectable trimestral: usuarias nuevas,2016-10-01,0,1,0,0,0,1
CHUA COCANI,"anticoncepcion, prevencion de its y de cancer de cuello uterino",inyectable trimestral: usuarias nuevas,2016-10-01,0,0,7,3,0,10
CHULUMANI (V. DE LA LIBERTAD),"anticoncepcion, prevencion de its y de cancer de cuello uterino",inyectable trimestral: usuarias nuevas,2016-10-01,0,1,8,5,0,14
CHUMA,"anticoncepcion, prevencion de its y de cancer de cuello uterino",inyectable trimestral: usuarias nuevas,2016-10-01,0,0,3,1,0,4
CHUQUIHUTA AYLLU JUCUMANI,"anticoncepcion, prevencion de its y de cancer de cuello uterino",inyectable trimestral: usuarias nuevas,2016-10-01,0,2,5,5,0,12
CKOCHAS,"anticoncepcion, prevencion de its y de cancer de cuello uterino",inyectable trimestral: usuarias nuevas,2016-10-01,0,1,2,5,0,8
CLIZA,"anticoncepcion, prevencion de its y de cancer de cuello uterino",inyectable trimestral: usuarias nuevas,2016-10-01,0,2,4,5,0,11
COBIJA,"anticoncepcion, prevencion de its y de cancer de cuello uterino",inyectable trimestral: usuarias nuevas,2016-10-01,0,4,16,2,0,22
COCAPATA,"anticoncepcion, prevencion de its y de cancer de cuello uterino",inyectable trimestral: usuarias nuevas,2016-10-01,0,3,10,10,0,23
COCHABAMBA,"anticoncepcion, prevencion de its y de cancer de cuello uterino",inyectable trimestral: usuarias nuevas,2016-10-01,1,16,102,33,0,152
COLCAPIRHUA,"anticoncepcion, prevencion de its y de cancer de cuello uterino",inyectable trimestral: usuarias nuevas,2016-10-01,0,2,13,3,0,18
"COLCHA ""K""","anticoncepcion, prevencion de its y de cancer de cuello uterino",inyectable trimestral: usuarias nuevas,2016-10-01,0,0,7,2,0,9
COLLANA,"anticoncepcion, prevencion de its y de cancer de cuello uterino",inyectable trimestral: usuarias nuevas,2016-10-01,0,1,1,0,0,2
COLOMI,"anticoncepcion, prevencion de its y de cancer de cuello uterino",inyectable trimestral: usuarias nuevas,2016-10-01,0,5,8,0,0,13
COLPA BELGICA,"anticoncepcion, prevencion de its y de cancer de cuello uterino",inyectable trimestral: usuarias nuevas,2016-10-01,0,0,3,0,0,3
COLQUECHACA,"anticoncepcion, prevencion de its y de cancer de cuello uterino",inyectable trimestral: usuarias nuevas,2016-10-01,0,2,13,6,0,21
COLQUENCHA,"anticoncepcion, prevencion de its y de cancer de cuello uterino",inyectable trimestral: usuarias nuevas,2016-10-01,0,0,1,3,0,4
COLQUIRI,"anticoncepcion, prevencion de its y de cancer de cuello uterino",inyectable trimestral: usuarias nuevas,2016-10-01,0,0,11,4,0,15
COMARAPA,"anticoncepcion, prevencion de its y de cancer de cuello uterino",inyectable trimestral: usuarias nuevas,2016-10-01,0,9,6,3,0,18
CONCEPCION,"anticoncepcion, prevencion de its y de cancer de cuello uterino",inyectable trimestral: usuarias nuevas,2016-10-01,0,0,4,1,0,5
COPACABANA,"anticoncepcion, prevencion de its y de cancer de cuello uterino",inyectable trimestral: usuarias nuevas,2016-10-01,0,0,5,2,0,7
CORIPATA,"anticoncepcion, prevencion de its y de cancer de cuello uterino",inyectable trimestral: usuarias nuevas,2016-10-01,0,1,5,2,0,8
CORO CORO,"anticoncepcion, prevencion de its y de cancer de cuello uterino",inyectable trimestral: usuarias nuevas,2016-10-01,0,0,1,0,0,1
COROICO,"anticoncepcion, prevencion de its y de cancer de cuello uterino",inyectable trimestral: usuarias nuevas,2016-10-01,0,0,3,2,0,5
CORQUE,"anticoncepcion, prevencion de its y de cancer de cuello uterino",inyectable trimestral: usuarias nuevas,2016-10-01,0,1,3,1,0,5
COTAGAITA,"anticoncepcion, prevencion de its y de cancer de cuello uterino",inyectable trimestral: usuarias nuevas,2016-10-01,0,1,8,3,0,12
COTOCA,"anticoncepcion, prevencion de its y de cancer de cuello uterino",inyectable trimestral: usuarias nuevas,2016-10-01,1,14,35,7,0,57
CRUZ DE MACHACAMARCA,"anticoncepcion, prevencion de its y de cancer de cuello uterino",inyectable trimestral: usuarias nuevas,2016-10-01,0,0,1,0,0,1
CUATRO CAÃ‘ADAS,"anticoncepcion, prevencion de its y de cancer de cuello uterino",inyectable trimestral: usuarias nuevas,2016-10-01,0,1,7,0,0,8
CUCHUMUELA (V. G. VILLARROEL),"anticoncepcion, prevencion de its y de cancer de cuello uterino",inyectable trimestral: usuarias nuevas,2016-10-01,0,1,0,1,0,2
CUEVO,"anticoncepcion, prevencion de its y de cancer de cuello uterino",inyectable trimestral: usuarias nuevas,2016-10-01,0,0,4,3,0,7
CULPINA,"anticoncepcion, prevencion de its y de cancer de cuello uterino",inyectable trimestral: usuarias nuevas,2016-10-01,0,4,7,7,0,18
CURAHUARA DE CARANGAS,"anticoncepcion, prevencion de its y de cancer de cuello uterino",inyectable trimestral: usuarias nuevas,2016-10-01,0,0,3,0,0,3
DESAGUADERO,"anticoncepcion, prevencion de its y de cancer de cuello uterino",inyectable trimestral: usuarias nuevas,2016-10-01,0,0,4,1,0,5
EL ALTO,"anticoncepcion, prevencion de its y de cancer de cuello uterino",inyectable trimestral: usuarias nuevas,2016-10-01,0,20,163,40,0,223
EL PUENTE(STC),"anticoncepcion, prevencion de its y de cancer de cuello uterino",inyectable trimestral: usuarias nuevas,2016-10-01,0,3,4,0,0,7
EL PUENTE(TJA),"anticoncepcion, prevencion de its y de cancer de cuello uterino",inyectable trimestral: usuarias nuevas,2016-10-01,0,1,5,2,1,9
EL TORNO,"anticoncepcion, prevencion de its y de cancer de cuello uterino",inyectable trimestral: usuarias nuevas,2016-10-01,0,14,15,9,0,38
ENTRE RIOS TRJ,"anticoncepcion, prevencion de its y de cancer de cuello uterino",inyectable trimestral: usuarias nuevas,2016-10-01,0,7,9,4,0,20
ENTRE RIOS CBBA,"anticoncepcion, prevencion de its y de cancer de cuello uterino",inyectable trimestral: usuarias nuevas,2016-10-01,1,2,7,2,0,12
ESCARA,"anticoncepcion, prevencion de its y de cancer de cuello uterino",inyectable trimestral: usuarias nuevas,2016-10-01,0,0,2,0,0,2
EUCALIPTUS,"anticoncepcion, prevencion de its y de cancer de cuello uterino",inyectable trimestral: usuarias nuevas,2016-10-01,0,0,0,1,0,1
EUREKA (SANTOS MERCADO),"anticoncepcion, prevencion de its y de cancer de cuello uterino",inyectable trimestral: usuarias nuevas,2016-10-01,1,2,4,0,0,7
FERNANDEZ ALONSO,"anticoncepcion, prevencion de its y de cancer de cuello uterino",inyectable trimestral: usuarias nuevas,2016-10-01,0,2,6,1,0,9
FILADELFIA,"anticoncepcion, prevencion de its y de cancer de cuello uterino",inyectable trimestral: usuarias nuevas,2016-10-01,0,9,8,0,0,17
GENERAL SAAVEDRA,"anticoncepcion, prevencion de its y de cancer de cuello uterino",inyectable trimestral: usuarias nuevas,2016-10-01,0,5,9,3,0,17
GRAL. J.J. PEREZ (CHARAZANI),"anticoncepcion, prevencion de its y de cancer de cuello uterino",inyectable trimestral: usuarias nuevas,2016-10-01,0,0,2,2,0,4
GUANAY,"anticoncepcion, prevencion de its y de cancer de cuello uterino",inyectable trimestral: usuarias nuevas,2016-10-01,0,0,3,1,0,4
GUAQUI,"anticoncepcion, prevencion de its y de cancer de cuello uterino",inyectable trimestral: usuarias nuevas,2016-10-01,0,0,3,1,0,4
GUAYARAMERIN,"anticoncepcion, prevencion de its y de cancer de cuello uterino",inyectable trimestral: usuarias nuevas,2016-10-01,1,5,11,0,2,19
GUTIERREZ,"anticoncepcion, prevencion de its y de cancer de cuello uterino",inyectable trimestral: usuarias nuevas,2016-10-01,0,2,7,1,0,10
HUACARETA,"anticoncepcion, prevencion de its y de cancer de cuello uterino",inyectable trimestral: usuarias nuevas,2016-10-01,0,3,3,3,0,9
HUACAYA (VILLA DE HUACAYA),"anticoncepcion, prevencion de its y de cancer de cuello uterino",inyectable trimestral: usuarias nuevas,2016-10-01,0,0,2,0,0,2
HUACHACALLA,"anticoncepcion, prevencion de its y de cancer de cuello uterino",inyectable trimestral: usuarias nuevas,2016-10-01,0,1,2,0,0,3
HUANUNI,"anticoncepcion, prevencion de its y de cancer de cuello uterino",inyectable trimestral: usuarias nuevas,2016-10-01,0,0,7,1,0,8
HUARACAJE,"anticoncepcion, prevencion de its y de cancer de cuello uterino",inyectable trimestral: usuarias nuevas,2016-10-01,0,1,3,0,0,4
HUARINA,"anticoncepcion, prevencion de its y de cancer de cuello uterino",inyectable trimestral: usuarias nuevas,2016-10-01,0,0,0,1,0,1
HUAYLLAMARCA,"anticoncepcion, prevencion de its y de cancer de cuello uterino",inyectable trimestral: usuarias nuevas,2016-10-01,0,1,0,0,0,1
ICHOCA,"anticoncepcion, prevencion de its y de cancer de cuello uterino",inyectable trimestral: usuarias nuevas,2016-10-01,0,0,5,4,0,9
ICLA,"anticoncepcion, prevencion de its y de cancer de cuello uterino",inyectable trimestral: usuarias nuevas,2016-10-01,0,0,2,2,0,4
INCAHUASI,"anticoncepcion, prevencion de its y de cancer de cuello uterino",inyectable trimestral: usuarias nuevas,2016-10-01,0,4,2,0,0,6
INQUISIVI,"anticoncepcion, prevencion de its y de cancer de cuello uterino",inyectable trimestral: usuarias nuevas,2016-10-01,0,1,2,2,0,5
IRUPANA (VILLA DE LANZA),"anticoncepcion, prevencion de its y de cancer de cuello uterino",inyectable trimestral: usuarias nuevas,2016-10-01,0,3,6,2,1,12
IXIAMAS,"anticoncepcion, prevencion de its y de cancer de cuello uterino",inyectable trimestral: usuarias nuevas,2016-10-01,0,1,10,0,0,11
JESUS DE MACHACA,"anticoncepcion, prevencion de its y de cancer de cuello uterino",inyectable trimestral: usuarias nuevas,2016-10-01,0,0,1,0,0,1
LA ASUNTA,"anticoncepcion, prevencion de its y de cancer de cuello uterino",inyectable trimestral: usuarias nuevas,2016-10-01,0,6,22,2,0,30
LA GUARDIA,"anticoncepcion, prevencion de its y de cancer de cuello uterino",inyectable trimestral: usuarias nuevas,2016-10-01,1,22,32,14,0,69
LA PAZ,"anticoncepcion, prevencion de its y de cancer de cuello uterino",inyectable trimestral: usuarias nuevas,2016-10-01,2,22,167,102,0,293
LAGUNILLAS,"anticoncepcion, prevencion de its y de cancer de cuello uterino",inyectable trimestral: usuarias nuevas,2016-10-01,0,1,3,0,0,4
LAJA,"anticoncepcion, prevencion de its y de cancer de cuello uterino",inyectable trimestral: usuarias nuevas,2016-10-01,0,1,5,0,0,6
LAS CARRERAS,"anticoncepcion, prevencion de its y de cancer de cuello uterino",inyectable trimestral: usuarias nuevas,2016-10-01,0,1,1,0,0,2
LLALLAGUA,"anticoncepcion, prevencion de its y de cancer de cuello uterino",inyectable trimestral: usuarias nuevas,2016-10-01,0,3,17,7,0,27
LLICA,"anticoncepcion, prevencion de its y de cancer de cuello uterino",inyectable trimestral: usuarias nuevas,2016-10-01,1,0,0,0,0,1
LORETO,"anticoncepcion, prevencion de its y de cancer de cuello uterino",inyectable trimestral: usuarias nuevas,2016-10-01,0,0,3,1,0,4
LURIBAY,"anticoncepcion, prevencion de its y de cancer de cuello uterino",inyectable trimestral: usuarias nuevas,2016-10-01,1,0,4,0,1,6
MACHACAMARCA,"anticoncepcion, prevencion de its y de cancer de cuello uterino",inyectable trimestral: usuarias nuevas,2016-10-01,0,0,3,2,0,5
MACHARETI,"anticoncepcion, prevencion de its y de cancer de cuello uterino",inyectable trimestral: usuarias nuevas,2016-10-01,0,3,6,3,1,13
MAGDALENA,"anticoncepcion, prevencion de its y de cancer de cuello uterino",inyectable trimestral: usuarias nuevas,2016-10-01,0,2,4,1,0,7
MAIRANA,"anticoncepcion, prevencion de its y de cancer de cuello uterino",inyectable trimestral: usuarias nuevas,2016-10-01,0,2,2,0,0,4
MAPIRI,"anticoncepcion, prevencion de its y de cancer de cuello uterino",inyectable trimestral: usuarias nuevas,2016-10-01,0,3,6,0,0,9
MECAPACA,"anticoncepcion, prevencion de its y de cancer de cuello uterino",inyectable trimestral: usuarias nuevas,2016-10-01,0,2,9,1,0,12
MINEROS,"anticoncepcion, prevencion de its y de cancer de cuello uterino",inyectable trimestral: usuarias nuevas,2016-10-01,1,2,6,1,0,10
MIZQUE,"anticoncepcion, prevencion de its y de cancer de cuello uterino",inyectable trimestral: usuarias nuevas,2016-10-01,0,4,6,6,0,16
MOCOMOCO,"anticoncepcion, prevencion de its y de cancer de cuello uterino",inyectable trimestral: usuarias nuevas,2016-10-01,0,0,6,3,0,9
MOJOCOYA,"anticoncepcion, prevencion de its y de cancer de cuello uterino",inyectable trimestral: usuarias nuevas,2016-10-01,0,1,1,1,0,3
MONTEAGUDO,"anticoncepcion, prevencion de its y de cancer de cuello uterino",inyectable trimestral: usuarias nuevas,2016-10-01,0,10,19,12,0,41
MONTERO,"anticoncepcion, prevencion de its y de cancer de cuello uterino",inyectable trimestral: usuarias nuevas,2016-10-01,0,6,30,10,0,46
MORO MORO,"anticoncepcion, prevencion de its y de cancer de cuello uterino",inyectable trimestral: usuarias nuevas,2016-10-01,0,1,0,0,0,1
MOROCHATA,"anticoncepcion, prevencion de its y de cancer de cuello uterino",inyectable trimestral: usuarias nuevas,2016-10-01,0,5,7,4,0,16
NACEBE (SANTA ROSA DEL ABUNA),"anticoncepcion, prevencion de its y de cancer de cuello uterino",inyectable trimestral: usuarias nuevas,2016-10-01,0,0,1,0,0,1
OCURI,"anticoncepcion, prevencion de its y de cancer de cuello uterino",inyectable trimestral: usuarias nuevas,2016-10-01,0,1,4,3,0,8
OKINAWA,"anticoncepcion, prevencion de its y de cancer de cuello uterino",inyectable trimestral: usuarias nuevas,2016-10-01,0,1,1,0,0,2
OMEREQUE,"anticoncepcion, prevencion de its y de cancer de cuello uterino",inyectable trimestral: usuarias nuevas,2016-10-01,0,2,1,0,0,3
ORURO,"anticoncepcion, prevencion de its y de cancer de cuello uterino",inyectable trimestral: usuarias nuevas,2016-10-01,0,14,104,19,0,137
PADCAYA,"anticoncepcion, prevencion de its y de cancer de cuello uterino",inyectable trimestral: usuarias nuevas,2016-10-01,0,1,0,1,0,2
PADILLA,"anticoncepcion, prevencion de its y de cancer de cuello uterino",inyectable trimestral: usuarias nuevas,2016-10-01,0,4,5,1,0,10
PAILON,"anticoncepcion, prevencion de its y de cancer de cuello uterino",inyectable trimestral: usuarias nuevas,2016-10-01,1,3,9,3,0,16
PALCA,"anticoncepcion, prevencion de its y de cancer de cuello uterino",inyectable trimestral: usuarias nuevas,2016-10-01,0,0,9,4,0,13
PALOS BLANCOS,"anticoncepcion, prevencion de its y de cancer de cuello uterino",inyectable trimestral: usuarias nuevas,2016-10-01,0,2,13,4,1,20
PAMPA GRANDE,"anticoncepcion, prevencion de its y de cancer de cuello uterino",inyectable trimestral: usuarias nuevas,2016-10-01,0,0,5,1,0,6
PAPEL PAMPA,"anticoncepcion, prevencion de its y de cancer de cuello uterino",inyectable trimestral: usuarias nuevas,2016-10-01,0,1,1,4,0,6
PASORAPA,"anticoncepcion, prevencion de its y de cancer de cuello uterino",inyectable trimestral: usuarias nuevas,2016-10-01,0,0,1,0,0,1
PATACAMAYA,"anticoncepcion, prevencion de its y de cancer de cuello uterino",inyectable trimestral: usuarias nuevas,2016-10-01,0,1,5,3,0,9
PAZÃ‘A,"anticoncepcion, prevencion de its y de cancer de cuello uterino",inyectable trimestral: usuarias nuevas,2016-10-01,0,0,4,1,0,5
PELECHUCO,"anticoncepcion, prevencion de its y de cancer de cuello uterino",inyectable trimestral: usuarias nuevas,2016-10-01,0,0,2,2,0,4
POCOATA,"anticoncepcion, prevencion de its y de cancer de cuello uterino",inyectable trimestral: usuarias nuevas,2016-10-01,0,1,5,6,0,12
POCONA,"anticoncepcion, prevencion de its y de cancer de cuello uterino",inyectable trimestral: usuarias nuevas,2016-10-01,0,0,6,3,0,9
POJO (CBBA),"anticoncepcion, prevencion de its y de cancer de cuello uterino",inyectable trimestral: usuarias nuevas,2016-10-01,0,2,13,6,0,21
PORCO,"anticoncepcion, prevencion de its y de cancer de cuello uterino",inyectable trimestral: usuarias nuevas,2016-10-01,0,0,8,1,0,9
POROMA,"anticoncepcion, prevencion de its y de cancer de cuello uterino",inyectable trimestral: usuarias nuevas,2016-10-01,0,1,8,2,0,11
PORONGO,"anticoncepcion, prevencion de its y de cancer de cuello uterino",inyectable trimestral: usuarias nuevas,2016-10-01,0,4,6,2,0,12
PORTACHUELO,"anticoncepcion, prevencion de its y de cancer de cuello uterino",inyectable trimestral: usuarias nuevas,2016-10-01,1,0,1,0,0,2
PORVENIR,"anticoncepcion, prevencion de its y de cancer de cuello uterino",inyectable trimestral: usuarias nuevas,2016-10-01,0,1,0,0,0,1
POTOSI,"anticoncepcion, prevencion de its y de cancer de cuello uterino",inyectable trimestral: usuarias nuevas,2016-10-01,0,14,88,32,0,134
PRESTO,"anticoncepcion, prevencion de its y de cancer de cuello uterino",inyectable trimestral: usuarias nuevas,2016-10-01,0,2,4,3,0,9
PUCARANI,"anticoncepcion, prevencion de its y de cancer de cuello uterino",inyectable trimestral: usuarias nuevas,2016-10-01,0,1,8,8,0,17
PUERTO ACOSTA,"anticoncepcion, prevencion de its y de cancer de cuello uterino",inyectable trimestral: usuarias nuevas,2016-10-01,0,0,0,1,0,1
PUERTO CARABUCO,"anticoncepcion, prevencion de its y de cancer de cuello uterino",inyectable trimestral: usuarias nuevas,2016-10-01,0,1,5,0,0,6
PUERTO GONZALO MORENO,"anticoncepcion, prevencion de its y de cancer de cuello uterino",inyectable trimestral: usuarias nuevas,2016-10-01,3,5,0,0,0,8
PUERTO QUIJARRO,"anticoncepcion, prevencion de its y de cancer de cuello uterino",inyectable trimestral: usuarias nuevas,2016-10-01,0,0,1,0,0,1
PUERTO RICO,"anticoncepcion, prevencion de its y de cancer de cuello uterino",inyectable trimestral: usuarias nuevas,2016-10-01,1,3,1,0,0,5
PUERTO SILES,"anticoncepcion, prevencion de its y de cancer de cuello uterino",inyectable trimestral: usuarias nuevas,2016-10-01,0,1,0,0,0,1
PUERTO SUAREZ,"anticoncepcion, prevencion de its y de cancer de cuello uterino",inyectable trimestral: usuarias nuevas,2016-10-01,0,3,6,0,0,9
PUERTO VILLARROEL,"anticoncepcion, prevencion de its y de cancer de cuello uterino",inyectable trimestral: usuarias nuevas,2016-10-01,0,4,10,4,0,18
PUNA,"anticoncepcion, prevencion de its y de cancer de cuello uterino",inyectable trimestral: usuarias nuevas,2016-10-01,0,1,2,3,0,6
PUNATA,"anticoncepcion, prevencion de its y de cancer de cuello uterino",inyectable trimestral: usuarias nuevas,2016-10-01,0,0,24,4,0,28
QUIABAYA,"anticoncepcion, prevencion de its y de cancer de cuello uterino",inyectable trimestral: usuarias nuevas,2016-10-01,0,0,1,1,0,2
QUILLACOLLO,"anticoncepcion, prevencion de its y de cancer de cuello uterino",inyectable trimestral: usuarias nuevas,2016-10-01,1,10,63,9,0,83
QUIME,"anticoncepcion, prevencion de its y de cancer de cuello uterino",inyectable trimestral: usuarias nuevas,2016-10-01,0,2,12,7,0,21
QUIRUSILLAS,"anticoncepcion, prevencion de its y de cancer de cuello uterino",inyectable trimestral: usuarias nuevas,2016-10-01,0,0,0,1,0,1
RAVELO,"anticoncepcion, prevencion de its y de cancer de cuello uterino",inyectable trimestral: usuarias nuevas,2016-10-01,0,5,5,4,0,14
REYES,"anticoncepcion, prevencion de its y de cancer de cuello uterino",inyectable trimestral: usuarias nuevas,2016-10-01,0,4,14,3,0,21
RIBERALTA,"anticoncepcion, prevencion de its y de cancer de cuello uterino",inyectable trimestral: usuarias nuevas,2016-10-01,2,36,66,14,0,118
ROBORE,"anticoncepcion, prevencion de its y de cancer de cuello uterino",inyectable trimestral: usuarias nuevas,2016-10-01,0,3,6,2,0,11
RURRENABAQUE,"anticoncepcion, prevencion de its y de cancer de cuello uterino",inyectable trimestral: usuarias nuevas,2016-10-01,1,4,0,1,0,6
SABAYA,"anticoncepcion, prevencion de its y de cancer de cuello uterino",inyectable trimestral: usuarias nuevas,2016-10-01,0,1,5,0,0,6
SACABA,"anticoncepcion, prevencion de its y de cancer de cuello uterino",inyectable trimestral: usuarias nuevas,2016-10-01,0,10,61,7,0,78
SACABAMBA,"anticoncepcion, prevencion de its y de cancer de cuello uterino",inyectable trimestral: usuarias nuevas,2016-10-01,0,1,0,1,0,2
SACACA,"anticoncepcion, prevencion de its y de cancer de cuello uterino",inyectable trimestral: usuarias nuevas,2016-10-01,0,3,9,6,0,18
SAIPINA,"anticoncepcion, prevencion de its y de cancer de cuello uterino",inyectable trimestral: usuarias nuevas,2016-10-01,0,0,4,2,0,6
SALINAS DE GARCI MENDOZA,"anticoncepcion, prevencion de its y de cancer de cuello uterino",inyectable trimestral: usuarias nuevas,2016-10-01,0,1,5,1,0,7
SAMAIPATA,"anticoncepcion, prevencion de its y de cancer de cuello uterino",inyectable trimestral: usuarias nuevas,2016-10-01,0,2,9,0,0,11
SAN ANDRES,"anticoncepcion, prevencion de its y de cancer de cuello uterino",inyectable trimestral: usuarias nuevas,2016-10-01,0,2,13,7,0,22
SAN ANDRES DE MACHACA,"anticoncepcion, prevencion de its y de cancer de cuello uterino",inyectable trimestral: usuarias nuevas,2016-10-01,0,0,2,0,0,2
SAN ANTONIO DE ESMORUCO,"anticoncepcion, prevencion de its y de cancer de cuello uterino",inyectable trimestral: usuarias nuevas,2016-10-01,0,1,1,0,0,2
SAN ANTONIO DE LOMERIO,"anticoncepcion, prevencion de its y de cancer de cuello uterino",inyectable trimestral: usuarias nuevas,2016-10-01,0,2,6,2,0,10
SAN BENITO,"anticoncepcion, prevencion de its y de cancer de cuello uterino",inyectable trimestral: usuarias nuevas,2016-10-01,0,0,1,2,0,3
SAN BORJA,"anticoncepcion, prevencion de its y de cancer de cuello uterino",inyectable trimestral: usuarias nuevas,2016-10-01,0,7,8,1,0,16
SAN BUENA VENTURA,"anticoncepcion, prevencion de its y de cancer de cuello uterino",inyectable trimestral: usuarias nuevas,2016-10-01,0,2,3,0,0,5
SAN CARLOS,"anticoncepcion, prevencion de its y de cancer de cuello uterino",inyectable trimestral: usuarias nuevas,2016-10-01,0,8,20,8,0,36
SAN IGNACIO,"anticoncepcion, prevencion de its y de cancer de cuello uterino",inyectable trimestral: usuarias nuevas,2016-10-01,0,4,11,1,0,16
SAN IGNACIO DE VELASCO,"anticoncepcion, prevencion de its y de cancer de cuello uterino",inyectable trimestral: usuarias nuevas,2016-10-01,0,7,25,4,1,37
SAN JAVIER(BNI),"anticoncepcion, prevencion de its y de cancer de cuello uterino",inyectable trimestral: usuarias nuevas,2016-10-01,1,1,4,0,0,6
SAN JAVIER(STC),"anticoncepcion, prevencion de its y de cancer de cuello uterino",inyectable trimestral: usuarias nuevas,2016-10-01,1,4,4,5,0,14
SAN JOAQUIN,"anticoncepcion, prevencion de its y de cancer de cuello uterino",inyectable trimestral: usuarias nuevas,2016-10-01,0,2,2,0,0,4
SAN JOSE DE CHIQUITOS,"anticoncepcion, prevencion de its y de cancer de cuello uterino",inyectable trimestral: usuarias nuevas,2016-10-01,1,3,4,1,0,9
SAN JUAN DE YAPACANI,"anticoncepcion, prevencion de its y de cancer de cuello uterino",inyectable trimestral: usuarias nuevas,2016-10-01,0,1,5,0,0,6
SAN JULIAN,"anticoncepcion, prevencion de its y de cancer de cuello uterino",inyectable trimestral: usuarias nuevas,2016-10-01,0,9,22,3,0,34
SAN LORENZO(PND),"anticoncepcion, prevencion de its y de cancer de cuello uterino",inyectable trimestral: usuarias nuevas,2016-10-01,0,2,4,0,0,6
SAN LORENZO(TJA),"anticoncepcion, prevencion de its y de cancer de cuello uterino",inyectable trimestral: usuarias nuevas,2016-10-01,0,4,8,2,0,14
SAN LUCAS,"anticoncepcion, prevencion de its y de cancer de cuello uterino",inyectable trimestral: usuarias nuevas,2016-10-01,0,4,13,6,0,23
SAN MATIAS,"anticoncepcion, prevencion de its y de cancer de cuello uterino",inyectable trimestral: usuarias nuevas,2016-10-01,0,1,2,2,0,5
SAN MIGUEL DE VELASCO,"anticoncepcion, prevencion de its y de cancer de cuello uterino",inyectable trimestral: usuarias nuevas,2016-10-01,0,0,2,1,0,3
SAN PABLO DE LIPEZ,"anticoncepcion, prevencion de its y de cancer de cuello uterino",inyectable trimestral: usuarias nuevas,2016-10-01,0,1,3,0,0,4
SAN PEDRO,"anticoncepcion, prevencion de its y de cancer de cuello uterino",inyectable trimestral: usuarias nuevas,2016-10-01,0,5,12,0,0,17
SAN PEDRO DE BUENA VISTA,"anticoncepcion, prevencion de its y de cancer de cuello uterino",inyectable trimestral: usuarias nuevas,2016-10-01,0,3,9,8,0,20
SAN PEDRO DE CURAHUARA,"anticoncepcion, prevencion de its y de cancer de cuello uterino",inyectable trimestral: usuarias nuevas,2016-10-01,0,1,3,1,0,5
SAN PEDRO DE QUEMES,"anticoncepcion, prevencion de its y de cancer de cuello uterino",inyectable trimestral: usuarias nuevas,2016-10-01,0,0,0,1,0,1
SAN PEDRO DE TIQUINA,"anticoncepcion, prevencion de its y de cancer de cuello uterino",inyectable trimestral: usuarias nuevas,2016-10-01,0,0,1,1,0,2
SAN PEDRO(PND),"anticoncepcion, prevencion de its y de cancer de cuello uterino",inyectable trimestral: usuarias nuevas,2016-10-01,0,1,0,0,0,1
SAN RAFAEL,"anticoncepcion, prevencion de its y de cancer de cuello uterino",inyectable trimestral: usuarias nuevas,2016-10-01,0,3,5,2,0,10
SAN RAMON SCZ,"anticoncepcion, prevencion de its y de cancer de cuello uterino",inyectable trimestral: usuarias nuevas,2016-10-01,0,2,9,2,0,13
SANTA ANA,"anticoncepcion, prevencion de its y de cancer de cuello uterino",inyectable trimestral: usuarias nuevas,2016-10-01,0,3,5,0,0,8
SANTA CRUZ DE LA SIERRA,"anticoncepcion, prevencion de its y de cancer de cuello uterino",inyectable trimestral: usuarias nuevas,2016-10-01,1,56,160,75,2,294
SANTA ROSA,"anticoncepcion, prevencion de its y de cancer de cuello uterino",inyectable trimestral: usuarias nuevas,2016-10-01,0,2,8,1,0,11
SANTA ROSA DEL SARA,"anticoncepcion, prevencion de its y de cancer de cuello uterino",inyectable trimestral: usuarias nuevas,2016-10-01,0,2,1,2,1,6
SANTIAGO DE CALLAPA,"anticoncepcion, prevencion de its y de cancer de cuello uterino",inyectable trimestral: usuarias nuevas,2016-10-01,0,1,0,1,0,2
SANTIAGO DE HUARI,"anticoncepcion, prevencion de its y de cancer de cuello uterino",inyectable trimestral: usuarias nuevas,2016-10-01,0,0,1,1,0,2
SANTIAGO DE MACHACA,"anticoncepcion, prevencion de its y de cancer de cuello uterino",inyectable trimestral: usuarias nuevas,2016-10-01,0,0,1,0,0,1
SANTIVAÃ‘ES,"anticoncepcion, prevencion de its y de cancer de cuello uterino",inyectable trimestral: usuarias nuevas,2016-10-01,0,1,2,0,0,3
SANTUARIO DE QUILLACAS,"anticoncepcion, prevencion de its y de cancer de cuello uterino",inyectable trimestral: usuarias nuevas,2016-10-01,0,0,4,1,0,5
SAPAHAQUI,"anticoncepcion, prevencion de its y de cancer de cuello uterino",inyectable trimestral: usuarias nuevas,2016-10-01,0,2,3,2,0,7
SENA,"anticoncepcion, prevencion de its y de cancer de cuello uterino",inyectable trimestral: usuarias nuevas,2016-10-01,0,1,9,0,0,10
SHINAOTA,"anticoncepcion, prevencion de its y de cancer de cuello uterino",inyectable trimestral: usuarias nuevas,2016-10-01,0,6,5,1,0,12
SICA SICA (VILLA AROMA),"anticoncepcion, prevencion de its y de cancer de cuello uterino",inyectable trimestral: usuarias nuevas,2016-10-01,0,0,1,2,0,3
SICAYA,"anticoncepcion, prevencion de its y de cancer de cuello uterino",inyectable trimestral: usuarias nuevas,2016-10-01,0,0,2,1,0,3
SIPE SIPE,"anticoncepcion, prevencion de its y de cancer de cuello uterino",inyectable trimestral: usuarias nuevas,2016-10-01,0,7,33,23,0,63
SOPACHUY,"anticoncepcion, prevencion de its y de cancer de cuello uterino",inyectable trimestral: usuarias nuevas,2016-10-01,0,1,8,3,0,12
SORACACHI,"anticoncepcion, prevencion de its y de cancer de cuello uterino",inyectable trimestral: usuarias nuevas,2016-10-01,0,0,3,3,0,6
SORATA,"anticoncepcion, prevencion de its y de cancer de cuello uterino",inyectable trimestral: usuarias nuevas,2016-10-01,0,0,6,2,0,8
SUCRE,"anticoncepcion, prevencion de its y de cancer de cuello uterino",inyectable trimestral: usuarias nuevas,2016-10-01,0,21,90,27,1,139
TACACHI,"anticoncepcion, prevencion de its y de cancer de cuello uterino",inyectable trimestral: usuarias nuevas,2016-10-01,0,0,1,0,0,1
TACACOMA,"anticoncepcion, prevencion de its y de cancer de cuello uterino",inyectable trimestral: usuarias nuevas,2016-10-01,0,0,5,2,0,7
TACOBAMBA,"anticoncepcion, prevencion de its y de cancer de cuello uterino",inyectable trimestral: usuarias nuevas,2016-10-01,0,1,5,1,0,7
TACOPAYA,"anticoncepcion, prevencion de its y de cancer de cuello uterino",inyectable trimestral: usuarias nuevas,2016-10-01,0,0,1,3,0,4
TAPACARI,"anticoncepcion, prevencion de its y de cancer de cuello uterino",inyectable trimestral: usuarias nuevas,2016-10-01,0,2,8,6,0,16
TARABUCO,"anticoncepcion, prevencion de its y de cancer de cuello uterino",inyectable trimestral: usuarias nuevas,2016-10-01,0,1,13,0,0,14
TARACO,"anticoncepcion, prevencion de its y de cancer de cuello uterino",inyectable trimestral: usuarias nuevas,2016-10-01,0,1,0,1,0,2
TARATA,"anticoncepcion, prevencion de its y de cancer de cuello uterino",inyectable trimestral: usuarias nuevas,2016-10-01,0,0,5,2,0,7
TARIJA,"anticoncepcion, prevencion de its y de cancer de cuello uterino",inyectable trimestral: usuarias nuevas,2016-10-01,1,8,32,13,0,54
TARVITA,"anticoncepcion, prevencion de its y de cancer de cuello uterino",inyectable trimestral: usuarias nuevas,2016-10-01,1,3,2,1,0,7
TEOPONTE,"anticoncepcion, prevencion de its y de cancer de cuello uterino",inyectable trimestral: usuarias nuevas,2016-10-01,0,4,7,1,0,12
TIAWANACU,"anticoncepcion, prevencion de its y de cancer de cuello uterino",inyectable trimestral: usuarias nuevas,2016-10-01,0,1,5,0,0,6
TINGUIPAYA,"anticoncepcion, prevencion de its y de cancer de cuello uterino",inyectable trimestral: usuarias nuevas,2016-10-01,0,0,6,3,0,9
TIPUANI,"anticoncepcion, prevencion de its y de cancer de cuello uterino",inyectable trimestral: usuarias nuevas,2016-10-01,0,0,2,1,0,3
TIQUIPAYA,"anticoncepcion, prevencion de its y de cancer de cuello uterino",inyectable trimestral: usuarias nuevas,2016-10-01,0,11,29,8,0,48
TIRAQUE (CBBA),"anticoncepcion, prevencion de its y de cancer de cuello uterino",inyectable trimestral: usuarias nuevas,2016-10-01,0,6,4,1,0,11
TITO YUPANQUI (PARQUIPUJIO),"anticoncepcion, prevencion de its y de cancer de cuello uterino",inyectable trimestral: usuarias nuevas,2016-10-01,0,0,1,0,0,1
TOCO,"anticoncepcion, prevencion de its y de cancer de cuello uterino",inyectable trimestral: usuarias nuevas,2016-10-01,0,2,4,2,0,8
TOLATA,"anticoncepcion, prevencion de its y de cancer de cuello uterino",inyectable trimestral: usuarias nuevas,2016-10-01,0,2,8,1,0,11
TOLEDO,"anticoncepcion, prevencion de its y de cancer de cuello uterino",inyectable trimestral: usuarias nuevas,2016-10-01,0,0,2,0,0,2
TOMAVE,"anticoncepcion, prevencion de its y de cancer de cuello uterino",inyectable trimestral: usuarias nuevas,2016-10-01,0,0,5,0,0,5
TOMINA,"anticoncepcion, prevencion de its y de cancer de cuello uterino",inyectable trimestral: usuarias nuevas,2016-10-01,0,0,3,0,0,3
TORO TORO,"anticoncepcion, prevencion de its y de cancer de cuello uterino",inyectable trimestral: usuarias nuevas,2016-10-01,0,6,13,4,0,23
TOTORA(CBBA),"anticoncepcion, prevencion de its y de cancer de cuello uterino",inyectable trimestral: usuarias nuevas,2016-10-01,0,2,12,3,0,17
TOTORA(ORR),"anticoncepcion, prevencion de its y de cancer de cuello uterino",inyectable trimestral: usuarias nuevas,2016-10-01,0,0,2,1,0,3
TRIGAL,"anticoncepcion, prevencion de its y de cancer de cuello uterino",inyectable trimestral: usuarias nuevas,2016-10-01,0,0,1,0,0,1
TRINIDAD,"anticoncepcion, prevencion de its y de cancer de cuello uterino",inyectable trimestral: usuarias nuevas,2016-10-01,1,12,16,4,0,33
TUPIZA,"anticoncepcion, prevencion de its y de cancer de cuello uterino",inyectable trimestral: usuarias nuevas,2016-10-01,1,4,25,7,0,37
TURCO,"anticoncepcion, prevencion de its y de cancer de cuello uterino",inyectable trimestral: usuarias nuevas,2016-10-01,0,0,3,0,0,3
UMALA,"anticoncepcion, prevencion de its y de cancer de cuello uterino",inyectable trimestral: usuarias nuevas,2016-10-01,0,0,5,1,0,6
UNCIA,"anticoncepcion, prevencion de its y de cancer de cuello uterino",inyectable trimestral: usuarias nuevas,2016-10-01,0,3,8,5,0,16
URIONDO (A. CONCEPCION),"anticoncepcion, prevencion de its y de cancer de cuello uterino",inyectable trimestral: usuarias nuevas,2016-10-01,0,1,5,1,0,7
UYUNI,"anticoncepcion, prevencion de its y de cancer de cuello uterino",inyectable trimestral: usuarias nuevas,2016-10-01,0,3,11,4,0,18
VACAS,"anticoncepcion, prevencion de its y de cancer de cuello uterino",inyectable trimestral: usuarias nuevas,2016-10-01,0,0,4,0,0,4
VALLEGRANDE,"anticoncepcion, prevencion de its y de cancer de cuello uterino",inyectable trimestral: usuarias nuevas,2016-10-01,0,4,5,1,0,10
VIACHA,"anticoncepcion, prevencion de its y de cancer de cuello uterino",inyectable trimestral: usuarias nuevas,2016-10-01,0,2,22,9,0,33
VILA VILA,"anticoncepcion, prevencion de its y de cancer de cuello uterino",inyectable trimestral: usuarias nuevas,2016-10-01,0,0,4,0,0,4
VILLA CHARCAS,"anticoncepcion, prevencion de its y de cancer de cuello uterino",inyectable trimestral: usuarias nuevas,2016-10-01,0,0,4,3,0,7
VILLA MONTES,"anticoncepcion, prevencion de its y de cancer de cuello uterino",inyectable trimestral: usuarias nuevas,2016-10-01,1,4,10,4,0,19
VILLA NUEVA (LOMA ALTA),"anticoncepcion, prevencion de its y de cancer de cuello uterino",inyectable trimestral: usuarias nuevas,2016-10-01,0,0,3,0,0,3
VILLA RIVERO,"anticoncepcion, prevencion de its y de cancer de cuello uterino",inyectable trimestral: usuarias nuevas,2016-10-01,0,1,5,0,0,6
VILLA SERRANO,"anticoncepcion, prevencion de its y de cancer de cuello uterino",inyectable trimestral: usuarias nuevas,2016-10-01,0,2,5,0,0,7
VILLA TUNARI,"anticoncepcion, prevencion de its y de cancer de cuello uterino",inyectable trimestral: usuarias nuevas,2016-10-01,0,15,45,9,0,69
VILLA VACA GUZMAN (MUYUPAMPA),"anticoncepcion, prevencion de its y de cancer de cuello uterino",inyectable trimestral: usuarias nuevas,2016-10-01,0,1,3,1,0,5
VILLAZON,"anticoncepcion, prevencion de its y de cancer de cuello uterino",inyectable trimestral: usuarias nuevas,2016-10-01,0,3,3,2,0,8
VINTO,"anticoncepcion, prevencion de its y de cancer de cuello uterino",inyectable trimestral: usuarias nuevas,2016-10-01,0,5,15,3,0,23
VITICHI,"anticoncepcion, prevencion de its y de cancer de cuello uterino",inyectable trimestral: usuarias nuevas,2016-10-01,0,0,1,0,0,1
WALDO BALLIVIAN,"anticoncepcion, prevencion de its y de cancer de cuello uterino",inyectable trimestral: usuarias nuevas,2016-10-01,0,0,2,2,0,4
WARNES,"anticoncepcion, prevencion de its y de cancer de cuello uterino",inyectable trimestral: usuarias nuevas,2016-10-01,1,19,22,5,1,48
YACO,"anticoncepcion, prevencion de its y de cancer de cuello uterino",inyectable trimestral: usuarias nuevas,2016-10-01,0,1,3,2,0,6
YACUIBA,"anticoncepcion, prevencion de its y de cancer de cuello uterino",inyectable trimestral: usuarias nuevas,2016-10-01,2,9,36,16,1,64
YAMPARAEZ,"anticoncepcion, prevencion de its y de cancer de cuello uterino",inyectable trimestral: usuarias nuevas,2016-10-01,0,0,3,0,0,3
YANACACHI,"anticoncepcion, prevencion de its y de cancer de cuello uterino",inyectable trimestral: usuarias nuevas,2016-10-01,0,0,2,2,0,4
YAPACANI,"anticoncepcion, prevencion de its y de cancer de cuello uterino",inyectable trimestral: usuarias nuevas,2016-10-01,0,5,18,1,0,24
YOCALLA,"anticoncepcion, prevencion de its y de cancer de cuello uterino",inyectable trimestral: usuarias nuevas,2016-10-01,0,0,2,2,0,4
YOTALA,"anticoncepcion, prevencion de its y de cancer de cuello uterino",inyectable trimestral: usuarias nuevas,2016-10-01,0,0,1,0,0,1
YUNCHARA,"anticoncepcion, prevencion de its y de cancer de cuello uterino",inyectable trimestral: usuarias nuevas,2016-10-01,0,0,1,0,0,1
ACACIO,"anticoncepcion, prevencion de its y de cancer de cuello uterino",inyectable trimestral: usuarias nuevas,2016-11-01,0,1,1,0,0,2
ACHACACHI,"anticoncepcion, prevencion de its y de cancer de cuello uterino",inyectable trimestral: usuarias nuevas,2016-11-01,0,1,17,4,0,22
ACHOCALLA,"anticoncepcion, prevencion de its y de cancer de cuello uterino",inyectable trimestral: usuarias nuevas,2016-11-01,0,2,9,3,0,14
AIQUILE,"anticoncepcion, prevencion de its y de cancer de cuello uterino",inyectable trimestral: usuarias nuevas,2016-11-01,0,1,5,2,0,8
ALCALA,"anticoncepcion, prevencion de its y de cancer de cuello uterino",inyectable trimestral: usuarias nuevas,2016-11-01,0,1,13,6,0,20
ALTO BENI,"anticoncepcion, prevencion de its y de cancer de cuello uterino",inyectable trimestral: usuarias nuevas,2016-11-01,0,1,3,1,0,5
ANCORAIMES,"anticoncepcion, prevencion de its y de cancer de cuello uterino",inyectable trimestral: usuarias nuevas,2016-11-01,0,3,0,0,0,3
ANDAMARCA,"anticoncepcion, prevencion de its y de cancer de cuello uterino",inyectable trimestral: usuarias nuevas,2016-11-01,0,0,1,0,0,1
ANZALDO,"anticoncepcion, prevencion de its y de cancer de cuello uterino",inyectable trimestral: usuarias nuevas,2016-11-01,0,1,4,0,0,5
APOLO,"anticoncepcion, prevencion de its y de cancer de cuello uterino",inyectable trimestral: usuarias nuevas,2016-11-01,0,0,2,1,0,3
ARAMPAMPA,"anticoncepcion, prevencion de its y de cancer de cuello uterino",inyectable trimestral: usuarias nuevas,2016-11-01,0,0,1,0,0,1
ARANI,"anticoncepcion, prevencion de its y de cancer de cuello uterino",inyectable trimestral: usuarias nuevas,2016-11-01,0,0,3,0,0,3
ARBIETO,"anticoncepcion, prevencion de its y de cancer de cuello uterino",inyectable trimestral: usuarias nuevas,2016-11-01,0,3,7,2,0,12
ARQUE,"anticoncepcion, prevencion de its y de cancer de cuello uterino",inyectable trimestral: usuarias nuevas,2016-11-01,0,2,1,0,0,3
ASCENCION DE GUARAYOS,"anticoncepcion, prevencion de its y de cancer de cuello uterino",inyectable trimestral: usuarias nuevas,2016-11-01,1,8,21,2,0,32
ATOCHA,"anticoncepcion, prevencion de its y de cancer de cuello uterino",inyectable trimestral: usuarias nuevas,2016-11-01,0,3,15,6,0,24
AYATA,"anticoncepcion, prevencion de its y de cancer de cuello uterino",inyectable trimestral: usuarias nuevas,2016-11-01,0,0,3,1,0,4
AYO AYO,"anticoncepcion, prevencion de its y de cancer de cuello uterino",inyectable trimestral: usuarias nuevas,2016-11-01,0,1,3,1,0,5
AYOPAYA (V. DE INDEPENDENCIA),"anticoncepcion, prevencion de its y de cancer de cuello uterino",inyectable trimestral: usuarias nuevas,2016-11-01,0,2,9,3,0,14
AZURDUY,"anticoncepcion, prevencion de its y de cancer de cuello uterino",inyectable trimestral: usuarias nuevas,2016-11-01,0,2,10,2,0,14
BATALLAS,"anticoncepcion, prevencion de its y de cancer de cuello uterino",inyectable trimestral: usuarias nuevas,2016-11-01,0,0,5,1,0,6
BAURES,"anticoncepcion, prevencion de its y de cancer de cuello uterino",inyectable trimestral: usuarias nuevas,2016-11-01,0,1,2,1,0,4
BELEN DE URMIRI,"anticoncepcion, prevencion de its y de cancer de cuello uterino",inyectable trimestral: usuarias nuevas,2016-11-01,0,0,2,0,0,2
BERMEJO,"anticoncepcion, prevencion de its y de cancer de cuello uterino",inyectable trimestral: usuarias nuevas,2016-11-01,0,2,16,5,0,23
BETANZOS,"anticoncepcion, prevencion de its y de cancer de cuello uterino",inyectable trimestral: usuarias nuevas,2016-11-01,0,1,8,5,0,14
BOLIVAR,"anticoncepcion, prevencion de its y de cancer de cuello uterino",inyectable trimestral: usuarias nuevas,2016-11-01,0,1,6,1,0,8
BOLPEBRA,"anticoncepcion, prevencion de its y de cancer de cuello uterino",inyectable trimestral: usuarias nuevas,2016-11-01,1,0,0,0,0,1
BOYUIBE,"anticoncepcion, prevencion de its y de cancer de cuello uterino",inyectable trimestral: usuarias nuevas,2016-11-01,0,2,0,0,0,2
BUENA VISTA,"anticoncepcion, prevencion de its y de cancer de cuello uterino",inyectable trimestral: usuarias nuevas,2016-11-01,0,3,6,1,0,10
CABEZAS,"anticoncepcion, prevencion de its y de cancer de cuello uterino",inyectable trimestral: usuarias nuevas,2016-11-01,0,4,10,2,0,16
CAIROMA,"anticoncepcion, prevencion de its y de cancer de cuello uterino",inyectable trimestral: usuarias nuevas,2016-11-01,0,0,6,1,0,7
CAJUATA,"anticoncepcion, prevencion de its y de cancer de cuello uterino",inyectable trimestral: usuarias nuevas,2016-11-01,0,0,2,1,0,3
CALACOTO,"anticoncepcion, prevencion de its y de cancer de cuello uterino",inyectable trimestral: usuarias nuevas,2016-11-01,0,0,2,1,0,3
CALAMARCA,"anticoncepcion, prevencion de its y de cancer de cuello uterino",inyectable trimestral: usuarias nuevas,2016-11-01,0,0,7,0,0,7
CAMARGO,"anticoncepcion, prevencion de its y de cancer de cuello uterino",inyectable trimestral: usuarias nuevas,2016-11-01,0,2,4,1,0,7
CAMATAQUI (C. VILLA ABECIA),"anticoncepcion, prevencion de its y de cancer de cuello uterino",inyectable trimestral: usuarias nuevas,2016-11-01,0,1,2,0,0,3
CAMIRI,"anticoncepcion, prevencion de its y de cancer de cuello uterino",inyectable trimestral: usuarias nuevas,2016-11-01,0,0,2,0,0,2
CAPINOTA,"anticoncepcion, prevencion de its y de cancer de cuello uterino",inyectable trimestral: usuarias nuevas,2016-11-01,0,3,6,0,0,9
CAQUIAVIRI,"anticoncepcion, prevencion de its y de cancer de cuello uterino",inyectable trimestral: usuarias nuevas,2016-11-01,0,0,2,2,0,4
CARACOLLO,"anticoncepcion, prevencion de its y de cancer de cuello uterino",inyectable trimestral: usuarias nuevas,2016-11-01,0,0,4,3,0,7
CARANAVI,"anticoncepcion, prevencion de its y de cancer de cuello uterino",inyectable trimestral: usuarias nuevas,2016-11-01,0,6,25,10,0,41
CARANGAS,"anticoncepcion, prevencion de its y de cancer de cuello uterino",inyectable trimestral: usuarias nuevas,2016-11-01,0,0,0,1,0,1
CARAPARI,"anticoncepcion, prevencion de its y de cancer de cuello uterino",inyectable trimestral: usuarias nuevas,2016-11-01,0,0,2,3,0,5
CARIPUYO,"anticoncepcion, prevencion de its y de cancer de cuello uterino",inyectable trimestral: usuarias nuevas,2016-11-01,0,0,1,0,0,1
CARMEN RIVERO TORREZ,"anticoncepcion, prevencion de its y de cancer de cuello uterino",inyectable trimestral: usuarias nuevas,2016-11-01,0,3,1,0,0,4
CATACORA,"anticoncepcion, prevencion de its y de cancer de cuello uterino",inyectable trimestral: usuarias nuevas,2016-11-01,0,0,2,0,0,2
CHACARILLA,"anticoncepcion, prevencion de its y de cancer de cuello uterino",inyectable trimestral: usuarias nuevas,2016-11-01,0,0,0,1,0,1
CHALLAPATA,"anticoncepcion, prevencion de its y de cancer de cuello uterino",inyectable trimestral: usuarias nuevas,2016-11-01,0,2,4,1,0,7
CHAQUI,"anticoncepcion, prevencion de its y de cancer de cuello uterino",inyectable trimestral: usuarias nuevas,2016-11-01,0,0,4,1,0,5
CHARAGUA,"anticoncepcion, prevencion de its y de cancer de cuello uterino",inyectable trimestral: usuarias nuevas,2016-11-01,0,3,15,2,0,20
CHAYANTA,"anticoncepcion, prevencion de its y de cancer de cuello uterino",inyectable trimestral: usuarias nuevas,2016-11-01,0,1,1,2,0,4
CHIMORE,"anticoncepcion, prevencion de its y de cancer de cuello uterino",inyectable trimestral: usuarias nuevas,2016-11-01,0,3,8,1,0,12
CHUA COCANI,"anticoncepcion, prevencion de its y de cancer de cuello uterino",inyectable trimestral: usuarias nuevas,2016-11-01,0,0,2,0,0,2
CHULUMANI (V. DE LA LIBERTAD),"anticoncepcion, prevencion de its y de cancer de cuello uterino",inyectable trimestral: usuarias nuevas,2016-11-01,0,0,6,2,0,8
CHUMA,"anticoncepcion, prevencion de its y de cancer de cuello uterino",inyectable trimestral: usuarias nuevas,2016-11-01,0,0,3,1,0,4
CHUQUIHUTA AYLLU JUCUMANI,"anticoncepcion, prevencion de its y de cancer de cuello uterino",inyectable trimestral: usuarias nuevas,2016-11-01,0,1,6,2,0,9
CKOCHAS,"anticoncepcion, prevencion de its y de cancer de cuello uterino",inyectable trimestral: usuarias nuevas,2016-11-01,0,0,2,2,0,4
CLIZA,"anticoncepcion, prevencion de its y de cancer de cuello uterino",inyectable trimestral: usuarias nuevas,2016-11-01,0,2,5,1,0,8
COBIJA,"anticoncepcion, prevencion de its y de cancer de cuello uterino",inyectable trimestral: usuarias nuevas,2016-11-01,1,3,9,1,0,14
COCAPATA,"anticoncepcion, prevencion de its y de cancer de cuello uterino",inyectable trimestral: usuarias nuevas,2016-11-01,0,6,13,6,0,25
COCHABAMBA,"anticoncepcion, prevencion de its y de cancer de cuello uterino",inyectable trimestral: usuarias nuevas,2016-11-01,6,19,97,21,0,143
COLCAPIRHUA,"anticoncepcion, prevencion de its y de cancer de cuello uterino",inyectable trimestral: usuarias nuevas,2016-11-01,0,2,21,4,0,27
"COLCHA ""K""","anticoncepcion, prevencion de its y de cancer de cuello uterino",inyectable trimestral: usuarias nuevas,2016-11-01,0,1,8,3,0,12
COLLANA,"anticoncepcion, prevencion de its y de cancer de cuello uterino",inyectable trimestral: usuarias nuevas,2016-11-01,0,0,2,0,0,2
COLOMI,"anticoncepcion, prevencion de its y de cancer de cuello uterino",inyectable trimestral: usuarias nuevas,2016-11-01,0,4,7,0,0,11
COLPA BELGICA,"anticoncepcion, prevencion de its y de cancer de cuello uterino",inyectable trimestral: usuarias nuevas,2016-11-01,0,1,3,0,0,4
COLQUECHACA,"anticoncepcion, prevencion de its y de cancer de cuello uterino",inyectable trimestral: usuarias nuevas,2016-11-01,0,0,11,2,0,13
COLQUENCHA,"anticoncepcion, prevencion de its y de cancer de cuello uterino",inyectable trimestral: usuarias nuevas,2016-11-01,0,0,6,0,0,6
COLQUIRI,"anticoncepcion, prevencion de its y de cancer de cuello uterino",inyectable trimestral: usuarias nuevas,2016-11-01,0,2,9,2,1,14
COMARAPA,"anticoncepcion, prevencion de its y de cancer de cuello uterino",inyectable trimestral: usuarias nuevas,2016-11-01,0,2,10,1,0,13
CONCEPCION,"anticoncepcion, prevencion de its y de cancer de cuello uterino",inyectable trimestral: usuarias nuevas,2016-11-01,0,2,3,0,0,5
COPACABANA,"anticoncepcion, prevencion de its y de cancer de cuello uterino",inyectable trimestral: usuarias nuevas,2016-11-01,0,1,3,1,0,5
CORIPATA,"anticoncepcion, prevencion de its y de cancer de cuello uterino",inyectable trimestral: usuarias nuevas,2016-11-01,0,2,4,1,0,7
CORO CORO,"anticoncepcion, prevencion de its y de cancer de cuello uterino",inyectable trimestral: usuarias nuevas,2016-11-01,0,0,1,0,0,1
COROICO,"anticoncepcion, prevencion de its y de cancer de cuello uterino",inyectable trimestral: usuarias nuevas,2016-11-01,0,1,6,0,0,7
CORQUE,"anticoncepcion, prevencion de its y de cancer de cuello uterino",inyectable trimestral: usuarias nuevas,2016-11-01,0,0,1,0,0,1
COTAGAITA,"anticoncepcion, prevencion de its y de cancer de cuello uterino",inyectable trimestral: usuarias nuevas,2016-11-01,0,1,0,1,0,2
COTOCA,"anticoncepcion, prevencion de its y de cancer de cuello uterino",inyectable trimestral: usuarias nuevas,2016-11-01,0,5,32,26,0,63
CUATRO CAÃ‘ADAS,"anticoncepcion, prevencion de its y de cancer de cuello uterino",inyectable trimestral: usuarias nuevas,2016-11-01,0,2,12,0,0,14
CUEVO,"anticoncepcion, prevencion de its y de cancer de cuello uterino",inyectable trimestral: usuarias nuevas,2016-11-01,0,1,1,1,0,3
CULPINA,"anticoncepcion, prevencion de its y de cancer de cuello uterino",inyectable trimestral: usuarias nuevas,2016-11-01,0,0,6,0,0,6
CURAHUARA DE CARANGAS,"anticoncepcion, prevencion de its y de cancer de cuello uterino",inyectable trimestral: usuarias nuevas,2016-11-01,0,0,3,0,0,3
CURVA,"anticoncepcion, prevencion de its y de cancer de cuello uterino",inyectable trimestral: usuarias nuevas,2016-11-01,0,0,1,0,0,1
DESAGUADERO,"anticoncepcion, prevencion de its y de cancer de cuello uterino",inyectable trimestral: usuarias nuevas,2016-11-01,0,0,1,0,0,1
EL ALTO,"anticoncepcion, prevencion de its y de cancer de cuello uterino",inyectable trimestral: usuarias nuevas,2016-11-01,1,19,148,40,0,208
EL CHORO,"anticoncepcion, prevencion de its y de cancer de cuello uterino",inyectable trimestral: usuarias nuevas,2016-11-01,0,0,1,0,0,1
EL PUENTE(STC),"anticoncepcion, prevencion de its y de cancer de cuello uterino",inyectable trimestral: usuarias nuevas,2016-11-01,0,4,6,1,0,11
EL PUENTE(TJA),"anticoncepcion, prevencion de its y de cancer de cuello uterino",inyectable trimestral: usuarias nuevas,2016-11-01,0,3,5,1,1,10
EL TORNO,"anticoncepcion, prevencion de its y de cancer de cuello uterino",inyectable trimestral: usuarias nuevas,2016-11-01,6,14,16,5,0,41
EL VILLAR,"anticoncepcion, prevencion de its y de cancer de cuello uterino",inyectable trimestral: usuarias nuevas,2016-11-01,0,2,1,1,0,4
ENTRE RIOS TRJ,"anticoncepcion, prevencion de its y de cancer de cuello uterino",inyectable trimestral: usuarias nuevas,2016-11-01,1,6,8,6,0,21
ENTRE RIOS CBBA,"anticoncepcion, prevencion de its y de cancer de cuello uterino",inyectable trimestral: usuarias nuevas,2016-11-01,0,4,14,1,0,19
ESCOMA,"anticoncepcion, prevencion de its y de cancer de cuello uterino",inyectable trimestral: usuarias nuevas,2016-11-01,0,0,1,1,0,2
EUREKA (SANTOS MERCADO),"anticoncepcion, prevencion de its y de cancer de cuello uterino",inyectable trimestral: usuarias nuevas,2016-11-01,0,0,1,0,0,1
EXALTACION,"anticoncepcion, prevencion de its y de cancer de cuello uterino",inyectable trimestral: usuarias nuevas,2016-11-01,0,0,3,0,0,3
FERNANDEZ ALONSO,"anticoncepcion, prevencion de its y de cancer de cuello uterino",inyectable trimestral: usuarias nuevas,2016-11-01,0,6,12,1,0,19
FILADELFIA,"anticoncepcion, prevencion de its y de cancer de cuello uterino",inyectable trimestral: usuarias nuevas,2016-11-01,0,0,1,0,0,1
GENERAL SAAVEDRA,"anticoncepcion, prevencion de its y de cancer de cuello uterino",inyectable trimestral: usuarias nuevas,2016-11-01,0,5,8,0,0,13
GRAL. J.J. PEREZ (CHARAZANI),"anticoncepcion, prevencion de its y de cancer de cuello uterino",inyectable trimestral: usuarias nuevas,2016-11-01,0,0,2,4,0,6
GUANAY,"anticoncepcion, prevencion de its y de cancer de cuello uterino",inyectable trimestral: usuarias nuevas,2016-11-01,0,0,3,2,0,5
GUAQUI,"anticoncepcion, prevencion de its y de cancer de cuello uterino",inyectable trimestral: usuarias nuevas,2016-11-01,0,0,3,1,0,4
GUAYARAMERIN,"anticoncepcion, prevencion de its y de cancer de cuello uterino",inyectable trimestral: usuarias nuevas,2016-11-01,0,5,8,3,0,16
GUTIERREZ,"anticoncepcion, prevencion de its y de cancer de cuello uterino",inyectable trimestral: usuarias nuevas,2016-11-01,0,2,6,3,0,11
HUACARETA,"anticoncepcion, prevencion de its y de cancer de cuello uterino",inyectable trimestral: usuarias nuevas,2016-11-01,0,2,9,0,0,11
HUACAYA (VILLA DE HUACAYA),"anticoncepcion, prevencion de its y de cancer de cuello uterino",inyectable trimestral: usuarias nuevas,2016-11-01,0,0,1,0,0,1
HUACHACALLA,"anticoncepcion, prevencion de its y de cancer de cuello uterino",inyectable trimestral: usuarias nuevas,2016-11-01,0,0,1,0,0,1
HUANUNI,"anticoncepcion, prevencion de its y de cancer de cuello uterino",inyectable trimestral: usuarias nuevas,2016-11-01,0,1,4,0,0,5
HUARACAJE,"anticoncepcion, prevencion de its y de cancer de cuello uterino",inyectable trimestral: usuarias nuevas,2016-11-01,0,1,0,0,0,1
HUATAJATA,"anticoncepcion, prevencion de its y de cancer de cuello uterino",inyectable trimestral: usuarias nuevas,2016-11-01,0,0,0,2,0,2
HUMANATA,"anticoncepcion, prevencion de its y de cancer de cuello uterino",inyectable trimestral: usuarias nuevas,2016-11-01,0,0,1,0,0,1
ICHOCA,"anticoncepcion, prevencion de its y de cancer de cuello uterino",inyectable trimestral: usuarias nuevas,2016-11-01,0,0,1,2,0,3
ICLA,"anticoncepcion, prevencion de its y de cancer de cuello uterino",inyectable trimestral: usuarias nuevas,2016-11-01,0,0,2,3,0,5
INCAHUASI,"anticoncepcion, prevencion de its y de cancer de cuello uterino",inyectable trimestral: usuarias nuevas,2016-11-01,1,1,2,1,0,5
INQUISIVI,"anticoncepcion, prevencion de its y de cancer de cuello uterino",inyectable trimestral: usuarias nuevas,2016-11-01,0,0,1,1,0,2
IRUPANA (VILLA DE LANZA),"anticoncepcion, prevencion de its y de cancer de cuello uterino",inyectable trimestral: usuarias nuevas,2016-11-01,0,3,6,5,0,14
IXIAMAS,"anticoncepcion, prevencion de its y de cancer de cuello uterino",inyectable trimestral: usuarias nuevas,2016-11-01,0,0,5,0,0,5
JESUS DE MACHACA,"anticoncepcion, prevencion de its y de cancer de cuello uterino",inyectable trimestral: usuarias nuevas,2016-11-01,0,0,4,0,1,5
LA ASUNTA,"anticoncepcion, prevencion de its y de cancer de cuello uterino",inyectable trimestral: usuarias nuevas,2016-11-01,0,5,21,4,0,30
LA GUARDIA,"anticoncepcion, prevencion de its y de cancer de cuello uterino",inyectable trimestral: usuarias nuevas,2016-11-01,3,13,38,3,0,57
LA PAZ,"anticoncepcion, prevencion de its y de cancer de cuello uterino",inyectable trimestral: usuarias nuevas,2016-11-01,2,16,121,89,0,228
LAGUNILLAS,"anticoncepcion, prevencion de its y de cancer de cuello uterino",inyectable trimestral: usuarias nuevas,2016-11-01,0,0,4,2,0,6
LAJA,"anticoncepcion, prevencion de its y de cancer de cuello uterino",inyectable trimestral: usuarias nuevas,2016-11-01,0,0,6,0,0,6
LAS CARRERAS,"anticoncepcion, prevencion de its y de cancer de cuello uterino",inyectable trimestral: usuarias nuevas,2016-11-01,0,0,1,1,0,2
LICOMA PAMPA,"anticoncepcion, prevencion de its y de cancer de cuello uterino",inyectable trimestral: usuarias nuevas,2016-11-01,0,0,3,0,0,3
LLALLAGUA,"anticoncepcion, prevencion de its y de cancer de cuello uterino",inyectable trimestral: usuarias nuevas,2016-11-01,0,5,16,9,0,30
LLICA,"anticoncepcion, prevencion de its y de cancer de cuello uterino",inyectable trimestral: usuarias nuevas,2016-11-01,0,0,2,1,0,3
LORETO,"anticoncepcion, prevencion de its y de cancer de cuello uterino",inyectable trimestral: usuarias nuevas,2016-11-01,0,10,1,0,0,11
LURIBAY,"anticoncepcion, prevencion de its y de cancer de cuello uterino",inyectable trimestral: usuarias nuevas,2016-11-01,0,0,1,1,0,2
MACHACAMARCA,"anticoncepcion, prevencion de its y de cancer de cuello uterino",inyectable trimestral: usuarias nuevas,2016-11-01,0,0,1,1,0,2
MACHARETI,"anticoncepcion, prevencion de its y de cancer de cuello uterino",inyectable trimestral: usuarias nuevas,2016-11-01,0,3,3,1,0,7
MAGDALENA,"anticoncepcion, prevencion de its y de cancer de cuello uterino",inyectable trimestral: usuarias nuevas,2016-11-01,0,3,4,1,0,8
MAIRANA,"anticoncepcion, prevencion de its y de cancer de cuello uterino",inyectable trimestral: usuarias nuevas,2016-11-01,0,1,5,1,0,7
MAPIRI,"anticoncepcion, prevencion de its y de cancer de cuello uterino",inyectable trimestral: usuarias nuevas,2016-11-01,0,0,3,1,0,4
MECAPACA,"anticoncepcion, prevencion de its y de cancer de cuello uterino",inyectable trimestral: usuarias nuevas,2016-11-01,0,1,2,0,0,3
MINEROS,"anticoncepcion, prevencion de its y de cancer de cuello uterino",inyectable trimestral: usuarias nuevas,2016-11-01,0,6,16,3,0,25
MIZQUE,"anticoncepcion, prevencion de its y de cancer de cuello uterino",inyectable trimestral: usuarias nuevas,2016-11-01,0,3,9,1,0,13
MOCOMOCO,"anticoncepcion, prevencion de its y de cancer de cuello uterino",inyectable trimestral: usuarias nuevas,2016-11-01,0,0,4,3,0,7
MOJOCOYA,"anticoncepcion, prevencion de its y de cancer de cuello uterino",inyectable trimestral: usuarias nuevas,2016-11-01,0,1,2,0,0,3
MONTEAGUDO,"anticoncepcion, prevencion de its y de cancer de cuello uterino",inyectable trimestral: usuarias nuevas,2016-11-01,0,4,8,0,0,12
MONTERO,"anticoncepcion, prevencion de its y de cancer de cuello uterino",inyectable trimestral: usuarias nuevas,2016-11-01,0,9,37,9,0,55
MORO MORO,"anticoncepcion, prevencion de its y de cancer de cuello uterino",inyectable trimestral: usuarias nuevas,2016-11-01,0,1,0,0,0,1
MOROCHATA,"anticoncepcion, prevencion de its y de cancer de cuello uterino",inyectable trimestral: usuarias nuevas,2016-11-01,0,2,13,3,0,18
NACEBE (SANTA ROSA DEL ABUNA),"anticoncepcion, prevencion de its y de cancer de cuello uterino",inyectable trimestral: usuarias nuevas,2016-11-01,0,1,1,0,0,2
NUEVO MANOA (NUEVA ESPERANZA),"anticoncepcion, prevencion de its y de cancer de cuello uterino",inyectable trimestral: usuarias nuevas,2016-11-01,0,0,1,0,0,1
OCURI,"anticoncepcion, prevencion de its y de cancer de cuello uterino",inyectable trimestral: usuarias nuevas,2016-11-01,0,0,4,4,0,8
OKINAWA,"anticoncepcion, prevencion de its y de cancer de cuello uterino",inyectable trimestral: usuarias nuevas,2016-11-01,0,0,8,1,0,9
OMEREQUE,"anticoncepcion, prevencion de its y de cancer de cuello uterino",inyectable trimestral: usuarias nuevas,2016-11-01,0,1,1,0,0,2
ORURO,"anticoncepcion, prevencion de its y de cancer de cuello uterino",inyectable trimestral: usuarias nuevas,2016-11-01,0,10,89,18,0,117
PADCAYA,"anticoncepcion, prevencion de its y de cancer de cuello uterino",inyectable trimestral: usuarias nuevas,2016-11-01,0,3,1,1,0,5
PADILLA,"anticoncepcion, prevencion de its y de cancer de cuello uterino",inyectable trimestral: usuarias nuevas,2016-11-01,0,2,5,2,0,9
PAILON,"anticoncepcion, prevencion de its y de cancer de cuello uterino",inyectable trimestral: usuarias nuevas,2016-11-01,0,1,7,2,0,10
PALCA,"anticoncepcion, prevencion de its y de cancer de cuello uterino",inyectable trimestral: usuarias nuevas,2016-11-01,0,3,3,0,0,6
PALOS BLANCOS,"anticoncepcion, prevencion de its y de cancer de cuello uterino",inyectable trimestral: usuarias nuevas,2016-11-01,1,3,12,1,0,17
PAMPA GRANDE,"anticoncepcion, prevencion de its y de cancer de cuello uterino",inyectable trimestral: usuarias nuevas,2016-11-01,0,3,2,0,0,5
PAPEL PAMPA,"anticoncepcion, prevencion de its y de cancer de cuello uterino",inyectable trimestral: usuarias nuevas,2016-11-01,0,1,1,1,0,3
PASORAPA,"anticoncepcion, prevencion de its y de cancer de cuello uterino",inyectable trimestral: usuarias nuevas,2016-11-01,0,0,1,1,0,2
PATACAMAYA,"anticoncepcion, prevencion de its y de cancer de cuello uterino",inyectable trimestral: usuarias nuevas,2016-11-01,0,0,1,0,0,1
PAZÃ‘A,"anticoncepcion, prevencion de its y de cancer de cuello uterino",inyectable trimestral: usuarias nuevas,2016-11-01,0,0,6,1,0,7
PELECHUCO,"anticoncepcion, prevencion de its y de cancer de cuello uterino",inyectable trimestral: usuarias nuevas,2016-11-01,0,1,2,1,0,4
POCOATA,"anticoncepcion, prevencion de its y de cancer de cuello uterino",inyectable trimestral: usuarias nuevas,2016-11-01,0,3,5,4,0,12
POCONA,"anticoncepcion, prevencion de its y de cancer de cuello uterino",inyectable trimestral: usuarias nuevas,2016-11-01,0,5,24,9,0,38
POJO (CBBA),"anticoncepcion, prevencion de its y de cancer de cuello uterino",inyectable trimestral: usuarias nuevas,2016-11-01,0,3,3,2,0,8
PORCO,"anticoncepcion, prevencion de its y de cancer de cuello uterino",inyectable trimestral: usuarias nuevas,2016-11-01,0,3,6,1,0,10
POROMA,"anticoncepcion, prevencion de its y de cancer de cuello uterino",inyectable trimestral: usuarias nuevas,2016-11-01,0,4,9,3,0,16
PORONGO,"anticoncepcion, prevencion de its y de cancer de cuello uterino",inyectable trimestral: usuarias nuevas,2016-11-01,0,5,11,0,0,16
PORTACHUELO,"anticoncepcion, prevencion de its y de cancer de cuello uterino",inyectable trimestral: usuarias nuevas,2016-11-01,1,0,3,0,0,4
PORVENIR,"anticoncepcion, prevencion de its y de cancer de cuello uterino",inyectable trimestral: usuarias nuevas,2016-11-01,1,3,0,0,0,4
POSTRER VALLE,"anticoncepcion, prevencion de its y de cancer de cuello uterino",inyectable trimestral: usuarias nuevas,2016-11-01,0,3,0,0,0,3
POTOSI,"anticoncepcion, prevencion de its y de cancer de cuello uterino",inyectable trimestral: usuarias nuevas,2016-11-01,0,13,105,21,0,139
PRESTO,"anticoncepcion, prevencion de its y de cancer de cuello uterino",inyectable trimestral: usuarias nuevas,2016-11-01,0,0,0,1,0,1
PUCARA,"anticoncepcion, prevencion de its y de cancer de cuello uterino",inyectable trimestral: usuarias nuevas,2016-11-01,0,1,0,0,0,1
PUCARANI,"anticoncepcion, prevencion de its y de cancer de cuello uterino",inyectable trimestral: usuarias nuevas,2016-11-01,0,0,6,1,0,7
PUERTO ACOSTA,"anticoncepcion, prevencion de its y de cancer de cuello uterino",inyectable trimestral: usuarias nuevas,2016-11-01,0,0,3,1,0,4
PUERTO CARABUCO,"anticoncepcion, prevencion de its y de cancer de cuello uterino",inyectable trimestral: usuarias nuevas,2016-11-01,0,0,5,3,0,8
PUERTO GONZALO MORENO,"anticoncepcion, prevencion de its y de cancer de cuello uterino",inyectable trimestral: usuarias nuevas,2016-11-01,0,2,1,0,0,3
PUERTO QUIJARRO,"anticoncepcion, prevencion de its y de cancer de cuello uterino",inyectable trimestral: usuarias nuevas,2016-11-01,0,1,2,1,0,4
PUERTO RICO,"anticoncepcion, prevencion de its y de cancer de cuello uterino",inyectable trimestral: usuarias nuevas,2016-11-01,0,3,1,0,0,4
PUERTO SILES,"anticoncepcion, prevencion de its y de cancer de cuello uterino",inyectable trimestral: usuarias nuevas,2016-11-01,0,0,1,0,0,1
PUERTO SUAREZ,"anticoncepcion, prevencion de its y de cancer de cuello uterino",inyectable trimestral: usuarias nuevas,2016-11-01,0,0,5,1,0,6
PUERTO VILLARROEL,"anticoncepcion, prevencion de its y de cancer de cuello uterino",inyectable trimestral: usuarias nuevas,2016-11-01,3,3,12,4,0,22
PUNA,"anticoncepcion, prevencion de its y de cancer de cuello uterino",inyectable trimestral: usuarias nuevas,2016-11-01,0,0,5,4,0,9
PUNATA,"anticoncepcion, prevencion de its y de cancer de cuello uterino",inyectable trimestral: usuarias nuevas,2016-11-01,0,2,11,3,0,16
QUIABAYA,"anticoncepcion, prevencion de its y de cancer de cuello uterino",inyectable trimestral: usuarias nuevas,2016-11-01,0,0,1,1,0,2
QUILLACOLLO,"anticoncepcion, prevencion de its y de cancer de cuello uterino",inyectable trimestral: usuarias nuevas,2016-11-01,0,10,56,12,0,78
QUIME,"anticoncepcion, prevencion de its y de cancer de cuello uterino",inyectable trimestral: usuarias nuevas,2016-11-01,0,0,8,6,0,14
RAVELO,"anticoncepcion, prevencion de its y de cancer de cuello uterino",inyectable trimestral: usuarias nuevas,2016-11-01,0,3,2,0,0,5
REYES,"anticoncepcion, prevencion de its y de cancer de cuello uterino",inyectable trimestral: usuarias nuevas,2016-11-01,0,3,8,3,0,14
RIBERALTA,"anticoncepcion, prevencion de its y de cancer de cuello uterino",inyectable trimestral: usuarias nuevas,2016-11-01,1,21,75,8,0,105
ROBORE,"anticoncepcion, prevencion de its y de cancer de cuello uterino",inyectable trimestral: usuarias nuevas,2016-11-01,0,2,9,0,0,11
RURRENABAQUE,"anticoncepcion, prevencion de its y de cancer de cuello uterino",inyectable trimestral: usuarias nuevas,2016-11-01,0,1,5,0,0,6
SABAYA,"anticoncepcion, prevencion de its y de cancer de cuello uterino",inyectable trimestral: usuarias nuevas,2016-11-01,0,0,1,0,0,1
SACABA,"anticoncepcion, prevencion de its y de cancer de cuello uterino",inyectable trimestral: usuarias nuevas,2016-11-01,0,10,46,9,0,65
SACABAMBA,"anticoncepcion, prevencion de its y de cancer de cuello uterino",inyectable trimestral: usuarias nuevas,2016-11-01,0,1,4,1,0,6
SACACA,"anticoncepcion, prevencion de its y de cancer de cuello uterino",inyectable trimestral: usuarias nuevas,2016-11-01,0,1,6,1,0,8
SAIPINA,"anticoncepcion, prevencion de its y de cancer de cuello uterino",inyectable trimestral: usuarias nuevas,2016-11-01,0,2,7,1,0,10
SALINAS DE GARCI MENDOZA,"anticoncepcion, prevencion de its y de cancer de cuello uterino",inyectable trimestral: usuarias nuevas,2016-11-01,0,2,4,1,0,7
SAMAIPATA,"anticoncepcion, prevencion de its y de cancer de cuello uterino",inyectable trimestral: usuarias nuevas,2016-11-01,0,4,3,1,0,8
SAN AGUSTIN,"anticoncepcion, prevencion de its y de cancer de cuello uterino",inyectable trimestral: usuarias nuevas,2016-11-01,0,0,2,0,0,2
SAN ANDRES,"anticoncepcion, prevencion de its y de cancer de cuello uterino",inyectable trimestral: usuarias nuevas,2016-11-01,0,1,6,2,0,9
SAN ANDRES DE MACHACA,"anticoncepcion, prevencion de its y de cancer de cuello uterino",inyectable trimestral: usuarias nuevas,2016-11-01,0,0,2,0,0,2
SAN ANTONIO DE ESMORUCO,"anticoncepcion, prevencion de its y de cancer de cuello uterino",inyectable trimestral: usuarias nuevas,2016-11-01,0,0,1,1,0,2
SAN ANTONIO DE LOMERIO,"anticoncepcion, prevencion de its y de cancer de cuello uterino",inyectable trimestral: usuarias nuevas,2016-11-01,0,0,4,5,0,9
SAN BENITO,"anticoncepcion, prevencion de its y de cancer de cuello uterino",inyectable trimestral: usuarias nuevas,2016-11-01,0,0,2,1,0,3
SAN BORJA,"anticoncepcion, prevencion de its y de cancer de cuello uterino",inyectable trimestral: usuarias nuevas,2016-11-01,0,6,11,4,0,21
SAN BUENA VENTURA,"anticoncepcion, prevencion de its y de cancer de cuello uterino",inyectable trimestral: usuarias nuevas,2016-11-01,0,0,5,3,0,8
SAN CARLOS,"anticoncepcion, prevencion de its y de cancer de cuello uterino",inyectable trimestral: usuarias nuevas,2016-11-01,0,2,7,1,0,10
SAN IGNACIO,"anticoncepcion, prevencion de its y de cancer de cuello uterino",inyectable trimestral: usuarias nuevas,2016-11-01,0,5,6,2,0,13
SAN IGNACIO DE VELASCO,"anticoncepcion, prevencion de its y de cancer de cuello uterino",inyectable trimestral: usuarias nuevas,2016-11-01,0,7,34,5,0,46
SAN JAVIER(BNI),"anticoncepcion, prevencion de its y de cancer de cuello uterino",inyectable trimestral: usuarias nuevas,2016-11-01,1,2,6,0,0,9
SAN JAVIER(STC),"anticoncepcion, prevencion de its y de cancer de cuello uterino",inyectable trimestral: usuarias nuevas,2016-11-01,0,0,3,1,0,4
SAN JOAQUIN,"anticoncepcion, prevencion de its y de cancer de cuello uterino",inyectable trimestral: usuarias nuevas,2016-11-01,0,1,2,0,0,3
SAN JOSE DE CHIQUITOS,"anticoncepcion, prevencion de its y de cancer de cuello uterino",inyectable trimestral: usuarias nuevas,2016-11-01,0,4,2,1,0,7
SAN JUAN DE YAPACANI,"anticoncepcion, prevencion de its y de cancer de cuello uterino",inyectable trimestral: usuarias nuevas,2016-11-01,0,1,7,0,0,8
SAN JULIAN,"anticoncepcion, prevencion de its y de cancer de cuello uterino",inyectable trimestral: usuarias nuevas,2016-11-01,0,6,14,8,0,28
SAN LORENZO(PND),"anticoncepcion, prevencion de its y de cancer de cuello uterino",inyectable trimestral: usuarias nuevas,2016-11-01,1,0,2,1,0,4
SAN LORENZO(TJA),"anticoncepcion, prevencion de its y de cancer de cuello uterino",inyectable trimestral: usuarias nuevas,2016-11-01,0,10,9,1,0,20
SAN LUCAS,"anticoncepcion, prevencion de its y de cancer de cuello uterino",inyectable trimestral: usuarias nuevas,2016-11-01,1,9,13,12,0,35
SAN MATIAS,"anticoncepcion, prevencion de its y de cancer de cuello uterino",inyectable trimestral: usuarias nuevas,2016-11-01,0,0,4,0,0,4
SAN MIGUEL DE VELASCO,"anticoncepcion, prevencion de its y de cancer de cuello uterino",inyectable trimestral: usuarias nuevas,2016-11-01,0,2,7,0,0,9
SAN PABLO DE LIPEZ,"anticoncepcion, prevencion de its y de cancer de cuello uterino",inyectable trimestral: usuarias nuevas,2016-11-01,0,0,1,0,0,1
SAN PEDRO,"anticoncepcion, prevencion de its y de cancer de cuello uterino",inyectable trimestral: usuarias nuevas,2016-11-01,1,1,2,1,0,5
SAN PEDRO DE BUENA VISTA,"anticoncepcion, prevencion de its y de cancer de cuello uterino",inyectable trimestral: usuarias nuevas,2016-11-01,0,2,9,1,0,12
SAN PEDRO DE CURAHUARA,"anticoncepcion, prevencion de its y de cancer de cuello uterino",inyectable trimestral: usuarias nuevas,2016-11-01,0,1,2,0,0,3
SAN PEDRO DE TIQUINA,"anticoncepcion, prevencion de its y de cancer de cuello uterino",inyectable trimestral: usuarias nuevas,2016-11-01,0,1,2,0,0,3
SAN RAFAEL,"anticoncepcion, prevencion de its y de cancer de cuello uterino",inyectable trimestral: usuarias nuevas,2016-11-01,0,3,9,0,0,12
SAN RAMON SCZ,"anticoncepcion, prevencion de its y de cancer de cuello uterino",inyectable trimestral: usuarias nuevas,2016-11-01,0,3,7,0,0,10
SANTA ANA,"anticoncepcion, prevencion de its y de cancer de cuello uterino",inyectable trimestral: usuarias nuevas,2016-11-01,0,4,7,0,0,11
SANTA CRUZ DE LA SIERRA,"anticoncepcion, prevencion de its y de cancer de cuello uterino",inyectable trimestral: usuarias nuevas,2016-11-01,6,77,197,43,14,337
SANTA ROSA,"anticoncepcion, prevencion de its y de cancer de cuello uterino",inyectable trimestral: usuarias nuevas,2016-11-01,0,3,3,0,0,6
SANTA ROSA DEL SARA,"anticoncepcion, prevencion de its y de cancer de cuello uterino",inyectable trimestral: usuarias nuevas,2016-11-01,1,2,5,2,0,10
SANTIAGO DE CALLAPA,"anticoncepcion, prevencion de its y de cancer de cuello uterino",inyectable trimestral: usuarias nuevas,2016-11-01,0,0,6,0,0,6
SANTIAGO DE HUARI,"anticoncepcion, prevencion de its y de cancer de cuello uterino",inyectable trimestral: usuarias nuevas,2016-11-01,0,0,1,0,0,1
SANTIAGO DE HUATA,"anticoncepcion, prevencion de its y de cancer de cuello uterino",inyectable trimestral: usuarias nuevas,2016-11-01,0,0,1,0,0,1
SANTIVAÃ‘ES,"anticoncepcion, prevencion de its y de cancer de cuello uterino",inyectable trimestral: usuarias nuevas,2016-11-01,0,0,3,0,0,3
SANTUARIO DE QUILLACAS,"anticoncepcion, prevencion de its y de cancer de cuello uterino",inyectable trimestral: usuarias nuevas,2016-11-01,0,0,1,0,0,1
SAPAHAQUI,"anticoncepcion, prevencion de its y de cancer de cuello uterino",inyectable trimestral: usuarias nuevas,2016-11-01,0,2,6,3,0,11
SENA,"anticoncepcion, prevencion de its y de cancer de cuello uterino",inyectable trimestral: usuarias nuevas,2016-11-01,0,0,4,2,0,6
SHINAOTA,"anticoncepcion, prevencion de its y de cancer de cuello uterino",inyectable trimestral: usuarias nuevas,2016-11-01,0,1,8,0,0,9
SICA SICA (VILLA AROMA),"anticoncepcion, prevencion de its y de cancer de cuello uterino",inyectable trimestral: usuarias nuevas,2016-11-01,0,0,3,0,0,3
SICAYA,"anticoncepcion, prevencion de its y de cancer de cuello uterino",inyectable trimestral: usuarias nuevas,2016-11-01,0,1,1,0,0,2
SIPE SIPE,"anticoncepcion, prevencion de its y de cancer de cuello uterino",inyectable trimestral: usuarias nuevas,2016-11-01,0,2,24,3,0,29
SOPACHUY,"anticoncepcion, prevencion de its y de cancer de cuello uterino",inyectable trimestral: usuarias nuevas,2016-11-01,0,1,2,2,0,5
SORACACHI,"anticoncepcion, prevencion de its y de cancer de cuello uterino",inyectable trimestral: usuarias nuevas,2016-11-01,0,0,5,1,0,6
SORATA,"anticoncepcion, prevencion de its y de cancer de cuello uterino",inyectable trimestral: usuarias nuevas,2016-11-01,0,4,5,2,0,11
SUCRE,"anticoncepcion, prevencion de its y de cancer de cuello uterino",inyectable trimestral: usuarias nuevas,2016-11-01,0,19,79,19,1,118
TACACOMA,"anticoncepcion, prevencion de its y de cancer de cuello uterino",inyectable trimestral: usuarias nuevas,2016-11-01,0,1,2,3,0,6
TACOBAMBA,"anticoncepcion, prevencion de its y de cancer de cuello uterino",inyectable trimestral: usuarias nuevas,2016-11-01,0,4,3,3,0,10
TACOPAYA,"anticoncepcion, prevencion de its y de cancer de cuello uterino",inyectable trimestral: usuarias nuevas,2016-11-01,0,1,3,0,0,4
TAPACARI,"anticoncepcion, prevencion de its y de cancer de cuello uterino",inyectable trimestral: usuarias nuevas,2016-11-01,0,1,7,1,0,9
TARABUCO,"anticoncepcion, prevencion de its y de cancer de cuello uterino",inyectable trimestral: usuarias nuevas,2016-11-01,2,2,4,6,0,14
TARACO,"anticoncepcion, prevencion de its y de cancer de cuello uterino",inyectable trimestral: usuarias nuevas,2016-11-01,0,0,1,0,0,1
TARATA,"anticoncepcion, prevencion de its y de cancer de cuello uterino",inyectable trimestral: usuarias nuevas,2016-11-01,0,2,3,0,0,5
TARIJA,"anticoncepcion, prevencion de its y de cancer de cuello uterino",inyectable trimestral: usuarias nuevas,2016-11-01,1,7,35,22,0,65
TARVITA,"anticoncepcion, prevencion de its y de cancer de cuello uterino",inyectable trimestral: usuarias nuevas,2016-11-01,0,0,1,0,0,1
TEOPONTE,"anticoncepcion, prevencion de its y de cancer de cuello uterino",inyectable trimestral: usuarias nuevas,2016-11-01,0,2,13,2,0,17
TIAWANACU,"anticoncepcion, prevencion de its y de cancer de cuello uterino",inyectable trimestral: usuarias nuevas,2016-11-01,0,0,5,0,0,5
TINGUIPAYA,"anticoncepcion, prevencion de its y de cancer de cuello uterino",inyectable trimestral: usuarias nuevas,2016-11-01,0,2,5,4,0,11
TIPUANI,"anticoncepcion, prevencion de its y de cancer de cuello uterino",inyectable trimestral: usuarias nuevas,2016-11-01,0,1,5,2,0,8
TIQUIPAYA,"anticoncepcion, prevencion de its y de cancer de cuello uterino",inyectable trimestral: usuarias nuevas,2016-11-01,0,7,21,7,0,35
TIRAQUE (CBBA),"anticoncepcion, prevencion de its y de cancer de cuello uterino",inyectable trimestral: usuarias nuevas,2016-11-01,0,3,14,1,0,18
TOCO,"anticoncepcion, prevencion de its y de cancer de cuello uterino",inyectable trimestral: usuarias nuevas,2016-11-01,0,2,2,1,0,5
TOLATA,"anticoncepcion, prevencion de its y de cancer de cuello uterino",inyectable trimestral: usuarias nuevas,2016-11-01,0,1,2,0,0,3
TOLEDO,"anticoncepcion, prevencion de its y de cancer de cuello uterino",inyectable trimestral: usuarias nuevas,2016-11-01,0,0,1,0,0,1
TOMAVE,"anticoncepcion, prevencion de its y de cancer de cuello uterino",inyectable trimestral: usuarias nuevas,2016-11-01,0,0,3,0,0,3
TOMINA,"anticoncepcion, prevencion de its y de cancer de cuello uterino",inyectable trimestral: usuarias nuevas,2016-11-01,0,1,7,1,0,9
TORO TORO,"anticoncepcion, prevencion de its y de cancer de cuello uterino",inyectable trimestral: usuarias nuevas,2016-11-01,0,1,6,2,0,9
TOTORA(CBBA),"anticoncepcion, prevencion de its y de cancer de cuello uterino",inyectable trimestral: usuarias nuevas,2016-11-01,1,5,18,4,0,28
TOTORA(ORR),"anticoncepcion, prevencion de its y de cancer de cuello uterino",inyectable trimestral: usuarias nuevas,2016-11-01,0,0,2,0,0,2
TRINIDAD,"anticoncepcion, prevencion de its y de cancer de cuello uterino",inyectable trimestral: usuarias nuevas,2016-11-01,0,5,21,1,0,27
TUPIZA,"anticoncepcion, prevencion de its y de cancer de cuello uterino",inyectable trimestral: usuarias nuevas,2016-11-01,0,3,13,5,0,21
TURCO,"anticoncepcion, prevencion de its y de cancer de cuello uterino",inyectable trimestral: usuarias nuevas,2016-11-01,0,0,1,0,0,1
UMALA,"anticoncepcion, prevencion de its y de cancer de cuello uterino",inyectable trimestral: usuarias nuevas,2016-11-01,0,1,2,2,0,5
UNCIA,"anticoncepcion, prevencion de its y de cancer de cuello uterino",inyectable trimestral: usuarias nuevas,2016-11-01,0,2,12,6,0,20
URIONDO (A. CONCEPCION),"anticoncepcion, prevencion de its y de cancer de cuello uterino",inyectable trimestral: usuarias nuevas,2016-11-01,0,1,4,0,0,5
URUBICHA,"anticoncepcion, prevencion de its y de cancer de cuello uterino",inyectable trimestral: usuarias nuevas,2016-11-01,0,1,0,0,0,1
UYUNI,"anticoncepcion, prevencion de its y de cancer de cuello uterino",inyectable trimestral: usuarias nuevas,2016-11-01,0,1,20,2,0,23
VACAS,"anticoncepcion, prevencion de its y de cancer de cuello uterino",inyectable trimestral: usuarias nuevas,2016-11-01,0,2,2,0,0,4
VALLEGRANDE,"anticoncepcion, prevencion de its y de cancer de cuello uterino",inyectable trimestral: usuarias nuevas,2016-11-01,0,2,8,0,0,10
VIACHA,"anticoncepcion, prevencion de its y de cancer de cuello uterino",inyectable trimestral: usuarias nuevas,2016-11-01,0,4,22,8,0,34
VILA VILA,"anticoncepcion, prevencion de its y de cancer de cuello uterino",inyectable trimestral: usuarias nuevas,2016-11-01,0,1,2,0,0,3
VILLA CHARCAS,"anticoncepcion, prevencion de its y de cancer de cuello uterino",inyectable trimestral: usuarias nuevas,2016-11-01,0,2,2,2,0,6
VILLA MONTES,"anticoncepcion, prevencion de its y de cancer de cuello uterino",inyectable trimestral: usuarias nuevas,2016-11-01,1,6,19,2,0,28
VILLA NUEVA (LOMA ALTA),"anticoncepcion, prevencion de its y de cancer de cuello uterino",inyectable trimestral: usuarias nuevas,2016-11-01,0,1,1,0,0,2
VILLA RIVERO,"anticoncepcion, prevencion de its y de cancer de cuello uterino",inyectable trimestral: usuarias nuevas,2016-11-01,0,1,3,2,0,6
VILLA TUNARI,"anticoncepcion, prevencion de its y de cancer de cuello uterino",inyectable trimestral: usuarias nuevas,2016-11-01,0,71,74,16,0,161
VILLA VACA GUZMAN (MUYUPAMPA),"anticoncepcion, prevencion de its y de cancer de cuello uterino",inyectable trimestral: usuarias nuevas,2016-11-01,0,0,3,2,0,5
VILLAZON,"anticoncepcion, prevencion de its y de cancer de cuello uterino",inyectable trimestral: usuarias nuevas,2016-11-01,0,8,11,4,0,23
VINTO,"anticoncepcion, prevencion de its y de cancer de cuello uterino",inyectable trimestral: usuarias nuevas,2016-11-01,0,7,11,1,0,19
VITICHI,"anticoncepcion, prevencion de its y de cancer de cuello uterino",inyectable trimestral: usuarias nuevas,2016-11-01,0,2,4,0,0,6
WALDO BALLIVIAN,"anticoncepcion, prevencion de its y de cancer de cuello uterino",inyectable trimestral: usuarias nuevas,2016-11-01,0,0,2,1,0,3
WARNES,"anticoncepcion, prevencion de its y de cancer de cuello uterino",inyectable trimestral: usuarias nuevas,2016-11-01,0,14,24,5,0,43
YACO,"anticoncepcion, prevencion de its y de cancer de cuello uterino",inyectable trimestral: usuarias nuevas,2016-11-01,0,0,3,3,0,6
YACUIBA,"anticoncepcion, prevencion de its y de cancer de cuello uterino",inyectable trimestral: usuarias nuevas,2016-11-01,0,5,28,8,0,41
YAMPARAEZ,"anticoncepcion, prevencion de its y de cancer de cuello uterino",inyectable trimestral: usuarias nuevas,2016-11-01,0,0,3,1,0,4
YANACACHI,"anticoncepcion, prevencion de its y de cancer de cuello uterino",inyectable trimestral: usuarias nuevas,2016-11-01,0,0,1,0,0,1
YAPACANI,"anticoncepcion, prevencion de its y de cancer de cuello uterino",inyectable trimestral: usuarias nuevas,2016-11-01,0,5,21,1,0,27
YOCALLA,"anticoncepcion, prevencion de its y de cancer de cuello uterino",inyectable trimestral: usuarias nuevas,2016-11-01,0,0,2,2,0,4
YOTALA,"anticoncepcion, prevencion de its y de cancer de cuello uterino",inyectable trimestral: usuarias nuevas,2016-11-01,0,2,0,1,0,3
YUNCHARA,"anticoncepcion, prevencion de its y de cancer de cuello uterino",inyectable trimestral: usuarias nuevas,2016-11-01,0,1,2,0,0,3
ZUDAÃ‘EZ,"anticoncepcion, prevencion de its y de cancer de cuello uterino",inyectable trimestral: usuarias nuevas,2016-11-01,0,0,2,0,0,2
ACACIO,"anticoncepcion, prevencion de its y de cancer de cuello uterino",inyectable trimestral: usuarias nuevas,2016-12-01,0,0,3,1,0,4
ACHACACHI,"anticoncepcion, prevencion de its y de cancer de cuello uterino",inyectable trimestral: usuarias nuevas,2016-12-01,0,2,5,3,0,10
ACHOCALLA,"anticoncepcion, prevencion de its y de cancer de cuello uterino",inyectable trimestral: usuarias nuevas,2016-12-01,0,1,7,1,0,9
AIQUILE,"anticoncepcion, prevencion de its y de cancer de cuello uterino",inyectable trimestral: usuarias nuevas,2016-12-01,0,0,1,2,0,3
ALALAY,"anticoncepcion, prevencion de its y de cancer de cuello uterino",inyectable trimestral: usuarias nuevas,2016-12-01,0,0,1,0,0,1
ALCALA,"anticoncepcion, prevencion de its y de cancer de cuello uterino",inyectable trimestral: usuarias nuevas,2016-12-01,0,0,1,2,0,3
ALTO BENI,"anticoncepcion, prevencion de its y de cancer de cuello uterino",inyectable trimestral: usuarias nuevas,2016-12-01,0,4,2,1,0,7
ANCORAIMES,"anticoncepcion, prevencion de its y de cancer de cuello uterino",inyectable trimestral: usuarias nuevas,2016-12-01,0,1,2,0,0,3
ANZALDO,"anticoncepcion, prevencion de its y de cancer de cuello uterino",inyectable trimestral: usuarias nuevas,2016-12-01,0,0,1,0,0,1
APOLO,"anticoncepcion, prevencion de its y de cancer de cuello uterino",inyectable trimestral: usuarias nuevas,2016-12-01,0,1,6,2,0,9
ARAMPAMPA,"anticoncepcion, prevencion de its y de cancer de cuello uterino",inyectable trimestral: usuarias nuevas,2016-12-01,0,0,5,0,0,5
ARANI,"anticoncepcion, prevencion de its y de cancer de cuello uterino",inyectable trimestral: usuarias nuevas,2016-12-01,0,0,13,1,0,14
ARBIETO,"anticoncepcion, prevencion de its y de cancer de cuello uterino",inyectable trimestral: usuarias nuevas,2016-12-01,0,5,13,4,0,22
ARQUE,"anticoncepcion, prevencion de its y de cancer de cuello uterino",inyectable trimestral: usuarias nuevas,2016-12-01,0,0,7,2,0,9
ASCENCION DE GUARAYOS,"anticoncepcion, prevencion de its y de cancer de cuello uterino",inyectable trimestral: usuarias nuevas,2016-12-01,0,2,9,6,0,17
ATOCHA,"anticoncepcion, prevencion de its y de cancer de cuello uterino",inyectable trimestral: usuarias nuevas,2016-12-01,0,1,14,4,0,19
AUCAPATA,"anticoncepcion, prevencion de its y de cancer de cuello uterino",inyectable trimestral: usuarias nuevas,2016-12-01,0,1,2,0,0,3
AYATA,"anticoncepcion, prevencion de its y de cancer de cuello uterino",inyectable trimestral: usuarias nuevas,2016-12-01,0,0,4,4,0,8
AYO AYO,"anticoncepcion, prevencion de its y de cancer de cuello uterino",inyectable trimestral: usuarias nuevas,2016-12-01,0,0,2,0,0,2
AYOPAYA (V. DE INDEPENDENCIA),"anticoncepcion, prevencion de its y de cancer de cuello uterino",inyectable trimestral: usuarias nuevas,2016-12-01,0,4,4,3,0,11
AZURDUY,"anticoncepcion, prevencion de its y de cancer de cuello uterino",inyectable trimestral: usuarias nuevas,2016-12-01,0,1,3,4,0,8
BATALLAS,"anticoncepcion, prevencion de its y de cancer de cuello uterino",inyectable trimestral: usuarias nuevas,2016-12-01,0,1,4,3,0,8
BAURES,"anticoncepcion, prevencion de its y de cancer de cuello uterino",inyectable trimestral: usuarias nuevas,2016-12-01,0,1,2,0,0,3
BELEN DE URMIRI,"anticoncepcion, prevencion de its y de cancer de cuello uterino",inyectable trimestral: usuarias nuevas,2016-12-01,0,0,1,0,0,1
BELLA FLOR,"anticoncepcion, prevencion de its y de cancer de cuello uterino",inyectable trimestral: usuarias nuevas,2016-12-01,0,0,1,0,0,1
BERMEJO,"anticoncepcion, prevencion de its y de cancer de cuello uterino",inyectable trimestral: usuarias nuevas,2016-12-01,0,2,10,4,0,16
BETANZOS,"anticoncepcion, prevencion de its y de cancer de cuello uterino",inyectable trimestral: usuarias nuevas,2016-12-01,0,0,7,2,0,9
BOLIVAR,"anticoncepcion, prevencion de its y de cancer de cuello uterino",inyectable trimestral: usuarias nuevas,2016-12-01,0,0,1,0,0,1
BOLPEBRA,"anticoncepcion, prevencion de its y de cancer de cuello uterino",inyectable trimestral: usuarias nuevas,2016-12-01,1,0,0,0,0,1
BOYUIBE,"anticoncepcion, prevencion de its y de cancer de cuello uterino",inyectable trimestral: usuarias nuevas,2016-12-01,0,1,2,1,0,4
BUENA VISTA,"anticoncepcion, prevencion de its y de cancer de cuello uterino",inyectable trimestral: usuarias nuevas,2016-12-01,0,2,8,2,0,12
CABEZAS,"anticoncepcion, prevencion de its y de cancer de cuello uterino",inyectable trimestral: usuarias nuevas,2016-12-01,0,2,7,2,0,11
CAIROMA,"anticoncepcion, prevencion de its y de cancer de cuello uterino",inyectable trimestral: usuarias nuevas,2016-12-01,0,0,7,0,0,7
"CAIZA ""D""","anticoncepcion, prevencion de its y de cancer de cuello uterino",inyectable trimestral: usuarias nuevas,2016-12-01,0,0,0,1,0,1
CAJUATA,"anticoncepcion, prevencion de its y de cancer de cuello uterino",inyectable trimestral: usuarias nuevas,2016-12-01,0,2,6,2,0,10
CALACOTO,"anticoncepcion, prevencion de its y de cancer de cuello uterino",inyectable trimestral: usuarias nuevas,2016-12-01,0,0,0,3,0,3
CALAMARCA,"anticoncepcion, prevencion de its y de cancer de cuello uterino",inyectable trimestral: usuarias nuevas,2016-12-01,0,1,6,0,0,7
CAMARGO,"anticoncepcion, prevencion de its y de cancer de cuello uterino",inyectable trimestral: usuarias nuevas,2016-12-01,0,1,5,4,0,10
CAMATAQUI (C. VILLA ABECIA),"anticoncepcion, prevencion de its y de cancer de cuello uterino",inyectable trimestral: usuarias nuevas,2016-12-01,0,0,0,1,0,1
CAMIRI,"anticoncepcion, prevencion de its y de cancer de cuello uterino",inyectable trimestral: usuarias nuevas,2016-12-01,0,1,4,2,0,7
CAPINOTA,"anticoncepcion, prevencion de its y de cancer de cuello uterino",inyectable trimestral: usuarias nuevas,2016-12-01,0,5,13,2,0,20
CAQUIAVIRI,"anticoncepcion, prevencion de its y de cancer de cuello uterino",inyectable trimestral: usuarias nuevas,2016-12-01,0,0,2,1,0,3
CARACOLLO,"anticoncepcion, prevencion de its y de cancer de cuello uterino",inyectable trimestral: usuarias nuevas,2016-12-01,0,3,7,2,0,12
CARANAVI,"anticoncepcion, prevencion de its y de cancer de cuello uterino",inyectable trimestral: usuarias nuevas,2016-12-01,0,4,27,1,0,32
CARANGAS,"anticoncepcion, prevencion de its y de cancer de cuello uterino",inyectable trimestral: usuarias nuevas,2016-12-01,0,0,1,0,0,1
CARAPARI,"anticoncepcion, prevencion de its y de cancer de cuello uterino",inyectable trimestral: usuarias nuevas,2016-12-01,0,2,1,0,0,3
CARIPUYO,"anticoncepcion, prevencion de its y de cancer de cuello uterino",inyectable trimestral: usuarias nuevas,2016-12-01,0,1,1,0,0,2
CARMEN RIVERO TORREZ,"anticoncepcion, prevencion de its y de cancer de cuello uterino",inyectable trimestral: usuarias nuevas,2016-12-01,0,0,6,1,0,7
CHACARILLA,"anticoncepcion, prevencion de its y de cancer de cuello uterino",inyectable trimestral: usuarias nuevas,2016-12-01,0,0,0,1,0,1
CHALLAPATA,"anticoncepcion, prevencion de its y de cancer de cuello uterino",inyectable trimestral: usuarias nuevas,2016-12-01,0,1,10,2,0,13
CHAQUI,"anticoncepcion, prevencion de its y de cancer de cuello uterino",inyectable trimestral: usuarias nuevas,2016-12-01,0,0,1,0,0,1
CHARAGUA,"anticoncepcion, prevencion de its y de cancer de cuello uterino",inyectable trimestral: usuarias nuevas,2016-12-01,0,2,17,1,0,20
CHAYANTA,"anticoncepcion, prevencion de its y de cancer de cuello uterino",inyectable trimestral: usuarias nuevas,2016-12-01,0,0,6,0,0,6
CHIMORE,"anticoncepcion, prevencion de its y de cancer de cuello uterino",inyectable trimestral: usuarias nuevas,2016-12-01,0,4,12,3,0,19
CHIPAYA,"anticoncepcion, prevencion de its y de cancer de cuello uterino",inyectable trimestral: usuarias nuevas,2016-12-01,1,2,1,0,0,4
CHUA COCANI,"anticoncepcion, prevencion de its y de cancer de cuello uterino",inyectable trimestral: usuarias nuevas,2016-12-01,0,0,2,2,0,4
CHULUMANI (V. DE LA LIBERTAD),"anticoncepcion, prevencion de its y de cancer de cuello uterino",inyectable trimestral: usuarias nuevas,2016-12-01,0,1,3,0,0,4
CHUMA,"anticoncepcion, prevencion de its y de cancer de cuello uterino",inyectable trimestral: usuarias nuevas,2016-12-01,0,0,1,0,0,1
CHUQUIHUTA AYLLU JUCUMANI,"anticoncepcion, prevencion de its y de cancer de cuello uterino",inyectable trimestral: usuarias nuevas,2016-12-01,0,0,2,1,0,3
CKOCHAS,"anticoncepcion, prevencion de its y de cancer de cuello uterino",inyectable trimestral: usuarias nuevas,2016-12-01,0,0,2,1,0,3
CLIZA,"anticoncepcion, prevencion de its y de cancer de cuello uterino",inyectable trimestral: usuarias nuevas,2016-12-01,0,2,10,0,0,12
COBIJA,"anticoncepcion, prevencion de its y de cancer de cuello uterino",inyectable trimestral: usuarias nuevas,2016-12-01,0,6,10,5,0,21
COCAPATA,"anticoncepcion, prevencion de its y de cancer de cuello uterino",inyectable trimestral: usuarias nuevas,2016-12-01,0,1,14,9,0,24
COCHABAMBA,"anticoncepcion, prevencion de its y de cancer de cuello uterino",inyectable trimestral: usuarias nuevas,2016-12-01,0,30,116,20,0,166
COIPASA,"anticoncepcion, prevencion de its y de cancer de cuello uterino",inyectable trimestral: usuarias nuevas,2016-12-01,0,0,1,0,0,1
COLCAPIRHUA,"anticoncepcion, prevencion de its y de cancer de cuello uterino",inyectable trimestral: usuarias nuevas,2016-12-01,0,1,9,3,0,13
"COLCHA ""K""","anticoncepcion, prevencion de its y de cancer de cuello uterino",inyectable trimestral: usuarias nuevas,2016-12-01,0,1,11,2,0,14
COLLANA,"anticoncepcion, prevencion de its y de cancer de cuello uterino",inyectable trimestral: usuarias nuevas,2016-12-01,0,0,1,0,0,1
COLOMI,"anticoncepcion, prevencion de its y de cancer de cuello uterino",inyectable trimestral: usuarias nuevas,2016-12-01,0,5,13,2,0,20
COLPA BELGICA,"anticoncepcion, prevencion de its y de cancer de cuello uterino",inyectable trimestral: usuarias nuevas,2016-12-01,0,0,1,1,0,2
COLQUECHACA,"anticoncepcion, prevencion de its y de cancer de cuello uterino",inyectable trimestral: usuarias nuevas,2016-12-01,0,2,11,2,0,15
COLQUENCHA,"anticoncepcion, prevencion de its y de cancer de cuello uterino",inyectable trimestral: usuarias nuevas,2016-12-01,0,1,3,2,0,6
COLQUIRI,"anticoncepcion, prevencion de its y de cancer de cuello uterino",inyectable trimestral: usuarias nuevas,2016-12-01,0,2,2,3,0,7
COMARAPA,"anticoncepcion, prevencion de its y de cancer de cuello uterino",inyectable trimestral: usuarias nuevas,2016-12-01,0,4,8,6,0,18
CONCEPCION,"anticoncepcion, prevencion de its y de cancer de cuello uterino",inyectable trimestral: usuarias nuevas,2016-12-01,1,1,6,0,0,8
COPACABANA,"anticoncepcion, prevencion de its y de cancer de cuello uterino",inyectable trimestral: usuarias nuevas,2016-12-01,0,0,6,1,0,7
CORIPATA,"anticoncepcion, prevencion de its y de cancer de cuello uterino",inyectable trimestral: usuarias nuevas,2016-12-01,0,1,4,1,0,6
CORO CORO,"anticoncepcion, prevencion de its y de cancer de cuello uterino",inyectable trimestral: usuarias nuevas,2016-12-01,0,0,1,1,0,2
COROICO,"anticoncepcion, prevencion de its y de cancer de cuello uterino",inyectable trimestral: usuarias nuevas,2016-12-01,0,0,1,2,0,3
CORQUE,"anticoncepcion, prevencion de its y de cancer de cuello uterino",inyectable trimestral: usuarias nuevas,2016-12-01,0,0,4,1,0,5
COTAGAITA,"anticoncepcion, prevencion de its y de cancer de cuello uterino",inyectable trimestral: usuarias nuevas,2016-12-01,0,4,6,2,0,12
COTOCA,"anticoncepcion, prevencion de its y de cancer de cuello uterino",inyectable trimestral: usuarias nuevas,2016-12-01,0,12,25,0,0,37
CRUZ DE MACHACAMARCA,"anticoncepcion, prevencion de its y de cancer de cuello uterino",inyectable trimestral: usuarias nuevas,2016-12-01,0,0,1,0,0,1
CUATRO CAÃ‘ADAS,"anticoncepcion, prevencion de its y de cancer de cuello uterino",inyectable trimestral: usuarias nuevas,2016-12-01,0,4,6,1,0,11
CUCHUMUELA (V. G. VILLARROEL),"anticoncepcion, prevencion de its y de cancer de cuello uterino",inyectable trimestral: usuarias nuevas,2016-12-01,0,0,1,0,0,1
CUEVO,"anticoncepcion, prevencion de its y de cancer de cuello uterino",inyectable trimestral: usuarias nuevas,2016-12-01,0,1,2,1,0,4
CULPINA,"anticoncepcion, prevencion de its y de cancer de cuello uterino",inyectable trimestral: usuarias nuevas,2016-12-01,0,2,12,4,0,18
CURAHUARA DE CARANGAS,"anticoncepcion, prevencion de its y de cancer de cuello uterino",inyectable trimestral: usuarias nuevas,2016-12-01,0,4,2,0,0,6
EL ALTO,"anticoncepcion, prevencion de its y de cancer de cuello uterino",inyectable trimestral: usuarias nuevas,2016-12-01,2,43,183,58,0,286
EL CHORO,"anticoncepcion, prevencion de its y de cancer de cuello uterino",inyectable trimestral: usuarias nuevas,2016-12-01,0,0,2,0,0,2
EL PUENTE(STC),"anticoncepcion, prevencion de its y de cancer de cuello uterino",inyectable trimestral: usuarias nuevas,2016-12-01,0,1,0,0,0,1
EL PUENTE(TJA),"anticoncepcion, prevencion de its y de cancer de cuello uterino",inyectable trimestral: usuarias nuevas,2016-12-01,0,4,5,3,0,12
EL TORNO,"anticoncepcion, prevencion de its y de cancer de cuello uterino",inyectable trimestral: usuarias nuevas,2016-12-01,1,7,14,3,1,26
EL VILLAR,"anticoncepcion, prevencion de its y de cancer de cuello uterino",inyectable trimestral: usuarias nuevas,2016-12-01,0,1,0,0,0,1
ENTRE RIOS TRJ,"anticoncepcion, prevencion de its y de cancer de cuello uterino",inyectable trimestral: usuarias nuevas,2016-12-01,0,6,15,2,0,23
ENTRE RIOS CBBA,"anticoncepcion, prevencion de its y de cancer de cuello uterino",inyectable trimestral: usuarias nuevas,2016-12-01,0,3,12,1,0,16
ESCARA,"anticoncepcion, prevencion de its y de cancer de cuello uterino",inyectable trimestral: usuarias nuevas,2016-12-01,0,0,1,0,0,1
EUCALIPTUS,"anticoncepcion, prevencion de its y de cancer de cuello uterino",inyectable trimestral: usuarias nuevas,2016-12-01,0,0,3,1,0,4
EUREKA (SANTOS MERCADO),"anticoncepcion, prevencion de its y de cancer de cuello uterino",inyectable trimestral: usuarias nuevas,2016-12-01,0,0,1,0,0,1
EXALTACION,"anticoncepcion, prevencion de its y de cancer de cuello uterino",inyectable trimestral: usuarias nuevas,2016-12-01,0,0,1,0,0,1
FERNANDEZ ALONSO,"anticoncepcion, prevencion de its y de cancer de cuello uterino",inyectable trimestral: usuarias nuevas,2016-12-01,1,3,6,2,0,12
FILADELFIA,"anticoncepcion, prevencion de its y de cancer de cuello uterino",inyectable trimestral: usuarias nuevas,2016-12-01,0,3,1,0,0,4
GENERAL SAAVEDRA,"anticoncepcion, prevencion de its y de cancer de cuello uterino",inyectable trimestral: usuarias nuevas,2016-12-01,0,4,12,1,0,17
GRAL. J.J. PEREZ (CHARAZANI),"anticoncepcion, prevencion de its y de cancer de cuello uterino",inyectable trimestral: usuarias nuevas,2016-12-01,0,0,2,2,0,4
GUANAY,"anticoncepcion, prevencion de its y de cancer de cuello uterino",inyectable trimestral: usuarias nuevas,2016-12-01,0,0,4,1,0,5
GUAQUI,"anticoncepcion, prevencion de its y de cancer de cuello uterino",inyectable trimestral: usuarias nuevas,2016-12-01,0,1,2,1,0,4
GUAYARAMERIN,"anticoncepcion, prevencion de its y de cancer de cuello uterino",inyectable trimestral: usuarias nuevas,2016-12-01,1,2,16,1,0,20
GUTIERREZ,"anticoncepcion, prevencion de its y de cancer de cuello uterino",inyectable trimestral: usuarias nuevas,2016-12-01,0,3,10,3,0,16
HUACARETA,"anticoncepcion, prevencion de its y de cancer de cuello uterino",inyectable trimestral: usuarias nuevas,2016-12-01,0,1,4,1,0,6
HUACAYA (VILLA DE HUACAYA),"anticoncepcion, prevencion de its y de cancer de cuello uterino",inyectable trimestral: usuarias nuevas,2016-12-01,0,1,3,1,0,5
HUACHACALLA,"anticoncepcion, prevencion de its y de cancer de cuello uterino",inyectable trimestral: usuarias nuevas,2016-12-01,0,0,0,1,0,1
HUANUNI,"anticoncepcion, prevencion de its y de cancer de cuello uterino",inyectable trimestral: usuarias nuevas,2016-12-01,0,0,4,1,0,5
HUARACAJE,"anticoncepcion, prevencion de its y de cancer de cuello uterino",inyectable trimestral: usuarias nuevas,2016-12-01,0,0,4,0,0,4
HUARINA,"anticoncepcion, prevencion de its y de cancer de cuello uterino",inyectable trimestral: usuarias nuevas,2016-12-01,0,0,0,1,0,1
HUATAJATA,"anticoncepcion, prevencion de its y de cancer de cuello uterino",inyectable trimestral: usuarias nuevas,2016-12-01,0,0,2,0,0,2
HUAYLLAMARCA,"anticoncepcion, prevencion de its y de cancer de cuello uterino",inyectable trimestral: usuarias nuevas,2016-12-01,0,0,0,1,0,1
ICHOCA,"anticoncepcion, prevencion de its y de cancer de cuello uterino",inyectable trimestral: usuarias nuevas,2016-12-01,0,0,2,0,0,2
ICLA,"anticoncepcion, prevencion de its y de cancer de cuello uterino",inyectable trimestral: usuarias nuevas,2016-12-01,0,2,0,1,0,3
INCAHUASI,"anticoncepcion, prevencion de its y de cancer de cuello uterino",inyectable trimestral: usuarias nuevas,2016-12-01,0,2,3,0,1,6
INGAVI (HUMAITA),"anticoncepcion, prevencion de its y de cancer de cuello uterino",inyectable trimestral: usuarias nuevas,2016-12-01,0,1,0,0,0,1
INQUISIVI,"anticoncepcion, prevencion de its y de cancer de cuello uterino",inyectable trimestral: usuarias nuevas,2016-12-01,0,1,3,2,1,7
IRUPANA (VILLA DE LANZA),"anticoncepcion, prevencion de its y de cancer de cuello uterino",inyectable trimestral: usuarias nuevas,2016-12-01,0,0,4,3,0,7
IXIAMAS,"anticoncepcion, prevencion de its y de cancer de cuello uterino",inyectable trimestral: usuarias nuevas,2016-12-01,0,4,5,2,0,11
JESUS DE MACHACA,"anticoncepcion, prevencion de its y de cancer de cuello uterino",inyectable trimestral: usuarias nuevas,2016-12-01,0,0,2,1,0,3
LA ASUNTA,"anticoncepcion, prevencion de its y de cancer de cuello uterino",inyectable trimestral: usuarias nuevas,2016-12-01,0,5,12,4,0,21
LA GUARDIA,"anticoncepcion, prevencion de its y de cancer de cuello uterino",inyectable trimestral: usuarias nuevas,2016-12-01,1,12,41,11,0,65
LA PAZ,"anticoncepcion, prevencion de its y de cancer de cuello uterino",inyectable trimestral: usuarias nuevas,2016-12-01,0,14,116,99,0,229
LAGUNILLAS,"anticoncepcion, prevencion de its y de cancer de cuello uterino",inyectable trimestral: usuarias nuevas,2016-12-01,0,0,5,1,0,6
LAJA,"anticoncepcion, prevencion de its y de cancer de cuello uterino",inyectable trimestral: usuarias nuevas,2016-12-01,0,0,4,0,0,4
LAS CARRERAS,"anticoncepcion, prevencion de its y de cancer de cuello uterino",inyectable trimestral: usuarias nuevas,2016-12-01,0,1,1,3,1,6
LICOMA PAMPA,"anticoncepcion, prevencion de its y de cancer de cuello uterino",inyectable trimestral: usuarias nuevas,2016-12-01,0,1,0,0,0,1
LLALLAGUA,"anticoncepcion, prevencion de its y de cancer de cuello uterino",inyectable trimestral: usuarias nuevas,2016-12-01,0,3,22,5,0,30
LLICA,"anticoncepcion, prevencion de its y de cancer de cuello uterino",inyectable trimestral: usuarias nuevas,2016-12-01,0,1,1,0,0,2
LORETO,"anticoncepcion, prevencion de its y de cancer de cuello uterino",inyectable trimestral: usuarias nuevas,2016-12-01,0,0,1,0,0,1
LURIBAY,"anticoncepcion, prevencion de its y de cancer de cuello uterino",inyectable trimestral: usuarias nuevas,2016-12-01,0,2,4,0,0,6
MACHARETI,"anticoncepcion, prevencion de its y de cancer de cuello uterino",inyectable trimestral: usuarias nuevas,2016-12-01,0,1,2,3,0,6
MAGDALENA,"anticoncepcion, prevencion de its y de cancer de cuello uterino",inyectable trimestral: usuarias nuevas,2016-12-01,0,4,1,0,0,5
MAIRANA,"anticoncepcion, prevencion de its y de cancer de cuello uterino",inyectable trimestral: usuarias nuevas,2016-12-01,0,6,4,1,0,11
MAPIRI,"anticoncepcion, prevencion de its y de cancer de cuello uterino",inyectable trimestral: usuarias nuevas,2016-12-01,0,0,5,2,0,7
MECAPACA,"anticoncepcion, prevencion de its y de cancer de cuello uterino",inyectable trimestral: usuarias nuevas,2016-12-01,0,0,2,1,0,3
MINEROS,"anticoncepcion, prevencion de its y de cancer de cuello uterino",inyectable trimestral: usuarias nuevas,2016-12-01,1,4,8,1,0,14
MIZQUE,"anticoncepcion, prevencion de its y de cancer de cuello uterino",inyectable trimestral: usuarias nuevas,2016-12-01,0,5,17,3,0,25
MOCOMOCO,"anticoncepcion, prevencion de its y de cancer de cuello uterino",inyectable trimestral: usuarias nuevas,2016-12-01,0,0,0,2,0,2
MOJOCOYA,"anticoncepcion, prevencion de its y de cancer de cuello uterino",inyectable trimestral: usuarias nuevas,2016-12-01,0,1,3,0,0,4
MONTEAGUDO,"anticoncepcion, prevencion de its y de cancer de cuello uterino",inyectable trimestral: usuarias nuevas,2016-12-01,0,5,7,0,0,12
MONTERO,"anticoncepcion, prevencion de its y de cancer de cuello uterino",inyectable trimestral: usuarias nuevas,2016-12-01,1,14,43,15,0,73
MORO MORO,"anticoncepcion, prevencion de its y de cancer de cuello uterino",inyectable trimestral: usuarias nuevas,2016-12-01,0,1,0,0,0,1
MOROCHATA,"anticoncepcion, prevencion de its y de cancer de cuello uterino",inyectable trimestral: usuarias nuevas,2016-12-01,0,0,3,0,0,3
NACEBE (SANTA ROSA DEL ABUNA),"anticoncepcion, prevencion de its y de cancer de cuello uterino",inyectable trimestral: usuarias nuevas,2016-12-01,0,1,2,0,0,3
NUEVO MANOA (NUEVA ESPERANZA),"anticoncepcion, prevencion de its y de cancer de cuello uterino",inyectable trimestral: usuarias nuevas,2016-12-01,0,0,4,0,0,4
OCURI,"anticoncepcion, prevencion de its y de cancer de cuello uterino",inyectable trimestral: usuarias nuevas,2016-12-01,0,1,8,5,0,14
OKINAWA,"anticoncepcion, prevencion de its y de cancer de cuello uterino",inyectable trimestral: usuarias nuevas,2016-12-01,0,1,2,0,0,3
OMEREQUE,"anticoncepcion, prevencion de its y de cancer de cuello uterino",inyectable trimestral: usuarias nuevas,2016-12-01,0,1,0,0,0,1
ORURO,"anticoncepcion, prevencion de its y de cancer de cuello uterino",inyectable trimestral: usuarias nuevas,2016-12-01,1,5,79,31,0,116
PADCAYA,"anticoncepcion, prevencion de its y de cancer de cuello uterino",inyectable trimestral: usuarias nuevas,2016-12-01,0,4,6,1,0,11
PADILLA,"anticoncepcion, prevencion de its y de cancer de cuello uterino",inyectable trimestral: usuarias nuevas,2016-12-01,0,2,5,1,0,8
PAILON,"anticoncepcion, prevencion de its y de cancer de cuello uterino",inyectable trimestral: usuarias nuevas,2016-12-01,0,2,6,0,0,8
PALCA,"anticoncepcion, prevencion de its y de cancer de cuello uterino",inyectable trimestral: usuarias nuevas,2016-12-01,0,1,5,0,0,6
PALOS BLANCOS,"anticoncepcion, prevencion de its y de cancer de cuello uterino",inyectable trimestral: usuarias nuevas,2016-12-01,0,11,17,3,0,31
PAMPA AULLAGAS,"anticoncepcion, prevencion de its y de cancer de cuello uterino",inyectable trimestral: usuarias nuevas,2016-12-01,0,0,1,0,0,1
PAMPA GRANDE,"anticoncepcion, prevencion de its y de cancer de cuello uterino",inyectable trimestral: usuarias nuevas,2016-12-01,0,2,2,0,0,4
PAPEL PAMPA,"anticoncepcion, prevencion de its y de cancer de cuello uterino",inyectable trimestral: usuarias nuevas,2016-12-01,0,1,0,1,0,2
PATACAMAYA,"anticoncepcion, prevencion de its y de cancer de cuello uterino",inyectable trimestral: usuarias nuevas,2016-12-01,0,1,4,1,0,6
PAZÃ‘A,"anticoncepcion, prevencion de its y de cancer de cuello uterino",inyectable trimestral: usuarias nuevas,2016-12-01,0,0,4,1,0,5
PELECHUCO,"anticoncepcion, prevencion de its y de cancer de cuello uterino",inyectable trimestral: usuarias nuevas,2016-12-01,0,0,4,0,0,4
POCOATA,"anticoncepcion, prevencion de its y de cancer de cuello uterino",inyectable trimestral: usuarias nuevas,2016-12-01,0,1,11,2,0,14
POCONA,"anticoncepcion, prevencion de its y de cancer de cuello uterino",inyectable trimestral: usuarias nuevas,2016-12-01,0,3,13,2,0,18
POJO (CBBA),"anticoncepcion, prevencion de its y de cancer de cuello uterino",inyectable trimestral: usuarias nuevas,2016-12-01,0,4,3,1,0,8
POOPO,"anticoncepcion, prevencion de its y de cancer de cuello uterino",inyectable trimestral: usuarias nuevas,2016-12-01,0,1,0,0,0,1
PORCO,"anticoncepcion, prevencion de its y de cancer de cuello uterino",inyectable trimestral: usuarias nuevas,2016-12-01,0,0,3,1,0,4
POROMA,"anticoncepcion, prevencion de its y de cancer de cuello uterino",inyectable trimestral: usuarias nuevas,2016-12-01,0,0,5,2,0,7
PORONGO,"anticoncepcion, prevencion de its y de cancer de cuello uterino",inyectable trimestral: usuarias nuevas,2016-12-01,0,6,11,0,0,17
PORTACHUELO,"anticoncepcion, prevencion de its y de cancer de cuello uterino",inyectable trimestral: usuarias nuevas,2016-12-01,0,4,4,0,0,8
PORVENIR,"anticoncepcion, prevencion de its y de cancer de cuello uterino",inyectable trimestral: usuarias nuevas,2016-12-01,0,0,2,0,0,2
POSTRER VALLE,"anticoncepcion, prevencion de its y de cancer de cuello uterino",inyectable trimestral: usuarias nuevas,2016-12-01,0,0,0,1,0,1
POTOSI,"anticoncepcion, prevencion de its y de cancer de cuello uterino",inyectable trimestral: usuarias nuevas,2016-12-01,0,23,67,23,0,113
PRESTO,"anticoncepcion, prevencion de its y de cancer de cuello uterino",inyectable trimestral: usuarias nuevas,2016-12-01,0,0,5,1,0,6
PUCARANI,"anticoncepcion, prevencion de its y de cancer de cuello uterino",inyectable trimestral: usuarias nuevas,2016-12-01,0,1,14,1,1,17
PUERTO ACOSTA,"anticoncepcion, prevencion de its y de cancer de cuello uterino",inyectable trimestral: usuarias nuevas,2016-12-01,0,0,0,1,0,1
PUERTO CARABUCO,"anticoncepcion, prevencion de its y de cancer de cuello uterino",inyectable trimestral: usuarias nuevas,2016-12-01,0,3,2,2,0,7
PUERTO GONZALO MORENO,"anticoncepcion, prevencion de its y de cancer de cuello uterino",inyectable trimestral: usuarias nuevas,2016-12-01,1,2,5,0,0,8
PUERTO PEREZ,"anticoncepcion, prevencion de its y de cancer de cuello uterino",inyectable trimestral: usuarias nuevas,2016-12-01,0,0,2,0,0,2
PUERTO QUIJARRO,"anticoncepcion, prevencion de its y de cancer de cuello uterino",inyectable trimestral: usuarias nuevas,2016-12-01,0,6,4,1,0,11
PUERTO RICO,"anticoncepcion, prevencion de its y de cancer de cuello uterino",inyectable trimestral: usuarias nuevas,2016-12-01,0,2,1,0,0,3
PUERTO SILES,"anticoncepcion, prevencion de its y de cancer de cuello uterino",inyectable trimestral: usuarias nuevas,2016-12-01,0,0,1,0,0,1
PUERTO SUAREZ,"anticoncepcion, prevencion de its y de cancer de cuello uterino",inyectable trimestral: usuarias nuevas,2016-12-01,0,1,4,0,0,5
PUERTO VILLARROEL,"anticoncepcion, prevencion de its y de cancer de cuello uterino",inyectable trimestral: usuarias nuevas,2016-12-01,0,4,8,3,0,15
PUNA,"anticoncepcion, prevencion de its y de cancer de cuello uterino",inyectable trimestral: usuarias nuevas,2016-12-01,0,0,6,2,0,8
PUNATA,"anticoncepcion, prevencion de its y de cancer de cuello uterino",inyectable trimestral: usuarias nuevas,2016-12-01,0,4,19,3,0,26
QUIABAYA,"anticoncepcion, prevencion de its y de cancer de cuello uterino",inyectable trimestral: usuarias nuevas,2016-12-01,0,0,1,1,0,2
QUILLACOLLO,"anticoncepcion, prevencion de its y de cancer de cuello uterino",inyectable trimestral: usuarias nuevas,2016-12-01,0,5,43,6,0,54
QUIME,"anticoncepcion, prevencion de its y de cancer de cuello uterino",inyectable trimestral: usuarias nuevas,2016-12-01,0,0,5,4,0,9
RAVELO,"anticoncepcion, prevencion de its y de cancer de cuello uterino",inyectable trimestral: usuarias nuevas,2016-12-01,0,0,7,2,0,9
REYES,"anticoncepcion, prevencion de its y de cancer de cuello uterino",inyectable trimestral: usuarias nuevas,2016-12-01,0,0,6,4,0,10
RIBERALTA,"anticoncepcion, prevencion de its y de cancer de cuello uterino",inyectable trimestral: usuarias nuevas,2016-12-01,1,30,60,9,0,100
ROBORE,"anticoncepcion, prevencion de its y de cancer de cuello uterino",inyectable trimestral: usuarias nuevas,2016-12-01,0,6,6,4,0,16
RURRENABAQUE,"anticoncepcion, prevencion de its y de cancer de cuello uterino",inyectable trimestral: usuarias nuevas,2016-12-01,0,3,6,0,0,9
SABAYA,"anticoncepcion, prevencion de its y de cancer de cuello uterino",inyectable trimestral: usuarias nuevas,2016-12-01,0,1,0,1,0,2
SACABA,"anticoncepcion, prevencion de its y de cancer de cuello uterino",inyectable trimestral: usuarias nuevas,2016-12-01,1,14,44,16,0,75
SACABAMBA,"anticoncepcion, prevencion de its y de cancer de cuello uterino",inyectable trimestral: usuarias nuevas,2016-12-01,0,0,1,0,0,1
SACACA,"anticoncepcion, prevencion de its y de cancer de cuello uterino",inyectable trimestral: usuarias nuevas,2016-12-01,0,0,5,3,0,8
SAIPINA,"anticoncepcion, prevencion de its y de cancer de cuello uterino",inyectable trimestral: usuarias nuevas,2016-12-01,0,2,2,3,0,7
SALINAS DE GARCI MENDOZA,"anticoncepcion, prevencion de its y de cancer de cuello uterino",inyectable trimestral: usuarias nuevas,2016-12-01,0,0,1,2,0,3
SAMAIPATA,"anticoncepcion, prevencion de its y de cancer de cuello uterino",inyectable trimestral: usuarias nuevas,2016-12-01,0,3,5,1,0,9
SAN AGUSTIN,"anticoncepcion, prevencion de its y de cancer de cuello uterino",inyectable trimestral: usuarias nuevas,2016-12-01,0,0,1,0,0,1
SAN ANDRES,"anticoncepcion, prevencion de its y de cancer de cuello uterino",inyectable trimestral: usuarias nuevas,2016-12-01,0,3,2,0,0,5
SAN ANTONIO DE LOMERIO,"anticoncepcion, prevencion de its y de cancer de cuello uterino",inyectable trimestral: usuarias nuevas,2016-12-01,0,2,1,1,0,4
SAN BENITO,"anticoncepcion, prevencion de its y de cancer de cuello uterino",inyectable trimestral: usuarias nuevas,2016-12-01,0,1,5,2,1,9
SAN BORJA,"anticoncepcion, prevencion de its y de cancer de cuello uterino",inyectable trimestral: usuarias nuevas,2016-12-01,6,8,25,3,0,42
SAN BUENA VENTURA,"anticoncepcion, prevencion de its y de cancer de cuello uterino",inyectable trimestral: usuarias nuevas,2016-12-01,0,1,5,2,0,8
SAN CARLOS,"anticoncepcion, prevencion de its y de cancer de cuello uterino",inyectable trimestral: usuarias nuevas,2016-12-01,0,4,5,2,0,11
SAN IGNACIO,"anticoncepcion, prevencion de its y de cancer de cuello uterino",inyectable trimestral: usuarias nuevas,2016-12-01,2,3,17,7,0,29
SAN IGNACIO DE VELASCO,"anticoncepcion, prevencion de its y de cancer de cuello uterino",inyectable trimestral: usuarias nuevas,2016-12-01,0,8,23,8,0,39
SAN JAVIER(BNI),"anticoncepcion, prevencion de its y de cancer de cuello uterino",inyectable trimestral: usuarias nuevas,2016-12-01,0,0,2,1,0,3
SAN JAVIER(STC),"anticoncepcion, prevencion de its y de cancer de cuello uterino",inyectable trimestral: usuarias nuevas,2016-12-01,0,5,1,5,0,11
SAN JOSE DE CHIQUITOS,"anticoncepcion, prevencion de its y de cancer de cuello uterino",inyectable trimestral: usuarias nuevas,2016-12-01,0,3,4,1,0,8
SAN JUAN DE YAPACANI,"anticoncepcion, prevencion de its y de cancer de cuello uterino",inyectable trimestral: usuarias nuevas,2016-12-01,0,3,0,2,0,5
SAN JULIAN,"anticoncepcion, prevencion de its y de cancer de cuello uterino",inyectable trimestral: usuarias nuevas,2016-12-01,0,3,19,0,0,22
SAN LORENZO(PND),"anticoncepcion, prevencion de its y de cancer de cuello uterino",inyectable trimestral: usuarias nuevas,2016-12-01,0,4,2,1,0,7
SAN LORENZO(TJA),"anticoncepcion, prevencion de its y de cancer de cuello uterino",inyectable trimestral: usuarias nuevas,2016-12-01,2,1,6,4,0,13
SAN LUCAS,"anticoncepcion, prevencion de its y de cancer de cuello uterino",inyectable trimestral: usuarias nuevas,2016-12-01,0,5,10,9,0,24
SAN MATIAS,"anticoncepcion, prevencion de its y de cancer de cuello uterino",inyectable trimestral: usuarias nuevas,2016-12-01,0,0,2,0,0,2
SAN MIGUEL DE VELASCO,"anticoncepcion, prevencion de its y de cancer de cuello uterino",inyectable trimestral: usuarias nuevas,2016-12-01,1,2,0,0,0,3
SAN PABLO DE LIPEZ,"anticoncepcion, prevencion de its y de cancer de cuello uterino",inyectable trimestral: usuarias nuevas,2016-12-01,0,2,0,0,0,2
SAN PEDRO,"anticoncepcion, prevencion de its y de cancer de cuello uterino",inyectable trimestral: usuarias nuevas,2016-12-01,0,1,5,1,0,7
SAN PEDRO DE BUENA VISTA,"anticoncepcion, prevencion de its y de cancer de cuello uterino",inyectable trimestral: usuarias nuevas,2016-12-01,0,4,8,2,0,14
SAN PEDRO DE CURAHUARA,"anticoncepcion, prevencion de its y de cancer de cuello uterino",inyectable trimestral: usuarias nuevas,2016-12-01,0,2,1,0,0,3
SAN PEDRO DE QUEMES,"anticoncepcion, prevencion de its y de cancer de cuello uterino",inyectable trimestral: usuarias nuevas,2016-12-01,0,0,1,0,0,1
SAN PEDRO DE TIQUINA,"anticoncepcion, prevencion de its y de cancer de cuello uterino",inyectable trimestral: usuarias nuevas,2016-12-01,0,0,0,1,0,1
SAN PEDRO(PND),"anticoncepcion, prevencion de its y de cancer de cuello uterino",inyectable trimestral: usuarias nuevas,2016-12-01,1,1,0,0,0,2
SAN RAFAEL,"anticoncepcion, prevencion de its y de cancer de cuello uterino",inyectable trimestral: usuarias nuevas,2016-12-01,0,2,11,2,0,15
SAN RAMON BENI,"anticoncepcion, prevencion de its y de cancer de cuello uterino",inyectable trimestral: usuarias nuevas,2016-12-01,0,2,2,0,0,4
SAN RAMON SCZ,"anticoncepcion, prevencion de its y de cancer de cuello uterino",inyectable trimestral: usuarias nuevas,2016-12-01,0,1,4,4,0,9
SANTA ANA,"anticoncepcion, prevencion de its y de cancer de cuello uterino",inyectable trimestral: usuarias nuevas,2016-12-01,0,2,6,0,0,8
SANTA CRUZ DE LA SIERRA,"anticoncepcion, prevencion de its y de cancer de cuello uterino",inyectable trimestral: usuarias nuevas,2016-12-01,4,77,204,33,1,319
SANTA ROSA,"anticoncepcion, prevencion de its y de cancer de cuello uterino",inyectable trimestral: usuarias nuevas,2016-12-01,0,2,8,3,0,13
SANTA ROSA DEL SARA,"anticoncepcion, prevencion de its y de cancer de cuello uterino",inyectable trimestral: usuarias nuevas,2016-12-01,0,3,6,1,0,10
SANTIAGO DE CALLAPA,"anticoncepcion, prevencion de its y de cancer de cuello uterino",inyectable trimestral: usuarias nuevas,2016-12-01,0,0,1,0,0,1
SANTIAGO DE HUARI,"anticoncepcion, prevencion de its y de cancer de cuello uterino",inyectable trimestral: usuarias nuevas,2016-12-01,0,0,4,0,0,4
SANTIAGO DE HUATA,"anticoncepcion, prevencion de its y de cancer de cuello uterino",inyectable trimestral: usuarias nuevas,2016-12-01,0,0,1,0,0,1
SANTIAGO DE MACHACA,"anticoncepcion, prevencion de its y de cancer de cuello uterino",inyectable trimestral: usuarias nuevas,2016-12-01,0,0,1,1,0,2
SANTIVAÃ‘ES,"anticoncepcion, prevencion de its y de cancer de cuello uterino",inyectable trimestral: usuarias nuevas,2016-12-01,0,1,0,0,0,1
SANTUARIO DE QUILLACAS,"anticoncepcion, prevencion de its y de cancer de cuello uterino",inyectable trimestral: usuarias nuevas,2016-12-01,0,1,2,0,0,3
SAPAHAQUI,"anticoncepcion, prevencion de its y de cancer de cuello uterino",inyectable trimestral: usuarias nuevas,2016-12-01,0,1,3,1,0,5
SENA,"anticoncepcion, prevencion de its y de cancer de cuello uterino",inyectable trimestral: usuarias nuevas,2016-12-01,0,6,4,1,0,11
SHINAOTA,"anticoncepcion, prevencion de its y de cancer de cuello uterino",inyectable trimestral: usuarias nuevas,2016-12-01,0,3,9,2,0,14
SICA SICA (VILLA AROMA),"anticoncepcion, prevencion de its y de cancer de cuello uterino",inyectable trimestral: usuarias nuevas,2016-12-01,0,1,3,2,0,6
SICAYA,"anticoncepcion, prevencion de its y de cancer de cuello uterino",inyectable trimestral: usuarias nuevas,2016-12-01,0,1,1,0,0,2
SIPE SIPE,"anticoncepcion, prevencion de its y de cancer de cuello uterino",inyectable trimestral: usuarias nuevas,2016-12-01,1,11,30,7,0,49
SOPACHUY,"anticoncepcion, prevencion de its y de cancer de cuello uterino",inyectable trimestral: usuarias nuevas,2016-12-01,0,3,4,2,0,9
SORACACHI,"anticoncepcion, prevencion de its y de cancer de cuello uterino",inyectable trimestral: usuarias nuevas,2016-12-01,0,1,0,2,0,3
SORATA,"anticoncepcion, prevencion de its y de cancer de cuello uterino",inyectable trimestral: usuarias nuevas,2016-12-01,0,2,8,1,0,11
SUCRE,"anticoncepcion, prevencion de its y de cancer de cuello uterino",inyectable trimestral: usuarias nuevas,2016-12-01,0,14,87,21,0,122
TACACOMA,"anticoncepcion, prevencion de its y de cancer de cuello uterino",inyectable trimestral: usuarias nuevas,2016-12-01,0,3,5,4,0,12
TACOBAMBA,"anticoncepcion, prevencion de its y de cancer de cuello uterino",inyectable trimestral: usuarias nuevas,2016-12-01,0,2,3,1,0,6
TACOPAYA,"anticoncepcion, prevencion de its y de cancer de cuello uterino",inyectable trimestral: usuarias nuevas,2016-12-01,0,2,1,1,0,4
TAPACARI,"anticoncepcion, prevencion de its y de cancer de cuello uterino",inyectable trimestral: usuarias nuevas,2016-12-01,0,0,9,1,0,10
TARABUCO,"anticoncepcion, prevencion de its y de cancer de cuello uterino",inyectable trimestral: usuarias nuevas,2016-12-01,0,2,7,2,0,11
TARATA,"anticoncepcion, prevencion de its y de cancer de cuello uterino",inyectable trimestral: usuarias nuevas,2016-12-01,0,1,4,0,0,5
TARIJA,"anticoncepcion, prevencion de its y de cancer de cuello uterino",inyectable trimestral: usuarias nuevas,2016-12-01,1,11,44,7,0,63
TARVITA,"anticoncepcion, prevencion de its y de cancer de cuello uterino",inyectable trimestral: usuarias nuevas,2016-12-01,0,3,2,2,0,7
TEOPONTE,"anticoncepcion, prevencion de its y de cancer de cuello uterino",inyectable trimestral: usuarias nuevas,2016-12-01,0,0,10,0,0,10
TIAWANACU,"anticoncepcion, prevencion de its y de cancer de cuello uterino",inyectable trimestral: usuarias nuevas,2016-12-01,0,0,2,0,0,2
TINGUIPAYA,"anticoncepcion, prevencion de its y de cancer de cuello uterino",inyectable trimestral: usuarias nuevas,2016-12-01,0,0,8,3,0,11
TIPUANI,"anticoncepcion, prevencion de its y de cancer de cuello uterino",inyectable trimestral: usuarias nuevas,2016-12-01,0,1,3,1,0,5
TIQUIPAYA,"anticoncepcion, prevencion de its y de cancer de cuello uterino",inyectable trimestral: usuarias nuevas,2016-12-01,1,5,28,2,1,37
TIRAQUE (CBBA),"anticoncepcion, prevencion de its y de cancer de cuello uterino",inyectable trimestral: usuarias nuevas,2016-12-01,0,1,7,6,0,14
TITO YUPANQUI (PARQUIPUJIO),"anticoncepcion, prevencion de its y de cancer de cuello uterino",inyectable trimestral: usuarias nuevas,2016-12-01,0,0,0,1,0,1
TOCO,"anticoncepcion, prevencion de its y de cancer de cuello uterino",inyectable trimestral: usuarias nuevas,2016-12-01,0,1,4,1,0,6
TOLATA,"anticoncepcion, prevencion de its y de cancer de cuello uterino",inyectable trimestral: usuarias nuevas,2016-12-01,0,0,5,1,0,6
TOLEDO,"anticoncepcion, prevencion de its y de cancer de cuello uterino",inyectable trimestral: usuarias nuevas,2016-12-01,0,0,6,0,0,6
TOMAVE,"anticoncepcion, prevencion de its y de cancer de cuello uterino",inyectable trimestral: usuarias nuevas,2016-12-01,0,2,2,1,0,5
TOMINA,"anticoncepcion, prevencion de its y de cancer de cuello uterino",inyectable trimestral: usuarias nuevas,2016-12-01,0,0,1,1,0,2
TORO TORO,"anticoncepcion, prevencion de its y de cancer de cuello uterino",inyectable trimestral: usuarias nuevas,2016-12-01,0,3,2,3,0,8
TOTORA(CBBA),"anticoncepcion, prevencion de its y de cancer de cuello uterino",inyectable trimestral: usuarias nuevas,2016-12-01,1,2,6,3,0,12
TOTORA(ORR),"anticoncepcion, prevencion de its y de cancer de cuello uterino",inyectable trimestral: usuarias nuevas,2016-12-01,0,0,3,1,0,4
TRINIDAD,"anticoncepcion, prevencion de its y de cancer de cuello uterino",inyectable trimestral: usuarias nuevas,2016-12-01,0,4,29,3,0,36
TUPIZA,"anticoncepcion, prevencion de its y de cancer de cuello uterino",inyectable trimestral: usuarias nuevas,2016-12-01,0,7,15,6,0,28
UMALA,"anticoncepcion, prevencion de its y de cancer de cuello uterino",inyectable trimestral: usuarias nuevas,2016-12-01,0,1,3,0,0,4
UNCIA,"anticoncepcion, prevencion de its y de cancer de cuello uterino",inyectable trimestral: usuarias nuevas,2016-12-01,0,1,6,3,0,10
URIONDO (A. CONCEPCION),"anticoncepcion, prevencion de its y de cancer de cuello uterino",inyectable trimestral: usuarias nuevas,2016-12-01,0,0,5,0,0,5
URUBICHA,"anticoncepcion, prevencion de its y de cancer de cuello uterino",inyectable trimestral: usuarias nuevas,2016-12-01,0,2,1,0,0,3
UYUNI,"anticoncepcion, prevencion de its y de cancer de cuello uterino",inyectable trimestral: usuarias nuevas,2016-12-01,0,0,7,0,0,7
VACAS,"anticoncepcion, prevencion de its y de cancer de cuello uterino",inyectable trimestral: usuarias nuevas,2016-12-01,2,0,4,0,0,6
VALLEGRANDE,"anticoncepcion, prevencion de its y de cancer de cuello uterino",inyectable trimestral: usuarias nuevas,2016-12-01,0,2,5,0,1,8
VIACHA,"anticoncepcion, prevencion de its y de cancer de cuello uterino",inyectable trimestral: usuarias nuevas,2016-12-01,0,2,18,0,0,20
VILA VILA,"anticoncepcion, prevencion de its y de cancer de cuello uterino",inyectable trimestral: usuarias nuevas,2016-12-01,0,0,1,0,0,1
VILLA CHARCAS,"anticoncepcion, prevencion de its y de cancer de cuello uterino",inyectable trimestral: usuarias nuevas,2016-12-01,0,4,3,2,0,9
VILLA MONTES,"anticoncepcion, prevencion de its y de cancer de cuello uterino",inyectable trimestral: usuarias nuevas,2016-12-01,1,7,9,0,0,17
VILLA NUEVA (LOMA ALTA),"anticoncepcion, prevencion de its y de cancer de cuello uterino",inyectable trimestral: usuarias nuevas,2016-12-01,0,0,1,0,0,1
VILLA RIVERO,"anticoncepcion, prevencion de its y de cancer de cuello uterino",inyectable trimestral: usuarias nuevas,2016-12-01,0,4,14,1,1,20
VILLA SERRANO,"anticoncepcion, prevencion de its y de cancer de cuello uterino",inyectable trimestral: usuarias nuevas,2016-12-01,0,2,2,0,0,4
VILLA TUNARI,"anticoncepcion, prevencion de its y de cancer de cuello uterino",inyectable trimestral: usuarias nuevas,2016-12-01,2,13,77,20,0,112
VILLA VACA GUZMAN (MUYUPAMPA),"anticoncepcion, prevencion de its y de cancer de cuello uterino",inyectable trimestral: usuarias nuevas,2016-12-01,0,1,8,1,0,10
VILLAZON,"anticoncepcion, prevencion de its y de cancer de cuello uterino",inyectable trimestral: usuarias nuevas,2016-12-01,0,1,7,2,0,10
VINTO,"anticoncepcion, prevencion de its y de cancer de cuello uterino",inyectable trimestral: usuarias nuevas,2016-12-01,0,3,29,7,0,39
VITICHI,"anticoncepcion, prevencion de its y de cancer de cuello uterino",inyectable trimestral: usuarias nuevas,2016-12-01,0,0,2,4,0,6
WALDO BALLIVIAN,"anticoncepcion, prevencion de its y de cancer de cuello uterino",inyectable trimestral: usuarias nuevas,2016-12-01,0,0,0,0,1,1
WARNES,"anticoncepcion, prevencion de its y de cancer de cuello uterino",inyectable trimestral: usuarias nuevas,2016-12-01,1,7,21,6,0,35
YACO,"anticoncepcion, prevencion de its y de cancer de cuello uterino",inyectable trimestral: usuarias nuevas,2016-12-01,0,1,1,1,0,3
YACUIBA,"anticoncepcion, prevencion de its y de cancer de cuello uterino",inyectable trimestral: usuarias nuevas,2016-12-01,0,14,25,6,0,45
YAMPARAEZ,"anticoncepcion, prevencion de its y de cancer de cuello uterino",inyectable trimestral: usuarias nuevas,2016-12-01,0,0,0,3,0,3
YANACACHI,"anticoncepcion, prevencion de its y de cancer de cuello uterino",inyectable trimestral: usuarias nuevas,2016-12-01,0,0,3,0,0,3
YAPACANI,"anticoncepcion, prevencion de its y de cancer de cuello uterino",inyectable trimestral: usuarias nuevas,2016-12-01,0,8,22,3,0,33
YOCALLA,"anticoncepcion, prevencion de its y de cancer de cuello uterino",inyectable trimestral: usuarias nuevas,2016-12-01,0,1,3,4,0,8
YOTALA,"anticoncepcion, prevencion de its y de cancer de cuello uterino",inyectable trimestral: usuarias nuevas,2016-12-01,0,0,2,2,0,4
YUNCHARA,"anticoncepcion, prevencion de its y de cancer de cuello uterino",inyectable trimestral: usuarias nuevas,2016-12-01,0,2,4,0,0,6
ZUDAÃ‘EZ,"anticoncepcion, prevencion de its y de cancer de cuello uterino",inyectable trimestral: usuarias nuevas,2016-12-01,0,1,2,0,0,3
