municipality,group,variable,month,Inyectable Trimestral: Usuarias Continuas,Inyectable Trimestral: Usuarias Continuas1,Inyectable Trimestral: Usuarias Continuas2,Inyectable Trimestral: Usuarias Continuas3,Inyectable Trimestral: Usuarias Continuas4,TOTAL
ACACIO,"anticoncepcion, prevencion de its y de cancer de cuello uterino",inyectable trimestral: usuarias continuas,2016-01-01,0,0,9,8,0,17
ACHACACHI,"anticoncepcion, prevencion de its y de cancer de cuello uterino",inyectable trimestral: usuarias continuas,2016-01-01,0,1,33,19,0,53
ACHOCALLA,"anticoncepcion, prevencion de its y de cancer de cuello uterino",inyectable trimestral: usuarias continuas,2016-01-01,0,2,32,19,1,54
AIQUILE,"anticoncepcion, prevencion de its y de cancer de cuello uterino",inyectable trimestral: usuarias continuas,2016-01-01,0,0,14,24,0,38
ALALAY,"anticoncepcion, prevencion de its y de cancer de cuello uterino",inyectable trimestral: usuarias continuas,2016-01-01,0,0,4,1,0,5
ALCALA,"anticoncepcion, prevencion de its y de cancer de cuello uterino",inyectable trimestral: usuarias continuas,2016-01-01,0,5,17,16,1,39
ALTO BENI,"anticoncepcion, prevencion de its y de cancer de cuello uterino",inyectable trimestral: usuarias continuas,2016-01-01,1,3,26,21,0,51
ANCORAIMES,"anticoncepcion, prevencion de its y de cancer de cuello uterino",inyectable trimestral: usuarias continuas,2016-01-01,0,2,9,15,0,26
ANDAMARCA,"anticoncepcion, prevencion de its y de cancer de cuello uterino",inyectable trimestral: usuarias continuas,2016-01-01,0,1,3,1,0,5
ANTEQUERA,"anticoncepcion, prevencion de its y de cancer de cuello uterino",inyectable trimestral: usuarias continuas,2016-01-01,0,0,2,4,0,6
ANZALDO,"anticoncepcion, prevencion de its y de cancer de cuello uterino",inyectable trimestral: usuarias continuas,2016-01-01,0,0,10,7,1,18
APOLO,"anticoncepcion, prevencion de its y de cancer de cuello uterino",inyectable trimestral: usuarias continuas,2016-01-01,0,5,47,22,1,75
ARAMPAMPA,"anticoncepcion, prevencion de its y de cancer de cuello uterino",inyectable trimestral: usuarias continuas,2016-01-01,0,1,4,1,0,6
ARANI,"anticoncepcion, prevencion de its y de cancer de cuello uterino",inyectable trimestral: usuarias continuas,2016-01-01,0,0,5,9,0,14
ARBIETO,"anticoncepcion, prevencion de its y de cancer de cuello uterino",inyectable trimestral: usuarias continuas,2016-01-01,0,6,54,18,0,78
ARQUE,"anticoncepcion, prevencion de its y de cancer de cuello uterino",inyectable trimestral: usuarias continuas,2016-01-01,0,5,28,39,0,72
ASCENCION DE GUARAYOS,"anticoncepcion, prevencion de its y de cancer de cuello uterino",inyectable trimestral: usuarias continuas,2016-01-01,0,1,16,10,0,27
ATOCHA,"anticoncepcion, prevencion de its y de cancer de cuello uterino",inyectable trimestral: usuarias continuas,2016-01-01,0,0,21,7,0,28
AUCAPATA,"anticoncepcion, prevencion de its y de cancer de cuello uterino",inyectable trimestral: usuarias continuas,2016-01-01,0,1,13,7,0,21
AYATA,"anticoncepcion, prevencion de its y de cancer de cuello uterino",inyectable trimestral: usuarias continuas,2016-01-01,0,1,18,18,0,37
AYO AYO,"anticoncepcion, prevencion de its y de cancer de cuello uterino",inyectable trimestral: usuarias continuas,2016-01-01,0,1,7,11,0,19
AYOPAYA (V. DE INDEPENDENCIA),"anticoncepcion, prevencion de its y de cancer de cuello uterino",inyectable trimestral: usuarias continuas,2016-01-01,0,12,79,61,0,152
AZURDUY,"anticoncepcion, prevencion de its y de cancer de cuello uterino",inyectable trimestral: usuarias continuas,2016-01-01,0,2,47,24,0,73
BATALLAS,"anticoncepcion, prevencion de its y de cancer de cuello uterino",inyectable trimestral: usuarias continuas,2016-01-01,0,6,24,18,1,49
BAURES,"anticoncepcion, prevencion de its y de cancer de cuello uterino",inyectable trimestral: usuarias continuas,2016-01-01,0,2,4,2,0,8
BELEN DE ANDAMARCA,"anticoncepcion, prevencion de its y de cancer de cuello uterino",inyectable trimestral: usuarias continuas,2016-01-01,0,0,0,2,0,2
BELEN DE URMIRI,"anticoncepcion, prevencion de its y de cancer de cuello uterino",inyectable trimestral: usuarias continuas,2016-01-01,0,0,1,3,0,4
BELLA FLOR,"anticoncepcion, prevencion de its y de cancer de cuello uterino",inyectable trimestral: usuarias continuas,2016-01-01,0,4,9,4,0,17
BERMEJO,"anticoncepcion, prevencion de its y de cancer de cuello uterino",inyectable trimestral: usuarias continuas,2016-01-01,1,10,61,29,1,102
BETANZOS,"anticoncepcion, prevencion de its y de cancer de cuello uterino",inyectable trimestral: usuarias continuas,2016-01-01,0,3,37,32,0,72
BOLIVAR,"anticoncepcion, prevencion de its y de cancer de cuello uterino",inyectable trimestral: usuarias continuas,2016-01-01,0,0,5,3,0,8
BOLPEBRA,"anticoncepcion, prevencion de its y de cancer de cuello uterino",inyectable trimestral: usuarias continuas,2016-01-01,1,0,2,0,0,3
BOYUIBE,"anticoncepcion, prevencion de its y de cancer de cuello uterino",inyectable trimestral: usuarias continuas,2016-01-01,0,0,10,7,0,17
BUENA VISTA,"anticoncepcion, prevencion de its y de cancer de cuello uterino",inyectable trimestral: usuarias continuas,2016-01-01,0,4,36,16,0,56
CABEZAS,"anticoncepcion, prevencion de its y de cancer de cuello uterino",inyectable trimestral: usuarias continuas,2016-01-01,0,15,88,19,0,122
CAIROMA,"anticoncepcion, prevencion de its y de cancer de cuello uterino",inyectable trimestral: usuarias continuas,2016-01-01,0,3,17,12,0,32
"CAIZA ""D""","anticoncepcion, prevencion de its y de cancer de cuello uterino",inyectable trimestral: usuarias continuas,2016-01-01,0,0,9,8,0,17
CAJUATA,"anticoncepcion, prevencion de its y de cancer de cuello uterino",inyectable trimestral: usuarias continuas,2016-01-01,0,1,19,14,1,35
CALACOTO,"anticoncepcion, prevencion de its y de cancer de cuello uterino",inyectable trimestral: usuarias continuas,2016-01-01,0,0,2,4,0,6
CALAMARCA,"anticoncepcion, prevencion de its y de cancer de cuello uterino",inyectable trimestral: usuarias continuas,2016-01-01,0,2,41,15,2,60
CAMARGO,"anticoncepcion, prevencion de its y de cancer de cuello uterino",inyectable trimestral: usuarias continuas,2016-01-01,0,2,15,12,0,29
CAMATAQUI (C. VILLA ABECIA),"anticoncepcion, prevencion de its y de cancer de cuello uterino",inyectable trimestral: usuarias continuas,2016-01-01,0,1,10,10,0,21
CAMIRI,"anticoncepcion, prevencion de its y de cancer de cuello uterino",inyectable trimestral: usuarias continuas,2016-01-01,0,1,30,13,0,44
CAPINOTA,"anticoncepcion, prevencion de its y de cancer de cuello uterino",inyectable trimestral: usuarias continuas,2016-01-01,0,6,39,23,2,70
CAQUIAVIRI,"anticoncepcion, prevencion de its y de cancer de cuello uterino",inyectable trimestral: usuarias continuas,2016-01-01,0,3,14,4,0,21
CARACOLLO,"anticoncepcion, prevencion de its y de cancer de cuello uterino",inyectable trimestral: usuarias continuas,2016-01-01,0,4,24,14,0,42
CARANAVI,"anticoncepcion, prevencion de its y de cancer de cuello uterino",inyectable trimestral: usuarias continuas,2016-01-01,0,7,53,35,0,95
CARANGAS,"anticoncepcion, prevencion de its y de cancer de cuello uterino",inyectable trimestral: usuarias continuas,2016-01-01,0,0,1,0,0,1
CARAPARI,"anticoncepcion, prevencion de its y de cancer de cuello uterino",inyectable trimestral: usuarias continuas,2016-01-01,0,9,61,36,1,107
CARIPUYO,"anticoncepcion, prevencion de its y de cancer de cuello uterino",inyectable trimestral: usuarias continuas,2016-01-01,0,0,3,5,0,8
CARMEN RIVERO TORREZ,"anticoncepcion, prevencion de its y de cancer de cuello uterino",inyectable trimestral: usuarias continuas,2016-01-01,0,1,11,2,0,14
CATACORA,"anticoncepcion, prevencion de its y de cancer de cuello uterino",inyectable trimestral: usuarias continuas,2016-01-01,0,0,3,2,0,5
CHACARILLA,"anticoncepcion, prevencion de its y de cancer de cuello uterino",inyectable trimestral: usuarias continuas,2016-01-01,0,1,2,0,2,5
CHALLAPATA,"anticoncepcion, prevencion de its y de cancer de cuello uterino",inyectable trimestral: usuarias continuas,2016-01-01,0,1,22,7,0,30
CHAQUI,"anticoncepcion, prevencion de its y de cancer de cuello uterino",inyectable trimestral: usuarias continuas,2016-01-01,0,2,16,11,0,29
CHARAGUA,"anticoncepcion, prevencion de its y de cancer de cuello uterino",inyectable trimestral: usuarias continuas,2016-01-01,0,3,41,14,0,58
CHARAÃ‘A,"anticoncepcion, prevencion de its y de cancer de cuello uterino",inyectable trimestral: usuarias continuas,2016-01-01,0,0,4,2,0,6
CHAYANTA,"anticoncepcion, prevencion de its y de cancer de cuello uterino",inyectable trimestral: usuarias continuas,2016-01-01,0,0,17,24,0,41
CHIMORE,"anticoncepcion, prevencion de its y de cancer de cuello uterino",inyectable trimestral: usuarias continuas,2016-01-01,0,8,53,20,0,81
CHIPAYA,"anticoncepcion, prevencion de its y de cancer de cuello uterino",inyectable trimestral: usuarias continuas,2016-01-01,0,4,11,4,0,19
CHOQUE COTA,"anticoncepcion, prevencion de its y de cancer de cuello uterino",inyectable trimestral: usuarias continuas,2016-01-01,0,0,1,1,1,3
CHUA COCANI,"anticoncepcion, prevencion de its y de cancer de cuello uterino",inyectable trimestral: usuarias continuas,2016-01-01,0,1,3,5,0,9
CHULUMANI (V. DE LA LIBERTAD),"anticoncepcion, prevencion de its y de cancer de cuello uterino",inyectable trimestral: usuarias continuas,2016-01-01,0,2,27,8,0,37
CHUMA,"anticoncepcion, prevencion de its y de cancer de cuello uterino",inyectable trimestral: usuarias continuas,2016-01-01,0,2,17,20,0,39
CHUQUIHUTA AYLLU JUCUMANI,"anticoncepcion, prevencion de its y de cancer de cuello uterino",inyectable trimestral: usuarias continuas,2016-01-01,0,2,11,6,0,19
CKOCHAS,"anticoncepcion, prevencion de its y de cancer de cuello uterino",inyectable trimestral: usuarias continuas,2016-01-01,0,0,10,24,0,34
CLIZA,"anticoncepcion, prevencion de its y de cancer de cuello uterino",inyectable trimestral: usuarias continuas,2016-01-01,0,2,41,8,0,51
COBIJA,"anticoncepcion, prevencion de its y de cancer de cuello uterino",inyectable trimestral: usuarias continuas,2016-01-01,0,17,70,11,0,98
COCAPATA,"anticoncepcion, prevencion de its y de cancer de cuello uterino",inyectable trimestral: usuarias continuas,2016-01-01,0,4,38,29,0,71
COCHABAMBA,"anticoncepcion, prevencion de its y de cancer de cuello uterino",inyectable trimestral: usuarias continuas,2016-01-01,0,36,273,80,0,389
COIPASA,"anticoncepcion, prevencion de its y de cancer de cuello uterino",inyectable trimestral: usuarias continuas,2016-01-01,0,0,4,1,0,5
COLCAPIRHUA,"anticoncepcion, prevencion de its y de cancer de cuello uterino",inyectable trimestral: usuarias continuas,2016-01-01,0,4,44,12,0,60
"COLCHA ""K""","anticoncepcion, prevencion de its y de cancer de cuello uterino",inyectable trimestral: usuarias continuas,2016-01-01,0,3,47,22,0,72
COLLANA,"anticoncepcion, prevencion de its y de cancer de cuello uterino",inyectable trimestral: usuarias continuas,2016-01-01,0,1,3,3,0,7
COLOMI,"anticoncepcion, prevencion de its y de cancer de cuello uterino",inyectable trimestral: usuarias continuas,2016-01-01,0,10,47,23,0,80
COLPA BELGICA,"anticoncepcion, prevencion de its y de cancer de cuello uterino",inyectable trimestral: usuarias continuas,2016-01-01,0,3,9,0,0,12
COLQUECHACA,"anticoncepcion, prevencion de its y de cancer de cuello uterino",inyectable trimestral: usuarias continuas,2016-01-01,0,2,43,37,0,82
COLQUENCHA,"anticoncepcion, prevencion de its y de cancer de cuello uterino",inyectable trimestral: usuarias continuas,2016-01-01,0,1,23,13,0,37
COLQUIRI,"anticoncepcion, prevencion de its y de cancer de cuello uterino",inyectable trimestral: usuarias continuas,2016-01-01,0,0,18,8,0,26
COMANCHE,"anticoncepcion, prevencion de its y de cancer de cuello uterino",inyectable trimestral: usuarias continuas,2016-01-01,0,0,2,0,0,2
COMARAPA,"anticoncepcion, prevencion de its y de cancer de cuello uterino",inyectable trimestral: usuarias continuas,2016-01-01,0,8,59,28,0,95
COMBAYA,"anticoncepcion, prevencion de its y de cancer de cuello uterino",inyectable trimestral: usuarias continuas,2016-01-01,0,0,3,3,0,6
CONCEPCION,"anticoncepcion, prevencion de its y de cancer de cuello uterino",inyectable trimestral: usuarias continuas,2016-01-01,0,5,35,3,0,43
COPACABANA,"anticoncepcion, prevencion de its y de cancer de cuello uterino",inyectable trimestral: usuarias continuas,2016-01-01,0,2,29,17,0,48
CORIPATA,"anticoncepcion, prevencion de its y de cancer de cuello uterino",inyectable trimestral: usuarias continuas,2016-01-01,0,1,36,12,0,49
CORO CORO,"anticoncepcion, prevencion de its y de cancer de cuello uterino",inyectable trimestral: usuarias continuas,2016-01-01,0,0,8,4,0,12
COROICO,"anticoncepcion, prevencion de its y de cancer de cuello uterino",inyectable trimestral: usuarias continuas,2016-01-01,0,1,12,6,0,19
CORQUE,"anticoncepcion, prevencion de its y de cancer de cuello uterino",inyectable trimestral: usuarias continuas,2016-01-01,0,1,9,5,0,15
COTAGAITA,"anticoncepcion, prevencion de its y de cancer de cuello uterino",inyectable trimestral: usuarias continuas,2016-01-01,0,6,63,32,0,101
COTOCA,"anticoncepcion, prevencion de its y de cancer de cuello uterino",inyectable trimestral: usuarias continuas,2016-01-01,1,14,65,28,0,108
CUATRO CAÃ‘ADAS,"anticoncepcion, prevencion de its y de cancer de cuello uterino",inyectable trimestral: usuarias continuas,2016-01-01,0,2,23,12,1,38
CUCHUMUELA (V. G. VILLARROEL),"anticoncepcion, prevencion de its y de cancer de cuello uterino",inyectable trimestral: usuarias continuas,2016-01-01,0,0,8,1,0,9
CUEVO,"anticoncepcion, prevencion de its y de cancer de cuello uterino",inyectable trimestral: usuarias continuas,2016-01-01,0,3,14,5,1,23
CULPINA,"anticoncepcion, prevencion de its y de cancer de cuello uterino",inyectable trimestral: usuarias continuas,2016-01-01,0,6,42,42,0,90
CURAHUARA DE CARANGAS,"anticoncepcion, prevencion de its y de cancer de cuello uterino",inyectable trimestral: usuarias continuas,2016-01-01,0,1,7,7,1,16
CURVA,"anticoncepcion, prevencion de its y de cancer de cuello uterino",inyectable trimestral: usuarias continuas,2016-01-01,0,0,4,4,0,8
DESAGUADERO,"anticoncepcion, prevencion de its y de cancer de cuello uterino",inyectable trimestral: usuarias continuas,2016-01-01,0,0,11,4,0,15
EL ALTO,"anticoncepcion, prevencion de its y de cancer de cuello uterino",inyectable trimestral: usuarias continuas,2016-01-01,0,52,743,294,2,1091
EL CHORO,"anticoncepcion, prevencion de its y de cancer de cuello uterino",inyectable trimestral: usuarias continuas,2016-01-01,0,0,5,0,0,5
EL PUENTE(STC),"anticoncepcion, prevencion de its y de cancer de cuello uterino",inyectable trimestral: usuarias continuas,2016-01-01,0,8,29,20,0,57
EL PUENTE(TJA),"anticoncepcion, prevencion de its y de cancer de cuello uterino",inyectable trimestral: usuarias continuas,2016-01-01,0,10,54,44,0,108
EL TORNO,"anticoncepcion, prevencion de its y de cancer de cuello uterino",inyectable trimestral: usuarias continuas,2016-01-01,5,27,64,37,2,135
EL VILLAR,"anticoncepcion, prevencion de its y de cancer de cuello uterino",inyectable trimestral: usuarias continuas,2016-01-01,0,3,11,18,1,33
ENTRE RIOS TRJ,"anticoncepcion, prevencion de its y de cancer de cuello uterino",inyectable trimestral: usuarias continuas,2016-01-01,0,10,108,55,1,174
ENTRE RIOS CBBA,"anticoncepcion, prevencion de its y de cancer de cuello uterino",inyectable trimestral: usuarias continuas,2016-01-01,0,7,57,12,0,76
ESCOMA,"anticoncepcion, prevencion de its y de cancer de cuello uterino",inyectable trimestral: usuarias continuas,2016-01-01,0,0,4,2,0,6
ESMERALDA,"anticoncepcion, prevencion de its y de cancer de cuello uterino",inyectable trimestral: usuarias continuas,2016-01-01,0,0,2,0,0,2
EUCALIPTUS,"anticoncepcion, prevencion de its y de cancer de cuello uterino",inyectable trimestral: usuarias continuas,2016-01-01,0,0,8,1,0,9
EUREKA (SANTOS MERCADO),"anticoncepcion, prevencion de its y de cancer de cuello uterino",inyectable trimestral: usuarias continuas,2016-01-01,0,0,4,1,1,6
FERNANDEZ ALONSO,"anticoncepcion, prevencion de its y de cancer de cuello uterino",inyectable trimestral: usuarias continuas,2016-01-01,0,3,25,8,0,36
FILADELFIA,"anticoncepcion, prevencion de its y de cancer de cuello uterino",inyectable trimestral: usuarias continuas,2016-01-01,0,5,29,5,0,39
GENERAL SAAVEDRA,"anticoncepcion, prevencion de its y de cancer de cuello uterino",inyectable trimestral: usuarias continuas,2016-01-01,0,6,39,20,1,66
GRAL. J.J. PEREZ (CHARAZANI),"anticoncepcion, prevencion de its y de cancer de cuello uterino",inyectable trimestral: usuarias continuas,2016-01-01,0,2,13,9,0,24
GUANAY,"anticoncepcion, prevencion de its y de cancer de cuello uterino",inyectable trimestral: usuarias continuas,2016-01-01,0,1,13,1,0,15
GUAQUI,"anticoncepcion, prevencion de its y de cancer de cuello uterino",inyectable trimestral: usuarias continuas,2016-01-01,0,5,11,5,1,22
GUAYARAMERIN,"anticoncepcion, prevencion de its y de cancer de cuello uterino",inyectable trimestral: usuarias continuas,2016-01-01,0,2,12,2,0,16
GUTIERREZ,"anticoncepcion, prevencion de its y de cancer de cuello uterino",inyectable trimestral: usuarias continuas,2016-01-01,0,1,36,10,0,47
HUACARETA,"anticoncepcion, prevencion de its y de cancer de cuello uterino",inyectable trimestral: usuarias continuas,2016-01-01,0,8,15,14,0,37
HUACAYA (VILLA DE HUACAYA),"anticoncepcion, prevencion de its y de cancer de cuello uterino",inyectable trimestral: usuarias continuas,2016-01-01,0,0,15,3,0,18
HUACHACALLA,"anticoncepcion, prevencion de its y de cancer de cuello uterino",inyectable trimestral: usuarias continuas,2016-01-01,0,0,0,1,0,1
HUANUNI,"anticoncepcion, prevencion de its y de cancer de cuello uterino",inyectable trimestral: usuarias continuas,2016-01-01,0,0,20,11,0,31
HUARACAJE,"anticoncepcion, prevencion de its y de cancer de cuello uterino",inyectable trimestral: usuarias continuas,2016-01-01,0,0,1,0,0,1
HUARINA,"anticoncepcion, prevencion de its y de cancer de cuello uterino",inyectable trimestral: usuarias continuas,2016-01-01,0,2,5,4,0,11
HUATAJATA,"anticoncepcion, prevencion de its y de cancer de cuello uterino",inyectable trimestral: usuarias continuas,2016-01-01,0,0,3,1,0,4
HUAYLLAMARCA,"anticoncepcion, prevencion de its y de cancer de cuello uterino",inyectable trimestral: usuarias continuas,2016-01-01,0,0,9,4,0,13
HUMANATA,"anticoncepcion, prevencion de its y de cancer de cuello uterino",inyectable trimestral: usuarias continuas,2016-01-01,0,0,8,3,0,11
ICHOCA,"anticoncepcion, prevencion de its y de cancer de cuello uterino",inyectable trimestral: usuarias continuas,2016-01-01,0,3,6,2,0,11
ICLA,"anticoncepcion, prevencion de its y de cancer de cuello uterino",inyectable trimestral: usuarias continuas,2016-01-01,0,3,12,12,1,28
INCAHUASI,"anticoncepcion, prevencion de its y de cancer de cuello uterino",inyectable trimestral: usuarias continuas,2016-01-01,0,3,20,17,1,41
INGAVI (HUMAITA),"anticoncepcion, prevencion de its y de cancer de cuello uterino",inyectable trimestral: usuarias continuas,2016-01-01,0,2,6,0,0,8
INQUISIVI,"anticoncepcion, prevencion de its y de cancer de cuello uterino",inyectable trimestral: usuarias continuas,2016-01-01,1,0,13,16,0,30
IRUPANA (VILLA DE LANZA),"anticoncepcion, prevencion de its y de cancer de cuello uterino",inyectable trimestral: usuarias continuas,2016-01-01,0,5,39,16,0,60
IXIAMAS,"anticoncepcion, prevencion de its y de cancer de cuello uterino",inyectable trimestral: usuarias continuas,2016-01-01,0,1,19,5,0,25
JESUS DE MACHACA,"anticoncepcion, prevencion de its y de cancer de cuello uterino",inyectable trimestral: usuarias continuas,2016-01-01,0,2,12,9,0,23
LA ASUNTA,"anticoncepcion, prevencion de its y de cancer de cuello uterino",inyectable trimestral: usuarias continuas,2016-01-01,0,6,93,43,0,142
LA GUARDIA,"anticoncepcion, prevencion de its y de cancer de cuello uterino",inyectable trimestral: usuarias continuas,2016-01-01,3,16,69,13,0,101
LA PAZ,"anticoncepcion, prevencion de its y de cancer de cuello uterino",inyectable trimestral: usuarias continuas,2016-01-01,0,32,235,98,0,365
LA RIVERA,"anticoncepcion, prevencion de its y de cancer de cuello uterino",inyectable trimestral: usuarias continuas,2016-01-01,0,0,1,0,0,1
LAGUNILLAS,"anticoncepcion, prevencion de its y de cancer de cuello uterino",inyectable trimestral: usuarias continuas,2016-01-01,0,2,6,7,0,15
LAJA,"anticoncepcion, prevencion de its y de cancer de cuello uterino",inyectable trimestral: usuarias continuas,2016-01-01,0,7,47,13,1,68
LAS CARRERAS,"anticoncepcion, prevencion de its y de cancer de cuello uterino",inyectable trimestral: usuarias continuas,2016-01-01,0,3,9,4,0,16
LICOMA PAMPA,"anticoncepcion, prevencion de its y de cancer de cuello uterino",inyectable trimestral: usuarias continuas,2016-01-01,0,0,6,2,0,8
LLALLAGUA,"anticoncepcion, prevencion de its y de cancer de cuello uterino",inyectable trimestral: usuarias continuas,2016-01-01,0,3,45,25,1,74
LLICA,"anticoncepcion, prevencion de its y de cancer de cuello uterino",inyectable trimestral: usuarias continuas,2016-01-01,0,3,13,6,0,22
LORETO,"anticoncepcion, prevencion de its y de cancer de cuello uterino",inyectable trimestral: usuarias continuas,2016-01-01,0,6,2,2,0,10
LURIBAY,"anticoncepcion, prevencion de its y de cancer de cuello uterino",inyectable trimestral: usuarias continuas,2016-01-01,0,0,24,18,0,42
MACHACAMARCA,"anticoncepcion, prevencion de its y de cancer de cuello uterino",inyectable trimestral: usuarias continuas,2016-01-01,0,0,2,2,0,4
MACHARETI,"anticoncepcion, prevencion de its y de cancer de cuello uterino",inyectable trimestral: usuarias continuas,2016-01-01,0,1,22,15,0,38
MAGDALENA,"anticoncepcion, prevencion de its y de cancer de cuello uterino",inyectable trimestral: usuarias continuas,2016-01-01,0,4,33,4,0,41
MAIRANA,"anticoncepcion, prevencion de its y de cancer de cuello uterino",inyectable trimestral: usuarias continuas,2016-01-01,0,9,24,6,0,39
MALLA,"anticoncepcion, prevencion de its y de cancer de cuello uterino",inyectable trimestral: usuarias continuas,2016-01-01,0,0,5,1,0,6
MAPIRI,"anticoncepcion, prevencion de its y de cancer de cuello uterino",inyectable trimestral: usuarias continuas,2016-01-01,0,1,11,6,0,18
MECAPACA,"anticoncepcion, prevencion de its y de cancer de cuello uterino",inyectable trimestral: usuarias continuas,2016-01-01,0,1,16,10,0,27
MINEROS,"anticoncepcion, prevencion de its y de cancer de cuello uterino",inyectable trimestral: usuarias continuas,2016-01-01,0,1,41,14,0,56
MIZQUE,"anticoncepcion, prevencion de its y de cancer de cuello uterino",inyectable trimestral: usuarias continuas,2016-01-01,0,12,84,33,0,129
MOCOMOCO,"anticoncepcion, prevencion de its y de cancer de cuello uterino",inyectable trimestral: usuarias continuas,2016-01-01,0,2,16,16,0,34
MOJOCOYA,"anticoncepcion, prevencion de its y de cancer de cuello uterino",inyectable trimestral: usuarias continuas,2016-01-01,0,4,17,23,0,44
MONTEAGUDO,"anticoncepcion, prevencion de its y de cancer de cuello uterino",inyectable trimestral: usuarias continuas,2016-01-01,1,3,28,34,0,66
MONTERO,"anticoncepcion, prevencion de its y de cancer de cuello uterino",inyectable trimestral: usuarias continuas,2016-01-01,1,31,133,45,0,210
MORO MORO,"anticoncepcion, prevencion de its y de cancer de cuello uterino",inyectable trimestral: usuarias continuas,2016-01-01,1,3,14,13,1,32
MOROCHATA,"anticoncepcion, prevencion de its y de cancer de cuello uterino",inyectable trimestral: usuarias continuas,2016-01-01,0,4,23,33,1,61
NACEBE (SANTA ROSA DEL ABUNA),"anticoncepcion, prevencion de its y de cancer de cuello uterino",inyectable trimestral: usuarias continuas,2016-01-01,0,5,5,2,0,12
NUEVO MANOA (NUEVA ESPERANZA),"anticoncepcion, prevencion de its y de cancer de cuello uterino",inyectable trimestral: usuarias continuas,2016-01-01,0,0,3,3,0,6
OCURI,"anticoncepcion, prevencion de its y de cancer de cuello uterino",inyectable trimestral: usuarias continuas,2016-01-01,0,1,26,13,0,40
OKINAWA,"anticoncepcion, prevencion de its y de cancer de cuello uterino",inyectable trimestral: usuarias continuas,2016-01-01,1,4,27,12,0,44
OMEREQUE,"anticoncepcion, prevencion de its y de cancer de cuello uterino",inyectable trimestral: usuarias continuas,2016-01-01,0,0,20,23,0,43
ORURO,"anticoncepcion, prevencion de its y de cancer de cuello uterino",inyectable trimestral: usuarias continuas,2016-01-01,0,26,402,122,16,566
PADCAYA,"anticoncepcion, prevencion de its y de cancer de cuello uterino",inyectable trimestral: usuarias continuas,2016-01-01,0,21,106,69,4,200
PADILLA,"anticoncepcion, prevencion de its y de cancer de cuello uterino",inyectable trimestral: usuarias continuas,2016-01-01,0,5,48,23,1,77
PAILON,"anticoncepcion, prevencion de its y de cancer de cuello uterino",inyectable trimestral: usuarias continuas,2016-01-01,1,8,22,7,0,38
PALCA,"anticoncepcion, prevencion de its y de cancer de cuello uterino",inyectable trimestral: usuarias continuas,2016-01-01,0,5,32,12,0,49
PALOS BLANCOS,"anticoncepcion, prevencion de its y de cancer de cuello uterino",inyectable trimestral: usuarias continuas,2016-01-01,0,6,58,34,0,98
PAMPA AULLAGAS,"anticoncepcion, prevencion de its y de cancer de cuello uterino",inyectable trimestral: usuarias continuas,2016-01-01,0,1,1,1,0,3
PAMPA GRANDE,"anticoncepcion, prevencion de its y de cancer de cuello uterino",inyectable trimestral: usuarias continuas,2016-01-01,0,2,32,9,1,44
PAPEL PAMPA,"anticoncepcion, prevencion de its y de cancer de cuello uterino",inyectable trimestral: usuarias continuas,2016-01-01,0,2,10,9,0,21
PASORAPA,"anticoncepcion, prevencion de its y de cancer de cuello uterino",inyectable trimestral: usuarias continuas,2016-01-01,0,1,12,11,1,25
PATACAMAYA,"anticoncepcion, prevencion de its y de cancer de cuello uterino",inyectable trimestral: usuarias continuas,2016-01-01,0,0,14,3,0,17
PAZÃ‘A,"anticoncepcion, prevencion de its y de cancer de cuello uterino",inyectable trimestral: usuarias continuas,2016-01-01,0,0,15,9,0,24
PELECHUCO,"anticoncepcion, prevencion de its y de cancer de cuello uterino",inyectable trimestral: usuarias continuas,2016-01-01,0,0,9,7,0,16
POCOATA,"anticoncepcion, prevencion de its y de cancer de cuello uterino",inyectable trimestral: usuarias continuas,2016-01-01,0,0,11,28,1,40
POCONA,"anticoncepcion, prevencion de its y de cancer de cuello uterino",inyectable trimestral: usuarias continuas,2016-01-01,0,7,38,38,0,83
POJO (CBBA),"anticoncepcion, prevencion de its y de cancer de cuello uterino",inyectable trimestral: usuarias continuas,2016-01-01,0,10,69,35,2,116
POOPO,"anticoncepcion, prevencion de its y de cancer de cuello uterino",inyectable trimestral: usuarias continuas,2016-01-01,0,6,4,0,0,10
PORCO,"anticoncepcion, prevencion de its y de cancer de cuello uterino",inyectable trimestral: usuarias continuas,2016-01-01,0,3,10,4,0,17
POROMA,"anticoncepcion, prevencion de its y de cancer de cuello uterino",inyectable trimestral: usuarias continuas,2016-01-01,0,3,42,23,2,70
PORTACHUELO,"anticoncepcion, prevencion de its y de cancer de cuello uterino",inyectable trimestral: usuarias continuas,2016-01-01,0,8,34,14,0,56
PORVENIR,"anticoncepcion, prevencion de its y de cancer de cuello uterino",inyectable trimestral: usuarias continuas,2016-01-01,0,3,17,3,0,23
POSTRER VALLE,"anticoncepcion, prevencion de its y de cancer de cuello uterino",inyectable trimestral: usuarias continuas,2016-01-01,0,1,8,2,0,11
POTOSI,"anticoncepcion, prevencion de its y de cancer de cuello uterino",inyectable trimestral: usuarias continuas,2016-01-01,0,35,248,122,0,405
PRESTO,"anticoncepcion, prevencion de its y de cancer de cuello uterino",inyectable trimestral: usuarias continuas,2016-01-01,0,0,23,11,0,34
PUCARA,"anticoncepcion, prevencion de its y de cancer de cuello uterino",inyectable trimestral: usuarias continuas,2016-01-01,0,0,11,4,0,15
PUCARANI,"anticoncepcion, prevencion de its y de cancer de cuello uterino",inyectable trimestral: usuarias continuas,2016-01-01,0,9,62,37,0,108
PUERTO ACOSTA,"anticoncepcion, prevencion de its y de cancer de cuello uterino",inyectable trimestral: usuarias continuas,2016-01-01,0,1,9,6,0,16
PUERTO CARABUCO,"anticoncepcion, prevencion de its y de cancer de cuello uterino",inyectable trimestral: usuarias continuas,2016-01-01,0,0,15,13,0,28
PUERTO GONZALO MORENO,"anticoncepcion, prevencion de its y de cancer de cuello uterino",inyectable trimestral: usuarias continuas,2016-01-01,0,7,17,6,0,30
PUERTO PEREZ,"anticoncepcion, prevencion de its y de cancer de cuello uterino",inyectable trimestral: usuarias continuas,2016-01-01,0,0,10,5,0,15
PUERTO QUIJARRO,"anticoncepcion, prevencion de its y de cancer de cuello uterino",inyectable trimestral: usuarias continuas,2016-01-01,0,2,21,4,0,27
PUERTO RICO,"anticoncepcion, prevencion de its y de cancer de cuello uterino",inyectable trimestral: usuarias continuas,2016-01-01,0,2,17,2,0,21
PUERTO SUAREZ,"anticoncepcion, prevencion de its y de cancer de cuello uterino",inyectable trimestral: usuarias continuas,2016-01-01,0,1,15,1,0,17
PUERTO VILLARROEL,"anticoncepcion, prevencion de its y de cancer de cuello uterino",inyectable trimestral: usuarias continuas,2016-01-01,0,8,61,30,0,99
PUNA,"anticoncepcion, prevencion de its y de cancer de cuello uterino",inyectable trimestral: usuarias continuas,2016-01-01,0,4,16,15,1,36
PUNATA,"anticoncepcion, prevencion de its y de cancer de cuello uterino",inyectable trimestral: usuarias continuas,2016-01-01,0,6,51,14,0,71
QUIABAYA,"anticoncepcion, prevencion de its y de cancer de cuello uterino",inyectable trimestral: usuarias continuas,2016-01-01,0,0,11,3,0,14
QUILLACOLLO,"anticoncepcion, prevencion de its y de cancer de cuello uterino",inyectable trimestral: usuarias continuas,2016-01-01,0,22,164,28,0,214
QUIME,"anticoncepcion, prevencion de its y de cancer de cuello uterino",inyectable trimestral: usuarias continuas,2016-01-01,0,0,25,12,0,37
QUIRUSILLAS,"anticoncepcion, prevencion de its y de cancer de cuello uterino",inyectable trimestral: usuarias continuas,2016-01-01,0,1,4,4,0,9
RAVELO,"anticoncepcion, prevencion de its y de cancer de cuello uterino",inyectable trimestral: usuarias continuas,2016-01-01,0,2,31,34,0,67
REYES,"anticoncepcion, prevencion de its y de cancer de cuello uterino",inyectable trimestral: usuarias continuas,2016-01-01,0,1,18,7,0,26
RIBERALTA,"anticoncepcion, prevencion de its y de cancer de cuello uterino",inyectable trimestral: usuarias continuas,2016-01-01,0,20,80,6,0,106
ROBORE,"anticoncepcion, prevencion de its y de cancer de cuello uterino",inyectable trimestral: usuarias continuas,2016-01-01,0,4,22,2,0,28
RURRENABAQUE,"anticoncepcion, prevencion de its y de cancer de cuello uterino",inyectable trimestral: usuarias continuas,2016-01-01,1,9,21,7,0,38
SABAYA,"anticoncepcion, prevencion de its y de cancer de cuello uterino",inyectable trimestral: usuarias continuas,2016-01-01,0,0,6,3,0,9
SACABA,"anticoncepcion, prevencion de its y de cancer de cuello uterino",inyectable trimestral: usuarias continuas,2016-01-01,0,15,128,32,0,175
SACABAMBA,"anticoncepcion, prevencion de its y de cancer de cuello uterino",inyectable trimestral: usuarias continuas,2016-01-01,0,0,6,6,2,14
SACACA,"anticoncepcion, prevencion de its y de cancer de cuello uterino",inyectable trimestral: usuarias continuas,2016-01-01,0,3,40,25,0,68
SAIPINA,"anticoncepcion, prevencion de its y de cancer de cuello uterino",inyectable trimestral: usuarias continuas,2016-01-01,0,3,16,5,0,24
SALINAS DE GARCI MENDOZA,"anticoncepcion, prevencion de its y de cancer de cuello uterino",inyectable trimestral: usuarias continuas,2016-01-01,1,2,13,11,1,28
SAMAIPATA,"anticoncepcion, prevencion de its y de cancer de cuello uterino",inyectable trimestral: usuarias continuas,2016-01-01,0,7,39,6,0,52
SAN AGUSTIN,"anticoncepcion, prevencion de its y de cancer de cuello uterino",inyectable trimestral: usuarias continuas,2016-01-01,0,1,2,2,0,5
SAN ANDRES,"anticoncepcion, prevencion de its y de cancer de cuello uterino",inyectable trimestral: usuarias continuas,2016-01-01,0,4,22,12,0,38
SAN ANDRES DE MACHACA,"anticoncepcion, prevencion de its y de cancer de cuello uterino",inyectable trimestral: usuarias continuas,2016-01-01,0,0,7,1,0,8
SAN ANTONIO DE ESMORUCO,"anticoncepcion, prevencion de its y de cancer de cuello uterino",inyectable trimestral: usuarias continuas,2016-01-01,0,0,2,0,0,2
SAN ANTONIO DE LOMERIO,"anticoncepcion, prevencion de its y de cancer de cuello uterino",inyectable trimestral: usuarias continuas,2016-01-01,0,4,34,37,0,75
SAN BENITO,"anticoncepcion, prevencion de its y de cancer de cuello uterino",inyectable trimestral: usuarias continuas,2016-01-01,0,4,19,14,0,37
SAN BORJA,"anticoncepcion, prevencion de its y de cancer de cuello uterino",inyectable trimestral: usuarias continuas,2016-01-01,0,20,67,31,0,118
SAN BUENA VENTURA,"anticoncepcion, prevencion de its y de cancer de cuello uterino",inyectable trimestral: usuarias continuas,2016-01-01,0,2,11,6,0,19
SAN CARLOS,"anticoncepcion, prevencion de its y de cancer de cuello uterino",inyectable trimestral: usuarias continuas,2016-01-01,0,7,28,8,0,43
SAN IGNACIO,"anticoncepcion, prevencion de its y de cancer de cuello uterino",inyectable trimestral: usuarias continuas,2016-01-01,0,10,71,33,1,115
SAN IGNACIO DE VELASCO,"anticoncepcion, prevencion de its y de cancer de cuello uterino",inyectable trimestral: usuarias continuas,2016-01-01,1,22,112,48,0,183
SAN JAVIER(BNI),"anticoncepcion, prevencion de its y de cancer de cuello uterino",inyectable trimestral: usuarias continuas,2016-01-01,0,2,3,0,0,5
SAN JAVIER(STC),"anticoncepcion, prevencion de its y de cancer de cuello uterino",inyectable trimestral: usuarias continuas,2016-01-01,0,7,23,10,0,40
SAN JOSE DE CHIQUITOS,"anticoncepcion, prevencion de its y de cancer de cuello uterino",inyectable trimestral: usuarias continuas,2016-01-01,0,3,9,9,0,21
SAN JUAN DE YAPACANI,"anticoncepcion, prevencion de its y de cancer de cuello uterino",inyectable trimestral: usuarias continuas,2016-01-01,0,2,29,11,1,43
SAN JULIAN,"anticoncepcion, prevencion de its y de cancer de cuello uterino",inyectable trimestral: usuarias continuas,2016-01-01,1,10,85,32,1,129
SAN LORENZO(PND),"anticoncepcion, prevencion de its y de cancer de cuello uterino",inyectable trimestral: usuarias continuas,2016-01-01,0,0,22,3,0,25
SAN LORENZO(TJA),"anticoncepcion, prevencion de its y de cancer de cuello uterino",inyectable trimestral: usuarias continuas,2016-01-01,0,7,64,42,4,117
SAN LUCAS,"anticoncepcion, prevencion de its y de cancer de cuello uterino",inyectable trimestral: usuarias continuas,2016-01-01,0,2,45,36,1,84
SAN MATIAS,"anticoncepcion, prevencion de its y de cancer de cuello uterino",inyectable trimestral: usuarias continuas,2016-01-01,0,0,22,5,0,27
SAN MIGUEL DE VELASCO,"anticoncepcion, prevencion de its y de cancer de cuello uterino",inyectable trimestral: usuarias continuas,2016-01-01,0,8,57,38,1,104
SAN PABLO DE LIPEZ,"anticoncepcion, prevencion de its y de cancer de cuello uterino",inyectable trimestral: usuarias continuas,2016-01-01,0,0,2,1,0,3
SAN PEDRO,"anticoncepcion, prevencion de its y de cancer de cuello uterino",inyectable trimestral: usuarias continuas,2016-01-01,1,6,32,18,0,57
SAN PEDRO DE BUENA VISTA,"anticoncepcion, prevencion de its y de cancer de cuello uterino",inyectable trimestral: usuarias continuas,2016-01-01,1,6,28,20,0,55
SAN PEDRO DE CURAHUARA,"anticoncepcion, prevencion de its y de cancer de cuello uterino",inyectable trimestral: usuarias continuas,2016-01-01,0,0,7,2,0,9
SAN PEDRO DE TIQUINA,"anticoncepcion, prevencion de its y de cancer de cuello uterino",inyectable trimestral: usuarias continuas,2016-01-01,0,0,6,1,0,7
SAN PEDRO(PND),"anticoncepcion, prevencion de its y de cancer de cuello uterino",inyectable trimestral: usuarias continuas,2016-01-01,0,0,2,0,0,2
SAN RAFAEL,"anticoncepcion, prevencion de its y de cancer de cuello uterino",inyectable trimestral: usuarias continuas,2016-01-01,0,6,28,13,0,47
SAN RAMON BENI,"anticoncepcion, prevencion de its y de cancer de cuello uterino",inyectable trimestral: usuarias continuas,2016-01-01,0,2,7,2,0,11
SAN RAMON SCZ,"anticoncepcion, prevencion de its y de cancer de cuello uterino",inyectable trimestral: usuarias continuas,2016-01-01,0,7,30,9,0,46
SANTA ANA,"anticoncepcion, prevencion de its y de cancer de cuello uterino",inyectable trimestral: usuarias continuas,2016-01-01,0,1,7,0,0,8
SANTA CRUZ DE LA SIERRA,"anticoncepcion, prevencion de its y de cancer de cuello uterino",inyectable trimestral: usuarias continuas,2016-01-01,2,53,218,51,0,324
SANTA ROSA,"anticoncepcion, prevencion de its y de cancer de cuello uterino",inyectable trimestral: usuarias continuas,2016-01-01,0,0,4,2,0,6
SANTA ROSA DEL SARA,"anticoncepcion, prevencion de its y de cancer de cuello uterino",inyectable trimestral: usuarias continuas,2016-01-01,0,3,20,14,0,37
SANTIAGO DE CALLAPA,"anticoncepcion, prevencion de its y de cancer de cuello uterino",inyectable trimestral: usuarias continuas,2016-01-01,0,1,1,0,0,2
SANTIAGO DE HUARI,"anticoncepcion, prevencion de its y de cancer de cuello uterino",inyectable trimestral: usuarias continuas,2016-01-01,0,1,10,5,0,16
SANTIAGO DE HUATA,"anticoncepcion, prevencion de its y de cancer de cuello uterino",inyectable trimestral: usuarias continuas,2016-01-01,0,0,3,1,0,4
SANTIAGO DE MACHACA,"anticoncepcion, prevencion de its y de cancer de cuello uterino",inyectable trimestral: usuarias continuas,2016-01-01,0,0,7,2,0,9
SANTIVAÃ‘ES,"anticoncepcion, prevencion de its y de cancer de cuello uterino",inyectable trimestral: usuarias continuas,2016-01-01,0,1,20,10,0,31
SANTUARIO DE QUILLACAS,"anticoncepcion, prevencion de its y de cancer de cuello uterino",inyectable trimestral: usuarias continuas,2016-01-01,0,0,8,5,0,13
SAPAHAQUI,"anticoncepcion, prevencion de its y de cancer de cuello uterino",inyectable trimestral: usuarias continuas,2016-01-01,0,1,15,18,0,34
SENA,"anticoncepcion, prevencion de its y de cancer de cuello uterino",inyectable trimestral: usuarias continuas,2016-01-01,0,1,7,1,0,9
SHINAOTA,"anticoncepcion, prevencion de its y de cancer de cuello uterino",inyectable trimestral: usuarias continuas,2016-01-01,0,7,47,13,0,67
SICA SICA (VILLA AROMA),"anticoncepcion, prevencion de its y de cancer de cuello uterino",inyectable trimestral: usuarias continuas,2016-01-01,0,1,37,29,0,67
SICAYA,"anticoncepcion, prevencion de its y de cancer de cuello uterino",inyectable trimestral: usuarias continuas,2016-01-01,0,1,8,8,0,17
SIPE SIPE,"anticoncepcion, prevencion de its y de cancer de cuello uterino",inyectable trimestral: usuarias continuas,2016-01-01,0,12,146,62,1,221
SOPACHUY,"anticoncepcion, prevencion de its y de cancer de cuello uterino",inyectable trimestral: usuarias continuas,2016-01-01,0,5,13,18,1,37
SORACACHI,"anticoncepcion, prevencion de its y de cancer de cuello uterino",inyectable trimestral: usuarias continuas,2016-01-01,0,1,7,11,0,19
SORATA,"anticoncepcion, prevencion de its y de cancer de cuello uterino",inyectable trimestral: usuarias continuas,2016-01-01,0,2,30,19,0,51
SUCRE,"anticoncepcion, prevencion de its y de cancer de cuello uterino",inyectable trimestral: usuarias continuas,2016-01-01,0,57,302,144,0,503
TACACHI,"anticoncepcion, prevencion de its y de cancer de cuello uterino",inyectable trimestral: usuarias continuas,2016-01-01,0,0,3,0,0,3
TACACOMA,"anticoncepcion, prevencion de its y de cancer de cuello uterino",inyectable trimestral: usuarias continuas,2016-01-01,0,3,20,6,0,29
TACOBAMBA,"anticoncepcion, prevencion de its y de cancer de cuello uterino",inyectable trimestral: usuarias continuas,2016-01-01,0,2,22,11,0,35
TACOPAYA,"anticoncepcion, prevencion de its y de cancer de cuello uterino",inyectable trimestral: usuarias continuas,2016-01-01,0,0,6,4,0,10
TAHUA,"anticoncepcion, prevencion de its y de cancer de cuello uterino",inyectable trimestral: usuarias continuas,2016-01-01,0,0,3,2,0,5
TAPACARI,"anticoncepcion, prevencion de its y de cancer de cuello uterino",inyectable trimestral: usuarias continuas,2016-01-01,0,2,53,38,0,93
TARABUCO,"anticoncepcion, prevencion de its y de cancer de cuello uterino",inyectable trimestral: usuarias continuas,2016-01-01,0,2,29,30,1,62
TARACO,"anticoncepcion, prevencion de its y de cancer de cuello uterino",inyectable trimestral: usuarias continuas,2016-01-01,0,2,12,12,0,26
TARATA,"anticoncepcion, prevencion de its y de cancer de cuello uterino",inyectable trimestral: usuarias continuas,2016-01-01,0,4,25,11,0,40
TARIJA,"anticoncepcion, prevencion de its y de cancer de cuello uterino",inyectable trimestral: usuarias continuas,2016-01-01,1,27,124,58,2,212
TARVITA,"anticoncepcion, prevencion de its y de cancer de cuello uterino",inyectable trimestral: usuarias continuas,2016-01-01,0,6,18,21,0,45
TEOPONTE,"anticoncepcion, prevencion de its y de cancer de cuello uterino",inyectable trimestral: usuarias continuas,2016-01-01,0,5,16,5,0,26
TIAWANACU,"anticoncepcion, prevencion de its y de cancer de cuello uterino",inyectable trimestral: usuarias continuas,2016-01-01,0,4,23,17,0,44
TINGUIPAYA,"anticoncepcion, prevencion de its y de cancer de cuello uterino",inyectable trimestral: usuarias continuas,2016-01-01,0,0,20,12,0,32
TIPUANI,"anticoncepcion, prevencion de its y de cancer de cuello uterino",inyectable trimestral: usuarias continuas,2016-01-01,0,2,9,5,0,16
TIQUIPAYA,"anticoncepcion, prevencion de its y de cancer de cuello uterino",inyectable trimestral: usuarias continuas,2016-01-01,0,13,89,29,0,131
TIRAQUE (CBBA),"anticoncepcion, prevencion de its y de cancer de cuello uterino",inyectable trimestral: usuarias continuas,2016-01-01,0,10,52,32,2,96
TOCO,"anticoncepcion, prevencion de its y de cancer de cuello uterino",inyectable trimestral: usuarias continuas,2016-01-01,0,1,13,11,0,25
TOLATA,"anticoncepcion, prevencion de its y de cancer de cuello uterino",inyectable trimestral: usuarias continuas,2016-01-01,0,2,14,7,0,23
TOLEDO,"anticoncepcion, prevencion de its y de cancer de cuello uterino",inyectable trimestral: usuarias continuas,2016-01-01,0,0,4,4,0,8
TOMAVE,"anticoncepcion, prevencion de its y de cancer de cuello uterino",inyectable trimestral: usuarias continuas,2016-01-01,0,3,20,24,0,47
TOMINA,"anticoncepcion, prevencion de its y de cancer de cuello uterino",inyectable trimestral: usuarias continuas,2016-01-01,0,9,63,28,0,100
TORO TORO,"anticoncepcion, prevencion de its y de cancer de cuello uterino",inyectable trimestral: usuarias continuas,2016-01-01,0,2,16,12,0,30
TOTORA(CBBA),"anticoncepcion, prevencion de its y de cancer de cuello uterino",inyectable trimestral: usuarias continuas,2016-01-01,0,16,47,22,0,85
TOTORA(ORR),"anticoncepcion, prevencion de its y de cancer de cuello uterino",inyectable trimestral: usuarias continuas,2016-01-01,0,0,20,6,0,26
TRIGAL,"anticoncepcion, prevencion de its y de cancer de cuello uterino",inyectable trimestral: usuarias continuas,2016-01-01,0,1,9,2,0,12
TRINIDAD,"anticoncepcion, prevencion de its y de cancer de cuello uterino",inyectable trimestral: usuarias continuas,2016-01-01,0,9,39,9,0,57
TUPIZA,"anticoncepcion, prevencion de its y de cancer de cuello uterino",inyectable trimestral: usuarias continuas,2016-01-01,0,8,86,62,0,156
TURCO,"anticoncepcion, prevencion de its y de cancer de cuello uterino",inyectable trimestral: usuarias continuas,2016-01-01,0,1,2,2,0,5
UMALA,"anticoncepcion, prevencion de its y de cancer de cuello uterino",inyectable trimestral: usuarias continuas,2016-01-01,0,0,10,7,0,17
UNCIA,"anticoncepcion, prevencion de its y de cancer de cuello uterino",inyectable trimestral: usuarias continuas,2016-01-01,0,4,30,23,0,57
URIONDO (A. CONCEPCION),"anticoncepcion, prevencion de its y de cancer de cuello uterino",inyectable trimestral: usuarias continuas,2016-01-01,0,8,61,36,0,105
URUBICHA,"anticoncepcion, prevencion de its y de cancer de cuello uterino",inyectable trimestral: usuarias continuas,2016-01-01,0,0,8,9,0,17
UYUNI,"anticoncepcion, prevencion de its y de cancer de cuello uterino",inyectable trimestral: usuarias continuas,2016-01-01,0,2,40,12,0,54
VACAS,"anticoncepcion, prevencion de its y de cancer de cuello uterino",inyectable trimestral: usuarias continuas,2016-01-01,0,3,22,23,0,48
VALLEGRANDE,"anticoncepcion, prevencion de its y de cancer de cuello uterino",inyectable trimestral: usuarias continuas,2016-01-01,0,18,46,9,0,73
VIACHA,"anticoncepcion, prevencion de its y de cancer de cuello uterino",inyectable trimestral: usuarias continuas,2016-01-01,4,10,101,48,1,164
VILA VILA,"anticoncepcion, prevencion de its y de cancer de cuello uterino",inyectable trimestral: usuarias continuas,2016-01-01,0,0,6,1,0,7
VILLA CHARCAS,"anticoncepcion, prevencion de its y de cancer de cuello uterino",inyectable trimestral: usuarias continuas,2016-01-01,0,6,51,24,0,81
VILLA MONTES,"anticoncepcion, prevencion de its y de cancer de cuello uterino",inyectable trimestral: usuarias continuas,2016-01-01,0,11,69,33,0,113
VILLA NUEVA (LOMA ALTA),"anticoncepcion, prevencion de its y de cancer de cuello uterino",inyectable trimestral: usuarias continuas,2016-01-01,1,1,8,0,0,10
VILLA RIVERO,"anticoncepcion, prevencion de its y de cancer de cuello uterino",inyectable trimestral: usuarias continuas,2016-01-01,0,2,28,16,0,46
VILLA SERRANO,"anticoncepcion, prevencion de its y de cancer de cuello uterino",inyectable trimestral: usuarias continuas,2016-01-01,0,4,30,28,2,64
VILLA TUNARI,"anticoncepcion, prevencion de its y de cancer de cuello uterino",inyectable trimestral: usuarias continuas,2016-01-01,1,33,251,107,0,392
VILLA VACA GUZMAN (MUYUPAMPA),"anticoncepcion, prevencion de its y de cancer de cuello uterino",inyectable trimestral: usuarias continuas,2016-01-01,0,4,27,14,0,45
VILLAZON,"anticoncepcion, prevencion de its y de cancer de cuello uterino",inyectable trimestral: usuarias continuas,2016-01-01,0,13,104,54,0,171
VINTO,"anticoncepcion, prevencion de its y de cancer de cuello uterino",inyectable trimestral: usuarias continuas,2016-01-01,0,8,70,20,0,98
VITICHI,"anticoncepcion, prevencion de its y de cancer de cuello uterino",inyectable trimestral: usuarias continuas,2016-01-01,0,0,13,13,0,26
WALDO BALLIVIAN,"anticoncepcion, prevencion de its y de cancer de cuello uterino",inyectable trimestral: usuarias continuas,2016-01-01,0,0,2,1,0,3
WARNES,"anticoncepcion, prevencion de its y de cancer de cuello uterino",inyectable trimestral: usuarias continuas,2016-01-01,3,40,119,34,0,196
YACO,"anticoncepcion, prevencion de its y de cancer de cuello uterino",inyectable trimestral: usuarias continuas,2016-01-01,0,0,12,5,0,17
YACUIBA,"anticoncepcion, prevencion de its y de cancer de cuello uterino",inyectable trimestral: usuarias continuas,2016-01-01,0,27,155,78,1,261
YAMPARAEZ,"anticoncepcion, prevencion de its y de cancer de cuello uterino",inyectable trimestral: usuarias continuas,2016-01-01,0,1,4,11,0,16
YANACACHI,"anticoncepcion, prevencion de its y de cancer de cuello uterino",inyectable trimestral: usuarias continuas,2016-01-01,0,1,24,8,0,33
YAPACANI,"anticoncepcion, prevencion de its y de cancer de cuello uterino",inyectable trimestral: usuarias continuas,2016-01-01,0,14,44,14,0,72
YOCALLA,"anticoncepcion, prevencion de its y de cancer de cuello uterino",inyectable trimestral: usuarias continuas,2016-01-01,0,0,4,1,0,5
YOTALA,"anticoncepcion, prevencion de its y de cancer de cuello uterino",inyectable trimestral: usuarias continuas,2016-01-01,0,2,7,2,1,12
YUNCHARA,"anticoncepcion, prevencion de its y de cancer de cuello uterino",inyectable trimestral: usuarias continuas,2016-01-01,0,2,34,29,0,65
ZUDAÃ‘EZ,"anticoncepcion, prevencion de its y de cancer de cuello uterino",inyectable trimestral: usuarias continuas,2016-01-01,0,9,40,18,0,67
ACACIO,"anticoncepcion, prevencion de its y de cancer de cuello uterino",inyectable trimestral: usuarias continuas,2016-02-01,0,3,9,5,0,17
ACHACACHI,"anticoncepcion, prevencion de its y de cancer de cuello uterino",inyectable trimestral: usuarias continuas,2016-02-01,0,9,47,34,3,93
ACHOCALLA,"anticoncepcion, prevencion de its y de cancer de cuello uterino",inyectable trimestral: usuarias continuas,2016-02-01,0,5,34,12,0,51
AIQUILE,"anticoncepcion, prevencion de its y de cancer de cuello uterino",inyectable trimestral: usuarias continuas,2016-02-01,0,2,33,22,2,59
ALALAY,"anticoncepcion, prevencion de its y de cancer de cuello uterino",inyectable trimestral: usuarias continuas,2016-02-01,0,0,8,5,0,13
ALCALA,"anticoncepcion, prevencion de its y de cancer de cuello uterino",inyectable trimestral: usuarias continuas,2016-02-01,0,2,15,10,0,27
ALTO BENI,"anticoncepcion, prevencion de its y de cancer de cuello uterino",inyectable trimestral: usuarias continuas,2016-02-01,0,2,16,13,0,31
ANCORAIMES,"anticoncepcion, prevencion de its y de cancer de cuello uterino",inyectable trimestral: usuarias continuas,2016-02-01,0,1,6,4,0,11
ANDAMARCA,"anticoncepcion, prevencion de its y de cancer de cuello uterino",inyectable trimestral: usuarias continuas,2016-02-01,0,1,7,8,0,16
ANTEQUERA,"anticoncepcion, prevencion de its y de cancer de cuello uterino",inyectable trimestral: usuarias continuas,2016-02-01,0,0,2,1,0,3
ANZALDO,"anticoncepcion, prevencion de its y de cancer de cuello uterino",inyectable trimestral: usuarias continuas,2016-02-01,0,0,9,10,0,19
APOLO,"anticoncepcion, prevencion de its y de cancer de cuello uterino",inyectable trimestral: usuarias continuas,2016-02-01,0,1,30,21,0,52
ARAMPAMPA,"anticoncepcion, prevencion de its y de cancer de cuello uterino",inyectable trimestral: usuarias continuas,2016-02-01,0,0,4,5,0,9
ARANI,"anticoncepcion, prevencion de its y de cancer de cuello uterino",inyectable trimestral: usuarias continuas,2016-02-01,0,0,18,12,0,30
ARBIETO,"anticoncepcion, prevencion de its y de cancer de cuello uterino",inyectable trimestral: usuarias continuas,2016-02-01,0,4,47,17,0,68
ARQUE,"anticoncepcion, prevencion de its y de cancer de cuello uterino",inyectable trimestral: usuarias continuas,2016-02-01,0,2,45,25,0,72
ASCENCION DE GUARAYOS,"anticoncepcion, prevencion de its y de cancer de cuello uterino",inyectable trimestral: usuarias continuas,2016-02-01,0,1,8,5,0,14
ATOCHA,"anticoncepcion, prevencion de its y de cancer de cuello uterino",inyectable trimestral: usuarias continuas,2016-02-01,0,1,24,20,0,45
AUCAPATA,"anticoncepcion, prevencion de its y de cancer de cuello uterino",inyectable trimestral: usuarias continuas,2016-02-01,0,1,11,7,0,19
AYATA,"anticoncepcion, prevencion de its y de cancer de cuello uterino",inyectable trimestral: usuarias continuas,2016-02-01,0,1,26,15,0,42
AYO AYO,"anticoncepcion, prevencion de its y de cancer de cuello uterino",inyectable trimestral: usuarias continuas,2016-02-01,0,1,7,7,0,15
AYOPAYA (V. DE INDEPENDENCIA),"anticoncepcion, prevencion de its y de cancer de cuello uterino",inyectable trimestral: usuarias continuas,2016-02-01,0,2,64,55,2,123
AZURDUY,"anticoncepcion, prevencion de its y de cancer de cuello uterino",inyectable trimestral: usuarias continuas,2016-02-01,0,7,33,24,0,64
BATALLAS,"anticoncepcion, prevencion de its y de cancer de cuello uterino",inyectable trimestral: usuarias continuas,2016-02-01,0,4,16,16,0,36
BAURES,"anticoncepcion, prevencion de its y de cancer de cuello uterino",inyectable trimestral: usuarias continuas,2016-02-01,0,0,2,2,0,4
BELEN DE ANDAMARCA,"anticoncepcion, prevencion de its y de cancer de cuello uterino",inyectable trimestral: usuarias continuas,2016-02-01,0,0,1,2,0,3
BELEN DE URMIRI,"anticoncepcion, prevencion de its y de cancer de cuello uterino",inyectable trimestral: usuarias continuas,2016-02-01,0,0,3,1,0,4
BELLA FLOR,"anticoncepcion, prevencion de its y de cancer de cuello uterino",inyectable trimestral: usuarias continuas,2016-02-01,1,2,7,8,0,18
BERMEJO,"anticoncepcion, prevencion de its y de cancer de cuello uterino",inyectable trimestral: usuarias continuas,2016-02-01,1,6,54,22,0,83
BETANZOS,"anticoncepcion, prevencion de its y de cancer de cuello uterino",inyectable trimestral: usuarias continuas,2016-02-01,0,2,29,40,0,71
BOLIVAR,"anticoncepcion, prevencion de its y de cancer de cuello uterino",inyectable trimestral: usuarias continuas,2016-02-01,0,0,12,11,0,23
BOLPEBRA,"anticoncepcion, prevencion de its y de cancer de cuello uterino",inyectable trimestral: usuarias continuas,2016-02-01,1,4,4,0,0,9
BOYUIBE,"anticoncepcion, prevencion de its y de cancer de cuello uterino",inyectable trimestral: usuarias continuas,2016-02-01,0,0,7,1,0,8
BUENA VISTA,"anticoncepcion, prevencion de its y de cancer de cuello uterino",inyectable trimestral: usuarias continuas,2016-02-01,0,12,26,12,0,50
CABEZAS,"anticoncepcion, prevencion de its y de cancer de cuello uterino",inyectable trimestral: usuarias continuas,2016-02-01,0,23,55,17,0,95
CAIROMA,"anticoncepcion, prevencion de its y de cancer de cuello uterino",inyectable trimestral: usuarias continuas,2016-02-01,0,2,16,14,0,32
"CAIZA ""D""","anticoncepcion, prevencion de its y de cancer de cuello uterino",inyectable trimestral: usuarias continuas,2016-02-01,0,0,18,6,0,24
CAJUATA,"anticoncepcion, prevencion de its y de cancer de cuello uterino",inyectable trimestral: usuarias continuas,2016-02-01,0,0,13,5,0,18
CALACOTO,"anticoncepcion, prevencion de its y de cancer de cuello uterino",inyectable trimestral: usuarias continuas,2016-02-01,0,1,0,1,0,2
CALAMARCA,"anticoncepcion, prevencion de its y de cancer de cuello uterino",inyectable trimestral: usuarias continuas,2016-02-01,0,6,38,17,0,61
CAMARGO,"anticoncepcion, prevencion de its y de cancer de cuello uterino",inyectable trimestral: usuarias continuas,2016-02-01,0,0,19,18,0,37
CAMATAQUI (C. VILLA ABECIA),"anticoncepcion, prevencion de its y de cancer de cuello uterino",inyectable trimestral: usuarias continuas,2016-02-01,0,0,8,6,0,14
CAMIRI,"anticoncepcion, prevencion de its y de cancer de cuello uterino",inyectable trimestral: usuarias continuas,2016-02-01,0,1,42,11,0,54
CAPINOTA,"anticoncepcion, prevencion de its y de cancer de cuello uterino",inyectable trimestral: usuarias continuas,2016-02-01,0,6,43,26,0,75
CAQUIAVIRI,"anticoncepcion, prevencion de its y de cancer de cuello uterino",inyectable trimestral: usuarias continuas,2016-02-01,0,1,14,11,0,26
CARACOLLO,"anticoncepcion, prevencion de its y de cancer de cuello uterino",inyectable trimestral: usuarias continuas,2016-02-01,0,1,26,7,0,34
CARANAVI,"anticoncepcion, prevencion de its y de cancer de cuello uterino",inyectable trimestral: usuarias continuas,2016-02-01,0,3,54,30,0,87
CARANGAS,"anticoncepcion, prevencion de its y de cancer de cuello uterino",inyectable trimestral: usuarias continuas,2016-02-01,0,1,0,0,0,1
CARAPARI,"anticoncepcion, prevencion de its y de cancer de cuello uterino",inyectable trimestral: usuarias continuas,2016-02-01,0,6,35,22,0,63
CARIPUYO,"anticoncepcion, prevencion de its y de cancer de cuello uterino",inyectable trimestral: usuarias continuas,2016-02-01,0,1,7,8,0,16
CARMEN RIVERO TORREZ,"anticoncepcion, prevencion de its y de cancer de cuello uterino",inyectable trimestral: usuarias continuas,2016-02-01,0,3,6,3,0,12
CATACORA,"anticoncepcion, prevencion de its y de cancer de cuello uterino",inyectable trimestral: usuarias continuas,2016-02-01,0,0,1,1,0,2
CHACARILLA,"anticoncepcion, prevencion de its y de cancer de cuello uterino",inyectable trimestral: usuarias continuas,2016-02-01,0,0,3,0,0,3
CHALLAPATA,"anticoncepcion, prevencion de its y de cancer de cuello uterino",inyectable trimestral: usuarias continuas,2016-02-01,0,2,26,17,0,45
CHAQUI,"anticoncepcion, prevencion de its y de cancer de cuello uterino",inyectable trimestral: usuarias continuas,2016-02-01,0,3,15,6,0,24
CHARAGUA,"anticoncepcion, prevencion de its y de cancer de cuello uterino",inyectable trimestral: usuarias continuas,2016-02-01,0,2,28,24,0,54
CHARAÃ‘A,"anticoncepcion, prevencion de its y de cancer de cuello uterino",inyectable trimestral: usuarias continuas,2016-02-01,0,0,4,2,0,6
CHAYANTA,"anticoncepcion, prevencion de its y de cancer de cuello uterino",inyectable trimestral: usuarias continuas,2016-02-01,0,1,27,11,0,39
CHIMORE,"anticoncepcion, prevencion de its y de cancer de cuello uterino",inyectable trimestral: usuarias continuas,2016-02-01,0,8,47,17,0,72
CHIPAYA,"anticoncepcion, prevencion de its y de cancer de cuello uterino",inyectable trimestral: usuarias continuas,2016-02-01,1,5,12,2,0,20
CHOQUE COTA,"anticoncepcion, prevencion de its y de cancer de cuello uterino",inyectable trimestral: usuarias continuas,2016-02-01,0,0,1,1,0,2
CHUA COCANI,"anticoncepcion, prevencion de its y de cancer de cuello uterino",inyectable trimestral: usuarias continuas,2016-02-01,0,0,4,1,0,5
CHULUMANI (V. DE LA LIBERTAD),"anticoncepcion, prevencion de its y de cancer de cuello uterino",inyectable trimestral: usuarias continuas,2016-02-01,0,4,13,10,0,27
CHUMA,"anticoncepcion, prevencion de its y de cancer de cuello uterino",inyectable trimestral: usuarias continuas,2016-02-01,0,4,22,21,0,47
CHUQUIHUTA AYLLU JUCUMANI,"anticoncepcion, prevencion de its y de cancer de cuello uterino",inyectable trimestral: usuarias continuas,2016-02-01,0,0,18,4,0,22
CKOCHAS,"anticoncepcion, prevencion de its y de cancer de cuello uterino",inyectable trimestral: usuarias continuas,2016-02-01,0,3,40,35,1,79
CLIZA,"anticoncepcion, prevencion de its y de cancer de cuello uterino",inyectable trimestral: usuarias continuas,2016-02-01,0,1,23,9,0,33
COBIJA,"anticoncepcion, prevencion de its y de cancer de cuello uterino",inyectable trimestral: usuarias continuas,2016-02-01,1,21,62,27,0,111
COCAPATA,"anticoncepcion, prevencion de its y de cancer de cuello uterino",inyectable trimestral: usuarias continuas,2016-02-01,1,11,46,32,0,90
COCHABAMBA,"anticoncepcion, prevencion de its y de cancer de cuello uterino",inyectable trimestral: usuarias continuas,2016-02-01,0,35,276,73,1,385
COIPASA,"anticoncepcion, prevencion de its y de cancer de cuello uterino",inyectable trimestral: usuarias continuas,2016-02-01,0,0,0,2,0,2
COLCAPIRHUA,"anticoncepcion, prevencion de its y de cancer de cuello uterino",inyectable trimestral: usuarias continuas,2016-02-01,0,2,48,12,0,62
"COLCHA ""K""","anticoncepcion, prevencion de its y de cancer de cuello uterino",inyectable trimestral: usuarias continuas,2016-02-01,0,3,38,16,0,57
COLLANA,"anticoncepcion, prevencion de its y de cancer de cuello uterino",inyectable trimestral: usuarias continuas,2016-02-01,0,0,6,1,0,7
COLOMI,"anticoncepcion, prevencion de its y de cancer de cuello uterino",inyectable trimestral: usuarias continuas,2016-02-01,0,5,57,15,0,77
COLPA BELGICA,"anticoncepcion, prevencion de its y de cancer de cuello uterino",inyectable trimestral: usuarias continuas,2016-02-01,0,1,2,2,0,5
COLQUECHACA,"anticoncepcion, prevencion de its y de cancer de cuello uterino",inyectable trimestral: usuarias continuas,2016-02-01,0,10,59,40,0,109
COLQUENCHA,"anticoncepcion, prevencion de its y de cancer de cuello uterino",inyectable trimestral: usuarias continuas,2016-02-01,0,2,20,7,0,29
COLQUIRI,"anticoncepcion, prevencion de its y de cancer de cuello uterino",inyectable trimestral: usuarias continuas,2016-02-01,0,2,17,8,0,27
COMANCHE,"anticoncepcion, prevencion de its y de cancer de cuello uterino",inyectable trimestral: usuarias continuas,2016-02-01,0,0,3,1,0,4
COMARAPA,"anticoncepcion, prevencion de its y de cancer de cuello uterino",inyectable trimestral: usuarias continuas,2016-02-01,0,5,47,22,0,74
COMBAYA,"anticoncepcion, prevencion de its y de cancer de cuello uterino",inyectable trimestral: usuarias continuas,2016-02-01,0,0,3,1,0,4
CONCEPCION,"anticoncepcion, prevencion de its y de cancer de cuello uterino",inyectable trimestral: usuarias continuas,2016-02-01,0,5,22,3,0,30
COPACABANA,"anticoncepcion, prevencion de its y de cancer de cuello uterino",inyectable trimestral: usuarias continuas,2016-02-01,0,1,19,18,0,38
CORIPATA,"anticoncepcion, prevencion de its y de cancer de cuello uterino",inyectable trimestral: usuarias continuas,2016-02-01,0,1,25,10,0,36
CORO CORO,"anticoncepcion, prevencion de its y de cancer de cuello uterino",inyectable trimestral: usuarias continuas,2016-02-01,0,0,10,2,0,12
COROICO,"anticoncepcion, prevencion de its y de cancer de cuello uterino",inyectable trimestral: usuarias continuas,2016-02-01,0,1,17,3,0,21
CORQUE,"anticoncepcion, prevencion de its y de cancer de cuello uterino",inyectable trimestral: usuarias continuas,2016-02-01,0,1,9,6,0,16
COTAGAITA,"anticoncepcion, prevencion de its y de cancer de cuello uterino",inyectable trimestral: usuarias continuas,2016-02-01,0,3,53,39,1,96
COTOCA,"anticoncepcion, prevencion de its y de cancer de cuello uterino",inyectable trimestral: usuarias continuas,2016-02-01,0,6,80,30,0,116
CUATRO CAÃ‘ADAS,"anticoncepcion, prevencion de its y de cancer de cuello uterino",inyectable trimestral: usuarias continuas,2016-02-01,0,6,17,11,0,34
CUCHUMUELA (V. G. VILLARROEL),"anticoncepcion, prevencion de its y de cancer de cuello uterino",inyectable trimestral: usuarias continuas,2016-02-01,0,1,5,4,0,10
CUEVO,"anticoncepcion, prevencion de its y de cancer de cuello uterino",inyectable trimestral: usuarias continuas,2016-02-01,0,1,13,12,0,26
CULPINA,"anticoncepcion, prevencion de its y de cancer de cuello uterino",inyectable trimestral: usuarias continuas,2016-02-01,0,6,50,32,1,89
CURAHUARA DE CARANGAS,"anticoncepcion, prevencion de its y de cancer de cuello uterino",inyectable trimestral: usuarias continuas,2016-02-01,0,0,14,6,0,20
CURVA,"anticoncepcion, prevencion de its y de cancer de cuello uterino",inyectable trimestral: usuarias continuas,2016-02-01,0,0,7,0,0,7
DESAGUADERO,"anticoncepcion, prevencion de its y de cancer de cuello uterino",inyectable trimestral: usuarias continuas,2016-02-01,0,0,9,4,0,13
EL ALTO,"anticoncepcion, prevencion de its y de cancer de cuello uterino",inyectable trimestral: usuarias continuas,2016-02-01,0,38,644,271,3,956
EL CHORO,"anticoncepcion, prevencion de its y de cancer de cuello uterino",inyectable trimestral: usuarias continuas,2016-02-01,0,1,5,1,0,7
EL PUENTE(STC),"anticoncepcion, prevencion de its y de cancer de cuello uterino",inyectable trimestral: usuarias continuas,2016-02-01,0,1,39,12,0,52
EL PUENTE(TJA),"anticoncepcion, prevencion de its y de cancer de cuello uterino",inyectable trimestral: usuarias continuas,2016-02-01,0,7,48,41,0,96
EL TORNO,"anticoncepcion, prevencion de its y de cancer de cuello uterino",inyectable trimestral: usuarias continuas,2016-02-01,1,22,88,44,2,157
EL VILLAR,"anticoncepcion, prevencion de its y de cancer de cuello uterino",inyectable trimestral: usuarias continuas,2016-02-01,0,3,21,17,0,41
ENTRE RIOS TRJ,"anticoncepcion, prevencion de its y de cancer de cuello uterino",inyectable trimestral: usuarias continuas,2016-02-01,0,21,92,51,3,167
ENTRE RIOS CBBA,"anticoncepcion, prevencion de its y de cancer de cuello uterino",inyectable trimestral: usuarias continuas,2016-02-01,0,7,36,15,0,58
ESMERALDA,"anticoncepcion, prevencion de its y de cancer de cuello uterino",inyectable trimestral: usuarias continuas,2016-02-01,0,0,0,1,0,1
EUCALIPTUS,"anticoncepcion, prevencion de its y de cancer de cuello uterino",inyectable trimestral: usuarias continuas,2016-02-01,0,0,4,2,0,6
EUREKA (SANTOS MERCADO),"anticoncepcion, prevencion de its y de cancer de cuello uterino",inyectable trimestral: usuarias continuas,2016-02-01,0,0,10,0,0,10
FERNANDEZ ALONSO,"anticoncepcion, prevencion de its y de cancer de cuello uterino",inyectable trimestral: usuarias continuas,2016-02-01,0,8,23,16,0,47
FILADELFIA,"anticoncepcion, prevencion de its y de cancer de cuello uterino",inyectable trimestral: usuarias continuas,2016-02-01,0,8,16,6,0,30
GENERAL SAAVEDRA,"anticoncepcion, prevencion de its y de cancer de cuello uterino",inyectable trimestral: usuarias continuas,2016-02-01,0,4,38,13,0,55
GRAL. J.J. PEREZ (CHARAZANI),"anticoncepcion, prevencion de its y de cancer de cuello uterino",inyectable trimestral: usuarias continuas,2016-02-01,0,0,17,11,0,28
GUANAY,"anticoncepcion, prevencion de its y de cancer de cuello uterino",inyectable trimestral: usuarias continuas,2016-02-01,0,1,4,8,0,13
GUAQUI,"anticoncepcion, prevencion de its y de cancer de cuello uterino",inyectable trimestral: usuarias continuas,2016-02-01,0,2,14,7,0,23
GUAYARAMERIN,"anticoncepcion, prevencion de its y de cancer de cuello uterino",inyectable trimestral: usuarias continuas,2016-02-01,0,2,30,2,0,34
GUTIERREZ,"anticoncepcion, prevencion de its y de cancer de cuello uterino",inyectable trimestral: usuarias continuas,2016-02-01,0,3,19,4,0,26
HUACARETA,"anticoncepcion, prevencion de its y de cancer de cuello uterino",inyectable trimestral: usuarias continuas,2016-02-01,0,3,31,24,1,59
HUACAYA (VILLA DE HUACAYA),"anticoncepcion, prevencion de its y de cancer de cuello uterino",inyectable trimestral: usuarias continuas,2016-02-01,0,1,10,3,0,14
HUACHACALLA,"anticoncepcion, prevencion de its y de cancer de cuello uterino",inyectable trimestral: usuarias continuas,2016-02-01,0,0,2,0,0,2
HUANUNI,"anticoncepcion, prevencion de its y de cancer de cuello uterino",inyectable trimestral: usuarias continuas,2016-02-01,0,1,5,3,0,9
HUARACAJE,"anticoncepcion, prevencion de its y de cancer de cuello uterino",inyectable trimestral: usuarias continuas,2016-02-01,0,0,4,1,0,5
HUARINA,"anticoncepcion, prevencion de its y de cancer de cuello uterino",inyectable trimestral: usuarias continuas,2016-02-01,0,2,10,6,0,18
HUATAJATA,"anticoncepcion, prevencion de its y de cancer de cuello uterino",inyectable trimestral: usuarias continuas,2016-02-01,0,1,1,2,0,4
HUAYLLAMARCA,"anticoncepcion, prevencion de its y de cancer de cuello uterino",inyectable trimestral: usuarias continuas,2016-02-01,0,0,9,8,0,17
HUMANATA,"anticoncepcion, prevencion de its y de cancer de cuello uterino",inyectable trimestral: usuarias continuas,2016-02-01,0,1,1,2,0,4
ICHOCA,"anticoncepcion, prevencion de its y de cancer de cuello uterino",inyectable trimestral: usuarias continuas,2016-02-01,0,1,5,4,0,10
ICLA,"anticoncepcion, prevencion de its y de cancer de cuello uterino",inyectable trimestral: usuarias continuas,2016-02-01,0,1,18,20,0,39
INCAHUASI,"anticoncepcion, prevencion de its y de cancer de cuello uterino",inyectable trimestral: usuarias continuas,2016-02-01,0,1,26,19,0,46
INGAVI (HUMAITA),"anticoncepcion, prevencion de its y de cancer de cuello uterino",inyectable trimestral: usuarias continuas,2016-02-01,0,1,7,0,0,8
INQUISIVI,"anticoncepcion, prevencion de its y de cancer de cuello uterino",inyectable trimestral: usuarias continuas,2016-02-01,0,3,19,8,0,30
IRUPANA (VILLA DE LANZA),"anticoncepcion, prevencion de its y de cancer de cuello uterino",inyectable trimestral: usuarias continuas,2016-02-01,0,2,29,8,0,39
IXIAMAS,"anticoncepcion, prevencion de its y de cancer de cuello uterino",inyectable trimestral: usuarias continuas,2016-02-01,0,1,22,0,0,23
JESUS DE MACHACA,"anticoncepcion, prevencion de its y de cancer de cuello uterino",inyectable trimestral: usuarias continuas,2016-02-01,0,2,19,11,0,32
LA ASUNTA,"anticoncepcion, prevencion de its y de cancer de cuello uterino",inyectable trimestral: usuarias continuas,2016-02-01,0,8,106,42,0,156
LA GUARDIA,"anticoncepcion, prevencion de its y de cancer de cuello uterino",inyectable trimestral: usuarias continuas,2016-02-01,0,13,76,20,0,109
LA PAZ,"anticoncepcion, prevencion de its y de cancer de cuello uterino",inyectable trimestral: usuarias continuas,2016-02-01,3,31,276,73,1,384
LAGUNILLAS,"anticoncepcion, prevencion de its y de cancer de cuello uterino",inyectable trimestral: usuarias continuas,2016-02-01,0,1,5,5,1,12
LAJA,"anticoncepcion, prevencion de its y de cancer de cuello uterino",inyectable trimestral: usuarias continuas,2016-02-01,0,3,21,11,0,35
LAS CARRERAS,"anticoncepcion, prevencion de its y de cancer de cuello uterino",inyectable trimestral: usuarias continuas,2016-02-01,0,1,6,5,1,13
LICOMA PAMPA,"anticoncepcion, prevencion de its y de cancer de cuello uterino",inyectable trimestral: usuarias continuas,2016-02-01,0,1,7,4,0,12
LLALLAGUA,"anticoncepcion, prevencion de its y de cancer de cuello uterino",inyectable trimestral: usuarias continuas,2016-02-01,0,4,39,18,0,61
LLICA,"anticoncepcion, prevencion de its y de cancer de cuello uterino",inyectable trimestral: usuarias continuas,2016-02-01,0,1,13,2,0,16
LORETO,"anticoncepcion, prevencion de its y de cancer de cuello uterino",inyectable trimestral: usuarias continuas,2016-02-01,0,0,7,3,0,10
LURIBAY,"anticoncepcion, prevencion de its y de cancer de cuello uterino",inyectable trimestral: usuarias continuas,2016-02-01,0,4,18,19,0,41
MACHACAMARCA,"anticoncepcion, prevencion de its y de cancer de cuello uterino",inyectable trimestral: usuarias continuas,2016-02-01,0,0,1,2,0,3
MACHARETI,"anticoncepcion, prevencion de its y de cancer de cuello uterino",inyectable trimestral: usuarias continuas,2016-02-01,0,3,42,14,0,59
MAGDALENA,"anticoncepcion, prevencion de its y de cancer de cuello uterino",inyectable trimestral: usuarias continuas,2016-02-01,0,3,31,5,0,39
MAIRANA,"anticoncepcion, prevencion de its y de cancer de cuello uterino",inyectable trimestral: usuarias continuas,2016-02-01,0,4,20,6,0,30
MALLA,"anticoncepcion, prevencion de its y de cancer de cuello uterino",inyectable trimestral: usuarias continuas,2016-02-01,0,0,1,4,0,5
MAPIRI,"anticoncepcion, prevencion de its y de cancer de cuello uterino",inyectable trimestral: usuarias continuas,2016-02-01,0,2,17,5,0,24
MECAPACA,"anticoncepcion, prevencion de its y de cancer de cuello uterino",inyectable trimestral: usuarias continuas,2016-02-01,0,2,12,12,0,26
MINEROS,"anticoncepcion, prevencion de its y de cancer de cuello uterino",inyectable trimestral: usuarias continuas,2016-02-01,0,7,54,17,0,78
MIZQUE,"anticoncepcion, prevencion de its y de cancer de cuello uterino",inyectable trimestral: usuarias continuas,2016-02-01,0,11,56,31,0,98
MOCOMOCO,"anticoncepcion, prevencion de its y de cancer de cuello uterino",inyectable trimestral: usuarias continuas,2016-02-01,0,0,13,12,0,25
MOJINETE,"anticoncepcion, prevencion de its y de cancer de cuello uterino",inyectable trimestral: usuarias continuas,2016-02-01,0,0,1,2,0,3
MOJOCOYA,"anticoncepcion, prevencion de its y de cancer de cuello uterino",inyectable trimestral: usuarias continuas,2016-02-01,0,2,21,23,0,46
MONTEAGUDO,"anticoncepcion, prevencion de its y de cancer de cuello uterino",inyectable trimestral: usuarias continuas,2016-02-01,0,5,45,33,1,84
MONTERO,"anticoncepcion, prevencion de its y de cancer de cuello uterino",inyectable trimestral: usuarias continuas,2016-02-01,0,35,129,43,1,208
MORO MORO,"anticoncepcion, prevencion de its y de cancer de cuello uterino",inyectable trimestral: usuarias continuas,2016-02-01,0,4,16,7,0,27
MOROCHATA,"anticoncepcion, prevencion de its y de cancer de cuello uterino",inyectable trimestral: usuarias continuas,2016-02-01,0,5,33,29,1,68
NACEBE (SANTA ROSA DEL ABUNA),"anticoncepcion, prevencion de its y de cancer de cuello uterino",inyectable trimestral: usuarias continuas,2016-02-01,0,3,13,2,0,18
NAZACARA DE PACAJES,"anticoncepcion, prevencion de its y de cancer de cuello uterino",inyectable trimestral: usuarias continuas,2016-02-01,0,1,0,0,0,1
NUEVO MANOA (NUEVA ESPERANZA),"anticoncepcion, prevencion de its y de cancer de cuello uterino",inyectable trimestral: usuarias continuas,2016-02-01,0,0,4,0,0,4
OCURI,"anticoncepcion, prevencion de its y de cancer de cuello uterino",inyectable trimestral: usuarias continuas,2016-02-01,0,0,22,9,0,31
OKINAWA,"anticoncepcion, prevencion de its y de cancer de cuello uterino",inyectable trimestral: usuarias continuas,2016-02-01,0,4,27,9,0,40
OMEREQUE,"anticoncepcion, prevencion de its y de cancer de cuello uterino",inyectable trimestral: usuarias continuas,2016-02-01,0,7,23,11,1,42
ORURO,"anticoncepcion, prevencion de its y de cancer de cuello uterino",inyectable trimestral: usuarias continuas,2016-02-01,0,19,373,111,13,516
PADCAYA,"anticoncepcion, prevencion de its y de cancer de cuello uterino",inyectable trimestral: usuarias continuas,2016-02-01,0,11,79,53,1,144
PADILLA,"anticoncepcion, prevencion de its y de cancer de cuello uterino",inyectable trimestral: usuarias continuas,2016-02-01,0,0,44,22,1,67
PAILON,"anticoncepcion, prevencion de its y de cancer de cuello uterino",inyectable trimestral: usuarias continuas,2016-02-01,0,3,18,5,0,26
PALCA,"anticoncepcion, prevencion de its y de cancer de cuello uterino",inyectable trimestral: usuarias continuas,2016-02-01,0,4,31,10,1,46
PALOS BLANCOS,"anticoncepcion, prevencion de its y de cancer de cuello uterino",inyectable trimestral: usuarias continuas,2016-02-01,0,4,34,29,0,67
PAMPA AULLAGAS,"anticoncepcion, prevencion de its y de cancer de cuello uterino",inyectable trimestral: usuarias continuas,2016-02-01,0,0,3,3,0,6
PAMPA GRANDE,"anticoncepcion, prevencion de its y de cancer de cuello uterino",inyectable trimestral: usuarias continuas,2016-02-01,0,3,27,7,1,38
PAPEL PAMPA,"anticoncepcion, prevencion de its y de cancer de cuello uterino",inyectable trimestral: usuarias continuas,2016-02-01,0,3,9,8,0,20
PASORAPA,"anticoncepcion, prevencion de its y de cancer de cuello uterino",inyectable trimestral: usuarias continuas,2016-02-01,0,1,10,6,1,18
PATACAMAYA,"anticoncepcion, prevencion de its y de cancer de cuello uterino",inyectable trimestral: usuarias continuas,2016-02-01,0,3,6,4,0,13
PAZÃ‘A,"anticoncepcion, prevencion de its y de cancer de cuello uterino",inyectable trimestral: usuarias continuas,2016-02-01,0,0,21,10,0,31
PELECHUCO,"anticoncepcion, prevencion de its y de cancer de cuello uterino",inyectable trimestral: usuarias continuas,2016-02-01,0,1,20,8,0,29
POCOATA,"anticoncepcion, prevencion de its y de cancer de cuello uterino",inyectable trimestral: usuarias continuas,2016-02-01,0,2,18,34,0,54
POCONA,"anticoncepcion, prevencion de its y de cancer de cuello uterino",inyectable trimestral: usuarias continuas,2016-02-01,0,9,53,34,0,96
POJO (CBBA),"anticoncepcion, prevencion de its y de cancer de cuello uterino",inyectable trimestral: usuarias continuas,2016-02-01,0,6,26,26,0,58
POOPO,"anticoncepcion, prevencion de its y de cancer de cuello uterino",inyectable trimestral: usuarias continuas,2016-02-01,0,0,9,3,0,12
PORCO,"anticoncepcion, prevencion de its y de cancer de cuello uterino",inyectable trimestral: usuarias continuas,2016-02-01,0,0,10,6,0,16
POROMA,"anticoncepcion, prevencion de its y de cancer de cuello uterino",inyectable trimestral: usuarias continuas,2016-02-01,0,6,45,22,2,75
PORONGO,"anticoncepcion, prevencion de its y de cancer de cuello uterino",inyectable trimestral: usuarias continuas,2016-02-01,0,0,1,0,0,1
PORTACHUELO,"anticoncepcion, prevencion de its y de cancer de cuello uterino",inyectable trimestral: usuarias continuas,2016-02-01,0,5,26,10,1,42
PORVENIR,"anticoncepcion, prevencion de its y de cancer de cuello uterino",inyectable trimestral: usuarias continuas,2016-02-01,1,5,14,2,0,22
POSTRER VALLE,"anticoncepcion, prevencion de its y de cancer de cuello uterino",inyectable trimestral: usuarias continuas,2016-02-01,0,0,5,1,0,6
POTOSI,"anticoncepcion, prevencion de its y de cancer de cuello uterino",inyectable trimestral: usuarias continuas,2016-02-01,0,36,432,133,2,603
PRESTO,"anticoncepcion, prevencion de its y de cancer de cuello uterino",inyectable trimestral: usuarias continuas,2016-02-01,1,2,15,8,0,26
PUCARA,"anticoncepcion, prevencion de its y de cancer de cuello uterino",inyectable trimestral: usuarias continuas,2016-02-01,0,0,6,7,0,13
PUCARANI,"anticoncepcion, prevencion de its y de cancer de cuello uterino",inyectable trimestral: usuarias continuas,2016-02-01,0,3,68,35,0,106
PUERTO ACOSTA,"anticoncepcion, prevencion de its y de cancer de cuello uterino",inyectable trimestral: usuarias continuas,2016-02-01,0,1,13,3,0,17
PUERTO CARABUCO,"anticoncepcion, prevencion de its y de cancer de cuello uterino",inyectable trimestral: usuarias continuas,2016-02-01,0,0,12,16,0,28
PUERTO GONZALO MORENO,"anticoncepcion, prevencion de its y de cancer de cuello uterino",inyectable trimestral: usuarias continuas,2016-02-01,0,7,22,5,0,34
PUERTO PEREZ,"anticoncepcion, prevencion de its y de cancer de cuello uterino",inyectable trimestral: usuarias continuas,2016-02-01,0,0,7,4,0,11
PUERTO QUIJARRO,"anticoncepcion, prevencion de its y de cancer de cuello uterino",inyectable trimestral: usuarias continuas,2016-02-01,0,1,17,3,0,21
PUERTO RICO,"anticoncepcion, prevencion de its y de cancer de cuello uterino",inyectable trimestral: usuarias continuas,2016-02-01,1,3,27,4,1,36
PUERTO SILES,"anticoncepcion, prevencion de its y de cancer de cuello uterino",inyectable trimestral: usuarias continuas,2016-02-01,0,0,1,0,0,1
PUERTO SUAREZ,"anticoncepcion, prevencion de its y de cancer de cuello uterino",inyectable trimestral: usuarias continuas,2016-02-01,0,3,5,0,0,8
PUERTO VILLARROEL,"anticoncepcion, prevencion de its y de cancer de cuello uterino",inyectable trimestral: usuarias continuas,2016-02-01,1,16,75,22,1,115
PUNA,"anticoncepcion, prevencion de its y de cancer de cuello uterino",inyectable trimestral: usuarias continuas,2016-02-01,0,1,21,14,1,37
PUNATA,"anticoncepcion, prevencion de its y de cancer de cuello uterino",inyectable trimestral: usuarias continuas,2016-02-01,0,1,44,22,0,67
QUIABAYA,"anticoncepcion, prevencion de its y de cancer de cuello uterino",inyectable trimestral: usuarias continuas,2016-02-01,0,2,1,6,1,10
QUILLACOLLO,"anticoncepcion, prevencion de its y de cancer de cuello uterino",inyectable trimestral: usuarias continuas,2016-02-01,0,13,149,17,0,179
QUIME,"anticoncepcion, prevencion de its y de cancer de cuello uterino",inyectable trimestral: usuarias continuas,2016-02-01,0,2,22,13,0,37
QUIRUSILLAS,"anticoncepcion, prevencion de its y de cancer de cuello uterino",inyectable trimestral: usuarias continuas,2016-02-01,0,1,8,6,0,15
RAVELO,"anticoncepcion, prevencion de its y de cancer de cuello uterino",inyectable trimestral: usuarias continuas,2016-02-01,0,2,37,37,1,77
REYES,"anticoncepcion, prevencion de its y de cancer de cuello uterino",inyectable trimestral: usuarias continuas,2016-02-01,0,3,13,7,0,23
RIBERALTA,"anticoncepcion, prevencion de its y de cancer de cuello uterino",inyectable trimestral: usuarias continuas,2016-02-01,0,22,103,16,0,141
ROBORE,"anticoncepcion, prevencion de its y de cancer de cuello uterino",inyectable trimestral: usuarias continuas,2016-02-01,0,1,26,5,0,32
RURRENABAQUE,"anticoncepcion, prevencion de its y de cancer de cuello uterino",inyectable trimestral: usuarias continuas,2016-02-01,0,5,22,10,0,37
SABAYA,"anticoncepcion, prevencion de its y de cancer de cuello uterino",inyectable trimestral: usuarias continuas,2016-02-01,0,0,7,3,0,10
SACABA,"anticoncepcion, prevencion de its y de cancer de cuello uterino",inyectable trimestral: usuarias continuas,2016-02-01,0,8,106,36,0,150
SACABAMBA,"anticoncepcion, prevencion de its y de cancer de cuello uterino",inyectable trimestral: usuarias continuas,2016-02-01,0,0,4,6,0,10
SACACA,"anticoncepcion, prevencion de its y de cancer de cuello uterino",inyectable trimestral: usuarias continuas,2016-02-01,0,6,39,18,0,63
SAIPINA,"anticoncepcion, prevencion de its y de cancer de cuello uterino",inyectable trimestral: usuarias continuas,2016-02-01,0,1,13,5,0,19
SALINAS DE GARCI MENDOZA,"anticoncepcion, prevencion de its y de cancer de cuello uterino",inyectable trimestral: usuarias continuas,2016-02-01,1,0,15,7,0,23
SAMAIPATA,"anticoncepcion, prevencion de its y de cancer de cuello uterino",inyectable trimestral: usuarias continuas,2016-02-01,0,5,31,10,0,46
SAN AGUSTIN,"anticoncepcion, prevencion de its y de cancer de cuello uterino",inyectable trimestral: usuarias continuas,2016-02-01,0,0,7,1,0,8
SAN ANDRES,"anticoncepcion, prevencion de its y de cancer de cuello uterino",inyectable trimestral: usuarias continuas,2016-02-01,0,5,15,6,1,27
SAN ANDRES DE MACHACA,"anticoncepcion, prevencion de its y de cancer de cuello uterino",inyectable trimestral: usuarias continuas,2016-02-01,0,1,1,1,0,3
SAN ANTONIO DE ESMORUCO,"anticoncepcion, prevencion de its y de cancer de cuello uterino",inyectable trimestral: usuarias continuas,2016-02-01,0,1,3,2,0,6
SAN ANTONIO DE LOMERIO,"anticoncepcion, prevencion de its y de cancer de cuello uterino",inyectable trimestral: usuarias continuas,2016-02-01,1,4,35,28,0,68
SAN BENITO,"anticoncepcion, prevencion de its y de cancer de cuello uterino",inyectable trimestral: usuarias continuas,2016-02-01,0,1,19,8,1,29
SAN BORJA,"anticoncepcion, prevencion de its y de cancer de cuello uterino",inyectable trimestral: usuarias continuas,2016-02-01,0,17,78,34,0,129
SAN BUENA VENTURA,"anticoncepcion, prevencion de its y de cancer de cuello uterino",inyectable trimestral: usuarias continuas,2016-02-01,0,2,20,7,0,29
SAN CARLOS,"anticoncepcion, prevencion de its y de cancer de cuello uterino",inyectable trimestral: usuarias continuas,2016-02-01,0,4,31,12,1,48
SAN IGNACIO,"anticoncepcion, prevencion de its y de cancer de cuello uterino",inyectable trimestral: usuarias continuas,2016-02-01,0,7,56,34,0,97
SAN IGNACIO DE VELASCO,"anticoncepcion, prevencion de its y de cancer de cuello uterino",inyectable trimestral: usuarias continuas,2016-02-01,1,27,122,43,0,193
SAN JAVIER(BNI),"anticoncepcion, prevencion de its y de cancer de cuello uterino",inyectable trimestral: usuarias continuas,2016-02-01,0,1,3,1,0,5
SAN JAVIER(STC),"anticoncepcion, prevencion de its y de cancer de cuello uterino",inyectable trimestral: usuarias continuas,2016-02-01,0,5,33,10,0,48
SAN JOAQUIN,"anticoncepcion, prevencion de its y de cancer de cuello uterino",inyectable trimestral: usuarias continuas,2016-02-01,0,4,3,1,0,8
SAN JOSE DE CHIQUITOS,"anticoncepcion, prevencion de its y de cancer de cuello uterino",inyectable trimestral: usuarias continuas,2016-02-01,0,8,25,5,0,38
SAN JUAN DE YAPACANI,"anticoncepcion, prevencion de its y de cancer de cuello uterino",inyectable trimestral: usuarias continuas,2016-02-01,0,3,23,13,0,39
SAN JULIAN,"anticoncepcion, prevencion de its y de cancer de cuello uterino",inyectable trimestral: usuarias continuas,2016-02-01,0,5,40,31,1,77
SAN LORENZO(PND),"anticoncepcion, prevencion de its y de cancer de cuello uterino",inyectable trimestral: usuarias continuas,2016-02-01,0,4,11,4,0,19
SAN LORENZO(TJA),"anticoncepcion, prevencion de its y de cancer de cuello uterino",inyectable trimestral: usuarias continuas,2016-02-01,0,9,75,25,3,112
SAN LUCAS,"anticoncepcion, prevencion de its y de cancer de cuello uterino",inyectable trimestral: usuarias continuas,2016-02-01,0,5,61,46,1,113
SAN MATIAS,"anticoncepcion, prevencion de its y de cancer de cuello uterino",inyectable trimestral: usuarias continuas,2016-02-01,0,1,21,6,0,28
SAN MIGUEL DE VELASCO,"anticoncepcion, prevencion de its y de cancer de cuello uterino",inyectable trimestral: usuarias continuas,2016-02-01,0,7,43,18,0,68
SAN PABLO DE LIPEZ,"anticoncepcion, prevencion de its y de cancer de cuello uterino",inyectable trimestral: usuarias continuas,2016-02-01,0,0,4,2,0,6
SAN PEDRO,"anticoncepcion, prevencion de its y de cancer de cuello uterino",inyectable trimestral: usuarias continuas,2016-02-01,0,7,32,11,0,50
SAN PEDRO DE BUENA VISTA,"anticoncepcion, prevencion de its y de cancer de cuello uterino",inyectable trimestral: usuarias continuas,2016-02-01,0,1,20,10,0,31
SAN PEDRO DE CURAHUARA,"anticoncepcion, prevencion de its y de cancer de cuello uterino",inyectable trimestral: usuarias continuas,2016-02-01,0,3,7,5,0,15
SAN PEDRO DE QUEMES,"anticoncepcion, prevencion de its y de cancer de cuello uterino",inyectable trimestral: usuarias continuas,2016-02-01,0,0,2,0,0,2
SAN PEDRO DE TIQUINA,"anticoncepcion, prevencion de its y de cancer de cuello uterino",inyectable trimestral: usuarias continuas,2016-02-01,0,0,9,4,0,13
SAN PEDRO(PND),"anticoncepcion, prevencion de its y de cancer de cuello uterino",inyectable trimestral: usuarias continuas,2016-02-01,0,1,6,3,0,10
SAN RAFAEL,"anticoncepcion, prevencion de its y de cancer de cuello uterino",inyectable trimestral: usuarias continuas,2016-02-01,0,5,26,14,0,45
SAN RAMON BENI,"anticoncepcion, prevencion de its y de cancer de cuello uterino",inyectable trimestral: usuarias continuas,2016-02-01,0,1,4,1,0,6
SAN RAMON SCZ,"anticoncepcion, prevencion de its y de cancer de cuello uterino",inyectable trimestral: usuarias continuas,2016-02-01,0,5,27,12,0,44
SANTA ANA,"anticoncepcion, prevencion de its y de cancer de cuello uterino",inyectable trimestral: usuarias continuas,2016-02-01,0,0,7,1,0,8
SANTA CRUZ DE LA SIERRA,"anticoncepcion, prevencion de its y de cancer de cuello uterino",inyectable trimestral: usuarias continuas,2016-02-01,2,85,306,99,0,492
SANTA ROSA,"anticoncepcion, prevencion de its y de cancer de cuello uterino",inyectable trimestral: usuarias continuas,2016-02-01,1,1,1,2,0,5
SANTA ROSA DEL SARA,"anticoncepcion, prevencion de its y de cancer de cuello uterino",inyectable trimestral: usuarias continuas,2016-02-01,0,4,36,13,0,53
SANTIAGO DE CALLAPA,"anticoncepcion, prevencion de its y de cancer de cuello uterino",inyectable trimestral: usuarias continuas,2016-02-01,0,0,0,5,0,5
SANTIAGO DE HUARI,"anticoncepcion, prevencion de its y de cancer de cuello uterino",inyectable trimestral: usuarias continuas,2016-02-01,0,0,4,1,0,5
SANTIAGO DE HUATA,"anticoncepcion, prevencion de its y de cancer de cuello uterino",inyectable trimestral: usuarias continuas,2016-02-01,0,0,6,4,1,11
SANTIAGO DE MACHACA,"anticoncepcion, prevencion de its y de cancer de cuello uterino",inyectable trimestral: usuarias continuas,2016-02-01,0,0,8,5,0,13
SANTIVAÃ‘ES,"anticoncepcion, prevencion de its y de cancer de cuello uterino",inyectable trimestral: usuarias continuas,2016-02-01,0,3,24,4,0,31
SANTUARIO DE QUILLACAS,"anticoncepcion, prevencion de its y de cancer de cuello uterino",inyectable trimestral: usuarias continuas,2016-02-01,0,1,5,0,0,6
SAPAHAQUI,"anticoncepcion, prevencion de its y de cancer de cuello uterino",inyectable trimestral: usuarias continuas,2016-02-01,0,1,20,10,0,31
SENA,"anticoncepcion, prevencion de its y de cancer de cuello uterino",inyectable trimestral: usuarias continuas,2016-02-01,0,2,4,2,0,8
SHINAOTA,"anticoncepcion, prevencion de its y de cancer de cuello uterino",inyectable trimestral: usuarias continuas,2016-02-01,0,4,25,14,0,43
SICA SICA (VILLA AROMA),"anticoncepcion, prevencion de its y de cancer de cuello uterino",inyectable trimestral: usuarias continuas,2016-02-01,0,2,32,23,2,59
SICAYA,"anticoncepcion, prevencion de its y de cancer de cuello uterino",inyectable trimestral: usuarias continuas,2016-02-01,0,1,17,6,0,24
SIPE SIPE,"anticoncepcion, prevencion de its y de cancer de cuello uterino",inyectable trimestral: usuarias continuas,2016-02-01,0,14,121,39,2,176
SOPACHUY,"anticoncepcion, prevencion de its y de cancer de cuello uterino",inyectable trimestral: usuarias continuas,2016-02-01,0,0,22,10,0,32
SORACACHI,"anticoncepcion, prevencion de its y de cancer de cuello uterino",inyectable trimestral: usuarias continuas,2016-02-01,0,0,13,8,0,21
SORATA,"anticoncepcion, prevencion de its y de cancer de cuello uterino",inyectable trimestral: usuarias continuas,2016-02-01,0,7,41,20,0,68
SUCRE,"anticoncepcion, prevencion de its y de cancer de cuello uterino",inyectable trimestral: usuarias continuas,2016-02-01,0,51,315,136,3,505
TACACHI,"anticoncepcion, prevencion de its y de cancer de cuello uterino",inyectable trimestral: usuarias continuas,2016-02-01,0,0,2,3,0,5
TACACOMA,"anticoncepcion, prevencion de its y de cancer de cuello uterino",inyectable trimestral: usuarias continuas,2016-02-01,0,2,24,14,0,40
TACOBAMBA,"anticoncepcion, prevencion de its y de cancer de cuello uterino",inyectable trimestral: usuarias continuas,2016-02-01,0,1,17,10,0,28
TACOPAYA,"anticoncepcion, prevencion de its y de cancer de cuello uterino",inyectable trimestral: usuarias continuas,2016-02-01,0,0,10,7,0,17
TAHUA,"anticoncepcion, prevencion de its y de cancer de cuello uterino",inyectable trimestral: usuarias continuas,2016-02-01,0,0,2,6,0,8
TAPACARI,"anticoncepcion, prevencion de its y de cancer de cuello uterino",inyectable trimestral: usuarias continuas,2016-02-01,0,3,29,25,0,57
TARABUCO,"anticoncepcion, prevencion de its y de cancer de cuello uterino",inyectable trimestral: usuarias continuas,2016-02-01,0,3,19,16,0,38
TARACO,"anticoncepcion, prevencion de its y de cancer de cuello uterino",inyectable trimestral: usuarias continuas,2016-02-01,0,2,11,13,0,26
TARATA,"anticoncepcion, prevencion de its y de cancer de cuello uterino",inyectable trimestral: usuarias continuas,2016-02-01,0,4,17,7,0,28
TARIJA,"anticoncepcion, prevencion de its y de cancer de cuello uterino",inyectable trimestral: usuarias continuas,2016-02-01,1,26,181,62,2,272
TARVITA,"anticoncepcion, prevencion de its y de cancer de cuello uterino",inyectable trimestral: usuarias continuas,2016-02-01,0,6,26,17,0,49
TEOPONTE,"anticoncepcion, prevencion de its y de cancer de cuello uterino",inyectable trimestral: usuarias continuas,2016-02-01,0,3,13,6,0,22
TIAWANACU,"anticoncepcion, prevencion de its y de cancer de cuello uterino",inyectable trimestral: usuarias continuas,2016-02-01,0,2,23,14,0,39
TINGUIPAYA,"anticoncepcion, prevencion de its y de cancer de cuello uterino",inyectable trimestral: usuarias continuas,2016-02-01,0,0,16,17,0,33
TIPUANI,"anticoncepcion, prevencion de its y de cancer de cuello uterino",inyectable trimestral: usuarias continuas,2016-02-01,0,1,13,7,0,21
TIQUIPAYA,"anticoncepcion, prevencion de its y de cancer de cuello uterino",inyectable trimestral: usuarias continuas,2016-02-01,0,9,69,11,0,89
TIRAQUE (CBBA),"anticoncepcion, prevencion de its y de cancer de cuello uterino",inyectable trimestral: usuarias continuas,2016-02-01,0,1,47,27,0,75
TITO YUPANQUI (PARQUIPUJIO),"anticoncepcion, prevencion de its y de cancer de cuello uterino",inyectable trimestral: usuarias continuas,2016-02-01,0,0,1,3,0,4
TOCO,"anticoncepcion, prevencion de its y de cancer de cuello uterino",inyectable trimestral: usuarias continuas,2016-02-01,0,1,19,10,0,30
TOLATA,"anticoncepcion, prevencion de its y de cancer de cuello uterino",inyectable trimestral: usuarias continuas,2016-02-01,0,1,9,5,0,15
TOLEDO,"anticoncepcion, prevencion de its y de cancer de cuello uterino",inyectable trimestral: usuarias continuas,2016-02-01,0,0,6,2,0,8
TOMAVE,"anticoncepcion, prevencion de its y de cancer de cuello uterino",inyectable trimestral: usuarias continuas,2016-02-01,0,2,14,7,0,23
TOMINA,"anticoncepcion, prevencion de its y de cancer de cuello uterino",inyectable trimestral: usuarias continuas,2016-02-01,0,7,33,42,0,82
TORO TORO,"anticoncepcion, prevencion de its y de cancer de cuello uterino",inyectable trimestral: usuarias continuas,2016-02-01,0,1,11,6,0,18
TOTORA(CBBA),"anticoncepcion, prevencion de its y de cancer de cuello uterino",inyectable trimestral: usuarias continuas,2016-02-01,0,19,52,21,0,92
TOTORA(ORR),"anticoncepcion, prevencion de its y de cancer de cuello uterino",inyectable trimestral: usuarias continuas,2016-02-01,0,2,9,3,1,15
TRIGAL,"anticoncepcion, prevencion de its y de cancer de cuello uterino",inyectable trimestral: usuarias continuas,2016-02-01,0,1,6,2,1,10
TRINIDAD,"anticoncepcion, prevencion de its y de cancer de cuello uterino",inyectable trimestral: usuarias continuas,2016-02-01,2,2,36,8,0,48
TUPIZA,"anticoncepcion, prevencion de its y de cancer de cuello uterino",inyectable trimestral: usuarias continuas,2016-02-01,0,10,94,38,0,142
TURCO,"anticoncepcion, prevencion de its y de cancer de cuello uterino",inyectable trimestral: usuarias continuas,2016-02-01,0,0,6,5,0,11
UMALA,"anticoncepcion, prevencion de its y de cancer de cuello uterino",inyectable trimestral: usuarias continuas,2016-02-01,0,2,13,7,0,22
UNCIA,"anticoncepcion, prevencion de its y de cancer de cuello uterino",inyectable trimestral: usuarias continuas,2016-02-01,0,7,30,24,0,61
URIONDO (A. CONCEPCION),"anticoncepcion, prevencion de its y de cancer de cuello uterino",inyectable trimestral: usuarias continuas,2016-02-01,0,10,59,36,1,106
URUBICHA,"anticoncepcion, prevencion de its y de cancer de cuello uterino",inyectable trimestral: usuarias continuas,2016-02-01,0,0,10,6,0,16
UYUNI,"anticoncepcion, prevencion de its y de cancer de cuello uterino",inyectable trimestral: usuarias continuas,2016-02-01,0,4,25,13,0,42
VACAS,"anticoncepcion, prevencion de its y de cancer de cuello uterino",inyectable trimestral: usuarias continuas,2016-02-01,1,5,19,17,0,42
VALLEGRANDE,"anticoncepcion, prevencion de its y de cancer de cuello uterino",inyectable trimestral: usuarias continuas,2016-02-01,1,14,44,10,0,69
VIACHA,"anticoncepcion, prevencion de its y de cancer de cuello uterino",inyectable trimestral: usuarias continuas,2016-02-01,0,7,109,28,1,145
VILA VILA,"anticoncepcion, prevencion de its y de cancer de cuello uterino",inyectable trimestral: usuarias continuas,2016-02-01,1,1,3,2,0,7
VILLA CHARCAS,"anticoncepcion, prevencion de its y de cancer de cuello uterino",inyectable trimestral: usuarias continuas,2016-02-01,0,4,37,31,1,73
VILLA MONTES,"anticoncepcion, prevencion de its y de cancer de cuello uterino",inyectable trimestral: usuarias continuas,2016-02-01,1,15,52,31,0,99
VILLA NUEVA (LOMA ALTA),"anticoncepcion, prevencion de its y de cancer de cuello uterino",inyectable trimestral: usuarias continuas,2016-02-01,0,3,4,0,0,7
VILLA RIVERO,"anticoncepcion, prevencion de its y de cancer de cuello uterino",inyectable trimestral: usuarias continuas,2016-02-01,0,4,30,11,0,45
VILLA SERRANO,"anticoncepcion, prevencion de its y de cancer de cuello uterino",inyectable trimestral: usuarias continuas,2016-02-01,0,3,15,13,2,33
VILLA TUNARI,"anticoncepcion, prevencion de its y de cancer de cuello uterino",inyectable trimestral: usuarias continuas,2016-02-01,0,37,234,106,2,379
VILLA VACA GUZMAN (MUYUPAMPA),"anticoncepcion, prevencion de its y de cancer de cuello uterino",inyectable trimestral: usuarias continuas,2016-02-01,0,4,35,25,0,64
VILLAZON,"anticoncepcion, prevencion de its y de cancer de cuello uterino",inyectable trimestral: usuarias continuas,2016-02-01,0,5,99,36,0,140
VINTO,"anticoncepcion, prevencion de its y de cancer de cuello uterino",inyectable trimestral: usuarias continuas,2016-02-01,0,10,63,22,0,95
VITICHI,"anticoncepcion, prevencion de its y de cancer de cuello uterino",inyectable trimestral: usuarias continuas,2016-02-01,0,0,11,12,0,23
WALDO BALLIVIAN,"anticoncepcion, prevencion de its y de cancer de cuello uterino",inyectable trimestral: usuarias continuas,2016-02-01,0,0,4,2,0,6
WARNES,"anticoncepcion, prevencion de its y de cancer de cuello uterino",inyectable trimestral: usuarias continuas,2016-02-01,1,25,112,33,7,178
YACO,"anticoncepcion, prevencion de its y de cancer de cuello uterino",inyectable trimestral: usuarias continuas,2016-02-01,0,0,6,4,0,10
YACUIBA,"anticoncepcion, prevencion de its y de cancer de cuello uterino",inyectable trimestral: usuarias continuas,2016-02-01,1,8,111,48,1,169
YAMPARAEZ,"anticoncepcion, prevencion de its y de cancer de cuello uterino",inyectable trimestral: usuarias continuas,2016-02-01,0,0,11,4,1,16
YANACACHI,"anticoncepcion, prevencion de its y de cancer de cuello uterino",inyectable trimestral: usuarias continuas,2016-02-01,0,0,12,4,0,16
YAPACANI,"anticoncepcion, prevencion de its y de cancer de cuello uterino",inyectable trimestral: usuarias continuas,2016-02-01,0,10,59,24,0,93
YOCALLA,"anticoncepcion, prevencion de its y de cancer de cuello uterino",inyectable trimestral: usuarias continuas,2016-02-01,0,0,13,3,0,16
YOTALA,"anticoncepcion, prevencion de its y de cancer de cuello uterino",inyectable trimestral: usuarias continuas,2016-02-01,0,0,6,11,0,17
YUNCHARA,"anticoncepcion, prevencion de its y de cancer de cuello uterino",inyectable trimestral: usuarias continuas,2016-02-01,0,4,36,26,0,66
YUNGUYO DE LITORAL,"anticoncepcion, prevencion de its y de cancer de cuello uterino",inyectable trimestral: usuarias continuas,2016-02-01,0,0,1,0,0,1
ZUDAÃ‘EZ,"anticoncepcion, prevencion de its y de cancer de cuello uterino",inyectable trimestral: usuarias continuas,2016-02-01,0,2,30,12,0,44
ACACIO,"anticoncepcion, prevencion de its y de cancer de cuello uterino",inyectable trimestral: usuarias continuas,2016-03-01,0,1,12,5,0,18
ACHACACHI,"anticoncepcion, prevencion de its y de cancer de cuello uterino",inyectable trimestral: usuarias continuas,2016-03-01,0,3,45,27,4,79
ACHOCALLA,"anticoncepcion, prevencion de its y de cancer de cuello uterino",inyectable trimestral: usuarias continuas,2016-03-01,0,3,42,28,0,73
AIQUILE,"anticoncepcion, prevencion de its y de cancer de cuello uterino",inyectable trimestral: usuarias continuas,2016-03-01,0,1,30,17,0,48
ALALAY,"anticoncepcion, prevencion de its y de cancer de cuello uterino",inyectable trimestral: usuarias continuas,2016-03-01,0,0,4,2,0,6
ALCALA,"anticoncepcion, prevencion de its y de cancer de cuello uterino",inyectable trimestral: usuarias continuas,2016-03-01,0,1,11,14,0,26
ALTO BENI,"anticoncepcion, prevencion de its y de cancer de cuello uterino",inyectable trimestral: usuarias continuas,2016-03-01,0,1,29,12,0,42
ANCORAIMES,"anticoncepcion, prevencion de its y de cancer de cuello uterino",inyectable trimestral: usuarias continuas,2016-03-01,0,0,11,6,0,17
ANDAMARCA,"anticoncepcion, prevencion de its y de cancer de cuello uterino",inyectable trimestral: usuarias continuas,2016-03-01,0,1,4,4,0,9
ANTEQUERA,"anticoncepcion, prevencion de its y de cancer de cuello uterino",inyectable trimestral: usuarias continuas,2016-03-01,0,0,9,4,0,13
ANZALDO,"anticoncepcion, prevencion de its y de cancer de cuello uterino",inyectable trimestral: usuarias continuas,2016-03-01,0,1,19,9,0,29
APOLO,"anticoncepcion, prevencion de its y de cancer de cuello uterino",inyectable trimestral: usuarias continuas,2016-03-01,0,4,26,31,0,61
ARAMPAMPA,"anticoncepcion, prevencion de its y de cancer de cuello uterino",inyectable trimestral: usuarias continuas,2016-03-01,0,0,14,6,0,20
ARANI,"anticoncepcion, prevencion de its y de cancer de cuello uterino",inyectable trimestral: usuarias continuas,2016-03-01,0,1,16,5,0,22
ARBIETO,"anticoncepcion, prevencion de its y de cancer de cuello uterino",inyectable trimestral: usuarias continuas,2016-03-01,0,2,40,19,0,61
ARQUE,"anticoncepcion, prevencion de its y de cancer de cuello uterino",inyectable trimestral: usuarias continuas,2016-03-01,0,5,25,30,0,60
ASCENCION DE GUARAYOS,"anticoncepcion, prevencion de its y de cancer de cuello uterino",inyectable trimestral: usuarias continuas,2016-03-01,0,4,6,5,0,15
ATOCHA,"anticoncepcion, prevencion de its y de cancer de cuello uterino",inyectable trimestral: usuarias continuas,2016-03-01,1,1,37,47,1,87
AUCAPATA,"anticoncepcion, prevencion de its y de cancer de cuello uterino",inyectable trimestral: usuarias continuas,2016-03-01,0,1,12,10,0,23
AYATA,"anticoncepcion, prevencion de its y de cancer de cuello uterino",inyectable trimestral: usuarias continuas,2016-03-01,0,4,20,20,0,44
AYO AYO,"anticoncepcion, prevencion de its y de cancer de cuello uterino",inyectable trimestral: usuarias continuas,2016-03-01,0,3,19,11,0,33
AYOPAYA (V. DE INDEPENDENCIA),"anticoncepcion, prevencion de its y de cancer de cuello uterino",inyectable trimestral: usuarias continuas,2016-03-01,0,8,82,63,0,153
AZURDUY,"anticoncepcion, prevencion de its y de cancer de cuello uterino",inyectable trimestral: usuarias continuas,2016-03-01,0,8,46,21,0,75
BATALLAS,"anticoncepcion, prevencion de its y de cancer de cuello uterino",inyectable trimestral: usuarias continuas,2016-03-01,0,2,21,15,0,38
BAURES,"anticoncepcion, prevencion de its y de cancer de cuello uterino",inyectable trimestral: usuarias continuas,2016-03-01,0,2,2,2,0,6
BELEN DE ANDAMARCA,"anticoncepcion, prevencion de its y de cancer de cuello uterino",inyectable trimestral: usuarias continuas,2016-03-01,0,1,8,3,0,12
BELEN DE URMIRI,"anticoncepcion, prevencion de its y de cancer de cuello uterino",inyectable trimestral: usuarias continuas,2016-03-01,0,0,2,1,0,3
BELLA FLOR,"anticoncepcion, prevencion de its y de cancer de cuello uterino",inyectable trimestral: usuarias continuas,2016-03-01,0,2,18,1,0,21
BERMEJO,"anticoncepcion, prevencion de its y de cancer de cuello uterino",inyectable trimestral: usuarias continuas,2016-03-01,0,12,66,31,2,111
BETANZOS,"anticoncepcion, prevencion de its y de cancer de cuello uterino",inyectable trimestral: usuarias continuas,2016-03-01,0,2,48,49,0,99
BOLIVAR,"anticoncepcion, prevencion de its y de cancer de cuello uterino",inyectable trimestral: usuarias continuas,2016-03-01,0,0,9,5,0,14
BOLPEBRA,"anticoncepcion, prevencion de its y de cancer de cuello uterino",inyectable trimestral: usuarias continuas,2016-03-01,0,1,6,3,0,10
BOYUIBE,"anticoncepcion, prevencion de its y de cancer de cuello uterino",inyectable trimestral: usuarias continuas,2016-03-01,0,1,8,5,0,14
BUENA VISTA,"anticoncepcion, prevencion de its y de cancer de cuello uterino",inyectable trimestral: usuarias continuas,2016-03-01,0,8,26,18,0,52
CABEZAS,"anticoncepcion, prevencion de its y de cancer de cuello uterino",inyectable trimestral: usuarias continuas,2016-03-01,0,7,62,24,0,93
CAIROMA,"anticoncepcion, prevencion de its y de cancer de cuello uterino",inyectable trimestral: usuarias continuas,2016-03-01,0,2,15,9,0,26
"CAIZA ""D""","anticoncepcion, prevencion de its y de cancer de cuello uterino",inyectable trimestral: usuarias continuas,2016-03-01,0,1,21,14,0,36
CAJUATA,"anticoncepcion, prevencion de its y de cancer de cuello uterino",inyectable trimestral: usuarias continuas,2016-03-01,1,4,19,13,0,37
CALACOTO,"anticoncepcion, prevencion de its y de cancer de cuello uterino",inyectable trimestral: usuarias continuas,2016-03-01,0,3,7,7,0,17
CALAMARCA,"anticoncepcion, prevencion de its y de cancer de cuello uterino",inyectable trimestral: usuarias continuas,2016-03-01,0,2,35,15,0,52
CAMARGO,"anticoncepcion, prevencion de its y de cancer de cuello uterino",inyectable trimestral: usuarias continuas,2016-03-01,0,3,34,13,1,51
CAMATAQUI (C. VILLA ABECIA),"anticoncepcion, prevencion de its y de cancer de cuello uterino",inyectable trimestral: usuarias continuas,2016-03-01,0,2,2,12,0,16
CAMIRI,"anticoncepcion, prevencion de its y de cancer de cuello uterino",inyectable trimestral: usuarias continuas,2016-03-01,0,7,22,24,0,53
CAPINOTA,"anticoncepcion, prevencion de its y de cancer de cuello uterino",inyectable trimestral: usuarias continuas,2016-03-01,1,8,46,22,0,77
CAQUIAVIRI,"anticoncepcion, prevencion de its y de cancer de cuello uterino",inyectable trimestral: usuarias continuas,2016-03-01,0,2,10,4,0,16
CARACOLLO,"anticoncepcion, prevencion de its y de cancer de cuello uterino",inyectable trimestral: usuarias continuas,2016-03-01,0,2,25,16,0,43
CARANAVI,"anticoncepcion, prevencion de its y de cancer de cuello uterino",inyectable trimestral: usuarias continuas,2016-03-01,0,4,53,32,1,90
CARANGAS,"anticoncepcion, prevencion de its y de cancer de cuello uterino",inyectable trimestral: usuarias continuas,2016-03-01,0,0,1,0,0,1
CARAPARI,"anticoncepcion, prevencion de its y de cancer de cuello uterino",inyectable trimestral: usuarias continuas,2016-03-01,0,1,44,15,0,60
CARIPUYO,"anticoncepcion, prevencion de its y de cancer de cuello uterino",inyectable trimestral: usuarias continuas,2016-03-01,0,2,6,4,0,12
CARMEN RIVERO TORREZ,"anticoncepcion, prevencion de its y de cancer de cuello uterino",inyectable trimestral: usuarias continuas,2016-03-01,0,0,5,5,0,10
CATACORA,"anticoncepcion, prevencion de its y de cancer de cuello uterino",inyectable trimestral: usuarias continuas,2016-03-01,0,2,2,5,0,9
CHACARILLA,"anticoncepcion, prevencion de its y de cancer de cuello uterino",inyectable trimestral: usuarias continuas,2016-03-01,0,0,2,1,0,3
CHALLAPATA,"anticoncepcion, prevencion de its y de cancer de cuello uterino",inyectable trimestral: usuarias continuas,2016-03-01,0,5,40,15,0,60
CHAQUI,"anticoncepcion, prevencion de its y de cancer de cuello uterino",inyectable trimestral: usuarias continuas,2016-03-01,0,2,16,14,0,32
CHARAGUA,"anticoncepcion, prevencion de its y de cancer de cuello uterino",inyectable trimestral: usuarias continuas,2016-03-01,0,4,29,9,0,42
CHARAÃ‘A,"anticoncepcion, prevencion de its y de cancer de cuello uterino",inyectable trimestral: usuarias continuas,2016-03-01,0,0,5,1,0,6
CHAYANTA,"anticoncepcion, prevencion de its y de cancer de cuello uterino",inyectable trimestral: usuarias continuas,2016-03-01,0,1,30,20,0,51
CHIMORE,"anticoncepcion, prevencion de its y de cancer de cuello uterino",inyectable trimestral: usuarias continuas,2016-03-01,0,7,40,16,0,63
CHIPAYA,"anticoncepcion, prevencion de its y de cancer de cuello uterino",inyectable trimestral: usuarias continuas,2016-03-01,0,4,12,5,1,22
CHOQUE COTA,"anticoncepcion, prevencion de its y de cancer de cuello uterino",inyectable trimestral: usuarias continuas,2016-03-01,0,0,1,1,0,2
CHUA COCANI,"anticoncepcion, prevencion de its y de cancer de cuello uterino",inyectable trimestral: usuarias continuas,2016-03-01,0,1,2,3,0,6
CHULUMANI (V. DE LA LIBERTAD),"anticoncepcion, prevencion de its y de cancer de cuello uterino",inyectable trimestral: usuarias continuas,2016-03-01,0,4,23,8,0,35
CHUMA,"anticoncepcion, prevencion de its y de cancer de cuello uterino",inyectable trimestral: usuarias continuas,2016-03-01,0,0,27,20,0,47
CHUQUIHUTA AYLLU JUCUMANI,"anticoncepcion, prevencion de its y de cancer de cuello uterino",inyectable trimestral: usuarias continuas,2016-03-01,0,1,10,4,0,15
CKOCHAS,"anticoncepcion, prevencion de its y de cancer de cuello uterino",inyectable trimestral: usuarias continuas,2016-03-01,0,1,15,22,0,38
CLIZA,"anticoncepcion, prevencion de its y de cancer de cuello uterino",inyectable trimestral: usuarias continuas,2016-03-01,0,4,43,16,0,63
COBIJA,"anticoncepcion, prevencion de its y de cancer de cuello uterino",inyectable trimestral: usuarias continuas,2016-03-01,0,26,97,31,0,154
COCAPATA,"anticoncepcion, prevencion de its y de cancer de cuello uterino",inyectable trimestral: usuarias continuas,2016-03-01,0,3,29,16,0,48
COCHABAMBA,"anticoncepcion, prevencion de its y de cancer de cuello uterino",inyectable trimestral: usuarias continuas,2016-03-01,0,27,254,69,0,350
COIPASA,"anticoncepcion, prevencion de its y de cancer de cuello uterino",inyectable trimestral: usuarias continuas,2016-03-01,0,0,4,0,0,4
COLCAPIRHUA,"anticoncepcion, prevencion de its y de cancer de cuello uterino",inyectable trimestral: usuarias continuas,2016-03-01,0,5,42,4,0,51
"COLCHA ""K""","anticoncepcion, prevencion de its y de cancer de cuello uterino",inyectable trimestral: usuarias continuas,2016-03-01,0,1,38,18,1,58
COLLANA,"anticoncepcion, prevencion de its y de cancer de cuello uterino",inyectable trimestral: usuarias continuas,2016-03-01,0,0,10,7,0,17
COLOMI,"anticoncepcion, prevencion de its y de cancer de cuello uterino",inyectable trimestral: usuarias continuas,2016-03-01,1,5,52,9,0,67
COLPA BELGICA,"anticoncepcion, prevencion de its y de cancer de cuello uterino",inyectable trimestral: usuarias continuas,2016-03-01,0,1,12,0,0,13
COLQUECHACA,"anticoncepcion, prevencion de its y de cancer de cuello uterino",inyectable trimestral: usuarias continuas,2016-03-01,0,5,36,19,0,60
COLQUENCHA,"anticoncepcion, prevencion de its y de cancer de cuello uterino",inyectable trimestral: usuarias continuas,2016-03-01,0,1,24,17,0,42
COLQUIRI,"anticoncepcion, prevencion de its y de cancer de cuello uterino",inyectable trimestral: usuarias continuas,2016-03-01,0,2,26,13,0,41
COMANCHE,"anticoncepcion, prevencion de its y de cancer de cuello uterino",inyectable trimestral: usuarias continuas,2016-03-01,0,0,4,2,0,6
COMARAPA,"anticoncepcion, prevencion de its y de cancer de cuello uterino",inyectable trimestral: usuarias continuas,2016-03-01,0,11,77,36,1,125
COMBAYA,"anticoncepcion, prevencion de its y de cancer de cuello uterino",inyectable trimestral: usuarias continuas,2016-03-01,0,0,3,1,0,4
CONCEPCION,"anticoncepcion, prevencion de its y de cancer de cuello uterino",inyectable trimestral: usuarias continuas,2016-03-01,0,5,15,7,0,27
COPACABANA,"anticoncepcion, prevencion de its y de cancer de cuello uterino",inyectable trimestral: usuarias continuas,2016-03-01,0,1,27,19,0,47
CORIPATA,"anticoncepcion, prevencion de its y de cancer de cuello uterino",inyectable trimestral: usuarias continuas,2016-03-01,0,3,34,18,0,55
CORO CORO,"anticoncepcion, prevencion de its y de cancer de cuello uterino",inyectable trimestral: usuarias continuas,2016-03-01,0,0,12,9,0,21
COROICO,"anticoncepcion, prevencion de its y de cancer de cuello uterino",inyectable trimestral: usuarias continuas,2016-03-01,0,1,15,8,0,24
CORQUE,"anticoncepcion, prevencion de its y de cancer de cuello uterino",inyectable trimestral: usuarias continuas,2016-03-01,0,2,8,7,0,17
COTAGAITA,"anticoncepcion, prevencion de its y de cancer de cuello uterino",inyectable trimestral: usuarias continuas,2016-03-01,0,4,54,43,2,103
COTOCA,"anticoncepcion, prevencion de its y de cancer de cuello uterino",inyectable trimestral: usuarias continuas,2016-03-01,0,15,84,30,0,129
CUATRO CAÃ‘ADAS,"anticoncepcion, prevencion de its y de cancer de cuello uterino",inyectable trimestral: usuarias continuas,2016-03-01,0,2,42,19,0,63
CUCHUMUELA (V. G. VILLARROEL),"anticoncepcion, prevencion de its y de cancer de cuello uterino",inyectable trimestral: usuarias continuas,2016-03-01,0,0,7,4,0,11
CUEVO,"anticoncepcion, prevencion de its y de cancer de cuello uterino",inyectable trimestral: usuarias continuas,2016-03-01,0,1,13,5,1,20
CULPINA,"anticoncepcion, prevencion de its y de cancer de cuello uterino",inyectable trimestral: usuarias continuas,2016-03-01,0,10,42,33,1,86
CURAHUARA DE CARANGAS,"anticoncepcion, prevencion de its y de cancer de cuello uterino",inyectable trimestral: usuarias continuas,2016-03-01,0,2,8,4,0,14
CURVA,"anticoncepcion, prevencion de its y de cancer de cuello uterino",inyectable trimestral: usuarias continuas,2016-03-01,0,0,0,1,0,1
DESAGUADERO,"anticoncepcion, prevencion de its y de cancer de cuello uterino",inyectable trimestral: usuarias continuas,2016-03-01,0,0,12,3,0,15
EL ALTO,"anticoncepcion, prevencion de its y de cancer de cuello uterino",inyectable trimestral: usuarias continuas,2016-03-01,0,60,760,303,1,1124
EL CHORO,"anticoncepcion, prevencion de its y de cancer de cuello uterino",inyectable trimestral: usuarias continuas,2016-03-01,0,0,7,3,0,10
EL PUENTE(STC),"anticoncepcion, prevencion de its y de cancer de cuello uterino",inyectable trimestral: usuarias continuas,2016-03-01,0,4,42,22,0,68
EL PUENTE(TJA),"anticoncepcion, prevencion de its y de cancer de cuello uterino",inyectable trimestral: usuarias continuas,2016-03-01,0,6,48,29,1,84
EL TORNO,"anticoncepcion, prevencion de its y de cancer de cuello uterino",inyectable trimestral: usuarias continuas,2016-03-01,5,24,86,33,2,150
EL VILLAR,"anticoncepcion, prevencion de its y de cancer de cuello uterino",inyectable trimestral: usuarias continuas,2016-03-01,0,1,8,17,3,29
ENTRE RIOS TRJ,"anticoncepcion, prevencion de its y de cancer de cuello uterino",inyectable trimestral: usuarias continuas,2016-03-01,0,17,83,50,2,152
ENTRE RIOS CBBA,"anticoncepcion, prevencion de its y de cancer de cuello uterino",inyectable trimestral: usuarias continuas,2016-03-01,0,9,43,18,1,71
ESCOMA,"anticoncepcion, prevencion de its y de cancer de cuello uterino",inyectable trimestral: usuarias continuas,2016-03-01,0,1,5,0,0,6
EUCALIPTUS,"anticoncepcion, prevencion de its y de cancer de cuello uterino",inyectable trimestral: usuarias continuas,2016-03-01,0,0,6,7,0,13
EUREKA (SANTOS MERCADO),"anticoncepcion, prevencion de its y de cancer de cuello uterino",inyectable trimestral: usuarias continuas,2016-03-01,0,1,5,1,0,7
EXALTACION,"anticoncepcion, prevencion de its y de cancer de cuello uterino",inyectable trimestral: usuarias continuas,2016-03-01,0,0,1,0,0,1
FERNANDEZ ALONSO,"anticoncepcion, prevencion de its y de cancer de cuello uterino",inyectable trimestral: usuarias continuas,2016-03-01,0,11,41,14,0,66
FILADELFIA,"anticoncepcion, prevencion de its y de cancer de cuello uterino",inyectable trimestral: usuarias continuas,2016-03-01,0,5,15,3,0,23
GENERAL SAAVEDRA,"anticoncepcion, prevencion de its y de cancer de cuello uterino",inyectable trimestral: usuarias continuas,2016-03-01,0,4,36,16,0,56
GRAL. J.J. PEREZ (CHARAZANI),"anticoncepcion, prevencion de its y de cancer de cuello uterino",inyectable trimestral: usuarias continuas,2016-03-01,0,1,11,6,0,18
GUANAY,"anticoncepcion, prevencion de its y de cancer de cuello uterino",inyectable trimestral: usuarias continuas,2016-03-01,0,1,9,3,0,13
GUAQUI,"anticoncepcion, prevencion de its y de cancer de cuello uterino",inyectable trimestral: usuarias continuas,2016-03-01,0,0,13,8,0,21
GUAYARAMERIN,"anticoncepcion, prevencion de its y de cancer de cuello uterino",inyectable trimestral: usuarias continuas,2016-03-01,1,10,37,7,0,55
GUTIERREZ,"anticoncepcion, prevencion de its y de cancer de cuello uterino",inyectable trimestral: usuarias continuas,2016-03-01,0,3,18,14,0,35
HUACARETA,"anticoncepcion, prevencion de its y de cancer de cuello uterino",inyectable trimestral: usuarias continuas,2016-03-01,0,4,18,14,0,36
HUACAYA (VILLA DE HUACAYA),"anticoncepcion, prevencion de its y de cancer de cuello uterino",inyectable trimestral: usuarias continuas,2016-03-01,0,0,7,2,0,9
HUACHACALLA,"anticoncepcion, prevencion de its y de cancer de cuello uterino",inyectable trimestral: usuarias continuas,2016-03-01,0,0,0,1,0,1
HUANUNI,"anticoncepcion, prevencion de its y de cancer de cuello uterino",inyectable trimestral: usuarias continuas,2016-03-01,0,5,20,5,0,30
HUARACAJE,"anticoncepcion, prevencion de its y de cancer de cuello uterino",inyectable trimestral: usuarias continuas,2016-03-01,0,0,5,2,0,7
HUARINA,"anticoncepcion, prevencion de its y de cancer de cuello uterino",inyectable trimestral: usuarias continuas,2016-03-01,0,1,6,4,0,11
HUATAJATA,"anticoncepcion, prevencion de its y de cancer de cuello uterino",inyectable trimestral: usuarias continuas,2016-03-01,0,0,3,6,0,9
HUAYLLAMARCA,"anticoncepcion, prevencion de its y de cancer de cuello uterino",inyectable trimestral: usuarias continuas,2016-03-01,0,3,9,12,0,24
HUMANATA,"anticoncepcion, prevencion de its y de cancer de cuello uterino",inyectable trimestral: usuarias continuas,2016-03-01,0,1,5,5,0,11
ICHOCA,"anticoncepcion, prevencion de its y de cancer de cuello uterino",inyectable trimestral: usuarias continuas,2016-03-01,0,0,4,5,0,9
ICLA,"anticoncepcion, prevencion de its y de cancer de cuello uterino",inyectable trimestral: usuarias continuas,2016-03-01,0,1,16,14,0,31
INCAHUASI,"anticoncepcion, prevencion de its y de cancer de cuello uterino",inyectable trimestral: usuarias continuas,2016-03-01,0,4,23,18,0,45
INGAVI (HUMAITA),"anticoncepcion, prevencion de its y de cancer de cuello uterino",inyectable trimestral: usuarias continuas,2016-03-01,0,2,8,1,0,11
INQUISIVI,"anticoncepcion, prevencion de its y de cancer de cuello uterino",inyectable trimestral: usuarias continuas,2016-03-01,0,1,18,16,0,35
IRUPANA (VILLA DE LANZA),"anticoncepcion, prevencion de its y de cancer de cuello uterino",inyectable trimestral: usuarias continuas,2016-03-01,0,1,32,21,0,54
IXIAMAS,"anticoncepcion, prevencion de its y de cancer de cuello uterino",inyectable trimestral: usuarias continuas,2016-03-01,0,2,26,8,0,36
JESUS DE MACHACA,"anticoncepcion, prevencion de its y de cancer de cuello uterino",inyectable trimestral: usuarias continuas,2016-03-01,0,1,13,13,0,27
LA ASUNTA,"anticoncepcion, prevencion de its y de cancer de cuello uterino",inyectable trimestral: usuarias continuas,2016-03-01,0,5,100,38,0,143
LA GUARDIA,"anticoncepcion, prevencion de its y de cancer de cuello uterino",inyectable trimestral: usuarias continuas,2016-03-01,0,11,52,21,0,84
LA PAZ,"anticoncepcion, prevencion de its y de cancer de cuello uterino",inyectable trimestral: usuarias continuas,2016-03-01,0,26,251,103,1,381
LA RIVERA,"anticoncepcion, prevencion de its y de cancer de cuello uterino",inyectable trimestral: usuarias continuas,2016-03-01,0,0,1,0,0,1
LAGUNILLAS,"anticoncepcion, prevencion de its y de cancer de cuello uterino",inyectable trimestral: usuarias continuas,2016-03-01,0,0,18,8,0,26
LAJA,"anticoncepcion, prevencion de its y de cancer de cuello uterino",inyectable trimestral: usuarias continuas,2016-03-01,1,6,31,12,0,50
LAS CARRERAS,"anticoncepcion, prevencion de its y de cancer de cuello uterino",inyectable trimestral: usuarias continuas,2016-03-01,0,0,13,5,0,18
LICOMA PAMPA,"anticoncepcion, prevencion de its y de cancer de cuello uterino",inyectable trimestral: usuarias continuas,2016-03-01,0,3,8,7,0,18
LLALLAGUA,"anticoncepcion, prevencion de its y de cancer de cuello uterino",inyectable trimestral: usuarias continuas,2016-03-01,0,4,61,14,0,79
LLICA,"anticoncepcion, prevencion de its y de cancer de cuello uterino",inyectable trimestral: usuarias continuas,2016-03-01,0,3,12,3,0,18
LORETO,"anticoncepcion, prevencion de its y de cancer de cuello uterino",inyectable trimestral: usuarias continuas,2016-03-01,0,2,8,2,0,12
LURIBAY,"anticoncepcion, prevencion de its y de cancer de cuello uterino",inyectable trimestral: usuarias continuas,2016-03-01,1,3,22,17,2,45
MACHACAMARCA,"anticoncepcion, prevencion de its y de cancer de cuello uterino",inyectable trimestral: usuarias continuas,2016-03-01,0,0,3,1,0,4
MACHARETI,"anticoncepcion, prevencion de its y de cancer de cuello uterino",inyectable trimestral: usuarias continuas,2016-03-01,0,3,30,10,1,44
MAGDALENA,"anticoncepcion, prevencion de its y de cancer de cuello uterino",inyectable trimestral: usuarias continuas,2016-03-01,0,3,37,9,0,49
MAIRANA,"anticoncepcion, prevencion de its y de cancer de cuello uterino",inyectable trimestral: usuarias continuas,2016-03-01,0,5,29,14,0,48
MALLA,"anticoncepcion, prevencion de its y de cancer de cuello uterino",inyectable trimestral: usuarias continuas,2016-03-01,0,0,3,1,0,4
MAPIRI,"anticoncepcion, prevencion de its y de cancer de cuello uterino",inyectable trimestral: usuarias continuas,2016-03-01,0,1,10,7,0,18
MECAPACA,"anticoncepcion, prevencion de its y de cancer de cuello uterino",inyectable trimestral: usuarias continuas,2016-03-01,0,0,28,12,0,40
MINEROS,"anticoncepcion, prevencion de its y de cancer de cuello uterino",inyectable trimestral: usuarias continuas,2016-03-01,1,5,41,18,0,65
MIZQUE,"anticoncepcion, prevencion de its y de cancer de cuello uterino",inyectable trimestral: usuarias continuas,2016-03-01,0,6,78,39,0,123
MOCOMOCO,"anticoncepcion, prevencion de its y de cancer de cuello uterino",inyectable trimestral: usuarias continuas,2016-03-01,0,1,20,18,0,39
MOJOCOYA,"anticoncepcion, prevencion de its y de cancer de cuello uterino",inyectable trimestral: usuarias continuas,2016-03-01,0,4,27,25,1,57
MONTEAGUDO,"anticoncepcion, prevencion de its y de cancer de cuello uterino",inyectable trimestral: usuarias continuas,2016-03-01,0,7,63,34,0,104
MONTERO,"anticoncepcion, prevencion de its y de cancer de cuello uterino",inyectable trimestral: usuarias continuas,2016-03-01,0,43,168,49,0,260
MORO MORO,"anticoncepcion, prevencion de its y de cancer de cuello uterino",inyectable trimestral: usuarias continuas,2016-03-01,0,4,11,7,0,22
MOROCHATA,"anticoncepcion, prevencion de its y de cancer de cuello uterino",inyectable trimestral: usuarias continuas,2016-03-01,0,4,32,28,0,64
NACEBE (SANTA ROSA DEL ABUNA),"anticoncepcion, prevencion de its y de cancer de cuello uterino",inyectable trimestral: usuarias continuas,2016-03-01,0,7,19,5,0,31
NAZACARA DE PACAJES,"anticoncepcion, prevencion de its y de cancer de cuello uterino",inyectable trimestral: usuarias continuas,2016-03-01,0,0,2,0,0,2
NUEVO MANOA (NUEVA ESPERANZA),"anticoncepcion, prevencion de its y de cancer de cuello uterino",inyectable trimestral: usuarias continuas,2016-03-01,0,2,3,1,0,6
OCURI,"anticoncepcion, prevencion de its y de cancer de cuello uterino",inyectable trimestral: usuarias continuas,2016-03-01,0,0,22,27,0,49
OKINAWA,"anticoncepcion, prevencion de its y de cancer de cuello uterino",inyectable trimestral: usuarias continuas,2016-03-01,0,2,20,10,1,33
OMEREQUE,"anticoncepcion, prevencion de its y de cancer de cuello uterino",inyectable trimestral: usuarias continuas,2016-03-01,0,2,22,14,0,38
ORURO,"anticoncepcion, prevencion de its y de cancer de cuello uterino",inyectable trimestral: usuarias continuas,2016-03-01,2,29,442,139,3,615
PADCAYA,"anticoncepcion, prevencion de its y de cancer de cuello uterino",inyectable trimestral: usuarias continuas,2016-03-01,0,16,107,84,2,209
PADILLA,"anticoncepcion, prevencion de its y de cancer de cuello uterino",inyectable trimestral: usuarias continuas,2016-03-01,0,9,54,31,0,94
PAILON,"anticoncepcion, prevencion de its y de cancer de cuello uterino",inyectable trimestral: usuarias continuas,2016-03-01,0,9,22,7,0,38
PALCA,"anticoncepcion, prevencion de its y de cancer de cuello uterino",inyectable trimestral: usuarias continuas,2016-03-01,0,2,36,11,0,49
PALOS BLANCOS,"anticoncepcion, prevencion de its y de cancer de cuello uterino",inyectable trimestral: usuarias continuas,2016-03-01,0,4,55,30,0,89
PAMPA AULLAGAS,"anticoncepcion, prevencion de its y de cancer de cuello uterino",inyectable trimestral: usuarias continuas,2016-03-01,0,0,1,2,0,3
PAMPA GRANDE,"anticoncepcion, prevencion de its y de cancer de cuello uterino",inyectable trimestral: usuarias continuas,2016-03-01,0,4,33,9,1,47
PAPEL PAMPA,"anticoncepcion, prevencion de its y de cancer de cuello uterino",inyectable trimestral: usuarias continuas,2016-03-01,0,0,11,12,0,23
PASORAPA,"anticoncepcion, prevencion de its y de cancer de cuello uterino",inyectable trimestral: usuarias continuas,2016-03-01,0,1,17,12,0,30
PATACAMAYA,"anticoncepcion, prevencion de its y de cancer de cuello uterino",inyectable trimestral: usuarias continuas,2016-03-01,0,0,26,9,0,35
PAZÃ‘A,"anticoncepcion, prevencion de its y de cancer de cuello uterino",inyectable trimestral: usuarias continuas,2016-03-01,0,0,8,9,0,17
PELECHUCO,"anticoncepcion, prevencion de its y de cancer de cuello uterino",inyectable trimestral: usuarias continuas,2016-03-01,0,0,13,4,0,17
POCOATA,"anticoncepcion, prevencion de its y de cancer de cuello uterino",inyectable trimestral: usuarias continuas,2016-03-01,0,1,20,23,0,44
POCONA,"anticoncepcion, prevencion de its y de cancer de cuello uterino",inyectable trimestral: usuarias continuas,2016-03-01,0,10,51,31,2,94
POJO (CBBA),"anticoncepcion, prevencion de its y de cancer de cuello uterino",inyectable trimestral: usuarias continuas,2016-03-01,0,6,51,18,0,75
POOPO,"anticoncepcion, prevencion de its y de cancer de cuello uterino",inyectable trimestral: usuarias continuas,2016-03-01,0,1,2,1,0,4
PORCO,"anticoncepcion, prevencion de its y de cancer de cuello uterino",inyectable trimestral: usuarias continuas,2016-03-01,0,2,6,7,0,15
POROMA,"anticoncepcion, prevencion de its y de cancer de cuello uterino",inyectable trimestral: usuarias continuas,2016-03-01,2,5,58,42,0,107
PORTACHUELO,"anticoncepcion, prevencion de its y de cancer de cuello uterino",inyectable trimestral: usuarias continuas,2016-03-01,1,7,21,10,0,39
PORVENIR,"anticoncepcion, prevencion de its y de cancer de cuello uterino",inyectable trimestral: usuarias continuas,2016-03-01,0,3,16,1,0,20
POSTRER VALLE,"anticoncepcion, prevencion de its y de cancer de cuello uterino",inyectable trimestral: usuarias continuas,2016-03-01,0,0,7,3,0,10
POTOSI,"anticoncepcion, prevencion de its y de cancer de cuello uterino",inyectable trimestral: usuarias continuas,2016-03-01,0,28,455,167,0,650
PRESTO,"anticoncepcion, prevencion de its y de cancer de cuello uterino",inyectable trimestral: usuarias continuas,2016-03-01,0,0,15,12,0,27
PUCARA,"anticoncepcion, prevencion de its y de cancer de cuello uterino",inyectable trimestral: usuarias continuas,2016-03-01,0,0,12,6,0,18
PUCARANI,"anticoncepcion, prevencion de its y de cancer de cuello uterino",inyectable trimestral: usuarias continuas,2016-03-01,0,8,70,38,1,117
PUERTO ACOSTA,"anticoncepcion, prevencion de its y de cancer de cuello uterino",inyectable trimestral: usuarias continuas,2016-03-01,0,0,4,1,0,5
PUERTO CARABUCO,"anticoncepcion, prevencion de its y de cancer de cuello uterino",inyectable trimestral: usuarias continuas,2016-03-01,0,0,22,9,0,31
PUERTO GONZALO MORENO,"anticoncepcion, prevencion de its y de cancer de cuello uterino",inyectable trimestral: usuarias continuas,2016-03-01,0,9,20,16,0,45
PUERTO PEREZ,"anticoncepcion, prevencion de its y de cancer de cuello uterino",inyectable trimestral: usuarias continuas,2016-03-01,0,0,2,5,0,7
PUERTO QUIJARRO,"anticoncepcion, prevencion de its y de cancer de cuello uterino",inyectable trimestral: usuarias continuas,2016-03-01,0,2,7,0,0,9
PUERTO RICO,"anticoncepcion, prevencion de its y de cancer de cuello uterino",inyectable trimestral: usuarias continuas,2016-03-01,0,10,41,10,0,61
PUERTO SILES,"anticoncepcion, prevencion de its y de cancer de cuello uterino",inyectable trimestral: usuarias continuas,2016-03-01,0,1,0,0,0,1
PUERTO SUAREZ,"anticoncepcion, prevencion de its y de cancer de cuello uterino",inyectable trimestral: usuarias continuas,2016-03-01,0,2,15,3,0,20
PUERTO VILLARROEL,"anticoncepcion, prevencion de its y de cancer de cuello uterino",inyectable trimestral: usuarias continuas,2016-03-01,0,10,70,27,0,107
PUNA,"anticoncepcion, prevencion de its y de cancer de cuello uterino",inyectable trimestral: usuarias continuas,2016-03-01,0,1,25,16,0,42
PUNATA,"anticoncepcion, prevencion de its y de cancer de cuello uterino",inyectable trimestral: usuarias continuas,2016-03-01,0,1,47,19,0,67
QUIABAYA,"anticoncepcion, prevencion de its y de cancer de cuello uterino",inyectable trimestral: usuarias continuas,2016-03-01,0,1,7,3,0,11
QUILLACOLLO,"anticoncepcion, prevencion de its y de cancer de cuello uterino",inyectable trimestral: usuarias continuas,2016-03-01,0,15,157,38,0,210
QUIME,"anticoncepcion, prevencion de its y de cancer de cuello uterino",inyectable trimestral: usuarias continuas,2016-03-01,0,2,23,11,0,36
QUIRUSILLAS,"anticoncepcion, prevencion de its y de cancer de cuello uterino",inyectable trimestral: usuarias continuas,2016-03-01,0,2,4,4,0,10
RAVELO,"anticoncepcion, prevencion de its y de cancer de cuello uterino",inyectable trimestral: usuarias continuas,2016-03-01,0,3,36,48,2,89
REYES,"anticoncepcion, prevencion de its y de cancer de cuello uterino",inyectable trimestral: usuarias continuas,2016-03-01,0,1,23,9,0,33
RIBERALTA,"anticoncepcion, prevencion de its y de cancer de cuello uterino",inyectable trimestral: usuarias continuas,2016-03-01,0,27,116,40,0,183
ROBORE,"anticoncepcion, prevencion de its y de cancer de cuello uterino",inyectable trimestral: usuarias continuas,2016-03-01,0,2,29,8,0,39
RURRENABAQUE,"anticoncepcion, prevencion de its y de cancer de cuello uterino",inyectable trimestral: usuarias continuas,2016-03-01,0,8,40,10,0,58
SABAYA,"anticoncepcion, prevencion de its y de cancer de cuello uterino",inyectable trimestral: usuarias continuas,2016-03-01,0,0,6,4,0,10
SACABA,"anticoncepcion, prevencion de its y de cancer de cuello uterino",inyectable trimestral: usuarias continuas,2016-03-01,0,13,137,50,0,200
SACABAMBA,"anticoncepcion, prevencion de its y de cancer de cuello uterino",inyectable trimestral: usuarias continuas,2016-03-01,0,0,3,2,0,5
SACACA,"anticoncepcion, prevencion de its y de cancer de cuello uterino",inyectable trimestral: usuarias continuas,2016-03-01,0,2,30,17,0,49
SAIPINA,"anticoncepcion, prevencion de its y de cancer de cuello uterino",inyectable trimestral: usuarias continuas,2016-03-01,0,3,21,1,0,25
SALINAS DE GARCI MENDOZA,"anticoncepcion, prevencion de its y de cancer de cuello uterino",inyectable trimestral: usuarias continuas,2016-03-01,0,5,34,10,0,49
SAMAIPATA,"anticoncepcion, prevencion de its y de cancer de cuello uterino",inyectable trimestral: usuarias continuas,2016-03-01,1,13,37,13,0,64
SAN AGUSTIN,"anticoncepcion, prevencion de its y de cancer de cuello uterino",inyectable trimestral: usuarias continuas,2016-03-01,0,0,7,4,0,11
SAN ANDRES,"anticoncepcion, prevencion de its y de cancer de cuello uterino",inyectable trimestral: usuarias continuas,2016-03-01,0,1,26,5,0,32
SAN ANDRES DE MACHACA,"anticoncepcion, prevencion de its y de cancer de cuello uterino",inyectable trimestral: usuarias continuas,2016-03-01,0,0,1,0,0,1
SAN ANTONIO DE ESMORUCO,"anticoncepcion, prevencion de its y de cancer de cuello uterino",inyectable trimestral: usuarias continuas,2016-03-01,0,2,10,0,0,12
SAN ANTONIO DE LOMERIO,"anticoncepcion, prevencion de its y de cancer de cuello uterino",inyectable trimestral: usuarias continuas,2016-03-01,0,2,27,12,0,41
SAN BENITO,"anticoncepcion, prevencion de its y de cancer de cuello uterino",inyectable trimestral: usuarias continuas,2016-03-01,0,0,27,20,0,47
SAN BORJA,"anticoncepcion, prevencion de its y de cancer de cuello uterino",inyectable trimestral: usuarias continuas,2016-03-01,7,22,87,46,1,163
SAN BUENA VENTURA,"anticoncepcion, prevencion de its y de cancer de cuello uterino",inyectable trimestral: usuarias continuas,2016-03-01,0,0,7,2,0,9
SAN CARLOS,"anticoncepcion, prevencion de its y de cancer de cuello uterino",inyectable trimestral: usuarias continuas,2016-03-01,0,8,29,13,1,51
SAN IGNACIO,"anticoncepcion, prevencion de its y de cancer de cuello uterino",inyectable trimestral: usuarias continuas,2016-03-01,0,19,73,39,1,132
SAN IGNACIO DE VELASCO,"anticoncepcion, prevencion de its y de cancer de cuello uterino",inyectable trimestral: usuarias continuas,2016-03-01,1,22,120,37,1,181
SAN JAVIER(BNI),"anticoncepcion, prevencion de its y de cancer de cuello uterino",inyectable trimestral: usuarias continuas,2016-03-01,0,0,5,0,0,5
SAN JAVIER(STC),"anticoncepcion, prevencion de its y de cancer de cuello uterino",inyectable trimestral: usuarias continuas,2016-03-01,0,5,19,7,0,31
SAN JOAQUIN,"anticoncepcion, prevencion de its y de cancer de cuello uterino",inyectable trimestral: usuarias continuas,2016-03-01,0,2,0,0,0,2
SAN JOSE DE CHIQUITOS,"anticoncepcion, prevencion de its y de cancer de cuello uterino",inyectable trimestral: usuarias continuas,2016-03-01,0,4,33,10,0,47
SAN JUAN DE YAPACANI,"anticoncepcion, prevencion de its y de cancer de cuello uterino",inyectable trimestral: usuarias continuas,2016-03-01,0,5,19,5,0,29
SAN JULIAN,"anticoncepcion, prevencion de its y de cancer de cuello uterino",inyectable trimestral: usuarias continuas,2016-03-01,0,12,55,57,0,124
SAN LORENZO(PND),"anticoncepcion, prevencion de its y de cancer de cuello uterino",inyectable trimestral: usuarias continuas,2016-03-01,0,3,12,0,0,15
SAN LORENZO(TJA),"anticoncepcion, prevencion de its y de cancer de cuello uterino",inyectable trimestral: usuarias continuas,2016-03-01,3,12,78,61,1,155
SAN LUCAS,"anticoncepcion, prevencion de its y de cancer de cuello uterino",inyectable trimestral: usuarias continuas,2016-03-01,0,5,50,26,1,82
SAN MATIAS,"anticoncepcion, prevencion de its y de cancer de cuello uterino",inyectable trimestral: usuarias continuas,2016-03-01,0,0,7,4,0,11
SAN MIGUEL DE VELASCO,"anticoncepcion, prevencion de its y de cancer de cuello uterino",inyectable trimestral: usuarias continuas,2016-03-01,0,13,61,28,1,103
SAN PABLO DE LIPEZ,"anticoncepcion, prevencion de its y de cancer de cuello uterino",inyectable trimestral: usuarias continuas,2016-03-01,0,1,7,4,0,12
SAN PEDRO,"anticoncepcion, prevencion de its y de cancer de cuello uterino",inyectable trimestral: usuarias continuas,2016-03-01,0,4,32,16,0,52
SAN PEDRO DE BUENA VISTA,"anticoncepcion, prevencion de its y de cancer de cuello uterino",inyectable trimestral: usuarias continuas,2016-03-01,0,0,14,14,0,28
SAN PEDRO DE CURAHUARA,"anticoncepcion, prevencion de its y de cancer de cuello uterino",inyectable trimestral: usuarias continuas,2016-03-01,0,1,9,7,0,17
SAN PEDRO DE QUEMES,"anticoncepcion, prevencion de its y de cancer de cuello uterino",inyectable trimestral: usuarias continuas,2016-03-01,0,0,5,1,0,6
SAN PEDRO DE TIQUINA,"anticoncepcion, prevencion de its y de cancer de cuello uterino",inyectable trimestral: usuarias continuas,2016-03-01,0,0,8,6,0,14
SAN PEDRO(PND),"anticoncepcion, prevencion de its y de cancer de cuello uterino",inyectable trimestral: usuarias continuas,2016-03-01,0,2,5,2,0,9
SAN RAFAEL,"anticoncepcion, prevencion de its y de cancer de cuello uterino",inyectable trimestral: usuarias continuas,2016-03-01,0,7,27,15,0,49
SAN RAMON BENI,"anticoncepcion, prevencion de its y de cancer de cuello uterino",inyectable trimestral: usuarias continuas,2016-03-01,0,0,3,1,0,4
SAN RAMON SCZ,"anticoncepcion, prevencion de its y de cancer de cuello uterino",inyectable trimestral: usuarias continuas,2016-03-01,0,8,20,10,1,39
SANTA ANA,"anticoncepcion, prevencion de its y de cancer de cuello uterino",inyectable trimestral: usuarias continuas,2016-03-01,0,3,6,1,0,10
SANTA CRUZ DE LA SIERRA,"anticoncepcion, prevencion de its y de cancer de cuello uterino",inyectable trimestral: usuarias continuas,2016-03-01,1,65,322,72,1,461
SANTA ROSA,"anticoncepcion, prevencion de its y de cancer de cuello uterino",inyectable trimestral: usuarias continuas,2016-03-01,0,0,6,2,0,8
SANTA ROSA DEL SARA,"anticoncepcion, prevencion de its y de cancer de cuello uterino",inyectable trimestral: usuarias continuas,2016-03-01,1,4,41,24,1,71
SANTIAGO DE CALLAPA,"anticoncepcion, prevencion de its y de cancer de cuello uterino",inyectable trimestral: usuarias continuas,2016-03-01,0,1,1,1,0,3
SANTIAGO DE HUARI,"anticoncepcion, prevencion de its y de cancer de cuello uterino",inyectable trimestral: usuarias continuas,2016-03-01,0,1,5,2,0,8
SANTIAGO DE HUATA,"anticoncepcion, prevencion de its y de cancer de cuello uterino",inyectable trimestral: usuarias continuas,2016-03-01,0,2,5,5,0,12
SANTIAGO DE MACHACA,"anticoncepcion, prevencion de its y de cancer de cuello uterino",inyectable trimestral: usuarias continuas,2016-03-01,0,2,1,3,0,6
SANTIVAÃ‘ES,"anticoncepcion, prevencion de its y de cancer de cuello uterino",inyectable trimestral: usuarias continuas,2016-03-01,0,0,10,8,0,18
SANTUARIO DE QUILLACAS,"anticoncepcion, prevencion de its y de cancer de cuello uterino",inyectable trimestral: usuarias continuas,2016-03-01,0,0,9,3,0,12
SAPAHAQUI,"anticoncepcion, prevencion de its y de cancer de cuello uterino",inyectable trimestral: usuarias continuas,2016-03-01,0,1,14,12,0,27
SENA,"anticoncepcion, prevencion de its y de cancer de cuello uterino",inyectable trimestral: usuarias continuas,2016-03-01,0,1,9,3,0,13
SHINAOTA,"anticoncepcion, prevencion de its y de cancer de cuello uterino",inyectable trimestral: usuarias continuas,2016-03-01,0,3,33,13,0,49
SICA SICA (VILLA AROMA),"anticoncepcion, prevencion de its y de cancer de cuello uterino",inyectable trimestral: usuarias continuas,2016-03-01,0,3,40,34,0,77
SICAYA,"anticoncepcion, prevencion de its y de cancer de cuello uterino",inyectable trimestral: usuarias continuas,2016-03-01,0,2,12,8,0,22
SIPE SIPE,"anticoncepcion, prevencion de its y de cancer de cuello uterino",inyectable trimestral: usuarias continuas,2016-03-01,0,16,148,64,0,228
SOPACHUY,"anticoncepcion, prevencion de its y de cancer de cuello uterino",inyectable trimestral: usuarias continuas,2016-03-01,0,1,16,16,0,33
SORACACHI,"anticoncepcion, prevencion de its y de cancer de cuello uterino",inyectable trimestral: usuarias continuas,2016-03-01,0,1,16,13,0,30
SORATA,"anticoncepcion, prevencion de its y de cancer de cuello uterino",inyectable trimestral: usuarias continuas,2016-03-01,0,1,28,22,0,51
SUCRE,"anticoncepcion, prevencion de its y de cancer de cuello uterino",inyectable trimestral: usuarias continuas,2016-03-01,2,77,424,161,1,665
TACACHI,"anticoncepcion, prevencion de its y de cancer de cuello uterino",inyectable trimestral: usuarias continuas,2016-03-01,0,0,0,1,0,1
TACACOMA,"anticoncepcion, prevencion de its y de cancer de cuello uterino",inyectable trimestral: usuarias continuas,2016-03-01,1,4,23,4,0,32
TACOBAMBA,"anticoncepcion, prevencion de its y de cancer de cuello uterino",inyectable trimestral: usuarias continuas,2016-03-01,0,1,16,19,1,37
TACOPAYA,"anticoncepcion, prevencion de its y de cancer de cuello uterino",inyectable trimestral: usuarias continuas,2016-03-01,0,0,8,7,0,15
TAHUA,"anticoncepcion, prevencion de its y de cancer de cuello uterino",inyectable trimestral: usuarias continuas,2016-03-01,0,1,1,4,0,6
TAPACARI,"anticoncepcion, prevencion de its y de cancer de cuello uterino",inyectable trimestral: usuarias continuas,2016-03-01,0,4,51,56,0,111
TARABUCO,"anticoncepcion, prevencion de its y de cancer de cuello uterino",inyectable trimestral: usuarias continuas,2016-03-01,0,3,33,24,0,60
TARACO,"anticoncepcion, prevencion de its y de cancer de cuello uterino",inyectable trimestral: usuarias continuas,2016-03-01,0,0,16,8,0,24
TARATA,"anticoncepcion, prevencion de its y de cancer de cuello uterino",inyectable trimestral: usuarias continuas,2016-03-01,0,1,12,12,0,25
TARIJA,"anticoncepcion, prevencion de its y de cancer de cuello uterino",inyectable trimestral: usuarias continuas,2016-03-01,0,19,196,68,0,283
TARVITA,"anticoncepcion, prevencion de its y de cancer de cuello uterino",inyectable trimestral: usuarias continuas,2016-03-01,0,3,28,27,1,59
TEOPONTE,"anticoncepcion, prevencion de its y de cancer de cuello uterino",inyectable trimestral: usuarias continuas,2016-03-01,0,2,18,5,0,25
TIAWANACU,"anticoncepcion, prevencion de its y de cancer de cuello uterino",inyectable trimestral: usuarias continuas,2016-03-01,0,2,21,20,0,43
TINGUIPAYA,"anticoncepcion, prevencion de its y de cancer de cuello uterino",inyectable trimestral: usuarias continuas,2016-03-01,0,1,23,18,0,42
TIPUANI,"anticoncepcion, prevencion de its y de cancer de cuello uterino",inyectable trimestral: usuarias continuas,2016-03-01,0,0,18,8,0,26
TIQUIPAYA,"anticoncepcion, prevencion de its y de cancer de cuello uterino",inyectable trimestral: usuarias continuas,2016-03-01,0,12,60,22,0,94
TIRAQUE (CBBA),"anticoncepcion, prevencion de its y de cancer de cuello uterino",inyectable trimestral: usuarias continuas,2016-03-01,0,7,48,27,0,82
TITO YUPANQUI (PARQUIPUJIO),"anticoncepcion, prevencion de its y de cancer de cuello uterino",inyectable trimestral: usuarias continuas,2016-03-01,0,0,0,1,0,1
TOCO,"anticoncepcion, prevencion de its y de cancer de cuello uterino",inyectable trimestral: usuarias continuas,2016-03-01,0,1,13,9,0,23
TOLATA,"anticoncepcion, prevencion de its y de cancer de cuello uterino",inyectable trimestral: usuarias continuas,2016-03-01,0,0,24,2,0,26
TOLEDO,"anticoncepcion, prevencion de its y de cancer de cuello uterino",inyectable trimestral: usuarias continuas,2016-03-01,0,0,6,3,0,9
TOMAVE,"anticoncepcion, prevencion de its y de cancer de cuello uterino",inyectable trimestral: usuarias continuas,2016-03-01,0,3,10,16,0,29
TOMINA,"anticoncepcion, prevencion de its y de cancer de cuello uterino",inyectable trimestral: usuarias continuas,2016-03-01,0,9,44,26,0,79
TORO TORO,"anticoncepcion, prevencion de its y de cancer de cuello uterino",inyectable trimestral: usuarias continuas,2016-03-01,0,5,21,15,1,42
TOTORA(CBBA),"anticoncepcion, prevencion de its y de cancer de cuello uterino",inyectable trimestral: usuarias continuas,2016-03-01,0,8,95,34,0,137
TOTORA(ORR),"anticoncepcion, prevencion de its y de cancer de cuello uterino",inyectable trimestral: usuarias continuas,2016-03-01,0,1,8,7,0,16
TRIGAL,"anticoncepcion, prevencion de its y de cancer de cuello uterino",inyectable trimestral: usuarias continuas,2016-03-01,0,1,7,2,0,10
TRINIDAD,"anticoncepcion, prevencion de its y de cancer de cuello uterino",inyectable trimestral: usuarias continuas,2016-03-01,0,14,35,7,0,56
TUPIZA,"anticoncepcion, prevencion de its y de cancer de cuello uterino",inyectable trimestral: usuarias continuas,2016-03-01,0,15,112,60,1,188
TURCO,"anticoncepcion, prevencion de its y de cancer de cuello uterino",inyectable trimestral: usuarias continuas,2016-03-01,0,1,10,7,0,18
UMALA,"anticoncepcion, prevencion de its y de cancer de cuello uterino",inyectable trimestral: usuarias continuas,2016-03-01,0,1,10,9,0,20
UNCIA,"anticoncepcion, prevencion de its y de cancer de cuello uterino",inyectable trimestral: usuarias continuas,2016-03-01,0,1,34,17,1,53
URIONDO (A. CONCEPCION),"anticoncepcion, prevencion de its y de cancer de cuello uterino",inyectable trimestral: usuarias continuas,2016-03-01,0,19,58,34,0,111
URUBICHA,"anticoncepcion, prevencion de its y de cancer de cuello uterino",inyectable trimestral: usuarias continuas,2016-03-01,0,0,8,5,0,13
UYUNI,"anticoncepcion, prevencion de its y de cancer de cuello uterino",inyectable trimestral: usuarias continuas,2016-03-01,0,5,44,18,1,68
VACAS,"anticoncepcion, prevencion de its y de cancer de cuello uterino",inyectable trimestral: usuarias continuas,2016-03-01,0,2,13,12,0,27
VALLEGRANDE,"anticoncepcion, prevencion de its y de cancer de cuello uterino",inyectable trimestral: usuarias continuas,2016-03-01,0,5,47,5,0,57
VIACHA,"anticoncepcion, prevencion de its y de cancer de cuello uterino",inyectable trimestral: usuarias continuas,2016-03-01,0,7,93,49,1,150
VILA VILA,"anticoncepcion, prevencion de its y de cancer de cuello uterino",inyectable trimestral: usuarias continuas,2016-03-01,0,0,6,1,0,7
VILLA CHARCAS,"anticoncepcion, prevencion de its y de cancer de cuello uterino",inyectable trimestral: usuarias continuas,2016-03-01,0,6,39,30,0,75
VILLA MONTES,"anticoncepcion, prevencion de its y de cancer de cuello uterino",inyectable trimestral: usuarias continuas,2016-03-01,0,16,77,27,0,120
VILLA NUEVA (LOMA ALTA),"anticoncepcion, prevencion de its y de cancer de cuello uterino",inyectable trimestral: usuarias continuas,2016-03-01,0,1,8,2,0,11
VILLA RIVERO,"anticoncepcion, prevencion de its y de cancer de cuello uterino",inyectable trimestral: usuarias continuas,2016-03-01,0,4,17,9,0,30
VILLA SERRANO,"anticoncepcion, prevencion de its y de cancer de cuello uterino",inyectable trimestral: usuarias continuas,2016-03-01,0,4,15,29,0,48
VILLA TUNARI,"anticoncepcion, prevencion de its y de cancer de cuello uterino",inyectable trimestral: usuarias continuas,2016-03-01,0,33,265,76,0,374
VILLA VACA GUZMAN (MUYUPAMPA),"anticoncepcion, prevencion de its y de cancer de cuello uterino",inyectable trimestral: usuarias continuas,2016-03-01,1,5,21,31,0,58
VILLAZON,"anticoncepcion, prevencion de its y de cancer de cuello uterino",inyectable trimestral: usuarias continuas,2016-03-01,0,17,117,48,0,182
VINTO,"anticoncepcion, prevencion de its y de cancer de cuello uterino",inyectable trimestral: usuarias continuas,2016-03-01,0,2,52,25,1,80
VITICHI,"anticoncepcion, prevencion de its y de cancer de cuello uterino",inyectable trimestral: usuarias continuas,2016-03-01,0,0,11,10,0,21
WALDO BALLIVIAN,"anticoncepcion, prevencion de its y de cancer de cuello uterino",inyectable trimestral: usuarias continuas,2016-03-01,0,0,3,4,0,7
WARNES,"anticoncepcion, prevencion de its y de cancer de cuello uterino",inyectable trimestral: usuarias continuas,2016-03-01,0,26,95,33,1,155
YACO,"anticoncepcion, prevencion de its y de cancer de cuello uterino",inyectable trimestral: usuarias continuas,2016-03-01,0,2,17,7,0,26
YACUIBA,"anticoncepcion, prevencion de its y de cancer de cuello uterino",inyectable trimestral: usuarias continuas,2016-03-01,0,11,104,60,1,176
YAMPARAEZ,"anticoncepcion, prevencion de its y de cancer de cuello uterino",inyectable trimestral: usuarias continuas,2016-03-01,0,1,13,17,0,31
YANACACHI,"anticoncepcion, prevencion de its y de cancer de cuello uterino",inyectable trimestral: usuarias continuas,2016-03-01,0,0,9,4,0,13
YAPACANI,"anticoncepcion, prevencion de its y de cancer de cuello uterino",inyectable trimestral: usuarias continuas,2016-03-01,0,13,52,18,0,83
YOCALLA,"anticoncepcion, prevencion de its y de cancer de cuello uterino",inyectable trimestral: usuarias continuas,2016-03-01,0,2,9,5,0,16
YOTALA,"anticoncepcion, prevencion de its y de cancer de cuello uterino",inyectable trimestral: usuarias continuas,2016-03-01,0,0,4,0,0,4
YUNCHARA,"anticoncepcion, prevencion de its y de cancer de cuello uterino",inyectable trimestral: usuarias continuas,2016-03-01,0,10,38,17,0,65
YUNGUYO DE LITORAL,"anticoncepcion, prevencion de its y de cancer de cuello uterino",inyectable trimestral: usuarias continuas,2016-03-01,0,0,0,1,0,1
ZUDAÃ‘EZ,"anticoncepcion, prevencion de its y de cancer de cuello uterino",inyectable trimestral: usuarias continuas,2016-03-01,0,1,32,22,0,55
ACACIO,"anticoncepcion, prevencion de its y de cancer de cuello uterino",inyectable trimestral: usuarias continuas,2016-04-01,0,0,10,6,0,16
ACHACACHI,"anticoncepcion, prevencion de its y de cancer de cuello uterino",inyectable trimestral: usuarias continuas,2016-04-01,1,4,44,29,0,78
ACHOCALLA,"anticoncepcion, prevencion de its y de cancer de cuello uterino",inyectable trimestral: usuarias continuas,2016-04-01,0,2,27,17,0,46
AIQUILE,"anticoncepcion, prevencion de its y de cancer de cuello uterino",inyectable trimestral: usuarias continuas,2016-04-01,0,0,19,18,0,37
ALALAY,"anticoncepcion, prevencion de its y de cancer de cuello uterino",inyectable trimestral: usuarias continuas,2016-04-01,0,0,2,0,0,2
ALCALA,"anticoncepcion, prevencion de its y de cancer de cuello uterino",inyectable trimestral: usuarias continuas,2016-04-01,0,4,11,15,1,31
ALTO BENI,"anticoncepcion, prevencion de its y de cancer de cuello uterino",inyectable trimestral: usuarias continuas,2016-04-01,1,2,26,16,0,45
ANCORAIMES,"anticoncepcion, prevencion de its y de cancer de cuello uterino",inyectable trimestral: usuarias continuas,2016-04-01,0,0,12,9,0,21
ANDAMARCA,"anticoncepcion, prevencion de its y de cancer de cuello uterino",inyectable trimestral: usuarias continuas,2016-04-01,0,1,3,3,0,7
ANTEQUERA,"anticoncepcion, prevencion de its y de cancer de cuello uterino",inyectable trimestral: usuarias continuas,2016-04-01,0,0,17,9,0,26
ANZALDO,"anticoncepcion, prevencion de its y de cancer de cuello uterino",inyectable trimestral: usuarias continuas,2016-04-01,0,2,14,10,2,28
APOLO,"anticoncepcion, prevencion de its y de cancer de cuello uterino",inyectable trimestral: usuarias continuas,2016-04-01,0,2,32,22,0,56
ARAMPAMPA,"anticoncepcion, prevencion de its y de cancer de cuello uterino",inyectable trimestral: usuarias continuas,2016-04-01,0,0,1,5,0,6
ARANI,"anticoncepcion, prevencion de its y de cancer de cuello uterino",inyectable trimestral: usuarias continuas,2016-04-01,0,4,15,6,0,25
ARBIETO,"anticoncepcion, prevencion de its y de cancer de cuello uterino",inyectable trimestral: usuarias continuas,2016-04-01,0,5,40,20,0,65
ARQUE,"anticoncepcion, prevencion de its y de cancer de cuello uterino",inyectable trimestral: usuarias continuas,2016-04-01,0,9,33,36,0,78
ASCENCION DE GUARAYOS,"anticoncepcion, prevencion de its y de cancer de cuello uterino",inyectable trimestral: usuarias continuas,2016-04-01,0,3,9,3,0,15
ATOCHA,"anticoncepcion, prevencion de its y de cancer de cuello uterino",inyectable trimestral: usuarias continuas,2016-04-01,0,0,41,20,0,61
AUCAPATA,"anticoncepcion, prevencion de its y de cancer de cuello uterino",inyectable trimestral: usuarias continuas,2016-04-01,0,0,12,6,0,18
AYATA,"anticoncepcion, prevencion de its y de cancer de cuello uterino",inyectable trimestral: usuarias continuas,2016-04-01,0,1,10,20,0,31
AYO AYO,"anticoncepcion, prevencion de its y de cancer de cuello uterino",inyectable trimestral: usuarias continuas,2016-04-01,0,0,12,9,0,21
AYOPAYA (V. DE INDEPENDENCIA),"anticoncepcion, prevencion de its y de cancer de cuello uterino",inyectable trimestral: usuarias continuas,2016-04-01,1,9,65,54,0,129
AZURDUY,"anticoncepcion, prevencion de its y de cancer de cuello uterino",inyectable trimestral: usuarias continuas,2016-04-01,0,2,41,20,0,63
BATALLAS,"anticoncepcion, prevencion de its y de cancer de cuello uterino",inyectable trimestral: usuarias continuas,2016-04-01,0,2,22,13,2,39
BAURES,"anticoncepcion, prevencion de its y de cancer de cuello uterino",inyectable trimestral: usuarias continuas,2016-04-01,0,1,5,4,0,10
BELEN DE ANDAMARCA,"anticoncepcion, prevencion de its y de cancer de cuello uterino",inyectable trimestral: usuarias continuas,2016-04-01,0,0,1,1,0,2
BELEN DE URMIRI,"anticoncepcion, prevencion de its y de cancer de cuello uterino",inyectable trimestral: usuarias continuas,2016-04-01,0,0,1,2,0,3
BELLA FLOR,"anticoncepcion, prevencion de its y de cancer de cuello uterino",inyectable trimestral: usuarias continuas,2016-04-01,1,5,12,4,0,22
BERMEJO,"anticoncepcion, prevencion de its y de cancer de cuello uterino",inyectable trimestral: usuarias continuas,2016-04-01,0,15,58,29,1,103
BETANZOS,"anticoncepcion, prevencion de its y de cancer de cuello uterino",inyectable trimestral: usuarias continuas,2016-04-01,0,5,47,44,0,96
BOLIVAR,"anticoncepcion, prevencion de its y de cancer de cuello uterino",inyectable trimestral: usuarias continuas,2016-04-01,0,0,2,5,0,7
BOLPEBRA,"anticoncepcion, prevencion de its y de cancer de cuello uterino",inyectable trimestral: usuarias continuas,2016-04-01,1,2,5,0,0,8
BOYUIBE,"anticoncepcion, prevencion de its y de cancer de cuello uterino",inyectable trimestral: usuarias continuas,2016-04-01,0,1,10,5,0,16
BUENA VISTA,"anticoncepcion, prevencion de its y de cancer de cuello uterino",inyectable trimestral: usuarias continuas,2016-04-01,1,4,27,15,0,47
CABEZAS,"anticoncepcion, prevencion de its y de cancer de cuello uterino",inyectable trimestral: usuarias continuas,2016-04-01,0,11,84,20,0,115
CAIROMA,"anticoncepcion, prevencion de its y de cancer de cuello uterino",inyectable trimestral: usuarias continuas,2016-04-01,0,3,21,11,0,35
"CAIZA ""D""","anticoncepcion, prevencion de its y de cancer de cuello uterino",inyectable trimestral: usuarias continuas,2016-04-01,0,0,14,13,0,27
CAJUATA,"anticoncepcion, prevencion de its y de cancer de cuello uterino",inyectable trimestral: usuarias continuas,2016-04-01,1,3,16,5,1,26
CALACOTO,"anticoncepcion, prevencion de its y de cancer de cuello uterino",inyectable trimestral: usuarias continuas,2016-04-01,0,0,1,1,0,2
CALAMARCA,"anticoncepcion, prevencion de its y de cancer de cuello uterino",inyectable trimestral: usuarias continuas,2016-04-01,0,2,37,17,1,57
CAMARGO,"anticoncepcion, prevencion de its y de cancer de cuello uterino",inyectable trimestral: usuarias continuas,2016-04-01,0,0,13,10,0,23
CAMATAQUI (C. VILLA ABECIA),"anticoncepcion, prevencion de its y de cancer de cuello uterino",inyectable trimestral: usuarias continuas,2016-04-01,0,1,8,13,0,22
CAMIRI,"anticoncepcion, prevencion de its y de cancer de cuello uterino",inyectable trimestral: usuarias continuas,2016-04-01,0,2,32,11,0,45
CAPINOTA,"anticoncepcion, prevencion de its y de cancer de cuello uterino",inyectable trimestral: usuarias continuas,2016-04-01,0,8,39,26,1,74
CAQUIAVIRI,"anticoncepcion, prevencion de its y de cancer de cuello uterino",inyectable trimestral: usuarias continuas,2016-04-01,0,2,13,2,0,17
CARACOLLO,"anticoncepcion, prevencion de its y de cancer de cuello uterino",inyectable trimestral: usuarias continuas,2016-04-01,0,4,31,20,0,55
CARANAVI,"anticoncepcion, prevencion de its y de cancer de cuello uterino",inyectable trimestral: usuarias continuas,2016-04-01,0,7,55,36,0,98
CARAPARI,"anticoncepcion, prevencion de its y de cancer de cuello uterino",inyectable trimestral: usuarias continuas,2016-04-01,0,7,50,33,4,94
CARIPUYO,"anticoncepcion, prevencion de its y de cancer de cuello uterino",inyectable trimestral: usuarias continuas,2016-04-01,0,0,5,4,0,9
CARMEN RIVERO TORREZ,"anticoncepcion, prevencion de its y de cancer de cuello uterino",inyectable trimestral: usuarias continuas,2016-04-01,0,1,9,1,0,11
CATACORA,"anticoncepcion, prevencion de its y de cancer de cuello uterino",inyectable trimestral: usuarias continuas,2016-04-01,0,0,3,2,0,5
CHACARILLA,"anticoncepcion, prevencion de its y de cancer de cuello uterino",inyectable trimestral: usuarias continuas,2016-04-01,0,1,5,0,0,6
CHALLAPATA,"anticoncepcion, prevencion de its y de cancer de cuello uterino",inyectable trimestral: usuarias continuas,2016-04-01,0,3,44,13,0,60
CHAQUI,"anticoncepcion, prevencion de its y de cancer de cuello uterino",inyectable trimestral: usuarias continuas,2016-04-01,0,4,15,13,1,33
CHARAGUA,"anticoncepcion, prevencion de its y de cancer de cuello uterino",inyectable trimestral: usuarias continuas,2016-04-01,0,3,34,14,0,51
CHARAÃ‘A,"anticoncepcion, prevencion de its y de cancer de cuello uterino",inyectable trimestral: usuarias continuas,2016-04-01,0,0,3,2,0,5
CHAYANTA,"anticoncepcion, prevencion de its y de cancer de cuello uterino",inyectable trimestral: usuarias continuas,2016-04-01,0,0,23,24,0,47
CHIMORE,"anticoncepcion, prevencion de its y de cancer de cuello uterino",inyectable trimestral: usuarias continuas,2016-04-01,0,7,45,16,0,68
CHIPAYA,"anticoncepcion, prevencion de its y de cancer de cuello uterino",inyectable trimestral: usuarias continuas,2016-04-01,0,5,11,3,1,20
CHOQUE COTA,"anticoncepcion, prevencion de its y de cancer de cuello uterino",inyectable trimestral: usuarias continuas,2016-04-01,0,1,1,2,0,4
CHUA COCANI,"anticoncepcion, prevencion de its y de cancer de cuello uterino",inyectable trimestral: usuarias continuas,2016-04-01,0,2,4,3,0,9
CHULUMANI (V. DE LA LIBERTAD),"anticoncepcion, prevencion de its y de cancer de cuello uterino",inyectable trimestral: usuarias continuas,2016-04-01,0,0,30,8,0,38
CHUMA,"anticoncepcion, prevencion de its y de cancer de cuello uterino",inyectable trimestral: usuarias continuas,2016-04-01,0,3,12,19,0,34
CHUQUIHUTA AYLLU JUCUMANI,"anticoncepcion, prevencion de its y de cancer de cuello uterino",inyectable trimestral: usuarias continuas,2016-04-01,0,1,8,18,0,27
CKOCHAS,"anticoncepcion, prevencion de its y de cancer de cuello uterino",inyectable trimestral: usuarias continuas,2016-04-01,0,1,12,13,0,26
CLIZA,"anticoncepcion, prevencion de its y de cancer de cuello uterino",inyectable trimestral: usuarias continuas,2016-04-01,0,1,36,13,1,51
COBIJA,"anticoncepcion, prevencion de its y de cancer de cuello uterino",inyectable trimestral: usuarias continuas,2016-04-01,1,33,103,19,1,157
COCAPATA,"anticoncepcion, prevencion de its y de cancer de cuello uterino",inyectable trimestral: usuarias continuas,2016-04-01,0,3,40,21,0,64
COCHABAMBA,"anticoncepcion, prevencion de its y de cancer de cuello uterino",inyectable trimestral: usuarias continuas,2016-04-01,0,34,237,67,0,338
COIPASA,"anticoncepcion, prevencion de its y de cancer de cuello uterino",inyectable trimestral: usuarias continuas,2016-04-01,0,0,3,0,0,3
COLCAPIRHUA,"anticoncepcion, prevencion de its y de cancer de cuello uterino",inyectable trimestral: usuarias continuas,2016-04-01,0,4,34,7,0,45
"COLCHA ""K""","anticoncepcion, prevencion de its y de cancer de cuello uterino",inyectable trimestral: usuarias continuas,2016-04-01,0,1,39,19,0,59
COLLANA,"anticoncepcion, prevencion de its y de cancer de cuello uterino",inyectable trimestral: usuarias continuas,2016-04-01,0,0,4,2,0,6
COLOMI,"anticoncepcion, prevencion de its y de cancer de cuello uterino",inyectable trimestral: usuarias continuas,2016-04-01,0,9,40,21,0,70
COLPA BELGICA,"anticoncepcion, prevencion de its y de cancer de cuello uterino",inyectable trimestral: usuarias continuas,2016-04-01,1,3,16,4,0,24
COLQUECHACA,"anticoncepcion, prevencion de its y de cancer de cuello uterino",inyectable trimestral: usuarias continuas,2016-04-01,0,1,42,29,0,72
COLQUENCHA,"anticoncepcion, prevencion de its y de cancer de cuello uterino",inyectable trimestral: usuarias continuas,2016-04-01,0,0,20,15,0,35
COLQUIRI,"anticoncepcion, prevencion de its y de cancer de cuello uterino",inyectable trimestral: usuarias continuas,2016-04-01,0,1,16,12,0,29
COMANCHE,"anticoncepcion, prevencion de its y de cancer de cuello uterino",inyectable trimestral: usuarias continuas,2016-04-01,0,0,1,1,0,2
COMARAPA,"anticoncepcion, prevencion de its y de cancer de cuello uterino",inyectable trimestral: usuarias continuas,2016-04-01,0,7,55,31,0,93
COMBAYA,"anticoncepcion, prevencion de its y de cancer de cuello uterino",inyectable trimestral: usuarias continuas,2016-04-01,0,0,3,3,0,6
CONCEPCION,"anticoncepcion, prevencion de its y de cancer de cuello uterino",inyectable trimestral: usuarias continuas,2016-04-01,0,5,25,5,0,35
COPACABANA,"anticoncepcion, prevencion de its y de cancer de cuello uterino",inyectable trimestral: usuarias continuas,2016-04-01,0,2,23,20,0,45
CORIPATA,"anticoncepcion, prevencion de its y de cancer de cuello uterino",inyectable trimestral: usuarias continuas,2016-04-01,0,2,42,13,0,57
CORO CORO,"anticoncepcion, prevencion de its y de cancer de cuello uterino",inyectable trimestral: usuarias continuas,2016-04-01,0,0,9,4,0,13
COROICO,"anticoncepcion, prevencion de its y de cancer de cuello uterino",inyectable trimestral: usuarias continuas,2016-04-01,0,0,9,5,0,14
CORQUE,"anticoncepcion, prevencion de its y de cancer de cuello uterino",inyectable trimestral: usuarias continuas,2016-04-01,0,1,3,6,0,10
COTAGAITA,"anticoncepcion, prevencion de its y de cancer de cuello uterino",inyectable trimestral: usuarias continuas,2016-04-01,0,6,84,48,0,138
COTOCA,"anticoncepcion, prevencion de its y de cancer de cuello uterino",inyectable trimestral: usuarias continuas,2016-04-01,3,14,86,25,0,128
CUATRO CAÃ‘ADAS,"anticoncepcion, prevencion de its y de cancer de cuello uterino",inyectable trimestral: usuarias continuas,2016-04-01,0,2,30,8,0,40
CUCHUMUELA (V. G. VILLARROEL),"anticoncepcion, prevencion de its y de cancer de cuello uterino",inyectable trimestral: usuarias continuas,2016-04-01,0,1,8,3,0,12
CUEVO,"anticoncepcion, prevencion de its y de cancer de cuello uterino",inyectable trimestral: usuarias continuas,2016-04-01,0,3,15,5,1,24
CULPINA,"anticoncepcion, prevencion de its y de cancer de cuello uterino",inyectable trimestral: usuarias continuas,2016-04-01,0,6,40,37,1,84
CURAHUARA DE CARANGAS,"anticoncepcion, prevencion de its y de cancer de cuello uterino",inyectable trimestral: usuarias continuas,2016-04-01,0,3,4,3,2,12
CURVA,"anticoncepcion, prevencion de its y de cancer de cuello uterino",inyectable trimestral: usuarias continuas,2016-04-01,0,0,1,2,0,3
DESAGUADERO,"anticoncepcion, prevencion de its y de cancer de cuello uterino",inyectable trimestral: usuarias continuas,2016-04-01,0,0,9,6,0,15
EL ALTO,"anticoncepcion, prevencion de its y de cancer de cuello uterino",inyectable trimestral: usuarias continuas,2016-04-01,1,44,686,259,0,990
EL CHORO,"anticoncepcion, prevencion de its y de cancer de cuello uterino",inyectable trimestral: usuarias continuas,2016-04-01,0,0,6,1,0,7
EL PUENTE(STC),"anticoncepcion, prevencion de its y de cancer de cuello uterino",inyectable trimestral: usuarias continuas,2016-04-01,0,1,31,20,0,52
EL PUENTE(TJA),"anticoncepcion, prevencion de its y de cancer de cuello uterino",inyectable trimestral: usuarias continuas,2016-04-01,0,5,62,35,0,102
EL TORNO,"anticoncepcion, prevencion de its y de cancer de cuello uterino",inyectable trimestral: usuarias continuas,2016-04-01,3,19,57,35,1,115
EL VILLAR,"anticoncepcion, prevencion de its y de cancer de cuello uterino",inyectable trimestral: usuarias continuas,2016-04-01,0,6,24,14,0,44
ENTRE RIOS TRJ,"anticoncepcion, prevencion de its y de cancer de cuello uterino",inyectable trimestral: usuarias continuas,2016-04-01,0,17,97,41,1,156
ENTRE RIOS CBBA,"anticoncepcion, prevencion de its y de cancer de cuello uterino",inyectable trimestral: usuarias continuas,2016-04-01,0,7,30,15,0,52
ESCOMA,"anticoncepcion, prevencion de its y de cancer de cuello uterino",inyectable trimestral: usuarias continuas,2016-04-01,0,0,2,1,0,3
ESMERALDA,"anticoncepcion, prevencion de its y de cancer de cuello uterino",inyectable trimestral: usuarias continuas,2016-04-01,0,0,1,0,0,1
EUCALIPTUS,"anticoncepcion, prevencion de its y de cancer de cuello uterino",inyectable trimestral: usuarias continuas,2016-04-01,0,0,7,2,0,9
EUREKA (SANTOS MERCADO),"anticoncepcion, prevencion de its y de cancer de cuello uterino",inyectable trimestral: usuarias continuas,2016-04-01,0,0,13,1,0,14
EXALTACION,"anticoncepcion, prevencion de its y de cancer de cuello uterino",inyectable trimestral: usuarias continuas,2016-04-01,0,0,2,0,0,2
FERNANDEZ ALONSO,"anticoncepcion, prevencion de its y de cancer de cuello uterino",inyectable trimestral: usuarias continuas,2016-04-01,0,4,25,14,0,43
FILADELFIA,"anticoncepcion, prevencion de its y de cancer de cuello uterino",inyectable trimestral: usuarias continuas,2016-04-01,0,4,19,6,0,29
GENERAL SAAVEDRA,"anticoncepcion, prevencion de its y de cancer de cuello uterino",inyectable trimestral: usuarias continuas,2016-04-01,1,14,46,14,0,75
GRAL. J.J. PEREZ (CHARAZANI),"anticoncepcion, prevencion de its y de cancer de cuello uterino",inyectable trimestral: usuarias continuas,2016-04-01,0,2,11,7,0,20
GUANAY,"anticoncepcion, prevencion de its y de cancer de cuello uterino",inyectable trimestral: usuarias continuas,2016-04-01,0,0,7,1,0,8
GUAQUI,"anticoncepcion, prevencion de its y de cancer de cuello uterino",inyectable trimestral: usuarias continuas,2016-04-01,0,2,11,7,1,21
GUAYARAMERIN,"anticoncepcion, prevencion de its y de cancer de cuello uterino",inyectable trimestral: usuarias continuas,2016-04-01,0,10,22,3,0,35
GUTIERREZ,"anticoncepcion, prevencion de its y de cancer de cuello uterino",inyectable trimestral: usuarias continuas,2016-04-01,0,1,11,8,0,20
HUACARETA,"anticoncepcion, prevencion de its y de cancer de cuello uterino",inyectable trimestral: usuarias continuas,2016-04-01,0,2,17,11,1,31
HUACAYA (VILLA DE HUACAYA),"anticoncepcion, prevencion de its y de cancer de cuello uterino",inyectable trimestral: usuarias continuas,2016-04-01,0,0,13,5,0,18
HUACHACALLA,"anticoncepcion, prevencion de its y de cancer de cuello uterino",inyectable trimestral: usuarias continuas,2016-04-01,0,0,0,1,0,1
HUANUNI,"anticoncepcion, prevencion de its y de cancer de cuello uterino",inyectable trimestral: usuarias continuas,2016-04-01,0,1,23,7,0,31
HUARACAJE,"anticoncepcion, prevencion de its y de cancer de cuello uterino",inyectable trimestral: usuarias continuas,2016-04-01,0,2,3,1,0,6
HUARINA,"anticoncepcion, prevencion de its y de cancer de cuello uterino",inyectable trimestral: usuarias continuas,2016-04-01,0,1,7,2,0,10
HUATAJATA,"anticoncepcion, prevencion de its y de cancer de cuello uterino",inyectable trimestral: usuarias continuas,2016-04-01,0,0,3,3,0,6
HUAYLLAMARCA,"anticoncepcion, prevencion de its y de cancer de cuello uterino",inyectable trimestral: usuarias continuas,2016-04-01,0,0,7,6,1,14
HUMANATA,"anticoncepcion, prevencion de its y de cancer de cuello uterino",inyectable trimestral: usuarias continuas,2016-04-01,0,3,7,5,0,15
ICHOCA,"anticoncepcion, prevencion de its y de cancer de cuello uterino",inyectable trimestral: usuarias continuas,2016-04-01,0,2,5,2,0,9
ICLA,"anticoncepcion, prevencion de its y de cancer de cuello uterino",inyectable trimestral: usuarias continuas,2016-04-01,0,1,13,15,0,29
INCAHUASI,"anticoncepcion, prevencion de its y de cancer de cuello uterino",inyectable trimestral: usuarias continuas,2016-04-01,0,4,24,25,1,54
INGAVI (HUMAITA),"anticoncepcion, prevencion de its y de cancer de cuello uterino",inyectable trimestral: usuarias continuas,2016-04-01,0,2,7,3,0,12
INQUISIVI,"anticoncepcion, prevencion de its y de cancer de cuello uterino",inyectable trimestral: usuarias continuas,2016-04-01,0,2,19,16,0,37
IRUPANA (VILLA DE LANZA),"anticoncepcion, prevencion de its y de cancer de cuello uterino",inyectable trimestral: usuarias continuas,2016-04-01,0,4,35,16,1,56
IXIAMAS,"anticoncepcion, prevencion de its y de cancer de cuello uterino",inyectable trimestral: usuarias continuas,2016-04-01,0,4,23,5,0,32
JESUS DE MACHACA,"anticoncepcion, prevencion de its y de cancer de cuello uterino",inyectable trimestral: usuarias continuas,2016-04-01,0,2,8,7,0,17
LA ASUNTA,"anticoncepcion, prevencion de its y de cancer de cuello uterino",inyectable trimestral: usuarias continuas,2016-04-01,0,6,95,36,0,137
LA GUARDIA,"anticoncepcion, prevencion de its y de cancer de cuello uterino",inyectable trimestral: usuarias continuas,2016-04-01,2,14,67,24,0,107
LA PAZ,"anticoncepcion, prevencion de its y de cancer de cuello uterino",inyectable trimestral: usuarias continuas,2016-04-01,0,25,261,116,1,403
LA RIVERA,"anticoncepcion, prevencion de its y de cancer de cuello uterino",inyectable trimestral: usuarias continuas,2016-04-01,0,0,0,1,0,1
LAGUNILLAS,"anticoncepcion, prevencion de its y de cancer de cuello uterino",inyectable trimestral: usuarias continuas,2016-04-01,0,1,17,8,0,26
LAJA,"anticoncepcion, prevencion de its y de cancer de cuello uterino",inyectable trimestral: usuarias continuas,2016-04-01,0,9,46,14,1,70
LAS CARRERAS,"anticoncepcion, prevencion de its y de cancer de cuello uterino",inyectable trimestral: usuarias continuas,2016-04-01,0,1,9,5,0,15
LICOMA PAMPA,"anticoncepcion, prevencion de its y de cancer de cuello uterino",inyectable trimestral: usuarias continuas,2016-04-01,0,0,4,4,0,8
LLALLAGUA,"anticoncepcion, prevencion de its y de cancer de cuello uterino",inyectable trimestral: usuarias continuas,2016-04-01,0,4,43,23,0,70
LLICA,"anticoncepcion, prevencion de its y de cancer de cuello uterino",inyectable trimestral: usuarias continuas,2016-04-01,0,3,13,10,1,27
LORETO,"anticoncepcion, prevencion de its y de cancer de cuello uterino",inyectable trimestral: usuarias continuas,2016-04-01,0,4,8,0,0,12
LURIBAY,"anticoncepcion, prevencion de its y de cancer de cuello uterino",inyectable trimestral: usuarias continuas,2016-04-01,1,2,18,23,0,44
MACHACAMARCA,"anticoncepcion, prevencion de its y de cancer de cuello uterino",inyectable trimestral: usuarias continuas,2016-04-01,0,0,3,2,0,5
MACHARETI,"anticoncepcion, prevencion de its y de cancer de cuello uterino",inyectable trimestral: usuarias continuas,2016-04-01,0,1,33,15,0,49
MAGDALENA,"anticoncepcion, prevencion de its y de cancer de cuello uterino",inyectable trimestral: usuarias continuas,2016-04-01,0,5,28,10,0,43
MAIRANA,"anticoncepcion, prevencion de its y de cancer de cuello uterino",inyectable trimestral: usuarias continuas,2016-04-01,0,5,19,6,0,30
MALLA,"anticoncepcion, prevencion de its y de cancer de cuello uterino",inyectable trimestral: usuarias continuas,2016-04-01,0,0,4,2,0,6
MAPIRI,"anticoncepcion, prevencion de its y de cancer de cuello uterino",inyectable trimestral: usuarias continuas,2016-04-01,0,2,13,7,0,22
MECAPACA,"anticoncepcion, prevencion de its y de cancer de cuello uterino",inyectable trimestral: usuarias continuas,2016-04-01,0,1,16,19,0,36
MINEROS,"anticoncepcion, prevencion de its y de cancer de cuello uterino",inyectable trimestral: usuarias continuas,2016-04-01,0,2,18,5,0,25
MIZQUE,"anticoncepcion, prevencion de its y de cancer de cuello uterino",inyectable trimestral: usuarias continuas,2016-04-01,0,14,88,39,0,141
MOCOMOCO,"anticoncepcion, prevencion de its y de cancer de cuello uterino",inyectable trimestral: usuarias continuas,2016-04-01,0,0,14,14,0,28
MOJOCOYA,"anticoncepcion, prevencion de its y de cancer de cuello uterino",inyectable trimestral: usuarias continuas,2016-04-01,0,3,19,15,0,37
MONTEAGUDO,"anticoncepcion, prevencion de its y de cancer de cuello uterino",inyectable trimestral: usuarias continuas,2016-04-01,0,9,36,33,2,80
MONTERO,"anticoncepcion, prevencion de its y de cancer de cuello uterino",inyectable trimestral: usuarias continuas,2016-04-01,1,32,200,62,1,296
MORO MORO,"anticoncepcion, prevencion de its y de cancer de cuello uterino",inyectable trimestral: usuarias continuas,2016-04-01,0,7,13,13,1,34
MOROCHATA,"anticoncepcion, prevencion de its y de cancer de cuello uterino",inyectable trimestral: usuarias continuas,2016-04-01,0,2,20,24,0,46
NACEBE (SANTA ROSA DEL ABUNA),"anticoncepcion, prevencion de its y de cancer de cuello uterino",inyectable trimestral: usuarias continuas,2016-04-01,0,3,11,3,0,17
NAZACARA DE PACAJES,"anticoncepcion, prevencion de its y de cancer de cuello uterino",inyectable trimestral: usuarias continuas,2016-04-01,0,0,0,1,0,1
NUEVO MANOA (NUEVA ESPERANZA),"anticoncepcion, prevencion de its y de cancer de cuello uterino",inyectable trimestral: usuarias continuas,2016-04-01,0,1,2,1,0,4
OCURI,"anticoncepcion, prevencion de its y de cancer de cuello uterino",inyectable trimestral: usuarias continuas,2016-04-01,0,6,23,15,0,44
OKINAWA,"anticoncepcion, prevencion de its y de cancer de cuello uterino",inyectable trimestral: usuarias continuas,2016-04-01,0,3,21,9,0,33
OMEREQUE,"anticoncepcion, prevencion de its y de cancer de cuello uterino",inyectable trimestral: usuarias continuas,2016-04-01,0,1,20,16,0,37
ORURO,"anticoncepcion, prevencion de its y de cancer de cuello uterino",inyectable trimestral: usuarias continuas,2016-04-01,0,29,412,127,2,570
PADCAYA,"anticoncepcion, prevencion de its y de cancer de cuello uterino",inyectable trimestral: usuarias continuas,2016-04-01,1,18,97,64,2,182
PADILLA,"anticoncepcion, prevencion de its y de cancer de cuello uterino",inyectable trimestral: usuarias continuas,2016-04-01,0,6,44,31,0,81
PAILON,"anticoncepcion, prevencion de its y de cancer de cuello uterino",inyectable trimestral: usuarias continuas,2016-04-01,1,6,34,12,0,53
PALCA,"anticoncepcion, prevencion de its y de cancer de cuello uterino",inyectable trimestral: usuarias continuas,2016-04-01,0,2,20,8,0,30
PALOS BLANCOS,"anticoncepcion, prevencion de its y de cancer de cuello uterino",inyectable trimestral: usuarias continuas,2016-04-01,0,8,48,29,1,86
PAMPA AULLAGAS,"anticoncepcion, prevencion de its y de cancer de cuello uterino",inyectable trimestral: usuarias continuas,2016-04-01,0,0,1,1,0,2
PAMPA GRANDE,"anticoncepcion, prevencion de its y de cancer de cuello uterino",inyectable trimestral: usuarias continuas,2016-04-01,0,4,28,8,0,40
PAPEL PAMPA,"anticoncepcion, prevencion de its y de cancer de cuello uterino",inyectable trimestral: usuarias continuas,2016-04-01,0,1,7,10,0,18
PASORAPA,"anticoncepcion, prevencion de its y de cancer de cuello uterino",inyectable trimestral: usuarias continuas,2016-04-01,0,3,7,11,1,22
PATACAMAYA,"anticoncepcion, prevencion de its y de cancer de cuello uterino",inyectable trimestral: usuarias continuas,2016-04-01,1,1,9,6,0,17
PAZÃ‘A,"anticoncepcion, prevencion de its y de cancer de cuello uterino",inyectable trimestral: usuarias continuas,2016-04-01,0,0,10,6,0,16
PELECHUCO,"anticoncepcion, prevencion de its y de cancer de cuello uterino",inyectable trimestral: usuarias continuas,2016-04-01,0,1,11,5,1,18
POCOATA,"anticoncepcion, prevencion de its y de cancer de cuello uterino",inyectable trimestral: usuarias continuas,2016-04-01,0,0,25,23,1,49
POCONA,"anticoncepcion, prevencion de its y de cancer de cuello uterino",inyectable trimestral: usuarias continuas,2016-04-01,0,2,41,44,0,87
POJO (CBBA),"anticoncepcion, prevencion de its y de cancer de cuello uterino",inyectable trimestral: usuarias continuas,2016-04-01,0,5,57,29,0,91
POOPO,"anticoncepcion, prevencion de its y de cancer de cuello uterino",inyectable trimestral: usuarias continuas,2016-04-01,0,0,12,6,0,18
PORCO,"anticoncepcion, prevencion de its y de cancer de cuello uterino",inyectable trimestral: usuarias continuas,2016-04-01,0,2,11,4,0,17
POROMA,"anticoncepcion, prevencion de its y de cancer de cuello uterino",inyectable trimestral: usuarias continuas,2016-04-01,0,12,69,36,0,117
PORONGO,"anticoncepcion, prevencion de its y de cancer de cuello uterino",inyectable trimestral: usuarias continuas,2016-04-01,0,0,3,0,0,3
PORTACHUELO,"anticoncepcion, prevencion de its y de cancer de cuello uterino",inyectable trimestral: usuarias continuas,2016-04-01,0,6,31,17,0,54
PORVENIR,"anticoncepcion, prevencion de its y de cancer de cuello uterino",inyectable trimestral: usuarias continuas,2016-04-01,0,2,21,6,0,29
POSTRER VALLE,"anticoncepcion, prevencion de its y de cancer de cuello uterino",inyectable trimestral: usuarias continuas,2016-04-01,0,2,10,0,0,12
POTOSI,"anticoncepcion, prevencion de its y de cancer de cuello uterino",inyectable trimestral: usuarias continuas,2016-04-01,0,41,356,111,2,510
PRESTO,"anticoncepcion, prevencion de its y de cancer de cuello uterino",inyectable trimestral: usuarias continuas,2016-04-01,1,1,27,13,0,42
PUCARA,"anticoncepcion, prevencion de its y de cancer de cuello uterino",inyectable trimestral: usuarias continuas,2016-04-01,0,0,5,2,0,7
PUCARANI,"anticoncepcion, prevencion de its y de cancer de cuello uterino",inyectable trimestral: usuarias continuas,2016-04-01,0,7,64,36,0,107
PUERTO ACOSTA,"anticoncepcion, prevencion de its y de cancer de cuello uterino",inyectable trimestral: usuarias continuas,2016-04-01,0,1,5,2,0,8
PUERTO CARABUCO,"anticoncepcion, prevencion de its y de cancer de cuello uterino",inyectable trimestral: usuarias continuas,2016-04-01,0,0,16,11,0,27
PUERTO GONZALO MORENO,"anticoncepcion, prevencion de its y de cancer de cuello uterino",inyectable trimestral: usuarias continuas,2016-04-01,0,4,20,10,0,34
PUERTO PEREZ,"anticoncepcion, prevencion de its y de cancer de cuello uterino",inyectable trimestral: usuarias continuas,2016-04-01,0,0,9,3,0,12
PUERTO QUIJARRO,"anticoncepcion, prevencion de its y de cancer de cuello uterino",inyectable trimestral: usuarias continuas,2016-04-01,0,12,17,1,0,30
PUERTO RICO,"anticoncepcion, prevencion de its y de cancer de cuello uterino",inyectable trimestral: usuarias continuas,2016-04-01,0,2,19,8,0,29
PUERTO SILES,"anticoncepcion, prevencion de its y de cancer de cuello uterino",inyectable trimestral: usuarias continuas,2016-04-01,0,0,1,1,0,2
PUERTO SUAREZ,"anticoncepcion, prevencion de its y de cancer de cuello uterino",inyectable trimestral: usuarias continuas,2016-04-01,0,4,13,2,0,19
PUERTO VILLARROEL,"anticoncepcion, prevencion de its y de cancer de cuello uterino",inyectable trimestral: usuarias continuas,2016-04-01,0,9,70,34,1,114
PUNA,"anticoncepcion, prevencion de its y de cancer de cuello uterino",inyectable trimestral: usuarias continuas,2016-04-01,0,3,24,18,0,45
PUNATA,"anticoncepcion, prevencion de its y de cancer de cuello uterino",inyectable trimestral: usuarias continuas,2016-04-01,0,9,42,15,0,66
QUIABAYA,"anticoncepcion, prevencion de its y de cancer de cuello uterino",inyectable trimestral: usuarias continuas,2016-04-01,0,0,7,3,0,10
QUILLACOLLO,"anticoncepcion, prevencion de its y de cancer de cuello uterino",inyectable trimestral: usuarias continuas,2016-04-01,1,13,148,26,0,188
QUIME,"anticoncepcion, prevencion de its y de cancer de cuello uterino",inyectable trimestral: usuarias continuas,2016-04-01,0,0,19,12,1,32
QUIRUSILLAS,"anticoncepcion, prevencion de its y de cancer de cuello uterino",inyectable trimestral: usuarias continuas,2016-04-01,0,0,1,1,0,2
RAVELO,"anticoncepcion, prevencion de its y de cancer de cuello uterino",inyectable trimestral: usuarias continuas,2016-04-01,0,4,40,40,0,84
REYES,"anticoncepcion, prevencion de its y de cancer de cuello uterino",inyectable trimestral: usuarias continuas,2016-04-01,1,9,24,15,0,49
RIBERALTA,"anticoncepcion, prevencion de its y de cancer de cuello uterino",inyectable trimestral: usuarias continuas,2016-04-01,0,27,103,13,0,143
ROBORE,"anticoncepcion, prevencion de its y de cancer de cuello uterino",inyectable trimestral: usuarias continuas,2016-04-01,0,3,23,7,1,34
RURRENABAQUE,"anticoncepcion, prevencion de its y de cancer de cuello uterino",inyectable trimestral: usuarias continuas,2016-04-01,0,5,30,12,1,48
SABAYA,"anticoncepcion, prevencion de its y de cancer de cuello uterino",inyectable trimestral: usuarias continuas,2016-04-01,0,2,4,5,0,11
SACABA,"anticoncepcion, prevencion de its y de cancer de cuello uterino",inyectable trimestral: usuarias continuas,2016-04-01,0,12,127,36,1,176
SACABAMBA,"anticoncepcion, prevencion de its y de cancer de cuello uterino",inyectable trimestral: usuarias continuas,2016-04-01,0,0,7,4,1,12
SACACA,"anticoncepcion, prevencion de its y de cancer de cuello uterino",inyectable trimestral: usuarias continuas,2016-04-01,0,2,46,28,0,76
SAIPINA,"anticoncepcion, prevencion de its y de cancer de cuello uterino",inyectable trimestral: usuarias continuas,2016-04-01,0,3,23,8,0,34
SALINAS DE GARCI MENDOZA,"anticoncepcion, prevencion de its y de cancer de cuello uterino",inyectable trimestral: usuarias continuas,2016-04-01,0,4,26,12,0,42
SAMAIPATA,"anticoncepcion, prevencion de its y de cancer de cuello uterino",inyectable trimestral: usuarias continuas,2016-04-01,0,6,39,14,0,59
SAN AGUSTIN,"anticoncepcion, prevencion de its y de cancer de cuello uterino",inyectable trimestral: usuarias continuas,2016-04-01,0,1,0,2,0,3
SAN ANDRES,"anticoncepcion, prevencion de its y de cancer de cuello uterino",inyectable trimestral: usuarias continuas,2016-04-01,1,1,23,6,0,31
SAN ANDRES DE MACHACA,"anticoncepcion, prevencion de its y de cancer de cuello uterino",inyectable trimestral: usuarias continuas,2016-04-01,0,0,5,2,0,7
SAN ANTONIO DE ESMORUCO,"anticoncepcion, prevencion de its y de cancer de cuello uterino",inyectable trimestral: usuarias continuas,2016-04-01,0,0,4,1,0,5
SAN ANTONIO DE LOMERIO,"anticoncepcion, prevencion de its y de cancer de cuello uterino",inyectable trimestral: usuarias continuas,2016-04-01,1,4,36,30,0,71
SAN BENITO,"anticoncepcion, prevencion de its y de cancer de cuello uterino",inyectable trimestral: usuarias continuas,2016-04-01,0,3,15,13,0,31
SAN BORJA,"anticoncepcion, prevencion de its y de cancer de cuello uterino",inyectable trimestral: usuarias continuas,2016-04-01,0,16,81,34,0,131
SAN BUENA VENTURA,"anticoncepcion, prevencion de its y de cancer de cuello uterino",inyectable trimestral: usuarias continuas,2016-04-01,0,1,2,4,0,7
SAN CARLOS,"anticoncepcion, prevencion de its y de cancer de cuello uterino",inyectable trimestral: usuarias continuas,2016-04-01,0,4,23,16,0,43
SAN IGNACIO,"anticoncepcion, prevencion de its y de cancer de cuello uterino",inyectable trimestral: usuarias continuas,2016-04-01,1,8,63,29,1,102
SAN IGNACIO DE VELASCO,"anticoncepcion, prevencion de its y de cancer de cuello uterino",inyectable trimestral: usuarias continuas,2016-04-01,1,28,154,64,0,247
SAN JAVIER(BNI),"anticoncepcion, prevencion de its y de cancer de cuello uterino",inyectable trimestral: usuarias continuas,2016-04-01,0,1,4,0,0,5
SAN JAVIER(STC),"anticoncepcion, prevencion de its y de cancer de cuello uterino",inyectable trimestral: usuarias continuas,2016-04-01,1,12,25,11,0,49
SAN JOAQUIN,"anticoncepcion, prevencion de its y de cancer de cuello uterino",inyectable trimestral: usuarias continuas,2016-04-01,0,2,1,0,0,3
SAN JOSE DE CHIQUITOS,"anticoncepcion, prevencion de its y de cancer de cuello uterino",inyectable trimestral: usuarias continuas,2016-04-01,2,4,22,8,0,36
SAN JUAN DE YAPACANI,"anticoncepcion, prevencion de its y de cancer de cuello uterino",inyectable trimestral: usuarias continuas,2016-04-01,0,4,18,16,0,38
SAN JULIAN,"anticoncepcion, prevencion de its y de cancer de cuello uterino",inyectable trimestral: usuarias continuas,2016-04-01,0,13,74,24,0,111
SAN LORENZO(PND),"anticoncepcion, prevencion de its y de cancer de cuello uterino",inyectable trimestral: usuarias continuas,2016-04-01,0,0,9,4,0,13
SAN LORENZO(TJA),"anticoncepcion, prevencion de its y de cancer de cuello uterino",inyectable trimestral: usuarias continuas,2016-04-01,0,12,72,40,2,126
SAN LUCAS,"anticoncepcion, prevencion de its y de cancer de cuello uterino",inyectable trimestral: usuarias continuas,2016-04-01,0,4,51,37,0,92
SAN MATIAS,"anticoncepcion, prevencion de its y de cancer de cuello uterino",inyectable trimestral: usuarias continuas,2016-04-01,0,1,9,7,0,17
SAN MIGUEL DE VELASCO,"anticoncepcion, prevencion de its y de cancer de cuello uterino",inyectable trimestral: usuarias continuas,2016-04-01,0,8,67,34,1,110
SAN PABLO DE LIPEZ,"anticoncepcion, prevencion de its y de cancer de cuello uterino",inyectable trimestral: usuarias continuas,2016-04-01,0,0,9,0,0,9
SAN PEDRO,"anticoncepcion, prevencion de its y de cancer de cuello uterino",inyectable trimestral: usuarias continuas,2016-04-01,0,4,33,18,1,56
SAN PEDRO DE BUENA VISTA,"anticoncepcion, prevencion de its y de cancer de cuello uterino",inyectable trimestral: usuarias continuas,2016-04-01,0,2,25,32,0,59
SAN PEDRO DE CURAHUARA,"anticoncepcion, prevencion de its y de cancer de cuello uterino",inyectable trimestral: usuarias continuas,2016-04-01,0,2,6,5,0,13
SAN PEDRO DE QUEMES,"anticoncepcion, prevencion de its y de cancer de cuello uterino",inyectable trimestral: usuarias continuas,2016-04-01,0,0,0,1,0,1
SAN PEDRO DE TIQUINA,"anticoncepcion, prevencion de its y de cancer de cuello uterino",inyectable trimestral: usuarias continuas,2016-04-01,0,0,7,5,0,12
SAN PEDRO(PND),"anticoncepcion, prevencion de its y de cancer de cuello uterino",inyectable trimestral: usuarias continuas,2016-04-01,0,3,8,1,0,12
SAN RAFAEL,"anticoncepcion, prevencion de its y de cancer de cuello uterino",inyectable trimestral: usuarias continuas,2016-04-01,0,6,27,11,0,44
SAN RAMON BENI,"anticoncepcion, prevencion de its y de cancer de cuello uterino",inyectable trimestral: usuarias continuas,2016-04-01,0,2,4,1,0,7
SAN RAMON SCZ,"anticoncepcion, prevencion de its y de cancer de cuello uterino",inyectable trimestral: usuarias continuas,2016-04-01,0,3,29,14,0,46
SANTA ANA,"anticoncepcion, prevencion de its y de cancer de cuello uterino",inyectable trimestral: usuarias continuas,2016-04-01,0,0,9,1,0,10
SANTA CRUZ DE LA SIERRA,"anticoncepcion, prevencion de its y de cancer de cuello uterino",inyectable trimestral: usuarias continuas,2016-04-01,0,55,269,70,2,396
SANTA ROSA,"anticoncepcion, prevencion de its y de cancer de cuello uterino",inyectable trimestral: usuarias continuas,2016-04-01,0,0,7,3,0,10
SANTA ROSA DEL SARA,"anticoncepcion, prevencion de its y de cancer de cuello uterino",inyectable trimestral: usuarias continuas,2016-04-01,0,5,43,16,1,65
SANTIAGO DE CALLAPA,"anticoncepcion, prevencion de its y de cancer de cuello uterino",inyectable trimestral: usuarias continuas,2016-04-01,0,1,1,1,0,3
SANTIAGO DE HUARI,"anticoncepcion, prevencion de its y de cancer de cuello uterino",inyectable trimestral: usuarias continuas,2016-04-01,0,1,9,2,0,12
SANTIAGO DE HUATA,"anticoncepcion, prevencion de its y de cancer de cuello uterino",inyectable trimestral: usuarias continuas,2016-04-01,0,0,7,3,0,10
SANTIAGO DE MACHACA,"anticoncepcion, prevencion de its y de cancer de cuello uterino",inyectable trimestral: usuarias continuas,2016-04-01,0,0,4,2,0,6
SANTIVAÃ‘ES,"anticoncepcion, prevencion de its y de cancer de cuello uterino",inyectable trimestral: usuarias continuas,2016-04-01,0,2,16,7,0,25
SANTUARIO DE QUILLACAS,"anticoncepcion, prevencion de its y de cancer de cuello uterino",inyectable trimestral: usuarias continuas,2016-04-01,0,1,5,1,0,7
SAPAHAQUI,"anticoncepcion, prevencion de its y de cancer de cuello uterino",inyectable trimestral: usuarias continuas,2016-04-01,0,1,12,10,0,23
SENA,"anticoncepcion, prevencion de its y de cancer de cuello uterino",inyectable trimestral: usuarias continuas,2016-04-01,0,0,2,0,0,2
SHINAOTA,"anticoncepcion, prevencion de its y de cancer de cuello uterino",inyectable trimestral: usuarias continuas,2016-04-01,0,3,44,10,0,57
SICA SICA (VILLA AROMA),"anticoncepcion, prevencion de its y de cancer de cuello uterino",inyectable trimestral: usuarias continuas,2016-04-01,0,2,34,33,0,69
SICAYA,"anticoncepcion, prevencion de its y de cancer de cuello uterino",inyectable trimestral: usuarias continuas,2016-04-01,0,3,11,9,0,23
SIPE SIPE,"anticoncepcion, prevencion de its y de cancer de cuello uterino",inyectable trimestral: usuarias continuas,2016-04-01,0,20,148,71,1,240
SOPACHUY,"anticoncepcion, prevencion de its y de cancer de cuello uterino",inyectable trimestral: usuarias continuas,2016-04-01,0,4,16,19,2,41
SORACACHI,"anticoncepcion, prevencion de its y de cancer de cuello uterino",inyectable trimestral: usuarias continuas,2016-04-01,0,1,9,11,0,21
SORATA,"anticoncepcion, prevencion de its y de cancer de cuello uterino",inyectable trimestral: usuarias continuas,2016-04-01,0,2,27,18,0,47
SUCRE,"anticoncepcion, prevencion de its y de cancer de cuello uterino",inyectable trimestral: usuarias continuas,2016-04-01,1,58,376,142,1,578
TACACHI,"anticoncepcion, prevencion de its y de cancer de cuello uterino",inyectable trimestral: usuarias continuas,2016-04-01,0,0,3,1,0,4
TACACOMA,"anticoncepcion, prevencion de its y de cancer de cuello uterino",inyectable trimestral: usuarias continuas,2016-04-01,0,0,24,11,0,35
TACOBAMBA,"anticoncepcion, prevencion de its y de cancer de cuello uterino",inyectable trimestral: usuarias continuas,2016-04-01,0,4,23,24,0,51
TACOPAYA,"anticoncepcion, prevencion de its y de cancer de cuello uterino",inyectable trimestral: usuarias continuas,2016-04-01,0,0,7,6,0,13
TAHUA,"anticoncepcion, prevencion de its y de cancer de cuello uterino",inyectable trimestral: usuarias continuas,2016-04-01,0,0,6,3,0,9
TAPACARI,"anticoncepcion, prevencion de its y de cancer de cuello uterino",inyectable trimestral: usuarias continuas,2016-04-01,0,2,61,44,0,107
TARABUCO,"anticoncepcion, prevencion de its y de cancer de cuello uterino",inyectable trimestral: usuarias continuas,2016-04-01,0,3,29,36,0,68
TARACO,"anticoncepcion, prevencion de its y de cancer de cuello uterino",inyectable trimestral: usuarias continuas,2016-04-01,0,2,10,10,0,22
TARATA,"anticoncepcion, prevencion de its y de cancer de cuello uterino",inyectable trimestral: usuarias continuas,2016-04-01,0,3,30,8,0,41
TARIJA,"anticoncepcion, prevencion de its y de cancer de cuello uterino",inyectable trimestral: usuarias continuas,2016-04-01,0,20,137,58,0,215
TARVITA,"anticoncepcion, prevencion de its y de cancer de cuello uterino",inyectable trimestral: usuarias continuas,2016-04-01,0,2,24,12,0,38
TEOPONTE,"anticoncepcion, prevencion de its y de cancer de cuello uterino",inyectable trimestral: usuarias continuas,2016-04-01,0,2,19,3,0,24
TIAWANACU,"anticoncepcion, prevencion de its y de cancer de cuello uterino",inyectable trimestral: usuarias continuas,2016-04-01,0,2,24,16,0,42
TINGUIPAYA,"anticoncepcion, prevencion de its y de cancer de cuello uterino",inyectable trimestral: usuarias continuas,2016-04-01,0,1,20,17,0,38
TIPUANI,"anticoncepcion, prevencion de its y de cancer de cuello uterino",inyectable trimestral: usuarias continuas,2016-04-01,0,1,10,4,0,15
TIQUIPAYA,"anticoncepcion, prevencion de its y de cancer de cuello uterino",inyectable trimestral: usuarias continuas,2016-04-01,1,12,68,26,0,107
TIRAQUE (CBBA),"anticoncepcion, prevencion de its y de cancer de cuello uterino",inyectable trimestral: usuarias continuas,2016-04-01,0,6,46,34,0,86
TITO YUPANQUI (PARQUIPUJIO),"anticoncepcion, prevencion de its y de cancer de cuello uterino",inyectable trimestral: usuarias continuas,2016-04-01,0,0,1,0,0,1
TOCO,"anticoncepcion, prevencion de its y de cancer de cuello uterino",inyectable trimestral: usuarias continuas,2016-04-01,0,3,12,12,0,27
TODOS SANTOS,"anticoncepcion, prevencion de its y de cancer de cuello uterino",inyectable trimestral: usuarias continuas,2016-04-01,0,0,3,0,0,3
TOLATA,"anticoncepcion, prevencion de its y de cancer de cuello uterino",inyectable trimestral: usuarias continuas,2016-04-01,0,1,11,5,0,17
TOLEDO,"anticoncepcion, prevencion de its y de cancer de cuello uterino",inyectable trimestral: usuarias continuas,2016-04-01,0,0,5,2,0,7
TOMAVE,"anticoncepcion, prevencion de its y de cancer de cuello uterino",inyectable trimestral: usuarias continuas,2016-04-01,0,1,19,26,0,46
TOMINA,"anticoncepcion, prevencion de its y de cancer de cuello uterino",inyectable trimestral: usuarias continuas,2016-04-01,0,3,53,34,1,91
TORO TORO,"anticoncepcion, prevencion de its y de cancer de cuello uterino",inyectable trimestral: usuarias continuas,2016-04-01,0,2,24,15,0,41
TOTORA(CBBA),"anticoncepcion, prevencion de its y de cancer de cuello uterino",inyectable trimestral: usuarias continuas,2016-04-01,0,15,61,24,0,100
TOTORA(ORR),"anticoncepcion, prevencion de its y de cancer de cuello uterino",inyectable trimestral: usuarias continuas,2016-04-01,0,0,21,6,0,27
TRIGAL,"anticoncepcion, prevencion de its y de cancer de cuello uterino",inyectable trimestral: usuarias continuas,2016-04-01,0,2,7,2,0,11
TRINIDAD,"anticoncepcion, prevencion de its y de cancer de cuello uterino",inyectable trimestral: usuarias continuas,2016-04-01,0,6,38,9,0,53
TUPIZA,"anticoncepcion, prevencion de its y de cancer de cuello uterino",inyectable trimestral: usuarias continuas,2016-04-01,0,10,95,90,2,197
TURCO,"anticoncepcion, prevencion de its y de cancer de cuello uterino",inyectable trimestral: usuarias continuas,2016-04-01,0,1,4,2,0,7
UMALA,"anticoncepcion, prevencion de its y de cancer de cuello uterino",inyectable trimestral: usuarias continuas,2016-04-01,0,2,8,7,0,17
UNCIA,"anticoncepcion, prevencion de its y de cancer de cuello uterino",inyectable trimestral: usuarias continuas,2016-04-01,0,4,44,17,0,65
URIONDO (A. CONCEPCION),"anticoncepcion, prevencion de its y de cancer de cuello uterino",inyectable trimestral: usuarias continuas,2016-04-01,0,6,60,33,0,99
URUBICHA,"anticoncepcion, prevencion de its y de cancer de cuello uterino",inyectable trimestral: usuarias continuas,2016-04-01,0,0,7,10,0,17
UYUNI,"anticoncepcion, prevencion de its y de cancer de cuello uterino",inyectable trimestral: usuarias continuas,2016-04-01,0,3,45,22,2,72
VACAS,"anticoncepcion, prevencion de its y de cancer de cuello uterino",inyectable trimestral: usuarias continuas,2016-04-01,0,6,29,21,0,56
VALLEGRANDE,"anticoncepcion, prevencion de its y de cancer de cuello uterino",inyectable trimestral: usuarias continuas,2016-04-01,0,12,40,10,1,63
VIACHA,"anticoncepcion, prevencion de its y de cancer de cuello uterino",inyectable trimestral: usuarias continuas,2016-04-01,0,10,90,52,1,153
VILA VILA,"anticoncepcion, prevencion de its y de cancer de cuello uterino",inyectable trimestral: usuarias continuas,2016-04-01,0,2,4,0,0,6
VILLA CHARCAS,"anticoncepcion, prevencion de its y de cancer de cuello uterino",inyectable trimestral: usuarias continuas,2016-04-01,0,7,51,28,0,86
VILLA MONTES,"anticoncepcion, prevencion de its y de cancer de cuello uterino",inyectable trimestral: usuarias continuas,2016-04-01,0,15,91,26,0,132
VILLA NUEVA (LOMA ALTA),"anticoncepcion, prevencion de its y de cancer de cuello uterino",inyectable trimestral: usuarias continuas,2016-04-01,0,1,0,7,0,8
VILLA RIVERO,"anticoncepcion, prevencion de its y de cancer de cuello uterino",inyectable trimestral: usuarias continuas,2016-04-01,0,8,40,11,0,59
VILLA SERRANO,"anticoncepcion, prevencion de its y de cancer de cuello uterino",inyectable trimestral: usuarias continuas,2016-04-01,0,3,31,15,0,49
VILLA TUNARI,"anticoncepcion, prevencion de its y de cancer de cuello uterino",inyectable trimestral: usuarias continuas,2016-04-01,1,32,265,111,0,409
VILLA VACA GUZMAN (MUYUPAMPA),"anticoncepcion, prevencion de its y de cancer de cuello uterino",inyectable trimestral: usuarias continuas,2016-04-01,0,4,28,22,0,54
VILLAZON,"anticoncepcion, prevencion de its y de cancer de cuello uterino",inyectable trimestral: usuarias continuas,2016-04-01,0,9,101,48,0,158
VINTO,"anticoncepcion, prevencion de its y de cancer de cuello uterino",inyectable trimestral: usuarias continuas,2016-04-01,0,11,75,17,0,103
VITICHI,"anticoncepcion, prevencion de its y de cancer de cuello uterino",inyectable trimestral: usuarias continuas,2016-04-01,0,1,17,16,0,34
WALDO BALLIVIAN,"anticoncepcion, prevencion de its y de cancer de cuello uterino",inyectable trimestral: usuarias continuas,2016-04-01,0,1,1,3,0,5
WARNES,"anticoncepcion, prevencion de its y de cancer de cuello uterino",inyectable trimestral: usuarias continuas,2016-04-01,3,33,109,36,0,181
YACO,"anticoncepcion, prevencion de its y de cancer de cuello uterino",inyectable trimestral: usuarias continuas,2016-04-01,0,0,11,10,0,21
YACUIBA,"anticoncepcion, prevencion de its y de cancer de cuello uterino",inyectable trimestral: usuarias continuas,2016-04-01,1,10,93,44,0,148
YAMPARAEZ,"anticoncepcion, prevencion de its y de cancer de cuello uterino",inyectable trimestral: usuarias continuas,2016-04-01,0,2,12,10,0,24
YANACACHI,"anticoncepcion, prevencion de its y de cancer de cuello uterino",inyectable trimestral: usuarias continuas,2016-04-01,0,0,20,6,0,26
YAPACANI,"anticoncepcion, prevencion de its y de cancer de cuello uterino",inyectable trimestral: usuarias continuas,2016-04-01,0,8,52,15,0,75
YOCALLA,"anticoncepcion, prevencion de its y de cancer de cuello uterino",inyectable trimestral: usuarias continuas,2016-04-01,0,2,6,1,0,9
YOTALA,"anticoncepcion, prevencion de its y de cancer de cuello uterino",inyectable trimestral: usuarias continuas,2016-04-01,0,0,6,3,1,10
YUNCHARA,"anticoncepcion, prevencion de its y de cancer de cuello uterino",inyectable trimestral: usuarias continuas,2016-04-01,0,4,34,23,0,61
ZUDAÃ‘EZ,"anticoncepcion, prevencion de its y de cancer de cuello uterino",inyectable trimestral: usuarias continuas,2016-04-01,0,7,30,20,0,57
ACACIO,"anticoncepcion, prevencion de its y de cancer de cuello uterino",inyectable trimestral: usuarias continuas,2016-05-01,0,3,9,13,0,25
ACHACACHI,"anticoncepcion, prevencion de its y de cancer de cuello uterino",inyectable trimestral: usuarias continuas,2016-05-01,0,4,40,22,2,68
ACHOCALLA,"anticoncepcion, prevencion de its y de cancer de cuello uterino",inyectable trimestral: usuarias continuas,2016-05-01,0,3,26,11,0,40
AIQUILE,"anticoncepcion, prevencion de its y de cancer de cuello uterino",inyectable trimestral: usuarias continuas,2016-05-01,1,1,28,31,0,61
ALALAY,"anticoncepcion, prevencion de its y de cancer de cuello uterino",inyectable trimestral: usuarias continuas,2016-05-01,0,0,6,5,0,11
ALCALA,"anticoncepcion, prevencion de its y de cancer de cuello uterino",inyectable trimestral: usuarias continuas,2016-05-01,0,2,12,10,0,24
ALTO BENI,"anticoncepcion, prevencion de its y de cancer de cuello uterino",inyectable trimestral: usuarias continuas,2016-05-01,0,3,13,18,0,34
ANCORAIMES,"anticoncepcion, prevencion de its y de cancer de cuello uterino",inyectable trimestral: usuarias continuas,2016-05-01,0,1,9,8,0,18
ANDAMARCA,"anticoncepcion, prevencion de its y de cancer de cuello uterino",inyectable trimestral: usuarias continuas,2016-05-01,0,2,11,8,0,21
ANTEQUERA,"anticoncepcion, prevencion de its y de cancer de cuello uterino",inyectable trimestral: usuarias continuas,2016-05-01,0,0,3,1,0,4
ANZALDO,"anticoncepcion, prevencion de its y de cancer de cuello uterino",inyectable trimestral: usuarias continuas,2016-05-01,0,1,25,14,0,40
APOLO,"anticoncepcion, prevencion de its y de cancer de cuello uterino",inyectable trimestral: usuarias continuas,2016-05-01,0,1,30,27,0,58
ARAMPAMPA,"anticoncepcion, prevencion de its y de cancer de cuello uterino",inyectable trimestral: usuarias continuas,2016-05-01,0,0,2,1,0,3
ARANI,"anticoncepcion, prevencion de its y de cancer de cuello uterino",inyectable trimestral: usuarias continuas,2016-05-01,0,1,7,3,0,11
ARBIETO,"anticoncepcion, prevencion de its y de cancer de cuello uterino",inyectable trimestral: usuarias continuas,2016-05-01,0,6,43,23,0,72
ARQUE,"anticoncepcion, prevencion de its y de cancer de cuello uterino",inyectable trimestral: usuarias continuas,2016-05-01,0,1,44,28,0,73
ASCENCION DE GUARAYOS,"anticoncepcion, prevencion de its y de cancer de cuello uterino",inyectable trimestral: usuarias continuas,2016-05-01,0,1,5,6,0,12
ATOCHA,"anticoncepcion, prevencion de its y de cancer de cuello uterino",inyectable trimestral: usuarias continuas,2016-05-01,0,0,29,18,1,48
AUCAPATA,"anticoncepcion, prevencion de its y de cancer de cuello uterino",inyectable trimestral: usuarias continuas,2016-05-01,0,1,13,7,0,21
AYATA,"anticoncepcion, prevencion de its y de cancer de cuello uterino",inyectable trimestral: usuarias continuas,2016-05-01,0,1,29,15,0,45
AYO AYO,"anticoncepcion, prevencion de its y de cancer de cuello uterino",inyectable trimestral: usuarias continuas,2016-05-01,0,0,10,8,0,18
AYOPAYA (V. DE INDEPENDENCIA),"anticoncepcion, prevencion de its y de cancer de cuello uterino",inyectable trimestral: usuarias continuas,2016-05-01,0,13,67,61,0,141
AZURDUY,"anticoncepcion, prevencion de its y de cancer de cuello uterino",inyectable trimestral: usuarias continuas,2016-05-01,0,6,26,20,0,52
BATALLAS,"anticoncepcion, prevencion de its y de cancer de cuello uterino",inyectable trimestral: usuarias continuas,2016-05-01,0,0,21,15,0,36
BAURES,"anticoncepcion, prevencion de its y de cancer de cuello uterino",inyectable trimestral: usuarias continuas,2016-05-01,0,0,3,1,0,4
BELEN DE ANDAMARCA,"anticoncepcion, prevencion de its y de cancer de cuello uterino",inyectable trimestral: usuarias continuas,2016-05-01,0,0,3,2,0,5
BELLA FLOR,"anticoncepcion, prevencion de its y de cancer de cuello uterino",inyectable trimestral: usuarias continuas,2016-05-01,0,2,4,0,0,6
BERMEJO,"anticoncepcion, prevencion de its y de cancer de cuello uterino",inyectable trimestral: usuarias continuas,2016-05-01,1,4,51,23,0,79
BETANZOS,"anticoncepcion, prevencion de its y de cancer de cuello uterino",inyectable trimestral: usuarias continuas,2016-05-01,0,0,44,36,0,80
BOLIVAR,"anticoncepcion, prevencion de its y de cancer de cuello uterino",inyectable trimestral: usuarias continuas,2016-05-01,0,0,10,11,0,21
BOLPEBRA,"anticoncepcion, prevencion de its y de cancer de cuello uterino",inyectable trimestral: usuarias continuas,2016-05-01,1,3,0,4,0,8
BOYUIBE,"anticoncepcion, prevencion de its y de cancer de cuello uterino",inyectable trimestral: usuarias continuas,2016-05-01,0,0,5,2,0,7
BUENA VISTA,"anticoncepcion, prevencion de its y de cancer de cuello uterino",inyectable trimestral: usuarias continuas,2016-05-01,0,7,25,14,0,46
CABEZAS,"anticoncepcion, prevencion de its y de cancer de cuello uterino",inyectable trimestral: usuarias continuas,2016-05-01,0,20,61,9,0,90
CAIROMA,"anticoncepcion, prevencion de its y de cancer de cuello uterino",inyectable trimestral: usuarias continuas,2016-05-01,0,0,22,16,0,38
"CAIZA ""D""","anticoncepcion, prevencion de its y de cancer de cuello uterino",inyectable trimestral: usuarias continuas,2016-05-01,0,0,14,3,0,17
CAJUATA,"anticoncepcion, prevencion de its y de cancer de cuello uterino",inyectable trimestral: usuarias continuas,2016-05-01,0,0,15,7,0,22
CALACOTO,"anticoncepcion, prevencion de its y de cancer de cuello uterino",inyectable trimestral: usuarias continuas,2016-05-01,0,0,2,2,0,4
CALAMARCA,"anticoncepcion, prevencion de its y de cancer de cuello uterino",inyectable trimestral: usuarias continuas,2016-05-01,0,4,45,19,0,68
CAMARGO,"anticoncepcion, prevencion de its y de cancer de cuello uterino",inyectable trimestral: usuarias continuas,2016-05-01,0,3,19,20,0,42
CAMATAQUI (C. VILLA ABECIA),"anticoncepcion, prevencion de its y de cancer de cuello uterino",inyectable trimestral: usuarias continuas,2016-05-01,0,0,5,3,0,8
CAMIRI,"anticoncepcion, prevencion de its y de cancer de cuello uterino",inyectable trimestral: usuarias continuas,2016-05-01,0,5,36,13,0,54
CAPINOTA,"anticoncepcion, prevencion de its y de cancer de cuello uterino",inyectable trimestral: usuarias continuas,2016-05-01,1,6,44,29,1,81
CAQUIAVIRI,"anticoncepcion, prevencion de its y de cancer de cuello uterino",inyectable trimestral: usuarias continuas,2016-05-01,0,0,11,6,0,17
CARACOLLO,"anticoncepcion, prevencion de its y de cancer de cuello uterino",inyectable trimestral: usuarias continuas,2016-05-01,1,3,20,21,0,45
CARANAVI,"anticoncepcion, prevencion de its y de cancer de cuello uterino",inyectable trimestral: usuarias continuas,2016-05-01,0,7,56,43,1,107
CARAPARI,"anticoncepcion, prevencion de its y de cancer de cuello uterino",inyectable trimestral: usuarias continuas,2016-05-01,0,8,38,25,0,71
CARIPUYO,"anticoncepcion, prevencion de its y de cancer de cuello uterino",inyectable trimestral: usuarias continuas,2016-05-01,0,1,5,3,0,9
CARMEN RIVERO TORREZ,"anticoncepcion, prevencion de its y de cancer de cuello uterino",inyectable trimestral: usuarias continuas,2016-05-01,0,1,6,2,0,9
CATACORA,"anticoncepcion, prevencion de its y de cancer de cuello uterino",inyectable trimestral: usuarias continuas,2016-05-01,0,0,1,3,0,4
CHACARILLA,"anticoncepcion, prevencion de its y de cancer de cuello uterino",inyectable trimestral: usuarias continuas,2016-05-01,0,0,2,1,0,3
CHALLAPATA,"anticoncepcion, prevencion de its y de cancer de cuello uterino",inyectable trimestral: usuarias continuas,2016-05-01,0,2,26,21,0,49
CHAQUI,"anticoncepcion, prevencion de its y de cancer de cuello uterino",inyectable trimestral: usuarias continuas,2016-05-01,0,2,16,6,0,24
CHARAGUA,"anticoncepcion, prevencion de its y de cancer de cuello uterino",inyectable trimestral: usuarias continuas,2016-05-01,0,3,30,22,0,55
CHARAÃ‘A,"anticoncepcion, prevencion de its y de cancer de cuello uterino",inyectable trimestral: usuarias continuas,2016-05-01,0,0,3,1,0,4
CHAYANTA,"anticoncepcion, prevencion de its y de cancer de cuello uterino",inyectable trimestral: usuarias continuas,2016-05-01,0,1,19,8,0,28
CHIMORE,"anticoncepcion, prevencion de its y de cancer de cuello uterino",inyectable trimestral: usuarias continuas,2016-05-01,0,7,59,16,0,82
CHIPAYA,"anticoncepcion, prevencion de its y de cancer de cuello uterino",inyectable trimestral: usuarias continuas,2016-05-01,1,2,6,0,0,9
CHOQUE COTA,"anticoncepcion, prevencion de its y de cancer de cuello uterino",inyectable trimestral: usuarias continuas,2016-05-01,0,0,1,1,0,2
CHUA COCANI,"anticoncepcion, prevencion de its y de cancer de cuello uterino",inyectable trimestral: usuarias continuas,2016-05-01,0,0,6,1,0,7
CHULUMANI (V. DE LA LIBERTAD),"anticoncepcion, prevencion de its y de cancer de cuello uterino",inyectable trimestral: usuarias continuas,2016-05-01,0,4,18,12,0,34
CHUMA,"anticoncepcion, prevencion de its y de cancer de cuello uterino",inyectable trimestral: usuarias continuas,2016-05-01,0,4,24,18,1,47
CHUQUIHUTA AYLLU JUCUMANI,"anticoncepcion, prevencion de its y de cancer de cuello uterino",inyectable trimestral: usuarias continuas,2016-05-01,0,2,17,5,0,24
CKOCHAS,"anticoncepcion, prevencion de its y de cancer de cuello uterino",inyectable trimestral: usuarias continuas,2016-05-01,0,3,21,28,0,52
CLIZA,"anticoncepcion, prevencion de its y de cancer de cuello uterino",inyectable trimestral: usuarias continuas,2016-05-01,1,2,29,7,0,39
COBIJA,"anticoncepcion, prevencion de its y de cancer de cuello uterino",inyectable trimestral: usuarias continuas,2016-05-01,3,18,55,8,0,84
COCAPATA,"anticoncepcion, prevencion de its y de cancer de cuello uterino",inyectable trimestral: usuarias continuas,2016-05-01,0,5,40,22,0,67
COCHABAMBA,"anticoncepcion, prevencion de its y de cancer de cuello uterino",inyectable trimestral: usuarias continuas,2016-05-01,1,26,213,64,0,304
COIPASA,"anticoncepcion, prevencion de its y de cancer de cuello uterino",inyectable trimestral: usuarias continuas,2016-05-01,0,0,7,0,0,7
COLCAPIRHUA,"anticoncepcion, prevencion de its y de cancer de cuello uterino",inyectable trimestral: usuarias continuas,2016-05-01,0,10,40,7,0,57
"COLCHA ""K""","anticoncepcion, prevencion de its y de cancer de cuello uterino",inyectable trimestral: usuarias continuas,2016-05-01,0,2,33,16,1,52
COLLANA,"anticoncepcion, prevencion de its y de cancer de cuello uterino",inyectable trimestral: usuarias continuas,2016-05-01,0,0,3,2,0,5
COLOMI,"anticoncepcion, prevencion de its y de cancer de cuello uterino",inyectable trimestral: usuarias continuas,2016-05-01,0,6,63,21,0,90
COLPA BELGICA,"anticoncepcion, prevencion de its y de cancer de cuello uterino",inyectable trimestral: usuarias continuas,2016-05-01,0,0,7,1,0,8
COLQUECHACA,"anticoncepcion, prevencion de its y de cancer de cuello uterino",inyectable trimestral: usuarias continuas,2016-05-01,0,2,40,31,0,73
COLQUENCHA,"anticoncepcion, prevencion de its y de cancer de cuello uterino",inyectable trimestral: usuarias continuas,2016-05-01,0,2,19,8,0,29
COLQUIRI,"anticoncepcion, prevencion de its y de cancer de cuello uterino",inyectable trimestral: usuarias continuas,2016-05-01,0,2,16,8,0,26
COMANCHE,"anticoncepcion, prevencion de its y de cancer de cuello uterino",inyectable trimestral: usuarias continuas,2016-05-01,0,0,1,0,0,1
COMARAPA,"anticoncepcion, prevencion de its y de cancer de cuello uterino",inyectable trimestral: usuarias continuas,2016-05-01,0,4,46,27,0,77
COMBAYA,"anticoncepcion, prevencion de its y de cancer de cuello uterino",inyectable trimestral: usuarias continuas,2016-05-01,0,1,5,1,0,7
CONCEPCION,"anticoncepcion, prevencion de its y de cancer de cuello uterino",inyectable trimestral: usuarias continuas,2016-05-01,0,5,27,6,0,38
COPACABANA,"anticoncepcion, prevencion de its y de cancer de cuello uterino",inyectable trimestral: usuarias continuas,2016-05-01,0,2,21,17,0,40
CORIPATA,"anticoncepcion, prevencion de its y de cancer de cuello uterino",inyectable trimestral: usuarias continuas,2016-05-01,0,0,24,13,0,37
CORO CORO,"anticoncepcion, prevencion de its y de cancer de cuello uterino",inyectable trimestral: usuarias continuas,2016-05-01,0,0,9,2,0,11
COROICO,"anticoncepcion, prevencion de its y de cancer de cuello uterino",inyectable trimestral: usuarias continuas,2016-05-01,0,1,15,4,0,20
CORQUE,"anticoncepcion, prevencion de its y de cancer de cuello uterino",inyectable trimestral: usuarias continuas,2016-05-01,0,0,8,5,0,13
COTAGAITA,"anticoncepcion, prevencion de its y de cancer de cuello uterino",inyectable trimestral: usuarias continuas,2016-05-01,0,1,16,15,0,32
COTOCA,"anticoncepcion, prevencion de its y de cancer de cuello uterino",inyectable trimestral: usuarias continuas,2016-05-01,0,14,88,27,0,129
CUATRO CAÃ‘ADAS,"anticoncepcion, prevencion de its y de cancer de cuello uterino",inyectable trimestral: usuarias continuas,2016-05-01,0,9,16,12,0,37
CUCHUMUELA (V. G. VILLARROEL),"anticoncepcion, prevencion de its y de cancer de cuello uterino",inyectable trimestral: usuarias continuas,2016-05-01,0,0,7,3,0,10
CUEVO,"anticoncepcion, prevencion de its y de cancer de cuello uterino",inyectable trimestral: usuarias continuas,2016-05-01,0,4,19,4,0,27
CULPINA,"anticoncepcion, prevencion de its y de cancer de cuello uterino",inyectable trimestral: usuarias continuas,2016-05-01,0,6,37,24,0,67
CURAHUARA DE CARANGAS,"anticoncepcion, prevencion de its y de cancer de cuello uterino",inyectable trimestral: usuarias continuas,2016-05-01,0,0,11,6,0,17
CURVA,"anticoncepcion, prevencion de its y de cancer de cuello uterino",inyectable trimestral: usuarias continuas,2016-05-01,0,1,5,1,0,7
DESAGUADERO,"anticoncepcion, prevencion de its y de cancer de cuello uterino",inyectable trimestral: usuarias continuas,2016-05-01,0,0,6,4,0,10
EL ALTO,"anticoncepcion, prevencion de its y de cancer de cuello uterino",inyectable trimestral: usuarias continuas,2016-05-01,0,41,548,228,1,818
EL CHORO,"anticoncepcion, prevencion de its y de cancer de cuello uterino",inyectable trimestral: usuarias continuas,2016-05-01,0,1,5,2,0,8
EL PUENTE(STC),"anticoncepcion, prevencion de its y de cancer de cuello uterino",inyectable trimestral: usuarias continuas,2016-05-01,0,4,48,14,0,66
EL PUENTE(TJA),"anticoncepcion, prevencion de its y de cancer de cuello uterino",inyectable trimestral: usuarias continuas,2016-05-01,0,5,42,42,0,89
EL TORNO,"anticoncepcion, prevencion de its y de cancer de cuello uterino",inyectable trimestral: usuarias continuas,2016-05-01,1,21,93,34,1,150
EL VILLAR,"anticoncepcion, prevencion de its y de cancer de cuello uterino",inyectable trimestral: usuarias continuas,2016-05-01,0,4,14,14,1,33
ENTRE RIOS TRJ,"anticoncepcion, prevencion de its y de cancer de cuello uterino",inyectable trimestral: usuarias continuas,2016-05-01,0,14,104,65,5,188
ENTRE RIOS CBBA,"anticoncepcion, prevencion de its y de cancer de cuello uterino",inyectable trimestral: usuarias continuas,2016-05-01,0,9,39,28,0,76
ESCOMA,"anticoncepcion, prevencion de its y de cancer de cuello uterino",inyectable trimestral: usuarias continuas,2016-05-01,0,0,1,2,0,3
ESMERALDA,"anticoncepcion, prevencion de its y de cancer de cuello uterino",inyectable trimestral: usuarias continuas,2016-05-01,0,1,2,0,0,3
EUCALIPTUS,"anticoncepcion, prevencion de its y de cancer de cuello uterino",inyectable trimestral: usuarias continuas,2016-05-01,0,1,4,5,0,10
EUREKA (SANTOS MERCADO),"anticoncepcion, prevencion de its y de cancer de cuello uterino",inyectable trimestral: usuarias continuas,2016-05-01,0,1,5,1,0,7
EXALTACION,"anticoncepcion, prevencion de its y de cancer de cuello uterino",inyectable trimestral: usuarias continuas,2016-05-01,0,1,4,0,0,5
FERNANDEZ ALONSO,"anticoncepcion, prevencion de its y de cancer de cuello uterino",inyectable trimestral: usuarias continuas,2016-05-01,0,7,24,14,2,47
FILADELFIA,"anticoncepcion, prevencion de its y de cancer de cuello uterino",inyectable trimestral: usuarias continuas,2016-05-01,0,5,34,6,0,45
GENERAL SAAVEDRA,"anticoncepcion, prevencion de its y de cancer de cuello uterino",inyectable trimestral: usuarias continuas,2016-05-01,0,5,27,15,1,48
GRAL. J.J. PEREZ (CHARAZANI),"anticoncepcion, prevencion de its y de cancer de cuello uterino",inyectable trimestral: usuarias continuas,2016-05-01,0,1,14,11,0,26
GUANAY,"anticoncepcion, prevencion de its y de cancer de cuello uterino",inyectable trimestral: usuarias continuas,2016-05-01,0,0,7,8,0,15
GUAQUI,"anticoncepcion, prevencion de its y de cancer de cuello uterino",inyectable trimestral: usuarias continuas,2016-05-01,0,2,15,10,0,27
GUAYARAMERIN,"anticoncepcion, prevencion de its y de cancer de cuello uterino",inyectable trimestral: usuarias continuas,2016-05-01,0,7,34,11,0,52
GUTIERREZ,"anticoncepcion, prevencion de its y de cancer de cuello uterino",inyectable trimestral: usuarias continuas,2016-05-01,0,1,19,10,0,30
HUACARETA,"anticoncepcion, prevencion de its y de cancer de cuello uterino",inyectable trimestral: usuarias continuas,2016-05-01,0,2,22,9,0,33
HUACAYA (VILLA DE HUACAYA),"anticoncepcion, prevencion de its y de cancer de cuello uterino",inyectable trimestral: usuarias continuas,2016-05-01,0,0,13,2,0,15
HUACHACALLA,"anticoncepcion, prevencion de its y de cancer de cuello uterino",inyectable trimestral: usuarias continuas,2016-05-01,0,0,1,0,0,1
HUANUNI,"anticoncepcion, prevencion de its y de cancer de cuello uterino",inyectable trimestral: usuarias continuas,2016-05-01,0,0,4,3,1,8
HUARACAJE,"anticoncepcion, prevencion de its y de cancer de cuello uterino",inyectable trimestral: usuarias continuas,2016-05-01,0,2,6,1,0,9
HUARINA,"anticoncepcion, prevencion de its y de cancer de cuello uterino",inyectable trimestral: usuarias continuas,2016-05-01,0,0,10,6,0,16
HUATAJATA,"anticoncepcion, prevencion de its y de cancer de cuello uterino",inyectable trimestral: usuarias continuas,2016-05-01,0,0,1,1,0,2
HUAYLLAMARCA,"anticoncepcion, prevencion de its y de cancer de cuello uterino",inyectable trimestral: usuarias continuas,2016-05-01,0,1,8,7,0,16
HUMANATA,"anticoncepcion, prevencion de its y de cancer de cuello uterino",inyectable trimestral: usuarias continuas,2016-05-01,0,1,2,6,0,9
ICHOCA,"anticoncepcion, prevencion de its y de cancer de cuello uterino",inyectable trimestral: usuarias continuas,2016-05-01,0,1,6,4,0,11
ICLA,"anticoncepcion, prevencion de its y de cancer de cuello uterino",inyectable trimestral: usuarias continuas,2016-05-01,0,1,9,6,0,16
INCAHUASI,"anticoncepcion, prevencion de its y de cancer de cuello uterino",inyectable trimestral: usuarias continuas,2016-05-01,0,2,26,13,1,42
INGAVI (HUMAITA),"anticoncepcion, prevencion de its y de cancer de cuello uterino",inyectable trimestral: usuarias continuas,2016-05-01,0,2,6,0,0,8
INQUISIVI,"anticoncepcion, prevencion de its y de cancer de cuello uterino",inyectable trimestral: usuarias continuas,2016-05-01,0,3,20,14,0,37
IRUPANA (VILLA DE LANZA),"anticoncepcion, prevencion de its y de cancer de cuello uterino",inyectable trimestral: usuarias continuas,2016-05-01,0,6,29,8,0,43
IXIAMAS,"anticoncepcion, prevencion de its y de cancer de cuello uterino",inyectable trimestral: usuarias continuas,2016-05-01,0,4,17,8,0,29
JESUS DE MACHACA,"anticoncepcion, prevencion de its y de cancer de cuello uterino",inyectable trimestral: usuarias continuas,2016-05-01,0,1,16,8,0,25
LA ASUNTA,"anticoncepcion, prevencion de its y de cancer de cuello uterino",inyectable trimestral: usuarias continuas,2016-05-01,0,5,96,39,0,140
LA GUARDIA,"anticoncepcion, prevencion de its y de cancer de cuello uterino",inyectable trimestral: usuarias continuas,2016-05-01,0,3,38,7,0,48
LA PAZ,"anticoncepcion, prevencion de its y de cancer de cuello uterino",inyectable trimestral: usuarias continuas,2016-05-01,0,27,258,105,0,390
LAGUNILLAS,"anticoncepcion, prevencion de its y de cancer de cuello uterino",inyectable trimestral: usuarias continuas,2016-05-01,0,3,9,6,0,18
LAJA,"anticoncepcion, prevencion de its y de cancer de cuello uterino",inyectable trimestral: usuarias continuas,2016-05-01,0,2,18,16,0,36
LAS CARRERAS,"anticoncepcion, prevencion de its y de cancer de cuello uterino",inyectable trimestral: usuarias continuas,2016-05-01,0,2,3,3,1,9
LICOMA PAMPA,"anticoncepcion, prevencion de its y de cancer de cuello uterino",inyectable trimestral: usuarias continuas,2016-05-01,0,1,8,4,0,13
LLALLAGUA,"anticoncepcion, prevencion de its y de cancer de cuello uterino",inyectable trimestral: usuarias continuas,2016-05-01,0,4,50,20,0,74
LLICA,"anticoncepcion, prevencion de its y de cancer de cuello uterino",inyectable trimestral: usuarias continuas,2016-05-01,0,3,11,2,0,16
LORETO,"anticoncepcion, prevencion de its y de cancer de cuello uterino",inyectable trimestral: usuarias continuas,2016-05-01,0,0,12,4,0,16
LURIBAY,"anticoncepcion, prevencion de its y de cancer de cuello uterino",inyectable trimestral: usuarias continuas,2016-05-01,0,1,20,14,1,36
MACHARETI,"anticoncepcion, prevencion de its y de cancer de cuello uterino",inyectable trimestral: usuarias continuas,2016-05-01,0,6,25,9,1,41
MAGDALENA,"anticoncepcion, prevencion de its y de cancer de cuello uterino",inyectable trimestral: usuarias continuas,2016-05-01,0,1,13,4,0,18
MAIRANA,"anticoncepcion, prevencion de its y de cancer de cuello uterino",inyectable trimestral: usuarias continuas,2016-05-01,0,5,21,9,0,35
MALLA,"anticoncepcion, prevencion de its y de cancer de cuello uterino",inyectable trimestral: usuarias continuas,2016-05-01,0,0,1,4,0,5
MAPIRI,"anticoncepcion, prevencion de its y de cancer de cuello uterino",inyectable trimestral: usuarias continuas,2016-05-01,0,0,14,6,0,20
MECAPACA,"anticoncepcion, prevencion de its y de cancer de cuello uterino",inyectable trimestral: usuarias continuas,2016-05-01,0,2,13,10,0,25
MINEROS,"anticoncepcion, prevencion de its y de cancer de cuello uterino",inyectable trimestral: usuarias continuas,2016-05-01,0,7,45,14,0,66
MIZQUE,"anticoncepcion, prevencion de its y de cancer de cuello uterino",inyectable trimestral: usuarias continuas,2016-05-01,1,6,70,31,0,108
MOCOMOCO,"anticoncepcion, prevencion de its y de cancer de cuello uterino",inyectable trimestral: usuarias continuas,2016-05-01,0,0,11,13,0,24
MOJINETE,"anticoncepcion, prevencion de its y de cancer de cuello uterino",inyectable trimestral: usuarias continuas,2016-05-01,0,0,0,1,0,1
MOJOCOYA,"anticoncepcion, prevencion de its y de cancer de cuello uterino",inyectable trimestral: usuarias continuas,2016-05-01,0,2,20,20,0,42
MONTEAGUDO,"anticoncepcion, prevencion de its y de cancer de cuello uterino",inyectable trimestral: usuarias continuas,2016-05-01,0,13,54,35,1,103
MONTERO,"anticoncepcion, prevencion de its y de cancer de cuello uterino",inyectable trimestral: usuarias continuas,2016-05-01,0,26,93,26,0,145
MORO MORO,"anticoncepcion, prevencion de its y de cancer de cuello uterino",inyectable trimestral: usuarias continuas,2016-05-01,0,3,11,9,1,24
MOROCHATA,"anticoncepcion, prevencion de its y de cancer de cuello uterino",inyectable trimestral: usuarias continuas,2016-05-01,0,4,45,33,0,82
NACEBE (SANTA ROSA DEL ABUNA),"anticoncepcion, prevencion de its y de cancer de cuello uterino",inyectable trimestral: usuarias continuas,2016-05-01,0,4,11,2,0,17
NAZACARA DE PACAJES,"anticoncepcion, prevencion de its y de cancer de cuello uterino",inyectable trimestral: usuarias continuas,2016-05-01,0,1,0,0,0,1
NUEVO MANOA (NUEVA ESPERANZA),"anticoncepcion, prevencion de its y de cancer de cuello uterino",inyectable trimestral: usuarias continuas,2016-05-01,0,1,7,0,0,8
OCURI,"anticoncepcion, prevencion de its y de cancer de cuello uterino",inyectable trimestral: usuarias continuas,2016-05-01,0,1,19,6,0,26
OKINAWA,"anticoncepcion, prevencion de its y de cancer de cuello uterino",inyectable trimestral: usuarias continuas,2016-05-01,0,5,18,10,0,33
OMEREQUE,"anticoncepcion, prevencion de its y de cancer de cuello uterino",inyectable trimestral: usuarias continuas,2016-05-01,0,9,26,13,0,48
ORURO,"anticoncepcion, prevencion de its y de cancer de cuello uterino",inyectable trimestral: usuarias continuas,2016-05-01,0,15,387,124,2,528
PADCAYA,"anticoncepcion, prevencion de its y de cancer de cuello uterino",inyectable trimestral: usuarias continuas,2016-05-01,1,13,78,67,1,160
PADILLA,"anticoncepcion, prevencion de its y de cancer de cuello uterino",inyectable trimestral: usuarias continuas,2016-05-01,0,6,52,28,0,86
PAILON,"anticoncepcion, prevencion de its y de cancer de cuello uterino",inyectable trimestral: usuarias continuas,2016-05-01,0,1,14,1,0,16
PALCA,"anticoncepcion, prevencion de its y de cancer de cuello uterino",inyectable trimestral: usuarias continuas,2016-05-01,0,6,31,12,0,49
PALOS BLANCOS,"anticoncepcion, prevencion de its y de cancer de cuello uterino",inyectable trimestral: usuarias continuas,2016-05-01,0,6,42,27,1,76
PAMPA AULLAGAS,"anticoncepcion, prevencion de its y de cancer de cuello uterino",inyectable trimestral: usuarias continuas,2016-05-01,0,0,1,3,0,4
PAMPA GRANDE,"anticoncepcion, prevencion de its y de cancer de cuello uterino",inyectable trimestral: usuarias continuas,2016-05-01,0,3,29,11,0,43
PAPEL PAMPA,"anticoncepcion, prevencion de its y de cancer de cuello uterino",inyectable trimestral: usuarias continuas,2016-05-01,0,3,10,7,0,20
PASORAPA,"anticoncepcion, prevencion de its y de cancer de cuello uterino",inyectable trimestral: usuarias continuas,2016-05-01,0,1,20,6,1,28
PATACAMAYA,"anticoncepcion, prevencion de its y de cancer de cuello uterino",inyectable trimestral: usuarias continuas,2016-05-01,0,6,16,7,0,29
PAZÃ‘A,"anticoncepcion, prevencion de its y de cancer de cuello uterino",inyectable trimestral: usuarias continuas,2016-05-01,0,0,8,3,0,11
PELECHUCO,"anticoncepcion, prevencion de its y de cancer de cuello uterino",inyectable trimestral: usuarias continuas,2016-05-01,0,0,20,8,0,28
POCOATA,"anticoncepcion, prevencion de its y de cancer de cuello uterino",inyectable trimestral: usuarias continuas,2016-05-01,0,1,16,26,0,43
POCONA,"anticoncepcion, prevencion de its y de cancer de cuello uterino",inyectable trimestral: usuarias continuas,2016-05-01,0,10,50,34,0,94
POJO (CBBA),"anticoncepcion, prevencion de its y de cancer de cuello uterino",inyectable trimestral: usuarias continuas,2016-05-01,0,9,38,33,0,80
POOPO,"anticoncepcion, prevencion de its y de cancer de cuello uterino",inyectable trimestral: usuarias continuas,2016-05-01,0,1,9,4,0,14
PORCO,"anticoncepcion, prevencion de its y de cancer de cuello uterino",inyectable trimestral: usuarias continuas,2016-05-01,0,1,8,9,0,18
POROMA,"anticoncepcion, prevencion de its y de cancer de cuello uterino",inyectable trimestral: usuarias continuas,2016-05-01,0,2,9,6,0,17
PORTACHUELO,"anticoncepcion, prevencion de its y de cancer de cuello uterino",inyectable trimestral: usuarias continuas,2016-05-01,0,3,32,8,1,44
PORVENIR,"anticoncepcion, prevencion de its y de cancer de cuello uterino",inyectable trimestral: usuarias continuas,2016-05-01,1,3,18,4,0,26
POSTRER VALLE,"anticoncepcion, prevencion de its y de cancer de cuello uterino",inyectable trimestral: usuarias continuas,2016-05-01,0,1,7,4,0,12
POTOSI,"anticoncepcion, prevencion de its y de cancer de cuello uterino",inyectable trimestral: usuarias continuas,2016-05-01,0,21,341,130,0,492
PRESTO,"anticoncepcion, prevencion de its y de cancer de cuello uterino",inyectable trimestral: usuarias continuas,2016-05-01,0,1,15,13,0,29
PUCARA,"anticoncepcion, prevencion de its y de cancer de cuello uterino",inyectable trimestral: usuarias continuas,2016-05-01,0,0,7,6,0,13
PUCARANI,"anticoncepcion, prevencion de its y de cancer de cuello uterino",inyectable trimestral: usuarias continuas,2016-05-01,0,6,74,45,0,125
PUERTO ACOSTA,"anticoncepcion, prevencion de its y de cancer de cuello uterino",inyectable trimestral: usuarias continuas,2016-05-01,0,1,11,4,0,16
PUERTO CARABUCO,"anticoncepcion, prevencion de its y de cancer de cuello uterino",inyectable trimestral: usuarias continuas,2016-05-01,0,0,13,16,0,29
PUERTO GONZALO MORENO,"anticoncepcion, prevencion de its y de cancer de cuello uterino",inyectable trimestral: usuarias continuas,2016-05-01,0,5,23,7,0,35
PUERTO PEREZ,"anticoncepcion, prevencion de its y de cancer de cuello uterino",inyectable trimestral: usuarias continuas,2016-05-01,0,0,3,6,0,9
PUERTO QUIJARRO,"anticoncepcion, prevencion de its y de cancer de cuello uterino",inyectable trimestral: usuarias continuas,2016-05-01,0,3,13,4,0,20
PUERTO RICO,"anticoncepcion, prevencion de its y de cancer de cuello uterino",inyectable trimestral: usuarias continuas,2016-05-01,0,7,22,3,1,33
PUERTO SILES,"anticoncepcion, prevencion de its y de cancer de cuello uterino",inyectable trimestral: usuarias continuas,2016-05-01,0,0,1,0,0,1
PUERTO SUAREZ,"anticoncepcion, prevencion de its y de cancer de cuello uterino",inyectable trimestral: usuarias continuas,2016-05-01,0,1,8,1,0,10
PUERTO VILLARROEL,"anticoncepcion, prevencion de its y de cancer de cuello uterino",inyectable trimestral: usuarias continuas,2016-05-01,1,16,55,18,0,90
PUNA,"anticoncepcion, prevencion de its y de cancer de cuello uterino",inyectable trimestral: usuarias continuas,2016-05-01,0,2,9,15,0,26
PUNATA,"anticoncepcion, prevencion de its y de cancer de cuello uterino",inyectable trimestral: usuarias continuas,2016-05-01,0,3,49,23,1,76
QUIABAYA,"anticoncepcion, prevencion de its y de cancer de cuello uterino",inyectable trimestral: usuarias continuas,2016-05-01,0,1,2,7,0,10
QUILLACOLLO,"anticoncepcion, prevencion de its y de cancer de cuello uterino",inyectable trimestral: usuarias continuas,2016-05-01,0,24,109,28,0,161
QUIME,"anticoncepcion, prevencion de its y de cancer de cuello uterino",inyectable trimestral: usuarias continuas,2016-05-01,0,1,20,12,1,34
QUIRUSILLAS,"anticoncepcion, prevencion de its y de cancer de cuello uterino",inyectable trimestral: usuarias continuas,2016-05-01,0,1,7,4,0,12
RAVELO,"anticoncepcion, prevencion de its y de cancer de cuello uterino",inyectable trimestral: usuarias continuas,2016-05-01,0,1,41,37,0,79
REYES,"anticoncepcion, prevencion de its y de cancer de cuello uterino",inyectable trimestral: usuarias continuas,2016-05-01,0,2,13,9,0,24
RIBERALTA,"anticoncepcion, prevencion de its y de cancer de cuello uterino",inyectable trimestral: usuarias continuas,2016-05-01,0,29,103,23,0,155
ROBORE,"anticoncepcion, prevencion de its y de cancer de cuello uterino",inyectable trimestral: usuarias continuas,2016-05-01,0,4,32,4,0,40
RURRENABAQUE,"anticoncepcion, prevencion de its y de cancer de cuello uterino",inyectable trimestral: usuarias continuas,2016-05-01,0,5,23,7,0,35
SABAYA,"anticoncepcion, prevencion de its y de cancer de cuello uterino",inyectable trimestral: usuarias continuas,2016-05-01,0,1,7,3,0,11
SACABA,"anticoncepcion, prevencion de its y de cancer de cuello uterino",inyectable trimestral: usuarias continuas,2016-05-01,0,8,118,36,0,162
SACABAMBA,"anticoncepcion, prevencion de its y de cancer de cuello uterino",inyectable trimestral: usuarias continuas,2016-05-01,0,0,5,8,0,13
SACACA,"anticoncepcion, prevencion de its y de cancer de cuello uterino",inyectable trimestral: usuarias continuas,2016-05-01,0,2,20,17,0,39
SAIPINA,"anticoncepcion, prevencion de its y de cancer de cuello uterino",inyectable trimestral: usuarias continuas,2016-05-01,0,1,16,7,0,24
SALINAS DE GARCI MENDOZA,"anticoncepcion, prevencion de its y de cancer de cuello uterino",inyectable trimestral: usuarias continuas,2016-05-01,0,0,10,12,0,22
SAMAIPATA,"anticoncepcion, prevencion de its y de cancer de cuello uterino",inyectable trimestral: usuarias continuas,2016-05-01,0,6,19,10,0,35
SAN AGUSTIN,"anticoncepcion, prevencion de its y de cancer de cuello uterino",inyectable trimestral: usuarias continuas,2016-05-01,0,0,3,0,0,3
SAN ANDRES,"anticoncepcion, prevencion de its y de cancer de cuello uterino",inyectable trimestral: usuarias continuas,2016-05-01,0,1,18,8,0,27
SAN ANDRES DE MACHACA,"anticoncepcion, prevencion de its y de cancer de cuello uterino",inyectable trimestral: usuarias continuas,2016-05-01,0,0,2,1,0,3
SAN ANTONIO DE ESMORUCO,"anticoncepcion, prevencion de its y de cancer de cuello uterino",inyectable trimestral: usuarias continuas,2016-05-01,0,0,1,1,0,2
SAN ANTONIO DE LOMERIO,"anticoncepcion, prevencion de its y de cancer de cuello uterino",inyectable trimestral: usuarias continuas,2016-05-01,0,6,30,36,1,73
SAN BENITO,"anticoncepcion, prevencion de its y de cancer de cuello uterino",inyectable trimestral: usuarias continuas,2016-05-01,0,3,20,10,0,33
SAN BORJA,"anticoncepcion, prevencion de its y de cancer de cuello uterino",inyectable trimestral: usuarias continuas,2016-05-01,0,21,80,37,0,138
SAN BUENA VENTURA,"anticoncepcion, prevencion de its y de cancer de cuello uterino",inyectable trimestral: usuarias continuas,2016-05-01,0,2,13,3,0,18
SAN CARLOS,"anticoncepcion, prevencion de its y de cancer de cuello uterino",inyectable trimestral: usuarias continuas,2016-05-01,0,1,19,9,0,29
SAN IGNACIO,"anticoncepcion, prevencion de its y de cancer de cuello uterino",inyectable trimestral: usuarias continuas,2016-05-01,0,11,60,27,0,98
SAN IGNACIO DE VELASCO,"anticoncepcion, prevencion de its y de cancer de cuello uterino",inyectable trimestral: usuarias continuas,2016-05-01,1,19,85,38,1,144
SAN JAVIER(BNI),"anticoncepcion, prevencion de its y de cancer de cuello uterino",inyectable trimestral: usuarias continuas,2016-05-01,0,0,6,0,0,6
SAN JAVIER(STC),"anticoncepcion, prevencion de its y de cancer de cuello uterino",inyectable trimestral: usuarias continuas,2016-05-01,0,4,33,7,0,44
SAN JOAQUIN,"anticoncepcion, prevencion de its y de cancer de cuello uterino",inyectable trimestral: usuarias continuas,2016-05-01,0,2,0,0,0,2
SAN JOSE DE CHIQUITOS,"anticoncepcion, prevencion de its y de cancer de cuello uterino",inyectable trimestral: usuarias continuas,2016-05-01,1,4,24,5,0,34
SAN JUAN DE YAPACANI,"anticoncepcion, prevencion de its y de cancer de cuello uterino",inyectable trimestral: usuarias continuas,2016-05-01,0,3,27,18,1,49
SAN JULIAN,"anticoncepcion, prevencion de its y de cancer de cuello uterino",inyectable trimestral: usuarias continuas,2016-05-01,0,5,42,30,1,78
SAN LORENZO(PND),"anticoncepcion, prevencion de its y de cancer de cuello uterino",inyectable trimestral: usuarias continuas,2016-05-01,0,0,3,2,0,5
SAN LORENZO(TJA),"anticoncepcion, prevencion de its y de cancer de cuello uterino",inyectable trimestral: usuarias continuas,2016-05-01,0,15,72,27,2,116
SAN LUCAS,"anticoncepcion, prevencion de its y de cancer de cuello uterino",inyectable trimestral: usuarias continuas,2016-05-01,0,7,55,49,0,111
SAN MATIAS,"anticoncepcion, prevencion de its y de cancer de cuello uterino",inyectable trimestral: usuarias continuas,2016-05-01,0,3,20,11,0,34
SAN MIGUEL DE VELASCO,"anticoncepcion, prevencion de its y de cancer de cuello uterino",inyectable trimestral: usuarias continuas,2016-05-01,0,7,40,24,0,71
SAN PABLO DE LIPEZ,"anticoncepcion, prevencion de its y de cancer de cuello uterino",inyectable trimestral: usuarias continuas,2016-05-01,0,0,4,2,0,6
SAN PEDRO,"anticoncepcion, prevencion de its y de cancer de cuello uterino",inyectable trimestral: usuarias continuas,2016-05-01,1,8,27,15,0,51
SAN PEDRO DE BUENA VISTA,"anticoncepcion, prevencion de its y de cancer de cuello uterino",inyectable trimestral: usuarias continuas,2016-05-01,0,3,28,14,0,45
SAN PEDRO DE CURAHUARA,"anticoncepcion, prevencion de its y de cancer de cuello uterino",inyectable trimestral: usuarias continuas,2016-05-01,0,1,5,7,0,13
SAN PEDRO DE QUEMES,"anticoncepcion, prevencion de its y de cancer de cuello uterino",inyectable trimestral: usuarias continuas,2016-05-01,0,0,2,1,0,3
SAN PEDRO DE TIQUINA,"anticoncepcion, prevencion de its y de cancer de cuello uterino",inyectable trimestral: usuarias continuas,2016-05-01,0,1,6,7,0,14
SAN PEDRO(PND),"anticoncepcion, prevencion de its y de cancer de cuello uterino",inyectable trimestral: usuarias continuas,2016-05-01,1,0,4,3,0,8
SAN RAFAEL,"anticoncepcion, prevencion de its y de cancer de cuello uterino",inyectable trimestral: usuarias continuas,2016-05-01,0,3,30,16,0,49
SAN RAMON BENI,"anticoncepcion, prevencion de its y de cancer de cuello uterino",inyectable trimestral: usuarias continuas,2016-05-01,0,0,7,0,0,7
SAN RAMON SCZ,"anticoncepcion, prevencion de its y de cancer de cuello uterino",inyectable trimestral: usuarias continuas,2016-05-01,0,7,23,15,0,45
SANTA ANA,"anticoncepcion, prevencion de its y de cancer de cuello uterino",inyectable trimestral: usuarias continuas,2016-05-01,0,2,7,1,0,10
SANTA CRUZ DE LA SIERRA,"anticoncepcion, prevencion de its y de cancer de cuello uterino",inyectable trimestral: usuarias continuas,2016-05-01,13,53,250,78,5,399
SANTA ROSA,"anticoncepcion, prevencion de its y de cancer de cuello uterino",inyectable trimestral: usuarias continuas,2016-05-01,0,5,24,19,3,51
SANTA ROSA DEL SARA,"anticoncepcion, prevencion de its y de cancer de cuello uterino",inyectable trimestral: usuarias continuas,2016-05-01,0,4,35,19,0,58
SANTIAGO DE CALLAPA,"anticoncepcion, prevencion de its y de cancer de cuello uterino",inyectable trimestral: usuarias continuas,2016-05-01,0,0,1,4,0,5
SANTIAGO DE HUARI,"anticoncepcion, prevencion de its y de cancer de cuello uterino",inyectable trimestral: usuarias continuas,2016-05-01,0,0,8,6,0,14
SANTIAGO DE HUATA,"anticoncepcion, prevencion de its y de cancer de cuello uterino",inyectable trimestral: usuarias continuas,2016-05-01,0,0,4,5,1,10
SANTIAGO DE MACHACA,"anticoncepcion, prevencion de its y de cancer de cuello uterino",inyectable trimestral: usuarias continuas,2016-05-01,0,1,7,5,0,13
SANTIVAÃ‘ES,"anticoncepcion, prevencion de its y de cancer de cuello uterino",inyectable trimestral: usuarias continuas,2016-05-01,0,2,20,8,0,30
SANTUARIO DE QUILLACAS,"anticoncepcion, prevencion de its y de cancer de cuello uterino",inyectable trimestral: usuarias continuas,2016-05-01,0,0,7,1,0,8
SAPAHAQUI,"anticoncepcion, prevencion de its y de cancer de cuello uterino",inyectable trimestral: usuarias continuas,2016-05-01,0,2,17,10,0,29
SENA,"anticoncepcion, prevencion de its y de cancer de cuello uterino",inyectable trimestral: usuarias continuas,2016-05-01,0,1,4,1,0,6
SHINAOTA,"anticoncepcion, prevencion de its y de cancer de cuello uterino",inyectable trimestral: usuarias continuas,2016-05-01,0,4,22,12,0,38
SICA SICA (VILLA AROMA),"anticoncepcion, prevencion de its y de cancer de cuello uterino",inyectable trimestral: usuarias continuas,2016-05-01,0,1,35,22,2,60
SICAYA,"anticoncepcion, prevencion de its y de cancer de cuello uterino",inyectable trimestral: usuarias continuas,2016-05-01,0,2,7,6,0,15
SIPE SIPE,"anticoncepcion, prevencion de its y de cancer de cuello uterino",inyectable trimestral: usuarias continuas,2016-05-01,0,15,116,47,1,179
SOPACHUY,"anticoncepcion, prevencion de its y de cancer de cuello uterino",inyectable trimestral: usuarias continuas,2016-05-01,0,1,21,13,0,35
SORACACHI,"anticoncepcion, prevencion de its y de cancer de cuello uterino",inyectable trimestral: usuarias continuas,2016-05-01,0,1,10,6,0,17
SORATA,"anticoncepcion, prevencion de its y de cancer de cuello uterino",inyectable trimestral: usuarias continuas,2016-05-01,0,4,32,17,0,53
SUCRE,"anticoncepcion, prevencion de its y de cancer de cuello uterino",inyectable trimestral: usuarias continuas,2016-05-01,0,44,300,143,4,491
TACACHI,"anticoncepcion, prevencion de its y de cancer de cuello uterino",inyectable trimestral: usuarias continuas,2016-05-01,0,0,2,1,0,3
TACACOMA,"anticoncepcion, prevencion de its y de cancer de cuello uterino",inyectable trimestral: usuarias continuas,2016-05-01,0,2,22,12,0,36
TACOBAMBA,"anticoncepcion, prevencion de its y de cancer de cuello uterino",inyectable trimestral: usuarias continuas,2016-05-01,0,1,14,10,0,25
TACOPAYA,"anticoncepcion, prevencion de its y de cancer de cuello uterino",inyectable trimestral: usuarias continuas,2016-05-01,0,0,9,8,0,17
TAHUA,"anticoncepcion, prevencion de its y de cancer de cuello uterino",inyectable trimestral: usuarias continuas,2016-05-01,0,0,1,0,0,1
TAPACARI,"anticoncepcion, prevencion de its y de cancer de cuello uterino",inyectable trimestral: usuarias continuas,2016-05-01,0,5,41,29,0,75
TARABUCO,"anticoncepcion, prevencion de its y de cancer de cuello uterino",inyectable trimestral: usuarias continuas,2016-05-01,0,5,18,12,0,35
TARACO,"anticoncepcion, prevencion de its y de cancer de cuello uterino",inyectable trimestral: usuarias continuas,2016-05-01,0,1,12,15,0,28
TARATA,"anticoncepcion, prevencion de its y de cancer de cuello uterino",inyectable trimestral: usuarias continuas,2016-05-01,0,2,18,9,0,29
TARIJA,"anticoncepcion, prevencion de its y de cancer de cuello uterino",inyectable trimestral: usuarias continuas,2016-05-01,0,20,119,60,0,199
TARVITA,"anticoncepcion, prevencion de its y de cancer de cuello uterino",inyectable trimestral: usuarias continuas,2016-05-01,1,4,31,21,0,57
TEOPONTE,"anticoncepcion, prevencion de its y de cancer de cuello uterino",inyectable trimestral: usuarias continuas,2016-05-01,0,2,17,6,0,25
TIAWANACU,"anticoncepcion, prevencion de its y de cancer de cuello uterino",inyectable trimestral: usuarias continuas,2016-05-01,0,0,21,15,0,36
TINGUIPAYA,"anticoncepcion, prevencion de its y de cancer de cuello uterino",inyectable trimestral: usuarias continuas,2016-05-01,0,0,3,7,0,10
TIPUANI,"anticoncepcion, prevencion de its y de cancer de cuello uterino",inyectable trimestral: usuarias continuas,2016-05-01,0,0,10,3,0,13
TIQUIPAYA,"anticoncepcion, prevencion de its y de cancer de cuello uterino",inyectable trimestral: usuarias continuas,2016-05-01,0,10,74,14,0,98
TIRAQUE (CBBA),"anticoncepcion, prevencion de its y de cancer de cuello uterino",inyectable trimestral: usuarias continuas,2016-05-01,0,2,45,23,0,70
TITO YUPANQUI (PARQUIPUJIO),"anticoncepcion, prevencion de its y de cancer de cuello uterino",inyectable trimestral: usuarias continuas,2016-05-01,0,0,1,1,0,2
TOCO,"anticoncepcion, prevencion de its y de cancer de cuello uterino",inyectable trimestral: usuarias continuas,2016-05-01,0,1,19,10,0,30
TOLATA,"anticoncepcion, prevencion de its y de cancer de cuello uterino",inyectable trimestral: usuarias continuas,2016-05-01,0,1,8,6,0,15
TOLEDO,"anticoncepcion, prevencion de its y de cancer de cuello uterino",inyectable trimestral: usuarias continuas,2016-05-01,0,0,4,1,0,5
TOMAVE,"anticoncepcion, prevencion de its y de cancer de cuello uterino",inyectable trimestral: usuarias continuas,2016-05-01,0,2,15,11,0,28
TOMINA,"anticoncepcion, prevencion de its y de cancer de cuello uterino",inyectable trimestral: usuarias continuas,2016-05-01,0,4,32,43,0,79
TORO TORO,"anticoncepcion, prevencion de its y de cancer de cuello uterino",inyectable trimestral: usuarias continuas,2016-05-01,0,3,11,6,0,20
TOTORA(CBBA),"anticoncepcion, prevencion de its y de cancer de cuello uterino",inyectable trimestral: usuarias continuas,2016-05-01,0,19,71,32,0,122
TOTORA(ORR),"anticoncepcion, prevencion de its y de cancer de cuello uterino",inyectable trimestral: usuarias continuas,2016-05-01,0,0,11,2,1,14
TRIGAL,"anticoncepcion, prevencion de its y de cancer de cuello uterino",inyectable trimestral: usuarias continuas,2016-05-01,0,0,6,4,1,11
TRINIDAD,"anticoncepcion, prevencion de its y de cancer de cuello uterino",inyectable trimestral: usuarias continuas,2016-05-01,0,3,7,1,0,11
TUPIZA,"anticoncepcion, prevencion de its y de cancer de cuello uterino",inyectable trimestral: usuarias continuas,2016-05-01,0,16,98,57,1,172
TURCO,"anticoncepcion, prevencion de its y de cancer de cuello uterino",inyectable trimestral: usuarias continuas,2016-05-01,0,0,2,6,0,8
UMALA,"anticoncepcion, prevencion de its y de cancer de cuello uterino",inyectable trimestral: usuarias continuas,2016-05-01,0,2,12,5,0,19
UNCIA,"anticoncepcion, prevencion de its y de cancer de cuello uterino",inyectable trimestral: usuarias continuas,2016-05-01,0,5,37,23,0,65
URIONDO (A. CONCEPCION),"anticoncepcion, prevencion de its y de cancer de cuello uterino",inyectable trimestral: usuarias continuas,2016-05-01,0,10,55,26,1,92
URUBICHA,"anticoncepcion, prevencion de its y de cancer de cuello uterino",inyectable trimestral: usuarias continuas,2016-05-01,0,0,4,11,0,15
UYUNI,"anticoncepcion, prevencion de its y de cancer de cuello uterino",inyectable trimestral: usuarias continuas,2016-05-01,0,5,15,8,0,28
VACAS,"anticoncepcion, prevencion de its y de cancer de cuello uterino",inyectable trimestral: usuarias continuas,2016-05-01,0,5,13,20,0,38
VALLEGRANDE,"anticoncepcion, prevencion de its y de cancer de cuello uterino",inyectable trimestral: usuarias continuas,2016-05-01,0,12,52,12,0,76
VIACHA,"anticoncepcion, prevencion de its y de cancer de cuello uterino",inyectable trimestral: usuarias continuas,2016-05-01,0,11,96,29,1,137
VILA VILA,"anticoncepcion, prevencion de its y de cancer de cuello uterino",inyectable trimestral: usuarias continuas,2016-05-01,1,1,7,6,0,15
VILLA CHARCAS,"anticoncepcion, prevencion de its y de cancer de cuello uterino",inyectable trimestral: usuarias continuas,2016-05-01,0,5,36,27,1,69
VILLA MONTES,"anticoncepcion, prevencion de its y de cancer de cuello uterino",inyectable trimestral: usuarias continuas,2016-05-01,0,14,66,33,0,113
VILLA NUEVA (LOMA ALTA),"anticoncepcion, prevencion de its y de cancer de cuello uterino",inyectable trimestral: usuarias continuas,2016-05-01,0,4,4,0,0,8
VILLA RIVERO,"anticoncepcion, prevencion de its y de cancer de cuello uterino",inyectable trimestral: usuarias continuas,2016-05-01,0,2,26,15,0,43
VILLA SERRANO,"anticoncepcion, prevencion de its y de cancer de cuello uterino",inyectable trimestral: usuarias continuas,2016-05-01,0,8,15,11,0,34
VILLA TUNARI,"anticoncepcion, prevencion de its y de cancer de cuello uterino",inyectable trimestral: usuarias continuas,2016-05-01,5,29,242,96,3,375
VILLA VACA GUZMAN (MUYUPAMPA),"anticoncepcion, prevencion de its y de cancer de cuello uterino",inyectable trimestral: usuarias continuas,2016-05-01,0,7,28,25,0,60
VILLAZON,"anticoncepcion, prevencion de its y de cancer de cuello uterino",inyectable trimestral: usuarias continuas,2016-05-01,0,5,91,36,0,132
VINTO,"anticoncepcion, prevencion de its y de cancer de cuello uterino",inyectable trimestral: usuarias continuas,2016-05-01,0,11,63,16,0,90
VITICHI,"anticoncepcion, prevencion de its y de cancer de cuello uterino",inyectable trimestral: usuarias continuas,2016-05-01,0,0,6,13,0,19
WALDO BALLIVIAN,"anticoncepcion, prevencion de its y de cancer de cuello uterino",inyectable trimestral: usuarias continuas,2016-05-01,0,0,3,2,0,5
WARNES,"anticoncepcion, prevencion de its y de cancer de cuello uterino",inyectable trimestral: usuarias continuas,2016-05-01,1,27,160,50,3,241
YACO,"anticoncepcion, prevencion de its y de cancer de cuello uterino",inyectable trimestral: usuarias continuas,2016-05-01,0,0,5,0,0,5
YACUIBA,"anticoncepcion, prevencion de its y de cancer de cuello uterino",inyectable trimestral: usuarias continuas,2016-05-01,1,16,153,85,2,257
YAMPARAEZ,"anticoncepcion, prevencion de its y de cancer de cuello uterino",inyectable trimestral: usuarias continuas,2016-05-01,0,1,15,6,0,22
YANACACHI,"anticoncepcion, prevencion de its y de cancer de cuello uterino",inyectable trimestral: usuarias continuas,2016-05-01,0,0,11,8,0,19
YAPACANI,"anticoncepcion, prevencion de its y de cancer de cuello uterino",inyectable trimestral: usuarias continuas,2016-05-01,0,15,72,25,0,112
YOCALLA,"anticoncepcion, prevencion de its y de cancer de cuello uterino",inyectable trimestral: usuarias continuas,2016-05-01,0,0,11,4,0,15
YOTALA,"anticoncepcion, prevencion de its y de cancer de cuello uterino",inyectable trimestral: usuarias continuas,2016-05-01,0,0,9,9,1,19
YUNCHARA,"anticoncepcion, prevencion de its y de cancer de cuello uterino",inyectable trimestral: usuarias continuas,2016-05-01,0,4,34,24,0,62
ZUDAÃ‘EZ,"anticoncepcion, prevencion de its y de cancer de cuello uterino",inyectable trimestral: usuarias continuas,2016-05-01,0,3,32,12,0,47
ACACIO,"anticoncepcion, prevencion de its y de cancer de cuello uterino",inyectable trimestral: usuarias continuas,2016-06-01,0,0,8,7,0,15
ACHACACHI,"anticoncepcion, prevencion de its y de cancer de cuello uterino",inyectable trimestral: usuarias continuas,2016-06-01,0,8,46,31,2,87
ACHOCALLA,"anticoncepcion, prevencion de its y de cancer de cuello uterino",inyectable trimestral: usuarias continuas,2016-06-01,0,2,31,24,0,57
AIQUILE,"anticoncepcion, prevencion de its y de cancer de cuello uterino",inyectable trimestral: usuarias continuas,2016-06-01,0,3,34,33,0,70
ALALAY,"anticoncepcion, prevencion de its y de cancer de cuello uterino",inyectable trimestral: usuarias continuas,2016-06-01,1,0,3,4,0,8
ALCALA,"anticoncepcion, prevencion de its y de cancer de cuello uterino",inyectable trimestral: usuarias continuas,2016-06-01,0,2,12,11,0,25
ALTO BENI,"anticoncepcion, prevencion de its y de cancer de cuello uterino",inyectable trimestral: usuarias continuas,2016-06-01,0,1,31,11,0,43
ANCORAIMES,"anticoncepcion, prevencion de its y de cancer de cuello uterino",inyectable trimestral: usuarias continuas,2016-06-01,0,0,9,4,0,13
ANDAMARCA,"anticoncepcion, prevencion de its y de cancer de cuello uterino",inyectable trimestral: usuarias continuas,2016-06-01,0,0,6,3,0,9
ANTEQUERA,"anticoncepcion, prevencion de its y de cancer de cuello uterino",inyectable trimestral: usuarias continuas,2016-06-01,0,0,7,2,0,9
ANZALDO,"anticoncepcion, prevencion de its y de cancer de cuello uterino",inyectable trimestral: usuarias continuas,2016-06-01,0,2,15,5,0,22
APOLO,"anticoncepcion, prevencion de its y de cancer de cuello uterino",inyectable trimestral: usuarias continuas,2016-06-01,0,3,27,32,1,63
ARAMPAMPA,"anticoncepcion, prevencion de its y de cancer de cuello uterino",inyectable trimestral: usuarias continuas,2016-06-01,0,1,2,0,0,3
ARANI,"anticoncepcion, prevencion de its y de cancer de cuello uterino",inyectable trimestral: usuarias continuas,2016-06-01,0,1,12,7,0,20
ARBIETO,"anticoncepcion, prevencion de its y de cancer de cuello uterino",inyectable trimestral: usuarias continuas,2016-06-01,0,4,42,16,1,63
ARQUE,"anticoncepcion, prevencion de its y de cancer de cuello uterino",inyectable trimestral: usuarias continuas,2016-06-01,0,6,30,34,0,70
ASCENCION DE GUARAYOS,"anticoncepcion, prevencion de its y de cancer de cuello uterino",inyectable trimestral: usuarias continuas,2016-06-01,0,8,22,5,0,35
ATOCHA,"anticoncepcion, prevencion de its y de cancer de cuello uterino",inyectable trimestral: usuarias continuas,2016-06-01,0,3,30,15,0,48
AUCAPATA,"anticoncepcion, prevencion de its y de cancer de cuello uterino",inyectable trimestral: usuarias continuas,2016-06-01,0,1,10,14,0,25
AYATA,"anticoncepcion, prevencion de its y de cancer de cuello uterino",inyectable trimestral: usuarias continuas,2016-06-01,0,1,22,18,0,41
AYO AYO,"anticoncepcion, prevencion de its y de cancer de cuello uterino",inyectable trimestral: usuarias continuas,2016-06-01,0,1,12,8,0,21
AYOPAYA (V. DE INDEPENDENCIA),"anticoncepcion, prevencion de its y de cancer de cuello uterino",inyectable trimestral: usuarias continuas,2016-06-01,0,3,76,53,0,132
AZURDUY,"anticoncepcion, prevencion de its y de cancer de cuello uterino",inyectable trimestral: usuarias continuas,2016-06-01,0,6,48,29,0,83
BATALLAS,"anticoncepcion, prevencion de its y de cancer de cuello uterino",inyectable trimestral: usuarias continuas,2016-06-01,0,2,25,16,0,43
BAURES,"anticoncepcion, prevencion de its y de cancer de cuello uterino",inyectable trimestral: usuarias continuas,2016-06-01,0,0,2,0,0,2
BELEN DE ANDAMARCA,"anticoncepcion, prevencion de its y de cancer de cuello uterino",inyectable trimestral: usuarias continuas,2016-06-01,0,0,3,2,0,5
BELEN DE URMIRI,"anticoncepcion, prevencion de its y de cancer de cuello uterino",inyectable trimestral: usuarias continuas,2016-06-01,0,0,2,1,0,3
BELLA FLOR,"anticoncepcion, prevencion de its y de cancer de cuello uterino",inyectable trimestral: usuarias continuas,2016-06-01,0,1,8,11,0,20
BERMEJO,"anticoncepcion, prevencion de its y de cancer de cuello uterino",inyectable trimestral: usuarias continuas,2016-06-01,0,11,57,33,1,102
BETANZOS,"anticoncepcion, prevencion de its y de cancer de cuello uterino",inyectable trimestral: usuarias continuas,2016-06-01,0,4,43,57,0,104
BOLIVAR,"anticoncepcion, prevencion de its y de cancer de cuello uterino",inyectable trimestral: usuarias continuas,2016-06-01,0,0,11,6,0,17
BOLPEBRA,"anticoncepcion, prevencion de its y de cancer de cuello uterino",inyectable trimestral: usuarias continuas,2016-06-01,1,0,7,3,0,11
BOYUIBE,"anticoncepcion, prevencion de its y de cancer de cuello uterino",inyectable trimestral: usuarias continuas,2016-06-01,0,2,9,2,0,13
BUENA VISTA,"anticoncepcion, prevencion de its y de cancer de cuello uterino",inyectable trimestral: usuarias continuas,2016-06-01,1,4,21,15,0,41
CABEZAS,"anticoncepcion, prevencion de its y de cancer de cuello uterino",inyectable trimestral: usuarias continuas,2016-06-01,4,5,62,22,0,93
CAIROMA,"anticoncepcion, prevencion de its y de cancer de cuello uterino",inyectable trimestral: usuarias continuas,2016-06-01,0,5,12,10,0,27
"CAIZA ""D""","anticoncepcion, prevencion de its y de cancer de cuello uterino",inyectable trimestral: usuarias continuas,2016-06-01,0,0,12,10,0,22
CAJUATA,"anticoncepcion, prevencion de its y de cancer de cuello uterino",inyectable trimestral: usuarias continuas,2016-06-01,1,1,25,14,0,41
CALACOTO,"anticoncepcion, prevencion de its y de cancer de cuello uterino",inyectable trimestral: usuarias continuas,2016-06-01,0,1,4,3,0,8
CALAMARCA,"anticoncepcion, prevencion de its y de cancer de cuello uterino",inyectable trimestral: usuarias continuas,2016-06-01,0,3,28,14,0,45
CAMARGO,"anticoncepcion, prevencion de its y de cancer de cuello uterino",inyectable trimestral: usuarias continuas,2016-06-01,0,2,18,13,0,33
CAMATAQUI (C. VILLA ABECIA),"anticoncepcion, prevencion de its y de cancer de cuello uterino",inyectable trimestral: usuarias continuas,2016-06-01,0,0,6,10,0,16
CAMIRI,"anticoncepcion, prevencion de its y de cancer de cuello uterino",inyectable trimestral: usuarias continuas,2016-06-01,0,3,30,15,0,48
CAPINOTA,"anticoncepcion, prevencion de its y de cancer de cuello uterino",inyectable trimestral: usuarias continuas,2016-06-01,0,6,38,22,0,66
CAQUIAVIRI,"anticoncepcion, prevencion de its y de cancer de cuello uterino",inyectable trimestral: usuarias continuas,2016-06-01,0,2,9,5,0,16
CARACOLLO,"anticoncepcion, prevencion de its y de cancer de cuello uterino",inyectable trimestral: usuarias continuas,2016-06-01,0,4,17,13,0,34
CARANAVI,"anticoncepcion, prevencion de its y de cancer de cuello uterino",inyectable trimestral: usuarias continuas,2016-06-01,0,5,62,31,0,98
CARAPARI,"anticoncepcion, prevencion de its y de cancer de cuello uterino",inyectable trimestral: usuarias continuas,2016-06-01,0,3,44,24,0,71
CARIPUYO,"anticoncepcion, prevencion de its y de cancer de cuello uterino",inyectable trimestral: usuarias continuas,2016-06-01,0,0,10,8,0,18
CARMEN RIVERO TORREZ,"anticoncepcion, prevencion de its y de cancer de cuello uterino",inyectable trimestral: usuarias continuas,2016-06-01,0,0,2,1,0,3
CATACORA,"anticoncepcion, prevencion de its y de cancer de cuello uterino",inyectable trimestral: usuarias continuas,2016-06-01,0,1,3,3,0,7
CHACARILLA,"anticoncepcion, prevencion de its y de cancer de cuello uterino",inyectable trimestral: usuarias continuas,2016-06-01,0,0,2,2,0,4
CHALLAPATA,"anticoncepcion, prevencion de its y de cancer de cuello uterino",inyectable trimestral: usuarias continuas,2016-06-01,0,1,38,11,1,51
CHAQUI,"anticoncepcion, prevencion de its y de cancer de cuello uterino",inyectable trimestral: usuarias continuas,2016-06-01,0,0,20,11,0,31
CHARAGUA,"anticoncepcion, prevencion de its y de cancer de cuello uterino",inyectable trimestral: usuarias continuas,2016-06-01,0,4,31,15,0,50
CHARAÃ‘A,"anticoncepcion, prevencion de its y de cancer de cuello uterino",inyectable trimestral: usuarias continuas,2016-06-01,0,0,4,0,0,4
CHAYANTA,"anticoncepcion, prevencion de its y de cancer de cuello uterino",inyectable trimestral: usuarias continuas,2016-06-01,0,1,34,23,1,59
CHIMORE,"anticoncepcion, prevencion de its y de cancer de cuello uterino",inyectable trimestral: usuarias continuas,2016-06-01,1,1,42,16,0,60
CHIPAYA,"anticoncepcion, prevencion de its y de cancer de cuello uterino",inyectable trimestral: usuarias continuas,2016-06-01,0,4,13,4,0,21
CHOQUE COTA,"anticoncepcion, prevencion de its y de cancer de cuello uterino",inyectable trimestral: usuarias continuas,2016-06-01,0,0,1,2,0,3
CHUA COCANI,"anticoncepcion, prevencion de its y de cancer de cuello uterino",inyectable trimestral: usuarias continuas,2016-06-01,0,0,3,4,0,7
CHULUMANI (V. DE LA LIBERTAD),"anticoncepcion, prevencion de its y de cancer de cuello uterino",inyectable trimestral: usuarias continuas,2016-06-01,0,5,31,11,1,48
CHUMA,"anticoncepcion, prevencion de its y de cancer de cuello uterino",inyectable trimestral: usuarias continuas,2016-06-01,0,2,25,20,0,47
CHUQUIHUTA AYLLU JUCUMANI,"anticoncepcion, prevencion de its y de cancer de cuello uterino",inyectable trimestral: usuarias continuas,2016-06-01,0,1,15,6,0,22
CKOCHAS,"anticoncepcion, prevencion de its y de cancer de cuello uterino",inyectable trimestral: usuarias continuas,2016-06-01,0,1,19,24,0,44
CLIZA,"anticoncepcion, prevencion de its y de cancer de cuello uterino",inyectable trimestral: usuarias continuas,2016-06-01,0,9,34,23,0,66
COBIJA,"anticoncepcion, prevencion de its y de cancer de cuello uterino",inyectable trimestral: usuarias continuas,2016-06-01,0,20,75,17,0,112
COCAPATA,"anticoncepcion, prevencion de its y de cancer de cuello uterino",inyectable trimestral: usuarias continuas,2016-06-01,0,3,32,40,0,75
COCHABAMBA,"anticoncepcion, prevencion de its y de cancer de cuello uterino",inyectable trimestral: usuarias continuas,2016-06-01,0,15,170,57,0,242
COIPASA,"anticoncepcion, prevencion de its y de cancer de cuello uterino",inyectable trimestral: usuarias continuas,2016-06-01,0,0,1,1,0,2
COLCAPIRHUA,"anticoncepcion, prevencion de its y de cancer de cuello uterino",inyectable trimestral: usuarias continuas,2016-06-01,0,3,25,5,0,33
"COLCHA ""K""","anticoncepcion, prevencion de its y de cancer de cuello uterino",inyectable trimestral: usuarias continuas,2016-06-01,0,4,37,16,2,59
COLLANA,"anticoncepcion, prevencion de its y de cancer de cuello uterino",inyectable trimestral: usuarias continuas,2016-06-01,0,0,9,5,0,14
COLOMI,"anticoncepcion, prevencion de its y de cancer de cuello uterino",inyectable trimestral: usuarias continuas,2016-06-01,0,7,50,16,0,73
COLPA BELGICA,"anticoncepcion, prevencion de its y de cancer de cuello uterino",inyectable trimestral: usuarias continuas,2016-06-01,0,1,12,0,0,13
COLQUECHACA,"anticoncepcion, prevencion de its y de cancer de cuello uterino",inyectable trimestral: usuarias continuas,2016-06-01,0,4,43,23,2,72
COLQUENCHA,"anticoncepcion, prevencion de its y de cancer de cuello uterino",inyectable trimestral: usuarias continuas,2016-06-01,0,1,25,15,0,41
COLQUIRI,"anticoncepcion, prevencion de its y de cancer de cuello uterino",inyectable trimestral: usuarias continuas,2016-06-01,0,3,23,15,0,41
COMANCHE,"anticoncepcion, prevencion de its y de cancer de cuello uterino",inyectable trimestral: usuarias continuas,2016-06-01,0,0,3,2,0,5
COMARAPA,"anticoncepcion, prevencion de its y de cancer de cuello uterino",inyectable trimestral: usuarias continuas,2016-06-01,0,9,68,31,1,109
COMBAYA,"anticoncepcion, prevencion de its y de cancer de cuello uterino",inyectable trimestral: usuarias continuas,2016-06-01,0,0,3,2,0,5
CONCEPCION,"anticoncepcion, prevencion de its y de cancer de cuello uterino",inyectable trimestral: usuarias continuas,2016-06-01,0,3,20,9,0,32
COPACABANA,"anticoncepcion, prevencion de its y de cancer de cuello uterino",inyectable trimestral: usuarias continuas,2016-06-01,0,1,25,18,0,44
CORIPATA,"anticoncepcion, prevencion de its y de cancer de cuello uterino",inyectable trimestral: usuarias continuas,2016-06-01,0,2,37,17,0,56
CORO CORO,"anticoncepcion, prevencion de its y de cancer de cuello uterino",inyectable trimestral: usuarias continuas,2016-06-01,0,1,12,5,1,19
COROICO,"anticoncepcion, prevencion de its y de cancer de cuello uterino",inyectable trimestral: usuarias continuas,2016-06-01,0,2,16,3,0,21
CORQUE,"anticoncepcion, prevencion de its y de cancer de cuello uterino",inyectable trimestral: usuarias continuas,2016-06-01,0,1,5,4,0,10
COTAGAITA,"anticoncepcion, prevencion de its y de cancer de cuello uterino",inyectable trimestral: usuarias continuas,2016-06-01,2,0,60,33,0,95
COTOCA,"anticoncepcion, prevencion de its y de cancer de cuello uterino",inyectable trimestral: usuarias continuas,2016-06-01,0,17,88,30,0,135
CUATRO CAÃ‘ADAS,"anticoncepcion, prevencion de its y de cancer de cuello uterino",inyectable trimestral: usuarias continuas,2016-06-01,0,6,32,22,0,60
CUCHUMUELA (V. G. VILLARROEL),"anticoncepcion, prevencion de its y de cancer de cuello uterino",inyectable trimestral: usuarias continuas,2016-06-01,0,0,8,5,0,13
CUEVO,"anticoncepcion, prevencion de its y de cancer de cuello uterino",inyectable trimestral: usuarias continuas,2016-06-01,0,0,18,12,0,30
CULPINA,"anticoncepcion, prevencion de its y de cancer de cuello uterino",inyectable trimestral: usuarias continuas,2016-06-01,0,8,52,31,0,91
CURAHUARA DE CARANGAS,"anticoncepcion, prevencion de its y de cancer de cuello uterino",inyectable trimestral: usuarias continuas,2016-06-01,0,1,9,7,1,18
CURVA,"anticoncepcion, prevencion de its y de cancer de cuello uterino",inyectable trimestral: usuarias continuas,2016-06-01,0,0,2,2,0,4
DESAGUADERO,"anticoncepcion, prevencion de its y de cancer de cuello uterino",inyectable trimestral: usuarias continuas,2016-06-01,0,0,11,5,0,16
EL ALTO,"anticoncepcion, prevencion de its y de cancer de cuello uterino",inyectable trimestral: usuarias continuas,2016-06-01,1,36,476,286,1,800
EL CHORO,"anticoncepcion, prevencion de its y de cancer de cuello uterino",inyectable trimestral: usuarias continuas,2016-06-01,0,0,8,2,0,10
EL PUENTE(STC),"anticoncepcion, prevencion de its y de cancer de cuello uterino",inyectable trimestral: usuarias continuas,2016-06-01,3,15,27,15,0,60
EL PUENTE(TJA),"anticoncepcion, prevencion de its y de cancer de cuello uterino",inyectable trimestral: usuarias continuas,2016-06-01,0,2,51,22,0,75
EL TORNO,"anticoncepcion, prevencion de its y de cancer de cuello uterino",inyectable trimestral: usuarias continuas,2016-06-01,4,18,93,36,0,151
EL VILLAR,"anticoncepcion, prevencion de its y de cancer de cuello uterino",inyectable trimestral: usuarias continuas,2016-06-01,0,1,11,14,1,27
ENTRE RIOS TRJ,"anticoncepcion, prevencion de its y de cancer de cuello uterino",inyectable trimestral: usuarias continuas,2016-06-01,1,22,87,46,0,156
ENTRE RIOS CBBA,"anticoncepcion, prevencion de its y de cancer de cuello uterino",inyectable trimestral: usuarias continuas,2016-06-01,0,8,52,19,0,79
ESCOMA,"anticoncepcion, prevencion de its y de cancer de cuello uterino",inyectable trimestral: usuarias continuas,2016-06-01,0,0,3,0,0,3
EUCALIPTUS,"anticoncepcion, prevencion de its y de cancer de cuello uterino",inyectable trimestral: usuarias continuas,2016-06-01,0,0,5,5,0,10
EUREKA (SANTOS MERCADO),"anticoncepcion, prevencion de its y de cancer de cuello uterino",inyectable trimestral: usuarias continuas,2016-06-01,0,0,8,0,0,8
FERNANDEZ ALONSO,"anticoncepcion, prevencion de its y de cancer de cuello uterino",inyectable trimestral: usuarias continuas,2016-06-01,0,8,34,14,1,57
FILADELFIA,"anticoncepcion, prevencion de its y de cancer de cuello uterino",inyectable trimestral: usuarias continuas,2016-06-01,0,2,11,5,0,18
GENERAL SAAVEDRA,"anticoncepcion, prevencion de its y de cancer de cuello uterino",inyectable trimestral: usuarias continuas,2016-06-01,0,5,45,24,1,75
GRAL. J.J. PEREZ (CHARAZANI),"anticoncepcion, prevencion de its y de cancer de cuello uterino",inyectable trimestral: usuarias continuas,2016-06-01,0,0,11,6,0,17
GUANAY,"anticoncepcion, prevencion de its y de cancer de cuello uterino",inyectable trimestral: usuarias continuas,2016-06-01,0,0,15,2,0,17
GUAQUI,"anticoncepcion, prevencion de its y de cancer de cuello uterino",inyectable trimestral: usuarias continuas,2016-06-01,0,0,7,7,0,14
GUAYARAMERIN,"anticoncepcion, prevencion de its y de cancer de cuello uterino",inyectable trimestral: usuarias continuas,2016-06-01,1,11,44,9,0,65
GUTIERREZ,"anticoncepcion, prevencion de its y de cancer de cuello uterino",inyectable trimestral: usuarias continuas,2016-06-01,0,0,22,8,0,30
HUACARETA,"anticoncepcion, prevencion de its y de cancer de cuello uterino",inyectable trimestral: usuarias continuas,2016-06-01,0,3,20,7,0,30
HUACAYA (VILLA DE HUACAYA),"anticoncepcion, prevencion de its y de cancer de cuello uterino",inyectable trimestral: usuarias continuas,2016-06-01,0,1,8,5,0,14
HUACHACALLA,"anticoncepcion, prevencion de its y de cancer de cuello uterino",inyectable trimestral: usuarias continuas,2016-06-01,0,0,3,2,0,5
HUANUNI,"anticoncepcion, prevencion de its y de cancer de cuello uterino",inyectable trimestral: usuarias continuas,2016-06-01,0,0,8,1,0,9
HUARACAJE,"anticoncepcion, prevencion de its y de cancer de cuello uterino",inyectable trimestral: usuarias continuas,2016-06-01,0,2,7,2,0,11
HUARINA,"anticoncepcion, prevencion de its y de cancer de cuello uterino",inyectable trimestral: usuarias continuas,2016-06-01,0,4,3,5,0,12
HUATAJATA,"anticoncepcion, prevencion de its y de cancer de cuello uterino",inyectable trimestral: usuarias continuas,2016-06-01,0,0,2,2,0,4
HUAYLLAMARCA,"anticoncepcion, prevencion de its y de cancer de cuello uterino",inyectable trimestral: usuarias continuas,2016-06-01,0,2,9,10,0,21
HUMANATA,"anticoncepcion, prevencion de its y de cancer de cuello uterino",inyectable trimestral: usuarias continuas,2016-06-01,0,1,3,6,0,10
ICHOCA,"anticoncepcion, prevencion de its y de cancer de cuello uterino",inyectable trimestral: usuarias continuas,2016-06-01,0,1,2,3,0,6
ICLA,"anticoncepcion, prevencion de its y de cancer de cuello uterino",inyectable trimestral: usuarias continuas,2016-06-01,0,1,14,21,0,36
INCAHUASI,"anticoncepcion, prevencion de its y de cancer de cuello uterino",inyectable trimestral: usuarias continuas,2016-06-01,0,4,38,22,0,64
INQUISIVI,"anticoncepcion, prevencion de its y de cancer de cuello uterino",inyectable trimestral: usuarias continuas,2016-06-01,0,2,22,10,1,35
IRUPANA (VILLA DE LANZA),"anticoncepcion, prevencion de its y de cancer de cuello uterino",inyectable trimestral: usuarias continuas,2016-06-01,0,5,35,19,0,59
IXIAMAS,"anticoncepcion, prevencion de its y de cancer de cuello uterino",inyectable trimestral: usuarias continuas,2016-06-01,0,3,16,5,0,24
JESUS DE MACHACA,"anticoncepcion, prevencion de its y de cancer de cuello uterino",inyectable trimestral: usuarias continuas,2016-06-01,0,2,15,13,0,30
LA ASUNTA,"anticoncepcion, prevencion de its y de cancer de cuello uterino",inyectable trimestral: usuarias continuas,2016-06-01,0,6,93,30,0,129
LA GUARDIA,"anticoncepcion, prevencion de its y de cancer de cuello uterino",inyectable trimestral: usuarias continuas,2016-06-01,0,7,42,13,0,62
LA PAZ,"anticoncepcion, prevencion de its y de cancer de cuello uterino",inyectable trimestral: usuarias continuas,2016-06-01,0,23,283,85,2,393
LA RIVERA,"anticoncepcion, prevencion de its y de cancer de cuello uterino",inyectable trimestral: usuarias continuas,2016-06-01,0,0,2,0,0,2
LAGUNILLAS,"anticoncepcion, prevencion de its y de cancer de cuello uterino",inyectable trimestral: usuarias continuas,2016-06-01,0,0,18,6,0,24
LAJA,"anticoncepcion, prevencion de its y de cancer de cuello uterino",inyectable trimestral: usuarias continuas,2016-06-01,0,3,25,11,1,40
LAS CARRERAS,"anticoncepcion, prevencion de its y de cancer de cuello uterino",inyectable trimestral: usuarias continuas,2016-06-01,0,0,6,5,0,11
LICOMA PAMPA,"anticoncepcion, prevencion de its y de cancer de cuello uterino",inyectable trimestral: usuarias continuas,2016-06-01,0,3,9,5,0,17
LLALLAGUA,"anticoncepcion, prevencion de its y de cancer de cuello uterino",inyectable trimestral: usuarias continuas,2016-06-01,1,6,66,13,0,86
LLICA,"anticoncepcion, prevencion de its y de cancer de cuello uterino",inyectable trimestral: usuarias continuas,2016-06-01,0,3,13,1,0,17
LORETO,"anticoncepcion, prevencion de its y de cancer de cuello uterino",inyectable trimestral: usuarias continuas,2016-06-01,0,1,5,3,0,9
LURIBAY,"anticoncepcion, prevencion de its y de cancer de cuello uterino",inyectable trimestral: usuarias continuas,2016-06-01,1,3,21,16,1,42
MACHACAMARCA,"anticoncepcion, prevencion de its y de cancer de cuello uterino",inyectable trimestral: usuarias continuas,2016-06-01,0,0,3,1,0,4
MACHARETI,"anticoncepcion, prevencion de its y de cancer de cuello uterino",inyectable trimestral: usuarias continuas,2016-06-01,0,5,33,24,0,62
MAGDALENA,"anticoncepcion, prevencion de its y de cancer de cuello uterino",inyectable trimestral: usuarias continuas,2016-06-01,0,8,18,7,0,33
MAIRANA,"anticoncepcion, prevencion de its y de cancer de cuello uterino",inyectable trimestral: usuarias continuas,2016-06-01,0,9,24,10,0,43
MALLA,"anticoncepcion, prevencion de its y de cancer de cuello uterino",inyectable trimestral: usuarias continuas,2016-06-01,0,0,4,3,0,7
MAPIRI,"anticoncepcion, prevencion de its y de cancer de cuello uterino",inyectable trimestral: usuarias continuas,2016-06-01,0,0,17,6,0,23
MECAPACA,"anticoncepcion, prevencion de its y de cancer de cuello uterino",inyectable trimestral: usuarias continuas,2016-06-01,0,0,24,15,0,39
MINEROS,"anticoncepcion, prevencion de its y de cancer de cuello uterino",inyectable trimestral: usuarias continuas,2016-06-01,1,8,52,19,0,80
MIZQUE,"anticoncepcion, prevencion de its y de cancer de cuello uterino",inyectable trimestral: usuarias continuas,2016-06-01,0,10,67,38,0,115
MOCOMOCO,"anticoncepcion, prevencion de its y de cancer de cuello uterino",inyectable trimestral: usuarias continuas,2016-06-01,0,0,15,18,0,33
MOJOCOYA,"anticoncepcion, prevencion de its y de cancer de cuello uterino",inyectable trimestral: usuarias continuas,2016-06-01,0,2,19,20,0,41
MONTEAGUDO,"anticoncepcion, prevencion de its y de cancer de cuello uterino",inyectable trimestral: usuarias continuas,2016-06-01,1,10,48,31,0,90
MONTERO,"anticoncepcion, prevencion de its y de cancer de cuello uterino",inyectable trimestral: usuarias continuas,2016-06-01,1,20,89,33,0,143
MORO MORO,"anticoncepcion, prevencion de its y de cancer de cuello uterino",inyectable trimestral: usuarias continuas,2016-06-01,0,5,11,4,0,20
MOROCHATA,"anticoncepcion, prevencion de its y de cancer de cuello uterino",inyectable trimestral: usuarias continuas,2016-06-01,0,4,28,32,0,64
NACEBE (SANTA ROSA DEL ABUNA),"anticoncepcion, prevencion de its y de cancer de cuello uterino",inyectable trimestral: usuarias continuas,2016-06-01,0,7,9,5,0,21
NAZACARA DE PACAJES,"anticoncepcion, prevencion de its y de cancer de cuello uterino",inyectable trimestral: usuarias continuas,2016-06-01,0,0,2,0,0,2
NUEVO MANOA (NUEVA ESPERANZA),"anticoncepcion, prevencion de its y de cancer de cuello uterino",inyectable trimestral: usuarias continuas,2016-06-01,0,2,2,0,0,4
OCURI,"anticoncepcion, prevencion de its y de cancer de cuello uterino",inyectable trimestral: usuarias continuas,2016-06-01,0,1,23,19,0,43
OKINAWA,"anticoncepcion, prevencion de its y de cancer de cuello uterino",inyectable trimestral: usuarias continuas,2016-06-01,0,2,23,11,0,36
OMEREQUE,"anticoncepcion, prevencion de its y de cancer de cuello uterino",inyectable trimestral: usuarias continuas,2016-06-01,0,3,17,12,1,33
ORURO,"anticoncepcion, prevencion de its y de cancer de cuello uterino",inyectable trimestral: usuarias continuas,2016-06-01,1,27,449,131,2,610
PADCAYA,"anticoncepcion, prevencion de its y de cancer de cuello uterino",inyectable trimestral: usuarias continuas,2016-06-01,0,10,97,79,4,190
PADILLA,"anticoncepcion, prevencion de its y de cancer de cuello uterino",inyectable trimestral: usuarias continuas,2016-06-01,0,5,41,29,0,75
PAILON,"anticoncepcion, prevencion de its y de cancer de cuello uterino",inyectable trimestral: usuarias continuas,2016-06-01,0,2,4,2,0,8
PALCA,"anticoncepcion, prevencion de its y de cancer de cuello uterino",inyectable trimestral: usuarias continuas,2016-06-01,0,3,34,11,0,48
PALOS BLANCOS,"anticoncepcion, prevencion de its y de cancer de cuello uterino",inyectable trimestral: usuarias continuas,2016-06-01,0,5,43,19,1,68
PAMPA AULLAGAS,"anticoncepcion, prevencion de its y de cancer de cuello uterino",inyectable trimestral: usuarias continuas,2016-06-01,0,0,1,1,1,3
PAMPA GRANDE,"anticoncepcion, prevencion de its y de cancer de cuello uterino",inyectable trimestral: usuarias continuas,2016-06-01,0,4,20,8,3,35
PAPEL PAMPA,"anticoncepcion, prevencion de its y de cancer de cuello uterino",inyectable trimestral: usuarias continuas,2016-06-01,0,1,13,9,0,23
PASORAPA,"anticoncepcion, prevencion de its y de cancer de cuello uterino",inyectable trimestral: usuarias continuas,2016-06-01,0,3,14,11,0,28
PATACAMAYA,"anticoncepcion, prevencion de its y de cancer de cuello uterino",inyectable trimestral: usuarias continuas,2016-06-01,0,0,11,7,0,18
PAZÃ‘A,"anticoncepcion, prevencion de its y de cancer de cuello uterino",inyectable trimestral: usuarias continuas,2016-06-01,0,0,3,1,0,4
PELECHUCO,"anticoncepcion, prevencion de its y de cancer de cuello uterino",inyectable trimestral: usuarias continuas,2016-06-01,0,1,14,2,0,17
POCOATA,"anticoncepcion, prevencion de its y de cancer de cuello uterino",inyectable trimestral: usuarias continuas,2016-06-01,0,3,16,27,0,46
POCONA,"anticoncepcion, prevencion de its y de cancer de cuello uterino",inyectable trimestral: usuarias continuas,2016-06-01,0,6,62,38,2,108
POJO (CBBA),"anticoncepcion, prevencion de its y de cancer de cuello uterino",inyectable trimestral: usuarias continuas,2016-06-01,0,3,57,23,0,83
POOPO,"anticoncepcion, prevencion de its y de cancer de cuello uterino",inyectable trimestral: usuarias continuas,2016-06-01,0,0,3,3,0,6
PORCO,"anticoncepcion, prevencion de its y de cancer de cuello uterino",inyectable trimestral: usuarias continuas,2016-06-01,0,2,7,8,0,17
POROMA,"anticoncepcion, prevencion de its y de cancer de cuello uterino",inyectable trimestral: usuarias continuas,2016-06-01,0,2,36,15,0,53
PORONGO,"anticoncepcion, prevencion de its y de cancer de cuello uterino",inyectable trimestral: usuarias continuas,2016-06-01,0,0,3,2,0,5
PORTACHUELO,"anticoncepcion, prevencion de its y de cancer de cuello uterino",inyectable trimestral: usuarias continuas,2016-06-01,0,13,22,13,0,48
PORVENIR,"anticoncepcion, prevencion de its y de cancer de cuello uterino",inyectable trimestral: usuarias continuas,2016-06-01,0,4,21,7,0,32
POSTRER VALLE,"anticoncepcion, prevencion de its y de cancer de cuello uterino",inyectable trimestral: usuarias continuas,2016-06-01,0,0,5,2,0,7
POTOSI,"anticoncepcion, prevencion de its y de cancer de cuello uterino",inyectable trimestral: usuarias continuas,2016-06-01,0,21,400,165,0,586
PRESTO,"anticoncepcion, prevencion de its y de cancer de cuello uterino",inyectable trimestral: usuarias continuas,2016-06-01,0,4,14,12,0,30
PUCARA,"anticoncepcion, prevencion de its y de cancer de cuello uterino",inyectable trimestral: usuarias continuas,2016-06-01,0,1,3,2,0,6
PUCARANI,"anticoncepcion, prevencion de its y de cancer de cuello uterino",inyectable trimestral: usuarias continuas,2016-06-01,0,8,60,36,1,105
PUERTO ACOSTA,"anticoncepcion, prevencion de its y de cancer de cuello uterino",inyectable trimestral: usuarias continuas,2016-06-01,0,1,5,3,0,9
PUERTO CARABUCO,"anticoncepcion, prevencion de its y de cancer de cuello uterino",inyectable trimestral: usuarias continuas,2016-06-01,0,1,19,6,0,26
PUERTO GONZALO MORENO,"anticoncepcion, prevencion de its y de cancer de cuello uterino",inyectable trimestral: usuarias continuas,2016-06-01,0,10,23,10,1,44
PUERTO PEREZ,"anticoncepcion, prevencion de its y de cancer de cuello uterino",inyectable trimestral: usuarias continuas,2016-06-01,0,0,3,3,0,6
PUERTO QUIJARRO,"anticoncepcion, prevencion de its y de cancer de cuello uterino",inyectable trimestral: usuarias continuas,2016-06-01,0,6,12,0,0,18
PUERTO RICO,"anticoncepcion, prevencion de its y de cancer de cuello uterino",inyectable trimestral: usuarias continuas,2016-06-01,1,6,40,6,0,53
PUERTO SILES,"anticoncepcion, prevencion de its y de cancer de cuello uterino",inyectable trimestral: usuarias continuas,2016-06-01,0,0,1,0,0,1
PUERTO SUAREZ,"anticoncepcion, prevencion de its y de cancer de cuello uterino",inyectable trimestral: usuarias continuas,2016-06-01,0,3,16,2,0,21
PUERTO VILLARROEL,"anticoncepcion, prevencion de its y de cancer de cuello uterino",inyectable trimestral: usuarias continuas,2016-06-01,0,12,80,36,0,128
PUNA,"anticoncepcion, prevencion de its y de cancer de cuello uterino",inyectable trimestral: usuarias continuas,2016-06-01,0,2,23,14,0,39
PUNATA,"anticoncepcion, prevencion de its y de cancer de cuello uterino",inyectable trimestral: usuarias continuas,2016-06-01,0,4,67,20,0,91
QUIABAYA,"anticoncepcion, prevencion de its y de cancer de cuello uterino",inyectable trimestral: usuarias continuas,2016-06-01,0,2,7,3,0,12
QUILLACOLLO,"anticoncepcion, prevencion de its y de cancer de cuello uterino",inyectable trimestral: usuarias continuas,2016-06-01,0,23,137,31,0,191
QUIME,"anticoncepcion, prevencion de its y de cancer de cuello uterino",inyectable trimestral: usuarias continuas,2016-06-01,0,2,17,5,0,24
QUIRUSILLAS,"anticoncepcion, prevencion de its y de cancer de cuello uterino",inyectable trimestral: usuarias continuas,2016-06-01,0,1,8,5,0,14
RAVELO,"anticoncepcion, prevencion de its y de cancer de cuello uterino",inyectable trimestral: usuarias continuas,2016-06-01,0,2,37,38,0,77
REYES,"anticoncepcion, prevencion de its y de cancer de cuello uterino",inyectable trimestral: usuarias continuas,2016-06-01,0,6,27,4,0,37
RIBERALTA,"anticoncepcion, prevencion de its y de cancer de cuello uterino",inyectable trimestral: usuarias continuas,2016-06-01,1,31,133,44,0,209
ROBORE,"anticoncepcion, prevencion de its y de cancer de cuello uterino",inyectable trimestral: usuarias continuas,2016-06-01,0,1,27,9,0,37
RURRENABAQUE,"anticoncepcion, prevencion de its y de cancer de cuello uterino",inyectable trimestral: usuarias continuas,2016-06-01,0,3,26,11,0,40
SABAYA,"anticoncepcion, prevencion de its y de cancer de cuello uterino",inyectable trimestral: usuarias continuas,2016-06-01,0,0,8,4,0,12
SACABA,"anticoncepcion, prevencion de its y de cancer de cuello uterino",inyectable trimestral: usuarias continuas,2016-06-01,0,13,121,41,0,175
SACABAMBA,"anticoncepcion, prevencion de its y de cancer de cuello uterino",inyectable trimestral: usuarias continuas,2016-06-01,0,0,2,4,0,6
SACACA,"anticoncepcion, prevencion de its y de cancer de cuello uterino",inyectable trimestral: usuarias continuas,2016-06-01,0,6,37,34,0,77
SAIPINA,"anticoncepcion, prevencion de its y de cancer de cuello uterino",inyectable trimestral: usuarias continuas,2016-06-01,0,5,18,7,0,30
SALINAS DE GARCI MENDOZA,"anticoncepcion, prevencion de its y de cancer de cuello uterino",inyectable trimestral: usuarias continuas,2016-06-01,0,0,29,8,0,37
SAMAIPATA,"anticoncepcion, prevencion de its y de cancer de cuello uterino",inyectable trimestral: usuarias continuas,2016-06-01,2,10,22,4,0,38
SAN AGUSTIN,"anticoncepcion, prevencion de its y de cancer de cuello uterino",inyectable trimestral: usuarias continuas,2016-06-01,0,0,8,3,0,11
SAN ANDRES,"anticoncepcion, prevencion de its y de cancer de cuello uterino",inyectable trimestral: usuarias continuas,2016-06-01,1,6,21,6,0,34
SAN ANDRES DE MACHACA,"anticoncepcion, prevencion de its y de cancer de cuello uterino",inyectable trimestral: usuarias continuas,2016-06-01,0,0,1,0,0,1
SAN ANTONIO DE ESMORUCO,"anticoncepcion, prevencion de its y de cancer de cuello uterino",inyectable trimestral: usuarias continuas,2016-06-01,0,0,1,0,0,1
SAN ANTONIO DE LOMERIO,"anticoncepcion, prevencion de its y de cancer de cuello uterino",inyectable trimestral: usuarias continuas,2016-06-01,0,0,22,7,0,29
SAN BENITO,"anticoncepcion, prevencion de its y de cancer de cuello uterino",inyectable trimestral: usuarias continuas,2016-06-01,0,4,24,16,0,44
SAN BORJA,"anticoncepcion, prevencion de its y de cancer de cuello uterino",inyectable trimestral: usuarias continuas,2016-06-01,1,14,75,39,0,129
SAN BUENA VENTURA,"anticoncepcion, prevencion de its y de cancer de cuello uterino",inyectable trimestral: usuarias continuas,2016-06-01,0,0,14,4,0,18
SAN CARLOS,"anticoncepcion, prevencion de its y de cancer de cuello uterino",inyectable trimestral: usuarias continuas,2016-06-01,0,4,32,14,1,51
SAN IGNACIO,"anticoncepcion, prevencion de its y de cancer de cuello uterino",inyectable trimestral: usuarias continuas,2016-06-01,0,14,77,42,1,134
SAN IGNACIO DE VELASCO,"anticoncepcion, prevencion de its y de cancer de cuello uterino",inyectable trimestral: usuarias continuas,2016-06-01,0,15,113,38,2,168
SAN JAVIER(BNI),"anticoncepcion, prevencion de its y de cancer de cuello uterino",inyectable trimestral: usuarias continuas,2016-06-01,0,0,1,0,0,1
SAN JAVIER(STC),"anticoncepcion, prevencion de its y de cancer de cuello uterino",inyectable trimestral: usuarias continuas,2016-06-01,0,4,25,9,0,38
SAN JOAQUIN,"anticoncepcion, prevencion de its y de cancer de cuello uterino",inyectable trimestral: usuarias continuas,2016-06-01,0,1,3,1,0,5
SAN JOSE DE CHIQUITOS,"anticoncepcion, prevencion de its y de cancer de cuello uterino",inyectable trimestral: usuarias continuas,2016-06-01,0,4,33,14,0,51
SAN JUAN DE YAPACANI,"anticoncepcion, prevencion de its y de cancer de cuello uterino",inyectable trimestral: usuarias continuas,2016-06-01,1,5,24,10,0,40
SAN JULIAN,"anticoncepcion, prevencion de its y de cancer de cuello uterino",inyectable trimestral: usuarias continuas,2016-06-01,0,6,62,31,1,100
SAN LORENZO(PND),"anticoncepcion, prevencion de its y de cancer de cuello uterino",inyectable trimestral: usuarias continuas,2016-06-01,0,2,11,4,0,17
SAN LORENZO(TJA),"anticoncepcion, prevencion de its y de cancer de cuello uterino",inyectable trimestral: usuarias continuas,2016-06-01,0,12,78,56,1,147
SAN LUCAS,"anticoncepcion, prevencion de its y de cancer de cuello uterino",inyectable trimestral: usuarias continuas,2016-06-01,0,6,63,43,0,112
SAN MATIAS,"anticoncepcion, prevencion de its y de cancer de cuello uterino",inyectable trimestral: usuarias continuas,2016-06-01,0,2,17,6,0,25
SAN MIGUEL DE VELASCO,"anticoncepcion, prevencion de its y de cancer de cuello uterino",inyectable trimestral: usuarias continuas,2016-06-01,0,14,62,32,0,108
SAN PABLO DE LIPEZ,"anticoncepcion, prevencion de its y de cancer de cuello uterino",inyectable trimestral: usuarias continuas,2016-06-01,0,0,3,1,0,4
SAN PEDRO,"anticoncepcion, prevencion de its y de cancer de cuello uterino",inyectable trimestral: usuarias continuas,2016-06-01,0,9,23,19,0,51
SAN PEDRO DE BUENA VISTA,"anticoncepcion, prevencion de its y de cancer de cuello uterino",inyectable trimestral: usuarias continuas,2016-06-01,0,1,17,8,0,26
SAN PEDRO DE CURAHUARA,"anticoncepcion, prevencion de its y de cancer de cuello uterino",inyectable trimestral: usuarias continuas,2016-06-01,0,1,9,2,0,12
SAN PEDRO DE QUEMES,"anticoncepcion, prevencion de its y de cancer de cuello uterino",inyectable trimestral: usuarias continuas,2016-06-01,0,0,3,1,0,4
SAN PEDRO DE TIQUINA,"anticoncepcion, prevencion de its y de cancer de cuello uterino",inyectable trimestral: usuarias continuas,2016-06-01,0,0,8,3,0,11
SAN PEDRO(PND),"anticoncepcion, prevencion de its y de cancer de cuello uterino",inyectable trimestral: usuarias continuas,2016-06-01,0,1,6,1,0,8
SAN RAFAEL,"anticoncepcion, prevencion de its y de cancer de cuello uterino",inyectable trimestral: usuarias continuas,2016-06-01,0,11,24,15,1,51
SAN RAMON BENI,"anticoncepcion, prevencion de its y de cancer de cuello uterino",inyectable trimestral: usuarias continuas,2016-06-01,0,0,1,1,0,2
SAN RAMON SCZ,"anticoncepcion, prevencion de its y de cancer de cuello uterino",inyectable trimestral: usuarias continuas,2016-06-01,0,10,22,15,1,48
SANTA ANA,"anticoncepcion, prevencion de its y de cancer de cuello uterino",inyectable trimestral: usuarias continuas,2016-06-01,0,2,16,3,0,21
SANTA CRUZ DE LA SIERRA,"anticoncepcion, prevencion de its y de cancer de cuello uterino",inyectable trimestral: usuarias continuas,2016-06-01,1,48,287,125,1,462
SANTA ROSA,"anticoncepcion, prevencion de its y de cancer de cuello uterino",inyectable trimestral: usuarias continuas,2016-06-01,0,0,5,4,0,9
SANTA ROSA DEL SARA,"anticoncepcion, prevencion de its y de cancer de cuello uterino",inyectable trimestral: usuarias continuas,2016-06-01,2,10,37,25,0,74
SANTIAGO DE CALLAPA,"anticoncepcion, prevencion de its y de cancer de cuello uterino",inyectable trimestral: usuarias continuas,2016-06-01,0,0,2,1,0,3
SANTIAGO DE HUARI,"anticoncepcion, prevencion de its y de cancer de cuello uterino",inyectable trimestral: usuarias continuas,2016-06-01,0,2,5,3,0,10
SANTIAGO DE HUATA,"anticoncepcion, prevencion de its y de cancer de cuello uterino",inyectable trimestral: usuarias continuas,2016-06-01,0,1,9,6,0,16
SANTIAGO DE MACHACA,"anticoncepcion, prevencion de its y de cancer de cuello uterino",inyectable trimestral: usuarias continuas,2016-06-01,0,1,1,3,0,5
SANTIVAÃ‘ES,"anticoncepcion, prevencion de its y de cancer de cuello uterino",inyectable trimestral: usuarias continuas,2016-06-01,0,0,13,9,0,22
SANTUARIO DE QUILLACAS,"anticoncepcion, prevencion de its y de cancer de cuello uterino",inyectable trimestral: usuarias continuas,2016-06-01,0,2,8,0,0,10
SAPAHAQUI,"anticoncepcion, prevencion de its y de cancer de cuello uterino",inyectable trimestral: usuarias continuas,2016-06-01,0,4,20,16,0,40
SENA,"anticoncepcion, prevencion de its y de cancer de cuello uterino",inyectable trimestral: usuarias continuas,2016-06-01,0,2,16,2,0,20
SHINAOTA,"anticoncepcion, prevencion de its y de cancer de cuello uterino",inyectable trimestral: usuarias continuas,2016-06-01,0,6,27,7,0,40
SICA SICA (VILLA AROMA),"anticoncepcion, prevencion de its y de cancer de cuello uterino",inyectable trimestral: usuarias continuas,2016-06-01,0,5,22,25,1,53
SICAYA,"anticoncepcion, prevencion de its y de cancer de cuello uterino",inyectable trimestral: usuarias continuas,2016-06-01,1,2,17,3,0,23
SIPE SIPE,"anticoncepcion, prevencion de its y de cancer de cuello uterino",inyectable trimestral: usuarias continuas,2016-06-01,0,15,128,64,1,208
SOPACHUY,"anticoncepcion, prevencion de its y de cancer de cuello uterino",inyectable trimestral: usuarias continuas,2016-06-01,0,0,15,17,0,32
SORACACHI,"anticoncepcion, prevencion de its y de cancer de cuello uterino",inyectable trimestral: usuarias continuas,2016-06-01,0,0,15,6,0,21
SORATA,"anticoncepcion, prevencion de its y de cancer de cuello uterino",inyectable trimestral: usuarias continuas,2016-06-01,0,0,21,18,0,39
SUCRE,"anticoncepcion, prevencion de its y de cancer de cuello uterino",inyectable trimestral: usuarias continuas,2016-06-01,0,69,391,162,1,623
TACACOMA,"anticoncepcion, prevencion de its y de cancer de cuello uterino",inyectable trimestral: usuarias continuas,2016-06-01,0,1,23,6,0,30
TACOBAMBA,"anticoncepcion, prevencion de its y de cancer de cuello uterino",inyectable trimestral: usuarias continuas,2016-06-01,0,1,19,21,1,42
TACOPAYA,"anticoncepcion, prevencion de its y de cancer de cuello uterino",inyectable trimestral: usuarias continuas,2016-06-01,0,0,6,9,0,15
TAHUA,"anticoncepcion, prevencion de its y de cancer de cuello uterino",inyectable trimestral: usuarias continuas,2016-06-01,0,0,5,3,0,8
TAPACARI,"anticoncepcion, prevencion de its y de cancer de cuello uterino",inyectable trimestral: usuarias continuas,2016-06-01,0,7,56,41,0,104
TARABUCO,"anticoncepcion, prevencion de its y de cancer de cuello uterino",inyectable trimestral: usuarias continuas,2016-06-01,0,2,36,30,3,71
TARACO,"anticoncepcion, prevencion de its y de cancer de cuello uterino",inyectable trimestral: usuarias continuas,2016-06-01,0,2,8,11,0,21
TARATA,"anticoncepcion, prevencion de its y de cancer de cuello uterino",inyectable trimestral: usuarias continuas,2016-06-01,0,1,20,5,0,26
TARIJA,"anticoncepcion, prevencion de its y de cancer de cuello uterino",inyectable trimestral: usuarias continuas,2016-06-01,1,14,182,52,0,249
TARVITA,"anticoncepcion, prevencion de its y de cancer de cuello uterino",inyectable trimestral: usuarias continuas,2016-06-01,0,4,20,21,0,45
TEOPONTE,"anticoncepcion, prevencion de its y de cancer de cuello uterino",inyectable trimestral: usuarias continuas,2016-06-01,0,4,14,10,0,28
TIAWANACU,"anticoncepcion, prevencion de its y de cancer de cuello uterino",inyectable trimestral: usuarias continuas,2016-06-01,0,1,22,19,1,43
TINGUIPAYA,"anticoncepcion, prevencion de its y de cancer de cuello uterino",inyectable trimestral: usuarias continuas,2016-06-01,0,0,6,11,0,17
TIPUANI,"anticoncepcion, prevencion de its y de cancer de cuello uterino",inyectable trimestral: usuarias continuas,2016-06-01,0,1,11,7,0,19
TIQUIPAYA,"anticoncepcion, prevencion de its y de cancer de cuello uterino",inyectable trimestral: usuarias continuas,2016-06-01,1,4,60,22,0,87
TIRAQUE (CBBA),"anticoncepcion, prevencion de its y de cancer de cuello uterino",inyectable trimestral: usuarias continuas,2016-06-01,0,5,45,36,0,86
TITO YUPANQUI (PARQUIPUJIO),"anticoncepcion, prevencion de its y de cancer de cuello uterino",inyectable trimestral: usuarias continuas,2016-06-01,0,0,0,3,0,3
TOCO,"anticoncepcion, prevencion de its y de cancer de cuello uterino",inyectable trimestral: usuarias continuas,2016-06-01,0,1,14,13,0,28
TOLATA,"anticoncepcion, prevencion de its y de cancer de cuello uterino",inyectable trimestral: usuarias continuas,2016-06-01,0,0,21,3,0,24
TOLEDO,"anticoncepcion, prevencion de its y de cancer de cuello uterino",inyectable trimestral: usuarias continuas,2016-06-01,0,0,5,2,0,7
TOMAVE,"anticoncepcion, prevencion de its y de cancer de cuello uterino",inyectable trimestral: usuarias continuas,2016-06-01,0,1,13,12,0,26
TOMINA,"anticoncepcion, prevencion de its y de cancer de cuello uterino",inyectable trimestral: usuarias continuas,2016-06-01,0,5,36,20,0,61
TORO TORO,"anticoncepcion, prevencion de its y de cancer de cuello uterino",inyectable trimestral: usuarias continuas,2016-06-01,0,2,19,9,0,30
TOTORA(CBBA),"anticoncepcion, prevencion de its y de cancer de cuello uterino",inyectable trimestral: usuarias continuas,2016-06-01,0,11,67,27,0,105
TOTORA(ORR),"anticoncepcion, prevencion de its y de cancer de cuello uterino",inyectable trimestral: usuarias continuas,2016-06-01,0,3,7,7,0,17
TRIGAL,"anticoncepcion, prevencion de its y de cancer de cuello uterino",inyectable trimestral: usuarias continuas,2016-06-01,0,1,7,2,0,10
TRINIDAD,"anticoncepcion, prevencion de its y de cancer de cuello uterino",inyectable trimestral: usuarias continuas,2016-06-01,0,2,5,1,0,8
TUPIZA,"anticoncepcion, prevencion de its y de cancer de cuello uterino",inyectable trimestral: usuarias continuas,2016-06-01,0,11,134,41,1,187
TURCO,"anticoncepcion, prevencion de its y de cancer de cuello uterino",inyectable trimestral: usuarias continuas,2016-06-01,0,0,9,6,0,15
UMALA,"anticoncepcion, prevencion de its y de cancer de cuello uterino",inyectable trimestral: usuarias continuas,2016-06-01,0,1,14,10,0,25
UNCIA,"anticoncepcion, prevencion de its y de cancer de cuello uterino",inyectable trimestral: usuarias continuas,2016-06-01,0,2,28,17,1,48
URIONDO (A. CONCEPCION),"anticoncepcion, prevencion de its y de cancer de cuello uterino",inyectable trimestral: usuarias continuas,2016-06-01,0,15,38,31,0,84
URUBICHA,"anticoncepcion, prevencion de its y de cancer de cuello uterino",inyectable trimestral: usuarias continuas,2016-06-01,0,1,5,7,0,13
UYUNI,"anticoncepcion, prevencion de its y de cancer de cuello uterino",inyectable trimestral: usuarias continuas,2016-06-01,0,6,31,18,0,55
VACAS,"anticoncepcion, prevencion de its y de cancer de cuello uterino",inyectable trimestral: usuarias continuas,2016-06-01,0,3,17,11,0,31
VALLEGRANDE,"anticoncepcion, prevencion de its y de cancer de cuello uterino",inyectable trimestral: usuarias continuas,2016-06-01,1,11,46,8,0,66
VIACHA,"anticoncepcion, prevencion de its y de cancer de cuello uterino",inyectable trimestral: usuarias continuas,2016-06-01,0,3,102,67,1,173
VILA VILA,"anticoncepcion, prevencion de its y de cancer de cuello uterino",inyectable trimestral: usuarias continuas,2016-06-01,0,0,3,0,0,3
VILLA CHARCAS,"anticoncepcion, prevencion de its y de cancer de cuello uterino",inyectable trimestral: usuarias continuas,2016-06-01,0,4,38,31,1,74
VILLA MONTES,"anticoncepcion, prevencion de its y de cancer de cuello uterino",inyectable trimestral: usuarias continuas,2016-06-01,0,13,75,28,1,117
VILLA NUEVA (LOMA ALTA),"anticoncepcion, prevencion de its y de cancer de cuello uterino",inyectable trimestral: usuarias continuas,2016-06-01,0,1,14,1,0,16
VILLA RIVERO,"anticoncepcion, prevencion de its y de cancer de cuello uterino",inyectable trimestral: usuarias continuas,2016-06-01,0,5,27,8,0,40
VILLA SERRANO,"anticoncepcion, prevencion de its y de cancer de cuello uterino",inyectable trimestral: usuarias continuas,2016-06-01,2,5,19,18,2,46
VILLA TUNARI,"anticoncepcion, prevencion de its y de cancer de cuello uterino",inyectable trimestral: usuarias continuas,2016-06-01,0,16,243,88,1,348
VILLA VACA GUZMAN (MUYUPAMPA),"anticoncepcion, prevencion de its y de cancer de cuello uterino",inyectable trimestral: usuarias continuas,2016-06-01,0,2,26,34,1,63
VILLAZON,"anticoncepcion, prevencion de its y de cancer de cuello uterino",inyectable trimestral: usuarias continuas,2016-06-01,0,12,101,49,0,162
VINTO,"anticoncepcion, prevencion de its y de cancer de cuello uterino",inyectable trimestral: usuarias continuas,2016-06-01,0,5,43,14,0,62
VITICHI,"anticoncepcion, prevencion de its y de cancer de cuello uterino",inyectable trimestral: usuarias continuas,2016-06-01,0,0,9,12,0,21
WALDO BALLIVIAN,"anticoncepcion, prevencion de its y de cancer de cuello uterino",inyectable trimestral: usuarias continuas,2016-06-01,0,1,2,4,0,7
WARNES,"anticoncepcion, prevencion de its y de cancer de cuello uterino",inyectable trimestral: usuarias continuas,2016-06-01,0,31,149,58,1,239
YACO,"anticoncepcion, prevencion de its y de cancer de cuello uterino",inyectable trimestral: usuarias continuas,2016-06-01,0,1,13,7,0,21
YACUIBA,"anticoncepcion, prevencion de its y de cancer de cuello uterino",inyectable trimestral: usuarias continuas,2016-06-01,0,18,157,84,2,261
YAMPARAEZ,"anticoncepcion, prevencion de its y de cancer de cuello uterino",inyectable trimestral: usuarias continuas,2016-06-01,0,2,10,19,0,31
YANACACHI,"anticoncepcion, prevencion de its y de cancer de cuello uterino",inyectable trimestral: usuarias continuas,2016-06-01,0,0,5,3,0,8
YAPACANI,"anticoncepcion, prevencion de its y de cancer de cuello uterino",inyectable trimestral: usuarias continuas,2016-06-01,0,7,54,19,0,80
YOCALLA,"anticoncepcion, prevencion de its y de cancer de cuello uterino",inyectable trimestral: usuarias continuas,2016-06-01,0,1,6,2,1,10
YOTALA,"anticoncepcion, prevencion de its y de cancer de cuello uterino",inyectable trimestral: usuarias continuas,2016-06-01,0,1,6,7,0,14
YUNCHARA,"anticoncepcion, prevencion de its y de cancer de cuello uterino",inyectable trimestral: usuarias continuas,2016-06-01,0,6,36,15,1,58
YUNGUYO DE LITORAL,"anticoncepcion, prevencion de its y de cancer de cuello uterino",inyectable trimestral: usuarias continuas,2016-06-01,0,0,1,2,0,3
ZUDAÃ‘EZ,"anticoncepcion, prevencion de its y de cancer de cuello uterino",inyectable trimestral: usuarias continuas,2016-06-01,0,2,25,23,1,51
ACACIO,"anticoncepcion, prevencion de its y de cancer de cuello uterino",inyectable trimestral: usuarias continuas,2016-07-01,0,1,7,3,0,11
ACHACACHI,"anticoncepcion, prevencion de its y de cancer de cuello uterino",inyectable trimestral: usuarias continuas,2016-07-01,0,1,42,29,0,72
ACHOCALLA,"anticoncepcion, prevencion de its y de cancer de cuello uterino",inyectable trimestral: usuarias continuas,2016-07-01,0,5,38,19,0,62
AIQUILE,"anticoncepcion, prevencion de its y de cancer de cuello uterino",inyectable trimestral: usuarias continuas,2016-07-01,0,0,21,22,0,43
ALALAY,"anticoncepcion, prevencion de its y de cancer de cuello uterino",inyectable trimestral: usuarias continuas,2016-07-01,0,2,5,0,0,7
ALCALA,"anticoncepcion, prevencion de its y de cancer de cuello uterino",inyectable trimestral: usuarias continuas,2016-07-01,0,4,9,16,1,30
ALTO BENI,"anticoncepcion, prevencion de its y de cancer de cuello uterino",inyectable trimestral: usuarias continuas,2016-07-01,1,3,19,17,0,40
ANCORAIMES,"anticoncepcion, prevencion de its y de cancer de cuello uterino",inyectable trimestral: usuarias continuas,2016-07-01,0,2,21,14,0,37
ANDAMARCA,"anticoncepcion, prevencion de its y de cancer de cuello uterino",inyectable trimestral: usuarias continuas,2016-07-01,0,0,3,2,0,5
ANTEQUERA,"anticoncepcion, prevencion de its y de cancer de cuello uterino",inyectable trimestral: usuarias continuas,2016-07-01,0,0,2,1,0,3
ANZALDO,"anticoncepcion, prevencion de its y de cancer de cuello uterino",inyectable trimestral: usuarias continuas,2016-07-01,0,2,18,13,0,33
APOLO,"anticoncepcion, prevencion de its y de cancer de cuello uterino",inyectable trimestral: usuarias continuas,2016-07-01,0,2,32,28,0,62
ARAMPAMPA,"anticoncepcion, prevencion de its y de cancer de cuello uterino",inyectable trimestral: usuarias continuas,2016-07-01,0,0,1,1,0,2
ARANI,"anticoncepcion, prevencion de its y de cancer de cuello uterino",inyectable trimestral: usuarias continuas,2016-07-01,0,0,10,4,0,14
ARBIETO,"anticoncepcion, prevencion de its y de cancer de cuello uterino",inyectable trimestral: usuarias continuas,2016-07-01,0,6,37,19,0,62
ARQUE,"anticoncepcion, prevencion de its y de cancer de cuello uterino",inyectable trimestral: usuarias continuas,2016-07-01,0,7,33,38,0,78
ASCENCION DE GUARAYOS,"anticoncepcion, prevencion de its y de cancer de cuello uterino",inyectable trimestral: usuarias continuas,2016-07-01,0,3,16,21,0,40
ATOCHA,"anticoncepcion, prevencion de its y de cancer de cuello uterino",inyectable trimestral: usuarias continuas,2016-07-01,0,2,28,12,1,43
AUCAPATA,"anticoncepcion, prevencion de its y de cancer de cuello uterino",inyectable trimestral: usuarias continuas,2016-07-01,0,0,13,6,0,19
AYATA,"anticoncepcion, prevencion de its y de cancer de cuello uterino",inyectable trimestral: usuarias continuas,2016-07-01,0,1,18,24,0,43
AYO AYO,"anticoncepcion, prevencion de its y de cancer de cuello uterino",inyectable trimestral: usuarias continuas,2016-07-01,0,2,13,8,0,23
AYOPAYA (V. DE INDEPENDENCIA),"anticoncepcion, prevencion de its y de cancer de cuello uterino",inyectable trimestral: usuarias continuas,2016-07-01,0,12,63,55,2,132
AZURDUY,"anticoncepcion, prevencion de its y de cancer de cuello uterino",inyectable trimestral: usuarias continuas,2016-07-01,0,3,33,16,0,52
BATALLAS,"anticoncepcion, prevencion de its y de cancer de cuello uterino",inyectable trimestral: usuarias continuas,2016-07-01,0,3,29,12,2,46
BAURES,"anticoncepcion, prevencion de its y de cancer de cuello uterino",inyectable trimestral: usuarias continuas,2016-07-01,0,0,3,4,0,7
BELEN DE ANDAMARCA,"anticoncepcion, prevencion de its y de cancer de cuello uterino",inyectable trimestral: usuarias continuas,2016-07-01,0,1,2,0,0,3
BELEN DE URMIRI,"anticoncepcion, prevencion de its y de cancer de cuello uterino",inyectable trimestral: usuarias continuas,2016-07-01,0,0,1,0,0,1
BELLA FLOR,"anticoncepcion, prevencion de its y de cancer de cuello uterino",inyectable trimestral: usuarias continuas,2016-07-01,0,5,8,7,0,20
BERMEJO,"anticoncepcion, prevencion de its y de cancer de cuello uterino",inyectable trimestral: usuarias continuas,2016-07-01,1,16,55,32,1,105
BETANZOS,"anticoncepcion, prevencion de its y de cancer de cuello uterino",inyectable trimestral: usuarias continuas,2016-07-01,0,3,30,29,0,62
BOLIVAR,"anticoncepcion, prevencion de its y de cancer de cuello uterino",inyectable trimestral: usuarias continuas,2016-07-01,0,1,2,1,0,4
BOLPEBRA,"anticoncepcion, prevencion de its y de cancer de cuello uterino",inyectable trimestral: usuarias continuas,2016-07-01,0,1,1,0,0,2
BOYUIBE,"anticoncepcion, prevencion de its y de cancer de cuello uterino",inyectable trimestral: usuarias continuas,2016-07-01,0,1,7,5,0,13
BUENA VISTA,"anticoncepcion, prevencion de its y de cancer de cuello uterino",inyectable trimestral: usuarias continuas,2016-07-01,1,6,36,15,0,58
CABEZAS,"anticoncepcion, prevencion de its y de cancer de cuello uterino",inyectable trimestral: usuarias continuas,2016-07-01,0,24,69,24,0,117
CAIROMA,"anticoncepcion, prevencion de its y de cancer de cuello uterino",inyectable trimestral: usuarias continuas,2016-07-01,0,1,14,14,0,29
"CAIZA ""D""","anticoncepcion, prevencion de its y de cancer de cuello uterino",inyectable trimestral: usuarias continuas,2016-07-01,0,0,7,7,0,14
CAJUATA,"anticoncepcion, prevencion de its y de cancer de cuello uterino",inyectable trimestral: usuarias continuas,2016-07-01,0,7,24,6,1,38
CALACOTO,"anticoncepcion, prevencion de its y de cancer de cuello uterino",inyectable trimestral: usuarias continuas,2016-07-01,0,0,2,4,0,6
CALAMARCA,"anticoncepcion, prevencion de its y de cancer de cuello uterino",inyectable trimestral: usuarias continuas,2016-07-01,0,1,40,14,1,56
CAMARGO,"anticoncepcion, prevencion de its y de cancer de cuello uterino",inyectable trimestral: usuarias continuas,2016-07-01,0,2,12,12,0,26
CAMATAQUI (C. VILLA ABECIA),"anticoncepcion, prevencion de its y de cancer de cuello uterino",inyectable trimestral: usuarias continuas,2016-07-01,0,1,9,7,0,17
CAMIRI,"anticoncepcion, prevencion de its y de cancer de cuello uterino",inyectable trimestral: usuarias continuas,2016-07-01,0,3,29,8,0,40
CAPINOTA,"anticoncepcion, prevencion de its y de cancer de cuello uterino",inyectable trimestral: usuarias continuas,2016-07-01,0,4,48,24,1,77
CAQUIAVIRI,"anticoncepcion, prevencion de its y de cancer de cuello uterino",inyectable trimestral: usuarias continuas,2016-07-01,0,2,12,3,0,17
CARACOLLO,"anticoncepcion, prevencion de its y de cancer de cuello uterino",inyectable trimestral: usuarias continuas,2016-07-01,0,7,19,16,0,42
CARANAVI,"anticoncepcion, prevencion de its y de cancer de cuello uterino",inyectable trimestral: usuarias continuas,2016-07-01,0,8,69,38,0,115
CARAPARI,"anticoncepcion, prevencion de its y de cancer de cuello uterino",inyectable trimestral: usuarias continuas,2016-07-01,0,8,59,32,0,99
CARIPUYO,"anticoncepcion, prevencion de its y de cancer de cuello uterino",inyectable trimestral: usuarias continuas,2016-07-01,0,0,6,5,0,11
CARMEN RIVERO TORREZ,"anticoncepcion, prevencion de its y de cancer de cuello uterino",inyectable trimestral: usuarias continuas,2016-07-01,0,2,17,5,0,24
CATACORA,"anticoncepcion, prevencion de its y de cancer de cuello uterino",inyectable trimestral: usuarias continuas,2016-07-01,0,0,1,2,0,3
CHACARILLA,"anticoncepcion, prevencion de its y de cancer de cuello uterino",inyectable trimestral: usuarias continuas,2016-07-01,0,1,2,0,1,4
CHALLAPATA,"anticoncepcion, prevencion de its y de cancer de cuello uterino",inyectable trimestral: usuarias continuas,2016-07-01,0,3,41,10,0,54
CHAQUI,"anticoncepcion, prevencion de its y de cancer de cuello uterino",inyectable trimestral: usuarias continuas,2016-07-01,0,2,14,7,0,23
CHARAGUA,"anticoncepcion, prevencion de its y de cancer de cuello uterino",inyectable trimestral: usuarias continuas,2016-07-01,0,3,44,18,0,65
CHARAÃ‘A,"anticoncepcion, prevencion de its y de cancer de cuello uterino",inyectable trimestral: usuarias continuas,2016-07-01,0,0,5,2,0,7
CHAYANTA,"anticoncepcion, prevencion de its y de cancer de cuello uterino",inyectable trimestral: usuarias continuas,2016-07-01,0,1,32,17,0,50
CHIMORE,"anticoncepcion, prevencion de its y de cancer de cuello uterino",inyectable trimestral: usuarias continuas,2016-07-01,0,5,51,21,0,77
CHIPAYA,"anticoncepcion, prevencion de its y de cancer de cuello uterino",inyectable trimestral: usuarias continuas,2016-07-01,1,8,15,9,0,33
CHOQUE COTA,"anticoncepcion, prevencion de its y de cancer de cuello uterino",inyectable trimestral: usuarias continuas,2016-07-01,0,1,1,2,0,4
CHUA COCANI,"anticoncepcion, prevencion de its y de cancer de cuello uterino",inyectable trimestral: usuarias continuas,2016-07-01,0,2,5,2,0,9
CHULUMANI (V. DE LA LIBERTAD),"anticoncepcion, prevencion de its y de cancer de cuello uterino",inyectable trimestral: usuarias continuas,2016-07-01,0,1,20,10,0,31
CHUMA,"anticoncepcion, prevencion de its y de cancer de cuello uterino",inyectable trimestral: usuarias continuas,2016-07-01,0,1,17,19,0,37
CHUQUIHUTA AYLLU JUCUMANI,"anticoncepcion, prevencion de its y de cancer de cuello uterino",inyectable trimestral: usuarias continuas,2016-07-01,0,2,25,6,0,33
CKOCHAS,"anticoncepcion, prevencion de its y de cancer de cuello uterino",inyectable trimestral: usuarias continuas,2016-07-01,0,0,5,12,1,18
CLIZA,"anticoncepcion, prevencion de its y de cancer de cuello uterino",inyectable trimestral: usuarias continuas,2016-07-01,0,4,32,16,0,52
COBIJA,"anticoncepcion, prevencion de its y de cancer de cuello uterino",inyectable trimestral: usuarias continuas,2016-07-01,2,15,58,13,0,88
COCAPATA,"anticoncepcion, prevencion de its y de cancer de cuello uterino",inyectable trimestral: usuarias continuas,2016-07-01,0,1,19,15,0,35
COCHABAMBA,"anticoncepcion, prevencion de its y de cancer de cuello uterino",inyectable trimestral: usuarias continuas,2016-07-01,0,22,221,64,2,309
COIPASA,"anticoncepcion, prevencion de its y de cancer de cuello uterino",inyectable trimestral: usuarias continuas,2016-07-01,0,0,3,0,0,3
COLCAPIRHUA,"anticoncepcion, prevencion de its y de cancer de cuello uterino",inyectable trimestral: usuarias continuas,2016-07-01,0,1,42,2,0,45
"COLCHA ""K""","anticoncepcion, prevencion de its y de cancer de cuello uterino",inyectable trimestral: usuarias continuas,2016-07-01,0,2,34,7,0,43
COLLANA,"anticoncepcion, prevencion de its y de cancer de cuello uterino",inyectable trimestral: usuarias continuas,2016-07-01,0,0,4,2,0,6
COLOMI,"anticoncepcion, prevencion de its y de cancer de cuello uterino",inyectable trimestral: usuarias continuas,2016-07-01,0,9,54,19,0,82
COLPA BELGICA,"anticoncepcion, prevencion de its y de cancer de cuello uterino",inyectable trimestral: usuarias continuas,2016-07-01,0,3,10,4,0,17
COLQUECHACA,"anticoncepcion, prevencion de its y de cancer de cuello uterino",inyectable trimestral: usuarias continuas,2016-07-01,0,2,53,27,0,82
COLQUENCHA,"anticoncepcion, prevencion de its y de cancer de cuello uterino",inyectable trimestral: usuarias continuas,2016-07-01,0,1,21,13,0,35
COLQUIRI,"anticoncepcion, prevencion de its y de cancer de cuello uterino",inyectable trimestral: usuarias continuas,2016-07-01,0,1,21,10,0,32
COMANCHE,"anticoncepcion, prevencion de its y de cancer de cuello uterino",inyectable trimestral: usuarias continuas,2016-07-01,0,0,1,0,0,1
COMARAPA,"anticoncepcion, prevencion de its y de cancer de cuello uterino",inyectable trimestral: usuarias continuas,2016-07-01,0,9,58,32,0,99
COMBAYA,"anticoncepcion, prevencion de its y de cancer de cuello uterino",inyectable trimestral: usuarias continuas,2016-07-01,0,0,2,2,0,4
CONCEPCION,"anticoncepcion, prevencion de its y de cancer de cuello uterino",inyectable trimestral: usuarias continuas,2016-07-01,0,4,26,5,0,35
COPACABANA,"anticoncepcion, prevencion de its y de cancer de cuello uterino",inyectable trimestral: usuarias continuas,2016-07-01,0,2,22,18,0,42
CORIPATA,"anticoncepcion, prevencion de its y de cancer de cuello uterino",inyectable trimestral: usuarias continuas,2016-07-01,0,1,45,17,0,63
CORO CORO,"anticoncepcion, prevencion de its y de cancer de cuello uterino",inyectable trimestral: usuarias continuas,2016-07-01,0,0,8,4,0,12
COROICO,"anticoncepcion, prevencion de its y de cancer de cuello uterino",inyectable trimestral: usuarias continuas,2016-07-01,0,0,13,6,0,19
CORQUE,"anticoncepcion, prevencion de its y de cancer de cuello uterino",inyectable trimestral: usuarias continuas,2016-07-01,0,1,4,3,0,8
COTAGAITA,"anticoncepcion, prevencion de its y de cancer de cuello uterino",inyectable trimestral: usuarias continuas,2016-07-01,0,2,40,33,0,75
COTOCA,"anticoncepcion, prevencion de its y de cancer de cuello uterino",inyectable trimestral: usuarias continuas,2016-07-01,0,16,96,30,0,142
CUATRO CAÃ‘ADAS,"anticoncepcion, prevencion de its y de cancer de cuello uterino",inyectable trimestral: usuarias continuas,2016-07-01,0,7,46,17,1,71
CUCHUMUELA (V. G. VILLARROEL),"anticoncepcion, prevencion de its y de cancer de cuello uterino",inyectable trimestral: usuarias continuas,2016-07-01,0,2,6,4,0,12
CUEVO,"anticoncepcion, prevencion de its y de cancer de cuello uterino",inyectable trimestral: usuarias continuas,2016-07-01,0,3,21,6,0,30
CULPINA,"anticoncepcion, prevencion de its y de cancer de cuello uterino",inyectable trimestral: usuarias continuas,2016-07-01,0,3,23,30,0,56
CURAHUARA DE CARANGAS,"anticoncepcion, prevencion de its y de cancer de cuello uterino",inyectable trimestral: usuarias continuas,2016-07-01,0,4,1,3,1,9
DESAGUADERO,"anticoncepcion, prevencion de its y de cancer de cuello uterino",inyectable trimestral: usuarias continuas,2016-07-01,0,0,13,6,0,19
EL ALTO,"anticoncepcion, prevencion de its y de cancer de cuello uterino",inyectable trimestral: usuarias continuas,2016-07-01,0,60,576,217,3,856
EL CHORO,"anticoncepcion, prevencion de its y de cancer de cuello uterino",inyectable trimestral: usuarias continuas,2016-07-01,0,0,9,2,0,11
EL PUENTE(STC),"anticoncepcion, prevencion de its y de cancer de cuello uterino",inyectable trimestral: usuarias continuas,2016-07-01,0,4,26,25,0,55
EL PUENTE(TJA),"anticoncepcion, prevencion de its y de cancer de cuello uterino",inyectable trimestral: usuarias continuas,2016-07-01,0,5,46,35,1,87
EL TORNO,"anticoncepcion, prevencion de its y de cancer de cuello uterino",inyectable trimestral: usuarias continuas,2016-07-01,3,20,63,36,2,124
EL VILLAR,"anticoncepcion, prevencion de its y de cancer de cuello uterino",inyectable trimestral: usuarias continuas,2016-07-01,0,2,16,10,1,29
ENTRE RIOS TRJ,"anticoncepcion, prevencion de its y de cancer de cuello uterino",inyectable trimestral: usuarias continuas,2016-07-01,0,12,105,53,3,173
ENTRE RIOS CBBA,"anticoncepcion, prevencion de its y de cancer de cuello uterino",inyectable trimestral: usuarias continuas,2016-07-01,0,14,53,14,0,81
ESCARA,"anticoncepcion, prevencion de its y de cancer de cuello uterino",inyectable trimestral: usuarias continuas,2016-07-01,0,1,3,0,0,4
ESCOMA,"anticoncepcion, prevencion de its y de cancer de cuello uterino",inyectable trimestral: usuarias continuas,2016-07-01,0,0,3,2,0,5
ESMERALDA,"anticoncepcion, prevencion de its y de cancer de cuello uterino",inyectable trimestral: usuarias continuas,2016-07-01,0,0,1,0,0,1
EUCALIPTUS,"anticoncepcion, prevencion de its y de cancer de cuello uterino",inyectable trimestral: usuarias continuas,2016-07-01,0,1,6,4,0,11
EUREKA (SANTOS MERCADO),"anticoncepcion, prevencion de its y de cancer de cuello uterino",inyectable trimestral: usuarias continuas,2016-07-01,0,1,6,1,0,8
EXALTACION,"anticoncepcion, prevencion de its y de cancer de cuello uterino",inyectable trimestral: usuarias continuas,2016-07-01,0,0,3,0,0,3
FERNANDEZ ALONSO,"anticoncepcion, prevencion de its y de cancer de cuello uterino",inyectable trimestral: usuarias continuas,2016-07-01,0,5,33,15,0,53
FILADELFIA,"anticoncepcion, prevencion de its y de cancer de cuello uterino",inyectable trimestral: usuarias continuas,2016-07-01,0,5,21,7,0,33
GENERAL SAAVEDRA,"anticoncepcion, prevencion de its y de cancer de cuello uterino",inyectable trimestral: usuarias continuas,2016-07-01,0,11,52,13,1,77
GRAL. J.J. PEREZ (CHARAZANI),"anticoncepcion, prevencion de its y de cancer de cuello uterino",inyectable trimestral: usuarias continuas,2016-07-01,0,1,7,7,0,15
GUANAY,"anticoncepcion, prevencion de its y de cancer de cuello uterino",inyectable trimestral: usuarias continuas,2016-07-01,0,0,10,3,0,13
GUAQUI,"anticoncepcion, prevencion de its y de cancer de cuello uterino",inyectable trimestral: usuarias continuas,2016-07-01,0,1,10,9,0,20
GUAYARAMERIN,"anticoncepcion, prevencion de its y de cancer de cuello uterino",inyectable trimestral: usuarias continuas,2016-07-01,0,10,40,9,0,59
GUTIERREZ,"anticoncepcion, prevencion de its y de cancer de cuello uterino",inyectable trimestral: usuarias continuas,2016-07-01,0,1,15,7,0,23
HUACARETA,"anticoncepcion, prevencion de its y de cancer de cuello uterino",inyectable trimestral: usuarias continuas,2016-07-01,0,2,16,3,0,21
HUACAYA (VILLA DE HUACAYA),"anticoncepcion, prevencion de its y de cancer de cuello uterino",inyectable trimestral: usuarias continuas,2016-07-01,0,1,11,4,0,16
HUACHACALLA,"anticoncepcion, prevencion de its y de cancer de cuello uterino",inyectable trimestral: usuarias continuas,2016-07-01,0,0,1,1,0,2
HUANUNI,"anticoncepcion, prevencion de its y de cancer de cuello uterino",inyectable trimestral: usuarias continuas,2016-07-01,0,1,9,2,0,12
HUARACAJE,"anticoncepcion, prevencion de its y de cancer de cuello uterino",inyectable trimestral: usuarias continuas,2016-07-01,0,0,6,3,0,9
HUARINA,"anticoncepcion, prevencion de its y de cancer de cuello uterino",inyectable trimestral: usuarias continuas,2016-07-01,0,0,8,3,0,11
HUATAJATA,"anticoncepcion, prevencion de its y de cancer de cuello uterino",inyectable trimestral: usuarias continuas,2016-07-01,0,0,4,2,0,6
HUAYLLAMARCA,"anticoncepcion, prevencion de its y de cancer de cuello uterino",inyectable trimestral: usuarias continuas,2016-07-01,0,0,8,2,0,10
HUMANATA,"anticoncepcion, prevencion de its y de cancer de cuello uterino",inyectable trimestral: usuarias continuas,2016-07-01,0,0,6,5,1,12
ICHOCA,"anticoncepcion, prevencion de its y de cancer de cuello uterino",inyectable trimestral: usuarias continuas,2016-07-01,0,0,1,2,0,3
ICLA,"anticoncepcion, prevencion de its y de cancer de cuello uterino",inyectable trimestral: usuarias continuas,2016-07-01,0,1,7,11,0,19
INCAHUASI,"anticoncepcion, prevencion de its y de cancer de cuello uterino",inyectable trimestral: usuarias continuas,2016-07-01,0,3,21,21,0,45
INGAVI (HUMAITA),"anticoncepcion, prevencion de its y de cancer de cuello uterino",inyectable trimestral: usuarias continuas,2016-07-01,0,0,6,0,0,6
INQUISIVI,"anticoncepcion, prevencion de its y de cancer de cuello uterino",inyectable trimestral: usuarias continuas,2016-07-01,0,1,10,16,0,27
IRUPANA (VILLA DE LANZA),"anticoncepcion, prevencion de its y de cancer de cuello uterino",inyectable trimestral: usuarias continuas,2016-07-01,0,6,31,15,1,53
IXIAMAS,"anticoncepcion, prevencion de its y de cancer de cuello uterino",inyectable trimestral: usuarias continuas,2016-07-01,0,4,26,3,0,33
JESUS DE MACHACA,"anticoncepcion, prevencion de its y de cancer de cuello uterino",inyectable trimestral: usuarias continuas,2016-07-01,0,1,11,13,0,25
LA ASUNTA,"anticoncepcion, prevencion de its y de cancer de cuello uterino",inyectable trimestral: usuarias continuas,2016-07-01,0,8,100,36,0,144
LA GUARDIA,"anticoncepcion, prevencion de its y de cancer de cuello uterino",inyectable trimestral: usuarias continuas,2016-07-01,0,16,66,22,0,104
LA PAZ,"anticoncepcion, prevencion de its y de cancer de cuello uterino",inyectable trimestral: usuarias continuas,2016-07-01,0,25,263,96,2,386
LA RIVERA,"anticoncepcion, prevencion de its y de cancer de cuello uterino",inyectable trimestral: usuarias continuas,2016-07-01,0,0,0,1,0,1
LAGUNILLAS,"anticoncepcion, prevencion de its y de cancer de cuello uterino",inyectable trimestral: usuarias continuas,2016-07-01,0,2,21,10,0,33
LAJA,"anticoncepcion, prevencion de its y de cancer de cuello uterino",inyectable trimestral: usuarias continuas,2016-07-01,0,4,53,18,0,75
LAS CARRERAS,"anticoncepcion, prevencion de its y de cancer de cuello uterino",inyectable trimestral: usuarias continuas,2016-07-01,0,2,3,2,0,7
LICOMA PAMPA,"anticoncepcion, prevencion de its y de cancer de cuello uterino",inyectable trimestral: usuarias continuas,2016-07-01,0,1,5,5,1,12
LLALLAGUA,"anticoncepcion, prevencion de its y de cancer de cuello uterino",inyectable trimestral: usuarias continuas,2016-07-01,0,2,47,25,1,75
LLICA,"anticoncepcion, prevencion de its y de cancer de cuello uterino",inyectable trimestral: usuarias continuas,2016-07-01,0,3,16,6,0,25
LORETO,"anticoncepcion, prevencion de its y de cancer de cuello uterino",inyectable trimestral: usuarias continuas,2016-07-01,0,3,5,1,0,9
LURIBAY,"anticoncepcion, prevencion de its y de cancer de cuello uterino",inyectable trimestral: usuarias continuas,2016-07-01,0,1,20,23,0,44
MACHACAMARCA,"anticoncepcion, prevencion de its y de cancer de cuello uterino",inyectable trimestral: usuarias continuas,2016-07-01,0,0,1,2,0,3
MACHARETI,"anticoncepcion, prevencion de its y de cancer de cuello uterino",inyectable trimestral: usuarias continuas,2016-07-01,0,2,25,14,0,41
MAGDALENA,"anticoncepcion, prevencion de its y de cancer de cuello uterino",inyectable trimestral: usuarias continuas,2016-07-01,0,5,21,4,1,31
MAIRANA,"anticoncepcion, prevencion de its y de cancer de cuello uterino",inyectable trimestral: usuarias continuas,2016-07-01,1,6,22,10,0,39
MALLA,"anticoncepcion, prevencion de its y de cancer de cuello uterino",inyectable trimestral: usuarias continuas,2016-07-01,0,0,3,2,0,5
MAPIRI,"anticoncepcion, prevencion de its y de cancer de cuello uterino",inyectable trimestral: usuarias continuas,2016-07-01,0,1,14,8,0,23
MECAPACA,"anticoncepcion, prevencion de its y de cancer de cuello uterino",inyectable trimestral: usuarias continuas,2016-07-01,0,1,15,17,0,33
MINEROS,"anticoncepcion, prevencion de its y de cancer de cuello uterino",inyectable trimestral: usuarias continuas,2016-07-01,0,9,48,21,0,78
MIZQUE,"anticoncepcion, prevencion de its y de cancer de cuello uterino",inyectable trimestral: usuarias continuas,2016-07-01,0,11,76,41,0,128
MOCOMOCO,"anticoncepcion, prevencion de its y de cancer de cuello uterino",inyectable trimestral: usuarias continuas,2016-07-01,0,0,18,13,0,31
MOJINETE,"anticoncepcion, prevencion de its y de cancer de cuello uterino",inyectable trimestral: usuarias continuas,2016-07-01,0,0,2,0,0,2
MOJOCOYA,"anticoncepcion, prevencion de its y de cancer de cuello uterino",inyectable trimestral: usuarias continuas,2016-07-01,0,2,13,24,0,39
MONTEAGUDO,"anticoncepcion, prevencion de its y de cancer de cuello uterino",inyectable trimestral: usuarias continuas,2016-07-01,0,4,24,31,1,60
MONTERO,"anticoncepcion, prevencion de its y de cancer de cuello uterino",inyectable trimestral: usuarias continuas,2016-07-01,0,24,142,35,0,201
MORO MORO,"anticoncepcion, prevencion de its y de cancer de cuello uterino",inyectable trimestral: usuarias continuas,2016-07-01,0,3,12,5,1,21
MOROCHATA,"anticoncepcion, prevencion de its y de cancer de cuello uterino",inyectable trimestral: usuarias continuas,2016-07-01,0,3,35,30,0,68
NACEBE (SANTA ROSA DEL ABUNA),"anticoncepcion, prevencion de its y de cancer de cuello uterino",inyectable trimestral: usuarias continuas,2016-07-01,0,3,4,5,0,12
NAZACARA DE PACAJES,"anticoncepcion, prevencion de its y de cancer de cuello uterino",inyectable trimestral: usuarias continuas,2016-07-01,0,0,0,1,0,1
NUEVO MANOA (NUEVA ESPERANZA),"anticoncepcion, prevencion de its y de cancer de cuello uterino",inyectable trimestral: usuarias continuas,2016-07-01,0,1,4,0,0,5
OCURI,"anticoncepcion, prevencion de its y de cancer de cuello uterino",inyectable trimestral: usuarias continuas,2016-07-01,0,3,29,14,0,46
OKINAWA,"anticoncepcion, prevencion de its y de cancer de cuello uterino",inyectable trimestral: usuarias continuas,2016-07-01,0,3,13,6,1,23
OMEREQUE,"anticoncepcion, prevencion de its y de cancer de cuello uterino",inyectable trimestral: usuarias continuas,2016-07-01,0,2,21,18,0,41
ORURO,"anticoncepcion, prevencion de its y de cancer de cuello uterino",inyectable trimestral: usuarias continuas,2016-07-01,0,31,417,135,2,585
PADCAYA,"anticoncepcion, prevencion de its y de cancer de cuello uterino",inyectable trimestral: usuarias continuas,2016-07-01,0,15,103,53,1,172
PADILLA,"anticoncepcion, prevencion de its y de cancer de cuello uterino",inyectable trimestral: usuarias continuas,2016-07-01,0,6,40,23,0,69
PAILON,"anticoncepcion, prevencion de its y de cancer de cuello uterino",inyectable trimestral: usuarias continuas,2016-07-01,0,2,12,2,0,16
PALCA,"anticoncepcion, prevencion de its y de cancer de cuello uterino",inyectable trimestral: usuarias continuas,2016-07-01,0,5,24,6,0,35
PALOS BLANCOS,"anticoncepcion, prevencion de its y de cancer de cuello uterino",inyectable trimestral: usuarias continuas,2016-07-01,0,7,39,26,0,72
PAMPA AULLAGAS,"anticoncepcion, prevencion de its y de cancer de cuello uterino",inyectable trimestral: usuarias continuas,2016-07-01,0,1,2,1,0,4
PAMPA GRANDE,"anticoncepcion, prevencion de its y de cancer de cuello uterino",inyectable trimestral: usuarias continuas,2016-07-01,0,3,28,13,0,44
PAPEL PAMPA,"anticoncepcion, prevencion de its y de cancer de cuello uterino",inyectable trimestral: usuarias continuas,2016-07-01,0,1,11,8,0,20
PASORAPA,"anticoncepcion, prevencion de its y de cancer de cuello uterino",inyectable trimestral: usuarias continuas,2016-07-01,0,1,10,11,2,24
PATACAMAYA,"anticoncepcion, prevencion de its y de cancer de cuello uterino",inyectable trimestral: usuarias continuas,2016-07-01,0,1,14,7,0,22
PAZÃ‘A,"anticoncepcion, prevencion de its y de cancer de cuello uterino",inyectable trimestral: usuarias continuas,2016-07-01,0,0,4,5,0,9
PELECHUCO,"anticoncepcion, prevencion de its y de cancer de cuello uterino",inyectable trimestral: usuarias continuas,2016-07-01,0,0,10,3,0,13
POCOATA,"anticoncepcion, prevencion de its y de cancer de cuello uterino",inyectable trimestral: usuarias continuas,2016-07-01,0,4,25,25,0,54
POCONA,"anticoncepcion, prevencion de its y de cancer de cuello uterino",inyectable trimestral: usuarias continuas,2016-07-01,0,6,31,41,0,78
POJO (CBBA),"anticoncepcion, prevencion de its y de cancer de cuello uterino",inyectable trimestral: usuarias continuas,2016-07-01,0,11,52,27,2,92
POOPO,"anticoncepcion, prevencion de its y de cancer de cuello uterino",inyectable trimestral: usuarias continuas,2016-07-01,0,0,6,6,1,13
PORCO,"anticoncepcion, prevencion de its y de cancer de cuello uterino",inyectable trimestral: usuarias continuas,2016-07-01,0,1,14,5,0,20
POROMA,"anticoncepcion, prevencion de its y de cancer de cuello uterino",inyectable trimestral: usuarias continuas,2016-07-01,0,2,12,19,0,33
PORONGO,"anticoncepcion, prevencion de its y de cancer de cuello uterino",inyectable trimestral: usuarias continuas,2016-07-01,0,1,16,8,0,25
PORTACHUELO,"anticoncepcion, prevencion de its y de cancer de cuello uterino",inyectable trimestral: usuarias continuas,2016-07-01,0,9,31,9,0,49
PORVENIR,"anticoncepcion, prevencion de its y de cancer de cuello uterino",inyectable trimestral: usuarias continuas,2016-07-01,1,1,17,2,0,21
POSTRER VALLE,"anticoncepcion, prevencion de its y de cancer de cuello uterino",inyectable trimestral: usuarias continuas,2016-07-01,0,3,5,2,0,10
POTOSI,"anticoncepcion, prevencion de its y de cancer de cuello uterino",inyectable trimestral: usuarias continuas,2016-07-01,0,31,342,106,0,479
PRESTO,"anticoncepcion, prevencion de its y de cancer de cuello uterino",inyectable trimestral: usuarias continuas,2016-07-01,1,0,27,15,0,43
PUCARA,"anticoncepcion, prevencion de its y de cancer de cuello uterino",inyectable trimestral: usuarias continuas,2016-07-01,0,1,9,3,0,13
PUCARANI,"anticoncepcion, prevencion de its y de cancer de cuello uterino",inyectable trimestral: usuarias continuas,2016-07-01,0,10,66,36,2,114
PUERTO ACOSTA,"anticoncepcion, prevencion de its y de cancer de cuello uterino",inyectable trimestral: usuarias continuas,2016-07-01,0,1,6,3,0,10
PUERTO CARABUCO,"anticoncepcion, prevencion de its y de cancer de cuello uterino",inyectable trimestral: usuarias continuas,2016-07-01,0,1,24,14,0,39
PUERTO GONZALO MORENO,"anticoncepcion, prevencion de its y de cancer de cuello uterino",inyectable trimestral: usuarias continuas,2016-07-01,0,11,23,8,0,42
PUERTO PEREZ,"anticoncepcion, prevencion de its y de cancer de cuello uterino",inyectable trimestral: usuarias continuas,2016-07-01,0,0,10,4,0,14
PUERTO QUIJARRO,"anticoncepcion, prevencion de its y de cancer de cuello uterino",inyectable trimestral: usuarias continuas,2016-07-01,0,4,23,2,0,29
PUERTO RICO,"anticoncepcion, prevencion de its y de cancer de cuello uterino",inyectable trimestral: usuarias continuas,2016-07-01,0,1,12,4,0,17
PUERTO SILES,"anticoncepcion, prevencion de its y de cancer de cuello uterino",inyectable trimestral: usuarias continuas,2016-07-01,0,0,1,0,0,1
PUERTO SUAREZ,"anticoncepcion, prevencion de its y de cancer de cuello uterino",inyectable trimestral: usuarias continuas,2016-07-01,0,5,9,1,0,15
PUERTO VILLARROEL,"anticoncepcion, prevencion de its y de cancer de cuello uterino",inyectable trimestral: usuarias continuas,2016-07-01,0,11,80,32,0,123
PUNA,"anticoncepcion, prevencion de its y de cancer de cuello uterino",inyectable trimestral: usuarias continuas,2016-07-01,0,4,18,11,0,33
PUNATA,"anticoncepcion, prevencion de its y de cancer de cuello uterino",inyectable trimestral: usuarias continuas,2016-07-01,0,7,36,22,0,65
QUIABAYA,"anticoncepcion, prevencion de its y de cancer de cuello uterino",inyectable trimestral: usuarias continuas,2016-07-01,0,0,7,3,0,10
QUILLACOLLO,"anticoncepcion, prevencion de its y de cancer de cuello uterino",inyectable trimestral: usuarias continuas,2016-07-01,0,8,180,30,1,219
QUIME,"anticoncepcion, prevencion de its y de cancer de cuello uterino",inyectable trimestral: usuarias continuas,2016-07-01,0,2,29,13,2,46
QUIRUSILLAS,"anticoncepcion, prevencion de its y de cancer de cuello uterino",inyectable trimestral: usuarias continuas,2016-07-01,0,0,4,1,0,5
RAVELO,"anticoncepcion, prevencion de its y de cancer de cuello uterino",inyectable trimestral: usuarias continuas,2016-07-01,0,2,47,33,0,82
REYES,"anticoncepcion, prevencion de its y de cancer de cuello uterino",inyectable trimestral: usuarias continuas,2016-07-01,0,4,22,8,0,34
RIBERALTA,"anticoncepcion, prevencion de its y de cancer de cuello uterino",inyectable trimestral: usuarias continuas,2016-07-01,0,26,114,28,0,168
ROBORE,"anticoncepcion, prevencion de its y de cancer de cuello uterino",inyectable trimestral: usuarias continuas,2016-07-01,0,6,30,6,0,42
RURRENABAQUE,"anticoncepcion, prevencion de its y de cancer de cuello uterino",inyectable trimestral: usuarias continuas,2016-07-01,0,0,12,7,0,19
SABAYA,"anticoncepcion, prevencion de its y de cancer de cuello uterino",inyectable trimestral: usuarias continuas,2016-07-01,0,1,1,3,0,5
SACABA,"anticoncepcion, prevencion de its y de cancer de cuello uterino",inyectable trimestral: usuarias continuas,2016-07-01,0,11,116,40,2,169
SACABAMBA,"anticoncepcion, prevencion de its y de cancer de cuello uterino",inyectable trimestral: usuarias continuas,2016-07-01,0,0,6,8,1,15
SACACA,"anticoncepcion, prevencion de its y de cancer de cuello uterino",inyectable trimestral: usuarias continuas,2016-07-01,0,4,44,23,0,71
SAIPINA,"anticoncepcion, prevencion de its y de cancer de cuello uterino",inyectable trimestral: usuarias continuas,2016-07-01,0,4,21,4,0,29
SALINAS DE GARCI MENDOZA,"anticoncepcion, prevencion de its y de cancer de cuello uterino",inyectable trimestral: usuarias continuas,2016-07-01,0,0,16,12,0,28
SAMAIPATA,"anticoncepcion, prevencion de its y de cancer de cuello uterino",inyectable trimestral: usuarias continuas,2016-07-01,0,6,24,10,0,40
SAN AGUSTIN,"anticoncepcion, prevencion de its y de cancer de cuello uterino",inyectable trimestral: usuarias continuas,2016-07-01,0,2,3,2,0,7
SAN ANDRES,"anticoncepcion, prevencion de its y de cancer de cuello uterino",inyectable trimestral: usuarias continuas,2016-07-01,0,2,21,4,0,27
SAN ANDRES DE MACHACA,"anticoncepcion, prevencion de its y de cancer de cuello uterino",inyectable trimestral: usuarias continuas,2016-07-01,0,0,4,4,0,8
SAN ANTONIO DE LOMERIO,"anticoncepcion, prevencion de its y de cancer de cuello uterino",inyectable trimestral: usuarias continuas,2016-07-01,2,1,27,21,2,53
SAN BENITO,"anticoncepcion, prevencion de its y de cancer de cuello uterino",inyectable trimestral: usuarias continuas,2016-07-01,1,3,14,14,0,32
SAN BORJA,"anticoncepcion, prevencion de its y de cancer de cuello uterino",inyectable trimestral: usuarias continuas,2016-07-01,0,16,81,33,1,131
SAN BUENA VENTURA,"anticoncepcion, prevencion de its y de cancer de cuello uterino",inyectable trimestral: usuarias continuas,2016-07-01,0,4,19,8,0,31
SAN CARLOS,"anticoncepcion, prevencion de its y de cancer de cuello uterino",inyectable trimestral: usuarias continuas,2016-07-01,0,5,28,15,0,48
SAN IGNACIO,"anticoncepcion, prevencion de its y de cancer de cuello uterino",inyectable trimestral: usuarias continuas,2016-07-01,0,7,65,33,0,105
SAN IGNACIO DE VELASCO,"anticoncepcion, prevencion de its y de cancer de cuello uterino",inyectable trimestral: usuarias continuas,2016-07-01,1,14,128,42,0,185
SAN JAVIER(BNI),"anticoncepcion, prevencion de its y de cancer de cuello uterino",inyectable trimestral: usuarias continuas,2016-07-01,0,1,4,0,0,5
SAN JAVIER(STC),"anticoncepcion, prevencion de its y de cancer de cuello uterino",inyectable trimestral: usuarias continuas,2016-07-01,0,10,38,3,0,51
SAN JOAQUIN,"anticoncepcion, prevencion de its y de cancer de cuello uterino",inyectable trimestral: usuarias continuas,2016-07-01,0,1,1,0,0,2
SAN JOSE DE CHIQUITOS,"anticoncepcion, prevencion de its y de cancer de cuello uterino",inyectable trimestral: usuarias continuas,2016-07-01,0,1,21,10,1,33
SAN JUAN DE YAPACANI,"anticoncepcion, prevencion de its y de cancer de cuello uterino",inyectable trimestral: usuarias continuas,2016-07-01,0,6,17,14,1,38
SAN JULIAN,"anticoncepcion, prevencion de its y de cancer de cuello uterino",inyectable trimestral: usuarias continuas,2016-07-01,0,8,70,30,1,109
SAN LORENZO(PND),"anticoncepcion, prevencion de its y de cancer de cuello uterino",inyectable trimestral: usuarias continuas,2016-07-01,0,2,9,7,0,18
SAN LORENZO(TJA),"anticoncepcion, prevencion de its y de cancer de cuello uterino",inyectable trimestral: usuarias continuas,2016-07-01,0,12,82,45,0,139
SAN LUCAS,"anticoncepcion, prevencion de its y de cancer de cuello uterino",inyectable trimestral: usuarias continuas,2016-07-01,0,5,58,29,1,93
SAN MATIAS,"anticoncepcion, prevencion de its y de cancer de cuello uterino",inyectable trimestral: usuarias continuas,2016-07-01,0,4,20,9,0,33
SAN MIGUEL DE VELASCO,"anticoncepcion, prevencion de its y de cancer de cuello uterino",inyectable trimestral: usuarias continuas,2016-07-01,0,9,72,30,1,112
SAN PABLO DE LIPEZ,"anticoncepcion, prevencion de its y de cancer de cuello uterino",inyectable trimestral: usuarias continuas,2016-07-01,0,1,5,5,0,11
SAN PEDRO,"anticoncepcion, prevencion de its y de cancer de cuello uterino",inyectable trimestral: usuarias continuas,2016-07-01,0,5,26,14,1,46
SAN PEDRO DE BUENA VISTA,"anticoncepcion, prevencion de its y de cancer de cuello uterino",inyectable trimestral: usuarias continuas,2016-07-01,0,6,20,23,0,49
SAN PEDRO DE CURAHUARA,"anticoncepcion, prevencion de its y de cancer de cuello uterino",inyectable trimestral: usuarias continuas,2016-07-01,0,1,7,3,0,11
SAN PEDRO DE QUEMES,"anticoncepcion, prevencion de its y de cancer de cuello uterino",inyectable trimestral: usuarias continuas,2016-07-01,0,1,0,1,0,2
SAN PEDRO DE TIQUINA,"anticoncepcion, prevencion de its y de cancer de cuello uterino",inyectable trimestral: usuarias continuas,2016-07-01,0,0,4,4,0,8
SAN PEDRO(PND),"anticoncepcion, prevencion de its y de cancer de cuello uterino",inyectable trimestral: usuarias continuas,2016-07-01,0,2,8,1,0,11
SAN RAFAEL,"anticoncepcion, prevencion de its y de cancer de cuello uterino",inyectable trimestral: usuarias continuas,2016-07-01,2,3,33,11,0,49
SAN RAMON BENI,"anticoncepcion, prevencion de its y de cancer de cuello uterino",inyectable trimestral: usuarias continuas,2016-07-01,0,0,2,3,0,5
SAN RAMON SCZ,"anticoncepcion, prevencion de its y de cancer de cuello uterino",inyectable trimestral: usuarias continuas,2016-07-01,0,4,27,6,0,37
SANTA ANA,"anticoncepcion, prevencion de its y de cancer de cuello uterino",inyectable trimestral: usuarias continuas,2016-07-01,0,0,12,2,0,14
SANTA CRUZ DE LA SIERRA,"anticoncepcion, prevencion de its y de cancer de cuello uterino",inyectable trimestral: usuarias continuas,2016-07-01,0,47,240,71,2,360
SANTA ROSA,"anticoncepcion, prevencion de its y de cancer de cuello uterino",inyectable trimestral: usuarias continuas,2016-07-01,0,0,2,1,0,3
SANTA ROSA DEL SARA,"anticoncepcion, prevencion de its y de cancer de cuello uterino",inyectable trimestral: usuarias continuas,2016-07-01,0,4,39,24,1,68
SANTIAGO DE CALLAPA,"anticoncepcion, prevencion de its y de cancer de cuello uterino",inyectable trimestral: usuarias continuas,2016-07-01,0,0,0,1,0,1
SANTIAGO DE HUARI,"anticoncepcion, prevencion de its y de cancer de cuello uterino",inyectable trimestral: usuarias continuas,2016-07-01,0,2,9,6,0,17
SANTIAGO DE HUATA,"anticoncepcion, prevencion de its y de cancer de cuello uterino",inyectable trimestral: usuarias continuas,2016-07-01,0,1,8,3,0,12
SANTIAGO DE MACHACA,"anticoncepcion, prevencion de its y de cancer de cuello uterino",inyectable trimestral: usuarias continuas,2016-07-01,0,0,4,2,0,6
SANTIVAÃ‘ES,"anticoncepcion, prevencion de its y de cancer de cuello uterino",inyectable trimestral: usuarias continuas,2016-07-01,0,3,18,6,0,27
SANTUARIO DE QUILLACAS,"anticoncepcion, prevencion de its y de cancer de cuello uterino",inyectable trimestral: usuarias continuas,2016-07-01,0,2,3,2,0,7
SAPAHAQUI,"anticoncepcion, prevencion de its y de cancer de cuello uterino",inyectable trimestral: usuarias continuas,2016-07-01,0,2,17,15,0,34
SENA,"anticoncepcion, prevencion de its y de cancer de cuello uterino",inyectable trimestral: usuarias continuas,2016-07-01,0,1,6,4,0,11
SHINAOTA,"anticoncepcion, prevencion de its y de cancer de cuello uterino",inyectable trimestral: usuarias continuas,2016-07-01,1,7,33,8,0,49
SICA SICA (VILLA AROMA),"anticoncepcion, prevencion de its y de cancer de cuello uterino",inyectable trimestral: usuarias continuas,2016-07-01,0,1,27,19,2,49
SICAYA,"anticoncepcion, prevencion de its y de cancer de cuello uterino",inyectable trimestral: usuarias continuas,2016-07-01,0,1,10,9,0,20
SIPE SIPE,"anticoncepcion, prevencion de its y de cancer de cuello uterino",inyectable trimestral: usuarias continuas,2016-07-01,0,21,149,64,1,235
SOPACHUY,"anticoncepcion, prevencion de its y de cancer de cuello uterino",inyectable trimestral: usuarias continuas,2016-07-01,0,2,15,18,1,36
SORACACHI,"anticoncepcion, prevencion de its y de cancer de cuello uterino",inyectable trimestral: usuarias continuas,2016-07-01,0,0,7,4,0,11
SORATA,"anticoncepcion, prevencion de its y de cancer de cuello uterino",inyectable trimestral: usuarias continuas,2016-07-01,0,2,20,17,1,40
SUCRE,"anticoncepcion, prevencion de its y de cancer de cuello uterino",inyectable trimestral: usuarias continuas,2016-07-01,0,57,331,106,1,495
TACACHI,"anticoncepcion, prevencion de its y de cancer de cuello uterino",inyectable trimestral: usuarias continuas,2016-07-01,0,0,4,0,0,4
TACACOMA,"anticoncepcion, prevencion de its y de cancer de cuello uterino",inyectable trimestral: usuarias continuas,2016-07-01,0,2,31,8,0,41
TACOBAMBA,"anticoncepcion, prevencion de its y de cancer de cuello uterino",inyectable trimestral: usuarias continuas,2016-07-01,0,0,19,14,0,33
TACOPAYA,"anticoncepcion, prevencion de its y de cancer de cuello uterino",inyectable trimestral: usuarias continuas,2016-07-01,0,1,7,4,0,12
TAHUA,"anticoncepcion, prevencion de its y de cancer de cuello uterino",inyectable trimestral: usuarias continuas,2016-07-01,0,0,4,2,0,6
TAPACARI,"anticoncepcion, prevencion de its y de cancer de cuello uterino",inyectable trimestral: usuarias continuas,2016-07-01,1,5,62,36,0,104
TARABUCO,"anticoncepcion, prevencion de its y de cancer de cuello uterino",inyectable trimestral: usuarias continuas,2016-07-01,0,5,16,25,0,46
TARACO,"anticoncepcion, prevencion de its y de cancer de cuello uterino",inyectable trimestral: usuarias continuas,2016-07-01,0,1,13,7,0,21
TARATA,"anticoncepcion, prevencion de its y de cancer de cuello uterino",inyectable trimestral: usuarias continuas,2016-07-01,0,2,28,12,0,42
TARIJA,"anticoncepcion, prevencion de its y de cancer de cuello uterino",inyectable trimestral: usuarias continuas,2016-07-01,1,20,155,59,0,235
TARVITA,"anticoncepcion, prevencion de its y de cancer de cuello uterino",inyectable trimestral: usuarias continuas,2016-07-01,1,7,23,24,1,56
TEOPONTE,"anticoncepcion, prevencion de its y de cancer de cuello uterino",inyectable trimestral: usuarias continuas,2016-07-01,0,4,23,6,0,33
TIAWANACU,"anticoncepcion, prevencion de its y de cancer de cuello uterino",inyectable trimestral: usuarias continuas,2016-07-01,0,1,17,14,1,33
TINGUIPAYA,"anticoncepcion, prevencion de its y de cancer de cuello uterino",inyectable trimestral: usuarias continuas,2016-07-01,0,0,10,9,0,19
TIPUANI,"anticoncepcion, prevencion de its y de cancer de cuello uterino",inyectable trimestral: usuarias continuas,2016-07-01,0,1,12,7,0,20
TIQUIPAYA,"anticoncepcion, prevencion de its y de cancer de cuello uterino",inyectable trimestral: usuarias continuas,2016-07-01,0,12,81,28,1,122
TIRAQUE (CBBA),"anticoncepcion, prevencion de its y de cancer de cuello uterino",inyectable trimestral: usuarias continuas,2016-07-01,0,5,41,29,0,75
TITO YUPANQUI (PARQUIPUJIO),"anticoncepcion, prevencion de its y de cancer de cuello uterino",inyectable trimestral: usuarias continuas,2016-07-01,0,0,4,1,0,5
TOCO,"anticoncepcion, prevencion de its y de cancer de cuello uterino",inyectable trimestral: usuarias continuas,2016-07-01,0,3,16,10,0,29
TODOS SANTOS,"anticoncepcion, prevencion de its y de cancer de cuello uterino",inyectable trimestral: usuarias continuas,2016-07-01,0,0,1,1,0,2
TOLATA,"anticoncepcion, prevencion de its y de cancer de cuello uterino",inyectable trimestral: usuarias continuas,2016-07-01,0,0,12,7,0,19
TOLEDO,"anticoncepcion, prevencion de its y de cancer de cuello uterino",inyectable trimestral: usuarias continuas,2016-07-01,0,0,5,6,0,11
TOMAVE,"anticoncepcion, prevencion de its y de cancer de cuello uterino",inyectable trimestral: usuarias continuas,2016-07-01,0,1,12,21,0,34
TOMINA,"anticoncepcion, prevencion de its y de cancer de cuello uterino",inyectable trimestral: usuarias continuas,2016-07-01,0,3,36,27,0,66
TORO TORO,"anticoncepcion, prevencion de its y de cancer de cuello uterino",inyectable trimestral: usuarias continuas,2016-07-01,0,0,8,4,0,12
TOTORA(CBBA),"anticoncepcion, prevencion de its y de cancer de cuello uterino",inyectable trimestral: usuarias continuas,2016-07-01,0,23,68,31,3,125
TOTORA(ORR),"anticoncepcion, prevencion de its y de cancer de cuello uterino",inyectable trimestral: usuarias continuas,2016-07-01,0,0,17,5,0,22
TRIGAL,"anticoncepcion, prevencion de its y de cancer de cuello uterino",inyectable trimestral: usuarias continuas,2016-07-01,0,3,7,3,0,13
TRINIDAD,"anticoncepcion, prevencion de its y de cancer de cuello uterino",inyectable trimestral: usuarias continuas,2016-07-01,0,2,4,1,0,7
TUPIZA,"anticoncepcion, prevencion de its y de cancer de cuello uterino",inyectable trimestral: usuarias continuas,2016-07-01,0,13,83,49,2,147
TURCO,"anticoncepcion, prevencion de its y de cancer de cuello uterino",inyectable trimestral: usuarias continuas,2016-07-01,0,4,0,2,0,6
UMALA,"anticoncepcion, prevencion de its y de cancer de cuello uterino",inyectable trimestral: usuarias continuas,2016-07-01,0,2,8,7,0,17
UNCIA,"anticoncepcion, prevencion de its y de cancer de cuello uterino",inyectable trimestral: usuarias continuas,2016-07-01,0,5,39,16,0,60
URIONDO (A. CONCEPCION),"anticoncepcion, prevencion de its y de cancer de cuello uterino",inyectable trimestral: usuarias continuas,2016-07-01,0,5,64,34,2,105
URUBICHA,"anticoncepcion, prevencion de its y de cancer de cuello uterino",inyectable trimestral: usuarias continuas,2016-07-01,0,0,11,3,0,14
UYUNI,"anticoncepcion, prevencion de its y de cancer de cuello uterino",inyectable trimestral: usuarias continuas,2016-07-01,0,2,29,8,0,39
VACAS,"anticoncepcion, prevencion de its y de cancer de cuello uterino",inyectable trimestral: usuarias continuas,2016-07-01,0,4,22,23,0,49
VALLEGRANDE,"anticoncepcion, prevencion de its y de cancer de cuello uterino",inyectable trimestral: usuarias continuas,2016-07-01,0,7,49,11,0,67
VIACHA,"anticoncepcion, prevencion de its y de cancer de cuello uterino",inyectable trimestral: usuarias continuas,2016-07-01,0,14,110,53,2,179
VILA VILA,"anticoncepcion, prevencion de its y de cancer de cuello uterino",inyectable trimestral: usuarias continuas,2016-07-01,0,2,10,0,0,12
VILLA CHARCAS,"anticoncepcion, prevencion de its y de cancer de cuello uterino",inyectable trimestral: usuarias continuas,2016-07-01,0,10,56,32,0,98
VILLA MONTES,"anticoncepcion, prevencion de its y de cancer de cuello uterino",inyectable trimestral: usuarias continuas,2016-07-01,0,14,88,21,1,124
VILLA NUEVA (LOMA ALTA),"anticoncepcion, prevencion de its y de cancer de cuello uterino",inyectable trimestral: usuarias continuas,2016-07-01,0,2,6,0,0,8
VILLA RIVERO,"anticoncepcion, prevencion de its y de cancer de cuello uterino",inyectable trimestral: usuarias continuas,2016-07-01,1,3,34,9,0,47
VILLA SERRANO,"anticoncepcion, prevencion de its y de cancer de cuello uterino",inyectable trimestral: usuarias continuas,2016-07-01,0,4,24,25,0,53
VILLA TUNARI,"anticoncepcion, prevencion de its y de cancer de cuello uterino",inyectable trimestral: usuarias continuas,2016-07-01,0,30,280,110,1,421
VILLA VACA GUZMAN (MUYUPAMPA),"anticoncepcion, prevencion de its y de cancer de cuello uterino",inyectable trimestral: usuarias continuas,2016-07-01,0,3,25,15,0,43
VILLAZON,"anticoncepcion, prevencion de its y de cancer de cuello uterino",inyectable trimestral: usuarias continuas,2016-07-01,0,5,87,49,0,141
VINTO,"anticoncepcion, prevencion de its y de cancer de cuello uterino",inyectable trimestral: usuarias continuas,2016-07-01,0,10,73,15,0,98
VITICHI,"anticoncepcion, prevencion de its y de cancer de cuello uterino",inyectable trimestral: usuarias continuas,2016-07-01,0,1,13,12,0,26
WALDO BALLIVIAN,"anticoncepcion, prevencion de its y de cancer de cuello uterino",inyectable trimestral: usuarias continuas,2016-07-01,0,0,2,2,0,4
WARNES,"anticoncepcion, prevencion de its y de cancer de cuello uterino",inyectable trimestral: usuarias continuas,2016-07-01,3,36,139,35,2,215
YACO,"anticoncepcion, prevencion de its y de cancer de cuello uterino",inyectable trimestral: usuarias continuas,2016-07-01,0,0,13,8,0,21
YACUIBA,"anticoncepcion, prevencion de its y de cancer de cuello uterino",inyectable trimestral: usuarias continuas,2016-07-01,2,25,154,73,1,255
YAMPARAEZ,"anticoncepcion, prevencion de its y de cancer de cuello uterino",inyectable trimestral: usuarias continuas,2016-07-01,0,3,9,8,0,20
YANACACHI,"anticoncepcion, prevencion de its y de cancer de cuello uterino",inyectable trimestral: usuarias continuas,2016-07-01,0,1,19,5,0,25
YAPACANI,"anticoncepcion, prevencion de its y de cancer de cuello uterino",inyectable trimestral: usuarias continuas,2016-07-01,0,4,57,13,0,74
YOCALLA,"anticoncepcion, prevencion de its y de cancer de cuello uterino",inyectable trimestral: usuarias continuas,2016-07-01,0,1,6,2,0,9
YOTALA,"anticoncepcion, prevencion de its y de cancer de cuello uterino",inyectable trimestral: usuarias continuas,2016-07-01,0,1,12,2,0,15
YUNCHARA,"anticoncepcion, prevencion de its y de cancer de cuello uterino",inyectable trimestral: usuarias continuas,2016-07-01,0,3,29,24,0,56
ZUDAÃ‘EZ,"anticoncepcion, prevencion de its y de cancer de cuello uterino",inyectable trimestral: usuarias continuas,2016-07-01,0,6,32,21,0,59
ACACIO,"anticoncepcion, prevencion de its y de cancer de cuello uterino",inyectable trimestral: usuarias continuas,2016-08-01,0,0,10,11,0,21
ACHACACHI,"anticoncepcion, prevencion de its y de cancer de cuello uterino",inyectable trimestral: usuarias continuas,2016-08-01,0,2,28,25,2,57
ACHOCALLA,"anticoncepcion, prevencion de its y de cancer de cuello uterino",inyectable trimestral: usuarias continuas,2016-08-01,0,2,33,18,0,53
AIQUILE,"anticoncepcion, prevencion de its y de cancer de cuello uterino",inyectable trimestral: usuarias continuas,2016-08-01,0,2,23,28,0,53
ALALAY,"anticoncepcion, prevencion de its y de cancer de cuello uterino",inyectable trimestral: usuarias continuas,2016-08-01,0,0,2,3,0,5
ALCALA,"anticoncepcion, prevencion de its y de cancer de cuello uterino",inyectable trimestral: usuarias continuas,2016-08-01,0,3,15,11,0,29
ALTO BENI,"anticoncepcion, prevencion de its y de cancer de cuello uterino",inyectable trimestral: usuarias continuas,2016-08-01,0,2,21,16,0,39
ANCORAIMES,"anticoncepcion, prevencion de its y de cancer de cuello uterino",inyectable trimestral: usuarias continuas,2016-08-01,0,2,9,8,0,19
ANDAMARCA,"anticoncepcion, prevencion de its y de cancer de cuello uterino",inyectable trimestral: usuarias continuas,2016-08-01,0,2,8,6,0,16
ANTEQUERA,"anticoncepcion, prevencion de its y de cancer de cuello uterino",inyectable trimestral: usuarias continuas,2016-08-01,0,0,5,2,0,7
ANZALDO,"anticoncepcion, prevencion de its y de cancer de cuello uterino",inyectable trimestral: usuarias continuas,2016-08-01,0,1,24,15,0,40
APOLO,"anticoncepcion, prevencion de its y de cancer de cuello uterino",inyectable trimestral: usuarias continuas,2016-08-01,0,3,24,22,1,50
ARANI,"anticoncepcion, prevencion de its y de cancer de cuello uterino",inyectable trimestral: usuarias continuas,2016-08-01,0,1,5,3,0,9
ARBIETO,"anticoncepcion, prevencion de its y de cancer de cuello uterino",inyectable trimestral: usuarias continuas,2016-08-01,0,7,43,25,0,75
ARQUE,"anticoncepcion, prevencion de its y de cancer de cuello uterino",inyectable trimestral: usuarias continuas,2016-08-01,0,3,36,24,0,63
ASCENCION DE GUARAYOS,"anticoncepcion, prevencion de its y de cancer de cuello uterino",inyectable trimestral: usuarias continuas,2016-08-01,0,4,17,9,0,30
ATOCHA,"anticoncepcion, prevencion de its y de cancer de cuello uterino",inyectable trimestral: usuarias continuas,2016-08-01,0,0,33,20,0,53
AUCAPATA,"anticoncepcion, prevencion de its y de cancer de cuello uterino",inyectable trimestral: usuarias continuas,2016-08-01,0,1,12,8,0,21
AYATA,"anticoncepcion, prevencion de its y de cancer de cuello uterino",inyectable trimestral: usuarias continuas,2016-08-01,0,2,23,19,1,45
AYO AYO,"anticoncepcion, prevencion de its y de cancer de cuello uterino",inyectable trimestral: usuarias continuas,2016-08-01,0,0,11,6,0,17
AYOPAYA (V. DE INDEPENDENCIA),"anticoncepcion, prevencion de its y de cancer de cuello uterino",inyectable trimestral: usuarias continuas,2016-08-01,0,20,74,59,1,154
AZURDUY,"anticoncepcion, prevencion de its y de cancer de cuello uterino",inyectable trimestral: usuarias continuas,2016-08-01,0,3,30,26,1,60
BATALLAS,"anticoncepcion, prevencion de its y de cancer de cuello uterino",inyectable trimestral: usuarias continuas,2016-08-01,0,3,23,13,0,39
BAURES,"anticoncepcion, prevencion de its y de cancer de cuello uterino",inyectable trimestral: usuarias continuas,2016-08-01,0,1,3,2,0,6
BELEN DE ANDAMARCA,"anticoncepcion, prevencion de its y de cancer de cuello uterino",inyectable trimestral: usuarias continuas,2016-08-01,0,0,2,3,0,5
BELEN DE URMIRI,"anticoncepcion, prevencion de its y de cancer de cuello uterino",inyectable trimestral: usuarias continuas,2016-08-01,0,0,0,2,0,2
BELLA FLOR,"anticoncepcion, prevencion de its y de cancer de cuello uterino",inyectable trimestral: usuarias continuas,2016-08-01,0,5,13,4,0,22
BERMEJO,"anticoncepcion, prevencion de its y de cancer de cuello uterino",inyectable trimestral: usuarias continuas,2016-08-01,2,12,74,33,0,121
BETANZOS,"anticoncepcion, prevencion de its y de cancer de cuello uterino",inyectable trimestral: usuarias continuas,2016-08-01,0,1,37,44,1,83
BOLIVAR,"anticoncepcion, prevencion de its y de cancer de cuello uterino",inyectable trimestral: usuarias continuas,2016-08-01,0,1,13,8,0,22
BOLPEBRA,"anticoncepcion, prevencion de its y de cancer de cuello uterino",inyectable trimestral: usuarias continuas,2016-08-01,1,2,3,3,0,9
BOYUIBE,"anticoncepcion, prevencion de its y de cancer de cuello uterino",inyectable trimestral: usuarias continuas,2016-08-01,0,1,7,2,0,10
BUENA VISTA,"anticoncepcion, prevencion de its y de cancer de cuello uterino",inyectable trimestral: usuarias continuas,2016-08-01,0,4,27,10,0,41
CABEZAS,"anticoncepcion, prevencion de its y de cancer de cuello uterino",inyectable trimestral: usuarias continuas,2016-08-01,1,13,64,17,0,95
CAIROMA,"anticoncepcion, prevencion de its y de cancer de cuello uterino",inyectable trimestral: usuarias continuas,2016-08-01,0,3,23,11,0,37
"CAIZA ""D""","anticoncepcion, prevencion de its y de cancer de cuello uterino",inyectable trimestral: usuarias continuas,2016-08-01,0,0,1,3,0,4
CAJUATA,"anticoncepcion, prevencion de its y de cancer de cuello uterino",inyectable trimestral: usuarias continuas,2016-08-01,0,1,22,8,0,31
CALACOTO,"anticoncepcion, prevencion de its y de cancer de cuello uterino",inyectable trimestral: usuarias continuas,2016-08-01,0,0,3,2,0,5
CALAMARCA,"anticoncepcion, prevencion de its y de cancer de cuello uterino",inyectable trimestral: usuarias continuas,2016-08-01,0,3,36,14,0,53
CAMARGO,"anticoncepcion, prevencion de its y de cancer de cuello uterino",inyectable trimestral: usuarias continuas,2016-08-01,0,3,18,12,0,33
CAMATAQUI (C. VILLA ABECIA),"anticoncepcion, prevencion de its y de cancer de cuello uterino",inyectable trimestral: usuarias continuas,2016-08-01,0,0,4,5,0,9
CAMIRI,"anticoncepcion, prevencion de its y de cancer de cuello uterino",inyectable trimestral: usuarias continuas,2016-08-01,0,7,34,15,0,56
CAPINOTA,"anticoncepcion, prevencion de its y de cancer de cuello uterino",inyectable trimestral: usuarias continuas,2016-08-01,1,7,41,26,1,76
CAQUIAVIRI,"anticoncepcion, prevencion de its y de cancer de cuello uterino",inyectable trimestral: usuarias continuas,2016-08-01,0,1,18,10,0,29
CARACOLLO,"anticoncepcion, prevencion de its y de cancer de cuello uterino",inyectable trimestral: usuarias continuas,2016-08-01,0,1,38,16,0,55
CARANAVI,"anticoncepcion, prevencion de its y de cancer de cuello uterino",inyectable trimestral: usuarias continuas,2016-08-01,0,8,72,33,0,113
CARAPARI,"anticoncepcion, prevencion de its y de cancer de cuello uterino",inyectable trimestral: usuarias continuas,2016-08-01,0,3,38,19,0,60
CARIPUYO,"anticoncepcion, prevencion de its y de cancer de cuello uterino",inyectable trimestral: usuarias continuas,2016-08-01,0,1,3,7,0,11
CARMEN RIVERO TORREZ,"anticoncepcion, prevencion de its y de cancer de cuello uterino",inyectable trimestral: usuarias continuas,2016-08-01,0,3,6,4,0,13
CATACORA,"anticoncepcion, prevencion de its y de cancer de cuello uterino",inyectable trimestral: usuarias continuas,2016-08-01,0,0,3,2,0,5
CHACARILLA,"anticoncepcion, prevencion de its y de cancer de cuello uterino",inyectable trimestral: usuarias continuas,2016-08-01,0,1,0,3,0,4
CHALLAPATA,"anticoncepcion, prevencion de its y de cancer de cuello uterino",inyectable trimestral: usuarias continuas,2016-08-01,0,4,32,17,0,53
CHAQUI,"anticoncepcion, prevencion de its y de cancer de cuello uterino",inyectable trimestral: usuarias continuas,2016-08-01,0,1,11,8,0,20
CHARAGUA,"anticoncepcion, prevencion de its y de cancer de cuello uterino",inyectable trimestral: usuarias continuas,2016-08-01,0,3,27,23,0,53
CHARAÃ‘A,"anticoncepcion, prevencion de its y de cancer de cuello uterino",inyectable trimestral: usuarias continuas,2016-08-01,0,0,3,2,0,5
CHAYANTA,"anticoncepcion, prevencion de its y de cancer de cuello uterino",inyectable trimestral: usuarias continuas,2016-08-01,0,1,15,13,0,29
CHIMORE,"anticoncepcion, prevencion de its y de cancer de cuello uterino",inyectable trimestral: usuarias continuas,2016-08-01,0,3,50,11,0,64
CHIPAYA,"anticoncepcion, prevencion de its y de cancer de cuello uterino",inyectable trimestral: usuarias continuas,2016-08-01,0,4,11,1,0,16
CHOQUE COTA,"anticoncepcion, prevencion de its y de cancer de cuello uterino",inyectable trimestral: usuarias continuas,2016-08-01,0,0,2,1,0,3
CHUA COCANI,"anticoncepcion, prevencion de its y de cancer de cuello uterino",inyectable trimestral: usuarias continuas,2016-08-01,0,0,7,2,0,9
CHULUMANI (V. DE LA LIBERTAD),"anticoncepcion, prevencion de its y de cancer de cuello uterino",inyectable trimestral: usuarias continuas,2016-08-01,0,3,17,11,0,31
CHUMA,"anticoncepcion, prevencion de its y de cancer de cuello uterino",inyectable trimestral: usuarias continuas,2016-08-01,0,1,25,20,1,47
CHUQUIHUTA AYLLU JUCUMANI,"anticoncepcion, prevencion de its y de cancer de cuello uterino",inyectable trimestral: usuarias continuas,2016-08-01,0,0,13,3,0,16
CKOCHAS,"anticoncepcion, prevencion de its y de cancer de cuello uterino",inyectable trimestral: usuarias continuas,2016-08-01,0,1,15,14,0,30
CLIZA,"anticoncepcion, prevencion de its y de cancer de cuello uterino",inyectable trimestral: usuarias continuas,2016-08-01,0,6,28,14,0,48
COBIJA,"anticoncepcion, prevencion de its y de cancer de cuello uterino",inyectable trimestral: usuarias continuas,2016-08-01,2,11,77,19,1,110
COCAPATA,"anticoncepcion, prevencion de its y de cancer de cuello uterino",inyectable trimestral: usuarias continuas,2016-08-01,0,9,59,27,0,95
COCHABAMBA,"anticoncepcion, prevencion de its y de cancer de cuello uterino",inyectable trimestral: usuarias continuas,2016-08-01,3,27,209,74,0,313
COIPASA,"anticoncepcion, prevencion de its y de cancer de cuello uterino",inyectable trimestral: usuarias continuas,2016-08-01,0,0,4,0,0,4
COLCAPIRHUA,"anticoncepcion, prevencion de its y de cancer de cuello uterino",inyectable trimestral: usuarias continuas,2016-08-01,0,6,42,7,0,55
"COLCHA ""K""","anticoncepcion, prevencion de its y de cancer de cuello uterino",inyectable trimestral: usuarias continuas,2016-08-01,0,4,38,17,1,60
COLLANA,"anticoncepcion, prevencion de its y de cancer de cuello uterino",inyectable trimestral: usuarias continuas,2016-08-01,0,1,5,3,0,9
COLOMI,"anticoncepcion, prevencion de its y de cancer de cuello uterino",inyectable trimestral: usuarias continuas,2016-08-01,0,7,53,19,0,79
COLPA BELGICA,"anticoncepcion, prevencion de its y de cancer de cuello uterino",inyectable trimestral: usuarias continuas,2016-08-01,0,0,3,0,0,3
COLQUECHACA,"anticoncepcion, prevencion de its y de cancer de cuello uterino",inyectable trimestral: usuarias continuas,2016-08-01,0,3,40,37,0,80
COLQUENCHA,"anticoncepcion, prevencion de its y de cancer de cuello uterino",inyectable trimestral: usuarias continuas,2016-08-01,0,3,11,11,0,25
COLQUIRI,"anticoncepcion, prevencion de its y de cancer de cuello uterino",inyectable trimestral: usuarias continuas,2016-08-01,0,4,20,7,1,32
COMANCHE,"anticoncepcion, prevencion de its y de cancer de cuello uterino",inyectable trimestral: usuarias continuas,2016-08-01,0,0,4,0,0,4
COMARAPA,"anticoncepcion, prevencion de its y de cancer de cuello uterino",inyectable trimestral: usuarias continuas,2016-08-01,0,7,59,30,0,96
COMBAYA,"anticoncepcion, prevencion de its y de cancer de cuello uterino",inyectable trimestral: usuarias continuas,2016-08-01,0,2,5,3,0,10
CONCEPCION,"anticoncepcion, prevencion de its y de cancer de cuello uterino",inyectable trimestral: usuarias continuas,2016-08-01,0,2,25,5,0,32
COPACABANA,"anticoncepcion, prevencion de its y de cancer de cuello uterino",inyectable trimestral: usuarias continuas,2016-08-01,0,1,18,18,1,38
CORIPATA,"anticoncepcion, prevencion de its y de cancer de cuello uterino",inyectable trimestral: usuarias continuas,2016-08-01,0,1,30,11,0,42
CORO CORO,"anticoncepcion, prevencion de its y de cancer de cuello uterino",inyectable trimestral: usuarias continuas,2016-08-01,0,1,7,2,1,11
COROICO,"anticoncepcion, prevencion de its y de cancer de cuello uterino",inyectable trimestral: usuarias continuas,2016-08-01,0,0,17,3,0,20
CORQUE,"anticoncepcion, prevencion de its y de cancer de cuello uterino",inyectable trimestral: usuarias continuas,2016-08-01,0,1,7,7,0,15
COTAGAITA,"anticoncepcion, prevencion de its y de cancer de cuello uterino",inyectable trimestral: usuarias continuas,2016-08-01,0,2,32,31,0,65
COTOCA,"anticoncepcion, prevencion de its y de cancer de cuello uterino",inyectable trimestral: usuarias continuas,2016-08-01,0,14,82,27,0,123
CUATRO CAÃ‘ADAS,"anticoncepcion, prevencion de its y de cancer de cuello uterino",inyectable trimestral: usuarias continuas,2016-08-01,0,5,24,17,0,46
CUCHUMUELA (V. G. VILLARROEL),"anticoncepcion, prevencion de its y de cancer de cuello uterino",inyectable trimestral: usuarias continuas,2016-08-01,0,0,11,2,0,13
CUEVO,"anticoncepcion, prevencion de its y de cancer de cuello uterino",inyectable trimestral: usuarias continuas,2016-08-01,0,6,18,12,0,36
CULPINA,"anticoncepcion, prevencion de its y de cancer de cuello uterino",inyectable trimestral: usuarias continuas,2016-08-01,0,4,35,29,0,68
CURAHUARA DE CARANGAS,"anticoncepcion, prevencion de its y de cancer de cuello uterino",inyectable trimestral: usuarias continuas,2016-08-01,0,0,15,8,0,23
CURVA,"anticoncepcion, prevencion de its y de cancer de cuello uterino",inyectable trimestral: usuarias continuas,2016-08-01,0,1,6,1,1,9
DESAGUADERO,"anticoncepcion, prevencion de its y de cancer de cuello uterino",inyectable trimestral: usuarias continuas,2016-08-01,0,0,3,2,0,5
EL ALTO,"anticoncepcion, prevencion de its y de cancer de cuello uterino",inyectable trimestral: usuarias continuas,2016-08-01,0,43,504,224,2,773
EL CHORO,"anticoncepcion, prevencion de its y de cancer de cuello uterino",inyectable trimestral: usuarias continuas,2016-08-01,0,1,6,3,0,10
EL PUENTE(STC),"anticoncepcion, prevencion de its y de cancer de cuello uterino",inyectable trimestral: usuarias continuas,2016-08-01,0,5,43,20,0,68
EL PUENTE(TJA),"anticoncepcion, prevencion de its y de cancer de cuello uterino",inyectable trimestral: usuarias continuas,2016-08-01,0,9,39,44,0,92
EL TORNO,"anticoncepcion, prevencion de its y de cancer de cuello uterino",inyectable trimestral: usuarias continuas,2016-08-01,3,22,91,44,0,160
EL VILLAR,"anticoncepcion, prevencion de its y de cancer de cuello uterino",inyectable trimestral: usuarias continuas,2016-08-01,0,0,18,20,0,38
ENTRE RIOS TRJ,"anticoncepcion, prevencion de its y de cancer de cuello uterino",inyectable trimestral: usuarias continuas,2016-08-01,0,17,113,56,3,189
ENTRE RIOS CBBA,"anticoncepcion, prevencion de its y de cancer de cuello uterino",inyectable trimestral: usuarias continuas,2016-08-01,0,4,52,22,1,79
EUCALIPTUS,"anticoncepcion, prevencion de its y de cancer de cuello uterino",inyectable trimestral: usuarias continuas,2016-08-01,0,0,3,3,0,6
EUREKA (SANTOS MERCADO),"anticoncepcion, prevencion de its y de cancer de cuello uterino",inyectable trimestral: usuarias continuas,2016-08-01,0,0,7,1,0,8
EXALTACION,"anticoncepcion, prevencion de its y de cancer de cuello uterino",inyectable trimestral: usuarias continuas,2016-08-01,0,0,3,0,0,3
FERNANDEZ ALONSO,"anticoncepcion, prevencion de its y de cancer de cuello uterino",inyectable trimestral: usuarias continuas,2016-08-01,0,5,20,11,0,36
FILADELFIA,"anticoncepcion, prevencion de its y de cancer de cuello uterino",inyectable trimestral: usuarias continuas,2016-08-01,0,9,24,9,0,42
GENERAL SAAVEDRA,"anticoncepcion, prevencion de its y de cancer de cuello uterino",inyectable trimestral: usuarias continuas,2016-08-01,0,5,31,17,0,53
GRAL. J.J. PEREZ (CHARAZANI),"anticoncepcion, prevencion de its y de cancer de cuello uterino",inyectable trimestral: usuarias continuas,2016-08-01,0,0,8,8,0,16
GUANAY,"anticoncepcion, prevencion de its y de cancer de cuello uterino",inyectable trimestral: usuarias continuas,2016-08-01,0,2,11,10,0,23
GUAQUI,"anticoncepcion, prevencion de its y de cancer de cuello uterino",inyectable trimestral: usuarias continuas,2016-08-01,0,2,16,11,0,29
GUAYARAMERIN,"anticoncepcion, prevencion de its y de cancer de cuello uterino",inyectable trimestral: usuarias continuas,2016-08-01,0,8,40,16,0,64
GUTIERREZ,"anticoncepcion, prevencion de its y de cancer de cuello uterino",inyectable trimestral: usuarias continuas,2016-08-01,0,1,13,10,0,24
HUACARETA,"anticoncepcion, prevencion de its y de cancer de cuello uterino",inyectable trimestral: usuarias continuas,2016-08-01,0,4,21,13,3,41
HUACAYA (VILLA DE HUACAYA),"anticoncepcion, prevencion de its y de cancer de cuello uterino",inyectable trimestral: usuarias continuas,2016-08-01,0,1,8,4,0,13
HUACHACALLA,"anticoncepcion, prevencion de its y de cancer de cuello uterino",inyectable trimestral: usuarias continuas,2016-08-01,0,0,1,0,0,1
HUANUNI,"anticoncepcion, prevencion de its y de cancer de cuello uterino",inyectable trimestral: usuarias continuas,2016-08-01,0,0,8,4,0,12
HUARACAJE,"anticoncepcion, prevencion de its y de cancer de cuello uterino",inyectable trimestral: usuarias continuas,2016-08-01,0,0,5,2,0,7
HUARINA,"anticoncepcion, prevencion de its y de cancer de cuello uterino",inyectable trimestral: usuarias continuas,2016-08-01,0,1,12,7,0,20
HUATAJATA,"anticoncepcion, prevencion de its y de cancer de cuello uterino",inyectable trimestral: usuarias continuas,2016-08-01,0,0,2,2,0,4
HUAYLLAMARCA,"anticoncepcion, prevencion de its y de cancer de cuello uterino",inyectable trimestral: usuarias continuas,2016-08-01,0,2,7,3,0,12
HUMANATA,"anticoncepcion, prevencion de its y de cancer de cuello uterino",inyectable trimestral: usuarias continuas,2016-08-01,0,2,2,4,0,8
ICHOCA,"anticoncepcion, prevencion de its y de cancer de cuello uterino",inyectable trimestral: usuarias continuas,2016-08-01,0,0,7,2,0,9
ICLA,"anticoncepcion, prevencion de its y de cancer de cuello uterino",inyectable trimestral: usuarias continuas,2016-08-01,0,2,10,12,0,24
INCAHUASI,"anticoncepcion, prevencion de its y de cancer de cuello uterino",inyectable trimestral: usuarias continuas,2016-08-01,0,4,19,16,0,39
INGAVI (HUMAITA),"anticoncepcion, prevencion de its y de cancer de cuello uterino",inyectable trimestral: usuarias continuas,2016-08-01,0,0,2,0,0,2
INQUISIVI,"anticoncepcion, prevencion de its y de cancer de cuello uterino",inyectable trimestral: usuarias continuas,2016-08-01,0,3,19,14,0,36
IRUPANA (VILLA DE LANZA),"anticoncepcion, prevencion de its y de cancer de cuello uterino",inyectable trimestral: usuarias continuas,2016-08-01,0,8,33,16,0,57
IXIAMAS,"anticoncepcion, prevencion de its y de cancer de cuello uterino",inyectable trimestral: usuarias continuas,2016-08-01,0,2,17,8,0,27
JESUS DE MACHACA,"anticoncepcion, prevencion de its y de cancer de cuello uterino",inyectable trimestral: usuarias continuas,2016-08-01,0,1,15,6,0,22
LA ASUNTA,"anticoncepcion, prevencion de its y de cancer de cuello uterino",inyectable trimestral: usuarias continuas,2016-08-01,0,5,105,40,0,150
LA GUARDIA,"anticoncepcion, prevencion de its y de cancer de cuello uterino",inyectable trimestral: usuarias continuas,2016-08-01,0,12,69,13,1,95
LA PAZ,"anticoncepcion, prevencion de its y de cancer de cuello uterino",inyectable trimestral: usuarias continuas,2016-08-01,1,25,283,77,1,387
LAGUNILLAS,"anticoncepcion, prevencion de its y de cancer de cuello uterino",inyectable trimestral: usuarias continuas,2016-08-01,0,3,11,7,0,21
LAJA,"anticoncepcion, prevencion de its y de cancer de cuello uterino",inyectable trimestral: usuarias continuas,2016-08-01,0,3,24,15,0,42
LAS CARRERAS,"anticoncepcion, prevencion de its y de cancer de cuello uterino",inyectable trimestral: usuarias continuas,2016-08-01,0,2,3,5,0,10
LICOMA PAMPA,"anticoncepcion, prevencion de its y de cancer de cuello uterino",inyectable trimestral: usuarias continuas,2016-08-01,0,1,7,3,0,11
LLALLAGUA,"anticoncepcion, prevencion de its y de cancer de cuello uterino",inyectable trimestral: usuarias continuas,2016-08-01,0,3,37,12,0,52
LLICA,"anticoncepcion, prevencion de its y de cancer de cuello uterino",inyectable trimestral: usuarias continuas,2016-08-01,0,1,9,4,0,14
LORETO,"anticoncepcion, prevencion de its y de cancer de cuello uterino",inyectable trimestral: usuarias continuas,2016-08-01,1,0,4,2,0,7
LURIBAY,"anticoncepcion, prevencion de its y de cancer de cuello uterino",inyectable trimestral: usuarias continuas,2016-08-01,0,2,21,15,1,39
MACHARETI,"anticoncepcion, prevencion de its y de cancer de cuello uterino",inyectable trimestral: usuarias continuas,2016-08-01,0,4,27,12,1,44
MAGDALENA,"anticoncepcion, prevencion de its y de cancer de cuello uterino",inyectable trimestral: usuarias continuas,2016-08-01,0,7,25,12,0,44
MAIRANA,"anticoncepcion, prevencion de its y de cancer de cuello uterino",inyectable trimestral: usuarias continuas,2016-08-01,0,1,15,11,0,27
MALLA,"anticoncepcion, prevencion de its y de cancer de cuello uterino",inyectable trimestral: usuarias continuas,2016-08-01,0,0,3,4,0,7
MAPIRI,"anticoncepcion, prevencion de its y de cancer de cuello uterino",inyectable trimestral: usuarias continuas,2016-08-01,0,1,15,4,0,20
MECAPACA,"anticoncepcion, prevencion de its y de cancer de cuello uterino",inyectable trimestral: usuarias continuas,2016-08-01,0,3,12,16,0,31
MINEROS,"anticoncepcion, prevencion de its y de cancer de cuello uterino",inyectable trimestral: usuarias continuas,2016-08-01,0,9,46,11,0,66
MIZQUE,"anticoncepcion, prevencion de its y de cancer de cuello uterino",inyectable trimestral: usuarias continuas,2016-08-01,0,9,62,22,0,93
MOCOMOCO,"anticoncepcion, prevencion de its y de cancer de cuello uterino",inyectable trimestral: usuarias continuas,2016-08-01,0,0,10,12,0,22
MOJINETE,"anticoncepcion, prevencion de its y de cancer de cuello uterino",inyectable trimestral: usuarias continuas,2016-08-01,0,0,1,2,0,3
MOJOCOYA,"anticoncepcion, prevencion de its y de cancer de cuello uterino",inyectable trimestral: usuarias continuas,2016-08-01,0,5,20,23,2,50
MONTEAGUDO,"anticoncepcion, prevencion de its y de cancer de cuello uterino",inyectable trimestral: usuarias continuas,2016-08-01,1,5,53,35,0,94
MONTERO,"anticoncepcion, prevencion de its y de cancer de cuello uterino",inyectable trimestral: usuarias continuas,2016-08-01,1,13,98,31,0,143
MORO MORO,"anticoncepcion, prevencion de its y de cancer de cuello uterino",inyectable trimestral: usuarias continuas,2016-08-01,0,6,17,7,0,30
MOROCHATA,"anticoncepcion, prevencion de its y de cancer de cuello uterino",inyectable trimestral: usuarias continuas,2016-08-01,0,2,47,28,0,77
NACEBE (SANTA ROSA DEL ABUNA),"anticoncepcion, prevencion de its y de cancer de cuello uterino",inyectable trimestral: usuarias continuas,2016-08-01,0,2,13,2,0,17
NAZACARA DE PACAJES,"anticoncepcion, prevencion de its y de cancer de cuello uterino",inyectable trimestral: usuarias continuas,2016-08-01,0,1,0,0,0,1
NUEVO MANOA (NUEVA ESPERANZA),"anticoncepcion, prevencion de its y de cancer de cuello uterino",inyectable trimestral: usuarias continuas,2016-08-01,0,0,8,2,0,10
OCURI,"anticoncepcion, prevencion de its y de cancer de cuello uterino",inyectable trimestral: usuarias continuas,2016-08-01,0,2,13,13,0,28
OKINAWA,"anticoncepcion, prevencion de its y de cancer de cuello uterino",inyectable trimestral: usuarias continuas,2016-08-01,0,4,22,11,0,37
OMEREQUE,"anticoncepcion, prevencion de its y de cancer de cuello uterino",inyectable trimestral: usuarias continuas,2016-08-01,0,4,29,9,0,42
ORURO,"anticoncepcion, prevencion de its y de cancer de cuello uterino",inyectable trimestral: usuarias continuas,2016-08-01,0,20,410,151,0,581
PADCAYA,"anticoncepcion, prevencion de its y de cancer de cuello uterino",inyectable trimestral: usuarias continuas,2016-08-01,1,11,87,70,3,172
PADILLA,"anticoncepcion, prevencion de its y de cancer de cuello uterino",inyectable trimestral: usuarias continuas,2016-08-01,1,2,59,30,0,92
PAILON,"anticoncepcion, prevencion de its y de cancer de cuello uterino",inyectable trimestral: usuarias continuas,2016-08-01,0,2,7,3,0,12
PALCA,"anticoncepcion, prevencion de its y de cancer de cuello uterino",inyectable trimestral: usuarias continuas,2016-08-01,0,6,36,11,0,53
PALOS BLANCOS,"anticoncepcion, prevencion de its y de cancer de cuello uterino",inyectable trimestral: usuarias continuas,2016-08-01,1,8,51,31,0,91
PAMPA AULLAGAS,"anticoncepcion, prevencion de its y de cancer de cuello uterino",inyectable trimestral: usuarias continuas,2016-08-01,0,0,3,1,0,4
PAMPA GRANDE,"anticoncepcion, prevencion de its y de cancer de cuello uterino",inyectable trimestral: usuarias continuas,2016-08-01,0,3,22,10,0,35
PAPEL PAMPA,"anticoncepcion, prevencion de its y de cancer de cuello uterino",inyectable trimestral: usuarias continuas,2016-08-01,0,1,8,6,0,15
PASORAPA,"anticoncepcion, prevencion de its y de cancer de cuello uterino",inyectable trimestral: usuarias continuas,2016-08-01,0,0,16,5,0,21
PATACAMAYA,"anticoncepcion, prevencion de its y de cancer de cuello uterino",inyectable trimestral: usuarias continuas,2016-08-01,0,2,18,7,0,27
PAZÃ‘A,"anticoncepcion, prevencion de its y de cancer de cuello uterino",inyectable trimestral: usuarias continuas,2016-08-01,0,0,14,7,0,21
PELECHUCO,"anticoncepcion, prevencion de its y de cancer de cuello uterino",inyectable trimestral: usuarias continuas,2016-08-01,0,0,18,9,0,27
POCOATA,"anticoncepcion, prevencion de its y de cancer de cuello uterino",inyectable trimestral: usuarias continuas,2016-08-01,0,5,24,30,0,59
POCONA,"anticoncepcion, prevencion de its y de cancer de cuello uterino",inyectable trimestral: usuarias continuas,2016-08-01,0,7,61,23,0,91
POJO (CBBA),"anticoncepcion, prevencion de its y de cancer de cuello uterino",inyectable trimestral: usuarias continuas,2016-08-01,0,11,37,29,0,77
POOPO,"anticoncepcion, prevencion de its y de cancer de cuello uterino",inyectable trimestral: usuarias continuas,2016-08-01,0,0,8,3,0,11
PORCO,"anticoncepcion, prevencion de its y de cancer de cuello uterino",inyectable trimestral: usuarias continuas,2016-08-01,0,0,9,9,0,18
POROMA,"anticoncepcion, prevencion de its y de cancer de cuello uterino",inyectable trimestral: usuarias continuas,2016-08-01,0,1,31,24,3,59
PORONGO,"anticoncepcion, prevencion de its y de cancer de cuello uterino",inyectable trimestral: usuarias continuas,2016-08-01,1,0,6,3,0,10
PORTACHUELO,"anticoncepcion, prevencion de its y de cancer de cuello uterino",inyectable trimestral: usuarias continuas,2016-08-01,0,4,21,7,1,33
PORVENIR,"anticoncepcion, prevencion de its y de cancer de cuello uterino",inyectable trimestral: usuarias continuas,2016-08-01,0,5,24,11,0,40
POSTRER VALLE,"anticoncepcion, prevencion de its y de cancer de cuello uterino",inyectable trimestral: usuarias continuas,2016-08-01,0,1,4,5,0,10
POTOSI,"anticoncepcion, prevencion de its y de cancer de cuello uterino",inyectable trimestral: usuarias continuas,2016-08-01,0,26,393,196,0,615
PRESTO,"anticoncepcion, prevencion de its y de cancer de cuello uterino",inyectable trimestral: usuarias continuas,2016-08-01,0,1,17,19,0,37
PUCARA,"anticoncepcion, prevencion de its y de cancer de cuello uterino",inyectable trimestral: usuarias continuas,2016-08-01,0,1,7,5,1,14
PUCARANI,"anticoncepcion, prevencion de its y de cancer de cuello uterino",inyectable trimestral: usuarias continuas,2016-08-01,0,8,77,45,0,130
PUERTO ACOSTA,"anticoncepcion, prevencion de its y de cancer de cuello uterino",inyectable trimestral: usuarias continuas,2016-08-01,0,0,8,4,0,12
PUERTO CARABUCO,"anticoncepcion, prevencion de its y de cancer de cuello uterino",inyectable trimestral: usuarias continuas,2016-08-01,0,1,18,17,0,36
PUERTO GONZALO MORENO,"anticoncepcion, prevencion de its y de cancer de cuello uterino",inyectable trimestral: usuarias continuas,2016-08-01,0,12,24,5,1,42
PUERTO PEREZ,"anticoncepcion, prevencion de its y de cancer de cuello uterino",inyectable trimestral: usuarias continuas,2016-08-01,0,0,7,6,0,13
PUERTO QUIJARRO,"anticoncepcion, prevencion de its y de cancer de cuello uterino",inyectable trimestral: usuarias continuas,2016-08-01,0,2,8,3,0,13
PUERTO RICO,"anticoncepcion, prevencion de its y de cancer de cuello uterino",inyectable trimestral: usuarias continuas,2016-08-01,0,5,26,1,1,33
PUERTO SILES,"anticoncepcion, prevencion de its y de cancer de cuello uterino",inyectable trimestral: usuarias continuas,2016-08-01,0,0,2,1,0,3
PUERTO SUAREZ,"anticoncepcion, prevencion de its y de cancer de cuello uterino",inyectable trimestral: usuarias continuas,2016-08-01,0,1,8,1,0,10
PUERTO VILLARROEL,"anticoncepcion, prevencion de its y de cancer de cuello uterino",inyectable trimestral: usuarias continuas,2016-08-01,0,14,71,32,0,117
PUNA,"anticoncepcion, prevencion de its y de cancer de cuello uterino",inyectable trimestral: usuarias continuas,2016-08-01,0,1,16,11,0,28
PUNATA,"anticoncepcion, prevencion de its y de cancer de cuello uterino",inyectable trimestral: usuarias continuas,2016-08-01,0,5,55,13,0,73
QUIABAYA,"anticoncepcion, prevencion de its y de cancer de cuello uterino",inyectable trimestral: usuarias continuas,2016-08-01,0,1,6,7,0,14
QUILLACOLLO,"anticoncepcion, prevencion de its y de cancer de cuello uterino",inyectable trimestral: usuarias continuas,2016-08-01,1,23,123,31,0,178
QUIME,"anticoncepcion, prevencion de its y de cancer de cuello uterino",inyectable trimestral: usuarias continuas,2016-08-01,0,1,24,8,0,33
QUIRUSILLAS,"anticoncepcion, prevencion de its y de cancer de cuello uterino",inyectable trimestral: usuarias continuas,2016-08-01,0,3,5,3,0,11
RAVELO,"anticoncepcion, prevencion de its y de cancer de cuello uterino",inyectable trimestral: usuarias continuas,2016-08-01,0,4,37,37,0,78
REYES,"anticoncepcion, prevencion de its y de cancer de cuello uterino",inyectable trimestral: usuarias continuas,2016-08-01,0,3,24,10,0,37
RIBERALTA,"anticoncepcion, prevencion de its y de cancer de cuello uterino",inyectable trimestral: usuarias continuas,2016-08-01,0,25,86,42,0,153
ROBORE,"anticoncepcion, prevencion de its y de cancer de cuello uterino",inyectable trimestral: usuarias continuas,2016-08-01,0,7,35,6,0,48
RURRENABAQUE,"anticoncepcion, prevencion de its y de cancer de cuello uterino",inyectable trimestral: usuarias continuas,2016-08-01,0,1,15,9,0,25
SABAYA,"anticoncepcion, prevencion de its y de cancer de cuello uterino",inyectable trimestral: usuarias continuas,2016-08-01,0,0,6,4,0,10
SACABA,"anticoncepcion, prevencion de its y de cancer de cuello uterino",inyectable trimestral: usuarias continuas,2016-08-01,0,15,136,39,0,190
SACABAMBA,"anticoncepcion, prevencion de its y de cancer de cuello uterino",inyectable trimestral: usuarias continuas,2016-08-01,0,0,3,10,0,13
SACACA,"anticoncepcion, prevencion de its y de cancer de cuello uterino",inyectable trimestral: usuarias continuas,2016-08-01,0,6,25,18,0,49
SAIPINA,"anticoncepcion, prevencion de its y de cancer de cuello uterino",inyectable trimestral: usuarias continuas,2016-08-01,0,3,13,6,0,22
SALINAS DE GARCI MENDOZA,"anticoncepcion, prevencion de its y de cancer de cuello uterino",inyectable trimestral: usuarias continuas,2016-08-01,0,0,17,9,0,26
SAMAIPATA,"anticoncepcion, prevencion de its y de cancer de cuello uterino",inyectable trimestral: usuarias continuas,2016-08-01,0,5,19,5,0,29
SAN AGUSTIN,"anticoncepcion, prevencion de its y de cancer de cuello uterino",inyectable trimestral: usuarias continuas,2016-08-01,0,0,8,3,0,11
SAN ANDRES,"anticoncepcion, prevencion de its y de cancer de cuello uterino",inyectable trimestral: usuarias continuas,2016-08-01,0,1,23,10,0,34
SAN ANDRES DE MACHACA,"anticoncepcion, prevencion de its y de cancer de cuello uterino",inyectable trimestral: usuarias continuas,2016-08-01,0,0,1,2,0,3
SAN ANTONIO DE ESMORUCO,"anticoncepcion, prevencion de its y de cancer de cuello uterino",inyectable trimestral: usuarias continuas,2016-08-01,0,1,6,1,0,8
SAN ANTONIO DE LOMERIO,"anticoncepcion, prevencion de its y de cancer de cuello uterino",inyectable trimestral: usuarias continuas,2016-08-01,0,7,29,33,2,71
SAN BENITO,"anticoncepcion, prevencion de its y de cancer de cuello uterino",inyectable trimestral: usuarias continuas,2016-08-01,0,3,18,14,0,35
SAN BORJA,"anticoncepcion, prevencion de its y de cancer de cuello uterino",inyectable trimestral: usuarias continuas,2016-08-01,1,30,81,33,0,145
SAN BUENA VENTURA,"anticoncepcion, prevencion de its y de cancer de cuello uterino",inyectable trimestral: usuarias continuas,2016-08-01,0,3,25,10,1,39
SAN CARLOS,"anticoncepcion, prevencion de its y de cancer de cuello uterino",inyectable trimestral: usuarias continuas,2016-08-01,0,1,15,13,1,30
SAN IGNACIO,"anticoncepcion, prevencion de its y de cancer de cuello uterino",inyectable trimestral: usuarias continuas,2016-08-01,0,9,64,26,0,99
SAN IGNACIO DE VELASCO,"anticoncepcion, prevencion de its y de cancer de cuello uterino",inyectable trimestral: usuarias continuas,2016-08-01,2,29,109,48,3,191
SAN JAVIER(BNI),"anticoncepcion, prevencion de its y de cancer de cuello uterino",inyectable trimestral: usuarias continuas,2016-08-01,0,0,5,0,0,5
SAN JAVIER(STC),"anticoncepcion, prevencion de its y de cancer de cuello uterino",inyectable trimestral: usuarias continuas,2016-08-01,0,8,45,3,0,56
SAN JOAQUIN,"anticoncepcion, prevencion de its y de cancer de cuello uterino",inyectable trimestral: usuarias continuas,2016-08-01,0,1,1,1,0,3
SAN JOSE DE CHIQUITOS,"anticoncepcion, prevencion de its y de cancer de cuello uterino",inyectable trimestral: usuarias continuas,2016-08-01,0,7,23,6,0,36
SAN JUAN DE YAPACANI,"anticoncepcion, prevencion de its y de cancer de cuello uterino",inyectable trimestral: usuarias continuas,2016-08-01,0,3,31,13,1,48
SAN JULIAN,"anticoncepcion, prevencion de its y de cancer de cuello uterino",inyectable trimestral: usuarias continuas,2016-08-01,0,4,53,29,0,86
SAN LORENZO(PND),"anticoncepcion, prevencion de its y de cancer de cuello uterino",inyectable trimestral: usuarias continuas,2016-08-01,0,7,20,4,0,31
SAN LORENZO(TJA),"anticoncepcion, prevencion de its y de cancer de cuello uterino",inyectable trimestral: usuarias continuas,2016-08-01,0,11,75,34,3,123
SAN LUCAS,"anticoncepcion, prevencion de its y de cancer de cuello uterino",inyectable trimestral: usuarias continuas,2016-08-01,0,2,60,48,0,110
SAN MATIAS,"anticoncepcion, prevencion de its y de cancer de cuello uterino",inyectable trimestral: usuarias continuas,2016-08-01,0,1,35,11,0,47
SAN MIGUEL DE VELASCO,"anticoncepcion, prevencion de its y de cancer de cuello uterino",inyectable trimestral: usuarias continuas,2016-08-01,1,8,43,26,0,78
SAN PABLO DE LIPEZ,"anticoncepcion, prevencion de its y de cancer de cuello uterino",inyectable trimestral: usuarias continuas,2016-08-01,0,1,5,6,0,12
SAN PEDRO,"anticoncepcion, prevencion de its y de cancer de cuello uterino",inyectable trimestral: usuarias continuas,2016-08-01,0,11,30,15,0,56
SAN PEDRO DE BUENA VISTA,"anticoncepcion, prevencion de its y de cancer de cuello uterino",inyectable trimestral: usuarias continuas,2016-08-01,0,2,27,10,0,39
SAN PEDRO DE CURAHUARA,"anticoncepcion, prevencion de its y de cancer de cuello uterino",inyectable trimestral: usuarias continuas,2016-08-01,0,0,8,7,1,16
SAN PEDRO DE QUEMES,"anticoncepcion, prevencion de its y de cancer de cuello uterino",inyectable trimestral: usuarias continuas,2016-08-01,0,0,1,3,0,4
SAN PEDRO DE TIQUINA,"anticoncepcion, prevencion de its y de cancer de cuello uterino",inyectable trimestral: usuarias continuas,2016-08-01,0,0,4,4,0,8
SAN PEDRO(PND),"anticoncepcion, prevencion de its y de cancer de cuello uterino",inyectable trimestral: usuarias continuas,2016-08-01,1,1,6,4,0,12
SAN RAFAEL,"anticoncepcion, prevencion de its y de cancer de cuello uterino",inyectable trimestral: usuarias continuas,2016-08-01,0,5,29,14,0,48
SAN RAMON BENI,"anticoncepcion, prevencion de its y de cancer de cuello uterino",inyectable trimestral: usuarias continuas,2016-08-01,0,0,8,1,0,9
SAN RAMON SCZ,"anticoncepcion, prevencion de its y de cancer de cuello uterino",inyectable trimestral: usuarias continuas,2016-08-01,0,7,25,11,0,43
SANTA ANA,"anticoncepcion, prevencion de its y de cancer de cuello uterino",inyectable trimestral: usuarias continuas,2016-08-01,0,4,8,2,0,14
SANTA CRUZ DE LA SIERRA,"anticoncepcion, prevencion de its y de cancer de cuello uterino",inyectable trimestral: usuarias continuas,2016-08-01,0,49,302,91,1,443
SANTA ROSA,"anticoncepcion, prevencion de its y de cancer de cuello uterino",inyectable trimestral: usuarias continuas,2016-08-01,0,2,10,0,0,12
SANTA ROSA DEL SARA,"anticoncepcion, prevencion de its y de cancer de cuello uterino",inyectable trimestral: usuarias continuas,2016-08-01,1,8,48,18,0,75
SANTIAGO DE CALLAPA,"anticoncepcion, prevencion de its y de cancer de cuello uterino",inyectable trimestral: usuarias continuas,2016-08-01,0,1,2,2,0,5
SANTIAGO DE HUARI,"anticoncepcion, prevencion de its y de cancer de cuello uterino",inyectable trimestral: usuarias continuas,2016-08-01,0,0,7,7,0,14
SANTIAGO DE HUATA,"anticoncepcion, prevencion de its y de cancer de cuello uterino",inyectable trimestral: usuarias continuas,2016-08-01,0,0,9,6,1,16
SANTIAGO DE MACHACA,"anticoncepcion, prevencion de its y de cancer de cuello uterino",inyectable trimestral: usuarias continuas,2016-08-01,0,1,4,4,0,9
SANTIVAÃ‘ES,"anticoncepcion, prevencion de its y de cancer de cuello uterino",inyectable trimestral: usuarias continuas,2016-08-01,0,3,22,6,0,31
SANTUARIO DE QUILLACAS,"anticoncepcion, prevencion de its y de cancer de cuello uterino",inyectable trimestral: usuarias continuas,2016-08-01,0,0,7,0,0,7
SAPAHAQUI,"anticoncepcion, prevencion de its y de cancer de cuello uterino",inyectable trimestral: usuarias continuas,2016-08-01,0,2,18,11,0,31
SENA,"anticoncepcion, prevencion de its y de cancer de cuello uterino",inyectable trimestral: usuarias continuas,2016-08-01,0,1,11,2,0,14
SHINAOTA,"anticoncepcion, prevencion de its y de cancer de cuello uterino",inyectable trimestral: usuarias continuas,2016-08-01,0,3,35,12,0,50
SICA SICA (VILLA AROMA),"anticoncepcion, prevencion de its y de cancer de cuello uterino",inyectable trimestral: usuarias continuas,2016-08-01,0,1,45,25,1,72
SICAYA,"anticoncepcion, prevencion de its y de cancer de cuello uterino",inyectable trimestral: usuarias continuas,2016-08-01,0,2,8,6,0,16
SIPE SIPE,"anticoncepcion, prevencion de its y de cancer de cuello uterino",inyectable trimestral: usuarias continuas,2016-08-01,0,10,127,49,2,188
SOPACHUY,"anticoncepcion, prevencion de its y de cancer de cuello uterino",inyectable trimestral: usuarias continuas,2016-08-01,0,2,18,18,0,38
SORACACHI,"anticoncepcion, prevencion de its y de cancer de cuello uterino",inyectable trimestral: usuarias continuas,2016-08-01,0,1,10,10,0,21
SORATA,"anticoncepcion, prevencion de its y de cancer de cuello uterino",inyectable trimestral: usuarias continuas,2016-08-01,0,4,40,22,0,66
SUCRE,"anticoncepcion, prevencion de its y de cancer de cuello uterino",inyectable trimestral: usuarias continuas,2016-08-01,1,41,300,119,2,463
TACACHI,"anticoncepcion, prevencion de its y de cancer de cuello uterino",inyectable trimestral: usuarias continuas,2016-08-01,0,0,0,1,0,1
TACACOMA,"anticoncepcion, prevencion de its y de cancer de cuello uterino",inyectable trimestral: usuarias continuas,2016-08-01,0,4,23,15,0,42
TACOBAMBA,"anticoncepcion, prevencion de its y de cancer de cuello uterino",inyectable trimestral: usuarias continuas,2016-08-01,0,1,6,5,0,12
TACOPAYA,"anticoncepcion, prevencion de its y de cancer de cuello uterino",inyectable trimestral: usuarias continuas,2016-08-01,0,0,11,10,0,21
TAPACARI,"anticoncepcion, prevencion de its y de cancer de cuello uterino",inyectable trimestral: usuarias continuas,2016-08-01,0,6,33,32,0,71
TARABUCO,"anticoncepcion, prevencion de its y de cancer de cuello uterino",inyectable trimestral: usuarias continuas,2016-08-01,0,1,21,23,0,45
TARACO,"anticoncepcion, prevencion de its y de cancer de cuello uterino",inyectable trimestral: usuarias continuas,2016-08-01,0,1,11,10,0,22
TARATA,"anticoncepcion, prevencion de its y de cancer de cuello uterino",inyectable trimestral: usuarias continuas,2016-08-01,0,3,18,12,0,33
TARIJA,"anticoncepcion, prevencion de its y de cancer de cuello uterino",inyectable trimestral: usuarias continuas,2016-08-01,0,18,148,55,2,223
TARVITA,"anticoncepcion, prevencion de its y de cancer de cuello uterino",inyectable trimestral: usuarias continuas,2016-08-01,0,0,32,20,1,53
TEOPONTE,"anticoncepcion, prevencion de its y de cancer de cuello uterino",inyectable trimestral: usuarias continuas,2016-08-01,0,3,20,8,0,31
TIAWANACU,"anticoncepcion, prevencion de its y de cancer de cuello uterino",inyectable trimestral: usuarias continuas,2016-08-01,0,1,24,17,0,42
TINGUIPAYA,"anticoncepcion, prevencion de its y de cancer de cuello uterino",inyectable trimestral: usuarias continuas,2016-08-01,0,0,4,4,1,9
TIPUANI,"anticoncepcion, prevencion de its y de cancer de cuello uterino",inyectable trimestral: usuarias continuas,2016-08-01,0,1,15,6,0,22
TIQUIPAYA,"anticoncepcion, prevencion de its y de cancer de cuello uterino",inyectable trimestral: usuarias continuas,2016-08-01,0,6,61,16,0,83
TIRAQUE (CBBA),"anticoncepcion, prevencion de its y de cancer de cuello uterino",inyectable trimestral: usuarias continuas,2016-08-01,0,7,46,30,1,84
TITO YUPANQUI (PARQUIPUJIO),"anticoncepcion, prevencion de its y de cancer de cuello uterino",inyectable trimestral: usuarias continuas,2016-08-01,0,0,2,2,0,4
TOCO,"anticoncepcion, prevencion de its y de cancer de cuello uterino",inyectable trimestral: usuarias continuas,2016-08-01,0,0,21,9,0,30
TOLATA,"anticoncepcion, prevencion de its y de cancer de cuello uterino",inyectable trimestral: usuarias continuas,2016-08-01,0,1,8,9,0,18
TOLEDO,"anticoncepcion, prevencion de its y de cancer de cuello uterino",inyectable trimestral: usuarias continuas,2016-08-01,0,0,5,1,0,6
TOMAVE,"anticoncepcion, prevencion de its y de cancer de cuello uterino",inyectable trimestral: usuarias continuas,2016-08-01,0,2,18,12,0,32
TOMINA,"anticoncepcion, prevencion de its y de cancer de cuello uterino",inyectable trimestral: usuarias continuas,2016-08-01,0,4,27,38,0,69
TORO TORO,"anticoncepcion, prevencion de its y de cancer de cuello uterino",inyectable trimestral: usuarias continuas,2016-08-01,0,1,7,6,0,14
TOTORA(CBBA),"anticoncepcion, prevencion de its y de cancer de cuello uterino",inyectable trimestral: usuarias continuas,2016-08-01,0,18,71,27,0,116
TOTORA(ORR),"anticoncepcion, prevencion de its y de cancer de cuello uterino",inyectable trimestral: usuarias continuas,2016-08-01,0,0,12,1,1,14
TRIGAL,"anticoncepcion, prevencion de its y de cancer de cuello uterino",inyectable trimestral: usuarias continuas,2016-08-01,0,1,6,2,1,10
TRINIDAD,"anticoncepcion, prevencion de its y de cancer de cuello uterino",inyectable trimestral: usuarias continuas,2016-08-01,0,2,5,1,0,8
TUPIZA,"anticoncepcion, prevencion de its y de cancer de cuello uterino",inyectable trimestral: usuarias continuas,2016-08-01,0,11,98,55,0,164
TURCO,"anticoncepcion, prevencion de its y de cancer de cuello uterino",inyectable trimestral: usuarias continuas,2016-08-01,0,0,8,7,0,15
UMALA,"anticoncepcion, prevencion de its y de cancer de cuello uterino",inyectable trimestral: usuarias continuas,2016-08-01,1,0,11,8,0,20
UNCIA,"anticoncepcion, prevencion de its y de cancer de cuello uterino",inyectable trimestral: usuarias continuas,2016-08-01,0,4,33,26,0,63
URIONDO (A. CONCEPCION),"anticoncepcion, prevencion de its y de cancer de cuello uterino",inyectable trimestral: usuarias continuas,2016-08-01,0,11,62,43,1,117
URUBICHA,"anticoncepcion, prevencion de its y de cancer de cuello uterino",inyectable trimestral: usuarias continuas,2016-08-01,0,0,4,6,0,10
UYUNI,"anticoncepcion, prevencion de its y de cancer de cuello uterino",inyectable trimestral: usuarias continuas,2016-08-01,0,5,30,18,0,53
VACAS,"anticoncepcion, prevencion de its y de cancer de cuello uterino",inyectable trimestral: usuarias continuas,2016-08-01,0,6,12,21,0,39
VALLEGRANDE,"anticoncepcion, prevencion de its y de cancer de cuello uterino",inyectable trimestral: usuarias continuas,2016-08-01,0,11,52,7,0,70
VIACHA,"anticoncepcion, prevencion de its y de cancer de cuello uterino",inyectable trimestral: usuarias continuas,2016-08-01,0,12,98,36,1,147
VILA VILA,"anticoncepcion, prevencion de its y de cancer de cuello uterino",inyectable trimestral: usuarias continuas,2016-08-01,0,1,7,2,0,10
VILLA CHARCAS,"anticoncepcion, prevencion de its y de cancer de cuello uterino",inyectable trimestral: usuarias continuas,2016-08-01,0,6,35,31,1,73
VILLA MONTES,"anticoncepcion, prevencion de its y de cancer de cuello uterino",inyectable trimestral: usuarias continuas,2016-08-01,0,15,75,29,1,120
VILLA NUEVA (LOMA ALTA),"anticoncepcion, prevencion de its y de cancer de cuello uterino",inyectable trimestral: usuarias continuas,2016-08-01,0,2,1,0,0,3
VILLA RIVERO,"anticoncepcion, prevencion de its y de cancer de cuello uterino",inyectable trimestral: usuarias continuas,2016-08-01,0,1,22,13,0,36
VILLA SERRANO,"anticoncepcion, prevencion de its y de cancer de cuello uterino",inyectable trimestral: usuarias continuas,2016-08-01,0,8,26,23,0,57
VILLA TUNARI,"anticoncepcion, prevencion de its y de cancer de cuello uterino",inyectable trimestral: usuarias continuas,2016-08-01,1,28,297,122,3,451
VILLA VACA GUZMAN (MUYUPAMPA),"anticoncepcion, prevencion de its y de cancer de cuello uterino",inyectable trimestral: usuarias continuas,2016-08-01,0,4,23,18,0,45
VILLAZON,"anticoncepcion, prevencion de its y de cancer de cuello uterino",inyectable trimestral: usuarias continuas,2016-08-01,0,4,101,43,0,148
VINTO,"anticoncepcion, prevencion de its y de cancer de cuello uterino",inyectable trimestral: usuarias continuas,2016-08-01,0,7,65,24,0,96
VITICHI,"anticoncepcion, prevencion de its y de cancer de cuello uterino",inyectable trimestral: usuarias continuas,2016-08-01,0,0,10,15,0,25
WALDO BALLIVIAN,"anticoncepcion, prevencion de its y de cancer de cuello uterino",inyectable trimestral: usuarias continuas,2016-08-01,0,0,2,2,0,4
WARNES,"anticoncepcion, prevencion de its y de cancer de cuello uterino",inyectable trimestral: usuarias continuas,2016-08-01,1,33,152,59,1,246
YACO,"anticoncepcion, prevencion de its y de cancer de cuello uterino",inyectable trimestral: usuarias continuas,2016-08-01,0,1,9,6,0,16
YACUIBA,"anticoncepcion, prevencion de its y de cancer de cuello uterino",inyectable trimestral: usuarias continuas,2016-08-01,1,18,152,92,0,263
YAMPARAEZ,"anticoncepcion, prevencion de its y de cancer de cuello uterino",inyectable trimestral: usuarias continuas,2016-08-01,0,2,16,15,0,33
YANACACHI,"anticoncepcion, prevencion de its y de cancer de cuello uterino",inyectable trimestral: usuarias continuas,2016-08-01,0,0,7,5,0,12
YAPACANI,"anticoncepcion, prevencion de its y de cancer de cuello uterino",inyectable trimestral: usuarias continuas,2016-08-01,0,11,63,33,0,107
YOCALLA,"anticoncepcion, prevencion de its y de cancer de cuello uterino",inyectable trimestral: usuarias continuas,2016-08-01,0,0,9,5,0,14
YOTALA,"anticoncepcion, prevencion de its y de cancer de cuello uterino",inyectable trimestral: usuarias continuas,2016-08-01,0,1,6,4,0,11
YUNCHARA,"anticoncepcion, prevencion de its y de cancer de cuello uterino",inyectable trimestral: usuarias continuas,2016-08-01,0,2,31,26,0,59
ZUDAÃ‘EZ,"anticoncepcion, prevencion de its y de cancer de cuello uterino",inyectable trimestral: usuarias continuas,2016-08-01,0,2,30,15,0,47
ACACIO,"anticoncepcion, prevencion de its y de cancer de cuello uterino",inyectable trimestral: usuarias continuas,2016-09-01,0,0,5,4,0,9
ACHACACHI,"anticoncepcion, prevencion de its y de cancer de cuello uterino",inyectable trimestral: usuarias continuas,2016-09-01,0,4,35,24,0,63
ACHOCALLA,"anticoncepcion, prevencion de its y de cancer de cuello uterino",inyectable trimestral: usuarias continuas,2016-09-01,0,0,40,22,0,62
AIQUILE,"anticoncepcion, prevencion de its y de cancer de cuello uterino",inyectable trimestral: usuarias continuas,2016-09-01,0,2,29,32,1,64
ALALAY,"anticoncepcion, prevencion de its y de cancer de cuello uterino",inyectable trimestral: usuarias continuas,2016-09-01,0,1,4,2,0,7
ALCALA,"anticoncepcion, prevencion de its y de cancer de cuello uterino",inyectable trimestral: usuarias continuas,2016-09-01,0,0,9,10,0,19
ALTO BENI,"anticoncepcion, prevencion de its y de cancer de cuello uterino",inyectable trimestral: usuarias continuas,2016-09-01,0,1,23,12,0,36
ANCORAIMES,"anticoncepcion, prevencion de its y de cancer de cuello uterino",inyectable trimestral: usuarias continuas,2016-09-01,0,0,7,6,0,13
ANDAMARCA,"anticoncepcion, prevencion de its y de cancer de cuello uterino",inyectable trimestral: usuarias continuas,2016-09-01,0,0,3,3,0,6
ANTEQUERA,"anticoncepcion, prevencion de its y de cancer de cuello uterino",inyectable trimestral: usuarias continuas,2016-09-01,0,0,2,2,0,4
ANZALDO,"anticoncepcion, prevencion de its y de cancer de cuello uterino",inyectable trimestral: usuarias continuas,2016-09-01,0,3,13,10,0,26
APOLO,"anticoncepcion, prevencion de its y de cancer de cuello uterino",inyectable trimestral: usuarias continuas,2016-09-01,0,3,27,33,0,63
ARANI,"anticoncepcion, prevencion de its y de cancer de cuello uterino",inyectable trimestral: usuarias continuas,2016-09-01,0,1,12,8,1,22
ARBIETO,"anticoncepcion, prevencion de its y de cancer de cuello uterino",inyectable trimestral: usuarias continuas,2016-09-01,0,6,36,19,0,61
ARQUE,"anticoncepcion, prevencion de its y de cancer de cuello uterino",inyectable trimestral: usuarias continuas,2016-09-01,2,5,30,31,0,68
ASCENCION DE GUARAYOS,"anticoncepcion, prevencion de its y de cancer de cuello uterino",inyectable trimestral: usuarias continuas,2016-09-01,0,3,23,6,0,32
ATOCHA,"anticoncepcion, prevencion de its y de cancer de cuello uterino",inyectable trimestral: usuarias continuas,2016-09-01,0,1,30,12,0,43
AUCAPATA,"anticoncepcion, prevencion de its y de cancer de cuello uterino",inyectable trimestral: usuarias continuas,2016-09-01,0,0,16,10,0,26
AYATA,"anticoncepcion, prevencion de its y de cancer de cuello uterino",inyectable trimestral: usuarias continuas,2016-09-01,0,3,18,24,0,45
AYO AYO,"anticoncepcion, prevencion de its y de cancer de cuello uterino",inyectable trimestral: usuarias continuas,2016-09-01,0,3,13,7,0,23
AYOPAYA (V. DE INDEPENDENCIA),"anticoncepcion, prevencion de its y de cancer de cuello uterino",inyectable trimestral: usuarias continuas,2016-09-01,0,4,57,52,1,114
AZURDUY,"anticoncepcion, prevencion de its y de cancer de cuello uterino",inyectable trimestral: usuarias continuas,2016-09-01,0,7,33,23,0,63
BATALLAS,"anticoncepcion, prevencion de its y de cancer de cuello uterino",inyectable trimestral: usuarias continuas,2016-09-01,0,3,29,17,0,49
BAURES,"anticoncepcion, prevencion de its y de cancer de cuello uterino",inyectable trimestral: usuarias continuas,2016-09-01,0,0,3,2,0,5
BELEN DE ANDAMARCA,"anticoncepcion, prevencion de its y de cancer de cuello uterino",inyectable trimestral: usuarias continuas,2016-09-01,0,0,3,2,0,5
BELEN DE URMIRI,"anticoncepcion, prevencion de its y de cancer de cuello uterino",inyectable trimestral: usuarias continuas,2016-09-01,0,0,2,1,0,3
BELLA FLOR,"anticoncepcion, prevencion de its y de cancer de cuello uterino",inyectable trimestral: usuarias continuas,2016-09-01,0,2,9,3,0,14
BERMEJO,"anticoncepcion, prevencion de its y de cancer de cuello uterino",inyectable trimestral: usuarias continuas,2016-09-01,0,14,72,23,0,109
BETANZOS,"anticoncepcion, prevencion de its y de cancer de cuello uterino",inyectable trimestral: usuarias continuas,2016-09-01,0,2,46,47,0,95
BOLIVAR,"anticoncepcion, prevencion de its y de cancer de cuello uterino",inyectable trimestral: usuarias continuas,2016-09-01,0,0,10,5,0,15
BOLPEBRA,"anticoncepcion, prevencion de its y de cancer de cuello uterino",inyectable trimestral: usuarias continuas,2016-09-01,0,1,7,2,0,10
BOYUIBE,"anticoncepcion, prevencion de its y de cancer de cuello uterino",inyectable trimestral: usuarias continuas,2016-09-01,0,1,6,4,0,11
BUENA VISTA,"anticoncepcion, prevencion de its y de cancer de cuello uterino",inyectable trimestral: usuarias continuas,2016-09-01,1,6,35,7,1,50
CABEZAS,"anticoncepcion, prevencion de its y de cancer de cuello uterino",inyectable trimestral: usuarias continuas,2016-09-01,0,13,54,31,0,98
CAIROMA,"anticoncepcion, prevencion de its y de cancer de cuello uterino",inyectable trimestral: usuarias continuas,2016-09-01,0,1,10,12,0,23
"CAIZA ""D""","anticoncepcion, prevencion de its y de cancer de cuello uterino",inyectable trimestral: usuarias continuas,2016-09-01,0,0,2,3,0,5
CAJUATA,"anticoncepcion, prevencion de its y de cancer de cuello uterino",inyectable trimestral: usuarias continuas,2016-09-01,0,2,23,15,0,40
CALACOTO,"anticoncepcion, prevencion de its y de cancer de cuello uterino",inyectable trimestral: usuarias continuas,2016-09-01,0,0,5,1,0,6
CALAMARCA,"anticoncepcion, prevencion de its y de cancer de cuello uterino",inyectable trimestral: usuarias continuas,2016-09-01,0,4,25,15,0,44
CAMARGO,"anticoncepcion, prevencion de its y de cancer de cuello uterino",inyectable trimestral: usuarias continuas,2016-09-01,0,0,16,14,0,30
CAMATAQUI (C. VILLA ABECIA),"anticoncepcion, prevencion de its y de cancer de cuello uterino",inyectable trimestral: usuarias continuas,2016-09-01,0,0,6,8,0,14
CAMIRI,"anticoncepcion, prevencion de its y de cancer de cuello uterino",inyectable trimestral: usuarias continuas,2016-09-01,0,5,26,12,0,43
CAPINOTA,"anticoncepcion, prevencion de its y de cancer de cuello uterino",inyectable trimestral: usuarias continuas,2016-09-01,0,6,35,25,0,66
CAQUIAVIRI,"anticoncepcion, prevencion de its y de cancer de cuello uterino",inyectable trimestral: usuarias continuas,2016-09-01,0,1,10,8,0,19
CARACOLLO,"anticoncepcion, prevencion de its y de cancer de cuello uterino",inyectable trimestral: usuarias continuas,2016-09-01,0,1,10,6,0,17
CARANAVI,"anticoncepcion, prevencion de its y de cancer de cuello uterino",inyectable trimestral: usuarias continuas,2016-09-01,1,7,57,34,0,99
CARANGAS,"anticoncepcion, prevencion de its y de cancer de cuello uterino",inyectable trimestral: usuarias continuas,2016-09-01,0,0,0,2,0,2
CARAPARI,"anticoncepcion, prevencion de its y de cancer de cuello uterino",inyectable trimestral: usuarias continuas,2016-09-01,0,7,32,13,0,52
CARIPUYO,"anticoncepcion, prevencion de its y de cancer de cuello uterino",inyectable trimestral: usuarias continuas,2016-09-01,0,0,11,5,0,16
CARMEN RIVERO TORREZ,"anticoncepcion, prevencion de its y de cancer de cuello uterino",inyectable trimestral: usuarias continuas,2016-09-01,0,0,7,0,0,7
CATACORA,"anticoncepcion, prevencion de its y de cancer de cuello uterino",inyectable trimestral: usuarias continuas,2016-09-01,0,1,0,4,0,5
CHACARILLA,"anticoncepcion, prevencion de its y de cancer de cuello uterino",inyectable trimestral: usuarias continuas,2016-09-01,0,0,2,2,0,4
CHALLAPATA,"anticoncepcion, prevencion de its y de cancer de cuello uterino",inyectable trimestral: usuarias continuas,2016-09-01,0,0,31,10,0,41
CHAQUI,"anticoncepcion, prevencion de its y de cancer de cuello uterino",inyectable trimestral: usuarias continuas,2016-09-01,0,1,4,6,0,11
CHARAGUA,"anticoncepcion, prevencion de its y de cancer de cuello uterino",inyectable trimestral: usuarias continuas,2016-09-01,0,5,43,19,1,68
CHARAÃ‘A,"anticoncepcion, prevencion de its y de cancer de cuello uterino",inyectable trimestral: usuarias continuas,2016-09-01,0,0,3,1,0,4
CHAYANTA,"anticoncepcion, prevencion de its y de cancer de cuello uterino",inyectable trimestral: usuarias continuas,2016-09-01,0,6,39,20,1,66
CHIMORE,"anticoncepcion, prevencion de its y de cancer de cuello uterino",inyectable trimestral: usuarias continuas,2016-09-01,0,1,38,15,1,55
CHIPAYA,"anticoncepcion, prevencion de its y de cancer de cuello uterino",inyectable trimestral: usuarias continuas,2016-09-01,1,2,9,4,0,16
CHOQUE COTA,"anticoncepcion, prevencion de its y de cancer de cuello uterino",inyectable trimestral: usuarias continuas,2016-09-01,0,0,1,3,0,4
CHUA COCANI,"anticoncepcion, prevencion de its y de cancer de cuello uterino",inyectable trimestral: usuarias continuas,2016-09-01,0,1,4,4,0,9
CHULUMANI (V. DE LA LIBERTAD),"anticoncepcion, prevencion de its y de cancer de cuello uterino",inyectable trimestral: usuarias continuas,2016-09-01,0,3,21,12,0,36
CHUMA,"anticoncepcion, prevencion de its y de cancer de cuello uterino",inyectable trimestral: usuarias continuas,2016-09-01,0,2,23,18,1,44
CHUQUIHUTA AYLLU JUCUMANI,"anticoncepcion, prevencion de its y de cancer de cuello uterino",inyectable trimestral: usuarias continuas,2016-09-01,0,2,16,6,0,24
CKOCHAS,"anticoncepcion, prevencion de its y de cancer de cuello uterino",inyectable trimestral: usuarias continuas,2016-09-01,0,1,11,19,0,31
CLIZA,"anticoncepcion, prevencion de its y de cancer de cuello uterino",inyectable trimestral: usuarias continuas,2016-09-01,0,5,34,13,0,52
COBIJA,"anticoncepcion, prevencion de its y de cancer de cuello uterino",inyectable trimestral: usuarias continuas,2016-09-01,1,21,83,27,1,133
COCAPATA,"anticoncepcion, prevencion de its y de cancer de cuello uterino",inyectable trimestral: usuarias continuas,2016-09-01,0,5,33,36,0,74
COCHABAMBA,"anticoncepcion, prevencion de its y de cancer de cuello uterino",inyectable trimestral: usuarias continuas,2016-09-01,0,31,396,143,5,575
COIPASA,"anticoncepcion, prevencion de its y de cancer de cuello uterino",inyectable trimestral: usuarias continuas,2016-09-01,0,0,1,1,0,2
COLCAPIRHUA,"anticoncepcion, prevencion de its y de cancer de cuello uterino",inyectable trimestral: usuarias continuas,2016-09-01,1,3,32,6,0,42
"COLCHA ""K""","anticoncepcion, prevencion de its y de cancer de cuello uterino",inyectable trimestral: usuarias continuas,2016-09-01,0,6,32,21,1,60
COLLANA,"anticoncepcion, prevencion de its y de cancer de cuello uterino",inyectable trimestral: usuarias continuas,2016-09-01,0,0,9,4,0,13
COLOMI,"anticoncepcion, prevencion de its y de cancer de cuello uterino",inyectable trimestral: usuarias continuas,2016-09-01,0,7,55,20,0,82
COLPA BELGICA,"anticoncepcion, prevencion de its y de cancer de cuello uterino",inyectable trimestral: usuarias continuas,2016-09-01,0,1,11,1,0,13
COLQUECHACA,"anticoncepcion, prevencion de its y de cancer de cuello uterino",inyectable trimestral: usuarias continuas,2016-09-01,0,5,44,21,0,70
COLQUENCHA,"anticoncepcion, prevencion de its y de cancer de cuello uterino",inyectable trimestral: usuarias continuas,2016-09-01,0,1,24,18,0,43
COLQUIRI,"anticoncepcion, prevencion de its y de cancer de cuello uterino",inyectable trimestral: usuarias continuas,2016-09-01,0,3,9,8,0,20
COMANCHE,"anticoncepcion, prevencion de its y de cancer de cuello uterino",inyectable trimestral: usuarias continuas,2016-09-01,0,0,5,2,0,7
COMARAPA,"anticoncepcion, prevencion de its y de cancer de cuello uterino",inyectable trimestral: usuarias continuas,2016-09-01,0,11,76,29,1,117
COMBAYA,"anticoncepcion, prevencion de its y de cancer de cuello uterino",inyectable trimestral: usuarias continuas,2016-09-01,0,0,4,2,0,6
CONCEPCION,"anticoncepcion, prevencion de its y de cancer de cuello uterino",inyectable trimestral: usuarias continuas,2016-09-01,0,2,20,11,0,33
COPACABANA,"anticoncepcion, prevencion de its y de cancer de cuello uterino",inyectable trimestral: usuarias continuas,2016-09-01,0,2,23,14,0,39
CORIPATA,"anticoncepcion, prevencion de its y de cancer de cuello uterino",inyectable trimestral: usuarias continuas,2016-09-01,0,2,27,18,0,47
CORO CORO,"anticoncepcion, prevencion de its y de cancer de cuello uterino",inyectable trimestral: usuarias continuas,2016-09-01,0,1,11,4,0,16
COROICO,"anticoncepcion, prevencion de its y de cancer de cuello uterino",inyectable trimestral: usuarias continuas,2016-09-01,0,4,12,3,0,19
CORQUE,"anticoncepcion, prevencion de its y de cancer de cuello uterino",inyectable trimestral: usuarias continuas,2016-09-01,0,1,5,6,0,12
COTAGAITA,"anticoncepcion, prevencion de its y de cancer de cuello uterino",inyectable trimestral: usuarias continuas,2016-09-01,1,5,39,29,0,74
COTOCA,"anticoncepcion, prevencion de its y de cancer de cuello uterino",inyectable trimestral: usuarias continuas,2016-09-01,1,17,79,35,0,132
CRUZ DE MACHACAMARCA,"anticoncepcion, prevencion de its y de cancer de cuello uterino",inyectable trimestral: usuarias continuas,2016-09-01,0,0,0,1,0,1
CUATRO CAÃ‘ADAS,"anticoncepcion, prevencion de its y de cancer de cuello uterino",inyectable trimestral: usuarias continuas,2016-09-01,0,7,35,16,0,58
CUCHUMUELA (V. G. VILLARROEL),"anticoncepcion, prevencion de its y de cancer de cuello uterino",inyectable trimestral: usuarias continuas,2016-09-01,0,0,1,1,0,2
CUEVO,"anticoncepcion, prevencion de its y de cancer de cuello uterino",inyectable trimestral: usuarias continuas,2016-09-01,0,2,15,11,0,28
CULPINA,"anticoncepcion, prevencion de its y de cancer de cuello uterino",inyectable trimestral: usuarias continuas,2016-09-01,1,1,40,36,0,78
CURAHUARA DE CARANGAS,"anticoncepcion, prevencion de its y de cancer de cuello uterino",inyectable trimestral: usuarias continuas,2016-09-01,0,1,7,8,0,16
CURVA,"anticoncepcion, prevencion de its y de cancer de cuello uterino",inyectable trimestral: usuarias continuas,2016-09-01,0,0,2,2,0,4
DESAGUADERO,"anticoncepcion, prevencion de its y de cancer de cuello uterino",inyectable trimestral: usuarias continuas,2016-09-01,0,0,10,4,0,14
EL ALTO,"anticoncepcion, prevencion de its y de cancer de cuello uterino",inyectable trimestral: usuarias continuas,2016-09-01,0,29,454,254,1,738
EL CHORO,"anticoncepcion, prevencion de its y de cancer de cuello uterino",inyectable trimestral: usuarias continuas,2016-09-01,0,0,5,0,0,5
EL PUENTE(STC),"anticoncepcion, prevencion de its y de cancer de cuello uterino",inyectable trimestral: usuarias continuas,2016-09-01,0,4,23,14,1,42
EL PUENTE(TJA),"anticoncepcion, prevencion de its y de cancer de cuello uterino",inyectable trimestral: usuarias continuas,2016-09-01,0,11,44,24,0,79
EL TORNO,"anticoncepcion, prevencion de its y de cancer de cuello uterino",inyectable trimestral: usuarias continuas,2016-09-01,2,14,99,37,1,153
EL VILLAR,"anticoncepcion, prevencion de its y de cancer de cuello uterino",inyectable trimestral: usuarias continuas,2016-09-01,0,1,11,15,0,27
ENTRE RIOS TRJ,"anticoncepcion, prevencion de its y de cancer de cuello uterino",inyectable trimestral: usuarias continuas,2016-09-01,0,26,97,56,0,179
ENTRE RIOS CBBA,"anticoncepcion, prevencion de its y de cancer de cuello uterino",inyectable trimestral: usuarias continuas,2016-09-01,0,10,52,17,0,79
ESCARA,"anticoncepcion, prevencion de its y de cancer de cuello uterino",inyectable trimestral: usuarias continuas,2016-09-01,0,0,1,0,0,1
ESCOMA,"anticoncepcion, prevencion de its y de cancer de cuello uterino",inyectable trimestral: usuarias continuas,2016-09-01,0,1,4,0,0,5
ESMERALDA,"anticoncepcion, prevencion de its y de cancer de cuello uterino",inyectable trimestral: usuarias continuas,2016-09-01,0,0,1,0,0,1
EUCALIPTUS,"anticoncepcion, prevencion de its y de cancer de cuello uterino",inyectable trimestral: usuarias continuas,2016-09-01,0,3,5,4,0,12
EUREKA (SANTOS MERCADO),"anticoncepcion, prevencion de its y de cancer de cuello uterino",inyectable trimestral: usuarias continuas,2016-09-01,0,1,1,1,0,3
EXALTACION,"anticoncepcion, prevencion de its y de cancer de cuello uterino",inyectable trimestral: usuarias continuas,2016-09-01,0,0,0,1,0,1
FERNANDEZ ALONSO,"anticoncepcion, prevencion de its y de cancer de cuello uterino",inyectable trimestral: usuarias continuas,2016-09-01,0,4,34,11,2,51
FILADELFIA,"anticoncepcion, prevencion de its y de cancer de cuello uterino",inyectable trimestral: usuarias continuas,2016-09-01,0,5,23,4,0,32
GENERAL SAAVEDRA,"anticoncepcion, prevencion de its y de cancer de cuello uterino",inyectable trimestral: usuarias continuas,2016-09-01,0,12,43,15,1,71
GRAL. J.J. PEREZ (CHARAZANI),"anticoncepcion, prevencion de its y de cancer de cuello uterino",inyectable trimestral: usuarias continuas,2016-09-01,0,0,12,8,0,20
GUANAY,"anticoncepcion, prevencion de its y de cancer de cuello uterino",inyectable trimestral: usuarias continuas,2016-09-01,0,2,12,2,0,16
GUAQUI,"anticoncepcion, prevencion de its y de cancer de cuello uterino",inyectable trimestral: usuarias continuas,2016-09-01,0,1,7,3,0,11
GUAYARAMERIN,"anticoncepcion, prevencion de its y de cancer de cuello uterino",inyectable trimestral: usuarias continuas,2016-09-01,0,10,25,9,0,44
GUTIERREZ,"anticoncepcion, prevencion de its y de cancer de cuello uterino",inyectable trimestral: usuarias continuas,2016-09-01,0,3,26,17,0,46
HUACARETA,"anticoncepcion, prevencion de its y de cancer de cuello uterino",inyectable trimestral: usuarias continuas,2016-09-01,0,5,12,9,0,26
HUACAYA (VILLA DE HUACAYA),"anticoncepcion, prevencion de its y de cancer de cuello uterino",inyectable trimestral: usuarias continuas,2016-09-01,0,3,11,2,0,16
HUACHACALLA,"anticoncepcion, prevencion de its y de cancer de cuello uterino",inyectable trimestral: usuarias continuas,2016-09-01,0,0,1,2,0,3
HUANUNI,"anticoncepcion, prevencion de its y de cancer de cuello uterino",inyectable trimestral: usuarias continuas,2016-09-01,0,0,13,2,0,15
HUARACAJE,"anticoncepcion, prevencion de its y de cancer de cuello uterino",inyectable trimestral: usuarias continuas,2016-09-01,0,1,7,4,0,12
HUARINA,"anticoncepcion, prevencion de its y de cancer de cuello uterino",inyectable trimestral: usuarias continuas,2016-09-01,0,3,5,3,0,11
HUAYLLAMARCA,"anticoncepcion, prevencion de its y de cancer de cuello uterino",inyectable trimestral: usuarias continuas,2016-09-01,0,2,11,7,0,20
HUMANATA,"anticoncepcion, prevencion de its y de cancer de cuello uterino",inyectable trimestral: usuarias continuas,2016-09-01,0,0,4,3,0,7
ICHOCA,"anticoncepcion, prevencion de its y de cancer de cuello uterino",inyectable trimestral: usuarias continuas,2016-09-01,0,1,5,3,0,9
ICLA,"anticoncepcion, prevencion de its y de cancer de cuello uterino",inyectable trimestral: usuarias continuas,2016-09-01,0,2,15,18,0,35
INCAHUASI,"anticoncepcion, prevencion de its y de cancer de cuello uterino",inyectable trimestral: usuarias continuas,2016-09-01,0,3,19,17,0,39
INGAVI (HUMAITA),"anticoncepcion, prevencion de its y de cancer de cuello uterino",inyectable trimestral: usuarias continuas,2016-09-01,0,0,2,0,0,2
INQUISIVI,"anticoncepcion, prevencion de its y de cancer de cuello uterino",inyectable trimestral: usuarias continuas,2016-09-01,0,2,19,17,1,39
IRUPANA (VILLA DE LANZA),"anticoncepcion, prevencion de its y de cancer de cuello uterino",inyectable trimestral: usuarias continuas,2016-09-01,0,5,38,17,1,61
IXIAMAS,"anticoncepcion, prevencion de its y de cancer de cuello uterino",inyectable trimestral: usuarias continuas,2016-09-01,0,1,33,5,0,39
JESUS DE MACHACA,"anticoncepcion, prevencion de its y de cancer de cuello uterino",inyectable trimestral: usuarias continuas,2016-09-01,0,1,17,9,0,27
LA ASUNTA,"anticoncepcion, prevencion de its y de cancer de cuello uterino",inyectable trimestral: usuarias continuas,2016-09-01,0,4,100,34,0,138
LA GUARDIA,"anticoncepcion, prevencion de its y de cancer de cuello uterino",inyectable trimestral: usuarias continuas,2016-09-01,0,14,79,23,1,117
LA PAZ,"anticoncepcion, prevencion de its y de cancer de cuello uterino",inyectable trimestral: usuarias continuas,2016-09-01,0,20,272,91,1,384
LA RIVERA,"anticoncepcion, prevencion de its y de cancer de cuello uterino",inyectable trimestral: usuarias continuas,2016-09-01,0,0,2,0,0,2
LAGUNILLAS,"anticoncepcion, prevencion de its y de cancer de cuello uterino",inyectable trimestral: usuarias continuas,2016-09-01,0,1,14,4,0,19
LAJA,"anticoncepcion, prevencion de its y de cancer de cuello uterino",inyectable trimestral: usuarias continuas,2016-09-01,0,5,29,11,1,46
LAS CARRERAS,"anticoncepcion, prevencion de its y de cancer de cuello uterino",inyectable trimestral: usuarias continuas,2016-09-01,0,1,6,4,0,11
LICOMA PAMPA,"anticoncepcion, prevencion de its y de cancer de cuello uterino",inyectable trimestral: usuarias continuas,2016-09-01,1,7,10,9,0,27
LLALLAGUA,"anticoncepcion, prevencion de its y de cancer de cuello uterino",inyectable trimestral: usuarias continuas,2016-09-01,0,3,68,18,0,89
LLICA,"anticoncepcion, prevencion de its y de cancer de cuello uterino",inyectable trimestral: usuarias continuas,2016-09-01,0,1,11,3,1,16
LORETO,"anticoncepcion, prevencion de its y de cancer de cuello uterino",inyectable trimestral: usuarias continuas,2016-09-01,0,3,11,1,0,15
LURIBAY,"anticoncepcion, prevencion de its y de cancer de cuello uterino",inyectable trimestral: usuarias continuas,2016-09-01,0,4,18,16,2,40
MACHACAMARCA,"anticoncepcion, prevencion de its y de cancer de cuello uterino",inyectable trimestral: usuarias continuas,2016-09-01,0,0,2,0,0,2
MACHARETI,"anticoncepcion, prevencion de its y de cancer de cuello uterino",inyectable trimestral: usuarias continuas,2016-09-01,0,4,33,18,1,56
MAGDALENA,"anticoncepcion, prevencion de its y de cancer de cuello uterino",inyectable trimestral: usuarias continuas,2016-09-01,0,6,26,8,0,40
MAIRANA,"anticoncepcion, prevencion de its y de cancer de cuello uterino",inyectable trimestral: usuarias continuas,2016-09-01,0,9,24,7,0,40
MALLA,"anticoncepcion, prevencion de its y de cancer de cuello uterino",inyectable trimestral: usuarias continuas,2016-09-01,0,0,4,2,0,6
MAPIRI,"anticoncepcion, prevencion de its y de cancer de cuello uterino",inyectable trimestral: usuarias continuas,2016-09-01,0,1,20,6,0,27
MECAPACA,"anticoncepcion, prevencion de its y de cancer de cuello uterino",inyectable trimestral: usuarias continuas,2016-09-01,0,0,29,11,0,40
MINEROS,"anticoncepcion, prevencion de its y de cancer de cuello uterino",inyectable trimestral: usuarias continuas,2016-09-01,1,8,45,17,0,71
MIZQUE,"anticoncepcion, prevencion de its y de cancer de cuello uterino",inyectable trimestral: usuarias continuas,2016-09-01,0,8,63,37,0,108
MOCOMOCO,"anticoncepcion, prevencion de its y de cancer de cuello uterino",inyectable trimestral: usuarias continuas,2016-09-01,0,0,11,16,0,27
MOJOCOYA,"anticoncepcion, prevencion de its y de cancer de cuello uterino",inyectable trimestral: usuarias continuas,2016-09-01,0,3,32,19,0,54
MONTEAGUDO,"anticoncepcion, prevencion de its y de cancer de cuello uterino",inyectable trimestral: usuarias continuas,2016-09-01,0,12,37,23,2,74
MONTERO,"anticoncepcion, prevencion de its y de cancer de cuello uterino",inyectable trimestral: usuarias continuas,2016-09-01,1,15,107,34,0,157
MORO MORO,"anticoncepcion, prevencion de its y de cancer de cuello uterino",inyectable trimestral: usuarias continuas,2016-09-01,0,5,9,6,0,20
MOROCHATA,"anticoncepcion, prevencion de its y de cancer de cuello uterino",inyectable trimestral: usuarias continuas,2016-09-01,0,6,30,35,0,71
NACEBE (SANTA ROSA DEL ABUNA),"anticoncepcion, prevencion de its y de cancer de cuello uterino",inyectable trimestral: usuarias continuas,2016-09-01,0,1,13,4,0,18
NAZACARA DE PACAJES,"anticoncepcion, prevencion de its y de cancer de cuello uterino",inyectable trimestral: usuarias continuas,2016-09-01,0,0,1,0,0,1
NUEVO MANOA (NUEVA ESPERANZA),"anticoncepcion, prevencion de its y de cancer de cuello uterino",inyectable trimestral: usuarias continuas,2016-09-01,0,3,4,1,0,8
OCURI,"anticoncepcion, prevencion de its y de cancer de cuello uterino",inyectable trimestral: usuarias continuas,2016-09-01,0,1,16,15,0,32
OKINAWA,"anticoncepcion, prevencion de its y de cancer de cuello uterino",inyectable trimestral: usuarias continuas,2016-09-01,0,3,18,9,0,30
OMEREQUE,"anticoncepcion, prevencion de its y de cancer de cuello uterino",inyectable trimestral: usuarias continuas,2016-09-01,0,3,19,11,0,33
ORURO,"anticoncepcion, prevencion de its y de cancer de cuello uterino",inyectable trimestral: usuarias continuas,2016-09-01,1,24,400,143,3,571
PADCAYA,"anticoncepcion, prevencion de its y de cancer de cuello uterino",inyectable trimestral: usuarias continuas,2016-09-01,0,9,91,75,1,176
PADILLA,"anticoncepcion, prevencion de its y de cancer de cuello uterino",inyectable trimestral: usuarias continuas,2016-09-01,0,3,42,19,1,65
PAILON,"anticoncepcion, prevencion de its y de cancer de cuello uterino",inyectable trimestral: usuarias continuas,2016-09-01,0,3,7,2,0,12
PALCA,"anticoncepcion, prevencion de its y de cancer de cuello uterino",inyectable trimestral: usuarias continuas,2016-09-01,0,1,28,12,2,43
PALOS BLANCOS,"anticoncepcion, prevencion de its y de cancer de cuello uterino",inyectable trimestral: usuarias continuas,2016-09-01,0,3,41,22,2,68
PAMPA AULLAGAS,"anticoncepcion, prevencion de its y de cancer de cuello uterino",inyectable trimestral: usuarias continuas,2016-09-01,0,0,1,1,1,3
PAMPA GRANDE,"anticoncepcion, prevencion de its y de cancer de cuello uterino",inyectable trimestral: usuarias continuas,2016-09-01,0,4,34,14,2,54
PAPEL PAMPA,"anticoncepcion, prevencion de its y de cancer de cuello uterino",inyectable trimestral: usuarias continuas,2016-09-01,0,1,8,9,0,18
PASORAPA,"anticoncepcion, prevencion de its y de cancer de cuello uterino",inyectable trimestral: usuarias continuas,2016-09-01,0,3,14,12,0,29
PATACAMAYA,"anticoncepcion, prevencion de its y de cancer de cuello uterino",inyectable trimestral: usuarias continuas,2016-09-01,0,3,19,10,0,32
PAZÃ‘A,"anticoncepcion, prevencion de its y de cancer de cuello uterino",inyectable trimestral: usuarias continuas,2016-09-01,0,1,8,5,0,14
PELECHUCO,"anticoncepcion, prevencion de its y de cancer de cuello uterino",inyectable trimestral: usuarias continuas,2016-09-01,0,0,13,3,0,16
POCOATA,"anticoncepcion, prevencion de its y de cancer de cuello uterino",inyectable trimestral: usuarias continuas,2016-09-01,0,3,22,28,0,53
POCONA,"anticoncepcion, prevencion de its y de cancer de cuello uterino",inyectable trimestral: usuarias continuas,2016-09-01,0,6,51,37,4,98
POJO (CBBA),"anticoncepcion, prevencion de its y de cancer de cuello uterino",inyectable trimestral: usuarias continuas,2016-09-01,0,6,51,28,0,85
POOPO,"anticoncepcion, prevencion de its y de cancer de cuello uterino",inyectable trimestral: usuarias continuas,2016-09-01,0,0,4,3,0,7
PORCO,"anticoncepcion, prevencion de its y de cancer de cuello uterino",inyectable trimestral: usuarias continuas,2016-09-01,1,3,8,7,0,19
POROMA,"anticoncepcion, prevencion de its y de cancer de cuello uterino",inyectable trimestral: usuarias continuas,2016-09-01,0,1,45,23,1,70
PORONGO,"anticoncepcion, prevencion de its y de cancer de cuello uterino",inyectable trimestral: usuarias continuas,2016-09-01,0,1,13,2,0,16
PORTACHUELO,"anticoncepcion, prevencion de its y de cancer de cuello uterino",inyectable trimestral: usuarias continuas,2016-09-01,1,8,21,12,0,42
PORVENIR,"anticoncepcion, prevencion de its y de cancer de cuello uterino",inyectable trimestral: usuarias continuas,2016-09-01,1,6,28,4,0,39
POSTRER VALLE,"anticoncepcion, prevencion de its y de cancer de cuello uterino",inyectable trimestral: usuarias continuas,2016-09-01,0,0,3,1,0,4
POTOSI,"anticoncepcion, prevencion de its y de cancer de cuello uterino",inyectable trimestral: usuarias continuas,2016-09-01,0,27,384,137,0,548
PRESTO,"anticoncepcion, prevencion de its y de cancer de cuello uterino",inyectable trimestral: usuarias continuas,2016-09-01,0,3,15,13,0,31
PUCARA,"anticoncepcion, prevencion de its y de cancer de cuello uterino",inyectable trimestral: usuarias continuas,2016-09-01,0,1,8,1,0,10
PUCARANI,"anticoncepcion, prevencion de its y de cancer de cuello uterino",inyectable trimestral: usuarias continuas,2016-09-01,0,6,50,41,0,97
PUERTO ACOSTA,"anticoncepcion, prevencion de its y de cancer de cuello uterino",inyectable trimestral: usuarias continuas,2016-09-01,0,1,2,2,0,5
PUERTO CARABUCO,"anticoncepcion, prevencion de its y de cancer de cuello uterino",inyectable trimestral: usuarias continuas,2016-09-01,0,1,14,13,0,28
PUERTO GONZALO MORENO,"anticoncepcion, prevencion de its y de cancer de cuello uterino",inyectable trimestral: usuarias continuas,2016-09-01,0,4,18,10,1,33
PUERTO PEREZ,"anticoncepcion, prevencion de its y de cancer de cuello uterino",inyectable trimestral: usuarias continuas,2016-09-01,0,0,3,4,0,7
PUERTO QUIJARRO,"anticoncepcion, prevencion de its y de cancer de cuello uterino",inyectable trimestral: usuarias continuas,2016-09-01,0,4,9,1,0,14
PUERTO RICO,"anticoncepcion, prevencion de its y de cancer de cuello uterino",inyectable trimestral: usuarias continuas,2016-09-01,0,7,33,8,0,48
PUERTO SUAREZ,"anticoncepcion, prevencion de its y de cancer de cuello uterino",inyectable trimestral: usuarias continuas,2016-09-01,0,4,11,5,0,20
PUERTO VILLARROEL,"anticoncepcion, prevencion de its y de cancer de cuello uterino",inyectable trimestral: usuarias continuas,2016-09-01,0,11,75,24,0,110
PUNA,"anticoncepcion, prevencion de its y de cancer de cuello uterino",inyectable trimestral: usuarias continuas,2016-09-01,0,1,14,22,0,37
PUNATA,"anticoncepcion, prevencion de its y de cancer de cuello uterino",inyectable trimestral: usuarias continuas,2016-09-01,0,5,66,24,1,96
QUIABAYA,"anticoncepcion, prevencion de its y de cancer de cuello uterino",inyectable trimestral: usuarias continuas,2016-09-01,0,5,7,2,1,15
QUILLACOLLO,"anticoncepcion, prevencion de its y de cancer de cuello uterino",inyectable trimestral: usuarias continuas,2016-09-01,0,14,113,32,0,159
QUIME,"anticoncepcion, prevencion de its y de cancer de cuello uterino",inyectable trimestral: usuarias continuas,2016-09-01,0,2,24,8,0,34
QUIRUSILLAS,"anticoncepcion, prevencion de its y de cancer de cuello uterino",inyectable trimestral: usuarias continuas,2016-09-01,0,2,6,2,0,10
RAVELO,"anticoncepcion, prevencion de its y de cancer de cuello uterino",inyectable trimestral: usuarias continuas,2016-09-01,1,5,37,33,3,79
REYES,"anticoncepcion, prevencion de its y de cancer de cuello uterino",inyectable trimestral: usuarias continuas,2016-09-01,0,2,26,9,0,37
RIBERALTA,"anticoncepcion, prevencion de its y de cancer de cuello uterino",inyectable trimestral: usuarias continuas,2016-09-01,2,34,124,41,0,201
ROBORE,"anticoncepcion, prevencion de its y de cancer de cuello uterino",inyectable trimestral: usuarias continuas,2016-09-01,0,5,29,13,0,47
RURRENABAQUE,"anticoncepcion, prevencion de its y de cancer de cuello uterino",inyectable trimestral: usuarias continuas,2016-09-01,0,8,27,11,0,46
SABAYA,"anticoncepcion, prevencion de its y de cancer de cuello uterino",inyectable trimestral: usuarias continuas,2016-09-01,0,1,5,2,0,8
SACABA,"anticoncepcion, prevencion de its y de cancer de cuello uterino",inyectable trimestral: usuarias continuas,2016-09-01,0,10,113,45,0,168
SACABAMBA,"anticoncepcion, prevencion de its y de cancer de cuello uterino",inyectable trimestral: usuarias continuas,2016-09-01,0,0,4,3,0,7
SACACA,"anticoncepcion, prevencion de its y de cancer de cuello uterino",inyectable trimestral: usuarias continuas,2016-09-01,0,3,30,19,0,52
SAIPINA,"anticoncepcion, prevencion de its y de cancer de cuello uterino",inyectable trimestral: usuarias continuas,2016-09-01,0,4,19,4,0,27
SALINAS DE GARCI MENDOZA,"anticoncepcion, prevencion de its y de cancer de cuello uterino",inyectable trimestral: usuarias continuas,2016-09-01,0,1,25,8,0,34
SAMAIPATA,"anticoncepcion, prevencion de its y de cancer de cuello uterino",inyectable trimestral: usuarias continuas,2016-09-01,0,2,2,0,0,4
SAN AGUSTIN,"anticoncepcion, prevencion de its y de cancer de cuello uterino",inyectable trimestral: usuarias continuas,2016-09-01,0,0,7,2,0,9
SAN ANDRES,"anticoncepcion, prevencion de its y de cancer de cuello uterino",inyectable trimestral: usuarias continuas,2016-09-01,0,7,30,4,0,41
SAN ANDRES DE MACHACA,"anticoncepcion, prevencion de its y de cancer de cuello uterino",inyectable trimestral: usuarias continuas,2016-09-01,0,0,2,0,0,2
SAN ANTONIO DE ESMORUCO,"anticoncepcion, prevencion de its y de cancer de cuello uterino",inyectable trimestral: usuarias continuas,2016-09-01,0,1,11,1,0,13
SAN ANTONIO DE LOMERIO,"anticoncepcion, prevencion de its y de cancer de cuello uterino",inyectable trimestral: usuarias continuas,2016-09-01,0,2,19,15,0,36
SAN BENITO,"anticoncepcion, prevencion de its y de cancer de cuello uterino",inyectable trimestral: usuarias continuas,2016-09-01,0,1,26,12,0,39
SAN BORJA,"anticoncepcion, prevencion de its y de cancer de cuello uterino",inyectable trimestral: usuarias continuas,2016-09-01,1,9,77,29,0,116
SAN BUENA VENTURA,"anticoncepcion, prevencion de its y de cancer de cuello uterino",inyectable trimestral: usuarias continuas,2016-09-01,0,2,10,3,0,15
SAN CARLOS,"anticoncepcion, prevencion de its y de cancer de cuello uterino",inyectable trimestral: usuarias continuas,2016-09-01,0,12,21,9,0,42
SAN IGNACIO,"anticoncepcion, prevencion de its y de cancer de cuello uterino",inyectable trimestral: usuarias continuas,2016-09-01,0,8,65,28,1,102
SAN IGNACIO DE VELASCO,"anticoncepcion, prevencion de its y de cancer de cuello uterino",inyectable trimestral: usuarias continuas,2016-09-01,0,18,116,45,0,179
SAN JAVIER(BNI),"anticoncepcion, prevencion de its y de cancer de cuello uterino",inyectable trimestral: usuarias continuas,2016-09-01,0,0,5,0,0,5
SAN JAVIER(STC),"anticoncepcion, prevencion de its y de cancer de cuello uterino",inyectable trimestral: usuarias continuas,2016-09-01,0,5,34,4,0,43
SAN JOSE DE CHIQUITOS,"anticoncepcion, prevencion de its y de cancer de cuello uterino",inyectable trimestral: usuarias continuas,2016-09-01,0,4,25,14,0,43
SAN JUAN DE YAPACANI,"anticoncepcion, prevencion de its y de cancer de cuello uterino",inyectable trimestral: usuarias continuas,2016-09-01,0,8,22,13,0,43
SAN JULIAN,"anticoncepcion, prevencion de its y de cancer de cuello uterino",inyectable trimestral: usuarias continuas,2016-09-01,1,3,62,28,1,95
SAN LORENZO(PND),"anticoncepcion, prevencion de its y de cancer de cuello uterino",inyectable trimestral: usuarias continuas,2016-09-01,0,1,17,8,0,26
SAN LORENZO(TJA),"anticoncepcion, prevencion de its y de cancer de cuello uterino",inyectable trimestral: usuarias continuas,2016-09-01,1,9,81,56,3,150
SAN LUCAS,"anticoncepcion, prevencion de its y de cancer de cuello uterino",inyectable trimestral: usuarias continuas,2016-09-01,1,11,59,32,0,103
SAN MATIAS,"anticoncepcion, prevencion de its y de cancer de cuello uterino",inyectable trimestral: usuarias continuas,2016-09-01,0,4,21,5,0,30
SAN MIGUEL DE VELASCO,"anticoncepcion, prevencion de its y de cancer de cuello uterino",inyectable trimestral: usuarias continuas,2016-09-01,0,13,54,29,0,96
SAN PABLO DE LIPEZ,"anticoncepcion, prevencion de its y de cancer de cuello uterino",inyectable trimestral: usuarias continuas,2016-09-01,0,0,3,5,0,8
SAN PEDRO,"anticoncepcion, prevencion de its y de cancer de cuello uterino",inyectable trimestral: usuarias continuas,2016-09-01,0,4,36,14,0,54
SAN PEDRO DE BUENA VISTA,"anticoncepcion, prevencion de its y de cancer de cuello uterino",inyectable trimestral: usuarias continuas,2016-09-01,0,1,14,8,0,23
SAN PEDRO DE CURAHUARA,"anticoncepcion, prevencion de its y de cancer de cuello uterino",inyectable trimestral: usuarias continuas,2016-09-01,0,2,10,7,0,19
SAN PEDRO DE QUEMES,"anticoncepcion, prevencion de its y de cancer de cuello uterino",inyectable trimestral: usuarias continuas,2016-09-01,0,0,4,0,0,4
SAN PEDRO DE TIQUINA,"anticoncepcion, prevencion de its y de cancer de cuello uterino",inyectable trimestral: usuarias continuas,2016-09-01,0,0,6,1,0,7
SAN PEDRO(PND),"anticoncepcion, prevencion de its y de cancer de cuello uterino",inyectable trimestral: usuarias continuas,2016-09-01,0,0,7,2,0,9
SAN RAFAEL,"anticoncepcion, prevencion de its y de cancer de cuello uterino",inyectable trimestral: usuarias continuas,2016-09-01,0,6,29,19,2,56
SAN RAMON BENI,"anticoncepcion, prevencion de its y de cancer de cuello uterino",inyectable trimestral: usuarias continuas,2016-09-01,0,0,1,1,0,2
SAN RAMON SCZ,"anticoncepcion, prevencion de its y de cancer de cuello uterino",inyectable trimestral: usuarias continuas,2016-09-01,0,11,32,7,0,50
SANTA ANA,"anticoncepcion, prevencion de its y de cancer de cuello uterino",inyectable trimestral: usuarias continuas,2016-09-01,0,1,6,0,0,7
SANTA CRUZ DE LA SIERRA,"anticoncepcion, prevencion de its y de cancer de cuello uterino",inyectable trimestral: usuarias continuas,2016-09-01,0,61,233,78,0,372
SANTA ROSA,"anticoncepcion, prevencion de its y de cancer de cuello uterino",inyectable trimestral: usuarias continuas,2016-09-01,0,1,8,3,0,12
SANTA ROSA DEL SARA,"anticoncepcion, prevencion de its y de cancer de cuello uterino",inyectable trimestral: usuarias continuas,2016-09-01,0,5,41,23,0,69
SANTIAGO DE CALLAPA,"anticoncepcion, prevencion de its y de cancer de cuello uterino",inyectable trimestral: usuarias continuas,2016-09-01,0,0,1,1,0,2
SANTIAGO DE HUARI,"anticoncepcion, prevencion de its y de cancer de cuello uterino",inyectable trimestral: usuarias continuas,2016-09-01,0,2,6,1,0,9
SANTIAGO DE HUATA,"anticoncepcion, prevencion de its y de cancer de cuello uterino",inyectable trimestral: usuarias continuas,2016-09-01,0,2,11,7,0,20
SANTIAGO DE MACHACA,"anticoncepcion, prevencion de its y de cancer de cuello uterino",inyectable trimestral: usuarias continuas,2016-09-01,0,1,3,3,0,7
SANTIVAÃ‘ES,"anticoncepcion, prevencion de its y de cancer de cuello uterino",inyectable trimestral: usuarias continuas,2016-09-01,0,0,12,9,0,21
SANTUARIO DE QUILLACAS,"anticoncepcion, prevencion de its y de cancer de cuello uterino",inyectable trimestral: usuarias continuas,2016-09-01,0,0,7,4,0,11
SAPAHAQUI,"anticoncepcion, prevencion de its y de cancer de cuello uterino",inyectable trimestral: usuarias continuas,2016-09-01,0,1,22,13,0,36
SENA,"anticoncepcion, prevencion de its y de cancer de cuello uterino",inyectable trimestral: usuarias continuas,2016-09-01,0,2,16,2,0,20
SHINAOTA,"anticoncepcion, prevencion de its y de cancer de cuello uterino",inyectable trimestral: usuarias continuas,2016-09-01,0,1,40,16,0,57
SICA SICA (VILLA AROMA),"anticoncepcion, prevencion de its y de cancer de cuello uterino",inyectable trimestral: usuarias continuas,2016-09-01,0,3,31,29,1,64
SICAYA,"anticoncepcion, prevencion de its y de cancer de cuello uterino",inyectable trimestral: usuarias continuas,2016-09-01,0,1,17,7,0,25
SIPE SIPE,"anticoncepcion, prevencion de its y de cancer de cuello uterino",inyectable trimestral: usuarias continuas,2016-09-01,0,8,134,56,0,198
SOPACHUY,"anticoncepcion, prevencion de its y de cancer de cuello uterino",inyectable trimestral: usuarias continuas,2016-09-01,0,3,26,21,0,50
SORACACHI,"anticoncepcion, prevencion de its y de cancer de cuello uterino",inyectable trimestral: usuarias continuas,2016-09-01,0,1,24,11,0,36
SORATA,"anticoncepcion, prevencion de its y de cancer de cuello uterino",inyectable trimestral: usuarias continuas,2016-09-01,0,1,21,21,0,43
SUCRE,"anticoncepcion, prevencion de its y de cancer de cuello uterino",inyectable trimestral: usuarias continuas,2016-09-01,0,55,322,132,1,510
TACACOMA,"anticoncepcion, prevencion de its y de cancer de cuello uterino",inyectable trimestral: usuarias continuas,2016-09-01,0,1,21,9,0,31
TACOBAMBA,"anticoncepcion, prevencion de its y de cancer de cuello uterino",inyectable trimestral: usuarias continuas,2016-09-01,0,1,26,21,0,48
TACOPAYA,"anticoncepcion, prevencion de its y de cancer de cuello uterino",inyectable trimestral: usuarias continuas,2016-09-01,0,0,8,7,0,15
TAHUA,"anticoncepcion, prevencion de its y de cancer de cuello uterino",inyectable trimestral: usuarias continuas,2016-09-01,0,0,2,2,0,4
TAPACARI,"anticoncepcion, prevencion de its y de cancer de cuello uterino",inyectable trimestral: usuarias continuas,2016-09-01,0,4,53,47,1,105
TARABUCO,"anticoncepcion, prevencion de its y de cancer de cuello uterino",inyectable trimestral: usuarias continuas,2016-09-01,0,4,34,27,1,66
TARACO,"anticoncepcion, prevencion de its y de cancer de cuello uterino",inyectable trimestral: usuarias continuas,2016-09-01,0,0,12,12,1,25
TARATA,"anticoncepcion, prevencion de its y de cancer de cuello uterino",inyectable trimestral: usuarias continuas,2016-09-01,0,1,17,8,0,26
TARIJA,"anticoncepcion, prevencion de its y de cancer de cuello uterino",inyectable trimestral: usuarias continuas,2016-09-01,0,27,142,62,1,232
TARVITA,"anticoncepcion, prevencion de its y de cancer de cuello uterino",inyectable trimestral: usuarias continuas,2016-09-01,0,1,22,25,0,48
TEOPONTE,"anticoncepcion, prevencion de its y de cancer de cuello uterino",inyectable trimestral: usuarias continuas,2016-09-01,0,3,15,8,0,26
TIAWANACU,"anticoncepcion, prevencion de its y de cancer de cuello uterino",inyectable trimestral: usuarias continuas,2016-09-01,0,0,25,22,0,47
TINGUIPAYA,"anticoncepcion, prevencion de its y de cancer de cuello uterino",inyectable trimestral: usuarias continuas,2016-09-01,0,0,4,19,0,23
TIPUANI,"anticoncepcion, prevencion de its y de cancer de cuello uterino",inyectable trimestral: usuarias continuas,2016-09-01,0,1,14,8,0,23
TIQUIPAYA,"anticoncepcion, prevencion de its y de cancer de cuello uterino",inyectable trimestral: usuarias continuas,2016-09-01,0,8,49,20,0,77
TIRAQUE (CBBA),"anticoncepcion, prevencion de its y de cancer de cuello uterino",inyectable trimestral: usuarias continuas,2016-09-01,0,6,46,36,0,88
TITO YUPANQUI (PARQUIPUJIO),"anticoncepcion, prevencion de its y de cancer de cuello uterino",inyectable trimestral: usuarias continuas,2016-09-01,0,0,1,0,0,1
TOCO,"anticoncepcion, prevencion de its y de cancer de cuello uterino",inyectable trimestral: usuarias continuas,2016-09-01,0,1,12,8,0,21
TOLATA,"anticoncepcion, prevencion de its y de cancer de cuello uterino",inyectable trimestral: usuarias continuas,2016-09-01,0,2,29,3,0,34
TOLEDO,"anticoncepcion, prevencion de its y de cancer de cuello uterino",inyectable trimestral: usuarias continuas,2016-09-01,0,0,2,2,0,4
TOMAVE,"anticoncepcion, prevencion de its y de cancer de cuello uterino",inyectable trimestral: usuarias continuas,2016-09-01,0,0,14,15,0,29
TOMINA,"anticoncepcion, prevencion de its y de cancer de cuello uterino",inyectable trimestral: usuarias continuas,2016-09-01,0,2,35,25,0,62
TORO TORO,"anticoncepcion, prevencion de its y de cancer de cuello uterino",inyectable trimestral: usuarias continuas,2016-09-01,0,0,16,11,0,27
TOTORA(CBBA),"anticoncepcion, prevencion de its y de cancer de cuello uterino",inyectable trimestral: usuarias continuas,2016-09-01,0,12,74,27,0,113
TOTORA(ORR),"anticoncepcion, prevencion de its y de cancer de cuello uterino",inyectable trimestral: usuarias continuas,2016-09-01,0,4,15,9,0,28
TRIGAL,"anticoncepcion, prevencion de its y de cancer de cuello uterino",inyectable trimestral: usuarias continuas,2016-09-01,0,1,5,2,0,8
TRINIDAD,"anticoncepcion, prevencion de its y de cancer de cuello uterino",inyectable trimestral: usuarias continuas,2016-09-01,1,5,19,6,0,31
TUPIZA,"anticoncepcion, prevencion de its y de cancer de cuello uterino",inyectable trimestral: usuarias continuas,2016-09-01,0,8,109,55,1,173
TURCO,"anticoncepcion, prevencion de its y de cancer de cuello uterino",inyectable trimestral: usuarias continuas,2016-09-01,0,0,7,7,0,14
UMALA,"anticoncepcion, prevencion de its y de cancer de cuello uterino",inyectable trimestral: usuarias continuas,2016-09-01,0,1,11,6,0,18
UNCIA,"anticoncepcion, prevencion de its y de cancer de cuello uterino",inyectable trimestral: usuarias continuas,2016-09-01,0,2,27,23,1,53
URIONDO (A. CONCEPCION),"anticoncepcion, prevencion de its y de cancer de cuello uterino",inyectable trimestral: usuarias continuas,2016-09-01,1,12,46,34,0,93
URUBICHA,"anticoncepcion, prevencion de its y de cancer de cuello uterino",inyectable trimestral: usuarias continuas,2016-09-01,0,3,5,7,0,15
UYUNI,"anticoncepcion, prevencion de its y de cancer de cuello uterino",inyectable trimestral: usuarias continuas,2016-09-01,0,3,26,14,0,43
VACAS,"anticoncepcion, prevencion de its y de cancer de cuello uterino",inyectable trimestral: usuarias continuas,2016-09-01,0,5,15,12,0,32
VALLEGRANDE,"anticoncepcion, prevencion de its y de cancer de cuello uterino",inyectable trimestral: usuarias continuas,2016-09-01,0,8,56,7,0,71
VIACHA,"anticoncepcion, prevencion de its y de cancer de cuello uterino",inyectable trimestral: usuarias continuas,2016-09-01,0,12,87,42,1,142
VILA VILA,"anticoncepcion, prevencion de its y de cancer de cuello uterino",inyectable trimestral: usuarias continuas,2016-09-01,0,0,3,2,0,5
VILLA CHARCAS,"anticoncepcion, prevencion de its y de cancer de cuello uterino",inyectable trimestral: usuarias continuas,2016-09-01,0,6,42,30,1,79
VILLA MONTES,"anticoncepcion, prevencion de its y de cancer de cuello uterino",inyectable trimestral: usuarias continuas,2016-09-01,0,12,80,29,1,122
VILLA NUEVA (LOMA ALTA),"anticoncepcion, prevencion de its y de cancer de cuello uterino",inyectable trimestral: usuarias continuas,2016-09-01,0,1,7,4,0,12
VILLA RIVERO,"anticoncepcion, prevencion de its y de cancer de cuello uterino",inyectable trimestral: usuarias continuas,2016-09-01,0,5,25,8,0,38
VILLA SERRANO,"anticoncepcion, prevencion de its y de cancer de cuello uterino",inyectable trimestral: usuarias continuas,2016-09-01,0,5,21,23,0,49
VILLA TUNARI,"anticoncepcion, prevencion de its y de cancer de cuello uterino",inyectable trimestral: usuarias continuas,2016-09-01,0,21,284,87,1,393
VILLA VACA GUZMAN (MUYUPAMPA),"anticoncepcion, prevencion de its y de cancer de cuello uterino",inyectable trimestral: usuarias continuas,2016-09-01,0,3,18,18,1,40
VILLAZON,"anticoncepcion, prevencion de its y de cancer de cuello uterino",inyectable trimestral: usuarias continuas,2016-09-01,0,6,95,42,0,143
VINTO,"anticoncepcion, prevencion de its y de cancer de cuello uterino",inyectable trimestral: usuarias continuas,2016-09-01,0,7,58,25,0,90
VITICHI,"anticoncepcion, prevencion de its y de cancer de cuello uterino",inyectable trimestral: usuarias continuas,2016-09-01,0,0,8,10,0,18
WALDO BALLIVIAN,"anticoncepcion, prevencion de its y de cancer de cuello uterino",inyectable trimestral: usuarias continuas,2016-09-01,0,0,5,4,0,9
WARNES,"anticoncepcion, prevencion de its y de cancer de cuello uterino",inyectable trimestral: usuarias continuas,2016-09-01,2,38,137,45,1,223
YACO,"anticoncepcion, prevencion de its y de cancer de cuello uterino",inyectable trimestral: usuarias continuas,2016-09-01,0,1,13,4,0,18
YACUIBA,"anticoncepcion, prevencion de its y de cancer de cuello uterino",inyectable trimestral: usuarias continuas,2016-09-01,0,16,133,73,5,227
YAMPARAEZ,"anticoncepcion, prevencion de its y de cancer de cuello uterino",inyectable trimestral: usuarias continuas,2016-09-01,0,1,12,14,0,27
YANACACHI,"anticoncepcion, prevencion de its y de cancer de cuello uterino",inyectable trimestral: usuarias continuas,2016-09-01,0,0,6,9,0,15
YAPACANI,"anticoncepcion, prevencion de its y de cancer de cuello uterino",inyectable trimestral: usuarias continuas,2016-09-01,0,10,47,11,2,70
YOCALLA,"anticoncepcion, prevencion de its y de cancer de cuello uterino",inyectable trimestral: usuarias continuas,2016-09-01,0,1,16,3,0,20
YOTALA,"anticoncepcion, prevencion de its y de cancer de cuello uterino",inyectable trimestral: usuarias continuas,2016-09-01,0,0,5,8,0,13
YUNCHARA,"anticoncepcion, prevencion de its y de cancer de cuello uterino",inyectable trimestral: usuarias continuas,2016-09-01,0,4,29,21,0,54
YUNGUYO DE LITORAL,"anticoncepcion, prevencion de its y de cancer de cuello uterino",inyectable trimestral: usuarias continuas,2016-09-01,0,0,0,2,0,2
ZUDAÃ‘EZ,"anticoncepcion, prevencion de its y de cancer de cuello uterino",inyectable trimestral: usuarias continuas,2016-09-01,0,4,35,21,0,60
ACACIO,"anticoncepcion, prevencion de its y de cancer de cuello uterino",inyectable trimestral: usuarias continuas,2016-10-01,0,0,5,5,2,12
ACHACACHI,"anticoncepcion, prevencion de its y de cancer de cuello uterino",inyectable trimestral: usuarias continuas,2016-10-01,0,3,43,28,1,75
ACHOCALLA,"anticoncepcion, prevencion de its y de cancer de cuello uterino",inyectable trimestral: usuarias continuas,2016-10-01,0,1,36,22,0,59
AIQUILE,"anticoncepcion, prevencion de its y de cancer de cuello uterino",inyectable trimestral: usuarias continuas,2016-10-01,0,3,26,22,1,52
ALALAY,"anticoncepcion, prevencion de its y de cancer de cuello uterino",inyectable trimestral: usuarias continuas,2016-10-01,0,2,5,0,0,7
ALCALA,"anticoncepcion, prevencion de its y de cancer de cuello uterino",inyectable trimestral: usuarias continuas,2016-10-01,0,3,7,24,0,34
ALTO BENI,"anticoncepcion, prevencion de its y de cancer de cuello uterino",inyectable trimestral: usuarias continuas,2016-10-01,0,3,20,21,0,44
ANCORAIMES,"anticoncepcion, prevencion de its y de cancer de cuello uterino",inyectable trimestral: usuarias continuas,2016-10-01,0,1,15,8,0,24
ANDAMARCA,"anticoncepcion, prevencion de its y de cancer de cuello uterino",inyectable trimestral: usuarias continuas,2016-10-01,0,1,3,4,0,8
ANTEQUERA,"anticoncepcion, prevencion de its y de cancer de cuello uterino",inyectable trimestral: usuarias continuas,2016-10-01,0,0,3,3,0,6
ANZALDO,"anticoncepcion, prevencion de its y de cancer de cuello uterino",inyectable trimestral: usuarias continuas,2016-10-01,1,1,12,9,0,23
APOLO,"anticoncepcion, prevencion de its y de cancer de cuello uterino",inyectable trimestral: usuarias continuas,2016-10-01,0,4,29,23,0,56
ARANI,"anticoncepcion, prevencion de its y de cancer de cuello uterino",inyectable trimestral: usuarias continuas,2016-10-01,0,1,12,6,0,19
ARBIETO,"anticoncepcion, prevencion de its y de cancer de cuello uterino",inyectable trimestral: usuarias continuas,2016-10-01,0,2,38,25,0,65
ARQUE,"anticoncepcion, prevencion de its y de cancer de cuello uterino",inyectable trimestral: usuarias continuas,2016-10-01,0,6,27,42,0,75
ASCENCION DE GUARAYOS,"anticoncepcion, prevencion de its y de cancer de cuello uterino",inyectable trimestral: usuarias continuas,2016-10-01,0,2,39,13,1,55
ATOCHA,"anticoncepcion, prevencion de its y de cancer de cuello uterino",inyectable trimestral: usuarias continuas,2016-10-01,0,2,23,17,0,42
AUCAPATA,"anticoncepcion, prevencion de its y de cancer de cuello uterino",inyectable trimestral: usuarias continuas,2016-10-01,0,1,14,6,0,21
AYATA,"anticoncepcion, prevencion de its y de cancer de cuello uterino",inyectable trimestral: usuarias continuas,2016-10-01,0,2,12,20,0,34
AYO AYO,"anticoncepcion, prevencion de its y de cancer de cuello uterino",inyectable trimestral: usuarias continuas,2016-10-01,0,1,13,12,0,26
AYOPAYA (V. DE INDEPENDENCIA),"anticoncepcion, prevencion de its y de cancer de cuello uterino",inyectable trimestral: usuarias continuas,2016-10-01,0,7,66,54,1,128
AZURDUY,"anticoncepcion, prevencion de its y de cancer de cuello uterino",inyectable trimestral: usuarias continuas,2016-10-01,0,3,37,24,2,66
BATALLAS,"anticoncepcion, prevencion de its y de cancer de cuello uterino",inyectable trimestral: usuarias continuas,2016-10-01,0,3,20,16,2,41
BAURES,"anticoncepcion, prevencion de its y de cancer de cuello uterino",inyectable trimestral: usuarias continuas,2016-10-01,0,0,2,2,0,4
BELEN DE ANDAMARCA,"anticoncepcion, prevencion de its y de cancer de cuello uterino",inyectable trimestral: usuarias continuas,2016-10-01,0,0,2,0,0,2
BELEN DE URMIRI,"anticoncepcion, prevencion de its y de cancer de cuello uterino",inyectable trimestral: usuarias continuas,2016-10-01,0,0,0,1,0,1
BELLA FLOR,"anticoncepcion, prevencion de its y de cancer de cuello uterino",inyectable trimestral: usuarias continuas,2016-10-01,0,4,5,2,0,11
BERMEJO,"anticoncepcion, prevencion de its y de cancer de cuello uterino",inyectable trimestral: usuarias continuas,2016-10-01,0,17,59,31,1,108
BETANZOS,"anticoncepcion, prevencion de its y de cancer de cuello uterino",inyectable trimestral: usuarias continuas,2016-10-01,0,0,32,40,0,72
BOLIVAR,"anticoncepcion, prevencion de its y de cancer de cuello uterino",inyectable trimestral: usuarias continuas,2016-10-01,0,1,7,5,0,13
BOLPEBRA,"anticoncepcion, prevencion de its y de cancer de cuello uterino",inyectable trimestral: usuarias continuas,2016-10-01,2,0,5,1,0,8
BOYUIBE,"anticoncepcion, prevencion de its y de cancer de cuello uterino",inyectable trimestral: usuarias continuas,2016-10-01,0,0,12,5,0,17
BUENA VISTA,"anticoncepcion, prevencion de its y de cancer de cuello uterino",inyectable trimestral: usuarias continuas,2016-10-01,1,9,31,6,0,47
CABEZAS,"anticoncepcion, prevencion de its y de cancer de cuello uterino",inyectable trimestral: usuarias continuas,2016-10-01,1,19,63,17,1,101
CAIROMA,"anticoncepcion, prevencion de its y de cancer de cuello uterino",inyectable trimestral: usuarias continuas,2016-10-01,0,1,17,9,0,27
"CAIZA ""D""","anticoncepcion, prevencion de its y de cancer de cuello uterino",inyectable trimestral: usuarias continuas,2016-10-01,0,1,7,2,0,10
CAJUATA,"anticoncepcion, prevencion de its y de cancer de cuello uterino",inyectable trimestral: usuarias continuas,2016-10-01,0,2,19,6,1,28
CALACOTO,"anticoncepcion, prevencion de its y de cancer de cuello uterino",inyectable trimestral: usuarias continuas,2016-10-01,0,0,2,4,0,6
CALAMARCA,"anticoncepcion, prevencion de its y de cancer de cuello uterino",inyectable trimestral: usuarias continuas,2016-10-01,0,0,31,13,0,44
CAMARGO,"anticoncepcion, prevencion de its y de cancer de cuello uterino",inyectable trimestral: usuarias continuas,2016-10-01,0,2,14,12,0,28
CAMATAQUI (C. VILLA ABECIA),"anticoncepcion, prevencion de its y de cancer de cuello uterino",inyectable trimestral: usuarias continuas,2016-10-01,0,1,8,9,0,18
CAMIRI,"anticoncepcion, prevencion de its y de cancer de cuello uterino",inyectable trimestral: usuarias continuas,2016-10-01,0,0,20,10,0,30
CAPINOTA,"anticoncepcion, prevencion de its y de cancer de cuello uterino",inyectable trimestral: usuarias continuas,2016-10-01,0,4,31,22,1,58
CAQUIAVIRI,"anticoncepcion, prevencion de its y de cancer de cuello uterino",inyectable trimestral: usuarias continuas,2016-10-01,0,2,12,1,0,15
CARACOLLO,"anticoncepcion, prevencion de its y de cancer de cuello uterino",inyectable trimestral: usuarias continuas,2016-10-01,0,6,17,17,0,40
CARANAVI,"anticoncepcion, prevencion de its y de cancer de cuello uterino",inyectable trimestral: usuarias continuas,2016-10-01,0,2,61,46,0,109
CARAPARI,"anticoncepcion, prevencion de its y de cancer de cuello uterino",inyectable trimestral: usuarias continuas,2016-10-01,0,7,31,19,0,57
CARIPUYO,"anticoncepcion, prevencion de its y de cancer de cuello uterino",inyectable trimestral: usuarias continuas,2016-10-01,0,0,8,5,0,13
CARMEN RIVERO TORREZ,"anticoncepcion, prevencion de its y de cancer de cuello uterino",inyectable trimestral: usuarias continuas,2016-10-01,0,2,14,9,0,25
CATACORA,"anticoncepcion, prevencion de its y de cancer de cuello uterino",inyectable trimestral: usuarias continuas,2016-10-01,0,0,2,3,0,5
CHALLAPATA,"anticoncepcion, prevencion de its y de cancer de cuello uterino",inyectable trimestral: usuarias continuas,2016-10-01,0,3,35,19,0,57
CHAQUI,"anticoncepcion, prevencion de its y de cancer de cuello uterino",inyectable trimestral: usuarias continuas,2016-10-01,0,3,11,7,0,21
CHARAGUA,"anticoncepcion, prevencion de its y de cancer de cuello uterino",inyectable trimestral: usuarias continuas,2016-10-01,0,7,48,30,1,86
CHARAÃ‘A,"anticoncepcion, prevencion de its y de cancer de cuello uterino",inyectable trimestral: usuarias continuas,2016-10-01,0,0,5,4,0,9
CHAYANTA,"anticoncepcion, prevencion de its y de cancer de cuello uterino",inyectable trimestral: usuarias continuas,2016-10-01,0,2,16,26,0,44
CHIMORE,"anticoncepcion, prevencion de its y de cancer de cuello uterino",inyectable trimestral: usuarias continuas,2016-10-01,0,8,44,16,0,68
CHIPAYA,"anticoncepcion, prevencion de its y de cancer de cuello uterino",inyectable trimestral: usuarias continuas,2016-10-01,1,4,11,9,0,25
CHOQUE COTA,"anticoncepcion, prevencion de its y de cancer de cuello uterino",inyectable trimestral: usuarias continuas,2016-10-01,0,0,1,1,0,2
CHUA COCANI,"anticoncepcion, prevencion de its y de cancer de cuello uterino",inyectable trimestral: usuarias continuas,2016-10-01,0,1,4,3,0,8
CHULUMANI (V. DE LA LIBERTAD),"anticoncepcion, prevencion de its y de cancer de cuello uterino",inyectable trimestral: usuarias continuas,2016-10-01,0,1,22,6,0,29
CHUMA,"anticoncepcion, prevencion de its y de cancer de cuello uterino",inyectable trimestral: usuarias continuas,2016-10-01,0,3,16,25,0,44
CHUQUIHUTA AYLLU JUCUMANI,"anticoncepcion, prevencion de its y de cancer de cuello uterino",inyectable trimestral: usuarias continuas,2016-10-01,0,1,16,8,0,25
CKOCHAS,"anticoncepcion, prevencion de its y de cancer de cuello uterino",inyectable trimestral: usuarias continuas,2016-10-01,0,0,13,14,2,29
CLIZA,"anticoncepcion, prevencion de its y de cancer de cuello uterino",inyectable trimestral: usuarias continuas,2016-10-01,0,2,23,10,1,36
COBIJA,"anticoncepcion, prevencion de its y de cancer de cuello uterino",inyectable trimestral: usuarias continuas,2016-10-01,1,19,63,18,0,101
COCAPATA,"anticoncepcion, prevencion de its y de cancer de cuello uterino",inyectable trimestral: usuarias continuas,2016-10-01,0,1,34,13,0,48
COCHABAMBA,"anticoncepcion, prevencion de its y de cancer de cuello uterino",inyectable trimestral: usuarias continuas,2016-10-01,0,36,246,59,0,341
COIPASA,"anticoncepcion, prevencion de its y de cancer de cuello uterino",inyectable trimestral: usuarias continuas,2016-10-01,0,0,3,0,0,3
COLCAPIRHUA,"anticoncepcion, prevencion de its y de cancer de cuello uterino",inyectable trimestral: usuarias continuas,2016-10-01,0,2,37,13,0,52
"COLCHA ""K""","anticoncepcion, prevencion de its y de cancer de cuello uterino",inyectable trimestral: usuarias continuas,2016-10-01,0,2,32,15,0,49
COLLANA,"anticoncepcion, prevencion de its y de cancer de cuello uterino",inyectable trimestral: usuarias continuas,2016-10-01,0,0,4,4,0,8
COLOMI,"anticoncepcion, prevencion de its y de cancer de cuello uterino",inyectable trimestral: usuarias continuas,2016-10-01,0,21,45,19,0,85
COLPA BELGICA,"anticoncepcion, prevencion de its y de cancer de cuello uterino",inyectable trimestral: usuarias continuas,2016-10-01,0,3,12,3,0,18
COLQUECHACA,"anticoncepcion, prevencion de its y de cancer de cuello uterino",inyectable trimestral: usuarias continuas,2016-10-01,0,1,51,28,1,81
COLQUENCHA,"anticoncepcion, prevencion de its y de cancer de cuello uterino",inyectable trimestral: usuarias continuas,2016-10-01,0,1,24,15,0,40
COLQUIRI,"anticoncepcion, prevencion de its y de cancer de cuello uterino",inyectable trimestral: usuarias continuas,2016-10-01,0,1,18,15,0,34
COMANCHE,"anticoncepcion, prevencion de its y de cancer de cuello uterino",inyectable trimestral: usuarias continuas,2016-10-01,0,0,0,1,0,1
COMARAPA,"anticoncepcion, prevencion de its y de cancer de cuello uterino",inyectable trimestral: usuarias continuas,2016-10-01,0,14,65,34,1,114
COMBAYA,"anticoncepcion, prevencion de its y de cancer de cuello uterino",inyectable trimestral: usuarias continuas,2016-10-01,0,0,1,1,0,2
CONCEPCION,"anticoncepcion, prevencion de its y de cancer de cuello uterino",inyectable trimestral: usuarias continuas,2016-10-01,0,3,30,10,0,43
COPACABANA,"anticoncepcion, prevencion de its y de cancer de cuello uterino",inyectable trimestral: usuarias continuas,2016-10-01,1,2,19,16,0,38
CORIPATA,"anticoncepcion, prevencion de its y de cancer de cuello uterino",inyectable trimestral: usuarias continuas,2016-10-01,0,1,49,25,0,75
CORO CORO,"anticoncepcion, prevencion de its y de cancer de cuello uterino",inyectable trimestral: usuarias continuas,2016-10-01,0,0,10,5,0,15
COROICO,"anticoncepcion, prevencion de its y de cancer de cuello uterino",inyectable trimestral: usuarias continuas,2016-10-01,0,2,15,7,0,24
CORQUE,"anticoncepcion, prevencion de its y de cancer de cuello uterino",inyectable trimestral: usuarias continuas,2016-10-01,0,0,8,8,0,16
COTAGAITA,"anticoncepcion, prevencion de its y de cancer de cuello uterino",inyectable trimestral: usuarias continuas,2016-10-01,0,2,36,33,0,71
COTOCA,"anticoncepcion, prevencion de its y de cancer de cuello uterino",inyectable trimestral: usuarias continuas,2016-10-01,0,20,78,22,1,121
CUATRO CAÃ‘ADAS,"anticoncepcion, prevencion de its y de cancer de cuello uterino",inyectable trimestral: usuarias continuas,2016-10-01,0,5,44,18,0,67
CUCHUMUELA (V. G. VILLARROEL),"anticoncepcion, prevencion de its y de cancer de cuello uterino",inyectable trimestral: usuarias continuas,2016-10-01,0,2,5,3,0,10
CUEVO,"anticoncepcion, prevencion de its y de cancer de cuello uterino",inyectable trimestral: usuarias continuas,2016-10-01,0,4,15,10,0,29
CULPINA,"anticoncepcion, prevencion de its y de cancer de cuello uterino",inyectable trimestral: usuarias continuas,2016-10-01,0,3,31,39,1,74
CURAHUARA DE CARANGAS,"anticoncepcion, prevencion de its y de cancer de cuello uterino",inyectable trimestral: usuarias continuas,2016-10-01,0,3,6,4,0,13
DESAGUADERO,"anticoncepcion, prevencion de its y de cancer de cuello uterino",inyectable trimestral: usuarias continuas,2016-10-01,0,0,11,6,0,17
EL ALTO,"anticoncepcion, prevencion de its y de cancer de cuello uterino",inyectable trimestral: usuarias continuas,2016-10-01,0,27,457,226,3,713
EL CHORO,"anticoncepcion, prevencion de its y de cancer de cuello uterino",inyectable trimestral: usuarias continuas,2016-10-01,0,0,9,3,0,12
EL PUENTE(STC),"anticoncepcion, prevencion de its y de cancer de cuello uterino",inyectable trimestral: usuarias continuas,2016-10-01,0,6,31,23,0,60
EL PUENTE(TJA),"anticoncepcion, prevencion de its y de cancer de cuello uterino",inyectable trimestral: usuarias continuas,2016-10-01,0,5,54,36,0,95
EL TORNO,"anticoncepcion, prevencion de its y de cancer de cuello uterino",inyectable trimestral: usuarias continuas,2016-10-01,0,24,68,40,1,133
EL VILLAR,"anticoncepcion, prevencion de its y de cancer de cuello uterino",inyectable trimestral: usuarias continuas,2016-10-01,0,6,18,12,0,36
ENTRE RIOS TRJ,"anticoncepcion, prevencion de its y de cancer de cuello uterino",inyectable trimestral: usuarias continuas,2016-10-01,0,14,96,50,2,162
ENTRE RIOS CBBA,"anticoncepcion, prevencion de its y de cancer de cuello uterino",inyectable trimestral: usuarias continuas,2016-10-01,0,6,51,16,0,73
ESCARA,"anticoncepcion, prevencion de its y de cancer de cuello uterino",inyectable trimestral: usuarias continuas,2016-10-01,0,1,0,0,0,1
ESCOMA,"anticoncepcion, prevencion de its y de cancer de cuello uterino",inyectable trimestral: usuarias continuas,2016-10-01,0,1,2,2,0,5
EUCALIPTUS,"anticoncepcion, prevencion de its y de cancer de cuello uterino",inyectable trimestral: usuarias continuas,2016-10-01,0,0,6,3,0,9
EUREKA (SANTOS MERCADO),"anticoncepcion, prevencion de its y de cancer de cuello uterino",inyectable trimestral: usuarias continuas,2016-10-01,0,0,5,0,0,5
EXALTACION,"anticoncepcion, prevencion de its y de cancer de cuello uterino",inyectable trimestral: usuarias continuas,2016-10-01,0,0,0,1,0,1
FERNANDEZ ALONSO,"anticoncepcion, prevencion de its y de cancer de cuello uterino",inyectable trimestral: usuarias continuas,2016-10-01,0,5,36,17,0,58
FILADELFIA,"anticoncepcion, prevencion de its y de cancer de cuello uterino",inyectable trimestral: usuarias continuas,2016-10-01,0,2,23,4,0,29
GENERAL SAAVEDRA,"anticoncepcion, prevencion de its y de cancer de cuello uterino",inyectable trimestral: usuarias continuas,2016-10-01,0,4,59,20,0,83
GRAL. J.J. PEREZ (CHARAZANI),"anticoncepcion, prevencion de its y de cancer de cuello uterino",inyectable trimestral: usuarias continuas,2016-10-01,0,2,9,9,0,20
GUANAY,"anticoncepcion, prevencion de its y de cancer de cuello uterino",inyectable trimestral: usuarias continuas,2016-10-01,0,2,10,4,0,16
GUAQUI,"anticoncepcion, prevencion de its y de cancer de cuello uterino",inyectable trimestral: usuarias continuas,2016-10-01,0,1,9,4,0,14
GUAYARAMERIN,"anticoncepcion, prevencion de its y de cancer de cuello uterino",inyectable trimestral: usuarias continuas,2016-10-01,0,7,39,10,0,56
GUTIERREZ,"anticoncepcion, prevencion de its y de cancer de cuello uterino",inyectable trimestral: usuarias continuas,2016-10-01,0,2,25,10,0,37
HUACARETA,"anticoncepcion, prevencion de its y de cancer de cuello uterino",inyectable trimestral: usuarias continuas,2016-10-01,0,1,26,12,0,39
HUACAYA (VILLA DE HUACAYA),"anticoncepcion, prevencion de its y de cancer de cuello uterino",inyectable trimestral: usuarias continuas,2016-10-01,0,1,22,6,0,29
HUACHACALLA,"anticoncepcion, prevencion de its y de cancer de cuello uterino",inyectable trimestral: usuarias continuas,2016-10-01,0,1,1,0,0,2
HUANUNI,"anticoncepcion, prevencion de its y de cancer de cuello uterino",inyectable trimestral: usuarias continuas,2016-10-01,0,2,8,6,0,16
HUARACAJE,"anticoncepcion, prevencion de its y de cancer de cuello uterino",inyectable trimestral: usuarias continuas,2016-10-01,0,3,9,4,0,16
HUARINA,"anticoncepcion, prevencion de its y de cancer de cuello uterino",inyectable trimestral: usuarias continuas,2016-10-01,0,1,8,5,0,14
HUATAJATA,"anticoncepcion, prevencion de its y de cancer de cuello uterino",inyectable trimestral: usuarias continuas,2016-10-01,0,0,6,5,0,11
HUAYLLAMARCA,"anticoncepcion, prevencion de its y de cancer de cuello uterino",inyectable trimestral: usuarias continuas,2016-10-01,0,0,7,0,0,7
HUMANATA,"anticoncepcion, prevencion de its y de cancer de cuello uterino",inyectable trimestral: usuarias continuas,2016-10-01,0,0,4,4,0,8
ICHOCA,"anticoncepcion, prevencion de its y de cancer de cuello uterino",inyectable trimestral: usuarias continuas,2016-10-01,0,1,4,2,0,7
ICLA,"anticoncepcion, prevencion de its y de cancer de cuello uterino",inyectable trimestral: usuarias continuas,2016-10-01,0,1,14,12,0,27
INCAHUASI,"anticoncepcion, prevencion de its y de cancer de cuello uterino",inyectable trimestral: usuarias continuas,2016-10-01,0,2,32,19,1,54
INGAVI (HUMAITA),"anticoncepcion, prevencion de its y de cancer de cuello uterino",inyectable trimestral: usuarias continuas,2016-10-01,0,0,2,0,0,2
INQUISIVI,"anticoncepcion, prevencion de its y de cancer de cuello uterino",inyectable trimestral: usuarias continuas,2016-10-01,0,2,10,11,1,24
IRUPANA (VILLA DE LANZA),"anticoncepcion, prevencion de its y de cancer de cuello uterino",inyectable trimestral: usuarias continuas,2016-10-01,0,6,36,21,0,63
IXIAMAS,"anticoncepcion, prevencion de its y de cancer de cuello uterino",inyectable trimestral: usuarias continuas,2016-10-01,0,3,21,6,0,30
JESUS DE MACHACA,"anticoncepcion, prevencion de its y de cancer de cuello uterino",inyectable trimestral: usuarias continuas,2016-10-01,0,3,11,12,0,26
LA ASUNTA,"anticoncepcion, prevencion de its y de cancer de cuello uterino",inyectable trimestral: usuarias continuas,2016-10-01,0,8,84,41,0,133
LA GUARDIA,"anticoncepcion, prevencion de its y de cancer de cuello uterino",inyectable trimestral: usuarias continuas,2016-10-01,0,18,78,57,0,153
LA PAZ,"anticoncepcion, prevencion de its y de cancer de cuello uterino",inyectable trimestral: usuarias continuas,2016-10-01,0,24,246,96,0,366
LA RIVERA,"anticoncepcion, prevencion de its y de cancer de cuello uterino",inyectable trimestral: usuarias continuas,2016-10-01,0,0,0,1,0,1
LAGUNILLAS,"anticoncepcion, prevencion de its y de cancer de cuello uterino",inyectable trimestral: usuarias continuas,2016-10-01,0,8,16,12,1,37
LAJA,"anticoncepcion, prevencion de its y de cancer de cuello uterino",inyectable trimestral: usuarias continuas,2016-10-01,0,2,52,13,1,68
LAS CARRERAS,"anticoncepcion, prevencion de its y de cancer de cuello uterino",inyectable trimestral: usuarias continuas,2016-10-01,0,1,9,3,0,13
LICOMA PAMPA,"anticoncepcion, prevencion de its y de cancer de cuello uterino",inyectable trimestral: usuarias continuas,2016-10-01,0,0,5,1,0,6
LLALLAGUA,"anticoncepcion, prevencion de its y de cancer de cuello uterino",inyectable trimestral: usuarias continuas,2016-10-01,0,3,52,24,0,79
LLICA,"anticoncepcion, prevencion de its y de cancer de cuello uterino",inyectable trimestral: usuarias continuas,2016-10-01,0,0,14,3,1,18
LORETO,"anticoncepcion, prevencion de its y de cancer de cuello uterino",inyectable trimestral: usuarias continuas,2016-10-01,0,2,4,2,0,8
LURIBAY,"anticoncepcion, prevencion de its y de cancer de cuello uterino",inyectable trimestral: usuarias continuas,2016-10-01,0,0,23,14,1,38
MACHACAMARCA,"anticoncepcion, prevencion de its y de cancer de cuello uterino",inyectable trimestral: usuarias continuas,2016-10-01,0,0,1,0,0,1
MACHARETI,"anticoncepcion, prevencion de its y de cancer de cuello uterino",inyectable trimestral: usuarias continuas,2016-10-01,0,7,31,11,0,49
MAGDALENA,"anticoncepcion, prevencion de its y de cancer de cuello uterino",inyectable trimestral: usuarias continuas,2016-10-01,0,4,36,4,0,44
MAIRANA,"anticoncepcion, prevencion de its y de cancer de cuello uterino",inyectable trimestral: usuarias continuas,2016-10-01,0,5,25,8,0,38
MALLA,"anticoncepcion, prevencion de its y de cancer de cuello uterino",inyectable trimestral: usuarias continuas,2016-10-01,0,0,3,1,0,4
MAPIRI,"anticoncepcion, prevencion de its y de cancer de cuello uterino",inyectable trimestral: usuarias continuas,2016-10-01,0,1,16,8,0,25
MECAPACA,"anticoncepcion, prevencion de its y de cancer de cuello uterino",inyectable trimestral: usuarias continuas,2016-10-01,0,2,12,16,0,30
MINEROS,"anticoncepcion, prevencion de its y de cancer de cuello uterino",inyectable trimestral: usuarias continuas,2016-10-01,0,7,37,19,0,63
MIZQUE,"anticoncepcion, prevencion de its y de cancer de cuello uterino",inyectable trimestral: usuarias continuas,2016-10-01,0,9,72,37,0,118
MOCOMOCO,"anticoncepcion, prevencion de its y de cancer de cuello uterino",inyectable trimestral: usuarias continuas,2016-10-01,0,0,22,9,0,31
MOJINETE,"anticoncepcion, prevencion de its y de cancer de cuello uterino",inyectable trimestral: usuarias continuas,2016-10-01,0,0,3,0,0,3
MOJOCOYA,"anticoncepcion, prevencion de its y de cancer de cuello uterino",inyectable trimestral: usuarias continuas,2016-10-01,0,2,17,23,0,42
MONTEAGUDO,"anticoncepcion, prevencion de its y de cancer de cuello uterino",inyectable trimestral: usuarias continuas,2016-10-01,0,11,40,40,0,91
MONTERO,"anticoncepcion, prevencion de its y de cancer de cuello uterino",inyectable trimestral: usuarias continuas,2016-10-01,1,24,128,35,0,188
MORO MORO,"anticoncepcion, prevencion de its y de cancer de cuello uterino",inyectable trimestral: usuarias continuas,2016-10-01,0,3,20,10,0,33
MOROCHATA,"anticoncepcion, prevencion de its y de cancer de cuello uterino",inyectable trimestral: usuarias continuas,2016-10-01,0,2,28,27,0,57
NACEBE (SANTA ROSA DEL ABUNA),"anticoncepcion, prevencion de its y de cancer de cuello uterino",inyectable trimestral: usuarias continuas,2016-10-01,0,3,9,2,0,14
NAZACARA DE PACAJES,"anticoncepcion, prevencion de its y de cancer de cuello uterino",inyectable trimestral: usuarias continuas,2016-10-01,0,0,1,1,0,2
NUEVO MANOA (NUEVA ESPERANZA),"anticoncepcion, prevencion de its y de cancer de cuello uterino",inyectable trimestral: usuarias continuas,2016-10-01,0,0,3,1,0,4
OCURI,"anticoncepcion, prevencion de its y de cancer de cuello uterino",inyectable trimestral: usuarias continuas,2016-10-01,0,1,13,8,0,22
OKINAWA,"anticoncepcion, prevencion de its y de cancer de cuello uterino",inyectable trimestral: usuarias continuas,2016-10-01,0,2,13,2,1,18
OMEREQUE,"anticoncepcion, prevencion de its y de cancer de cuello uterino",inyectable trimestral: usuarias continuas,2016-10-01,0,2,28,19,0,49
ORURO,"anticoncepcion, prevencion de its y de cancer de cuello uterino",inyectable trimestral: usuarias continuas,2016-10-01,1,30,445,126,1,603
PADCAYA,"anticoncepcion, prevencion de its y de cancer de cuello uterino",inyectable trimestral: usuarias continuas,2016-10-01,0,17,94,58,1,170
PADILLA,"anticoncepcion, prevencion de its y de cancer de cuello uterino",inyectable trimestral: usuarias continuas,2016-10-01,0,6,39,32,0,77
PAILON,"anticoncepcion, prevencion de its y de cancer de cuello uterino",inyectable trimestral: usuarias continuas,2016-10-01,0,4,23,5,0,32
PALCA,"anticoncepcion, prevencion de its y de cancer de cuello uterino",inyectable trimestral: usuarias continuas,2016-10-01,0,3,31,9,0,43
PALOS BLANCOS,"anticoncepcion, prevencion de its y de cancer de cuello uterino",inyectable trimestral: usuarias continuas,2016-10-01,0,9,41,32,0,82
PAMPA GRANDE,"anticoncepcion, prevencion de its y de cancer de cuello uterino",inyectable trimestral: usuarias continuas,2016-10-01,0,8,15,10,0,33
PAPEL PAMPA,"anticoncepcion, prevencion de its y de cancer de cuello uterino",inyectable trimestral: usuarias continuas,2016-10-01,0,2,8,10,0,20
PASORAPA,"anticoncepcion, prevencion de its y de cancer de cuello uterino",inyectable trimestral: usuarias continuas,2016-10-01,0,0,8,12,1,21
PATACAMAYA,"anticoncepcion, prevencion de its y de cancer de cuello uterino",inyectable trimestral: usuarias continuas,2016-10-01,0,0,5,4,0,9
PAZÃ‘A,"anticoncepcion, prevencion de its y de cancer de cuello uterino",inyectable trimestral: usuarias continuas,2016-10-01,0,1,7,4,0,12
PELECHUCO,"anticoncepcion, prevencion de its y de cancer de cuello uterino",inyectable trimestral: usuarias continuas,2016-10-01,0,1,11,5,1,18
POCOATA,"anticoncepcion, prevencion de its y de cancer de cuello uterino",inyectable trimestral: usuarias continuas,2016-10-01,0,5,18,21,0,44
POCONA,"anticoncepcion, prevencion de its y de cancer de cuello uterino",inyectable trimestral: usuarias continuas,2016-10-01,0,12,38,37,0,87
POJO (CBBA),"anticoncepcion, prevencion de its y de cancer de cuello uterino",inyectable trimestral: usuarias continuas,2016-10-01,1,10,68,27,1,107
POOPO,"anticoncepcion, prevencion de its y de cancer de cuello uterino",inyectable trimestral: usuarias continuas,2016-10-01,0,0,9,4,0,13
PORCO,"anticoncepcion, prevencion de its y de cancer de cuello uterino",inyectable trimestral: usuarias continuas,2016-10-01,0,1,16,5,0,22
POROMA,"anticoncepcion, prevencion de its y de cancer de cuello uterino",inyectable trimestral: usuarias continuas,2016-10-01,0,7,28,34,1,70
PORONGO,"anticoncepcion, prevencion de its y de cancer de cuello uterino",inyectable trimestral: usuarias continuas,2016-10-01,0,2,18,7,0,27
PORTACHUELO,"anticoncepcion, prevencion de its y de cancer de cuello uterino",inyectable trimestral: usuarias continuas,2016-10-01,0,5,21,10,0,36
PORVENIR,"anticoncepcion, prevencion de its y de cancer de cuello uterino",inyectable trimestral: usuarias continuas,2016-10-01,0,4,18,5,0,27
POSTRER VALLE,"anticoncepcion, prevencion de its y de cancer de cuello uterino",inyectable trimestral: usuarias continuas,2016-10-01,0,2,4,0,0,6
POTOSI,"anticoncepcion, prevencion de its y de cancer de cuello uterino",inyectable trimestral: usuarias continuas,2016-10-01,0,26,382,117,0,525
PRESTO,"anticoncepcion, prevencion de its y de cancer de cuello uterino",inyectable trimestral: usuarias continuas,2016-10-01,0,3,23,8,1,35
PUCARA,"anticoncepcion, prevencion de its y de cancer de cuello uterino",inyectable trimestral: usuarias continuas,2016-10-01,0,1,10,4,0,15
PUCARANI,"anticoncepcion, prevencion de its y de cancer de cuello uterino",inyectable trimestral: usuarias continuas,2016-10-01,0,8,71,51,1,131
PUERTO ACOSTA,"anticoncepcion, prevencion de its y de cancer de cuello uterino",inyectable trimestral: usuarias continuas,2016-10-01,0,0,5,3,0,8
PUERTO CARABUCO,"anticoncepcion, prevencion de its y de cancer de cuello uterino",inyectable trimestral: usuarias continuas,2016-10-01,0,2,19,11,0,32
PUERTO GONZALO MORENO,"anticoncepcion, prevencion de its y de cancer de cuello uterino",inyectable trimestral: usuarias continuas,2016-10-01,1,7,24,9,0,41
PUERTO PEREZ,"anticoncepcion, prevencion de its y de cancer de cuello uterino",inyectable trimestral: usuarias continuas,2016-10-01,0,1,10,7,0,18
PUERTO QUIJARRO,"anticoncepcion, prevencion de its y de cancer de cuello uterino",inyectable trimestral: usuarias continuas,2016-10-01,0,5,10,1,0,16
PUERTO RICO,"anticoncepcion, prevencion de its y de cancer de cuello uterino",inyectable trimestral: usuarias continuas,2016-10-01,0,3,21,8,0,32
PUERTO SILES,"anticoncepcion, prevencion de its y de cancer de cuello uterino",inyectable trimestral: usuarias continuas,2016-10-01,0,1,0,0,0,1
PUERTO SUAREZ,"anticoncepcion, prevencion de its y de cancer de cuello uterino",inyectable trimestral: usuarias continuas,2016-10-01,0,6,12,1,0,19
PUERTO VILLARROEL,"anticoncepcion, prevencion de its y de cancer de cuello uterino",inyectable trimestral: usuarias continuas,2016-10-01,0,11,74,41,0,126
PUNA,"anticoncepcion, prevencion de its y de cancer de cuello uterino",inyectable trimestral: usuarias continuas,2016-10-01,0,4,22,8,1,35
PUNATA,"anticoncepcion, prevencion de its y de cancer de cuello uterino",inyectable trimestral: usuarias continuas,2016-10-01,0,13,39,20,2,74
QUIABAYA,"anticoncepcion, prevencion de its y de cancer de cuello uterino",inyectable trimestral: usuarias continuas,2016-10-01,0,0,6,4,0,10
QUILLACOLLO,"anticoncepcion, prevencion de its y de cancer de cuello uterino",inyectable trimestral: usuarias continuas,2016-10-01,0,26,169,31,0,226
QUIME,"anticoncepcion, prevencion de its y de cancer de cuello uterino",inyectable trimestral: usuarias continuas,2016-10-01,0,1,11,4,1,17
QUIRUSILLAS,"anticoncepcion, prevencion de its y de cancer de cuello uterino",inyectable trimestral: usuarias continuas,2016-10-01,0,0,5,3,0,8
RAVELO,"anticoncepcion, prevencion de its y de cancer de cuello uterino",inyectable trimestral: usuarias continuas,2016-10-01,0,3,51,34,0,88
REYES,"anticoncepcion, prevencion de its y de cancer de cuello uterino",inyectable trimestral: usuarias continuas,2016-10-01,0,3,34,14,0,51
RIBERALTA,"anticoncepcion, prevencion de its y de cancer de cuello uterino",inyectable trimestral: usuarias continuas,2016-10-01,0,30,116,31,0,177
ROBORE,"anticoncepcion, prevencion de its y de cancer de cuello uterino",inyectable trimestral: usuarias continuas,2016-10-01,0,8,35,3,0,46
RURRENABAQUE,"anticoncepcion, prevencion de its y de cancer de cuello uterino",inyectable trimestral: usuarias continuas,2016-10-01,0,2,31,8,0,41
SABAYA,"anticoncepcion, prevencion de its y de cancer de cuello uterino",inyectable trimestral: usuarias continuas,2016-10-01,0,2,3,3,0,8
SACABA,"anticoncepcion, prevencion de its y de cancer de cuello uterino",inyectable trimestral: usuarias continuas,2016-10-01,0,12,116,48,3,179
SACABAMBA,"anticoncepcion, prevencion de its y de cancer de cuello uterino",inyectable trimestral: usuarias continuas,2016-10-01,0,0,9,8,0,17
SACACA,"anticoncepcion, prevencion de its y de cancer de cuello uterino",inyectable trimestral: usuarias continuas,2016-10-01,0,4,44,23,0,71
SAIPINA,"anticoncepcion, prevencion de its y de cancer de cuello uterino",inyectable trimestral: usuarias continuas,2016-10-01,0,2,19,13,0,34
SALINAS DE GARCI MENDOZA,"anticoncepcion, prevencion de its y de cancer de cuello uterino",inyectable trimestral: usuarias continuas,2016-10-01,0,1,22,14,0,37
SAMAIPATA,"anticoncepcion, prevencion de its y de cancer de cuello uterino",inyectable trimestral: usuarias continuas,2016-10-01,0,5,29,8,0,42
SAN AGUSTIN,"anticoncepcion, prevencion de its y de cancer de cuello uterino",inyectable trimestral: usuarias continuas,2016-10-01,0,1,5,3,0,9
SAN ANDRES,"anticoncepcion, prevencion de its y de cancer de cuello uterino",inyectable trimestral: usuarias continuas,2016-10-01,0,3,20,5,0,28
SAN ANDRES DE MACHACA,"anticoncepcion, prevencion de its y de cancer de cuello uterino",inyectable trimestral: usuarias continuas,2016-10-01,0,0,5,3,0,8
SAN ANTONIO DE ESMORUCO,"anticoncepcion, prevencion de its y de cancer de cuello uterino",inyectable trimestral: usuarias continuas,2016-10-01,0,0,4,0,0,4
SAN ANTONIO DE LOMERIO,"anticoncepcion, prevencion de its y de cancer de cuello uterino",inyectable trimestral: usuarias continuas,2016-10-01,0,4,32,27,0,63
SAN BENITO,"anticoncepcion, prevencion de its y de cancer de cuello uterino",inyectable trimestral: usuarias continuas,2016-10-01,0,3,18,16,0,37
SAN BORJA,"anticoncepcion, prevencion de its y de cancer de cuello uterino",inyectable trimestral: usuarias continuas,2016-10-01,1,17,71,37,0,126
SAN BUENA VENTURA,"anticoncepcion, prevencion de its y de cancer de cuello uterino",inyectable trimestral: usuarias continuas,2016-10-01,0,1,10,3,0,14
SAN CARLOS,"anticoncepcion, prevencion de its y de cancer de cuello uterino",inyectable trimestral: usuarias continuas,2016-10-01,0,3,16,7,1,27
SAN IGNACIO,"anticoncepcion, prevencion de its y de cancer de cuello uterino",inyectable trimestral: usuarias continuas,2016-10-01,0,6,75,34,0,115
SAN IGNACIO DE VELASCO,"anticoncepcion, prevencion de its y de cancer de cuello uterino",inyectable trimestral: usuarias continuas,2016-10-01,1,14,136,46,1,198
SAN JAVIER(BNI),"anticoncepcion, prevencion de its y de cancer de cuello uterino",inyectable trimestral: usuarias continuas,2016-10-01,0,1,4,0,0,5
SAN JAVIER(STC),"anticoncepcion, prevencion de its y de cancer de cuello uterino",inyectable trimestral: usuarias continuas,2016-10-01,0,8,29,12,0,49
SAN JOAQUIN,"anticoncepcion, prevencion de its y de cancer de cuello uterino",inyectable trimestral: usuarias continuas,2016-10-01,0,1,2,0,0,3
SAN JOSE DE CHIQUITOS,"anticoncepcion, prevencion de its y de cancer de cuello uterino",inyectable trimestral: usuarias continuas,2016-10-01,0,5,28,11,0,44
SAN JUAN DE YAPACANI,"anticoncepcion, prevencion de its y de cancer de cuello uterino",inyectable trimestral: usuarias continuas,2016-10-01,0,5,19,13,1,38
SAN JULIAN,"anticoncepcion, prevencion de its y de cancer de cuello uterino",inyectable trimestral: usuarias continuas,2016-10-01,0,11,63,32,1,107
SAN LORENZO(PND),"anticoncepcion, prevencion de its y de cancer de cuello uterino",inyectable trimestral: usuarias continuas,2016-10-01,0,5,13,6,0,24
SAN LORENZO(TJA),"anticoncepcion, prevencion de its y de cancer de cuello uterino",inyectable trimestral: usuarias continuas,2016-10-01,0,12,76,41,2,131
SAN LUCAS,"anticoncepcion, prevencion de its y de cancer de cuello uterino",inyectable trimestral: usuarias continuas,2016-10-01,0,5,46,39,1,91
SAN MATIAS,"anticoncepcion, prevencion de its y de cancer de cuello uterino",inyectable trimestral: usuarias continuas,2016-10-01,0,3,20,8,0,31
SAN MIGUEL DE VELASCO,"anticoncepcion, prevencion de its y de cancer de cuello uterino",inyectable trimestral: usuarias continuas,2016-10-01,0,11,56,24,1,92
SAN PABLO DE LIPEZ,"anticoncepcion, prevencion de its y de cancer de cuello uterino",inyectable trimestral: usuarias continuas,2016-10-01,0,2,1,4,0,7
SAN PEDRO,"anticoncepcion, prevencion de its y de cancer de cuello uterino",inyectable trimestral: usuarias continuas,2016-10-01,0,3,31,17,0,51
SAN PEDRO DE BUENA VISTA,"anticoncepcion, prevencion de its y de cancer de cuello uterino",inyectable trimestral: usuarias continuas,2016-10-01,0,4,21,24,0,49
SAN PEDRO DE CURAHUARA,"anticoncepcion, prevencion de its y de cancer de cuello uterino",inyectable trimestral: usuarias continuas,2016-10-01,0,1,6,6,0,13
SAN PEDRO DE QUEMES,"anticoncepcion, prevencion de its y de cancer de cuello uterino",inyectable trimestral: usuarias continuas,2016-10-01,0,0,0,1,0,1
SAN PEDRO DE TIQUINA,"anticoncepcion, prevencion de its y de cancer de cuello uterino",inyectable trimestral: usuarias continuas,2016-10-01,0,0,3,5,0,8
SAN PEDRO(PND),"anticoncepcion, prevencion de its y de cancer de cuello uterino",inyectable trimestral: usuarias continuas,2016-10-01,0,2,9,2,0,13
SAN RAFAEL,"anticoncepcion, prevencion de its y de cancer de cuello uterino",inyectable trimestral: usuarias continuas,2016-10-01,1,3,40,9,0,53
SAN RAMON BENI,"anticoncepcion, prevencion de its y de cancer de cuello uterino",inyectable trimestral: usuarias continuas,2016-10-01,0,0,0,2,0,2
SAN RAMON SCZ,"anticoncepcion, prevencion de its y de cancer de cuello uterino",inyectable trimestral: usuarias continuas,2016-10-01,0,1,32,3,0,36
SANTA ANA,"anticoncepcion, prevencion de its y de cancer de cuello uterino",inyectable trimestral: usuarias continuas,2016-10-01,0,0,19,2,0,21
SANTA CRUZ DE LA SIERRA,"anticoncepcion, prevencion de its y de cancer de cuello uterino",inyectable trimestral: usuarias continuas,2016-10-01,1,53,246,81,5,386
SANTA ROSA,"anticoncepcion, prevencion de its y de cancer de cuello uterino",inyectable trimestral: usuarias continuas,2016-10-01,0,0,3,0,0,3
SANTA ROSA DEL SARA,"anticoncepcion, prevencion de its y de cancer de cuello uterino",inyectable trimestral: usuarias continuas,2016-10-01,0,10,56,27,2,95
SANTIAGO DE CALLAPA,"anticoncepcion, prevencion de its y de cancer de cuello uterino",inyectable trimestral: usuarias continuas,2016-10-01,0,0,1,1,0,2
SANTIAGO DE HUARI,"anticoncepcion, prevencion de its y de cancer de cuello uterino",inyectable trimestral: usuarias continuas,2016-10-01,0,2,3,3,0,8
SANTIAGO DE HUATA,"anticoncepcion, prevencion de its y de cancer de cuello uterino",inyectable trimestral: usuarias continuas,2016-10-01,0,1,8,3,0,12
SANTIAGO DE MACHACA,"anticoncepcion, prevencion de its y de cancer de cuello uterino",inyectable trimestral: usuarias continuas,2016-10-01,0,0,6,2,0,8
SANTIVAÃ‘ES,"anticoncepcion, prevencion de its y de cancer de cuello uterino",inyectable trimestral: usuarias continuas,2016-10-01,0,1,24,10,0,35
SANTUARIO DE QUILLACAS,"anticoncepcion, prevencion de its y de cancer de cuello uterino",inyectable trimestral: usuarias continuas,2016-10-01,0,0,3,4,0,7
SAPAHAQUI,"anticoncepcion, prevencion de its y de cancer de cuello uterino",inyectable trimestral: usuarias continuas,2016-10-01,0,3,18,10,0,31
SENA,"anticoncepcion, prevencion de its y de cancer de cuello uterino",inyectable trimestral: usuarias continuas,2016-10-01,0,1,6,3,0,10
SHINAOTA,"anticoncepcion, prevencion de its y de cancer de cuello uterino",inyectable trimestral: usuarias continuas,2016-10-01,1,5,36,10,0,52
SICA SICA (VILLA AROMA),"anticoncepcion, prevencion de its y de cancer de cuello uterino",inyectable trimestral: usuarias continuas,2016-10-01,0,2,30,21,2,55
SICAYA,"anticoncepcion, prevencion de its y de cancer de cuello uterino",inyectable trimestral: usuarias continuas,2016-10-01,0,1,13,6,0,20
SIPE SIPE,"anticoncepcion, prevencion de its y de cancer de cuello uterino",inyectable trimestral: usuarias continuas,2016-10-01,0,20,143,56,1,220
SOPACHUY,"anticoncepcion, prevencion de its y de cancer de cuello uterino",inyectable trimestral: usuarias continuas,2016-10-01,0,3,19,14,2,38
SORACACHI,"anticoncepcion, prevencion de its y de cancer de cuello uterino",inyectable trimestral: usuarias continuas,2016-10-01,0,2,11,10,0,23
SORATA,"anticoncepcion, prevencion de its y de cancer de cuello uterino",inyectable trimestral: usuarias continuas,2016-10-01,0,6,21,16,0,43
SUCRE,"anticoncepcion, prevencion de its y de cancer de cuello uterino",inyectable trimestral: usuarias continuas,2016-10-01,0,45,299,111,0,455
TACACHI,"anticoncepcion, prevencion de its y de cancer de cuello uterino",inyectable trimestral: usuarias continuas,2016-10-01,0,0,5,0,0,5
TACACOMA,"anticoncepcion, prevencion de its y de cancer de cuello uterino",inyectable trimestral: usuarias continuas,2016-10-01,0,0,29,10,0,39
TACOBAMBA,"anticoncepcion, prevencion de its y de cancer de cuello uterino",inyectable trimestral: usuarias continuas,2016-10-01,0,0,23,21,0,44
TACOPAYA,"anticoncepcion, prevencion de its y de cancer de cuello uterino",inyectable trimestral: usuarias continuas,2016-10-01,0,0,6,6,0,12
TAHUA,"anticoncepcion, prevencion de its y de cancer de cuello uterino",inyectable trimestral: usuarias continuas,2016-10-01,0,0,3,4,0,7
TAPACARI,"anticoncepcion, prevencion de its y de cancer de cuello uterino",inyectable trimestral: usuarias continuas,2016-10-01,0,5,55,31,0,91
TARABUCO,"anticoncepcion, prevencion de its y de cancer de cuello uterino",inyectable trimestral: usuarias continuas,2016-10-01,0,4,26,24,0,54
TARACO,"anticoncepcion, prevencion de its y de cancer de cuello uterino",inyectable trimestral: usuarias continuas,2016-10-01,0,1,6,10,0,17
TARATA,"anticoncepcion, prevencion de its y de cancer de cuello uterino",inyectable trimestral: usuarias continuas,2016-10-01,0,3,21,11,0,35
TARIJA,"anticoncepcion, prevencion de its y de cancer de cuello uterino",inyectable trimestral: usuarias continuas,2016-10-01,0,12,131,67,0,210
TARVITA,"anticoncepcion, prevencion de its y de cancer de cuello uterino",inyectable trimestral: usuarias continuas,2016-10-01,0,3,20,15,2,40
TEOPONTE,"anticoncepcion, prevencion de its y de cancer de cuello uterino",inyectable trimestral: usuarias continuas,2016-10-01,0,2,24,6,0,32
TIAWANACU,"anticoncepcion, prevencion de its y de cancer de cuello uterino",inyectable trimestral: usuarias continuas,2016-10-01,0,1,19,11,1,32
TINGUIPAYA,"anticoncepcion, prevencion de its y de cancer de cuello uterino",inyectable trimestral: usuarias continuas,2016-10-01,0,0,8,10,0,18
TIPUANI,"anticoncepcion, prevencion de its y de cancer de cuello uterino",inyectable trimestral: usuarias continuas,2016-10-01,0,1,14,7,0,22
TIQUIPAYA,"anticoncepcion, prevencion de its y de cancer de cuello uterino",inyectable trimestral: usuarias continuas,2016-10-01,0,13,84,25,0,122
TIRAQUE (CBBA),"anticoncepcion, prevencion de its y de cancer de cuello uterino",inyectable trimestral: usuarias continuas,2016-10-01,0,3,40,18,0,61
TITO YUPANQUI (PARQUIPUJIO),"anticoncepcion, prevencion de its y de cancer de cuello uterino",inyectable trimestral: usuarias continuas,2016-10-01,0,0,1,1,0,2
TOCO,"anticoncepcion, prevencion de its y de cancer de cuello uterino",inyectable trimestral: usuarias continuas,2016-10-01,0,4,22,12,0,38
TOLATA,"anticoncepcion, prevencion de its y de cancer de cuello uterino",inyectable trimestral: usuarias continuas,2016-10-01,0,3,15,4,0,22
TOLEDO,"anticoncepcion, prevencion de its y de cancer de cuello uterino",inyectable trimestral: usuarias continuas,2016-10-01,0,0,4,5,0,9
TOMAVE,"anticoncepcion, prevencion de its y de cancer de cuello uterino",inyectable trimestral: usuarias continuas,2016-10-01,0,2,13,16,0,31
TOMINA,"anticoncepcion, prevencion de its y de cancer de cuello uterino",inyectable trimestral: usuarias continuas,2016-10-01,0,2,33,17,0,52
TORO TORO,"anticoncepcion, prevencion de its y de cancer de cuello uterino",inyectable trimestral: usuarias continuas,2016-10-01,0,3,17,11,0,31
TOTORA(CBBA),"anticoncepcion, prevencion de its y de cancer de cuello uterino",inyectable trimestral: usuarias continuas,2016-10-01,0,16,61,30,1,108
TOTORA(ORR),"anticoncepcion, prevencion de its y de cancer de cuello uterino",inyectable trimestral: usuarias continuas,2016-10-01,0,1,10,9,0,20
TRIGAL,"anticoncepcion, prevencion de its y de cancer de cuello uterino",inyectable trimestral: usuarias continuas,2016-10-01,1,0,8,3,0,12
TRINIDAD,"anticoncepcion, prevencion de its y de cancer de cuello uterino",inyectable trimestral: usuarias continuas,2016-10-01,0,5,35,7,0,47
TUPIZA,"anticoncepcion, prevencion de its y de cancer de cuello uterino",inyectable trimestral: usuarias continuas,2016-10-01,0,8,101,47,0,156
TURCO,"anticoncepcion, prevencion de its y de cancer de cuello uterino",inyectable trimestral: usuarias continuas,2016-10-01,0,1,3,3,0,7
UMALA,"anticoncepcion, prevencion de its y de cancer de cuello uterino",inyectable trimestral: usuarias continuas,2016-10-01,0,2,11,6,0,19
UNCIA,"anticoncepcion, prevencion de its y de cancer de cuello uterino",inyectable trimestral: usuarias continuas,2016-10-01,0,3,36,14,0,53
URIONDO (A. CONCEPCION),"anticoncepcion, prevencion de its y de cancer de cuello uterino",inyectable trimestral: usuarias continuas,2016-10-01,0,11,58,28,1,98
URUBICHA,"anticoncepcion, prevencion de its y de cancer de cuello uterino",inyectable trimestral: usuarias continuas,2016-10-01,0,0,8,4,0,12
UYUNI,"anticoncepcion, prevencion de its y de cancer de cuello uterino",inyectable trimestral: usuarias continuas,2016-10-01,0,0,48,15,0,63
VACAS,"anticoncepcion, prevencion de its y de cancer de cuello uterino",inyectable trimestral: usuarias continuas,2016-10-01,0,2,20,19,0,41
VALLEGRANDE,"anticoncepcion, prevencion de its y de cancer de cuello uterino",inyectable trimestral: usuarias continuas,2016-10-01,0,5,46,12,0,63
VIACHA,"anticoncepcion, prevencion de its y de cancer de cuello uterino",inyectable trimestral: usuarias continuas,2016-10-01,0,11,103,58,1,173
VILA VILA,"anticoncepcion, prevencion de its y de cancer de cuello uterino",inyectable trimestral: usuarias continuas,2016-10-01,0,1,3,3,0,7
VILLA CHARCAS,"anticoncepcion, prevencion de its y de cancer de cuello uterino",inyectable trimestral: usuarias continuas,2016-10-01,0,8,46,29,0,83
VILLA MONTES,"anticoncepcion, prevencion de its y de cancer de cuello uterino",inyectable trimestral: usuarias continuas,2016-10-01,0,16,87,33,1,137
VILLA NUEVA (LOMA ALTA),"anticoncepcion, prevencion de its y de cancer de cuello uterino",inyectable trimestral: usuarias continuas,2016-10-01,0,1,7,0,0,8
VILLA RIVERO,"anticoncepcion, prevencion de its y de cancer de cuello uterino",inyectable trimestral: usuarias continuas,2016-10-01,0,4,27,16,0,47
VILLA SERRANO,"anticoncepcion, prevencion de its y de cancer de cuello uterino",inyectable trimestral: usuarias continuas,2016-10-01,0,4,17,33,3,57
VILLA TUNARI,"anticoncepcion, prevencion de its y de cancer de cuello uterino",inyectable trimestral: usuarias continuas,2016-10-01,0,28,236,105,0,369
VILLA VACA GUZMAN (MUYUPAMPA),"anticoncepcion, prevencion de its y de cancer de cuello uterino",inyectable trimestral: usuarias continuas,2016-10-01,0,4,16,19,1,40
VILLAZON,"anticoncepcion, prevencion de its y de cancer de cuello uterino",inyectable trimestral: usuarias continuas,2016-10-01,0,4,82,50,0,136
VINTO,"anticoncepcion, prevencion de its y de cancer de cuello uterino",inyectable trimestral: usuarias continuas,2016-10-01,0,13,81,19,1,114
VITICHI,"anticoncepcion, prevencion de its y de cancer de cuello uterino",inyectable trimestral: usuarias continuas,2016-10-01,0,1,9,5,0,15
WALDO BALLIVIAN,"anticoncepcion, prevencion de its y de cancer de cuello uterino",inyectable trimestral: usuarias continuas,2016-10-01,0,0,1,1,0,2
WARNES,"anticoncepcion, prevencion de its y de cancer de cuello uterino",inyectable trimestral: usuarias continuas,2016-10-01,1,24,80,25,0,130
YACO,"anticoncepcion, prevencion de its y de cancer de cuello uterino",inyectable trimestral: usuarias continuas,2016-10-01,0,2,10,9,0,21
YACUIBA,"anticoncepcion, prevencion de its y de cancer de cuello uterino",inyectable trimestral: usuarias continuas,2016-10-01,2,16,151,80,1,250
YAMPARAEZ,"anticoncepcion, prevencion de its y de cancer de cuello uterino",inyectable trimestral: usuarias continuas,2016-10-01,0,0,9,15,0,24
YANACACHI,"anticoncepcion, prevencion de its y de cancer de cuello uterino",inyectable trimestral: usuarias continuas,2016-10-01,0,0,16,8,0,24
YAPACANI,"anticoncepcion, prevencion de its y de cancer de cuello uterino",inyectable trimestral: usuarias continuas,2016-10-01,0,7,78,21,0,106
YOCALLA,"anticoncepcion, prevencion de its y de cancer de cuello uterino",inyectable trimestral: usuarias continuas,2016-10-01,0,0,15,1,0,16
YOTALA,"anticoncepcion, prevencion de its y de cancer de cuello uterino",inyectable trimestral: usuarias continuas,2016-10-01,0,0,4,9,0,13
YUNCHARA,"anticoncepcion, prevencion de its y de cancer de cuello uterino",inyectable trimestral: usuarias continuas,2016-10-01,0,3,30,23,0,56
ZUDAÃ‘EZ,"anticoncepcion, prevencion de its y de cancer de cuello uterino",inyectable trimestral: usuarias continuas,2016-10-01,0,5,32,22,1,60
ACACIO,"anticoncepcion, prevencion de its y de cancer de cuello uterino",inyectable trimestral: usuarias continuas,2016-11-01,0,0,9,8,0,17
ACHACACHI,"anticoncepcion, prevencion de its y de cancer de cuello uterino",inyectable trimestral: usuarias continuas,2016-11-01,0,0,37,28,1,66
ACHOCALLA,"anticoncepcion, prevencion de its y de cancer de cuello uterino",inyectable trimestral: usuarias continuas,2016-11-01,0,3,36,24,0,63
AIQUILE,"anticoncepcion, prevencion de its y de cancer de cuello uterino",inyectable trimestral: usuarias continuas,2016-11-01,0,0,21,30,0,51
ALALAY,"anticoncepcion, prevencion de its y de cancer de cuello uterino",inyectable trimestral: usuarias continuas,2016-11-01,0,0,4,3,0,7
ALCALA,"anticoncepcion, prevencion de its y de cancer de cuello uterino",inyectable trimestral: usuarias continuas,2016-11-01,0,1,18,7,0,26
ALTO BENI,"anticoncepcion, prevencion de its y de cancer de cuello uterino",inyectable trimestral: usuarias continuas,2016-11-01,0,4,19,16,0,39
ANCORAIMES,"anticoncepcion, prevencion de its y de cancer de cuello uterino",inyectable trimestral: usuarias continuas,2016-11-01,0,1,15,10,0,26
ANDAMARCA,"anticoncepcion, prevencion de its y de cancer de cuello uterino",inyectable trimestral: usuarias continuas,2016-11-01,0,2,6,5,0,13
ANTEQUERA,"anticoncepcion, prevencion de its y de cancer de cuello uterino",inyectable trimestral: usuarias continuas,2016-11-01,0,0,7,1,0,8
ANZALDO,"anticoncepcion, prevencion de its y de cancer de cuello uterino",inyectable trimestral: usuarias continuas,2016-11-01,0,3,23,15,0,41
APOLO,"anticoncepcion, prevencion de its y de cancer de cuello uterino",inyectable trimestral: usuarias continuas,2016-11-01,0,4,19,26,1,50
ARAMPAMPA,"anticoncepcion, prevencion de its y de cancer de cuello uterino",inyectable trimestral: usuarias continuas,2016-11-01,0,0,9,4,0,13
ARANI,"anticoncepcion, prevencion de its y de cancer de cuello uterino",inyectable trimestral: usuarias continuas,2016-11-01,0,0,2,1,0,3
ARBIETO,"anticoncepcion, prevencion de its y de cancer de cuello uterino",inyectable trimestral: usuarias continuas,2016-11-01,0,8,40,24,0,72
ARQUE,"anticoncepcion, prevencion de its y de cancer de cuello uterino",inyectable trimestral: usuarias continuas,2016-11-01,0,3,26,31,0,60
ASCENCION DE GUARAYOS,"anticoncepcion, prevencion de its y de cancer de cuello uterino",inyectable trimestral: usuarias continuas,2016-11-01,0,4,30,14,0,48
ATOCHA,"anticoncepcion, prevencion de its y de cancer de cuello uterino",inyectable trimestral: usuarias continuas,2016-11-01,0,2,31,16,0,49
AUCAPATA,"anticoncepcion, prevencion de its y de cancer de cuello uterino",inyectable trimestral: usuarias continuas,2016-11-01,0,2,14,10,0,26
AYATA,"anticoncepcion, prevencion de its y de cancer de cuello uterino",inyectable trimestral: usuarias continuas,2016-11-01,0,2,22,20,0,44
AYO AYO,"anticoncepcion, prevencion de its y de cancer de cuello uterino",inyectable trimestral: usuarias continuas,2016-11-01,0,2,10,9,0,21
AYOPAYA (V. DE INDEPENDENCIA),"anticoncepcion, prevencion de its y de cancer de cuello uterino",inyectable trimestral: usuarias continuas,2016-11-01,0,13,82,59,0,154
AZURDUY,"anticoncepcion, prevencion de its y de cancer de cuello uterino",inyectable trimestral: usuarias continuas,2016-11-01,0,3,19,17,0,39
BATALLAS,"anticoncepcion, prevencion de its y de cancer de cuello uterino",inyectable trimestral: usuarias continuas,2016-11-01,0,2,27,18,0,47
BAURES,"anticoncepcion, prevencion de its y de cancer de cuello uterino",inyectable trimestral: usuarias continuas,2016-11-01,0,0,7,3,0,10
BELEN DE ANDAMARCA,"anticoncepcion, prevencion de its y de cancer de cuello uterino",inyectable trimestral: usuarias continuas,2016-11-01,0,2,3,2,0,7
BELEN DE URMIRI,"anticoncepcion, prevencion de its y de cancer de cuello uterino",inyectable trimestral: usuarias continuas,2016-11-01,0,0,0,1,0,1
BELLA FLOR,"anticoncepcion, prevencion de its y de cancer de cuello uterino",inyectable trimestral: usuarias continuas,2016-11-01,0,1,7,3,0,11
BERMEJO,"anticoncepcion, prevencion de its y de cancer de cuello uterino",inyectable trimestral: usuarias continuas,2016-11-01,1,10,54,27,0,92
BETANZOS,"anticoncepcion, prevencion de its y de cancer de cuello uterino",inyectable trimestral: usuarias continuas,2016-11-01,0,1,31,40,0,72
BOLIVAR,"anticoncepcion, prevencion de its y de cancer de cuello uterino",inyectable trimestral: usuarias continuas,2016-11-01,0,0,2,3,0,5
BOLPEBRA,"anticoncepcion, prevencion de its y de cancer de cuello uterino",inyectable trimestral: usuarias continuas,2016-11-01,1,2,3,3,0,9
BOYUIBE,"anticoncepcion, prevencion de its y de cancer de cuello uterino",inyectable trimestral: usuarias continuas,2016-11-01,0,0,2,6,0,8
BUENA VISTA,"anticoncepcion, prevencion de its y de cancer de cuello uterino",inyectable trimestral: usuarias continuas,2016-11-01,0,7,27,24,0,58
CABEZAS,"anticoncepcion, prevencion de its y de cancer de cuello uterino",inyectable trimestral: usuarias continuas,2016-11-01,0,16,70,15,0,101
CAIROMA,"anticoncepcion, prevencion de its y de cancer de cuello uterino",inyectable trimestral: usuarias continuas,2016-11-01,0,2,20,10,0,32
"CAIZA ""D""","anticoncepcion, prevencion de its y de cancer de cuello uterino",inyectable trimestral: usuarias continuas,2016-11-01,0,0,2,0,0,2
CAJUATA,"anticoncepcion, prevencion de its y de cancer de cuello uterino",inyectable trimestral: usuarias continuas,2016-11-01,0,3,19,13,0,35
CALACOTO,"anticoncepcion, prevencion de its y de cancer de cuello uterino",inyectable trimestral: usuarias continuas,2016-11-01,0,0,2,4,0,6
CALAMARCA,"anticoncepcion, prevencion de its y de cancer de cuello uterino",inyectable trimestral: usuarias continuas,2016-11-01,0,4,35,16,2,57
CAMARGO,"anticoncepcion, prevencion de its y de cancer de cuello uterino",inyectable trimestral: usuarias continuas,2016-11-01,0,1,23,12,0,36
CAMATAQUI (C. VILLA ABECIA),"anticoncepcion, prevencion de its y de cancer de cuello uterino",inyectable trimestral: usuarias continuas,2016-11-01,0,0,8,2,0,10
CAMIRI,"anticoncepcion, prevencion de its y de cancer de cuello uterino",inyectable trimestral: usuarias continuas,2016-11-01,0,7,45,12,1,65
CAPINOTA,"anticoncepcion, prevencion de its y de cancer de cuello uterino",inyectable trimestral: usuarias continuas,2016-11-01,0,6,42,25,1,74
CAQUIAVIRI,"anticoncepcion, prevencion de its y de cancer de cuello uterino",inyectable trimestral: usuarias continuas,2016-11-01,0,1,16,7,0,24
CARACOLLO,"anticoncepcion, prevencion de its y de cancer de cuello uterino",inyectable trimestral: usuarias continuas,2016-11-01,0,1,24,20,0,45
CARANAVI,"anticoncepcion, prevencion de its y de cancer de cuello uterino",inyectable trimestral: usuarias continuas,2016-11-01,0,8,59,30,0,97
CARAPARI,"anticoncepcion, prevencion de its y de cancer de cuello uterino",inyectable trimestral: usuarias continuas,2016-11-01,0,11,46,37,1,95
CARIPUYO,"anticoncepcion, prevencion de its y de cancer de cuello uterino",inyectable trimestral: usuarias continuas,2016-11-01,0,1,8,8,0,17
CARMEN RIVERO TORREZ,"anticoncepcion, prevencion de its y de cancer de cuello uterino",inyectable trimestral: usuarias continuas,2016-11-01,0,2,10,1,0,13
CATACORA,"anticoncepcion, prevencion de its y de cancer de cuello uterino",inyectable trimestral: usuarias continuas,2016-11-01,0,0,2,3,0,5
CHACARILLA,"anticoncepcion, prevencion de its y de cancer de cuello uterino",inyectable trimestral: usuarias continuas,2016-11-01,0,2,1,1,0,4
CHALLAPATA,"anticoncepcion, prevencion de its y de cancer de cuello uterino",inyectable trimestral: usuarias continuas,2016-11-01,0,3,35,22,0,60
CHAQUI,"anticoncepcion, prevencion de its y de cancer de cuello uterino",inyectable trimestral: usuarias continuas,2016-11-01,0,0,15,10,0,25
CHARAGUA,"anticoncepcion, prevencion de its y de cancer de cuello uterino",inyectable trimestral: usuarias continuas,2016-11-01,0,3,38,20,0,61
CHARAÃ‘A,"anticoncepcion, prevencion de its y de cancer de cuello uterino",inyectable trimestral: usuarias continuas,2016-11-01,0,0,2,1,0,3
CHAYANTA,"anticoncepcion, prevencion de its y de cancer de cuello uterino",inyectable trimestral: usuarias continuas,2016-11-01,0,1,11,14,0,26
CHIMORE,"anticoncepcion, prevencion de its y de cancer de cuello uterino",inyectable trimestral: usuarias continuas,2016-11-01,0,4,48,12,0,64
CHIPAYA,"anticoncepcion, prevencion de its y de cancer de cuello uterino",inyectable trimestral: usuarias continuas,2016-11-01,0,3,10,1,0,14
CHOQUE COTA,"anticoncepcion, prevencion de its y de cancer de cuello uterino",inyectable trimestral: usuarias continuas,2016-11-01,0,0,2,1,0,3
CHUA COCANI,"anticoncepcion, prevencion de its y de cancer de cuello uterino",inyectable trimestral: usuarias continuas,2016-11-01,0,0,3,3,0,6
CHULUMANI (V. DE LA LIBERTAD),"anticoncepcion, prevencion de its y de cancer de cuello uterino",inyectable trimestral: usuarias continuas,2016-11-01,0,2,20,10,0,32
CHUMA,"anticoncepcion, prevencion de its y de cancer de cuello uterino",inyectable trimestral: usuarias continuas,2016-11-01,0,2,27,17,0,46
CHUQUIHUTA AYLLU JUCUMANI,"anticoncepcion, prevencion de its y de cancer de cuello uterino",inyectable trimestral: usuarias continuas,2016-11-01,0,0,18,3,0,21
CKOCHAS,"anticoncepcion, prevencion de its y de cancer de cuello uterino",inyectable trimestral: usuarias continuas,2016-11-01,0,0,17,13,0,30
CLIZA,"anticoncepcion, prevencion de its y de cancer de cuello uterino",inyectable trimestral: usuarias continuas,2016-11-01,0,6,32,8,0,46
COBIJA,"anticoncepcion, prevencion de its y de cancer de cuello uterino",inyectable trimestral: usuarias continuas,2016-11-01,2,15,74,13,0,104
COCAPATA,"anticoncepcion, prevencion de its y de cancer de cuello uterino",inyectable trimestral: usuarias continuas,2016-11-01,0,5,56,27,0,88
COCHABAMBA,"anticoncepcion, prevencion de its y de cancer de cuello uterino",inyectable trimestral: usuarias continuas,2016-11-01,6,39,212,54,0,311
COIPASA,"anticoncepcion, prevencion de its y de cancer de cuello uterino",inyectable trimestral: usuarias continuas,2016-11-01,0,0,6,2,0,8
COLCAPIRHUA,"anticoncepcion, prevencion de its y de cancer de cuello uterino",inyectable trimestral: usuarias continuas,2016-11-01,0,3,33,6,0,42
"COLCHA ""K""","anticoncepcion, prevencion de its y de cancer de cuello uterino",inyectable trimestral: usuarias continuas,2016-11-01,0,6,34,14,0,54
COLLANA,"anticoncepcion, prevencion de its y de cancer de cuello uterino",inyectable trimestral: usuarias continuas,2016-11-01,0,0,6,3,0,9
COLOMI,"anticoncepcion, prevencion de its y de cancer de cuello uterino",inyectable trimestral: usuarias continuas,2016-11-01,0,4,48,16,0,68
COLPA BELGICA,"anticoncepcion, prevencion de its y de cancer de cuello uterino",inyectable trimestral: usuarias continuas,2016-11-01,0,0,4,2,0,6
COLQUECHACA,"anticoncepcion, prevencion de its y de cancer de cuello uterino",inyectable trimestral: usuarias continuas,2016-11-01,0,2,44,32,1,79
COLQUENCHA,"anticoncepcion, prevencion de its y de cancer de cuello uterino",inyectable trimestral: usuarias continuas,2016-11-01,0,0,15,14,0,29
COLQUIRI,"anticoncepcion, prevencion de its y de cancer de cuello uterino",inyectable trimestral: usuarias continuas,2016-11-01,0,1,21,10,0,32
COMANCHE,"anticoncepcion, prevencion de its y de cancer de cuello uterino",inyectable trimestral: usuarias continuas,2016-11-01,0,0,5,0,0,5
COMARAPA,"anticoncepcion, prevencion de its y de cancer de cuello uterino",inyectable trimestral: usuarias continuas,2016-11-01,0,8,59,31,0,98
COMBAYA,"anticoncepcion, prevencion de its y de cancer de cuello uterino",inyectable trimestral: usuarias continuas,2016-11-01,0,2,3,4,0,9
CONCEPCION,"anticoncepcion, prevencion de its y de cancer de cuello uterino",inyectable trimestral: usuarias continuas,2016-11-01,0,1,30,6,0,37
COPACABANA,"anticoncepcion, prevencion de its y de cancer de cuello uterino",inyectable trimestral: usuarias continuas,2016-11-01,0,1,16,18,1,36
CORIPATA,"anticoncepcion, prevencion de its y de cancer de cuello uterino",inyectable trimestral: usuarias continuas,2016-11-01,0,1,29,12,0,42
CORO CORO,"anticoncepcion, prevencion de its y de cancer de cuello uterino",inyectable trimestral: usuarias continuas,2016-11-01,0,0,13,2,0,15
COROICO,"anticoncepcion, prevencion de its y de cancer de cuello uterino",inyectable trimestral: usuarias continuas,2016-11-01,0,0,14,4,0,18
CORQUE,"anticoncepcion, prevencion de its y de cancer de cuello uterino",inyectable trimestral: usuarias continuas,2016-11-01,0,1,9,2,0,12
COTAGAITA,"anticoncepcion, prevencion de its y de cancer de cuello uterino",inyectable trimestral: usuarias continuas,2016-11-01,0,1,21,29,0,51
COTOCA,"anticoncepcion, prevencion de its y de cancer de cuello uterino",inyectable trimestral: usuarias continuas,2016-11-01,1,11,78,19,0,109
CUATRO CAÃ‘ADAS,"anticoncepcion, prevencion de its y de cancer de cuello uterino",inyectable trimestral: usuarias continuas,2016-11-01,0,3,33,12,0,48
CUCHUMUELA (V. G. VILLARROEL),"anticoncepcion, prevencion de its y de cancer de cuello uterino",inyectable trimestral: usuarias continuas,2016-11-01,0,1,10,1,0,12
CUEVO,"anticoncepcion, prevencion de its y de cancer de cuello uterino",inyectable trimestral: usuarias continuas,2016-11-01,0,5,22,10,0,37
CULPINA,"anticoncepcion, prevencion de its y de cancer de cuello uterino",inyectable trimestral: usuarias continuas,2016-11-01,0,2,41,23,1,67
CURAHUARA DE CARANGAS,"anticoncepcion, prevencion de its y de cancer de cuello uterino",inyectable trimestral: usuarias continuas,2016-11-01,0,1,14,10,0,25
CURVA,"anticoncepcion, prevencion de its y de cancer de cuello uterino",inyectable trimestral: usuarias continuas,2016-11-01,0,0,3,1,0,4
DESAGUADERO,"anticoncepcion, prevencion de its y de cancer de cuello uterino",inyectable trimestral: usuarias continuas,2016-11-01,0,0,5,3,0,8
EL ALTO,"anticoncepcion, prevencion de its y de cancer de cuello uterino",inyectable trimestral: usuarias continuas,2016-11-01,0,25,486,169,1,681
EL CHORO,"anticoncepcion, prevencion de its y de cancer de cuello uterino",inyectable trimestral: usuarias continuas,2016-11-01,0,1,10,2,0,13
EL PUENTE(STC),"anticoncepcion, prevencion de its y de cancer de cuello uterino",inyectable trimestral: usuarias continuas,2016-11-01,0,4,52,12,0,68
EL PUENTE(TJA),"anticoncepcion, prevencion de its y de cancer de cuello uterino",inyectable trimestral: usuarias continuas,2016-11-01,0,7,30,39,0,76
EL TORNO,"anticoncepcion, prevencion de its y de cancer de cuello uterino",inyectable trimestral: usuarias continuas,2016-11-01,3,25,82,49,1,160
EL VILLAR,"anticoncepcion, prevencion de its y de cancer de cuello uterino",inyectable trimestral: usuarias continuas,2016-11-01,0,1,9,15,1,26
ENTRE RIOS TRJ,"anticoncepcion, prevencion de its y de cancer de cuello uterino",inyectable trimestral: usuarias continuas,2016-11-01,0,16,79,60,2,157
ENTRE RIOS CBBA,"anticoncepcion, prevencion de its y de cancer de cuello uterino",inyectable trimestral: usuarias continuas,2016-11-01,0,8,41,17,0,66
ESCARA,"anticoncepcion, prevencion de its y de cancer de cuello uterino",inyectable trimestral: usuarias continuas,2016-11-01,0,0,0,1,0,1
ESCOMA,"anticoncepcion, prevencion de its y de cancer de cuello uterino",inyectable trimestral: usuarias continuas,2016-11-01,0,0,2,0,0,2
EUCALIPTUS,"anticoncepcion, prevencion de its y de cancer de cuello uterino",inyectable trimestral: usuarias continuas,2016-11-01,0,1,2,5,0,8
EUREKA (SANTOS MERCADO),"anticoncepcion, prevencion de its y de cancer de cuello uterino",inyectable trimestral: usuarias continuas,2016-11-01,0,0,5,0,0,5
EXALTACION,"anticoncepcion, prevencion de its y de cancer de cuello uterino",inyectable trimestral: usuarias continuas,2016-11-01,0,0,4,0,0,4
FERNANDEZ ALONSO,"anticoncepcion, prevencion de its y de cancer de cuello uterino",inyectable trimestral: usuarias continuas,2016-11-01,0,7,24,16,0,47
FILADELFIA,"anticoncepcion, prevencion de its y de cancer de cuello uterino",inyectable trimestral: usuarias continuas,2016-11-01,0,8,20,12,0,40
GENERAL SAAVEDRA,"anticoncepcion, prevencion de its y de cancer de cuello uterino",inyectable trimestral: usuarias continuas,2016-11-01,0,5,35,13,0,53
GRAL. J.J. PEREZ (CHARAZANI),"anticoncepcion, prevencion de its y de cancer de cuello uterino",inyectable trimestral: usuarias continuas,2016-11-01,0,0,10,8,0,18
GUANAY,"anticoncepcion, prevencion de its y de cancer de cuello uterino",inyectable trimestral: usuarias continuas,2016-11-01,0,2,8,9,1,20
GUAQUI,"anticoncepcion, prevencion de its y de cancer de cuello uterino",inyectable trimestral: usuarias continuas,2016-11-01,0,1,13,7,0,21
GUAYARAMERIN,"anticoncepcion, prevencion de its y de cancer de cuello uterino",inyectable trimestral: usuarias continuas,2016-11-01,0,7,45,6,0,58
GUTIERREZ,"anticoncepcion, prevencion de its y de cancer de cuello uterino",inyectable trimestral: usuarias continuas,2016-11-01,0,2,19,11,0,32
HUACARETA,"anticoncepcion, prevencion de its y de cancer de cuello uterino",inyectable trimestral: usuarias continuas,2016-11-01,0,5,25,12,0,42
HUACAYA (VILLA DE HUACAYA),"anticoncepcion, prevencion de its y de cancer de cuello uterino",inyectable trimestral: usuarias continuas,2016-11-01,0,1,9,3,0,13
HUACHACALLA,"anticoncepcion, prevencion de its y de cancer de cuello uterino",inyectable trimestral: usuarias continuas,2016-11-01,0,0,1,0,0,1
HUANUNI,"anticoncepcion, prevencion de its y de cancer de cuello uterino",inyectable trimestral: usuarias continuas,2016-11-01,0,0,8,3,0,11
HUARACAJE,"anticoncepcion, prevencion de its y de cancer de cuello uterino",inyectable trimestral: usuarias continuas,2016-11-01,0,2,0,1,0,3
HUARINA,"anticoncepcion, prevencion de its y de cancer de cuello uterino",inyectable trimestral: usuarias continuas,2016-11-01,0,1,13,5,0,19
HUATAJATA,"anticoncepcion, prevencion de its y de cancer de cuello uterino",inyectable trimestral: usuarias continuas,2016-11-01,0,0,1,1,0,2
HUAYLLAMARCA,"anticoncepcion, prevencion de its y de cancer de cuello uterino",inyectable trimestral: usuarias continuas,2016-11-01,0,5,10,7,0,22
HUMANATA,"anticoncepcion, prevencion de its y de cancer de cuello uterino",inyectable trimestral: usuarias continuas,2016-11-01,0,0,6,2,0,8
ICHOCA,"anticoncepcion, prevencion de its y de cancer de cuello uterino",inyectable trimestral: usuarias continuas,2016-11-01,0,1,4,3,0,8
ICLA,"anticoncepcion, prevencion de its y de cancer de cuello uterino",inyectable trimestral: usuarias continuas,2016-11-01,0,2,8,11,1,22
INCAHUASI,"anticoncepcion, prevencion de its y de cancer de cuello uterino",inyectable trimestral: usuarias continuas,2016-11-01,0,3,24,15,0,42
INGAVI (HUMAITA),"anticoncepcion, prevencion de its y de cancer de cuello uterino",inyectable trimestral: usuarias continuas,2016-11-01,0,0,1,0,0,1
INQUISIVI,"anticoncepcion, prevencion de its y de cancer de cuello uterino",inyectable trimestral: usuarias continuas,2016-11-01,0,0,16,10,0,26
IRUPANA (VILLA DE LANZA),"anticoncepcion, prevencion de its y de cancer de cuello uterino",inyectable trimestral: usuarias continuas,2016-11-01,0,7,27,17,0,51
IXIAMAS,"anticoncepcion, prevencion de its y de cancer de cuello uterino",inyectable trimestral: usuarias continuas,2016-11-01,0,3,22,4,0,29
JESUS DE MACHACA,"anticoncepcion, prevencion de its y de cancer de cuello uterino",inyectable trimestral: usuarias continuas,2016-11-01,0,1,18,8,0,27
LA ASUNTA,"anticoncepcion, prevencion de its y de cancer de cuello uterino",inyectable trimestral: usuarias continuas,2016-11-01,0,6,101,40,0,147
LA GUARDIA,"anticoncepcion, prevencion de its y de cancer de cuello uterino",inyectable trimestral: usuarias continuas,2016-11-01,1,17,95,15,0,128
LA PAZ,"anticoncepcion, prevencion de its y de cancer de cuello uterino",inyectable trimestral: usuarias continuas,2016-11-01,0,31,269,77,0,377
LA RIVERA,"anticoncepcion, prevencion de its y de cancer de cuello uterino",inyectable trimestral: usuarias continuas,2016-11-01,0,0,1,0,0,1
LAGUNILLAS,"anticoncepcion, prevencion de its y de cancer de cuello uterino",inyectable trimestral: usuarias continuas,2016-11-01,0,2,11,4,0,17
LAJA,"anticoncepcion, prevencion de its y de cancer de cuello uterino",inyectable trimestral: usuarias continuas,2016-11-01,0,2,30,19,0,51
LAS CARRERAS,"anticoncepcion, prevencion de its y de cancer de cuello uterino",inyectable trimestral: usuarias continuas,2016-11-01,0,0,5,4,0,9
LICOMA PAMPA,"anticoncepcion, prevencion de its y de cancer de cuello uterino",inyectable trimestral: usuarias continuas,2016-11-01,0,1,9,5,1,16
LLALLAGUA,"anticoncepcion, prevencion de its y de cancer de cuello uterino",inyectable trimestral: usuarias continuas,2016-11-01,0,8,45,21,0,74
LLICA,"anticoncepcion, prevencion de its y de cancer de cuello uterino",inyectable trimestral: usuarias continuas,2016-11-01,0,3,12,5,0,20
LORETO,"anticoncepcion, prevencion de its y de cancer de cuello uterino",inyectable trimestral: usuarias continuas,2016-11-01,0,12,5,3,0,20
LURIBAY,"anticoncepcion, prevencion de its y de cancer de cuello uterino",inyectable trimestral: usuarias continuas,2016-11-01,0,3,16,22,0,41
MACHACAMARCA,"anticoncepcion, prevencion de its y de cancer de cuello uterino",inyectable trimestral: usuarias continuas,2016-11-01,0,1,1,1,0,3
MACHARETI,"anticoncepcion, prevencion de its y de cancer de cuello uterino",inyectable trimestral: usuarias continuas,2016-11-01,0,2,32,9,0,43
MAGDALENA,"anticoncepcion, prevencion de its y de cancer de cuello uterino",inyectable trimestral: usuarias continuas,2016-11-01,0,2,26,7,0,35
MAIRANA,"anticoncepcion, prevencion de its y de cancer de cuello uterino",inyectable trimestral: usuarias continuas,2016-11-01,0,4,25,12,0,41
MALLA,"anticoncepcion, prevencion de its y de cancer de cuello uterino",inyectable trimestral: usuarias continuas,2016-11-01,0,0,1,2,0,3
MAPIRI,"anticoncepcion, prevencion de its y de cancer de cuello uterino",inyectable trimestral: usuarias continuas,2016-11-01,0,2,12,7,0,21
MECAPACA,"anticoncepcion, prevencion de its y de cancer de cuello uterino",inyectable trimestral: usuarias continuas,2016-11-01,0,1,10,11,0,22
MINEROS,"anticoncepcion, prevencion de its y de cancer de cuello uterino",inyectable trimestral: usuarias continuas,2016-11-01,0,9,45,12,1,67
MIZQUE,"anticoncepcion, prevencion de its y de cancer de cuello uterino",inyectable trimestral: usuarias continuas,2016-11-01,0,11,61,29,0,101
MOCOMOCO,"anticoncepcion, prevencion de its y de cancer de cuello uterino",inyectable trimestral: usuarias continuas,2016-11-01,0,0,9,15,0,24
MOJINETE,"anticoncepcion, prevencion de its y de cancer de cuello uterino",inyectable trimestral: usuarias continuas,2016-11-01,0,0,1,1,0,2
MOJOCOYA,"anticoncepcion, prevencion de its y de cancer de cuello uterino",inyectable trimestral: usuarias continuas,2016-11-01,0,4,24,24,0,52
MONTEAGUDO,"anticoncepcion, prevencion de its y de cancer de cuello uterino",inyectable trimestral: usuarias continuas,2016-11-01,0,6,49,35,1,91
MONTERO,"anticoncepcion, prevencion de its y de cancer de cuello uterino",inyectable trimestral: usuarias continuas,2016-11-01,0,13,77,30,1,121
MORO MORO,"anticoncepcion, prevencion de its y de cancer de cuello uterino",inyectable trimestral: usuarias continuas,2016-11-01,0,8,15,6,1,30
MOROCHATA,"anticoncepcion, prevencion de its y de cancer de cuello uterino",inyectable trimestral: usuarias continuas,2016-11-01,0,6,38,30,1,75
NACEBE (SANTA ROSA DEL ABUNA),"anticoncepcion, prevencion de its y de cancer de cuello uterino",inyectable trimestral: usuarias continuas,2016-11-01,0,4,11,3,0,18
NAZACARA DE PACAJES,"anticoncepcion, prevencion de its y de cancer de cuello uterino",inyectable trimestral: usuarias continuas,2016-11-01,0,1,0,0,0,1
NUEVO MANOA (NUEVA ESPERANZA),"anticoncepcion, prevencion de its y de cancer de cuello uterino",inyectable trimestral: usuarias continuas,2016-11-01,0,0,6,1,0,7
OCURI,"anticoncepcion, prevencion de its y de cancer de cuello uterino",inyectable trimestral: usuarias continuas,2016-11-01,0,1,29,13,0,43
OKINAWA,"anticoncepcion, prevencion de its y de cancer de cuello uterino",inyectable trimestral: usuarias continuas,2016-11-01,0,3,20,7,0,30
OMEREQUE,"anticoncepcion, prevencion de its y de cancer de cuello uterino",inyectable trimestral: usuarias continuas,2016-11-01,0,2,21,12,0,35
ORURO,"anticoncepcion, prevencion de its y de cancer de cuello uterino",inyectable trimestral: usuarias continuas,2016-11-01,0,20,449,143,0,612
PADCAYA,"anticoncepcion, prevencion de its y de cancer de cuello uterino",inyectable trimestral: usuarias continuas,2016-11-01,0,6,67,46,2,121
PADILLA,"anticoncepcion, prevencion de its y de cancer de cuello uterino",inyectable trimestral: usuarias continuas,2016-11-01,0,16,42,31,1,90
PAILON,"anticoncepcion, prevencion de its y de cancer de cuello uterino",inyectable trimestral: usuarias continuas,2016-11-01,0,1,12,2,0,15
PALCA,"anticoncepcion, prevencion de its y de cancer de cuello uterino",inyectable trimestral: usuarias continuas,2016-11-01,0,4,28,13,0,45
PALOS BLANCOS,"anticoncepcion, prevencion de its y de cancer de cuello uterino",inyectable trimestral: usuarias continuas,2016-11-01,0,7,42,32,0,81
PAMPA AULLAGAS,"anticoncepcion, prevencion de its y de cancer de cuello uterino",inyectable trimestral: usuarias continuas,2016-11-01,0,0,1,1,0,2
PAMPA GRANDE,"anticoncepcion, prevencion de its y de cancer de cuello uterino",inyectable trimestral: usuarias continuas,2016-11-01,0,5,24,10,0,39
PAPEL PAMPA,"anticoncepcion, prevencion de its y de cancer de cuello uterino",inyectable trimestral: usuarias continuas,2016-11-01,0,1,8,6,0,15
PASORAPA,"anticoncepcion, prevencion de its y de cancer de cuello uterino",inyectable trimestral: usuarias continuas,2016-11-01,0,0,13,7,0,20
PATACAMAYA,"anticoncepcion, prevencion de its y de cancer de cuello uterino",inyectable trimestral: usuarias continuas,2016-11-01,0,2,16,4,0,22
PAZÃ‘A,"anticoncepcion, prevencion de its y de cancer de cuello uterino",inyectable trimestral: usuarias continuas,2016-11-01,0,0,17,6,0,23
PELECHUCO,"anticoncepcion, prevencion de its y de cancer de cuello uterino",inyectable trimestral: usuarias continuas,2016-11-01,0,0,13,7,0,20
POCOATA,"anticoncepcion, prevencion de its y de cancer de cuello uterino",inyectable trimestral: usuarias continuas,2016-11-01,0,2,22,28,0,52
POCONA,"anticoncepcion, prevencion de its y de cancer de cuello uterino",inyectable trimestral: usuarias continuas,2016-11-01,0,6,60,38,1,105
POJO (CBBA),"anticoncepcion, prevencion de its y de cancer de cuello uterino",inyectable trimestral: usuarias continuas,2016-11-01,0,10,45,24,0,79
POOPO,"anticoncepcion, prevencion de its y de cancer de cuello uterino",inyectable trimestral: usuarias continuas,2016-11-01,0,0,6,3,0,9
PORCO,"anticoncepcion, prevencion de its y de cancer de cuello uterino",inyectable trimestral: usuarias continuas,2016-11-01,0,0,7,10,0,17
POROMA,"anticoncepcion, prevencion de its y de cancer de cuello uterino",inyectable trimestral: usuarias continuas,2016-11-01,0,3,26,22,1,52
PORONGO,"anticoncepcion, prevencion de its y de cancer de cuello uterino",inyectable trimestral: usuarias continuas,2016-11-01,0,5,8,7,0,20
PORTACHUELO,"anticoncepcion, prevencion de its y de cancer de cuello uterino",inyectable trimestral: usuarias continuas,2016-11-01,0,6,30,7,1,44
PORVENIR,"anticoncepcion, prevencion de its y de cancer de cuello uterino",inyectable trimestral: usuarias continuas,2016-11-01,0,1,41,8,0,50
POSTRER VALLE,"anticoncepcion, prevencion de its y de cancer de cuello uterino",inyectable trimestral: usuarias continuas,2016-11-01,0,0,3,4,0,7
POTOSI,"anticoncepcion, prevencion de its y de cancer de cuello uterino",inyectable trimestral: usuarias continuas,2016-11-01,1,32,381,134,0,548
PRESTO,"anticoncepcion, prevencion de its y de cancer de cuello uterino",inyectable trimestral: usuarias continuas,2016-11-01,0,1,8,23,0,32
PUCARA,"anticoncepcion, prevencion de its y de cancer de cuello uterino",inyectable trimestral: usuarias continuas,2016-11-01,0,0,5,5,0,10
PUCARANI,"anticoncepcion, prevencion de its y de cancer de cuello uterino",inyectable trimestral: usuarias continuas,2016-11-01,0,3,62,38,0,103
PUERTO ACOSTA,"anticoncepcion, prevencion de its y de cancer de cuello uterino",inyectable trimestral: usuarias continuas,2016-11-01,0,0,12,5,0,17
PUERTO CARABUCO,"anticoncepcion, prevencion de its y de cancer de cuello uterino",inyectable trimestral: usuarias continuas,2016-11-01,0,1,19,18,0,38
PUERTO GONZALO MORENO,"anticoncepcion, prevencion de its y de cancer de cuello uterino",inyectable trimestral: usuarias continuas,2016-11-01,0,3,28,9,1,41
PUERTO PEREZ,"anticoncepcion, prevencion de its y de cancer de cuello uterino",inyectable trimestral: usuarias continuas,2016-11-01,0,0,7,8,0,15
PUERTO QUIJARRO,"anticoncepcion, prevencion de its y de cancer de cuello uterino",inyectable trimestral: usuarias continuas,2016-11-01,0,0,8,1,0,9
PUERTO RICO,"anticoncepcion, prevencion de its y de cancer de cuello uterino",inyectable trimestral: usuarias continuas,2016-11-01,0,8,29,2,1,40
PUERTO SILES,"anticoncepcion, prevencion de its y de cancer de cuello uterino",inyectable trimestral: usuarias continuas,2016-11-01,0,0,1,0,0,1
PUERTO SUAREZ,"anticoncepcion, prevencion de its y de cancer de cuello uterino",inyectable trimestral: usuarias continuas,2016-11-01,0,1,13,3,0,17
PUERTO VILLARROEL,"anticoncepcion, prevencion de its y de cancer de cuello uterino",inyectable trimestral: usuarias continuas,2016-11-01,0,14,69,38,0,121
PUNA,"anticoncepcion, prevencion de its y de cancer de cuello uterino",inyectable trimestral: usuarias continuas,2016-11-01,0,1,10,13,0,24
PUNATA,"anticoncepcion, prevencion de its y de cancer de cuello uterino",inyectable trimestral: usuarias continuas,2016-11-01,0,11,49,16,0,76
QUIABAYA,"anticoncepcion, prevencion de its y de cancer de cuello uterino",inyectable trimestral: usuarias continuas,2016-11-01,0,0,6,7,0,13
QUILLACOLLO,"anticoncepcion, prevencion de its y de cancer de cuello uterino",inyectable trimestral: usuarias continuas,2016-11-01,0,23,140,34,0,197
QUIME,"anticoncepcion, prevencion de its y de cancer de cuello uterino",inyectable trimestral: usuarias continuas,2016-11-01,0,1,18,8,0,27
QUIRUSILLAS,"anticoncepcion, prevencion de its y de cancer de cuello uterino",inyectable trimestral: usuarias continuas,2016-11-01,0,3,9,3,0,15
RAVELO,"anticoncepcion, prevencion de its y de cancer de cuello uterino",inyectable trimestral: usuarias continuas,2016-11-01,0,0,33,37,0,70
REYES,"anticoncepcion, prevencion de its y de cancer de cuello uterino",inyectable trimestral: usuarias continuas,2016-11-01,0,1,16,8,0,25
RIBERALTA,"anticoncepcion, prevencion de its y de cancer de cuello uterino",inyectable trimestral: usuarias continuas,2016-11-01,0,32,118,22,0,172
ROBORE,"anticoncepcion, prevencion de its y de cancer de cuello uterino",inyectable trimestral: usuarias continuas,2016-11-01,0,7,30,7,0,44
RURRENABAQUE,"anticoncepcion, prevencion de its y de cancer de cuello uterino",inyectable trimestral: usuarias continuas,2016-11-01,0,3,26,6,0,35
SABAYA,"anticoncepcion, prevencion de its y de cancer de cuello uterino",inyectable trimestral: usuarias continuas,2016-11-01,0,1,11,5,0,17
SACABA,"anticoncepcion, prevencion de its y de cancer de cuello uterino",inyectable trimestral: usuarias continuas,2016-11-01,0,11,128,38,0,177
SACABAMBA,"anticoncepcion, prevencion de its y de cancer de cuello uterino",inyectable trimestral: usuarias continuas,2016-11-01,0,0,9,8,0,17
SACACA,"anticoncepcion, prevencion de its y de cancer de cuello uterino",inyectable trimestral: usuarias continuas,2016-11-01,0,1,34,22,0,57
SAIPINA,"anticoncepcion, prevencion de its y de cancer de cuello uterino",inyectable trimestral: usuarias continuas,2016-11-01,0,2,16,4,0,22
SALINAS DE GARCI MENDOZA,"anticoncepcion, prevencion de its y de cancer de cuello uterino",inyectable trimestral: usuarias continuas,2016-11-01,0,1,20,7,0,28
SAMAIPATA,"anticoncepcion, prevencion de its y de cancer de cuello uterino",inyectable trimestral: usuarias continuas,2016-11-01,1,5,34,9,1,50
SAN AGUSTIN,"anticoncepcion, prevencion de its y de cancer de cuello uterino",inyectable trimestral: usuarias continuas,2016-11-01,0,2,4,2,0,8
SAN ANDRES,"anticoncepcion, prevencion de its y de cancer de cuello uterino",inyectable trimestral: usuarias continuas,2016-11-01,0,1,28,14,1,44
SAN ANDRES DE MACHACA,"anticoncepcion, prevencion de its y de cancer de cuello uterino",inyectable trimestral: usuarias continuas,2016-11-01,0,0,2,2,0,4
SAN ANTONIO DE ESMORUCO,"anticoncepcion, prevencion de its y de cancer de cuello uterino",inyectable trimestral: usuarias continuas,2016-11-01,0,1,7,1,0,9
SAN ANTONIO DE LOMERIO,"anticoncepcion, prevencion de its y de cancer de cuello uterino",inyectable trimestral: usuarias continuas,2016-11-01,0,2,28,26,2,58
SAN BENITO,"anticoncepcion, prevencion de its y de cancer de cuello uterino",inyectable trimestral: usuarias continuas,2016-11-01,0,2,17,9,0,28
SAN BORJA,"anticoncepcion, prevencion de its y de cancer de cuello uterino",inyectable trimestral: usuarias continuas,2016-11-01,0,28,85,39,0,152
SAN BUENA VENTURA,"anticoncepcion, prevencion de its y de cancer de cuello uterino",inyectable trimestral: usuarias continuas,2016-11-01,0,4,21,6,0,31
SAN CARLOS,"anticoncepcion, prevencion de its y de cancer de cuello uterino",inyectable trimestral: usuarias continuas,2016-11-01,1,2,18,5,0,26
SAN IGNACIO,"anticoncepcion, prevencion de its y de cancer de cuello uterino",inyectable trimestral: usuarias continuas,2016-11-01,0,11,56,15,0,82
SAN IGNACIO DE VELASCO,"anticoncepcion, prevencion de its y de cancer de cuello uterino",inyectable trimestral: usuarias continuas,2016-11-01,2,25,117,41,0,185
SAN JAVIER(BNI),"anticoncepcion, prevencion de its y de cancer de cuello uterino",inyectable trimestral: usuarias continuas,2016-11-01,0,3,4,0,0,7
SAN JAVIER(STC),"anticoncepcion, prevencion de its y de cancer de cuello uterino",inyectable trimestral: usuarias continuas,2016-11-01,0,12,27,9,0,48
SAN JOAQUIN,"anticoncepcion, prevencion de its y de cancer de cuello uterino",inyectable trimestral: usuarias continuas,2016-11-01,0,2,0,0,0,2
SAN JOSE DE CHIQUITOS,"anticoncepcion, prevencion de its y de cancer de cuello uterino",inyectable trimestral: usuarias continuas,2016-11-01,0,5,20,5,0,30
SAN JUAN DE YAPACANI,"anticoncepcion, prevencion de its y de cancer de cuello uterino",inyectable trimestral: usuarias continuas,2016-11-01,0,5,21,10,1,37
SAN JULIAN,"anticoncepcion, prevencion de its y de cancer de cuello uterino",inyectable trimestral: usuarias continuas,2016-11-01,0,7,49,25,0,81
SAN LORENZO(PND),"anticoncepcion, prevencion de its y de cancer de cuello uterino",inyectable trimestral: usuarias continuas,2016-11-01,0,5,17,9,0,31
SAN LORENZO(TJA),"anticoncepcion, prevencion de its y de cancer de cuello uterino",inyectable trimestral: usuarias continuas,2016-11-01,1,16,74,29,1,121
SAN LUCAS,"anticoncepcion, prevencion de its y de cancer de cuello uterino",inyectable trimestral: usuarias continuas,2016-11-01,0,3,55,58,1,117
SAN MATIAS,"anticoncepcion, prevencion de its y de cancer de cuello uterino",inyectable trimestral: usuarias continuas,2016-11-01,0,3,19,4,0,26
SAN MIGUEL DE VELASCO,"anticoncepcion, prevencion de its y de cancer de cuello uterino",inyectable trimestral: usuarias continuas,2016-11-01,1,5,42,24,1,73
SAN PABLO DE LIPEZ,"anticoncepcion, prevencion de its y de cancer de cuello uterino",inyectable trimestral: usuarias continuas,2016-11-01,0,0,2,5,0,7
SAN PEDRO,"anticoncepcion, prevencion de its y de cancer de cuello uterino",inyectable trimestral: usuarias continuas,2016-11-01,0,9,38,18,0,65
SAN PEDRO DE BUENA VISTA,"anticoncepcion, prevencion de its y de cancer de cuello uterino",inyectable trimestral: usuarias continuas,2016-11-01,0,3,25,13,0,41
SAN PEDRO DE CURAHUARA,"anticoncepcion, prevencion de its y de cancer de cuello uterino",inyectable trimestral: usuarias continuas,2016-11-01,0,0,9,5,0,14
SAN PEDRO DE QUEMES,"anticoncepcion, prevencion de its y de cancer de cuello uterino",inyectable trimestral: usuarias continuas,2016-11-01,0,0,1,2,0,3
SAN PEDRO DE TIQUINA,"anticoncepcion, prevencion de its y de cancer de cuello uterino",inyectable trimestral: usuarias continuas,2016-11-01,0,0,4,6,0,10
SAN PEDRO(PND),"anticoncepcion, prevencion de its y de cancer de cuello uterino",inyectable trimestral: usuarias continuas,2016-11-01,0,2,5,3,0,10
SAN RAFAEL,"anticoncepcion, prevencion de its y de cancer de cuello uterino",inyectable trimestral: usuarias continuas,2016-11-01,0,4,28,13,0,45
SAN RAMON BENI,"anticoncepcion, prevencion de its y de cancer de cuello uterino",inyectable trimestral: usuarias continuas,2016-11-01,0,0,8,1,0,9
SAN RAMON SCZ,"anticoncepcion, prevencion de its y de cancer de cuello uterino",inyectable trimestral: usuarias continuas,2016-11-01,0,6,31,13,0,50
SANTA ANA,"anticoncepcion, prevencion de its y de cancer de cuello uterino",inyectable trimestral: usuarias continuas,2016-11-01,0,1,5,1,0,7
SANTA CRUZ DE LA SIERRA,"anticoncepcion, prevencion de its y de cancer de cuello uterino",inyectable trimestral: usuarias continuas,2016-11-01,5,53,258,69,3,388
SANTA ROSA,"anticoncepcion, prevencion de its y de cancer de cuello uterino",inyectable trimestral: usuarias continuas,2016-11-01,0,1,4,4,0,9
SANTA ROSA DEL SARA,"anticoncepcion, prevencion de its y de cancer de cuello uterino",inyectable trimestral: usuarias continuas,2016-11-01,0,3,45,17,0,65
SANTIAGO DE CALLAPA,"anticoncepcion, prevencion de its y de cancer de cuello uterino",inyectable trimestral: usuarias continuas,2016-11-01,0,1,1,2,0,4
SANTIAGO DE HUARI,"anticoncepcion, prevencion de its y de cancer de cuello uterino",inyectable trimestral: usuarias continuas,2016-11-01,0,0,3,4,0,7
SANTIAGO DE HUATA,"anticoncepcion, prevencion de its y de cancer de cuello uterino",inyectable trimestral: usuarias continuas,2016-11-01,0,0,9,6,0,15
SANTIAGO DE MACHACA,"anticoncepcion, prevencion de its y de cancer de cuello uterino",inyectable trimestral: usuarias continuas,2016-11-01,0,1,3,2,0,6
SANTIVAÃ‘ES,"anticoncepcion, prevencion de its y de cancer de cuello uterino",inyectable trimestral: usuarias continuas,2016-11-01,0,4,26,2,0,32
SANTUARIO DE QUILLACAS,"anticoncepcion, prevencion de its y de cancer de cuello uterino",inyectable trimestral: usuarias continuas,2016-11-01,0,0,3,1,0,4
SAPAHAQUI,"anticoncepcion, prevencion de its y de cancer de cuello uterino",inyectable trimestral: usuarias continuas,2016-11-01,0,1,19,9,0,29
SENA,"anticoncepcion, prevencion de its y de cancer de cuello uterino",inyectable trimestral: usuarias continuas,2016-11-01,0,0,12,4,0,16
SHINAOTA,"anticoncepcion, prevencion de its y de cancer de cuello uterino",inyectable trimestral: usuarias continuas,2016-11-01,0,6,27,14,0,47
SICA SICA (VILLA AROMA),"anticoncepcion, prevencion de its y de cancer de cuello uterino",inyectable trimestral: usuarias continuas,2016-11-01,0,0,47,24,0,71
SICAYA,"anticoncepcion, prevencion de its y de cancer de cuello uterino",inyectable trimestral: usuarias continuas,2016-11-01,0,2,10,6,0,18
SIPE SIPE,"anticoncepcion, prevencion de its y de cancer de cuello uterino",inyectable trimestral: usuarias continuas,2016-11-01,0,12,138,58,1,209
SOPACHUY,"anticoncepcion, prevencion de its y de cancer de cuello uterino",inyectable trimestral: usuarias continuas,2016-11-01,0,1,21,17,1,40
SORACACHI,"anticoncepcion, prevencion de its y de cancer de cuello uterino",inyectable trimestral: usuarias continuas,2016-11-01,0,0,9,6,0,15
SORATA,"anticoncepcion, prevencion de its y de cancer de cuello uterino",inyectable trimestral: usuarias continuas,2016-11-01,0,2,36,20,0,58
SUCRE,"anticoncepcion, prevencion de its y de cancer de cuello uterino",inyectable trimestral: usuarias continuas,2016-11-01,0,36,310,126,0,472
TACACHI,"anticoncepcion, prevencion de its y de cancer de cuello uterino",inyectable trimestral: usuarias continuas,2016-11-01,0,0,1,2,0,3
TACACOMA,"anticoncepcion, prevencion de its y de cancer de cuello uterino",inyectable trimestral: usuarias continuas,2016-11-01,0,5,25,7,0,37
TACOBAMBA,"anticoncepcion, prevencion de its y de cancer de cuello uterino",inyectable trimestral: usuarias continuas,2016-11-01,0,0,8,9,0,17
TACOPAYA,"anticoncepcion, prevencion de its y de cancer de cuello uterino",inyectable trimestral: usuarias continuas,2016-11-01,0,0,12,7,0,19
TAHUA,"anticoncepcion, prevencion de its y de cancer de cuello uterino",inyectable trimestral: usuarias continuas,2016-11-01,0,0,0,2,0,2
TAPACARI,"anticoncepcion, prevencion de its y de cancer de cuello uterino",inyectable trimestral: usuarias continuas,2016-11-01,0,3,34,24,1,62
TARABUCO,"anticoncepcion, prevencion de its y de cancer de cuello uterino",inyectable trimestral: usuarias continuas,2016-11-01,0,4,21,19,0,44
TARACO,"anticoncepcion, prevencion de its y de cancer de cuello uterino",inyectable trimestral: usuarias continuas,2016-11-01,0,2,9,11,1,23
TARATA,"anticoncepcion, prevencion de its y de cancer de cuello uterino",inyectable trimestral: usuarias continuas,2016-11-01,0,4,17,10,0,31
TARIJA,"anticoncepcion, prevencion de its y de cancer de cuello uterino",inyectable trimestral: usuarias continuas,2016-11-01,0,17,140,58,0,215
TARVITA,"anticoncepcion, prevencion de its y de cancer de cuello uterino",inyectable trimestral: usuarias continuas,2016-11-01,0,10,32,23,1,66
TEOPONTE,"anticoncepcion, prevencion de its y de cancer de cuello uterino",inyectable trimestral: usuarias continuas,2016-11-01,0,2,20,5,0,27
TIAWANACU,"anticoncepcion, prevencion de its y de cancer de cuello uterino",inyectable trimestral: usuarias continuas,2016-11-01,0,1,17,17,0,35
TINGUIPAYA,"anticoncepcion, prevencion de its y de cancer de cuello uterino",inyectable trimestral: usuarias continuas,2016-11-01,0,0,10,7,2,19
TIPUANI,"anticoncepcion, prevencion de its y de cancer de cuello uterino",inyectable trimestral: usuarias continuas,2016-11-01,0,4,9,6,0,19
TIQUIPAYA,"anticoncepcion, prevencion de its y de cancer de cuello uterino",inyectable trimestral: usuarias continuas,2016-11-01,0,6,60,16,0,82
TIRAQUE (CBBA),"anticoncepcion, prevencion de its y de cancer de cuello uterino",inyectable trimestral: usuarias continuas,2016-11-01,0,6,55,28,1,90
TITO YUPANQUI (PARQUIPUJIO),"anticoncepcion, prevencion de its y de cancer de cuello uterino",inyectable trimestral: usuarias continuas,2016-11-01,0,1,2,2,0,5
TOCO,"anticoncepcion, prevencion de its y de cancer de cuello uterino",inyectable trimestral: usuarias continuas,2016-11-01,0,0,21,10,1,32
TOLATA,"anticoncepcion, prevencion de its y de cancer de cuello uterino",inyectable trimestral: usuarias continuas,2016-11-01,0,1,7,6,0,14
TOLEDO,"anticoncepcion, prevencion de its y de cancer de cuello uterino",inyectable trimestral: usuarias continuas,2016-11-01,0,1,6,2,0,9
TOMAVE,"anticoncepcion, prevencion de its y de cancer de cuello uterino",inyectable trimestral: usuarias continuas,2016-11-01,0,1,18,15,0,34
TOMINA,"anticoncepcion, prevencion de its y de cancer de cuello uterino",inyectable trimestral: usuarias continuas,2016-11-01,0,3,30,29,0,62
TORO TORO,"anticoncepcion, prevencion de its y de cancer de cuello uterino",inyectable trimestral: usuarias continuas,2016-11-01,0,1,17,8,0,26
TOTORA(CBBA),"anticoncepcion, prevencion de its y de cancer de cuello uterino",inyectable trimestral: usuarias continuas,2016-11-01,0,16,70,26,0,112
TOTORA(ORR),"anticoncepcion, prevencion de its y de cancer de cuello uterino",inyectable trimestral: usuarias continuas,2016-11-01,0,1,8,3,1,13
TRIGAL,"anticoncepcion, prevencion de its y de cancer de cuello uterino",inyectable trimestral: usuarias continuas,2016-11-01,0,1,4,3,1,9
TRINIDAD,"anticoncepcion, prevencion de its y de cancer de cuello uterino",inyectable trimestral: usuarias continuas,2016-11-01,0,2,15,5,0,22
TUPIZA,"anticoncepcion, prevencion de its y de cancer de cuello uterino",inyectable trimestral: usuarias continuas,2016-11-01,0,6,79,55,0,140
TURCO,"anticoncepcion, prevencion de its y de cancer de cuello uterino",inyectable trimestral: usuarias continuas,2016-11-01,0,0,4,4,0,8
UMALA,"anticoncepcion, prevencion de its y de cancer de cuello uterino",inyectable trimestral: usuarias continuas,2016-11-01,1,0,11,9,0,21
UNCIA,"anticoncepcion, prevencion de its y de cancer de cuello uterino",inyectable trimestral: usuarias continuas,2016-11-01,0,3,31,22,0,56
URIONDO (A. CONCEPCION),"anticoncepcion, prevencion de its y de cancer de cuello uterino",inyectable trimestral: usuarias continuas,2016-11-01,0,9,57,30,3,99
URUBICHA,"anticoncepcion, prevencion de its y de cancer de cuello uterino",inyectable trimestral: usuarias continuas,2016-11-01,0,0,6,6,0,12
UYUNI,"anticoncepcion, prevencion de its y de cancer de cuello uterino",inyectable trimestral: usuarias continuas,2016-11-01,0,5,25,11,0,41
VACAS,"anticoncepcion, prevencion de its y de cancer de cuello uterino",inyectable trimestral: usuarias continuas,2016-11-01,0,2,14,23,0,39
VALLEGRANDE,"anticoncepcion, prevencion de its y de cancer de cuello uterino",inyectable trimestral: usuarias continuas,2016-11-01,0,13,48,11,0,72
VIACHA,"anticoncepcion, prevencion de its y de cancer de cuello uterino",inyectable trimestral: usuarias continuas,2016-11-01,0,5,85,34,1,125
VILA VILA,"anticoncepcion, prevencion de its y de cancer de cuello uterino",inyectable trimestral: usuarias continuas,2016-11-01,0,2,6,2,0,10
VILLA CHARCAS,"anticoncepcion, prevencion de its y de cancer de cuello uterino",inyectable trimestral: usuarias continuas,2016-11-01,0,6,40,28,1,75
VILLA MONTES,"anticoncepcion, prevencion de its y de cancer de cuello uterino",inyectable trimestral: usuarias continuas,2016-11-01,0,13,67,23,0,103
VILLA NUEVA (LOMA ALTA),"anticoncepcion, prevencion de its y de cancer de cuello uterino",inyectable trimestral: usuarias continuas,2016-11-01,0,1,7,4,0,12
VILLA RIVERO,"anticoncepcion, prevencion de its y de cancer de cuello uterino",inyectable trimestral: usuarias continuas,2016-11-01,0,2,20,13,0,35
VILLA SERRANO,"anticoncepcion, prevencion de its y de cancer de cuello uterino",inyectable trimestral: usuarias continuas,2016-11-01,0,7,20,18,0,45
VILLA TUNARI,"anticoncepcion, prevencion de its y de cancer de cuello uterino",inyectable trimestral: usuarias continuas,2016-11-01,0,32,277,89,1,399
VILLA VACA GUZMAN (MUYUPAMPA),"anticoncepcion, prevencion de its y de cancer de cuello uterino",inyectable trimestral: usuarias continuas,2016-11-01,0,8,27,20,0,55
VILLAZON,"anticoncepcion, prevencion de its y de cancer de cuello uterino",inyectable trimestral: usuarias continuas,2016-11-01,0,1,84,37,1,123
VINTO,"anticoncepcion, prevencion de its y de cancer de cuello uterino",inyectable trimestral: usuarias continuas,2016-11-01,0,4,67,18,0,89
VITICHI,"anticoncepcion, prevencion de its y de cancer de cuello uterino",inyectable trimestral: usuarias continuas,2016-11-01,0,0,5,12,0,17
WALDO BALLIVIAN,"anticoncepcion, prevencion de its y de cancer de cuello uterino",inyectable trimestral: usuarias continuas,2016-11-01,0,0,2,2,0,4
WARNES,"anticoncepcion, prevencion de its y de cancer de cuello uterino",inyectable trimestral: usuarias continuas,2016-11-01,0,26,95,29,0,150
YACO,"anticoncepcion, prevencion de its y de cancer de cuello uterino",inyectable trimestral: usuarias continuas,2016-11-01,0,2,11,7,0,20
YACUIBA,"anticoncepcion, prevencion de its y de cancer de cuello uterino",inyectable trimestral: usuarias continuas,2016-11-01,0,29,161,85,0,275
YAMPARAEZ,"anticoncepcion, prevencion de its y de cancer de cuello uterino",inyectable trimestral: usuarias continuas,2016-11-01,0,2,12,10,0,24
YANACACHI,"anticoncepcion, prevencion de its y de cancer de cuello uterino",inyectable trimestral: usuarias continuas,2016-11-01,0,0,12,6,0,18
YAPACANI,"anticoncepcion, prevencion de its y de cancer de cuello uterino",inyectable trimestral: usuarias continuas,2016-11-01,0,18,75,27,0,120
YOCALLA,"anticoncepcion, prevencion de its y de cancer de cuello uterino",inyectable trimestral: usuarias continuas,2016-11-01,0,1,5,6,0,12
YOTALA,"anticoncepcion, prevencion de its y de cancer de cuello uterino",inyectable trimestral: usuarias continuas,2016-11-01,0,1,3,4,0,8
YUNCHARA,"anticoncepcion, prevencion de its y de cancer de cuello uterino",inyectable trimestral: usuarias continuas,2016-11-01,0,3,38,25,1,67
ZUDAÃ‘EZ,"anticoncepcion, prevencion de its y de cancer de cuello uterino",inyectable trimestral: usuarias continuas,2016-11-01,0,6,31,19,0,56
ACACIO,"anticoncepcion, prevencion de its y de cancer de cuello uterino",inyectable trimestral: usuarias continuas,2016-12-01,0,0,6,6,0,12
ACHACACHI,"anticoncepcion, prevencion de its y de cancer de cuello uterino",inyectable trimestral: usuarias continuas,2016-12-01,0,5,43,27,1,76
ACHOCALLA,"anticoncepcion, prevencion de its y de cancer de cuello uterino",inyectable trimestral: usuarias continuas,2016-12-01,0,1,40,22,0,63
AIQUILE,"anticoncepcion, prevencion de its y de cancer de cuello uterino",inyectable trimestral: usuarias continuas,2016-12-01,0,2,33,21,1,57
ALALAY,"anticoncepcion, prevencion de its y de cancer de cuello uterino",inyectable trimestral: usuarias continuas,2016-12-01,0,1,4,2,0,7
ALCALA,"anticoncepcion, prevencion de its y de cancer de cuello uterino",inyectable trimestral: usuarias continuas,2016-12-01,0,0,7,9,0,16
ALTO BENI,"anticoncepcion, prevencion de its y de cancer de cuello uterino",inyectable trimestral: usuarias continuas,2016-12-01,0,1,24,15,0,40
ANCORAIMES,"anticoncepcion, prevencion de its y de cancer de cuello uterino",inyectable trimestral: usuarias continuas,2016-12-01,0,0,11,4,0,15
ANDAMARCA,"anticoncepcion, prevencion de its y de cancer de cuello uterino",inyectable trimestral: usuarias continuas,2016-12-01,0,1,3,3,0,7
ANTEQUERA,"anticoncepcion, prevencion de its y de cancer de cuello uterino",inyectable trimestral: usuarias continuas,2016-12-01,0,1,3,1,0,5
ANZALDO,"anticoncepcion, prevencion de its y de cancer de cuello uterino",inyectable trimestral: usuarias continuas,2016-12-01,0,2,15,9,1,27
APOLO,"anticoncepcion, prevencion de its y de cancer de cuello uterino",inyectable trimestral: usuarias continuas,2016-12-01,0,4,29,31,0,64
ARAMPAMPA,"anticoncepcion, prevencion de its y de cancer de cuello uterino",inyectable trimestral: usuarias continuas,2016-12-01,0,0,7,4,0,11
ARANI,"anticoncepcion, prevencion de its y de cancer de cuello uterino",inyectable trimestral: usuarias continuas,2016-12-01,0,2,10,5,1,18
ARBIETO,"anticoncepcion, prevencion de its y de cancer de cuello uterino",inyectable trimestral: usuarias continuas,2016-12-01,0,5,29,16,0,50
ARQUE,"anticoncepcion, prevencion de its y de cancer de cuello uterino",inyectable trimestral: usuarias continuas,2016-12-01,0,6,32,31,0,69
ASCENCION DE GUARAYOS,"anticoncepcion, prevencion de its y de cancer de cuello uterino",inyectable trimestral: usuarias continuas,2016-12-01,0,4,25,1,0,30
ATOCHA,"anticoncepcion, prevencion de its y de cancer de cuello uterino",inyectable trimestral: usuarias continuas,2016-12-01,0,0,41,14,0,55
AUCAPATA,"anticoncepcion, prevencion de its y de cancer de cuello uterino",inyectable trimestral: usuarias continuas,2016-12-01,0,0,6,6,0,12
AYATA,"anticoncepcion, prevencion de its y de cancer de cuello uterino",inyectable trimestral: usuarias continuas,2016-12-01,0,2,18,20,0,40
AYO AYO,"anticoncepcion, prevencion de its y de cancer de cuello uterino",inyectable trimestral: usuarias continuas,2016-12-01,0,0,13,9,0,22
AYOPAYA (V. DE INDEPENDENCIA),"anticoncepcion, prevencion de its y de cancer de cuello uterino",inyectable trimestral: usuarias continuas,2016-12-01,0,4,61,46,0,111
AZURDUY,"anticoncepcion, prevencion de its y de cancer de cuello uterino",inyectable trimestral: usuarias continuas,2016-12-01,0,7,42,30,0,79
BATALLAS,"anticoncepcion, prevencion de its y de cancer de cuello uterino",inyectable trimestral: usuarias continuas,2016-12-01,0,4,26,14,1,45
BAURES,"anticoncepcion, prevencion de its y de cancer de cuello uterino",inyectable trimestral: usuarias continuas,2016-12-01,0,0,4,3,0,7
BELEN DE ANDAMARCA,"anticoncepcion, prevencion de its y de cancer de cuello uterino",inyectable trimestral: usuarias continuas,2016-12-01,0,0,3,0,0,3
BELEN DE URMIRI,"anticoncepcion, prevencion de its y de cancer de cuello uterino",inyectable trimestral: usuarias continuas,2016-12-01,0,0,2,1,0,3
BELLA FLOR,"anticoncepcion, prevencion de its y de cancer de cuello uterino",inyectable trimestral: usuarias continuas,2016-12-01,1,2,4,4,0,11
BERMEJO,"anticoncepcion, prevencion de its y de cancer de cuello uterino",inyectable trimestral: usuarias continuas,2016-12-01,0,5,38,23,0,66
BETANZOS,"anticoncepcion, prevencion de its y de cancer de cuello uterino",inyectable trimestral: usuarias continuas,2016-12-01,0,0,47,42,1,90
BOLIVAR,"anticoncepcion, prevencion de its y de cancer de cuello uterino",inyectable trimestral: usuarias continuas,2016-12-01,0,0,7,5,0,12
BOLPEBRA,"anticoncepcion, prevencion de its y de cancer de cuello uterino",inyectable trimestral: usuarias continuas,2016-12-01,0,3,7,5,0,15
BOYUIBE,"anticoncepcion, prevencion de its y de cancer de cuello uterino",inyectable trimestral: usuarias continuas,2016-12-01,0,0,10,4,0,14
BUENA VISTA,"anticoncepcion, prevencion de its y de cancer de cuello uterino",inyectable trimestral: usuarias continuas,2016-12-01,0,5,36,16,0,57
CABEZAS,"anticoncepcion, prevencion de its y de cancer de cuello uterino",inyectable trimestral: usuarias continuas,2016-12-01,0,15,76,20,0,111
CAIROMA,"anticoncepcion, prevencion de its y de cancer de cuello uterino",inyectable trimestral: usuarias continuas,2016-12-01,0,1,20,14,0,35
"CAIZA ""D""","anticoncepcion, prevencion de its y de cancer de cuello uterino",inyectable trimestral: usuarias continuas,2016-12-01,0,0,4,4,0,8
CAJUATA,"anticoncepcion, prevencion de its y de cancer de cuello uterino",inyectable trimestral: usuarias continuas,2016-12-01,0,1,26,17,0,44
CALACOTO,"anticoncepcion, prevencion de its y de cancer de cuello uterino",inyectable trimestral: usuarias continuas,2016-12-01,0,0,4,2,0,6
CALAMARCA,"anticoncepcion, prevencion de its y de cancer de cuello uterino",inyectable trimestral: usuarias continuas,2016-12-01,0,4,30,14,0,48
CAMARGO,"anticoncepcion, prevencion de its y de cancer de cuello uterino",inyectable trimestral: usuarias continuas,2016-12-01,0,0,20,11,0,31
CAMATAQUI (C. VILLA ABECIA),"anticoncepcion, prevencion de its y de cancer de cuello uterino",inyectable trimestral: usuarias continuas,2016-12-01,0,0,6,3,0,9
CAMIRI,"anticoncepcion, prevencion de its y de cancer de cuello uterino",inyectable trimestral: usuarias continuas,2016-12-01,0,2,19,10,0,31
CAPINOTA,"anticoncepcion, prevencion de its y de cancer de cuello uterino",inyectable trimestral: usuarias continuas,2016-12-01,0,5,35,20,0,60
CAQUIAVIRI,"anticoncepcion, prevencion de its y de cancer de cuello uterino",inyectable trimestral: usuarias continuas,2016-12-01,0,0,10,11,0,21
CARACOLLO,"anticoncepcion, prevencion de its y de cancer de cuello uterino",inyectable trimestral: usuarias continuas,2016-12-01,0,3,18,9,1,31
CARANAVI,"anticoncepcion, prevencion de its y de cancer de cuello uterino",inyectable trimestral: usuarias continuas,2016-12-01,0,8,51,38,1,98
CARAPARI,"anticoncepcion, prevencion de its y de cancer de cuello uterino",inyectable trimestral: usuarias continuas,2016-12-01,0,7,42,17,0,66
CARIPUYO,"anticoncepcion, prevencion de its y de cancer de cuello uterino",inyectable trimestral: usuarias continuas,2016-12-01,0,1,10,10,0,21
CARMEN RIVERO TORREZ,"anticoncepcion, prevencion de its y de cancer de cuello uterino",inyectable trimestral: usuarias continuas,2016-12-01,0,2,2,1,0,5
CATACORA,"anticoncepcion, prevencion de its y de cancer de cuello uterino",inyectable trimestral: usuarias continuas,2016-12-01,0,1,1,4,0,6
CHACARILLA,"anticoncepcion, prevencion de its y de cancer de cuello uterino",inyectable trimestral: usuarias continuas,2016-12-01,0,0,2,2,0,4
CHALLAPATA,"anticoncepcion, prevencion de its y de cancer de cuello uterino",inyectable trimestral: usuarias continuas,2016-12-01,0,2,32,6,0,40
CHAQUI,"anticoncepcion, prevencion de its y de cancer de cuello uterino",inyectable trimestral: usuarias continuas,2016-12-01,0,0,6,8,2,16
CHARAGUA,"anticoncepcion, prevencion de its y de cancer de cuello uterino",inyectable trimestral: usuarias continuas,2016-12-01,0,13,42,16,1,72
CHARAÃ‘A,"anticoncepcion, prevencion de its y de cancer de cuello uterino",inyectable trimestral: usuarias continuas,2016-12-01,0,0,3,3,0,6
CHAYANTA,"anticoncepcion, prevencion de its y de cancer de cuello uterino",inyectable trimestral: usuarias continuas,2016-12-01,0,1,36,19,0,56
CHIMORE,"anticoncepcion, prevencion de its y de cancer de cuello uterino",inyectable trimestral: usuarias continuas,2016-12-01,0,8,34,19,0,61
CHIPAYA,"anticoncepcion, prevencion de its y de cancer de cuello uterino",inyectable trimestral: usuarias continuas,2016-12-01,0,2,7,3,0,12
CHOQUE COTA,"anticoncepcion, prevencion de its y de cancer de cuello uterino",inyectable trimestral: usuarias continuas,2016-12-01,0,0,1,2,0,3
CHUA COCANI,"anticoncepcion, prevencion de its y de cancer de cuello uterino",inyectable trimestral: usuarias continuas,2016-12-01,0,1,2,3,0,6
CHULUMANI (V. DE LA LIBERTAD),"anticoncepcion, prevencion de its y de cancer de cuello uterino",inyectable trimestral: usuarias continuas,2016-12-01,0,1,20,11,0,32
CHUMA,"anticoncepcion, prevencion de its y de cancer de cuello uterino",inyectable trimestral: usuarias continuas,2016-12-01,0,1,22,15,1,39
CHUQUIHUTA AYLLU JUCUMANI,"anticoncepcion, prevencion de its y de cancer de cuello uterino",inyectable trimestral: usuarias continuas,2016-12-01,0,3,20,9,0,32
CKOCHAS,"anticoncepcion, prevencion de its y de cancer de cuello uterino",inyectable trimestral: usuarias continuas,2016-12-01,0,1,8,15,0,24
CLIZA,"anticoncepcion, prevencion de its y de cancer de cuello uterino",inyectable trimestral: usuarias continuas,2016-12-01,0,7,32,15,0,54
COBIJA,"anticoncepcion, prevencion de its y de cancer de cuello uterino",inyectable trimestral: usuarias continuas,2016-12-01,0,15,70,22,1,108
COCAPATA,"anticoncepcion, prevencion de its y de cancer de cuello uterino",inyectable trimestral: usuarias continuas,2016-12-01,0,4,34,34,0,72
COCHABAMBA,"anticoncepcion, prevencion de its y de cancer de cuello uterino",inyectable trimestral: usuarias continuas,2016-12-01,0,16,213,82,0,311
COIPASA,"anticoncepcion, prevencion de its y de cancer de cuello uterino",inyectable trimestral: usuarias continuas,2016-12-01,0,0,2,3,0,5
COLCAPIRHUA,"anticoncepcion, prevencion de its y de cancer de cuello uterino",inyectable trimestral: usuarias continuas,2016-12-01,0,7,27,9,0,43
"COLCHA ""K""","anticoncepcion, prevencion de its y de cancer de cuello uterino",inyectable trimestral: usuarias continuas,2016-12-01,0,2,43,19,0,64
COLLANA,"anticoncepcion, prevencion de its y de cancer de cuello uterino",inyectable trimestral: usuarias continuas,2016-12-01,0,0,10,4,0,14
COLOMI,"anticoncepcion, prevencion de its y de cancer de cuello uterino",inyectable trimestral: usuarias continuas,2016-12-01,1,11,52,15,0,79
COLPA BELGICA,"anticoncepcion, prevencion de its y de cancer de cuello uterino",inyectable trimestral: usuarias continuas,2016-12-01,0,2,16,0,0,18
COLQUECHACA,"anticoncepcion, prevencion de its y de cancer de cuello uterino",inyectable trimestral: usuarias continuas,2016-12-01,0,4,42,20,0,66
COLQUENCHA,"anticoncepcion, prevencion de its y de cancer de cuello uterino",inyectable trimestral: usuarias continuas,2016-12-01,0,1,19,12,0,32
COLQUIRI,"anticoncepcion, prevencion de its y de cancer de cuello uterino",inyectable trimestral: usuarias continuas,2016-12-01,0,1,25,12,0,38
COMANCHE,"anticoncepcion, prevencion de its y de cancer de cuello uterino",inyectable trimestral: usuarias continuas,2016-12-01,0,0,2,1,0,3
COMARAPA,"anticoncepcion, prevencion de its y de cancer de cuello uterino",inyectable trimestral: usuarias continuas,2016-12-01,0,12,79,25,1,117
COMBAYA,"anticoncepcion, prevencion de its y de cancer de cuello uterino",inyectable trimestral: usuarias continuas,2016-12-01,0,0,3,1,0,4
CONCEPCION,"anticoncepcion, prevencion de its y de cancer de cuello uterino",inyectable trimestral: usuarias continuas,2016-12-01,0,3,14,7,0,24
COPACABANA,"anticoncepcion, prevencion de its y de cancer de cuello uterino",inyectable trimestral: usuarias continuas,2016-12-01,0,3,26,15,0,44
CORIPATA,"anticoncepcion, prevencion de its y de cancer de cuello uterino",inyectable trimestral: usuarias continuas,2016-12-01,0,0,21,19,0,40
CORO CORO,"anticoncepcion, prevencion de its y de cancer de cuello uterino",inyectable trimestral: usuarias continuas,2016-12-01,0,2,8,3,0,13
COROICO,"anticoncepcion, prevencion de its y de cancer de cuello uterino",inyectable trimestral: usuarias continuas,2016-12-01,0,1,15,6,0,22
CORQUE,"anticoncepcion, prevencion de its y de cancer de cuello uterino",inyectable trimestral: usuarias continuas,2016-12-01,0,1,6,6,0,13
COTAGAITA,"anticoncepcion, prevencion de its y de cancer de cuello uterino",inyectable trimestral: usuarias continuas,2016-12-01,0,5,35,22,1,63
COTOCA,"anticoncepcion, prevencion de its y de cancer de cuello uterino",inyectable trimestral: usuarias continuas,2016-12-01,1,19,53,28,0,101
CUATRO CAÃ‘ADAS,"anticoncepcion, prevencion de its y de cancer de cuello uterino",inyectable trimestral: usuarias continuas,2016-12-01,0,6,32,18,0,56
CUCHUMUELA (V. G. VILLARROEL),"anticoncepcion, prevencion de its y de cancer de cuello uterino",inyectable trimestral: usuarias continuas,2016-12-01,0,0,6,4,0,10
CUEVO,"anticoncepcion, prevencion de its y de cancer de cuello uterino",inyectable trimestral: usuarias continuas,2016-12-01,0,0,23,9,0,32
CULPINA,"anticoncepcion, prevencion de its y de cancer de cuello uterino",inyectable trimestral: usuarias continuas,2016-12-01,0,2,37,33,0,72
CURAHUARA DE CARANGAS,"anticoncepcion, prevencion de its y de cancer de cuello uterino",inyectable trimestral: usuarias continuas,2016-12-01,0,2,6,10,0,18
CURVA,"anticoncepcion, prevencion de its y de cancer de cuello uterino",inyectable trimestral: usuarias continuas,2016-12-01,0,0,2,1,0,3
DESAGUADERO,"anticoncepcion, prevencion de its y de cancer de cuello uterino",inyectable trimestral: usuarias continuas,2016-12-01,0,0,10,4,0,14
EL ALTO,"anticoncepcion, prevencion de its y de cancer de cuello uterino",inyectable trimestral: usuarias continuas,2016-12-01,0,40,518,218,1,777
EL CHORO,"anticoncepcion, prevencion de its y de cancer de cuello uterino",inyectable trimestral: usuarias continuas,2016-12-01,0,0,8,0,0,8
EL PUENTE(STC),"anticoncepcion, prevencion de its y de cancer de cuello uterino",inyectable trimestral: usuarias continuas,2016-12-01,0,5,36,15,0,56
EL PUENTE(TJA),"anticoncepcion, prevencion de its y de cancer de cuello uterino",inyectable trimestral: usuarias continuas,2016-12-01,0,5,40,23,0,68
EL TORNO,"anticoncepcion, prevencion de its y de cancer de cuello uterino",inyectable trimestral: usuarias continuas,2016-12-01,0,9,61,28,0,98
EL VILLAR,"anticoncepcion, prevencion de its y de cancer de cuello uterino",inyectable trimestral: usuarias continuas,2016-12-01,0,1,17,13,0,31
ENTRE RIOS TRJ,"anticoncepcion, prevencion de its y de cancer de cuello uterino",inyectable trimestral: usuarias continuas,2016-12-01,0,22,74,55,0,151
ENTRE RIOS CBBA,"anticoncepcion, prevencion de its y de cancer de cuello uterino",inyectable trimestral: usuarias continuas,2016-12-01,0,6,37,15,0,58
ESCOMA,"anticoncepcion, prevencion de its y de cancer de cuello uterino",inyectable trimestral: usuarias continuas,2016-12-01,0,0,3,0,0,3
ESMERALDA,"anticoncepcion, prevencion de its y de cancer de cuello uterino",inyectable trimestral: usuarias continuas,2016-12-01,0,0,1,0,0,1
EUCALIPTUS,"anticoncepcion, prevencion de its y de cancer de cuello uterino",inyectable trimestral: usuarias continuas,2016-12-01,0,0,1,1,0,2
EXALTACION,"anticoncepcion, prevencion de its y de cancer de cuello uterino",inyectable trimestral: usuarias continuas,2016-12-01,0,0,2,1,0,3
FERNANDEZ ALONSO,"anticoncepcion, prevencion de its y de cancer de cuello uterino",inyectable trimestral: usuarias continuas,2016-12-01,0,10,37,28,1,76
FILADELFIA,"anticoncepcion, prevencion de its y de cancer de cuello uterino",inyectable trimestral: usuarias continuas,2016-12-01,0,5,13,3,1,22
GENERAL SAAVEDRA,"anticoncepcion, prevencion de its y de cancer de cuello uterino",inyectable trimestral: usuarias continuas,2016-12-01,0,3,39,10,0,52
GRAL. J.J. PEREZ (CHARAZANI),"anticoncepcion, prevencion de its y de cancer de cuello uterino",inyectable trimestral: usuarias continuas,2016-12-01,0,0,11,7,0,18
GUANAY,"anticoncepcion, prevencion de its y de cancer de cuello uterino",inyectable trimestral: usuarias continuas,2016-12-01,0,3,24,3,0,30
GUAQUI,"anticoncepcion, prevencion de its y de cancer de cuello uterino",inyectable trimestral: usuarias continuas,2016-12-01,0,0,8,8,0,16
GUAYARAMERIN,"anticoncepcion, prevencion de its y de cancer de cuello uterino",inyectable trimestral: usuarias continuas,2016-12-01,0,8,27,7,0,42
GUTIERREZ,"anticoncepcion, prevencion de its y de cancer de cuello uterino",inyectable trimestral: usuarias continuas,2016-12-01,0,3,32,9,0,44
HUACARETA,"anticoncepcion, prevencion de its y de cancer de cuello uterino",inyectable trimestral: usuarias continuas,2016-12-01,0,4,14,16,0,34
HUACAYA (VILLA DE HUACAYA),"anticoncepcion, prevencion de its y de cancer de cuello uterino",inyectable trimestral: usuarias continuas,2016-12-01,0,2,10,1,0,13
HUACHACALLA,"anticoncepcion, prevencion de its y de cancer de cuello uterino",inyectable trimestral: usuarias continuas,2016-12-01,0,0,4,2,0,6
HUANUNI,"anticoncepcion, prevencion de its y de cancer de cuello uterino",inyectable trimestral: usuarias continuas,2016-12-01,0,0,16,1,0,17
HUARACAJE,"anticoncepcion, prevencion de its y de cancer de cuello uterino",inyectable trimestral: usuarias continuas,2016-12-01,0,0,4,3,0,7
HUARINA,"anticoncepcion, prevencion de its y de cancer de cuello uterino",inyectable trimestral: usuarias continuas,2016-12-01,0,3,4,5,0,12
HUATAJATA,"anticoncepcion, prevencion de its y de cancer de cuello uterino",inyectable trimestral: usuarias continuas,2016-12-01,0,0,1,2,0,3
HUAYLLAMARCA,"anticoncepcion, prevencion de its y de cancer de cuello uterino",inyectable trimestral: usuarias continuas,2016-12-01,0,2,3,5,0,10
HUMANATA,"anticoncepcion, prevencion de its y de cancer de cuello uterino",inyectable trimestral: usuarias continuas,2016-12-01,0,3,6,1,0,10
ICHOCA,"anticoncepcion, prevencion de its y de cancer de cuello uterino",inyectable trimestral: usuarias continuas,2016-12-01,0,1,5,2,1,9
ICLA,"anticoncepcion, prevencion de its y de cancer de cuello uterino",inyectable trimestral: usuarias continuas,2016-12-01,0,0,10,18,0,28
INCAHUASI,"anticoncepcion, prevencion de its y de cancer de cuello uterino",inyectable trimestral: usuarias continuas,2016-12-01,0,2,24,20,0,46
INGAVI (HUMAITA),"anticoncepcion, prevencion de its y de cancer de cuello uterino",inyectable trimestral: usuarias continuas,2016-12-01,0,1,2,0,0,3
INQUISIVI,"anticoncepcion, prevencion de its y de cancer de cuello uterino",inyectable trimestral: usuarias continuas,2016-12-01,0,0,21,13,0,34
IRUPANA (VILLA DE LANZA),"anticoncepcion, prevencion de its y de cancer de cuello uterino",inyectable trimestral: usuarias continuas,2016-12-01,0,2,29,14,0,45
IXIAMAS,"anticoncepcion, prevencion de its y de cancer de cuello uterino",inyectable trimestral: usuarias continuas,2016-12-01,0,4,25,8,0,37
JESUS DE MACHACA,"anticoncepcion, prevencion de its y de cancer de cuello uterino",inyectable trimestral: usuarias continuas,2016-12-01,0,1,15,13,0,29
LA ASUNTA,"anticoncepcion, prevencion de its y de cancer de cuello uterino",inyectable trimestral: usuarias continuas,2016-12-01,0,5,105,44,0,154
LA GUARDIA,"anticoncepcion, prevencion de its y de cancer de cuello uterino",inyectable trimestral: usuarias continuas,2016-12-01,0,17,101,18,0,136
LA PAZ,"anticoncepcion, prevencion de its y de cancer de cuello uterino",inyectable trimestral: usuarias continuas,2016-12-01,0,26,236,94,0,356
LA RIVERA,"anticoncepcion, prevencion de its y de cancer de cuello uterino",inyectable trimestral: usuarias continuas,2016-12-01,0,0,2,0,0,2
LAGUNILLAS,"anticoncepcion, prevencion de its y de cancer de cuello uterino",inyectable trimestral: usuarias continuas,2016-12-01,0,4,13,12,0,29
LAJA,"anticoncepcion, prevencion de its y de cancer de cuello uterino",inyectable trimestral: usuarias continuas,2016-12-01,0,6,27,11,1,45
LAS CARRERAS,"anticoncepcion, prevencion de its y de cancer de cuello uterino",inyectable trimestral: usuarias continuas,2016-12-01,0,0,5,12,1,18
LICOMA PAMPA,"anticoncepcion, prevencion de its y de cancer de cuello uterino",inyectable trimestral: usuarias continuas,2016-12-01,0,3,10,4,0,17
LLALLAGUA,"anticoncepcion, prevencion de its y de cancer de cuello uterino",inyectable trimestral: usuarias continuas,2016-12-01,0,4,65,21,1,91
LLICA,"anticoncepcion, prevencion de its y de cancer de cuello uterino",inyectable trimestral: usuarias continuas,2016-12-01,0,1,10,1,1,13
LORETO,"anticoncepcion, prevencion de its y de cancer de cuello uterino",inyectable trimestral: usuarias continuas,2016-12-01,1,1,5,0,0,7
LURIBAY,"anticoncepcion, prevencion de its y de cancer de cuello uterino",inyectable trimestral: usuarias continuas,2016-12-01,0,3,17,19,1,40
MACHACAMARCA,"anticoncepcion, prevencion de its y de cancer de cuello uterino",inyectable trimestral: usuarias continuas,2016-12-01,0,0,3,1,0,4
MACHARETI,"anticoncepcion, prevencion de its y de cancer de cuello uterino",inyectable trimestral: usuarias continuas,2016-12-01,0,5,22,15,1,43
MAGDALENA,"anticoncepcion, prevencion de its y de cancer de cuello uterino",inyectable trimestral: usuarias continuas,2016-12-01,0,12,42,9,0,63
MAIRANA,"anticoncepcion, prevencion de its y de cancer de cuello uterino",inyectable trimestral: usuarias continuas,2016-12-01,0,3,29,10,0,42
MALLA,"anticoncepcion, prevencion de its y de cancer de cuello uterino",inyectable trimestral: usuarias continuas,2016-12-01,0,0,5,2,0,7
MAPIRI,"anticoncepcion, prevencion de its y de cancer de cuello uterino",inyectable trimestral: usuarias continuas,2016-12-01,0,2,19,5,0,26
MECAPACA,"anticoncepcion, prevencion de its y de cancer de cuello uterino",inyectable trimestral: usuarias continuas,2016-12-01,0,1,32,12,0,45
MINEROS,"anticoncepcion, prevencion de its y de cancer de cuello uterino",inyectable trimestral: usuarias continuas,2016-12-01,0,5,35,14,1,55
MIZQUE,"anticoncepcion, prevencion de its y de cancer de cuello uterino",inyectable trimestral: usuarias continuas,2016-12-01,1,3,60,38,1,103
MOCOMOCO,"anticoncepcion, prevencion de its y de cancer de cuello uterino",inyectable trimestral: usuarias continuas,2016-12-01,0,1,9,23,0,33
MOJINETE,"anticoncepcion, prevencion de its y de cancer de cuello uterino",inyectable trimestral: usuarias continuas,2016-12-01,0,0,1,1,0,2
MOJOCOYA,"anticoncepcion, prevencion de its y de cancer de cuello uterino",inyectable trimestral: usuarias continuas,2016-12-01,0,0,35,13,0,48
MONTEAGUDO,"anticoncepcion, prevencion de its y de cancer de cuello uterino",inyectable trimestral: usuarias continuas,2016-12-01,0,6,37,21,1,65
MONTERO,"anticoncepcion, prevencion de its y de cancer de cuello uterino",inyectable trimestral: usuarias continuas,2016-12-01,0,20,107,55,0,182
MORO MORO,"anticoncepcion, prevencion de its y de cancer de cuello uterino",inyectable trimestral: usuarias continuas,2016-12-01,0,4,7,1,0,12
MOROCHATA,"anticoncepcion, prevencion de its y de cancer de cuello uterino",inyectable trimestral: usuarias continuas,2016-12-01,0,6,33,30,0,69
NACEBE (SANTA ROSA DEL ABUNA),"anticoncepcion, prevencion de its y de cancer de cuello uterino",inyectable trimestral: usuarias continuas,2016-12-01,0,3,12,5,0,20
NAZACARA DE PACAJES,"anticoncepcion, prevencion de its y de cancer de cuello uterino",inyectable trimestral: usuarias continuas,2016-12-01,0,0,1,0,0,1
NUEVO MANOA (NUEVA ESPERANZA),"anticoncepcion, prevencion de its y de cancer de cuello uterino",inyectable trimestral: usuarias continuas,2016-12-01,0,3,9,0,0,12
OCURI,"anticoncepcion, prevencion de its y de cancer de cuello uterino",inyectable trimestral: usuarias continuas,2016-12-01,0,1,20,16,0,37
OKINAWA,"anticoncepcion, prevencion de its y de cancer de cuello uterino",inyectable trimestral: usuarias continuas,2016-12-01,0,1,24,8,0,33
OMEREQUE,"anticoncepcion, prevencion de its y de cancer de cuello uterino",inyectable trimestral: usuarias continuas,2016-12-01,0,3,21,10,0,34
ORURO,"anticoncepcion, prevencion de its y de cancer de cuello uterino",inyectable trimestral: usuarias continuas,2016-12-01,1,41,439,138,3,622
PADCAYA,"anticoncepcion, prevencion de its y de cancer de cuello uterino",inyectable trimestral: usuarias continuas,2016-12-01,0,19,81,84,3,187
PADILLA,"anticoncepcion, prevencion de its y de cancer de cuello uterino",inyectable trimestral: usuarias continuas,2016-12-01,0,5,53,17,0,75
PAILON,"anticoncepcion, prevencion de its y de cancer de cuello uterino",inyectable trimestral: usuarias continuas,2016-12-01,0,6,15,7,0,28
PALCA,"anticoncepcion, prevencion de its y de cancer de cuello uterino",inyectable trimestral: usuarias continuas,2016-12-01,0,4,34,5,0,43
PALOS BLANCOS,"anticoncepcion, prevencion de its y de cancer de cuello uterino",inyectable trimestral: usuarias continuas,2016-12-01,0,6,43,22,0,71
PAMPA AULLAGAS,"anticoncepcion, prevencion de its y de cancer de cuello uterino",inyectable trimestral: usuarias continuas,2016-12-01,0,0,2,1,0,3
PAMPA GRANDE,"anticoncepcion, prevencion de its y de cancer de cuello uterino",inyectable trimestral: usuarias continuas,2016-12-01,0,2,29,8,2,41
PAPEL PAMPA,"anticoncepcion, prevencion de its y de cancer de cuello uterino",inyectable trimestral: usuarias continuas,2016-12-01,0,1,8,7,0,16
PASORAPA,"anticoncepcion, prevencion de its y de cancer de cuello uterino",inyectable trimestral: usuarias continuas,2016-12-01,0,2,13,10,0,25
PATACAMAYA,"anticoncepcion, prevencion de its y de cancer de cuello uterino",inyectable trimestral: usuarias continuas,2016-12-01,0,0,28,5,0,33
PAZÃ‘A,"anticoncepcion, prevencion de its y de cancer de cuello uterino",inyectable trimestral: usuarias continuas,2016-12-01,0,0,8,3,0,11
PELECHUCO,"anticoncepcion, prevencion de its y de cancer de cuello uterino",inyectable trimestral: usuarias continuas,2016-12-01,0,1,13,3,0,17
POCOATA,"anticoncepcion, prevencion de its y de cancer de cuello uterino",inyectable trimestral: usuarias continuas,2016-12-01,0,2,16,21,0,39
POCONA,"anticoncepcion, prevencion de its y de cancer de cuello uterino",inyectable trimestral: usuarias continuas,2016-12-01,0,12,56,15,2,85
POJO (CBBA),"anticoncepcion, prevencion de its y de cancer de cuello uterino",inyectable trimestral: usuarias continuas,2016-12-01,0,7,48,22,0,77
POOPO,"anticoncepcion, prevencion de its y de cancer de cuello uterino",inyectable trimestral: usuarias continuas,2016-12-01,0,0,5,2,0,7
PORCO,"anticoncepcion, prevencion de its y de cancer de cuello uterino",inyectable trimestral: usuarias continuas,2016-12-01,0,2,12,6,0,20
POROMA,"anticoncepcion, prevencion de its y de cancer de cuello uterino",inyectable trimestral: usuarias continuas,2016-12-01,0,3,38,29,0,70
PORONGO,"anticoncepcion, prevencion de its y de cancer de cuello uterino",inyectable trimestral: usuarias continuas,2016-12-01,1,3,13,4,0,21
PORTACHUELO,"anticoncepcion, prevencion de its y de cancer de cuello uterino",inyectable trimestral: usuarias continuas,2016-12-01,0,6,31,12,0,49
PORVENIR,"anticoncepcion, prevencion de its y de cancer de cuello uterino",inyectable trimestral: usuarias continuas,2016-12-01,0,3,14,1,0,18
POSTRER VALLE,"anticoncepcion, prevencion de its y de cancer de cuello uterino",inyectable trimestral: usuarias continuas,2016-12-01,0,1,5,2,0,8
POTOSI,"anticoncepcion, prevencion de its y de cancer de cuello uterino",inyectable trimestral: usuarias continuas,2016-12-01,0,20,391,152,0,563
PRESTO,"anticoncepcion, prevencion de its y de cancer de cuello uterino",inyectable trimestral: usuarias continuas,2016-12-01,0,3,10,16,1,30
PUCARA,"anticoncepcion, prevencion de its y de cancer de cuello uterino",inyectable trimestral: usuarias continuas,2016-12-01,0,1,6,3,0,10
PUCARANI,"anticoncepcion, prevencion de its y de cancer de cuello uterino",inyectable trimestral: usuarias continuas,2016-12-01,0,6,61,38,0,105
PUERTO ACOSTA,"anticoncepcion, prevencion de its y de cancer de cuello uterino",inyectable trimestral: usuarias continuas,2016-12-01,0,0,4,4,0,8
PUERTO CARABUCO,"anticoncepcion, prevencion de its y de cancer de cuello uterino",inyectable trimestral: usuarias continuas,2016-12-01,0,2,12,7,0,21
PUERTO GONZALO MORENO,"anticoncepcion, prevencion de its y de cancer de cuello uterino",inyectable trimestral: usuarias continuas,2016-12-01,0,6,19,8,0,33
PUERTO PEREZ,"anticoncepcion, prevencion de its y de cancer de cuello uterino",inyectable trimestral: usuarias continuas,2016-12-01,0,0,4,4,0,8
PUERTO QUIJARRO,"anticoncepcion, prevencion de its y de cancer de cuello uterino",inyectable trimestral: usuarias continuas,2016-12-01,0,2,12,3,0,17
PUERTO RICO,"anticoncepcion, prevencion de its y de cancer de cuello uterino",inyectable trimestral: usuarias continuas,2016-12-01,0,8,21,6,0,35
PUERTO SUAREZ,"anticoncepcion, prevencion de its y de cancer de cuello uterino",inyectable trimestral: usuarias continuas,2016-12-01,0,2,17,3,0,22
PUERTO VILLARROEL,"anticoncepcion, prevencion de its y de cancer de cuello uterino",inyectable trimestral: usuarias continuas,2016-12-01,0,12,71,28,0,111
PUNA,"anticoncepcion, prevencion de its y de cancer de cuello uterino",inyectable trimestral: usuarias continuas,2016-12-01,0,0,24,15,0,39
PUNATA,"anticoncepcion, prevencion de its y de cancer de cuello uterino",inyectable trimestral: usuarias continuas,2016-12-01,0,4,58,25,1,88
QUIABAYA,"anticoncepcion, prevencion de its y de cancer de cuello uterino",inyectable trimestral: usuarias continuas,2016-12-01,0,1,13,4,0,18
QUILLACOLLO,"anticoncepcion, prevencion de its y de cancer de cuello uterino",inyectable trimestral: usuarias continuas,2016-12-01,0,19,150,33,0,202
QUIME,"anticoncepcion, prevencion de its y de cancer de cuello uterino",inyectable trimestral: usuarias continuas,2016-12-01,0,4,21,9,1,35
QUIRUSILLAS,"anticoncepcion, prevencion de its y de cancer de cuello uterino",inyectable trimestral: usuarias continuas,2016-12-01,0,1,7,2,0,10
RAVELO,"anticoncepcion, prevencion de its y de cancer de cuello uterino",inyectable trimestral: usuarias continuas,2016-12-01,0,5,47,47,1,100
REYES,"anticoncepcion, prevencion de its y de cancer de cuello uterino",inyectable trimestral: usuarias continuas,2016-12-01,0,2,23,4,0,29
RIBERALTA,"anticoncepcion, prevencion de its y de cancer de cuello uterino",inyectable trimestral: usuarias continuas,2016-12-01,2,24,117,34,0,177
ROBORE,"anticoncepcion, prevencion de its y de cancer de cuello uterino",inyectable trimestral: usuarias continuas,2016-12-01,0,6,32,2,0,40
RURRENABAQUE,"anticoncepcion, prevencion de its y de cancer de cuello uterino",inyectable trimestral: usuarias continuas,2016-12-01,0,6,23,9,0,38
SABAYA,"anticoncepcion, prevencion de its y de cancer de cuello uterino",inyectable trimestral: usuarias continuas,2016-12-01,0,0,7,2,0,9
SACABA,"anticoncepcion, prevencion de its y de cancer de cuello uterino",inyectable trimestral: usuarias continuas,2016-12-01,0,19,103,31,1,154
SACABAMBA,"anticoncepcion, prevencion de its y de cancer de cuello uterino",inyectable trimestral: usuarias continuas,2016-12-01,0,0,5,5,0,10
SACACA,"anticoncepcion, prevencion de its y de cancer de cuello uterino",inyectable trimestral: usuarias continuas,2016-12-01,0,8,23,21,0,52
SAIPINA,"anticoncepcion, prevencion de its y de cancer de cuello uterino",inyectable trimestral: usuarias continuas,2016-12-01,0,3,20,6,0,29
SALINAS DE GARCI MENDOZA,"anticoncepcion, prevencion de its y de cancer de cuello uterino",inyectable trimestral: usuarias continuas,2016-12-01,0,1,25,10,0,36
SAMAIPATA,"anticoncepcion, prevencion de its y de cancer de cuello uterino",inyectable trimestral: usuarias continuas,2016-12-01,0,6,24,12,0,42
SAN AGUSTIN,"anticoncepcion, prevencion de its y de cancer de cuello uterino",inyectable trimestral: usuarias continuas,2016-12-01,0,0,8,1,1,10
SAN ANDRES,"anticoncepcion, prevencion de its y de cancer de cuello uterino",inyectable trimestral: usuarias continuas,2016-12-01,0,1,27,7,0,35
SAN ANDRES DE MACHACA,"anticoncepcion, prevencion de its y de cancer de cuello uterino",inyectable trimestral: usuarias continuas,2016-12-01,0,0,2,1,0,3
SAN ANTONIO DE ESMORUCO,"anticoncepcion, prevencion de its y de cancer de cuello uterino",inyectable trimestral: usuarias continuas,2016-12-01,0,1,9,1,0,11
SAN ANTONIO DE LOMERIO,"anticoncepcion, prevencion de its y de cancer de cuello uterino",inyectable trimestral: usuarias continuas,2016-12-01,0,1,27,17,3,48
SAN BENITO,"anticoncepcion, prevencion de its y de cancer de cuello uterino",inyectable trimestral: usuarias continuas,2016-12-01,0,2,20,17,0,39
SAN BORJA,"anticoncepcion, prevencion de its y de cancer de cuello uterino",inyectable trimestral: usuarias continuas,2016-12-01,0,10,62,31,0,103
SAN BUENA VENTURA,"anticoncepcion, prevencion de its y de cancer de cuello uterino",inyectable trimestral: usuarias continuas,2016-12-01,0,2,12,6,0,20
SAN CARLOS,"anticoncepcion, prevencion de its y de cancer de cuello uterino",inyectable trimestral: usuarias continuas,2016-12-01,0,7,25,13,0,45
SAN IGNACIO,"anticoncepcion, prevencion de its y de cancer de cuello uterino",inyectable trimestral: usuarias continuas,2016-12-01,1,7,61,47,0,116
SAN IGNACIO DE VELASCO,"anticoncepcion, prevencion de its y de cancer de cuello uterino",inyectable trimestral: usuarias continuas,2016-12-01,0,11,84,45,1,141
SAN JAVIER(BNI),"anticoncepcion, prevencion de its y de cancer de cuello uterino",inyectable trimestral: usuarias continuas,2016-12-01,0,2,4,2,0,8
SAN JAVIER(STC),"anticoncepcion, prevencion de its y de cancer de cuello uterino",inyectable trimestral: usuarias continuas,2016-12-01,0,10,26,1,0,37
SAN JOAQUIN,"anticoncepcion, prevencion de its y de cancer de cuello uterino",inyectable trimestral: usuarias continuas,2016-12-01,0,2,1,0,0,3
SAN JOSE DE CHIQUITOS,"anticoncepcion, prevencion de its y de cancer de cuello uterino",inyectable trimestral: usuarias continuas,2016-12-01,0,4,32,7,0,43
SAN JUAN DE YAPACANI,"anticoncepcion, prevencion de its y de cancer de cuello uterino",inyectable trimestral: usuarias continuas,2016-12-01,1,2,20,10,0,33
SAN JULIAN,"anticoncepcion, prevencion de its y de cancer de cuello uterino",inyectable trimestral: usuarias continuas,2016-12-01,0,7,47,40,0,94
SAN LORENZO(PND),"anticoncepcion, prevencion de its y de cancer de cuello uterino",inyectable trimestral: usuarias continuas,2016-12-01,0,2,17,6,0,25
SAN LORENZO(TJA),"anticoncepcion, prevencion de its y de cancer de cuello uterino",inyectable trimestral: usuarias continuas,2016-12-01,0,6,75,54,2,137
SAN LUCAS,"anticoncepcion, prevencion de its y de cancer de cuello uterino",inyectable trimestral: usuarias continuas,2016-12-01,0,4,60,38,0,102
SAN MATIAS,"anticoncepcion, prevencion de its y de cancer de cuello uterino",inyectable trimestral: usuarias continuas,2016-12-01,0,2,13,5,0,20
SAN MIGUEL DE VELASCO,"anticoncepcion, prevencion de its y de cancer de cuello uterino",inyectable trimestral: usuarias continuas,2016-12-01,1,7,55,32,0,95
SAN PABLO DE LIPEZ,"anticoncepcion, prevencion de its y de cancer de cuello uterino",inyectable trimestral: usuarias continuas,2016-12-01,0,0,2,1,0,3
SAN PEDRO,"anticoncepcion, prevencion de its y de cancer de cuello uterino",inyectable trimestral: usuarias continuas,2016-12-01,0,4,38,13,0,55
SAN PEDRO DE BUENA VISTA,"anticoncepcion, prevencion de its y de cancer de cuello uterino",inyectable trimestral: usuarias continuas,2016-12-01,0,1,24,9,0,34
SAN PEDRO DE CURAHUARA,"anticoncepcion, prevencion de its y de cancer de cuello uterino",inyectable trimestral: usuarias continuas,2016-12-01,0,0,8,6,1,15
SAN PEDRO DE QUEMES,"anticoncepcion, prevencion de its y de cancer de cuello uterino",inyectable trimestral: usuarias continuas,2016-12-01,0,0,3,0,0,3
SAN PEDRO DE TIQUINA,"anticoncepcion, prevencion de its y de cancer de cuello uterino",inyectable trimestral: usuarias continuas,2016-12-01,0,0,7,2,0,9
SAN PEDRO(PND),"anticoncepcion, prevencion de its y de cancer de cuello uterino",inyectable trimestral: usuarias continuas,2016-12-01,0,1,6,4,0,11
SAN RAFAEL,"anticoncepcion, prevencion de its y de cancer de cuello uterino",inyectable trimestral: usuarias continuas,2016-12-01,0,7,25,13,2,47
SAN RAMON BENI,"anticoncepcion, prevencion de its y de cancer de cuello uterino",inyectable trimestral: usuarias continuas,2016-12-01,0,0,2,0,0,2
SAN RAMON SCZ,"anticoncepcion, prevencion de its y de cancer de cuello uterino",inyectable trimestral: usuarias continuas,2016-12-01,0,3,23,6,0,32
SANTA ANA,"anticoncepcion, prevencion de its y de cancer de cuello uterino",inyectable trimestral: usuarias continuas,2016-12-01,0,3,9,1,0,13
SANTA CRUZ DE LA SIERRA,"anticoncepcion, prevencion de its y de cancer de cuello uterino",inyectable trimestral: usuarias continuas,2016-12-01,6,69,187,66,1,329
SANTA ROSA,"anticoncepcion, prevencion de its y de cancer de cuello uterino",inyectable trimestral: usuarias continuas,2016-12-01,0,3,8,4,0,15
SANTA ROSA DEL SARA,"anticoncepcion, prevencion de its y de cancer de cuello uterino",inyectable trimestral: usuarias continuas,2016-12-01,0,5,40,24,0,69
SANTIAGO DE CALLAPA,"anticoncepcion, prevencion de its y de cancer de cuello uterino",inyectable trimestral: usuarias continuas,2016-12-01,0,0,2,1,0,3
SANTIAGO DE HUARI,"anticoncepcion, prevencion de its y de cancer de cuello uterino",inyectable trimestral: usuarias continuas,2016-12-01,0,2,7,3,0,12
SANTIAGO DE HUATA,"anticoncepcion, prevencion de its y de cancer de cuello uterino",inyectable trimestral: usuarias continuas,2016-12-01,0,1,12,7,0,20
SANTIAGO DE MACHACA,"anticoncepcion, prevencion de its y de cancer de cuello uterino",inyectable trimestral: usuarias continuas,2016-12-01,0,0,3,2,0,5
SANTIVAÃ‘ES,"anticoncepcion, prevencion de its y de cancer de cuello uterino",inyectable trimestral: usuarias continuas,2016-12-01,0,1,9,9,0,19
SANTUARIO DE QUILLACAS,"anticoncepcion, prevencion de its y de cancer de cuello uterino",inyectable trimestral: usuarias continuas,2016-12-01,0,2,4,2,0,8
SAPAHAQUI,"anticoncepcion, prevencion de its y de cancer de cuello uterino",inyectable trimestral: usuarias continuas,2016-12-01,0,2,15,14,0,31
SENA,"anticoncepcion, prevencion de its y de cancer de cuello uterino",inyectable trimestral: usuarias continuas,2016-12-01,0,2,13,3,0,18
SHINAOTA,"anticoncepcion, prevencion de its y de cancer de cuello uterino",inyectable trimestral: usuarias continuas,2016-12-01,0,4,27,15,0,46
SICA SICA (VILLA AROMA),"anticoncepcion, prevencion de its y de cancer de cuello uterino",inyectable trimestral: usuarias continuas,2016-12-01,0,1,36,28,0,65
SICAYA,"anticoncepcion, prevencion de its y de cancer de cuello uterino",inyectable trimestral: usuarias continuas,2016-12-01,0,1,16,5,0,22
SIPE SIPE,"anticoncepcion, prevencion de its y de cancer de cuello uterino",inyectable trimestral: usuarias continuas,2016-12-01,0,10,130,57,0,197
SOPACHUY,"anticoncepcion, prevencion de its y de cancer de cuello uterino",inyectable trimestral: usuarias continuas,2016-12-01,0,1,20,10,0,31
SORACACHI,"anticoncepcion, prevencion de its y de cancer de cuello uterino",inyectable trimestral: usuarias continuas,2016-12-01,0,3,20,8,0,31
SORATA,"anticoncepcion, prevencion de its y de cancer de cuello uterino",inyectable trimestral: usuarias continuas,2016-12-01,0,3,20,18,0,41
SUCRE,"anticoncepcion, prevencion de its y de cancer de cuello uterino",inyectable trimestral: usuarias continuas,2016-12-01,1,30,313,111,2,457
TACACHI,"anticoncepcion, prevencion de its y de cancer de cuello uterino",inyectable trimestral: usuarias continuas,2016-12-01,0,0,0,1,0,1
TACACOMA,"anticoncepcion, prevencion de its y de cancer de cuello uterino",inyectable trimestral: usuarias continuas,2016-12-01,0,1,26,12,1,40
TACOBAMBA,"anticoncepcion, prevencion de its y de cancer de cuello uterino",inyectable trimestral: usuarias continuas,2016-12-01,0,2,18,26,0,46
TACOPAYA,"anticoncepcion, prevencion de its y de cancer de cuello uterino",inyectable trimestral: usuarias continuas,2016-12-01,0,0,9,9,0,18
TAHUA,"anticoncepcion, prevencion de its y de cancer de cuello uterino",inyectable trimestral: usuarias continuas,2016-12-01,0,0,2,1,0,3
TAPACARI,"anticoncepcion, prevencion de its y de cancer de cuello uterino",inyectable trimestral: usuarias continuas,2016-12-01,1,6,45,35,1,88
TARABUCO,"anticoncepcion, prevencion de its y de cancer de cuello uterino",inyectable trimestral: usuarias continuas,2016-12-01,0,1,31,25,0,57
TARACO,"anticoncepcion, prevencion de its y de cancer de cuello uterino",inyectable trimestral: usuarias continuas,2016-12-01,0,0,11,11,0,22
TARATA,"anticoncepcion, prevencion de its y de cancer de cuello uterino",inyectable trimestral: usuarias continuas,2016-12-01,0,1,18,8,0,27
TARIJA,"anticoncepcion, prevencion de its y de cancer de cuello uterino",inyectable trimestral: usuarias continuas,2016-12-01,0,22,159,48,2,231
TARVITA,"anticoncepcion, prevencion de its y de cancer de cuello uterino",inyectable trimestral: usuarias continuas,2016-12-01,0,6,20,27,1,54
TEOPONTE,"anticoncepcion, prevencion de its y de cancer de cuello uterino",inyectable trimestral: usuarias continuas,2016-12-01,0,6,21,9,0,36
TIAWANACU,"anticoncepcion, prevencion de its y de cancer de cuello uterino",inyectable trimestral: usuarias continuas,2016-12-01,0,0,23,20,0,43
TINGUIPAYA,"anticoncepcion, prevencion de its y de cancer de cuello uterino",inyectable trimestral: usuarias continuas,2016-12-01,0,0,9,18,0,27
TIPUANI,"anticoncepcion, prevencion de its y de cancer de cuello uterino",inyectable trimestral: usuarias continuas,2016-12-01,0,0,12,8,0,20
TIQUIPAYA,"anticoncepcion, prevencion de its y de cancer de cuello uterino",inyectable trimestral: usuarias continuas,2016-12-01,0,7,69,13,0,89
TIRAQUE (CBBA),"anticoncepcion, prevencion de its y de cancer de cuello uterino",inyectable trimestral: usuarias continuas,2016-12-01,0,10,41,27,0,78
TITO YUPANQUI (PARQUIPUJIO),"anticoncepcion, prevencion de its y de cancer de cuello uterino",inyectable trimestral: usuarias continuas,2016-12-01,0,0,1,0,0,1
TOCO,"anticoncepcion, prevencion de its y de cancer de cuello uterino",inyectable trimestral: usuarias continuas,2016-12-01,1,2,13,4,0,20
TOLATA,"anticoncepcion, prevencion de its y de cancer de cuello uterino",inyectable trimestral: usuarias continuas,2016-12-01,0,2,18,4,0,24
TOLEDO,"anticoncepcion, prevencion de its y de cancer de cuello uterino",inyectable trimestral: usuarias continuas,2016-12-01,0,0,4,2,0,6
TOMAVE,"anticoncepcion, prevencion de its y de cancer de cuello uterino",inyectable trimestral: usuarias continuas,2016-12-01,0,0,9,13,0,22
TOMINA,"anticoncepcion, prevencion de its y de cancer de cuello uterino",inyectable trimestral: usuarias continuas,2016-12-01,0,3,38,25,0,66
TORO TORO,"anticoncepcion, prevencion de its y de cancer de cuello uterino",inyectable trimestral: usuarias continuas,2016-12-01,0,3,19,17,0,39
TOTORA(CBBA),"anticoncepcion, prevencion de its y de cancer de cuello uterino",inyectable trimestral: usuarias continuas,2016-12-01,1,19,69,27,0,116
TOTORA(ORR),"anticoncepcion, prevencion de its y de cancer de cuello uterino",inyectable trimestral: usuarias continuas,2016-12-01,0,1,10,8,0,19
TRIGAL,"anticoncepcion, prevencion de its y de cancer de cuello uterino",inyectable trimestral: usuarias continuas,2016-12-01,0,2,7,2,0,11
TRINIDAD,"anticoncepcion, prevencion de its y de cancer de cuello uterino",inyectable trimestral: usuarias continuas,2016-12-01,0,5,11,3,0,19
TUPIZA,"anticoncepcion, prevencion de its y de cancer de cuello uterino",inyectable trimestral: usuarias continuas,2016-12-01,1,16,101,45,0,163
TURCO,"anticoncepcion, prevencion de its y de cancer de cuello uterino",inyectable trimestral: usuarias continuas,2016-12-01,0,0,8,5,0,13
UMALA,"anticoncepcion, prevencion de its y de cancer de cuello uterino",inyectable trimestral: usuarias continuas,2016-12-01,0,1,11,7,0,19
UNCIA,"anticoncepcion, prevencion de its y de cancer de cuello uterino",inyectable trimestral: usuarias continuas,2016-12-01,0,1,25,21,2,49
URIONDO (A. CONCEPCION),"anticoncepcion, prevencion de its y de cancer de cuello uterino",inyectable trimestral: usuarias continuas,2016-12-01,0,12,32,32,2,78
URUBICHA,"anticoncepcion, prevencion de its y de cancer de cuello uterino",inyectable trimestral: usuarias continuas,2016-12-01,0,3,6,4,0,13
UYUNI,"anticoncepcion, prevencion de its y de cancer de cuello uterino",inyectable trimestral: usuarias continuas,2016-12-01,0,4,30,11,0,45
VACAS,"anticoncepcion, prevencion de its y de cancer de cuello uterino",inyectable trimestral: usuarias continuas,2016-12-01,0,2,16,16,0,34
VALLEGRANDE,"anticoncepcion, prevencion de its y de cancer de cuello uterino",inyectable trimestral: usuarias continuas,2016-12-01,0,10,42,3,0,55
VIACHA,"anticoncepcion, prevencion de its y de cancer de cuello uterino",inyectable trimestral: usuarias continuas,2016-12-01,0,5,50,29,2,86
VILA VILA,"anticoncepcion, prevencion de its y de cancer de cuello uterino",inyectable trimestral: usuarias continuas,2016-12-01,0,0,7,3,0,10
VILLA CHARCAS,"anticoncepcion, prevencion de its y de cancer de cuello uterino",inyectable trimestral: usuarias continuas,2016-12-01,0,5,44,30,0,79
VILLA MONTES,"anticoncepcion, prevencion de its y de cancer de cuello uterino",inyectable trimestral: usuarias continuas,2016-12-01,0,9,65,22,1,97
VILLA NUEVA (LOMA ALTA),"anticoncepcion, prevencion de its y de cancer de cuello uterino",inyectable trimestral: usuarias continuas,2016-12-01,0,0,13,2,0,15
VILLA RIVERO,"anticoncepcion, prevencion de its y de cancer de cuello uterino",inyectable trimestral: usuarias continuas,2016-12-01,0,5,17,7,1,30
VILLA SERRANO,"anticoncepcion, prevencion de its y de cancer de cuello uterino",inyectable trimestral: usuarias continuas,2016-12-01,0,3,14,17,1,35
VILLA TUNARI,"anticoncepcion, prevencion de its y de cancer de cuello uterino",inyectable trimestral: usuarias continuas,2016-12-01,0,28,260,70,2,360
VILLA VACA GUZMAN (MUYUPAMPA),"anticoncepcion, prevencion de its y de cancer de cuello uterino",inyectable trimestral: usuarias continuas,2016-12-01,0,5,18,13,5,41
VILLAZON,"anticoncepcion, prevencion de its y de cancer de cuello uterino",inyectable trimestral: usuarias continuas,2016-12-01,0,6,95,36,0,137
VINTO,"anticoncepcion, prevencion de its y de cancer de cuello uterino",inyectable trimestral: usuarias continuas,2016-12-01,0,5,70,26,0,101
VITICHI,"anticoncepcion, prevencion de its y de cancer de cuello uterino",inyectable trimestral: usuarias continuas,2016-12-01,0,0,6,9,0,15
WALDO BALLIVIAN,"anticoncepcion, prevencion de its y de cancer de cuello uterino",inyectable trimestral: usuarias continuas,2016-12-01,0,0,4,2,0,6
WARNES,"anticoncepcion, prevencion de its y de cancer de cuello uterino",inyectable trimestral: usuarias continuas,2016-12-01,0,15,59,34,1,109
YACO,"anticoncepcion, prevencion de its y de cancer de cuello uterino",inyectable trimestral: usuarias continuas,2016-12-01,0,2,16,6,0,24
YACUIBA,"anticoncepcion, prevencion de its y de cancer de cuello uterino",inyectable trimestral: usuarias continuas,2016-12-01,0,19,135,67,2,223
YAMPARAEZ,"anticoncepcion, prevencion de its y de cancer de cuello uterino",inyectable trimestral: usuarias continuas,2016-12-01,0,0,6,14,0,20
YANACACHI,"anticoncepcion, prevencion de its y de cancer de cuello uterino",inyectable trimestral: usuarias continuas,2016-12-01,0,0,7,8,0,15
YAPACANI,"anticoncepcion, prevencion de its y de cancer de cuello uterino",inyectable trimestral: usuarias continuas,2016-12-01,1,14,69,13,0,97
YOCALLA,"anticoncepcion, prevencion de its y de cancer de cuello uterino",inyectable trimestral: usuarias continuas,2016-12-01,0,2,2,7,0,11
YOTALA,"anticoncepcion, prevencion de its y de cancer de cuello uterino",inyectable trimestral: usuarias continuas,2016-12-01,0,1,8,5,0,14
YUNCHARA,"anticoncepcion, prevencion de its y de cancer de cuello uterino",inyectable trimestral: usuarias continuas,2016-12-01,0,5,27,22,0,54
YUNGUYO DE LITORAL,"anticoncepcion, prevencion de its y de cancer de cuello uterino",inyectable trimestral: usuarias continuas,2016-12-01,0,0,0,1,0,1
ZUDAÃ‘EZ,"anticoncepcion, prevencion de its y de cancer de cuello uterino",inyectable trimestral: usuarias continuas,2016-12-01,0,2,31,16,0,49
