municipality,group,variable,month,Métodos naturales: Usuarias Nuevas,Métodos naturales: Usuarias Nuevas1,Métodos naturales: Usuarias Nuevas2,Métodos naturales: Usuarias Nuevas3,Métodos naturales: Usuarias Nuevas4,TOTAL
ACACIO,"anticoncepcion, prevencion de its y de cancer de cuello uterino",metodos naturales: usuarias nuevas,2016-01-01,0,2,0,0,0,2
ACHACACHI,"anticoncepcion, prevencion de its y de cancer de cuello uterino",metodos naturales: usuarias nuevas,2016-01-01,0,0,12,5,1,18
AIQUILE,"anticoncepcion, prevencion de its y de cancer de cuello uterino",metodos naturales: usuarias nuevas,2016-01-01,0,1,0,0,0,1
ALCALA,"anticoncepcion, prevencion de its y de cancer de cuello uterino",metodos naturales: usuarias nuevas,2016-01-01,0,1,3,0,0,4
ANCORAIMES,"anticoncepcion, prevencion de its y de cancer de cuello uterino",metodos naturales: usuarias nuevas,2016-01-01,0,2,8,2,0,12
ANTEQUERA,"anticoncepcion, prevencion de its y de cancer de cuello uterino",metodos naturales: usuarias nuevas,2016-01-01,0,0,1,0,0,1
ANZALDO,"anticoncepcion, prevencion de its y de cancer de cuello uterino",metodos naturales: usuarias nuevas,2016-01-01,0,2,0,2,0,4
APOLO,"anticoncepcion, prevencion de its y de cancer de cuello uterino",metodos naturales: usuarias nuevas,2016-01-01,0,0,2,0,0,2
ARBIETO,"anticoncepcion, prevencion de its y de cancer de cuello uterino",metodos naturales: usuarias nuevas,2016-01-01,0,2,3,1,0,6
ATOCHA,"anticoncepcion, prevencion de its y de cancer de cuello uterino",metodos naturales: usuarias nuevas,2016-01-01,0,0,1,0,0,1
AYO AYO,"anticoncepcion, prevencion de its y de cancer de cuello uterino",metodos naturales: usuarias nuevas,2016-01-01,0,1,3,0,0,4
AYOPAYA (V. DE INDEPENDENCIA),"anticoncepcion, prevencion de its y de cancer de cuello uterino",metodos naturales: usuarias nuevas,2016-01-01,2,4,3,1,0,10
AZURDUY,"anticoncepcion, prevencion de its y de cancer de cuello uterino",metodos naturales: usuarias nuevas,2016-01-01,0,2,0,0,0,2
BELEN DE ANDAMARCA,"anticoncepcion, prevencion de its y de cancer de cuello uterino",metodos naturales: usuarias nuevas,2016-01-01,0,0,1,0,0,1
BELLA FLOR,"anticoncepcion, prevencion de its y de cancer de cuello uterino",metodos naturales: usuarias nuevas,2016-01-01,0,0,1,0,0,1
BERMEJO,"anticoncepcion, prevencion de its y de cancer de cuello uterino",metodos naturales: usuarias nuevas,2016-01-01,0,0,1,0,0,1
BUENA VISTA,"anticoncepcion, prevencion de its y de cancer de cuello uterino",metodos naturales: usuarias nuevas,2016-01-01,0,1,2,0,0,3
"CAIZA ""D""","anticoncepcion, prevencion de its y de cancer de cuello uterino",metodos naturales: usuarias nuevas,2016-01-01,0,1,4,0,0,5
CAJUATA,"anticoncepcion, prevencion de its y de cancer de cuello uterino",metodos naturales: usuarias nuevas,2016-01-01,0,1,8,0,0,9
CALAMARCA,"anticoncepcion, prevencion de its y de cancer de cuello uterino",metodos naturales: usuarias nuevas,2016-01-01,0,2,6,3,0,11
CAMARGO,"anticoncepcion, prevencion de its y de cancer de cuello uterino",metodos naturales: usuarias nuevas,2016-01-01,0,4,9,0,0,13
CARACOLLO,"anticoncepcion, prevencion de its y de cancer de cuello uterino",metodos naturales: usuarias nuevas,2016-01-01,1,3,10,1,0,15
CARIPUYO,"anticoncepcion, prevencion de its y de cancer de cuello uterino",metodos naturales: usuarias nuevas,2016-01-01,0,2,11,4,0,17
CHALLAPATA,"anticoncepcion, prevencion de its y de cancer de cuello uterino",metodos naturales: usuarias nuevas,2016-01-01,0,10,40,5,0,55
CHAQUI,"anticoncepcion, prevencion de its y de cancer de cuello uterino",metodos naturales: usuarias nuevas,2016-01-01,0,3,8,0,0,11
CHAYANTA,"anticoncepcion, prevencion de its y de cancer de cuello uterino",metodos naturales: usuarias nuevas,2016-01-01,0,0,7,2,0,9
CHUA COCANI,"anticoncepcion, prevencion de its y de cancer de cuello uterino",metodos naturales: usuarias nuevas,2016-01-01,0,5,3,0,0,8
CHULUMANI (V. DE LA LIBERTAD),"anticoncepcion, prevencion de its y de cancer de cuello uterino",metodos naturales: usuarias nuevas,2016-01-01,0,11,25,6,0,42
CHUQUIHUTA AYLLU JUCUMANI,"anticoncepcion, prevencion de its y de cancer de cuello uterino",metodos naturales: usuarias nuevas,2016-01-01,0,3,2,0,0,5
CKOCHAS,"anticoncepcion, prevencion de its y de cancer de cuello uterino",metodos naturales: usuarias nuevas,2016-01-01,0,3,8,2,0,13
COBIJA,"anticoncepcion, prevencion de its y de cancer de cuello uterino",metodos naturales: usuarias nuevas,2016-01-01,0,13,28,17,0,58
COCHABAMBA,"anticoncepcion, prevencion de its y de cancer de cuello uterino",metodos naturales: usuarias nuevas,2016-01-01,0,11,49,12,0,72
COLCAPIRHUA,"anticoncepcion, prevencion de its y de cancer de cuello uterino",metodos naturales: usuarias nuevas,2016-01-01,0,0,1,0,0,1
"COLCHA ""K""","anticoncepcion, prevencion de its y de cancer de cuello uterino",metodos naturales: usuarias nuevas,2016-01-01,0,1,0,0,0,1
COLOMI,"anticoncepcion, prevencion de its y de cancer de cuello uterino",metodos naturales: usuarias nuevas,2016-01-01,0,2,7,0,0,9
COLPA BELGICA,"anticoncepcion, prevencion de its y de cancer de cuello uterino",metodos naturales: usuarias nuevas,2016-01-01,0,0,3,0,0,3
COLQUECHACA,"anticoncepcion, prevencion de its y de cancer de cuello uterino",metodos naturales: usuarias nuevas,2016-01-01,0,2,5,3,0,10
COLQUIRI,"anticoncepcion, prevencion de its y de cancer de cuello uterino",metodos naturales: usuarias nuevas,2016-01-01,0,6,10,2,0,18
COMARAPA,"anticoncepcion, prevencion de its y de cancer de cuello uterino",metodos naturales: usuarias nuevas,2016-01-01,0,10,20,6,0,36
CONCEPCION,"anticoncepcion, prevencion de its y de cancer de cuello uterino",metodos naturales: usuarias nuevas,2016-01-01,2,5,5,0,0,12
CORIPATA,"anticoncepcion, prevencion de its y de cancer de cuello uterino",metodos naturales: usuarias nuevas,2016-01-01,0,2,10,0,0,12
CORO CORO,"anticoncepcion, prevencion de its y de cancer de cuello uterino",metodos naturales: usuarias nuevas,2016-01-01,0,0,1,0,0,1
COROICO,"anticoncepcion, prevencion de its y de cancer de cuello uterino",metodos naturales: usuarias nuevas,2016-01-01,0,1,1,0,0,2
CORQUE,"anticoncepcion, prevencion de its y de cancer de cuello uterino",metodos naturales: usuarias nuevas,2016-01-01,0,0,2,1,0,3
COTOCA,"anticoncepcion, prevencion de its y de cancer de cuello uterino",metodos naturales: usuarias nuevas,2016-01-01,0,2,2,0,0,4
CULPINA,"anticoncepcion, prevencion de its y de cancer de cuello uterino",metodos naturales: usuarias nuevas,2016-01-01,1,2,9,2,0,14
CURAHUARA DE CARANGAS,"anticoncepcion, prevencion de its y de cancer de cuello uterino",metodos naturales: usuarias nuevas,2016-01-01,0,0,4,0,0,4
EL ALTO,"anticoncepcion, prevencion de its y de cancer de cuello uterino",metodos naturales: usuarias nuevas,2016-01-01,0,13,124,46,0,183
EL CHORO,"anticoncepcion, prevencion de its y de cancer de cuello uterino",metodos naturales: usuarias nuevas,2016-01-01,0,0,2,0,0,2
EL PUENTE(STC),"anticoncepcion, prevencion de its y de cancer de cuello uterino",metodos naturales: usuarias nuevas,2016-01-01,0,2,6,0,0,8
ENTRE RIOS TRJ,"anticoncepcion, prevencion de its y de cancer de cuello uterino",metodos naturales: usuarias nuevas,2016-01-01,0,3,3,1,0,7
ENTRE RIOS CBBA,"anticoncepcion, prevencion de its y de cancer de cuello uterino",metodos naturales: usuarias nuevas,2016-01-01,0,0,2,0,0,2
EUCALIPTUS,"anticoncepcion, prevencion de its y de cancer de cuello uterino",metodos naturales: usuarias nuevas,2016-01-01,0,1,4,0,0,5
FILADELFIA,"anticoncepcion, prevencion de its y de cancer de cuello uterino",metodos naturales: usuarias nuevas,2016-01-01,1,1,2,0,0,4
GUAQUI,"anticoncepcion, prevencion de its y de cancer de cuello uterino",metodos naturales: usuarias nuevas,2016-01-01,0,2,2,0,0,4
GUAYARAMERIN,"anticoncepcion, prevencion de its y de cancer de cuello uterino",metodos naturales: usuarias nuevas,2016-01-01,1,31,49,7,0,88
HUACARETA,"anticoncepcion, prevencion de its y de cancer de cuello uterino",metodos naturales: usuarias nuevas,2016-01-01,0,0,1,1,0,2
HUANUNI,"anticoncepcion, prevencion de its y de cancer de cuello uterino",metodos naturales: usuarias nuevas,2016-01-01,0,0,9,2,0,11
ICHOCA,"anticoncepcion, prevencion de its y de cancer de cuello uterino",metodos naturales: usuarias nuevas,2016-01-01,0,0,2,0,0,2
ICLA,"anticoncepcion, prevencion de its y de cancer de cuello uterino",metodos naturales: usuarias nuevas,2016-01-01,0,0,1,1,0,2
INCAHUASI,"anticoncepcion, prevencion de its y de cancer de cuello uterino",metodos naturales: usuarias nuevas,2016-01-01,1,2,8,1,0,12
INQUISIVI,"anticoncepcion, prevencion de its y de cancer de cuello uterino",metodos naturales: usuarias nuevas,2016-01-01,0,2,4,5,0,11
IRUPANA (VILLA DE LANZA),"anticoncepcion, prevencion de its y de cancer de cuello uterino",metodos naturales: usuarias nuevas,2016-01-01,0,3,6,2,0,11
IXIAMAS,"anticoncepcion, prevencion de its y de cancer de cuello uterino",metodos naturales: usuarias nuevas,2016-01-01,0,0,2,0,0,2
JESUS DE MACHACA,"anticoncepcion, prevencion de its y de cancer de cuello uterino",metodos naturales: usuarias nuevas,2016-01-01,0,0,0,2,0,2
LA ASUNTA,"anticoncepcion, prevencion de its y de cancer de cuello uterino",metodos naturales: usuarias nuevas,2016-01-01,1,8,19,2,0,30
LA GUARDIA,"anticoncepcion, prevencion de its y de cancer de cuello uterino",metodos naturales: usuarias nuevas,2016-01-01,0,2,2,3,0,7
LA PAZ,"anticoncepcion, prevencion de its y de cancer de cuello uterino",metodos naturales: usuarias nuevas,2016-01-01,0,23,122,17,0,162
LAGUNILLAS,"anticoncepcion, prevencion de its y de cancer de cuello uterino",metodos naturales: usuarias nuevas,2016-01-01,0,2,2,0,0,4
LAJA,"anticoncepcion, prevencion de its y de cancer de cuello uterino",metodos naturales: usuarias nuevas,2016-01-01,0,8,11,3,0,22
LICOMA PAMPA,"anticoncepcion, prevencion de its y de cancer de cuello uterino",metodos naturales: usuarias nuevas,2016-01-01,0,1,1,0,0,2
LLALLAGUA,"anticoncepcion, prevencion de its y de cancer de cuello uterino",metodos naturales: usuarias nuevas,2016-01-01,0,2,5,0,0,7
LORETO,"anticoncepcion, prevencion de its y de cancer de cuello uterino",metodos naturales: usuarias nuevas,2016-01-01,0,0,1,0,0,1
MACHACAMARCA,"anticoncepcion, prevencion de its y de cancer de cuello uterino",metodos naturales: usuarias nuevas,2016-01-01,0,0,2,0,0,2
MAGDALENA,"anticoncepcion, prevencion de its y de cancer de cuello uterino",metodos naturales: usuarias nuevas,2016-01-01,0,0,1,0,0,1
MAPIRI,"anticoncepcion, prevencion de its y de cancer de cuello uterino",metodos naturales: usuarias nuevas,2016-01-01,0,1,4,1,0,6
MINEROS,"anticoncepcion, prevencion de its y de cancer de cuello uterino",metodos naturales: usuarias nuevas,2016-01-01,0,1,0,0,0,1
MIZQUE,"anticoncepcion, prevencion de its y de cancer de cuello uterino",metodos naturales: usuarias nuevas,2016-01-01,0,8,12,6,0,26
MOJOCOYA,"anticoncepcion, prevencion de its y de cancer de cuello uterino",metodos naturales: usuarias nuevas,2016-01-01,0,4,3,0,0,7
MONTEAGUDO,"anticoncepcion, prevencion de its y de cancer de cuello uterino",metodos naturales: usuarias nuevas,2016-01-01,0,0,1,0,0,1
MONTERO,"anticoncepcion, prevencion de its y de cancer de cuello uterino",metodos naturales: usuarias nuevas,2016-01-01,0,1,1,0,0,2
MOROCHATA,"anticoncepcion, prevencion de its y de cancer de cuello uterino",metodos naturales: usuarias nuevas,2016-01-01,0,0,2,2,0,4
NUEVO MANOA (NUEVA ESPERANZA),"anticoncepcion, prevencion de its y de cancer de cuello uterino",metodos naturales: usuarias nuevas,2016-01-01,0,0,4,0,0,4
OCURI,"anticoncepcion, prevencion de its y de cancer de cuello uterino",metodos naturales: usuarias nuevas,2016-01-01,0,2,5,2,0,9
OMEREQUE,"anticoncepcion, prevencion de its y de cancer de cuello uterino",metodos naturales: usuarias nuevas,2016-01-01,0,1,3,0,0,4
ORURO,"anticoncepcion, prevencion de its y de cancer de cuello uterino",metodos naturales: usuarias nuevas,2016-01-01,0,17,56,3,0,76
PADCAYA,"anticoncepcion, prevencion de its y de cancer de cuello uterino",metodos naturales: usuarias nuevas,2016-01-01,0,2,0,0,0,2
PADILLA,"anticoncepcion, prevencion de its y de cancer de cuello uterino",metodos naturales: usuarias nuevas,2016-01-01,0,3,5,1,0,9
PAILON,"anticoncepcion, prevencion de its y de cancer de cuello uterino",metodos naturales: usuarias nuevas,2016-01-01,0,0,3,0,0,3
PAMPA AULLAGAS,"anticoncepcion, prevencion de its y de cancer de cuello uterino",metodos naturales: usuarias nuevas,2016-01-01,0,0,4,0,0,4
PASORAPA,"anticoncepcion, prevencion de its y de cancer de cuello uterino",metodos naturales: usuarias nuevas,2016-01-01,0,0,1,0,0,1
PAZÑA,"anticoncepcion, prevencion de its y de cancer de cuello uterino",metodos naturales: usuarias nuevas,2016-01-01,0,0,3,0,0,3
POCOATA,"anticoncepcion, prevencion de its y de cancer de cuello uterino",metodos naturales: usuarias nuevas,2016-01-01,1,5,14,11,0,31
POCONA,"anticoncepcion, prevencion de its y de cancer de cuello uterino",metodos naturales: usuarias nuevas,2016-01-01,0,0,1,0,0,1
POJO (CBBA),"anticoncepcion, prevencion de its y de cancer de cuello uterino",metodos naturales: usuarias nuevas,2016-01-01,0,1,1,1,0,3
PORCO,"anticoncepcion, prevencion de its y de cancer de cuello uterino",metodos naturales: usuarias nuevas,2016-01-01,0,1,8,0,0,9
POROMA,"anticoncepcion, prevencion de its y de cancer de cuello uterino",metodos naturales: usuarias nuevas,2016-01-01,0,1,1,1,0,3
PORONGO,"anticoncepcion, prevencion de its y de cancer de cuello uterino",metodos naturales: usuarias nuevas,2016-01-01,0,3,2,0,0,5
PORTACHUELO,"anticoncepcion, prevencion de its y de cancer de cuello uterino",metodos naturales: usuarias nuevas,2016-01-01,1,4,1,0,0,6
POSTRER VALLE,"anticoncepcion, prevencion de its y de cancer de cuello uterino",metodos naturales: usuarias nuevas,2016-01-01,0,0,1,0,0,1
POTOSI,"anticoncepcion, prevencion de its y de cancer de cuello uterino",metodos naturales: usuarias nuevas,2016-01-01,0,1,72,42,0,115
PRESTO,"anticoncepcion, prevencion de its y de cancer de cuello uterino",metodos naturales: usuarias nuevas,2016-01-01,0,1,0,0,0,1
PUCARANI,"anticoncepcion, prevencion de its y de cancer de cuello uterino",metodos naturales: usuarias nuevas,2016-01-01,0,1,11,0,0,12
PUERTO ACOSTA,"anticoncepcion, prevencion de its y de cancer de cuello uterino",metodos naturales: usuarias nuevas,2016-01-01,0,2,1,2,2,7
PUERTO CARABUCO,"anticoncepcion, prevencion de its y de cancer de cuello uterino",metodos naturales: usuarias nuevas,2016-01-01,0,0,3,2,0,5
PUERTO GONZALO MORENO,"anticoncepcion, prevencion de its y de cancer de cuello uterino",metodos naturales: usuarias nuevas,2016-01-01,0,1,1,0,0,2
PUERTO PEREZ,"anticoncepcion, prevencion de its y de cancer de cuello uterino",metodos naturales: usuarias nuevas,2016-01-01,0,0,3,1,0,4
PUERTO QUIJARRO,"anticoncepcion, prevencion de its y de cancer de cuello uterino",metodos naturales: usuarias nuevas,2016-01-01,1,0,4,0,0,5
PUERTO RICO,"anticoncepcion, prevencion de its y de cancer de cuello uterino",metodos naturales: usuarias nuevas,2016-01-01,0,1,1,0,0,2
PUERTO VILLARROEL,"anticoncepcion, prevencion de its y de cancer de cuello uterino",metodos naturales: usuarias nuevas,2016-01-01,0,2,4,3,0,9
PUNA,"anticoncepcion, prevencion de its y de cancer de cuello uterino",metodos naturales: usuarias nuevas,2016-01-01,0,2,6,2,0,10
PUNATA,"anticoncepcion, prevencion de its y de cancer de cuello uterino",metodos naturales: usuarias nuevas,2016-01-01,1,16,22,3,0,42
QUILLACOLLO,"anticoncepcion, prevencion de its y de cancer de cuello uterino",metodos naturales: usuarias nuevas,2016-01-01,0,7,30,5,0,42
QUIME,"anticoncepcion, prevencion de its y de cancer de cuello uterino",metodos naturales: usuarias nuevas,2016-01-01,0,0,4,0,0,4
RAVELO,"anticoncepcion, prevencion de its y de cancer de cuello uterino",metodos naturales: usuarias nuevas,2016-01-01,0,3,2,1,0,6
REYES,"anticoncepcion, prevencion de its y de cancer de cuello uterino",metodos naturales: usuarias nuevas,2016-01-01,4,28,44,3,0,79
RIBERALTA,"anticoncepcion, prevencion de its y de cancer de cuello uterino",metodos naturales: usuarias nuevas,2016-01-01,1,38,91,12,0,142
SABAYA,"anticoncepcion, prevencion de its y de cancer de cuello uterino",metodos naturales: usuarias nuevas,2016-01-01,0,0,1,0,0,1
SACABA,"anticoncepcion, prevencion de its y de cancer de cuello uterino",metodos naturales: usuarias nuevas,2016-01-01,0,6,17,7,0,30
SACACA,"anticoncepcion, prevencion de its y de cancer de cuello uterino",metodos naturales: usuarias nuevas,2016-01-01,0,1,4,1,0,6
SALINAS DE GARCI MENDOZA,"anticoncepcion, prevencion de its y de cancer de cuello uterino",metodos naturales: usuarias nuevas,2016-01-01,0,1,9,0,0,10
SAMAIPATA,"anticoncepcion, prevencion de its y de cancer de cuello uterino",metodos naturales: usuarias nuevas,2016-01-01,1,3,4,1,0,9
SAN ANDRES DE MACHACA,"anticoncepcion, prevencion de its y de cancer de cuello uterino",metodos naturales: usuarias nuevas,2016-01-01,0,1,0,0,0,1
SAN BENITO,"anticoncepcion, prevencion de its y de cancer de cuello uterino",metodos naturales: usuarias nuevas,2016-01-01,0,2,4,0,0,6
SAN BORJA,"anticoncepcion, prevencion de its y de cancer de cuello uterino",metodos naturales: usuarias nuevas,2016-01-01,2,13,7,1,0,23
SAN BUENA VENTURA,"anticoncepcion, prevencion de its y de cancer de cuello uterino",metodos naturales: usuarias nuevas,2016-01-01,0,5,11,2,0,18
SAN CARLOS,"anticoncepcion, prevencion de its y de cancer de cuello uterino",metodos naturales: usuarias nuevas,2016-01-01,0,5,5,0,0,10
SAN IGNACIO,"anticoncepcion, prevencion de its y de cancer de cuello uterino",metodos naturales: usuarias nuevas,2016-01-01,0,4,3,0,0,7
SAN IGNACIO DE VELASCO,"anticoncepcion, prevencion de its y de cancer de cuello uterino",metodos naturales: usuarias nuevas,2016-01-01,0,0,1,0,0,1
SAN JOSE DE CHIQUITOS,"anticoncepcion, prevencion de its y de cancer de cuello uterino",metodos naturales: usuarias nuevas,2016-01-01,0,0,3,5,0,8
SAN JUAN DE YAPACANI,"anticoncepcion, prevencion de its y de cancer de cuello uterino",metodos naturales: usuarias nuevas,2016-01-01,0,2,3,0,0,5
SAN LUCAS,"anticoncepcion, prevencion de its y de cancer de cuello uterino",metodos naturales: usuarias nuevas,2016-01-01,0,3,7,5,0,15
SAN MIGUEL DE VELASCO,"anticoncepcion, prevencion de its y de cancer de cuello uterino",metodos naturales: usuarias nuevas,2016-01-01,0,2,4,0,0,6
SAN PEDRO DE BUENA VISTA,"anticoncepcion, prevencion de its y de cancer de cuello uterino",metodos naturales: usuarias nuevas,2016-01-01,0,6,38,14,0,58
SAN PEDRO DE CURAHUARA,"anticoncepcion, prevencion de its y de cancer de cuello uterino",metodos naturales: usuarias nuevas,2016-01-01,0,0,3,1,0,4
SAN PEDRO DE TIQUINA,"anticoncepcion, prevencion de its y de cancer de cuello uterino",metodos naturales: usuarias nuevas,2016-01-01,0,1,3,0,0,4
SAN RAFAEL,"anticoncepcion, prevencion de its y de cancer de cuello uterino",metodos naturales: usuarias nuevas,2016-01-01,0,1,4,1,0,6
SAN RAMON BENI,"anticoncepcion, prevencion de its y de cancer de cuello uterino",metodos naturales: usuarias nuevas,2016-01-01,0,0,1,0,0,1
SANTA ANA,"anticoncepcion, prevencion de its y de cancer de cuello uterino",metodos naturales: usuarias nuevas,2016-01-01,0,13,25,8,0,46
SANTA CRUZ DE LA SIERRA,"anticoncepcion, prevencion de its y de cancer de cuello uterino",metodos naturales: usuarias nuevas,2016-01-01,0,14,39,8,0,61
SANTA ROSA DEL SARA,"anticoncepcion, prevencion de its y de cancer de cuello uterino",metodos naturales: usuarias nuevas,2016-01-01,0,0,1,0,0,1
SANTIAGO DE HUARI,"anticoncepcion, prevencion de its y de cancer de cuello uterino",metodos naturales: usuarias nuevas,2016-01-01,0,2,4,1,0,7
SANTIAGO DE HUATA,"anticoncepcion, prevencion de its y de cancer de cuello uterino",metodos naturales: usuarias nuevas,2016-01-01,0,1,3,0,0,4
SANTIAGO DE MACHACA,"anticoncepcion, prevencion de its y de cancer de cuello uterino",metodos naturales: usuarias nuevas,2016-01-01,0,1,2,0,0,3
SANTUARIO DE QUILLACAS,"anticoncepcion, prevencion de its y de cancer de cuello uterino",metodos naturales: usuarias nuevas,2016-01-01,0,0,0,1,0,1
SAPAHAQUI,"anticoncepcion, prevencion de its y de cancer de cuello uterino",metodos naturales: usuarias nuevas,2016-01-01,0,2,0,0,0,2
SENA,"anticoncepcion, prevencion de its y de cancer de cuello uterino",metodos naturales: usuarias nuevas,2016-01-01,0,3,0,0,0,3
SHINAOTA,"anticoncepcion, prevencion de its y de cancer de cuello uterino",metodos naturales: usuarias nuevas,2016-01-01,0,0,1,0,0,1
SICA SICA (VILLA AROMA),"anticoncepcion, prevencion de its y de cancer de cuello uterino",metodos naturales: usuarias nuevas,2016-01-01,0,0,2,1,0,3
SIPE SIPE,"anticoncepcion, prevencion de its y de cancer de cuello uterino",metodos naturales: usuarias nuevas,2016-01-01,0,8,17,3,0,28
SOPACHUY,"anticoncepcion, prevencion de its y de cancer de cuello uterino",metodos naturales: usuarias nuevas,2016-01-01,0,4,9,5,0,18
SORACACHI,"anticoncepcion, prevencion de its y de cancer de cuello uterino",metodos naturales: usuarias nuevas,2016-01-01,0,1,3,3,0,7
SUCRE,"anticoncepcion, prevencion de its y de cancer de cuello uterino",metodos naturales: usuarias nuevas,2016-01-01,0,43,224,40,2,309
TACOPAYA,"anticoncepcion, prevencion de its y de cancer de cuello uterino",metodos naturales: usuarias nuevas,2016-01-01,0,0,6,1,0,7
TAPACARI,"anticoncepcion, prevencion de its y de cancer de cuello uterino",metodos naturales: usuarias nuevas,2016-01-01,0,0,2,0,0,2
TARABUCO,"anticoncepcion, prevencion de its y de cancer de cuello uterino",metodos naturales: usuarias nuevas,2016-01-01,0,1,2,0,0,3
TARACO,"anticoncepcion, prevencion de its y de cancer de cuello uterino",metodos naturales: usuarias nuevas,2016-01-01,0,0,1,0,0,1
TARATA,"anticoncepcion, prevencion de its y de cancer de cuello uterino",metodos naturales: usuarias nuevas,2016-01-01,0,3,2,2,0,7
TARIJA,"anticoncepcion, prevencion de its y de cancer de cuello uterino",metodos naturales: usuarias nuevas,2016-01-01,0,0,7,6,0,13
TARVITA,"anticoncepcion, prevencion de its y de cancer de cuello uterino",metodos naturales: usuarias nuevas,2016-01-01,0,4,0,0,0,4
TEOPONTE,"anticoncepcion, prevencion de its y de cancer de cuello uterino",metodos naturales: usuarias nuevas,2016-01-01,0,1,0,0,0,1
TIAWANACU,"anticoncepcion, prevencion de its y de cancer de cuello uterino",metodos naturales: usuarias nuevas,2016-01-01,0,4,2,1,0,7
TINGUIPAYA,"anticoncepcion, prevencion de its y de cancer de cuello uterino",metodos naturales: usuarias nuevas,2016-01-01,0,1,0,0,0,1
TIPUANI,"anticoncepcion, prevencion de its y de cancer de cuello uterino",metodos naturales: usuarias nuevas,2016-01-01,0,0,1,0,0,1
TIQUIPAYA,"anticoncepcion, prevencion de its y de cancer de cuello uterino",metodos naturales: usuarias nuevas,2016-01-01,0,0,1,0,0,1
TIRAQUE (CBBA),"anticoncepcion, prevencion de its y de cancer de cuello uterino",metodos naturales: usuarias nuevas,2016-01-01,0,0,1,0,0,1
TOLEDO,"anticoncepcion, prevencion de its y de cancer de cuello uterino",metodos naturales: usuarias nuevas,2016-01-01,0,0,1,1,1,3
TOMINA,"anticoncepcion, prevencion de its y de cancer de cuello uterino",metodos naturales: usuarias nuevas,2016-01-01,0,0,8,1,0,9
TORO TORO,"anticoncepcion, prevencion de its y de cancer de cuello uterino",metodos naturales: usuarias nuevas,2016-01-01,1,4,5,2,0,12
TOTORA(CBBA),"anticoncepcion, prevencion de its y de cancer de cuello uterino",metodos naturales: usuarias nuevas,2016-01-01,0,0,1,0,0,1
TOTORA(ORR),"anticoncepcion, prevencion de its y de cancer de cuello uterino",metodos naturales: usuarias nuevas,2016-01-01,0,1,2,1,0,4
TRINIDAD,"anticoncepcion, prevencion de its y de cancer de cuello uterino",metodos naturales: usuarias nuevas,2016-01-01,1,2,8,0,0,11
TURCO,"anticoncepcion, prevencion de its y de cancer de cuello uterino",metodos naturales: usuarias nuevas,2016-01-01,0,0,0,1,0,1
UNCIA,"anticoncepcion, prevencion de its y de cancer de cuello uterino",metodos naturales: usuarias nuevas,2016-01-01,0,0,2,0,0,2
VACAS,"anticoncepcion, prevencion de its y de cancer de cuello uterino",metodos naturales: usuarias nuevas,2016-01-01,0,5,4,0,0,9
VALLEGRANDE,"anticoncepcion, prevencion de its y de cancer de cuello uterino",metodos naturales: usuarias nuevas,2016-01-01,0,0,3,0,0,3
VIACHA,"anticoncepcion, prevencion de its y de cancer de cuello uterino",metodos naturales: usuarias nuevas,2016-01-01,0,0,2,0,0,2
VILLA CHARCAS,"anticoncepcion, prevencion de its y de cancer de cuello uterino",metodos naturales: usuarias nuevas,2016-01-01,0,1,0,0,0,1
VILLA RIVERO,"anticoncepcion, prevencion de its y de cancer de cuello uterino",metodos naturales: usuarias nuevas,2016-01-01,0,0,0,1,0,1
VILLA SERRANO,"anticoncepcion, prevencion de its y de cancer de cuello uterino",metodos naturales: usuarias nuevas,2016-01-01,0,2,4,0,0,6
VILLA TUNARI,"anticoncepcion, prevencion de its y de cancer de cuello uterino",metodos naturales: usuarias nuevas,2016-01-01,0,0,1,0,0,1
VILLA VACA GUZMAN (MUYUPAMPA),"anticoncepcion, prevencion de its y de cancer de cuello uterino",metodos naturales: usuarias nuevas,2016-01-01,0,1,0,0,0,1
VILLAZON,"anticoncepcion, prevencion de its y de cancer de cuello uterino",metodos naturales: usuarias nuevas,2016-01-01,0,2,3,2,1,8
VINTO,"anticoncepcion, prevencion de its y de cancer de cuello uterino",metodos naturales: usuarias nuevas,2016-01-01,0,3,40,0,0,43
VITICHI,"anticoncepcion, prevencion de its y de cancer de cuello uterino",metodos naturales: usuarias nuevas,2016-01-01,0,0,4,2,0,6
WARNES,"anticoncepcion, prevencion de its y de cancer de cuello uterino",metodos naturales: usuarias nuevas,2016-01-01,0,1,2,1,0,4
YACUIBA,"anticoncepcion, prevencion de its y de cancer de cuello uterino",metodos naturales: usuarias nuevas,2016-01-01,0,0,6,0,0,6
YAMPARAEZ,"anticoncepcion, prevencion de its y de cancer de cuello uterino",metodos naturales: usuarias nuevas,2016-01-01,0,2,1,0,0,3
YANACACHI,"anticoncepcion, prevencion de its y de cancer de cuello uterino",metodos naturales: usuarias nuevas,2016-01-01,0,0,5,0,0,5
YAPACANI,"anticoncepcion, prevencion de its y de cancer de cuello uterino",metodos naturales: usuarias nuevas,2016-01-01,0,1,12,0,0,13
YOTALA,"anticoncepcion, prevencion de its y de cancer de cuello uterino",metodos naturales: usuarias nuevas,2016-01-01,0,6,2,0,0,8
ACHACACHI,"anticoncepcion, prevencion de its y de cancer de cuello uterino",metodos naturales: usuarias nuevas,2016-02-01,0,1,2,0,0,3
ALALAY,"anticoncepcion, prevencion de its y de cancer de cuello uterino",metodos naturales: usuarias nuevas,2016-02-01,0,0,0,1,0,1
ALCALA,"anticoncepcion, prevencion de its y de cancer de cuello uterino",metodos naturales: usuarias nuevas,2016-02-01,0,0,1,0,0,1
ANCORAIMES,"anticoncepcion, prevencion de its y de cancer de cuello uterino",metodos naturales: usuarias nuevas,2016-02-01,1,8,4,2,0,15
APOLO,"anticoncepcion, prevencion de its y de cancer de cuello uterino",metodos naturales: usuarias nuevas,2016-02-01,0,0,0,1,0,1
ARBIETO,"anticoncepcion, prevencion de its y de cancer de cuello uterino",metodos naturales: usuarias nuevas,2016-02-01,0,6,9,2,0,17
ARQUE,"anticoncepcion, prevencion de its y de cancer de cuello uterino",metodos naturales: usuarias nuevas,2016-02-01,0,0,0,1,0,1
ATOCHA,"anticoncepcion, prevencion de its y de cancer de cuello uterino",metodos naturales: usuarias nuevas,2016-02-01,0,3,0,0,0,3
AYOPAYA (V. DE INDEPENDENCIA),"anticoncepcion, prevencion de its y de cancer de cuello uterino",metodos naturales: usuarias nuevas,2016-02-01,0,1,8,1,0,10
BELLA FLOR,"anticoncepcion, prevencion de its y de cancer de cuello uterino",metodos naturales: usuarias nuevas,2016-02-01,0,0,1,0,0,1
BETANZOS,"anticoncepcion, prevencion de its y de cancer de cuello uterino",metodos naturales: usuarias nuevas,2016-02-01,0,1,4,0,0,5
BUENA VISTA,"anticoncepcion, prevencion de its y de cancer de cuello uterino",metodos naturales: usuarias nuevas,2016-02-01,0,2,0,0,0,2
"CAIZA ""D""","anticoncepcion, prevencion de its y de cancer de cuello uterino",metodos naturales: usuarias nuevas,2016-02-01,0,0,4,0,0,4
CAJUATA,"anticoncepcion, prevencion de its y de cancer de cuello uterino",metodos naturales: usuarias nuevas,2016-02-01,0,1,4,4,0,9
CALAMARCA,"anticoncepcion, prevencion de its y de cancer de cuello uterino",metodos naturales: usuarias nuevas,2016-02-01,0,1,14,5,0,20
CAMATAQUI (C. VILLA ABECIA),"anticoncepcion, prevencion de its y de cancer de cuello uterino",metodos naturales: usuarias nuevas,2016-02-01,0,0,1,0,0,1
CARACOLLO,"anticoncepcion, prevencion de its y de cancer de cuello uterino",metodos naturales: usuarias nuevas,2016-02-01,0,4,14,7,0,25
CARANAVI,"anticoncepcion, prevencion de its y de cancer de cuello uterino",metodos naturales: usuarias nuevas,2016-02-01,0,0,1,0,0,1
CARIPUYO,"anticoncepcion, prevencion de its y de cancer de cuello uterino",metodos naturales: usuarias nuevas,2016-02-01,0,0,9,0,0,9
CHALLAPATA,"anticoncepcion, prevencion de its y de cancer de cuello uterino",metodos naturales: usuarias nuevas,2016-02-01,0,13,30,7,0,50
CHAQUI,"anticoncepcion, prevencion de its y de cancer de cuello uterino",metodos naturales: usuarias nuevas,2016-02-01,0,0,6,0,0,6
CHAYANTA,"anticoncepcion, prevencion de its y de cancer de cuello uterino",metodos naturales: usuarias nuevas,2016-02-01,0,4,14,5,0,23
CHIMORE,"anticoncepcion, prevencion de its y de cancer de cuello uterino",metodos naturales: usuarias nuevas,2016-02-01,0,0,2,0,0,2
CHUA COCANI,"anticoncepcion, prevencion de its y de cancer de cuello uterino",metodos naturales: usuarias nuevas,2016-02-01,0,0,3,1,0,4
CHULUMANI (V. DE LA LIBERTAD),"anticoncepcion, prevencion de its y de cancer de cuello uterino",metodos naturales: usuarias nuevas,2016-02-01,0,6,13,2,0,21
CHUQUIHUTA AYLLU JUCUMANI,"anticoncepcion, prevencion de its y de cancer de cuello uterino",metodos naturales: usuarias nuevas,2016-02-01,0,1,1,0,0,2
CKOCHAS,"anticoncepcion, prevencion de its y de cancer de cuello uterino",metodos naturales: usuarias nuevas,2016-02-01,0,2,6,4,0,12
COBIJA,"anticoncepcion, prevencion de its y de cancer de cuello uterino",metodos naturales: usuarias nuevas,2016-02-01,0,7,16,3,0,26
COCAPATA,"anticoncepcion, prevencion de its y de cancer de cuello uterino",metodos naturales: usuarias nuevas,2016-02-01,0,0,2,0,0,2
COCHABAMBA,"anticoncepcion, prevencion de its y de cancer de cuello uterino",metodos naturales: usuarias nuevas,2016-02-01,0,7,59,9,0,75
COLCAPIRHUA,"anticoncepcion, prevencion de its y de cancer de cuello uterino",metodos naturales: usuarias nuevas,2016-02-01,0,1,3,0,0,4
COLOMI,"anticoncepcion, prevencion de its y de cancer de cuello uterino",metodos naturales: usuarias nuevas,2016-02-01,0,0,4,0,0,4
COLPA BELGICA,"anticoncepcion, prevencion de its y de cancer de cuello uterino",metodos naturales: usuarias nuevas,2016-02-01,0,1,1,0,0,2
COLQUECHACA,"anticoncepcion, prevencion de its y de cancer de cuello uterino",metodos naturales: usuarias nuevas,2016-02-01,0,2,8,4,0,14
COLQUIRI,"anticoncepcion, prevencion de its y de cancer de cuello uterino",metodos naturales: usuarias nuevas,2016-02-01,0,3,9,3,0,15
COMANCHE,"anticoncepcion, prevencion de its y de cancer de cuello uterino",metodos naturales: usuarias nuevas,2016-02-01,0,0,0,1,0,1
COMARAPA,"anticoncepcion, prevencion de its y de cancer de cuello uterino",metodos naturales: usuarias nuevas,2016-02-01,0,9,21,1,0,31
CONCEPCION,"anticoncepcion, prevencion de its y de cancer de cuello uterino",metodos naturales: usuarias nuevas,2016-02-01,0,2,7,0,0,9
CORIPATA,"anticoncepcion, prevencion de its y de cancer de cuello uterino",metodos naturales: usuarias nuevas,2016-02-01,0,2,11,1,0,14
COROICO,"anticoncepcion, prevencion de its y de cancer de cuello uterino",metodos naturales: usuarias nuevas,2016-02-01,0,3,3,0,0,6
CORQUE,"anticoncepcion, prevencion de its y de cancer de cuello uterino",metodos naturales: usuarias nuevas,2016-02-01,0,1,2,2,0,5
COTOCA,"anticoncepcion, prevencion de its y de cancer de cuello uterino",metodos naturales: usuarias nuevas,2016-02-01,0,1,7,0,0,8
CULPINA,"anticoncepcion, prevencion de its y de cancer de cuello uterino",metodos naturales: usuarias nuevas,2016-02-01,0,4,6,8,0,18
CURAHUARA DE CARANGAS,"anticoncepcion, prevencion de its y de cancer de cuello uterino",metodos naturales: usuarias nuevas,2016-02-01,0,1,8,1,0,10
EL ALTO,"anticoncepcion, prevencion de its y de cancer de cuello uterino",metodos naturales: usuarias nuevas,2016-02-01,0,22,172,82,0,276
EL CHORO,"anticoncepcion, prevencion de its y de cancer de cuello uterino",metodos naturales: usuarias nuevas,2016-02-01,0,3,1,0,0,4
EL PUENTE(STC),"anticoncepcion, prevencion de its y de cancer de cuello uterino",metodos naturales: usuarias nuevas,2016-02-01,0,0,4,1,0,5
EL PUENTE(TJA),"anticoncepcion, prevencion de its y de cancer de cuello uterino",metodos naturales: usuarias nuevas,2016-02-01,0,0,1,0,0,1
EL TORNO,"anticoncepcion, prevencion de its y de cancer de cuello uterino",metodos naturales: usuarias nuevas,2016-02-01,0,0,3,0,0,3
EL VILLAR,"anticoncepcion, prevencion de its y de cancer de cuello uterino",metodos naturales: usuarias nuevas,2016-02-01,0,2,0,0,0,2
ENTRE RIOS TRJ,"anticoncepcion, prevencion de its y de cancer de cuello uterino",metodos naturales: usuarias nuevas,2016-02-01,0,1,0,0,0,1
ENTRE RIOS CBBA,"anticoncepcion, prevencion de its y de cancer de cuello uterino",metodos naturales: usuarias nuevas,2016-02-01,0,1,3,0,0,4
ESCARA,"anticoncepcion, prevencion de its y de cancer de cuello uterino",metodos naturales: usuarias nuevas,2016-02-01,0,1,0,0,0,1
EUCALIPTUS,"anticoncepcion, prevencion de its y de cancer de cuello uterino",metodos naturales: usuarias nuevas,2016-02-01,0,1,3,0,0,4
EXALTACION,"anticoncepcion, prevencion de its y de cancer de cuello uterino",metodos naturales: usuarias nuevas,2016-02-01,2,0,0,0,0,2
FERNANDEZ ALONSO,"anticoncepcion, prevencion de its y de cancer de cuello uterino",metodos naturales: usuarias nuevas,2016-02-01,0,0,1,0,0,1
FILADELFIA,"anticoncepcion, prevencion de its y de cancer de cuello uterino",metodos naturales: usuarias nuevas,2016-02-01,0,3,5,0,0,8
GUAQUI,"anticoncepcion, prevencion de its y de cancer de cuello uterino",metodos naturales: usuarias nuevas,2016-02-01,0,3,3,3,0,9
GUAYARAMERIN,"anticoncepcion, prevencion de its y de cancer de cuello uterino",metodos naturales: usuarias nuevas,2016-02-01,2,21,40,6,0,69
HUACARETA,"anticoncepcion, prevencion de its y de cancer de cuello uterino",metodos naturales: usuarias nuevas,2016-02-01,0,0,2,0,0,2
HUANUNI,"anticoncepcion, prevencion de its y de cancer de cuello uterino",metodos naturales: usuarias nuevas,2016-02-01,0,0,10,4,0,14
HUAYLLAMARCA,"anticoncepcion, prevencion de its y de cancer de cuello uterino",metodos naturales: usuarias nuevas,2016-02-01,0,0,1,0,0,1
ICHOCA,"anticoncepcion, prevencion de its y de cancer de cuello uterino",metodos naturales: usuarias nuevas,2016-02-01,0,1,1,0,0,2
INCAHUASI,"anticoncepcion, prevencion de its y de cancer de cuello uterino",metodos naturales: usuarias nuevas,2016-02-01,0,2,8,1,0,11
INQUISIVI,"anticoncepcion, prevencion de its y de cancer de cuello uterino",metodos naturales: usuarias nuevas,2016-02-01,0,2,5,5,0,12
IRUPANA (VILLA DE LANZA),"anticoncepcion, prevencion de its y de cancer de cuello uterino",metodos naturales: usuarias nuevas,2016-02-01,0,1,4,0,0,5
IXIAMAS,"anticoncepcion, prevencion de its y de cancer de cuello uterino",metodos naturales: usuarias nuevas,2016-02-01,0,0,1,0,0,1
JESUS DE MACHACA,"anticoncepcion, prevencion de its y de cancer de cuello uterino",metodos naturales: usuarias nuevas,2016-02-01,0,1,5,0,0,6
LA ASUNTA,"anticoncepcion, prevencion de its y de cancer de cuello uterino",metodos naturales: usuarias nuevas,2016-02-01,0,9,13,0,0,22
LA GUARDIA,"anticoncepcion, prevencion de its y de cancer de cuello uterino",metodos naturales: usuarias nuevas,2016-02-01,0,0,2,0,0,2
LA PAZ,"anticoncepcion, prevencion de its y de cancer de cuello uterino",metodos naturales: usuarias nuevas,2016-02-01,0,37,139,25,0,201
LAGUNILLAS,"anticoncepcion, prevencion de its y de cancer de cuello uterino",metodos naturales: usuarias nuevas,2016-02-01,0,0,1,1,0,2
LAJA,"anticoncepcion, prevencion de its y de cancer de cuello uterino",metodos naturales: usuarias nuevas,2016-02-01,0,2,9,0,0,11
LICOMA PAMPA,"anticoncepcion, prevencion de its y de cancer de cuello uterino",metodos naturales: usuarias nuevas,2016-02-01,0,0,2,0,0,2
LLALLAGUA,"anticoncepcion, prevencion de its y de cancer de cuello uterino",metodos naturales: usuarias nuevas,2016-02-01,0,1,4,1,0,6
LORETO,"anticoncepcion, prevencion de its y de cancer de cuello uterino",metodos naturales: usuarias nuevas,2016-02-01,0,1,0,0,0,1
MACHACAMARCA,"anticoncepcion, prevencion de its y de cancer de cuello uterino",metodos naturales: usuarias nuevas,2016-02-01,0,4,0,0,0,4
MACHARETI,"anticoncepcion, prevencion de its y de cancer de cuello uterino",metodos naturales: usuarias nuevas,2016-02-01,0,0,1,0,0,1
MINEROS,"anticoncepcion, prevencion de its y de cancer de cuello uterino",metodos naturales: usuarias nuevas,2016-02-01,0,1,1,0,0,2
MIZQUE,"anticoncepcion, prevencion de its y de cancer de cuello uterino",metodos naturales: usuarias nuevas,2016-02-01,0,1,2,0,0,3
MOCOMOCO,"anticoncepcion, prevencion de its y de cancer de cuello uterino",metodos naturales: usuarias nuevas,2016-02-01,0,0,2,2,0,4
MOJOCOYA,"anticoncepcion, prevencion de its y de cancer de cuello uterino",metodos naturales: usuarias nuevas,2016-02-01,0,1,4,1,0,6
MONTERO,"anticoncepcion, prevencion de its y de cancer de cuello uterino",metodos naturales: usuarias nuevas,2016-02-01,0,1,1,1,0,3
MOROCHATA,"anticoncepcion, prevencion de its y de cancer de cuello uterino",metodos naturales: usuarias nuevas,2016-02-01,0,4,2,0,0,6
NUEVO MANOA (NUEVA ESPERANZA),"anticoncepcion, prevencion de its y de cancer de cuello uterino",metodos naturales: usuarias nuevas,2016-02-01,0,2,0,1,0,3
OCURI,"anticoncepcion, prevencion de its y de cancer de cuello uterino",metodos naturales: usuarias nuevas,2016-02-01,0,1,1,3,0,5
OMEREQUE,"anticoncepcion, prevencion de its y de cancer de cuello uterino",metodos naturales: usuarias nuevas,2016-02-01,0,2,8,1,0,11
ORURO,"anticoncepcion, prevencion de its y de cancer de cuello uterino",metodos naturales: usuarias nuevas,2016-02-01,0,4,26,8,0,38
PADILLA,"anticoncepcion, prevencion de its y de cancer de cuello uterino",metodos naturales: usuarias nuevas,2016-02-01,0,3,3,1,0,7
PAMPA AULLAGAS,"anticoncepcion, prevencion de its y de cancer de cuello uterino",metodos naturales: usuarias nuevas,2016-02-01,0,0,4,0,0,4
PAZÑA,"anticoncepcion, prevencion de its y de cancer de cuello uterino",metodos naturales: usuarias nuevas,2016-02-01,0,0,1,0,0,1
POCOATA,"anticoncepcion, prevencion de its y de cancer de cuello uterino",metodos naturales: usuarias nuevas,2016-02-01,0,4,8,3,0,15
POCONA,"anticoncepcion, prevencion de its y de cancer de cuello uterino",metodos naturales: usuarias nuevas,2016-02-01,0,0,1,0,0,1
POJO (CBBA),"anticoncepcion, prevencion de its y de cancer de cuello uterino",metodos naturales: usuarias nuevas,2016-02-01,0,1,4,0,0,5
PORCO,"anticoncepcion, prevencion de its y de cancer de cuello uterino",metodos naturales: usuarias nuevas,2016-02-01,0,1,7,4,0,12
POROMA,"anticoncepcion, prevencion de its y de cancer de cuello uterino",metodos naturales: usuarias nuevas,2016-02-01,1,0,2,0,0,3
PORONGO,"anticoncepcion, prevencion de its y de cancer de cuello uterino",metodos naturales: usuarias nuevas,2016-02-01,0,0,7,1,0,8
PORTACHUELO,"anticoncepcion, prevencion de its y de cancer de cuello uterino",metodos naturales: usuarias nuevas,2016-02-01,0,3,2,0,0,5
POTOSI,"anticoncepcion, prevencion de its y de cancer de cuello uterino",metodos naturales: usuarias nuevas,2016-02-01,0,4,30,3,0,37
PUCARANI,"anticoncepcion, prevencion de its y de cancer de cuello uterino",metodos naturales: usuarias nuevas,2016-02-01,0,8,24,1,0,33
PUERTO ACOSTA,"anticoncepcion, prevencion de its y de cancer de cuello uterino",metodos naturales: usuarias nuevas,2016-02-01,0,1,0,1,0,2
PUERTO CARABUCO,"anticoncepcion, prevencion de its y de cancer de cuello uterino",metodos naturales: usuarias nuevas,2016-02-01,0,0,0,2,0,2
PUERTO GONZALO MORENO,"anticoncepcion, prevencion de its y de cancer de cuello uterino",metodos naturales: usuarias nuevas,2016-02-01,0,1,0,0,0,1
PUERTO PEREZ,"anticoncepcion, prevencion de its y de cancer de cuello uterino",metodos naturales: usuarias nuevas,2016-02-01,0,0,2,0,0,2
PUERTO RICO,"anticoncepcion, prevencion de its y de cancer de cuello uterino",metodos naturales: usuarias nuevas,2016-02-01,0,3,0,0,0,3
PUERTO VILLARROEL,"anticoncepcion, prevencion de its y de cancer de cuello uterino",metodos naturales: usuarias nuevas,2016-02-01,1,0,4,1,0,6
PUNA,"anticoncepcion, prevencion de its y de cancer de cuello uterino",metodos naturales: usuarias nuevas,2016-02-01,0,4,4,3,0,11
PUNATA,"anticoncepcion, prevencion de its y de cancer de cuello uterino",metodos naturales: usuarias nuevas,2016-02-01,1,13,42,12,0,68
QUILLACOLLO,"anticoncepcion, prevencion de its y de cancer de cuello uterino",metodos naturales: usuarias nuevas,2016-02-01,0,4,35,1,0,40
QUIME,"anticoncepcion, prevencion de its y de cancer de cuello uterino",metodos naturales: usuarias nuevas,2016-02-01,0,0,9,0,0,9
RAVELO,"anticoncepcion, prevencion de its y de cancer de cuello uterino",metodos naturales: usuarias nuevas,2016-02-01,1,3,1,0,0,5
REYES,"anticoncepcion, prevencion de its y de cancer de cuello uterino",metodos naturales: usuarias nuevas,2016-02-01,4,23,38,4,0,69
RIBERALTA,"anticoncepcion, prevencion de its y de cancer de cuello uterino",metodos naturales: usuarias nuevas,2016-02-01,2,48,106,20,1,177
RURRENABAQUE,"anticoncepcion, prevencion de its y de cancer de cuello uterino",metodos naturales: usuarias nuevas,2016-02-01,0,5,5,3,0,13
SABAYA,"anticoncepcion, prevencion de its y de cancer de cuello uterino",metodos naturales: usuarias nuevas,2016-02-01,0,1,0,0,0,1
SACABA,"anticoncepcion, prevencion de its y de cancer de cuello uterino",metodos naturales: usuarias nuevas,2016-02-01,0,2,25,11,0,38
SACACA,"anticoncepcion, prevencion de its y de cancer de cuello uterino",metodos naturales: usuarias nuevas,2016-02-01,0,0,7,3,0,10
SALINAS DE GARCI MENDOZA,"anticoncepcion, prevencion de its y de cancer de cuello uterino",metodos naturales: usuarias nuevas,2016-02-01,0,3,16,2,0,21
SAMAIPATA,"anticoncepcion, prevencion de its y de cancer de cuello uterino",metodos naturales: usuarias nuevas,2016-02-01,0,0,2,1,0,3
SAN ANDRES,"anticoncepcion, prevencion de its y de cancer de cuello uterino",metodos naturales: usuarias nuevas,2016-02-01,0,0,7,0,0,7
SAN ANDRES DE MACHACA,"anticoncepcion, prevencion de its y de cancer de cuello uterino",metodos naturales: usuarias nuevas,2016-02-01,0,1,0,0,0,1
SAN ANTONIO DE ESMORUCO,"anticoncepcion, prevencion de its y de cancer de cuello uterino",metodos naturales: usuarias nuevas,2016-02-01,0,0,0,1,0,1
SAN BENITO,"anticoncepcion, prevencion de its y de cancer de cuello uterino",metodos naturales: usuarias nuevas,2016-02-01,0,1,4,1,0,6
SAN BORJA,"anticoncepcion, prevencion de its y de cancer de cuello uterino",metodos naturales: usuarias nuevas,2016-02-01,0,17,6,0,0,23
SAN BUENA VENTURA,"anticoncepcion, prevencion de its y de cancer de cuello uterino",metodos naturales: usuarias nuevas,2016-02-01,0,5,13,5,0,23
SAN CARLOS,"anticoncepcion, prevencion de its y de cancer de cuello uterino",metodos naturales: usuarias nuevas,2016-02-01,0,6,15,0,0,21
SAN IGNACIO,"anticoncepcion, prevencion de its y de cancer de cuello uterino",metodos naturales: usuarias nuevas,2016-02-01,0,10,9,1,0,20
SAN JAVIER(BNI),"anticoncepcion, prevencion de its y de cancer de cuello uterino",metodos naturales: usuarias nuevas,2016-02-01,0,0,1,1,0,2
SAN JUAN DE YAPACANI,"anticoncepcion, prevencion de its y de cancer de cuello uterino",metodos naturales: usuarias nuevas,2016-02-01,1,1,3,0,0,5
SAN LORENZO(TJA),"anticoncepcion, prevencion de its y de cancer de cuello uterino",metodos naturales: usuarias nuevas,2016-02-01,0,1,0,0,0,1
SAN LUCAS,"anticoncepcion, prevencion de its y de cancer de cuello uterino",metodos naturales: usuarias nuevas,2016-02-01,1,5,10,0,0,16
SAN MATIAS,"anticoncepcion, prevencion de its y de cancer de cuello uterino",metodos naturales: usuarias nuevas,2016-02-01,0,1,9,0,0,10
SAN MIGUEL DE VELASCO,"anticoncepcion, prevencion de its y de cancer de cuello uterino",metodos naturales: usuarias nuevas,2016-02-01,0,4,1,0,0,5
SAN PEDRO,"anticoncepcion, prevencion de its y de cancer de cuello uterino",metodos naturales: usuarias nuevas,2016-02-01,0,0,1,0,0,1
SAN PEDRO DE BUENA VISTA,"anticoncepcion, prevencion de its y de cancer de cuello uterino",metodos naturales: usuarias nuevas,2016-02-01,0,2,23,8,0,33
SAN PEDRO DE TIQUINA,"anticoncepcion, prevencion de its y de cancer de cuello uterino",metodos naturales: usuarias nuevas,2016-02-01,0,2,1,1,0,4
SAN RAFAEL,"anticoncepcion, prevencion de its y de cancer de cuello uterino",metodos naturales: usuarias nuevas,2016-02-01,0,2,5,0,0,7
SAN RAMON SCZ,"anticoncepcion, prevencion de its y de cancer de cuello uterino",metodos naturales: usuarias nuevas,2016-02-01,0,0,1,0,0,1
SANTA ANA,"anticoncepcion, prevencion de its y de cancer de cuello uterino",metodos naturales: usuarias nuevas,2016-02-01,0,12,14,0,0,26
SANTA CRUZ DE LA SIERRA,"anticoncepcion, prevencion de its y de cancer de cuello uterino",metodos naturales: usuarias nuevas,2016-02-01,2,16,80,23,0,121
SANTA ROSA,"anticoncepcion, prevencion de its y de cancer de cuello uterino",metodos naturales: usuarias nuevas,2016-02-01,1,7,16,6,0,30
SANTA ROSA DEL SARA,"anticoncepcion, prevencion de its y de cancer de cuello uterino",metodos naturales: usuarias nuevas,2016-02-01,0,0,2,1,0,3
SANTIAGO DE HUARI,"anticoncepcion, prevencion de its y de cancer de cuello uterino",metodos naturales: usuarias nuevas,2016-02-01,0,0,4,0,0,4
SANTIAGO DE HUATA,"anticoncepcion, prevencion de its y de cancer de cuello uterino",metodos naturales: usuarias nuevas,2016-02-01,0,0,3,1,0,4
SANTIAGO DE MACHACA,"anticoncepcion, prevencion de its y de cancer de cuello uterino",metodos naturales: usuarias nuevas,2016-02-01,0,0,3,0,0,3
SANTUARIO DE QUILLACAS,"anticoncepcion, prevencion de its y de cancer de cuello uterino",metodos naturales: usuarias nuevas,2016-02-01,0,0,2,1,0,3
SAPAHAQUI,"anticoncepcion, prevencion de its y de cancer de cuello uterino",metodos naturales: usuarias nuevas,2016-02-01,0,0,2,0,0,2
SHINAOTA,"anticoncepcion, prevencion de its y de cancer de cuello uterino",metodos naturales: usuarias nuevas,2016-02-01,0,0,2,0,0,2
SICA SICA (VILLA AROMA),"anticoncepcion, prevencion de its y de cancer de cuello uterino",metodos naturales: usuarias nuevas,2016-02-01,0,1,0,1,0,2
SIPE SIPE,"anticoncepcion, prevencion de its y de cancer de cuello uterino",metodos naturales: usuarias nuevas,2016-02-01,0,1,20,3,0,24
SOPACHUY,"anticoncepcion, prevencion de its y de cancer de cuello uterino",metodos naturales: usuarias nuevas,2016-02-01,0,4,7,4,0,15
SORACACHI,"anticoncepcion, prevencion de its y de cancer de cuello uterino",metodos naturales: usuarias nuevas,2016-02-01,0,3,5,5,0,13
SUCRE,"anticoncepcion, prevencion de its y de cancer de cuello uterino",metodos naturales: usuarias nuevas,2016-02-01,2,55,201,37,2,297
TACOPAYA,"anticoncepcion, prevencion de its y de cancer de cuello uterino",metodos naturales: usuarias nuevas,2016-02-01,0,1,2,2,0,5
TAPACARI,"anticoncepcion, prevencion de its y de cancer de cuello uterino",metodos naturales: usuarias nuevas,2016-02-01,0,0,2,0,0,2
TARABUCO,"anticoncepcion, prevencion de its y de cancer de cuello uterino",metodos naturales: usuarias nuevas,2016-02-01,0,6,3,0,0,9
TARACO,"anticoncepcion, prevencion de its y de cancer de cuello uterino",metodos naturales: usuarias nuevas,2016-02-01,0,1,2,1,0,4
TARATA,"anticoncepcion, prevencion de its y de cancer de cuello uterino",metodos naturales: usuarias nuevas,2016-02-01,0,1,0,0,0,1
TARIJA,"anticoncepcion, prevencion de its y de cancer de cuello uterino",metodos naturales: usuarias nuevas,2016-02-01,0,0,4,5,0,9
TARVITA,"anticoncepcion, prevencion de its y de cancer de cuello uterino",metodos naturales: usuarias nuevas,2016-02-01,0,2,1,0,0,3
TEOPONTE,"anticoncepcion, prevencion de its y de cancer de cuello uterino",metodos naturales: usuarias nuevas,2016-02-01,0,0,0,1,0,1
TIAWANACU,"anticoncepcion, prevencion de its y de cancer de cuello uterino",metodos naturales: usuarias nuevas,2016-02-01,0,5,6,1,0,12
TINGUIPAYA,"anticoncepcion, prevencion de its y de cancer de cuello uterino",metodos naturales: usuarias nuevas,2016-02-01,0,0,3,1,0,4
TIQUIPAYA,"anticoncepcion, prevencion de its y de cancer de cuello uterino",metodos naturales: usuarias nuevas,2016-02-01,0,0,1,1,0,2
TOCO,"anticoncepcion, prevencion de its y de cancer de cuello uterino",metodos naturales: usuarias nuevas,2016-02-01,0,2,4,0,0,6
TOMINA,"anticoncepcion, prevencion de its y de cancer de cuello uterino",metodos naturales: usuarias nuevas,2016-02-01,0,2,3,0,0,5
TORO TORO,"anticoncepcion, prevencion de its y de cancer de cuello uterino",metodos naturales: usuarias nuevas,2016-02-01,0,1,5,4,0,10
TOTORA(CBBA),"anticoncepcion, prevencion de its y de cancer de cuello uterino",metodos naturales: usuarias nuevas,2016-02-01,0,0,1,1,0,2
TOTORA(ORR),"anticoncepcion, prevencion de its y de cancer de cuello uterino",metodos naturales: usuarias nuevas,2016-02-01,0,0,2,1,0,3
TRINIDAD,"anticoncepcion, prevencion de its y de cancer de cuello uterino",metodos naturales: usuarias nuevas,2016-02-01,2,17,19,3,0,41
TUPIZA,"anticoncepcion, prevencion de its y de cancer de cuello uterino",metodos naturales: usuarias nuevas,2016-02-01,0,0,1,0,0,1
UNCIA,"anticoncepcion, prevencion de its y de cancer de cuello uterino",metodos naturales: usuarias nuevas,2016-02-01,0,0,0,1,0,1
VACAS,"anticoncepcion, prevencion de its y de cancer de cuello uterino",metodos naturales: usuarias nuevas,2016-02-01,0,4,6,3,0,13
VIACHA,"anticoncepcion, prevencion de its y de cancer de cuello uterino",metodos naturales: usuarias nuevas,2016-02-01,0,0,1,0,0,1
VILLA CHARCAS,"anticoncepcion, prevencion de its y de cancer de cuello uterino",metodos naturales: usuarias nuevas,2016-02-01,0,3,0,0,0,3
VILLA RIVERO,"anticoncepcion, prevencion de its y de cancer de cuello uterino",metodos naturales: usuarias nuevas,2016-02-01,0,1,0,0,0,1
VILLA SERRANO,"anticoncepcion, prevencion de its y de cancer de cuello uterino",metodos naturales: usuarias nuevas,2016-02-01,0,1,1,1,0,3
VILLA TUNARI,"anticoncepcion, prevencion de its y de cancer de cuello uterino",metodos naturales: usuarias nuevas,2016-02-01,0,0,1,0,0,1
VILLA VACA GUZMAN (MUYUPAMPA),"anticoncepcion, prevencion de its y de cancer de cuello uterino",metodos naturales: usuarias nuevas,2016-02-01,0,0,2,0,0,2
VILLAZON,"anticoncepcion, prevencion de its y de cancer de cuello uterino",metodos naturales: usuarias nuevas,2016-02-01,0,2,3,2,1,8
VINTO,"anticoncepcion, prevencion de its y de cancer de cuello uterino",metodos naturales: usuarias nuevas,2016-02-01,0,4,9,1,0,14
VITICHI,"anticoncepcion, prevencion de its y de cancer de cuello uterino",metodos naturales: usuarias nuevas,2016-02-01,0,3,1,1,0,5
WARNES,"anticoncepcion, prevencion de its y de cancer de cuello uterino",metodos naturales: usuarias nuevas,2016-02-01,0,0,1,0,0,1
YACUIBA,"anticoncepcion, prevencion de its y de cancer de cuello uterino",metodos naturales: usuarias nuevas,2016-02-01,0,1,2,1,0,4
YAMPARAEZ,"anticoncepcion, prevencion de its y de cancer de cuello uterino",metodos naturales: usuarias nuevas,2016-02-01,0,5,2,0,0,7
YANACACHI,"anticoncepcion, prevencion de its y de cancer de cuello uterino",metodos naturales: usuarias nuevas,2016-02-01,0,0,3,1,0,4
YAPACANI,"anticoncepcion, prevencion de its y de cancer de cuello uterino",metodos naturales: usuarias nuevas,2016-02-01,0,2,9,0,0,11
YOCALLA,"anticoncepcion, prevencion de its y de cancer de cuello uterino",metodos naturales: usuarias nuevas,2016-02-01,0,0,0,1,0,1
YOTALA,"anticoncepcion, prevencion de its y de cancer de cuello uterino",metodos naturales: usuarias nuevas,2016-02-01,0,1,2,4,0,7
ZUDAÑEZ,"anticoncepcion, prevencion de its y de cancer de cuello uterino",metodos naturales: usuarias nuevas,2016-02-01,0,3,4,3,0,10
ACHACACHI,"anticoncepcion, prevencion de its y de cancer de cuello uterino",metodos naturales: usuarias nuevas,2016-03-01,0,0,9,1,0,10
ACHOCALLA,"anticoncepcion, prevencion de its y de cancer de cuello uterino",metodos naturales: usuarias nuevas,2016-03-01,0,2,3,1,0,6
AIQUILE,"anticoncepcion, prevencion de its y de cancer de cuello uterino",metodos naturales: usuarias nuevas,2016-03-01,0,1,1,0,0,2
ALALAY,"anticoncepcion, prevencion de its y de cancer de cuello uterino",metodos naturales: usuarias nuevas,2016-03-01,0,0,1,1,0,2
ALCALA,"anticoncepcion, prevencion de its y de cancer de cuello uterino",metodos naturales: usuarias nuevas,2016-03-01,0,1,0,0,0,1
ALTO BENI,"anticoncepcion, prevencion de its y de cancer de cuello uterino",metodos naturales: usuarias nuevas,2016-03-01,0,1,0,1,0,2
ANCORAIMES,"anticoncepcion, prevencion de its y de cancer de cuello uterino",metodos naturales: usuarias nuevas,2016-03-01,0,4,6,3,0,13
ANDAMARCA,"anticoncepcion, prevencion de its y de cancer de cuello uterino",metodos naturales: usuarias nuevas,2016-03-01,0,2,3,0,0,5
ANZALDO,"anticoncepcion, prevencion de its y de cancer de cuello uterino",metodos naturales: usuarias nuevas,2016-03-01,0,0,1,1,0,2
APOLO,"anticoncepcion, prevencion de its y de cancer de cuello uterino",metodos naturales: usuarias nuevas,2016-03-01,0,0,4,1,0,5
ARBIETO,"anticoncepcion, prevencion de its y de cancer de cuello uterino",metodos naturales: usuarias nuevas,2016-03-01,0,2,4,3,0,9
ATOCHA,"anticoncepcion, prevencion de its y de cancer de cuello uterino",metodos naturales: usuarias nuevas,2016-03-01,0,0,2,0,0,2
AYO AYO,"anticoncepcion, prevencion de its y de cancer de cuello uterino",metodos naturales: usuarias nuevas,2016-03-01,0,0,1,0,0,1
AYOPAYA (V. DE INDEPENDENCIA),"anticoncepcion, prevencion de its y de cancer de cuello uterino",metodos naturales: usuarias nuevas,2016-03-01,0,3,3,0,0,6
BATALLAS,"anticoncepcion, prevencion de its y de cancer de cuello uterino",metodos naturales: usuarias nuevas,2016-03-01,0,0,1,0,0,1
BELLA FLOR,"anticoncepcion, prevencion de its y de cancer de cuello uterino",metodos naturales: usuarias nuevas,2016-03-01,0,1,0,0,0,1
BETANZOS,"anticoncepcion, prevencion de its y de cancer de cuello uterino",metodos naturales: usuarias nuevas,2016-03-01,0,1,1,0,0,2
BUENA VISTA,"anticoncepcion, prevencion de its y de cancer de cuello uterino",metodos naturales: usuarias nuevas,2016-03-01,0,1,2,1,0,4
"CAIZA ""D""","anticoncepcion, prevencion de its y de cancer de cuello uterino",metodos naturales: usuarias nuevas,2016-03-01,0,1,2,1,0,4
CAJUATA,"anticoncepcion, prevencion de its y de cancer de cuello uterino",metodos naturales: usuarias nuevas,2016-03-01,1,2,8,0,0,11
CALAMARCA,"anticoncepcion, prevencion de its y de cancer de cuello uterino",metodos naturales: usuarias nuevas,2016-03-01,0,3,7,2,0,12
CAMATAQUI (C. VILLA ABECIA),"anticoncepcion, prevencion de its y de cancer de cuello uterino",metodos naturales: usuarias nuevas,2016-03-01,0,0,1,0,0,1
CAMIRI,"anticoncepcion, prevencion de its y de cancer de cuello uterino",metodos naturales: usuarias nuevas,2016-03-01,0,1,0,0,0,1
CARACOLLO,"anticoncepcion, prevencion de its y de cancer de cuello uterino",metodos naturales: usuarias nuevas,2016-03-01,0,4,15,3,0,22
CARANAVI,"anticoncepcion, prevencion de its y de cancer de cuello uterino",metodos naturales: usuarias nuevas,2016-03-01,0,1,0,0,0,1
CARIPUYO,"anticoncepcion, prevencion de its y de cancer de cuello uterino",metodos naturales: usuarias nuevas,2016-03-01,0,0,1,2,0,3
CHALLAPATA,"anticoncepcion, prevencion de its y de cancer de cuello uterino",metodos naturales: usuarias nuevas,2016-03-01,0,14,35,10,0,59
CHAQUI,"anticoncepcion, prevencion de its y de cancer de cuello uterino",metodos naturales: usuarias nuevas,2016-03-01,0,1,4,0,0,5
CHAYANTA,"anticoncepcion, prevencion de its y de cancer de cuello uterino",metodos naturales: usuarias nuevas,2016-03-01,1,9,11,1,0,22
CHIMORE,"anticoncepcion, prevencion de its y de cancer de cuello uterino",metodos naturales: usuarias nuevas,2016-03-01,0,2,3,0,0,5
CHIPAYA,"anticoncepcion, prevencion de its y de cancer de cuello uterino",metodos naturales: usuarias nuevas,2016-03-01,0,1,1,0,0,2
CHOQUE COTA,"anticoncepcion, prevencion de its y de cancer de cuello uterino",metodos naturales: usuarias nuevas,2016-03-01,0,1,2,0,0,3
CHUA COCANI,"anticoncepcion, prevencion de its y de cancer de cuello uterino",metodos naturales: usuarias nuevas,2016-03-01,0,1,1,2,0,4
CHULUMANI (V. DE LA LIBERTAD),"anticoncepcion, prevencion de its y de cancer de cuello uterino",metodos naturales: usuarias nuevas,2016-03-01,0,7,19,4,0,30
CHUQUIHUTA AYLLU JUCUMANI,"anticoncepcion, prevencion de its y de cancer de cuello uterino",metodos naturales: usuarias nuevas,2016-03-01,0,0,1,0,0,1
CKOCHAS,"anticoncepcion, prevencion de its y de cancer de cuello uterino",metodos naturales: usuarias nuevas,2016-03-01,0,4,13,5,0,22
COBIJA,"anticoncepcion, prevencion de its y de cancer de cuello uterino",metodos naturales: usuarias nuevas,2016-03-01,1,6,30,21,0,58
COCAPATA,"anticoncepcion, prevencion de its y de cancer de cuello uterino",metodos naturales: usuarias nuevas,2016-03-01,0,0,5,1,0,6
COCHABAMBA,"anticoncepcion, prevencion de its y de cancer de cuello uterino",metodos naturales: usuarias nuevas,2016-03-01,0,11,67,9,0,87
COLCAPIRHUA,"anticoncepcion, prevencion de its y de cancer de cuello uterino",metodos naturales: usuarias nuevas,2016-03-01,0,5,5,0,0,10
"COLCHA ""K""","anticoncepcion, prevencion de its y de cancer de cuello uterino",metodos naturales: usuarias nuevas,2016-03-01,1,0,2,0,0,3
COLOMI,"anticoncepcion, prevencion de its y de cancer de cuello uterino",metodos naturales: usuarias nuevas,2016-03-01,0,4,9,1,0,14
COLPA BELGICA,"anticoncepcion, prevencion de its y de cancer de cuello uterino",metodos naturales: usuarias nuevas,2016-03-01,0,0,3,0,0,3
COLQUECHACA,"anticoncepcion, prevencion de its y de cancer de cuello uterino",metodos naturales: usuarias nuevas,2016-03-01,0,2,3,7,0,12
COLQUIRI,"anticoncepcion, prevencion de its y de cancer de cuello uterino",metodos naturales: usuarias nuevas,2016-03-01,0,3,16,4,0,23
COMANCHE,"anticoncepcion, prevencion de its y de cancer de cuello uterino",metodos naturales: usuarias nuevas,2016-03-01,0,0,3,0,0,3
COMARAPA,"anticoncepcion, prevencion de its y de cancer de cuello uterino",metodos naturales: usuarias nuevas,2016-03-01,0,8,14,2,0,24
CORIPATA,"anticoncepcion, prevencion de its y de cancer de cuello uterino",metodos naturales: usuarias nuevas,2016-03-01,0,1,5,2,0,8
CORO CORO,"anticoncepcion, prevencion de its y de cancer de cuello uterino",metodos naturales: usuarias nuevas,2016-03-01,0,0,0,1,0,1
COTOCA,"anticoncepcion, prevencion de its y de cancer de cuello uterino",metodos naturales: usuarias nuevas,2016-03-01,0,3,7,0,0,10
CULPINA,"anticoncepcion, prevencion de its y de cancer de cuello uterino",metodos naturales: usuarias nuevas,2016-03-01,0,0,5,0,0,5
CURAHUARA DE CARANGAS,"anticoncepcion, prevencion de its y de cancer de cuello uterino",metodos naturales: usuarias nuevas,2016-03-01,0,1,2,0,0,3
EL ALTO,"anticoncepcion, prevencion de its y de cancer de cuello uterino",metodos naturales: usuarias nuevas,2016-03-01,1,22,143,59,0,225
EL PUENTE(STC),"anticoncepcion, prevencion de its y de cancer de cuello uterino",metodos naturales: usuarias nuevas,2016-03-01,1,5,2,1,0,9
EL VILLAR,"anticoncepcion, prevencion de its y de cancer de cuello uterino",metodos naturales: usuarias nuevas,2016-03-01,0,0,2,2,0,4
ENTRE RIOS TRJ,"anticoncepcion, prevencion de its y de cancer de cuello uterino",metodos naturales: usuarias nuevas,2016-03-01,0,1,8,0,0,9
EUCALIPTUS,"anticoncepcion, prevencion de its y de cancer de cuello uterino",metodos naturales: usuarias nuevas,2016-03-01,0,0,5,0,0,5
EXALTACION,"anticoncepcion, prevencion de its y de cancer de cuello uterino",metodos naturales: usuarias nuevas,2016-03-01,0,2,0,1,0,3
FERNANDEZ ALONSO,"anticoncepcion, prevencion de its y de cancer de cuello uterino",metodos naturales: usuarias nuevas,2016-03-01,0,0,2,0,0,2
FILADELFIA,"anticoncepcion, prevencion de its y de cancer de cuello uterino",metodos naturales: usuarias nuevas,2016-03-01,1,2,5,0,0,8
GUAQUI,"anticoncepcion, prevencion de its y de cancer de cuello uterino",metodos naturales: usuarias nuevas,2016-03-01,0,0,8,1,0,9
GUAYARAMERIN,"anticoncepcion, prevencion de its y de cancer de cuello uterino",metodos naturales: usuarias nuevas,2016-03-01,1,20,55,22,0,98
HUACARETA,"anticoncepcion, prevencion de its y de cancer de cuello uterino",metodos naturales: usuarias nuevas,2016-03-01,0,2,0,8,0,10
HUACHACALLA,"anticoncepcion, prevencion de its y de cancer de cuello uterino",metodos naturales: usuarias nuevas,2016-03-01,0,0,2,0,0,2
HUANUNI,"anticoncepcion, prevencion de its y de cancer de cuello uterino",metodos naturales: usuarias nuevas,2016-03-01,0,0,8,4,0,12
HUAYLLAMARCA,"anticoncepcion, prevencion de its y de cancer de cuello uterino",metodos naturales: usuarias nuevas,2016-03-01,0,1,1,0,0,2
ICHOCA,"anticoncepcion, prevencion de its y de cancer de cuello uterino",metodos naturales: usuarias nuevas,2016-03-01,0,2,4,1,0,7
INCAHUASI,"anticoncepcion, prevencion de its y de cancer de cuello uterino",metodos naturales: usuarias nuevas,2016-03-01,0,1,0,2,0,3
INQUISIVI,"anticoncepcion, prevencion de its y de cancer de cuello uterino",metodos naturales: usuarias nuevas,2016-03-01,0,2,12,3,0,17
IRUPANA (VILLA DE LANZA),"anticoncepcion, prevencion de its y de cancer de cuello uterino",metodos naturales: usuarias nuevas,2016-03-01,0,1,11,2,0,14
JESUS DE MACHACA,"anticoncepcion, prevencion de its y de cancer de cuello uterino",metodos naturales: usuarias nuevas,2016-03-01,0,0,1,1,0,2
LA ASUNTA,"anticoncepcion, prevencion de its y de cancer de cuello uterino",metodos naturales: usuarias nuevas,2016-03-01,0,8,18,5,0,31
LA PAZ,"anticoncepcion, prevencion de its y de cancer de cuello uterino",metodos naturales: usuarias nuevas,2016-03-01,0,34,181,25,0,240
LAGUNILLAS,"anticoncepcion, prevencion de its y de cancer de cuello uterino",metodos naturales: usuarias nuevas,2016-03-01,0,1,0,0,0,1
LAJA,"anticoncepcion, prevencion de its y de cancer de cuello uterino",metodos naturales: usuarias nuevas,2016-03-01,0,3,7,2,0,12
LICOMA PAMPA,"anticoncepcion, prevencion de its y de cancer de cuello uterino",metodos naturales: usuarias nuevas,2016-03-01,0,1,1,1,0,3
LLALLAGUA,"anticoncepcion, prevencion de its y de cancer de cuello uterino",metodos naturales: usuarias nuevas,2016-03-01,0,1,3,0,0,4
LORETO,"anticoncepcion, prevencion de its y de cancer de cuello uterino",metodos naturales: usuarias nuevas,2016-03-01,0,1,0,0,0,1
MACHACAMARCA,"anticoncepcion, prevencion de its y de cancer de cuello uterino",metodos naturales: usuarias nuevas,2016-03-01,1,0,1,0,0,2
MAGDALENA,"anticoncepcion, prevencion de its y de cancer de cuello uterino",metodos naturales: usuarias nuevas,2016-03-01,0,0,6,2,0,8
MAPIRI,"anticoncepcion, prevencion de its y de cancer de cuello uterino",metodos naturales: usuarias nuevas,2016-03-01,0,3,6,0,0,9
MECAPACA,"anticoncepcion, prevencion de its y de cancer de cuello uterino",metodos naturales: usuarias nuevas,2016-03-01,0,0,1,0,0,1
MINEROS,"anticoncepcion, prevencion de its y de cancer de cuello uterino",metodos naturales: usuarias nuevas,2016-03-01,0,0,1,0,0,1
MIZQUE,"anticoncepcion, prevencion de its y de cancer de cuello uterino",metodos naturales: usuarias nuevas,2016-03-01,0,1,2,0,0,3
MOCOMOCO,"anticoncepcion, prevencion de its y de cancer de cuello uterino",metodos naturales: usuarias nuevas,2016-03-01,0,0,2,2,0,4
MOJOCOYA,"anticoncepcion, prevencion de its y de cancer de cuello uterino",metodos naturales: usuarias nuevas,2016-03-01,0,1,3,0,0,4
MONTEAGUDO,"anticoncepcion, prevencion de its y de cancer de cuello uterino",metodos naturales: usuarias nuevas,2016-03-01,0,3,0,0,0,3
MONTERO,"anticoncepcion, prevencion de its y de cancer de cuello uterino",metodos naturales: usuarias nuevas,2016-03-01,0,2,14,0,0,16
MOROCHATA,"anticoncepcion, prevencion de its y de cancer de cuello uterino",metodos naturales: usuarias nuevas,2016-03-01,1,2,2,0,0,5
NUEVO MANOA (NUEVA ESPERANZA),"anticoncepcion, prevencion de its y de cancer de cuello uterino",metodos naturales: usuarias nuevas,2016-03-01,0,0,4,0,0,4
OCURI,"anticoncepcion, prevencion de its y de cancer de cuello uterino",metodos naturales: usuarias nuevas,2016-03-01,0,1,7,5,0,13
OMEREQUE,"anticoncepcion, prevencion de its y de cancer de cuello uterino",metodos naturales: usuarias nuevas,2016-03-01,0,0,5,4,0,9
ORURO,"anticoncepcion, prevencion de its y de cancer de cuello uterino",metodos naturales: usuarias nuevas,2016-03-01,0,12,42,9,1,64
PADILLA,"anticoncepcion, prevencion de its y de cancer de cuello uterino",metodos naturales: usuarias nuevas,2016-03-01,0,1,6,3,0,10
PALOS BLANCOS,"anticoncepcion, prevencion de its y de cancer de cuello uterino",metodos naturales: usuarias nuevas,2016-03-01,0,0,2,0,0,2
PAMPA AULLAGAS,"anticoncepcion, prevencion de its y de cancer de cuello uterino",metodos naturales: usuarias nuevas,2016-03-01,0,0,0,1,0,1
PASORAPA,"anticoncepcion, prevencion de its y de cancer de cuello uterino",metodos naturales: usuarias nuevas,2016-03-01,0,5,5,1,0,11
PAZÑA,"anticoncepcion, prevencion de its y de cancer de cuello uterino",metodos naturales: usuarias nuevas,2016-03-01,0,0,2,1,0,3
POCOATA,"anticoncepcion, prevencion de its y de cancer de cuello uterino",metodos naturales: usuarias nuevas,2016-03-01,0,3,10,4,1,18
POCONA,"anticoncepcion, prevencion de its y de cancer de cuello uterino",metodos naturales: usuarias nuevas,2016-03-01,0,1,0,0,0,1
POJO (CBBA),"anticoncepcion, prevencion de its y de cancer de cuello uterino",metodos naturales: usuarias nuevas,2016-03-01,0,1,0,1,0,2
POOPO,"anticoncepcion, prevencion de its y de cancer de cuello uterino",metodos naturales: usuarias nuevas,2016-03-01,0,0,1,0,0,1
PORCO,"anticoncepcion, prevencion de its y de cancer de cuello uterino",metodos naturales: usuarias nuevas,2016-03-01,0,1,7,2,0,10
POROMA,"anticoncepcion, prevencion de its y de cancer de cuello uterino",metodos naturales: usuarias nuevas,2016-03-01,1,1,4,0,0,6
PORONGO,"anticoncepcion, prevencion de its y de cancer de cuello uterino",metodos naturales: usuarias nuevas,2016-03-01,1,4,10,0,0,15
PORTACHUELO,"anticoncepcion, prevencion de its y de cancer de cuello uterino",metodos naturales: usuarias nuevas,2016-03-01,0,3,9,1,0,13
POTOSI,"anticoncepcion, prevencion de its y de cancer de cuello uterino",metodos naturales: usuarias nuevas,2016-03-01,0,1,86,5,0,92
PRESTO,"anticoncepcion, prevencion de its y de cancer de cuello uterino",metodos naturales: usuarias nuevas,2016-03-01,0,1,2,1,0,4
PUCARANI,"anticoncepcion, prevencion de its y de cancer de cuello uterino",metodos naturales: usuarias nuevas,2016-03-01,0,7,10,1,0,18
PUERTO ACOSTA,"anticoncepcion, prevencion de its y de cancer de cuello uterino",metodos naturales: usuarias nuevas,2016-03-01,0,0,2,0,0,2
PUERTO CARABUCO,"anticoncepcion, prevencion de its y de cancer de cuello uterino",metodos naturales: usuarias nuevas,2016-03-01,0,1,1,0,0,2
PUERTO GONZALO MORENO,"anticoncepcion, prevencion de its y de cancer de cuello uterino",metodos naturales: usuarias nuevas,2016-03-01,0,3,1,0,0,4
PUERTO PEREZ,"anticoncepcion, prevencion de its y de cancer de cuello uterino",metodos naturales: usuarias nuevas,2016-03-01,0,2,1,0,0,3
PUERTO VILLARROEL,"anticoncepcion, prevencion de its y de cancer de cuello uterino",metodos naturales: usuarias nuevas,2016-03-01,0,2,3,0,0,5
PUNA,"anticoncepcion, prevencion de its y de cancer de cuello uterino",metodos naturales: usuarias nuevas,2016-03-01,0,3,5,2,0,10
PUNATA,"anticoncepcion, prevencion de its y de cancer de cuello uterino",metodos naturales: usuarias nuevas,2016-03-01,0,13,26,7,0,46
QUILLACOLLO,"anticoncepcion, prevencion de its y de cancer de cuello uterino",metodos naturales: usuarias nuevas,2016-03-01,0,3,11,0,0,14
QUIME,"anticoncepcion, prevencion de its y de cancer de cuello uterino",metodos naturales: usuarias nuevas,2016-03-01,0,2,6,0,0,8
RAVELO,"anticoncepcion, prevencion de its y de cancer de cuello uterino",metodos naturales: usuarias nuevas,2016-03-01,0,3,4,2,0,9
REYES,"anticoncepcion, prevencion de its y de cancer de cuello uterino",metodos naturales: usuarias nuevas,2016-03-01,11,19,54,6,0,90
RIBERALTA,"anticoncepcion, prevencion de its y de cancer de cuello uterino",metodos naturales: usuarias nuevas,2016-03-01,1,41,100,15,1,158
RURRENABAQUE,"anticoncepcion, prevencion de its y de cancer de cuello uterino",metodos naturales: usuarias nuevas,2016-03-01,0,8,19,3,0,30
SABAYA,"anticoncepcion, prevencion de its y de cancer de cuello uterino",metodos naturales: usuarias nuevas,2016-03-01,0,0,1,2,0,3
SACABA,"anticoncepcion, prevencion de its y de cancer de cuello uterino",metodos naturales: usuarias nuevas,2016-03-01,0,8,41,13,0,62
SACACA,"anticoncepcion, prevencion de its y de cancer de cuello uterino",metodos naturales: usuarias nuevas,2016-03-01,0,1,4,0,0,5
SALINAS DE GARCI MENDOZA,"anticoncepcion, prevencion de its y de cancer de cuello uterino",metodos naturales: usuarias nuevas,2016-03-01,0,2,8,1,0,11
SAMAIPATA,"anticoncepcion, prevencion de its y de cancer de cuello uterino",metodos naturales: usuarias nuevas,2016-03-01,1,2,2,0,0,5
SAN ANDRES,"anticoncepcion, prevencion de its y de cancer de cuello uterino",metodos naturales: usuarias nuevas,2016-03-01,1,2,0,0,0,3
SAN ANDRES DE MACHACA,"anticoncepcion, prevencion de its y de cancer de cuello uterino",metodos naturales: usuarias nuevas,2016-03-01,0,0,1,2,0,3
SAN ANTONIO DE ESMORUCO,"anticoncepcion, prevencion de its y de cancer de cuello uterino",metodos naturales: usuarias nuevas,2016-03-01,0,0,1,0,0,1
SAN ANTONIO DE LOMERIO,"anticoncepcion, prevencion de its y de cancer de cuello uterino",metodos naturales: usuarias nuevas,2016-03-01,0,0,8,0,0,8
SAN BENITO,"anticoncepcion, prevencion de its y de cancer de cuello uterino",metodos naturales: usuarias nuevas,2016-03-01,0,1,3,0,0,4
SAN BORJA,"anticoncepcion, prevencion de its y de cancer de cuello uterino",metodos naturales: usuarias nuevas,2016-03-01,2,14,14,2,0,32
SAN BUENA VENTURA,"anticoncepcion, prevencion de its y de cancer de cuello uterino",metodos naturales: usuarias nuevas,2016-03-01,0,10,25,2,0,37
SAN CARLOS,"anticoncepcion, prevencion de its y de cancer de cuello uterino",metodos naturales: usuarias nuevas,2016-03-01,0,10,13,1,0,24
SAN IGNACIO,"anticoncepcion, prevencion de its y de cancer de cuello uterino",metodos naturales: usuarias nuevas,2016-03-01,0,6,5,1,0,12
SAN IGNACIO DE VELASCO,"anticoncepcion, prevencion de its y de cancer de cuello uterino",metodos naturales: usuarias nuevas,2016-03-01,0,0,4,1,0,5
SAN JAVIER(BNI),"anticoncepcion, prevencion de its y de cancer de cuello uterino",metodos naturales: usuarias nuevas,2016-03-01,0,0,1,1,0,2
SAN JUAN DE YAPACANI,"anticoncepcion, prevencion de its y de cancer de cuello uterino",metodos naturales: usuarias nuevas,2016-03-01,0,0,8,0,0,8
SAN JULIAN,"anticoncepcion, prevencion de its y de cancer de cuello uterino",metodos naturales: usuarias nuevas,2016-03-01,0,3,9,0,0,12
SAN LORENZO(PND),"anticoncepcion, prevencion de its y de cancer de cuello uterino",metodos naturales: usuarias nuevas,2016-03-01,0,1,0,0,0,1
SAN LUCAS,"anticoncepcion, prevencion de its y de cancer de cuello uterino",metodos naturales: usuarias nuevas,2016-03-01,1,6,7,5,0,19
SAN MIGUEL DE VELASCO,"anticoncepcion, prevencion de its y de cancer de cuello uterino",metodos naturales: usuarias nuevas,2016-03-01,1,1,2,0,0,4
SAN PEDRO,"anticoncepcion, prevencion de its y de cancer de cuello uterino",metodos naturales: usuarias nuevas,2016-03-01,0,0,1,1,0,2
SAN PEDRO DE BUENA VISTA,"anticoncepcion, prevencion de its y de cancer de cuello uterino",metodos naturales: usuarias nuevas,2016-03-01,0,2,28,9,0,39
SAN RAFAEL,"anticoncepcion, prevencion de its y de cancer de cuello uterino",metodos naturales: usuarias nuevas,2016-03-01,0,3,5,0,0,8
SANTA ANA,"anticoncepcion, prevencion de its y de cancer de cuello uterino",metodos naturales: usuarias nuevas,2016-03-01,2,19,19,0,0,40
SANTA CRUZ DE LA SIERRA,"anticoncepcion, prevencion de its y de cancer de cuello uterino",metodos naturales: usuarias nuevas,2016-03-01,18,36,25,8,0,87
SANTA ROSA,"anticoncepcion, prevencion de its y de cancer de cuello uterino",metodos naturales: usuarias nuevas,2016-03-01,0,4,9,1,0,14
SANTIAGO DE HUARI,"anticoncepcion, prevencion de its y de cancer de cuello uterino",metodos naturales: usuarias nuevas,2016-03-01,0,1,11,1,0,13
SANTIAGO DE MACHACA,"anticoncepcion, prevencion de its y de cancer de cuello uterino",metodos naturales: usuarias nuevas,2016-03-01,0,0,6,1,0,7
SANTUARIO DE QUILLACAS,"anticoncepcion, prevencion de its y de cancer de cuello uterino",metodos naturales: usuarias nuevas,2016-03-01,0,0,1,1,0,2
SAPAHAQUI,"anticoncepcion, prevencion de its y de cancer de cuello uterino",metodos naturales: usuarias nuevas,2016-03-01,0,1,2,0,0,3
SENA,"anticoncepcion, prevencion de its y de cancer de cuello uterino",metodos naturales: usuarias nuevas,2016-03-01,0,4,4,0,0,8
SHINAOTA,"anticoncepcion, prevencion de its y de cancer de cuello uterino",metodos naturales: usuarias nuevas,2016-03-01,0,0,2,0,0,2
SICA SICA (VILLA AROMA),"anticoncepcion, prevencion de its y de cancer de cuello uterino",metodos naturales: usuarias nuevas,2016-03-01,0,1,3,0,0,4
SIPE SIPE,"anticoncepcion, prevencion de its y de cancer de cuello uterino",metodos naturales: usuarias nuevas,2016-03-01,0,6,27,2,0,35
SOPACHUY,"anticoncepcion, prevencion de its y de cancer de cuello uterino",metodos naturales: usuarias nuevas,2016-03-01,0,2,3,2,0,7
SORACACHI,"anticoncepcion, prevencion de its y de cancer de cuello uterino",metodos naturales: usuarias nuevas,2016-03-01,0,1,8,0,0,9
SUCRE,"anticoncepcion, prevencion de its y de cancer de cuello uterino",metodos naturales: usuarias nuevas,2016-03-01,1,48,212,47,1,309
TACOPAYA,"anticoncepcion, prevencion de its y de cancer de cuello uterino",metodos naturales: usuarias nuevas,2016-03-01,0,0,1,0,0,1
TAPACARI,"anticoncepcion, prevencion de its y de cancer de cuello uterino",metodos naturales: usuarias nuevas,2016-03-01,0,0,2,1,0,3
TARABUCO,"anticoncepcion, prevencion de its y de cancer de cuello uterino",metodos naturales: usuarias nuevas,2016-03-01,0,0,0,1,0,1
TARACO,"anticoncepcion, prevencion de its y de cancer de cuello uterino",metodos naturales: usuarias nuevas,2016-03-01,0,1,2,0,0,3
TARATA,"anticoncepcion, prevencion de its y de cancer de cuello uterino",metodos naturales: usuarias nuevas,2016-03-01,0,0,5,1,0,6
TARIJA,"anticoncepcion, prevencion de its y de cancer de cuello uterino",metodos naturales: usuarias nuevas,2016-03-01,0,0,4,5,0,9
TARVITA,"anticoncepcion, prevencion de its y de cancer de cuello uterino",metodos naturales: usuarias nuevas,2016-03-01,0,2,3,0,0,5
TEOPONTE,"anticoncepcion, prevencion de its y de cancer de cuello uterino",metodos naturales: usuarias nuevas,2016-03-01,0,2,24,0,0,26
TIAWANACU,"anticoncepcion, prevencion de its y de cancer de cuello uterino",metodos naturales: usuarias nuevas,2016-03-01,0,1,8,1,0,10
TINGUIPAYA,"anticoncepcion, prevencion de its y de cancer de cuello uterino",metodos naturales: usuarias nuevas,2016-03-01,0,0,2,2,0,4
TIRAQUE (CBBA),"anticoncepcion, prevencion de its y de cancer de cuello uterino",metodos naturales: usuarias nuevas,2016-03-01,0,0,1,1,0,2
TOCO,"anticoncepcion, prevencion de its y de cancer de cuello uterino",metodos naturales: usuarias nuevas,2016-03-01,0,0,1,0,0,1
TOLATA,"anticoncepcion, prevencion de its y de cancer de cuello uterino",metodos naturales: usuarias nuevas,2016-03-01,0,1,1,0,0,2
TOLEDO,"anticoncepcion, prevencion de its y de cancer de cuello uterino",metodos naturales: usuarias nuevas,2016-03-01,0,1,1,0,0,2
TOMAVE,"anticoncepcion, prevencion de its y de cancer de cuello uterino",metodos naturales: usuarias nuevas,2016-03-01,0,1,1,1,0,3
TOMINA,"anticoncepcion, prevencion de its y de cancer de cuello uterino",metodos naturales: usuarias nuevas,2016-03-01,0,3,4,0,0,7
TORO TORO,"anticoncepcion, prevencion de its y de cancer de cuello uterino",metodos naturales: usuarias nuevas,2016-03-01,0,2,9,0,0,11
TOTORA(CBBA),"anticoncepcion, prevencion de its y de cancer de cuello uterino",metodos naturales: usuarias nuevas,2016-03-01,0,0,2,1,0,3
TOTORA(ORR),"anticoncepcion, prevencion de its y de cancer de cuello uterino",metodos naturales: usuarias nuevas,2016-03-01,0,1,0,0,0,1
TRINIDAD,"anticoncepcion, prevencion de its y de cancer de cuello uterino",metodos naturales: usuarias nuevas,2016-03-01,1,11,49,4,0,65
TURCO,"anticoncepcion, prevencion de its y de cancer de cuello uterino",metodos naturales: usuarias nuevas,2016-03-01,0,1,0,2,0,3
VACAS,"anticoncepcion, prevencion de its y de cancer de cuello uterino",metodos naturales: usuarias nuevas,2016-03-01,0,2,6,0,0,8
VIACHA,"anticoncepcion, prevencion de its y de cancer de cuello uterino",metodos naturales: usuarias nuevas,2016-03-01,0,0,8,0,0,8
VILLA CHARCAS,"anticoncepcion, prevencion de its y de cancer de cuello uterino",metodos naturales: usuarias nuevas,2016-03-01,0,2,2,0,0,4
VILLA NUEVA (LOMA ALTA),"anticoncepcion, prevencion de its y de cancer de cuello uterino",metodos naturales: usuarias nuevas,2016-03-01,0,1,0,0,0,1
VILLA SERRANO,"anticoncepcion, prevencion de its y de cancer de cuello uterino",metodos naturales: usuarias nuevas,2016-03-01,1,0,6,0,0,7
VILLA VACA GUZMAN (MUYUPAMPA),"anticoncepcion, prevencion de its y de cancer de cuello uterino",metodos naturales: usuarias nuevas,2016-03-01,0,0,4,0,0,4
VILLAZON,"anticoncepcion, prevencion de its y de cancer de cuello uterino",metodos naturales: usuarias nuevas,2016-03-01,0,6,13,4,0,23
VINTO,"anticoncepcion, prevencion de its y de cancer de cuello uterino",metodos naturales: usuarias nuevas,2016-03-01,0,2,17,4,0,23
WARNES,"anticoncepcion, prevencion de its y de cancer de cuello uterino",metodos naturales: usuarias nuevas,2016-03-01,0,2,0,0,0,2
YACUIBA,"anticoncepcion, prevencion de its y de cancer de cuello uterino",metodos naturales: usuarias nuevas,2016-03-01,0,0,0,1,0,1
YAMPARAEZ,"anticoncepcion, prevencion de its y de cancer de cuello uterino",metodos naturales: usuarias nuevas,2016-03-01,0,1,2,3,0,6
YANACACHI,"anticoncepcion, prevencion de its y de cancer de cuello uterino",metodos naturales: usuarias nuevas,2016-03-01,0,0,3,0,0,3
YAPACANI,"anticoncepcion, prevencion de its y de cancer de cuello uterino",metodos naturales: usuarias nuevas,2016-03-01,0,4,12,0,0,16
YOCALLA,"anticoncepcion, prevencion de its y de cancer de cuello uterino",metodos naturales: usuarias nuevas,2016-03-01,0,1,2,0,0,3
ZUDAÑEZ,"anticoncepcion, prevencion de its y de cancer de cuello uterino",metodos naturales: usuarias nuevas,2016-03-01,0,3,3,2,0,8
ACHACACHI,"anticoncepcion, prevencion de its y de cancer de cuello uterino",metodos naturales: usuarias nuevas,2016-04-01,0,1,0,3,0,4
ACHOCALLA,"anticoncepcion, prevencion de its y de cancer de cuello uterino",metodos naturales: usuarias nuevas,2016-04-01,0,0,12,2,0,14
ALCALA,"anticoncepcion, prevencion de its y de cancer de cuello uterino",metodos naturales: usuarias nuevas,2016-04-01,0,1,0,0,0,1
ANCORAIMES,"anticoncepcion, prevencion de its y de cancer de cuello uterino",metodos naturales: usuarias nuevas,2016-04-01,0,2,11,3,0,16
ANDAMARCA,"anticoncepcion, prevencion de its y de cancer de cuello uterino",metodos naturales: usuarias nuevas,2016-04-01,0,0,1,0,0,1
ANTEQUERA,"anticoncepcion, prevencion de its y de cancer de cuello uterino",metodos naturales: usuarias nuevas,2016-04-01,0,0,2,0,0,2
ANZALDO,"anticoncepcion, prevencion de its y de cancer de cuello uterino",metodos naturales: usuarias nuevas,2016-04-01,0,1,0,0,0,1
APOLO,"anticoncepcion, prevencion de its y de cancer de cuello uterino",metodos naturales: usuarias nuevas,2016-04-01,0,0,1,0,0,1
ARBIETO,"anticoncepcion, prevencion de its y de cancer de cuello uterino",metodos naturales: usuarias nuevas,2016-04-01,0,0,2,1,0,3
ARQUE,"anticoncepcion, prevencion de its y de cancer de cuello uterino",metodos naturales: usuarias nuevas,2016-04-01,0,0,1,0,0,1
ASCENCION DE GUARAYOS,"anticoncepcion, prevencion de its y de cancer de cuello uterino",metodos naturales: usuarias nuevas,2016-04-01,1,4,26,4,0,35
ATOCHA,"anticoncepcion, prevencion de its y de cancer de cuello uterino",metodos naturales: usuarias nuevas,2016-04-01,0,0,5,4,0,9
AUCAPATA,"anticoncepcion, prevencion de its y de cancer de cuello uterino",metodos naturales: usuarias nuevas,2016-04-01,0,0,1,0,0,1
AYO AYO,"anticoncepcion, prevencion de its y de cancer de cuello uterino",metodos naturales: usuarias nuevas,2016-04-01,0,0,0,1,0,1
AYOPAYA (V. DE INDEPENDENCIA),"anticoncepcion, prevencion de its y de cancer de cuello uterino",metodos naturales: usuarias nuevas,2016-04-01,0,0,1,0,0,1
AZURDUY,"anticoncepcion, prevencion de its y de cancer de cuello uterino",metodos naturales: usuarias nuevas,2016-04-01,0,1,0,0,0,1
BAURES,"anticoncepcion, prevencion de its y de cancer de cuello uterino",metodos naturales: usuarias nuevas,2016-04-01,0,0,3,0,0,3
BELEN DE ANDAMARCA,"anticoncepcion, prevencion de its y de cancer de cuello uterino",metodos naturales: usuarias nuevas,2016-04-01,0,0,2,0,0,2
BELLA FLOR,"anticoncepcion, prevencion de its y de cancer de cuello uterino",metodos naturales: usuarias nuevas,2016-04-01,0,0,2,0,0,2
BERMEJO,"anticoncepcion, prevencion de its y de cancer de cuello uterino",metodos naturales: usuarias nuevas,2016-04-01,0,1,0,0,0,1
BETANZOS,"anticoncepcion, prevencion de its y de cancer de cuello uterino",metodos naturales: usuarias nuevas,2016-04-01,0,2,1,1,0,4
"CAIZA ""D""","anticoncepcion, prevencion de its y de cancer de cuello uterino",metodos naturales: usuarias nuevas,2016-04-01,0,0,3,1,0,4
CAJUATA,"anticoncepcion, prevencion de its y de cancer de cuello uterino",metodos naturales: usuarias nuevas,2016-04-01,1,4,6,1,0,12
CALAMARCA,"anticoncepcion, prevencion de its y de cancer de cuello uterino",metodos naturales: usuarias nuevas,2016-04-01,0,4,11,1,0,16
CAMATAQUI (C. VILLA ABECIA),"anticoncepcion, prevencion de its y de cancer de cuello uterino",metodos naturales: usuarias nuevas,2016-04-01,0,0,1,0,0,1
CAMIRI,"anticoncepcion, prevencion de its y de cancer de cuello uterino",metodos naturales: usuarias nuevas,2016-04-01,0,0,2,0,0,2
CAPINOTA,"anticoncepcion, prevencion de its y de cancer de cuello uterino",metodos naturales: usuarias nuevas,2016-04-01,0,0,1,0,0,1
CARACOLLO,"anticoncepcion, prevencion de its y de cancer de cuello uterino",metodos naturales: usuarias nuevas,2016-04-01,0,4,11,1,0,16
CARANAVI,"anticoncepcion, prevencion de its y de cancer de cuello uterino",metodos naturales: usuarias nuevas,2016-04-01,0,1,3,1,0,5
CARIPUYO,"anticoncepcion, prevencion de its y de cancer de cuello uterino",metodos naturales: usuarias nuevas,2016-04-01,0,3,3,2,0,8
CHALLAPATA,"anticoncepcion, prevencion de its y de cancer de cuello uterino",metodos naturales: usuarias nuevas,2016-04-01,0,13,42,6,0,61
CHAQUI,"anticoncepcion, prevencion de its y de cancer de cuello uterino",metodos naturales: usuarias nuevas,2016-04-01,0,1,5,3,0,9
CHAYANTA,"anticoncepcion, prevencion de its y de cancer de cuello uterino",metodos naturales: usuarias nuevas,2016-04-01,0,4,8,3,0,15
CHIPAYA,"anticoncepcion, prevencion de its y de cancer de cuello uterino",metodos naturales: usuarias nuevas,2016-04-01,1,1,0,0,0,2
CHUA COCANI,"anticoncepcion, prevencion de its y de cancer de cuello uterino",metodos naturales: usuarias nuevas,2016-04-01,0,2,7,0,0,9
CHULUMANI (V. DE LA LIBERTAD),"anticoncepcion, prevencion de its y de cancer de cuello uterino",metodos naturales: usuarias nuevas,2016-04-01,0,5,13,0,0,18
CKOCHAS,"anticoncepcion, prevencion de its y de cancer de cuello uterino",metodos naturales: usuarias nuevas,2016-04-01,0,2,10,3,0,15
COBIJA,"anticoncepcion, prevencion de its y de cancer de cuello uterino",metodos naturales: usuarias nuevas,2016-04-01,2,15,31,18,0,66
COCAPATA,"anticoncepcion, prevencion de its y de cancer de cuello uterino",metodos naturales: usuarias nuevas,2016-04-01,0,0,1,0,0,1
COCHABAMBA,"anticoncepcion, prevencion de its y de cancer de cuello uterino",metodos naturales: usuarias nuevas,2016-04-01,0,10,147,29,0,186
COLCAPIRHUA,"anticoncepcion, prevencion de its y de cancer de cuello uterino",metodos naturales: usuarias nuevas,2016-04-01,0,3,5,3,0,11
"COLCHA ""K""","anticoncepcion, prevencion de its y de cancer de cuello uterino",metodos naturales: usuarias nuevas,2016-04-01,0,2,6,1,0,9
COLLANA,"anticoncepcion, prevencion de its y de cancer de cuello uterino",metodos naturales: usuarias nuevas,2016-04-01,0,1,2,0,0,3
COLPA BELGICA,"anticoncepcion, prevencion de its y de cancer de cuello uterino",metodos naturales: usuarias nuevas,2016-04-01,0,2,5,0,0,7
COLQUECHACA,"anticoncepcion, prevencion de its y de cancer de cuello uterino",metodos naturales: usuarias nuevas,2016-04-01,0,1,2,1,0,4
COLQUIRI,"anticoncepcion, prevencion de its y de cancer de cuello uterino",metodos naturales: usuarias nuevas,2016-04-01,0,5,18,2,0,25
COMARAPA,"anticoncepcion, prevencion de its y de cancer de cuello uterino",metodos naturales: usuarias nuevas,2016-04-01,0,5,12,6,0,23
CORIPATA,"anticoncepcion, prevencion de its y de cancer de cuello uterino",metodos naturales: usuarias nuevas,2016-04-01,0,4,9,1,0,14
CORO CORO,"anticoncepcion, prevencion de its y de cancer de cuello uterino",metodos naturales: usuarias nuevas,2016-04-01,1,0,0,1,0,2
COROICO,"anticoncepcion, prevencion de its y de cancer de cuello uterino",metodos naturales: usuarias nuevas,2016-04-01,0,1,1,0,0,2
CORQUE,"anticoncepcion, prevencion de its y de cancer de cuello uterino",metodos naturales: usuarias nuevas,2016-04-01,0,0,5,0,0,5
COTOCA,"anticoncepcion, prevencion de its y de cancer de cuello uterino",metodos naturales: usuarias nuevas,2016-04-01,0,1,5,0,0,6
CULPINA,"anticoncepcion, prevencion de its y de cancer de cuello uterino",metodos naturales: usuarias nuevas,2016-04-01,0,5,7,2,0,14
CURAHUARA DE CARANGAS,"anticoncepcion, prevencion de its y de cancer de cuello uterino",metodos naturales: usuarias nuevas,2016-04-01,0,2,4,0,0,6
EL ALTO,"anticoncepcion, prevencion de its y de cancer de cuello uterino",metodos naturales: usuarias nuevas,2016-04-01,0,30,170,76,0,276
EL CHORO,"anticoncepcion, prevencion de its y de cancer de cuello uterino",metodos naturales: usuarias nuevas,2016-04-01,0,1,0,0,0,1
EL PUENTE(STC),"anticoncepcion, prevencion de its y de cancer de cuello uterino",metodos naturales: usuarias nuevas,2016-04-01,0,1,4,0,0,5
EL VILLAR,"anticoncepcion, prevencion de its y de cancer de cuello uterino",metodos naturales: usuarias nuevas,2016-04-01,0,0,2,0,0,2
ENTRE RIOS TRJ,"anticoncepcion, prevencion de its y de cancer de cuello uterino",metodos naturales: usuarias nuevas,2016-04-01,0,1,9,1,0,11
ENTRE RIOS CBBA,"anticoncepcion, prevencion de its y de cancer de cuello uterino",metodos naturales: usuarias nuevas,2016-04-01,0,0,2,1,0,3
EUCALIPTUS,"anticoncepcion, prevencion de its y de cancer de cuello uterino",metodos naturales: usuarias nuevas,2016-04-01,1,0,3,1,0,5
EUREKA (SANTOS MERCADO),"anticoncepcion, prevencion de its y de cancer de cuello uterino",metodos naturales: usuarias nuevas,2016-04-01,0,1,1,0,0,2
EXALTACION,"anticoncepcion, prevencion de its y de cancer de cuello uterino",metodos naturales: usuarias nuevas,2016-04-01,0,2,2,1,0,5
FILADELFIA,"anticoncepcion, prevencion de its y de cancer de cuello uterino",metodos naturales: usuarias nuevas,2016-04-01,0,0,2,0,0,2
GUAQUI,"anticoncepcion, prevencion de its y de cancer de cuello uterino",metodos naturales: usuarias nuevas,2016-04-01,0,2,4,5,0,11
GUAYARAMERIN,"anticoncepcion, prevencion de its y de cancer de cuello uterino",metodos naturales: usuarias nuevas,2016-04-01,1,14,48,11,1,75
HUACARETA,"anticoncepcion, prevencion de its y de cancer de cuello uterino",metodos naturales: usuarias nuevas,2016-04-01,0,5,16,2,1,24
HUACHACALLA,"anticoncepcion, prevencion de its y de cancer de cuello uterino",metodos naturales: usuarias nuevas,2016-04-01,0,0,2,0,0,2
HUANUNI,"anticoncepcion, prevencion de its y de cancer de cuello uterino",metodos naturales: usuarias nuevas,2016-04-01,0,0,9,2,0,11
HUAYLLAMARCA,"anticoncepcion, prevencion de its y de cancer de cuello uterino",metodos naturales: usuarias nuevas,2016-04-01,0,1,0,0,0,1
ICHOCA,"anticoncepcion, prevencion de its y de cancer de cuello uterino",metodos naturales: usuarias nuevas,2016-04-01,0,4,0,0,0,4
ICLA,"anticoncepcion, prevencion de its y de cancer de cuello uterino",metodos naturales: usuarias nuevas,2016-04-01,0,0,1,0,0,1
INCAHUASI,"anticoncepcion, prevencion de its y de cancer de cuello uterino",metodos naturales: usuarias nuevas,2016-04-01,0,6,9,2,0,17
INQUISIVI,"anticoncepcion, prevencion de its y de cancer de cuello uterino",metodos naturales: usuarias nuevas,2016-04-01,0,5,5,0,0,10
IRUPANA (VILLA DE LANZA),"anticoncepcion, prevencion de its y de cancer de cuello uterino",metodos naturales: usuarias nuevas,2016-04-01,0,3,6,1,0,10
IXIAMAS,"anticoncepcion, prevencion de its y de cancer de cuello uterino",metodos naturales: usuarias nuevas,2016-04-01,0,2,5,0,0,7
LA ASUNTA,"anticoncepcion, prevencion de its y de cancer de cuello uterino",metodos naturales: usuarias nuevas,2016-04-01,0,12,18,1,0,31
LA PAZ,"anticoncepcion, prevencion de its y de cancer de cuello uterino",metodos naturales: usuarias nuevas,2016-04-01,0,24,137,30,1,192
LA RIVERA,"anticoncepcion, prevencion de its y de cancer de cuello uterino",metodos naturales: usuarias nuevas,2016-04-01,0,0,2,0,0,2
LAGUNILLAS,"anticoncepcion, prevencion de its y de cancer de cuello uterino",metodos naturales: usuarias nuevas,2016-04-01,0,2,1,1,0,4
LAJA,"anticoncepcion, prevencion de its y de cancer de cuello uterino",metodos naturales: usuarias nuevas,2016-04-01,0,2,4,0,0,6
LAS CARRERAS,"anticoncepcion, prevencion de its y de cancer de cuello uterino",metodos naturales: usuarias nuevas,2016-04-01,0,0,2,0,0,2
LLALLAGUA,"anticoncepcion, prevencion de its y de cancer de cuello uterino",metodos naturales: usuarias nuevas,2016-04-01,0,1,7,2,0,10
MACHACAMARCA,"anticoncepcion, prevencion de its y de cancer de cuello uterino",metodos naturales: usuarias nuevas,2016-04-01,0,1,2,0,0,3
MAGDALENA,"anticoncepcion, prevencion de its y de cancer de cuello uterino",metodos naturales: usuarias nuevas,2016-04-01,0,3,6,1,0,10
MAPIRI,"anticoncepcion, prevencion de its y de cancer de cuello uterino",metodos naturales: usuarias nuevas,2016-04-01,0,3,2,0,0,5
MINEROS,"anticoncepcion, prevencion de its y de cancer de cuello uterino",metodos naturales: usuarias nuevas,2016-04-01,0,3,5,1,0,9
MIZQUE,"anticoncepcion, prevencion de its y de cancer de cuello uterino",metodos naturales: usuarias nuevas,2016-04-01,0,7,10,5,0,22
MOCOMOCO,"anticoncepcion, prevencion de its y de cancer de cuello uterino",metodos naturales: usuarias nuevas,2016-04-01,0,0,3,0,0,3
MOJOCOYA,"anticoncepcion, prevencion de its y de cancer de cuello uterino",metodos naturales: usuarias nuevas,2016-04-01,0,2,4,2,0,8
MONTEAGUDO,"anticoncepcion, prevencion de its y de cancer de cuello uterino",metodos naturales: usuarias nuevas,2016-04-01,0,0,1,0,0,1
MONTERO,"anticoncepcion, prevencion de its y de cancer de cuello uterino",metodos naturales: usuarias nuevas,2016-04-01,0,1,13,0,0,14
MOROCHATA,"anticoncepcion, prevencion de its y de cancer de cuello uterino",metodos naturales: usuarias nuevas,2016-04-01,0,5,11,0,0,16
NUEVO MANOA (NUEVA ESPERANZA),"anticoncepcion, prevencion de its y de cancer de cuello uterino",metodos naturales: usuarias nuevas,2016-04-01,0,0,4,0,0,4
OCURI,"anticoncepcion, prevencion de its y de cancer de cuello uterino",metodos naturales: usuarias nuevas,2016-04-01,0,1,2,0,0,3
OMEREQUE,"anticoncepcion, prevencion de its y de cancer de cuello uterino",metodos naturales: usuarias nuevas,2016-04-01,0,1,4,3,0,8
ORURO,"anticoncepcion, prevencion de its y de cancer de cuello uterino",metodos naturales: usuarias nuevas,2016-04-01,0,7,35,4,0,46
PADILLA,"anticoncepcion, prevencion de its y de cancer de cuello uterino",metodos naturales: usuarias nuevas,2016-04-01,2,7,11,2,0,22
PAMPA AULLAGAS,"anticoncepcion, prevencion de its y de cancer de cuello uterino",metodos naturales: usuarias nuevas,2016-04-01,0,0,1,4,0,5
PAMPA GRANDE,"anticoncepcion, prevencion de its y de cancer de cuello uterino",metodos naturales: usuarias nuevas,2016-04-01,0,0,0,1,0,1
PAPEL PAMPA,"anticoncepcion, prevencion de its y de cancer de cuello uterino",metodos naturales: usuarias nuevas,2016-04-01,0,1,0,0,0,1
PAZÑA,"anticoncepcion, prevencion de its y de cancer de cuello uterino",metodos naturales: usuarias nuevas,2016-04-01,0,0,1,0,0,1
POCOATA,"anticoncepcion, prevencion de its y de cancer de cuello uterino",metodos naturales: usuarias nuevas,2016-04-01,0,3,9,2,0,14
POCONA,"anticoncepcion, prevencion de its y de cancer de cuello uterino",metodos naturales: usuarias nuevas,2016-04-01,1,2,2,4,0,9
POJO (CBBA),"anticoncepcion, prevencion de its y de cancer de cuello uterino",metodos naturales: usuarias nuevas,2016-04-01,0,2,1,1,0,4
PORCO,"anticoncepcion, prevencion de its y de cancer de cuello uterino",metodos naturales: usuarias nuevas,2016-04-01,0,5,10,1,0,16
POROMA,"anticoncepcion, prevencion de its y de cancer de cuello uterino",metodos naturales: usuarias nuevas,2016-04-01,1,2,2,1,0,6
PORONGO,"anticoncepcion, prevencion de its y de cancer de cuello uterino",metodos naturales: usuarias nuevas,2016-04-01,0,4,2,0,0,6
PORTACHUELO,"anticoncepcion, prevencion de its y de cancer de cuello uterino",metodos naturales: usuarias nuevas,2016-04-01,0,3,3,0,0,6
POTOSI,"anticoncepcion, prevencion de its y de cancer de cuello uterino",metodos naturales: usuarias nuevas,2016-04-01,0,6,20,3,0,29
PRESTO,"anticoncepcion, prevencion de its y de cancer de cuello uterino",metodos naturales: usuarias nuevas,2016-04-01,0,0,1,2,0,3
PUCARANI,"anticoncepcion, prevencion de its y de cancer de cuello uterino",metodos naturales: usuarias nuevas,2016-04-01,0,6,19,2,0,27
PUERTO ACOSTA,"anticoncepcion, prevencion de its y de cancer de cuello uterino",metodos naturales: usuarias nuevas,2016-04-01,0,2,4,1,0,7
PUERTO GONZALO MORENO,"anticoncepcion, prevencion de its y de cancer de cuello uterino",metodos naturales: usuarias nuevas,2016-04-01,2,6,3,1,0,12
PUERTO PEREZ,"anticoncepcion, prevencion de its y de cancer de cuello uterino",metodos naturales: usuarias nuevas,2016-04-01,0,1,1,0,0,2
PUERTO RICO,"anticoncepcion, prevencion de its y de cancer de cuello uterino",metodos naturales: usuarias nuevas,2016-04-01,0,3,0,0,0,3
PUERTO VILLARROEL,"anticoncepcion, prevencion de its y de cancer de cuello uterino",metodos naturales: usuarias nuevas,2016-04-01,0,4,6,2,0,12
PUNA,"anticoncepcion, prevencion de its y de cancer de cuello uterino",metodos naturales: usuarias nuevas,2016-04-01,0,3,2,5,0,10
PUNATA,"anticoncepcion, prevencion de its y de cancer de cuello uterino",metodos naturales: usuarias nuevas,2016-04-01,0,8,33,4,0,45
QUILLACOLLO,"anticoncepcion, prevencion de its y de cancer de cuello uterino",metodos naturales: usuarias nuevas,2016-04-01,0,2,22,1,0,25
QUIME,"anticoncepcion, prevencion de its y de cancer de cuello uterino",metodos naturales: usuarias nuevas,2016-04-01,0,1,4,1,0,6
RAVELO,"anticoncepcion, prevencion de its y de cancer de cuello uterino",metodos naturales: usuarias nuevas,2016-04-01,0,2,3,1,0,6
REYES,"anticoncepcion, prevencion de its y de cancer de cuello uterino",metodos naturales: usuarias nuevas,2016-04-01,16,26,29,12,0,83
RIBERALTA,"anticoncepcion, prevencion de its y de cancer de cuello uterino",metodos naturales: usuarias nuevas,2016-04-01,3,61,83,30,0,177
RURRENABAQUE,"anticoncepcion, prevencion de its y de cancer de cuello uterino",metodos naturales: usuarias nuevas,2016-04-01,1,6,18,2,0,27
SABAYA,"anticoncepcion, prevencion de its y de cancer de cuello uterino",metodos naturales: usuarias nuevas,2016-04-01,0,0,1,1,0,2
SACABA,"anticoncepcion, prevencion de its y de cancer de cuello uterino",metodos naturales: usuarias nuevas,2016-04-01,0,3,21,10,0,34
SACACA,"anticoncepcion, prevencion de its y de cancer de cuello uterino",metodos naturales: usuarias nuevas,2016-04-01,0,2,4,3,0,9
SALINAS DE GARCI MENDOZA,"anticoncepcion, prevencion de its y de cancer de cuello uterino",metodos naturales: usuarias nuevas,2016-04-01,0,6,10,1,0,17
SAMAIPATA,"anticoncepcion, prevencion de its y de cancer de cuello uterino",metodos naturales: usuarias nuevas,2016-04-01,1,0,0,0,0,1
SAN ANDRES,"anticoncepcion, prevencion de its y de cancer de cuello uterino",metodos naturales: usuarias nuevas,2016-04-01,0,6,7,0,0,13
SAN ANDRES DE MACHACA,"anticoncepcion, prevencion de its y de cancer de cuello uterino",metodos naturales: usuarias nuevas,2016-04-01,0,1,0,0,0,1
SAN ANTONIO DE LOMERIO,"anticoncepcion, prevencion de its y de cancer de cuello uterino",metodos naturales: usuarias nuevas,2016-04-01,0,3,1,1,0,5
SAN BENITO,"anticoncepcion, prevencion de its y de cancer de cuello uterino",metodos naturales: usuarias nuevas,2016-04-01,0,0,6,1,0,7
SAN BORJA,"anticoncepcion, prevencion de its y de cancer de cuello uterino",metodos naturales: usuarias nuevas,2016-04-01,1,11,7,2,0,21
SAN BUENA VENTURA,"anticoncepcion, prevencion de its y de cancer de cuello uterino",metodos naturales: usuarias nuevas,2016-04-01,0,5,19,3,0,27
SAN CARLOS,"anticoncepcion, prevencion de its y de cancer de cuello uterino",metodos naturales: usuarias nuevas,2016-04-01,0,5,18,5,0,28
SAN IGNACIO,"anticoncepcion, prevencion de its y de cancer de cuello uterino",metodos naturales: usuarias nuevas,2016-04-01,1,12,4,0,0,17
SAN JOSE DE CHIQUITOS,"anticoncepcion, prevencion de its y de cancer de cuello uterino",metodos naturales: usuarias nuevas,2016-04-01,0,0,0,3,0,3
SAN JUAN DE YAPACANI,"anticoncepcion, prevencion de its y de cancer de cuello uterino",metodos naturales: usuarias nuevas,2016-04-01,0,0,2,2,0,4
SAN JULIAN,"anticoncepcion, prevencion de its y de cancer de cuello uterino",metodos naturales: usuarias nuevas,2016-04-01,0,1,1,0,0,2
SAN LUCAS,"anticoncepcion, prevencion de its y de cancer de cuello uterino",metodos naturales: usuarias nuevas,2016-04-01,6,13,14,4,0,37
SAN MATIAS,"anticoncepcion, prevencion de its y de cancer de cuello uterino",metodos naturales: usuarias nuevas,2016-04-01,0,5,11,1,0,17
SAN MIGUEL DE VELASCO,"anticoncepcion, prevencion de its y de cancer de cuello uterino",metodos naturales: usuarias nuevas,2016-04-01,0,2,1,0,0,3
SAN PEDRO,"anticoncepcion, prevencion de its y de cancer de cuello uterino",metodos naturales: usuarias nuevas,2016-04-01,0,1,1,0,0,2
SAN PEDRO DE BUENA VISTA,"anticoncepcion, prevencion de its y de cancer de cuello uterino",metodos naturales: usuarias nuevas,2016-04-01,0,13,23,8,0,44
SAN PEDRO(PND),"anticoncepcion, prevencion de its y de cancer de cuello uterino",metodos naturales: usuarias nuevas,2016-04-01,0,0,1,1,0,2
SAN RAFAEL,"anticoncepcion, prevencion de its y de cancer de cuello uterino",metodos naturales: usuarias nuevas,2016-04-01,0,4,1,2,0,7
SANTA ANA,"anticoncepcion, prevencion de its y de cancer de cuello uterino",metodos naturales: usuarias nuevas,2016-04-01,0,10,29,3,0,42
SANTA CRUZ DE LA SIERRA,"anticoncepcion, prevencion de its y de cancer de cuello uterino",metodos naturales: usuarias nuevas,2016-04-01,0,36,49,6,0,91
SANTA ROSA,"anticoncepcion, prevencion de its y de cancer de cuello uterino",metodos naturales: usuarias nuevas,2016-04-01,0,7,15,3,0,25
SANTA ROSA DEL SARA,"anticoncepcion, prevencion de its y de cancer de cuello uterino",metodos naturales: usuarias nuevas,2016-04-01,1,2,2,0,0,5
SANTIAGO DE HUARI,"anticoncepcion, prevencion de its y de cancer de cuello uterino",metodos naturales: usuarias nuevas,2016-04-01,0,1,3,0,0,4
SANTIAGO DE HUATA,"anticoncepcion, prevencion de its y de cancer de cuello uterino",metodos naturales: usuarias nuevas,2016-04-01,0,0,1,0,0,1
SANTIAGO DE MACHACA,"anticoncepcion, prevencion de its y de cancer de cuello uterino",metodos naturales: usuarias nuevas,2016-04-01,0,1,2,1,0,4
SANTUARIO DE QUILLACAS,"anticoncepcion, prevencion de its y de cancer de cuello uterino",metodos naturales: usuarias nuevas,2016-04-01,0,0,5,1,0,6
SAPAHAQUI,"anticoncepcion, prevencion de its y de cancer de cuello uterino",metodos naturales: usuarias nuevas,2016-04-01,0,0,4,0,0,4
SENA,"anticoncepcion, prevencion de its y de cancer de cuello uterino",metodos naturales: usuarias nuevas,2016-04-01,0,1,2,1,0,4
SHINAOTA,"anticoncepcion, prevencion de its y de cancer de cuello uterino",metodos naturales: usuarias nuevas,2016-04-01,0,0,1,0,0,1
SICA SICA (VILLA AROMA),"anticoncepcion, prevencion de its y de cancer de cuello uterino",metodos naturales: usuarias nuevas,2016-04-01,0,1,0,0,0,1
SOPACHUY,"anticoncepcion, prevencion de its y de cancer de cuello uterino",metodos naturales: usuarias nuevas,2016-04-01,0,2,0,0,0,2
SORACACHI,"anticoncepcion, prevencion de its y de cancer de cuello uterino",metodos naturales: usuarias nuevas,2016-04-01,0,1,4,0,0,5
SUCRE,"anticoncepcion, prevencion de its y de cancer de cuello uterino",metodos naturales: usuarias nuevas,2016-04-01,0,70,208,39,0,317
TACOPAYA,"anticoncepcion, prevencion de its y de cancer de cuello uterino",metodos naturales: usuarias nuevas,2016-04-01,0,1,1,1,0,3
TAPACARI,"anticoncepcion, prevencion de its y de cancer de cuello uterino",metodos naturales: usuarias nuevas,2016-04-01,0,1,2,0,0,3
TARABUCO,"anticoncepcion, prevencion de its y de cancer de cuello uterino",metodos naturales: usuarias nuevas,2016-04-01,1,5,6,3,0,15
TARATA,"anticoncepcion, prevencion de its y de cancer de cuello uterino",metodos naturales: usuarias nuevas,2016-04-01,0,1,3,1,0,5
TARIJA,"anticoncepcion, prevencion de its y de cancer de cuello uterino",metodos naturales: usuarias nuevas,2016-04-01,0,0,5,5,0,10
TARVITA,"anticoncepcion, prevencion de its y de cancer de cuello uterino",metodos naturales: usuarias nuevas,2016-04-01,0,1,1,1,0,3
TEOPONTE,"anticoncepcion, prevencion de its y de cancer de cuello uterino",metodos naturales: usuarias nuevas,2016-04-01,0,1,1,3,0,5
TIAWANACU,"anticoncepcion, prevencion de its y de cancer de cuello uterino",metodos naturales: usuarias nuevas,2016-04-01,0,4,7,0,0,11
TINGUIPAYA,"anticoncepcion, prevencion de its y de cancer de cuello uterino",metodos naturales: usuarias nuevas,2016-04-01,0,0,2,0,0,2
TIRAQUE (CBBA),"anticoncepcion, prevencion de its y de cancer de cuello uterino",metodos naturales: usuarias nuevas,2016-04-01,0,0,1,0,0,1
TOCO,"anticoncepcion, prevencion de its y de cancer de cuello uterino",metodos naturales: usuarias nuevas,2016-04-01,0,0,1,0,0,1
TOLATA,"anticoncepcion, prevencion de its y de cancer de cuello uterino",metodos naturales: usuarias nuevas,2016-04-01,0,0,1,0,0,1
TOLEDO,"anticoncepcion, prevencion de its y de cancer de cuello uterino",metodos naturales: usuarias nuevas,2016-04-01,0,0,3,1,0,4
TOMINA,"anticoncepcion, prevencion de its y de cancer de cuello uterino",metodos naturales: usuarias nuevas,2016-04-01,0,2,1,3,0,6
TORO TORO,"anticoncepcion, prevencion de its y de cancer de cuello uterino",metodos naturales: usuarias nuevas,2016-04-01,0,9,13,2,0,24
TOTORA(CBBA),"anticoncepcion, prevencion de its y de cancer de cuello uterino",metodos naturales: usuarias nuevas,2016-04-01,1,2,2,0,0,5
TOTORA(ORR),"anticoncepcion, prevencion de its y de cancer de cuello uterino",metodos naturales: usuarias nuevas,2016-04-01,0,3,3,1,0,7
TRINIDAD,"anticoncepcion, prevencion de its y de cancer de cuello uterino",metodos naturales: usuarias nuevas,2016-04-01,9,19,49,8,0,85
TUPIZA,"anticoncepcion, prevencion de its y de cancer de cuello uterino",metodos naturales: usuarias nuevas,2016-04-01,0,1,7,2,0,10
TURCO,"anticoncepcion, prevencion de its y de cancer de cuello uterino",metodos naturales: usuarias nuevas,2016-04-01,0,0,1,0,0,1
VACAS,"anticoncepcion, prevencion de its y de cancer de cuello uterino",metodos naturales: usuarias nuevas,2016-04-01,0,0,5,3,0,8
VILLA CHARCAS,"anticoncepcion, prevencion de its y de cancer de cuello uterino",metodos naturales: usuarias nuevas,2016-04-01,0,0,1,0,0,1
VILLA RIVERO,"anticoncepcion, prevencion de its y de cancer de cuello uterino",metodos naturales: usuarias nuevas,2016-04-01,0,0,1,0,0,1
VILLA SERRANO,"anticoncepcion, prevencion de its y de cancer de cuello uterino",metodos naturales: usuarias nuevas,2016-04-01,0,3,0,1,0,4
VILLA TUNARI,"anticoncepcion, prevencion de its y de cancer de cuello uterino",metodos naturales: usuarias nuevas,2016-04-01,0,3,8,2,0,13
VILLA VACA GUZMAN (MUYUPAMPA),"anticoncepcion, prevencion de its y de cancer de cuello uterino",metodos naturales: usuarias nuevas,2016-04-01,0,0,1,0,0,1
VILLAZON,"anticoncepcion, prevencion de its y de cancer de cuello uterino",metodos naturales: usuarias nuevas,2016-04-01,0,3,8,1,0,12
VINTO,"anticoncepcion, prevencion de its y de cancer de cuello uterino",metodos naturales: usuarias nuevas,2016-04-01,0,2,25,3,2,32
VITICHI,"anticoncepcion, prevencion de its y de cancer de cuello uterino",metodos naturales: usuarias nuevas,2016-04-01,0,0,5,2,0,7
WARNES,"anticoncepcion, prevencion de its y de cancer de cuello uterino",metodos naturales: usuarias nuevas,2016-04-01,0,1,0,0,0,1
YAMPARAEZ,"anticoncepcion, prevencion de its y de cancer de cuello uterino",metodos naturales: usuarias nuevas,2016-04-01,0,0,1,0,0,1
YANACACHI,"anticoncepcion, prevencion de its y de cancer de cuello uterino",metodos naturales: usuarias nuevas,2016-04-01,0,3,2,2,0,7
YAPACANI,"anticoncepcion, prevencion de its y de cancer de cuello uterino",metodos naturales: usuarias nuevas,2016-04-01,0,3,13,1,0,17
YOCALLA,"anticoncepcion, prevencion de its y de cancer de cuello uterino",metodos naturales: usuarias nuevas,2016-04-01,0,0,1,0,0,1
YOTALA,"anticoncepcion, prevencion de its y de cancer de cuello uterino",metodos naturales: usuarias nuevas,2016-04-01,0,2,4,1,0,7
ZUDAÑEZ,"anticoncepcion, prevencion de its y de cancer de cuello uterino",metodos naturales: usuarias nuevas,2016-04-01,0,2,7,1,0,10
ACACIO,"anticoncepcion, prevencion de its y de cancer de cuello uterino",metodos naturales: usuarias nuevas,2016-05-01,0,0,0,1,0,1
ACHACACHI,"anticoncepcion, prevencion de its y de cancer de cuello uterino",metodos naturales: usuarias nuevas,2016-05-01,0,1,0,0,2,3
ANCORAIMES,"anticoncepcion, prevencion de its y de cancer de cuello uterino",metodos naturales: usuarias nuevas,2016-05-01,0,6,9,5,0,20
ANDAMARCA,"anticoncepcion, prevencion de its y de cancer de cuello uterino",metodos naturales: usuarias nuevas,2016-05-01,0,0,1,1,0,2
ANTEQUERA,"anticoncepcion, prevencion de its y de cancer de cuello uterino",metodos naturales: usuarias nuevas,2016-05-01,0,1,1,0,0,2
ANZALDO,"anticoncepcion, prevencion de its y de cancer de cuello uterino",metodos naturales: usuarias nuevas,2016-05-01,0,0,2,1,0,3
APOLO,"anticoncepcion, prevencion de its y de cancer de cuello uterino",metodos naturales: usuarias nuevas,2016-05-01,0,0,1,2,0,3
ARBIETO,"anticoncepcion, prevencion de its y de cancer de cuello uterino",metodos naturales: usuarias nuevas,2016-05-01,0,0,1,0,0,1
ARQUE,"anticoncepcion, prevencion de its y de cancer de cuello uterino",metodos naturales: usuarias nuevas,2016-05-01,0,1,0,0,0,1
ATOCHA,"anticoncepcion, prevencion de its y de cancer de cuello uterino",metodos naturales: usuarias nuevas,2016-05-01,0,0,3,0,0,3
AYO AYO,"anticoncepcion, prevencion de its y de cancer de cuello uterino",metodos naturales: usuarias nuevas,2016-05-01,0,0,2,1,0,3
AZURDUY,"anticoncepcion, prevencion de its y de cancer de cuello uterino",metodos naturales: usuarias nuevas,2016-05-01,0,0,1,0,0,1
BATALLAS,"anticoncepcion, prevencion de its y de cancer de cuello uterino",metodos naturales: usuarias nuevas,2016-05-01,0,3,11,3,0,17
BAURES,"anticoncepcion, prevencion de its y de cancer de cuello uterino",metodos naturales: usuarias nuevas,2016-05-01,0,0,1,2,0,3
BELLA FLOR,"anticoncepcion, prevencion de its y de cancer de cuello uterino",metodos naturales: usuarias nuevas,2016-05-01,0,0,1,0,0,1
BERMEJO,"anticoncepcion, prevencion de its y de cancer de cuello uterino",metodos naturales: usuarias nuevas,2016-05-01,0,0,1,0,0,1
BETANZOS,"anticoncepcion, prevencion de its y de cancer de cuello uterino",metodos naturales: usuarias nuevas,2016-05-01,0,3,2,2,0,7
BOYUIBE,"anticoncepcion, prevencion de its y de cancer de cuello uterino",metodos naturales: usuarias nuevas,2016-05-01,0,0,1,0,0,1
BUENA VISTA,"anticoncepcion, prevencion de its y de cancer de cuello uterino",metodos naturales: usuarias nuevas,2016-05-01,0,0,2,0,0,2
"CAIZA ""D""","anticoncepcion, prevencion de its y de cancer de cuello uterino",metodos naturales: usuarias nuevas,2016-05-01,0,0,2,0,0,2
CAJUATA,"anticoncepcion, prevencion de its y de cancer de cuello uterino",metodos naturales: usuarias nuevas,2016-05-01,0,3,11,2,0,16
CALAMARCA,"anticoncepcion, prevencion de its y de cancer de cuello uterino",metodos naturales: usuarias nuevas,2016-05-01,0,1,7,3,0,11
CAMIRI,"anticoncepcion, prevencion de its y de cancer de cuello uterino",metodos naturales: usuarias nuevas,2016-05-01,0,0,1,0,0,1
CARACOLLO,"anticoncepcion, prevencion de its y de cancer de cuello uterino",metodos naturales: usuarias nuevas,2016-05-01,0,3,10,4,0,17
CARIPUYO,"anticoncepcion, prevencion de its y de cancer de cuello uterino",metodos naturales: usuarias nuevas,2016-05-01,0,5,7,3,0,15
CHALLAPATA,"anticoncepcion, prevencion de its y de cancer de cuello uterino",metodos naturales: usuarias nuevas,2016-05-01,0,12,30,12,0,54
CHAQUI,"anticoncepcion, prevencion de its y de cancer de cuello uterino",metodos naturales: usuarias nuevas,2016-05-01,0,0,6,0,0,6
CHAYANTA,"anticoncepcion, prevencion de its y de cancer de cuello uterino",metodos naturales: usuarias nuevas,2016-05-01,0,1,9,4,0,14
CHIMORE,"anticoncepcion, prevencion de its y de cancer de cuello uterino",metodos naturales: usuarias nuevas,2016-05-01,0,0,1,0,0,1
CHOQUE COTA,"anticoncepcion, prevencion de its y de cancer de cuello uterino",metodos naturales: usuarias nuevas,2016-05-01,0,0,0,1,0,1
CHUA COCANI,"anticoncepcion, prevencion de its y de cancer de cuello uterino",metodos naturales: usuarias nuevas,2016-05-01,0,1,3,1,0,5
CHULUMANI (V. DE LA LIBERTAD),"anticoncepcion, prevencion de its y de cancer de cuello uterino",metodos naturales: usuarias nuevas,2016-05-01,0,4,19,2,0,25
CHUQUIHUTA AYLLU JUCUMANI,"anticoncepcion, prevencion de its y de cancer de cuello uterino",metodos naturales: usuarias nuevas,2016-05-01,0,0,4,0,0,4
CKOCHAS,"anticoncepcion, prevencion de its y de cancer de cuello uterino",metodos naturales: usuarias nuevas,2016-05-01,0,4,5,2,0,11
CLIZA,"anticoncepcion, prevencion de its y de cancer de cuello uterino",metodos naturales: usuarias nuevas,2016-05-01,0,0,1,0,0,1
COBIJA,"anticoncepcion, prevencion de its y de cancer de cuello uterino",metodos naturales: usuarias nuevas,2016-05-01,1,9,25,10,0,45
COCHABAMBA,"anticoncepcion, prevencion de its y de cancer de cuello uterino",metodos naturales: usuarias nuevas,2016-05-01,0,16,100,11,0,127
COLCAPIRHUA,"anticoncepcion, prevencion de its y de cancer de cuello uterino",metodos naturales: usuarias nuevas,2016-05-01,0,5,21,5,0,31
"COLCHA ""K""","anticoncepcion, prevencion de its y de cancer de cuello uterino",metodos naturales: usuarias nuevas,2016-05-01,0,3,6,0,0,9
COLLANA,"anticoncepcion, prevencion de its y de cancer de cuello uterino",metodos naturales: usuarias nuevas,2016-05-01,0,0,1,0,0,1
COLOMI,"anticoncepcion, prevencion de its y de cancer de cuello uterino",metodos naturales: usuarias nuevas,2016-05-01,0,0,6,0,0,6
COLPA BELGICA,"anticoncepcion, prevencion de its y de cancer de cuello uterino",metodos naturales: usuarias nuevas,2016-05-01,0,0,2,0,0,2
COLQUECHACA,"anticoncepcion, prevencion de its y de cancer de cuello uterino",metodos naturales: usuarias nuevas,2016-05-01,1,4,3,1,0,9
COLQUIRI,"anticoncepcion, prevencion de its y de cancer de cuello uterino",metodos naturales: usuarias nuevas,2016-05-01,0,7,12,1,0,20
COMARAPA,"anticoncepcion, prevencion de its y de cancer de cuello uterino",metodos naturales: usuarias nuevas,2016-05-01,0,6,16,4,0,26
CORIPATA,"anticoncepcion, prevencion de its y de cancer de cuello uterino",metodos naturales: usuarias nuevas,2016-05-01,0,1,10,1,0,12
COROICO,"anticoncepcion, prevencion de its y de cancer de cuello uterino",metodos naturales: usuarias nuevas,2016-05-01,0,1,5,0,0,6
CORQUE,"anticoncepcion, prevencion de its y de cancer de cuello uterino",metodos naturales: usuarias nuevas,2016-05-01,0,2,0,0,0,2
COTOCA,"anticoncepcion, prevencion de its y de cancer de cuello uterino",metodos naturales: usuarias nuevas,2016-05-01,0,2,5,1,0,8
CUCHUMUELA (V. G. VILLARROEL),"anticoncepcion, prevencion de its y de cancer de cuello uterino",metodos naturales: usuarias nuevas,2016-05-01,1,0,0,0,0,1
CULPINA,"anticoncepcion, prevencion de its y de cancer de cuello uterino",metodos naturales: usuarias nuevas,2016-05-01,0,2,8,4,0,14
CURAHUARA DE CARANGAS,"anticoncepcion, prevencion de its y de cancer de cuello uterino",metodos naturales: usuarias nuevas,2016-05-01,0,3,2,2,0,7
EL ALTO,"anticoncepcion, prevencion de its y de cancer de cuello uterino",metodos naturales: usuarias nuevas,2016-05-01,1,25,134,113,0,273
EL PUENTE(STC),"anticoncepcion, prevencion de its y de cancer de cuello uterino",metodos naturales: usuarias nuevas,2016-05-01,0,2,7,0,0,9
EL VILLAR,"anticoncepcion, prevencion de its y de cancer de cuello uterino",metodos naturales: usuarias nuevas,2016-05-01,0,0,1,0,0,1
ENTRE RIOS TRJ,"anticoncepcion, prevencion de its y de cancer de cuello uterino",metodos naturales: usuarias nuevas,2016-05-01,0,4,9,2,0,15
ENTRE RIOS CBBA,"anticoncepcion, prevencion de its y de cancer de cuello uterino",metodos naturales: usuarias nuevas,2016-05-01,1,2,4,0,0,7
ESCARA,"anticoncepcion, prevencion de its y de cancer de cuello uterino",metodos naturales: usuarias nuevas,2016-05-01,0,0,0,1,0,1
EUCALIPTUS,"anticoncepcion, prevencion de its y de cancer de cuello uterino",metodos naturales: usuarias nuevas,2016-05-01,0,1,5,3,0,9
EUREKA (SANTOS MERCADO),"anticoncepcion, prevencion de its y de cancer de cuello uterino",metodos naturales: usuarias nuevas,2016-05-01,0,0,1,0,0,1
EXALTACION,"anticoncepcion, prevencion de its y de cancer de cuello uterino",metodos naturales: usuarias nuevas,2016-05-01,0,5,9,2,0,16
FILADELFIA,"anticoncepcion, prevencion de its y de cancer de cuello uterino",metodos naturales: usuarias nuevas,2016-05-01,0,0,3,0,0,3
GENERAL SAAVEDRA,"anticoncepcion, prevencion de its y de cancer de cuello uterino",metodos naturales: usuarias nuevas,2016-05-01,0,2,0,0,0,2
GUAQUI,"anticoncepcion, prevencion de its y de cancer de cuello uterino",metodos naturales: usuarias nuevas,2016-05-01,0,2,8,0,0,10
GUAYARAMERIN,"anticoncepcion, prevencion de its y de cancer de cuello uterino",metodos naturales: usuarias nuevas,2016-05-01,0,9,40,23,0,72
HUACARETA,"anticoncepcion, prevencion de its y de cancer de cuello uterino",metodos naturales: usuarias nuevas,2016-05-01,0,0,1,0,0,1
HUACHACALLA,"anticoncepcion, prevencion de its y de cancer de cuello uterino",metodos naturales: usuarias nuevas,2016-05-01,0,1,0,0,0,1
HUANUNI,"anticoncepcion, prevencion de its y de cancer de cuello uterino",metodos naturales: usuarias nuevas,2016-05-01,0,0,6,2,0,8
ICHOCA,"anticoncepcion, prevencion de its y de cancer de cuello uterino",metodos naturales: usuarias nuevas,2016-05-01,0,0,2,0,0,2
ICLA,"anticoncepcion, prevencion de its y de cancer de cuello uterino",metodos naturales: usuarias nuevas,2016-05-01,0,1,2,0,0,3
INCAHUASI,"anticoncepcion, prevencion de its y de cancer de cuello uterino",metodos naturales: usuarias nuevas,2016-05-01,6,12,8,4,0,30
INQUISIVI,"anticoncepcion, prevencion de its y de cancer de cuello uterino",metodos naturales: usuarias nuevas,2016-05-01,1,7,4,2,0,14
IRUPANA (VILLA DE LANZA),"anticoncepcion, prevencion de its y de cancer de cuello uterino",metodos naturales: usuarias nuevas,2016-05-01,0,2,8,1,0,11
IXIAMAS,"anticoncepcion, prevencion de its y de cancer de cuello uterino",metodos naturales: usuarias nuevas,2016-05-01,0,0,9,3,0,12
JESUS DE MACHACA,"anticoncepcion, prevencion de its y de cancer de cuello uterino",metodos naturales: usuarias nuevas,2016-05-01,0,0,2,0,0,2
LA ASUNTA,"anticoncepcion, prevencion de its y de cancer de cuello uterino",metodos naturales: usuarias nuevas,2016-05-01,0,9,17,2,0,28
LA PAZ,"anticoncepcion, prevencion de its y de cancer de cuello uterino",metodos naturales: usuarias nuevas,2016-05-01,0,22,119,18,0,159
LAGUNILLAS,"anticoncepcion, prevencion de its y de cancer de cuello uterino",metodos naturales: usuarias nuevas,2016-05-01,0,0,3,2,0,5
LAJA,"anticoncepcion, prevencion de its y de cancer de cuello uterino",metodos naturales: usuarias nuevas,2016-05-01,0,4,6,0,0,10
LLALLAGUA,"anticoncepcion, prevencion de its y de cancer de cuello uterino",metodos naturales: usuarias nuevas,2016-05-01,0,1,7,3,0,11
LORETO,"anticoncepcion, prevencion de its y de cancer de cuello uterino",metodos naturales: usuarias nuevas,2016-05-01,0,0,2,0,0,2
MACHACAMARCA,"anticoncepcion, prevencion de its y de cancer de cuello uterino",metodos naturales: usuarias nuevas,2016-05-01,0,0,4,0,0,4
MACHARETI,"anticoncepcion, prevencion de its y de cancer de cuello uterino",metodos naturales: usuarias nuevas,2016-05-01,0,0,1,0,0,1
MAGDALENA,"anticoncepcion, prevencion de its y de cancer de cuello uterino",metodos naturales: usuarias nuevas,2016-05-01,3,0,2,1,0,6
MINEROS,"anticoncepcion, prevencion de its y de cancer de cuello uterino",metodos naturales: usuarias nuevas,2016-05-01,0,2,3,0,0,5
MIZQUE,"anticoncepcion, prevencion de its y de cancer de cuello uterino",metodos naturales: usuarias nuevas,2016-05-01,0,5,7,2,0,14
MOCOMOCO,"anticoncepcion, prevencion de its y de cancer de cuello uterino",metodos naturales: usuarias nuevas,2016-05-01,0,3,0,0,0,3
MOJOCOYA,"anticoncepcion, prevencion de its y de cancer de cuello uterino",metodos naturales: usuarias nuevas,2016-05-01,1,5,6,0,0,12
MONTEAGUDO,"anticoncepcion, prevencion de its y de cancer de cuello uterino",metodos naturales: usuarias nuevas,2016-05-01,0,0,1,0,0,1
MONTERO,"anticoncepcion, prevencion de its y de cancer de cuello uterino",metodos naturales: usuarias nuevas,2016-05-01,1,6,14,4,0,25
MOROCHATA,"anticoncepcion, prevencion de its y de cancer de cuello uterino",metodos naturales: usuarias nuevas,2016-05-01,0,2,6,2,0,10
NUEVO MANOA (NUEVA ESPERANZA),"anticoncepcion, prevencion de its y de cancer de cuello uterino",metodos naturales: usuarias nuevas,2016-05-01,0,0,2,0,0,2
OCURI,"anticoncepcion, prevencion de its y de cancer de cuello uterino",metodos naturales: usuarias nuevas,2016-05-01,0,1,11,2,0,14
OMEREQUE,"anticoncepcion, prevencion de its y de cancer de cuello uterino",metodos naturales: usuarias nuevas,2016-05-01,0,1,3,2,0,6
ORURO,"anticoncepcion, prevencion de its y de cancer de cuello uterino",metodos naturales: usuarias nuevas,2016-05-01,0,11,32,7,0,50
PADILLA,"anticoncepcion, prevencion de its y de cancer de cuello uterino",metodos naturales: usuarias nuevas,2016-05-01,1,10,9,6,0,26
PAMPA AULLAGAS,"anticoncepcion, prevencion de its y de cancer de cuello uterino",metodos naturales: usuarias nuevas,2016-05-01,0,2,3,1,0,6
PASORAPA,"anticoncepcion, prevencion de its y de cancer de cuello uterino",metodos naturales: usuarias nuevas,2016-05-01,0,0,1,0,0,1
PAZÑA,"anticoncepcion, prevencion de its y de cancer de cuello uterino",metodos naturales: usuarias nuevas,2016-05-01,0,0,6,0,0,6
PELECHUCO,"anticoncepcion, prevencion de its y de cancer de cuello uterino",metodos naturales: usuarias nuevas,2016-05-01,0,0,1,0,0,1
POCOATA,"anticoncepcion, prevencion de its y de cancer de cuello uterino",metodos naturales: usuarias nuevas,2016-05-01,0,8,13,5,0,26
POCONA,"anticoncepcion, prevencion de its y de cancer de cuello uterino",metodos naturales: usuarias nuevas,2016-05-01,0,1,2,3,0,6
POJO (CBBA),"anticoncepcion, prevencion de its y de cancer de cuello uterino",metodos naturales: usuarias nuevas,2016-05-01,0,1,0,0,0,1
POOPO,"anticoncepcion, prevencion de its y de cancer de cuello uterino",metodos naturales: usuarias nuevas,2016-05-01,0,1,1,0,0,2
PORCO,"anticoncepcion, prevencion de its y de cancer de cuello uterino",metodos naturales: usuarias nuevas,2016-05-01,0,1,0,2,0,3
POROMA,"anticoncepcion, prevencion de its y de cancer de cuello uterino",metodos naturales: usuarias nuevas,2016-05-01,0,0,0,1,0,1
PORONGO,"anticoncepcion, prevencion de its y de cancer de cuello uterino",metodos naturales: usuarias nuevas,2016-05-01,0,0,5,0,0,5
PORTACHUELO,"anticoncepcion, prevencion de its y de cancer de cuello uterino",metodos naturales: usuarias nuevas,2016-05-01,0,1,7,0,0,8
POTOSI,"anticoncepcion, prevencion de its y de cancer de cuello uterino",metodos naturales: usuarias nuevas,2016-05-01,0,7,19,2,0,28
PRESTO,"anticoncepcion, prevencion de its y de cancer de cuello uterino",metodos naturales: usuarias nuevas,2016-05-01,0,0,3,2,0,5
PUCARANI,"anticoncepcion, prevencion de its y de cancer de cuello uterino",metodos naturales: usuarias nuevas,2016-05-01,0,3,13,3,0,19
PUERTO ACOSTA,"anticoncepcion, prevencion de its y de cancer de cuello uterino",metodos naturales: usuarias nuevas,2016-05-01,0,1,1,0,0,2
PUERTO CARABUCO,"anticoncepcion, prevencion de its y de cancer de cuello uterino",metodos naturales: usuarias nuevas,2016-05-01,0,0,6,0,0,6
PUERTO GONZALO MORENO,"anticoncepcion, prevencion de its y de cancer de cuello uterino",metodos naturales: usuarias nuevas,2016-05-01,1,2,3,0,0,6
PUERTO PEREZ,"anticoncepcion, prevencion de its y de cancer de cuello uterino",metodos naturales: usuarias nuevas,2016-05-01,0,0,1,1,0,2
PUERTO RICO,"anticoncepcion, prevencion de its y de cancer de cuello uterino",metodos naturales: usuarias nuevas,2016-05-01,0,1,2,0,0,3
PUERTO VILLARROEL,"anticoncepcion, prevencion de its y de cancer de cuello uterino",metodos naturales: usuarias nuevas,2016-05-01,0,2,2,1,0,5
PUNA,"anticoncepcion, prevencion de its y de cancer de cuello uterino",metodos naturales: usuarias nuevas,2016-05-01,0,4,4,2,0,10
PUNATA,"anticoncepcion, prevencion de its y de cancer de cuello uterino",metodos naturales: usuarias nuevas,2016-05-01,0,20,30,6,0,56
QUILLACOLLO,"anticoncepcion, prevencion de its y de cancer de cuello uterino",metodos naturales: usuarias nuevas,2016-05-01,1,2,9,0,0,12
QUIME,"anticoncepcion, prevencion de its y de cancer de cuello uterino",metodos naturales: usuarias nuevas,2016-05-01,0,0,4,0,0,4
RAVELO,"anticoncepcion, prevencion de its y de cancer de cuello uterino",metodos naturales: usuarias nuevas,2016-05-01,0,2,4,1,0,7
REYES,"anticoncepcion, prevencion de its y de cancer de cuello uterino",metodos naturales: usuarias nuevas,2016-05-01,5,16,50,13,0,84
RIBERALTA,"anticoncepcion, prevencion de its y de cancer de cuello uterino",metodos naturales: usuarias nuevas,2016-05-01,2,43,76,7,0,128
RURRENABAQUE,"anticoncepcion, prevencion de its y de cancer de cuello uterino",metodos naturales: usuarias nuevas,2016-05-01,0,8,17,1,0,26
SABAYA,"anticoncepcion, prevencion de its y de cancer de cuello uterino",metodos naturales: usuarias nuevas,2016-05-01,0,1,1,1,0,3
SACABA,"anticoncepcion, prevencion de its y de cancer de cuello uterino",metodos naturales: usuarias nuevas,2016-05-01,0,5,33,22,0,60
SACABAMBA,"anticoncepcion, prevencion de its y de cancer de cuello uterino",metodos naturales: usuarias nuevas,2016-05-01,0,0,1,0,0,1
SACACA,"anticoncepcion, prevencion de its y de cancer de cuello uterino",metodos naturales: usuarias nuevas,2016-05-01,0,3,3,0,0,6
SALINAS DE GARCI MENDOZA,"anticoncepcion, prevencion de its y de cancer de cuello uterino",metodos naturales: usuarias nuevas,2016-05-01,0,0,5,3,0,8
SAN ANDRES,"anticoncepcion, prevencion de its y de cancer de cuello uterino",metodos naturales: usuarias nuevas,2016-05-01,1,3,7,1,0,12
SAN ANDRES DE MACHACA,"anticoncepcion, prevencion de its y de cancer de cuello uterino",metodos naturales: usuarias nuevas,2016-05-01,0,0,0,2,0,2
SAN ANTONIO DE LOMERIO,"anticoncepcion, prevencion de its y de cancer de cuello uterino",metodos naturales: usuarias nuevas,2016-05-01,0,1,2,0,0,3
SAN BENITO,"anticoncepcion, prevencion de its y de cancer de cuello uterino",metodos naturales: usuarias nuevas,2016-05-01,0,1,2,1,0,4
SAN BORJA,"anticoncepcion, prevencion de its y de cancer de cuello uterino",metodos naturales: usuarias nuevas,2016-05-01,1,10,14,1,0,26
SAN BUENA VENTURA,"anticoncepcion, prevencion de its y de cancer de cuello uterino",metodos naturales: usuarias nuevas,2016-05-01,0,5,13,2,0,20
SAN CARLOS,"anticoncepcion, prevencion de its y de cancer de cuello uterino",metodos naturales: usuarias nuevas,2016-05-01,0,1,6,1,0,8
SAN IGNACIO,"anticoncepcion, prevencion de its y de cancer de cuello uterino",metodos naturales: usuarias nuevas,2016-05-01,0,6,4,0,0,10
SAN IGNACIO DE VELASCO,"anticoncepcion, prevencion de its y de cancer de cuello uterino",metodos naturales: usuarias nuevas,2016-05-01,0,2,2,1,0,5
SAN JAVIER(BNI),"anticoncepcion, prevencion de its y de cancer de cuello uterino",metodos naturales: usuarias nuevas,2016-05-01,0,0,1,1,0,2
SAN JUAN DE YAPACANI,"anticoncepcion, prevencion de its y de cancer de cuello uterino",metodos naturales: usuarias nuevas,2016-05-01,0,3,7,3,0,13
SAN JULIAN,"anticoncepcion, prevencion de its y de cancer de cuello uterino",metodos naturales: usuarias nuevas,2016-05-01,0,0,2,2,0,4
SAN LORENZO(PND),"anticoncepcion, prevencion de its y de cancer de cuello uterino",metodos naturales: usuarias nuevas,2016-05-01,0,1,0,0,0,1
SAN LUCAS,"anticoncepcion, prevencion de its y de cancer de cuello uterino",metodos naturales: usuarias nuevas,2016-05-01,2,10,15,13,5,45
SAN MIGUEL DE VELASCO,"anticoncepcion, prevencion de its y de cancer de cuello uterino",metodos naturales: usuarias nuevas,2016-05-01,1,2,1,0,0,4
SAN PABLO DE LIPEZ,"anticoncepcion, prevencion de its y de cancer de cuello uterino",metodos naturales: usuarias nuevas,2016-05-01,0,0,1,0,0,1
SAN PEDRO,"anticoncepcion, prevencion de its y de cancer de cuello uterino",metodos naturales: usuarias nuevas,2016-05-01,0,1,0,1,0,2
SAN PEDRO DE BUENA VISTA,"anticoncepcion, prevencion de its y de cancer de cuello uterino",metodos naturales: usuarias nuevas,2016-05-01,1,4,21,13,0,39
SAN PEDRO DE CURAHUARA,"anticoncepcion, prevencion de its y de cancer de cuello uterino",metodos naturales: usuarias nuevas,2016-05-01,0,1,1,0,0,2
SAN PEDRO DE TIQUINA,"anticoncepcion, prevencion de its y de cancer de cuello uterino",metodos naturales: usuarias nuevas,2016-05-01,0,0,3,0,0,3
SAN RAFAEL,"anticoncepcion, prevencion de its y de cancer de cuello uterino",metodos naturales: usuarias nuevas,2016-05-01,1,2,6,0,0,9
SAN RAMON BENI,"anticoncepcion, prevencion de its y de cancer de cuello uterino",metodos naturales: usuarias nuevas,2016-05-01,0,0,1,0,0,1
SANTA ANA,"anticoncepcion, prevencion de its y de cancer de cuello uterino",metodos naturales: usuarias nuevas,2016-05-01,1,11,29,4,0,45
SANTA CRUZ DE LA SIERRA,"anticoncepcion, prevencion de its y de cancer de cuello uterino",metodos naturales: usuarias nuevas,2016-05-01,19,25,50,7,0,101
SANTA ROSA,"anticoncepcion, prevencion de its y de cancer de cuello uterino",metodos naturales: usuarias nuevas,2016-05-01,0,3,9,0,0,12
SANTA ROSA DEL SARA,"anticoncepcion, prevencion de its y de cancer de cuello uterino",metodos naturales: usuarias nuevas,2016-05-01,0,1,4,2,0,7
SANTIAGO DE HUARI,"anticoncepcion, prevencion de its y de cancer de cuello uterino",metodos naturales: usuarias nuevas,2016-05-01,0,0,4,0,0,4
SANTIAGO DE HUATA,"anticoncepcion, prevencion de its y de cancer de cuello uterino",metodos naturales: usuarias nuevas,2016-05-01,0,0,1,0,0,1
SANTIAGO DE MACHACA,"anticoncepcion, prevencion de its y de cancer de cuello uterino",metodos naturales: usuarias nuevas,2016-05-01,0,2,1,1,0,4
SANTUARIO DE QUILLACAS,"anticoncepcion, prevencion de its y de cancer de cuello uterino",metodos naturales: usuarias nuevas,2016-05-01,0,1,2,0,0,3
SAPAHAQUI,"anticoncepcion, prevencion de its y de cancer de cuello uterino",metodos naturales: usuarias nuevas,2016-05-01,0,0,3,1,0,4
SOPACHUY,"anticoncepcion, prevencion de its y de cancer de cuello uterino",metodos naturales: usuarias nuevas,2016-05-01,0,1,4,1,0,6
SORACACHI,"anticoncepcion, prevencion de its y de cancer de cuello uterino",metodos naturales: usuarias nuevas,2016-05-01,0,1,4,0,0,5
SUCRE,"anticoncepcion, prevencion de its y de cancer de cuello uterino",metodos naturales: usuarias nuevas,2016-05-01,1,43,214,41,0,299
TACACOMA,"anticoncepcion, prevencion de its y de cancer de cuello uterino",metodos naturales: usuarias nuevas,2016-05-01,0,2,4,0,0,6
TACOPAYA,"anticoncepcion, prevencion de its y de cancer de cuello uterino",metodos naturales: usuarias nuevas,2016-05-01,0,0,0,2,0,2
TAPACARI,"anticoncepcion, prevencion de its y de cancer de cuello uterino",metodos naturales: usuarias nuevas,2016-05-01,0,1,3,0,0,4
TARACO,"anticoncepcion, prevencion de its y de cancer de cuello uterino",metodos naturales: usuarias nuevas,2016-05-01,0,0,1,0,0,1
TARATA,"anticoncepcion, prevencion de its y de cancer de cuello uterino",metodos naturales: usuarias nuevas,2016-05-01,0,1,0,0,0,1
TARIJA,"anticoncepcion, prevencion de its y de cancer de cuello uterino",metodos naturales: usuarias nuevas,2016-05-01,0,0,4,7,0,11
TARVITA,"anticoncepcion, prevencion de its y de cancer de cuello uterino",metodos naturales: usuarias nuevas,2016-05-01,0,3,5,1,0,9
TEOPONTE,"anticoncepcion, prevencion de its y de cancer de cuello uterino",metodos naturales: usuarias nuevas,2016-05-01,1,1,4,1,0,7
TIAWANACU,"anticoncepcion, prevencion de its y de cancer de cuello uterino",metodos naturales: usuarias nuevas,2016-05-01,0,3,7,3,0,13
TINGUIPAYA,"anticoncepcion, prevencion de its y de cancer de cuello uterino",metodos naturales: usuarias nuevas,2016-05-01,0,0,2,0,0,2
TIQUIPAYA,"anticoncepcion, prevencion de its y de cancer de cuello uterino",metodos naturales: usuarias nuevas,2016-05-01,0,0,2,1,0,3
TIRAQUE (CBBA),"anticoncepcion, prevencion de its y de cancer de cuello uterino",metodos naturales: usuarias nuevas,2016-05-01,0,1,4,0,0,5
TOCO,"anticoncepcion, prevencion de its y de cancer de cuello uterino",metodos naturales: usuarias nuevas,2016-05-01,0,0,0,1,0,1
TOLATA,"anticoncepcion, prevencion de its y de cancer de cuello uterino",metodos naturales: usuarias nuevas,2016-05-01,0,3,2,1,0,6
TOLEDO,"anticoncepcion, prevencion de its y de cancer de cuello uterino",metodos naturales: usuarias nuevas,2016-05-01,0,0,4,1,0,5
TOMAVE,"anticoncepcion, prevencion de its y de cancer de cuello uterino",metodos naturales: usuarias nuevas,2016-05-01,0,1,1,0,0,2
TOMINA,"anticoncepcion, prevencion de its y de cancer de cuello uterino",metodos naturales: usuarias nuevas,2016-05-01,0,2,5,2,0,9
TORO TORO,"anticoncepcion, prevencion de its y de cancer de cuello uterino",metodos naturales: usuarias nuevas,2016-05-01,0,2,7,2,0,11
TOTORA(CBBA),"anticoncepcion, prevencion de its y de cancer de cuello uterino",metodos naturales: usuarias nuevas,2016-05-01,0,2,4,3,0,9
TOTORA(ORR),"anticoncepcion, prevencion de its y de cancer de cuello uterino",metodos naturales: usuarias nuevas,2016-05-01,0,2,0,0,0,2
TRINIDAD,"anticoncepcion, prevencion de its y de cancer de cuello uterino",metodos naturales: usuarias nuevas,2016-05-01,2,21,51,3,0,77
TUPIZA,"anticoncepcion, prevencion de its y de cancer de cuello uterino",metodos naturales: usuarias nuevas,2016-05-01,0,0,1,4,0,5
VACAS,"anticoncepcion, prevencion de its y de cancer de cuello uterino",metodos naturales: usuarias nuevas,2016-05-01,0,2,9,1,0,12
VIACHA,"anticoncepcion, prevencion de its y de cancer de cuello uterino",metodos naturales: usuarias nuevas,2016-05-01,0,1,1,0,0,2
VILLA CHARCAS,"anticoncepcion, prevencion de its y de cancer de cuello uterino",metodos naturales: usuarias nuevas,2016-05-01,0,3,3,0,0,6
VILLA SERRANO,"anticoncepcion, prevencion de its y de cancer de cuello uterino",metodos naturales: usuarias nuevas,2016-05-01,0,2,2,0,0,4
VILLA TUNARI,"anticoncepcion, prevencion de its y de cancer de cuello uterino",metodos naturales: usuarias nuevas,2016-05-01,0,0,7,1,0,8
VILLA VACA GUZMAN (MUYUPAMPA),"anticoncepcion, prevencion de its y de cancer de cuello uterino",metodos naturales: usuarias nuevas,2016-05-01,0,0,1,0,0,1
VINTO,"anticoncepcion, prevencion de its y de cancer de cuello uterino",metodos naturales: usuarias nuevas,2016-05-01,0,5,9,5,0,19
VITICHI,"anticoncepcion, prevencion de its y de cancer de cuello uterino",metodos naturales: usuarias nuevas,2016-05-01,0,0,2,0,0,2
WARNES,"anticoncepcion, prevencion de its y de cancer de cuello uterino",metodos naturales: usuarias nuevas,2016-05-01,0,0,1,0,0,1
YACUIBA,"anticoncepcion, prevencion de its y de cancer de cuello uterino",metodos naturales: usuarias nuevas,2016-05-01,0,2,0,0,0,2
YAMPARAEZ,"anticoncepcion, prevencion de its y de cancer de cuello uterino",metodos naturales: usuarias nuevas,2016-05-01,0,2,4,1,0,7
YANACACHI,"anticoncepcion, prevencion de its y de cancer de cuello uterino",metodos naturales: usuarias nuevas,2016-05-01,0,1,1,0,0,2
YAPACANI,"anticoncepcion, prevencion de its y de cancer de cuello uterino",metodos naturales: usuarias nuevas,2016-05-01,0,5,13,1,0,19
YOTALA,"anticoncepcion, prevencion de its y de cancer de cuello uterino",metodos naturales: usuarias nuevas,2016-05-01,0,1,4,0,0,5
ZUDAÑEZ,"anticoncepcion, prevencion de its y de cancer de cuello uterino",metodos naturales: usuarias nuevas,2016-05-01,0,3,6,0,0,9
ACACIO,"anticoncepcion, prevencion de its y de cancer de cuello uterino",metodos naturales: usuarias nuevas,2016-06-01,0,0,2,0,0,2
ACHACACHI,"anticoncepcion, prevencion de its y de cancer de cuello uterino",metodos naturales: usuarias nuevas,2016-06-01,0,1,3,2,0,6
ALCALA,"anticoncepcion, prevencion de its y de cancer de cuello uterino",metodos naturales: usuarias nuevas,2016-06-01,0,0,1,0,0,1
ANCORAIMES,"anticoncepcion, prevencion de its y de cancer de cuello uterino",metodos naturales: usuarias nuevas,2016-06-01,0,4,10,2,0,16
ANDAMARCA,"anticoncepcion, prevencion de its y de cancer de cuello uterino",metodos naturales: usuarias nuevas,2016-06-01,0,1,2,0,0,3
APOLO,"anticoncepcion, prevencion de its y de cancer de cuello uterino",metodos naturales: usuarias nuevas,2016-06-01,0,4,3,2,0,9
ARBIETO,"anticoncepcion, prevencion de its y de cancer de cuello uterino",metodos naturales: usuarias nuevas,2016-06-01,0,1,5,2,0,8
ATOCHA,"anticoncepcion, prevencion de its y de cancer de cuello uterino",metodos naturales: usuarias nuevas,2016-06-01,0,2,3,0,0,5
AUCAPATA,"anticoncepcion, prevencion de its y de cancer de cuello uterino",metodos naturales: usuarias nuevas,2016-06-01,0,1,0,0,0,1
AYO AYO,"anticoncepcion, prevencion de its y de cancer de cuello uterino",metodos naturales: usuarias nuevas,2016-06-01,1,1,0,0,0,2
AZURDUY,"anticoncepcion, prevencion de its y de cancer de cuello uterino",metodos naturales: usuarias nuevas,2016-06-01,0,2,0,1,0,3
BATALLAS,"anticoncepcion, prevencion de its y de cancer de cuello uterino",metodos naturales: usuarias nuevas,2016-06-01,0,2,8,2,0,12
BAURES,"anticoncepcion, prevencion de its y de cancer de cuello uterino",metodos naturales: usuarias nuevas,2016-06-01,1,2,0,0,0,3
BELLA FLOR,"anticoncepcion, prevencion de its y de cancer de cuello uterino",metodos naturales: usuarias nuevas,2016-06-01,0,0,1,0,0,1
BERMEJO,"anticoncepcion, prevencion de its y de cancer de cuello uterino",metodos naturales: usuarias nuevas,2016-06-01,0,0,1,1,0,2
BETANZOS,"anticoncepcion, prevencion de its y de cancer de cuello uterino",metodos naturales: usuarias nuevas,2016-06-01,0,2,1,1,0,4
BUENA VISTA,"anticoncepcion, prevencion de its y de cancer de cuello uterino",metodos naturales: usuarias nuevas,2016-06-01,0,1,2,0,0,3
"CAIZA ""D""","anticoncepcion, prevencion de its y de cancer de cuello uterino",metodos naturales: usuarias nuevas,2016-06-01,0,0,7,1,0,8
CAJUATA,"anticoncepcion, prevencion de its y de cancer de cuello uterino",metodos naturales: usuarias nuevas,2016-06-01,0,4,10,0,0,14
CALAMARCA,"anticoncepcion, prevencion de its y de cancer de cuello uterino",metodos naturales: usuarias nuevas,2016-06-01,0,1,12,0,0,13
CAMARGO,"anticoncepcion, prevencion de its y de cancer de cuello uterino",metodos naturales: usuarias nuevas,2016-06-01,0,0,1,0,0,1
CARACOLLO,"anticoncepcion, prevencion de its y de cancer de cuello uterino",metodos naturales: usuarias nuevas,2016-06-01,1,3,12,1,0,17
CARANAVI,"anticoncepcion, prevencion de its y de cancer de cuello uterino",metodos naturales: usuarias nuevas,2016-06-01,0,0,1,0,0,1
CARIPUYO,"anticoncepcion, prevencion de its y de cancer de cuello uterino",metodos naturales: usuarias nuevas,2016-06-01,0,0,5,2,0,7
CHALLAPATA,"anticoncepcion, prevencion de its y de cancer de cuello uterino",metodos naturales: usuarias nuevas,2016-06-01,0,6,22,6,0,34
CHAQUI,"anticoncepcion, prevencion de its y de cancer de cuello uterino",metodos naturales: usuarias nuevas,2016-06-01,0,2,5,2,0,9
CHAYANTA,"anticoncepcion, prevencion de its y de cancer de cuello uterino",metodos naturales: usuarias nuevas,2016-06-01,0,4,9,5,0,18
CHIMORE,"anticoncepcion, prevencion de its y de cancer de cuello uterino",metodos naturales: usuarias nuevas,2016-06-01,0,0,1,0,0,1
CHUA COCANI,"anticoncepcion, prevencion de its y de cancer de cuello uterino",metodos naturales: usuarias nuevas,2016-06-01,0,0,4,3,0,7
CHULUMANI (V. DE LA LIBERTAD),"anticoncepcion, prevencion de its y de cancer de cuello uterino",metodos naturales: usuarias nuevas,2016-06-01,1,5,19,3,0,28
CHUQUIHUTA AYLLU JUCUMANI,"anticoncepcion, prevencion de its y de cancer de cuello uterino",metodos naturales: usuarias nuevas,2016-06-01,0,2,2,1,0,5
CKOCHAS,"anticoncepcion, prevencion de its y de cancer de cuello uterino",metodos naturales: usuarias nuevas,2016-06-01,0,2,3,3,0,8
COBIJA,"anticoncepcion, prevencion de its y de cancer de cuello uterino",metodos naturales: usuarias nuevas,2016-06-01,0,5,28,20,0,53
COCAPATA,"anticoncepcion, prevencion de its y de cancer de cuello uterino",metodos naturales: usuarias nuevas,2016-06-01,0,0,3,1,0,4
COCHABAMBA,"anticoncepcion, prevencion de its y de cancer de cuello uterino",metodos naturales: usuarias nuevas,2016-06-01,0,8,66,4,1,79
COLCAPIRHUA,"anticoncepcion, prevencion de its y de cancer de cuello uterino",metodos naturales: usuarias nuevas,2016-06-01,0,5,16,3,0,24
COLOMI,"anticoncepcion, prevencion de its y de cancer de cuello uterino",metodos naturales: usuarias nuevas,2016-06-01,0,0,2,0,0,2
COLPA BELGICA,"anticoncepcion, prevencion de its y de cancer de cuello uterino",metodos naturales: usuarias nuevas,2016-06-01,0,0,2,0,0,2
COLQUECHACA,"anticoncepcion, prevencion de its y de cancer de cuello uterino",metodos naturales: usuarias nuevas,2016-06-01,0,4,9,1,0,14
COLQUIRI,"anticoncepcion, prevencion de its y de cancer de cuello uterino",metodos naturales: usuarias nuevas,2016-06-01,0,3,13,2,0,18
COMANCHE,"anticoncepcion, prevencion de its y de cancer de cuello uterino",metodos naturales: usuarias nuevas,2016-06-01,0,0,0,1,0,1
COMARAPA,"anticoncepcion, prevencion de its y de cancer de cuello uterino",metodos naturales: usuarias nuevas,2016-06-01,0,11,23,7,0,41
CORIPATA,"anticoncepcion, prevencion de its y de cancer de cuello uterino",metodos naturales: usuarias nuevas,2016-06-01,0,2,8,3,0,13
CORO CORO,"anticoncepcion, prevencion de its y de cancer de cuello uterino",metodos naturales: usuarias nuevas,2016-06-01,0,0,0,1,0,1
COROICO,"anticoncepcion, prevencion de its y de cancer de cuello uterino",metodos naturales: usuarias nuevas,2016-06-01,0,0,22,0,0,22
CORQUE,"anticoncepcion, prevencion de its y de cancer de cuello uterino",metodos naturales: usuarias nuevas,2016-06-01,0,1,0,1,0,2
COTAGAITA,"anticoncepcion, prevencion de its y de cancer de cuello uterino",metodos naturales: usuarias nuevas,2016-06-01,0,1,0,0,0,1
COTOCA,"anticoncepcion, prevencion de its y de cancer de cuello uterino",metodos naturales: usuarias nuevas,2016-06-01,0,2,5,0,0,7
CUATRO CAÑADAS,"anticoncepcion, prevencion de its y de cancer de cuello uterino",metodos naturales: usuarias nuevas,2016-06-01,0,2,3,0,0,5
CUCHUMUELA (V. G. VILLARROEL),"anticoncepcion, prevencion de its y de cancer de cuello uterino",metodos naturales: usuarias nuevas,2016-06-01,0,0,3,0,0,3
CULPINA,"anticoncepcion, prevencion de its y de cancer de cuello uterino",metodos naturales: usuarias nuevas,2016-06-01,0,2,5,7,0,14
CURAHUARA DE CARANGAS,"anticoncepcion, prevencion de its y de cancer de cuello uterino",metodos naturales: usuarias nuevas,2016-06-01,0,2,3,0,0,5
EL ALTO,"anticoncepcion, prevencion de its y de cancer de cuello uterino",metodos naturales: usuarias nuevas,2016-06-01,1,32,160,110,0,303
EL CHORO,"anticoncepcion, prevencion de its y de cancer de cuello uterino",metodos naturales: usuarias nuevas,2016-06-01,0,1,0,0,0,1
EL PUENTE(STC),"anticoncepcion, prevencion de its y de cancer de cuello uterino",metodos naturales: usuarias nuevas,2016-06-01,1,2,1,1,0,5
EL VILLAR,"anticoncepcion, prevencion de its y de cancer de cuello uterino",metodos naturales: usuarias nuevas,2016-06-01,0,0,2,0,0,2
ENTRE RIOS TRJ,"anticoncepcion, prevencion de its y de cancer de cuello uterino",metodos naturales: usuarias nuevas,2016-06-01,0,3,6,3,0,12
ENTRE RIOS CBBA,"anticoncepcion, prevencion de its y de cancer de cuello uterino",metodos naturales: usuarias nuevas,2016-06-01,0,0,5,2,0,7
EUCALIPTUS,"anticoncepcion, prevencion de its y de cancer de cuello uterino",metodos naturales: usuarias nuevas,2016-06-01,0,1,3,1,0,5
EUREKA (SANTOS MERCADO),"anticoncepcion, prevencion de its y de cancer de cuello uterino",metodos naturales: usuarias nuevas,2016-06-01,0,2,1,0,0,3
EXALTACION,"anticoncepcion, prevencion de its y de cancer de cuello uterino",metodos naturales: usuarias nuevas,2016-06-01,4,1,0,1,0,6
FERNANDEZ ALONSO,"anticoncepcion, prevencion de its y de cancer de cuello uterino",metodos naturales: usuarias nuevas,2016-06-01,0,0,1,0,0,1
GENERAL SAAVEDRA,"anticoncepcion, prevencion de its y de cancer de cuello uterino",metodos naturales: usuarias nuevas,2016-06-01,0,0,1,0,0,1
GUAQUI,"anticoncepcion, prevencion de its y de cancer de cuello uterino",metodos naturales: usuarias nuevas,2016-06-01,0,1,3,1,0,5
GUAYARAMERIN,"anticoncepcion, prevencion de its y de cancer de cuello uterino",metodos naturales: usuarias nuevas,2016-06-01,0,10,31,5,0,46
HUACARETA,"anticoncepcion, prevencion de its y de cancer de cuello uterino",metodos naturales: usuarias nuevas,2016-06-01,0,0,2,1,0,3
HUACHACALLA,"anticoncepcion, prevencion de its y de cancer de cuello uterino",metodos naturales: usuarias nuevas,2016-06-01,0,0,4,0,0,4
HUANUNI,"anticoncepcion, prevencion de its y de cancer de cuello uterino",metodos naturales: usuarias nuevas,2016-06-01,0,1,5,2,0,8
ICHOCA,"anticoncepcion, prevencion de its y de cancer de cuello uterino",metodos naturales: usuarias nuevas,2016-06-01,0,1,1,0,0,2
INCAHUASI,"anticoncepcion, prevencion de its y de cancer de cuello uterino",metodos naturales: usuarias nuevas,2016-06-01,2,13,4,3,0,22
INQUISIVI,"anticoncepcion, prevencion de its y de cancer de cuello uterino",metodos naturales: usuarias nuevas,2016-06-01,0,6,5,0,0,11
IRUPANA (VILLA DE LANZA),"anticoncepcion, prevencion de its y de cancer de cuello uterino",metodos naturales: usuarias nuevas,2016-06-01,0,1,11,2,0,14
IXIAMAS,"anticoncepcion, prevencion de its y de cancer de cuello uterino",metodos naturales: usuarias nuevas,2016-06-01,0,2,4,0,0,6
JESUS DE MACHACA,"anticoncepcion, prevencion de its y de cancer de cuello uterino",metodos naturales: usuarias nuevas,2016-06-01,0,2,1,0,0,3
LA ASUNTA,"anticoncepcion, prevencion de its y de cancer de cuello uterino",metodos naturales: usuarias nuevas,2016-06-01,0,16,27,2,0,45
LA GUARDIA,"anticoncepcion, prevencion de its y de cancer de cuello uterino",metodos naturales: usuarias nuevas,2016-06-01,0,1,0,0,0,1
LA PAZ,"anticoncepcion, prevencion de its y de cancer de cuello uterino",metodos naturales: usuarias nuevas,2016-06-01,7,50,124,62,2,245
LAGUNILLAS,"anticoncepcion, prevencion de its y de cancer de cuello uterino",metodos naturales: usuarias nuevas,2016-06-01,0,0,4,0,0,4
LAJA,"anticoncepcion, prevencion de its y de cancer de cuello uterino",metodos naturales: usuarias nuevas,2016-06-01,0,6,5,1,0,12
LICOMA PAMPA,"anticoncepcion, prevencion de its y de cancer de cuello uterino",metodos naturales: usuarias nuevas,2016-06-01,0,1,1,1,0,3
LLALLAGUA,"anticoncepcion, prevencion de its y de cancer de cuello uterino",metodos naturales: usuarias nuevas,2016-06-01,0,1,3,0,0,4
LORETO,"anticoncepcion, prevencion de its y de cancer de cuello uterino",metodos naturales: usuarias nuevas,2016-06-01,0,0,2,0,0,2
MAPIRI,"anticoncepcion, prevencion de its y de cancer de cuello uterino",metodos naturales: usuarias nuevas,2016-06-01,0,2,2,2,0,6
MINEROS,"anticoncepcion, prevencion de its y de cancer de cuello uterino",metodos naturales: usuarias nuevas,2016-06-01,0,2,0,0,0,2
MIZQUE,"anticoncepcion, prevencion de its y de cancer de cuello uterino",metodos naturales: usuarias nuevas,2016-06-01,0,7,15,1,0,23
MOCOMOCO,"anticoncepcion, prevencion de its y de cancer de cuello uterino",metodos naturales: usuarias nuevas,2016-06-01,0,1,0,1,0,2
MOJOCOYA,"anticoncepcion, prevencion de its y de cancer de cuello uterino",metodos naturales: usuarias nuevas,2016-06-01,0,2,4,3,0,9
MONTEAGUDO,"anticoncepcion, prevencion de its y de cancer de cuello uterino",metodos naturales: usuarias nuevas,2016-06-01,0,0,2,0,0,2
MONTERO,"anticoncepcion, prevencion de its y de cancer de cuello uterino",metodos naturales: usuarias nuevas,2016-06-01,0,3,9,1,0,13
MOROCHATA,"anticoncepcion, prevencion de its y de cancer de cuello uterino",metodos naturales: usuarias nuevas,2016-06-01,0,3,0,2,0,5
NUEVO MANOA (NUEVA ESPERANZA),"anticoncepcion, prevencion de its y de cancer de cuello uterino",metodos naturales: usuarias nuevas,2016-06-01,0,0,4,0,0,4
OCURI,"anticoncepcion, prevencion de its y de cancer de cuello uterino",metodos naturales: usuarias nuevas,2016-06-01,0,2,5,1,0,8
OMEREQUE,"anticoncepcion, prevencion de its y de cancer de cuello uterino",metodos naturales: usuarias nuevas,2016-06-01,0,1,5,1,0,7
ORURO,"anticoncepcion, prevencion de its y de cancer de cuello uterino",metodos naturales: usuarias nuevas,2016-06-01,0,4,51,4,0,59
PADILLA,"anticoncepcion, prevencion de its y de cancer de cuello uterino",metodos naturales: usuarias nuevas,2016-06-01,0,10,5,4,0,19
PAMPA AULLAGAS,"anticoncepcion, prevencion de its y de cancer de cuello uterino",metodos naturales: usuarias nuevas,2016-06-01,0,1,3,2,0,6
PAZÑA,"anticoncepcion, prevencion de its y de cancer de cuello uterino",metodos naturales: usuarias nuevas,2016-06-01,0,0,1,2,0,3
POCOATA,"anticoncepcion, prevencion de its y de cancer de cuello uterino",metodos naturales: usuarias nuevas,2016-06-01,0,2,8,5,0,15
POCONA,"anticoncepcion, prevencion de its y de cancer de cuello uterino",metodos naturales: usuarias nuevas,2016-06-01,0,0,0,1,0,1
POOPO,"anticoncepcion, prevencion de its y de cancer de cuello uterino",metodos naturales: usuarias nuevas,2016-06-01,0,1,1,0,0,2
PORCO,"anticoncepcion, prevencion de its y de cancer de cuello uterino",metodos naturales: usuarias nuevas,2016-06-01,0,0,6,2,0,8
POROMA,"anticoncepcion, prevencion de its y de cancer de cuello uterino",metodos naturales: usuarias nuevas,2016-06-01,0,1,0,0,0,1
PORONGO,"anticoncepcion, prevencion de its y de cancer de cuello uterino",metodos naturales: usuarias nuevas,2016-06-01,0,1,7,2,0,10
PORVENIR,"anticoncepcion, prevencion de its y de cancer de cuello uterino",metodos naturales: usuarias nuevas,2016-06-01,0,1,0,0,0,1
POTOSI,"anticoncepcion, prevencion de its y de cancer de cuello uterino",metodos naturales: usuarias nuevas,2016-06-01,0,3,7,1,0,11
PRESTO,"anticoncepcion, prevencion de its y de cancer de cuello uterino",metodos naturales: usuarias nuevas,2016-06-01,0,1,0,1,0,2
PUCARANI,"anticoncepcion, prevencion de its y de cancer de cuello uterino",metodos naturales: usuarias nuevas,2016-06-01,0,2,10,3,0,15
PUERTO ACOSTA,"anticoncepcion, prevencion de its y de cancer de cuello uterino",metodos naturales: usuarias nuevas,2016-06-01,0,1,0,1,0,2
PUERTO CARABUCO,"anticoncepcion, prevencion de its y de cancer de cuello uterino",metodos naturales: usuarias nuevas,2016-06-01,1,3,5,1,0,10
PUERTO GONZALO MORENO,"anticoncepcion, prevencion de its y de cancer de cuello uterino",metodos naturales: usuarias nuevas,2016-06-01,0,5,2,0,0,7
PUERTO PEREZ,"anticoncepcion, prevencion de its y de cancer de cuello uterino",metodos naturales: usuarias nuevas,2016-06-01,0,2,2,0,0,4
PUERTO RICO,"anticoncepcion, prevencion de its y de cancer de cuello uterino",metodos naturales: usuarias nuevas,2016-06-01,0,2,0,0,0,2
PUERTO VILLARROEL,"anticoncepcion, prevencion de its y de cancer de cuello uterino",metodos naturales: usuarias nuevas,2016-06-01,1,2,21,5,0,29
PUNA,"anticoncepcion, prevencion de its y de cancer de cuello uterino",metodos naturales: usuarias nuevas,2016-06-01,0,1,6,1,0,8
PUNATA,"anticoncepcion, prevencion de its y de cancer de cuello uterino",metodos naturales: usuarias nuevas,2016-06-01,0,14,36,9,0,59
QUILLACOLLO,"anticoncepcion, prevencion de its y de cancer de cuello uterino",metodos naturales: usuarias nuevas,2016-06-01,0,2,7,5,3,17
QUIME,"anticoncepcion, prevencion de its y de cancer de cuello uterino",metodos naturales: usuarias nuevas,2016-06-01,0,3,10,1,0,14
RAVELO,"anticoncepcion, prevencion de its y de cancer de cuello uterino",metodos naturales: usuarias nuevas,2016-06-01,0,2,4,1,0,7
REYES,"anticoncepcion, prevencion de its y de cancer de cuello uterino",metodos naturales: usuarias nuevas,2016-06-01,3,15,29,4,0,51
RIBERALTA,"anticoncepcion, prevencion de its y de cancer de cuello uterino",metodos naturales: usuarias nuevas,2016-06-01,1,53,73,24,0,151
ROBORE,"anticoncepcion, prevencion de its y de cancer de cuello uterino",metodos naturales: usuarias nuevas,2016-06-01,0,0,0,1,0,1
RURRENABAQUE,"anticoncepcion, prevencion de its y de cancer de cuello uterino",metodos naturales: usuarias nuevas,2016-06-01,0,7,4,1,0,12
SABAYA,"anticoncepcion, prevencion de its y de cancer de cuello uterino",metodos naturales: usuarias nuevas,2016-06-01,0,0,1,0,0,1
SACABA,"anticoncepcion, prevencion de its y de cancer de cuello uterino",metodos naturales: usuarias nuevas,2016-06-01,1,9,25,14,0,49
SACACA,"anticoncepcion, prevencion de its y de cancer de cuello uterino",metodos naturales: usuarias nuevas,2016-06-01,0,0,7,3,0,10
SALINAS DE GARCI MENDOZA,"anticoncepcion, prevencion de its y de cancer de cuello uterino",metodos naturales: usuarias nuevas,2016-06-01,0,5,8,1,0,14
SAN ANDRES,"anticoncepcion, prevencion de its y de cancer de cuello uterino",metodos naturales: usuarias nuevas,2016-06-01,0,3,2,1,0,6
SAN ANDRES DE MACHACA,"anticoncepcion, prevencion de its y de cancer de cuello uterino",metodos naturales: usuarias nuevas,2016-06-01,0,1,1,0,0,2
SAN ANTONIO DE ESMORUCO,"anticoncepcion, prevencion de its y de cancer de cuello uterino",metodos naturales: usuarias nuevas,2016-06-01,0,0,2,0,0,2
SAN ANTONIO DE LOMERIO,"anticoncepcion, prevencion de its y de cancer de cuello uterino",metodos naturales: usuarias nuevas,2016-06-01,0,0,7,0,0,7
SAN BORJA,"anticoncepcion, prevencion de its y de cancer de cuello uterino",metodos naturales: usuarias nuevas,2016-06-01,3,9,3,2,0,17
SAN BUENA VENTURA,"anticoncepcion, prevencion de its y de cancer de cuello uterino",metodos naturales: usuarias nuevas,2016-06-01,1,4,16,1,0,22
SAN CARLOS,"anticoncepcion, prevencion de its y de cancer de cuello uterino",metodos naturales: usuarias nuevas,2016-06-01,0,3,10,2,0,15
SAN IGNACIO,"anticoncepcion, prevencion de its y de cancer de cuello uterino",metodos naturales: usuarias nuevas,2016-06-01,2,10,7,0,0,19
SAN IGNACIO DE VELASCO,"anticoncepcion, prevencion de its y de cancer de cuello uterino",metodos naturales: usuarias nuevas,2016-06-01,0,3,5,0,1,9
SAN JUAN DE YAPACANI,"anticoncepcion, prevencion de its y de cancer de cuello uterino",metodos naturales: usuarias nuevas,2016-06-01,0,3,1,1,0,5
SAN JULIAN,"anticoncepcion, prevencion de its y de cancer de cuello uterino",metodos naturales: usuarias nuevas,2016-06-01,0,0,3,1,0,4
SAN LORENZO(PND),"anticoncepcion, prevencion de its y de cancer de cuello uterino",metodos naturales: usuarias nuevas,2016-06-01,0,0,2,2,0,4
SAN LUCAS,"anticoncepcion, prevencion de its y de cancer de cuello uterino",metodos naturales: usuarias nuevas,2016-06-01,0,3,8,3,0,14
SAN MIGUEL DE VELASCO,"anticoncepcion, prevencion de its y de cancer de cuello uterino",metodos naturales: usuarias nuevas,2016-06-01,0,2,2,0,0,4
SAN PEDRO DE BUENA VISTA,"anticoncepcion, prevencion de its y de cancer de cuello uterino",metodos naturales: usuarias nuevas,2016-06-01,0,10,31,6,0,47
SAN RAFAEL,"anticoncepcion, prevencion de its y de cancer de cuello uterino",metodos naturales: usuarias nuevas,2016-06-01,0,4,4,0,0,8
SANTA ANA,"anticoncepcion, prevencion de its y de cancer de cuello uterino",metodos naturales: usuarias nuevas,2016-06-01,1,11,19,6,0,37
SANTA CRUZ DE LA SIERRA,"anticoncepcion, prevencion de its y de cancer de cuello uterino",metodos naturales: usuarias nuevas,2016-06-01,18,26,47,22,0,113
SANTA ROSA,"anticoncepcion, prevencion de its y de cancer de cuello uterino",metodos naturales: usuarias nuevas,2016-06-01,0,2,0,0,0,2
SANTA ROSA DEL SARA,"anticoncepcion, prevencion de its y de cancer de cuello uterino",metodos naturales: usuarias nuevas,2016-06-01,0,2,8,1,0,11
SANTIAGO DE HUARI,"anticoncepcion, prevencion de its y de cancer de cuello uterino",metodos naturales: usuarias nuevas,2016-06-01,0,1,2,1,0,4
SANTIAGO DE HUATA,"anticoncepcion, prevencion de its y de cancer de cuello uterino",metodos naturales: usuarias nuevas,2016-06-01,0,0,1,0,0,1
SANTIAGO DE MACHACA,"anticoncepcion, prevencion de its y de cancer de cuello uterino",metodos naturales: usuarias nuevas,2016-06-01,0,3,0,0,0,3
SANTIVAÑES,"anticoncepcion, prevencion de its y de cancer de cuello uterino",metodos naturales: usuarias nuevas,2016-06-01,0,0,1,0,0,1
SANTUARIO DE QUILLACAS,"anticoncepcion, prevencion de its y de cancer de cuello uterino",metodos naturales: usuarias nuevas,2016-06-01,0,0,1,0,0,1
SAPAHAQUI,"anticoncepcion, prevencion de its y de cancer de cuello uterino",metodos naturales: usuarias nuevas,2016-06-01,0,0,1,0,0,1
SENA,"anticoncepcion, prevencion de its y de cancer de cuello uterino",metodos naturales: usuarias nuevas,2016-06-01,1,1,6,1,0,9
SOPACHUY,"anticoncepcion, prevencion de its y de cancer de cuello uterino",metodos naturales: usuarias nuevas,2016-06-01,0,4,4,2,0,10
SORACACHI,"anticoncepcion, prevencion de its y de cancer de cuello uterino",metodos naturales: usuarias nuevas,2016-06-01,0,1,4,0,0,5
SUCRE,"anticoncepcion, prevencion de its y de cancer de cuello uterino",metodos naturales: usuarias nuevas,2016-06-01,3,40,132,27,0,202
TACACOMA,"anticoncepcion, prevencion de its y de cancer de cuello uterino",metodos naturales: usuarias nuevas,2016-06-01,0,2,2,0,0,4
TACOPAYA,"anticoncepcion, prevencion de its y de cancer de cuello uterino",metodos naturales: usuarias nuevas,2016-06-01,0,0,3,4,0,7
TAHUA,"anticoncepcion, prevencion de its y de cancer de cuello uterino",metodos naturales: usuarias nuevas,2016-06-01,0,0,2,0,0,2
TAPACARI,"anticoncepcion, prevencion de its y de cancer de cuello uterino",metodos naturales: usuarias nuevas,2016-06-01,1,0,8,4,0,13
TARACO,"anticoncepcion, prevencion de its y de cancer de cuello uterino",metodos naturales: usuarias nuevas,2016-06-01,0,1,3,0,0,4
TARATA,"anticoncepcion, prevencion de its y de cancer de cuello uterino",metodos naturales: usuarias nuevas,2016-06-01,0,2,2,0,0,4
TARIJA,"anticoncepcion, prevencion de its y de cancer de cuello uterino",metodos naturales: usuarias nuevas,2016-06-01,0,0,3,2,0,5
TARVITA,"anticoncepcion, prevencion de its y de cancer de cuello uterino",metodos naturales: usuarias nuevas,2016-06-01,0,0,1,1,0,2
TIAWANACU,"anticoncepcion, prevencion de its y de cancer de cuello uterino",metodos naturales: usuarias nuevas,2016-06-01,0,2,5,1,0,8
TINGUIPAYA,"anticoncepcion, prevencion de its y de cancer de cuello uterino",metodos naturales: usuarias nuevas,2016-06-01,0,0,1,1,0,2
TIQUIPAYA,"anticoncepcion, prevencion de its y de cancer de cuello uterino",metodos naturales: usuarias nuevas,2016-06-01,0,0,1,1,0,2
TIRAQUE (CBBA),"anticoncepcion, prevencion de its y de cancer de cuello uterino",metodos naturales: usuarias nuevas,2016-06-01,0,0,2,2,0,4
TOCO,"anticoncepcion, prevencion de its y de cancer de cuello uterino",metodos naturales: usuarias nuevas,2016-06-01,0,1,1,0,0,2
TOLATA,"anticoncepcion, prevencion de its y de cancer de cuello uterino",metodos naturales: usuarias nuevas,2016-06-01,0,1,0,0,0,1
TOLEDO,"anticoncepcion, prevencion de its y de cancer de cuello uterino",metodos naturales: usuarias nuevas,2016-06-01,0,0,2,1,0,3
TOMAVE,"anticoncepcion, prevencion de its y de cancer de cuello uterino",metodos naturales: usuarias nuevas,2016-06-01,0,0,1,0,0,1
TOMINA,"anticoncepcion, prevencion de its y de cancer de cuello uterino",metodos naturales: usuarias nuevas,2016-06-01,0,3,3,2,0,8
TORO TORO,"anticoncepcion, prevencion de its y de cancer de cuello uterino",metodos naturales: usuarias nuevas,2016-06-01,0,4,13,1,0,18
TOTORA(CBBA),"anticoncepcion, prevencion de its y de cancer de cuello uterino",metodos naturales: usuarias nuevas,2016-06-01,0,6,11,9,0,26
TOTORA(ORR),"anticoncepcion, prevencion de its y de cancer de cuello uterino",metodos naturales: usuarias nuevas,2016-06-01,0,1,3,0,0,4
TRINIDAD,"anticoncepcion, prevencion de its y de cancer de cuello uterino",metodos naturales: usuarias nuevas,2016-06-01,2,22,36,4,0,64
TUPIZA,"anticoncepcion, prevencion de its y de cancer de cuello uterino",metodos naturales: usuarias nuevas,2016-06-01,0,1,2,3,0,6
TURCO,"anticoncepcion, prevencion de its y de cancer de cuello uterino",metodos naturales: usuarias nuevas,2016-06-01,0,0,1,0,0,1
UNCIA,"anticoncepcion, prevencion de its y de cancer de cuello uterino",metodos naturales: usuarias nuevas,2016-06-01,0,1,1,2,0,4
URIONDO (A. CONCEPCION),"anticoncepcion, prevencion de its y de cancer de cuello uterino",metodos naturales: usuarias nuevas,2016-06-01,0,0,3,0,0,3
VACAS,"anticoncepcion, prevencion de its y de cancer de cuello uterino",metodos naturales: usuarias nuevas,2016-06-01,0,1,1,2,0,4
VILLA CHARCAS,"anticoncepcion, prevencion de its y de cancer de cuello uterino",metodos naturales: usuarias nuevas,2016-06-01,0,4,1,0,0,5
VILLA RIVERO,"anticoncepcion, prevencion de its y de cancer de cuello uterino",metodos naturales: usuarias nuevas,2016-06-01,0,4,4,2,0,10
VILLA SERRANO,"anticoncepcion, prevencion de its y de cancer de cuello uterino",metodos naturales: usuarias nuevas,2016-06-01,0,3,2,1,0,6
VILLA TUNARI,"anticoncepcion, prevencion de its y de cancer de cuello uterino",metodos naturales: usuarias nuevas,2016-06-01,1,3,7,0,0,11
VILLA VACA GUZMAN (MUYUPAMPA),"anticoncepcion, prevencion de its y de cancer de cuello uterino",metodos naturales: usuarias nuevas,2016-06-01,0,2,0,0,0,2
VILLAZON,"anticoncepcion, prevencion de its y de cancer de cuello uterino",metodos naturales: usuarias nuevas,2016-06-01,0,2,1,1,0,4
VINTO,"anticoncepcion, prevencion de its y de cancer de cuello uterino",metodos naturales: usuarias nuevas,2016-06-01,0,1,20,3,0,24
VITICHI,"anticoncepcion, prevencion de its y de cancer de cuello uterino",metodos naturales: usuarias nuevas,2016-06-01,0,0,2,0,0,2
WARNES,"anticoncepcion, prevencion de its y de cancer de cuello uterino",metodos naturales: usuarias nuevas,2016-06-01,0,0,0,1,0,1
YACUIBA,"anticoncepcion, prevencion de its y de cancer de cuello uterino",metodos naturales: usuarias nuevas,2016-06-01,0,0,0,1,0,1
YAMPARAEZ,"anticoncepcion, prevencion de its y de cancer de cuello uterino",metodos naturales: usuarias nuevas,2016-06-01,0,1,1,3,0,5
YANACACHI,"anticoncepcion, prevencion de its y de cancer de cuello uterino",metodos naturales: usuarias nuevas,2016-06-01,0,1,3,1,0,5
YAPACANI,"anticoncepcion, prevencion de its y de cancer de cuello uterino",metodos naturales: usuarias nuevas,2016-06-01,0,4,10,1,0,15
YOTALA,"anticoncepcion, prevencion de its y de cancer de cuello uterino",metodos naturales: usuarias nuevas,2016-06-01,0,2,6,1,0,9
ACACIO,"anticoncepcion, prevencion de its y de cancer de cuello uterino",metodos naturales: usuarias nuevas,2016-07-01,0,1,1,1,0,3
ACHACACHI,"anticoncepcion, prevencion de its y de cancer de cuello uterino",metodos naturales: usuarias nuevas,2016-07-01,0,0,1,2,0,3
ACHOCALLA,"anticoncepcion, prevencion de its y de cancer de cuello uterino",metodos naturales: usuarias nuevas,2016-07-01,0,2,5,0,0,7
ALCALA,"anticoncepcion, prevencion de its y de cancer de cuello uterino",metodos naturales: usuarias nuevas,2016-07-01,0,1,2,1,0,4
ANCORAIMES,"anticoncepcion, prevencion de its y de cancer de cuello uterino",metodos naturales: usuarias nuevas,2016-07-01,0,3,5,0,0,8
ANDAMARCA,"anticoncepcion, prevencion de its y de cancer de cuello uterino",metodos naturales: usuarias nuevas,2016-07-01,0,1,1,0,0,2
ANZALDO,"anticoncepcion, prevencion de its y de cancer de cuello uterino",metodos naturales: usuarias nuevas,2016-07-01,0,0,2,1,0,3
APOLO,"anticoncepcion, prevencion de its y de cancer de cuello uterino",metodos naturales: usuarias nuevas,2016-07-01,0,2,5,2,0,9
ARBIETO,"anticoncepcion, prevencion de its y de cancer de cuello uterino",metodos naturales: usuarias nuevas,2016-07-01,0,0,9,3,1,13
ARQUE,"anticoncepcion, prevencion de its y de cancer de cuello uterino",metodos naturales: usuarias nuevas,2016-07-01,0,0,1,0,0,1
ATOCHA,"anticoncepcion, prevencion de its y de cancer de cuello uterino",metodos naturales: usuarias nuevas,2016-07-01,0,1,1,0,0,2
AYO AYO,"anticoncepcion, prevencion de its y de cancer de cuello uterino",metodos naturales: usuarias nuevas,2016-07-01,0,1,2,0,0,3
AYOPAYA (V. DE INDEPENDENCIA),"anticoncepcion, prevencion de its y de cancer de cuello uterino",metodos naturales: usuarias nuevas,2016-07-01,0,0,6,5,0,11
BATALLAS,"anticoncepcion, prevencion de its y de cancer de cuello uterino",metodos naturales: usuarias nuevas,2016-07-01,0,0,9,3,0,12
BAURES,"anticoncepcion, prevencion de its y de cancer de cuello uterino",metodos naturales: usuarias nuevas,2016-07-01,0,1,0,0,0,1
BELLA FLOR,"anticoncepcion, prevencion de its y de cancer de cuello uterino",metodos naturales: usuarias nuevas,2016-07-01,0,1,1,0,0,2
BOYUIBE,"anticoncepcion, prevencion de its y de cancer de cuello uterino",metodos naturales: usuarias nuevas,2016-07-01,0,0,1,0,0,1
"CAIZA ""D""","anticoncepcion, prevencion de its y de cancer de cuello uterino",metodos naturales: usuarias nuevas,2016-07-01,0,0,4,0,0,4
CAJUATA,"anticoncepcion, prevencion de its y de cancer de cuello uterino",metodos naturales: usuarias nuevas,2016-07-01,0,4,16,0,0,20
CALAMARCA,"anticoncepcion, prevencion de its y de cancer de cuello uterino",metodos naturales: usuarias nuevas,2016-07-01,0,3,9,1,0,13
CAMATAQUI (C. VILLA ABECIA),"anticoncepcion, prevencion de its y de cancer de cuello uterino",metodos naturales: usuarias nuevas,2016-07-01,0,3,2,0,0,5
CARACOLLO,"anticoncepcion, prevencion de its y de cancer de cuello uterino",metodos naturales: usuarias nuevas,2016-07-01,0,2,12,5,0,19
CARIPUYO,"anticoncepcion, prevencion de its y de cancer de cuello uterino",metodos naturales: usuarias nuevas,2016-07-01,0,0,4,1,0,5
CHALLAPATA,"anticoncepcion, prevencion de its y de cancer de cuello uterino",metodos naturales: usuarias nuevas,2016-07-01,0,7,41,9,0,57
CHAQUI,"anticoncepcion, prevencion de its y de cancer de cuello uterino",metodos naturales: usuarias nuevas,2016-07-01,0,1,8,3,0,12
CHAYANTA,"anticoncepcion, prevencion de its y de cancer de cuello uterino",metodos naturales: usuarias nuevas,2016-07-01,0,2,10,4,0,16
CHIMORE,"anticoncepcion, prevencion de its y de cancer de cuello uterino",metodos naturales: usuarias nuevas,2016-07-01,0,0,1,1,0,2
CHOQUE COTA,"anticoncepcion, prevencion de its y de cancer de cuello uterino",metodos naturales: usuarias nuevas,2016-07-01,1,0,1,1,0,3
CHUA COCANI,"anticoncepcion, prevencion de its y de cancer de cuello uterino",metodos naturales: usuarias nuevas,2016-07-01,0,1,3,0,0,4
CHULUMANI (V. DE LA LIBERTAD),"anticoncepcion, prevencion de its y de cancer de cuello uterino",metodos naturales: usuarias nuevas,2016-07-01,0,9,20,5,0,34
CHUQUIHUTA AYLLU JUCUMANI,"anticoncepcion, prevencion de its y de cancer de cuello uterino",metodos naturales: usuarias nuevas,2016-07-01,0,1,5,0,0,6
CKOCHAS,"anticoncepcion, prevencion de its y de cancer de cuello uterino",metodos naturales: usuarias nuevas,2016-07-01,0,5,5,2,0,12
COBIJA,"anticoncepcion, prevencion de its y de cancer de cuello uterino",metodos naturales: usuarias nuevas,2016-07-01,2,5,48,28,0,83
COCAPATA,"anticoncepcion, prevencion de its y de cancer de cuello uterino",metodos naturales: usuarias nuevas,2016-07-01,0,1,3,0,0,4
COCHABAMBA,"anticoncepcion, prevencion de its y de cancer de cuello uterino",metodos naturales: usuarias nuevas,2016-07-01,0,33,129,17,1,180
COLCAPIRHUA,"anticoncepcion, prevencion de its y de cancer de cuello uterino",metodos naturales: usuarias nuevas,2016-07-01,0,3,2,2,0,7
"COLCHA ""K""","anticoncepcion, prevencion de its y de cancer de cuello uterino",metodos naturales: usuarias nuevas,2016-07-01,0,2,4,0,0,6
COLOMI,"anticoncepcion, prevencion de its y de cancer de cuello uterino",metodos naturales: usuarias nuevas,2016-07-01,1,0,1,0,0,2
COLPA BELGICA,"anticoncepcion, prevencion de its y de cancer de cuello uterino",metodos naturales: usuarias nuevas,2016-07-01,0,0,3,0,0,3
COLQUECHACA,"anticoncepcion, prevencion de its y de cancer de cuello uterino",metodos naturales: usuarias nuevas,2016-07-01,0,1,11,0,0,12
COLQUIRI,"anticoncepcion, prevencion de its y de cancer de cuello uterino",metodos naturales: usuarias nuevas,2016-07-01,0,4,14,1,0,19
COMARAPA,"anticoncepcion, prevencion de its y de cancer de cuello uterino",metodos naturales: usuarias nuevas,2016-07-01,0,6,21,3,0,30
CORIPATA,"anticoncepcion, prevencion de its y de cancer de cuello uterino",metodos naturales: usuarias nuevas,2016-07-01,0,4,9,2,0,15
COROICO,"anticoncepcion, prevencion de its y de cancer de cuello uterino",metodos naturales: usuarias nuevas,2016-07-01,0,0,2,0,0,2
CORQUE,"anticoncepcion, prevencion de its y de cancer de cuello uterino",metodos naturales: usuarias nuevas,2016-07-01,0,1,1,3,0,5
COTOCA,"anticoncepcion, prevencion de its y de cancer de cuello uterino",metodos naturales: usuarias nuevas,2016-07-01,0,3,6,0,0,9
CULPINA,"anticoncepcion, prevencion de its y de cancer de cuello uterino",metodos naturales: usuarias nuevas,2016-07-01,3,11,6,2,0,22
CURAHUARA DE CARANGAS,"anticoncepcion, prevencion de its y de cancer de cuello uterino",metodos naturales: usuarias nuevas,2016-07-01,0,2,3,1,0,6
EL ALTO,"anticoncepcion, prevencion de its y de cancer de cuello uterino",metodos naturales: usuarias nuevas,2016-07-01,0,20,138,287,0,445
EL CHORO,"anticoncepcion, prevencion de its y de cancer de cuello uterino",metodos naturales: usuarias nuevas,2016-07-01,0,0,1,0,0,1
EL PUENTE(STC),"anticoncepcion, prevencion de its y de cancer de cuello uterino",metodos naturales: usuarias nuevas,2016-07-01,0,1,2,1,0,4
ENTRE RIOS TRJ,"anticoncepcion, prevencion de its y de cancer de cuello uterino",metodos naturales: usuarias nuevas,2016-07-01,0,6,4,1,0,11
ENTRE RIOS CBBA,"anticoncepcion, prevencion de its y de cancer de cuello uterino",metodos naturales: usuarias nuevas,2016-07-01,0,1,3,1,0,5
EUCALIPTUS,"anticoncepcion, prevencion de its y de cancer de cuello uterino",metodos naturales: usuarias nuevas,2016-07-01,0,1,1,0,0,2
FILADELFIA,"anticoncepcion, prevencion de its y de cancer de cuello uterino",metodos naturales: usuarias nuevas,2016-07-01,0,0,1,0,0,1
GENERAL SAAVEDRA,"anticoncepcion, prevencion de its y de cancer de cuello uterino",metodos naturales: usuarias nuevas,2016-07-01,0,0,1,1,0,2
GUAQUI,"anticoncepcion, prevencion de its y de cancer de cuello uterino",metodos naturales: usuarias nuevas,2016-07-01,0,1,9,0,0,10
GUAYARAMERIN,"anticoncepcion, prevencion de its y de cancer de cuello uterino",metodos naturales: usuarias nuevas,2016-07-01,2,8,20,5,0,35
HUACARETA,"anticoncepcion, prevencion de its y de cancer de cuello uterino",metodos naturales: usuarias nuevas,2016-07-01,0,1,3,0,0,4
HUACHACALLA,"anticoncepcion, prevencion de its y de cancer de cuello uterino",metodos naturales: usuarias nuevas,2016-07-01,0,0,0,1,0,1
HUANUNI,"anticoncepcion, prevencion de its y de cancer de cuello uterino",metodos naturales: usuarias nuevas,2016-07-01,0,0,7,4,0,11
ICHOCA,"anticoncepcion, prevencion de its y de cancer de cuello uterino",metodos naturales: usuarias nuevas,2016-07-01,0,0,4,0,0,4
INCAHUASI,"anticoncepcion, prevencion de its y de cancer de cuello uterino",metodos naturales: usuarias nuevas,2016-07-01,0,0,9,1,0,10
INQUISIVI,"anticoncepcion, prevencion de its y de cancer de cuello uterino",metodos naturales: usuarias nuevas,2016-07-01,0,6,11,0,0,17
IRUPANA (VILLA DE LANZA),"anticoncepcion, prevencion de its y de cancer de cuello uterino",metodos naturales: usuarias nuevas,2016-07-01,0,0,8,0,0,8
IXIAMAS,"anticoncepcion, prevencion de its y de cancer de cuello uterino",metodos naturales: usuarias nuevas,2016-07-01,1,2,8,2,0,13
LA ASUNTA,"anticoncepcion, prevencion de its y de cancer de cuello uterino",metodos naturales: usuarias nuevas,2016-07-01,0,16,32,6,0,54
LA PAZ,"anticoncepcion, prevencion de its y de cancer de cuello uterino",metodos naturales: usuarias nuevas,2016-07-01,4,60,288,75,1,428
LAGUNILLAS,"anticoncepcion, prevencion de its y de cancer de cuello uterino",metodos naturales: usuarias nuevas,2016-07-01,0,0,2,0,0,2
LAJA,"anticoncepcion, prevencion de its y de cancer de cuello uterino",metodos naturales: usuarias nuevas,2016-07-01,0,1,11,0,0,12
LICOMA PAMPA,"anticoncepcion, prevencion de its y de cancer de cuello uterino",metodos naturales: usuarias nuevas,2016-07-01,0,0,0,1,0,1
LLALLAGUA,"anticoncepcion, prevencion de its y de cancer de cuello uterino",metodos naturales: usuarias nuevas,2016-07-01,0,1,12,1,0,14
MACHACAMARCA,"anticoncepcion, prevencion de its y de cancer de cuello uterino",metodos naturales: usuarias nuevas,2016-07-01,0,1,1,0,0,2
MAGDALENA,"anticoncepcion, prevencion de its y de cancer de cuello uterino",metodos naturales: usuarias nuevas,2016-07-01,0,3,10,0,0,13
MAPIRI,"anticoncepcion, prevencion de its y de cancer de cuello uterino",metodos naturales: usuarias nuevas,2016-07-01,0,4,14,0,0,18
MINEROS,"anticoncepcion, prevencion de its y de cancer de cuello uterino",metodos naturales: usuarias nuevas,2016-07-01,0,1,2,0,0,3
MIZQUE,"anticoncepcion, prevencion de its y de cancer de cuello uterino",metodos naturales: usuarias nuevas,2016-07-01,0,4,14,4,0,22
MOCOMOCO,"anticoncepcion, prevencion de its y de cancer de cuello uterino",metodos naturales: usuarias nuevas,2016-07-01,0,1,2,0,0,3
MONTEAGUDO,"anticoncepcion, prevencion de its y de cancer de cuello uterino",metodos naturales: usuarias nuevas,2016-07-01,0,0,1,0,0,1
MONTERO,"anticoncepcion, prevencion de its y de cancer de cuello uterino",metodos naturales: usuarias nuevas,2016-07-01,0,3,5,1,0,9
MOROCHATA,"anticoncepcion, prevencion de its y de cancer de cuello uterino",metodos naturales: usuarias nuevas,2016-07-01,0,2,7,0,0,9
OCURI,"anticoncepcion, prevencion de its y de cancer de cuello uterino",metodos naturales: usuarias nuevas,2016-07-01,0,2,5,2,0,9
OMEREQUE,"anticoncepcion, prevencion de its y de cancer de cuello uterino",metodos naturales: usuarias nuevas,2016-07-01,0,8,2,3,0,13
ORURO,"anticoncepcion, prevencion de its y de cancer de cuello uterino",metodos naturales: usuarias nuevas,2016-07-01,1,2,34,3,0,40
PADILLA,"anticoncepcion, prevencion de its y de cancer de cuello uterino",metodos naturales: usuarias nuevas,2016-07-01,0,7,12,3,0,22
PAMPA AULLAGAS,"anticoncepcion, prevencion de its y de cancer de cuello uterino",metodos naturales: usuarias nuevas,2016-07-01,0,3,6,1,1,11
PASORAPA,"anticoncepcion, prevencion de its y de cancer de cuello uterino",metodos naturales: usuarias nuevas,2016-07-01,0,1,1,0,0,2
POCOATA,"anticoncepcion, prevencion de its y de cancer de cuello uterino",metodos naturales: usuarias nuevas,2016-07-01,0,5,13,9,0,27
POCONA,"anticoncepcion, prevencion de its y de cancer de cuello uterino",metodos naturales: usuarias nuevas,2016-07-01,0,2,2,0,0,4
POOPO,"anticoncepcion, prevencion de its y de cancer de cuello uterino",metodos naturales: usuarias nuevas,2016-07-01,0,0,1,0,0,1
PORCO,"anticoncepcion, prevencion de its y de cancer de cuello uterino",metodos naturales: usuarias nuevas,2016-07-01,0,2,7,0,0,9
POROMA,"anticoncepcion, prevencion de its y de cancer de cuello uterino",metodos naturales: usuarias nuevas,2016-07-01,0,2,2,2,0,6
PORONGO,"anticoncepcion, prevencion de its y de cancer de cuello uterino",metodos naturales: usuarias nuevas,2016-07-01,0,3,2,0,0,5
PORTACHUELO,"anticoncepcion, prevencion de its y de cancer de cuello uterino",metodos naturales: usuarias nuevas,2016-07-01,0,3,5,1,0,9
POTOSI,"anticoncepcion, prevencion de its y de cancer de cuello uterino",metodos naturales: usuarias nuevas,2016-07-01,0,8,21,22,0,51
PRESTO,"anticoncepcion, prevencion de its y de cancer de cuello uterino",metodos naturales: usuarias nuevas,2016-07-01,0,1,0,0,0,1
PUCARA,"anticoncepcion, prevencion de its y de cancer de cuello uterino",metodos naturales: usuarias nuevas,2016-07-01,0,0,1,0,0,1
PUCARANI,"anticoncepcion, prevencion de its y de cancer de cuello uterino",metodos naturales: usuarias nuevas,2016-07-01,1,4,8,2,0,15
PUERTO ACOSTA,"anticoncepcion, prevencion de its y de cancer de cuello uterino",metodos naturales: usuarias nuevas,2016-07-01,0,0,4,2,1,7
PUERTO CARABUCO,"anticoncepcion, prevencion de its y de cancer de cuello uterino",metodos naturales: usuarias nuevas,2016-07-01,0,0,0,1,0,1
PUERTO GONZALO MORENO,"anticoncepcion, prevencion de its y de cancer de cuello uterino",metodos naturales: usuarias nuevas,2016-07-01,0,1,0,1,0,2
PUERTO PEREZ,"anticoncepcion, prevencion de its y de cancer de cuello uterino",metodos naturales: usuarias nuevas,2016-07-01,0,0,2,0,0,2
PUERTO RICO,"anticoncepcion, prevencion de its y de cancer de cuello uterino",metodos naturales: usuarias nuevas,2016-07-01,0,4,1,0,0,5
PUERTO VILLARROEL,"anticoncepcion, prevencion de its y de cancer de cuello uterino",metodos naturales: usuarias nuevas,2016-07-01,0,3,6,3,0,12
PUNA,"anticoncepcion, prevencion de its y de cancer de cuello uterino",metodos naturales: usuarias nuevas,2016-07-01,0,1,4,1,0,6
PUNATA,"anticoncepcion, prevencion de its y de cancer de cuello uterino",metodos naturales: usuarias nuevas,2016-07-01,0,19,51,9,0,79
QUILLACOLLO,"anticoncepcion, prevencion de its y de cancer de cuello uterino",metodos naturales: usuarias nuevas,2016-07-01,0,0,8,1,0,9
QUIME,"anticoncepcion, prevencion de its y de cancer de cuello uterino",metodos naturales: usuarias nuevas,2016-07-01,0,3,0,0,0,3
RAVELO,"anticoncepcion, prevencion de its y de cancer de cuello uterino",metodos naturales: usuarias nuevas,2016-07-01,1,1,1,2,0,5
REYES,"anticoncepcion, prevencion de its y de cancer de cuello uterino",metodos naturales: usuarias nuevas,2016-07-01,1,8,39,0,0,48
RIBERALTA,"anticoncepcion, prevencion de its y de cancer de cuello uterino",metodos naturales: usuarias nuevas,2016-07-01,1,43,96,27,1,168
SABAYA,"anticoncepcion, prevencion de its y de cancer de cuello uterino",metodos naturales: usuarias nuevas,2016-07-01,0,1,1,0,0,2
SACABA,"anticoncepcion, prevencion de its y de cancer de cuello uterino",metodos naturales: usuarias nuevas,2016-07-01,0,3,13,7,0,23
SACACA,"anticoncepcion, prevencion de its y de cancer de cuello uterino",metodos naturales: usuarias nuevas,2016-07-01,0,2,5,3,0,10
SALINAS DE GARCI MENDOZA,"anticoncepcion, prevencion de its y de cancer de cuello uterino",metodos naturales: usuarias nuevas,2016-07-01,0,1,6,3,0,10
SAMAIPATA,"anticoncepcion, prevencion de its y de cancer de cuello uterino",metodos naturales: usuarias nuevas,2016-07-01,0,1,0,0,0,1
SAN ANDRES,"anticoncepcion, prevencion de its y de cancer de cuello uterino",metodos naturales: usuarias nuevas,2016-07-01,0,1,5,0,0,6
SAN ANDRES DE MACHACA,"anticoncepcion, prevencion de its y de cancer de cuello uterino",metodos naturales: usuarias nuevas,2016-07-01,0,0,4,0,0,4
SAN BENITO,"anticoncepcion, prevencion de its y de cancer de cuello uterino",metodos naturales: usuarias nuevas,2016-07-01,0,0,3,1,0,4
SAN BORJA,"anticoncepcion, prevencion de its y de cancer de cuello uterino",metodos naturales: usuarias nuevas,2016-07-01,2,10,4,0,0,16
SAN BUENA VENTURA,"anticoncepcion, prevencion de its y de cancer de cuello uterino",metodos naturales: usuarias nuevas,2016-07-01,2,4,11,2,0,19
SAN CARLOS,"anticoncepcion, prevencion de its y de cancer de cuello uterino",metodos naturales: usuarias nuevas,2016-07-01,1,8,10,6,0,25
SAN IGNACIO,"anticoncepcion, prevencion de its y de cancer de cuello uterino",metodos naturales: usuarias nuevas,2016-07-01,0,6,2,1,0,9
SAN IGNACIO DE VELASCO,"anticoncepcion, prevencion de its y de cancer de cuello uterino",metodos naturales: usuarias nuevas,2016-07-01,0,0,0,1,0,1
SAN JAVIER(BNI),"anticoncepcion, prevencion de its y de cancer de cuello uterino",metodos naturales: usuarias nuevas,2016-07-01,0,2,0,0,0,2
SAN JUAN DE YAPACANI,"anticoncepcion, prevencion de its y de cancer de cuello uterino",metodos naturales: usuarias nuevas,2016-07-01,0,1,6,1,0,8
SAN JULIAN,"anticoncepcion, prevencion de its y de cancer de cuello uterino",metodos naturales: usuarias nuevas,2016-07-01,0,0,3,0,0,3
SAN LORENZO(TJA),"anticoncepcion, prevencion de its y de cancer de cuello uterino",metodos naturales: usuarias nuevas,2016-07-01,0,0,0,1,0,1
SAN LUCAS,"anticoncepcion, prevencion de its y de cancer de cuello uterino",metodos naturales: usuarias nuevas,2016-07-01,0,1,3,2,0,6
SAN MATIAS,"anticoncepcion, prevencion de its y de cancer de cuello uterino",metodos naturales: usuarias nuevas,2016-07-01,0,6,6,1,0,13
SAN MIGUEL DE VELASCO,"anticoncepcion, prevencion de its y de cancer de cuello uterino",metodos naturales: usuarias nuevas,2016-07-01,1,4,1,0,0,6
SAN PEDRO DE BUENA VISTA,"anticoncepcion, prevencion de its y de cancer de cuello uterino",metodos naturales: usuarias nuevas,2016-07-01,0,5,28,13,0,46
SAN PEDRO DE TIQUINA,"anticoncepcion, prevencion de its y de cancer de cuello uterino",metodos naturales: usuarias nuevas,2016-07-01,0,3,1,2,0,6
SAN RAFAEL,"anticoncepcion, prevencion de its y de cancer de cuello uterino",metodos naturales: usuarias nuevas,2016-07-01,0,0,5,0,0,5
SAN RAMON BENI,"anticoncepcion, prevencion de its y de cancer de cuello uterino",metodos naturales: usuarias nuevas,2016-07-01,0,1,0,0,0,1
SANTA ANA,"anticoncepcion, prevencion de its y de cancer de cuello uterino",metodos naturales: usuarias nuevas,2016-07-01,2,12,26,3,0,43
SANTA CRUZ DE LA SIERRA,"anticoncepcion, prevencion de its y de cancer de cuello uterino",metodos naturales: usuarias nuevas,2016-07-01,18,33,55,61,2,169
SANTA ROSA,"anticoncepcion, prevencion de its y de cancer de cuello uterino",metodos naturales: usuarias nuevas,2016-07-01,0,2,12,0,0,14
SANTA ROSA DEL SARA,"anticoncepcion, prevencion de its y de cancer de cuello uterino",metodos naturales: usuarias nuevas,2016-07-01,0,0,4,2,0,6
SANTIAGO DE CALLAPA,"anticoncepcion, prevencion de its y de cancer de cuello uterino",metodos naturales: usuarias nuevas,2016-07-01,0,1,0,0,0,1
SANTIAGO DE HUARI,"anticoncepcion, prevencion de its y de cancer de cuello uterino",metodos naturales: usuarias nuevas,2016-07-01,0,2,5,2,0,9
SANTIAGO DE HUATA,"anticoncepcion, prevencion de its y de cancer de cuello uterino",metodos naturales: usuarias nuevas,2016-07-01,0,1,1,0,0,2
SANTIAGO DE MACHACA,"anticoncepcion, prevencion de its y de cancer de cuello uterino",metodos naturales: usuarias nuevas,2016-07-01,0,1,4,0,0,5
SANTUARIO DE QUILLACAS,"anticoncepcion, prevencion de its y de cancer de cuello uterino",metodos naturales: usuarias nuevas,2016-07-01,0,0,2,2,0,4
SAPAHAQUI,"anticoncepcion, prevencion de its y de cancer de cuello uterino",metodos naturales: usuarias nuevas,2016-07-01,0,1,5,0,0,6
SENA,"anticoncepcion, prevencion de its y de cancer de cuello uterino",metodos naturales: usuarias nuevas,2016-07-01,0,1,4,0,0,5
SIPE SIPE,"anticoncepcion, prevencion de its y de cancer de cuello uterino",metodos naturales: usuarias nuevas,2016-07-01,0,0,1,0,0,1
SOPACHUY,"anticoncepcion, prevencion de its y de cancer de cuello uterino",metodos naturales: usuarias nuevas,2016-07-01,0,1,0,1,0,2
SORACACHI,"anticoncepcion, prevencion de its y de cancer de cuello uterino",metodos naturales: usuarias nuevas,2016-07-01,0,0,1,0,0,1
SUCRE,"anticoncepcion, prevencion de its y de cancer de cuello uterino",metodos naturales: usuarias nuevas,2016-07-01,1,61,195,43,1,301
TACOPAYA,"anticoncepcion, prevencion de its y de cancer de cuello uterino",metodos naturales: usuarias nuevas,2016-07-01,0,0,11,3,0,14
TAPACARI,"anticoncepcion, prevencion de its y de cancer de cuello uterino",metodos naturales: usuarias nuevas,2016-07-01,0,2,1,0,0,3
TARACO,"anticoncepcion, prevencion de its y de cancer de cuello uterino",metodos naturales: usuarias nuevas,2016-07-01,0,0,0,1,0,1
TARATA,"anticoncepcion, prevencion de its y de cancer de cuello uterino",metodos naturales: usuarias nuevas,2016-07-01,0,0,4,0,0,4
TARVITA,"anticoncepcion, prevencion de its y de cancer de cuello uterino",metodos naturales: usuarias nuevas,2016-07-01,0,2,3,2,0,7
TEOPONTE,"anticoncepcion, prevencion de its y de cancer de cuello uterino",metodos naturales: usuarias nuevas,2016-07-01,0,3,5,2,0,10
TIAWANACU,"anticoncepcion, prevencion de its y de cancer de cuello uterino",metodos naturales: usuarias nuevas,2016-07-01,0,0,3,1,0,4
TINGUIPAYA,"anticoncepcion, prevencion de its y de cancer de cuello uterino",metodos naturales: usuarias nuevas,2016-07-01,0,0,1,0,0,1
TIQUIPAYA,"anticoncepcion, prevencion de its y de cancer de cuello uterino",metodos naturales: usuarias nuevas,2016-07-01,0,1,1,1,0,3
TIRAQUE (CBBA),"anticoncepcion, prevencion de its y de cancer de cuello uterino",metodos naturales: usuarias nuevas,2016-07-01,0,0,1,0,0,1
TOLATA,"anticoncepcion, prevencion de its y de cancer de cuello uterino",metodos naturales: usuarias nuevas,2016-07-01,0,1,3,0,0,4
TOLEDO,"anticoncepcion, prevencion de its y de cancer de cuello uterino",metodos naturales: usuarias nuevas,2016-07-01,0,0,4,0,0,4
TOMINA,"anticoncepcion, prevencion de its y de cancer de cuello uterino",metodos naturales: usuarias nuevas,2016-07-01,0,2,0,1,0,3
TORO TORO,"anticoncepcion, prevencion de its y de cancer de cuello uterino",metodos naturales: usuarias nuevas,2016-07-01,0,4,11,5,0,20
TOTORA(CBBA),"anticoncepcion, prevencion de its y de cancer de cuello uterino",metodos naturales: usuarias nuevas,2016-07-01,0,0,1,0,0,1
TOTORA(ORR),"anticoncepcion, prevencion de its y de cancer de cuello uterino",metodos naturales: usuarias nuevas,2016-07-01,0,1,3,1,0,5
TRINIDAD,"anticoncepcion, prevencion de its y de cancer de cuello uterino",metodos naturales: usuarias nuevas,2016-07-01,0,11,15,2,0,28
TUPIZA,"anticoncepcion, prevencion de its y de cancer de cuello uterino",metodos naturales: usuarias nuevas,2016-07-01,0,0,8,1,0,9
UNCIA,"anticoncepcion, prevencion de its y de cancer de cuello uterino",metodos naturales: usuarias nuevas,2016-07-01,0,0,2,0,0,2
UYUNI,"anticoncepcion, prevencion de its y de cancer de cuello uterino",metodos naturales: usuarias nuevas,2016-07-01,0,0,3,0,0,3
VACAS,"anticoncepcion, prevencion de its y de cancer de cuello uterino",metodos naturales: usuarias nuevas,2016-07-01,0,7,2,3,0,12
VIACHA,"anticoncepcion, prevencion de its y de cancer de cuello uterino",metodos naturales: usuarias nuevas,2016-07-01,0,0,1,0,0,1
VILLA CHARCAS,"anticoncepcion, prevencion de its y de cancer de cuello uterino",metodos naturales: usuarias nuevas,2016-07-01,0,5,3,0,0,8
VILLA RIVERO,"anticoncepcion, prevencion de its y de cancer de cuello uterino",metodos naturales: usuarias nuevas,2016-07-01,0,5,2,1,0,8
VILLA SERRANO,"anticoncepcion, prevencion de its y de cancer de cuello uterino",metodos naturales: usuarias nuevas,2016-07-01,0,1,0,1,0,2
VILLA TUNARI,"anticoncepcion, prevencion de its y de cancer de cuello uterino",metodos naturales: usuarias nuevas,2016-07-01,0,3,4,1,0,8
VILLA VACA GUZMAN (MUYUPAMPA),"anticoncepcion, prevencion de its y de cancer de cuello uterino",metodos naturales: usuarias nuevas,2016-07-01,0,0,1,0,0,1
VINTO,"anticoncepcion, prevencion de its y de cancer de cuello uterino",metodos naturales: usuarias nuevas,2016-07-01,0,7,20,7,0,34
VITICHI,"anticoncepcion, prevencion de its y de cancer de cuello uterino",metodos naturales: usuarias nuevas,2016-07-01,0,0,3,0,0,3
WARNES,"anticoncepcion, prevencion de its y de cancer de cuello uterino",metodos naturales: usuarias nuevas,2016-07-01,0,0,1,0,0,1
YACUIBA,"anticoncepcion, prevencion de its y de cancer de cuello uterino",metodos naturales: usuarias nuevas,2016-07-01,0,0,0,8,0,8
YAMPARAEZ,"anticoncepcion, prevencion de its y de cancer de cuello uterino",metodos naturales: usuarias nuevas,2016-07-01,0,4,4,0,0,8
YANACACHI,"anticoncepcion, prevencion de its y de cancer de cuello uterino",metodos naturales: usuarias nuevas,2016-07-01,0,0,2,0,0,2
YAPACANI,"anticoncepcion, prevencion de its y de cancer de cuello uterino",metodos naturales: usuarias nuevas,2016-07-01,0,2,3,1,0,6
YOTALA,"anticoncepcion, prevencion de its y de cancer de cuello uterino",metodos naturales: usuarias nuevas,2016-07-01,0,0,7,0,0,7
ACACIO,"anticoncepcion, prevencion de its y de cancer de cuello uterino",metodos naturales: usuarias nuevas,2016-08-01,1,0,2,0,0,3
ACHACACHI,"anticoncepcion, prevencion de its y de cancer de cuello uterino",metodos naturales: usuarias nuevas,2016-08-01,0,0,4,0,0,4
ACHOCALLA,"anticoncepcion, prevencion de its y de cancer de cuello uterino",metodos naturales: usuarias nuevas,2016-08-01,0,0,8,1,0,9
ALALAY,"anticoncepcion, prevencion de its y de cancer de cuello uterino",metodos naturales: usuarias nuevas,2016-08-01,0,0,0,1,0,1
ALCALA,"anticoncepcion, prevencion de its y de cancer de cuello uterino",metodos naturales: usuarias nuevas,2016-08-01,0,3,1,0,0,4
ANCORAIMES,"anticoncepcion, prevencion de its y de cancer de cuello uterino",metodos naturales: usuarias nuevas,2016-08-01,0,6,6,3,0,15
ANDAMARCA,"anticoncepcion, prevencion de its y de cancer de cuello uterino",metodos naturales: usuarias nuevas,2016-08-01,0,0,2,0,0,2
ANZALDO,"anticoncepcion, prevencion de its y de cancer de cuello uterino",metodos naturales: usuarias nuevas,2016-08-01,0,0,1,0,0,1
APOLO,"anticoncepcion, prevencion de its y de cancer de cuello uterino",metodos naturales: usuarias nuevas,2016-08-01,0,3,11,2,0,16
ARBIETO,"anticoncepcion, prevencion de its y de cancer de cuello uterino",metodos naturales: usuarias nuevas,2016-08-01,0,0,8,2,0,10
ATOCHA,"anticoncepcion, prevencion de its y de cancer de cuello uterino",metodos naturales: usuarias nuevas,2016-08-01,0,1,3,0,0,4
AYO AYO,"anticoncepcion, prevencion de its y de cancer de cuello uterino",metodos naturales: usuarias nuevas,2016-08-01,0,0,1,0,0,1
AYOPAYA (V. DE INDEPENDENCIA),"anticoncepcion, prevencion de its y de cancer de cuello uterino",metodos naturales: usuarias nuevas,2016-08-01,0,1,5,1,0,7
BATALLAS,"anticoncepcion, prevencion de its y de cancer de cuello uterino",metodos naturales: usuarias nuevas,2016-08-01,0,4,8,4,0,16
BAURES,"anticoncepcion, prevencion de its y de cancer de cuello uterino",metodos naturales: usuarias nuevas,2016-08-01,0,0,2,1,0,3
BELEN DE ANDAMARCA,"anticoncepcion, prevencion de its y de cancer de cuello uterino",metodos naturales: usuarias nuevas,2016-08-01,0,0,1,0,0,1
BELLA FLOR,"anticoncepcion, prevencion de its y de cancer de cuello uterino",metodos naturales: usuarias nuevas,2016-08-01,1,0,0,0,0,1
BETANZOS,"anticoncepcion, prevencion de its y de cancer de cuello uterino",metodos naturales: usuarias nuevas,2016-08-01,0,1,3,1,0,5
BOLPEBRA,"anticoncepcion, prevencion de its y de cancer de cuello uterino",metodos naturales: usuarias nuevas,2016-08-01,0,1,1,0,0,2
BUENA VISTA,"anticoncepcion, prevencion de its y de cancer de cuello uterino",metodos naturales: usuarias nuevas,2016-08-01,0,3,8,0,0,11
"CAIZA ""D""","anticoncepcion, prevencion de its y de cancer de cuello uterino",metodos naturales: usuarias nuevas,2016-08-01,0,1,2,0,0,3
CAJUATA,"anticoncepcion, prevencion de its y de cancer de cuello uterino",metodos naturales: usuarias nuevas,2016-08-01,0,3,7,2,0,12
CALAMARCA,"anticoncepcion, prevencion de its y de cancer de cuello uterino",metodos naturales: usuarias nuevas,2016-08-01,0,5,7,2,0,14
CAQUIAVIRI,"anticoncepcion, prevencion de its y de cancer de cuello uterino",metodos naturales: usuarias nuevas,2016-08-01,0,0,1,0,0,1
CARACOLLO,"anticoncepcion, prevencion de its y de cancer de cuello uterino",metodos naturales: usuarias nuevas,2016-08-01,0,7,15,4,0,26
CARIPUYO,"anticoncepcion, prevencion de its y de cancer de cuello uterino",metodos naturales: usuarias nuevas,2016-08-01,0,2,7,1,0,10
CHALLAPATA,"anticoncepcion, prevencion de its y de cancer de cuello uterino",metodos naturales: usuarias nuevas,2016-08-01,0,10,41,3,0,54
CHAQUI,"anticoncepcion, prevencion de its y de cancer de cuello uterino",metodos naturales: usuarias nuevas,2016-08-01,0,2,5,0,0,7
CHAYANTA,"anticoncepcion, prevencion de its y de cancer de cuello uterino",metodos naturales: usuarias nuevas,2016-08-01,0,3,6,3,0,12
CHIPAYA,"anticoncepcion, prevencion de its y de cancer de cuello uterino",metodos naturales: usuarias nuevas,2016-08-01,0,0,2,1,0,3
CHOQUE COTA,"anticoncepcion, prevencion de its y de cancer de cuello uterino",metodos naturales: usuarias nuevas,2016-08-01,0,2,0,0,0,2
CHUA COCANI,"anticoncepcion, prevencion de its y de cancer de cuello uterino",metodos naturales: usuarias nuevas,2016-08-01,0,1,2,0,0,3
CHULUMANI (V. DE LA LIBERTAD),"anticoncepcion, prevencion de its y de cancer de cuello uterino",metodos naturales: usuarias nuevas,2016-08-01,0,4,21,6,0,31
CHUQUIHUTA AYLLU JUCUMANI,"anticoncepcion, prevencion de its y de cancer de cuello uterino",metodos naturales: usuarias nuevas,2016-08-01,0,0,5,0,0,5
CKOCHAS,"anticoncepcion, prevencion de its y de cancer de cuello uterino",metodos naturales: usuarias nuevas,2016-08-01,0,4,5,4,0,13
CLIZA,"anticoncepcion, prevencion de its y de cancer de cuello uterino",metodos naturales: usuarias nuevas,2016-08-01,0,3,8,0,0,11
COBIJA,"anticoncepcion, prevencion de its y de cancer de cuello uterino",metodos naturales: usuarias nuevas,2016-08-01,0,6,19,1,0,26
COCAPATA,"anticoncepcion, prevencion de its y de cancer de cuello uterino",metodos naturales: usuarias nuevas,2016-08-01,0,0,1,0,0,1
COCHABAMBA,"anticoncepcion, prevencion de its y de cancer de cuello uterino",metodos naturales: usuarias nuevas,2016-08-01,0,16,101,16,0,133
COLCAPIRHUA,"anticoncepcion, prevencion de its y de cancer de cuello uterino",metodos naturales: usuarias nuevas,2016-08-01,0,1,8,1,0,10
"COLCHA ""K""","anticoncepcion, prevencion de its y de cancer de cuello uterino",metodos naturales: usuarias nuevas,2016-08-01,0,6,6,0,0,12
COLLANA,"anticoncepcion, prevencion de its y de cancer de cuello uterino",metodos naturales: usuarias nuevas,2016-08-01,0,0,1,0,0,1
COLOMI,"anticoncepcion, prevencion de its y de cancer de cuello uterino",metodos naturales: usuarias nuevas,2016-08-01,0,2,2,1,0,5
COLPA BELGICA,"anticoncepcion, prevencion de its y de cancer de cuello uterino",metodos naturales: usuarias nuevas,2016-08-01,0,1,7,0,0,8
COLQUECHACA,"anticoncepcion, prevencion de its y de cancer de cuello uterino",metodos naturales: usuarias nuevas,2016-08-01,0,3,5,2,1,11
COLQUIRI,"anticoncepcion, prevencion de its y de cancer de cuello uterino",metodos naturales: usuarias nuevas,2016-08-01,0,5,14,3,0,22
COMANCHE,"anticoncepcion, prevencion de its y de cancer de cuello uterino",metodos naturales: usuarias nuevas,2016-08-01,0,0,0,1,0,1
COMARAPA,"anticoncepcion, prevencion de its y de cancer de cuello uterino",metodos naturales: usuarias nuevas,2016-08-01,0,7,25,5,0,37
CORIPATA,"anticoncepcion, prevencion de its y de cancer de cuello uterino",metodos naturales: usuarias nuevas,2016-08-01,0,1,4,0,0,5
CORO CORO,"anticoncepcion, prevencion de its y de cancer de cuello uterino",metodos naturales: usuarias nuevas,2016-08-01,0,0,0,1,0,1
COROICO,"anticoncepcion, prevencion de its y de cancer de cuello uterino",metodos naturales: usuarias nuevas,2016-08-01,0,0,4,0,0,4
CORQUE,"anticoncepcion, prevencion de its y de cancer de cuello uterino",metodos naturales: usuarias nuevas,2016-08-01,0,2,2,1,0,5
COTOCA,"anticoncepcion, prevencion de its y de cancer de cuello uterino",metodos naturales: usuarias nuevas,2016-08-01,0,1,2,1,0,4
CRUZ DE MACHACAMARCA,"anticoncepcion, prevencion de its y de cancer de cuello uterino",metodos naturales: usuarias nuevas,2016-08-01,0,0,1,0,0,1
CULPINA,"anticoncepcion, prevencion de its y de cancer de cuello uterino",metodos naturales: usuarias nuevas,2016-08-01,2,11,13,3,0,29
CURAHUARA DE CARANGAS,"anticoncepcion, prevencion de its y de cancer de cuello uterino",metodos naturales: usuarias nuevas,2016-08-01,0,3,2,0,0,5
EL ALTO,"anticoncepcion, prevencion de its y de cancer de cuello uterino",metodos naturales: usuarias nuevas,2016-08-01,0,19,180,201,0,400
EL CHORO,"anticoncepcion, prevencion de its y de cancer de cuello uterino",metodos naturales: usuarias nuevas,2016-08-01,0,3,4,4,0,11
EL PUENTE(STC),"anticoncepcion, prevencion de its y de cancer de cuello uterino",metodos naturales: usuarias nuevas,2016-08-01,0,2,8,0,0,10
EL TORNO,"anticoncepcion, prevencion de its y de cancer de cuello uterino",metodos naturales: usuarias nuevas,2016-08-01,0,1,2,0,0,3
EL VILLAR,"anticoncepcion, prevencion de its y de cancer de cuello uterino",metodos naturales: usuarias nuevas,2016-08-01,0,0,0,1,0,1
ENTRE RIOS TRJ,"anticoncepcion, prevencion de its y de cancer de cuello uterino",metodos naturales: usuarias nuevas,2016-08-01,0,4,10,2,0,16
ENTRE RIOS CBBA,"anticoncepcion, prevencion de its y de cancer de cuello uterino",metodos naturales: usuarias nuevas,2016-08-01,0,4,13,3,0,20
EUCALIPTUS,"anticoncepcion, prevencion de its y de cancer de cuello uterino",metodos naturales: usuarias nuevas,2016-08-01,0,3,2,0,0,5
EXALTACION,"anticoncepcion, prevencion de its y de cancer de cuello uterino",metodos naturales: usuarias nuevas,2016-08-01,0,4,1,1,0,6
FERNANDEZ ALONSO,"anticoncepcion, prevencion de its y de cancer de cuello uterino",metodos naturales: usuarias nuevas,2016-08-01,0,0,1,0,0,1
GRAL. J.J. PEREZ (CHARAZANI),"anticoncepcion, prevencion de its y de cancer de cuello uterino",metodos naturales: usuarias nuevas,2016-08-01,0,0,0,1,0,1
GUAQUI,"anticoncepcion, prevencion de its y de cancer de cuello uterino",metodos naturales: usuarias nuevas,2016-08-01,0,1,4,0,0,5
GUAYARAMERIN,"anticoncepcion, prevencion de its y de cancer de cuello uterino",metodos naturales: usuarias nuevas,2016-08-01,2,22,39,1,0,64
HUACARETA,"anticoncepcion, prevencion de its y de cancer de cuello uterino",metodos naturales: usuarias nuevas,2016-08-01,3,7,7,0,0,17
HUANUNI,"anticoncepcion, prevencion de its y de cancer de cuello uterino",metodos naturales: usuarias nuevas,2016-08-01,0,0,8,5,0,13
HUAYLLAMARCA,"anticoncepcion, prevencion de its y de cancer de cuello uterino",metodos naturales: usuarias nuevas,2016-08-01,0,1,1,0,0,2
ICHOCA,"anticoncepcion, prevencion de its y de cancer de cuello uterino",metodos naturales: usuarias nuevas,2016-08-01,0,1,0,0,0,1
INCAHUASI,"anticoncepcion, prevencion de its y de cancer de cuello uterino",metodos naturales: usuarias nuevas,2016-08-01,1,2,6,1,0,10
INQUISIVI,"anticoncepcion, prevencion de its y de cancer de cuello uterino",metodos naturales: usuarias nuevas,2016-08-01,0,5,8,2,0,15
IRUPANA (VILLA DE LANZA),"anticoncepcion, prevencion de its y de cancer de cuello uterino",metodos naturales: usuarias nuevas,2016-08-01,0,2,11,3,0,16
IXIAMAS,"anticoncepcion, prevencion de its y de cancer de cuello uterino",metodos naturales: usuarias nuevas,2016-08-01,0,2,9,0,0,11
JESUS DE MACHACA,"anticoncepcion, prevencion de its y de cancer de cuello uterino",metodos naturales: usuarias nuevas,2016-08-01,0,1,0,0,0,1
LA ASUNTA,"anticoncepcion, prevencion de its y de cancer de cuello uterino",metodos naturales: usuarias nuevas,2016-08-01,1,11,47,7,0,66
LA PAZ,"anticoncepcion, prevencion de its y de cancer de cuello uterino",metodos naturales: usuarias nuevas,2016-08-01,4,38,149,32,0,223
LAGUNILLAS,"anticoncepcion, prevencion de its y de cancer de cuello uterino",metodos naturales: usuarias nuevas,2016-08-01,0,1,1,0,0,2
LAJA,"anticoncepcion, prevencion de its y de cancer de cuello uterino",metodos naturales: usuarias nuevas,2016-08-01,0,2,4,1,0,7
LICOMA PAMPA,"anticoncepcion, prevencion de its y de cancer de cuello uterino",metodos naturales: usuarias nuevas,2016-08-01,0,0,1,0,0,1
LLALLAGUA,"anticoncepcion, prevencion de its y de cancer de cuello uterino",metodos naturales: usuarias nuevas,2016-08-01,0,0,5,3,0,8
MAPIRI,"anticoncepcion, prevencion de its y de cancer de cuello uterino",metodos naturales: usuarias nuevas,2016-08-01,0,0,1,0,0,1
MINEROS,"anticoncepcion, prevencion de its y de cancer de cuello uterino",metodos naturales: usuarias nuevas,2016-08-01,0,2,1,1,0,4
MIZQUE,"anticoncepcion, prevencion de its y de cancer de cuello uterino",metodos naturales: usuarias nuevas,2016-08-01,0,5,9,2,0,16
MOCOMOCO,"anticoncepcion, prevencion de its y de cancer de cuello uterino",metodos naturales: usuarias nuevas,2016-08-01,0,2,1,0,0,3
MONTEAGUDO,"anticoncepcion, prevencion de its y de cancer de cuello uterino",metodos naturales: usuarias nuevas,2016-08-01,0,3,1,1,0,5
MONTERO,"anticoncepcion, prevencion de its y de cancer de cuello uterino",metodos naturales: usuarias nuevas,2016-08-01,1,3,6,1,0,11
MOROCHATA,"anticoncepcion, prevencion de its y de cancer de cuello uterino",metodos naturales: usuarias nuevas,2016-08-01,0,1,2,1,0,4
NUEVO MANOA (NUEVA ESPERANZA),"anticoncepcion, prevencion de its y de cancer de cuello uterino",metodos naturales: usuarias nuevas,2016-08-01,0,0,2,0,0,2
OCURI,"anticoncepcion, prevencion de its y de cancer de cuello uterino",metodos naturales: usuarias nuevas,2016-08-01,0,0,5,3,0,8
OMEREQUE,"anticoncepcion, prevencion de its y de cancer de cuello uterino",metodos naturales: usuarias nuevas,2016-08-01,0,0,6,1,0,7
ORURO,"anticoncepcion, prevencion de its y de cancer de cuello uterino",metodos naturales: usuarias nuevas,2016-08-01,0,17,37,2,0,56
PADILLA,"anticoncepcion, prevencion de its y de cancer de cuello uterino",metodos naturales: usuarias nuevas,2016-08-01,1,9,7,0,0,17
PAILON,"anticoncepcion, prevencion de its y de cancer de cuello uterino",metodos naturales: usuarias nuevas,2016-08-01,0,0,2,0,0,2
PAMPA AULLAGAS,"anticoncepcion, prevencion de its y de cancer de cuello uterino",metodos naturales: usuarias nuevas,2016-08-01,0,0,2,0,0,2
PAPEL PAMPA,"anticoncepcion, prevencion de its y de cancer de cuello uterino",metodos naturales: usuarias nuevas,2016-08-01,0,0,1,0,0,1
PAZÑA,"anticoncepcion, prevencion de its y de cancer de cuello uterino",metodos naturales: usuarias nuevas,2016-08-01,0,0,2,1,0,3
PELECHUCO,"anticoncepcion, prevencion de its y de cancer de cuello uterino",metodos naturales: usuarias nuevas,2016-08-01,0,3,8,2,0,13
POCOATA,"anticoncepcion, prevencion de its y de cancer de cuello uterino",metodos naturales: usuarias nuevas,2016-08-01,0,7,9,5,0,21
POJO (CBBA),"anticoncepcion, prevencion de its y de cancer de cuello uterino",metodos naturales: usuarias nuevas,2016-08-01,0,2,0,0,0,2
POOPO,"anticoncepcion, prevencion de its y de cancer de cuello uterino",metodos naturales: usuarias nuevas,2016-08-01,0,3,1,0,0,4
PORCO,"anticoncepcion, prevencion de its y de cancer de cuello uterino",metodos naturales: usuarias nuevas,2016-08-01,0,6,3,2,0,11
POROMA,"anticoncepcion, prevencion de its y de cancer de cuello uterino",metodos naturales: usuarias nuevas,2016-08-01,0,5,3,1,0,9
PORONGO,"anticoncepcion, prevencion de its y de cancer de cuello uterino",metodos naturales: usuarias nuevas,2016-08-01,0,0,3,0,0,3
PORTACHUELO,"anticoncepcion, prevencion de its y de cancer de cuello uterino",metodos naturales: usuarias nuevas,2016-08-01,0,4,4,0,0,8
POTOSI,"anticoncepcion, prevencion de its y de cancer de cuello uterino",metodos naturales: usuarias nuevas,2016-08-01,0,13,19,2,0,34
PRESTO,"anticoncepcion, prevencion de its y de cancer de cuello uterino",metodos naturales: usuarias nuevas,2016-08-01,0,3,0,1,0,4
PUCARANI,"anticoncepcion, prevencion de its y de cancer de cuello uterino",metodos naturales: usuarias nuevas,2016-08-01,0,3,14,3,0,20
PUERTO ACOSTA,"anticoncepcion, prevencion de its y de cancer de cuello uterino",metodos naturales: usuarias nuevas,2016-08-01,0,0,2,0,0,2
PUERTO CARABUCO,"anticoncepcion, prevencion de its y de cancer de cuello uterino",metodos naturales: usuarias nuevas,2016-08-01,0,0,1,0,0,1
PUERTO GONZALO MORENO,"anticoncepcion, prevencion de its y de cancer de cuello uterino",metodos naturales: usuarias nuevas,2016-08-01,0,4,1,0,0,5
PUERTO PEREZ,"anticoncepcion, prevencion de its y de cancer de cuello uterino",metodos naturales: usuarias nuevas,2016-08-01,0,0,2,0,0,2
PUERTO RICO,"anticoncepcion, prevencion de its y de cancer de cuello uterino",metodos naturales: usuarias nuevas,2016-08-01,0,1,1,0,0,2
PUERTO VILLARROEL,"anticoncepcion, prevencion de its y de cancer de cuello uterino",metodos naturales: usuarias nuevas,2016-08-01,0,1,8,1,0,10
PUNA,"anticoncepcion, prevencion de its y de cancer de cuello uterino",metodos naturales: usuarias nuevas,2016-08-01,0,0,5,2,0,7
PUNATA,"anticoncepcion, prevencion de its y de cancer de cuello uterino",metodos naturales: usuarias nuevas,2016-08-01,0,14,43,6,0,63
QUILLACOLLO,"anticoncepcion, prevencion de its y de cancer de cuello uterino",metodos naturales: usuarias nuevas,2016-08-01,0,5,19,3,0,27
QUIME,"anticoncepcion, prevencion de its y de cancer de cuello uterino",metodos naturales: usuarias nuevas,2016-08-01,0,0,5,1,0,6
RAVELO,"anticoncepcion, prevencion de its y de cancer de cuello uterino",metodos naturales: usuarias nuevas,2016-08-01,1,2,1,2,0,6
REYES,"anticoncepcion, prevencion de its y de cancer de cuello uterino",metodos naturales: usuarias nuevas,2016-08-01,18,11,55,8,0,92
RIBERALTA,"anticoncepcion, prevencion de its y de cancer de cuello uterino",metodos naturales: usuarias nuevas,2016-08-01,2,68,149,39,1,259
RURRENABAQUE,"anticoncepcion, prevencion de its y de cancer de cuello uterino",metodos naturales: usuarias nuevas,2016-08-01,0,0,1,0,0,1
SABAYA,"anticoncepcion, prevencion de its y de cancer de cuello uterino",metodos naturales: usuarias nuevas,2016-08-01,0,0,2,0,0,2
SACABA,"anticoncepcion, prevencion de its y de cancer de cuello uterino",metodos naturales: usuarias nuevas,2016-08-01,0,2,30,31,0,63
SACACA,"anticoncepcion, prevencion de its y de cancer de cuello uterino",metodos naturales: usuarias nuevas,2016-08-01,0,7,8,2,0,17
SALINAS DE GARCI MENDOZA,"anticoncepcion, prevencion de its y de cancer de cuello uterino",metodos naturales: usuarias nuevas,2016-08-01,0,4,8,2,1,15
SAMAIPATA,"anticoncepcion, prevencion de its y de cancer de cuello uterino",metodos naturales: usuarias nuevas,2016-08-01,1,0,0,0,0,1
SAN ANDRES,"anticoncepcion, prevencion de its y de cancer de cuello uterino",metodos naturales: usuarias nuevas,2016-08-01,1,2,9,0,0,12
SAN ANDRES DE MACHACA,"anticoncepcion, prevencion de its y de cancer de cuello uterino",metodos naturales: usuarias nuevas,2016-08-01,0,1,1,3,0,5
SAN BENITO,"anticoncepcion, prevencion de its y de cancer de cuello uterino",metodos naturales: usuarias nuevas,2016-08-01,0,0,1,2,0,3
SAN BORJA,"anticoncepcion, prevencion de its y de cancer de cuello uterino",metodos naturales: usuarias nuevas,2016-08-01,2,8,4,0,0,14
SAN BUENA VENTURA,"anticoncepcion, prevencion de its y de cancer de cuello uterino",metodos naturales: usuarias nuevas,2016-08-01,1,8,4,3,0,16
SAN CARLOS,"anticoncepcion, prevencion de its y de cancer de cuello uterino",metodos naturales: usuarias nuevas,2016-08-01,1,2,9,15,0,27
SAN IGNACIO,"anticoncepcion, prevencion de its y de cancer de cuello uterino",metodos naturales: usuarias nuevas,2016-08-01,0,2,1,1,0,4
SAN IGNACIO DE VELASCO,"anticoncepcion, prevencion de its y de cancer de cuello uterino",metodos naturales: usuarias nuevas,2016-08-01,0,0,2,0,0,2
SAN JAVIER(BNI),"anticoncepcion, prevencion de its y de cancer de cuello uterino",metodos naturales: usuarias nuevas,2016-08-01,0,1,0,0,0,1
SAN JUAN DE YAPACANI,"anticoncepcion, prevencion de its y de cancer de cuello uterino",metodos naturales: usuarias nuevas,2016-08-01,0,1,5,0,0,6
SAN JULIAN,"anticoncepcion, prevencion de its y de cancer de cuello uterino",metodos naturales: usuarias nuevas,2016-08-01,0,0,2,0,0,2
SAN LORENZO(PND),"anticoncepcion, prevencion de its y de cancer de cuello uterino",metodos naturales: usuarias nuevas,2016-08-01,0,1,0,0,0,1
SAN LUCAS,"anticoncepcion, prevencion de its y de cancer de cuello uterino",metodos naturales: usuarias nuevas,2016-08-01,2,4,3,1,0,10
SAN MATIAS,"anticoncepcion, prevencion de its y de cancer de cuello uterino",metodos naturales: usuarias nuevas,2016-08-01,0,2,9,1,0,12
SAN MIGUEL DE VELASCO,"anticoncepcion, prevencion de its y de cancer de cuello uterino",metodos naturales: usuarias nuevas,2016-08-01,0,3,1,0,0,4
SAN PEDRO,"anticoncepcion, prevencion de its y de cancer de cuello uterino",metodos naturales: usuarias nuevas,2016-08-01,0,0,4,0,0,4
SAN PEDRO DE BUENA VISTA,"anticoncepcion, prevencion de its y de cancer de cuello uterino",metodos naturales: usuarias nuevas,2016-08-01,0,7,26,11,0,44
SAN PEDRO DE CURAHUARA,"anticoncepcion, prevencion de its y de cancer de cuello uterino",metodos naturales: usuarias nuevas,2016-08-01,0,1,0,0,0,1
SAN RAFAEL,"anticoncepcion, prevencion de its y de cancer de cuello uterino",metodos naturales: usuarias nuevas,2016-08-01,0,1,5,0,0,6
SANTA ANA,"anticoncepcion, prevencion de its y de cancer de cuello uterino",metodos naturales: usuarias nuevas,2016-08-01,0,7,20,2,0,29
SANTA CRUZ DE LA SIERRA,"anticoncepcion, prevencion de its y de cancer de cuello uterino",metodos naturales: usuarias nuevas,2016-08-01,16,22,44,9,0,91
SANTA ROSA,"anticoncepcion, prevencion de its y de cancer de cuello uterino",metodos naturales: usuarias nuevas,2016-08-01,0,6,8,1,0,15
SANTA ROSA DEL SARA,"anticoncepcion, prevencion de its y de cancer de cuello uterino",metodos naturales: usuarias nuevas,2016-08-01,0,2,9,3,0,14
SANTIAGO DE CALLAPA,"anticoncepcion, prevencion de its y de cancer de cuello uterino",metodos naturales: usuarias nuevas,2016-08-01,0,0,1,0,0,1
SANTIAGO DE HUARI,"anticoncepcion, prevencion de its y de cancer de cuello uterino",metodos naturales: usuarias nuevas,2016-08-01,0,0,3,1,0,4
SANTIAGO DE HUATA,"anticoncepcion, prevencion de its y de cancer de cuello uterino",metodos naturales: usuarias nuevas,2016-08-01,0,0,0,1,0,1
SANTIAGO DE MACHACA,"anticoncepcion, prevencion de its y de cancer de cuello uterino",metodos naturales: usuarias nuevas,2016-08-01,0,0,5,0,0,5
SANTUARIO DE QUILLACAS,"anticoncepcion, prevencion de its y de cancer de cuello uterino",metodos naturales: usuarias nuevas,2016-08-01,0,0,3,1,0,4
SAPAHAQUI,"anticoncepcion, prevencion de its y de cancer de cuello uterino",metodos naturales: usuarias nuevas,2016-08-01,0,0,2,1,0,3
SICA SICA (VILLA AROMA),"anticoncepcion, prevencion de its y de cancer de cuello uterino",metodos naturales: usuarias nuevas,2016-08-01,0,1,0,0,0,1
SIPE SIPE,"anticoncepcion, prevencion de its y de cancer de cuello uterino",metodos naturales: usuarias nuevas,2016-08-01,0,0,2,1,0,3
SOPACHUY,"anticoncepcion, prevencion de its y de cancer de cuello uterino",metodos naturales: usuarias nuevas,2016-08-01,1,3,1,0,0,5
SORACACHI,"anticoncepcion, prevencion de its y de cancer de cuello uterino",metodos naturales: usuarias nuevas,2016-08-01,0,0,3,0,0,3
SUCRE,"anticoncepcion, prevencion de its y de cancer de cuello uterino",metodos naturales: usuarias nuevas,2016-08-01,2,70,224,51,1,348
TACACOMA,"anticoncepcion, prevencion de its y de cancer de cuello uterino",metodos naturales: usuarias nuevas,2016-08-01,0,1,1,0,0,2
TACOPAYA,"anticoncepcion, prevencion de its y de cancer de cuello uterino",metodos naturales: usuarias nuevas,2016-08-01,0,2,2,3,0,7
TAPACARI,"anticoncepcion, prevencion de its y de cancer de cuello uterino",metodos naturales: usuarias nuevas,2016-08-01,0,0,2,3,0,5
TARACO,"anticoncepcion, prevencion de its y de cancer de cuello uterino",metodos naturales: usuarias nuevas,2016-08-01,0,1,3,0,0,4
TARATA,"anticoncepcion, prevencion de its y de cancer de cuello uterino",metodos naturales: usuarias nuevas,2016-08-01,0,0,0,1,0,1
TARIJA,"anticoncepcion, prevencion de its y de cancer de cuello uterino",metodos naturales: usuarias nuevas,2016-08-01,0,1,0,0,0,1
TARVITA,"anticoncepcion, prevencion de its y de cancer de cuello uterino",metodos naturales: usuarias nuevas,2016-08-01,0,3,1,2,0,6
TEOPONTE,"anticoncepcion, prevencion de its y de cancer de cuello uterino",metodos naturales: usuarias nuevas,2016-08-01,0,1,4,0,1,6
TIAWANACU,"anticoncepcion, prevencion de its y de cancer de cuello uterino",metodos naturales: usuarias nuevas,2016-08-01,0,2,5,1,0,8
TINGUIPAYA,"anticoncepcion, prevencion de its y de cancer de cuello uterino",metodos naturales: usuarias nuevas,2016-08-01,0,1,0,1,0,2
TIQUIPAYA,"anticoncepcion, prevencion de its y de cancer de cuello uterino",metodos naturales: usuarias nuevas,2016-08-01,0,0,6,3,0,9
TIRAQUE (CBBA),"anticoncepcion, prevencion de its y de cancer de cuello uterino",metodos naturales: usuarias nuevas,2016-08-01,0,0,3,0,0,3
TOLATA,"anticoncepcion, prevencion de its y de cancer de cuello uterino",metodos naturales: usuarias nuevas,2016-08-01,0,0,2,0,0,2
TOMINA,"anticoncepcion, prevencion de its y de cancer de cuello uterino",metodos naturales: usuarias nuevas,2016-08-01,0,3,2,3,0,8
TORO TORO,"anticoncepcion, prevencion de its y de cancer de cuello uterino",metodos naturales: usuarias nuevas,2016-08-01,0,1,13,3,0,17
TOTORA(CBBA),"anticoncepcion, prevencion de its y de cancer de cuello uterino",metodos naturales: usuarias nuevas,2016-08-01,0,2,5,1,0,8
TOTORA(ORR),"anticoncepcion, prevencion de its y de cancer de cuello uterino",metodos naturales: usuarias nuevas,2016-08-01,0,0,1,0,0,1
TRINIDAD,"anticoncepcion, prevencion de its y de cancer de cuello uterino",metodos naturales: usuarias nuevas,2016-08-01,1,13,18,3,1,36
TUPIZA,"anticoncepcion, prevencion de its y de cancer de cuello uterino",metodos naturales: usuarias nuevas,2016-08-01,0,4,2,0,0,6
UNCIA,"anticoncepcion, prevencion de its y de cancer de cuello uterino",metodos naturales: usuarias nuevas,2016-08-01,0,0,1,0,0,1
URIONDO (A. CONCEPCION),"anticoncepcion, prevencion de its y de cancer de cuello uterino",metodos naturales: usuarias nuevas,2016-08-01,0,0,0,1,0,1
UYUNI,"anticoncepcion, prevencion de its y de cancer de cuello uterino",metodos naturales: usuarias nuevas,2016-08-01,0,0,4,0,0,4
VACAS,"anticoncepcion, prevencion de its y de cancer de cuello uterino",metodos naturales: usuarias nuevas,2016-08-01,0,3,6,1,0,10
VILLA CHARCAS,"anticoncepcion, prevencion de its y de cancer de cuello uterino",metodos naturales: usuarias nuevas,2016-08-01,1,3,3,0,0,7
VILLA MONTES,"anticoncepcion, prevencion de its y de cancer de cuello uterino",metodos naturales: usuarias nuevas,2016-08-01,0,0,1,0,0,1
VILLA RIVERO,"anticoncepcion, prevencion de its y de cancer de cuello uterino",metodos naturales: usuarias nuevas,2016-08-01,0,3,5,0,0,8
VILLA SERRANO,"anticoncepcion, prevencion de its y de cancer de cuello uterino",metodos naturales: usuarias nuevas,2016-08-01,0,1,3,2,0,6
VILLA TUNARI,"anticoncepcion, prevencion de its y de cancer de cuello uterino",metodos naturales: usuarias nuevas,2016-08-01,1,1,6,1,0,9
VILLA VACA GUZMAN (MUYUPAMPA),"anticoncepcion, prevencion de its y de cancer de cuello uterino",metodos naturales: usuarias nuevas,2016-08-01,0,0,1,0,0,1
VILLAZON,"anticoncepcion, prevencion de its y de cancer de cuello uterino",metodos naturales: usuarias nuevas,2016-08-01,0,1,9,1,0,11
VINTO,"anticoncepcion, prevencion de its y de cancer de cuello uterino",metodos naturales: usuarias nuevas,2016-08-01,0,6,13,2,0,21
VITICHI,"anticoncepcion, prevencion de its y de cancer de cuello uterino",metodos naturales: usuarias nuevas,2016-08-01,0,2,1,1,0,4
WARNES,"anticoncepcion, prevencion de its y de cancer de cuello uterino",metodos naturales: usuarias nuevas,2016-08-01,0,4,1,0,0,5
YACUIBA,"anticoncepcion, prevencion de its y de cancer de cuello uterino",metodos naturales: usuarias nuevas,2016-08-01,0,0,4,0,0,4
YAMPARAEZ,"anticoncepcion, prevencion de its y de cancer de cuello uterino",metodos naturales: usuarias nuevas,2016-08-01,0,3,5,0,0,8
YANACACHI,"anticoncepcion, prevencion de its y de cancer de cuello uterino",metodos naturales: usuarias nuevas,2016-08-01,0,3,4,1,0,8
YAPACANI,"anticoncepcion, prevencion de its y de cancer de cuello uterino",metodos naturales: usuarias nuevas,2016-08-01,1,2,13,0,0,16
YOTALA,"anticoncepcion, prevencion de its y de cancer de cuello uterino",metodos naturales: usuarias nuevas,2016-08-01,0,2,4,2,0,8
ZUDAÑEZ,"anticoncepcion, prevencion de its y de cancer de cuello uterino",metodos naturales: usuarias nuevas,2016-08-01,0,1,2,0,0,3
ACHACACHI,"anticoncepcion, prevencion de its y de cancer de cuello uterino",metodos naturales: usuarias nuevas,2016-09-01,0,0,2,0,0,2
ACHOCALLA,"anticoncepcion, prevencion de its y de cancer de cuello uterino",metodos naturales: usuarias nuevas,2016-09-01,0,2,1,2,0,5
ALCALA,"anticoncepcion, prevencion de its y de cancer de cuello uterino",metodos naturales: usuarias nuevas,2016-09-01,0,1,1,0,0,2
ANCORAIMES,"anticoncepcion, prevencion de its y de cancer de cuello uterino",metodos naturales: usuarias nuevas,2016-09-01,0,3,9,2,0,14
ANDAMARCA,"anticoncepcion, prevencion de its y de cancer de cuello uterino",metodos naturales: usuarias nuevas,2016-09-01,0,0,1,1,0,2
ANTEQUERA,"anticoncepcion, prevencion de its y de cancer de cuello uterino",metodos naturales: usuarias nuevas,2016-09-01,0,0,2,0,0,2
APOLO,"anticoncepcion, prevencion de its y de cancer de cuello uterino",metodos naturales: usuarias nuevas,2016-09-01,0,1,1,2,0,4
ARBIETO,"anticoncepcion, prevencion de its y de cancer de cuello uterino",metodos naturales: usuarias nuevas,2016-09-01,0,0,13,1,0,14
ARQUE,"anticoncepcion, prevencion de its y de cancer de cuello uterino",metodos naturales: usuarias nuevas,2016-09-01,0,0,0,1,0,1
ATOCHA,"anticoncepcion, prevencion de its y de cancer de cuello uterino",metodos naturales: usuarias nuevas,2016-09-01,0,1,0,0,0,1
AUCAPATA,"anticoncepcion, prevencion de its y de cancer de cuello uterino",metodos naturales: usuarias nuevas,2016-09-01,0,0,1,0,0,1
AYOPAYA (V. DE INDEPENDENCIA),"anticoncepcion, prevencion de its y de cancer de cuello uterino",metodos naturales: usuarias nuevas,2016-09-01,0,0,4,0,0,4
BATALLAS,"anticoncepcion, prevencion de its y de cancer de cuello uterino",metodos naturales: usuarias nuevas,2016-09-01,0,3,7,3,0,13
BAURES,"anticoncepcion, prevencion de its y de cancer de cuello uterino",metodos naturales: usuarias nuevas,2016-09-01,0,1,0,0,0,1
BERMEJO,"anticoncepcion, prevencion de its y de cancer de cuello uterino",metodos naturales: usuarias nuevas,2016-09-01,0,0,0,1,0,1
BETANZOS,"anticoncepcion, prevencion de its y de cancer de cuello uterino",metodos naturales: usuarias nuevas,2016-09-01,0,4,1,0,0,5
BUENA VISTA,"anticoncepcion, prevencion de its y de cancer de cuello uterino",metodos naturales: usuarias nuevas,2016-09-01,0,2,3,0,0,5
"CAIZA ""D""","anticoncepcion, prevencion de its y de cancer de cuello uterino",metodos naturales: usuarias nuevas,2016-09-01,0,0,3,0,0,3
CAJUATA,"anticoncepcion, prevencion de its y de cancer de cuello uterino",metodos naturales: usuarias nuevas,2016-09-01,1,5,9,0,0,15
CALAMARCA,"anticoncepcion, prevencion de its y de cancer de cuello uterino",metodos naturales: usuarias nuevas,2016-09-01,0,1,6,2,0,9
CAMARGO,"anticoncepcion, prevencion de its y de cancer de cuello uterino",metodos naturales: usuarias nuevas,2016-09-01,0,0,1,0,0,1
CAMIRI,"anticoncepcion, prevencion de its y de cancer de cuello uterino",metodos naturales: usuarias nuevas,2016-09-01,0,0,2,0,0,2
CARACOLLO,"anticoncepcion, prevencion de its y de cancer de cuello uterino",metodos naturales: usuarias nuevas,2016-09-01,0,3,18,0,0,21
CARIPUYO,"anticoncepcion, prevencion de its y de cancer de cuello uterino",metodos naturales: usuarias nuevas,2016-09-01,0,3,5,1,0,9
CHALLAPATA,"anticoncepcion, prevencion de its y de cancer de cuello uterino",metodos naturales: usuarias nuevas,2016-09-01,0,3,36,7,1,47
CHAQUI,"anticoncepcion, prevencion de its y de cancer de cuello uterino",metodos naturales: usuarias nuevas,2016-09-01,0,0,5,2,0,7
CHAYANTA,"anticoncepcion, prevencion de its y de cancer de cuello uterino",metodos naturales: usuarias nuevas,2016-09-01,2,2,8,6,0,18
CHIPAYA,"anticoncepcion, prevencion de its y de cancer de cuello uterino",metodos naturales: usuarias nuevas,2016-09-01,0,0,2,0,0,2
CHUA COCANI,"anticoncepcion, prevencion de its y de cancer de cuello uterino",metodos naturales: usuarias nuevas,2016-09-01,0,1,2,0,0,3
CHULUMANI (V. DE LA LIBERTAD),"anticoncepcion, prevencion de its y de cancer de cuello uterino",metodos naturales: usuarias nuevas,2016-09-01,0,6,30,4,0,40
CHUQUIHUTA AYLLU JUCUMANI,"anticoncepcion, prevencion de its y de cancer de cuello uterino",metodos naturales: usuarias nuevas,2016-09-01,0,7,2,2,0,11
CKOCHAS,"anticoncepcion, prevencion de its y de cancer de cuello uterino",metodos naturales: usuarias nuevas,2016-09-01,0,4,9,6,0,19
CLIZA,"anticoncepcion, prevencion de its y de cancer de cuello uterino",metodos naturales: usuarias nuevas,2016-09-01,0,2,5,0,0,7
COBIJA,"anticoncepcion, prevencion de its y de cancer de cuello uterino",metodos naturales: usuarias nuevas,2016-09-01,1,11,19,5,0,36
COCAPATA,"anticoncepcion, prevencion de its y de cancer de cuello uterino",metodos naturales: usuarias nuevas,2016-09-01,0,1,0,0,0,1
COCHABAMBA,"anticoncepcion, prevencion de its y de cancer de cuello uterino",metodos naturales: usuarias nuevas,2016-09-01,0,9,84,8,1,102
COLCAPIRHUA,"anticoncepcion, prevencion de its y de cancer de cuello uterino",metodos naturales: usuarias nuevas,2016-09-01,0,5,12,2,0,19
"COLCHA ""K""","anticoncepcion, prevencion de its y de cancer de cuello uterino",metodos naturales: usuarias nuevas,2016-09-01,0,0,1,0,0,1
COLLANA,"anticoncepcion, prevencion de its y de cancer de cuello uterino",metodos naturales: usuarias nuevas,2016-09-01,0,0,3,1,0,4
COLOMI,"anticoncepcion, prevencion de its y de cancer de cuello uterino",metodos naturales: usuarias nuevas,2016-09-01,0,0,1,0,0,1
COLPA BELGICA,"anticoncepcion, prevencion de its y de cancer de cuello uterino",metodos naturales: usuarias nuevas,2016-09-01,0,0,3,0,0,3
COLQUECHACA,"anticoncepcion, prevencion de its y de cancer de cuello uterino",metodos naturales: usuarias nuevas,2016-09-01,1,0,6,4,0,11
COLQUIRI,"anticoncepcion, prevencion de its y de cancer de cuello uterino",metodos naturales: usuarias nuevas,2016-09-01,0,2,15,7,0,24
COMANCHE,"anticoncepcion, prevencion de its y de cancer de cuello uterino",metodos naturales: usuarias nuevas,2016-09-01,0,2,0,0,0,2
COMARAPA,"anticoncepcion, prevencion de its y de cancer de cuello uterino",metodos naturales: usuarias nuevas,2016-09-01,0,1,10,2,0,13
CORIPATA,"anticoncepcion, prevencion de its y de cancer de cuello uterino",metodos naturales: usuarias nuevas,2016-09-01,0,2,8,3,0,13
CORO CORO,"anticoncepcion, prevencion de its y de cancer de cuello uterino",metodos naturales: usuarias nuevas,2016-09-01,0,0,1,1,0,2
COROICO,"anticoncepcion, prevencion de its y de cancer de cuello uterino",metodos naturales: usuarias nuevas,2016-09-01,0,0,1,0,0,1
CORQUE,"anticoncepcion, prevencion de its y de cancer de cuello uterino",metodos naturales: usuarias nuevas,2016-09-01,0,1,0,0,0,1
COTAGAITA,"anticoncepcion, prevencion de its y de cancer de cuello uterino",metodos naturales: usuarias nuevas,2016-09-01,0,3,1,0,0,4
COTOCA,"anticoncepcion, prevencion de its y de cancer de cuello uterino",metodos naturales: usuarias nuevas,2016-09-01,0,1,5,0,0,6
CUATRO CAÑADAS,"anticoncepcion, prevencion de its y de cancer de cuello uterino",metodos naturales: usuarias nuevas,2016-09-01,0,0,0,1,0,1
CULPINA,"anticoncepcion, prevencion de its y de cancer de cuello uterino",metodos naturales: usuarias nuevas,2016-09-01,0,2,7,2,0,11
DESAGUADERO,"anticoncepcion, prevencion de its y de cancer de cuello uterino",metodos naturales: usuarias nuevas,2016-09-01,0,0,1,0,0,1
EL ALTO,"anticoncepcion, prevencion de its y de cancer de cuello uterino",metodos naturales: usuarias nuevas,2016-09-01,0,43,254,308,0,605
EL CHORO,"anticoncepcion, prevencion de its y de cancer de cuello uterino",metodos naturales: usuarias nuevas,2016-09-01,0,1,0,0,0,1
EL PUENTE(STC),"anticoncepcion, prevencion de its y de cancer de cuello uterino",metodos naturales: usuarias nuevas,2016-09-01,0,2,3,1,0,6
EL VILLAR,"anticoncepcion, prevencion de its y de cancer de cuello uterino",metodos naturales: usuarias nuevas,2016-09-01,1,3,0,1,0,5
ENTRE RIOS TRJ,"anticoncepcion, prevencion de its y de cancer de cuello uterino",metodos naturales: usuarias nuevas,2016-09-01,0,8,8,2,0,18
ENTRE RIOS CBBA,"anticoncepcion, prevencion de its y de cancer de cuello uterino",metodos naturales: usuarias nuevas,2016-09-01,0,2,2,0,0,4
EUCALIPTUS,"anticoncepcion, prevencion de its y de cancer de cuello uterino",metodos naturales: usuarias nuevas,2016-09-01,0,0,2,1,0,3
FILADELFIA,"anticoncepcion, prevencion de its y de cancer de cuello uterino",metodos naturales: usuarias nuevas,2016-09-01,0,0,2,0,0,2
GENERAL SAAVEDRA,"anticoncepcion, prevencion de its y de cancer de cuello uterino",metodos naturales: usuarias nuevas,2016-09-01,0,1,0,0,0,1
GUAQUI,"anticoncepcion, prevencion de its y de cancer de cuello uterino",metodos naturales: usuarias nuevas,2016-09-01,0,0,5,2,0,7
GUAYARAMERIN,"anticoncepcion, prevencion de its y de cancer de cuello uterino",metodos naturales: usuarias nuevas,2016-09-01,0,17,24,0,0,41
HUACARETA,"anticoncepcion, prevencion de its y de cancer de cuello uterino",metodos naturales: usuarias nuevas,2016-09-01,0,0,2,0,0,2
HUACHACALLA,"anticoncepcion, prevencion de its y de cancer de cuello uterino",metodos naturales: usuarias nuevas,2016-09-01,0,0,2,0,0,2
HUAYLLAMARCA,"anticoncepcion, prevencion de its y de cancer de cuello uterino",metodos naturales: usuarias nuevas,2016-09-01,0,0,2,0,0,2
ICHOCA,"anticoncepcion, prevencion de its y de cancer de cuello uterino",metodos naturales: usuarias nuevas,2016-09-01,0,1,2,0,0,3
ICLA,"anticoncepcion, prevencion de its y de cancer de cuello uterino",metodos naturales: usuarias nuevas,2016-09-01,0,0,2,0,0,2
INCAHUASI,"anticoncepcion, prevencion de its y de cancer de cuello uterino",metodos naturales: usuarias nuevas,2016-09-01,1,3,8,3,0,15
INQUISIVI,"anticoncepcion, prevencion de its y de cancer de cuello uterino",metodos naturales: usuarias nuevas,2016-09-01,0,6,5,2,0,13
IRUPANA (VILLA DE LANZA),"anticoncepcion, prevencion de its y de cancer de cuello uterino",metodos naturales: usuarias nuevas,2016-09-01,0,1,12,1,0,14
IXIAMAS,"anticoncepcion, prevencion de its y de cancer de cuello uterino",metodos naturales: usuarias nuevas,2016-09-01,0,0,9,0,0,9
LA ASUNTA,"anticoncepcion, prevencion de its y de cancer de cuello uterino",metodos naturales: usuarias nuevas,2016-09-01,1,10,38,7,0,56
LA GUARDIA,"anticoncepcion, prevencion de its y de cancer de cuello uterino",metodos naturales: usuarias nuevas,2016-09-01,0,1,4,0,0,5
LA PAZ,"anticoncepcion, prevencion de its y de cancer de cuello uterino",metodos naturales: usuarias nuevas,2016-09-01,0,56,222,29,3,310
LAGUNILLAS,"anticoncepcion, prevencion de its y de cancer de cuello uterino",metodos naturales: usuarias nuevas,2016-09-01,0,0,2,0,0,2
LAJA,"anticoncepcion, prevencion de its y de cancer de cuello uterino",metodos naturales: usuarias nuevas,2016-09-01,0,4,3,0,0,7
LICOMA PAMPA,"anticoncepcion, prevencion de its y de cancer de cuello uterino",metodos naturales: usuarias nuevas,2016-09-01,0,0,0,1,0,1
LLALLAGUA,"anticoncepcion, prevencion de its y de cancer de cuello uterino",metodos naturales: usuarias nuevas,2016-09-01,0,1,5,0,0,6
LORETO,"anticoncepcion, prevencion de its y de cancer de cuello uterino",metodos naturales: usuarias nuevas,2016-09-01,0,0,1,0,0,1
MAGDALENA,"anticoncepcion, prevencion de its y de cancer de cuello uterino",metodos naturales: usuarias nuevas,2016-09-01,0,3,4,1,0,8
MINEROS,"anticoncepcion, prevencion de its y de cancer de cuello uterino",metodos naturales: usuarias nuevas,2016-09-01,1,0,0,0,0,1
MIZQUE,"anticoncepcion, prevencion de its y de cancer de cuello uterino",metodos naturales: usuarias nuevas,2016-09-01,0,1,2,0,0,3
MOCOMOCO,"anticoncepcion, prevencion de its y de cancer de cuello uterino",metodos naturales: usuarias nuevas,2016-09-01,0,0,1,0,0,1
MOJOCOYA,"anticoncepcion, prevencion de its y de cancer de cuello uterino",metodos naturales: usuarias nuevas,2016-09-01,0,1,1,1,0,3
MONTEAGUDO,"anticoncepcion, prevencion de its y de cancer de cuello uterino",metodos naturales: usuarias nuevas,2016-09-01,0,0,1,0,0,1
MONTERO,"anticoncepcion, prevencion de its y de cancer de cuello uterino",metodos naturales: usuarias nuevas,2016-09-01,0,5,6,0,0,11
MOROCHATA,"anticoncepcion, prevencion de its y de cancer de cuello uterino",metodos naturales: usuarias nuevas,2016-09-01,0,3,3,1,0,7
NUEVO MANOA (NUEVA ESPERANZA),"anticoncepcion, prevencion de its y de cancer de cuello uterino",metodos naturales: usuarias nuevas,2016-09-01,0,1,7,0,0,8
OCURI,"anticoncepcion, prevencion de its y de cancer de cuello uterino",metodos naturales: usuarias nuevas,2016-09-01,0,1,8,2,0,11
OKINAWA,"anticoncepcion, prevencion de its y de cancer de cuello uterino",metodos naturales: usuarias nuevas,2016-09-01,0,0,2,0,0,2
OMEREQUE,"anticoncepcion, prevencion de its y de cancer de cuello uterino",metodos naturales: usuarias nuevas,2016-09-01,0,3,1,1,0,5
ORURO,"anticoncepcion, prevencion de its y de cancer de cuello uterino",metodos naturales: usuarias nuevas,2016-09-01,0,6,29,1,0,36
PALCA,"anticoncepcion, prevencion de its y de cancer de cuello uterino",metodos naturales: usuarias nuevas,2016-09-01,0,0,1,0,0,1
PAMPA AULLAGAS,"anticoncepcion, prevencion de its y de cancer de cuello uterino",metodos naturales: usuarias nuevas,2016-09-01,0,1,6,1,0,8
PAPEL PAMPA,"anticoncepcion, prevencion de its y de cancer de cuello uterino",metodos naturales: usuarias nuevas,2016-09-01,0,0,1,0,0,1
PAZÑA,"anticoncepcion, prevencion de its y de cancer de cuello uterino",metodos naturales: usuarias nuevas,2016-09-01,0,0,2,1,0,3
POCOATA,"anticoncepcion, prevencion de its y de cancer de cuello uterino",metodos naturales: usuarias nuevas,2016-09-01,0,3,10,4,0,17
POCONA,"anticoncepcion, prevencion de its y de cancer de cuello uterino",metodos naturales: usuarias nuevas,2016-09-01,0,0,0,1,0,1
POJO (CBBA),"anticoncepcion, prevencion de its y de cancer de cuello uterino",metodos naturales: usuarias nuevas,2016-09-01,0,1,0,0,0,1
PORCO,"anticoncepcion, prevencion de its y de cancer de cuello uterino",metodos naturales: usuarias nuevas,2016-09-01,0,3,6,0,0,9
POROMA,"anticoncepcion, prevencion de its y de cancer de cuello uterino",metodos naturales: usuarias nuevas,2016-09-01,1,0,2,3,0,6
PORONGO,"anticoncepcion, prevencion de its y de cancer de cuello uterino",metodos naturales: usuarias nuevas,2016-09-01,0,1,6,0,0,7
PORTACHUELO,"anticoncepcion, prevencion de its y de cancer de cuello uterino",metodos naturales: usuarias nuevas,2016-09-01,1,2,2,0,0,5
POTOSI,"anticoncepcion, prevencion de its y de cancer de cuello uterino",metodos naturales: usuarias nuevas,2016-09-01,0,10,31,4,0,45
PRESTO,"anticoncepcion, prevencion de its y de cancer de cuello uterino",metodos naturales: usuarias nuevas,2016-09-01,0,1,1,1,0,3
PUCARANI,"anticoncepcion, prevencion de its y de cancer de cuello uterino",metodos naturales: usuarias nuevas,2016-09-01,0,5,11,0,0,16
PUERTO CARABUCO,"anticoncepcion, prevencion de its y de cancer de cuello uterino",metodos naturales: usuarias nuevas,2016-09-01,0,1,1,2,0,4
PUERTO GONZALO MORENO,"anticoncepcion, prevencion de its y de cancer de cuello uterino",metodos naturales: usuarias nuevas,2016-09-01,0,3,0,0,0,3
PUERTO RICO,"anticoncepcion, prevencion de its y de cancer de cuello uterino",metodos naturales: usuarias nuevas,2016-09-01,0,1,4,0,0,5
PUERTO VILLARROEL,"anticoncepcion, prevencion de its y de cancer de cuello uterino",metodos naturales: usuarias nuevas,2016-09-01,0,3,5,2,0,10
PUNA,"anticoncepcion, prevencion de its y de cancer de cuello uterino",metodos naturales: usuarias nuevas,2016-09-01,0,5,12,1,0,18
PUNATA,"anticoncepcion, prevencion de its y de cancer de cuello uterino",metodos naturales: usuarias nuevas,2016-09-01,0,12,47,10,0,69
QUILLACOLLO,"anticoncepcion, prevencion de its y de cancer de cuello uterino",metodos naturales: usuarias nuevas,2016-09-01,0,0,10,6,0,16
QUIME,"anticoncepcion, prevencion de its y de cancer de cuello uterino",metodos naturales: usuarias nuevas,2016-09-01,0,3,7,3,1,14
RAVELO,"anticoncepcion, prevencion de its y de cancer de cuello uterino",metodos naturales: usuarias nuevas,2016-09-01,0,3,2,3,0,8
REYES,"anticoncepcion, prevencion de its y de cancer de cuello uterino",metodos naturales: usuarias nuevas,2016-09-01,9,21,67,0,0,97
RIBERALTA,"anticoncepcion, prevencion de its y de cancer de cuello uterino",metodos naturales: usuarias nuevas,2016-09-01,9,59,127,11,0,206
SABAYA,"anticoncepcion, prevencion de its y de cancer de cuello uterino",metodos naturales: usuarias nuevas,2016-09-01,0,1,1,0,0,2
SACABA,"anticoncepcion, prevencion de its y de cancer de cuello uterino",metodos naturales: usuarias nuevas,2016-09-01,0,3,21,22,0,46
SACACA,"anticoncepcion, prevencion de its y de cancer de cuello uterino",metodos naturales: usuarias nuevas,2016-09-01,0,4,7,1,0,12
SALINAS DE GARCI MENDOZA,"anticoncepcion, prevencion de its y de cancer de cuello uterino",metodos naturales: usuarias nuevas,2016-09-01,0,3,13,2,0,18
SAMAIPATA,"anticoncepcion, prevencion de its y de cancer de cuello uterino",metodos naturales: usuarias nuevas,2016-09-01,0,1,0,0,0,1
SAN ANDRES,"anticoncepcion, prevencion de its y de cancer de cuello uterino",metodos naturales: usuarias nuevas,2016-09-01,0,0,5,1,0,6
SAN ANDRES DE MACHACA,"anticoncepcion, prevencion de its y de cancer de cuello uterino",metodos naturales: usuarias nuevas,2016-09-01,0,0,3,0,0,3
SAN BORJA,"anticoncepcion, prevencion de its y de cancer de cuello uterino",metodos naturales: usuarias nuevas,2016-09-01,1,10,8,2,0,21
SAN BUENA VENTURA,"anticoncepcion, prevencion de its y de cancer de cuello uterino",metodos naturales: usuarias nuevas,2016-09-01,0,6,12,0,0,18
SAN CARLOS,"anticoncepcion, prevencion de its y de cancer de cuello uterino",metodos naturales: usuarias nuevas,2016-09-01,1,3,20,5,0,29
SAN IGNACIO,"anticoncepcion, prevencion de its y de cancer de cuello uterino",metodos naturales: usuarias nuevas,2016-09-01,0,2,10,0,0,12
SAN IGNACIO DE VELASCO,"anticoncepcion, prevencion de its y de cancer de cuello uterino",metodos naturales: usuarias nuevas,2016-09-01,0,3,10,3,0,16
SAN JAVIER(BNI),"anticoncepcion, prevencion de its y de cancer de cuello uterino",metodos naturales: usuarias nuevas,2016-09-01,0,0,1,0,0,1
SAN JUAN DE YAPACANI,"anticoncepcion, prevencion de its y de cancer de cuello uterino",metodos naturales: usuarias nuevas,2016-09-01,0,0,5,1,0,6
SAN JULIAN,"anticoncepcion, prevencion de its y de cancer de cuello uterino",metodos naturales: usuarias nuevas,2016-09-01,0,1,1,1,0,3
SAN LORENZO(PND),"anticoncepcion, prevencion de its y de cancer de cuello uterino",metodos naturales: usuarias nuevas,2016-09-01,0,4,1,0,0,5
SAN LUCAS,"anticoncepcion, prevencion de its y de cancer de cuello uterino",metodos naturales: usuarias nuevas,2016-09-01,43,21,7,3,0,74
SAN MIGUEL DE VELASCO,"anticoncepcion, prevencion de its y de cancer de cuello uterino",metodos naturales: usuarias nuevas,2016-09-01,0,3,1,1,0,5
SAN PABLO DE LIPEZ,"anticoncepcion, prevencion de its y de cancer de cuello uterino",metodos naturales: usuarias nuevas,2016-09-01,0,0,1,0,0,1
SAN PEDRO,"anticoncepcion, prevencion de its y de cancer de cuello uterino",metodos naturales: usuarias nuevas,2016-09-01,0,0,4,0,0,4
SAN PEDRO DE BUENA VISTA,"anticoncepcion, prevencion de its y de cancer de cuello uterino",metodos naturales: usuarias nuevas,2016-09-01,0,10,28,7,0,45
SAN PEDRO DE CURAHUARA,"anticoncepcion, prevencion de its y de cancer de cuello uterino",metodos naturales: usuarias nuevas,2016-09-01,0,0,2,0,0,2
SAN PEDRO DE TIQUINA,"anticoncepcion, prevencion de its y de cancer de cuello uterino",metodos naturales: usuarias nuevas,2016-09-01,0,1,7,4,0,12
SAN RAFAEL,"anticoncepcion, prevencion de its y de cancer de cuello uterino",metodos naturales: usuarias nuevas,2016-09-01,0,0,1,1,0,2
SANTA ANA,"anticoncepcion, prevencion de its y de cancer de cuello uterino",metodos naturales: usuarias nuevas,2016-09-01,0,9,8,1,0,18
SANTA CRUZ DE LA SIERRA,"anticoncepcion, prevencion de its y de cancer de cuello uterino",metodos naturales: usuarias nuevas,2016-09-01,19,26,19,7,0,71
SANTA ROSA,"anticoncepcion, prevencion de its y de cancer de cuello uterino",metodos naturales: usuarias nuevas,2016-09-01,0,2,8,0,0,10
SANTA ROSA DEL SARA,"anticoncepcion, prevencion de its y de cancer de cuello uterino",metodos naturales: usuarias nuevas,2016-09-01,0,4,7,3,0,14
SANTIAGO DE HUARI,"anticoncepcion, prevencion de its y de cancer de cuello uterino",metodos naturales: usuarias nuevas,2016-09-01,0,2,3,1,0,6
SANTIAGO DE HUATA,"anticoncepcion, prevencion de its y de cancer de cuello uterino",metodos naturales: usuarias nuevas,2016-09-01,0,0,1,0,0,1
SANTIAGO DE MACHACA,"anticoncepcion, prevencion de its y de cancer de cuello uterino",metodos naturales: usuarias nuevas,2016-09-01,0,0,1,0,0,1
SANTUARIO DE QUILLACAS,"anticoncepcion, prevencion de its y de cancer de cuello uterino",metodos naturales: usuarias nuevas,2016-09-01,0,4,3,0,0,7
SAPAHAQUI,"anticoncepcion, prevencion de its y de cancer de cuello uterino",metodos naturales: usuarias nuevas,2016-09-01,0,2,1,0,0,3
SIPE SIPE,"anticoncepcion, prevencion de its y de cancer de cuello uterino",metodos naturales: usuarias nuevas,2016-09-01,0,0,1,0,0,1
SOPACHUY,"anticoncepcion, prevencion de its y de cancer de cuello uterino",metodos naturales: usuarias nuevas,2016-09-01,0,1,8,0,0,9
SORACACHI,"anticoncepcion, prevencion de its y de cancer de cuello uterino",metodos naturales: usuarias nuevas,2016-09-01,0,0,7,3,0,10
SORATA,"anticoncepcion, prevencion de its y de cancer de cuello uterino",metodos naturales: usuarias nuevas,2016-09-01,0,0,2,0,0,2
SUCRE,"anticoncepcion, prevencion de its y de cancer de cuello uterino",metodos naturales: usuarias nuevas,2016-09-01,1,53,199,45,4,302
TACACOMA,"anticoncepcion, prevencion de its y de cancer de cuello uterino",metodos naturales: usuarias nuevas,2016-09-01,0,3,5,2,0,10
TACOPAYA,"anticoncepcion, prevencion de its y de cancer de cuello uterino",metodos naturales: usuarias nuevas,2016-09-01,0,1,1,0,0,2
TAHUA,"anticoncepcion, prevencion de its y de cancer de cuello uterino",metodos naturales: usuarias nuevas,2016-09-01,0,0,1,0,0,1
TAPACARI,"anticoncepcion, prevencion de its y de cancer de cuello uterino",metodos naturales: usuarias nuevas,2016-09-01,0,1,5,1,0,7
TARABUCO,"anticoncepcion, prevencion de its y de cancer de cuello uterino",metodos naturales: usuarias nuevas,2016-09-01,0,5,6,6,0,17
TARATA,"anticoncepcion, prevencion de its y de cancer de cuello uterino",metodos naturales: usuarias nuevas,2016-09-01,0,1,1,0,0,2
TARIJA,"anticoncepcion, prevencion de its y de cancer de cuello uterino",metodos naturales: usuarias nuevas,2016-09-01,0,0,4,0,0,4
TARVITA,"anticoncepcion, prevencion de its y de cancer de cuello uterino",metodos naturales: usuarias nuevas,2016-09-01,0,3,4,3,0,10
TEOPONTE,"anticoncepcion, prevencion de its y de cancer de cuello uterino",metodos naturales: usuarias nuevas,2016-09-01,0,1,2,0,0,3
TIAWANACU,"anticoncepcion, prevencion de its y de cancer de cuello uterino",metodos naturales: usuarias nuevas,2016-09-01,0,0,4,0,0,4
TINGUIPAYA,"anticoncepcion, prevencion de its y de cancer de cuello uterino",metodos naturales: usuarias nuevas,2016-09-01,0,1,1,1,0,3
TIQUIPAYA,"anticoncepcion, prevencion de its y de cancer de cuello uterino",metodos naturales: usuarias nuevas,2016-09-01,0,1,2,1,0,4
TIRAQUE (CBBA),"anticoncepcion, prevencion de its y de cancer de cuello uterino",metodos naturales: usuarias nuevas,2016-09-01,0,0,1,0,0,1
TOCO,"anticoncepcion, prevencion de its y de cancer de cuello uterino",metodos naturales: usuarias nuevas,2016-09-01,0,0,2,0,0,2
TOLATA,"anticoncepcion, prevencion de its y de cancer de cuello uterino",metodos naturales: usuarias nuevas,2016-09-01,0,1,3,0,0,4
TOLEDO,"anticoncepcion, prevencion de its y de cancer de cuello uterino",metodos naturales: usuarias nuevas,2016-09-01,0,1,3,1,0,5
TOMINA,"anticoncepcion, prevencion de its y de cancer de cuello uterino",metodos naturales: usuarias nuevas,2016-09-01,0,4,8,0,0,12
TORO TORO,"anticoncepcion, prevencion de its y de cancer de cuello uterino",metodos naturales: usuarias nuevas,2016-09-01,0,1,14,6,0,21
TOTORA(CBBA),"anticoncepcion, prevencion de its y de cancer de cuello uterino",metodos naturales: usuarias nuevas,2016-09-01,0,1,0,0,0,1
TOTORA(ORR),"anticoncepcion, prevencion de its y de cancer de cuello uterino",metodos naturales: usuarias nuevas,2016-09-01,0,0,1,2,0,3
TRINIDAD,"anticoncepcion, prevencion de its y de cancer de cuello uterino",metodos naturales: usuarias nuevas,2016-09-01,0,15,13,12,0,40
TUPIZA,"anticoncepcion, prevencion de its y de cancer de cuello uterino",metodos naturales: usuarias nuevas,2016-09-01,0,4,1,0,0,5
TURCO,"anticoncepcion, prevencion de its y de cancer de cuello uterino",metodos naturales: usuarias nuevas,2016-09-01,0,0,1,0,0,1
VACAS,"anticoncepcion, prevencion de its y de cancer de cuello uterino",metodos naturales: usuarias nuevas,2016-09-01,0,6,3,2,0,11
VILLA CHARCAS,"anticoncepcion, prevencion de its y de cancer de cuello uterino",metodos naturales: usuarias nuevas,2016-09-01,0,2,2,0,0,4
VILLA RIVERO,"anticoncepcion, prevencion de its y de cancer de cuello uterino",metodos naturales: usuarias nuevas,2016-09-01,0,2,3,2,0,7
VILLA SERRANO,"anticoncepcion, prevencion de its y de cancer de cuello uterino",metodos naturales: usuarias nuevas,2016-09-01,1,1,0,0,0,2
VILLA TUNARI,"anticoncepcion, prevencion de its y de cancer de cuello uterino",metodos naturales: usuarias nuevas,2016-09-01,0,0,8,0,0,8
VILLA VACA GUZMAN (MUYUPAMPA),"anticoncepcion, prevencion de its y de cancer de cuello uterino",metodos naturales: usuarias nuevas,2016-09-01,0,1,0,0,0,1
VILLAZON,"anticoncepcion, prevencion de its y de cancer de cuello uterino",metodos naturales: usuarias nuevas,2016-09-01,0,3,4,0,0,7
VINTO,"anticoncepcion, prevencion de its y de cancer de cuello uterino",metodos naturales: usuarias nuevas,2016-09-01,0,3,17,2,0,22
VITICHI,"anticoncepcion, prevencion de its y de cancer de cuello uterino",metodos naturales: usuarias nuevas,2016-09-01,1,1,4,3,1,10
WARNES,"anticoncepcion, prevencion de its y de cancer de cuello uterino",metodos naturales: usuarias nuevas,2016-09-01,0,1,3,0,0,4
YACUIBA,"anticoncepcion, prevencion de its y de cancer de cuello uterino",metodos naturales: usuarias nuevas,2016-09-01,0,3,1,0,0,4
YAMPARAEZ,"anticoncepcion, prevencion de its y de cancer de cuello uterino",metodos naturales: usuarias nuevas,2016-09-01,0,2,2,0,0,4
YANACACHI,"anticoncepcion, prevencion de its y de cancer de cuello uterino",metodos naturales: usuarias nuevas,2016-09-01,0,0,2,0,0,2
YAPACANI,"anticoncepcion, prevencion de its y de cancer de cuello uterino",metodos naturales: usuarias nuevas,2016-09-01,0,3,15,1,0,19
YOTALA,"anticoncepcion, prevencion de its y de cancer de cuello uterino",metodos naturales: usuarias nuevas,2016-09-01,0,0,4,0,0,4
ZUDAÑEZ,"anticoncepcion, prevencion de its y de cancer de cuello uterino",metodos naturales: usuarias nuevas,2016-09-01,0,1,0,0,0,1
ACACIO,"anticoncepcion, prevencion de its y de cancer de cuello uterino",metodos naturales: usuarias nuevas,2016-10-01,1,2,2,1,0,6
ACHACACHI,"anticoncepcion, prevencion de its y de cancer de cuello uterino",metodos naturales: usuarias nuevas,2016-10-01,0,1,3,1,0,5
ALALAY,"anticoncepcion, prevencion de its y de cancer de cuello uterino",metodos naturales: usuarias nuevas,2016-10-01,0,0,0,1,0,1
ALCALA,"anticoncepcion, prevencion de its y de cancer de cuello uterino",metodos naturales: usuarias nuevas,2016-10-01,0,0,0,1,0,1
ANCORAIMES,"anticoncepcion, prevencion de its y de cancer de cuello uterino",metodos naturales: usuarias nuevas,2016-10-01,0,0,6,1,0,7
ANDAMARCA,"anticoncepcion, prevencion de its y de cancer de cuello uterino",metodos naturales: usuarias nuevas,2016-10-01,0,0,1,0,0,1
APOLO,"anticoncepcion, prevencion de its y de cancer de cuello uterino",metodos naturales: usuarias nuevas,2016-10-01,0,3,7,2,0,12
ARBIETO,"anticoncepcion, prevencion de its y de cancer de cuello uterino",metodos naturales: usuarias nuevas,2016-10-01,0,2,5,4,0,11
ARQUE,"anticoncepcion, prevencion de its y de cancer de cuello uterino",metodos naturales: usuarias nuevas,2016-10-01,0,1,0,0,0,1
ATOCHA,"anticoncepcion, prevencion de its y de cancer de cuello uterino",metodos naturales: usuarias nuevas,2016-10-01,0,0,3,0,0,3
AYO AYO,"anticoncepcion, prevencion de its y de cancer de cuello uterino",metodos naturales: usuarias nuevas,2016-10-01,0,0,3,1,0,4
BATALLAS,"anticoncepcion, prevencion de its y de cancer de cuello uterino",metodos naturales: usuarias nuevas,2016-10-01,0,2,9,3,0,14
BAURES,"anticoncepcion, prevencion de its y de cancer de cuello uterino",metodos naturales: usuarias nuevas,2016-10-01,0,0,2,0,0,2
BELEN DE ANDAMARCA,"anticoncepcion, prevencion de its y de cancer de cuello uterino",metodos naturales: usuarias nuevas,2016-10-01,0,0,0,1,0,1
BETANZOS,"anticoncepcion, prevencion de its y de cancer de cuello uterino",metodos naturales: usuarias nuevas,2016-10-01,0,3,4,1,0,8
BOLIVAR,"anticoncepcion, prevencion de its y de cancer de cuello uterino",metodos naturales: usuarias nuevas,2016-10-01,0,0,1,0,0,1
BUENA VISTA,"anticoncepcion, prevencion de its y de cancer de cuello uterino",metodos naturales: usuarias nuevas,2016-10-01,0,5,9,5,0,19
"CAIZA ""D""","anticoncepcion, prevencion de its y de cancer de cuello uterino",metodos naturales: usuarias nuevas,2016-10-01,0,1,4,1,0,6
CAJUATA,"anticoncepcion, prevencion de its y de cancer de cuello uterino",metodos naturales: usuarias nuevas,2016-10-01,0,3,8,1,0,12
CALAMARCA,"anticoncepcion, prevencion de its y de cancer de cuello uterino",metodos naturales: usuarias nuevas,2016-10-01,0,8,7,2,0,17
CAMARGO,"anticoncepcion, prevencion de its y de cancer de cuello uterino",metodos naturales: usuarias nuevas,2016-10-01,0,0,2,0,0,2
CAMATAQUI (C. VILLA ABECIA),"anticoncepcion, prevencion de its y de cancer de cuello uterino",metodos naturales: usuarias nuevas,2016-10-01,0,0,0,2,0,2
CAMIRI,"anticoncepcion, prevencion de its y de cancer de cuello uterino",metodos naturales: usuarias nuevas,2016-10-01,0,0,3,3,0,6
CARACOLLO,"anticoncepcion, prevencion de its y de cancer de cuello uterino",metodos naturales: usuarias nuevas,2016-10-01,0,3,10,4,0,17
CARANAVI,"anticoncepcion, prevencion de its y de cancer de cuello uterino",metodos naturales: usuarias nuevas,2016-10-01,0,0,0,1,0,1
CARIPUYO,"anticoncepcion, prevencion de its y de cancer de cuello uterino",metodos naturales: usuarias nuevas,2016-10-01,0,2,2,2,0,6
CHALLAPATA,"anticoncepcion, prevencion de its y de cancer de cuello uterino",metodos naturales: usuarias nuevas,2016-10-01,0,8,30,9,0,47
CHAQUI,"anticoncepcion, prevencion de its y de cancer de cuello uterino",metodos naturales: usuarias nuevas,2016-10-01,0,3,6,3,0,12
CHAYANTA,"anticoncepcion, prevencion de its y de cancer de cuello uterino",metodos naturales: usuarias nuevas,2016-10-01,0,5,14,6,0,25
CHIMORE,"anticoncepcion, prevencion de its y de cancer de cuello uterino",metodos naturales: usuarias nuevas,2016-10-01,0,0,2,1,0,3
CHIPAYA,"anticoncepcion, prevencion de its y de cancer de cuello uterino",metodos naturales: usuarias nuevas,2016-10-01,0,0,1,0,0,1
CHOQUE COTA,"anticoncepcion, prevencion de its y de cancer de cuello uterino",metodos naturales: usuarias nuevas,2016-10-01,0,1,0,0,0,1
CHUA COCANI,"anticoncepcion, prevencion de its y de cancer de cuello uterino",metodos naturales: usuarias nuevas,2016-10-01,0,0,1,0,0,1
CHULUMANI (V. DE LA LIBERTAD),"anticoncepcion, prevencion de its y de cancer de cuello uterino",metodos naturales: usuarias nuevas,2016-10-01,1,7,16,2,0,26
CHUQUIHUTA AYLLU JUCUMANI,"anticoncepcion, prevencion de its y de cancer de cuello uterino",metodos naturales: usuarias nuevas,2016-10-01,0,1,2,3,0,6
CKOCHAS,"anticoncepcion, prevencion de its y de cancer de cuello uterino",metodos naturales: usuarias nuevas,2016-10-01,0,3,3,2,0,8
COBIJA,"anticoncepcion, prevencion de its y de cancer de cuello uterino",metodos naturales: usuarias nuevas,2016-10-01,0,6,16,10,0,32
COCAPATA,"anticoncepcion, prevencion de its y de cancer de cuello uterino",metodos naturales: usuarias nuevas,2016-10-01,0,0,2,1,0,3
COCHABAMBA,"anticoncepcion, prevencion de its y de cancer de cuello uterino",metodos naturales: usuarias nuevas,2016-10-01,0,8,262,16,1,287
COLCAPIRHUA,"anticoncepcion, prevencion de its y de cancer de cuello uterino",metodos naturales: usuarias nuevas,2016-10-01,0,4,13,1,0,18
COLOMI,"anticoncepcion, prevencion de its y de cancer de cuello uterino",metodos naturales: usuarias nuevas,2016-10-01,0,1,2,0,0,3
COLPA BELGICA,"anticoncepcion, prevencion de its y de cancer de cuello uterino",metodos naturales: usuarias nuevas,2016-10-01,0,0,1,0,0,1
COLQUECHACA,"anticoncepcion, prevencion de its y de cancer de cuello uterino",metodos naturales: usuarias nuevas,2016-10-01,0,1,2,2,0,5
COLQUIRI,"anticoncepcion, prevencion de its y de cancer de cuello uterino",metodos naturales: usuarias nuevas,2016-10-01,0,2,8,1,0,11
COMARAPA,"anticoncepcion, prevencion de its y de cancer de cuello uterino",metodos naturales: usuarias nuevas,2016-10-01,1,5,18,4,0,28
CONCEPCION,"anticoncepcion, prevencion de its y de cancer de cuello uterino",metodos naturales: usuarias nuevas,2016-10-01,0,0,1,0,0,1
CORIPATA,"anticoncepcion, prevencion de its y de cancer de cuello uterino",metodos naturales: usuarias nuevas,2016-10-01,0,2,6,0,0,8
CORO CORO,"anticoncepcion, prevencion de its y de cancer de cuello uterino",metodos naturales: usuarias nuevas,2016-10-01,0,0,2,0,0,2
COROICO,"anticoncepcion, prevencion de its y de cancer de cuello uterino",metodos naturales: usuarias nuevas,2016-10-01,0,0,3,0,0,3
CORQUE,"anticoncepcion, prevencion de its y de cancer de cuello uterino",metodos naturales: usuarias nuevas,2016-10-01,0,1,4,2,0,7
COTAGAITA,"anticoncepcion, prevencion de its y de cancer de cuello uterino",metodos naturales: usuarias nuevas,2016-10-01,1,0,2,0,0,3
COTOCA,"anticoncepcion, prevencion de its y de cancer de cuello uterino",metodos naturales: usuarias nuevas,2016-10-01,0,1,2,0,0,3
CUATRO CAÑADAS,"anticoncepcion, prevencion de its y de cancer de cuello uterino",metodos naturales: usuarias nuevas,2016-10-01,0,0,1,0,0,1
CULPINA,"anticoncepcion, prevencion de its y de cancer de cuello uterino",metodos naturales: usuarias nuevas,2016-10-01,0,1,9,2,0,12
CURAHUARA DE CARANGAS,"anticoncepcion, prevencion de its y de cancer de cuello uterino",metodos naturales: usuarias nuevas,2016-10-01,0,1,1,0,0,2
EL ALTO,"anticoncepcion, prevencion de its y de cancer de cuello uterino",metodos naturales: usuarias nuevas,2016-10-01,0,54,203,355,0,612
EL CHORO,"anticoncepcion, prevencion de its y de cancer de cuello uterino",metodos naturales: usuarias nuevas,2016-10-01,0,0,2,1,0,3
EL PUENTE(STC),"anticoncepcion, prevencion de its y de cancer de cuello uterino",metodos naturales: usuarias nuevas,2016-10-01,0,3,5,1,0,9
EL PUENTE(TJA),"anticoncepcion, prevencion de its y de cancer de cuello uterino",metodos naturales: usuarias nuevas,2016-10-01,0,1,0,0,0,1
EL TORNO,"anticoncepcion, prevencion de its y de cancer de cuello uterino",metodos naturales: usuarias nuevas,2016-10-01,0,0,0,1,0,1
EL VILLAR,"anticoncepcion, prevencion de its y de cancer de cuello uterino",metodos naturales: usuarias nuevas,2016-10-01,0,1,0,0,0,1
ENTRE RIOS TRJ,"anticoncepcion, prevencion de its y de cancer de cuello uterino",metodos naturales: usuarias nuevas,2016-10-01,0,4,4,2,0,10
ENTRE RIOS CBBA,"anticoncepcion, prevencion de its y de cancer de cuello uterino",metodos naturales: usuarias nuevas,2016-10-01,0,2,0,2,0,4
EUCALIPTUS,"anticoncepcion, prevencion de its y de cancer de cuello uterino",metodos naturales: usuarias nuevas,2016-10-01,0,1,1,0,0,2
FERNANDEZ ALONSO,"anticoncepcion, prevencion de its y de cancer de cuello uterino",metodos naturales: usuarias nuevas,2016-10-01,0,0,1,0,0,1
FILADELFIA,"anticoncepcion, prevencion de its y de cancer de cuello uterino",metodos naturales: usuarias nuevas,2016-10-01,0,1,1,0,0,2
GENERAL SAAVEDRA,"anticoncepcion, prevencion de its y de cancer de cuello uterino",metodos naturales: usuarias nuevas,2016-10-01,0,1,0,0,0,1
GUAQUI,"anticoncepcion, prevencion de its y de cancer de cuello uterino",metodos naturales: usuarias nuevas,2016-10-01,0,0,4,0,0,4
GUAYARAMERIN,"anticoncepcion, prevencion de its y de cancer de cuello uterino",metodos naturales: usuarias nuevas,2016-10-01,1,14,21,2,0,38
HUACARETA,"anticoncepcion, prevencion de its y de cancer de cuello uterino",metodos naturales: usuarias nuevas,2016-10-01,0,0,1,0,0,1
HUACAYA (VILLA DE HUACAYA),"anticoncepcion, prevencion de its y de cancer de cuello uterino",metodos naturales: usuarias nuevas,2016-10-01,0,1,0,0,0,1
HUACHACALLA,"anticoncepcion, prevencion de its y de cancer de cuello uterino",metodos naturales: usuarias nuevas,2016-10-01,0,0,1,0,0,1
HUARINA,"anticoncepcion, prevencion de its y de cancer de cuello uterino",metodos naturales: usuarias nuevas,2016-10-01,0,0,2,0,0,2
HUAYLLAMARCA,"anticoncepcion, prevencion de its y de cancer de cuello uterino",metodos naturales: usuarias nuevas,2016-10-01,0,1,1,0,0,2
ICHOCA,"anticoncepcion, prevencion de its y de cancer de cuello uterino",metodos naturales: usuarias nuevas,2016-10-01,0,3,3,1,0,7
ICLA,"anticoncepcion, prevencion de its y de cancer de cuello uterino",metodos naturales: usuarias nuevas,2016-10-01,0,0,1,0,0,1
INCAHUASI,"anticoncepcion, prevencion de its y de cancer de cuello uterino",metodos naturales: usuarias nuevas,2016-10-01,0,2,5,3,0,10
INQUISIVI,"anticoncepcion, prevencion de its y de cancer de cuello uterino",metodos naturales: usuarias nuevas,2016-10-01,0,1,5,1,0,7
IRUPANA (VILLA DE LANZA),"anticoncepcion, prevencion de its y de cancer de cuello uterino",metodos naturales: usuarias nuevas,2016-10-01,1,2,3,1,0,7
IXIAMAS,"anticoncepcion, prevencion de its y de cancer de cuello uterino",metodos naturales: usuarias nuevas,2016-10-01,1,4,13,1,0,19
JESUS DE MACHACA,"anticoncepcion, prevencion de its y de cancer de cuello uterino",metodos naturales: usuarias nuevas,2016-10-01,0,1,0,0,0,1
LA ASUNTA,"anticoncepcion, prevencion de its y de cancer de cuello uterino",metodos naturales: usuarias nuevas,2016-10-01,1,13,36,5,0,55
LA GUARDIA,"anticoncepcion, prevencion de its y de cancer de cuello uterino",metodos naturales: usuarias nuevas,2016-10-01,0,9,10,3,0,22
LA PAZ,"anticoncepcion, prevencion de its y de cancer de cuello uterino",metodos naturales: usuarias nuevas,2016-10-01,0,46,191,33,1,271
LAGUNILLAS,"anticoncepcion, prevencion de its y de cancer de cuello uterino",metodos naturales: usuarias nuevas,2016-10-01,2,1,5,1,0,9
LAJA,"anticoncepcion, prevencion de its y de cancer de cuello uterino",metodos naturales: usuarias nuevas,2016-10-01,0,2,5,0,0,7
LICOMA PAMPA,"anticoncepcion, prevencion de its y de cancer de cuello uterino",metodos naturales: usuarias nuevas,2016-10-01,0,0,2,1,0,3
LLALLAGUA,"anticoncepcion, prevencion de its y de cancer de cuello uterino",metodos naturales: usuarias nuevas,2016-10-01,0,0,5,1,0,6
LORETO,"anticoncepcion, prevencion de its y de cancer de cuello uterino",metodos naturales: usuarias nuevas,2016-10-01,0,1,1,0,0,2
MACHACAMARCA,"anticoncepcion, prevencion de its y de cancer de cuello uterino",metodos naturales: usuarias nuevas,2016-10-01,0,1,0,0,0,1
MAPIRI,"anticoncepcion, prevencion de its y de cancer de cuello uterino",metodos naturales: usuarias nuevas,2016-10-01,0,0,10,0,0,10
MIZQUE,"anticoncepcion, prevencion de its y de cancer de cuello uterino",metodos naturales: usuarias nuevas,2016-10-01,0,3,16,5,0,24
MOCOMOCO,"anticoncepcion, prevencion de its y de cancer de cuello uterino",metodos naturales: usuarias nuevas,2016-10-01,0,0,2,1,0,3
MOJOCOYA,"anticoncepcion, prevencion de its y de cancer de cuello uterino",metodos naturales: usuarias nuevas,2016-10-01,0,0,1,3,0,4
MONTEAGUDO,"anticoncepcion, prevencion de its y de cancer de cuello uterino",metodos naturales: usuarias nuevas,2016-10-01,0,0,1,0,0,1
MONTERO,"anticoncepcion, prevencion de its y de cancer de cuello uterino",metodos naturales: usuarias nuevas,2016-10-01,0,1,3,0,0,4
MOROCHATA,"anticoncepcion, prevencion de its y de cancer de cuello uterino",metodos naturales: usuarias nuevas,2016-10-01,0,1,4,1,0,6
NUEVO MANOA (NUEVA ESPERANZA),"anticoncepcion, prevencion de its y de cancer de cuello uterino",metodos naturales: usuarias nuevas,2016-10-01,0,0,1,0,0,1
OCURI,"anticoncepcion, prevencion de its y de cancer de cuello uterino",metodos naturales: usuarias nuevas,2016-10-01,1,2,7,3,0,13
OMEREQUE,"anticoncepcion, prevencion de its y de cancer de cuello uterino",metodos naturales: usuarias nuevas,2016-10-01,0,0,3,1,0,4
ORURO,"anticoncepcion, prevencion de its y de cancer de cuello uterino",metodos naturales: usuarias nuevas,2016-10-01,0,4,38,24,0,66
PADILLA,"anticoncepcion, prevencion de its y de cancer de cuello uterino",metodos naturales: usuarias nuevas,2016-10-01,0,4,16,1,0,21
PAILON,"anticoncepcion, prevencion de its y de cancer de cuello uterino",metodos naturales: usuarias nuevas,2016-10-01,0,0,0,1,0,1
PALCA,"anticoncepcion, prevencion de its y de cancer de cuello uterino",metodos naturales: usuarias nuevas,2016-10-01,0,1,5,1,1,8
PAMPA AULLAGAS,"anticoncepcion, prevencion de its y de cancer de cuello uterino",metodos naturales: usuarias nuevas,2016-10-01,0,0,4,0,0,4
PAZÑA,"anticoncepcion, prevencion de its y de cancer de cuello uterino",metodos naturales: usuarias nuevas,2016-10-01,0,1,1,0,0,2
POCOATA,"anticoncepcion, prevencion de its y de cancer de cuello uterino",metodos naturales: usuarias nuevas,2016-10-01,0,2,10,10,0,22
POCONA,"anticoncepcion, prevencion de its y de cancer de cuello uterino",metodos naturales: usuarias nuevas,2016-10-01,0,3,1,0,0,4
POJO (CBBA),"anticoncepcion, prevencion de its y de cancer de cuello uterino",metodos naturales: usuarias nuevas,2016-10-01,0,2,1,0,0,3
POOPO,"anticoncepcion, prevencion de its y de cancer de cuello uterino",metodos naturales: usuarias nuevas,2016-10-01,0,1,0,0,0,1
PORCO,"anticoncepcion, prevencion de its y de cancer de cuello uterino",metodos naturales: usuarias nuevas,2016-10-01,0,1,5,1,0,7
POROMA,"anticoncepcion, prevencion de its y de cancer de cuello uterino",metodos naturales: usuarias nuevas,2016-10-01,0,2,3,0,0,5
PORONGO,"anticoncepcion, prevencion de its y de cancer de cuello uterino",metodos naturales: usuarias nuevas,2016-10-01,0,1,2,0,0,3
PORTACHUELO,"anticoncepcion, prevencion de its y de cancer de cuello uterino",metodos naturales: usuarias nuevas,2016-10-01,3,4,3,0,0,10
POTOSI,"anticoncepcion, prevencion de its y de cancer de cuello uterino",metodos naturales: usuarias nuevas,2016-10-01,0,2,14,1,0,17
PRESTO,"anticoncepcion, prevencion de its y de cancer de cuello uterino",metodos naturales: usuarias nuevas,2016-10-01,0,0,2,2,0,4
PUCARANI,"anticoncepcion, prevencion de its y de cancer de cuello uterino",metodos naturales: usuarias nuevas,2016-10-01,0,3,11,2,0,16
PUERTO ACOSTA,"anticoncepcion, prevencion de its y de cancer de cuello uterino",metodos naturales: usuarias nuevas,2016-10-01,0,2,0,0,0,2
PUERTO GONZALO MORENO,"anticoncepcion, prevencion de its y de cancer de cuello uterino",metodos naturales: usuarias nuevas,2016-10-01,0,2,0,0,0,2
PUERTO PEREZ,"anticoncepcion, prevencion de its y de cancer de cuello uterino",metodos naturales: usuarias nuevas,2016-10-01,0,0,3,0,0,3
PUERTO RICO,"anticoncepcion, prevencion de its y de cancer de cuello uterino",metodos naturales: usuarias nuevas,2016-10-01,1,2,3,1,0,7
PUERTO VILLARROEL,"anticoncepcion, prevencion de its y de cancer de cuello uterino",metodos naturales: usuarias nuevas,2016-10-01,0,1,8,3,1,13
PUNA,"anticoncepcion, prevencion de its y de cancer de cuello uterino",metodos naturales: usuarias nuevas,2016-10-01,0,5,4,0,0,9
PUNATA,"anticoncepcion, prevencion de its y de cancer de cuello uterino",metodos naturales: usuarias nuevas,2016-10-01,0,15,50,12,0,77
QUILLACOLLO,"anticoncepcion, prevencion de its y de cancer de cuello uterino",metodos naturales: usuarias nuevas,2016-10-01,0,2,9,2,0,13
QUIME,"anticoncepcion, prevencion de its y de cancer de cuello uterino",metodos naturales: usuarias nuevas,2016-10-01,0,0,5,0,1,6
RAVELO,"anticoncepcion, prevencion de its y de cancer de cuello uterino",metodos naturales: usuarias nuevas,2016-10-01,0,0,2,1,0,3
REYES,"anticoncepcion, prevencion de its y de cancer de cuello uterino",metodos naturales: usuarias nuevas,2016-10-01,16,25,38,19,0,98
RIBERALTA,"anticoncepcion, prevencion de its y de cancer de cuello uterino",metodos naturales: usuarias nuevas,2016-10-01,6,43,90,10,0,149
RURRENABAQUE,"anticoncepcion, prevencion de its y de cancer de cuello uterino",metodos naturales: usuarias nuevas,2016-10-01,0,0,1,0,0,1
SABAYA,"anticoncepcion, prevencion de its y de cancer de cuello uterino",metodos naturales: usuarias nuevas,2016-10-01,0,1,2,0,0,3
SACABA,"anticoncepcion, prevencion de its y de cancer de cuello uterino",metodos naturales: usuarias nuevas,2016-10-01,0,23,63,22,0,108
SACACA,"anticoncepcion, prevencion de its y de cancer de cuello uterino",metodos naturales: usuarias nuevas,2016-10-01,0,3,2,2,0,7
SALINAS DE GARCI MENDOZA,"anticoncepcion, prevencion de its y de cancer de cuello uterino",metodos naturales: usuarias nuevas,2016-10-01,0,1,2,1,0,4
SAMAIPATA,"anticoncepcion, prevencion de its y de cancer de cuello uterino",metodos naturales: usuarias nuevas,2016-10-01,0,1,0,0,0,1
SAN ANDRES,"anticoncepcion, prevencion de its y de cancer de cuello uterino",metodos naturales: usuarias nuevas,2016-10-01,0,1,1,1,0,3
SAN ANDRES DE MACHACA,"anticoncepcion, prevencion de its y de cancer de cuello uterino",metodos naturales: usuarias nuevas,2016-10-01,0,1,1,1,0,3
SAN ANTONIO DE LOMERIO,"anticoncepcion, prevencion de its y de cancer de cuello uterino",metodos naturales: usuarias nuevas,2016-10-01,0,0,1,0,0,1
SAN BENITO,"anticoncepcion, prevencion de its y de cancer de cuello uterino",metodos naturales: usuarias nuevas,2016-10-01,0,0,3,1,0,4
SAN BORJA,"anticoncepcion, prevencion de its y de cancer de cuello uterino",metodos naturales: usuarias nuevas,2016-10-01,1,5,9,1,0,16
SAN BUENA VENTURA,"anticoncepcion, prevencion de its y de cancer de cuello uterino",metodos naturales: usuarias nuevas,2016-10-01,0,3,11,2,0,16
SAN CARLOS,"anticoncepcion, prevencion de its y de cancer de cuello uterino",metodos naturales: usuarias nuevas,2016-10-01,0,2,4,1,0,7
SAN IGNACIO,"anticoncepcion, prevencion de its y de cancer de cuello uterino",metodos naturales: usuarias nuevas,2016-10-01,0,4,12,0,0,16
SAN IGNACIO DE VELASCO,"anticoncepcion, prevencion de its y de cancer de cuello uterino",metodos naturales: usuarias nuevas,2016-10-01,0,3,3,2,0,8
SAN JUAN DE YAPACANI,"anticoncepcion, prevencion de its y de cancer de cuello uterino",metodos naturales: usuarias nuevas,2016-10-01,0,0,2,0,0,2
SAN JULIAN,"anticoncepcion, prevencion de its y de cancer de cuello uterino",metodos naturales: usuarias nuevas,2016-10-01,0,0,6,1,0,7
SAN LUCAS,"anticoncepcion, prevencion de its y de cancer de cuello uterino",metodos naturales: usuarias nuevas,2016-10-01,0,2,11,3,0,16
SAN MATIAS,"anticoncepcion, prevencion de its y de cancer de cuello uterino",metodos naturales: usuarias nuevas,2016-10-01,1,4,9,2,0,16
SAN MIGUEL DE VELASCO,"anticoncepcion, prevencion de its y de cancer de cuello uterino",metodos naturales: usuarias nuevas,2016-10-01,1,4,0,1,0,6
SAN PEDRO,"anticoncepcion, prevencion de its y de cancer de cuello uterino",metodos naturales: usuarias nuevas,2016-10-01,0,0,1,0,0,1
SAN PEDRO DE BUENA VISTA,"anticoncepcion, prevencion de its y de cancer de cuello uterino",metodos naturales: usuarias nuevas,2016-10-01,1,9,30,15,0,55
SAN PEDRO DE TIQUINA,"anticoncepcion, prevencion de its y de cancer de cuello uterino",metodos naturales: usuarias nuevas,2016-10-01,0,2,5,3,0,10
SAN RAFAEL,"anticoncepcion, prevencion de its y de cancer de cuello uterino",metodos naturales: usuarias nuevas,2016-10-01,0,0,1,0,0,1
SANTA ANA,"anticoncepcion, prevencion de its y de cancer de cuello uterino",metodos naturales: usuarias nuevas,2016-10-01,0,11,31,3,0,45
SANTA CRUZ DE LA SIERRA,"anticoncepcion, prevencion de its y de cancer de cuello uterino",metodos naturales: usuarias nuevas,2016-10-01,16,31,72,19,0,138
SANTA ROSA,"anticoncepcion, prevencion de its y de cancer de cuello uterino",metodos naturales: usuarias nuevas,2016-10-01,0,5,9,1,0,15
SANTA ROSA DEL SARA,"anticoncepcion, prevencion de its y de cancer de cuello uterino",metodos naturales: usuarias nuevas,2016-10-01,0,2,5,3,0,10
SANTIAGO DE CALLAPA,"anticoncepcion, prevencion de its y de cancer de cuello uterino",metodos naturales: usuarias nuevas,2016-10-01,0,0,1,1,0,2
SANTIAGO DE HUARI,"anticoncepcion, prevencion de its y de cancer de cuello uterino",metodos naturales: usuarias nuevas,2016-10-01,0,1,2,2,0,5
SANTIAGO DE HUATA,"anticoncepcion, prevencion de its y de cancer de cuello uterino",metodos naturales: usuarias nuevas,2016-10-01,0,1,1,0,0,2
SANTIAGO DE MACHACA,"anticoncepcion, prevencion de its y de cancer de cuello uterino",metodos naturales: usuarias nuevas,2016-10-01,0,0,1,1,0,2
SANTUARIO DE QUILLACAS,"anticoncepcion, prevencion de its y de cancer de cuello uterino",metodos naturales: usuarias nuevas,2016-10-01,0,0,1,0,0,1
SAPAHAQUI,"anticoncepcion, prevencion de its y de cancer de cuello uterino",metodos naturales: usuarias nuevas,2016-10-01,0,2,7,1,0,10
SOPACHUY,"anticoncepcion, prevencion de its y de cancer de cuello uterino",metodos naturales: usuarias nuevas,2016-10-01,0,1,3,1,0,5
SORACACHI,"anticoncepcion, prevencion de its y de cancer de cuello uterino",metodos naturales: usuarias nuevas,2016-10-01,0,1,2,2,0,5
SUCRE,"anticoncepcion, prevencion de its y de cancer de cuello uterino",metodos naturales: usuarias nuevas,2016-10-01,1,43,204,42,1,291
TACACOMA,"anticoncepcion, prevencion de its y de cancer de cuello uterino",metodos naturales: usuarias nuevas,2016-10-01,0,1,4,2,0,7
TACOPAYA,"anticoncepcion, prevencion de its y de cancer de cuello uterino",metodos naturales: usuarias nuevas,2016-10-01,0,3,4,2,0,9
TAHUA,"anticoncepcion, prevencion de its y de cancer de cuello uterino",metodos naturales: usuarias nuevas,2016-10-01,0,0,1,0,0,1
TAPACARI,"anticoncepcion, prevencion de its y de cancer de cuello uterino",metodos naturales: usuarias nuevas,2016-10-01,1,0,7,0,0,8
TARABUCO,"anticoncepcion, prevencion de its y de cancer de cuello uterino",metodos naturales: usuarias nuevas,2016-10-01,1,1,3,2,0,7
TARACO,"anticoncepcion, prevencion de its y de cancer de cuello uterino",metodos naturales: usuarias nuevas,2016-10-01,0,0,6,1,0,7
TARVITA,"anticoncepcion, prevencion de its y de cancer de cuello uterino",metodos naturales: usuarias nuevas,2016-10-01,0,2,2,1,0,5
TIAWANACU,"anticoncepcion, prevencion de its y de cancer de cuello uterino",metodos naturales: usuarias nuevas,2016-10-01,0,4,5,2,0,11
TINGUIPAYA,"anticoncepcion, prevencion de its y de cancer de cuello uterino",metodos naturales: usuarias nuevas,2016-10-01,0,0,1,0,0,1
TIQUIPAYA,"anticoncepcion, prevencion de its y de cancer de cuello uterino",metodos naturales: usuarias nuevas,2016-10-01,0,0,2,0,0,2
TIRAQUE (CBBA),"anticoncepcion, prevencion de its y de cancer de cuello uterino",metodos naturales: usuarias nuevas,2016-10-01,0,0,1,0,0,1
TOLATA,"anticoncepcion, prevencion de its y de cancer de cuello uterino",metodos naturales: usuarias nuevas,2016-10-01,0,1,4,1,0,6
TOLEDO,"anticoncepcion, prevencion de its y de cancer de cuello uterino",metodos naturales: usuarias nuevas,2016-10-01,0,1,2,1,0,4
TOMINA,"anticoncepcion, prevencion de its y de cancer de cuello uterino",metodos naturales: usuarias nuevas,2016-10-01,0,3,2,0,0,5
TORO TORO,"anticoncepcion, prevencion de its y de cancer de cuello uterino",metodos naturales: usuarias nuevas,2016-10-01,0,7,8,4,0,19
TOTORA(CBBA),"anticoncepcion, prevencion de its y de cancer de cuello uterino",metodos naturales: usuarias nuevas,2016-10-01,0,2,3,0,0,5
TRINIDAD,"anticoncepcion, prevencion de its y de cancer de cuello uterino",metodos naturales: usuarias nuevas,2016-10-01,0,14,30,2,0,46
TUPIZA,"anticoncepcion, prevencion de its y de cancer de cuello uterino",metodos naturales: usuarias nuevas,2016-10-01,0,3,16,3,0,22
TURCO,"anticoncepcion, prevencion de its y de cancer de cuello uterino",metodos naturales: usuarias nuevas,2016-10-01,0,0,0,1,0,1
UNCIA,"anticoncepcion, prevencion de its y de cancer de cuello uterino",metodos naturales: usuarias nuevas,2016-10-01,0,1,3,1,0,5
URIONDO (A. CONCEPCION),"anticoncepcion, prevencion de its y de cancer de cuello uterino",metodos naturales: usuarias nuevas,2016-10-01,0,0,1,0,0,1
UYUNI,"anticoncepcion, prevencion de its y de cancer de cuello uterino",metodos naturales: usuarias nuevas,2016-10-01,0,1,2,1,0,4
VACAS,"anticoncepcion, prevencion de its y de cancer de cuello uterino",metodos naturales: usuarias nuevas,2016-10-01,0,1,4,2,0,7
VILLA CHARCAS,"anticoncepcion, prevencion de its y de cancer de cuello uterino",metodos naturales: usuarias nuevas,2016-10-01,0,2,2,1,0,5
VILLA RIVERO,"anticoncepcion, prevencion de its y de cancer de cuello uterino",metodos naturales: usuarias nuevas,2016-10-01,0,2,5,1,0,8
VILLA SERRANO,"anticoncepcion, prevencion de its y de cancer de cuello uterino",metodos naturales: usuarias nuevas,2016-10-01,0,0,2,0,0,2
VILLA TUNARI,"anticoncepcion, prevencion de its y de cancer de cuello uterino",metodos naturales: usuarias nuevas,2016-10-01,1,5,2,0,0,8
VILLAZON,"anticoncepcion, prevencion de its y de cancer de cuello uterino",metodos naturales: usuarias nuevas,2016-10-01,0,2,4,0,0,6
VINTO,"anticoncepcion, prevencion de its y de cancer de cuello uterino",metodos naturales: usuarias nuevas,2016-10-01,2,4,30,9,0,45
VITICHI,"anticoncepcion, prevencion de its y de cancer de cuello uterino",metodos naturales: usuarias nuevas,2016-10-01,0,1,2,0,0,3
WARNES,"anticoncepcion, prevencion de its y de cancer de cuello uterino",metodos naturales: usuarias nuevas,2016-10-01,0,0,3,0,0,3
YAMPARAEZ,"anticoncepcion, prevencion de its y de cancer de cuello uterino",metodos naturales: usuarias nuevas,2016-10-01,0,2,4,0,0,6
YANACACHI,"anticoncepcion, prevencion de its y de cancer de cuello uterino",metodos naturales: usuarias nuevas,2016-10-01,0,0,2,0,0,2
YAPACANI,"anticoncepcion, prevencion de its y de cancer de cuello uterino",metodos naturales: usuarias nuevas,2016-10-01,0,3,6,2,0,11
YOCALLA,"anticoncepcion, prevencion de its y de cancer de cuello uterino",metodos naturales: usuarias nuevas,2016-10-01,0,2,0,0,0,2
YOTALA,"anticoncepcion, prevencion de its y de cancer de cuello uterino",metodos naturales: usuarias nuevas,2016-10-01,0,0,7,3,0,10
ACHACACHI,"anticoncepcion, prevencion de its y de cancer de cuello uterino",metodos naturales: usuarias nuevas,2016-11-01,0,2,5,1,0,8
ACHOCALLA,"anticoncepcion, prevencion de its y de cancer de cuello uterino",metodos naturales: usuarias nuevas,2016-11-01,0,0,7,1,0,8
AIQUILE,"anticoncepcion, prevencion de its y de cancer de cuello uterino",metodos naturales: usuarias nuevas,2016-11-01,0,1,0,0,0,1
ALCALA,"anticoncepcion, prevencion de its y de cancer de cuello uterino",metodos naturales: usuarias nuevas,2016-11-01,0,0,2,0,0,2
ANCORAIMES,"anticoncepcion, prevencion de its y de cancer de cuello uterino",metodos naturales: usuarias nuevas,2016-11-01,0,1,3,1,0,5
ANDAMARCA,"anticoncepcion, prevencion de its y de cancer de cuello uterino",metodos naturales: usuarias nuevas,2016-11-01,0,0,2,0,0,2
ANTEQUERA,"anticoncepcion, prevencion de its y de cancer de cuello uterino",metodos naturales: usuarias nuevas,2016-11-01,0,1,1,0,0,2
ANZALDO,"anticoncepcion, prevencion de its y de cancer de cuello uterino",metodos naturales: usuarias nuevas,2016-11-01,0,0,2,0,0,2
APOLO,"anticoncepcion, prevencion de its y de cancer de cuello uterino",metodos naturales: usuarias nuevas,2016-11-01,0,3,7,0,0,10
ARAMPAMPA,"anticoncepcion, prevencion de its y de cancer de cuello uterino",metodos naturales: usuarias nuevas,2016-11-01,0,0,0,1,0,1
ARBIETO,"anticoncepcion, prevencion de its y de cancer de cuello uterino",metodos naturales: usuarias nuevas,2016-11-01,0,4,5,1,0,10
ARQUE,"anticoncepcion, prevencion de its y de cancer de cuello uterino",metodos naturales: usuarias nuevas,2016-11-01,0,0,2,0,0,2
AYOPAYA (V. DE INDEPENDENCIA),"anticoncepcion, prevencion de its y de cancer de cuello uterino",metodos naturales: usuarias nuevas,2016-11-01,0,2,4,0,0,6
BATALLAS,"anticoncepcion, prevencion de its y de cancer de cuello uterino",metodos naturales: usuarias nuevas,2016-11-01,1,1,1,0,0,3
BAURES,"anticoncepcion, prevencion de its y de cancer de cuello uterino",metodos naturales: usuarias nuevas,2016-11-01,0,0,2,1,0,3
BETANZOS,"anticoncepcion, prevencion de its y de cancer de cuello uterino",metodos naturales: usuarias nuevas,2016-11-01,0,2,3,0,0,5
BOLIVAR,"anticoncepcion, prevencion de its y de cancer de cuello uterino",metodos naturales: usuarias nuevas,2016-11-01,0,0,1,0,0,1
BUENA VISTA,"anticoncepcion, prevencion de its y de cancer de cuello uterino",metodos naturales: usuarias nuevas,2016-11-01,7,10,3,0,0,20
"CAIZA ""D""","anticoncepcion, prevencion de its y de cancer de cuello uterino",metodos naturales: usuarias nuevas,2016-11-01,0,1,6,0,0,7
CAJUATA,"anticoncepcion, prevencion de its y de cancer de cuello uterino",metodos naturales: usuarias nuevas,2016-11-01,0,4,13,1,0,18
CALAMARCA,"anticoncepcion, prevencion de its y de cancer de cuello uterino",metodos naturales: usuarias nuevas,2016-11-01,0,1,12,2,0,15
CAMIRI,"anticoncepcion, prevencion de its y de cancer de cuello uterino",metodos naturales: usuarias nuevas,2016-11-01,0,0,2,0,0,2
CARACOLLO,"anticoncepcion, prevencion de its y de cancer de cuello uterino",metodos naturales: usuarias nuevas,2016-11-01,0,4,12,3,0,19
CARIPUYO,"anticoncepcion, prevencion de its y de cancer de cuello uterino",metodos naturales: usuarias nuevas,2016-11-01,0,5,5,3,0,13
CHALLAPATA,"anticoncepcion, prevencion de its y de cancer de cuello uterino",metodos naturales: usuarias nuevas,2016-11-01,0,9,34,13,0,56
CHAQUI,"anticoncepcion, prevencion de its y de cancer de cuello uterino",metodos naturales: usuarias nuevas,2016-11-01,0,2,3,0,0,5
CHAYANTA,"anticoncepcion, prevencion de its y de cancer de cuello uterino",metodos naturales: usuarias nuevas,2016-11-01,0,3,12,2,0,17
CHIPAYA,"anticoncepcion, prevencion de its y de cancer de cuello uterino",metodos naturales: usuarias nuevas,2016-11-01,1,0,2,0,0,3
CHUA COCANI,"anticoncepcion, prevencion de its y de cancer de cuello uterino",metodos naturales: usuarias nuevas,2016-11-01,0,1,2,0,0,3
CHULUMANI (V. DE LA LIBERTAD),"anticoncepcion, prevencion de its y de cancer de cuello uterino",metodos naturales: usuarias nuevas,2016-11-01,0,11,17,3,0,31
CHUQUIHUTA AYLLU JUCUMANI,"anticoncepcion, prevencion de its y de cancer de cuello uterino",metodos naturales: usuarias nuevas,2016-11-01,0,1,1,2,0,4
CKOCHAS,"anticoncepcion, prevencion de its y de cancer de cuello uterino",metodos naturales: usuarias nuevas,2016-11-01,0,2,4,3,0,9
COBIJA,"anticoncepcion, prevencion de its y de cancer de cuello uterino",metodos naturales: usuarias nuevas,2016-11-01,0,3,23,8,0,34
COCAPATA,"anticoncepcion, prevencion de its y de cancer de cuello uterino",metodos naturales: usuarias nuevas,2016-11-01,0,0,2,1,0,3
COCHABAMBA,"anticoncepcion, prevencion de its y de cancer de cuello uterino",metodos naturales: usuarias nuevas,2016-11-01,0,7,74,11,0,92
COLCAPIRHUA,"anticoncepcion, prevencion de its y de cancer de cuello uterino",metodos naturales: usuarias nuevas,2016-11-01,1,6,14,4,0,25
"COLCHA ""K""","anticoncepcion, prevencion de its y de cancer de cuello uterino",metodos naturales: usuarias nuevas,2016-11-01,0,0,1,0,0,1
COLLANA,"anticoncepcion, prevencion de its y de cancer de cuello uterino",metodos naturales: usuarias nuevas,2016-11-01,0,0,3,0,0,3
COLOMI,"anticoncepcion, prevencion de its y de cancer de cuello uterino",metodos naturales: usuarias nuevas,2016-11-01,0,0,1,0,0,1
COLPA BELGICA,"anticoncepcion, prevencion de its y de cancer de cuello uterino",metodos naturales: usuarias nuevas,2016-11-01,0,2,1,0,0,3
COLQUECHACA,"anticoncepcion, prevencion de its y de cancer de cuello uterino",metodos naturales: usuarias nuevas,2016-11-01,0,9,10,9,0,28
COLQUIRI,"anticoncepcion, prevencion de its y de cancer de cuello uterino",metodos naturales: usuarias nuevas,2016-11-01,0,5,10,1,0,16
COMARAPA,"anticoncepcion, prevencion de its y de cancer de cuello uterino",metodos naturales: usuarias nuevas,2016-11-01,0,7,14,3,0,24
CORIPATA,"anticoncepcion, prevencion de its y de cancer de cuello uterino",metodos naturales: usuarias nuevas,2016-11-01,0,2,4,2,0,8
COTAGAITA,"anticoncepcion, prevencion de its y de cancer de cuello uterino",metodos naturales: usuarias nuevas,2016-11-01,0,2,1,0,0,3
COTOCA,"anticoncepcion, prevencion de its y de cancer de cuello uterino",metodos naturales: usuarias nuevas,2016-11-01,0,0,3,0,0,3
CULPINA,"anticoncepcion, prevencion de its y de cancer de cuello uterino",metodos naturales: usuarias nuevas,2016-11-01,0,2,0,1,0,3
CURAHUARA DE CARANGAS,"anticoncepcion, prevencion de its y de cancer de cuello uterino",metodos naturales: usuarias nuevas,2016-11-01,0,1,0,0,0,1
EL ALTO,"anticoncepcion, prevencion de its y de cancer de cuello uterino",metodos naturales: usuarias nuevas,2016-11-01,2,31,405,103,0,541
EL CHORO,"anticoncepcion, prevencion de its y de cancer de cuello uterino",metodos naturales: usuarias nuevas,2016-11-01,0,2,0,3,0,5
EL PUENTE(STC),"anticoncepcion, prevencion de its y de cancer de cuello uterino",metodos naturales: usuarias nuevas,2016-11-01,0,1,10,0,0,11
EL TORNO,"anticoncepcion, prevencion de its y de cancer de cuello uterino",metodos naturales: usuarias nuevas,2016-11-01,0,0,1,1,0,2
EL VILLAR,"anticoncepcion, prevencion de its y de cancer de cuello uterino",metodos naturales: usuarias nuevas,2016-11-01,0,1,1,1,0,3
ENTRE RIOS TRJ,"anticoncepcion, prevencion de its y de cancer de cuello uterino",metodos naturales: usuarias nuevas,2016-11-01,0,6,13,1,0,20
EUCALIPTUS,"anticoncepcion, prevencion de its y de cancer de cuello uterino",metodos naturales: usuarias nuevas,2016-11-01,0,0,1,0,0,1
FERNANDEZ ALONSO,"anticoncepcion, prevencion de its y de cancer de cuello uterino",metodos naturales: usuarias nuevas,2016-11-01,0,1,1,0,0,2
FILADELFIA,"anticoncepcion, prevencion de its y de cancer de cuello uterino",metodos naturales: usuarias nuevas,2016-11-01,0,1,0,0,0,1
GENERAL SAAVEDRA,"anticoncepcion, prevencion de its y de cancer de cuello uterino",metodos naturales: usuarias nuevas,2016-11-01,0,0,1,1,0,2
GUAQUI,"anticoncepcion, prevencion de its y de cancer de cuello uterino",metodos naturales: usuarias nuevas,2016-11-01,0,2,6,1,0,9
GUAYARAMERIN,"anticoncepcion, prevencion de its y de cancer de cuello uterino",metodos naturales: usuarias nuevas,2016-11-01,1,8,23,3,0,35
HUACARETA,"anticoncepcion, prevencion de its y de cancer de cuello uterino",metodos naturales: usuarias nuevas,2016-11-01,0,0,1,0,0,1
HUACHACALLA,"anticoncepcion, prevencion de its y de cancer de cuello uterino",metodos naturales: usuarias nuevas,2016-11-01,0,1,1,1,0,3
HUARACAJE,"anticoncepcion, prevencion de its y de cancer de cuello uterino",metodos naturales: usuarias nuevas,2016-11-01,0,1,0,0,0,1
HUARINA,"anticoncepcion, prevencion de its y de cancer de cuello uterino",metodos naturales: usuarias nuevas,2016-11-01,0,0,2,0,0,2
HUAYLLAMARCA,"anticoncepcion, prevencion de its y de cancer de cuello uterino",metodos naturales: usuarias nuevas,2016-11-01,0,0,1,0,0,1
ICHOCA,"anticoncepcion, prevencion de its y de cancer de cuello uterino",metodos naturales: usuarias nuevas,2016-11-01,0,2,3,1,0,6
INCAHUASI,"anticoncepcion, prevencion de its y de cancer de cuello uterino",metodos naturales: usuarias nuevas,2016-11-01,0,2,3,5,0,10
INQUISIVI,"anticoncepcion, prevencion de its y de cancer de cuello uterino",metodos naturales: usuarias nuevas,2016-11-01,0,3,4,1,0,8
IRUPANA (VILLA DE LANZA),"anticoncepcion, prevencion de its y de cancer de cuello uterino",metodos naturales: usuarias nuevas,2016-11-01,0,0,6,1,0,7
JESUS DE MACHACA,"anticoncepcion, prevencion de its y de cancer de cuello uterino",metodos naturales: usuarias nuevas,2016-11-01,0,0,0,1,0,1
LA ASUNTA,"anticoncepcion, prevencion de its y de cancer de cuello uterino",metodos naturales: usuarias nuevas,2016-11-01,0,14,37,9,0,60
LA GUARDIA,"anticoncepcion, prevencion de its y de cancer de cuello uterino",metodos naturales: usuarias nuevas,2016-11-01,0,3,15,0,0,18
LA PAZ,"anticoncepcion, prevencion de its y de cancer de cuello uterino",metodos naturales: usuarias nuevas,2016-11-01,0,35,246,54,1,336
LA RIVERA,"anticoncepcion, prevencion de its y de cancer de cuello uterino",metodos naturales: usuarias nuevas,2016-11-01,0,0,0,1,0,1
LAGUNILLAS,"anticoncepcion, prevencion de its y de cancer de cuello uterino",metodos naturales: usuarias nuevas,2016-11-01,0,1,2,0,0,3
LAJA,"anticoncepcion, prevencion de its y de cancer de cuello uterino",metodos naturales: usuarias nuevas,2016-11-01,0,3,3,2,0,8
LAS CARRERAS,"anticoncepcion, prevencion de its y de cancer de cuello uterino",metodos naturales: usuarias nuevas,2016-11-01,0,1,2,0,0,3
LLALLAGUA,"anticoncepcion, prevencion de its y de cancer de cuello uterino",metodos naturales: usuarias nuevas,2016-11-01,0,0,4,1,0,5
LORETO,"anticoncepcion, prevencion de its y de cancer de cuello uterino",metodos naturales: usuarias nuevas,2016-11-01,0,2,2,0,0,4
MACHACAMARCA,"anticoncepcion, prevencion de its y de cancer de cuello uterino",metodos naturales: usuarias nuevas,2016-11-01,0,1,0,0,0,1
MAPIRI,"anticoncepcion, prevencion de its y de cancer de cuello uterino",metodos naturales: usuarias nuevas,2016-11-01,0,1,11,3,0,15
MINEROS,"anticoncepcion, prevencion de its y de cancer de cuello uterino",metodos naturales: usuarias nuevas,2016-11-01,0,1,0,1,0,2
MIZQUE,"anticoncepcion, prevencion de its y de cancer de cuello uterino",metodos naturales: usuarias nuevas,2016-11-01,0,8,11,5,0,24
MOCOMOCO,"anticoncepcion, prevencion de its y de cancer de cuello uterino",metodos naturales: usuarias nuevas,2016-11-01,0,4,6,1,0,11
MOJOCOYA,"anticoncepcion, prevencion de its y de cancer de cuello uterino",metodos naturales: usuarias nuevas,2016-11-01,0,1,0,0,0,1
MONTERO,"anticoncepcion, prevencion de its y de cancer de cuello uterino",metodos naturales: usuarias nuevas,2016-11-01,0,1,6,3,0,10
MOROCHATA,"anticoncepcion, prevencion de its y de cancer de cuello uterino",metodos naturales: usuarias nuevas,2016-11-01,0,2,2,3,0,7
NUEVO MANOA (NUEVA ESPERANZA),"anticoncepcion, prevencion de its y de cancer de cuello uterino",metodos naturales: usuarias nuevas,2016-11-01,0,0,1,0,0,1
OCURI,"anticoncepcion, prevencion de its y de cancer de cuello uterino",metodos naturales: usuarias nuevas,2016-11-01,0,1,9,2,0,12
OMEREQUE,"anticoncepcion, prevencion de its y de cancer de cuello uterino",metodos naturales: usuarias nuevas,2016-11-01,0,1,4,0,0,5
ORURO,"anticoncepcion, prevencion de its y de cancer de cuello uterino",metodos naturales: usuarias nuevas,2016-11-01,0,11,26,10,0,47
PADILLA,"anticoncepcion, prevencion de its y de cancer de cuello uterino",metodos naturales: usuarias nuevas,2016-11-01,0,3,10,4,0,17
PALCA,"anticoncepcion, prevencion de its y de cancer de cuello uterino",metodos naturales: usuarias nuevas,2016-11-01,0,1,7,1,0,9
PALOS BLANCOS,"anticoncepcion, prevencion de its y de cancer de cuello uterino",metodos naturales: usuarias nuevas,2016-11-01,0,0,1,0,0,1
PAMPA AULLAGAS,"anticoncepcion, prevencion de its y de cancer de cuello uterino",metodos naturales: usuarias nuevas,2016-11-01,0,1,3,0,0,4
PASORAPA,"anticoncepcion, prevencion de its y de cancer de cuello uterino",metodos naturales: usuarias nuevas,2016-11-01,0,0,1,0,0,1
PAZÑA,"anticoncepcion, prevencion de its y de cancer de cuello uterino",metodos naturales: usuarias nuevas,2016-11-01,0,2,4,0,0,6
POCOATA,"anticoncepcion, prevencion de its y de cancer de cuello uterino",metodos naturales: usuarias nuevas,2016-11-01,1,6,6,4,0,17
POCONA,"anticoncepcion, prevencion de its y de cancer de cuello uterino",metodos naturales: usuarias nuevas,2016-11-01,0,0,1,5,0,6
POJO (CBBA),"anticoncepcion, prevencion de its y de cancer de cuello uterino",metodos naturales: usuarias nuevas,2016-11-01,1,2,0,0,0,3
POOPO,"anticoncepcion, prevencion de its y de cancer de cuello uterino",metodos naturales: usuarias nuevas,2016-11-01,0,1,0,0,0,1
PORCO,"anticoncepcion, prevencion de its y de cancer de cuello uterino",metodos naturales: usuarias nuevas,2016-11-01,0,6,11,1,0,18
POROMA,"anticoncepcion, prevencion de its y de cancer de cuello uterino",metodos naturales: usuarias nuevas,2016-11-01,0,1,0,2,0,3
PORONGO,"anticoncepcion, prevencion de its y de cancer de cuello uterino",metodos naturales: usuarias nuevas,2016-11-01,0,1,2,1,0,4
PORTACHUELO,"anticoncepcion, prevencion de its y de cancer de cuello uterino",metodos naturales: usuarias nuevas,2016-11-01,0,3,2,0,0,5
POTOSI,"anticoncepcion, prevencion de its y de cancer de cuello uterino",metodos naturales: usuarias nuevas,2016-11-01,0,5,44,2,0,51
PRESTO,"anticoncepcion, prevencion de its y de cancer de cuello uterino",metodos naturales: usuarias nuevas,2016-11-01,0,1,2,3,1,7
PUCARANI,"anticoncepcion, prevencion de its y de cancer de cuello uterino",metodos naturales: usuarias nuevas,2016-11-01,0,6,19,4,0,29
PUERTO ACOSTA,"anticoncepcion, prevencion de its y de cancer de cuello uterino",metodos naturales: usuarias nuevas,2016-11-01,0,1,3,2,0,6
PUERTO CARABUCO,"anticoncepcion, prevencion de its y de cancer de cuello uterino",metodos naturales: usuarias nuevas,2016-11-01,0,0,4,0,0,4
PUERTO GONZALO MORENO,"anticoncepcion, prevencion de its y de cancer de cuello uterino",metodos naturales: usuarias nuevas,2016-11-01,1,4,2,0,0,7
PUERTO PEREZ,"anticoncepcion, prevencion de its y de cancer de cuello uterino",metodos naturales: usuarias nuevas,2016-11-01,0,1,1,0,0,2
PUERTO RICO,"anticoncepcion, prevencion de its y de cancer de cuello uterino",metodos naturales: usuarias nuevas,2016-11-01,0,1,1,0,0,2
PUERTO VILLARROEL,"anticoncepcion, prevencion de its y de cancer de cuello uterino",metodos naturales: usuarias nuevas,2016-11-01,0,3,7,1,0,11
PUNA,"anticoncepcion, prevencion de its y de cancer de cuello uterino",metodos naturales: usuarias nuevas,2016-11-01,0,2,6,4,0,12
PUNATA,"anticoncepcion, prevencion de its y de cancer de cuello uterino",metodos naturales: usuarias nuevas,2016-11-01,0,14,43,7,0,64
QUILLACOLLO,"anticoncepcion, prevencion de its y de cancer de cuello uterino",metodos naturales: usuarias nuevas,2016-11-01,1,1,16,2,0,20
QUIME,"anticoncepcion, prevencion de its y de cancer de cuello uterino",metodos naturales: usuarias nuevas,2016-11-01,0,2,6,1,0,9
RAVELO,"anticoncepcion, prevencion de its y de cancer de cuello uterino",metodos naturales: usuarias nuevas,2016-11-01,0,1,2,9,0,12
REYES,"anticoncepcion, prevencion de its y de cancer de cuello uterino",metodos naturales: usuarias nuevas,2016-11-01,12,17,37,13,3,82
RIBERALTA,"anticoncepcion, prevencion de its y de cancer de cuello uterino",metodos naturales: usuarias nuevas,2016-11-01,3,53,146,32,0,234
SABAYA,"anticoncepcion, prevencion de its y de cancer de cuello uterino",metodos naturales: usuarias nuevas,2016-11-01,0,1,2,0,0,3
SACABA,"anticoncepcion, prevencion de its y de cancer de cuello uterino",metodos naturales: usuarias nuevas,2016-11-01,0,23,68,18,0,109
SACABAMBA,"anticoncepcion, prevencion de its y de cancer de cuello uterino",metodos naturales: usuarias nuevas,2016-11-01,0,2,6,1,0,9
SACACA,"anticoncepcion, prevencion de its y de cancer de cuello uterino",metodos naturales: usuarias nuevas,2016-11-01,0,3,8,5,0,16
SALINAS DE GARCI MENDOZA,"anticoncepcion, prevencion de its y de cancer de cuello uterino",metodos naturales: usuarias nuevas,2016-11-01,0,1,2,1,0,4
SAMAIPATA,"anticoncepcion, prevencion de its y de cancer de cuello uterino",metodos naturales: usuarias nuevas,2016-11-01,0,5,18,1,0,24
SAN ANDRES,"anticoncepcion, prevencion de its y de cancer de cuello uterino",metodos naturales: usuarias nuevas,2016-11-01,0,0,3,1,0,4
SAN ANDRES DE MACHACA,"anticoncepcion, prevencion de its y de cancer de cuello uterino",metodos naturales: usuarias nuevas,2016-11-01,0,0,2,0,0,2
SAN ANTONIO DE LOMERIO,"anticoncepcion, prevencion de its y de cancer de cuello uterino",metodos naturales: usuarias nuevas,2016-11-01,0,2,4,1,0,7
SAN BENITO,"anticoncepcion, prevencion de its y de cancer de cuello uterino",metodos naturales: usuarias nuevas,2016-11-01,0,1,1,0,0,2
SAN BORJA,"anticoncepcion, prevencion de its y de cancer de cuello uterino",metodos naturales: usuarias nuevas,2016-11-01,0,2,1,0,0,3
SAN BUENA VENTURA,"anticoncepcion, prevencion de its y de cancer de cuello uterino",metodos naturales: usuarias nuevas,2016-11-01,0,2,10,4,0,16
SAN CARLOS,"anticoncepcion, prevencion de its y de cancer de cuello uterino",metodos naturales: usuarias nuevas,2016-11-01,2,3,8,1,0,14
SAN IGNACIO,"anticoncepcion, prevencion de its y de cancer de cuello uterino",metodos naturales: usuarias nuevas,2016-11-01,0,7,5,0,0,12
SAN IGNACIO DE VELASCO,"anticoncepcion, prevencion de its y de cancer de cuello uterino",metodos naturales: usuarias nuevas,2016-11-01,0,5,11,2,0,18
SAN JAVIER(BNI),"anticoncepcion, prevencion de its y de cancer de cuello uterino",metodos naturales: usuarias nuevas,2016-11-01,0,0,0,1,0,1
SAN JUAN DE YAPACANI,"anticoncepcion, prevencion de its y de cancer de cuello uterino",metodos naturales: usuarias nuevas,2016-11-01,0,1,2,0,0,3
SAN JULIAN,"anticoncepcion, prevencion de its y de cancer de cuello uterino",metodos naturales: usuarias nuevas,2016-11-01,0,0,7,0,0,7
SAN LUCAS,"anticoncepcion, prevencion de its y de cancer de cuello uterino",metodos naturales: usuarias nuevas,2016-11-01,1,3,7,3,0,14
SAN MIGUEL DE VELASCO,"anticoncepcion, prevencion de its y de cancer de cuello uterino",metodos naturales: usuarias nuevas,2016-11-01,0,3,0,0,0,3
SAN PEDRO,"anticoncepcion, prevencion de its y de cancer de cuello uterino",metodos naturales: usuarias nuevas,2016-11-01,0,1,0,1,0,2
SAN PEDRO DE BUENA VISTA,"anticoncepcion, prevencion de its y de cancer de cuello uterino",metodos naturales: usuarias nuevas,2016-11-01,0,10,27,4,0,41
SAN PEDRO DE CURAHUARA,"anticoncepcion, prevencion de its y de cancer de cuello uterino",metodos naturales: usuarias nuevas,2016-11-01,0,0,3,1,0,4
SAN PEDRO DE TIQUINA,"anticoncepcion, prevencion de its y de cancer de cuello uterino",metodos naturales: usuarias nuevas,2016-11-01,0,0,2,1,0,3
SAN RAFAEL,"anticoncepcion, prevencion de its y de cancer de cuello uterino",metodos naturales: usuarias nuevas,2016-11-01,0,1,3,2,0,6
SANTA ANA,"anticoncepcion, prevencion de its y de cancer de cuello uterino",metodos naturales: usuarias nuevas,2016-11-01,2,12,23,2,0,39
SANTA CRUZ DE LA SIERRA,"anticoncepcion, prevencion de its y de cancer de cuello uterino",metodos naturales: usuarias nuevas,2016-11-01,24,19,41,6,21,111
SANTA ROSA,"anticoncepcion, prevencion de its y de cancer de cuello uterino",metodos naturales: usuarias nuevas,2016-11-01,0,10,1,1,0,12
SANTA ROSA DEL SARA,"anticoncepcion, prevencion de its y de cancer de cuello uterino",metodos naturales: usuarias nuevas,2016-11-01,0,4,5,0,0,9
SANTIAGO DE HUARI,"anticoncepcion, prevencion de its y de cancer de cuello uterino",metodos naturales: usuarias nuevas,2016-11-01,0,1,4,0,0,5
SANTIAGO DE MACHACA,"anticoncepcion, prevencion de its y de cancer de cuello uterino",metodos naturales: usuarias nuevas,2016-11-01,0,2,2,1,0,5
SANTUARIO DE QUILLACAS,"anticoncepcion, prevencion de its y de cancer de cuello uterino",metodos naturales: usuarias nuevas,2016-11-01,0,0,1,0,0,1
SAPAHAQUI,"anticoncepcion, prevencion de its y de cancer de cuello uterino",metodos naturales: usuarias nuevas,2016-11-01,0,0,3,0,0,3
SICA SICA (VILLA AROMA),"anticoncepcion, prevencion de its y de cancer de cuello uterino",metodos naturales: usuarias nuevas,2016-11-01,0,2,2,1,0,5
SOPACHUY,"anticoncepcion, prevencion de its y de cancer de cuello uterino",metodos naturales: usuarias nuevas,2016-11-01,0,3,3,1,0,7
SORACACHI,"anticoncepcion, prevencion de its y de cancer de cuello uterino",metodos naturales: usuarias nuevas,2016-11-01,0,0,6,5,0,11
SUCRE,"anticoncepcion, prevencion de its y de cancer de cuello uterino",metodos naturales: usuarias nuevas,2016-11-01,2,42,192,38,0,274
TACACOMA,"anticoncepcion, prevencion de its y de cancer de cuello uterino",metodos naturales: usuarias nuevas,2016-11-01,0,1,2,0,0,3
TACOPAYA,"anticoncepcion, prevencion de its y de cancer de cuello uterino",metodos naturales: usuarias nuevas,2016-11-01,0,1,5,1,0,7
TAPACARI,"anticoncepcion, prevencion de its y de cancer de cuello uterino",metodos naturales: usuarias nuevas,2016-11-01,0,1,0,1,0,2
TARABUCO,"anticoncepcion, prevencion de its y de cancer de cuello uterino",metodos naturales: usuarias nuevas,2016-11-01,1,5,6,1,0,13
TARACO,"anticoncepcion, prevencion de its y de cancer de cuello uterino",metodos naturales: usuarias nuevas,2016-11-01,0,0,2,0,0,2
TARIJA,"anticoncepcion, prevencion de its y de cancer de cuello uterino",metodos naturales: usuarias nuevas,2016-11-01,0,0,19,0,0,19
TIAWANACU,"anticoncepcion, prevencion de its y de cancer de cuello uterino",metodos naturales: usuarias nuevas,2016-11-01,0,0,4,0,0,4
TINGUIPAYA,"anticoncepcion, prevencion de its y de cancer de cuello uterino",metodos naturales: usuarias nuevas,2016-11-01,0,2,0,6,0,8
TIRAQUE (CBBA),"anticoncepcion, prevencion de its y de cancer de cuello uterino",metodos naturales: usuarias nuevas,2016-11-01,0,2,0,0,0,2
TOLATA,"anticoncepcion, prevencion de its y de cancer de cuello uterino",metodos naturales: usuarias nuevas,2016-11-01,0,1,2,0,0,3
TOLEDO,"anticoncepcion, prevencion de its y de cancer de cuello uterino",metodos naturales: usuarias nuevas,2016-11-01,0,0,2,1,0,3
TOMINA,"anticoncepcion, prevencion de its y de cancer de cuello uterino",metodos naturales: usuarias nuevas,2016-11-01,0,4,0,1,0,5
TORO TORO,"anticoncepcion, prevencion de its y de cancer de cuello uterino",metodos naturales: usuarias nuevas,2016-11-01,0,5,5,1,0,11
TOTORA(CBBA),"anticoncepcion, prevencion de its y de cancer de cuello uterino",metodos naturales: usuarias nuevas,2016-11-01,0,2,1,1,0,4
TOTORA(ORR),"anticoncepcion, prevencion de its y de cancer de cuello uterino",metodos naturales: usuarias nuevas,2016-11-01,0,1,4,0,0,5
TRINIDAD,"anticoncepcion, prevencion de its y de cancer de cuello uterino",metodos naturales: usuarias nuevas,2016-11-01,0,9,15,4,0,28
TUPIZA,"anticoncepcion, prevencion de its y de cancer de cuello uterino",metodos naturales: usuarias nuevas,2016-11-01,0,0,4,1,0,5
UNCIA,"anticoncepcion, prevencion de its y de cancer de cuello uterino",metodos naturales: usuarias nuevas,2016-11-01,0,0,1,2,0,3
VACAS,"anticoncepcion, prevencion de its y de cancer de cuello uterino",metodos naturales: usuarias nuevas,2016-11-01,0,2,3,1,0,6
VILLA CHARCAS,"anticoncepcion, prevencion de its y de cancer de cuello uterino",metodos naturales: usuarias nuevas,2016-11-01,0,4,3,1,0,8
VILLA NUEVA (LOMA ALTA),"anticoncepcion, prevencion de its y de cancer de cuello uterino",metodos naturales: usuarias nuevas,2016-11-01,0,1,0,0,0,1
VILLA RIVERO,"anticoncepcion, prevencion de its y de cancer de cuello uterino",metodos naturales: usuarias nuevas,2016-11-01,0,0,2,0,0,2
VILLA SERRANO,"anticoncepcion, prevencion de its y de cancer de cuello uterino",metodos naturales: usuarias nuevas,2016-11-01,0,1,1,0,0,2
VILLA TUNARI,"anticoncepcion, prevencion de its y de cancer de cuello uterino",metodos naturales: usuarias nuevas,2016-11-01,0,0,4,3,0,7
VILLAZON,"anticoncepcion, prevencion de its y de cancer de cuello uterino",metodos naturales: usuarias nuevas,2016-11-01,0,2,8,0,0,10
VINTO,"anticoncepcion, prevencion de its y de cancer de cuello uterino",metodos naturales: usuarias nuevas,2016-11-01,0,4,8,2,0,14
VITICHI,"anticoncepcion, prevencion de its y de cancer de cuello uterino",metodos naturales: usuarias nuevas,2016-11-01,0,0,2,4,0,6
WARNES,"anticoncepcion, prevencion de its y de cancer de cuello uterino",metodos naturales: usuarias nuevas,2016-11-01,0,1,1,0,0,2
YAMPARAEZ,"anticoncepcion, prevencion de its y de cancer de cuello uterino",metodos naturales: usuarias nuevas,2016-11-01,0,0,3,2,0,5
YANACACHI,"anticoncepcion, prevencion de its y de cancer de cuello uterino",metodos naturales: usuarias nuevas,2016-11-01,0,0,1,0,0,1
YAPACANI,"anticoncepcion, prevencion de its y de cancer de cuello uterino",metodos naturales: usuarias nuevas,2016-11-01,0,6,8,2,0,16
YOTALA,"anticoncepcion, prevencion de its y de cancer de cuello uterino",metodos naturales: usuarias nuevas,2016-11-01,0,2,0,0,0,2
ACACIO,"anticoncepcion, prevencion de its y de cancer de cuello uterino",metodos naturales: usuarias nuevas,2016-12-01,0,1,0,4,0,5
AIQUILE,"anticoncepcion, prevencion de its y de cancer de cuello uterino",metodos naturales: usuarias nuevas,2016-12-01,0,0,0,1,0,1
ALALAY,"anticoncepcion, prevencion de its y de cancer de cuello uterino",metodos naturales: usuarias nuevas,2016-12-01,0,0,1,1,0,2
ANCORAIMES,"anticoncepcion, prevencion de its y de cancer de cuello uterino",metodos naturales: usuarias nuevas,2016-12-01,0,3,12,1,0,16
ANDAMARCA,"anticoncepcion, prevencion de its y de cancer de cuello uterino",metodos naturales: usuarias nuevas,2016-12-01,0,0,0,1,0,1
ANTEQUERA,"anticoncepcion, prevencion de its y de cancer de cuello uterino",metodos naturales: usuarias nuevas,2016-12-01,0,0,1,0,0,1
APOLO,"anticoncepcion, prevencion de its y de cancer de cuello uterino",metodos naturales: usuarias nuevas,2016-12-01,0,0,8,0,0,8
ARAMPAMPA,"anticoncepcion, prevencion de its y de cancer de cuello uterino",metodos naturales: usuarias nuevas,2016-12-01,0,0,1,0,0,1
ARBIETO,"anticoncepcion, prevencion de its y de cancer de cuello uterino",metodos naturales: usuarias nuevas,2016-12-01,0,0,0,1,0,1
ARQUE,"anticoncepcion, prevencion de its y de cancer de cuello uterino",metodos naturales: usuarias nuevas,2016-12-01,0,2,0,0,0,2
ATOCHA,"anticoncepcion, prevencion de its y de cancer de cuello uterino",metodos naturales: usuarias nuevas,2016-12-01,0,2,1,0,0,3
AYATA,"anticoncepcion, prevencion de its y de cancer de cuello uterino",metodos naturales: usuarias nuevas,2016-12-01,0,2,2,3,0,7
AYO AYO,"anticoncepcion, prevencion de its y de cancer de cuello uterino",metodos naturales: usuarias nuevas,2016-12-01,0,0,1,0,0,1
BATALLAS,"anticoncepcion, prevencion de its y de cancer de cuello uterino",metodos naturales: usuarias nuevas,2016-12-01,0,2,5,0,1,8
BAURES,"anticoncepcion, prevencion de its y de cancer de cuello uterino",metodos naturales: usuarias nuevas,2016-12-01,0,0,1,0,0,1
BELEN DE ANDAMARCA,"anticoncepcion, prevencion de its y de cancer de cuello uterino",metodos naturales: usuarias nuevas,2016-12-01,0,0,1,0,0,1
BELLA FLOR,"anticoncepcion, prevencion de its y de cancer de cuello uterino",metodos naturales: usuarias nuevas,2016-12-01,0,0,1,0,0,1
BETANZOS,"anticoncepcion, prevencion de its y de cancer de cuello uterino",metodos naturales: usuarias nuevas,2016-12-01,0,1,2,0,0,3
BUENA VISTA,"anticoncepcion, prevencion de its y de cancer de cuello uterino",metodos naturales: usuarias nuevas,2016-12-01,0,7,1,0,0,8
CABEZAS,"anticoncepcion, prevencion de its y de cancer de cuello uterino",metodos naturales: usuarias nuevas,2016-12-01,0,0,1,0,0,1
"CAIZA ""D""","anticoncepcion, prevencion de its y de cancer de cuello uterino",metodos naturales: usuarias nuevas,2016-12-01,0,0,2,1,0,3
CAJUATA,"anticoncepcion, prevencion de its y de cancer de cuello uterino",metodos naturales: usuarias nuevas,2016-12-01,0,4,4,0,0,8
CALAMARCA,"anticoncepcion, prevencion de its y de cancer de cuello uterino",metodos naturales: usuarias nuevas,2016-12-01,0,3,3,2,0,8
CAMARGO,"anticoncepcion, prevencion de its y de cancer de cuello uterino",metodos naturales: usuarias nuevas,2016-12-01,0,1,7,1,0,9
CARACOLLO,"anticoncepcion, prevencion de its y de cancer de cuello uterino",metodos naturales: usuarias nuevas,2016-12-01,0,4,11,1,0,16
CARIPUYO,"anticoncepcion, prevencion de its y de cancer de cuello uterino",metodos naturales: usuarias nuevas,2016-12-01,0,1,3,1,0,5
CHALLAPATA,"anticoncepcion, prevencion de its y de cancer de cuello uterino",metodos naturales: usuarias nuevas,2016-12-01,0,7,35,4,0,46
CHAQUI,"anticoncepcion, prevencion de its y de cancer de cuello uterino",metodos naturales: usuarias nuevas,2016-12-01,0,0,7,1,0,8
CHAYANTA,"anticoncepcion, prevencion de its y de cancer de cuello uterino",metodos naturales: usuarias nuevas,2016-12-01,0,1,8,6,0,15
CHIPAYA,"anticoncepcion, prevencion de its y de cancer de cuello uterino",metodos naturales: usuarias nuevas,2016-12-01,0,0,1,0,0,1
CHOQUE COTA,"anticoncepcion, prevencion de its y de cancer de cuello uterino",metodos naturales: usuarias nuevas,2016-12-01,0,1,1,0,0,2
CHUA COCANI,"anticoncepcion, prevencion de its y de cancer de cuello uterino",metodos naturales: usuarias nuevas,2016-12-01,0,0,2,1,0,3
CHULUMANI (V. DE LA LIBERTAD),"anticoncepcion, prevencion de its y de cancer de cuello uterino",metodos naturales: usuarias nuevas,2016-12-01,0,5,25,4,0,34
CHUQUIHUTA AYLLU JUCUMANI,"anticoncepcion, prevencion de its y de cancer de cuello uterino",metodos naturales: usuarias nuevas,2016-12-01,0,1,1,2,0,4
CKOCHAS,"anticoncepcion, prevencion de its y de cancer de cuello uterino",metodos naturales: usuarias nuevas,2016-12-01,0,2,4,2,0,8
CLIZA,"anticoncepcion, prevencion de its y de cancer de cuello uterino",metodos naturales: usuarias nuevas,2016-12-01,0,0,4,1,0,5
COBIJA,"anticoncepcion, prevencion de its y de cancer de cuello uterino",metodos naturales: usuarias nuevas,2016-12-01,0,4,10,15,0,29
COCAPATA,"anticoncepcion, prevencion de its y de cancer de cuello uterino",metodos naturales: usuarias nuevas,2016-12-01,0,2,7,2,0,11
COCHABAMBA,"anticoncepcion, prevencion de its y de cancer de cuello uterino",metodos naturales: usuarias nuevas,2016-12-01,0,11,101,18,0,130
COLCAPIRHUA,"anticoncepcion, prevencion de its y de cancer de cuello uterino",metodos naturales: usuarias nuevas,2016-12-01,0,3,21,3,0,27
"COLCHA ""K""","anticoncepcion, prevencion de its y de cancer de cuello uterino",metodos naturales: usuarias nuevas,2016-12-01,0,0,1,0,0,1
COLLANA,"anticoncepcion, prevencion de its y de cancer de cuello uterino",metodos naturales: usuarias nuevas,2016-12-01,0,0,2,1,0,3
COLOMI,"anticoncepcion, prevencion de its y de cancer de cuello uterino",metodos naturales: usuarias nuevas,2016-12-01,0,0,2,1,0,3
COLPA BELGICA,"anticoncepcion, prevencion de its y de cancer de cuello uterino",metodos naturales: usuarias nuevas,2016-12-01,0,2,0,1,0,3
COLQUECHACA,"anticoncepcion, prevencion de its y de cancer de cuello uterino",metodos naturales: usuarias nuevas,2016-12-01,0,1,6,2,0,9
COLQUIRI,"anticoncepcion, prevencion de its y de cancer de cuello uterino",metodos naturales: usuarias nuevas,2016-12-01,0,3,6,2,0,11
COMARAPA,"anticoncepcion, prevencion de its y de cancer de cuello uterino",metodos naturales: usuarias nuevas,2016-12-01,0,2,27,4,0,33
CORIPATA,"anticoncepcion, prevencion de its y de cancer de cuello uterino",metodos naturales: usuarias nuevas,2016-12-01,0,0,10,1,0,11
CORO CORO,"anticoncepcion, prevencion de its y de cancer de cuello uterino",metodos naturales: usuarias nuevas,2016-12-01,0,0,1,0,0,1
COROICO,"anticoncepcion, prevencion de its y de cancer de cuello uterino",metodos naturales: usuarias nuevas,2016-12-01,0,4,5,4,0,13
CORQUE,"anticoncepcion, prevencion de its y de cancer de cuello uterino",metodos naturales: usuarias nuevas,2016-12-01,0,1,1,0,0,2
COTAGAITA,"anticoncepcion, prevencion de its y de cancer de cuello uterino",metodos naturales: usuarias nuevas,2016-12-01,0,0,2,0,0,2
COTOCA,"anticoncepcion, prevencion de its y de cancer de cuello uterino",metodos naturales: usuarias nuevas,2016-12-01,0,0,1,0,0,1
CULPINA,"anticoncepcion, prevencion de its y de cancer de cuello uterino",metodos naturales: usuarias nuevas,2016-12-01,0,1,6,1,0,8
CURAHUARA DE CARANGAS,"anticoncepcion, prevencion de its y de cancer de cuello uterino",metodos naturales: usuarias nuevas,2016-12-01,0,1,1,1,0,3
EL ALTO,"anticoncepcion, prevencion de its y de cancer de cuello uterino",metodos naturales: usuarias nuevas,2016-12-01,0,34,322,38,0,394
EL CHORO,"anticoncepcion, prevencion de its y de cancer de cuello uterino",metodos naturales: usuarias nuevas,2016-12-01,0,0,2,0,0,2
EL PUENTE(STC),"anticoncepcion, prevencion de its y de cancer de cuello uterino",metodos naturales: usuarias nuevas,2016-12-01,0,2,6,0,0,8
EL VILLAR,"anticoncepcion, prevencion de its y de cancer de cuello uterino",metodos naturales: usuarias nuevas,2016-12-01,0,0,1,0,0,1
ENTRE RIOS TRJ,"anticoncepcion, prevencion de its y de cancer de cuello uterino",metodos naturales: usuarias nuevas,2016-12-01,0,1,10,0,0,11
EUCALIPTUS,"anticoncepcion, prevencion de its y de cancer de cuello uterino",metodos naturales: usuarias nuevas,2016-12-01,0,1,3,2,0,6
GUAQUI,"anticoncepcion, prevencion de its y de cancer de cuello uterino",metodos naturales: usuarias nuevas,2016-12-01,0,1,2,1,0,4
GUAYARAMERIN,"anticoncepcion, prevencion de its y de cancer de cuello uterino",metodos naturales: usuarias nuevas,2016-12-01,0,9,29,3,0,41
HUARINA,"anticoncepcion, prevencion de its y de cancer de cuello uterino",metodos naturales: usuarias nuevas,2016-12-01,0,2,1,0,0,3
HUAYLLAMARCA,"anticoncepcion, prevencion de its y de cancer de cuello uterino",metodos naturales: usuarias nuevas,2016-12-01,0,1,0,1,0,2
ICHOCA,"anticoncepcion, prevencion de its y de cancer de cuello uterino",metodos naturales: usuarias nuevas,2016-12-01,0,1,2,1,0,4
INCAHUASI,"anticoncepcion, prevencion de its y de cancer de cuello uterino",metodos naturales: usuarias nuevas,2016-12-01,0,3,8,2,0,13
INQUISIVI,"anticoncepcion, prevencion de its y de cancer de cuello uterino",metodos naturales: usuarias nuevas,2016-12-01,0,2,8,1,0,11
IRUPANA (VILLA DE LANZA),"anticoncepcion, prevencion de its y de cancer de cuello uterino",metodos naturales: usuarias nuevas,2016-12-01,0,2,3,0,0,5
IXIAMAS,"anticoncepcion, prevencion de its y de cancer de cuello uterino",metodos naturales: usuarias nuevas,2016-12-01,1,1,5,0,0,7
JESUS DE MACHACA,"anticoncepcion, prevencion de its y de cancer de cuello uterino",metodos naturales: usuarias nuevas,2016-12-01,0,1,0,0,0,1
LA ASUNTA,"anticoncepcion, prevencion de its y de cancer de cuello uterino",metodos naturales: usuarias nuevas,2016-12-01,0,16,36,4,0,56
LA GUARDIA,"anticoncepcion, prevencion de its y de cancer de cuello uterino",metodos naturales: usuarias nuevas,2016-12-01,0,4,22,2,0,28
LA PAZ,"anticoncepcion, prevencion de its y de cancer de cuello uterino",metodos naturales: usuarias nuevas,2016-12-01,0,40,138,24,0,202
LAGUNILLAS,"anticoncepcion, prevencion de its y de cancer de cuello uterino",metodos naturales: usuarias nuevas,2016-12-01,0,0,3,0,0,3
LAJA,"anticoncepcion, prevencion de its y de cancer de cuello uterino",metodos naturales: usuarias nuevas,2016-12-01,0,3,4,0,0,7
LICOMA PAMPA,"anticoncepcion, prevencion de its y de cancer de cuello uterino",metodos naturales: usuarias nuevas,2016-12-01,0,2,1,0,0,3
LLALLAGUA,"anticoncepcion, prevencion de its y de cancer de cuello uterino",metodos naturales: usuarias nuevas,2016-12-01,0,2,3,2,0,7
LORETO,"anticoncepcion, prevencion de its y de cancer de cuello uterino",metodos naturales: usuarias nuevas,2016-12-01,0,1,1,0,0,2
LURIBAY,"anticoncepcion, prevencion de its y de cancer de cuello uterino",metodos naturales: usuarias nuevas,2016-12-01,0,1,2,0,0,3
MACHACAMARCA,"anticoncepcion, prevencion de its y de cancer de cuello uterino",metodos naturales: usuarias nuevas,2016-12-01,0,1,1,0,0,2
MALLA,"anticoncepcion, prevencion de its y de cancer de cuello uterino",metodos naturales: usuarias nuevas,2016-12-01,0,0,1,0,0,1
MAPIRI,"anticoncepcion, prevencion de its y de cancer de cuello uterino",metodos naturales: usuarias nuevas,2016-12-01,0,3,1,1,0,5
MINEROS,"anticoncepcion, prevencion de its y de cancer de cuello uterino",metodos naturales: usuarias nuevas,2016-12-01,0,1,0,1,1,3
MIZQUE,"anticoncepcion, prevencion de its y de cancer de cuello uterino",metodos naturales: usuarias nuevas,2016-12-01,0,3,2,1,0,6
MOCOMOCO,"anticoncepcion, prevencion de its y de cancer de cuello uterino",metodos naturales: usuarias nuevas,2016-12-01,0,2,1,0,0,3
MOJOCOYA,"anticoncepcion, prevencion de its y de cancer de cuello uterino",metodos naturales: usuarias nuevas,2016-12-01,0,0,7,0,0,7
MONTEAGUDO,"anticoncepcion, prevencion de its y de cancer de cuello uterino",metodos naturales: usuarias nuevas,2016-12-01,0,0,1,0,0,1
MONTERO,"anticoncepcion, prevencion de its y de cancer de cuello uterino",metodos naturales: usuarias nuevas,2016-12-01,0,0,2,0,0,2
MOROCHATA,"anticoncepcion, prevencion de its y de cancer de cuello uterino",metodos naturales: usuarias nuevas,2016-12-01,0,6,3,0,0,9
NUEVO MANOA (NUEVA ESPERANZA),"anticoncepcion, prevencion de its y de cancer de cuello uterino",metodos naturales: usuarias nuevas,2016-12-01,0,1,3,0,0,4
OCURI,"anticoncepcion, prevencion de its y de cancer de cuello uterino",metodos naturales: usuarias nuevas,2016-12-01,0,4,5,1,0,10
OMEREQUE,"anticoncepcion, prevencion de its y de cancer de cuello uterino",metodos naturales: usuarias nuevas,2016-12-01,0,0,1,1,0,2
ORURO,"anticoncepcion, prevencion de its y de cancer de cuello uterino",metodos naturales: usuarias nuevas,2016-12-01,0,11,18,1,0,30
PAMPA AULLAGAS,"anticoncepcion, prevencion de its y de cancer de cuello uterino",metodos naturales: usuarias nuevas,2016-12-01,0,1,1,0,0,2
PASORAPA,"anticoncepcion, prevencion de its y de cancer de cuello uterino",metodos naturales: usuarias nuevas,2016-12-01,0,1,0,0,0,1
PAZÑA,"anticoncepcion, prevencion de its y de cancer de cuello uterino",metodos naturales: usuarias nuevas,2016-12-01,0,1,1,0,0,2
POCOATA,"anticoncepcion, prevencion de its y de cancer de cuello uterino",metodos naturales: usuarias nuevas,2016-12-01,0,4,10,5,0,19
POCONA,"anticoncepcion, prevencion de its y de cancer de cuello uterino",metodos naturales: usuarias nuevas,2016-12-01,0,1,0,0,0,1
POJO (CBBA),"anticoncepcion, prevencion de its y de cancer de cuello uterino",metodos naturales: usuarias nuevas,2016-12-01,0,2,0,2,0,4
PORCO,"anticoncepcion, prevencion de its y de cancer de cuello uterino",metodos naturales: usuarias nuevas,2016-12-01,0,3,6,0,0,9
POROMA,"anticoncepcion, prevencion de its y de cancer de cuello uterino",metodos naturales: usuarias nuevas,2016-12-01,1,1,3,0,0,5
PORONGO,"anticoncepcion, prevencion de its y de cancer de cuello uterino",metodos naturales: usuarias nuevas,2016-12-01,0,1,0,0,0,1
PORTACHUELO,"anticoncepcion, prevencion de its y de cancer de cuello uterino",metodos naturales: usuarias nuevas,2016-12-01,0,3,3,0,0,6
POTOSI,"anticoncepcion, prevencion de its y de cancer de cuello uterino",metodos naturales: usuarias nuevas,2016-12-01,0,0,7,3,0,10
PRESTO,"anticoncepcion, prevencion de its y de cancer de cuello uterino",metodos naturales: usuarias nuevas,2016-12-01,0,1,3,0,0,4
PUCARANI,"anticoncepcion, prevencion de its y de cancer de cuello uterino",metodos naturales: usuarias nuevas,2016-12-01,0,7,8,1,0,16
PUERTO ACOSTA,"anticoncepcion, prevencion de its y de cancer de cuello uterino",metodos naturales: usuarias nuevas,2016-12-01,0,1,3,2,0,6
PUERTO GONZALO MORENO,"anticoncepcion, prevencion de its y de cancer de cuello uterino",metodos naturales: usuarias nuevas,2016-12-01,0,1,1,0,0,2
PUERTO RICO,"anticoncepcion, prevencion de its y de cancer de cuello uterino",metodos naturales: usuarias nuevas,2016-12-01,0,1,1,0,0,2
PUERTO VILLARROEL,"anticoncepcion, prevencion de its y de cancer de cuello uterino",metodos naturales: usuarias nuevas,2016-12-01,0,3,4,1,0,8
PUNA,"anticoncepcion, prevencion de its y de cancer de cuello uterino",metodos naturales: usuarias nuevas,2016-12-01,0,2,7,2,0,11
PUNATA,"anticoncepcion, prevencion de its y de cancer de cuello uterino",metodos naturales: usuarias nuevas,2016-12-01,1,13,40,11,0,65
QUILLACOLLO,"anticoncepcion, prevencion de its y de cancer de cuello uterino",metodos naturales: usuarias nuevas,2016-12-01,0,5,25,9,0,39
QUIME,"anticoncepcion, prevencion de its y de cancer de cuello uterino",metodos naturales: usuarias nuevas,2016-12-01,0,1,8,1,0,10
RAVELO,"anticoncepcion, prevencion de its y de cancer de cuello uterino",metodos naturales: usuarias nuevas,2016-12-01,0,1,2,3,0,6
REYES,"anticoncepcion, prevencion de its y de cancer de cuello uterino",metodos naturales: usuarias nuevas,2016-12-01,4,19,41,17,0,81
RIBERALTA,"anticoncepcion, prevencion de its y de cancer de cuello uterino",metodos naturales: usuarias nuevas,2016-12-01,3,41,111,7,0,162
RURRENABAQUE,"anticoncepcion, prevencion de its y de cancer de cuello uterino",metodos naturales: usuarias nuevas,2016-12-01,0,0,1,0,0,1
SABAYA,"anticoncepcion, prevencion de its y de cancer de cuello uterino",metodos naturales: usuarias nuevas,2016-12-01,0,0,2,1,0,3
SACABA,"anticoncepcion, prevencion de its y de cancer de cuello uterino",metodos naturales: usuarias nuevas,2016-12-01,0,16,57,15,0,88
SACABAMBA,"anticoncepcion, prevencion de its y de cancer de cuello uterino",metodos naturales: usuarias nuevas,2016-12-01,0,0,0,1,0,1
SACACA,"anticoncepcion, prevencion de its y de cancer de cuello uterino",metodos naturales: usuarias nuevas,2016-12-01,0,0,6,0,0,6
SAIPINA,"anticoncepcion, prevencion de its y de cancer de cuello uterino",metodos naturales: usuarias nuevas,2016-12-01,0,0,0,1,0,1
SALINAS DE GARCI MENDOZA,"anticoncepcion, prevencion de its y de cancer de cuello uterino",metodos naturales: usuarias nuevas,2016-12-01,0,2,6,2,0,10
SAN ANDRES,"anticoncepcion, prevencion de its y de cancer de cuello uterino",metodos naturales: usuarias nuevas,2016-12-01,0,0,2,0,0,2
SAN ANDRES DE MACHACA,"anticoncepcion, prevencion de its y de cancer de cuello uterino",metodos naturales: usuarias nuevas,2016-12-01,0,0,0,1,0,1
SAN BENITO,"anticoncepcion, prevencion de its y de cancer de cuello uterino",metodos naturales: usuarias nuevas,2016-12-01,0,0,2,1,0,3
SAN BORJA,"anticoncepcion, prevencion de its y de cancer de cuello uterino",metodos naturales: usuarias nuevas,2016-12-01,1,12,30,3,0,46
SAN BUENA VENTURA,"anticoncepcion, prevencion de its y de cancer de cuello uterino",metodos naturales: usuarias nuevas,2016-12-01,0,3,14,4,0,21
SAN CARLOS,"anticoncepcion, prevencion de its y de cancer de cuello uterino",metodos naturales: usuarias nuevas,2016-12-01,0,9,18,5,0,32
SAN IGNACIO,"anticoncepcion, prevencion de its y de cancer de cuello uterino",metodos naturales: usuarias nuevas,2016-12-01,1,6,4,2,0,13
SAN IGNACIO DE VELASCO,"anticoncepcion, prevencion de its y de cancer de cuello uterino",metodos naturales: usuarias nuevas,2016-12-01,0,2,11,1,0,14
SAN JUAN DE YAPACANI,"anticoncepcion, prevencion de its y de cancer de cuello uterino",metodos naturales: usuarias nuevas,2016-12-01,0,0,4,1,0,5
SAN JULIAN,"anticoncepcion, prevencion de its y de cancer de cuello uterino",metodos naturales: usuarias nuevas,2016-12-01,1,2,3,0,0,6
SAN LUCAS,"anticoncepcion, prevencion de its y de cancer de cuello uterino",metodos naturales: usuarias nuevas,2016-12-01,0,2,6,3,0,11
SAN MIGUEL DE VELASCO,"anticoncepcion, prevencion de its y de cancer de cuello uterino",metodos naturales: usuarias nuevas,2016-12-01,0,3,0,0,0,3
SAN PEDRO DE BUENA VISTA,"anticoncepcion, prevencion de its y de cancer de cuello uterino",metodos naturales: usuarias nuevas,2016-12-01,0,10,19,6,0,35
SAN RAFAEL,"anticoncepcion, prevencion de its y de cancer de cuello uterino",metodos naturales: usuarias nuevas,2016-12-01,0,3,3,0,0,6
SAN RAMON BENI,"anticoncepcion, prevencion de its y de cancer de cuello uterino",metodos naturales: usuarias nuevas,2016-12-01,0,4,25,12,0,41
SANTA ANA,"anticoncepcion, prevencion de its y de cancer de cuello uterino",metodos naturales: usuarias nuevas,2016-12-01,0,8,16,0,0,24
SANTA CRUZ DE LA SIERRA,"anticoncepcion, prevencion de its y de cancer de cuello uterino",metodos naturales: usuarias nuevas,2016-12-01,2,7,39,0,0,48
SANTA ROSA,"anticoncepcion, prevencion de its y de cancer de cuello uterino",metodos naturales: usuarias nuevas,2016-12-01,0,7,13,0,0,20
SANTA ROSA DEL SARA,"anticoncepcion, prevencion de its y de cancer de cuello uterino",metodos naturales: usuarias nuevas,2016-12-01,0,0,5,0,0,5
SANTIAGO DE CALLAPA,"anticoncepcion, prevencion de its y de cancer de cuello uterino",metodos naturales: usuarias nuevas,2016-12-01,0,1,0,0,0,1
SANTIAGO DE HUARI,"anticoncepcion, prevencion de its y de cancer de cuello uterino",metodos naturales: usuarias nuevas,2016-12-01,0,1,1,0,0,2
SANTIAGO DE MACHACA,"anticoncepcion, prevencion de its y de cancer de cuello uterino",metodos naturales: usuarias nuevas,2016-12-01,0,0,1,1,0,2
SANTUARIO DE QUILLACAS,"anticoncepcion, prevencion de its y de cancer de cuello uterino",metodos naturales: usuarias nuevas,2016-12-01,0,1,3,1,0,5
SAPAHAQUI,"anticoncepcion, prevencion de its y de cancer de cuello uterino",metodos naturales: usuarias nuevas,2016-12-01,0,0,7,1,0,8
SICA SICA (VILLA AROMA),"anticoncepcion, prevencion de its y de cancer de cuello uterino",metodos naturales: usuarias nuevas,2016-12-01,0,1,2,0,0,3
SIPE SIPE,"anticoncepcion, prevencion de its y de cancer de cuello uterino",metodos naturales: usuarias nuevas,2016-12-01,0,0,1,0,0,1
SOPACHUY,"anticoncepcion, prevencion de its y de cancer de cuello uterino",metodos naturales: usuarias nuevas,2016-12-01,0,1,2,0,0,3
SORACACHI,"anticoncepcion, prevencion de its y de cancer de cuello uterino",metodos naturales: usuarias nuevas,2016-12-01,0,2,3,0,0,5
SUCRE,"anticoncepcion, prevencion de its y de cancer de cuello uterino",metodos naturales: usuarias nuevas,2016-12-01,0,22,95,34,1,152
TACOPAYA,"anticoncepcion, prevencion de its y de cancer de cuello uterino",metodos naturales: usuarias nuevas,2016-12-01,0,0,3,1,0,4
TAPACARI,"anticoncepcion, prevencion de its y de cancer de cuello uterino",metodos naturales: usuarias nuevas,2016-12-01,0,1,4,1,0,6
TARABUCO,"anticoncepcion, prevencion de its y de cancer de cuello uterino",metodos naturales: usuarias nuevas,2016-12-01,0,11,6,4,0,21
TARACO,"anticoncepcion, prevencion de its y de cancer de cuello uterino",metodos naturales: usuarias nuevas,2016-12-01,0,1,2,0,0,3
TARIJA,"anticoncepcion, prevencion de its y de cancer de cuello uterino",metodos naturales: usuarias nuevas,2016-12-01,0,2,0,0,0,2
TARVITA,"anticoncepcion, prevencion de its y de cancer de cuello uterino",metodos naturales: usuarias nuevas,2016-12-01,1,1,1,0,0,3
TEOPONTE,"anticoncepcion, prevencion de its y de cancer de cuello uterino",metodos naturales: usuarias nuevas,2016-12-01,0,3,10,2,1,16
TIAWANACU,"anticoncepcion, prevencion de its y de cancer de cuello uterino",metodos naturales: usuarias nuevas,2016-12-01,0,1,5,1,0,7
TINGUIPAYA,"anticoncepcion, prevencion de its y de cancer de cuello uterino",metodos naturales: usuarias nuevas,2016-12-01,0,0,1,0,0,1
TIPUANI,"anticoncepcion, prevencion de its y de cancer de cuello uterino",metodos naturales: usuarias nuevas,2016-12-01,0,1,0,0,0,1
TIQUIPAYA,"anticoncepcion, prevencion de its y de cancer de cuello uterino",metodos naturales: usuarias nuevas,2016-12-01,0,0,2,0,0,2
TIRAQUE (CBBA),"anticoncepcion, prevencion de its y de cancer de cuello uterino",metodos naturales: usuarias nuevas,2016-12-01,0,2,1,0,0,3
TOCO,"anticoncepcion, prevencion de its y de cancer de cuello uterino",metodos naturales: usuarias nuevas,2016-12-01,1,0,0,0,0,1
TOLATA,"anticoncepcion, prevencion de its y de cancer de cuello uterino",metodos naturales: usuarias nuevas,2016-12-01,0,3,4,0,0,7
TOLEDO,"anticoncepcion, prevencion de its y de cancer de cuello uterino",metodos naturales: usuarias nuevas,2016-12-01,0,2,3,1,0,6
TOMAVE,"anticoncepcion, prevencion de its y de cancer de cuello uterino",metodos naturales: usuarias nuevas,2016-12-01,0,0,1,0,0,1
TOMINA,"anticoncepcion, prevencion de its y de cancer de cuello uterino",metodos naturales: usuarias nuevas,2016-12-01,0,4,1,2,0,7
TORO TORO,"anticoncepcion, prevencion de its y de cancer de cuello uterino",metodos naturales: usuarias nuevas,2016-12-01,1,3,1,0,0,5
TOTORA(CBBA),"anticoncepcion, prevencion de its y de cancer de cuello uterino",metodos naturales: usuarias nuevas,2016-12-01,0,0,1,0,0,1
TOTORA(ORR),"anticoncepcion, prevencion de its y de cancer de cuello uterino",metodos naturales: usuarias nuevas,2016-12-01,0,2,5,0,0,7
TRINIDAD,"anticoncepcion, prevencion de its y de cancer de cuello uterino",metodos naturales: usuarias nuevas,2016-12-01,0,6,14,3,0,23
TUPIZA,"anticoncepcion, prevencion de its y de cancer de cuello uterino",metodos naturales: usuarias nuevas,2016-12-01,0,2,2,0,0,4
UNCIA,"anticoncepcion, prevencion de its y de cancer de cuello uterino",metodos naturales: usuarias nuevas,2016-12-01,0,0,2,0,0,2
UYUNI,"anticoncepcion, prevencion de its y de cancer de cuello uterino",metodos naturales: usuarias nuevas,2016-12-01,0,2,0,0,0,2
VACAS,"anticoncepcion, prevencion de its y de cancer de cuello uterino",metodos naturales: usuarias nuevas,2016-12-01,0,4,2,3,0,9
VIACHA,"anticoncepcion, prevencion de its y de cancer de cuello uterino",metodos naturales: usuarias nuevas,2016-12-01,0,1,1,0,0,2
VILLA CHARCAS,"anticoncepcion, prevencion de its y de cancer de cuello uterino",metodos naturales: usuarias nuevas,2016-12-01,0,5,5,0,0,10
VILLA RIVERO,"anticoncepcion, prevencion de its y de cancer de cuello uterino",metodos naturales: usuarias nuevas,2016-12-01,0,1,3,0,0,4
VILLA SERRANO,"anticoncepcion, prevencion de its y de cancer de cuello uterino",metodos naturales: usuarias nuevas,2016-12-01,1,2,3,1,0,7
VILLA TUNARI,"anticoncepcion, prevencion de its y de cancer de cuello uterino",metodos naturales: usuarias nuevas,2016-12-01,0,7,8,1,0,16
VILLAZON,"anticoncepcion, prevencion de its y de cancer de cuello uterino",metodos naturales: usuarias nuevas,2016-12-01,0,0,9,2,0,11
VINTO,"anticoncepcion, prevencion de its y de cancer de cuello uterino",metodos naturales: usuarias nuevas,2016-12-01,0,8,17,1,0,26
VITICHI,"anticoncepcion, prevencion de its y de cancer de cuello uterino",metodos naturales: usuarias nuevas,2016-12-01,0,1,0,0,0,1
WARNES,"anticoncepcion, prevencion de its y de cancer de cuello uterino",metodos naturales: usuarias nuevas,2016-12-01,0,1,1,0,0,2
YAMPARAEZ,"anticoncepcion, prevencion de its y de cancer de cuello uterino",metodos naturales: usuarias nuevas,2016-12-01,0,0,1,0,0,1
YAPACANI,"anticoncepcion, prevencion de its y de cancer de cuello uterino",metodos naturales: usuarias nuevas,2016-12-01,0,1,18,1,0,20
YOTALA,"anticoncepcion, prevencion de its y de cancer de cuello uterino",metodos naturales: usuarias nuevas,2016-12-01,0,0,6,3,0,9
ZUDAÑEZ,"anticoncepcion, prevencion de its y de cancer de cuello uterino",metodos naturales: usuarias nuevas,2016-12-01,0,0,1,0,0,1
