municipality,group,variable,month,Métodos naturales: Usuarias Continuas,Métodos naturales: Usuarias Continuas1,Métodos naturales: Usuarias Continuas2,Métodos naturales: Usuarias Continuas3,Métodos naturales: Usuarias Continuas4,TOTAL
ACHACACHI,"anticoncepcion, prevencion de its y de cancer de cuello uterino",metodos naturales: usuarias continuas,2016-01-01,0,0,1,1,0,2
ALALAY,"anticoncepcion, prevencion de its y de cancer de cuello uterino",metodos naturales: usuarias continuas,2016-01-01,0,0,1,0,0,1
ANCORAIMES,"anticoncepcion, prevencion de its y de cancer de cuello uterino",metodos naturales: usuarias continuas,2016-01-01,0,3,8,5,0,16
ANZALDO,"anticoncepcion, prevencion de its y de cancer de cuello uterino",metodos naturales: usuarias continuas,2016-01-01,0,0,1,0,0,1
APOLO,"anticoncepcion, prevencion de its y de cancer de cuello uterino",metodos naturales: usuarias continuas,2016-01-01,1,0,2,0,0,3
ATOCHA,"anticoncepcion, prevencion de its y de cancer de cuello uterino",metodos naturales: usuarias continuas,2016-01-01,0,0,1,0,0,1
BAURES,"anticoncepcion, prevencion de its y de cancer de cuello uterino",metodos naturales: usuarias continuas,2016-01-01,0,1,0,0,0,1
BERMEJO,"anticoncepcion, prevencion de its y de cancer de cuello uterino",metodos naturales: usuarias continuas,2016-01-01,0,0,1,1,0,2
BETANZOS,"anticoncepcion, prevencion de its y de cancer de cuello uterino",metodos naturales: usuarias continuas,2016-01-01,0,2,6,1,0,9
"CAIZA ""D""","anticoncepcion, prevencion de its y de cancer de cuello uterino",metodos naturales: usuarias continuas,2016-01-01,0,0,3,0,0,3
CARACOLLO,"anticoncepcion, prevencion de its y de cancer de cuello uterino",metodos naturales: usuarias continuas,2016-01-01,0,2,1,0,0,3
CARIPUYO,"anticoncepcion, prevencion de its y de cancer de cuello uterino",metodos naturales: usuarias continuas,2016-01-01,0,0,2,1,0,3
CHALLAPATA,"anticoncepcion, prevencion de its y de cancer de cuello uterino",metodos naturales: usuarias continuas,2016-01-01,0,6,20,4,0,30
CHAQUI,"anticoncepcion, prevencion de its y de cancer de cuello uterino",metodos naturales: usuarias continuas,2016-01-01,0,11,15,2,0,28
CHAYANTA,"anticoncepcion, prevencion de its y de cancer de cuello uterino",metodos naturales: usuarias continuas,2016-01-01,0,0,5,0,0,5
CHIPAYA,"anticoncepcion, prevencion de its y de cancer de cuello uterino",metodos naturales: usuarias continuas,2016-01-01,0,0,1,0,0,1
CHOQUE COTA,"anticoncepcion, prevencion de its y de cancer de cuello uterino",metodos naturales: usuarias continuas,2016-01-01,0,2,3,0,0,5
CKOCHAS,"anticoncepcion, prevencion de its y de cancer de cuello uterino",metodos naturales: usuarias continuas,2016-01-01,0,0,3,1,0,4
COCHABAMBA,"anticoncepcion, prevencion de its y de cancer de cuello uterino",metodos naturales: usuarias continuas,2016-01-01,0,6,48,14,1,69
COLOMI,"anticoncepcion, prevencion de its y de cancer de cuello uterino",metodos naturales: usuarias continuas,2016-01-01,0,0,1,0,0,1
COLQUECHACA,"anticoncepcion, prevencion de its y de cancer de cuello uterino",metodos naturales: usuarias continuas,2016-01-01,0,0,2,6,0,8
CONCEPCION,"anticoncepcion, prevencion de its y de cancer de cuello uterino",metodos naturales: usuarias continuas,2016-01-01,0,0,5,1,0,6
EL ALTO,"anticoncepcion, prevencion de its y de cancer de cuello uterino",metodos naturales: usuarias continuas,2016-01-01,0,4,93,60,0,157
EL PUENTE(STC),"anticoncepcion, prevencion de its y de cancer de cuello uterino",metodos naturales: usuarias continuas,2016-01-01,0,1,1,0,0,2
EL PUENTE(TJA),"anticoncepcion, prevencion de its y de cancer de cuello uterino",metodos naturales: usuarias continuas,2016-01-01,0,0,1,0,0,1
ENTRE RIOS TRJ,"anticoncepcion, prevencion de its y de cancer de cuello uterino",metodos naturales: usuarias continuas,2016-01-01,0,2,2,2,0,6
FILADELFIA,"anticoncepcion, prevencion de its y de cancer de cuello uterino",metodos naturales: usuarias continuas,2016-01-01,0,1,1,1,0,3
GUAYARAMERIN,"anticoncepcion, prevencion de its y de cancer de cuello uterino",metodos naturales: usuarias continuas,2016-01-01,0,2,13,2,0,17
HUACARETA,"anticoncepcion, prevencion de its y de cancer de cuello uterino",metodos naturales: usuarias continuas,2016-01-01,0,0,5,0,0,5
HUANUNI,"anticoncepcion, prevencion de its y de cancer de cuello uterino",metodos naturales: usuarias continuas,2016-01-01,0,0,9,2,0,11
LA ASUNTA,"anticoncepcion, prevencion de its y de cancer de cuello uterino",metodos naturales: usuarias continuas,2016-01-01,0,5,10,6,2,23
LA GUARDIA,"anticoncepcion, prevencion de its y de cancer de cuello uterino",metodos naturales: usuarias continuas,2016-01-01,0,0,1,0,0,1
LA PAZ,"anticoncepcion, prevencion de its y de cancer de cuello uterino",metodos naturales: usuarias continuas,2016-01-01,0,6,34,6,0,46
LAGUNILLAS,"anticoncepcion, prevencion de its y de cancer de cuello uterino",metodos naturales: usuarias continuas,2016-01-01,0,1,3,0,0,4
LORETO,"anticoncepcion, prevencion de its y de cancer de cuello uterino",metodos naturales: usuarias continuas,2016-01-01,0,0,2,0,0,2
MACHARETI,"anticoncepcion, prevencion de its y de cancer de cuello uterino",metodos naturales: usuarias continuas,2016-01-01,0,0,1,0,0,1
MINEROS,"anticoncepcion, prevencion de its y de cancer de cuello uterino",metodos naturales: usuarias continuas,2016-01-01,0,2,3,1,0,6
MIZQUE,"anticoncepcion, prevencion de its y de cancer de cuello uterino",metodos naturales: usuarias continuas,2016-01-01,0,0,2,1,0,3
MOCOMOCO,"anticoncepcion, prevencion de its y de cancer de cuello uterino",metodos naturales: usuarias continuas,2016-01-01,0,1,1,0,0,2
MOJOCOYA,"anticoncepcion, prevencion de its y de cancer de cuello uterino",metodos naturales: usuarias continuas,2016-01-01,0,0,1,0,0,1
MOROCHATA,"anticoncepcion, prevencion de its y de cancer de cuello uterino",metodos naturales: usuarias continuas,2016-01-01,0,4,2,0,0,6
OMEREQUE,"anticoncepcion, prevencion de its y de cancer de cuello uterino",metodos naturales: usuarias continuas,2016-01-01,0,1,5,2,0,8
ORURO,"anticoncepcion, prevencion de its y de cancer de cuello uterino",metodos naturales: usuarias continuas,2016-01-01,0,3,44,8,0,55
PASORAPA,"anticoncepcion, prevencion de its y de cancer de cuello uterino",metodos naturales: usuarias continuas,2016-01-01,0,0,3,0,0,3
POCOATA,"anticoncepcion, prevencion de its y de cancer de cuello uterino",metodos naturales: usuarias continuas,2016-01-01,0,2,6,0,0,8
POCONA,"anticoncepcion, prevencion de its y de cancer de cuello uterino",metodos naturales: usuarias continuas,2016-01-01,0,1,0,0,0,1
POROMA,"anticoncepcion, prevencion de its y de cancer de cuello uterino",metodos naturales: usuarias continuas,2016-01-01,0,0,4,3,0,7
PORTACHUELO,"anticoncepcion, prevencion de its y de cancer de cuello uterino",metodos naturales: usuarias continuas,2016-01-01,0,3,20,1,0,24
POTOSI,"anticoncepcion, prevencion de its y de cancer de cuello uterino",metodos naturales: usuarias continuas,2016-01-01,0,1,15,0,0,16
PUCARANI,"anticoncepcion, prevencion de its y de cancer de cuello uterino",metodos naturales: usuarias continuas,2016-01-01,0,0,1,0,0,1
PUERTO GONZALO MORENO,"anticoncepcion, prevencion de its y de cancer de cuello uterino",metodos naturales: usuarias continuas,2016-01-01,0,1,0,2,0,3
PUERTO QUIJARRO,"anticoncepcion, prevencion de its y de cancer de cuello uterino",metodos naturales: usuarias continuas,2016-01-01,0,0,24,5,0,29
PUERTO RICO,"anticoncepcion, prevencion de its y de cancer de cuello uterino",metodos naturales: usuarias continuas,2016-01-01,0,3,4,0,0,7
PUERTO VILLARROEL,"anticoncepcion, prevencion de its y de cancer de cuello uterino",metodos naturales: usuarias continuas,2016-01-01,0,2,5,1,0,8
PUNATA,"anticoncepcion, prevencion de its y de cancer de cuello uterino",metodos naturales: usuarias continuas,2016-01-01,0,0,20,2,0,22
QUILLACOLLO,"anticoncepcion, prevencion de its y de cancer de cuello uterino",metodos naturales: usuarias continuas,2016-01-01,0,1,6,0,0,7
RIBERALTA,"anticoncepcion, prevencion de its y de cancer de cuello uterino",metodos naturales: usuarias continuas,2016-01-01,1,31,83,14,0,129
SACABA,"anticoncepcion, prevencion de its y de cancer de cuello uterino",metodos naturales: usuarias continuas,2016-01-01,0,6,18,28,0,52
SACABAMBA,"anticoncepcion, prevencion de its y de cancer de cuello uterino",metodos naturales: usuarias continuas,2016-01-01,0,0,0,1,0,1
SALINAS DE GARCI MENDOZA,"anticoncepcion, prevencion de its y de cancer de cuello uterino",metodos naturales: usuarias continuas,2016-01-01,0,4,24,6,0,34
SAMAIPATA,"anticoncepcion, prevencion de its y de cancer de cuello uterino",metodos naturales: usuarias continuas,2016-01-01,0,0,0,2,0,2
SAN ANTONIO DE ESMORUCO,"anticoncepcion, prevencion de its y de cancer de cuello uterino",metodos naturales: usuarias continuas,2016-01-01,0,1,0,0,0,1
SAN ANTONIO DE LOMERIO,"anticoncepcion, prevencion de its y de cancer de cuello uterino",metodos naturales: usuarias continuas,2016-01-01,0,1,0,0,0,1
SAN BENITO,"anticoncepcion, prevencion de its y de cancer de cuello uterino",metodos naturales: usuarias continuas,2016-01-01,0,1,0,0,0,1
SAN BORJA,"anticoncepcion, prevencion de its y de cancer de cuello uterino",metodos naturales: usuarias continuas,2016-01-01,0,4,22,6,0,32
SAN BUENA VENTURA,"anticoncepcion, prevencion de its y de cancer de cuello uterino",metodos naturales: usuarias continuas,2016-01-01,0,0,6,2,0,8
SAN CARLOS,"anticoncepcion, prevencion de its y de cancer de cuello uterino",metodos naturales: usuarias continuas,2016-01-01,0,0,4,2,0,6
SAN IGNACIO,"anticoncepcion, prevencion de its y de cancer de cuello uterino",metodos naturales: usuarias continuas,2016-01-01,0,2,21,5,0,28
SAN IGNACIO DE VELASCO,"anticoncepcion, prevencion de its y de cancer de cuello uterino",metodos naturales: usuarias continuas,2016-01-01,2,27,49,4,0,82
SAN JOSE DE CHIQUITOS,"anticoncepcion, prevencion de its y de cancer de cuello uterino",metodos naturales: usuarias continuas,2016-01-01,0,0,1,2,0,3
SAN LORENZO(TJA),"anticoncepcion, prevencion de its y de cancer de cuello uterino",metodos naturales: usuarias continuas,2016-01-01,0,0,2,0,0,2
SAN MATIAS,"anticoncepcion, prevencion de its y de cancer de cuello uterino",metodos naturales: usuarias continuas,2016-01-01,0,0,1,0,0,1
SAN MIGUEL DE VELASCO,"anticoncepcion, prevencion de its y de cancer de cuello uterino",metodos naturales: usuarias continuas,2016-01-01,0,3,8,2,0,13
SAN PEDRO DE TIQUINA,"anticoncepcion, prevencion de its y de cancer de cuello uterino",metodos naturales: usuarias continuas,2016-01-01,0,2,9,2,0,13
SAN RAFAEL,"anticoncepcion, prevencion de its y de cancer de cuello uterino",metodos naturales: usuarias continuas,2016-01-01,0,0,1,0,0,1
SANTA CRUZ DE LA SIERRA,"anticoncepcion, prevencion de its y de cancer de cuello uterino",metodos naturales: usuarias continuas,2016-01-01,0,2,10,3,0,15
SANTA ROSA DEL SARA,"anticoncepcion, prevencion de its y de cancer de cuello uterino",metodos naturales: usuarias continuas,2016-01-01,0,1,1,1,0,3
SANTIAGO DE HUARI,"anticoncepcion, prevencion de its y de cancer de cuello uterino",metodos naturales: usuarias continuas,2016-01-01,0,1,11,0,0,12
SANTIAGO DE HUATA,"anticoncepcion, prevencion de its y de cancer de cuello uterino",metodos naturales: usuarias continuas,2016-01-01,0,1,14,4,0,19
SENA,"anticoncepcion, prevencion de its y de cancer de cuello uterino",metodos naturales: usuarias continuas,2016-01-01,0,0,1,0,0,1
SOPACHUY,"anticoncepcion, prevencion de its y de cancer de cuello uterino",metodos naturales: usuarias continuas,2016-01-01,0,3,3,0,0,6
SORACACHI,"anticoncepcion, prevencion de its y de cancer de cuello uterino",metodos naturales: usuarias continuas,2016-01-01,0,1,9,0,0,10
SUCRE,"anticoncepcion, prevencion de its y de cancer de cuello uterino",metodos naturales: usuarias continuas,2016-01-01,4,19,36,24,1,84
TAPACARI,"anticoncepcion, prevencion de its y de cancer de cuello uterino",metodos naturales: usuarias continuas,2016-01-01,0,1,1,1,0,3
TARIJA,"anticoncepcion, prevencion de its y de cancer de cuello uterino",metodos naturales: usuarias continuas,2016-01-01,0,0,4,3,0,7
TIPUANI,"anticoncepcion, prevencion de its y de cancer de cuello uterino",metodos naturales: usuarias continuas,2016-01-01,0,0,1,0,0,1
TOMINA,"anticoncepcion, prevencion de its y de cancer de cuello uterino",metodos naturales: usuarias continuas,2016-01-01,0,1,1,0,0,2
TOTORA(ORR),"anticoncepcion, prevencion de its y de cancer de cuello uterino",metodos naturales: usuarias continuas,2016-01-01,0,2,5,0,0,7
TRINIDAD,"anticoncepcion, prevencion de its y de cancer de cuello uterino",metodos naturales: usuarias continuas,2016-01-01,0,5,10,20,0,35
TURCO,"anticoncepcion, prevencion de its y de cancer de cuello uterino",metodos naturales: usuarias continuas,2016-01-01,0,0,1,0,0,1
UNCIA,"anticoncepcion, prevencion de its y de cancer de cuello uterino",metodos naturales: usuarias continuas,2016-01-01,0,0,5,1,0,6
VILLA CHARCAS,"anticoncepcion, prevencion de its y de cancer de cuello uterino",metodos naturales: usuarias continuas,2016-01-01,0,0,9,3,0,12
VILLA RIVERO,"anticoncepcion, prevencion de its y de cancer de cuello uterino",metodos naturales: usuarias continuas,2016-01-01,0,1,0,0,0,1
VILLA SERRANO,"anticoncepcion, prevencion de its y de cancer de cuello uterino",metodos naturales: usuarias continuas,2016-01-01,0,0,1,0,0,1
VILLAZON,"anticoncepcion, prevencion de its y de cancer de cuello uterino",metodos naturales: usuarias continuas,2016-01-01,0,0,11,1,0,12
VINTO,"anticoncepcion, prevencion de its y de cancer de cuello uterino",metodos naturales: usuarias continuas,2016-01-01,0,0,2,0,0,2
YACUIBA,"anticoncepcion, prevencion de its y de cancer de cuello uterino",metodos naturales: usuarias continuas,2016-01-01,0,0,3,0,0,3
YAMPARAEZ,"anticoncepcion, prevencion de its y de cancer de cuello uterino",metodos naturales: usuarias continuas,2016-01-01,0,1,1,1,0,3
YAPACANI,"anticoncepcion, prevencion de its y de cancer de cuello uterino",metodos naturales: usuarias continuas,2016-01-01,0,1,3,0,0,4
YOTALA,"anticoncepcion, prevencion de its y de cancer de cuello uterino",metodos naturales: usuarias continuas,2016-01-01,0,3,6,0,0,9
ANCORAIMES,"anticoncepcion, prevencion de its y de cancer de cuello uterino",metodos naturales: usuarias continuas,2016-02-01,0,3,8,5,0,16
ANDAMARCA,"anticoncepcion, prevencion de its y de cancer de cuello uterino",metodos naturales: usuarias continuas,2016-02-01,0,0,1,0,0,1
ANZALDO,"anticoncepcion, prevencion de its y de cancer de cuello uterino",metodos naturales: usuarias continuas,2016-02-01,0,0,0,1,0,1
ARBIETO,"anticoncepcion, prevencion de its y de cancer de cuello uterino",metodos naturales: usuarias continuas,2016-02-01,0,11,6,0,0,17
ATOCHA,"anticoncepcion, prevencion de its y de cancer de cuello uterino",metodos naturales: usuarias continuas,2016-02-01,0,0,1,1,0,2
BELLA FLOR,"anticoncepcion, prevencion de its y de cancer de cuello uterino",metodos naturales: usuarias continuas,2016-02-01,0,0,1,0,0,1
BETANZOS,"anticoncepcion, prevencion de its y de cancer de cuello uterino",metodos naturales: usuarias continuas,2016-02-01,0,0,5,1,0,6
"CAIZA ""D""","anticoncepcion, prevencion de its y de cancer de cuello uterino",metodos naturales: usuarias continuas,2016-02-01,0,1,4,0,0,5
CAMATAQUI (C. VILLA ABECIA),"anticoncepcion, prevencion de its y de cancer de cuello uterino",metodos naturales: usuarias continuas,2016-02-01,0,0,1,0,0,1
CARACOLLO,"anticoncepcion, prevencion de its y de cancer de cuello uterino",metodos naturales: usuarias continuas,2016-02-01,0,0,1,0,0,1
CARIPUYO,"anticoncepcion, prevencion de its y de cancer de cuello uterino",metodos naturales: usuarias continuas,2016-02-01,0,0,1,0,0,1
CHALLAPATA,"anticoncepcion, prevencion de its y de cancer de cuello uterino",metodos naturales: usuarias continuas,2016-02-01,0,4,21,3,0,28
CHAQUI,"anticoncepcion, prevencion de its y de cancer de cuello uterino",metodos naturales: usuarias continuas,2016-02-01,0,8,22,6,0,36
CHAYANTA,"anticoncepcion, prevencion de its y de cancer de cuello uterino",metodos naturales: usuarias continuas,2016-02-01,0,1,1,1,0,3
CHIPAYA,"anticoncepcion, prevencion de its y de cancer de cuello uterino",metodos naturales: usuarias continuas,2016-02-01,0,0,2,2,0,4
CHOQUE COTA,"anticoncepcion, prevencion de its y de cancer de cuello uterino",metodos naturales: usuarias continuas,2016-02-01,0,1,3,0,0,4
CKOCHAS,"anticoncepcion, prevencion de its y de cancer de cuello uterino",metodos naturales: usuarias continuas,2016-02-01,0,0,0,1,0,1
COBIJA,"anticoncepcion, prevencion de its y de cancer de cuello uterino",metodos naturales: usuarias continuas,2016-02-01,0,0,3,0,0,3
COCAPATA,"anticoncepcion, prevencion de its y de cancer de cuello uterino",metodos naturales: usuarias continuas,2016-02-01,0,0,1,1,0,2
COCHABAMBA,"anticoncepcion, prevencion de its y de cancer de cuello uterino",metodos naturales: usuarias continuas,2016-02-01,0,5,84,21,0,110
COLQUECHACA,"anticoncepcion, prevencion de its y de cancer de cuello uterino",metodos naturales: usuarias continuas,2016-02-01,0,0,1,2,0,3
CONCEPCION,"anticoncepcion, prevencion de its y de cancer de cuello uterino",metodos naturales: usuarias continuas,2016-02-01,0,6,3,0,0,9
CORQUE,"anticoncepcion, prevencion de its y de cancer de cuello uterino",metodos naturales: usuarias continuas,2016-02-01,0,0,1,0,0,1
COTOCA,"anticoncepcion, prevencion de its y de cancer de cuello uterino",metodos naturales: usuarias continuas,2016-02-01,0,0,1,0,0,1
EL ALTO,"anticoncepcion, prevencion de its y de cancer de cuello uterino",metodos naturales: usuarias continuas,2016-02-01,0,2,97,52,1,152
ENTRE RIOS TRJ,"anticoncepcion, prevencion de its y de cancer de cuello uterino",metodos naturales: usuarias continuas,2016-02-01,0,2,2,2,0,6
EXALTACION,"anticoncepcion, prevencion de its y de cancer de cuello uterino",metodos naturales: usuarias continuas,2016-02-01,0,0,0,3,0,3
GUAYARAMERIN,"anticoncepcion, prevencion de its y de cancer de cuello uterino",metodos naturales: usuarias continuas,2016-02-01,1,3,5,4,0,13
HUANUNI,"anticoncepcion, prevencion de its y de cancer de cuello uterino",metodos naturales: usuarias continuas,2016-02-01,0,0,10,4,0,14
HUAYLLAMARCA,"anticoncepcion, prevencion de its y de cancer de cuello uterino",metodos naturales: usuarias continuas,2016-02-01,0,0,1,0,0,1
LA ASUNTA,"anticoncepcion, prevencion de its y de cancer de cuello uterino",metodos naturales: usuarias continuas,2016-02-01,0,4,13,3,0,20
LA PAZ,"anticoncepcion, prevencion de its y de cancer de cuello uterino",metodos naturales: usuarias continuas,2016-02-01,5,10,85,22,1,123
LAGUNILLAS,"anticoncepcion, prevencion de its y de cancer de cuello uterino",metodos naturales: usuarias continuas,2016-02-01,0,1,4,1,0,6
MAGDALENA,"anticoncepcion, prevencion de its y de cancer de cuello uterino",metodos naturales: usuarias continuas,2016-02-01,0,0,5,0,0,5
MONTERO,"anticoncepcion, prevencion de its y de cancer de cuello uterino",metodos naturales: usuarias continuas,2016-02-01,0,0,1,1,0,2
MOROCHATA,"anticoncepcion, prevencion de its y de cancer de cuello uterino",metodos naturales: usuarias continuas,2016-02-01,0,0,1,1,0,2
NUEVO MANOA (NUEVA ESPERANZA),"anticoncepcion, prevencion de its y de cancer de cuello uterino",metodos naturales: usuarias continuas,2016-02-01,0,0,1,0,0,1
OCURI,"anticoncepcion, prevencion de its y de cancer de cuello uterino",metodos naturales: usuarias continuas,2016-02-01,0,0,1,1,0,2
OMEREQUE,"anticoncepcion, prevencion de its y de cancer de cuello uterino",metodos naturales: usuarias continuas,2016-02-01,0,0,4,0,0,4
ORURO,"anticoncepcion, prevencion de its y de cancer de cuello uterino",metodos naturales: usuarias continuas,2016-02-01,0,9,54,4,3,70
POCOATA,"anticoncepcion, prevencion de its y de cancer de cuello uterino",metodos naturales: usuarias continuas,2016-02-01,0,2,7,4,0,13
POCONA,"anticoncepcion, prevencion de its y de cancer de cuello uterino",metodos naturales: usuarias continuas,2016-02-01,0,0,1,0,0,1
POJO (CBBA),"anticoncepcion, prevencion de its y de cancer de cuello uterino",metodos naturales: usuarias continuas,2016-02-01,0,1,0,1,0,2
POOPO,"anticoncepcion, prevencion de its y de cancer de cuello uterino",metodos naturales: usuarias continuas,2016-02-01,0,0,2,0,0,2
POROMA,"anticoncepcion, prevencion de its y de cancer de cuello uterino",metodos naturales: usuarias continuas,2016-02-01,0,0,1,1,0,2
PORTACHUELO,"anticoncepcion, prevencion de its y de cancer de cuello uterino",metodos naturales: usuarias continuas,2016-02-01,0,2,13,0,0,15
POTOSI,"anticoncepcion, prevencion de its y de cancer de cuello uterino",metodos naturales: usuarias continuas,2016-02-01,0,2,5,2,0,9
PUCARANI,"anticoncepcion, prevencion de its y de cancer de cuello uterino",metodos naturales: usuarias continuas,2016-02-01,0,1,0,1,0,2
PUERTO GONZALO MORENO,"anticoncepcion, prevencion de its y de cancer de cuello uterino",metodos naturales: usuarias continuas,2016-02-01,0,0,2,0,0,2
PUERTO RICO,"anticoncepcion, prevencion de its y de cancer de cuello uterino",metodos naturales: usuarias continuas,2016-02-01,0,0,6,0,0,6
PUERTO VILLARROEL,"anticoncepcion, prevencion de its y de cancer de cuello uterino",metodos naturales: usuarias continuas,2016-02-01,0,3,9,3,0,15
PUNATA,"anticoncepcion, prevencion de its y de cancer de cuello uterino",metodos naturales: usuarias continuas,2016-02-01,0,0,3,0,0,3
QUILLACOLLO,"anticoncepcion, prevencion de its y de cancer de cuello uterino",metodos naturales: usuarias continuas,2016-02-01,0,0,14,19,0,33
RIBERALTA,"anticoncepcion, prevencion de its y de cancer de cuello uterino",metodos naturales: usuarias continuas,2016-02-01,1,33,99,5,0,138
SACABA,"anticoncepcion, prevencion de its y de cancer de cuello uterino",metodos naturales: usuarias continuas,2016-02-01,0,0,9,14,0,23
SALINAS DE GARCI MENDOZA,"anticoncepcion, prevencion de its y de cancer de cuello uterino",metodos naturales: usuarias continuas,2016-02-01,0,4,29,3,0,36
SAMAIPATA,"anticoncepcion, prevencion de its y de cancer de cuello uterino",metodos naturales: usuarias continuas,2016-02-01,1,0,0,0,0,1
SAN ANDRES,"anticoncepcion, prevencion de its y de cancer de cuello uterino",metodos naturales: usuarias continuas,2016-02-01,0,1,0,0,0,1
SAN BORJA,"anticoncepcion, prevencion de its y de cancer de cuello uterino",metodos naturales: usuarias continuas,2016-02-01,0,6,23,7,0,36
SAN BUENA VENTURA,"anticoncepcion, prevencion de its y de cancer de cuello uterino",metodos naturales: usuarias continuas,2016-02-01,0,2,9,3,0,14
SAN CARLOS,"anticoncepcion, prevencion de its y de cancer de cuello uterino",metodos naturales: usuarias continuas,2016-02-01,0,0,3,0,0,3
SAN IGNACIO,"anticoncepcion, prevencion de its y de cancer de cuello uterino",metodos naturales: usuarias continuas,2016-02-01,0,2,12,4,0,18
SAN IGNACIO DE VELASCO,"anticoncepcion, prevencion de its y de cancer de cuello uterino",metodos naturales: usuarias continuas,2016-02-01,2,13,26,6,0,47
SAN JAVIER(BNI),"anticoncepcion, prevencion de its y de cancer de cuello uterino",metodos naturales: usuarias continuas,2016-02-01,0,0,2,0,0,2
SAN JUAN DE YAPACANI,"anticoncepcion, prevencion de its y de cancer de cuello uterino",metodos naturales: usuarias continuas,2016-02-01,0,1,0,0,0,1
SAN LORENZO(TJA),"anticoncepcion, prevencion de its y de cancer de cuello uterino",metodos naturales: usuarias continuas,2016-02-01,0,0,1,0,0,1
SAN MIGUEL DE VELASCO,"anticoncepcion, prevencion de its y de cancer de cuello uterino",metodos naturales: usuarias continuas,2016-02-01,0,0,10,0,0,10
SAN PEDRO DE TIQUINA,"anticoncepcion, prevencion de its y de cancer de cuello uterino",metodos naturales: usuarias continuas,2016-02-01,0,1,11,2,0,14
SAN RAFAEL,"anticoncepcion, prevencion de its y de cancer de cuello uterino",metodos naturales: usuarias continuas,2016-02-01,0,1,7,0,0,8
SANTA ANA,"anticoncepcion, prevencion de its y de cancer de cuello uterino",metodos naturales: usuarias continuas,2016-02-01,0,0,14,0,0,14
SANTA CRUZ DE LA SIERRA,"anticoncepcion, prevencion de its y de cancer de cuello uterino",metodos naturales: usuarias continuas,2016-02-01,1,0,7,2,0,10
SANTA ROSA DEL SARA,"anticoncepcion, prevencion de its y de cancer de cuello uterino",metodos naturales: usuarias continuas,2016-02-01,0,1,1,2,0,4
SANTIAGO DE HUARI,"anticoncepcion, prevencion de its y de cancer de cuello uterino",metodos naturales: usuarias continuas,2016-02-01,0,2,10,3,0,15
SANTIAGO DE HUATA,"anticoncepcion, prevencion de its y de cancer de cuello uterino",metodos naturales: usuarias continuas,2016-02-01,0,1,12,3,0,16
SOPACHUY,"anticoncepcion, prevencion de its y de cancer de cuello uterino",metodos naturales: usuarias continuas,2016-02-01,0,0,0,2,0,2
SORACACHI,"anticoncepcion, prevencion de its y de cancer de cuello uterino",metodos naturales: usuarias continuas,2016-02-01,0,0,4,0,0,4
SUCRE,"anticoncepcion, prevencion de its y de cancer de cuello uterino",metodos naturales: usuarias continuas,2016-02-01,0,5,8,5,0,18
TACACOMA,"anticoncepcion, prevencion de its y de cancer de cuello uterino",metodos naturales: usuarias continuas,2016-02-01,0,0,2,0,0,2
TACOPAYA,"anticoncepcion, prevencion de its y de cancer de cuello uterino",metodos naturales: usuarias continuas,2016-02-01,0,0,1,3,0,4
TARATA,"anticoncepcion, prevencion de its y de cancer de cuello uterino",metodos naturales: usuarias continuas,2016-02-01,0,0,1,0,0,1
TARIJA,"anticoncepcion, prevencion de its y de cancer de cuello uterino",metodos naturales: usuarias continuas,2016-02-01,0,0,4,3,0,7
TARVITA,"anticoncepcion, prevencion de its y de cancer de cuello uterino",metodos naturales: usuarias continuas,2016-02-01,0,1,1,0,0,2
TOLEDO,"anticoncepcion, prevencion de its y de cancer de cuello uterino",metodos naturales: usuarias continuas,2016-02-01,0,0,3,0,0,3
TOTORA(CBBA),"anticoncepcion, prevencion de its y de cancer de cuello uterino",metodos naturales: usuarias continuas,2016-02-01,0,0,1,0,0,1
TOTORA(ORR),"anticoncepcion, prevencion de its y de cancer de cuello uterino",metodos naturales: usuarias continuas,2016-02-01,0,1,5,0,0,6
TRINIDAD,"anticoncepcion, prevencion de its y de cancer de cuello uterino",metodos naturales: usuarias continuas,2016-02-01,0,14,18,4,0,36
TURCO,"anticoncepcion, prevencion de its y de cancer de cuello uterino",metodos naturales: usuarias continuas,2016-02-01,0,0,0,2,0,2
UNCIA,"anticoncepcion, prevencion de its y de cancer de cuello uterino",metodos naturales: usuarias continuas,2016-02-01,0,0,4,1,0,5
VILLA CHARCAS,"anticoncepcion, prevencion de its y de cancer de cuello uterino",metodos naturales: usuarias continuas,2016-02-01,0,1,11,3,0,15
VILLA RIVERO,"anticoncepcion, prevencion de its y de cancer de cuello uterino",metodos naturales: usuarias continuas,2016-02-01,0,0,1,0,0,1
VILLA SERRANO,"anticoncepcion, prevencion de its y de cancer de cuello uterino",metodos naturales: usuarias continuas,2016-02-01,0,0,3,0,0,3
VILLA VACA GUZMAN (MUYUPAMPA),"anticoncepcion, prevencion de its y de cancer de cuello uterino",metodos naturales: usuarias continuas,2016-02-01,0,0,2,0,0,2
VILLAZON,"anticoncepcion, prevencion de its y de cancer de cuello uterino",metodos naturales: usuarias continuas,2016-02-01,0,0,12,1,0,13
VINTO,"anticoncepcion, prevencion de its y de cancer de cuello uterino",metodos naturales: usuarias continuas,2016-02-01,0,0,1,2,0,3
YACUIBA,"anticoncepcion, prevencion de its y de cancer de cuello uterino",metodos naturales: usuarias continuas,2016-02-01,0,1,3,1,0,5
YOTALA,"anticoncepcion, prevencion de its y de cancer de cuello uterino",metodos naturales: usuarias continuas,2016-02-01,0,3,2,1,0,6
ACHACACHI,"anticoncepcion, prevencion de its y de cancer de cuello uterino",metodos naturales: usuarias continuas,2016-03-01,0,1,3,0,0,4
AIQUILE,"anticoncepcion, prevencion de its y de cancer de cuello uterino",metodos naturales: usuarias continuas,2016-03-01,0,1,0,0,0,1
ALTO BENI,"anticoncepcion, prevencion de its y de cancer de cuello uterino",metodos naturales: usuarias continuas,2016-03-01,0,0,1,0,1,2
ANCORAIMES,"anticoncepcion, prevencion de its y de cancer de cuello uterino",metodos naturales: usuarias continuas,2016-03-01,0,5,8,4,0,17
ANDAMARCA,"anticoncepcion, prevencion de its y de cancer de cuello uterino",metodos naturales: usuarias continuas,2016-03-01,0,0,1,0,0,1
ANZALDO,"anticoncepcion, prevencion de its y de cancer de cuello uterino",metodos naturales: usuarias continuas,2016-03-01,0,0,1,3,0,4
APOLO,"anticoncepcion, prevencion de its y de cancer de cuello uterino",metodos naturales: usuarias continuas,2016-03-01,0,1,3,2,0,6
ARBIETO,"anticoncepcion, prevencion de its y de cancer de cuello uterino",metodos naturales: usuarias continuas,2016-03-01,0,1,2,0,0,3
ATOCHA,"anticoncepcion, prevencion de its y de cancer de cuello uterino",metodos naturales: usuarias continuas,2016-03-01,0,0,2,0,0,2
AYOPAYA (V. DE INDEPENDENCIA),"anticoncepcion, prevencion de its y de cancer de cuello uterino",metodos naturales: usuarias continuas,2016-03-01,0,1,0,0,0,1
BETANZOS,"anticoncepcion, prevencion de its y de cancer de cuello uterino",metodos naturales: usuarias continuas,2016-03-01,0,0,2,0,0,2
BOLIVAR,"anticoncepcion, prevencion de its y de cancer de cuello uterino",metodos naturales: usuarias continuas,2016-03-01,0,1,0,0,0,1
BOYUIBE,"anticoncepcion, prevencion de its y de cancer de cuello uterino",metodos naturales: usuarias continuas,2016-03-01,0,0,2,1,0,3
BUENA VISTA,"anticoncepcion, prevencion de its y de cancer de cuello uterino",metodos naturales: usuarias continuas,2016-03-01,0,0,5,4,0,9
"CAIZA ""D""","anticoncepcion, prevencion de its y de cancer de cuello uterino",metodos naturales: usuarias continuas,2016-03-01,0,1,7,0,0,8
CAMATAQUI (C. VILLA ABECIA),"anticoncepcion, prevencion de its y de cancer de cuello uterino",metodos naturales: usuarias continuas,2016-03-01,0,0,2,0,0,2
CARANAVI,"anticoncepcion, prevencion de its y de cancer de cuello uterino",metodos naturales: usuarias continuas,2016-03-01,0,0,1,0,0,1
CHALLAPATA,"anticoncepcion, prevencion de its y de cancer de cuello uterino",metodos naturales: usuarias continuas,2016-03-01,0,0,14,2,0,16
CHAQUI,"anticoncepcion, prevencion de its y de cancer de cuello uterino",metodos naturales: usuarias continuas,2016-03-01,0,13,21,4,1,39
CHAYANTA,"anticoncepcion, prevencion de its y de cancer de cuello uterino",metodos naturales: usuarias continuas,2016-03-01,0,1,3,0,0,4
CHOQUE COTA,"anticoncepcion, prevencion de its y de cancer de cuello uterino",metodos naturales: usuarias continuas,2016-03-01,0,1,1,0,0,2
CKOCHAS,"anticoncepcion, prevencion de its y de cancer de cuello uterino",metodos naturales: usuarias continuas,2016-03-01,0,1,7,2,0,10
COBIJA,"anticoncepcion, prevencion de its y de cancer de cuello uterino",metodos naturales: usuarias continuas,2016-03-01,0,0,3,0,0,3
COCAPATA,"anticoncepcion, prevencion de its y de cancer de cuello uterino",metodos naturales: usuarias continuas,2016-03-01,0,0,1,2,0,3
COCHABAMBA,"anticoncepcion, prevencion de its y de cancer de cuello uterino",metodos naturales: usuarias continuas,2016-03-01,0,8,95,19,1,123
COLCAPIRHUA,"anticoncepcion, prevencion de its y de cancer de cuello uterino",metodos naturales: usuarias continuas,2016-03-01,0,0,2,0,0,2
"COLCHA ""K""","anticoncepcion, prevencion de its y de cancer de cuello uterino",metodos naturales: usuarias continuas,2016-03-01,0,0,2,0,0,2
COLQUECHACA,"anticoncepcion, prevencion de its y de cancer de cuello uterino",metodos naturales: usuarias continuas,2016-03-01,0,0,3,1,0,4
CORQUE,"anticoncepcion, prevencion de its y de cancer de cuello uterino",metodos naturales: usuarias continuas,2016-03-01,0,0,1,0,0,1
COTOCA,"anticoncepcion, prevencion de its y de cancer de cuello uterino",metodos naturales: usuarias continuas,2016-03-01,0,2,2,2,0,6
CUCHUMUELA (V. G. VILLARROEL),"anticoncepcion, prevencion de its y de cancer de cuello uterino",metodos naturales: usuarias continuas,2016-03-01,0,1,1,0,0,2
CURAHUARA DE CARANGAS,"anticoncepcion, prevencion de its y de cancer de cuello uterino",metodos naturales: usuarias continuas,2016-03-01,0,0,2,0,0,2
EL ALTO,"anticoncepcion, prevencion de its y de cancer de cuello uterino",metodos naturales: usuarias continuas,2016-03-01,0,11,101,64,0,176
ENTRE RIOS TRJ,"anticoncepcion, prevencion de its y de cancer de cuello uterino",metodos naturales: usuarias continuas,2016-03-01,0,3,1,0,0,4
ENTRE RIOS CBBA,"anticoncepcion, prevencion de its y de cancer de cuello uterino",metodos naturales: usuarias continuas,2016-03-01,0,0,1,0,0,1
FILADELFIA,"anticoncepcion, prevencion de its y de cancer de cuello uterino",metodos naturales: usuarias continuas,2016-03-01,0,4,0,0,0,4
GUAQUI,"anticoncepcion, prevencion de its y de cancer de cuello uterino",metodos naturales: usuarias continuas,2016-03-01,0,0,1,0,0,1
GUAYARAMERIN,"anticoncepcion, prevencion de its y de cancer de cuello uterino",metodos naturales: usuarias continuas,2016-03-01,0,5,8,0,1,14
HUANUNI,"anticoncepcion, prevencion de its y de cancer de cuello uterino",metodos naturales: usuarias continuas,2016-03-01,0,0,8,4,0,12
HUARACAJE,"anticoncepcion, prevencion de its y de cancer de cuello uterino",metodos naturales: usuarias continuas,2016-03-01,0,0,1,0,0,1
HUAYLLAMARCA,"anticoncepcion, prevencion de its y de cancer de cuello uterino",metodos naturales: usuarias continuas,2016-03-01,0,0,1,0,0,1
ICHOCA,"anticoncepcion, prevencion de its y de cancer de cuello uterino",metodos naturales: usuarias continuas,2016-03-01,0,0,1,1,0,2
LA ASUNTA,"anticoncepcion, prevencion de its y de cancer de cuello uterino",metodos naturales: usuarias continuas,2016-03-01,0,3,12,2,0,17
LA PAZ,"anticoncepcion, prevencion de its y de cancer de cuello uterino",metodos naturales: usuarias continuas,2016-03-01,0,12,63,10,0,85
LAGUNILLAS,"anticoncepcion, prevencion de its y de cancer de cuello uterino",metodos naturales: usuarias continuas,2016-03-01,0,2,3,0,0,5
LAJA,"anticoncepcion, prevencion de its y de cancer de cuello uterino",metodos naturales: usuarias continuas,2016-03-01,0,0,3,1,0,4
MACHACAMARCA,"anticoncepcion, prevencion de its y de cancer de cuello uterino",metodos naturales: usuarias continuas,2016-03-01,0,1,0,1,0,2
MINEROS,"anticoncepcion, prevencion de its y de cancer de cuello uterino",metodos naturales: usuarias continuas,2016-03-01,0,3,2,0,0,5
MOJOCOYA,"anticoncepcion, prevencion de its y de cancer de cuello uterino",metodos naturales: usuarias continuas,2016-03-01,0,0,0,1,0,1
MONTERO,"anticoncepcion, prevencion de its y de cancer de cuello uterino",metodos naturales: usuarias continuas,2016-03-01,0,0,2,0,0,2
MOROCHATA,"anticoncepcion, prevencion de its y de cancer de cuello uterino",metodos naturales: usuarias continuas,2016-03-01,0,2,1,3,1,7
NUEVO MANOA (NUEVA ESPERANZA),"anticoncepcion, prevencion de its y de cancer de cuello uterino",metodos naturales: usuarias continuas,2016-03-01,0,1,1,0,0,2
OCURI,"anticoncepcion, prevencion de its y de cancer de cuello uterino",metodos naturales: usuarias continuas,2016-03-01,0,1,2,0,0,3
OMEREQUE,"anticoncepcion, prevencion de its y de cancer de cuello uterino",metodos naturales: usuarias continuas,2016-03-01,0,0,5,1,0,6
ORURO,"anticoncepcion, prevencion de its y de cancer de cuello uterino",metodos naturales: usuarias continuas,2016-03-01,0,5,46,7,3,61
PAZÑA,"anticoncepcion, prevencion de its y de cancer de cuello uterino",metodos naturales: usuarias continuas,2016-03-01,0,0,0,1,0,1
POCOATA,"anticoncepcion, prevencion de its y de cancer de cuello uterino",metodos naturales: usuarias continuas,2016-03-01,0,1,12,1,0,14
POOPO,"anticoncepcion, prevencion de its y de cancer de cuello uterino",metodos naturales: usuarias continuas,2016-03-01,0,0,4,0,0,4
PORCO,"anticoncepcion, prevencion de its y de cancer de cuello uterino",metodos naturales: usuarias continuas,2016-03-01,0,2,0,0,0,2
POROMA,"anticoncepcion, prevencion de its y de cancer de cuello uterino",metodos naturales: usuarias continuas,2016-03-01,0,0,2,1,0,3
PORTACHUELO,"anticoncepcion, prevencion de its y de cancer de cuello uterino",metodos naturales: usuarias continuas,2016-03-01,0,2,13,2,0,17
POTOSI,"anticoncepcion, prevencion de its y de cancer de cuello uterino",metodos naturales: usuarias continuas,2016-03-01,0,0,8,5,0,13
PUERTO GONZALO MORENO,"anticoncepcion, prevencion de its y de cancer de cuello uterino",metodos naturales: usuarias continuas,2016-03-01,0,0,3,0,0,3
PUERTO RICO,"anticoncepcion, prevencion de its y de cancer de cuello uterino",metodos naturales: usuarias continuas,2016-03-01,0,0,1,0,0,1
PUERTO VILLARROEL,"anticoncepcion, prevencion de its y de cancer de cuello uterino",metodos naturales: usuarias continuas,2016-03-01,0,2,9,2,0,13
PUNA,"anticoncepcion, prevencion de its y de cancer de cuello uterino",metodos naturales: usuarias continuas,2016-03-01,0,0,1,1,0,2
PUNATA,"anticoncepcion, prevencion de its y de cancer de cuello uterino",metodos naturales: usuarias continuas,2016-03-01,0,1,2,0,0,3
QUILLACOLLO,"anticoncepcion, prevencion de its y de cancer de cuello uterino",metodos naturales: usuarias continuas,2016-03-01,0,0,16,3,0,19
RIBERALTA,"anticoncepcion, prevencion de its y de cancer de cuello uterino",metodos naturales: usuarias continuas,2016-03-01,0,22,58,6,0,86
RURRENABAQUE,"anticoncepcion, prevencion de its y de cancer de cuello uterino",metodos naturales: usuarias continuas,2016-03-01,0,0,1,0,0,1
SACABA,"anticoncepcion, prevencion de its y de cancer de cuello uterino",metodos naturales: usuarias continuas,2016-03-01,0,3,9,12,0,24
SALINAS DE GARCI MENDOZA,"anticoncepcion, prevencion de its y de cancer de cuello uterino",metodos naturales: usuarias continuas,2016-03-01,0,4,25,4,0,33
SAMAIPATA,"anticoncepcion, prevencion de its y de cancer de cuello uterino",metodos naturales: usuarias continuas,2016-03-01,2,1,2,1,0,6
SAN ANDRES,"anticoncepcion, prevencion de its y de cancer de cuello uterino",metodos naturales: usuarias continuas,2016-03-01,0,2,5,2,0,9
SAN ANTONIO DE ESMORUCO,"anticoncepcion, prevencion de its y de cancer de cuello uterino",metodos naturales: usuarias continuas,2016-03-01,0,0,0,2,0,2
SAN BORJA,"anticoncepcion, prevencion de its y de cancer de cuello uterino",metodos naturales: usuarias continuas,2016-03-01,0,6,22,55,4,87
SAN BUENA VENTURA,"anticoncepcion, prevencion de its y de cancer de cuello uterino",metodos naturales: usuarias continuas,2016-03-01,0,5,11,3,0,19
SAN CARLOS,"anticoncepcion, prevencion de its y de cancer de cuello uterino",metodos naturales: usuarias continuas,2016-03-01,0,0,3,0,0,3
SAN IGNACIO,"anticoncepcion, prevencion de its y de cancer de cuello uterino",metodos naturales: usuarias continuas,2016-03-01,0,4,14,2,0,20
SAN IGNACIO DE VELASCO,"anticoncepcion, prevencion de its y de cancer de cuello uterino",metodos naturales: usuarias continuas,2016-03-01,0,2,16,38,9,65
SAN JUAN DE YAPACANI,"anticoncepcion, prevencion de its y de cancer de cuello uterino",metodos naturales: usuarias continuas,2016-03-01,0,0,1,0,0,1
SAN LORENZO(PND),"anticoncepcion, prevencion de its y de cancer de cuello uterino",metodos naturales: usuarias continuas,2016-03-01,0,0,2,1,0,3
SAN LORENZO(TJA),"anticoncepcion, prevencion de its y de cancer de cuello uterino",metodos naturales: usuarias continuas,2016-03-01,0,0,1,0,0,1
SAN LUCAS,"anticoncepcion, prevencion de its y de cancer de cuello uterino",metodos naturales: usuarias continuas,2016-03-01,0,1,0,3,0,4
SAN MATIAS,"anticoncepcion, prevencion de its y de cancer de cuello uterino",metodos naturales: usuarias continuas,2016-03-01,0,0,2,0,0,2
SAN MIGUEL DE VELASCO,"anticoncepcion, prevencion de its y de cancer de cuello uterino",metodos naturales: usuarias continuas,2016-03-01,0,0,9,0,0,9
SAN PEDRO DE TIQUINA,"anticoncepcion, prevencion de its y de cancer de cuello uterino",metodos naturales: usuarias continuas,2016-03-01,0,4,7,2,0,13
SAN PEDRO(PND),"anticoncepcion, prevencion de its y de cancer de cuello uterino",metodos naturales: usuarias continuas,2016-03-01,0,0,1,0,0,1
SAN RAFAEL,"anticoncepcion, prevencion de its y de cancer de cuello uterino",metodos naturales: usuarias continuas,2016-03-01,0,1,4,0,0,5
SANTA ANA,"anticoncepcion, prevencion de its y de cancer de cuello uterino",metodos naturales: usuarias continuas,2016-03-01,0,0,8,1,0,9
SANTA CRUZ DE LA SIERRA,"anticoncepcion, prevencion de its y de cancer de cuello uterino",metodos naturales: usuarias continuas,2016-03-01,15,63,79,168,0,325
SANTA ROSA DEL SARA,"anticoncepcion, prevencion de its y de cancer de cuello uterino",metodos naturales: usuarias continuas,2016-03-01,0,0,3,1,0,4
SANTIAGO DE HUARI,"anticoncepcion, prevencion de its y de cancer de cuello uterino",metodos naturales: usuarias continuas,2016-03-01,0,3,8,2,0,13
SANTIAGO DE HUATA,"anticoncepcion, prevencion de its y de cancer de cuello uterino",metodos naturales: usuarias continuas,2016-03-01,0,2,17,4,0,23
SICA SICA (VILLA AROMA),"anticoncepcion, prevencion de its y de cancer de cuello uterino",metodos naturales: usuarias continuas,2016-03-01,0,0,1,0,0,1
SOPACHUY,"anticoncepcion, prevencion de its y de cancer de cuello uterino",metodos naturales: usuarias continuas,2016-03-01,0,2,5,4,0,11
SORACACHI,"anticoncepcion, prevencion de its y de cancer de cuello uterino",metodos naturales: usuarias continuas,2016-03-01,0,0,3,1,0,4
SUCRE,"anticoncepcion, prevencion de its y de cancer de cuello uterino",metodos naturales: usuarias continuas,2016-03-01,0,1,19,7,2,29
TARABUCO,"anticoncepcion, prevencion de its y de cancer de cuello uterino",metodos naturales: usuarias continuas,2016-03-01,0,2,0,1,0,3
TARATA,"anticoncepcion, prevencion de its y de cancer de cuello uterino",metodos naturales: usuarias continuas,2016-03-01,0,0,2,0,0,2
TARVITA,"anticoncepcion, prevencion de its y de cancer de cuello uterino",metodos naturales: usuarias continuas,2016-03-01,0,3,6,4,0,13
TOLATA,"anticoncepcion, prevencion de its y de cancer de cuello uterino",metodos naturales: usuarias continuas,2016-03-01,0,2,4,0,0,6
TOLEDO,"anticoncepcion, prevencion de its y de cancer de cuello uterino",metodos naturales: usuarias continuas,2016-03-01,0,0,2,0,0,2
TOMAVE,"anticoncepcion, prevencion de its y de cancer de cuello uterino",metodos naturales: usuarias continuas,2016-03-01,0,1,0,0,0,1
TOTORA(ORR),"anticoncepcion, prevencion de its y de cancer de cuello uterino",metodos naturales: usuarias continuas,2016-03-01,0,1,4,0,0,5
TRINIDAD,"anticoncepcion, prevencion de its y de cancer de cuello uterino",metodos naturales: usuarias continuas,2016-03-01,0,11,38,3,0,52
TUPIZA,"anticoncepcion, prevencion de its y de cancer de cuello uterino",metodos naturales: usuarias continuas,2016-03-01,0,0,2,0,0,2
UNCIA,"anticoncepcion, prevencion de its y de cancer de cuello uterino",metodos naturales: usuarias continuas,2016-03-01,0,0,3,1,0,4
VACAS,"anticoncepcion, prevencion de its y de cancer de cuello uterino",metodos naturales: usuarias continuas,2016-03-01,0,1,0,0,0,1
VILLA CHARCAS,"anticoncepcion, prevencion de its y de cancer de cuello uterino",metodos naturales: usuarias continuas,2016-03-01,0,1,9,3,0,13
VILLA VACA GUZMAN (MUYUPAMPA),"anticoncepcion, prevencion de its y de cancer de cuello uterino",metodos naturales: usuarias continuas,2016-03-01,0,0,1,0,0,1
VILLAZON,"anticoncepcion, prevencion de its y de cancer de cuello uterino",metodos naturales: usuarias continuas,2016-03-01,0,0,1,1,0,2
VINTO,"anticoncepcion, prevencion de its y de cancer de cuello uterino",metodos naturales: usuarias continuas,2016-03-01,0,1,7,3,0,11
WARNES,"anticoncepcion, prevencion de its y de cancer de cuello uterino",metodos naturales: usuarias continuas,2016-03-01,0,0,1,0,0,1
YAPACANI,"anticoncepcion, prevencion de its y de cancer de cuello uterino",metodos naturales: usuarias continuas,2016-03-01,0,1,3,0,0,4
YOCALLA,"anticoncepcion, prevencion de its y de cancer de cuello uterino",metodos naturales: usuarias continuas,2016-03-01,0,0,1,0,0,1
ZUDAÑEZ,"anticoncepcion, prevencion de its y de cancer de cuello uterino",metodos naturales: usuarias continuas,2016-03-01,0,0,1,0,0,1
ACHACACHI,"anticoncepcion, prevencion de its y de cancer de cuello uterino",metodos naturales: usuarias continuas,2016-04-01,0,0,12,3,0,15
ALALAY,"anticoncepcion, prevencion de its y de cancer de cuello uterino",metodos naturales: usuarias continuas,2016-04-01,0,1,1,1,0,3
ANCORAIMES,"anticoncepcion, prevencion de its y de cancer de cuello uterino",metodos naturales: usuarias continuas,2016-04-01,0,4,8,4,0,16
APOLO,"anticoncepcion, prevencion de its y de cancer de cuello uterino",metodos naturales: usuarias continuas,2016-04-01,0,1,3,3,0,7
ARQUE,"anticoncepcion, prevencion de its y de cancer de cuello uterino",metodos naturales: usuarias continuas,2016-04-01,0,0,2,0,0,2
ATOCHA,"anticoncepcion, prevencion de its y de cancer de cuello uterino",metodos naturales: usuarias continuas,2016-04-01,0,0,4,0,0,4
AZURDUY,"anticoncepcion, prevencion de its y de cancer de cuello uterino",metodos naturales: usuarias continuas,2016-04-01,0,0,0,1,0,1
BELLA FLOR,"anticoncepcion, prevencion de its y de cancer de cuello uterino",metodos naturales: usuarias continuas,2016-04-01,0,0,1,0,0,1
BETANZOS,"anticoncepcion, prevencion de its y de cancer de cuello uterino",metodos naturales: usuarias continuas,2016-04-01,0,1,5,4,0,10
CABEZAS,"anticoncepcion, prevencion de its y de cancer de cuello uterino",metodos naturales: usuarias continuas,2016-04-01,0,0,1,0,0,1
"CAIZA ""D""","anticoncepcion, prevencion de its y de cancer de cuello uterino",metodos naturales: usuarias continuas,2016-04-01,0,2,3,0,0,5
CAMATAQUI (C. VILLA ABECIA),"anticoncepcion, prevencion de its y de cancer de cuello uterino",metodos naturales: usuarias continuas,2016-04-01,0,0,2,0,0,2
CAMIRI,"anticoncepcion, prevencion de its y de cancer de cuello uterino",metodos naturales: usuarias continuas,2016-04-01,0,0,3,0,0,3
CARACOLLO,"anticoncepcion, prevencion de its y de cancer de cuello uterino",metodos naturales: usuarias continuas,2016-04-01,0,1,3,0,0,4
CHALLAPATA,"anticoncepcion, prevencion de its y de cancer de cuello uterino",metodos naturales: usuarias continuas,2016-04-01,0,6,18,2,0,26
CHAQUI,"anticoncepcion, prevencion de its y de cancer de cuello uterino",metodos naturales: usuarias continuas,2016-04-01,0,14,21,1,0,36
CHAYANTA,"anticoncepcion, prevencion de its y de cancer de cuello uterino",metodos naturales: usuarias continuas,2016-04-01,0,0,2,1,0,3
CHIMORE,"anticoncepcion, prevencion de its y de cancer de cuello uterino",metodos naturales: usuarias continuas,2016-04-01,0,0,0,1,0,1
CHIPAYA,"anticoncepcion, prevencion de its y de cancer de cuello uterino",metodos naturales: usuarias continuas,2016-04-01,0,0,1,0,0,1
CHOQUE COTA,"anticoncepcion, prevencion de its y de cancer de cuello uterino",metodos naturales: usuarias continuas,2016-04-01,0,1,3,0,0,4
CKOCHAS,"anticoncepcion, prevencion de its y de cancer de cuello uterino",metodos naturales: usuarias continuas,2016-04-01,0,0,4,6,0,10
COBIJA,"anticoncepcion, prevencion de its y de cancer de cuello uterino",metodos naturales: usuarias continuas,2016-04-01,0,0,13,9,0,22
COCHABAMBA,"anticoncepcion, prevencion de its y de cancer de cuello uterino",metodos naturales: usuarias continuas,2016-04-01,0,5,93,27,2,127
COLCAPIRHUA,"anticoncepcion, prevencion de its y de cancer de cuello uterino",metodos naturales: usuarias continuas,2016-04-01,0,0,5,3,0,8
COLQUECHACA,"anticoncepcion, prevencion de its y de cancer de cuello uterino",metodos naturales: usuarias continuas,2016-04-01,0,0,2,1,0,3
COTOCA,"anticoncepcion, prevencion de its y de cancer de cuello uterino",metodos naturales: usuarias continuas,2016-04-01,0,1,6,1,0,8
CULPINA,"anticoncepcion, prevencion de its y de cancer de cuello uterino",metodos naturales: usuarias continuas,2016-04-01,0,1,0,0,0,1
CURAHUARA DE CARANGAS,"anticoncepcion, prevencion de its y de cancer de cuello uterino",metodos naturales: usuarias continuas,2016-04-01,0,0,2,0,0,2
EL ALTO,"anticoncepcion, prevencion de its y de cancer de cuello uterino",metodos naturales: usuarias continuas,2016-04-01,0,4,149,113,1,267
ENTRE RIOS TRJ,"anticoncepcion, prevencion de its y de cancer de cuello uterino",metodos naturales: usuarias continuas,2016-04-01,0,0,4,0,0,4
FERNANDEZ ALONSO,"anticoncepcion, prevencion de its y de cancer de cuello uterino",metodos naturales: usuarias continuas,2016-04-01,0,0,1,0,0,1
FILADELFIA,"anticoncepcion, prevencion de its y de cancer de cuello uterino",metodos naturales: usuarias continuas,2016-04-01,0,0,1,0,0,1
GUAYARAMERIN,"anticoncepcion, prevencion de its y de cancer de cuello uterino",metodos naturales: usuarias continuas,2016-04-01,0,3,7,1,0,11
HUACARETA,"anticoncepcion, prevencion de its y de cancer de cuello uterino",metodos naturales: usuarias continuas,2016-04-01,0,0,3,0,0,3
HUANUNI,"anticoncepcion, prevencion de its y de cancer de cuello uterino",metodos naturales: usuarias continuas,2016-04-01,0,0,8,2,0,10
HUAYLLAMARCA,"anticoncepcion, prevencion de its y de cancer de cuello uterino",metodos naturales: usuarias continuas,2016-04-01,0,0,1,0,0,1
LA ASUNTA,"anticoncepcion, prevencion de its y de cancer de cuello uterino",metodos naturales: usuarias continuas,2016-04-01,0,3,32,5,0,40
LA PAZ,"anticoncepcion, prevencion de its y de cancer de cuello uterino",metodos naturales: usuarias continuas,2016-04-01,1,2,92,61,15,171
LA RIVERA,"anticoncepcion, prevencion de its y de cancer de cuello uterino",metodos naturales: usuarias continuas,2016-04-01,0,1,0,0,0,1
LAGUNILLAS,"anticoncepcion, prevencion de its y de cancer de cuello uterino",metodos naturales: usuarias continuas,2016-04-01,0,2,2,0,0,4
LAJA,"anticoncepcion, prevencion de its y de cancer de cuello uterino",metodos naturales: usuarias continuas,2016-04-01,0,1,0,0,0,1
MINEROS,"anticoncepcion, prevencion de its y de cancer de cuello uterino",metodos naturales: usuarias continuas,2016-04-01,0,4,3,1,0,8
MONTERO,"anticoncepcion, prevencion de its y de cancer de cuello uterino",metodos naturales: usuarias continuas,2016-04-01,0,1,4,0,0,5
MOROCHATA,"anticoncepcion, prevencion de its y de cancer de cuello uterino",metodos naturales: usuarias continuas,2016-04-01,0,0,2,0,0,2
NUEVO MANOA (NUEVA ESPERANZA),"anticoncepcion, prevencion de its y de cancer de cuello uterino",metodos naturales: usuarias continuas,2016-04-01,0,0,1,0,0,1
OMEREQUE,"anticoncepcion, prevencion de its y de cancer de cuello uterino",metodos naturales: usuarias continuas,2016-04-01,0,0,4,2,0,6
ORURO,"anticoncepcion, prevencion de its y de cancer de cuello uterino",metodos naturales: usuarias continuas,2016-04-01,0,8,46,7,0,61
PAPEL PAMPA,"anticoncepcion, prevencion de its y de cancer de cuello uterino",metodos naturales: usuarias continuas,2016-04-01,0,0,1,0,0,1
PAZÑA,"anticoncepcion, prevencion de its y de cancer de cuello uterino",metodos naturales: usuarias continuas,2016-04-01,0,0,2,0,0,2
POCOATA,"anticoncepcion, prevencion de its y de cancer de cuello uterino",metodos naturales: usuarias continuas,2016-04-01,0,0,4,0,0,4
POJO (CBBA),"anticoncepcion, prevencion de its y de cancer de cuello uterino",metodos naturales: usuarias continuas,2016-04-01,0,0,1,0,0,1
POOPO,"anticoncepcion, prevencion de its y de cancer de cuello uterino",metodos naturales: usuarias continuas,2016-04-01,0,0,2,0,0,2
POROMA,"anticoncepcion, prevencion de its y de cancer de cuello uterino",metodos naturales: usuarias continuas,2016-04-01,0,2,2,0,0,4
PORTACHUELO,"anticoncepcion, prevencion de its y de cancer de cuello uterino",metodos naturales: usuarias continuas,2016-04-01,0,0,5,0,0,5
POTOSI,"anticoncepcion, prevencion de its y de cancer de cuello uterino",metodos naturales: usuarias continuas,2016-04-01,0,0,17,16,0,33
PRESTO,"anticoncepcion, prevencion de its y de cancer de cuello uterino",metodos naturales: usuarias continuas,2016-04-01,0,0,1,2,0,3
PUERTO CARABUCO,"anticoncepcion, prevencion de its y de cancer de cuello uterino",metodos naturales: usuarias continuas,2016-04-01,0,1,0,0,0,1
PUERTO GONZALO MORENO,"anticoncepcion, prevencion de its y de cancer de cuello uterino",metodos naturales: usuarias continuas,2016-04-01,0,0,4,0,0,4
PUERTO RICO,"anticoncepcion, prevencion de its y de cancer de cuello uterino",metodos naturales: usuarias continuas,2016-04-01,0,0,8,0,0,8
PUERTO VILLARROEL,"anticoncepcion, prevencion de its y de cancer de cuello uterino",metodos naturales: usuarias continuas,2016-04-01,0,2,3,0,0,5
PUNATA,"anticoncepcion, prevencion de its y de cancer de cuello uterino",metodos naturales: usuarias continuas,2016-04-01,0,0,5,1,0,6
QUILLACOLLO,"anticoncepcion, prevencion de its y de cancer de cuello uterino",metodos naturales: usuarias continuas,2016-04-01,0,1,8,1,0,10
RIBERALTA,"anticoncepcion, prevencion de its y de cancer de cuello uterino",metodos naturales: usuarias continuas,2016-04-01,1,23,73,14,0,111
SACABA,"anticoncepcion, prevencion de its y de cancer de cuello uterino",metodos naturales: usuarias continuas,2016-04-01,0,0,11,14,0,25
SACACA,"anticoncepcion, prevencion de its y de cancer de cuello uterino",metodos naturales: usuarias continuas,2016-04-01,0,1,2,0,0,3
SALINAS DE GARCI MENDOZA,"anticoncepcion, prevencion de its y de cancer de cuello uterino",metodos naturales: usuarias continuas,2016-04-01,0,6,26,6,0,38
SAMAIPATA,"anticoncepcion, prevencion de its y de cancer de cuello uterino",metodos naturales: usuarias continuas,2016-04-01,1,0,2,0,0,3
SAN ANDRES,"anticoncepcion, prevencion de its y de cancer de cuello uterino",metodos naturales: usuarias continuas,2016-04-01,0,0,2,0,0,2
SAN ANTONIO DE LOMERIO,"anticoncepcion, prevencion de its y de cancer de cuello uterino",metodos naturales: usuarias continuas,2016-04-01,0,5,5,0,0,10
SAN BORJA,"anticoncepcion, prevencion de its y de cancer de cuello uterino",metodos naturales: usuarias continuas,2016-04-01,2,11,28,7,1,49
SAN BUENA VENTURA,"anticoncepcion, prevencion de its y de cancer de cuello uterino",metodos naturales: usuarias continuas,2016-04-01,0,9,14,2,0,25
SAN CARLOS,"anticoncepcion, prevencion de its y de cancer de cuello uterino",metodos naturales: usuarias continuas,2016-04-01,0,0,23,3,0,26
SAN IGNACIO,"anticoncepcion, prevencion de its y de cancer de cuello uterino",metodos naturales: usuarias continuas,2016-04-01,0,4,16,3,0,23
SAN IGNACIO DE VELASCO,"anticoncepcion, prevencion de its y de cancer de cuello uterino",metodos naturales: usuarias continuas,2016-04-01,1,28,81,7,0,117
SAN JOSE DE CHIQUITOS,"anticoncepcion, prevencion de its y de cancer de cuello uterino",metodos naturales: usuarias continuas,2016-04-01,0,0,0,2,0,2
SAN LORENZO(PND),"anticoncepcion, prevencion de its y de cancer de cuello uterino",metodos naturales: usuarias continuas,2016-04-01,0,2,2,1,0,5
SAN LUCAS,"anticoncepcion, prevencion de its y de cancer de cuello uterino",metodos naturales: usuarias continuas,2016-04-01,0,1,0,1,0,2
SAN MIGUEL DE VELASCO,"anticoncepcion, prevencion de its y de cancer de cuello uterino",metodos naturales: usuarias continuas,2016-04-01,0,1,4,1,0,6
SAN PEDRO DE TIQUINA,"anticoncepcion, prevencion de its y de cancer de cuello uterino",metodos naturales: usuarias continuas,2016-04-01,0,3,6,1,0,10
SAN RAFAEL,"anticoncepcion, prevencion de its y de cancer de cuello uterino",metodos naturales: usuarias continuas,2016-04-01,0,1,6,0,0,7
SANTA ANA,"anticoncepcion, prevencion de its y de cancer de cuello uterino",metodos naturales: usuarias continuas,2016-04-01,0,1,2,1,0,4
SANTA CRUZ DE LA SIERRA,"anticoncepcion, prevencion de its y de cancer de cuello uterino",metodos naturales: usuarias continuas,2016-04-01,0,23,24,32,4,83
SANTA ROSA DEL SARA,"anticoncepcion, prevencion de its y de cancer de cuello uterino",metodos naturales: usuarias continuas,2016-04-01,0,2,2,0,1,5
SANTIAGO DE HUARI,"anticoncepcion, prevencion de its y de cancer de cuello uterino",metodos naturales: usuarias continuas,2016-04-01,0,0,3,2,0,5
SANTIAGO DE HUATA,"anticoncepcion, prevencion de its y de cancer de cuello uterino",metodos naturales: usuarias continuas,2016-04-01,0,2,12,2,0,16
SOPACHUY,"anticoncepcion, prevencion de its y de cancer de cuello uterino",metodos naturales: usuarias continuas,2016-04-01,0,0,3,1,0,4
SORACACHI,"anticoncepcion, prevencion de its y de cancer de cuello uterino",metodos naturales: usuarias continuas,2016-04-01,0,1,9,3,0,13
SUCRE,"anticoncepcion, prevencion de its y de cancer de cuello uterino",metodos naturales: usuarias continuas,2016-04-01,0,5,45,13,0,63
TAPACARI,"anticoncepcion, prevencion de its y de cancer de cuello uterino",metodos naturales: usuarias continuas,2016-04-01,0,0,1,1,0,2
TARATA,"anticoncepcion, prevencion de its y de cancer de cuello uterino",metodos naturales: usuarias continuas,2016-04-01,0,0,1,0,0,1
TARIJA,"anticoncepcion, prevencion de its y de cancer de cuello uterino",metodos naturales: usuarias continuas,2016-04-01,0,0,4,2,0,6
TINGUIPAYA,"anticoncepcion, prevencion de its y de cancer de cuello uterino",metodos naturales: usuarias continuas,2016-04-01,0,0,2,0,0,2
TIPUANI,"anticoncepcion, prevencion de its y de cancer de cuello uterino",metodos naturales: usuarias continuas,2016-04-01,0,0,2,0,0,2
TOLATA,"anticoncepcion, prevencion de its y de cancer de cuello uterino",metodos naturales: usuarias continuas,2016-04-01,0,1,6,0,0,7
TOMAVE,"anticoncepcion, prevencion de its y de cancer de cuello uterino",metodos naturales: usuarias continuas,2016-04-01,0,0,2,0,0,2
TOTORA(ORR),"anticoncepcion, prevencion de its y de cancer de cuello uterino",metodos naturales: usuarias continuas,2016-04-01,0,0,2,0,0,2
TRINIDAD,"anticoncepcion, prevencion de its y de cancer de cuello uterino",metodos naturales: usuarias continuas,2016-04-01,0,5,47,7,0,59
TUPIZA,"anticoncepcion, prevencion de its y de cancer de cuello uterino",metodos naturales: usuarias continuas,2016-04-01,0,1,2,0,0,3
TURCO,"anticoncepcion, prevencion de its y de cancer de cuello uterino",metodos naturales: usuarias continuas,2016-04-01,0,0,0,1,0,1
UNCIA,"anticoncepcion, prevencion de its y de cancer de cuello uterino",metodos naturales: usuarias continuas,2016-04-01,0,0,1,1,0,2
VIACHA,"anticoncepcion, prevencion de its y de cancer de cuello uterino",metodos naturales: usuarias continuas,2016-04-01,0,0,1,0,0,1
VILLA CHARCAS,"anticoncepcion, prevencion de its y de cancer de cuello uterino",metodos naturales: usuarias continuas,2016-04-01,0,0,7,1,0,8
VILLA NUEVA (LOMA ALTA),"anticoncepcion, prevencion de its y de cancer de cuello uterino",metodos naturales: usuarias continuas,2016-04-01,0,0,0,1,0,1
VILLA TUNARI,"anticoncepcion, prevencion de its y de cancer de cuello uterino",metodos naturales: usuarias continuas,2016-04-01,1,2,4,3,0,10
VILLA VACA GUZMAN (MUYUPAMPA),"anticoncepcion, prevencion de its y de cancer de cuello uterino",metodos naturales: usuarias continuas,2016-04-01,0,0,1,0,0,1
VILLAZON,"anticoncepcion, prevencion de its y de cancer de cuello uterino",metodos naturales: usuarias continuas,2016-04-01,0,3,21,5,0,29
VINTO,"anticoncepcion, prevencion de its y de cancer de cuello uterino",metodos naturales: usuarias continuas,2016-04-01,0,0,7,0,2,9
WARNES,"anticoncepcion, prevencion de its y de cancer de cuello uterino",metodos naturales: usuarias continuas,2016-04-01,0,0,2,0,0,2
YAPACANI,"anticoncepcion, prevencion de its y de cancer de cuello uterino",metodos naturales: usuarias continuas,2016-04-01,0,0,1,1,0,2
YOTALA,"anticoncepcion, prevencion de its y de cancer de cuello uterino",metodos naturales: usuarias continuas,2016-04-01,0,0,2,0,0,2
ACHACACHI,"anticoncepcion, prevencion de its y de cancer de cuello uterino",metodos naturales: usuarias continuas,2016-05-01,0,1,7,0,0,8
ANCORAIMES,"anticoncepcion, prevencion de its y de cancer de cuello uterino",metodos naturales: usuarias continuas,2016-05-01,0,5,13,0,0,18
ANZALDO,"anticoncepcion, prevencion de its y de cancer de cuello uterino",metodos naturales: usuarias continuas,2016-05-01,0,0,1,1,0,2
APOLO,"anticoncepcion, prevencion de its y de cancer de cuello uterino",metodos naturales: usuarias continuas,2016-05-01,0,1,3,2,0,6
ARBIETO,"anticoncepcion, prevencion de its y de cancer de cuello uterino",metodos naturales: usuarias continuas,2016-05-01,0,1,1,0,0,2
ARQUE,"anticoncepcion, prevencion de its y de cancer de cuello uterino",metodos naturales: usuarias continuas,2016-05-01,0,0,1,0,0,1
ATOCHA,"anticoncepcion, prevencion de its y de cancer de cuello uterino",metodos naturales: usuarias continuas,2016-05-01,0,0,3,0,0,3
BETANZOS,"anticoncepcion, prevencion de its y de cancer de cuello uterino",metodos naturales: usuarias continuas,2016-05-01,0,0,8,1,0,9
"CAIZA ""D""","anticoncepcion, prevencion de its y de cancer de cuello uterino",metodos naturales: usuarias continuas,2016-05-01,0,0,2,1,0,3
CARACOLLO,"anticoncepcion, prevencion de its y de cancer de cuello uterino",metodos naturales: usuarias continuas,2016-05-01,0,1,1,0,0,2
CARIPUYO,"anticoncepcion, prevencion de its y de cancer de cuello uterino",metodos naturales: usuarias continuas,2016-05-01,0,1,6,2,0,9
CHALLAPATA,"anticoncepcion, prevencion de its y de cancer de cuello uterino",metodos naturales: usuarias continuas,2016-05-01,0,5,12,4,0,21
CHAQUI,"anticoncepcion, prevencion de its y de cancer de cuello uterino",metodos naturales: usuarias continuas,2016-05-01,0,10,23,4,0,37
CHAYANTA,"anticoncepcion, prevencion de its y de cancer de cuello uterino",metodos naturales: usuarias continuas,2016-05-01,0,0,2,0,0,2
CHIPAYA,"anticoncepcion, prevencion de its y de cancer de cuello uterino",metodos naturales: usuarias continuas,2016-05-01,0,0,3,2,0,5
CHOQUE COTA,"anticoncepcion, prevencion de its y de cancer de cuello uterino",metodos naturales: usuarias continuas,2016-05-01,0,1,3,0,0,4
CKOCHAS,"anticoncepcion, prevencion de its y de cancer de cuello uterino",metodos naturales: usuarias continuas,2016-05-01,0,0,3,2,0,5
CLIZA,"anticoncepcion, prevencion de its y de cancer de cuello uterino",metodos naturales: usuarias continuas,2016-05-01,0,0,0,1,0,1
COBIJA,"anticoncepcion, prevencion de its y de cancer de cuello uterino",metodos naturales: usuarias continuas,2016-05-01,0,2,13,6,0,21
COCAPATA,"anticoncepcion, prevencion de its y de cancer de cuello uterino",metodos naturales: usuarias continuas,2016-05-01,0,0,1,0,0,1
COCHABAMBA,"anticoncepcion, prevencion de its y de cancer de cuello uterino",metodos naturales: usuarias continuas,2016-05-01,1,11,120,40,5,177
COLCAPIRHUA,"anticoncepcion, prevencion de its y de cancer de cuello uterino",metodos naturales: usuarias continuas,2016-05-01,0,1,1,0,0,2
COLQUECHACA,"anticoncepcion, prevencion de its y de cancer de cuello uterino",metodos naturales: usuarias continuas,2016-05-01,0,1,1,1,0,3
COTOCA,"anticoncepcion, prevencion de its y de cancer de cuello uterino",metodos naturales: usuarias continuas,2016-05-01,0,0,1,1,0,2
CUATRO CAÑADAS,"anticoncepcion, prevencion de its y de cancer de cuello uterino",metodos naturales: usuarias continuas,2016-05-01,0,0,2,0,0,2
CURAHUARA DE CARANGAS,"anticoncepcion, prevencion de its y de cancer de cuello uterino",metodos naturales: usuarias continuas,2016-05-01,0,0,3,0,0,3
EL ALTO,"anticoncepcion, prevencion de its y de cancer de cuello uterino",metodos naturales: usuarias continuas,2016-05-01,0,15,145,81,1,242
ENTRE RIOS TRJ,"anticoncepcion, prevencion de its y de cancer de cuello uterino",metodos naturales: usuarias continuas,2016-05-01,0,0,3,0,0,3
ESCARA,"anticoncepcion, prevencion de its y de cancer de cuello uterino",metodos naturales: usuarias continuas,2016-05-01,0,1,0,0,0,1
GUAYARAMERIN,"anticoncepcion, prevencion de its y de cancer de cuello uterino",metodos naturales: usuarias continuas,2016-05-01,0,2,14,8,0,24
HUANUNI,"anticoncepcion, prevencion de its y de cancer de cuello uterino",metodos naturales: usuarias continuas,2016-05-01,0,0,6,2,0,8
JESUS DE MACHACA,"anticoncepcion, prevencion de its y de cancer de cuello uterino",metodos naturales: usuarias continuas,2016-05-01,0,0,1,0,0,1
LA ASUNTA,"anticoncepcion, prevencion de its y de cancer de cuello uterino",metodos naturales: usuarias continuas,2016-05-01,0,4,25,3,0,32
LA GUARDIA,"anticoncepcion, prevencion de its y de cancer de cuello uterino",metodos naturales: usuarias continuas,2016-05-01,0,0,1,0,0,1
LA PAZ,"anticoncepcion, prevencion de its y de cancer de cuello uterino",metodos naturales: usuarias continuas,2016-05-01,2,8,107,39,15,171
LA RIVERA,"anticoncepcion, prevencion de its y de cancer de cuello uterino",metodos naturales: usuarias continuas,2016-05-01,0,1,0,0,0,1
LAGUNILLAS,"anticoncepcion, prevencion de its y de cancer de cuello uterino",metodos naturales: usuarias continuas,2016-05-01,0,2,4,0,0,6
LAJA,"anticoncepcion, prevencion de its y de cancer de cuello uterino",metodos naturales: usuarias continuas,2016-05-01,0,0,2,1,0,3
MINEROS,"anticoncepcion, prevencion de its y de cancer de cuello uterino",metodos naturales: usuarias continuas,2016-05-01,0,2,1,0,0,3
MONTEAGUDO,"anticoncepcion, prevencion de its y de cancer de cuello uterino",metodos naturales: usuarias continuas,2016-05-01,0,0,2,0,0,2
MONTERO,"anticoncepcion, prevencion de its y de cancer de cuello uterino",metodos naturales: usuarias continuas,2016-05-01,0,1,2,0,0,3
MOROCHATA,"anticoncepcion, prevencion de its y de cancer de cuello uterino",metodos naturales: usuarias continuas,2016-05-01,0,2,0,0,0,2
OMEREQUE,"anticoncepcion, prevencion de its y de cancer de cuello uterino",metodos naturales: usuarias continuas,2016-05-01,0,1,4,3,0,8
ORURO,"anticoncepcion, prevencion de its y de cancer de cuello uterino",metodos naturales: usuarias continuas,2016-05-01,1,13,68,9,0,91
PAPEL PAMPA,"anticoncepcion, prevencion de its y de cancer de cuello uterino",metodos naturales: usuarias continuas,2016-05-01,0,0,0,1,0,1
POCOATA,"anticoncepcion, prevencion de its y de cancer de cuello uterino",metodos naturales: usuarias continuas,2016-05-01,0,1,5,2,0,8
POOPO,"anticoncepcion, prevencion de its y de cancer de cuello uterino",metodos naturales: usuarias continuas,2016-05-01,0,0,2,0,0,2
POROMA,"anticoncepcion, prevencion de its y de cancer de cuello uterino",metodos naturales: usuarias continuas,2016-05-01,0,0,0,4,0,4
PORTACHUELO,"anticoncepcion, prevencion de its y de cancer de cuello uterino",metodos naturales: usuarias continuas,2016-05-01,0,0,0,1,0,1
PORVENIR,"anticoncepcion, prevencion de its y de cancer de cuello uterino",metodos naturales: usuarias continuas,2016-05-01,0,1,0,0,0,1
POTOSI,"anticoncepcion, prevencion de its y de cancer de cuello uterino",metodos naturales: usuarias continuas,2016-05-01,0,0,15,14,0,29
PUCARANI,"anticoncepcion, prevencion de its y de cancer de cuello uterino",metodos naturales: usuarias continuas,2016-05-01,0,0,0,1,0,1
PUERTO GONZALO MORENO,"anticoncepcion, prevencion de its y de cancer de cuello uterino",metodos naturales: usuarias continuas,2016-05-01,0,0,0,1,0,1
PUERTO RICO,"anticoncepcion, prevencion de its y de cancer de cuello uterino",metodos naturales: usuarias continuas,2016-05-01,0,0,4,0,0,4
PUERTO VILLARROEL,"anticoncepcion, prevencion de its y de cancer de cuello uterino",metodos naturales: usuarias continuas,2016-05-01,0,0,8,2,0,10
PUNA,"anticoncepcion, prevencion de its y de cancer de cuello uterino",metodos naturales: usuarias continuas,2016-05-01,0,2,5,1,0,8
PUNATA,"anticoncepcion, prevencion de its y de cancer de cuello uterino",metodos naturales: usuarias continuas,2016-05-01,0,1,4,3,0,8
QUILLACOLLO,"anticoncepcion, prevencion de its y de cancer de cuello uterino",metodos naturales: usuarias continuas,2016-05-01,0,3,15,4,0,22
RIBERALTA,"anticoncepcion, prevencion de its y de cancer de cuello uterino",metodos naturales: usuarias continuas,2016-05-01,0,26,94,15,0,135
SACABA,"anticoncepcion, prevencion de its y de cancer de cuello uterino",metodos naturales: usuarias continuas,2016-05-01,0,0,17,18,0,35
SALINAS DE GARCI MENDOZA,"anticoncepcion, prevencion de its y de cancer de cuello uterino",metodos naturales: usuarias continuas,2016-05-01,0,7,32,4,0,43
SAMAIPATA,"anticoncepcion, prevencion de its y de cancer de cuello uterino",metodos naturales: usuarias continuas,2016-05-01,1,1,2,0,0,4
SAN ANDRES,"anticoncepcion, prevencion de its y de cancer de cuello uterino",metodos naturales: usuarias continuas,2016-05-01,0,3,4,2,0,9
SAN BENITO,"anticoncepcion, prevencion de its y de cancer de cuello uterino",metodos naturales: usuarias continuas,2016-05-01,0,0,0,1,0,1
SAN BORJA,"anticoncepcion, prevencion de its y de cancer de cuello uterino",metodos naturales: usuarias continuas,2016-05-01,1,12,29,11,0,53
SAN BUENA VENTURA,"anticoncepcion, prevencion de its y de cancer de cuello uterino",metodos naturales: usuarias continuas,2016-05-01,0,4,15,2,0,21
SAN CARLOS,"anticoncepcion, prevencion de its y de cancer de cuello uterino",metodos naturales: usuarias continuas,2016-05-01,0,2,7,1,0,10
SAN IGNACIO,"anticoncepcion, prevencion de its y de cancer de cuello uterino",metodos naturales: usuarias continuas,2016-05-01,0,5,24,4,0,33
SAN IGNACIO DE VELASCO,"anticoncepcion, prevencion de its y de cancer de cuello uterino",metodos naturales: usuarias continuas,2016-05-01,0,2,1,1,0,4
SAN LORENZO(PND),"anticoncepcion, prevencion de its y de cancer de cuello uterino",metodos naturales: usuarias continuas,2016-05-01,0,0,3,1,0,4
SAN LUCAS,"anticoncepcion, prevencion de its y de cancer de cuello uterino",metodos naturales: usuarias continuas,2016-05-01,0,0,1,0,0,1
SAN MATIAS,"anticoncepcion, prevencion de its y de cancer de cuello uterino",metodos naturales: usuarias continuas,2016-05-01,1,5,12,2,0,20
SAN MIGUEL DE VELASCO,"anticoncepcion, prevencion de its y de cancer de cuello uterino",metodos naturales: usuarias continuas,2016-05-01,0,2,4,2,0,8
SAN PEDRO DE TIQUINA,"anticoncepcion, prevencion de its y de cancer de cuello uterino",metodos naturales: usuarias continuas,2016-05-01,0,2,3,2,0,7
SAN PEDRO(PND),"anticoncepcion, prevencion de its y de cancer de cuello uterino",metodos naturales: usuarias continuas,2016-05-01,0,0,1,0,0,1
SAN RAFAEL,"anticoncepcion, prevencion de its y de cancer de cuello uterino",metodos naturales: usuarias continuas,2016-05-01,1,1,2,1,0,5
SANTA ANA,"anticoncepcion, prevencion de its y de cancer de cuello uterino",metodos naturales: usuarias continuas,2016-05-01,0,0,0,1,0,1
SANTA CRUZ DE LA SIERRA,"anticoncepcion, prevencion de its y de cancer de cuello uterino",metodos naturales: usuarias continuas,2016-05-01,13,32,42,39,2,128
SANTIAGO DE HUARI,"anticoncepcion, prevencion de its y de cancer de cuello uterino",metodos naturales: usuarias continuas,2016-05-01,0,3,7,1,0,11
SANTIAGO DE HUATA,"anticoncepcion, prevencion de its y de cancer de cuello uterino",metodos naturales: usuarias continuas,2016-05-01,0,1,10,1,0,12
SOPACHUY,"anticoncepcion, prevencion de its y de cancer de cuello uterino",metodos naturales: usuarias continuas,2016-05-01,0,3,2,0,0,5
SORACACHI,"anticoncepcion, prevencion de its y de cancer de cuello uterino",metodos naturales: usuarias continuas,2016-05-01,0,0,3,2,0,5
SUCRE,"anticoncepcion, prevencion de its y de cancer de cuello uterino",metodos naturales: usuarias continuas,2016-05-01,0,4,41,12,3,60
TACOPAYA,"anticoncepcion, prevencion de its y de cancer de cuello uterino",metodos naturales: usuarias continuas,2016-05-01,0,1,0,0,0,1
TARIJA,"anticoncepcion, prevencion de its y de cancer de cuello uterino",metodos naturales: usuarias continuas,2016-05-01,0,0,4,2,0,6
TARVITA,"anticoncepcion, prevencion de its y de cancer de cuello uterino",metodos naturales: usuarias continuas,2016-05-01,0,0,3,2,0,5
TINGUIPAYA,"anticoncepcion, prevencion de its y de cancer de cuello uterino",metodos naturales: usuarias continuas,2016-05-01,0,0,5,0,0,5
TIQUIPAYA,"anticoncepcion, prevencion de its y de cancer de cuello uterino",metodos naturales: usuarias continuas,2016-05-01,0,0,1,0,0,1
TOLATA,"anticoncepcion, prevencion de its y de cancer de cuello uterino",metodos naturales: usuarias continuas,2016-05-01,0,0,1,1,0,2
TOLEDO,"anticoncepcion, prevencion de its y de cancer de cuello uterino",metodos naturales: usuarias continuas,2016-05-01,0,0,2,0,0,2
TOTORA(ORR),"anticoncepcion, prevencion de its y de cancer de cuello uterino",metodos naturales: usuarias continuas,2016-05-01,0,0,2,0,0,2
TRINIDAD,"anticoncepcion, prevencion de its y de cancer de cuello uterino",metodos naturales: usuarias continuas,2016-05-01,0,20,51,8,0,79
VACAS,"anticoncepcion, prevencion de its y de cancer de cuello uterino",metodos naturales: usuarias continuas,2016-05-01,0,1,0,0,0,1
VIACHA,"anticoncepcion, prevencion de its y de cancer de cuello uterino",metodos naturales: usuarias continuas,2016-05-01,0,0,10,0,0,10
VILLA CHARCAS,"anticoncepcion, prevencion de its y de cancer de cuello uterino",metodos naturales: usuarias continuas,2016-05-01,0,2,9,2,0,13
VILLA TUNARI,"anticoncepcion, prevencion de its y de cancer de cuello uterino",metodos naturales: usuarias continuas,2016-05-01,0,2,2,0,0,4
VILLA VACA GUZMAN (MUYUPAMPA),"anticoncepcion, prevencion de its y de cancer de cuello uterino",metodos naturales: usuarias continuas,2016-05-01,0,0,0,1,0,1
VILLAZON,"anticoncepcion, prevencion de its y de cancer de cuello uterino",metodos naturales: usuarias continuas,2016-05-01,0,5,14,2,0,21
VINTO,"anticoncepcion, prevencion de its y de cancer de cuello uterino",metodos naturales: usuarias continuas,2016-05-01,0,0,10,4,0,14
YOTALA,"anticoncepcion, prevencion de its y de cancer de cuello uterino",metodos naturales: usuarias continuas,2016-05-01,0,3,5,0,0,8
ACHACACHI,"anticoncepcion, prevencion de its y de cancer de cuello uterino",metodos naturales: usuarias continuas,2016-06-01,0,0,6,0,0,6
ALALAY,"anticoncepcion, prevencion de its y de cancer de cuello uterino",metodos naturales: usuarias continuas,2016-06-01,0,0,0,2,0,2
ANCORAIMES,"anticoncepcion, prevencion de its y de cancer de cuello uterino",metodos naturales: usuarias continuas,2016-06-01,0,3,15,8,0,26
ANDAMARCA,"anticoncepcion, prevencion de its y de cancer de cuello uterino",metodos naturales: usuarias continuas,2016-06-01,0,0,0,2,0,2
ANZALDO,"anticoncepcion, prevencion de its y de cancer de cuello uterino",metodos naturales: usuarias continuas,2016-06-01,0,0,0,1,0,1
APOLO,"anticoncepcion, prevencion de its y de cancer de cuello uterino",metodos naturales: usuarias continuas,2016-06-01,0,0,3,3,0,6
ATOCHA,"anticoncepcion, prevencion de its y de cancer de cuello uterino",metodos naturales: usuarias continuas,2016-06-01,0,0,3,0,0,3
BETANZOS,"anticoncepcion, prevencion de its y de cancer de cuello uterino",metodos naturales: usuarias continuas,2016-06-01,0,0,4,2,0,6
BOLIVAR,"anticoncepcion, prevencion de its y de cancer de cuello uterino",metodos naturales: usuarias continuas,2016-06-01,0,0,0,1,0,1
BOLPEBRA,"anticoncepcion, prevencion de its y de cancer de cuello uterino",metodos naturales: usuarias continuas,2016-06-01,0,0,0,1,0,1
"CAIZA ""D""","anticoncepcion, prevencion de its y de cancer de cuello uterino",metodos naturales: usuarias continuas,2016-06-01,0,0,3,0,0,3
CAMATAQUI (C. VILLA ABECIA),"anticoncepcion, prevencion de its y de cancer de cuello uterino",metodos naturales: usuarias continuas,2016-06-01,0,1,2,0,0,3
CARACOLLO,"anticoncepcion, prevencion de its y de cancer de cuello uterino",metodos naturales: usuarias continuas,2016-06-01,0,1,1,1,0,3
CARIPUYO,"anticoncepcion, prevencion de its y de cancer de cuello uterino",metodos naturales: usuarias continuas,2016-06-01,0,2,0,2,0,4
CHALLAPATA,"anticoncepcion, prevencion de its y de cancer de cuello uterino",metodos naturales: usuarias continuas,2016-06-01,0,5,15,5,0,25
CHAQUI,"anticoncepcion, prevencion de its y de cancer de cuello uterino",metodos naturales: usuarias continuas,2016-06-01,0,9,26,4,0,39
CHAYANTA,"anticoncepcion, prevencion de its y de cancer de cuello uterino",metodos naturales: usuarias continuas,2016-06-01,0,0,0,1,0,1
CHOQUE COTA,"anticoncepcion, prevencion de its y de cancer de cuello uterino",metodos naturales: usuarias continuas,2016-06-01,0,1,2,1,0,4
CKOCHAS,"anticoncepcion, prevencion de its y de cancer de cuello uterino",metodos naturales: usuarias continuas,2016-06-01,0,3,4,1,0,8
COBIJA,"anticoncepcion, prevencion de its y de cancer de cuello uterino",metodos naturales: usuarias continuas,2016-06-01,0,0,6,1,0,7
COCHABAMBA,"anticoncepcion, prevencion de its y de cancer de cuello uterino",metodos naturales: usuarias continuas,2016-06-01,0,17,135,46,11,209
COLQUECHACA,"anticoncepcion, prevencion de its y de cancer de cuello uterino",metodos naturales: usuarias continuas,2016-06-01,0,0,1,0,0,1
CORQUE,"anticoncepcion, prevencion de its y de cancer de cuello uterino",metodos naturales: usuarias continuas,2016-06-01,0,1,1,0,0,2
COTOCA,"anticoncepcion, prevencion de its y de cancer de cuello uterino",metodos naturales: usuarias continuas,2016-06-01,0,0,5,0,0,5
CUATRO CAÑADAS,"anticoncepcion, prevencion de its y de cancer de cuello uterino",metodos naturales: usuarias continuas,2016-06-01,0,0,2,0,0,2
CURAHUARA DE CARANGAS,"anticoncepcion, prevencion de its y de cancer de cuello uterino",metodos naturales: usuarias continuas,2016-06-01,0,0,2,0,0,2
EL ALTO,"anticoncepcion, prevencion de its y de cancer de cuello uterino",metodos naturales: usuarias continuas,2016-06-01,10,26,132,249,0,417
ENTRE RIOS TRJ,"anticoncepcion, prevencion de its y de cancer de cuello uterino",metodos naturales: usuarias continuas,2016-06-01,0,0,0,1,0,1
ENTRE RIOS CBBA,"anticoncepcion, prevencion de its y de cancer de cuello uterino",metodos naturales: usuarias continuas,2016-06-01,0,1,0,0,0,1
FILADELFIA,"anticoncepcion, prevencion de its y de cancer de cuello uterino",metodos naturales: usuarias continuas,2016-06-01,0,0,0,1,0,1
GUAYARAMERIN,"anticoncepcion, prevencion de its y de cancer de cuello uterino",metodos naturales: usuarias continuas,2016-06-01,0,0,2,1,0,3
HUACARETA,"anticoncepcion, prevencion de its y de cancer de cuello uterino",metodos naturales: usuarias continuas,2016-06-01,0,1,0,1,0,2
HUANUNI,"anticoncepcion, prevencion de its y de cancer de cuello uterino",metodos naturales: usuarias continuas,2016-06-01,0,1,4,2,0,7
HUAYLLAMARCA,"anticoncepcion, prevencion de its y de cancer de cuello uterino",metodos naturales: usuarias continuas,2016-06-01,0,0,1,0,0,1
INCAHUASI,"anticoncepcion, prevencion de its y de cancer de cuello uterino",metodos naturales: usuarias continuas,2016-06-01,0,1,0,0,0,1
IRUPANA (VILLA DE LANZA),"anticoncepcion, prevencion de its y de cancer de cuello uterino",metodos naturales: usuarias continuas,2016-06-01,0,0,1,0,0,1
JESUS DE MACHACA,"anticoncepcion, prevencion de its y de cancer de cuello uterino",metodos naturales: usuarias continuas,2016-06-01,0,0,0,1,0,1
LA ASUNTA,"anticoncepcion, prevencion de its y de cancer de cuello uterino",metodos naturales: usuarias continuas,2016-06-01,0,1,5,1,0,7
LA PAZ,"anticoncepcion, prevencion de its y de cancer de cuello uterino",metodos naturales: usuarias continuas,2016-06-01,16,29,128,65,8,246
LA RIVERA,"anticoncepcion, prevencion de its y de cancer de cuello uterino",metodos naturales: usuarias continuas,2016-06-01,0,1,1,0,0,2
LAGUNILLAS,"anticoncepcion, prevencion de its y de cancer de cuello uterino",metodos naturales: usuarias continuas,2016-06-01,0,0,3,1,0,4
LORETO,"anticoncepcion, prevencion de its y de cancer de cuello uterino",metodos naturales: usuarias continuas,2016-06-01,0,0,1,0,0,1
MINEROS,"anticoncepcion, prevencion de its y de cancer de cuello uterino",metodos naturales: usuarias continuas,2016-06-01,0,2,2,0,0,4
MIZQUE,"anticoncepcion, prevencion de its y de cancer de cuello uterino",metodos naturales: usuarias continuas,2016-06-01,0,0,2,0,0,2
MONTERO,"anticoncepcion, prevencion de its y de cancer de cuello uterino",metodos naturales: usuarias continuas,2016-06-01,1,0,1,0,0,2
MOROCHATA,"anticoncepcion, prevencion de its y de cancer de cuello uterino",metodos naturales: usuarias continuas,2016-06-01,0,1,2,1,0,4
OMEREQUE,"anticoncepcion, prevencion de its y de cancer de cuello uterino",metodos naturales: usuarias continuas,2016-06-01,0,0,5,3,0,8
ORURO,"anticoncepcion, prevencion de its y de cancer de cuello uterino",metodos naturales: usuarias continuas,2016-06-01,0,14,71,16,0,101
PAPEL PAMPA,"anticoncepcion, prevencion de its y de cancer de cuello uterino",metodos naturales: usuarias continuas,2016-06-01,0,0,1,0,0,1
PAZÑA,"anticoncepcion, prevencion de its y de cancer de cuello uterino",metodos naturales: usuarias continuas,2016-06-01,0,0,1,1,0,2
POCOATA,"anticoncepcion, prevencion de its y de cancer de cuello uterino",metodos naturales: usuarias continuas,2016-06-01,0,1,5,1,0,7
POCONA,"anticoncepcion, prevencion de its y de cancer de cuello uterino",metodos naturales: usuarias continuas,2016-06-01,0,0,1,2,0,3
POOPO,"anticoncepcion, prevencion de its y de cancer de cuello uterino",metodos naturales: usuarias continuas,2016-06-01,0,0,4,0,0,4
POROMA,"anticoncepcion, prevencion de its y de cancer de cuello uterino",metodos naturales: usuarias continuas,2016-06-01,0,2,3,3,0,8
PORVENIR,"anticoncepcion, prevencion de its y de cancer de cuello uterino",metodos naturales: usuarias continuas,2016-06-01,0,0,1,1,0,2
POTOSI,"anticoncepcion, prevencion de its y de cancer de cuello uterino",metodos naturales: usuarias continuas,2016-06-01,1,9,27,103,0,140
PRESTO,"anticoncepcion, prevencion de its y de cancer de cuello uterino",metodos naturales: usuarias continuas,2016-06-01,0,0,1,0,0,1
PUERTO GONZALO MORENO,"anticoncepcion, prevencion de its y de cancer de cuello uterino",metodos naturales: usuarias continuas,2016-06-01,0,0,7,3,0,10
PUERTO RICO,"anticoncepcion, prevencion de its y de cancer de cuello uterino",metodos naturales: usuarias continuas,2016-06-01,0,1,5,1,0,7
PUERTO VILLARROEL,"anticoncepcion, prevencion de its y de cancer de cuello uterino",metodos naturales: usuarias continuas,2016-06-01,0,0,6,0,0,6
PUNATA,"anticoncepcion, prevencion de its y de cancer de cuello uterino",metodos naturales: usuarias continuas,2016-06-01,0,0,2,0,0,2
QUILLACOLLO,"anticoncepcion, prevencion de its y de cancer de cuello uterino",metodos naturales: usuarias continuas,2016-06-01,0,6,98,2,0,106
RIBERALTA,"anticoncepcion, prevencion de its y de cancer de cuello uterino",metodos naturales: usuarias continuas,2016-06-01,0,54,92,20,0,166
SABAYA,"anticoncepcion, prevencion de its y de cancer de cuello uterino",metodos naturales: usuarias continuas,2016-06-01,0,1,0,0,0,1
SACABA,"anticoncepcion, prevencion de its y de cancer de cuello uterino",metodos naturales: usuarias continuas,2016-06-01,0,8,29,21,0,58
SALINAS DE GARCI MENDOZA,"anticoncepcion, prevencion de its y de cancer de cuello uterino",metodos naturales: usuarias continuas,2016-06-01,0,4,17,8,0,29
SAMAIPATA,"anticoncepcion, prevencion de its y de cancer de cuello uterino",metodos naturales: usuarias continuas,2016-06-01,0,3,1,0,0,4
SAN ANDRES,"anticoncepcion, prevencion de its y de cancer de cuello uterino",metodos naturales: usuarias continuas,2016-06-01,0,2,2,0,0,4
SAN BENITO,"anticoncepcion, prevencion de its y de cancer de cuello uterino",metodos naturales: usuarias continuas,2016-06-01,0,0,5,0,0,5
SAN BORJA,"anticoncepcion, prevencion de its y de cancer de cuello uterino",metodos naturales: usuarias continuas,2016-06-01,0,8,23,2,0,33
SAN BUENA VENTURA,"anticoncepcion, prevencion de its y de cancer de cuello uterino",metodos naturales: usuarias continuas,2016-06-01,0,6,11,2,0,19
SAN CARLOS,"anticoncepcion, prevencion de its y de cancer de cuello uterino",metodos naturales: usuarias continuas,2016-06-01,0,1,2,1,0,4
SAN IGNACIO,"anticoncepcion, prevencion de its y de cancer de cuello uterino",metodos naturales: usuarias continuas,2016-06-01,0,4,26,6,0,36
SAN IGNACIO DE VELASCO,"anticoncepcion, prevencion de its y de cancer de cuello uterino",metodos naturales: usuarias continuas,2016-06-01,0,0,2,0,0,2
SAN LORENZO(PND),"anticoncepcion, prevencion de its y de cancer de cuello uterino",metodos naturales: usuarias continuas,2016-06-01,0,1,2,1,0,4
SAN LUCAS,"anticoncepcion, prevencion de its y de cancer de cuello uterino",metodos naturales: usuarias continuas,2016-06-01,0,0,4,0,0,4
SAN MIGUEL DE VELASCO,"anticoncepcion, prevencion de its y de cancer de cuello uterino",metodos naturales: usuarias continuas,2016-06-01,0,1,6,2,0,9
SAN PEDRO DE BUENA VISTA,"anticoncepcion, prevencion de its y de cancer de cuello uterino",metodos naturales: usuarias continuas,2016-06-01,0,0,2,1,0,3
SAN PEDRO DE TIQUINA,"anticoncepcion, prevencion de its y de cancer de cuello uterino",metodos naturales: usuarias continuas,2016-06-01,0,2,1,1,0,4
SAN RAFAEL,"anticoncepcion, prevencion de its y de cancer de cuello uterino",metodos naturales: usuarias continuas,2016-06-01,0,3,3,0,0,6
SANTA CRUZ DE LA SIERRA,"anticoncepcion, prevencion de its y de cancer de cuello uterino",metodos naturales: usuarias continuas,2016-06-01,15,42,63,28,4,152
SANTA ROSA,"anticoncepcion, prevencion de its y de cancer de cuello uterino",metodos naturales: usuarias continuas,2016-06-01,0,0,6,1,0,7
SANTA ROSA DEL SARA,"anticoncepcion, prevencion de its y de cancer de cuello uterino",metodos naturales: usuarias continuas,2016-06-01,0,0,0,1,0,1
SANTIAGO DE HUARI,"anticoncepcion, prevencion de its y de cancer de cuello uterino",metodos naturales: usuarias continuas,2016-06-01,0,1,6,1,0,8
SANTIAGO DE HUATA,"anticoncepcion, prevencion de its y de cancer de cuello uterino",metodos naturales: usuarias continuas,2016-06-01,0,2,13,1,0,16
SANTUARIO DE QUILLACAS,"anticoncepcion, prevencion de its y de cancer de cuello uterino",metodos naturales: usuarias continuas,2016-06-01,0,0,0,1,0,1
SOPACHUY,"anticoncepcion, prevencion de its y de cancer de cuello uterino",metodos naturales: usuarias continuas,2016-06-01,0,3,4,0,0,7
SORACACHI,"anticoncepcion, prevencion de its y de cancer de cuello uterino",metodos naturales: usuarias continuas,2016-06-01,0,0,5,1,0,6
SUCRE,"anticoncepcion, prevencion de its y de cancer de cuello uterino",metodos naturales: usuarias continuas,2016-06-01,0,2,35,23,0,60
TACOPAYA,"anticoncepcion, prevencion de its y de cancer de cuello uterino",metodos naturales: usuarias continuas,2016-06-01,0,1,1,0,0,2
TARATA,"anticoncepcion, prevencion de its y de cancer de cuello uterino",metodos naturales: usuarias continuas,2016-06-01,0,0,2,0,0,2
TARIJA,"anticoncepcion, prevencion de its y de cancer de cuello uterino",metodos naturales: usuarias continuas,2016-06-01,0,0,5,2,0,7
TARVITA,"anticoncepcion, prevencion de its y de cancer de cuello uterino",metodos naturales: usuarias continuas,2016-06-01,0,0,6,3,0,9
TEOPONTE,"anticoncepcion, prevencion de its y de cancer de cuello uterino",metodos naturales: usuarias continuas,2016-06-01,1,1,4,1,0,7
TIQUIPAYA,"anticoncepcion, prevencion de its y de cancer de cuello uterino",metodos naturales: usuarias continuas,2016-06-01,0,0,1,0,0,1
TOLATA,"anticoncepcion, prevencion de its y de cancer de cuello uterino",metodos naturales: usuarias continuas,2016-06-01,0,2,2,0,0,4
TOLEDO,"anticoncepcion, prevencion de its y de cancer de cuello uterino",metodos naturales: usuarias continuas,2016-06-01,0,0,1,0,0,1
TOTORA(ORR),"anticoncepcion, prevencion de its y de cancer de cuello uterino",metodos naturales: usuarias continuas,2016-06-01,0,0,1,0,0,1
TRINIDAD,"anticoncepcion, prevencion de its y de cancer de cuello uterino",metodos naturales: usuarias continuas,2016-06-01,6,34,99,18,0,157
TUPIZA,"anticoncepcion, prevencion de its y de cancer de cuello uterino",metodos naturales: usuarias continuas,2016-06-01,0,1,0,0,0,1
VACAS,"anticoncepcion, prevencion de its y de cancer de cuello uterino",metodos naturales: usuarias continuas,2016-06-01,1,0,0,0,0,1
VIACHA,"anticoncepcion, prevencion de its y de cancer de cuello uterino",metodos naturales: usuarias continuas,2016-06-01,0,0,3,0,0,3
VILLA CHARCAS,"anticoncepcion, prevencion de its y de cancer de cuello uterino",metodos naturales: usuarias continuas,2016-06-01,0,0,2,0,0,2
VILLA RIVERO,"anticoncepcion, prevencion de its y de cancer de cuello uterino",metodos naturales: usuarias continuas,2016-06-01,0,1,0,0,0,1
VILLA TUNARI,"anticoncepcion, prevencion de its y de cancer de cuello uterino",metodos naturales: usuarias continuas,2016-06-01,0,0,2,2,0,4
VILLA VACA GUZMAN (MUYUPAMPA),"anticoncepcion, prevencion de its y de cancer de cuello uterino",metodos naturales: usuarias continuas,2016-06-01,0,1,0,0,0,1
VILLAZON,"anticoncepcion, prevencion de its y de cancer de cuello uterino",metodos naturales: usuarias continuas,2016-06-01,0,5,24,4,0,33
VINTO,"anticoncepcion, prevencion de its y de cancer de cuello uterino",metodos naturales: usuarias continuas,2016-06-01,0,0,4,3,0,7
WARNES,"anticoncepcion, prevencion de its y de cancer de cuello uterino",metodos naturales: usuarias continuas,2016-06-01,0,0,1,0,0,1
YACUIBA,"anticoncepcion, prevencion de its y de cancer de cuello uterino",metodos naturales: usuarias continuas,2016-06-01,0,0,0,1,0,1
YAMPARAEZ,"anticoncepcion, prevencion de its y de cancer de cuello uterino",metodos naturales: usuarias continuas,2016-06-01,0,0,0,1,0,1
YAPACANI,"anticoncepcion, prevencion de its y de cancer de cuello uterino",metodos naturales: usuarias continuas,2016-06-01,0,1,0,0,0,1
YOTALA,"anticoncepcion, prevencion de its y de cancer de cuello uterino",metodos naturales: usuarias continuas,2016-06-01,0,1,3,2,0,6
ZUDAÑEZ,"anticoncepcion, prevencion de its y de cancer de cuello uterino",metodos naturales: usuarias continuas,2016-06-01,0,0,1,0,0,1
ACHACACHI,"anticoncepcion, prevencion de its y de cancer de cuello uterino",metodos naturales: usuarias continuas,2016-07-01,0,0,5,4,0,9
AIQUILE,"anticoncepcion, prevencion de its y de cancer de cuello uterino",metodos naturales: usuarias continuas,2016-07-01,0,1,0,0,0,1
ANCORAIMES,"anticoncepcion, prevencion de its y de cancer de cuello uterino",metodos naturales: usuarias continuas,2016-07-01,0,7,14,4,0,25
ANDAMARCA,"anticoncepcion, prevencion de its y de cancer de cuello uterino",metodos naturales: usuarias continuas,2016-07-01,0,0,3,0,0,3
APOLO,"anticoncepcion, prevencion de its y de cancer de cuello uterino",metodos naturales: usuarias continuas,2016-07-01,0,2,3,2,0,7
ARBIETO,"anticoncepcion, prevencion de its y de cancer de cuello uterino",metodos naturales: usuarias continuas,2016-07-01,0,1,0,0,0,1
ATOCHA,"anticoncepcion, prevencion de its y de cancer de cuello uterino",metodos naturales: usuarias continuas,2016-07-01,0,0,1,0,0,1
"CAIZA ""D""","anticoncepcion, prevencion de its y de cancer de cuello uterino",metodos naturales: usuarias continuas,2016-07-01,0,0,4,1,0,5
CAMATAQUI (C. VILLA ABECIA),"anticoncepcion, prevencion de its y de cancer de cuello uterino",metodos naturales: usuarias continuas,2016-07-01,0,1,2,0,0,3
CARACOLLO,"anticoncepcion, prevencion de its y de cancer de cuello uterino",metodos naturales: usuarias continuas,2016-07-01,0,2,3,1,0,6
CARIPUYO,"anticoncepcion, prevencion de its y de cancer de cuello uterino",metodos naturales: usuarias continuas,2016-07-01,0,1,2,1,0,4
CHALLAPATA,"anticoncepcion, prevencion de its y de cancer de cuello uterino",metodos naturales: usuarias continuas,2016-07-01,0,5,18,10,0,33
CHAQUI,"anticoncepcion, prevencion de its y de cancer de cuello uterino",metodos naturales: usuarias continuas,2016-07-01,0,6,24,5,0,35
CHIPAYA,"anticoncepcion, prevencion de its y de cancer de cuello uterino",metodos naturales: usuarias continuas,2016-07-01,0,0,2,0,0,2
CHOQUE COTA,"anticoncepcion, prevencion de its y de cancer de cuello uterino",metodos naturales: usuarias continuas,2016-07-01,0,1,2,1,0,4
CKOCHAS,"anticoncepcion, prevencion de its y de cancer de cuello uterino",metodos naturales: usuarias continuas,2016-07-01,0,0,2,3,0,5
CLIZA,"anticoncepcion, prevencion de its y de cancer de cuello uterino",metodos naturales: usuarias continuas,2016-07-01,0,0,3,0,0,3
COBIJA,"anticoncepcion, prevencion de its y de cancer de cuello uterino",metodos naturales: usuarias continuas,2016-07-01,0,1,8,0,0,9
COCHABAMBA,"anticoncepcion, prevencion de its y de cancer de cuello uterino",metodos naturales: usuarias continuas,2016-07-01,0,52,89,11,1,153
COLCAPIRHUA,"anticoncepcion, prevencion de its y de cancer de cuello uterino",metodos naturales: usuarias continuas,2016-07-01,0,0,3,2,0,5
CORQUE,"anticoncepcion, prevencion de its y de cancer de cuello uterino",metodos naturales: usuarias continuas,2016-07-01,0,1,0,0,0,1
COTAGAITA,"anticoncepcion, prevencion de its y de cancer de cuello uterino",metodos naturales: usuarias continuas,2016-07-01,0,0,1,3,0,4
COTOCA,"anticoncepcion, prevencion de its y de cancer de cuello uterino",metodos naturales: usuarias continuas,2016-07-01,0,0,3,1,0,4
CUATRO CAÑADAS,"anticoncepcion, prevencion de its y de cancer de cuello uterino",metodos naturales: usuarias continuas,2016-07-01,0,0,1,0,0,1
CUCHUMUELA (V. G. VILLARROEL),"anticoncepcion, prevencion de its y de cancer de cuello uterino",metodos naturales: usuarias continuas,2016-07-01,0,0,1,0,0,1
CULPINA,"anticoncepcion, prevencion de its y de cancer de cuello uterino",metodos naturales: usuarias continuas,2016-07-01,0,1,0,0,0,1
CURAHUARA DE CARANGAS,"anticoncepcion, prevencion de its y de cancer de cuello uterino",metodos naturales: usuarias continuas,2016-07-01,0,0,2,0,0,2
EL ALTO,"anticoncepcion, prevencion de its y de cancer de cuello uterino",metodos naturales: usuarias continuas,2016-07-01,3,14,153,165,4,339
ENTRE RIOS TRJ,"anticoncepcion, prevencion de its y de cancer de cuello uterino",metodos naturales: usuarias continuas,2016-07-01,0,0,14,2,0,16
GUAYARAMERIN,"anticoncepcion, prevencion de its y de cancer de cuello uterino",metodos naturales: usuarias continuas,2016-07-01,0,10,22,4,0,36
HUANUNI,"anticoncepcion, prevencion de its y de cancer de cuello uterino",metodos naturales: usuarias continuas,2016-07-01,0,0,7,5,0,12
HUAYLLAMARCA,"anticoncepcion, prevencion de its y de cancer de cuello uterino",metodos naturales: usuarias continuas,2016-07-01,0,0,1,0,0,1
INCAHUASI,"anticoncepcion, prevencion de its y de cancer de cuello uterino",metodos naturales: usuarias continuas,2016-07-01,0,0,0,1,0,1
LA ASUNTA,"anticoncepcion, prevencion de its y de cancer de cuello uterino",metodos naturales: usuarias continuas,2016-07-01,0,0,5,0,0,5
LA PAZ,"anticoncepcion, prevencion de its y de cancer de cuello uterino",metodos naturales: usuarias continuas,2016-07-01,0,4,87,18,1,110
LA RIVERA,"anticoncepcion, prevencion de its y de cancer de cuello uterino",metodos naturales: usuarias continuas,2016-07-01,0,1,0,0,0,1
LAGUNILLAS,"anticoncepcion, prevencion de its y de cancer de cuello uterino",metodos naturales: usuarias continuas,2016-07-01,0,0,3,1,0,4
LAJA,"anticoncepcion, prevencion de its y de cancer de cuello uterino",metodos naturales: usuarias continuas,2016-07-01,0,0,3,0,0,3
LORETO,"anticoncepcion, prevencion de its y de cancer de cuello uterino",metodos naturales: usuarias continuas,2016-07-01,1,0,1,0,0,2
MINEROS,"anticoncepcion, prevencion de its y de cancer de cuello uterino",metodos naturales: usuarias continuas,2016-07-01,0,4,4,0,0,8
MIZQUE,"anticoncepcion, prevencion de its y de cancer de cuello uterino",metodos naturales: usuarias continuas,2016-07-01,0,5,0,0,0,5
MOJOCOYA,"anticoncepcion, prevencion de its y de cancer de cuello uterino",metodos naturales: usuarias continuas,2016-07-01,0,0,0,2,0,2
MONTERO,"anticoncepcion, prevencion de its y de cancer de cuello uterino",metodos naturales: usuarias continuas,2016-07-01,0,0,0,1,0,1
MOROCHATA,"anticoncepcion, prevencion de its y de cancer de cuello uterino",metodos naturales: usuarias continuas,2016-07-01,0,1,1,0,0,2
NUEVO MANOA (NUEVA ESPERANZA),"anticoncepcion, prevencion de its y de cancer de cuello uterino",metodos naturales: usuarias continuas,2016-07-01,0,3,5,0,0,8
OCURI,"anticoncepcion, prevencion de its y de cancer de cuello uterino",metodos naturales: usuarias continuas,2016-07-01,0,0,2,1,0,3
OMEREQUE,"anticoncepcion, prevencion de its y de cancer de cuello uterino",metodos naturales: usuarias continuas,2016-07-01,0,0,1,1,0,2
ORURO,"anticoncepcion, prevencion de its y de cancer de cuello uterino",metodos naturales: usuarias continuas,2016-07-01,1,13,81,6,0,101
PAPEL PAMPA,"anticoncepcion, prevencion de its y de cancer de cuello uterino",metodos naturales: usuarias continuas,2016-07-01,0,0,3,0,0,3
PAZÑA,"anticoncepcion, prevencion de its y de cancer de cuello uterino",metodos naturales: usuarias continuas,2016-07-01,0,0,1,0,0,1
POCOATA,"anticoncepcion, prevencion de its y de cancer de cuello uterino",metodos naturales: usuarias continuas,2016-07-01,0,1,2,0,0,3
POJO (CBBA),"anticoncepcion, prevencion de its y de cancer de cuello uterino",metodos naturales: usuarias continuas,2016-07-01,0,0,1,0,0,1
POOPO,"anticoncepcion, prevencion de its y de cancer de cuello uterino",metodos naturales: usuarias continuas,2016-07-01,0,0,3,0,0,3
POROMA,"anticoncepcion, prevencion de its y de cancer de cuello uterino",metodos naturales: usuarias continuas,2016-07-01,0,2,4,2,0,8
PORONGO,"anticoncepcion, prevencion de its y de cancer de cuello uterino",metodos naturales: usuarias continuas,2016-07-01,0,0,2,0,0,2
PORTACHUELO,"anticoncepcion, prevencion de its y de cancer de cuello uterino",metodos naturales: usuarias continuas,2016-07-01,0,0,4,1,0,5
PORVENIR,"anticoncepcion, prevencion de its y de cancer de cuello uterino",metodos naturales: usuarias continuas,2016-07-01,0,0,1,0,0,1
POTOSI,"anticoncepcion, prevencion de its y de cancer de cuello uterino",metodos naturales: usuarias continuas,2016-07-01,0,0,1,0,0,1
PUERTO GONZALO MORENO,"anticoncepcion, prevencion de its y de cancer de cuello uterino",metodos naturales: usuarias continuas,2016-07-01,0,0,3,0,0,3
PUERTO RICO,"anticoncepcion, prevencion de its y de cancer de cuello uterino",metodos naturales: usuarias continuas,2016-07-01,0,1,6,0,0,7
PUERTO VILLARROEL,"anticoncepcion, prevencion de its y de cancer de cuello uterino",metodos naturales: usuarias continuas,2016-07-01,0,3,4,1,0,8
PUNA,"anticoncepcion, prevencion de its y de cancer de cuello uterino",metodos naturales: usuarias continuas,2016-07-01,0,1,0,0,0,1
PUNATA,"anticoncepcion, prevencion de its y de cancer de cuello uterino",metodos naturales: usuarias continuas,2016-07-01,0,0,3,2,0,5
QUILLACOLLO,"anticoncepcion, prevencion de its y de cancer de cuello uterino",metodos naturales: usuarias continuas,2016-07-01,0,1,9,4,0,14
REYES,"anticoncepcion, prevencion de its y de cancer de cuello uterino",metodos naturales: usuarias continuas,2016-07-01,0,1,0,0,0,1
RIBERALTA,"anticoncepcion, prevencion de its y de cancer de cuello uterino",metodos naturales: usuarias continuas,2016-07-01,0,25,88,7,0,120
SACABA,"anticoncepcion, prevencion de its y de cancer de cuello uterino",metodos naturales: usuarias continuas,2016-07-01,0,2,12,32,0,46
SACABAMBA,"anticoncepcion, prevencion de its y de cancer de cuello uterino",metodos naturales: usuarias continuas,2016-07-01,0,0,1,0,0,1
SALINAS DE GARCI MENDOZA,"anticoncepcion, prevencion de its y de cancer de cuello uterino",metodos naturales: usuarias continuas,2016-07-01,0,6,18,3,0,27
SAMAIPATA,"anticoncepcion, prevencion de its y de cancer de cuello uterino",metodos naturales: usuarias continuas,2016-07-01,0,2,0,1,0,3
SAN ANDRES,"anticoncepcion, prevencion de its y de cancer de cuello uterino",metodos naturales: usuarias continuas,2016-07-01,0,0,1,0,0,1
SAN BENITO,"anticoncepcion, prevencion de its y de cancer de cuello uterino",metodos naturales: usuarias continuas,2016-07-01,0,0,1,0,0,1
SAN BORJA,"anticoncepcion, prevencion de its y de cancer de cuello uterino",metodos naturales: usuarias continuas,2016-07-01,0,4,20,2,1,27
SAN BUENA VENTURA,"anticoncepcion, prevencion de its y de cancer de cuello uterino",metodos naturales: usuarias continuas,2016-07-01,1,3,15,2,0,21
SAN CARLOS,"anticoncepcion, prevencion de its y de cancer de cuello uterino",metodos naturales: usuarias continuas,2016-07-01,0,1,1,1,0,3
SAN IGNACIO,"anticoncepcion, prevencion de its y de cancer de cuello uterino",metodos naturales: usuarias continuas,2016-07-01,0,8,20,2,0,30
SAN JULIAN,"anticoncepcion, prevencion de its y de cancer de cuello uterino",metodos naturales: usuarias continuas,2016-07-01,0,0,3,0,0,3
SAN LORENZO(PND),"anticoncepcion, prevencion de its y de cancer de cuello uterino",metodos naturales: usuarias continuas,2016-07-01,0,1,4,0,0,5
SAN MIGUEL DE VELASCO,"anticoncepcion, prevencion de its y de cancer de cuello uterino",metodos naturales: usuarias continuas,2016-07-01,0,0,5,0,0,5
SAN PEDRO DE TIQUINA,"anticoncepcion, prevencion de its y de cancer de cuello uterino",metodos naturales: usuarias continuas,2016-07-01,0,0,9,1,0,10
SAN PEDRO(PND),"anticoncepcion, prevencion de its y de cancer de cuello uterino",metodos naturales: usuarias continuas,2016-07-01,0,0,2,0,0,2
SAN RAFAEL,"anticoncepcion, prevencion de its y de cancer de cuello uterino",metodos naturales: usuarias continuas,2016-07-01,0,4,1,1,0,6
SANTA CRUZ DE LA SIERRA,"anticoncepcion, prevencion de its y de cancer de cuello uterino",metodos naturales: usuarias continuas,2016-07-01,15,22,81,118,42,278
SANTA ROSA DEL SARA,"anticoncepcion, prevencion de its y de cancer de cuello uterino",metodos naturales: usuarias continuas,2016-07-01,0,0,1,0,0,1
SANTIAGO DE HUARI,"anticoncepcion, prevencion de its y de cancer de cuello uterino",metodos naturales: usuarias continuas,2016-07-01,0,1,6,1,0,8
SANTIAGO DE HUATA,"anticoncepcion, prevencion de its y de cancer de cuello uterino",metodos naturales: usuarias continuas,2016-07-01,0,2,15,1,0,18
SENA,"anticoncepcion, prevencion de its y de cancer de cuello uterino",metodos naturales: usuarias continuas,2016-07-01,0,0,1,0,0,1
SOPACHUY,"anticoncepcion, prevencion de its y de cancer de cuello uterino",metodos naturales: usuarias continuas,2016-07-01,0,1,0,0,0,1
SORACACHI,"anticoncepcion, prevencion de its y de cancer de cuello uterino",metodos naturales: usuarias continuas,2016-07-01,0,0,1,0,0,1
SUCRE,"anticoncepcion, prevencion de its y de cancer de cuello uterino",metodos naturales: usuarias continuas,2016-07-01,0,7,18,9,0,34
TACOPAYA,"anticoncepcion, prevencion de its y de cancer de cuello uterino",metodos naturales: usuarias continuas,2016-07-01,0,1,0,0,0,1
TARIJA,"anticoncepcion, prevencion de its y de cancer de cuello uterino",metodos naturales: usuarias continuas,2016-07-01,0,0,3,0,0,3
TIAWANACU,"anticoncepcion, prevencion de its y de cancer de cuello uterino",metodos naturales: usuarias continuas,2016-07-01,0,0,1,0,0,1
TIQUIPAYA,"anticoncepcion, prevencion de its y de cancer de cuello uterino",metodos naturales: usuarias continuas,2016-07-01,0,0,1,0,0,1
TOCO,"anticoncepcion, prevencion de its y de cancer de cuello uterino",metodos naturales: usuarias continuas,2016-07-01,0,0,1,0,0,1
TOLATA,"anticoncepcion, prevencion de its y de cancer de cuello uterino",metodos naturales: usuarias continuas,2016-07-01,0,1,1,0,0,2
TOTORA(CBBA),"anticoncepcion, prevencion de its y de cancer de cuello uterino",metodos naturales: usuarias continuas,2016-07-01,0,3,3,0,0,6
TRINIDAD,"anticoncepcion, prevencion de its y de cancer de cuello uterino",metodos naturales: usuarias continuas,2016-07-01,0,20,130,10,0,160
TUPIZA,"anticoncepcion, prevencion de its y de cancer de cuello uterino",metodos naturales: usuarias continuas,2016-07-01,0,0,0,1,0,1
UNCIA,"anticoncepcion, prevencion de its y de cancer de cuello uterino",metodos naturales: usuarias continuas,2016-07-01,0,1,1,2,0,4
UYUNI,"anticoncepcion, prevencion de its y de cancer de cuello uterino",metodos naturales: usuarias continuas,2016-07-01,0,0,1,0,0,1
VIACHA,"anticoncepcion, prevencion de its y de cancer de cuello uterino",metodos naturales: usuarias continuas,2016-07-01,0,0,2,0,0,2
VILLA CHARCAS,"anticoncepcion, prevencion de its y de cancer de cuello uterino",metodos naturales: usuarias continuas,2016-07-01,0,0,9,1,0,10
VILLA RIVERO,"anticoncepcion, prevencion de its y de cancer de cuello uterino",metodos naturales: usuarias continuas,2016-07-01,0,0,3,0,0,3
VILLA TUNARI,"anticoncepcion, prevencion de its y de cancer de cuello uterino",metodos naturales: usuarias continuas,2016-07-01,0,3,10,1,0,14
VINTO,"anticoncepcion, prevencion de its y de cancer de cuello uterino",metodos naturales: usuarias continuas,2016-07-01,0,1,5,1,0,7
VITICHI,"anticoncepcion, prevencion de its y de cancer de cuello uterino",metodos naturales: usuarias continuas,2016-07-01,0,0,3,0,0,3
YAPACANI,"anticoncepcion, prevencion de its y de cancer de cuello uterino",metodos naturales: usuarias continuas,2016-07-01,0,3,0,0,0,3
YOTALA,"anticoncepcion, prevencion de its y de cancer de cuello uterino",metodos naturales: usuarias continuas,2016-07-01,0,0,7,0,0,7
ACHACACHI,"anticoncepcion, prevencion de its y de cancer de cuello uterino",metodos naturales: usuarias continuas,2016-08-01,0,1,5,3,0,9
ALALAY,"anticoncepcion, prevencion de its y de cancer de cuello uterino",metodos naturales: usuarias continuas,2016-08-01,0,0,0,1,0,1
ANCORAIMES,"anticoncepcion, prevencion de its y de cancer de cuello uterino",metodos naturales: usuarias continuas,2016-08-01,0,5,14,3,0,22
ANDAMARCA,"anticoncepcion, prevencion de its y de cancer de cuello uterino",metodos naturales: usuarias continuas,2016-08-01,0,1,4,2,0,7
ANTEQUERA,"anticoncepcion, prevencion de its y de cancer de cuello uterino",metodos naturales: usuarias continuas,2016-08-01,0,0,1,0,0,1
ANZALDO,"anticoncepcion, prevencion de its y de cancer de cuello uterino",metodos naturales: usuarias continuas,2016-08-01,0,0,1,0,0,1
ARBIETO,"anticoncepcion, prevencion de its y de cancer de cuello uterino",metodos naturales: usuarias continuas,2016-08-01,0,1,0,0,0,1
ATOCHA,"anticoncepcion, prevencion de its y de cancer de cuello uterino",metodos naturales: usuarias continuas,2016-08-01,0,0,1,0,0,1
BETANZOS,"anticoncepcion, prevencion de its y de cancer de cuello uterino",metodos naturales: usuarias continuas,2016-08-01,0,0,5,3,0,8
BUENA VISTA,"anticoncepcion, prevencion de its y de cancer de cuello uterino",metodos naturales: usuarias continuas,2016-08-01,0,0,4,0,0,4
CAMATAQUI (C. VILLA ABECIA),"anticoncepcion, prevencion de its y de cancer de cuello uterino",metodos naturales: usuarias continuas,2016-08-01,0,1,2,0,0,3
CARACOLLO,"anticoncepcion, prevencion de its y de cancer de cuello uterino",metodos naturales: usuarias continuas,2016-08-01,0,1,3,0,0,4
CARIPUYO,"anticoncepcion, prevencion de its y de cancer de cuello uterino",metodos naturales: usuarias continuas,2016-08-01,0,1,5,1,0,7
CHALLAPATA,"anticoncepcion, prevencion de its y de cancer de cuello uterino",metodos naturales: usuarias continuas,2016-08-01,0,2,17,2,0,21
CHAQUI,"anticoncepcion, prevencion de its y de cancer de cuello uterino",metodos naturales: usuarias continuas,2016-08-01,0,4,25,9,0,38
CHOQUE COTA,"anticoncepcion, prevencion de its y de cancer de cuello uterino",metodos naturales: usuarias continuas,2016-08-01,1,0,3,2,0,6
CKOCHAS,"anticoncepcion, prevencion de its y de cancer de cuello uterino",metodos naturales: usuarias continuas,2016-08-01,0,2,3,0,0,5
COBIJA,"anticoncepcion, prevencion de its y de cancer de cuello uterino",metodos naturales: usuarias continuas,2016-08-01,0,0,8,1,0,9
COCHABAMBA,"anticoncepcion, prevencion de its y de cancer de cuello uterino",metodos naturales: usuarias continuas,2016-08-01,0,7,99,31,0,137
COLCAPIRHUA,"anticoncepcion, prevencion de its y de cancer de cuello uterino",metodos naturales: usuarias continuas,2016-08-01,0,1,1,0,0,2
COLQUECHACA,"anticoncepcion, prevencion de its y de cancer de cuello uterino",metodos naturales: usuarias continuas,2016-08-01,0,2,10,3,0,15
CORQUE,"anticoncepcion, prevencion de its y de cancer de cuello uterino",metodos naturales: usuarias continuas,2016-08-01,0,1,0,0,0,1
COTAGAITA,"anticoncepcion, prevencion de its y de cancer de cuello uterino",metodos naturales: usuarias continuas,2016-08-01,0,0,1,0,0,1
COTOCA,"anticoncepcion, prevencion de its y de cancer de cuello uterino",metodos naturales: usuarias continuas,2016-08-01,0,0,2,0,0,2
CUCHUMUELA (V. G. VILLARROEL),"anticoncepcion, prevencion de its y de cancer de cuello uterino",metodos naturales: usuarias continuas,2016-08-01,0,0,1,0,0,1
CULPINA,"anticoncepcion, prevencion de its y de cancer de cuello uterino",metodos naturales: usuarias continuas,2016-08-01,0,1,0,0,0,1
EL ALTO,"anticoncepcion, prevencion de its y de cancer de cuello uterino",metodos naturales: usuarias continuas,2016-08-01,0,6,163,100,1,270
EL CHORO,"anticoncepcion, prevencion de its y de cancer de cuello uterino",metodos naturales: usuarias continuas,2016-08-01,0,0,1,0,0,1
ENTRE RIOS TRJ,"anticoncepcion, prevencion de its y de cancer de cuello uterino",metodos naturales: usuarias continuas,2016-08-01,0,3,10,1,0,14
EUREKA (SANTOS MERCADO),"anticoncepcion, prevencion de its y de cancer de cuello uterino",metodos naturales: usuarias continuas,2016-08-01,0,0,1,1,0,2
FILADELFIA,"anticoncepcion, prevencion de its y de cancer de cuello uterino",metodos naturales: usuarias continuas,2016-08-01,0,3,1,0,0,4
GENERAL SAAVEDRA,"anticoncepcion, prevencion de its y de cancer de cuello uterino",metodos naturales: usuarias continuas,2016-08-01,0,0,1,0,0,1
GUANAY,"anticoncepcion, prevencion de its y de cancer de cuello uterino",metodos naturales: usuarias continuas,2016-08-01,0,0,3,0,0,3
GUAYARAMERIN,"anticoncepcion, prevencion de its y de cancer de cuello uterino",metodos naturales: usuarias continuas,2016-08-01,0,8,21,2,0,31
GUTIERREZ,"anticoncepcion, prevencion de its y de cancer de cuello uterino",metodos naturales: usuarias continuas,2016-08-01,0,0,1,1,0,2
HUACARETA,"anticoncepcion, prevencion de its y de cancer de cuello uterino",metodos naturales: usuarias continuas,2016-08-01,0,1,0,0,0,1
HUANUNI,"anticoncepcion, prevencion de its y de cancer de cuello uterino",metodos naturales: usuarias continuas,2016-08-01,0,0,7,5,0,12
LA ASUNTA,"anticoncepcion, prevencion de its y de cancer de cuello uterino",metodos naturales: usuarias continuas,2016-08-01,0,0,1,0,0,1
LA PAZ,"anticoncepcion, prevencion de its y de cancer de cuello uterino",metodos naturales: usuarias continuas,2016-08-01,0,7,96,37,0,140
LA RIVERA,"anticoncepcion, prevencion de its y de cancer de cuello uterino",metodos naturales: usuarias continuas,2016-08-01,0,1,0,0,0,1
LAGUNILLAS,"anticoncepcion, prevencion de its y de cancer de cuello uterino",metodos naturales: usuarias continuas,2016-08-01,0,0,4,1,0,5
LAJA,"anticoncepcion, prevencion de its y de cancer de cuello uterino",metodos naturales: usuarias continuas,2016-08-01,0,0,4,0,0,4
MACHACAMARCA,"anticoncepcion, prevencion de its y de cancer de cuello uterino",metodos naturales: usuarias continuas,2016-08-01,0,0,1,0,0,1
MECAPACA,"anticoncepcion, prevencion de its y de cancer de cuello uterino",metodos naturales: usuarias continuas,2016-08-01,0,0,0,1,0,1
MINEROS,"anticoncepcion, prevencion de its y de cancer de cuello uterino",metodos naturales: usuarias continuas,2016-08-01,0,1,4,0,0,5
MOJOCOYA,"anticoncepcion, prevencion de its y de cancer de cuello uterino",metodos naturales: usuarias continuas,2016-08-01,0,1,2,1,0,4
MONTERO,"anticoncepcion, prevencion de its y de cancer de cuello uterino",metodos naturales: usuarias continuas,2016-08-01,0,0,2,0,0,2
MOROCHATA,"anticoncepcion, prevencion de its y de cancer de cuello uterino",metodos naturales: usuarias continuas,2016-08-01,0,1,1,0,0,2
NUEVO MANOA (NUEVA ESPERANZA),"anticoncepcion, prevencion de its y de cancer de cuello uterino",metodos naturales: usuarias continuas,2016-08-01,0,0,1,0,0,1
OMEREQUE,"anticoncepcion, prevencion de its y de cancer de cuello uterino",metodos naturales: usuarias continuas,2016-08-01,0,0,4,2,0,6
ORURO,"anticoncepcion, prevencion de its y de cancer de cuello uterino",metodos naturales: usuarias continuas,2016-08-01,0,19,101,9,0,129
PAMPA AULLAGAS,"anticoncepcion, prevencion de its y de cancer de cuello uterino",metodos naturales: usuarias continuas,2016-08-01,0,0,1,0,0,1
PAPEL PAMPA,"anticoncepcion, prevencion de its y de cancer de cuello uterino",metodos naturales: usuarias continuas,2016-08-01,0,0,1,0,0,1
POCOATA,"anticoncepcion, prevencion de its y de cancer de cuello uterino",metodos naturales: usuarias continuas,2016-08-01,0,2,1,0,0,3
POJO (CBBA),"anticoncepcion, prevencion de its y de cancer de cuello uterino",metodos naturales: usuarias continuas,2016-08-01,0,0,1,0,0,1
POOPO,"anticoncepcion, prevencion de its y de cancer de cuello uterino",metodos naturales: usuarias continuas,2016-08-01,0,0,3,0,0,3
POROMA,"anticoncepcion, prevencion de its y de cancer de cuello uterino",metodos naturales: usuarias continuas,2016-08-01,0,2,2,1,0,5
PORTACHUELO,"anticoncepcion, prevencion de its y de cancer de cuello uterino",metodos naturales: usuarias continuas,2016-08-01,0,2,14,2,0,18
PORVENIR,"anticoncepcion, prevencion de its y de cancer de cuello uterino",metodos naturales: usuarias continuas,2016-08-01,0,1,2,1,0,4
POTOSI,"anticoncepcion, prevencion de its y de cancer de cuello uterino",metodos naturales: usuarias continuas,2016-08-01,1,4,60,5,0,70
PUERTO GONZALO MORENO,"anticoncepcion, prevencion de its y de cancer de cuello uterino",metodos naturales: usuarias continuas,2016-08-01,0,1,2,1,0,4
PUERTO RICO,"anticoncepcion, prevencion de its y de cancer de cuello uterino",metodos naturales: usuarias continuas,2016-08-01,0,0,8,0,0,8
PUERTO VILLARROEL,"anticoncepcion, prevencion de its y de cancer de cuello uterino",metodos naturales: usuarias continuas,2016-08-01,0,3,5,2,0,10
PUNATA,"anticoncepcion, prevencion de its y de cancer de cuello uterino",metodos naturales: usuarias continuas,2016-08-01,0,3,2,2,0,7
QUILLACOLLO,"anticoncepcion, prevencion de its y de cancer de cuello uterino",metodos naturales: usuarias continuas,2016-08-01,0,0,7,3,0,10
RIBERALTA,"anticoncepcion, prevencion de its y de cancer de cuello uterino",metodos naturales: usuarias continuas,2016-08-01,0,53,112,27,0,192
SACABA,"anticoncepcion, prevencion de its y de cancer de cuello uterino",metodos naturales: usuarias continuas,2016-08-01,0,0,4,7,0,11
SACACA,"anticoncepcion, prevencion de its y de cancer de cuello uterino",metodos naturales: usuarias continuas,2016-08-01,0,0,2,1,0,3
SALINAS DE GARCI MENDOZA,"anticoncepcion, prevencion de its y de cancer de cuello uterino",metodos naturales: usuarias continuas,2016-08-01,0,5,24,10,0,39
SAMAIPATA,"anticoncepcion, prevencion de its y de cancer de cuello uterino",metodos naturales: usuarias continuas,2016-08-01,0,1,0,1,0,2
SAN ANDRES,"anticoncepcion, prevencion de its y de cancer de cuello uterino",metodos naturales: usuarias continuas,2016-08-01,0,1,1,1,0,3
SAN BENITO,"anticoncepcion, prevencion de its y de cancer de cuello uterino",metodos naturales: usuarias continuas,2016-08-01,0,0,1,0,0,1
SAN BORJA,"anticoncepcion, prevencion de its y de cancer de cuello uterino",metodos naturales: usuarias continuas,2016-08-01,0,6,20,5,1,32
SAN BUENA VENTURA,"anticoncepcion, prevencion de its y de cancer de cuello uterino",metodos naturales: usuarias continuas,2016-08-01,2,4,11,3,0,20
SAN IGNACIO,"anticoncepcion, prevencion de its y de cancer de cuello uterino",metodos naturales: usuarias continuas,2016-08-01,0,7,19,0,0,26
SAN IGNACIO DE VELASCO,"anticoncepcion, prevencion de its y de cancer de cuello uterino",metodos naturales: usuarias continuas,2016-08-01,0,0,1,0,0,1
SAN LORENZO(PND),"anticoncepcion, prevencion de its y de cancer de cuello uterino",metodos naturales: usuarias continuas,2016-08-01,0,2,8,3,0,13
SAN MIGUEL DE VELASCO,"anticoncepcion, prevencion de its y de cancer de cuello uterino",metodos naturales: usuarias continuas,2016-08-01,0,0,5,3,0,8
SAN PEDRO DE TIQUINA,"anticoncepcion, prevencion de its y de cancer de cuello uterino",metodos naturales: usuarias continuas,2016-08-01,1,3,17,10,1,32
SAN RAFAEL,"anticoncepcion, prevencion de its y de cancer de cuello uterino",metodos naturales: usuarias continuas,2016-08-01,1,3,5,0,0,9
SANTA CRUZ DE LA SIERRA,"anticoncepcion, prevencion de its y de cancer de cuello uterino",metodos naturales: usuarias continuas,2016-08-01,12,24,33,24,0,93
SANTA ROSA DEL SARA,"anticoncepcion, prevencion de its y de cancer de cuello uterino",metodos naturales: usuarias continuas,2016-08-01,0,0,2,0,0,2
SANTIAGO DE HUARI,"anticoncepcion, prevencion de its y de cancer de cuello uterino",metodos naturales: usuarias continuas,2016-08-01,0,4,7,1,0,12
SANTIAGO DE HUATA,"anticoncepcion, prevencion de its y de cancer de cuello uterino",metodos naturales: usuarias continuas,2016-08-01,0,0,17,0,0,17
SICA SICA (VILLA AROMA),"anticoncepcion, prevencion de its y de cancer de cuello uterino",metodos naturales: usuarias continuas,2016-08-01,0,0,1,0,0,1
SIPE SIPE,"anticoncepcion, prevencion de its y de cancer de cuello uterino",metodos naturales: usuarias continuas,2016-08-01,0,0,1,0,0,1
SOPACHUY,"anticoncepcion, prevencion de its y de cancer de cuello uterino",metodos naturales: usuarias continuas,2016-08-01,0,0,3,2,0,5
SORACACHI,"anticoncepcion, prevencion de its y de cancer de cuello uterino",metodos naturales: usuarias continuas,2016-08-01,0,0,0,1,0,1
SUCRE,"anticoncepcion, prevencion de its y de cancer de cuello uterino",metodos naturales: usuarias continuas,2016-08-01,0,2,30,14,0,46
TACOPAYA,"anticoncepcion, prevencion de its y de cancer de cuello uterino",metodos naturales: usuarias continuas,2016-08-01,0,0,4,0,0,4
TARATA,"anticoncepcion, prevencion de its y de cancer de cuello uterino",metodos naturales: usuarias continuas,2016-08-01,0,1,0,0,0,1
TARIJA,"anticoncepcion, prevencion de its y de cancer de cuello uterino",metodos naturales: usuarias continuas,2016-08-01,0,0,4,2,0,6
TARVITA,"anticoncepcion, prevencion de its y de cancer de cuello uterino",metodos naturales: usuarias continuas,2016-08-01,0,0,5,0,0,5
TIQUIPAYA,"anticoncepcion, prevencion de its y de cancer de cuello uterino",metodos naturales: usuarias continuas,2016-08-01,0,0,3,0,0,3
TOLATA,"anticoncepcion, prevencion de its y de cancer de cuello uterino",metodos naturales: usuarias continuas,2016-08-01,0,1,2,0,0,3
TORO TORO,"anticoncepcion, prevencion de its y de cancer de cuello uterino",metodos naturales: usuarias continuas,2016-08-01,0,1,0,0,0,1
TRINIDAD,"anticoncepcion, prevencion de its y de cancer de cuello uterino",metodos naturales: usuarias continuas,2016-08-01,0,23,37,7,0,67
TUPIZA,"anticoncepcion, prevencion de its y de cancer de cuello uterino",metodos naturales: usuarias continuas,2016-08-01,0,0,1,1,0,2
UNCIA,"anticoncepcion, prevencion de its y de cancer de cuello uterino",metodos naturales: usuarias continuas,2016-08-01,0,1,1,2,0,4
VACAS,"anticoncepcion, prevencion de its y de cancer de cuello uterino",metodos naturales: usuarias continuas,2016-08-01,0,0,1,0,0,1
VILLA CHARCAS,"anticoncepcion, prevencion de its y de cancer de cuello uterino",metodos naturales: usuarias continuas,2016-08-01,0,0,9,5,0,14
VILLA TUNARI,"anticoncepcion, prevencion de its y de cancer de cuello uterino",metodos naturales: usuarias continuas,2016-08-01,0,0,2,0,0,2
VINTO,"anticoncepcion, prevencion de its y de cancer de cuello uterino",metodos naturales: usuarias continuas,2016-08-01,0,0,2,0,0,2
WARNES,"anticoncepcion, prevencion de its y de cancer de cuello uterino",metodos naturales: usuarias continuas,2016-08-01,0,0,0,0,1,1
YACUIBA,"anticoncepcion, prevencion de its y de cancer de cuello uterino",metodos naturales: usuarias continuas,2016-08-01,0,0,13,0,0,13
YOTALA,"anticoncepcion, prevencion de its y de cancer de cuello uterino",metodos naturales: usuarias continuas,2016-08-01,0,3,3,1,0,7
ACHACACHI,"anticoncepcion, prevencion de its y de cancer de cuello uterino",metodos naturales: usuarias continuas,2016-09-01,0,1,3,1,0,5
ANCORAIMES,"anticoncepcion, prevencion de its y de cancer de cuello uterino",metodos naturales: usuarias continuas,2016-09-01,0,3,10,3,0,16
ANDAMARCA,"anticoncepcion, prevencion de its y de cancer de cuello uterino",metodos naturales: usuarias continuas,2016-09-01,0,0,1,6,0,7
ANZALDO,"anticoncepcion, prevencion de its y de cancer de cuello uterino",metodos naturales: usuarias continuas,2016-09-01,0,0,1,4,0,5
APOLO,"anticoncepcion, prevencion de its y de cancer de cuello uterino",metodos naturales: usuarias continuas,2016-09-01,0,0,2,5,0,7
ARBIETO,"anticoncepcion, prevencion de its y de cancer de cuello uterino",metodos naturales: usuarias continuas,2016-09-01,0,0,1,0,0,1
ATOCHA,"anticoncepcion, prevencion de its y de cancer de cuello uterino",metodos naturales: usuarias continuas,2016-09-01,0,1,4,1,0,6
BERMEJO,"anticoncepcion, prevencion de its y de cancer de cuello uterino",metodos naturales: usuarias continuas,2016-09-01,0,0,0,1,0,1
BETANZOS,"anticoncepcion, prevencion de its y de cancer de cuello uterino",metodos naturales: usuarias continuas,2016-09-01,0,0,5,2,0,7
BUENA VISTA,"anticoncepcion, prevencion de its y de cancer de cuello uterino",metodos naturales: usuarias continuas,2016-09-01,0,1,0,0,0,1
"CAIZA ""D""","anticoncepcion, prevencion de its y de cancer de cuello uterino",metodos naturales: usuarias continuas,2016-09-01,0,1,1,0,0,2
CAMARGO,"anticoncepcion, prevencion de its y de cancer de cuello uterino",metodos naturales: usuarias continuas,2016-09-01,0,0,2,0,0,2
CARACOLLO,"anticoncepcion, prevencion de its y de cancer de cuello uterino",metodos naturales: usuarias continuas,2016-09-01,0,0,2,0,0,2
CARIPUYO,"anticoncepcion, prevencion de its y de cancer de cuello uterino",metodos naturales: usuarias continuas,2016-09-01,0,2,6,1,0,9
CHALLAPATA,"anticoncepcion, prevencion de its y de cancer de cuello uterino",metodos naturales: usuarias continuas,2016-09-01,0,2,19,6,1,28
CHAQUI,"anticoncepcion, prevencion de its y de cancer de cuello uterino",metodos naturales: usuarias continuas,2016-09-01,0,7,24,11,0,42
CHOQUE COTA,"anticoncepcion, prevencion de its y de cancer de cuello uterino",metodos naturales: usuarias continuas,2016-09-01,1,1,2,1,0,5
CKOCHAS,"anticoncepcion, prevencion de its y de cancer de cuello uterino",metodos naturales: usuarias continuas,2016-09-01,0,0,0,2,0,2
CLIZA,"anticoncepcion, prevencion de its y de cancer de cuello uterino",metodos naturales: usuarias continuas,2016-09-01,0,0,1,0,0,1
COBIJA,"anticoncepcion, prevencion de its y de cancer de cuello uterino",metodos naturales: usuarias continuas,2016-09-01,0,4,9,1,0,14
COCHABAMBA,"anticoncepcion, prevencion de its y de cancer de cuello uterino",metodos naturales: usuarias continuas,2016-09-01,0,1,63,20,1,85
COLCAPIRHUA,"anticoncepcion, prevencion de its y de cancer de cuello uterino",metodos naturales: usuarias continuas,2016-09-01,0,0,7,0,0,7
"COLCHA ""K""","anticoncepcion, prevencion de its y de cancer de cuello uterino",metodos naturales: usuarias continuas,2016-09-01,0,0,1,0,0,1
COLQUECHACA,"anticoncepcion, prevencion de its y de cancer de cuello uterino",metodos naturales: usuarias continuas,2016-09-01,0,0,1,0,0,1
CORQUE,"anticoncepcion, prevencion de its y de cancer de cuello uterino",metodos naturales: usuarias continuas,2016-09-01,0,2,0,0,0,2
COTAGAITA,"anticoncepcion, prevencion de its y de cancer de cuello uterino",metodos naturales: usuarias continuas,2016-09-01,0,1,5,1,0,7
COTOCA,"anticoncepcion, prevencion de its y de cancer de cuello uterino",metodos naturales: usuarias continuas,2016-09-01,0,0,1,0,0,1
CUCHUMUELA (V. G. VILLARROEL),"anticoncepcion, prevencion de its y de cancer de cuello uterino",metodos naturales: usuarias continuas,2016-09-01,0,0,1,0,0,1
CUEVO,"anticoncepcion, prevencion de its y de cancer de cuello uterino",metodos naturales: usuarias continuas,2016-09-01,0,0,1,0,0,1
EL ALTO,"anticoncepcion, prevencion de its y de cancer de cuello uterino",metodos naturales: usuarias continuas,2016-09-01,0,28,179,164,6,377
GENERAL SAAVEDRA,"anticoncepcion, prevencion de its y de cancer de cuello uterino",metodos naturales: usuarias continuas,2016-09-01,0,0,0,1,0,1
GUAYARAMERIN,"anticoncepcion, prevencion de its y de cancer de cuello uterino",metodos naturales: usuarias continuas,2016-09-01,0,17,26,1,0,44
JESUS DE MACHACA,"anticoncepcion, prevencion de its y de cancer de cuello uterino",metodos naturales: usuarias continuas,2016-09-01,0,1,0,0,0,1
LA ASUNTA,"anticoncepcion, prevencion de its y de cancer de cuello uterino",metodos naturales: usuarias continuas,2016-09-01,0,0,1,0,0,1
LA PAZ,"anticoncepcion, prevencion de its y de cancer de cuello uterino",metodos naturales: usuarias continuas,2016-09-01,0,11,43,6,0,60
LAGUNILLAS,"anticoncepcion, prevencion de its y de cancer de cuello uterino",metodos naturales: usuarias continuas,2016-09-01,0,0,0,1,0,1
LAJA,"anticoncepcion, prevencion de its y de cancer de cuello uterino",metodos naturales: usuarias continuas,2016-09-01,0,0,6,0,0,6
MACHACAMARCA,"anticoncepcion, prevencion de its y de cancer de cuello uterino",metodos naturales: usuarias continuas,2016-09-01,0,0,5,0,0,5
MAGDALENA,"anticoncepcion, prevencion de its y de cancer de cuello uterino",metodos naturales: usuarias continuas,2016-09-01,0,0,3,1,0,4
MINEROS,"anticoncepcion, prevencion de its y de cancer de cuello uterino",metodos naturales: usuarias continuas,2016-09-01,0,1,1,0,0,2
MOJOCOYA,"anticoncepcion, prevencion de its y de cancer de cuello uterino",metodos naturales: usuarias continuas,2016-09-01,0,1,4,1,0,6
MONTEAGUDO,"anticoncepcion, prevencion de its y de cancer de cuello uterino",metodos naturales: usuarias continuas,2016-09-01,0,2,1,1,0,4
MONTERO,"anticoncepcion, prevencion de its y de cancer de cuello uterino",metodos naturales: usuarias continuas,2016-09-01,0,0,6,1,0,7
MOROCHATA,"anticoncepcion, prevencion de its y de cancer de cuello uterino",metodos naturales: usuarias continuas,2016-09-01,0,0,1,0,0,1
NUEVO MANOA (NUEVA ESPERANZA),"anticoncepcion, prevencion de its y de cancer de cuello uterino",metodos naturales: usuarias continuas,2016-09-01,0,0,1,0,0,1
OCURI,"anticoncepcion, prevencion de its y de cancer de cuello uterino",metodos naturales: usuarias continuas,2016-09-01,0,0,2,0,0,2
OMEREQUE,"anticoncepcion, prevencion de its y de cancer de cuello uterino",metodos naturales: usuarias continuas,2016-09-01,0,0,6,2,0,8
ORURO,"anticoncepcion, prevencion de its y de cancer de cuello uterino",metodos naturales: usuarias continuas,2016-09-01,0,13,68,12,0,93
PAPEL PAMPA,"anticoncepcion, prevencion de its y de cancer de cuello uterino",metodos naturales: usuarias continuas,2016-09-01,0,0,1,0,0,1
POCOATA,"anticoncepcion, prevencion de its y de cancer de cuello uterino",metodos naturales: usuarias continuas,2016-09-01,0,1,5,0,0,6
POJO (CBBA),"anticoncepcion, prevencion de its y de cancer de cuello uterino",metodos naturales: usuarias continuas,2016-09-01,0,1,1,0,0,2
POROMA,"anticoncepcion, prevencion de its y de cancer de cuello uterino",metodos naturales: usuarias continuas,2016-09-01,0,2,1,2,0,5
PORTACHUELO,"anticoncepcion, prevencion de its y de cancer de cuello uterino",metodos naturales: usuarias continuas,2016-09-01,0,2,6,1,0,9
PORVENIR,"anticoncepcion, prevencion de its y de cancer de cuello uterino",metodos naturales: usuarias continuas,2016-09-01,0,0,1,0,0,1
POTOSI,"anticoncepcion, prevencion de its y de cancer de cuello uterino",metodos naturales: usuarias continuas,2016-09-01,0,0,4,1,0,5
PUERTO ACOSTA,"anticoncepcion, prevencion de its y de cancer de cuello uterino",metodos naturales: usuarias continuas,2016-09-01,0,1,4,1,0,6
PUERTO GONZALO MORENO,"anticoncepcion, prevencion de its y de cancer de cuello uterino",metodos naturales: usuarias continuas,2016-09-01,0,0,1,0,0,1
PUERTO PEREZ,"anticoncepcion, prevencion de its y de cancer de cuello uterino",metodos naturales: usuarias continuas,2016-09-01,0,0,0,2,0,2
PUERTO RICO,"anticoncepcion, prevencion de its y de cancer de cuello uterino",metodos naturales: usuarias continuas,2016-09-01,0,1,5,0,0,6
PUERTO VILLARROEL,"anticoncepcion, prevencion de its y de cancer de cuello uterino",metodos naturales: usuarias continuas,2016-09-01,0,0,5,0,0,5
PUNATA,"anticoncepcion, prevencion de its y de cancer de cuello uterino",metodos naturales: usuarias continuas,2016-09-01,0,1,2,0,0,3
QUILLACOLLO,"anticoncepcion, prevencion de its y de cancer de cuello uterino",metodos naturales: usuarias continuas,2016-09-01,0,0,11,3,0,14
RIBERALTA,"anticoncepcion, prevencion de its y de cancer de cuello uterino",metodos naturales: usuarias continuas,2016-09-01,0,38,147,26,0,211
SACABA,"anticoncepcion, prevencion de its y de cancer de cuello uterino",metodos naturales: usuarias continuas,2016-09-01,0,2,22,17,0,41
SALINAS DE GARCI MENDOZA,"anticoncepcion, prevencion de its y de cancer de cuello uterino",metodos naturales: usuarias continuas,2016-09-01,0,6,23,8,0,37
SAMAIPATA,"anticoncepcion, prevencion de its y de cancer de cuello uterino",metodos naturales: usuarias continuas,2016-09-01,0,0,3,1,0,4
SAN ANDRES,"anticoncepcion, prevencion de its y de cancer de cuello uterino",metodos naturales: usuarias continuas,2016-09-01,0,1,2,0,0,3
SAN BENITO,"anticoncepcion, prevencion de its y de cancer de cuello uterino",metodos naturales: usuarias continuas,2016-09-01,0,0,1,0,0,1
SAN BORJA,"anticoncepcion, prevencion de its y de cancer de cuello uterino",metodos naturales: usuarias continuas,2016-09-01,1,9,23,3,0,36
SAN BUENA VENTURA,"anticoncepcion, prevencion de its y de cancer de cuello uterino",metodos naturales: usuarias continuas,2016-09-01,1,6,3,2,0,12
SAN CARLOS,"anticoncepcion, prevencion de its y de cancer de cuello uterino",metodos naturales: usuarias continuas,2016-09-01,0,0,15,1,0,16
SAN IGNACIO,"anticoncepcion, prevencion de its y de cancer de cuello uterino",metodos naturales: usuarias continuas,2016-09-01,0,2,14,0,0,16
SAN IGNACIO DE VELASCO,"anticoncepcion, prevencion de its y de cancer de cuello uterino",metodos naturales: usuarias continuas,2016-09-01,0,0,1,1,0,2
SAN JULIAN,"anticoncepcion, prevencion de its y de cancer de cuello uterino",metodos naturales: usuarias continuas,2016-09-01,0,0,0,1,0,1
SAN LORENZO(PND),"anticoncepcion, prevencion de its y de cancer de cuello uterino",metodos naturales: usuarias continuas,2016-09-01,0,5,2,3,0,10
SAN LUCAS,"anticoncepcion, prevencion de its y de cancer de cuello uterino",metodos naturales: usuarias continuas,2016-09-01,0,1,0,0,0,1
SAN MIGUEL DE VELASCO,"anticoncepcion, prevencion de its y de cancer de cuello uterino",metodos naturales: usuarias continuas,2016-09-01,0,1,5,2,0,8
SAN PEDRO DE CURAHUARA,"anticoncepcion, prevencion de its y de cancer de cuello uterino",metodos naturales: usuarias continuas,2016-09-01,0,0,0,1,0,1
SAN PEDRO DE TIQUINA,"anticoncepcion, prevencion de its y de cancer de cuello uterino",metodos naturales: usuarias continuas,2016-09-01,0,2,9,2,0,13
SAN PEDRO(PND),"anticoncepcion, prevencion de its y de cancer de cuello uterino",metodos naturales: usuarias continuas,2016-09-01,0,1,1,0,0,2
SAN RAFAEL,"anticoncepcion, prevencion de its y de cancer de cuello uterino",metodos naturales: usuarias continuas,2016-09-01,0,0,2,0,0,2
SANTA ANA,"anticoncepcion, prevencion de its y de cancer de cuello uterino",metodos naturales: usuarias continuas,2016-09-01,0,0,1,0,0,1
SANTA CRUZ DE LA SIERRA,"anticoncepcion, prevencion de its y de cancer de cuello uterino",metodos naturales: usuarias continuas,2016-09-01,14,21,37,17,0,89
SANTIAGO DE HUARI,"anticoncepcion, prevencion de its y de cancer de cuello uterino",metodos naturales: usuarias continuas,2016-09-01,0,1,3,2,0,6
SANTIAGO DE HUATA,"anticoncepcion, prevencion de its y de cancer de cuello uterino",metodos naturales: usuarias continuas,2016-09-01,0,2,10,0,0,12
SORACACHI,"anticoncepcion, prevencion de its y de cancer de cuello uterino",metodos naturales: usuarias continuas,2016-09-01,0,1,1,0,0,2
SUCRE,"anticoncepcion, prevencion de its y de cancer de cuello uterino",metodos naturales: usuarias continuas,2016-09-01,0,7,26,16,0,49
TARIJA,"anticoncepcion, prevencion de its y de cancer de cuello uterino",metodos naturales: usuarias continuas,2016-09-01,0,3,4,6,5,18
TINGUIPAYA,"anticoncepcion, prevencion de its y de cancer de cuello uterino",metodos naturales: usuarias continuas,2016-09-01,0,1,3,1,0,5
TOCO,"anticoncepcion, prevencion de its y de cancer de cuello uterino",metodos naturales: usuarias continuas,2016-09-01,0,0,0,1,0,1
TOLATA,"anticoncepcion, prevencion de its y de cancer de cuello uterino",metodos naturales: usuarias continuas,2016-09-01,0,0,3,0,0,3
TOLEDO,"anticoncepcion, prevencion de its y de cancer de cuello uterino",metodos naturales: usuarias continuas,2016-09-01,0,0,1,0,0,1
TOMINA,"anticoncepcion, prevencion de its y de cancer de cuello uterino",metodos naturales: usuarias continuas,2016-09-01,0,0,1,0,0,1
TOTORA(CBBA),"anticoncepcion, prevencion de its y de cancer de cuello uterino",metodos naturales: usuarias continuas,2016-09-01,0,1,1,0,0,2
TRINIDAD,"anticoncepcion, prevencion de its y de cancer de cuello uterino",metodos naturales: usuarias continuas,2016-09-01,0,18,36,7,0,61
TUPIZA,"anticoncepcion, prevencion de its y de cancer de cuello uterino",metodos naturales: usuarias continuas,2016-09-01,0,0,1,0,0,1
TURCO,"anticoncepcion, prevencion de its y de cancer de cuello uterino",metodos naturales: usuarias continuas,2016-09-01,0,0,0,1,0,1
UNCIA,"anticoncepcion, prevencion de its y de cancer de cuello uterino",metodos naturales: usuarias continuas,2016-09-01,0,2,2,2,0,6
UYUNI,"anticoncepcion, prevencion de its y de cancer de cuello uterino",metodos naturales: usuarias continuas,2016-09-01,0,0,1,0,0,1
VACAS,"anticoncepcion, prevencion de its y de cancer de cuello uterino",metodos naturales: usuarias continuas,2016-09-01,0,1,1,0,0,2
VIACHA,"anticoncepcion, prevencion de its y de cancer de cuello uterino",metodos naturales: usuarias continuas,2016-09-01,0,11,7,0,0,18
VILLA CHARCAS,"anticoncepcion, prevencion de its y de cancer de cuello uterino",metodos naturales: usuarias continuas,2016-09-01,0,0,6,4,0,10
VILLA RIVERO,"anticoncepcion, prevencion de its y de cancer de cuello uterino",metodos naturales: usuarias continuas,2016-09-01,0,1,1,0,0,2
VILLA SERRANO,"anticoncepcion, prevencion de its y de cancer de cuello uterino",metodos naturales: usuarias continuas,2016-09-01,0,1,0,0,0,1
VILLA TUNARI,"anticoncepcion, prevencion de its y de cancer de cuello uterino",metodos naturales: usuarias continuas,2016-09-01,0,1,2,0,0,3
VILLAZON,"anticoncepcion, prevencion de its y de cancer de cuello uterino",metodos naturales: usuarias continuas,2016-09-01,0,4,7,5,0,16
VINTO,"anticoncepcion, prevencion de its y de cancer de cuello uterino",metodos naturales: usuarias continuas,2016-09-01,0,2,2,1,0,5
YACUIBA,"anticoncepcion, prevencion de its y de cancer de cuello uterino",metodos naturales: usuarias continuas,2016-09-01,0,2,2,0,0,4
YAMPARAEZ,"anticoncepcion, prevencion de its y de cancer de cuello uterino",metodos naturales: usuarias continuas,2016-09-01,0,0,1,0,0,1
YAPACANI,"anticoncepcion, prevencion de its y de cancer de cuello uterino",metodos naturales: usuarias continuas,2016-09-01,0,1,2,0,0,3
YOTALA,"anticoncepcion, prevencion de its y de cancer de cuello uterino",metodos naturales: usuarias continuas,2016-09-01,0,0,4,2,0,6
ACHACACHI,"anticoncepcion, prevencion de its y de cancer de cuello uterino",metodos naturales: usuarias continuas,2016-10-01,0,0,7,4,0,11
ANCORAIMES,"anticoncepcion, prevencion de its y de cancer de cuello uterino",metodos naturales: usuarias continuas,2016-10-01,0,6,12,0,0,18
ANDAMARCA,"anticoncepcion, prevencion de its y de cancer de cuello uterino",metodos naturales: usuarias continuas,2016-10-01,0,1,2,3,0,6
APOLO,"anticoncepcion, prevencion de its y de cancer de cuello uterino",metodos naturales: usuarias continuas,2016-10-01,0,0,3,3,0,6
ARANI,"anticoncepcion, prevencion de its y de cancer de cuello uterino",metodos naturales: usuarias continuas,2016-10-01,0,0,0,1,0,1
ATOCHA,"anticoncepcion, prevencion de its y de cancer de cuello uterino",metodos naturales: usuarias continuas,2016-10-01,0,2,4,1,0,7
BETANZOS,"anticoncepcion, prevencion de its y de cancer de cuello uterino",metodos naturales: usuarias continuas,2016-10-01,0,0,6,0,0,6
BOLIVAR,"anticoncepcion, prevencion de its y de cancer de cuello uterino",metodos naturales: usuarias continuas,2016-10-01,0,0,1,0,0,1
BUENA VISTA,"anticoncepcion, prevencion de its y de cancer de cuello uterino",metodos naturales: usuarias continuas,2016-10-01,0,5,6,1,0,12
CARACOLLO,"anticoncepcion, prevencion de its y de cancer de cuello uterino",metodos naturales: usuarias continuas,2016-10-01,0,0,2,0,0,2
CARIPUYO,"anticoncepcion, prevencion de its y de cancer de cuello uterino",metodos naturales: usuarias continuas,2016-10-01,0,1,0,1,0,2
CHALLAPATA,"anticoncepcion, prevencion de its y de cancer de cuello uterino",metodos naturales: usuarias continuas,2016-10-01,1,3,22,7,0,33
CHAQUI,"anticoncepcion, prevencion de its y de cancer de cuello uterino",metodos naturales: usuarias continuas,2016-10-01,0,6,24,5,0,35
CHOQUE COTA,"anticoncepcion, prevencion de its y de cancer de cuello uterino",metodos naturales: usuarias continuas,2016-10-01,1,2,2,1,0,6
CKOCHAS,"anticoncepcion, prevencion de its y de cancer de cuello uterino",metodos naturales: usuarias continuas,2016-10-01,0,3,4,1,0,8
COBIJA,"anticoncepcion, prevencion de its y de cancer de cuello uterino",metodos naturales: usuarias continuas,2016-10-01,0,8,16,7,0,31
COCHABAMBA,"anticoncepcion, prevencion de its y de cancer de cuello uterino",metodos naturales: usuarias continuas,2016-10-01,0,3,228,8,0,239
"COLCHA ""K""","anticoncepcion, prevencion de its y de cancer de cuello uterino",metodos naturales: usuarias continuas,2016-10-01,0,0,0,1,0,1
COLQUECHACA,"anticoncepcion, prevencion de its y de cancer de cuello uterino",metodos naturales: usuarias continuas,2016-10-01,0,0,2,0,0,2
CORQUE,"anticoncepcion, prevencion de its y de cancer de cuello uterino",metodos naturales: usuarias continuas,2016-10-01,0,2,0,0,0,2
COTAGAITA,"anticoncepcion, prevencion de its y de cancer de cuello uterino",metodos naturales: usuarias continuas,2016-10-01,0,1,1,2,0,4
COTOCA,"anticoncepcion, prevencion de its y de cancer de cuello uterino",metodos naturales: usuarias continuas,2016-10-01,0,2,5,1,0,8
CUCHUMUELA (V. G. VILLARROEL),"anticoncepcion, prevencion de its y de cancer de cuello uterino",metodos naturales: usuarias continuas,2016-10-01,0,0,1,0,0,1
EL ALTO,"anticoncepcion, prevencion de its y de cancer de cuello uterino",metodos naturales: usuarias continuas,2016-10-01,0,26,163,233,9,431
EL TORNO,"anticoncepcion, prevencion de its y de cancer de cuello uterino",metodos naturales: usuarias continuas,2016-10-01,0,0,4,5,0,9
ENTRE RIOS TRJ,"anticoncepcion, prevencion de its y de cancer de cuello uterino",metodos naturales: usuarias continuas,2016-10-01,0,0,2,0,0,2
GUAYARAMERIN,"anticoncepcion, prevencion de its y de cancer de cuello uterino",metodos naturales: usuarias continuas,2016-10-01,0,17,30,2,0,49
HUACHACALLA,"anticoncepcion, prevencion de its y de cancer de cuello uterino",metodos naturales: usuarias continuas,2016-10-01,0,0,1,0,0,1
LA GUARDIA,"anticoncepcion, prevencion de its y de cancer de cuello uterino",metodos naturales: usuarias continuas,2016-10-01,0,0,0,1,0,1
LA PAZ,"anticoncepcion, prevencion de its y de cancer de cuello uterino",metodos naturales: usuarias continuas,2016-10-01,0,7,118,81,19,225
LAJA,"anticoncepcion, prevencion de its y de cancer de cuello uterino",metodos naturales: usuarias continuas,2016-10-01,0,1,5,1,0,7
LORETO,"anticoncepcion, prevencion de its y de cancer de cuello uterino",metodos naturales: usuarias continuas,2016-10-01,0,0,1,0,0,1
MACHACAMARCA,"anticoncepcion, prevencion de its y de cancer de cuello uterino",metodos naturales: usuarias continuas,2016-10-01,0,0,1,1,0,2
MINEROS,"anticoncepcion, prevencion de its y de cancer de cuello uterino",metodos naturales: usuarias continuas,2016-10-01,1,4,2,0,0,7
MOJOCOYA,"anticoncepcion, prevencion de its y de cancer de cuello uterino",metodos naturales: usuarias continuas,2016-10-01,0,0,1,0,0,1
MONTEAGUDO,"anticoncepcion, prevencion de its y de cancer de cuello uterino",metodos naturales: usuarias continuas,2016-10-01,0,3,1,2,0,6
MONTERO,"anticoncepcion, prevencion de its y de cancer de cuello uterino",metodos naturales: usuarias continuas,2016-10-01,0,0,1,0,0,1
MOROCHATA,"anticoncepcion, prevencion de its y de cancer de cuello uterino",metodos naturales: usuarias continuas,2016-10-01,1,0,1,1,0,3
OCURI,"anticoncepcion, prevencion de its y de cancer de cuello uterino",metodos naturales: usuarias continuas,2016-10-01,1,0,0,0,0,1
OMEREQUE,"anticoncepcion, prevencion de its y de cancer de cuello uterino",metodos naturales: usuarias continuas,2016-10-01,0,1,10,2,0,13
ORURO,"anticoncepcion, prevencion de its y de cancer de cuello uterino",metodos naturales: usuarias continuas,2016-10-01,0,12,94,19,0,125
PAMPA AULLAGAS,"anticoncepcion, prevencion de its y de cancer de cuello uterino",metodos naturales: usuarias continuas,2016-10-01,0,1,0,0,0,1
PAZÑA,"anticoncepcion, prevencion de its y de cancer de cuello uterino",metodos naturales: usuarias continuas,2016-10-01,0,0,2,0,0,2
POCOATA,"anticoncepcion, prevencion de its y de cancer de cuello uterino",metodos naturales: usuarias continuas,2016-10-01,0,3,4,1,0,8
POCONA,"anticoncepcion, prevencion de its y de cancer de cuello uterino",metodos naturales: usuarias continuas,2016-10-01,0,1,2,0,0,3
POJO (CBBA),"anticoncepcion, prevencion de its y de cancer de cuello uterino",metodos naturales: usuarias continuas,2016-10-01,0,1,2,0,0,3
POOPO,"anticoncepcion, prevencion de its y de cancer de cuello uterino",metodos naturales: usuarias continuas,2016-10-01,0,0,2,0,0,2
POROMA,"anticoncepcion, prevencion de its y de cancer de cuello uterino",metodos naturales: usuarias continuas,2016-10-01,0,0,1,4,0,5
PORTACHUELO,"anticoncepcion, prevencion de its y de cancer de cuello uterino",metodos naturales: usuarias continuas,2016-10-01,1,1,16,1,0,19
POTOSI,"anticoncepcion, prevencion de its y de cancer de cuello uterino",metodos naturales: usuarias continuas,2016-10-01,3,23,179,63,0,268
PUERTO GONZALO MORENO,"anticoncepcion, prevencion de its y de cancer de cuello uterino",metodos naturales: usuarias continuas,2016-10-01,0,1,1,0,0,2
PUERTO RICO,"anticoncepcion, prevencion de its y de cancer de cuello uterino",metodos naturales: usuarias continuas,2016-10-01,0,1,4,0,0,5
PUERTO VILLARROEL,"anticoncepcion, prevencion de its y de cancer de cuello uterino",metodos naturales: usuarias continuas,2016-10-01,0,5,8,1,1,15
PUNATA,"anticoncepcion, prevencion de its y de cancer de cuello uterino",metodos naturales: usuarias continuas,2016-10-01,0,2,4,2,0,8
QUILLACOLLO,"anticoncepcion, prevencion de its y de cancer de cuello uterino",metodos naturales: usuarias continuas,2016-10-01,2,4,4,1,0,11
RAVELO,"anticoncepcion, prevencion de its y de cancer de cuello uterino",metodos naturales: usuarias continuas,2016-10-01,0,1,4,6,0,11
RIBERALTA,"anticoncepcion, prevencion de its y de cancer de cuello uterino",metodos naturales: usuarias continuas,2016-10-01,1,30,96,13,0,140
SACABA,"anticoncepcion, prevencion de its y de cancer de cuello uterino",metodos naturales: usuarias continuas,2016-10-01,0,9,49,28,3,89
SALINAS DE GARCI MENDOZA,"anticoncepcion, prevencion de its y de cancer de cuello uterino",metodos naturales: usuarias continuas,2016-10-01,0,6,20,6,0,32
SAMAIPATA,"anticoncepcion, prevencion de its y de cancer de cuello uterino",metodos naturales: usuarias continuas,2016-10-01,0,0,1,0,0,1
SAN ANDRES,"anticoncepcion, prevencion de its y de cancer de cuello uterino",metodos naturales: usuarias continuas,2016-10-01,0,1,0,0,0,1
SAN ANTONIO DE LOMERIO,"anticoncepcion, prevencion de its y de cancer de cuello uterino",metodos naturales: usuarias continuas,2016-10-01,0,0,0,1,0,1
SAN BORJA,"anticoncepcion, prevencion de its y de cancer de cuello uterino",metodos naturales: usuarias continuas,2016-10-01,0,3,20,0,0,23
SAN BUENA VENTURA,"anticoncepcion, prevencion de its y de cancer de cuello uterino",metodos naturales: usuarias continuas,2016-10-01,2,5,10,1,0,18
SAN IGNACIO,"anticoncepcion, prevencion de its y de cancer de cuello uterino",metodos naturales: usuarias continuas,2016-10-01,1,5,13,0,0,19
SAN IGNACIO DE VELASCO,"anticoncepcion, prevencion de its y de cancer de cuello uterino",metodos naturales: usuarias continuas,2016-10-01,0,3,2,2,0,7
SAN MIGUEL DE VELASCO,"anticoncepcion, prevencion de its y de cancer de cuello uterino",metodos naturales: usuarias continuas,2016-10-01,0,1,7,3,0,11
SAN PEDRO DE BUENA VISTA,"anticoncepcion, prevencion de its y de cancer de cuello uterino",metodos naturales: usuarias continuas,2016-10-01,0,0,2,2,0,4
SAN PEDRO DE TIQUINA,"anticoncepcion, prevencion de its y de cancer de cuello uterino",metodos naturales: usuarias continuas,2016-10-01,0,0,1,0,0,1
SAN RAFAEL,"anticoncepcion, prevencion de its y de cancer de cuello uterino",metodos naturales: usuarias continuas,2016-10-01,0,0,1,0,0,1
SANTA ANA,"anticoncepcion, prevencion de its y de cancer de cuello uterino",metodos naturales: usuarias continuas,2016-10-01,0,0,1,1,0,2
SANTA CRUZ DE LA SIERRA,"anticoncepcion, prevencion de its y de cancer de cuello uterino",metodos naturales: usuarias continuas,2016-10-01,14,28,30,29,0,101
SANTA ROSA DEL SARA,"anticoncepcion, prevencion de its y de cancer de cuello uterino",metodos naturales: usuarias continuas,2016-10-01,0,0,1,0,0,1
SANTIAGO DE HUARI,"anticoncepcion, prevencion de its y de cancer de cuello uterino",metodos naturales: usuarias continuas,2016-10-01,0,1,6,1,0,8
SANTIAGO DE HUATA,"anticoncepcion, prevencion de its y de cancer de cuello uterino",metodos naturales: usuarias continuas,2016-10-01,0,2,12,0,0,14
SOPACHUY,"anticoncepcion, prevencion de its y de cancer de cuello uterino",metodos naturales: usuarias continuas,2016-10-01,0,1,5,1,0,7
SORACACHI,"anticoncepcion, prevencion de its y de cancer de cuello uterino",metodos naturales: usuarias continuas,2016-10-01,0,0,1,0,0,1
SUCRE,"anticoncepcion, prevencion de its y de cancer de cuello uterino",metodos naturales: usuarias continuas,2016-10-01,0,2,16,4,0,22
TARATA,"anticoncepcion, prevencion de its y de cancer de cuello uterino",metodos naturales: usuarias continuas,2016-10-01,0,1,5,2,0,8
TINGUIPAYA,"anticoncepcion, prevencion de its y de cancer de cuello uterino",metodos naturales: usuarias continuas,2016-10-01,0,3,0,0,0,3
TIQUIPAYA,"anticoncepcion, prevencion de its y de cancer de cuello uterino",metodos naturales: usuarias continuas,2016-10-01,0,0,1,0,0,1
TOCO,"anticoncepcion, prevencion de its y de cancer de cuello uterino",metodos naturales: usuarias continuas,2016-10-01,0,0,1,0,0,1
TOLATA,"anticoncepcion, prevencion de its y de cancer de cuello uterino",metodos naturales: usuarias continuas,2016-10-01,0,2,1,0,0,3
TOTORA(ORR),"anticoncepcion, prevencion de its y de cancer de cuello uterino",metodos naturales: usuarias continuas,2016-10-01,0,0,0,1,0,1
TRINIDAD,"anticoncepcion, prevencion de its y de cancer de cuello uterino",metodos naturales: usuarias continuas,2016-10-01,0,12,44,7,0,63
UNCIA,"anticoncepcion, prevencion de its y de cancer de cuello uterino",metodos naturales: usuarias continuas,2016-10-01,0,1,2,2,0,5
VIACHA,"anticoncepcion, prevencion de its y de cancer de cuello uterino",metodos naturales: usuarias continuas,2016-10-01,0,0,1,0,0,1
VILLA CHARCAS,"anticoncepcion, prevencion de its y de cancer de cuello uterino",metodos naturales: usuarias continuas,2016-10-01,0,0,7,3,0,10
VILLA RIVERO,"anticoncepcion, prevencion de its y de cancer de cuello uterino",metodos naturales: usuarias continuas,2016-10-01,0,0,2,0,0,2
VILLA TUNARI,"anticoncepcion, prevencion de its y de cancer de cuello uterino",metodos naturales: usuarias continuas,2016-10-01,0,0,1,0,0,1
VILLAZON,"anticoncepcion, prevencion de its y de cancer de cuello uterino",metodos naturales: usuarias continuas,2016-10-01,0,1,10,4,0,15
VINTO,"anticoncepcion, prevencion de its y de cancer de cuello uterino",metodos naturales: usuarias continuas,2016-10-01,0,0,6,0,0,6
YACUIBA,"anticoncepcion, prevencion de its y de cancer de cuello uterino",metodos naturales: usuarias continuas,2016-10-01,0,1,0,0,0,1
YAMPARAEZ,"anticoncepcion, prevencion de its y de cancer de cuello uterino",metodos naturales: usuarias continuas,2016-10-01,0,0,1,0,0,1
YOTALA,"anticoncepcion, prevencion de its y de cancer de cuello uterino",metodos naturales: usuarias continuas,2016-10-01,0,0,8,2,0,10
ACHACACHI,"anticoncepcion, prevencion de its y de cancer de cuello uterino",metodos naturales: usuarias continuas,2016-11-01,0,0,4,2,0,6
ANCORAIMES,"anticoncepcion, prevencion de its y de cancer de cuello uterino",metodos naturales: usuarias continuas,2016-11-01,0,4,10,0,0,14
ANDAMARCA,"anticoncepcion, prevencion de its y de cancer de cuello uterino",metodos naturales: usuarias continuas,2016-11-01,0,0,2,0,0,2
APOLO,"anticoncepcion, prevencion de its y de cancer de cuello uterino",metodos naturales: usuarias continuas,2016-11-01,0,0,2,3,0,5
ATOCHA,"anticoncepcion, prevencion de its y de cancer de cuello uterino",metodos naturales: usuarias continuas,2016-11-01,0,0,3,1,0,4
BETANZOS,"anticoncepcion, prevencion de its y de cancer de cuello uterino",metodos naturales: usuarias continuas,2016-11-01,0,0,3,0,0,3
BOLIVAR,"anticoncepcion, prevencion de its y de cancer de cuello uterino",metodos naturales: usuarias continuas,2016-11-01,0,0,1,0,0,1
BUENA VISTA,"anticoncepcion, prevencion de its y de cancer de cuello uterino",metodos naturales: usuarias continuas,2016-11-01,0,0,2,0,0,2
"CAIZA ""D""","anticoncepcion, prevencion de its y de cancer de cuello uterino",metodos naturales: usuarias continuas,2016-11-01,0,0,1,1,0,2
CAMATAQUI (C. VILLA ABECIA),"anticoncepcion, prevencion de its y de cancer de cuello uterino",metodos naturales: usuarias continuas,2016-11-01,0,0,2,0,0,2
CARIPUYO,"anticoncepcion, prevencion de its y de cancer de cuello uterino",metodos naturales: usuarias continuas,2016-11-01,0,0,0,2,0,2
CHALLAPATA,"anticoncepcion, prevencion de its y de cancer de cuello uterino",metodos naturales: usuarias continuas,2016-11-01,0,4,19,7,0,30
CHAQUI,"anticoncepcion, prevencion de its y de cancer de cuello uterino",metodos naturales: usuarias continuas,2016-11-01,0,7,25,8,0,40
CHOQUE COTA,"anticoncepcion, prevencion de its y de cancer de cuello uterino",metodos naturales: usuarias continuas,2016-11-01,1,1,2,1,0,5
CKOCHAS,"anticoncepcion, prevencion de its y de cancer de cuello uterino",metodos naturales: usuarias continuas,2016-11-01,0,1,3,2,0,6
COBIJA,"anticoncepcion, prevencion de its y de cancer de cuello uterino",metodos naturales: usuarias continuas,2016-11-01,0,0,3,3,0,6
COCHABAMBA,"anticoncepcion, prevencion de its y de cancer de cuello uterino",metodos naturales: usuarias continuas,2016-11-01,10,37,123,50,0,220
COLCAPIRHUA,"anticoncepcion, prevencion de its y de cancer de cuello uterino",metodos naturales: usuarias continuas,2016-11-01,0,2,6,3,0,11
COLOMI,"anticoncepcion, prevencion de its y de cancer de cuello uterino",metodos naturales: usuarias continuas,2016-11-01,0,1,0,0,0,1
COLQUECHACA,"anticoncepcion, prevencion de its y de cancer de cuello uterino",metodos naturales: usuarias continuas,2016-11-01,0,1,1,0,0,2
CORQUE,"anticoncepcion, prevencion de its y de cancer de cuello uterino",metodos naturales: usuarias continuas,2016-11-01,0,1,1,1,0,3
COTOCA,"anticoncepcion, prevencion de its y de cancer de cuello uterino",metodos naturales: usuarias continuas,2016-11-01,0,0,2,0,0,2
CURAHUARA DE CARANGAS,"anticoncepcion, prevencion de its y de cancer de cuello uterino",metodos naturales: usuarias continuas,2016-11-01,0,0,3,1,0,4
EL ALTO,"anticoncepcion, prevencion de its y de cancer de cuello uterino",metodos naturales: usuarias continuas,2016-11-01,1,7,215,104,6,333
EL TORNO,"anticoncepcion, prevencion de its y de cancer de cuello uterino",metodos naturales: usuarias continuas,2016-11-01,0,1,0,0,0,1
ENTRE RIOS TRJ,"anticoncepcion, prevencion de its y de cancer de cuello uterino",metodos naturales: usuarias continuas,2016-11-01,0,0,1,0,0,1
FERNANDEZ ALONSO,"anticoncepcion, prevencion de its y de cancer de cuello uterino",metodos naturales: usuarias continuas,2016-11-01,0,0,1,0,0,1
GUAYARAMERIN,"anticoncepcion, prevencion de its y de cancer de cuello uterino",metodos naturales: usuarias continuas,2016-11-01,0,12,27,0,0,39
INCAHUASI,"anticoncepcion, prevencion de its y de cancer de cuello uterino",metodos naturales: usuarias continuas,2016-11-01,0,0,2,0,0,2
IRUPANA (VILLA DE LANZA),"anticoncepcion, prevencion de its y de cancer de cuello uterino",metodos naturales: usuarias continuas,2016-11-01,0,0,1,0,0,1
LA PAZ,"anticoncepcion, prevencion de its y de cancer de cuello uterino",metodos naturales: usuarias continuas,2016-11-01,0,3,102,41,0,146
LAJA,"anticoncepcion, prevencion de its y de cancer de cuello uterino",metodos naturales: usuarias continuas,2016-11-01,0,0,5,1,0,6
MACHACAMARCA,"anticoncepcion, prevencion de its y de cancer de cuello uterino",metodos naturales: usuarias continuas,2016-11-01,0,0,2,0,0,2
MINEROS,"anticoncepcion, prevencion de its y de cancer de cuello uterino",metodos naturales: usuarias continuas,2016-11-01,1,2,2,1,0,6
MOJOCOYA,"anticoncepcion, prevencion de its y de cancer de cuello uterino",metodos naturales: usuarias continuas,2016-11-01,0,0,2,2,0,4
MOROCHATA,"anticoncepcion, prevencion de its y de cancer de cuello uterino",metodos naturales: usuarias continuas,2016-11-01,0,0,1,3,0,4
OMEREQUE,"anticoncepcion, prevencion de its y de cancer de cuello uterino",metodos naturales: usuarias continuas,2016-11-01,0,2,8,4,0,14
ORURO,"anticoncepcion, prevencion de its y de cancer de cuello uterino",metodos naturales: usuarias continuas,2016-11-01,0,10,69,13,0,92
PAPEL PAMPA,"anticoncepcion, prevencion de its y de cancer de cuello uterino",metodos naturales: usuarias continuas,2016-11-01,0,0,1,0,0,1
PATACAMAYA,"anticoncepcion, prevencion de its y de cancer de cuello uterino",metodos naturales: usuarias continuas,2016-11-01,0,1,1,0,0,2
PAZÑA,"anticoncepcion, prevencion de its y de cancer de cuello uterino",metodos naturales: usuarias continuas,2016-11-01,0,0,1,0,0,1
POCOATA,"anticoncepcion, prevencion de its y de cancer de cuello uterino",metodos naturales: usuarias continuas,2016-11-01,0,0,3,3,0,6
POJO (CBBA),"anticoncepcion, prevencion de its y de cancer de cuello uterino",metodos naturales: usuarias continuas,2016-11-01,0,0,2,0,0,2
POOPO,"anticoncepcion, prevencion de its y de cancer de cuello uterino",metodos naturales: usuarias continuas,2016-11-01,0,0,2,0,0,2
POROMA,"anticoncepcion, prevencion de its y de cancer de cuello uterino",metodos naturales: usuarias continuas,2016-11-01,0,3,0,3,0,6
PORTACHUELO,"anticoncepcion, prevencion de its y de cancer de cuello uterino",metodos naturales: usuarias continuas,2016-11-01,0,4,8,0,0,12
POTOSI,"anticoncepcion, prevencion de its y de cancer de cuello uterino",metodos naturales: usuarias continuas,2016-11-01,4,29,199,58,0,290
PUERTO GONZALO MORENO,"anticoncepcion, prevencion de its y de cancer de cuello uterino",metodos naturales: usuarias continuas,2016-11-01,0,0,1,0,0,1
PUERTO RICO,"anticoncepcion, prevencion de its y de cancer de cuello uterino",metodos naturales: usuarias continuas,2016-11-01,0,1,3,1,0,5
PUERTO VILLARROEL,"anticoncepcion, prevencion de its y de cancer de cuello uterino",metodos naturales: usuarias continuas,2016-11-01,0,4,13,3,0,20
PUNA,"anticoncepcion, prevencion de its y de cancer de cuello uterino",metodos naturales: usuarias continuas,2016-11-01,0,1,0,1,0,2
PUNATA,"anticoncepcion, prevencion de its y de cancer de cuello uterino",metodos naturales: usuarias continuas,2016-11-01,0,2,2,0,0,4
QUILLACOLLO,"anticoncepcion, prevencion de its y de cancer de cuello uterino",metodos naturales: usuarias continuas,2016-11-01,0,2,25,2,0,29
RIBERALTA,"anticoncepcion, prevencion de its y de cancer de cuello uterino",metodos naturales: usuarias continuas,2016-11-01,1,31,107,8,0,147
SACABA,"anticoncepcion, prevencion de its y de cancer de cuello uterino",metodos naturales: usuarias continuas,2016-11-01,0,9,69,19,1,98
SALINAS DE GARCI MENDOZA,"anticoncepcion, prevencion de its y de cancer de cuello uterino",metodos naturales: usuarias continuas,2016-11-01,0,3,13,3,0,19
SAMAIPATA,"anticoncepcion, prevencion de its y de cancer de cuello uterino",metodos naturales: usuarias continuas,2016-11-01,0,1,0,0,0,1
SAN BENITO,"anticoncepcion, prevencion de its y de cancer de cuello uterino",metodos naturales: usuarias continuas,2016-11-01,0,1,0,0,0,1
SAN BORJA,"anticoncepcion, prevencion de its y de cancer de cuello uterino",metodos naturales: usuarias continuas,2016-11-01,0,0,0,1,0,1
SAN BUENA VENTURA,"anticoncepcion, prevencion de its y de cancer de cuello uterino",metodos naturales: usuarias continuas,2016-11-01,0,1,9,1,0,11
SAN CARLOS,"anticoncepcion, prevencion de its y de cancer de cuello uterino",metodos naturales: usuarias continuas,2016-11-01,0,0,1,0,0,1
SAN IGNACIO,"anticoncepcion, prevencion de its y de cancer de cuello uterino",metodos naturales: usuarias continuas,2016-11-01,0,4,14,0,0,18
SAN IGNACIO DE VELASCO,"anticoncepcion, prevencion de its y de cancer de cuello uterino",metodos naturales: usuarias continuas,2016-11-01,0,3,9,2,0,14
SAN JULIAN,"anticoncepcion, prevencion de its y de cancer de cuello uterino",metodos naturales: usuarias continuas,2016-11-01,0,0,7,0,0,7
SAN LUCAS,"anticoncepcion, prevencion de its y de cancer de cuello uterino",metodos naturales: usuarias continuas,2016-11-01,0,1,2,0,0,3
SAN MIGUEL DE VELASCO,"anticoncepcion, prevencion de its y de cancer de cuello uterino",metodos naturales: usuarias continuas,2016-11-01,0,3,9,1,0,13
SAN PEDRO DE BUENA VISTA,"anticoncepcion, prevencion de its y de cancer de cuello uterino",metodos naturales: usuarias continuas,2016-11-01,0,0,2,1,0,3
SAN PEDRO DE TIQUINA,"anticoncepcion, prevencion de its y de cancer de cuello uterino",metodos naturales: usuarias continuas,2016-11-01,0,1,2,3,0,6
SANTA CRUZ DE LA SIERRA,"anticoncepcion, prevencion de its y de cancer de cuello uterino",metodos naturales: usuarias continuas,2016-11-01,12,26,24,29,0,91
SANTA ROSA,"anticoncepcion, prevencion de its y de cancer de cuello uterino",metodos naturales: usuarias continuas,2016-11-01,0,1,3,0,0,4
SANTIAGO DE HUARI,"anticoncepcion, prevencion de its y de cancer de cuello uterino",metodos naturales: usuarias continuas,2016-11-01,0,3,4,2,0,9
SANTIAGO DE HUATA,"anticoncepcion, prevencion de its y de cancer de cuello uterino",metodos naturales: usuarias continuas,2016-11-01,0,1,11,0,0,12
SICA SICA (VILLA AROMA),"anticoncepcion, prevencion de its y de cancer de cuello uterino",metodos naturales: usuarias continuas,2016-11-01,0,0,1,0,0,1
SORACACHI,"anticoncepcion, prevencion de its y de cancer de cuello uterino",metodos naturales: usuarias continuas,2016-11-01,0,0,4,0,0,4
SUCRE,"anticoncepcion, prevencion de its y de cancer de cuello uterino",metodos naturales: usuarias continuas,2016-11-01,0,1,18,3,0,22
TAPACARI,"anticoncepcion, prevencion de its y de cancer de cuello uterino",metodos naturales: usuarias continuas,2016-11-01,0,0,1,0,0,1
TIAWANACU,"anticoncepcion, prevencion de its y de cancer de cuello uterino",metodos naturales: usuarias continuas,2016-11-01,0,0,1,0,0,1
TIQUIPAYA,"anticoncepcion, prevencion de its y de cancer de cuello uterino",metodos naturales: usuarias continuas,2016-11-01,0,0,1,0,0,1
TOLATA,"anticoncepcion, prevencion de its y de cancer de cuello uterino",metodos naturales: usuarias continuas,2016-11-01,0,2,3,0,0,5
TOMINA,"anticoncepcion, prevencion de its y de cancer de cuello uterino",metodos naturales: usuarias continuas,2016-11-01,0,0,1,0,0,1
TRINIDAD,"anticoncepcion, prevencion de its y de cancer de cuello uterino",metodos naturales: usuarias continuas,2016-11-01,4,13,22,7,0,46
TUPIZA,"anticoncepcion, prevencion de its y de cancer de cuello uterino",metodos naturales: usuarias continuas,2016-11-01,0,0,1,0,0,1
UNCIA,"anticoncepcion, prevencion de its y de cancer de cuello uterino",metodos naturales: usuarias continuas,2016-11-01,0,0,4,2,0,6
VILLA CHARCAS,"anticoncepcion, prevencion de its y de cancer de cuello uterino",metodos naturales: usuarias continuas,2016-11-01,0,3,12,2,0,17
VILLA RIVERO,"anticoncepcion, prevencion de its y de cancer de cuello uterino",metodos naturales: usuarias continuas,2016-11-01,0,1,2,0,0,3
VILLA TUNARI,"anticoncepcion, prevencion de its y de cancer de cuello uterino",metodos naturales: usuarias continuas,2016-11-01,0,0,1,0,0,1
VILLAZON,"anticoncepcion, prevencion de its y de cancer de cuello uterino",metodos naturales: usuarias continuas,2016-11-01,0,0,4,0,0,4
VINTO,"anticoncepcion, prevencion de its y de cancer de cuello uterino",metodos naturales: usuarias continuas,2016-11-01,0,2,11,2,0,15
WARNES,"anticoncepcion, prevencion de its y de cancer de cuello uterino",metodos naturales: usuarias continuas,2016-11-01,0,1,2,0,0,3
YAMPARAEZ,"anticoncepcion, prevencion de its y de cancer de cuello uterino",metodos naturales: usuarias continuas,2016-11-01,0,0,1,0,0,1
YAPACANI,"anticoncepcion, prevencion de its y de cancer de cuello uterino",metodos naturales: usuarias continuas,2016-11-01,0,0,4,0,0,4
YOTALA,"anticoncepcion, prevencion de its y de cancer de cuello uterino",metodos naturales: usuarias continuas,2016-11-01,0,1,0,0,0,1
ANCORAIMES,"anticoncepcion, prevencion de its y de cancer de cuello uterino",metodos naturales: usuarias continuas,2016-12-01,0,2,7,1,0,10
ANDAMARCA,"anticoncepcion, prevencion de its y de cancer de cuello uterino",metodos naturales: usuarias continuas,2016-12-01,0,0,1,0,0,1
ANTEQUERA,"anticoncepcion, prevencion de its y de cancer de cuello uterino",metodos naturales: usuarias continuas,2016-12-01,0,0,1,0,0,1
APOLO,"anticoncepcion, prevencion de its y de cancer de cuello uterino",metodos naturales: usuarias continuas,2016-12-01,0,1,2,0,0,3
ARBIETO,"anticoncepcion, prevencion de its y de cancer de cuello uterino",metodos naturales: usuarias continuas,2016-12-01,0,0,1,0,0,1
ATOCHA,"anticoncepcion, prevencion de its y de cancer de cuello uterino",metodos naturales: usuarias continuas,2016-12-01,0,0,2,0,0,2
BATALLAS,"anticoncepcion, prevencion de its y de cancer de cuello uterino",metodos naturales: usuarias continuas,2016-12-01,0,1,0,0,0,1
BETANZOS,"anticoncepcion, prevencion de its y de cancer de cuello uterino",metodos naturales: usuarias continuas,2016-12-01,0,0,6,1,0,7
"CAIZA ""D""","anticoncepcion, prevencion de its y de cancer de cuello uterino",metodos naturales: usuarias continuas,2016-12-01,0,0,2,0,0,2
CAMARGO,"anticoncepcion, prevencion de its y de cancer de cuello uterino",metodos naturales: usuarias continuas,2016-12-01,0,0,1,0,0,1
CARACOLLO,"anticoncepcion, prevencion de its y de cancer de cuello uterino",metodos naturales: usuarias continuas,2016-12-01,0,1,3,1,0,5
CARIPUYO,"anticoncepcion, prevencion de its y de cancer de cuello uterino",metodos naturales: usuarias continuas,2016-12-01,0,0,1,1,0,2
CHALLAPATA,"anticoncepcion, prevencion de its y de cancer de cuello uterino",metodos naturales: usuarias continuas,2016-12-01,0,3,21,7,0,31
CHAQUI,"anticoncepcion, prevencion de its y de cancer de cuello uterino",metodos naturales: usuarias continuas,2016-12-01,0,4,11,7,0,22
CHOQUE COTA,"anticoncepcion, prevencion de its y de cancer de cuello uterino",metodos naturales: usuarias continuas,2016-12-01,1,2,1,0,0,4
CKOCHAS,"anticoncepcion, prevencion de its y de cancer de cuello uterino",metodos naturales: usuarias continuas,2016-12-01,0,1,4,2,0,7
COBIJA,"anticoncepcion, prevencion de its y de cancer de cuello uterino",metodos naturales: usuarias continuas,2016-12-01,0,2,10,10,0,22
COCHABAMBA,"anticoncepcion, prevencion de its y de cancer de cuello uterino",metodos naturales: usuarias continuas,2016-12-01,0,27,418,44,0,489
COLCAPIRHUA,"anticoncepcion, prevencion de its y de cancer de cuello uterino",metodos naturales: usuarias continuas,2016-12-01,0,0,3,1,0,4
COLOMI,"anticoncepcion, prevencion de its y de cancer de cuello uterino",metodos naturales: usuarias continuas,2016-12-01,0,0,1,0,0,1
CORQUE,"anticoncepcion, prevencion de its y de cancer de cuello uterino",metodos naturales: usuarias continuas,2016-12-01,0,1,1,1,0,3
COTOCA,"anticoncepcion, prevencion de its y de cancer de cuello uterino",metodos naturales: usuarias continuas,2016-12-01,0,1,1,3,0,5
EL ALTO,"anticoncepcion, prevencion de its y de cancer de cuello uterino",metodos naturales: usuarias continuas,2016-12-01,0,6,91,16,1,114
ENTRE RIOS TRJ,"anticoncepcion, prevencion de its y de cancer de cuello uterino",metodos naturales: usuarias continuas,2016-12-01,0,1,1,0,0,2
FERNANDEZ ALONSO,"anticoncepcion, prevencion de its y de cancer de cuello uterino",metodos naturales: usuarias continuas,2016-12-01,0,1,5,1,0,7
FILADELFIA,"anticoncepcion, prevencion de its y de cancer de cuello uterino",metodos naturales: usuarias continuas,2016-12-01,0,1,2,0,0,3
GUAYARAMERIN,"anticoncepcion, prevencion de its y de cancer de cuello uterino",metodos naturales: usuarias continuas,2016-12-01,0,16,24,1,0,41
HUACHACALLA,"anticoncepcion, prevencion de its y de cancer de cuello uterino",metodos naturales: usuarias continuas,2016-12-01,0,1,1,1,0,3
IRUPANA (VILLA DE LANZA),"anticoncepcion, prevencion de its y de cancer de cuello uterino",metodos naturales: usuarias continuas,2016-12-01,0,0,1,0,0,1
JESUS DE MACHACA,"anticoncepcion, prevencion de its y de cancer de cuello uterino",metodos naturales: usuarias continuas,2016-12-01,0,0,1,0,0,1
LA GUARDIA,"anticoncepcion, prevencion de its y de cancer de cuello uterino",metodos naturales: usuarias continuas,2016-12-01,0,0,3,0,0,3
LA PAZ,"anticoncepcion, prevencion de its y de cancer de cuello uterino",metodos naturales: usuarias continuas,2016-12-01,0,3,78,53,1,135
LAGUNILLAS,"anticoncepcion, prevencion de its y de cancer de cuello uterino",metodos naturales: usuarias continuas,2016-12-01,0,0,3,0,0,3
LAJA,"anticoncepcion, prevencion de its y de cancer de cuello uterino",metodos naturales: usuarias continuas,2016-12-01,0,0,6,1,0,7
LORETO,"anticoncepcion, prevencion de its y de cancer de cuello uterino",metodos naturales: usuarias continuas,2016-12-01,0,0,0,2,0,2
MOJOCOYA,"anticoncepcion, prevencion de its y de cancer de cuello uterino",metodos naturales: usuarias continuas,2016-12-01,0,0,1,0,0,1
MONTEAGUDO,"anticoncepcion, prevencion de its y de cancer de cuello uterino",metodos naturales: usuarias continuas,2016-12-01,0,0,1,0,0,1
MONTERO,"anticoncepcion, prevencion de its y de cancer de cuello uterino",metodos naturales: usuarias continuas,2016-12-01,0,2,2,1,0,5
MOROCHATA,"anticoncepcion, prevencion de its y de cancer de cuello uterino",metodos naturales: usuarias continuas,2016-12-01,0,0,0,1,0,1
OCURI,"anticoncepcion, prevencion de its y de cancer de cuello uterino",metodos naturales: usuarias continuas,2016-12-01,0,1,1,0,0,2
OMEREQUE,"anticoncepcion, prevencion de its y de cancer de cuello uterino",metodos naturales: usuarias continuas,2016-12-01,0,1,6,1,0,8
ORURO,"anticoncepcion, prevencion de its y de cancer de cuello uterino",metodos naturales: usuarias continuas,2016-12-01,0,8,76,9,0,93
PASORAPA,"anticoncepcion, prevencion de its y de cancer de cuello uterino",metodos naturales: usuarias continuas,2016-12-01,0,0,1,0,0,1
PAZÑA,"anticoncepcion, prevencion de its y de cancer de cuello uterino",metodos naturales: usuarias continuas,2016-12-01,0,0,2,0,0,2
POCOATA,"anticoncepcion, prevencion de its y de cancer de cuello uterino",metodos naturales: usuarias continuas,2016-12-01,0,2,5,3,0,10
POCONA,"anticoncepcion, prevencion de its y de cancer de cuello uterino",metodos naturales: usuarias continuas,2016-12-01,0,0,0,1,0,1
POOPO,"anticoncepcion, prevencion de its y de cancer de cuello uterino",metodos naturales: usuarias continuas,2016-12-01,0,0,1,0,0,1
POROMA,"anticoncepcion, prevencion de its y de cancer de cuello uterino",metodos naturales: usuarias continuas,2016-12-01,0,0,5,1,0,6
PORTACHUELO,"anticoncepcion, prevencion de its y de cancer de cuello uterino",metodos naturales: usuarias continuas,2016-12-01,0,2,12,0,0,14
POTOSI,"anticoncepcion, prevencion de its y de cancer de cuello uterino",metodos naturales: usuarias continuas,2016-12-01,0,4,61,24,0,89
PUCARANI,"anticoncepcion, prevencion de its y de cancer de cuello uterino",metodos naturales: usuarias continuas,2016-12-01,0,0,4,0,0,4
PUERTO GONZALO MORENO,"anticoncepcion, prevencion de its y de cancer de cuello uterino",metodos naturales: usuarias continuas,2016-12-01,0,1,6,0,0,7
PUERTO RICO,"anticoncepcion, prevencion de its y de cancer de cuello uterino",metodos naturales: usuarias continuas,2016-12-01,0,1,3,1,0,5
PUERTO VILLARROEL,"anticoncepcion, prevencion de its y de cancer de cuello uterino",metodos naturales: usuarias continuas,2016-12-01,0,4,3,0,0,7
PUNA,"anticoncepcion, prevencion de its y de cancer de cuello uterino",metodos naturales: usuarias continuas,2016-12-01,0,0,0,6,4,10
PUNATA,"anticoncepcion, prevencion de its y de cancer de cuello uterino",metodos naturales: usuarias continuas,2016-12-01,0,2,3,1,0,6
QUILLACOLLO,"anticoncepcion, prevencion de its y de cancer de cuello uterino",metodos naturales: usuarias continuas,2016-12-01,0,11,29,16,0,56
RIBERALTA,"anticoncepcion, prevencion de its y de cancer de cuello uterino",metodos naturales: usuarias continuas,2016-12-01,0,31,62,7,0,100
SACABA,"anticoncepcion, prevencion de its y de cancer de cuello uterino",metodos naturales: usuarias continuas,2016-12-01,0,1,7,7,0,15
SACACA,"anticoncepcion, prevencion de its y de cancer de cuello uterino",metodos naturales: usuarias continuas,2016-12-01,0,0,0,1,0,1
SALINAS DE GARCI MENDOZA,"anticoncepcion, prevencion de its y de cancer de cuello uterino",metodos naturales: usuarias continuas,2016-12-01,0,4,14,6,0,24
SAMAIPATA,"anticoncepcion, prevencion de its y de cancer de cuello uterino",metodos naturales: usuarias continuas,2016-12-01,0,2,0,0,0,2
SAN ANDRES,"anticoncepcion, prevencion de its y de cancer de cuello uterino",metodos naturales: usuarias continuas,2016-12-01,0,1,0,0,0,1
SAN ANTONIO DE LOMERIO,"anticoncepcion, prevencion de its y de cancer de cuello uterino",metodos naturales: usuarias continuas,2016-12-01,0,0,1,0,0,1
SAN BENITO,"anticoncepcion, prevencion de its y de cancer de cuello uterino",metodos naturales: usuarias continuas,2016-12-01,0,0,3,1,0,4
SAN BORJA,"anticoncepcion, prevencion de its y de cancer de cuello uterino",metodos naturales: usuarias continuas,2016-12-01,0,1,19,10,0,30
SAN CARLOS,"anticoncepcion, prevencion de its y de cancer de cuello uterino",metodos naturales: usuarias continuas,2016-12-01,0,0,2,0,0,2
SAN IGNACIO,"anticoncepcion, prevencion de its y de cancer de cuello uterino",metodos naturales: usuarias continuas,2016-12-01,0,8,13,1,0,22
SAN IGNACIO DE VELASCO,"anticoncepcion, prevencion de its y de cancer de cuello uterino",metodos naturales: usuarias continuas,2016-12-01,0,1,10,1,0,12
SAN JULIAN,"anticoncepcion, prevencion de its y de cancer de cuello uterino",metodos naturales: usuarias continuas,2016-12-01,1,0,0,0,0,1
SAN LORENZO(PND),"anticoncepcion, prevencion de its y de cancer de cuello uterino",metodos naturales: usuarias continuas,2016-12-01,0,2,3,1,0,6
SAN LORENZO(TJA),"anticoncepcion, prevencion de its y de cancer de cuello uterino",metodos naturales: usuarias continuas,2016-12-01,0,0,1,0,0,1
SAN LUCAS,"anticoncepcion, prevencion de its y de cancer de cuello uterino",metodos naturales: usuarias continuas,2016-12-01,0,2,0,0,0,2
SAN MIGUEL DE VELASCO,"anticoncepcion, prevencion de its y de cancer de cuello uterino",metodos naturales: usuarias continuas,2016-12-01,0,2,5,1,0,8
SAN PEDRO DE TIQUINA,"anticoncepcion, prevencion de its y de cancer de cuello uterino",metodos naturales: usuarias continuas,2016-12-01,0,1,5,3,0,9
SAN PEDRO(PND),"anticoncepcion, prevencion de its y de cancer de cuello uterino",metodos naturales: usuarias continuas,2016-12-01,0,0,1,0,0,1
SAN RAFAEL,"anticoncepcion, prevencion de its y de cancer de cuello uterino",metodos naturales: usuarias continuas,2016-12-01,0,1,4,0,0,5
SAN RAMON BENI,"anticoncepcion, prevencion de its y de cancer de cuello uterino",metodos naturales: usuarias continuas,2016-12-01,0,0,4,0,0,4
SANTA CRUZ DE LA SIERRA,"anticoncepcion, prevencion de its y de cancer de cuello uterino",metodos naturales: usuarias continuas,2016-12-01,0,26,30,26,1,83
SANTA ROSA,"anticoncepcion, prevencion de its y de cancer de cuello uterino",metodos naturales: usuarias continuas,2016-12-01,0,0,2,1,0,3
SANTIAGO DE CALLAPA,"anticoncepcion, prevencion de its y de cancer de cuello uterino",metodos naturales: usuarias continuas,2016-12-01,0,1,0,0,0,1
SANTIAGO DE HUARI,"anticoncepcion, prevencion de its y de cancer de cuello uterino",metodos naturales: usuarias continuas,2016-12-01,0,1,0,0,0,1
SANTIAGO DE HUATA,"anticoncepcion, prevencion de its y de cancer de cuello uterino",metodos naturales: usuarias continuas,2016-12-01,0,0,6,0,0,6
SORACACHI,"anticoncepcion, prevencion de its y de cancer de cuello uterino",metodos naturales: usuarias continuas,2016-12-01,0,0,5,1,0,6
SUCRE,"anticoncepcion, prevencion de its y de cancer de cuello uterino",metodos naturales: usuarias continuas,2016-12-01,0,1,28,4,0,33
TARABUCO,"anticoncepcion, prevencion de its y de cancer de cuello uterino",metodos naturales: usuarias continuas,2016-12-01,0,1,2,2,0,5
TARVITA,"anticoncepcion, prevencion de its y de cancer de cuello uterino",metodos naturales: usuarias continuas,2016-12-01,0,0,1,0,0,1
TINGUIPAYA,"anticoncepcion, prevencion de its y de cancer de cuello uterino",metodos naturales: usuarias continuas,2016-12-01,0,1,4,0,0,5
TIQUIPAYA,"anticoncepcion, prevencion de its y de cancer de cuello uterino",metodos naturales: usuarias continuas,2016-12-01,0,0,0,1,0,1
TOCO,"anticoncepcion, prevencion de its y de cancer de cuello uterino",metodos naturales: usuarias continuas,2016-12-01,0,0,1,1,0,2
TOLATA,"anticoncepcion, prevencion de its y de cancer de cuello uterino",metodos naturales: usuarias continuas,2016-12-01,0,2,6,0,0,8
TOLEDO,"anticoncepcion, prevencion de its y de cancer de cuello uterino",metodos naturales: usuarias continuas,2016-12-01,0,0,1,0,0,1
TRINIDAD,"anticoncepcion, prevencion de its y de cancer de cuello uterino",metodos naturales: usuarias continuas,2016-12-01,1,10,33,4,0,48
TUPIZA,"anticoncepcion, prevencion de its y de cancer de cuello uterino",metodos naturales: usuarias continuas,2016-12-01,0,0,1,0,0,1
UNCIA,"anticoncepcion, prevencion de its y de cancer de cuello uterino",metodos naturales: usuarias continuas,2016-12-01,0,0,3,1,0,4
VILLA CHARCAS,"anticoncepcion, prevencion de its y de cancer de cuello uterino",metodos naturales: usuarias continuas,2016-12-01,0,0,8,6,0,14
VILLA RIVERO,"anticoncepcion, prevencion de its y de cancer de cuello uterino",metodos naturales: usuarias continuas,2016-12-01,0,0,1,0,0,1
VILLA SERRANO,"anticoncepcion, prevencion de its y de cancer de cuello uterino",metodos naturales: usuarias continuas,2016-12-01,0,0,1,1,0,2
VILLA TUNARI,"anticoncepcion, prevencion de its y de cancer de cuello uterino",metodos naturales: usuarias continuas,2016-12-01,0,1,2,0,0,3
VILLAZON,"anticoncepcion, prevencion de its y de cancer de cuello uterino",metodos naturales: usuarias continuas,2016-12-01,0,0,7,12,0,19
VINTO,"anticoncepcion, prevencion de its y de cancer de cuello uterino",metodos naturales: usuarias continuas,2016-12-01,0,1,4,0,0,5
WARNES,"anticoncepcion, prevencion de its y de cancer de cuello uterino",metodos naturales: usuarias continuas,2016-12-01,0,1,3,0,0,4
YAMPARAEZ,"anticoncepcion, prevencion de its y de cancer de cuello uterino",metodos naturales: usuarias continuas,2016-12-01,0,0,1,0,0,1
YAPACANI,"anticoncepcion, prevencion de its y de cancer de cuello uterino",metodos naturales: usuarias continuas,2016-12-01,0,0,3,0,0,3
YOTALA,"anticoncepcion, prevencion de its y de cancer de cuello uterino",metodos naturales: usuarias continuas,2016-12-01,0,0,8,1,0,9
