municipality,group,variable,month,Número de inyectables trimestrales suministrados,Número de inyectables trimestrales suministrados1,Número de inyectables trimestrales suministrados2,Número de inyectables trimestrales suministrados3,Número de inyectables trimestrales suministrados4,TOTAL
ACACIO,"anticoncepcion, prevencion de its y de cancer de cuello uterino",numero de inyectables trimestrales suministrados,2016-01-01,0,1,11,10,0,22
ACHACACHI,"anticoncepcion, prevencion de its y de cancer de cuello uterino",numero de inyectables trimestrales suministrados,2016-01-01,0,2,40,24,0,66
ACHOCALLA,"anticoncepcion, prevencion de its y de cancer de cuello uterino",numero de inyectables trimestrales suministrados,2016-01-01,0,2,41,20,1,64
AIQUILE,"anticoncepcion, prevencion de its y de cancer de cuello uterino",numero de inyectables trimestrales suministrados,2016-01-01,0,0,21,27,0,48
ALALAY,"anticoncepcion, prevencion de its y de cancer de cuello uterino",numero de inyectables trimestrales suministrados,2016-01-01,0,0,6,1,0,7
ALCALA,"anticoncepcion, prevencion de its y de cancer de cuello uterino",numero de inyectables trimestrales suministrados,2016-01-01,0,5,19,16,1,41
ALTO BENI,"anticoncepcion, prevencion de its y de cancer de cuello uterino",numero de inyectables trimestrales suministrados,2016-01-01,1,3,28,25,0,57
ANCORAIMES,"anticoncepcion, prevencion de its y de cancer de cuello uterino",numero de inyectables trimestrales suministrados,2016-01-01,0,2,14,16,0,32
ANDAMARCA,"anticoncepcion, prevencion de its y de cancer de cuello uterino",numero de inyectables trimestrales suministrados,2016-01-01,0,2,5,3,0,10
ANTEQUERA,"anticoncepcion, prevencion de its y de cancer de cuello uterino",numero de inyectables trimestrales suministrados,2016-01-01,0,0,2,4,0,6
ANZALDO,"anticoncepcion, prevencion de its y de cancer de cuello uterino",numero de inyectables trimestrales suministrados,2016-01-01,1,3,10,8,1,23
APOLO,"anticoncepcion, prevencion de its y de cancer de cuello uterino",numero de inyectables trimestrales suministrados,2016-01-01,0,6,55,25,1,87
ARAMPAMPA,"anticoncepcion, prevencion de its y de cancer de cuello uterino",numero de inyectables trimestrales suministrados,2016-01-01,0,2,5,1,0,8
ARANI,"anticoncepcion, prevencion de its y de cancer de cuello uterino",numero de inyectables trimestrales suministrados,2016-01-01,0,0,6,8,0,14
ARBIETO,"anticoncepcion, prevencion de its y de cancer de cuello uterino",numero de inyectables trimestrales suministrados,2016-01-01,0,9,56,24,0,89
ARQUE,"anticoncepcion, prevencion de its y de cancer de cuello uterino",numero de inyectables trimestrales suministrados,2016-01-01,0,6,32,42,1,81
ASCENCION DE GUARAYOS,"anticoncepcion, prevencion de its y de cancer de cuello uterino",numero de inyectables trimestrales suministrados,2016-01-01,0,5,41,14,0,60
ATOCHA,"anticoncepcion, prevencion de its y de cancer de cuello uterino",numero de inyectables trimestrales suministrados,2016-01-01,0,0,20,10,0,30
AUCAPATA,"anticoncepcion, prevencion de its y de cancer de cuello uterino",numero de inyectables trimestrales suministrados,2016-01-01,0,1,15,8,0,24
AYATA,"anticoncepcion, prevencion de its y de cancer de cuello uterino",numero de inyectables trimestrales suministrados,2016-01-01,0,1,21,18,0,40
AYO AYO,"anticoncepcion, prevencion de its y de cancer de cuello uterino",numero de inyectables trimestrales suministrados,2016-01-01,0,1,13,12,0,26
AYOPAYA (V. DE INDEPENDENCIA),"anticoncepcion, prevencion de its y de cancer de cuello uterino",numero de inyectables trimestrales suministrados,2016-01-01,0,15,95,66,0,176
AZURDUY,"anticoncepcion, prevencion de its y de cancer de cuello uterino",numero de inyectables trimestrales suministrados,2016-01-01,0,6,54,27,0,87
BATALLAS,"anticoncepcion, prevencion de its y de cancer de cuello uterino",numero de inyectables trimestrales suministrados,2016-01-01,0,7,27,21,1,56
BAURES,"anticoncepcion, prevencion de its y de cancer de cuello uterino",numero de inyectables trimestrales suministrados,2016-01-01,0,1,2,0,0,3
BELEN DE ANDAMARCA,"anticoncepcion, prevencion de its y de cancer de cuello uterino",numero de inyectables trimestrales suministrados,2016-01-01,0,0,0,2,0,2
BELEN DE URMIRI,"anticoncepcion, prevencion de its y de cancer de cuello uterino",numero de inyectables trimestrales suministrados,2016-01-01,0,0,2,3,0,5
BELLA FLOR,"anticoncepcion, prevencion de its y de cancer de cuello uterino",numero de inyectables trimestrales suministrados,2016-01-01,0,5,12,4,0,21
BERMEJO,"anticoncepcion, prevencion de its y de cancer de cuello uterino",numero de inyectables trimestrales suministrados,2016-01-01,1,17,68,31,1,118
BETANZOS,"anticoncepcion, prevencion de its y de cancer de cuello uterino",numero de inyectables trimestrales suministrados,2016-01-01,0,5,45,36,0,86
BOLIVAR,"anticoncepcion, prevencion de its y de cancer de cuello uterino",numero de inyectables trimestrales suministrados,2016-01-01,0,0,6,3,0,9
BOLPEBRA,"anticoncepcion, prevencion de its y de cancer de cuello uterino",numero de inyectables trimestrales suministrados,2016-01-01,0,0,2,0,0,2
BOYUIBE,"anticoncepcion, prevencion de its y de cancer de cuello uterino",numero de inyectables trimestrales suministrados,2016-01-01,0,1,13,11,0,25
BUENA VISTA,"anticoncepcion, prevencion de its y de cancer de cuello uterino",numero de inyectables trimestrales suministrados,2016-01-01,2,4,39,16,0,61
CABEZAS,"anticoncepcion, prevencion de its y de cancer de cuello uterino",numero de inyectables trimestrales suministrados,2016-01-01,0,16,102,22,0,140
CAIROMA,"anticoncepcion, prevencion de its y de cancer de cuello uterino",numero de inyectables trimestrales suministrados,2016-01-01,0,5,24,16,0,45
"CAIZA ""D""","anticoncepcion, prevencion de its y de cancer de cuello uterino",numero de inyectables trimestrales suministrados,2016-01-01,0,0,12,8,0,20
CAJUATA,"anticoncepcion, prevencion de its y de cancer de cuello uterino",numero de inyectables trimestrales suministrados,2016-01-01,0,5,22,16,1,44
CALACOTO,"anticoncepcion, prevencion de its y de cancer de cuello uterino",numero de inyectables trimestrales suministrados,2016-01-01,0,0,2,4,0,6
CALAMARCA,"anticoncepcion, prevencion de its y de cancer de cuello uterino",numero de inyectables trimestrales suministrados,2016-01-01,0,4,49,16,2,71
CAMARGO,"anticoncepcion, prevencion de its y de cancer de cuello uterino",numero de inyectables trimestrales suministrados,2016-01-01,0,4,26,23,0,53
CAMATAQUI (C. VILLA ABECIA),"anticoncepcion, prevencion de its y de cancer de cuello uterino",numero de inyectables trimestrales suministrados,2016-01-01,0,1,12,10,0,23
CAMIRI,"anticoncepcion, prevencion de its y de cancer de cuello uterino",numero de inyectables trimestrales suministrados,2016-01-01,0,3,38,14,0,55
CAPINOTA,"anticoncepcion, prevencion de its y de cancer de cuello uterino",numero de inyectables trimestrales suministrados,2016-01-01,0,9,44,25,2,80
CAQUIAVIRI,"anticoncepcion, prevencion de its y de cancer de cuello uterino",numero de inyectables trimestrales suministrados,2016-01-01,0,3,17,4,0,24
CARACOLLO,"anticoncepcion, prevencion de its y de cancer de cuello uterino",numero de inyectables trimestrales suministrados,2016-01-01,0,4,29,14,0,47
CARANAVI,"anticoncepcion, prevencion de its y de cancer de cuello uterino",numero de inyectables trimestrales suministrados,2016-01-01,0,9,86,47,0,142
CARANGAS,"anticoncepcion, prevencion de its y de cancer de cuello uterino",numero de inyectables trimestrales suministrados,2016-01-01,0,0,1,0,0,1
CARAPARI,"anticoncepcion, prevencion de its y de cancer de cuello uterino",numero de inyectables trimestrales suministrados,2016-01-01,0,6,39,22,1,68
CARIPUYO,"anticoncepcion, prevencion de its y de cancer de cuello uterino",numero de inyectables trimestrales suministrados,2016-01-01,0,0,5,3,0,8
CARMEN RIVERO TORREZ,"anticoncepcion, prevencion de its y de cancer de cuello uterino",numero de inyectables trimestrales suministrados,2016-01-01,1,2,14,5,0,22
CATACORA,"anticoncepcion, prevencion de its y de cancer de cuello uterino",numero de inyectables trimestrales suministrados,2016-01-01,0,0,3,2,0,5
CHACARILLA,"anticoncepcion, prevencion de its y de cancer de cuello uterino",numero de inyectables trimestrales suministrados,2016-01-01,0,1,4,0,2,7
CHALLAPATA,"anticoncepcion, prevencion de its y de cancer de cuello uterino",numero de inyectables trimestrales suministrados,2016-01-01,0,3,34,9,0,46
CHAQUI,"anticoncepcion, prevencion de its y de cancer de cuello uterino",numero de inyectables trimestrales suministrados,2016-01-01,0,3,19,11,0,33
CHARAGUA,"anticoncepcion, prevencion de its y de cancer de cuello uterino",numero de inyectables trimestrales suministrados,2016-01-01,2,4,54,17,0,77
CHARAÑA,"anticoncepcion, prevencion de its y de cancer de cuello uterino",numero de inyectables trimestrales suministrados,2016-01-01,0,0,6,2,0,8
CHAYANTA,"anticoncepcion, prevencion de its y de cancer de cuello uterino",numero de inyectables trimestrales suministrados,2016-01-01,0,1,23,26,0,50
CHIMORE,"anticoncepcion, prevencion de its y de cancer de cuello uterino",numero de inyectables trimestrales suministrados,2016-01-01,0,10,64,22,0,96
CHIPAYA,"anticoncepcion, prevencion de its y de cancer de cuello uterino",numero de inyectables trimestrales suministrados,2016-01-01,0,5,18,4,0,27
CHOQUE COTA,"anticoncepcion, prevencion de its y de cancer de cuello uterino",numero de inyectables trimestrales suministrados,2016-01-01,0,1,1,1,1,4
CHUA COCANI,"anticoncepcion, prevencion de its y de cancer de cuello uterino",numero de inyectables trimestrales suministrados,2016-01-01,0,2,7,6,0,15
CHULUMANI (V. DE LA LIBERTAD),"anticoncepcion, prevencion de its y de cancer de cuello uterino",numero de inyectables trimestrales suministrados,2016-01-01,0,4,32,12,0,48
CHUMA,"anticoncepcion, prevencion de its y de cancer de cuello uterino",numero de inyectables trimestrales suministrados,2016-01-01,0,2,20,22,0,44
CHUQUIHUTA AYLLU JUCUMANI,"anticoncepcion, prevencion de its y de cancer de cuello uterino",numero de inyectables trimestrales suministrados,2016-01-01,0,3,16,9,0,28
CKOCHAS,"anticoncepcion, prevencion de its y de cancer de cuello uterino",numero de inyectables trimestrales suministrados,2016-01-01,0,2,13,26,0,41
CLIZA,"anticoncepcion, prevencion de its y de cancer de cuello uterino",numero de inyectables trimestrales suministrados,2016-01-01,0,3,55,9,0,67
COBIJA,"anticoncepcion, prevencion de its y de cancer de cuello uterino",numero de inyectables trimestrales suministrados,2016-01-01,0,24,80,12,0,116
COCAPATA,"anticoncepcion, prevencion de its y de cancer de cuello uterino",numero de inyectables trimestrales suministrados,2016-01-01,0,5,41,31,0,77
COCHABAMBA,"anticoncepcion, prevencion de its y de cancer de cuello uterino",numero de inyectables trimestrales suministrados,2016-01-01,0,55,389,111,0,555
COIPASA,"anticoncepcion, prevencion de its y de cancer de cuello uterino",numero de inyectables trimestrales suministrados,2016-01-01,0,0,4,1,0,5
COLCAPIRHUA,"anticoncepcion, prevencion de its y de cancer de cuello uterino",numero de inyectables trimestrales suministrados,2016-01-01,0,5,53,15,0,73
"COLCHA ""K""","anticoncepcion, prevencion de its y de cancer de cuello uterino",numero de inyectables trimestrales suministrados,2016-01-01,0,3,54,23,0,80
COLLANA,"anticoncepcion, prevencion de its y de cancer de cuello uterino",numero de inyectables trimestrales suministrados,2016-01-01,0,1,3,3,0,7
COLOMI,"anticoncepcion, prevencion de its y de cancer de cuello uterino",numero de inyectables trimestrales suministrados,2016-01-01,0,13,54,24,0,91
COLPA BELGICA,"anticoncepcion, prevencion de its y de cancer de cuello uterino",numero de inyectables trimestrales suministrados,2016-01-01,1,3,10,0,0,14
COLQUECHACA,"anticoncepcion, prevencion de its y de cancer de cuello uterino",numero de inyectables trimestrales suministrados,2016-01-01,0,3,70,50,0,123
COLQUENCHA,"anticoncepcion, prevencion de its y de cancer de cuello uterino",numero de inyectables trimestrales suministrados,2016-01-01,0,1,24,14,0,39
COLQUIRI,"anticoncepcion, prevencion de its y de cancer de cuello uterino",numero de inyectables trimestrales suministrados,2016-01-01,0,1,26,14,0,41
COMANCHE,"anticoncepcion, prevencion de its y de cancer de cuello uterino",numero de inyectables trimestrales suministrados,2016-01-01,0,0,2,0,0,2
COMARAPA,"anticoncepcion, prevencion de its y de cancer de cuello uterino",numero de inyectables trimestrales suministrados,2016-01-01,0,11,74,30,0,115
COMBAYA,"anticoncepcion, prevencion de its y de cancer de cuello uterino",numero de inyectables trimestrales suministrados,2016-01-01,0,1,3,3,0,7
CONCEPCION,"anticoncepcion, prevencion de its y de cancer de cuello uterino",numero de inyectables trimestrales suministrados,2016-01-01,0,7,45,3,0,55
COPACABANA,"anticoncepcion, prevencion de its y de cancer de cuello uterino",numero de inyectables trimestrales suministrados,2016-01-01,0,2,31,17,0,50
CORIPATA,"anticoncepcion, prevencion de its y de cancer de cuello uterino",numero de inyectables trimestrales suministrados,2016-01-01,0,2,40,12,0,54
CORO CORO,"anticoncepcion, prevencion de its y de cancer de cuello uterino",numero de inyectables trimestrales suministrados,2016-01-01,0,0,8,4,0,12
COROICO,"anticoncepcion, prevencion de its y de cancer de cuello uterino",numero de inyectables trimestrales suministrados,2016-01-01,0,1,15,6,0,22
CORQUE,"anticoncepcion, prevencion de its y de cancer de cuello uterino",numero de inyectables trimestrales suministrados,2016-01-01,0,2,12,6,0,20
COTAGAITA,"anticoncepcion, prevencion de its y de cancer de cuello uterino",numero de inyectables trimestrales suministrados,2016-01-01,0,7,72,33,1,113
COTOCA,"anticoncepcion, prevencion de its y de cancer de cuello uterino",numero de inyectables trimestrales suministrados,2016-01-01,1,24,92,33,0,150
CUATRO CAÑADAS,"anticoncepcion, prevencion de its y de cancer de cuello uterino",numero de inyectables trimestrales suministrados,2016-01-01,0,7,23,13,0,43
CUCHUMUELA (V. G. VILLARROEL),"anticoncepcion, prevencion de its y de cancer de cuello uterino",numero de inyectables trimestrales suministrados,2016-01-01,0,1,11,1,0,13
CUEVO,"anticoncepcion, prevencion de its y de cancer de cuello uterino",numero de inyectables trimestrales suministrados,2016-01-01,0,3,17,1,1,22
CULPINA,"anticoncepcion, prevencion de its y de cancer de cuello uterino",numero de inyectables trimestrales suministrados,2016-01-01,0,9,52,45,0,106
CURAHUARA DE CARANGAS,"anticoncepcion, prevencion de its y de cancer de cuello uterino",numero de inyectables trimestrales suministrados,2016-01-01,0,2,9,8,1,20
CURVA,"anticoncepcion, prevencion de its y de cancer de cuello uterino",numero de inyectables trimestrales suministrados,2016-01-01,0,0,4,4,0,8
DESAGUADERO,"anticoncepcion, prevencion de its y de cancer de cuello uterino",numero de inyectables trimestrales suministrados,2016-01-01,0,0,14,4,0,18
EL ALTO,"anticoncepcion, prevencion de its y de cancer de cuello uterino",numero de inyectables trimestrales suministrados,2016-01-01,0,84,945,342,2,1373
EL CHORO,"anticoncepcion, prevencion de its y de cancer de cuello uterino",numero de inyectables trimestrales suministrados,2016-01-01,0,0,7,2,0,9
EL PUENTE(STC),"anticoncepcion, prevencion de its y de cancer de cuello uterino",numero de inyectables trimestrales suministrados,2016-01-01,0,8,30,22,0,60
EL PUENTE(TJA),"anticoncepcion, prevencion de its y de cancer de cuello uterino",numero de inyectables trimestrales suministrados,2016-01-01,0,14,61,48,0,123
EL TORNO,"anticoncepcion, prevencion de its y de cancer de cuello uterino",numero de inyectables trimestrales suministrados,2016-01-01,8,37,82,32,2,161
EL VILLAR,"anticoncepcion, prevencion de its y de cancer de cuello uterino",numero de inyectables trimestrales suministrados,2016-01-01,0,7,21,21,1,50
ENTRE RIOS TRJ,"anticoncepcion, prevencion de its y de cancer de cuello uterino",numero de inyectables trimestrales suministrados,2016-01-01,0,16,116,52,1,185
ENTRE RIOS CBBA,"anticoncepcion, prevencion de its y de cancer de cuello uterino",numero de inyectables trimestrales suministrados,2016-01-01,0,11,73,14,0,98
ESCOMA,"anticoncepcion, prevencion de its y de cancer de cuello uterino",numero de inyectables trimestrales suministrados,2016-01-01,0,0,5,2,0,7
ESMERALDA,"anticoncepcion, prevencion de its y de cancer de cuello uterino",numero de inyectables trimestrales suministrados,2016-01-01,0,0,2,0,0,2
EUCALIPTUS,"anticoncepcion, prevencion de its y de cancer de cuello uterino",numero de inyectables trimestrales suministrados,2016-01-01,0,0,9,1,0,10
EUREKA (SANTOS MERCADO),"anticoncepcion, prevencion de its y de cancer de cuello uterino",numero de inyectables trimestrales suministrados,2016-01-01,1,1,6,2,1,11
EXALTACION,"anticoncepcion, prevencion de its y de cancer de cuello uterino",numero de inyectables trimestrales suministrados,2016-01-01,0,1,0,1,0,2
FERNANDEZ ALONSO,"anticoncepcion, prevencion de its y de cancer de cuello uterino",numero de inyectables trimestrales suministrados,2016-01-01,1,6,35,14,0,56
FILADELFIA,"anticoncepcion, prevencion de its y de cancer de cuello uterino",numero de inyectables trimestrales suministrados,2016-01-01,0,7,35,5,0,47
GENERAL SAAVEDRA,"anticoncepcion, prevencion de its y de cancer de cuello uterino",numero de inyectables trimestrales suministrados,2016-01-01,1,12,45,22,1,81
GRAL. J.J. PEREZ (CHARAZANI),"anticoncepcion, prevencion de its y de cancer de cuello uterino",numero de inyectables trimestrales suministrados,2016-01-01,0,2,14,10,0,26
GUANAY,"anticoncepcion, prevencion de its y de cancer de cuello uterino",numero de inyectables trimestrales suministrados,2016-01-01,0,1,13,2,0,16
GUAQUI,"anticoncepcion, prevencion de its y de cancer de cuello uterino",numero de inyectables trimestrales suministrados,2016-01-01,0,5,13,8,1,27
GUAYARAMERIN,"anticoncepcion, prevencion de its y de cancer de cuello uterino",numero de inyectables trimestrales suministrados,2016-01-01,0,7,28,6,0,41
GUTIERREZ,"anticoncepcion, prevencion de its y de cancer de cuello uterino",numero de inyectables trimestrales suministrados,2016-01-01,0,2,42,11,0,55
HUACARETA,"anticoncepcion, prevencion de its y de cancer de cuello uterino",numero de inyectables trimestrales suministrados,2016-01-01,0,13,18,14,0,45
HUACAYA (VILLA DE HUACAYA),"anticoncepcion, prevencion de its y de cancer de cuello uterino",numero de inyectables trimestrales suministrados,2016-01-01,0,0,14,4,0,18
HUACHACALLA,"anticoncepcion, prevencion de its y de cancer de cuello uterino",numero de inyectables trimestrales suministrados,2016-01-01,0,0,1,1,0,2
HUANUNI,"anticoncepcion, prevencion de its y de cancer de cuello uterino",numero de inyectables trimestrales suministrados,2016-01-01,0,1,27,12,0,40
HUARACAJE,"anticoncepcion, prevencion de its y de cancer de cuello uterino",numero de inyectables trimestrales suministrados,2016-01-01,0,0,2,0,0,2
HUARINA,"anticoncepcion, prevencion de its y de cancer de cuello uterino",numero de inyectables trimestrales suministrados,2016-01-01,0,2,8,4,0,14
HUATAJATA,"anticoncepcion, prevencion de its y de cancer de cuello uterino",numero de inyectables trimestrales suministrados,2016-01-01,0,0,4,1,0,5
HUAYLLAMARCA,"anticoncepcion, prevencion de its y de cancer de cuello uterino",numero de inyectables trimestrales suministrados,2016-01-01,0,1,11,5,0,17
HUMANATA,"anticoncepcion, prevencion de its y de cancer de cuello uterino",numero de inyectables trimestrales suministrados,2016-01-01,0,0,13,8,0,21
ICHOCA,"anticoncepcion, prevencion de its y de cancer de cuello uterino",numero de inyectables trimestrales suministrados,2016-01-01,0,3,7,2,0,12
ICLA,"anticoncepcion, prevencion de its y de cancer de cuello uterino",numero de inyectables trimestrales suministrados,2016-01-01,0,3,15,14,1,33
INCAHUASI,"anticoncepcion, prevencion de its y de cancer de cuello uterino",numero de inyectables trimestrales suministrados,2016-01-01,0,4,23,19,1,47
INGAVI (HUMAITA),"anticoncepcion, prevencion de its y de cancer de cuello uterino",numero de inyectables trimestrales suministrados,2016-01-01,0,4,7,0,0,11
INQUISIVI,"anticoncepcion, prevencion de its y de cancer de cuello uterino",numero de inyectables trimestrales suministrados,2016-01-01,1,1,14,17,0,33
IRUPANA (VILLA DE LANZA),"anticoncepcion, prevencion de its y de cancer de cuello uterino",numero de inyectables trimestrales suministrados,2016-01-01,0,6,42,18,0,66
IXIAMAS,"anticoncepcion, prevencion de its y de cancer de cuello uterino",numero de inyectables trimestrales suministrados,2016-01-01,0,1,30,7,0,38
JESUS DE MACHACA,"anticoncepcion, prevencion de its y de cancer de cuello uterino",numero de inyectables trimestrales suministrados,2016-01-01,0,3,17,9,0,29
LA ASUNTA,"anticoncepcion, prevencion de its y de cancer de cuello uterino",numero de inyectables trimestrales suministrados,2016-01-01,0,7,112,48,0,167
LA GUARDIA,"anticoncepcion, prevencion de its y de cancer de cuello uterino",numero de inyectables trimestrales suministrados,2016-01-01,4,29,100,19,0,152
LA PAZ,"anticoncepcion, prevencion de its y de cancer de cuello uterino",numero de inyectables trimestrales suministrados,2016-01-01,0,49,333,116,0,498
LA RIVERA,"anticoncepcion, prevencion de its y de cancer de cuello uterino",numero de inyectables trimestrales suministrados,2016-01-01,0,0,1,0,0,1
LAGUNILLAS,"anticoncepcion, prevencion de its y de cancer de cuello uterino",numero de inyectables trimestrales suministrados,2016-01-01,0,1,6,6,0,13
LAJA,"anticoncepcion, prevencion de its y de cancer de cuello uterino",numero de inyectables trimestrales suministrados,2016-01-01,0,7,52,17,1,77
LAS CARRERAS,"anticoncepcion, prevencion de its y de cancer de cuello uterino",numero de inyectables trimestrales suministrados,2016-01-01,0,7,12,5,0,24
LICOMA PAMPA,"anticoncepcion, prevencion de its y de cancer de cuello uterino",numero de inyectables trimestrales suministrados,2016-01-01,0,0,6,2,0,8
LLALLAGUA,"anticoncepcion, prevencion de its y de cancer de cuello uterino",numero de inyectables trimestrales suministrados,2016-01-01,0,6,67,30,1,104
LLICA,"anticoncepcion, prevencion de its y de cancer de cuello uterino",numero de inyectables trimestrales suministrados,2016-01-01,0,3,13,6,0,22
LORETO,"anticoncepcion, prevencion de its y de cancer de cuello uterino",numero de inyectables trimestrales suministrados,2016-01-01,0,6,2,0,0,8
LURIBAY,"anticoncepcion, prevencion de its y de cancer de cuello uterino",numero de inyectables trimestrales suministrados,2016-01-01,0,4,30,20,0,54
MACHACAMARCA,"anticoncepcion, prevencion de its y de cancer de cuello uterino",numero de inyectables trimestrales suministrados,2016-01-01,0,0,3,2,0,5
MACHARETI,"anticoncepcion, prevencion de its y de cancer de cuello uterino",numero de inyectables trimestrales suministrados,2016-01-01,0,1,23,15,0,39
MAGDALENA,"anticoncepcion, prevencion de its y de cancer de cuello uterino",numero de inyectables trimestrales suministrados,2016-01-01,0,7,38,4,0,49
MAIRANA,"anticoncepcion, prevencion de its y de cancer de cuello uterino",numero de inyectables trimestrales suministrados,2016-01-01,0,9,28,7,0,44
MALLA,"anticoncepcion, prevencion de its y de cancer de cuello uterino",numero de inyectables trimestrales suministrados,2016-01-01,0,0,6,1,0,7
MAPIRI,"anticoncepcion, prevencion de its y de cancer de cuello uterino",numero de inyectables trimestrales suministrados,2016-01-01,0,3,19,9,0,31
MECAPACA,"anticoncepcion, prevencion de its y de cancer de cuello uterino",numero de inyectables trimestrales suministrados,2016-01-01,0,1,17,13,0,31
MINEROS,"anticoncepcion, prevencion de its y de cancer de cuello uterino",numero de inyectables trimestrales suministrados,2016-01-01,1,8,57,19,0,85
MIZQUE,"anticoncepcion, prevencion de its y de cancer de cuello uterino",numero de inyectables trimestrales suministrados,2016-01-01,0,16,100,46,0,162
MOCOMOCO,"anticoncepcion, prevencion de its y de cancer de cuello uterino",numero de inyectables trimestrales suministrados,2016-01-01,0,2,17,19,0,38
MOJINETE,"anticoncepcion, prevencion de its y de cancer de cuello uterino",numero de inyectables trimestrales suministrados,2016-01-01,0,0,1,0,0,1
MOJOCOYA,"anticoncepcion, prevencion de its y de cancer de cuello uterino",numero de inyectables trimestrales suministrados,2016-01-01,0,6,19,23,0,48
MONTEAGUDO,"anticoncepcion, prevencion de its y de cancer de cuello uterino",numero de inyectables trimestrales suministrados,2016-01-01,1,7,41,40,0,89
MONTERO,"anticoncepcion, prevencion de its y de cancer de cuello uterino",numero de inyectables trimestrales suministrados,2016-01-01,1,54,177,55,0,287
MORO MORO,"anticoncepcion, prevencion de its y de cancer de cuello uterino",numero de inyectables trimestrales suministrados,2016-01-01,1,4,15,13,1,34
MOROCHATA,"anticoncepcion, prevencion de its y de cancer de cuello uterino",numero de inyectables trimestrales suministrados,2016-01-01,0,5,32,33,1,71
NACEBE (SANTA ROSA DEL ABUNA),"anticoncepcion, prevencion de its y de cancer de cuello uterino",numero de inyectables trimestrales suministrados,2016-01-01,0,6,7,2,0,15
NUEVO MANOA (NUEVA ESPERANZA),"anticoncepcion, prevencion de its y de cancer de cuello uterino",numero de inyectables trimestrales suministrados,2016-01-01,0,1,5,3,0,9
OCURI,"anticoncepcion, prevencion de its y de cancer de cuello uterino",numero de inyectables trimestrales suministrados,2016-01-01,0,4,32,16,0,52
OKINAWA,"anticoncepcion, prevencion de its y de cancer de cuello uterino",numero de inyectables trimestrales suministrados,2016-01-01,1,6,29,14,0,50
OMEREQUE,"anticoncepcion, prevencion de its y de cancer de cuello uterino",numero de inyectables trimestrales suministrados,2016-01-01,0,1,22,24,0,47
ORURO,"anticoncepcion, prevencion de its y de cancer de cuello uterino",numero de inyectables trimestrales suministrados,2016-01-01,0,34,468,118,16,636
PADCAYA,"anticoncepcion, prevencion de its y de cancer de cuello uterino",numero de inyectables trimestrales suministrados,2016-01-01,1,22,107,69,4,203
PADILLA,"anticoncepcion, prevencion de its y de cancer de cuello uterino",numero de inyectables trimestrales suministrados,2016-01-01,1,9,53,24,1,88
PAILON,"anticoncepcion, prevencion de its y de cancer de cuello uterino",numero de inyectables trimestrales suministrados,2016-01-01,1,11,33,8,0,53
PALCA,"anticoncepcion, prevencion de its y de cancer de cuello uterino",numero de inyectables trimestrales suministrados,2016-01-01,0,6,37,15,0,58
PALOS BLANCOS,"anticoncepcion, prevencion de its y de cancer de cuello uterino",numero de inyectables trimestrales suministrados,2016-01-01,0,9,65,38,0,112
PAMPA AULLAGAS,"anticoncepcion, prevencion de its y de cancer de cuello uterino",numero de inyectables trimestrales suministrados,2016-01-01,0,1,2,1,0,4
PAMPA GRANDE,"anticoncepcion, prevencion de its y de cancer de cuello uterino",numero de inyectables trimestrales suministrados,2016-01-01,0,5,33,9,1,48
PAPEL PAMPA,"anticoncepcion, prevencion de its y de cancer de cuello uterino",numero de inyectables trimestrales suministrados,2016-01-01,0,3,11,10,0,24
PASORAPA,"anticoncepcion, prevencion de its y de cancer de cuello uterino",numero de inyectables trimestrales suministrados,2016-01-01,0,1,13,11,1,26
PATACAMAYA,"anticoncepcion, prevencion de its y de cancer de cuello uterino",numero de inyectables trimestrales suministrados,2016-01-01,0,0,18,4,0,22
PAZÑA,"anticoncepcion, prevencion de its y de cancer de cuello uterino",numero de inyectables trimestrales suministrados,2016-01-01,0,0,16,9,0,25
PELECHUCO,"anticoncepcion, prevencion de its y de cancer de cuello uterino",numero de inyectables trimestrales suministrados,2016-01-01,0,1,11,7,0,19
POCOATA,"anticoncepcion, prevencion de its y de cancer de cuello uterino",numero de inyectables trimestrales suministrados,2016-01-01,0,0,17,33,1,51
POCONA,"anticoncepcion, prevencion de its y de cancer de cuello uterino",numero de inyectables trimestrales suministrados,2016-01-01,0,8,45,41,0,94
POJO (CBBA),"anticoncepcion, prevencion de its y de cancer de cuello uterino",numero de inyectables trimestrales suministrados,2016-01-01,0,10,75,36,2,123
POOPO,"anticoncepcion, prevencion de its y de cancer de cuello uterino",numero de inyectables trimestrales suministrados,2016-01-01,0,10,6,1,0,17
PORCO,"anticoncepcion, prevencion de its y de cancer de cuello uterino",numero de inyectables trimestrales suministrados,2016-01-01,0,4,18,6,0,28
POROMA,"anticoncepcion, prevencion de its y de cancer de cuello uterino",numero de inyectables trimestrales suministrados,2016-01-01,0,6,40,20,1,67
PORTACHUELO,"anticoncepcion, prevencion de its y de cancer de cuello uterino",numero de inyectables trimestrales suministrados,2016-01-01,0,10,35,14,0,59
PORVENIR,"anticoncepcion, prevencion de its y de cancer de cuello uterino",numero de inyectables trimestrales suministrados,2016-01-01,0,4,17,3,0,24
POSTRER VALLE,"anticoncepcion, prevencion de its y de cancer de cuello uterino",numero de inyectables trimestrales suministrados,2016-01-01,0,1,8,2,0,11
POTOSI,"anticoncepcion, prevencion de its y de cancer de cuello uterino",numero de inyectables trimestrales suministrados,2016-01-01,0,46,337,139,0,522
PRESTO,"anticoncepcion, prevencion de its y de cancer de cuello uterino",numero de inyectables trimestrales suministrados,2016-01-01,0,3,24,11,0,38
PUCARA,"anticoncepcion, prevencion de its y de cancer de cuello uterino",numero de inyectables trimestrales suministrados,2016-01-01,0,0,11,4,0,15
PUCARANI,"anticoncepcion, prevencion de its y de cancer de cuello uterino",numero de inyectables trimestrales suministrados,2016-01-01,0,12,69,38,0,119
PUERTO ACOSTA,"anticoncepcion, prevencion de its y de cancer de cuello uterino",numero de inyectables trimestrales suministrados,2016-01-01,0,1,9,7,0,17
PUERTO CARABUCO,"anticoncepcion, prevencion de its y de cancer de cuello uterino",numero de inyectables trimestrales suministrados,2016-01-01,0,0,20,14,0,34
PUERTO GONZALO MORENO,"anticoncepcion, prevencion de its y de cancer de cuello uterino",numero de inyectables trimestrales suministrados,2016-01-01,0,7,17,6,0,30
PUERTO PEREZ,"anticoncepcion, prevencion de its y de cancer de cuello uterino",numero de inyectables trimestrales suministrados,2016-01-01,0,0,10,5,0,15
PUERTO QUIJARRO,"anticoncepcion, prevencion de its y de cancer de cuello uterino",numero de inyectables trimestrales suministrados,2016-01-01,0,2,23,4,0,29
PUERTO RICO,"anticoncepcion, prevencion de its y de cancer de cuello uterino",numero de inyectables trimestrales suministrados,2016-01-01,0,3,22,3,0,28
PUERTO SILES,"anticoncepcion, prevencion de its y de cancer de cuello uterino",numero de inyectables trimestrales suministrados,2016-01-01,0,0,1,0,0,1
PUERTO SUAREZ,"anticoncepcion, prevencion de its y de cancer de cuello uterino",numero de inyectables trimestrales suministrados,2016-01-01,0,2,15,2,0,19
PUERTO VILLARROEL,"anticoncepcion, prevencion de its y de cancer de cuello uterino",numero de inyectables trimestrales suministrados,2016-01-01,0,10,67,31,0,108
PUNA,"anticoncepcion, prevencion de its y de cancer de cuello uterino",numero de inyectables trimestrales suministrados,2016-01-01,0,5,21,19,1,46
PUNATA,"anticoncepcion, prevencion de its y de cancer de cuello uterino",numero de inyectables trimestrales suministrados,2016-01-01,0,9,67,16,0,92
QUIABAYA,"anticoncepcion, prevencion de its y de cancer de cuello uterino",numero de inyectables trimestrales suministrados,2016-01-01,0,0,11,3,0,14
QUILLACOLLO,"anticoncepcion, prevencion de its y de cancer de cuello uterino",numero de inyectables trimestrales suministrados,2016-01-01,0,37,211,25,0,273
QUIME,"anticoncepcion, prevencion de its y de cancer de cuello uterino",numero de inyectables trimestrales suministrados,2016-01-01,0,3,29,12,0,44
QUIRUSILLAS,"anticoncepcion, prevencion de its y de cancer de cuello uterino",numero de inyectables trimestrales suministrados,2016-01-01,0,1,5,4,0,10
RAVELO,"anticoncepcion, prevencion de its y de cancer de cuello uterino",numero de inyectables trimestrales suministrados,2016-01-01,0,4,33,38,0,75
REYES,"anticoncepcion, prevencion de its y de cancer de cuello uterino",numero de inyectables trimestrales suministrados,2016-01-01,0,7,36,11,0,54
RIBERALTA,"anticoncepcion, prevencion de its y de cancer de cuello uterino",numero de inyectables trimestrales suministrados,2016-01-01,1,43,131,8,0,183
ROBORE,"anticoncepcion, prevencion de its y de cancer de cuello uterino",numero de inyectables trimestrales suministrados,2016-01-01,0,4,25,2,0,31
RURRENABAQUE,"anticoncepcion, prevencion de its y de cancer de cuello uterino",numero de inyectables trimestrales suministrados,2016-01-01,1,10,27,7,0,45
SABAYA,"anticoncepcion, prevencion de its y de cancer de cuello uterino",numero de inyectables trimestrales suministrados,2016-01-01,0,3,10,4,0,17
SACABA,"anticoncepcion, prevencion de its y de cancer de cuello uterino",numero de inyectables trimestrales suministrados,2016-01-01,0,20,158,33,0,211
SACABAMBA,"anticoncepcion, prevencion de its y de cancer de cuello uterino",numero de inyectables trimestrales suministrados,2016-01-01,0,0,7,7,2,16
SACACA,"anticoncepcion, prevencion de its y de cancer de cuello uterino",numero de inyectables trimestrales suministrados,2016-01-01,0,4,52,29,0,85
SAIPINA,"anticoncepcion, prevencion de its y de cancer de cuello uterino",numero de inyectables trimestrales suministrados,2016-01-01,0,4,23,5,0,32
SALINAS DE GARCI MENDOZA,"anticoncepcion, prevencion de its y de cancer de cuello uterino",numero de inyectables trimestrales suministrados,2016-01-01,1,3,26,13,1,44
SAMAIPATA,"anticoncepcion, prevencion de its y de cancer de cuello uterino",numero de inyectables trimestrales suministrados,2016-01-01,1,13,43,9,0,66
SAN AGUSTIN,"anticoncepcion, prevencion de its y de cancer de cuello uterino",numero de inyectables trimestrales suministrados,2016-01-01,0,1,2,3,0,6
SAN ANDRES,"anticoncepcion, prevencion de its y de cancer de cuello uterino",numero de inyectables trimestrales suministrados,2016-01-01,1,4,16,7,0,28
SAN ANDRES DE MACHACA,"anticoncepcion, prevencion de its y de cancer de cuello uterino",numero de inyectables trimestrales suministrados,2016-01-01,0,0,7,1,0,8
SAN ANTONIO DE ESMORUCO,"anticoncepcion, prevencion de its y de cancer de cuello uterino",numero de inyectables trimestrales suministrados,2016-01-01,0,1,2,0,0,3
SAN ANTONIO DE LOMERIO,"anticoncepcion, prevencion de its y de cancer de cuello uterino",numero de inyectables trimestrales suministrados,2016-01-01,0,4,37,38,0,79
SAN BENITO,"anticoncepcion, prevencion de its y de cancer de cuello uterino",numero de inyectables trimestrales suministrados,2016-01-01,0,6,20,16,0,42
SAN BORJA,"anticoncepcion, prevencion de its y de cancer de cuello uterino",numero de inyectables trimestrales suministrados,2016-01-01,1,29,77,38,0,145
SAN BUENA VENTURA,"anticoncepcion, prevencion de its y de cancer de cuello uterino",numero de inyectables trimestrales suministrados,2016-01-01,0,3,14,6,0,23
SAN CARLOS,"anticoncepcion, prevencion de its y de cancer de cuello uterino",numero de inyectables trimestrales suministrados,2016-01-01,0,8,41,8,0,57
SAN IGNACIO,"anticoncepcion, prevencion de its y de cancer de cuello uterino",numero de inyectables trimestrales suministrados,2016-01-01,0,14,88,36,1,139
SAN IGNACIO DE VELASCO,"anticoncepcion, prevencion de its y de cancer de cuello uterino",numero de inyectables trimestrales suministrados,2016-01-01,2,30,124,49,0,205
SAN JAVIER(BNI),"anticoncepcion, prevencion de its y de cancer de cuello uterino",numero de inyectables trimestrales suministrados,2016-01-01,0,2,4,0,0,6
SAN JAVIER(STC),"anticoncepcion, prevencion de its y de cancer de cuello uterino",numero de inyectables trimestrales suministrados,2016-01-01,0,9,29,10,0,48
SAN JOAQUIN,"anticoncepcion, prevencion de its y de cancer de cuello uterino",numero de inyectables trimestrales suministrados,2016-01-01,0,2,2,0,0,4
SAN JOSE DE CHIQUITOS,"anticoncepcion, prevencion de its y de cancer de cuello uterino",numero de inyectables trimestrales suministrados,2016-01-01,0,5,16,9,0,30
SAN JUAN DE YAPACANI,"anticoncepcion, prevencion de its y de cancer de cuello uterino",numero de inyectables trimestrales suministrados,2016-01-01,0,5,31,11,1,48
SAN JULIAN,"anticoncepcion, prevencion de its y de cancer de cuello uterino",numero de inyectables trimestrales suministrados,2016-01-01,2,11,104,35,1,153
SAN LORENZO(PND),"anticoncepcion, prevencion de its y de cancer de cuello uterino",numero de inyectables trimestrales suministrados,2016-01-01,0,1,24,3,0,28
SAN LORENZO(TJA),"anticoncepcion, prevencion de its y de cancer de cuello uterino",numero de inyectables trimestrales suministrados,2016-01-01,0,13,72,45,4,134
SAN LUCAS,"anticoncepcion, prevencion de its y de cancer de cuello uterino",numero de inyectables trimestrales suministrados,2016-01-01,0,5,56,43,1,105
SAN MATIAS,"anticoncepcion, prevencion de its y de cancer de cuello uterino",numero de inyectables trimestrales suministrados,2016-01-01,0,0,18,3,0,21
SAN MIGUEL DE VELASCO,"anticoncepcion, prevencion de its y de cancer de cuello uterino",numero de inyectables trimestrales suministrados,2016-01-01,0,10,60,40,1,111
SAN PABLO DE LIPEZ,"anticoncepcion, prevencion de its y de cancer de cuello uterino",numero de inyectables trimestrales suministrados,2016-01-01,0,0,3,1,0,4
SAN PEDRO,"anticoncepcion, prevencion de its y de cancer de cuello uterino",numero de inyectables trimestrales suministrados,2016-01-01,1,8,38,18,0,65
SAN PEDRO DE BUENA VISTA,"anticoncepcion, prevencion de its y de cancer de cuello uterino",numero de inyectables trimestrales suministrados,2016-01-01,1,8,34,26,0,69
SAN PEDRO DE CURAHUARA,"anticoncepcion, prevencion de its y de cancer de cuello uterino",numero de inyectables trimestrales suministrados,2016-01-01,0,1,9,3,0,13
SAN PEDRO DE TIQUINA,"anticoncepcion, prevencion de its y de cancer de cuello uterino",numero de inyectables trimestrales suministrados,2016-01-01,0,0,9,2,0,11
SAN PEDRO(PND),"anticoncepcion, prevencion de its y de cancer de cuello uterino",numero de inyectables trimestrales suministrados,2016-01-01,0,0,3,0,0,3
SAN RAFAEL,"anticoncepcion, prevencion de its y de cancer de cuello uterino",numero de inyectables trimestrales suministrados,2016-01-01,0,11,39,14,0,64
SAN RAMON BENI,"anticoncepcion, prevencion de its y de cancer de cuello uterino",numero de inyectables trimestrales suministrados,2016-01-01,0,3,9,2,0,14
SAN RAMON SCZ,"anticoncepcion, prevencion de its y de cancer de cuello uterino",numero de inyectables trimestrales suministrados,2016-01-01,0,10,31,10,0,51
SANTA ANA,"anticoncepcion, prevencion de its y de cancer de cuello uterino",numero de inyectables trimestrales suministrados,2016-01-01,0,3,13,0,0,16
SANTA CRUZ DE LA SIERRA,"anticoncepcion, prevencion de its y de cancer de cuello uterino",numero de inyectables trimestrales suministrados,2016-01-01,6,119,386,92,1,604
SANTA ROSA,"anticoncepcion, prevencion de its y de cancer de cuello uterino",numero de inyectables trimestrales suministrados,2016-01-01,0,2,6,3,0,11
SANTA ROSA DEL SARA,"anticoncepcion, prevencion de its y de cancer de cuello uterino",numero de inyectables trimestrales suministrados,2016-01-01,0,6,38,20,1,65
SANTIAGO DE CALLAPA,"anticoncepcion, prevencion de its y de cancer de cuello uterino",numero de inyectables trimestrales suministrados,2016-01-01,0,1,1,0,0,2
SANTIAGO DE HUARI,"anticoncepcion, prevencion de its y de cancer de cuello uterino",numero de inyectables trimestrales suministrados,2016-01-01,0,4,16,5,0,25
SANTIAGO DE HUATA,"anticoncepcion, prevencion de its y de cancer de cuello uterino",numero de inyectables trimestrales suministrados,2016-01-01,0,0,6,3,0,9
SANTIAGO DE MACHACA,"anticoncepcion, prevencion de its y de cancer de cuello uterino",numero de inyectables trimestrales suministrados,2016-01-01,0,0,8,3,0,11
SANTIVAÑES,"anticoncepcion, prevencion de its y de cancer de cuello uterino",numero de inyectables trimestrales suministrados,2016-01-01,0,2,23,10,0,35
SANTUARIO DE QUILLACAS,"anticoncepcion, prevencion de its y de cancer de cuello uterino",numero de inyectables trimestrales suministrados,2016-01-01,0,0,9,6,0,15
SAPAHAQUI,"anticoncepcion, prevencion de its y de cancer de cuello uterino",numero de inyectables trimestrales suministrados,2016-01-01,0,2,16,19,0,37
SENA,"anticoncepcion, prevencion de its y de cancer de cuello uterino",numero de inyectables trimestrales suministrados,2016-01-01,0,2,14,1,0,17
SHINAOTA,"anticoncepcion, prevencion de its y de cancer de cuello uterino",numero de inyectables trimestrales suministrados,2016-01-01,0,10,50,17,0,77
SICA SICA (VILLA AROMA),"anticoncepcion, prevencion de its y de cancer de cuello uterino",numero de inyectables trimestrales suministrados,2016-01-01,0,2,40,31,0,73
SICAYA,"anticoncepcion, prevencion de its y de cancer de cuello uterino",numero de inyectables trimestrales suministrados,2016-01-01,0,1,10,10,0,21
SIPE SIPE,"anticoncepcion, prevencion de its y de cancer de cuello uterino",numero de inyectables trimestrales suministrados,2016-01-01,0,19,169,71,1,260
SOPACHUY,"anticoncepcion, prevencion de its y de cancer de cuello uterino",numero de inyectables trimestrales suministrados,2016-01-01,0,9,20,15,0,44
SORACACHI,"anticoncepcion, prevencion de its y de cancer de cuello uterino",numero de inyectables trimestrales suministrados,2016-01-01,0,1,8,11,0,20
SORATA,"anticoncepcion, prevencion de its y de cancer de cuello uterino",numero de inyectables trimestrales suministrados,2016-01-01,0,4,36,22,0,62
SUCRE,"anticoncepcion, prevencion de its y de cancer de cuello uterino",numero de inyectables trimestrales suministrados,2016-01-01,1,86,334,154,0,575
TACACHI,"anticoncepcion, prevencion de its y de cancer de cuello uterino",numero de inyectables trimestrales suministrados,2016-01-01,0,1,3,0,0,4
TACACOMA,"anticoncepcion, prevencion de its y de cancer de cuello uterino",numero de inyectables trimestrales suministrados,2016-01-01,0,4,23,7,0,34
TACOBAMBA,"anticoncepcion, prevencion de its y de cancer de cuello uterino",numero de inyectables trimestrales suministrados,2016-01-01,0,3,24,14,0,41
TACOPAYA,"anticoncepcion, prevencion de its y de cancer de cuello uterino",numero de inyectables trimestrales suministrados,2016-01-01,0,0,6,4,0,10
TAHUA,"anticoncepcion, prevencion de its y de cancer de cuello uterino",numero de inyectables trimestrales suministrados,2016-01-01,0,0,3,2,0,5
TAPACARI,"anticoncepcion, prevencion de its y de cancer de cuello uterino",numero de inyectables trimestrales suministrados,2016-01-01,0,4,62,45,0,111
TARABUCO,"anticoncepcion, prevencion de its y de cancer de cuello uterino",numero de inyectables trimestrales suministrados,2016-01-01,0,2,32,32,1,67
TARACO,"anticoncepcion, prevencion de its y de cancer de cuello uterino",numero de inyectables trimestrales suministrados,2016-01-01,0,2,13,13,0,28
TARATA,"anticoncepcion, prevencion de its y de cancer de cuello uterino",numero de inyectables trimestrales suministrados,2016-01-01,0,1,5,2,0,8
TARIJA,"anticoncepcion, prevencion de its y de cancer de cuello uterino",numero de inyectables trimestrales suministrados,2016-01-01,2,46,171,70,2,291
TARVITA,"anticoncepcion, prevencion de its y de cancer de cuello uterino",numero de inyectables trimestrales suministrados,2016-01-01,0,9,27,23,0,59
TEOPONTE,"anticoncepcion, prevencion de its y de cancer de cuello uterino",numero de inyectables trimestrales suministrados,2016-01-01,0,7,25,5,0,37
TIAWANACU,"anticoncepcion, prevencion de its y de cancer de cuello uterino",numero de inyectables trimestrales suministrados,2016-01-01,0,4,25,18,0,47
TINGUIPAYA,"anticoncepcion, prevencion de its y de cancer de cuello uterino",numero de inyectables trimestrales suministrados,2016-01-01,0,0,28,14,0,42
TIPUANI,"anticoncepcion, prevencion de its y de cancer de cuello uterino",numero de inyectables trimestrales suministrados,2016-01-01,0,2,12,5,0,19
TIQUIPAYA,"anticoncepcion, prevencion de its y de cancer de cuello uterino",numero de inyectables trimestrales suministrados,2016-01-01,0,21,110,33,0,164
TIRAQUE (CBBA),"anticoncepcion, prevencion de its y de cancer de cuello uterino",numero de inyectables trimestrales suministrados,2016-01-01,0,14,58,34,2,108
TOCO,"anticoncepcion, prevencion de its y de cancer de cuello uterino",numero de inyectables trimestrales suministrados,2016-01-01,0,3,16,12,0,31
TODOS SANTOS,"anticoncepcion, prevencion de its y de cancer de cuello uterino",numero de inyectables trimestrales suministrados,2016-01-01,0,0,1,0,0,1
TOLATA,"anticoncepcion, prevencion de its y de cancer de cuello uterino",numero de inyectables trimestrales suministrados,2016-01-01,0,2,15,8,0,25
TOLEDO,"anticoncepcion, prevencion de its y de cancer de cuello uterino",numero de inyectables trimestrales suministrados,2016-01-01,0,0,6,4,0,10
TOMAVE,"anticoncepcion, prevencion de its y de cancer de cuello uterino",numero de inyectables trimestrales suministrados,2016-01-01,0,4,24,24,0,52
TOMINA,"anticoncepcion, prevencion de its y de cancer de cuello uterino",numero de inyectables trimestrales suministrados,2016-01-01,0,11,65,29,0,105
TORO TORO,"anticoncepcion, prevencion de its y de cancer de cuello uterino",numero de inyectables trimestrales suministrados,2016-01-01,0,3,29,16,1,49
TOTORA(CBBA),"anticoncepcion, prevencion de its y de cancer de cuello uterino",numero de inyectables trimestrales suministrados,2016-01-01,0,17,50,24,0,91
TOTORA(ORR),"anticoncepcion, prevencion de its y de cancer de cuello uterino",numero de inyectables trimestrales suministrados,2016-01-01,0,0,21,6,0,27
TRIGAL,"anticoncepcion, prevencion de its y de cancer de cuello uterino",numero de inyectables trimestrales suministrados,2016-01-01,0,1,9,2,0,12
TRINIDAD,"anticoncepcion, prevencion de its y de cancer de cuello uterino",numero de inyectables trimestrales suministrados,2016-01-01,0,8,62,9,0,79
TUPIZA,"anticoncepcion, prevencion de its y de cancer de cuello uterino",numero de inyectables trimestrales suministrados,2016-01-01,0,17,109,68,0,194
TURCO,"anticoncepcion, prevencion de its y de cancer de cuello uterino",numero de inyectables trimestrales suministrados,2016-01-01,0,1,6,2,0,9
UMALA,"anticoncepcion, prevencion de its y de cancer de cuello uterino",numero de inyectables trimestrales suministrados,2016-01-01,0,2,14,7,0,23
UNCIA,"anticoncepcion, prevencion de its y de cancer de cuello uterino",numero de inyectables trimestrales suministrados,2016-01-01,0,4,38,24,0,66
URIONDO (A. CONCEPCION),"anticoncepcion, prevencion de its y de cancer de cuello uterino",numero de inyectables trimestrales suministrados,2016-01-01,0,11,58,31,0,100
URUBICHA,"anticoncepcion, prevencion de its y de cancer de cuello uterino",numero de inyectables trimestrales suministrados,2016-01-01,0,0,10,10,0,20
UYUNI,"anticoncepcion, prevencion de its y de cancer de cuello uterino",numero de inyectables trimestrales suministrados,2016-01-01,0,3,40,11,1,55
VACAS,"anticoncepcion, prevencion de its y de cancer de cuello uterino",numero de inyectables trimestrales suministrados,2016-01-01,0,4,27,24,0,55
VALLEGRANDE,"anticoncepcion, prevencion de its y de cancer de cuello uterino",numero de inyectables trimestrales suministrados,2016-01-01,0,20,49,10,0,79
VIACHA,"anticoncepcion, prevencion de its y de cancer de cuello uterino",numero de inyectables trimestrales suministrados,2016-01-01,4,17,168,77,5,271
VILA VILA,"anticoncepcion, prevencion de its y de cancer de cuello uterino",numero de inyectables trimestrales suministrados,2016-01-01,0,0,6,1,0,7
VILLA CHARCAS,"anticoncepcion, prevencion de its y de cancer de cuello uterino",numero de inyectables trimestrales suministrados,2016-01-01,0,9,58,27,0,94
VILLA MONTES,"anticoncepcion, prevencion de its y de cancer de cuello uterino",numero de inyectables trimestrales suministrados,2016-01-01,2,19,77,37,0,135
VILLA NUEVA (LOMA ALTA),"anticoncepcion, prevencion de its y de cancer de cuello uterino",numero de inyectables trimestrales suministrados,2016-01-01,1,1,9,0,0,11
VILLA RIVERO,"anticoncepcion, prevencion de its y de cancer de cuello uterino",numero de inyectables trimestrales suministrados,2016-01-01,0,3,37,18,0,58
VILLA SERRANO,"anticoncepcion, prevencion de its y de cancer de cuello uterino",numero de inyectables trimestrales suministrados,2016-01-01,0,5,35,36,2,78
VILLA TUNARI,"anticoncepcion, prevencion de its y de cancer de cuello uterino",numero de inyectables trimestrales suministrados,2016-01-01,1,44,265,106,0,416
VILLA VACA GUZMAN (MUYUPAMPA),"anticoncepcion, prevencion de its y de cancer de cuello uterino",numero de inyectables trimestrales suministrados,2016-01-01,0,5,29,17,0,51
VILLAZON,"anticoncepcion, prevencion de its y de cancer de cuello uterino",numero de inyectables trimestrales suministrados,2016-01-01,0,17,113,55,0,185
VINTO,"anticoncepcion, prevencion de its y de cancer de cuello uterino",numero de inyectables trimestrales suministrados,2016-01-01,1,8,53,20,0,82
VITICHI,"anticoncepcion, prevencion de its y de cancer de cuello uterino",numero de inyectables trimestrales suministrados,2016-01-01,0,0,15,14,0,29
WALDO BALLIVIAN,"anticoncepcion, prevencion de its y de cancer de cuello uterino",numero de inyectables trimestrales suministrados,2016-01-01,0,1,3,1,0,5
WARNES,"anticoncepcion, prevencion de its y de cancer de cuello uterino",numero de inyectables trimestrales suministrados,2016-01-01,3,49,144,32,0,228
YACO,"anticoncepcion, prevencion de its y de cancer de cuello uterino",numero de inyectables trimestrales suministrados,2016-01-01,0,0,14,6,0,20
YACUIBA,"anticoncepcion, prevencion de its y de cancer de cuello uterino",numero de inyectables trimestrales suministrados,2016-01-01,0,36,167,82,1,286
YAMPARAEZ,"anticoncepcion, prevencion de its y de cancer de cuello uterino",numero de inyectables trimestrales suministrados,2016-01-01,0,4,9,14,0,27
YANACACHI,"anticoncepcion, prevencion de its y de cancer de cuello uterino",numero de inyectables trimestrales suministrados,2016-01-01,0,1,26,8,0,35
YAPACANI,"anticoncepcion, prevencion de its y de cancer de cuello uterino",numero de inyectables trimestrales suministrados,2016-01-01,0,20,63,18,0,101
YOCALLA,"anticoncepcion, prevencion de its y de cancer de cuello uterino",numero de inyectables trimestrales suministrados,2016-01-01,0,1,6,1,0,8
YOTALA,"anticoncepcion, prevencion de its y de cancer de cuello uterino",numero de inyectables trimestrales suministrados,2016-01-01,0,0,9,3,1,13
YUNCHARA,"anticoncepcion, prevencion de its y de cancer de cuello uterino",numero de inyectables trimestrales suministrados,2016-01-01,1,3,37,30,0,71
ZUDAÑEZ,"anticoncepcion, prevencion de its y de cancer de cuello uterino",numero de inyectables trimestrales suministrados,2016-01-01,0,9,41,19,0,69
ACACIO,"anticoncepcion, prevencion de its y de cancer de cuello uterino",numero de inyectables trimestrales suministrados,2016-02-01,0,3,11,6,0,20
ACHACACHI,"anticoncepcion, prevencion de its y de cancer de cuello uterino",numero de inyectables trimestrales suministrados,2016-02-01,0,9,49,34,3,95
ACHOCALLA,"anticoncepcion, prevencion de its y de cancer de cuello uterino",numero de inyectables trimestrales suministrados,2016-02-01,0,6,38,14,0,58
AIQUILE,"anticoncepcion, prevencion de its y de cancer de cuello uterino",numero de inyectables trimestrales suministrados,2016-02-01,0,3,43,25,2,73
ALALAY,"anticoncepcion, prevencion de its y de cancer de cuello uterino",numero de inyectables trimestrales suministrados,2016-02-01,0,0,9,5,0,14
ALCALA,"anticoncepcion, prevencion de its y de cancer de cuello uterino",numero de inyectables trimestrales suministrados,2016-02-01,0,2,18,12,1,33
ALTO BENI,"anticoncepcion, prevencion de its y de cancer de cuello uterino",numero de inyectables trimestrales suministrados,2016-02-01,0,3,17,15,0,35
ANCORAIMES,"anticoncepcion, prevencion de its y de cancer de cuello uterino",numero de inyectables trimestrales suministrados,2016-02-01,0,1,12,9,0,22
ANDAMARCA,"anticoncepcion, prevencion de its y de cancer de cuello uterino",numero de inyectables trimestrales suministrados,2016-02-01,0,0,5,6,0,11
ANTEQUERA,"anticoncepcion, prevencion de its y de cancer de cuello uterino",numero de inyectables trimestrales suministrados,2016-02-01,0,0,2,1,0,3
ANZALDO,"anticoncepcion, prevencion de its y de cancer de cuello uterino",numero de inyectables trimestrales suministrados,2016-02-01,0,1,9,10,0,20
APOLO,"anticoncepcion, prevencion de its y de cancer de cuello uterino",numero de inyectables trimestrales suministrados,2016-02-01,0,2,32,25,0,59
ARAMPAMPA,"anticoncepcion, prevencion de its y de cancer de cuello uterino",numero de inyectables trimestrales suministrados,2016-02-01,0,1,7,7,0,15
ARANI,"anticoncepcion, prevencion de its y de cancer de cuello uterino",numero de inyectables trimestrales suministrados,2016-02-01,0,1,21,13,0,35
ARBIETO,"anticoncepcion, prevencion de its y de cancer de cuello uterino",numero de inyectables trimestrales suministrados,2016-02-01,0,9,55,20,0,84
ARQUE,"anticoncepcion, prevencion de its y de cancer de cuello uterino",numero de inyectables trimestrales suministrados,2016-02-01,0,2,50,27,0,79
ASCENCION DE GUARAYOS,"anticoncepcion, prevencion de its y de cancer de cuello uterino",numero de inyectables trimestrales suministrados,2016-02-01,1,13,41,19,0,74
ATOCHA,"anticoncepcion, prevencion de its y de cancer de cuello uterino",numero de inyectables trimestrales suministrados,2016-02-01,0,2,21,18,0,41
AUCAPATA,"anticoncepcion, prevencion de its y de cancer de cuello uterino",numero de inyectables trimestrales suministrados,2016-02-01,0,1,15,8,0,24
AYATA,"anticoncepcion, prevencion de its y de cancer de cuello uterino",numero de inyectables trimestrales suministrados,2016-02-01,0,2,28,16,0,46
AYO AYO,"anticoncepcion, prevencion de its y de cancer de cuello uterino",numero de inyectables trimestrales suministrados,2016-02-01,0,1,11,7,0,19
AYOPAYA (V. DE INDEPENDENCIA),"anticoncepcion, prevencion de its y de cancer de cuello uterino",numero de inyectables trimestrales suministrados,2016-02-01,0,11,69,59,2,141
AZURDUY,"anticoncepcion, prevencion de its y de cancer de cuello uterino",numero de inyectables trimestrales suministrados,2016-02-01,0,6,31,25,0,62
BATALLAS,"anticoncepcion, prevencion de its y de cancer de cuello uterino",numero de inyectables trimestrales suministrados,2016-02-01,0,4,18,17,0,39
BAURES,"anticoncepcion, prevencion de its y de cancer de cuello uterino",numero de inyectables trimestrales suministrados,2016-02-01,0,0,0,2,0,2
BELEN DE ANDAMARCA,"anticoncepcion, prevencion de its y de cancer de cuello uterino",numero de inyectables trimestrales suministrados,2016-02-01,0,0,3,2,0,5
BELEN DE URMIRI,"anticoncepcion, prevencion de its y de cancer de cuello uterino",numero de inyectables trimestrales suministrados,2016-02-01,0,0,4,1,0,5
BELLA FLOR,"anticoncepcion, prevencion de its y de cancer de cuello uterino",numero de inyectables trimestrales suministrados,2016-02-01,2,2,8,8,0,20
BERMEJO,"anticoncepcion, prevencion de its y de cancer de cuello uterino",numero de inyectables trimestrales suministrados,2016-02-01,1,11,64,22,1,99
BETANZOS,"anticoncepcion, prevencion de its y de cancer de cuello uterino",numero de inyectables trimestrales suministrados,2016-02-01,0,4,38,45,0,87
BOLIVAR,"anticoncepcion, prevencion de its y de cancer de cuello uterino",numero de inyectables trimestrales suministrados,2016-02-01,0,0,12,12,0,24
BOLPEBRA,"anticoncepcion, prevencion de its y de cancer de cuello uterino",numero de inyectables trimestrales suministrados,2016-02-01,1,4,4,1,0,10
BOYUIBE,"anticoncepcion, prevencion de its y de cancer de cuello uterino",numero de inyectables trimestrales suministrados,2016-02-01,0,2,9,2,0,13
BUENA VISTA,"anticoncepcion, prevencion de its y de cancer de cuello uterino",numero de inyectables trimestrales suministrados,2016-02-01,0,13,28,14,0,55
CABEZAS,"anticoncepcion, prevencion de its y de cancer de cuello uterino",numero de inyectables trimestrales suministrados,2016-02-01,0,30,79,23,0,132
CAIROMA,"anticoncepcion, prevencion de its y de cancer de cuello uterino",numero de inyectables trimestrales suministrados,2016-02-01,0,2,19,16,0,37
"CAIZA ""D""","anticoncepcion, prevencion de its y de cancer de cuello uterino",numero de inyectables trimestrales suministrados,2016-02-01,0,0,20,9,0,29
CAJUATA,"anticoncepcion, prevencion de its y de cancer de cuello uterino",numero de inyectables trimestrales suministrados,2016-02-01,0,0,21,7,0,28
CALACOTO,"anticoncepcion, prevencion de its y de cancer de cuello uterino",numero de inyectables trimestrales suministrados,2016-02-01,0,1,0,1,0,2
CALAMARCA,"anticoncepcion, prevencion de its y de cancer de cuello uterino",numero de inyectables trimestrales suministrados,2016-02-01,0,8,48,20,0,76
CAMARGO,"anticoncepcion, prevencion de its y de cancer de cuello uterino",numero de inyectables trimestrales suministrados,2016-02-01,0,4,22,21,0,47
CAMATAQUI (C. VILLA ABECIA),"anticoncepcion, prevencion de its y de cancer de cuello uterino",numero de inyectables trimestrales suministrados,2016-02-01,0,0,10,7,0,17
CAMIRI,"anticoncepcion, prevencion de its y de cancer de cuello uterino",numero de inyectables trimestrales suministrados,2016-02-01,0,2,50,11,0,63
CAPINOTA,"anticoncepcion, prevencion de its y de cancer de cuello uterino",numero de inyectables trimestrales suministrados,2016-02-01,1,8,52,27,0,88
CAQUIAVIRI,"anticoncepcion, prevencion de its y de cancer de cuello uterino",numero de inyectables trimestrales suministrados,2016-02-01,0,1,18,12,0,31
CARACOLLO,"anticoncepcion, prevencion de its y de cancer de cuello uterino",numero de inyectables trimestrales suministrados,2016-02-01,0,2,38,9,0,49
CARANAVI,"anticoncepcion, prevencion de its y de cancer de cuello uterino",numero de inyectables trimestrales suministrados,2016-02-01,0,7,70,37,1,115
CARANGAS,"anticoncepcion, prevencion de its y de cancer de cuello uterino",numero de inyectables trimestrales suministrados,2016-02-01,0,1,0,0,0,1
CARAPARI,"anticoncepcion, prevencion de its y de cancer de cuello uterino",numero de inyectables trimestrales suministrados,2016-02-01,0,7,38,24,0,69
CARIPUYO,"anticoncepcion, prevencion de its y de cancer de cuello uterino",numero de inyectables trimestrales suministrados,2016-02-01,0,4,23,12,0,39
CARMEN RIVERO TORREZ,"anticoncepcion, prevencion de its y de cancer de cuello uterino",numero de inyectables trimestrales suministrados,2016-02-01,0,3,7,3,0,13
CATACORA,"anticoncepcion, prevencion de its y de cancer de cuello uterino",numero de inyectables trimestrales suministrados,2016-02-01,0,0,1,1,0,2
CHACARILLA,"anticoncepcion, prevencion de its y de cancer de cuello uterino",numero de inyectables trimestrales suministrados,2016-02-01,0,0,3,0,0,3
CHALLAPATA,"anticoncepcion, prevencion de its y de cancer de cuello uterino",numero de inyectables trimestrales suministrados,2016-02-01,0,3,32,19,0,54
CHAQUI,"anticoncepcion, prevencion de its y de cancer de cuello uterino",numero de inyectables trimestrales suministrados,2016-02-01,0,3,17,7,0,27
CHARAGUA,"anticoncepcion, prevencion de its y de cancer de cuello uterino",numero de inyectables trimestrales suministrados,2016-02-01,0,3,39,26,0,68
CHARAÑA,"anticoncepcion, prevencion de its y de cancer de cuello uterino",numero de inyectables trimestrales suministrados,2016-02-01,0,0,4,2,0,6
CHAYANTA,"anticoncepcion, prevencion de its y de cancer de cuello uterino",numero de inyectables trimestrales suministrados,2016-02-01,0,2,31,12,0,45
CHIMORE,"anticoncepcion, prevencion de its y de cancer de cuello uterino",numero de inyectables trimestrales suministrados,2016-02-01,0,8,57,21,0,86
CHIPAYA,"anticoncepcion, prevencion de its y de cancer de cuello uterino",numero de inyectables trimestrales suministrados,2016-02-01,1,6,15,2,0,24
CHOQUE COTA,"anticoncepcion, prevencion de its y de cancer de cuello uterino",numero de inyectables trimestrales suministrados,2016-02-01,0,0,1,1,0,2
CHUA COCANI,"anticoncepcion, prevencion de its y de cancer de cuello uterino",numero de inyectables trimestrales suministrados,2016-02-01,0,0,5,1,0,6
CHULUMANI (V. DE LA LIBERTAD),"anticoncepcion, prevencion de its y de cancer de cuello uterino",numero de inyectables trimestrales suministrados,2016-02-01,0,6,26,12,0,44
CHUMA,"anticoncepcion, prevencion de its y de cancer de cuello uterino",numero de inyectables trimestrales suministrados,2016-02-01,0,5,24,21,0,50
CHUQUIHUTA AYLLU JUCUMANI,"anticoncepcion, prevencion de its y de cancer de cuello uterino",numero de inyectables trimestrales suministrados,2016-02-01,0,3,22,4,0,29
CKOCHAS,"anticoncepcion, prevencion de its y de cancer de cuello uterino",numero de inyectables trimestrales suministrados,2016-02-01,1,6,56,46,1,110
CLIZA,"anticoncepcion, prevencion de its y de cancer de cuello uterino",numero de inyectables trimestrales suministrados,2016-02-01,0,2,26,10,0,38
COBIJA,"anticoncepcion, prevencion de its y de cancer de cuello uterino",numero de inyectables trimestrales suministrados,2016-02-01,2,25,71,23,0,121
COCAPATA,"anticoncepcion, prevencion de its y de cancer de cuello uterino",numero de inyectables trimestrales suministrados,2016-02-01,0,10,50,34,0,94
COCHABAMBA,"anticoncepcion, prevencion de its y de cancer de cuello uterino",numero de inyectables trimestrales suministrados,2016-02-01,0,49,355,94,1,499
COIPASA,"anticoncepcion, prevencion de its y de cancer de cuello uterino",numero de inyectables trimestrales suministrados,2016-02-01,0,0,2,2,0,4
COLCAPIRHUA,"anticoncepcion, prevencion de its y de cancer de cuello uterino",numero de inyectables trimestrales suministrados,2016-02-01,0,4,59,14,0,77
"COLCHA ""K""","anticoncepcion, prevencion de its y de cancer de cuello uterino",numero de inyectables trimestrales suministrados,2016-02-01,0,4,46,16,0,66
COLLANA,"anticoncepcion, prevencion de its y de cancer de cuello uterino",numero de inyectables trimestrales suministrados,2016-02-01,0,0,7,1,0,8
COLOMI,"anticoncepcion, prevencion de its y de cancer de cuello uterino",numero de inyectables trimestrales suministrados,2016-02-01,0,5,62,15,0,82
COLPA BELGICA,"anticoncepcion, prevencion de its y de cancer de cuello uterino",numero de inyectables trimestrales suministrados,2016-02-01,0,1,2,2,0,5
COLQUECHACA,"anticoncepcion, prevencion de its y de cancer de cuello uterino",numero de inyectables trimestrales suministrados,2016-02-01,1,14,78,49,3,145
COLQUENCHA,"anticoncepcion, prevencion de its y de cancer de cuello uterino",numero de inyectables trimestrales suministrados,2016-02-01,0,2,21,7,0,30
COLQUIRI,"anticoncepcion, prevencion de its y de cancer de cuello uterino",numero de inyectables trimestrales suministrados,2016-02-01,0,2,21,10,0,33
COMANCHE,"anticoncepcion, prevencion de its y de cancer de cuello uterino",numero de inyectables trimestrales suministrados,2016-02-01,0,0,3,1,0,4
COMARAPA,"anticoncepcion, prevencion de its y de cancer de cuello uterino",numero de inyectables trimestrales suministrados,2016-02-01,0,8,59,25,0,92
COMBAYA,"anticoncepcion, prevencion de its y de cancer de cuello uterino",numero de inyectables trimestrales suministrados,2016-02-01,0,1,3,1,0,5
CONCEPCION,"anticoncepcion, prevencion de its y de cancer de cuello uterino",numero de inyectables trimestrales suministrados,2016-02-01,0,6,25,4,0,35
COPACABANA,"anticoncepcion, prevencion de its y de cancer de cuello uterino",numero de inyectables trimestrales suministrados,2016-02-01,0,2,20,18,0,40
CORIPATA,"anticoncepcion, prevencion de its y de cancer de cuello uterino",numero de inyectables trimestrales suministrados,2016-02-01,0,1,31,10,0,42
CORO CORO,"anticoncepcion, prevencion de its y de cancer de cuello uterino",numero de inyectables trimestrales suministrados,2016-02-01,0,0,12,2,0,14
COROICO,"anticoncepcion, prevencion de its y de cancer de cuello uterino",numero de inyectables trimestrales suministrados,2016-02-01,0,1,18,4,0,23
CORQUE,"anticoncepcion, prevencion de its y de cancer de cuello uterino",numero de inyectables trimestrales suministrados,2016-02-01,0,0,10,5,0,15
COTAGAITA,"anticoncepcion, prevencion de its y de cancer de cuello uterino",numero de inyectables trimestrales suministrados,2016-02-01,0,8,74,42,1,125
COTOCA,"anticoncepcion, prevencion de its y de cancer de cuello uterino",numero de inyectables trimestrales suministrados,2016-02-01,0,14,105,33,0,152
CUATRO CAÑADAS,"anticoncepcion, prevencion de its y de cancer de cuello uterino",numero de inyectables trimestrales suministrados,2016-02-01,0,10,20,11,0,41
CUCHUMUELA (V. G. VILLARROEL),"anticoncepcion, prevencion de its y de cancer de cuello uterino",numero de inyectables trimestrales suministrados,2016-02-01,0,2,7,4,0,13
CUEVO,"anticoncepcion, prevencion de its y de cancer de cuello uterino",numero de inyectables trimestrales suministrados,2016-02-01,0,1,14,11,0,26
CULPINA,"anticoncepcion, prevencion de its y de cancer de cuello uterino",numero de inyectables trimestrales suministrados,2016-02-01,0,9,63,41,1,114
CURAHUARA DE CARANGAS,"anticoncepcion, prevencion de its y de cancer de cuello uterino",numero de inyectables trimestrales suministrados,2016-02-01,0,1,15,8,0,24
CURVA,"anticoncepcion, prevencion de its y de cancer de cuello uterino",numero de inyectables trimestrales suministrados,2016-02-01,0,1,9,0,0,10
DESAGUADERO,"anticoncepcion, prevencion de its y de cancer de cuello uterino",numero de inyectables trimestrales suministrados,2016-02-01,0,0,10,4,0,14
EL ALTO,"anticoncepcion, prevencion de its y de cancer de cuello uterino",numero de inyectables trimestrales suministrados,2016-02-01,0,78,829,325,4,1236
EL CHORO,"anticoncepcion, prevencion de its y de cancer de cuello uterino",numero de inyectables trimestrales suministrados,2016-02-01,0,1,7,2,0,10
EL PUENTE(STC),"anticoncepcion, prevencion de its y de cancer de cuello uterino",numero de inyectables trimestrales suministrados,2016-02-01,0,5,47,12,0,64
EL PUENTE(TJA),"anticoncepcion, prevencion de its y de cancer de cuello uterino",numero de inyectables trimestrales suministrados,2016-02-01,0,10,58,44,1,113
EL TORNO,"anticoncepcion, prevencion de its y de cancer de cuello uterino",numero de inyectables trimestrales suministrados,2016-02-01,3,30,103,47,2,185
EL VILLAR,"anticoncepcion, prevencion de its y de cancer de cuello uterino",numero de inyectables trimestrales suministrados,2016-02-01,0,6,21,17,0,44
ENTRE RIOS TRJ,"anticoncepcion, prevencion de its y de cancer de cuello uterino",numero de inyectables trimestrales suministrados,2016-02-01,0,29,104,57,4,194
ENTRE RIOS CBBA,"anticoncepcion, prevencion de its y de cancer de cuello uterino",numero de inyectables trimestrales suministrados,2016-02-01,0,10,44,16,0,70
ESCOMA,"anticoncepcion, prevencion de its y de cancer de cuello uterino",numero de inyectables trimestrales suministrados,2016-02-01,0,0,2,0,0,2
ESMERALDA,"anticoncepcion, prevencion de its y de cancer de cuello uterino",numero de inyectables trimestrales suministrados,2016-02-01,0,0,0,1,0,1
EUCALIPTUS,"anticoncepcion, prevencion de its y de cancer de cuello uterino",numero de inyectables trimestrales suministrados,2016-02-01,0,0,4,2,0,6
EUREKA (SANTOS MERCADO),"anticoncepcion, prevencion de its y de cancer de cuello uterino",numero de inyectables trimestrales suministrados,2016-02-01,0,1,10,0,0,11
FERNANDEZ ALONSO,"anticoncepcion, prevencion de its y de cancer de cuello uterino",numero de inyectables trimestrales suministrados,2016-02-01,0,11,23,16,0,50
FILADELFIA,"anticoncepcion, prevencion de its y de cancer de cuello uterino",numero de inyectables trimestrales suministrados,2016-02-01,0,9,16,6,0,31
GENERAL SAAVEDRA,"anticoncepcion, prevencion de its y de cancer de cuello uterino",numero de inyectables trimestrales suministrados,2016-02-01,0,7,45,18,0,70
GRAL. J.J. PEREZ (CHARAZANI),"anticoncepcion, prevencion de its y de cancer de cuello uterino",numero de inyectables trimestrales suministrados,2016-02-01,0,0,18,11,0,29
GUANAY,"anticoncepcion, prevencion de its y de cancer de cuello uterino",numero de inyectables trimestrales suministrados,2016-02-01,0,2,6,8,0,16
GUAQUI,"anticoncepcion, prevencion de its y de cancer de cuello uterino",numero de inyectables trimestrales suministrados,2016-02-01,0,3,19,8,0,30
GUAYARAMERIN,"anticoncepcion, prevencion de its y de cancer de cuello uterino",numero de inyectables trimestrales suministrados,2016-02-01,1,10,41,5,0,57
GUTIERREZ,"anticoncepcion, prevencion de its y de cancer de cuello uterino",numero de inyectables trimestrales suministrados,2016-02-01,0,3,28,4,0,35
HUACARETA,"anticoncepcion, prevencion de its y de cancer de cuello uterino",numero de inyectables trimestrales suministrados,2016-02-01,0,6,39,24,1,70
HUACAYA (VILLA DE HUACAYA),"anticoncepcion, prevencion de its y de cancer de cuello uterino",numero de inyectables trimestrales suministrados,2016-02-01,0,2,14,3,0,19
HUACHACALLA,"anticoncepcion, prevencion de its y de cancer de cuello uterino",numero de inyectables trimestrales suministrados,2016-02-01,0,0,2,0,0,2
HUANUNI,"anticoncepcion, prevencion de its y de cancer de cuello uterino",numero de inyectables trimestrales suministrados,2016-02-01,0,1,13,4,0,18
HUARACAJE,"anticoncepcion, prevencion de its y de cancer de cuello uterino",numero de inyectables trimestrales suministrados,2016-02-01,0,0,5,2,0,7
HUARINA,"anticoncepcion, prevencion de its y de cancer de cuello uterino",numero de inyectables trimestrales suministrados,2016-02-01,0,2,10,6,0,18
HUATAJATA,"anticoncepcion, prevencion de its y de cancer de cuello uterino",numero de inyectables trimestrales suministrados,2016-02-01,0,1,1,2,0,4
HUAYLLAMARCA,"anticoncepcion, prevencion de its y de cancer de cuello uterino",numero de inyectables trimestrales suministrados,2016-02-01,0,0,9,8,0,17
HUMANATA,"anticoncepcion, prevencion de its y de cancer de cuello uterino",numero de inyectables trimestrales suministrados,2016-02-01,0,1,2,2,0,5
ICHOCA,"anticoncepcion, prevencion de its y de cancer de cuello uterino",numero de inyectables trimestrales suministrados,2016-02-01,0,2,6,4,0,12
ICLA,"anticoncepcion, prevencion de its y de cancer de cuello uterino",numero de inyectables trimestrales suministrados,2016-02-01,0,4,20,22,0,46
INCAHUASI,"anticoncepcion, prevencion de its y de cancer de cuello uterino",numero de inyectables trimestrales suministrados,2016-02-01,0,1,28,20,0,49
INGAVI (HUMAITA),"anticoncepcion, prevencion de its y de cancer de cuello uterino",numero de inyectables trimestrales suministrados,2016-02-01,0,2,8,0,0,10
INQUISIVI,"anticoncepcion, prevencion de its y de cancer de cuello uterino",numero de inyectables trimestrales suministrados,2016-02-01,0,4,23,9,0,36
IRUPANA (VILLA DE LANZA),"anticoncepcion, prevencion de its y de cancer de cuello uterino",numero de inyectables trimestrales suministrados,2016-02-01,0,9,43,8,0,60
IXIAMAS,"anticoncepcion, prevencion de its y de cancer de cuello uterino",numero de inyectables trimestrales suministrados,2016-02-01,1,2,33,1,0,37
JESUS DE MACHACA,"anticoncepcion, prevencion de its y de cancer de cuello uterino",numero de inyectables trimestrales suministrados,2016-02-01,0,2,20,11,0,33
LA ASUNTA,"anticoncepcion, prevencion de its y de cancer de cuello uterino",numero de inyectables trimestrales suministrados,2016-02-01,0,13,113,45,0,171
LA GUARDIA,"anticoncepcion, prevencion de its y de cancer de cuello uterino",numero de inyectables trimestrales suministrados,2016-02-01,1,28,116,23,0,168
LA PAZ,"anticoncepcion, prevencion de its y de cancer de cuello uterino",numero de inyectables trimestrales suministrados,2016-02-01,3,56,402,91,1,553
LA RIVERA,"anticoncepcion, prevencion de its y de cancer de cuello uterino",numero de inyectables trimestrales suministrados,2016-02-01,0,0,1,0,0,1
LAGUNILLAS,"anticoncepcion, prevencion de its y de cancer de cuello uterino",numero de inyectables trimestrales suministrados,2016-02-01,0,1,6,5,1,13
LAJA,"anticoncepcion, prevencion de its y de cancer de cuello uterino",numero de inyectables trimestrales suministrados,2016-02-01,0,4,26,13,0,43
LAS CARRERAS,"anticoncepcion, prevencion de its y de cancer de cuello uterino",numero de inyectables trimestrales suministrados,2016-02-01,0,2,6,5,1,14
LICOMA PAMPA,"anticoncepcion, prevencion de its y de cancer de cuello uterino",numero de inyectables trimestrales suministrados,2016-02-01,0,1,8,4,0,13
LLALLAGUA,"anticoncepcion, prevencion de its y de cancer de cuello uterino",numero de inyectables trimestrales suministrados,2016-02-01,1,6,60,22,0,89
LLICA,"anticoncepcion, prevencion de its y de cancer de cuello uterino",numero de inyectables trimestrales suministrados,2016-02-01,0,3,14,2,0,19
LORETO,"anticoncepcion, prevencion de its y de cancer de cuello uterino",numero de inyectables trimestrales suministrados,2016-02-01,0,0,1,0,0,1
LURIBAY,"anticoncepcion, prevencion de its y de cancer de cuello uterino",numero de inyectables trimestrales suministrados,2016-02-01,0,4,19,19,0,42
MACHACAMARCA,"anticoncepcion, prevencion de its y de cancer de cuello uterino",numero de inyectables trimestrales suministrados,2016-02-01,0,0,1,2,0,3
MACHARETI,"anticoncepcion, prevencion de its y de cancer de cuello uterino",numero de inyectables trimestrales suministrados,2016-02-01,1,9,49,15,0,74
MAGDALENA,"anticoncepcion, prevencion de its y de cancer de cuello uterino",numero de inyectables trimestrales suministrados,2016-02-01,0,3,24,7,0,34
MAIRANA,"anticoncepcion, prevencion de its y de cancer de cuello uterino",numero de inyectables trimestrales suministrados,2016-02-01,0,5,25,11,0,41
MALLA,"anticoncepcion, prevencion de its y de cancer de cuello uterino",numero de inyectables trimestrales suministrados,2016-02-01,0,0,2,4,0,6
MAPIRI,"anticoncepcion, prevencion de its y de cancer de cuello uterino",numero de inyectables trimestrales suministrados,2016-02-01,0,2,18,6,0,26
MECAPACA,"anticoncepcion, prevencion de its y de cancer de cuello uterino",numero de inyectables trimestrales suministrados,2016-02-01,0,2,16,13,0,31
MINEROS,"anticoncepcion, prevencion de its y de cancer de cuello uterino",numero de inyectables trimestrales suministrados,2016-02-01,0,10,65,19,1,95
MIZQUE,"anticoncepcion, prevencion de its y de cancer de cuello uterino",numero de inyectables trimestrales suministrados,2016-02-01,0,13,70,37,0,120
MOCOMOCO,"anticoncepcion, prevencion de its y de cancer de cuello uterino",numero de inyectables trimestrales suministrados,2016-02-01,0,0,16,12,0,28
MOJINETE,"anticoncepcion, prevencion de its y de cancer de cuello uterino",numero de inyectables trimestrales suministrados,2016-02-01,0,0,1,1,0,2
MOJOCOYA,"anticoncepcion, prevencion de its y de cancer de cuello uterino",numero de inyectables trimestrales suministrados,2016-02-01,0,5,23,24,0,52
MONTEAGUDO,"anticoncepcion, prevencion de its y de cancer de cuello uterino",numero de inyectables trimestrales suministrados,2016-02-01,0,8,50,35,1,94
MONTERO,"anticoncepcion, prevencion de its y de cancer de cuello uterino",numero de inyectables trimestrales suministrados,2016-02-01,2,61,178,51,1,293
MORO MORO,"anticoncepcion, prevencion de its y de cancer de cuello uterino",numero de inyectables trimestrales suministrados,2016-02-01,0,5,16,8,0,29
MOROCHATA,"anticoncepcion, prevencion de its y de cancer de cuello uterino",numero de inyectables trimestrales suministrados,2016-02-01,0,6,36,32,1,75
NACEBE (SANTA ROSA DEL ABUNA),"anticoncepcion, prevencion de its y de cancer de cuello uterino",numero de inyectables trimestrales suministrados,2016-02-01,0,10,15,4,0,29
NAZACARA DE PACAJES,"anticoncepcion, prevencion de its y de cancer de cuello uterino",numero de inyectables trimestrales suministrados,2016-02-01,0,1,0,0,0,1
NUEVO MANOA (NUEVA ESPERANZA),"anticoncepcion, prevencion de its y de cancer de cuello uterino",numero de inyectables trimestrales suministrados,2016-02-01,0,0,5,0,0,5
OCURI,"anticoncepcion, prevencion de its y de cancer de cuello uterino",numero de inyectables trimestrales suministrados,2016-02-01,0,2,35,13,0,50
OKINAWA,"anticoncepcion, prevencion de its y de cancer de cuello uterino",numero de inyectables trimestrales suministrados,2016-02-01,0,6,30,10,0,46
OMEREQUE,"anticoncepcion, prevencion de its y de cancer de cuello uterino",numero de inyectables trimestrales suministrados,2016-02-01,0,7,26,12,1,46
ORURO,"anticoncepcion, prevencion de its y de cancer de cuello uterino",numero de inyectables trimestrales suministrados,2016-02-01,0,30,409,121,1,561
PADCAYA,"anticoncepcion, prevencion de its y de cancer de cuello uterino",numero de inyectables trimestrales suministrados,2016-02-01,0,13,82,54,1,150
PADILLA,"anticoncepcion, prevencion de its y de cancer de cuello uterino",numero de inyectables trimestrales suministrados,2016-02-01,0,1,51,22,1,75
PAILON,"anticoncepcion, prevencion de its y de cancer de cuello uterino",numero de inyectables trimestrales suministrados,2016-02-01,0,6,23,5,0,34
PALCA,"anticoncepcion, prevencion de its y de cancer de cuello uterino",numero de inyectables trimestrales suministrados,2016-02-01,0,9,37,14,1,61
PALOS BLANCOS,"anticoncepcion, prevencion de its y de cancer de cuello uterino",numero de inyectables trimestrales suministrados,2016-02-01,0,6,45,31,0,82
PAMPA AULLAGAS,"anticoncepcion, prevencion de its y de cancer de cuello uterino",numero de inyectables trimestrales suministrados,2016-02-01,0,0,3,3,0,6
PAMPA GRANDE,"anticoncepcion, prevencion de its y de cancer de cuello uterino",numero de inyectables trimestrales suministrados,2016-02-01,0,3,28,7,1,39
PAPEL PAMPA,"anticoncepcion, prevencion de its y de cancer de cuello uterino",numero de inyectables trimestrales suministrados,2016-02-01,0,3,11,8,0,22
PASORAPA,"anticoncepcion, prevencion de its y de cancer de cuello uterino",numero de inyectables trimestrales suministrados,2016-02-01,0,1,12,8,1,22
PATACAMAYA,"anticoncepcion, prevencion de its y de cancer de cuello uterino",numero de inyectables trimestrales suministrados,2016-02-01,0,4,11,8,0,23
PAZÑA,"anticoncepcion, prevencion de its y de cancer de cuello uterino",numero de inyectables trimestrales suministrados,2016-02-01,0,0,22,10,0,32
PELECHUCO,"anticoncepcion, prevencion de its y de cancer de cuello uterino",numero de inyectables trimestrales suministrados,2016-02-01,0,1,25,8,0,34
POCOATA,"anticoncepcion, prevencion de its y de cancer de cuello uterino",numero de inyectables trimestrales suministrados,2016-02-01,0,3,24,37,0,64
POCONA,"anticoncepcion, prevencion de its y de cancer de cuello uterino",numero de inyectables trimestrales suministrados,2016-02-01,0,12,70,40,0,122
POJO (CBBA),"anticoncepcion, prevencion de its y de cancer de cuello uterino",numero de inyectables trimestrales suministrados,2016-02-01,0,9,30,28,0,67
POOPO,"anticoncepcion, prevencion de its y de cancer de cuello uterino",numero de inyectables trimestrales suministrados,2016-02-01,0,0,9,3,0,12
PORCO,"anticoncepcion, prevencion de its y de cancer de cuello uterino",numero de inyectables trimestrales suministrados,2016-02-01,0,2,18,8,0,28
POROMA,"anticoncepcion, prevencion de its y de cancer de cuello uterino",numero de inyectables trimestrales suministrados,2016-02-01,0,8,48,22,2,80
PORONGO,"anticoncepcion, prevencion de its y de cancer de cuello uterino",numero de inyectables trimestrales suministrados,2016-02-01,0,0,1,0,0,1
PORTACHUELO,"anticoncepcion, prevencion de its y de cancer de cuello uterino",numero de inyectables trimestrales suministrados,2016-02-01,0,5,30,10,1,46
PORVENIR,"anticoncepcion, prevencion de its y de cancer de cuello uterino",numero de inyectables trimestrales suministrados,2016-02-01,1,5,14,2,0,22
POSTRER VALLE,"anticoncepcion, prevencion de its y de cancer de cuello uterino",numero de inyectables trimestrales suministrados,2016-02-01,0,1,6,1,0,8
POTOSI,"anticoncepcion, prevencion de its y de cancer de cuello uterino",numero de inyectables trimestrales suministrados,2016-02-01,0,58,510,151,3,722
PRESTO,"anticoncepcion, prevencion de its y de cancer de cuello uterino",numero de inyectables trimestrales suministrados,2016-02-01,1,4,20,11,0,36
PUCARA,"anticoncepcion, prevencion de its y de cancer de cuello uterino",numero de inyectables trimestrales suministrados,2016-02-01,0,0,6,7,0,13
PUCARANI,"anticoncepcion, prevencion de its y de cancer de cuello uterino",numero de inyectables trimestrales suministrados,2016-02-01,0,7,71,37,0,115
PUERTO ACOSTA,"anticoncepcion, prevencion de its y de cancer de cuello uterino",numero de inyectables trimestrales suministrados,2016-02-01,0,1,14,3,0,18
PUERTO CARABUCO,"anticoncepcion, prevencion de its y de cancer de cuello uterino",numero de inyectables trimestrales suministrados,2016-02-01,0,0,17,17,0,34
PUERTO GONZALO MORENO,"anticoncepcion, prevencion de its y de cancer de cuello uterino",numero de inyectables trimestrales suministrados,2016-02-01,0,11,22,5,0,38
PUERTO PEREZ,"anticoncepcion, prevencion de its y de cancer de cuello uterino",numero de inyectables trimestrales suministrados,2016-02-01,0,0,7,4,0,11
PUERTO QUIJARRO,"anticoncepcion, prevencion de its y de cancer de cuello uterino",numero de inyectables trimestrales suministrados,2016-02-01,0,2,22,3,0,27
PUERTO RICO,"anticoncepcion, prevencion de its y de cancer de cuello uterino",numero de inyectables trimestrales suministrados,2016-02-01,1,3,29,4,1,38
PUERTO SILES,"anticoncepcion, prevencion de its y de cancer de cuello uterino",numero de inyectables trimestrales suministrados,2016-02-01,0,0,2,0,0,2
PUERTO SUAREZ,"anticoncepcion, prevencion de its y de cancer de cuello uterino",numero de inyectables trimestrales suministrados,2016-02-01,0,4,9,0,0,13
PUERTO VILLARROEL,"anticoncepcion, prevencion de its y de cancer de cuello uterino",numero de inyectables trimestrales suministrados,2016-02-01,2,31,100,23,1,157
PUNA,"anticoncepcion, prevencion de its y de cancer de cuello uterino",numero de inyectables trimestrales suministrados,2016-02-01,0,2,24,15,1,42
PUNATA,"anticoncepcion, prevencion de its y de cancer de cuello uterino",numero de inyectables trimestrales suministrados,2016-02-01,0,8,55,28,0,91
QUIABAYA,"anticoncepcion, prevencion de its y de cancer de cuello uterino",numero de inyectables trimestrales suministrados,2016-02-01,0,2,1,6,1,10
QUILLACOLLO,"anticoncepcion, prevencion de its y de cancer de cuello uterino",numero de inyectables trimestrales suministrados,2016-02-01,0,28,196,30,0,254
QUIME,"anticoncepcion, prevencion de its y de cancer de cuello uterino",numero de inyectables trimestrales suministrados,2016-02-01,0,4,24,14,0,42
QUIRUSILLAS,"anticoncepcion, prevencion de its y de cancer de cuello uterino",numero de inyectables trimestrales suministrados,2016-02-01,0,1,8,6,0,15
RAVELO,"anticoncepcion, prevencion de its y de cancer de cuello uterino",numero de inyectables trimestrales suministrados,2016-02-01,0,5,62,53,1,121
REYES,"anticoncepcion, prevencion de its y de cancer de cuello uterino",numero de inyectables trimestrales suministrados,2016-02-01,0,5,24,8,0,37
RIBERALTA,"anticoncepcion, prevencion de its y de cancer de cuello uterino",numero de inyectables trimestrales suministrados,2016-02-01,0,35,152,22,0,209
ROBORE,"anticoncepcion, prevencion de its y de cancer de cuello uterino",numero de inyectables trimestrales suministrados,2016-02-01,0,8,36,5,0,49
RURRENABAQUE,"anticoncepcion, prevencion de its y de cancer de cuello uterino",numero de inyectables trimestrales suministrados,2016-02-01,0,6,27,12,0,45
SABAYA,"anticoncepcion, prevencion de its y de cancer de cuello uterino",numero de inyectables trimestrales suministrados,2016-02-01,0,0,9,5,0,14
SACABA,"anticoncepcion, prevencion de its y de cancer de cuello uterino",numero de inyectables trimestrales suministrados,2016-02-01,0,10,130,47,0,187
SACABAMBA,"anticoncepcion, prevencion de its y de cancer de cuello uterino",numero de inyectables trimestrales suministrados,2016-02-01,0,0,8,7,0,15
SACACA,"anticoncepcion, prevencion de its y de cancer de cuello uterino",numero de inyectables trimestrales suministrados,2016-02-01,0,8,51,20,0,79
SAIPINA,"anticoncepcion, prevencion de its y de cancer de cuello uterino",numero de inyectables trimestrales suministrados,2016-02-01,0,1,16,5,0,22
SALINAS DE GARCI MENDOZA,"anticoncepcion, prevencion de its y de cancer de cuello uterino",numero de inyectables trimestrales suministrados,2016-02-01,1,2,24,7,0,34
SAMAIPATA,"anticoncepcion, prevencion de its y de cancer de cuello uterino",numero de inyectables trimestrales suministrados,2016-02-01,0,9,34,12,0,55
SAN AGUSTIN,"anticoncepcion, prevencion de its y de cancer de cuello uterino",numero de inyectables trimestrales suministrados,2016-02-01,0,0,7,3,0,10
SAN ANDRES,"anticoncepcion, prevencion de its y de cancer de cuello uterino",numero de inyectables trimestrales suministrados,2016-02-01,0,4,18,8,1,31
SAN ANDRES DE MACHACA,"anticoncepcion, prevencion de its y de cancer de cuello uterino",numero de inyectables trimestrales suministrados,2016-02-01,0,1,1,1,0,3
SAN ANTONIO DE ESMORUCO,"anticoncepcion, prevencion de its y de cancer de cuello uterino",numero de inyectables trimestrales suministrados,2016-02-01,0,1,7,2,0,10
SAN ANTONIO DE LOMERIO,"anticoncepcion, prevencion de its y de cancer de cuello uterino",numero de inyectables trimestrales suministrados,2016-02-01,1,4,35,30,0,70
SAN BENITO,"anticoncepcion, prevencion de its y de cancer de cuello uterino",numero de inyectables trimestrales suministrados,2016-02-01,0,2,22,9,1,34
SAN BORJA,"anticoncepcion, prevencion de its y de cancer de cuello uterino",numero de inyectables trimestrales suministrados,2016-02-01,2,31,82,34,0,149
SAN BUENA VENTURA,"anticoncepcion, prevencion de its y de cancer de cuello uterino",numero de inyectables trimestrales suministrados,2016-02-01,0,3,23,8,0,34
SAN CARLOS,"anticoncepcion, prevencion de its y de cancer de cuello uterino",numero de inyectables trimestrales suministrados,2016-02-01,0,5,39,12,1,57
SAN IGNACIO,"anticoncepcion, prevencion de its y de cancer de cuello uterino",numero de inyectables trimestrales suministrados,2016-02-01,1,17,65,36,0,119
SAN IGNACIO DE VELASCO,"anticoncepcion, prevencion de its y de cancer de cuello uterino",numero de inyectables trimestrales suministrados,2016-02-01,1,28,130,49,0,208
SAN JAVIER(BNI),"anticoncepcion, prevencion de its y de cancer de cuello uterino",numero de inyectables trimestrales suministrados,2016-02-01,0,1,9,1,0,11
SAN JAVIER(STC),"anticoncepcion, prevencion de its y de cancer de cuello uterino",numero de inyectables trimestrales suministrados,2016-02-01,0,6,34,10,0,50
SAN JOAQUIN,"anticoncepcion, prevencion de its y de cancer de cuello uterino",numero de inyectables trimestrales suministrados,2016-02-01,0,4,3,1,0,8
SAN JOSE DE CHIQUITOS,"anticoncepcion, prevencion de its y de cancer de cuello uterino",numero de inyectables trimestrales suministrados,2016-02-01,1,5,22,5,0,33
SAN JUAN DE YAPACANI,"anticoncepcion, prevencion de its y de cancer de cuello uterino",numero de inyectables trimestrales suministrados,2016-02-01,0,5,26,13,1,45
SAN JULIAN,"anticoncepcion, prevencion de its y de cancer de cuello uterino",numero de inyectables trimestrales suministrados,2016-02-01,0,5,45,32,1,83
SAN LORENZO(PND),"anticoncepcion, prevencion de its y de cancer de cuello uterino",numero de inyectables trimestrales suministrados,2016-02-01,0,5,14,5,0,24
SAN LORENZO(TJA),"anticoncepcion, prevencion de its y de cancer de cuello uterino",numero de inyectables trimestrales suministrados,2016-02-01,0,12,84,26,3,125
SAN LUCAS,"anticoncepcion, prevencion de its y de cancer de cuello uterino",numero de inyectables trimestrales suministrados,2016-02-01,0,5,68,49,1,123
SAN MATIAS,"anticoncepcion, prevencion de its y de cancer de cuello uterino",numero de inyectables trimestrales suministrados,2016-02-01,0,1,16,4,0,21
SAN MIGUEL DE VELASCO,"anticoncepcion, prevencion de its y de cancer de cuello uterino",numero de inyectables trimestrales suministrados,2016-02-01,0,9,45,19,0,73
SAN PABLO DE LIPEZ,"anticoncepcion, prevencion de its y de cancer de cuello uterino",numero de inyectables trimestrales suministrados,2016-02-01,0,1,7,2,0,10
SAN PEDRO,"anticoncepcion, prevencion de its y de cancer de cuello uterino",numero de inyectables trimestrales suministrados,2016-02-01,0,9,36,11,0,56
SAN PEDRO DE BUENA VISTA,"anticoncepcion, prevencion de its y de cancer de cuello uterino",numero de inyectables trimestrales suministrados,2016-02-01,0,3,37,16,0,56
SAN PEDRO DE CURAHUARA,"anticoncepcion, prevencion de its y de cancer de cuello uterino",numero de inyectables trimestrales suministrados,2016-02-01,0,3,9,5,0,17
SAN PEDRO DE QUEMES,"anticoncepcion, prevencion de its y de cancer de cuello uterino",numero de inyectables trimestrales suministrados,2016-02-01,0,0,2,0,0,2
SAN PEDRO DE TIQUINA,"anticoncepcion, prevencion de its y de cancer de cuello uterino",numero de inyectables trimestrales suministrados,2016-02-01,0,0,10,5,0,15
SAN PEDRO(PND),"anticoncepcion, prevencion de its y de cancer de cuello uterino",numero de inyectables trimestrales suministrados,2016-02-01,1,1,6,3,0,11
SAN RAFAEL,"anticoncepcion, prevencion de its y de cancer de cuello uterino",numero de inyectables trimestrales suministrados,2016-02-01,0,7,34,17,0,58
SAN RAMON BENI,"anticoncepcion, prevencion de its y de cancer de cuello uterino",numero de inyectables trimestrales suministrados,2016-02-01,0,1,4,1,0,6
SAN RAMON SCZ,"anticoncepcion, prevencion de its y de cancer de cuello uterino",numero de inyectables trimestrales suministrados,2016-02-01,0,5,29,13,0,47
SANTA ANA,"anticoncepcion, prevencion de its y de cancer de cuello uterino",numero de inyectables trimestrales suministrados,2016-02-01,0,2,14,2,0,18
SANTA CRUZ DE LA SIERRA,"anticoncepcion, prevencion de its y de cancer de cuello uterino",numero de inyectables trimestrales suministrados,2016-02-01,3,157,467,132,0,759
SANTA ROSA,"anticoncepcion, prevencion de its y de cancer de cuello uterino",numero de inyectables trimestrales suministrados,2016-02-01,1,1,6,2,0,10
SANTA ROSA DEL SARA,"anticoncepcion, prevencion de its y de cancer de cuello uterino",numero de inyectables trimestrales suministrados,2016-02-01,0,6,42,14,0,62
SANTIAGO DE CALLAPA,"anticoncepcion, prevencion de its y de cancer de cuello uterino",numero de inyectables trimestrales suministrados,2016-02-01,0,0,0,5,0,5
SANTIAGO DE HUARI,"anticoncepcion, prevencion de its y de cancer de cuello uterino",numero de inyectables trimestrales suministrados,2016-02-01,0,0,10,3,0,13
SANTIAGO DE HUATA,"anticoncepcion, prevencion de its y de cancer de cuello uterino",numero de inyectables trimestrales suministrados,2016-02-01,0,0,9,5,1,15
SANTIAGO DE MACHACA,"anticoncepcion, prevencion de its y de cancer de cuello uterino",numero de inyectables trimestrales suministrados,2016-02-01,0,0,8,5,0,13
SANTIVAÑES,"anticoncepcion, prevencion de its y de cancer de cuello uterino",numero de inyectables trimestrales suministrados,2016-02-01,0,3,26,4,0,33
SANTUARIO DE QUILLACAS,"anticoncepcion, prevencion de its y de cancer de cuello uterino",numero de inyectables trimestrales suministrados,2016-02-01,0,2,10,1,0,13
SAPAHAQUI,"anticoncepcion, prevencion de its y de cancer de cuello uterino",numero de inyectables trimestrales suministrados,2016-02-01,0,1,23,12,0,36
SENA,"anticoncepcion, prevencion de its y de cancer de cuello uterino",numero de inyectables trimestrales suministrados,2016-02-01,0,4,7,4,0,15
SHINAOTA,"anticoncepcion, prevencion de its y de cancer de cuello uterino",numero de inyectables trimestrales suministrados,2016-02-01,0,4,28,15,0,47
SICA SICA (VILLA AROMA),"anticoncepcion, prevencion de its y de cancer de cuello uterino",numero de inyectables trimestrales suministrados,2016-02-01,0,3,36,23,2,64
SICAYA,"anticoncepcion, prevencion de its y de cancer de cuello uterino",numero de inyectables trimestrales suministrados,2016-02-01,0,2,22,10,0,34
SIPE SIPE,"anticoncepcion, prevencion de its y de cancer de cuello uterino",numero de inyectables trimestrales suministrados,2016-02-01,0,21,143,42,2,208
SOPACHUY,"anticoncepcion, prevencion de its y de cancer de cuello uterino",numero de inyectables trimestrales suministrados,2016-02-01,0,0,24,11,0,35
SORACACHI,"anticoncepcion, prevencion de its y de cancer de cuello uterino",numero de inyectables trimestrales suministrados,2016-02-01,0,1,17,9,0,27
SORATA,"anticoncepcion, prevencion de its y de cancer de cuello uterino",numero de inyectables trimestrales suministrados,2016-02-01,0,9,43,25,0,77
SUCRE,"anticoncepcion, prevencion de its y de cancer de cuello uterino",numero de inyectables trimestrales suministrados,2016-02-01,0,62,366,141,3,572
TACACHI,"anticoncepcion, prevencion de its y de cancer de cuello uterino",numero de inyectables trimestrales suministrados,2016-02-01,0,1,3,3,0,7
TACACOMA,"anticoncepcion, prevencion de its y de cancer de cuello uterino",numero de inyectables trimestrales suministrados,2016-02-01,0,2,27,15,0,44
TACOBAMBA,"anticoncepcion, prevencion de its y de cancer de cuello uterino",numero de inyectables trimestrales suministrados,2016-02-01,0,1,22,13,0,36
TACOPAYA,"anticoncepcion, prevencion de its y de cancer de cuello uterino",numero de inyectables trimestrales suministrados,2016-02-01,0,0,10,9,0,19
TAHUA,"anticoncepcion, prevencion de its y de cancer de cuello uterino",numero de inyectables trimestrales suministrados,2016-02-01,0,0,2,6,0,8
TAPACARI,"anticoncepcion, prevencion de its y de cancer de cuello uterino",numero de inyectables trimestrales suministrados,2016-02-01,0,8,34,29,0,71
TARABUCO,"anticoncepcion, prevencion de its y de cancer de cuello uterino",numero de inyectables trimestrales suministrados,2016-02-01,0,4,22,16,0,42
TARACO,"anticoncepcion, prevencion de its y de cancer de cuello uterino",numero de inyectables trimestrales suministrados,2016-02-01,0,2,13,14,0,29
TARATA,"anticoncepcion, prevencion de its y de cancer de cuello uterino",numero de inyectables trimestrales suministrados,2016-02-01,0,3,21,6,0,30
TARIJA,"anticoncepcion, prevencion de its y de cancer de cuello uterino",numero de inyectables trimestrales suministrados,2016-02-01,1,35,216,78,2,332
TARVITA,"anticoncepcion, prevencion de its y de cancer de cuello uterino",numero de inyectables trimestrales suministrados,2016-02-01,0,8,34,22,0,64
TEOPONTE,"anticoncepcion, prevencion de its y de cancer de cuello uterino",numero de inyectables trimestrales suministrados,2016-02-01,1,6,18,8,0,33
TIAWANACU,"anticoncepcion, prevencion de its y de cancer de cuello uterino",numero de inyectables trimestrales suministrados,2016-02-01,0,4,25,15,0,44
TINGUIPAYA,"anticoncepcion, prevencion de its y de cancer de cuello uterino",numero de inyectables trimestrales suministrados,2016-02-01,0,1,23,19,0,43
TIPUANI,"anticoncepcion, prevencion de its y de cancer de cuello uterino",numero de inyectables trimestrales suministrados,2016-02-01,0,1,15,7,0,23
TIQUIPAYA,"anticoncepcion, prevencion de its y de cancer de cuello uterino",numero de inyectables trimestrales suministrados,2016-02-01,1,10,101,14,0,126
TIRAQUE (CBBA),"anticoncepcion, prevencion de its y de cancer de cuello uterino",numero de inyectables trimestrales suministrados,2016-02-01,0,2,55,26,0,83
TITO YUPANQUI (PARQUIPUJIO),"anticoncepcion, prevencion de its y de cancer de cuello uterino",numero de inyectables trimestrales suministrados,2016-02-01,0,0,1,3,0,4
TOCO,"anticoncepcion, prevencion de its y de cancer de cuello uterino",numero de inyectables trimestrales suministrados,2016-02-01,0,3,28,11,0,42
TOLATA,"anticoncepcion, prevencion de its y de cancer de cuello uterino",numero de inyectables trimestrales suministrados,2016-02-01,0,1,10,6,0,17
TOLEDO,"anticoncepcion, prevencion de its y de cancer de cuello uterino",numero de inyectables trimestrales suministrados,2016-02-01,0,0,7,2,0,9
TOMAVE,"anticoncepcion, prevencion de its y de cancer de cuello uterino",numero de inyectables trimestrales suministrados,2016-02-01,0,3,17,8,0,28
TOMINA,"anticoncepcion, prevencion de its y de cancer de cuello uterino",numero de inyectables trimestrales suministrados,2016-02-01,0,5,35,42,0,82
TORO TORO,"anticoncepcion, prevencion de its y de cancer de cuello uterino",numero de inyectables trimestrales suministrados,2016-02-01,0,4,19,7,0,30
TOTORA(CBBA),"anticoncepcion, prevencion de its y de cancer de cuello uterino",numero de inyectables trimestrales suministrados,2016-02-01,0,21,61,23,0,105
TOTORA(ORR),"anticoncepcion, prevencion de its y de cancer de cuello uterino",numero de inyectables trimestrales suministrados,2016-02-01,0,2,10,4,1,17
TRIGAL,"anticoncepcion, prevencion de its y de cancer de cuello uterino",numero de inyectables trimestrales suministrados,2016-02-01,0,1,6,2,1,10
TRINIDAD,"anticoncepcion, prevencion de its y de cancer de cuello uterino",numero de inyectables trimestrales suministrados,2016-02-01,2,13,41,6,0,62
TUPIZA,"anticoncepcion, prevencion de its y de cancer de cuello uterino",numero de inyectables trimestrales suministrados,2016-02-01,0,18,116,44,0,178
TURCO,"anticoncepcion, prevencion de its y de cancer de cuello uterino",numero de inyectables trimestrales suministrados,2016-02-01,0,0,6,5,0,11
UMALA,"anticoncepcion, prevencion de its y de cancer de cuello uterino",numero de inyectables trimestrales suministrados,2016-02-01,0,2,18,7,0,27
UNCIA,"anticoncepcion, prevencion de its y de cancer de cuello uterino",numero de inyectables trimestrales suministrados,2016-02-01,0,7,41,26,0,74
URIONDO (A. CONCEPCION),"anticoncepcion, prevencion de its y de cancer de cuello uterino",numero de inyectables trimestrales suministrados,2016-02-01,0,9,58,29,1,97
URUBICHA,"anticoncepcion, prevencion de its y de cancer de cuello uterino",numero de inyectables trimestrales suministrados,2016-02-01,0,0,14,8,0,22
UYUNI,"anticoncepcion, prevencion de its y de cancer de cuello uterino",numero de inyectables trimestrales suministrados,2016-02-01,0,7,35,14,0,56
VACAS,"anticoncepcion, prevencion de its y de cancer de cuello uterino",numero de inyectables trimestrales suministrados,2016-02-01,1,5,20,17,0,43
VALLEGRANDE,"anticoncepcion, prevencion de its y de cancer de cuello uterino",numero de inyectables trimestrales suministrados,2016-02-01,1,16,49,12,0,78
VIACHA,"anticoncepcion, prevencion de its y de cancer de cuello uterino",numero de inyectables trimestrales suministrados,2016-02-01,0,9,126,31,1,167
VILA VILA,"anticoncepcion, prevencion de its y de cancer de cuello uterino",numero de inyectables trimestrales suministrados,2016-02-01,1,1,6,3,0,11
VILLA CHARCAS,"anticoncepcion, prevencion de its y de cancer de cuello uterino",numero de inyectables trimestrales suministrados,2016-02-01,0,5,44,34,1,84
VILLA MONTES,"anticoncepcion, prevencion de its y de cancer de cuello uterino",numero de inyectables trimestrales suministrados,2016-02-01,1,22,62,36,0,121
VILLA NUEVA (LOMA ALTA),"anticoncepcion, prevencion de its y de cancer de cuello uterino",numero de inyectables trimestrales suministrados,2016-02-01,0,3,4,0,0,7
VILLA RIVERO,"anticoncepcion, prevencion de its y de cancer de cuello uterino",numero de inyectables trimestrales suministrados,2016-02-01,0,6,38,13,0,57
VILLA SERRANO,"anticoncepcion, prevencion de its y de cancer de cuello uterino",numero de inyectables trimestrales suministrados,2016-02-01,0,4,18,15,2,39
VILLA TUNARI,"anticoncepcion, prevencion de its y de cancer de cuello uterino",numero de inyectables trimestrales suministrados,2016-02-01,0,29,247,110,2,388
VILLA VACA GUZMAN (MUYUPAMPA),"anticoncepcion, prevencion de its y de cancer de cuello uterino",numero de inyectables trimestrales suministrados,2016-02-01,0,6,38,27,0,71
VILLAZON,"anticoncepcion, prevencion de its y de cancer de cuello uterino",numero de inyectables trimestrales suministrados,2016-02-01,0,5,109,37,0,151
VINTO,"anticoncepcion, prevencion de its y de cancer de cuello uterino",numero de inyectables trimestrales suministrados,2016-02-01,0,22,105,22,0,149
VITICHI,"anticoncepcion, prevencion de its y de cancer de cuello uterino",numero de inyectables trimestrales suministrados,2016-02-01,0,0,13,13,0,26
WALDO BALLIVIAN,"anticoncepcion, prevencion de its y de cancer de cuello uterino",numero de inyectables trimestrales suministrados,2016-02-01,0,0,4,2,0,6
WARNES,"anticoncepcion, prevencion de its y de cancer de cuello uterino",numero de inyectables trimestrales suministrados,2016-02-01,3,45,120,36,7,211
YACO,"anticoncepcion, prevencion de its y de cancer de cuello uterino",numero de inyectables trimestrales suministrados,2016-02-01,0,2,7,5,0,14
YACUIBA,"anticoncepcion, prevencion de its y de cancer de cuello uterino",numero de inyectables trimestrales suministrados,2016-02-01,1,9,126,51,1,188
YAMPARAEZ,"anticoncepcion, prevencion de its y de cancer de cuello uterino",numero de inyectables trimestrales suministrados,2016-02-01,0,1,15,7,1,24
YANACACHI,"anticoncepcion, prevencion de its y de cancer de cuello uterino",numero de inyectables trimestrales suministrados,2016-02-01,0,1,14,5,0,20
YAPACANI,"anticoncepcion, prevencion de its y de cancer de cuello uterino",numero de inyectables trimestrales suministrados,2016-02-01,0,18,86,28,0,132
YOCALLA,"anticoncepcion, prevencion de its y de cancer de cuello uterino",numero de inyectables trimestrales suministrados,2016-02-01,0,0,15,3,0,18
YOTALA,"anticoncepcion, prevencion de its y de cancer de cuello uterino",numero de inyectables trimestrales suministrados,2016-02-01,0,0,6,12,0,18
YUNCHARA,"anticoncepcion, prevencion de its y de cancer de cuello uterino",numero de inyectables trimestrales suministrados,2016-02-01,0,6,36,26,0,68
YUNGUYO DE LITORAL,"anticoncepcion, prevencion de its y de cancer de cuello uterino",numero de inyectables trimestrales suministrados,2016-02-01,0,1,1,0,0,2
ZUDAÑEZ,"anticoncepcion, prevencion de its y de cancer de cuello uterino",numero de inyectables trimestrales suministrados,2016-02-01,0,2,33,12,0,47
ACACIO,"anticoncepcion, prevencion de its y de cancer de cuello uterino",numero de inyectables trimestrales suministrados,2016-03-01,0,1,13,5,0,19
ACHACACHI,"anticoncepcion, prevencion de its y de cancer de cuello uterino",numero de inyectables trimestrales suministrados,2016-03-01,0,6,61,32,4,103
ACHOCALLA,"anticoncepcion, prevencion de its y de cancer de cuello uterino",numero de inyectables trimestrales suministrados,2016-03-01,0,4,54,31,0,89
AIQUILE,"anticoncepcion, prevencion de its y de cancer de cuello uterino",numero de inyectables trimestrales suministrados,2016-03-01,0,2,47,24,0,73
ALALAY,"anticoncepcion, prevencion de its y de cancer de cuello uterino",numero de inyectables trimestrales suministrados,2016-03-01,0,2,7,4,0,13
ALCALA,"anticoncepcion, prevencion de its y de cancer de cuello uterino",numero de inyectables trimestrales suministrados,2016-03-01,0,1,11,14,0,26
ALTO BENI,"anticoncepcion, prevencion de its y de cancer de cuello uterino",numero de inyectables trimestrales suministrados,2016-03-01,0,4,34,13,0,51
ANCORAIMES,"anticoncepcion, prevencion de its y de cancer de cuello uterino",numero de inyectables trimestrales suministrados,2016-03-01,0,0,15,8,0,23
ANDAMARCA,"anticoncepcion, prevencion de its y de cancer de cuello uterino",numero de inyectables trimestrales suministrados,2016-03-01,0,2,4,4,0,10
ANTEQUERA,"anticoncepcion, prevencion de its y de cancer de cuello uterino",numero de inyectables trimestrales suministrados,2016-03-01,0,0,15,7,0,22
ANZALDO,"anticoncepcion, prevencion de its y de cancer de cuello uterino",numero de inyectables trimestrales suministrados,2016-03-01,0,3,20,9,0,32
APOLO,"anticoncepcion, prevencion de its y de cancer de cuello uterino",numero de inyectables trimestrales suministrados,2016-03-01,0,4,35,35,0,74
ARAMPAMPA,"anticoncepcion, prevencion de its y de cancer de cuello uterino",numero de inyectables trimestrales suministrados,2016-03-01,0,0,17,6,0,23
ARANI,"anticoncepcion, prevencion de its y de cancer de cuello uterino",numero de inyectables trimestrales suministrados,2016-03-01,0,2,18,7,0,27
ARBIETO,"anticoncepcion, prevencion de its y de cancer de cuello uterino",numero de inyectables trimestrales suministrados,2016-03-01,0,5,56,25,0,86
ARQUE,"anticoncepcion, prevencion de its y de cancer de cuello uterino",numero de inyectables trimestrales suministrados,2016-03-01,0,6,27,35,0,68
ASCENCION DE GUARAYOS,"anticoncepcion, prevencion de its y de cancer de cuello uterino",numero de inyectables trimestrales suministrados,2016-03-01,0,12,35,11,0,58
ATOCHA,"anticoncepcion, prevencion de its y de cancer de cuello uterino",numero de inyectables trimestrales suministrados,2016-03-01,1,2,27,8,0,38
AUCAPATA,"anticoncepcion, prevencion de its y de cancer de cuello uterino",numero de inyectables trimestrales suministrados,2016-03-01,0,1,13,11,0,25
AYATA,"anticoncepcion, prevencion de its y de cancer de cuello uterino",numero de inyectables trimestrales suministrados,2016-03-01,0,5,23,24,0,52
AYO AYO,"anticoncepcion, prevencion de its y de cancer de cuello uterino",numero de inyectables trimestrales suministrados,2016-03-01,0,3,19,11,0,33
AYOPAYA (V. DE INDEPENDENCIA),"anticoncepcion, prevencion de its y de cancer de cuello uterino",numero de inyectables trimestrales suministrados,2016-03-01,0,10,93,68,0,171
AZURDUY,"anticoncepcion, prevencion de its y de cancer de cuello uterino",numero de inyectables trimestrales suministrados,2016-03-01,0,12,58,27,0,97
BATALLAS,"anticoncepcion, prevencion de its y de cancer de cuello uterino",numero de inyectables trimestrales suministrados,2016-03-01,0,2,25,17,0,44
BAURES,"anticoncepcion, prevencion de its y de cancer de cuello uterino",numero de inyectables trimestrales suministrados,2016-03-01,0,2,2,2,0,6
BELEN DE ANDAMARCA,"anticoncepcion, prevencion de its y de cancer de cuello uterino",numero de inyectables trimestrales suministrados,2016-03-01,0,1,8,3,0,12
BELEN DE URMIRI,"anticoncepcion, prevencion de its y de cancer de cuello uterino",numero de inyectables trimestrales suministrados,2016-03-01,0,0,8,2,0,10
BELLA FLOR,"anticoncepcion, prevencion de its y de cancer de cuello uterino",numero de inyectables trimestrales suministrados,2016-03-01,0,2,18,2,0,22
BERMEJO,"anticoncepcion, prevencion de its y de cancer de cuello uterino",numero de inyectables trimestrales suministrados,2016-03-01,0,14,82,33,2,131
BETANZOS,"anticoncepcion, prevencion de its y de cancer de cuello uterino",numero de inyectables trimestrales suministrados,2016-03-01,0,4,58,49,0,111
BOLIVAR,"anticoncepcion, prevencion de its y de cancer de cuello uterino",numero de inyectables trimestrales suministrados,2016-03-01,0,0,10,5,0,15
BOLPEBRA,"anticoncepcion, prevencion de its y de cancer de cuello uterino",numero de inyectables trimestrales suministrados,2016-03-01,1,1,6,3,0,11
BOYUIBE,"anticoncepcion, prevencion de its y de cancer de cuello uterino",numero de inyectables trimestrales suministrados,2016-03-01,0,1,10,7,0,18
BUENA VISTA,"anticoncepcion, prevencion de its y de cancer de cuello uterino",numero de inyectables trimestrales suministrados,2016-03-01,1,10,28,18,0,57
CABEZAS,"anticoncepcion, prevencion de its y de cancer de cuello uterino",numero de inyectables trimestrales suministrados,2016-03-01,0,9,72,28,0,109
CAIROMA,"anticoncepcion, prevencion de its y de cancer de cuello uterino",numero de inyectables trimestrales suministrados,2016-03-01,0,3,19,11,0,33
"CAIZA ""D""","anticoncepcion, prevencion de its y de cancer de cuello uterino",numero de inyectables trimestrales suministrados,2016-03-01,0,1,26,19,0,46
CAJUATA,"anticoncepcion, prevencion de its y de cancer de cuello uterino",numero de inyectables trimestrales suministrados,2016-03-01,1,7,30,15,0,53
CALACOTO,"anticoncepcion, prevencion de its y de cancer de cuello uterino",numero de inyectables trimestrales suministrados,2016-03-01,0,4,8,7,0,19
CALAMARCA,"anticoncepcion, prevencion de its y de cancer de cuello uterino",numero de inyectables trimestrales suministrados,2016-03-01,0,3,43,16,0,62
CAMARGO,"anticoncepcion, prevencion de its y de cancer de cuello uterino",numero de inyectables trimestrales suministrados,2016-03-01,0,4,38,18,2,62
CAMATAQUI (C. VILLA ABECIA),"anticoncepcion, prevencion de its y de cancer de cuello uterino",numero de inyectables trimestrales suministrados,2016-03-01,0,2,4,14,0,20
CAMIRI,"anticoncepcion, prevencion de its y de cancer de cuello uterino",numero de inyectables trimestrales suministrados,2016-03-01,0,8,26,25,0,59
CAPINOTA,"anticoncepcion, prevencion de its y de cancer de cuello uterino",numero de inyectables trimestrales suministrados,2016-03-01,1,9,56,27,0,93
CAQUIAVIRI,"anticoncepcion, prevencion de its y de cancer de cuello uterino",numero de inyectables trimestrales suministrados,2016-03-01,0,2,11,4,0,17
CARACOLLO,"anticoncepcion, prevencion de its y de cancer de cuello uterino",numero de inyectables trimestrales suministrados,2016-03-01,0,3,27,17,0,47
CARANAVI,"anticoncepcion, prevencion de its y de cancer de cuello uterino",numero de inyectables trimestrales suministrados,2016-03-01,0,10,66,44,1,121
CARANGAS,"anticoncepcion, prevencion de its y de cancer de cuello uterino",numero de inyectables trimestrales suministrados,2016-03-01,0,0,1,0,0,1
CARAPARI,"anticoncepcion, prevencion de its y de cancer de cuello uterino",numero de inyectables trimestrales suministrados,2016-03-01,0,3,42,16,0,61
CARIPUYO,"anticoncepcion, prevencion de its y de cancer de cuello uterino",numero de inyectables trimestrales suministrados,2016-03-01,0,2,9,7,0,18
CARMEN RIVERO TORREZ,"anticoncepcion, prevencion de its y de cancer de cuello uterino",numero de inyectables trimestrales suministrados,2016-03-01,0,1,11,5,0,17
CATACORA,"anticoncepcion, prevencion de its y de cancer de cuello uterino",numero de inyectables trimestrales suministrados,2016-03-01,0,2,2,5,0,9
CHACARILLA,"anticoncepcion, prevencion de its y de cancer de cuello uterino",numero de inyectables trimestrales suministrados,2016-03-01,0,0,2,1,0,3
CHALLAPATA,"anticoncepcion, prevencion de its y de cancer de cuello uterino",numero de inyectables trimestrales suministrados,2016-03-01,0,8,56,16,0,80
CHAQUI,"anticoncepcion, prevencion de its y de cancer de cuello uterino",numero de inyectables trimestrales suministrados,2016-03-01,0,3,19,14,0,36
CHARAGUA,"anticoncepcion, prevencion de its y de cancer de cuello uterino",numero de inyectables trimestrales suministrados,2016-03-01,0,4,42,12,0,58
CHARAÑA,"anticoncepcion, prevencion de its y de cancer de cuello uterino",numero de inyectables trimestrales suministrados,2016-03-01,0,0,7,1,0,8
CHAYANTA,"anticoncepcion, prevencion de its y de cancer de cuello uterino",numero de inyectables trimestrales suministrados,2016-03-01,0,1,32,22,0,55
CHIMORE,"anticoncepcion, prevencion de its y de cancer de cuello uterino",numero de inyectables trimestrales suministrados,2016-03-01,1,13,53,18,0,85
CHIPAYA,"anticoncepcion, prevencion de its y de cancer de cuello uterino",numero de inyectables trimestrales suministrados,2016-03-01,0,5,13,5,1,24
CHOQUE COTA,"anticoncepcion, prevencion de its y de cancer de cuello uterino",numero de inyectables trimestrales suministrados,2016-03-01,0,0,2,1,0,3
CHUA COCANI,"anticoncepcion, prevencion de its y de cancer de cuello uterino",numero de inyectables trimestrales suministrados,2016-03-01,0,2,3,4,0,9
CHULUMANI (V. DE LA LIBERTAD),"anticoncepcion, prevencion de its y de cancer de cuello uterino",numero de inyectables trimestrales suministrados,2016-03-01,0,6,32,10,0,48
CHUMA,"anticoncepcion, prevencion de its y de cancer de cuello uterino",numero de inyectables trimestrales suministrados,2016-03-01,0,1,31,21,0,53
CHUQUIHUTA AYLLU JUCUMANI,"anticoncepcion, prevencion de its y de cancer de cuello uterino",numero de inyectables trimestrales suministrados,2016-03-01,0,2,13,7,0,22
CKOCHAS,"anticoncepcion, prevencion de its y de cancer de cuello uterino",numero de inyectables trimestrales suministrados,2016-03-01,0,1,19,23,0,43
CLIZA,"anticoncepcion, prevencion de its y de cancer de cuello uterino",numero de inyectables trimestrales suministrados,2016-03-01,0,8,49,19,0,76
COBIJA,"anticoncepcion, prevencion de its y de cancer de cuello uterino",numero de inyectables trimestrales suministrados,2016-03-01,1,30,108,31,0,170
COCAPATA,"anticoncepcion, prevencion de its y de cancer de cuello uterino",numero de inyectables trimestrales suministrados,2016-03-01,0,5,38,20,0,63
COCHABAMBA,"anticoncepcion, prevencion de its y de cancer de cuello uterino",numero de inyectables trimestrales suministrados,2016-03-01,0,41,350,95,0,486
COIPASA,"anticoncepcion, prevencion de its y de cancer de cuello uterino",numero de inyectables trimestrales suministrados,2016-03-01,0,0,4,1,0,5
COLCAPIRHUA,"anticoncepcion, prevencion de its y de cancer de cuello uterino",numero de inyectables trimestrales suministrados,2016-03-01,0,6,52,4,0,62
"COLCHA ""K""","anticoncepcion, prevencion de its y de cancer de cuello uterino",numero de inyectables trimestrales suministrados,2016-03-01,0,5,41,19,1,66
COLLANA,"anticoncepcion, prevencion de its y de cancer de cuello uterino",numero de inyectables trimestrales suministrados,2016-03-01,0,0,10,8,0,18
COLOMI,"anticoncepcion, prevencion de its y de cancer de cuello uterino",numero de inyectables trimestrales suministrados,2016-03-01,1,5,59,9,0,74
COLPA BELGICA,"anticoncepcion, prevencion de its y de cancer de cuello uterino",numero de inyectables trimestrales suministrados,2016-03-01,0,2,12,0,0,14
COLQUECHACA,"anticoncepcion, prevencion de its y de cancer de cuello uterino",numero de inyectables trimestrales suministrados,2016-03-01,0,7,38,23,0,68
COLQUENCHA,"anticoncepcion, prevencion de its y de cancer de cuello uterino",numero de inyectables trimestrales suministrados,2016-03-01,0,1,28,17,0,46
COLQUIRI,"anticoncepcion, prevencion de its y de cancer de cuello uterino",numero de inyectables trimestrales suministrados,2016-03-01,0,4,39,17,0,60
COMANCHE,"anticoncepcion, prevencion de its y de cancer de cuello uterino",numero de inyectables trimestrales suministrados,2016-03-01,0,0,5,2,0,7
COMARAPA,"anticoncepcion, prevencion de its y de cancer de cuello uterino",numero de inyectables trimestrales suministrados,2016-03-01,0,19,89,36,1,145
COMBAYA,"anticoncepcion, prevencion de its y de cancer de cuello uterino",numero de inyectables trimestrales suministrados,2016-03-01,0,1,4,2,0,7
CONCEPCION,"anticoncepcion, prevencion de its y de cancer de cuello uterino",numero de inyectables trimestrales suministrados,2016-03-01,0,6,19,12,0,37
COPACABANA,"anticoncepcion, prevencion de its y de cancer de cuello uterino",numero de inyectables trimestrales suministrados,2016-03-01,0,1,28,19,0,48
CORIPATA,"anticoncepcion, prevencion de its y de cancer de cuello uterino",numero de inyectables trimestrales suministrados,2016-03-01,0,4,38,20,0,62
CORO CORO,"anticoncepcion, prevencion de its y de cancer de cuello uterino",numero de inyectables trimestrales suministrados,2016-03-01,0,0,15,9,0,24
COROICO,"anticoncepcion, prevencion de its y de cancer de cuello uterino",numero de inyectables trimestrales suministrados,2016-03-01,0,2,18,9,0,29
CORQUE,"anticoncepcion, prevencion de its y de cancer de cuello uterino",numero de inyectables trimestrales suministrados,2016-03-01,0,3,9,8,0,20
COTAGAITA,"anticoncepcion, prevencion de its y de cancer de cuello uterino",numero de inyectables trimestrales suministrados,2016-03-01,2,5,81,49,3,140
COTOCA,"anticoncepcion, prevencion de its y de cancer de cuello uterino",numero de inyectables trimestrales suministrados,2016-03-01,0,25,111,35,0,171
CUATRO CAÑADAS,"anticoncepcion, prevencion de its y de cancer de cuello uterino",numero de inyectables trimestrales suministrados,2016-03-01,0,6,45,19,0,70
CUCHUMUELA (V. G. VILLARROEL),"anticoncepcion, prevencion de its y de cancer de cuello uterino",numero de inyectables trimestrales suministrados,2016-03-01,0,1,7,5,0,13
CUEVO,"anticoncepcion, prevencion de its y de cancer de cuello uterino",numero de inyectables trimestrales suministrados,2016-03-01,0,0,13,4,1,18
CULPINA,"anticoncepcion, prevencion de its y de cancer de cuello uterino",numero de inyectables trimestrales suministrados,2016-03-01,0,13,52,40,1,106
CURAHUARA DE CARANGAS,"anticoncepcion, prevencion de its y de cancer de cuello uterino",numero de inyectables trimestrales suministrados,2016-03-01,0,2,11,7,0,20
CURVA,"anticoncepcion, prevencion de its y de cancer de cuello uterino",numero de inyectables trimestrales suministrados,2016-03-01,0,0,1,2,0,3
DESAGUADERO,"anticoncepcion, prevencion de its y de cancer de cuello uterino",numero de inyectables trimestrales suministrados,2016-03-01,0,0,15,6,0,21
EL ALTO,"anticoncepcion, prevencion de its y de cancer de cuello uterino",numero de inyectables trimestrales suministrados,2016-03-01,0,88,1014,385,1,1488
EL CHORO,"anticoncepcion, prevencion de its y de cancer de cuello uterino",numero de inyectables trimestrales suministrados,2016-03-01,0,0,9,4,0,13
EL PUENTE(STC),"anticoncepcion, prevencion de its y de cancer de cuello uterino",numero de inyectables trimestrales suministrados,2016-03-01,0,7,48,23,0,78
EL PUENTE(TJA),"anticoncepcion, prevencion de its y de cancer de cuello uterino",numero de inyectables trimestrales suministrados,2016-03-01,0,6,50,35,1,92
EL TORNO,"anticoncepcion, prevencion de its y de cancer de cuello uterino",numero de inyectables trimestrales suministrados,2016-03-01,8,33,102,39,2,184
EL VILLAR,"anticoncepcion, prevencion de its y de cancer de cuello uterino",numero de inyectables trimestrales suministrados,2016-03-01,0,2,9,17,3,31
ENTRE RIOS TRJ,"anticoncepcion, prevencion de its y de cancer de cuello uterino",numero de inyectables trimestrales suministrados,2016-03-01,0,22,93,53,2,170
ENTRE RIOS CBBA,"anticoncepcion, prevencion de its y de cancer de cuello uterino",numero de inyectables trimestrales suministrados,2016-03-01,0,17,57,22,1,97
ESCARA,"anticoncepcion, prevencion de its y de cancer de cuello uterino",numero de inyectables trimestrales suministrados,2016-03-01,0,1,3,0,0,4
ESCOMA,"anticoncepcion, prevencion de its y de cancer de cuello uterino",numero de inyectables trimestrales suministrados,2016-03-01,0,1,5,0,0,6
EUCALIPTUS,"anticoncepcion, prevencion de its y de cancer de cuello uterino",numero de inyectables trimestrales suministrados,2016-03-01,0,1,7,7,0,15
EUREKA (SANTOS MERCADO),"anticoncepcion, prevencion de its y de cancer de cuello uterino",numero de inyectables trimestrales suministrados,2016-03-01,0,2,5,1,0,8
EXALTACION,"anticoncepcion, prevencion de its y de cancer de cuello uterino",numero de inyectables trimestrales suministrados,2016-03-01,0,0,2,0,0,2
FERNANDEZ ALONSO,"anticoncepcion, prevencion de its y de cancer de cuello uterino",numero de inyectables trimestrales suministrados,2016-03-01,0,15,48,16,1,80
FILADELFIA,"anticoncepcion, prevencion de its y de cancer de cuello uterino",numero de inyectables trimestrales suministrados,2016-03-01,0,7,21,4,0,32
GENERAL SAAVEDRA,"anticoncepcion, prevencion de its y de cancer de cuello uterino",numero de inyectables trimestrales suministrados,2016-03-01,0,7,44,18,0,69
GRAL. J.J. PEREZ (CHARAZANI),"anticoncepcion, prevencion de its y de cancer de cuello uterino",numero de inyectables trimestrales suministrados,2016-03-01,0,1,16,6,0,23
GUANAY,"anticoncepcion, prevencion de its y de cancer de cuello uterino",numero de inyectables trimestrales suministrados,2016-03-01,0,2,18,4,0,24
GUAQUI,"anticoncepcion, prevencion de its y de cancer de cuello uterino",numero de inyectables trimestrales suministrados,2016-03-01,0,1,13,8,0,22
GUAYARAMERIN,"anticoncepcion, prevencion de its y de cancer de cuello uterino",numero de inyectables trimestrales suministrados,2016-03-01,2,14,58,10,0,84
GUTIERREZ,"anticoncepcion, prevencion de its y de cancer de cuello uterino",numero de inyectables trimestrales suministrados,2016-03-01,0,3,19,18,0,40
HUACARETA,"anticoncepcion, prevencion de its y de cancer de cuello uterino",numero de inyectables trimestrales suministrados,2016-03-01,0,8,22,14,0,44
HUACAYA (VILLA DE HUACAYA),"anticoncepcion, prevencion de its y de cancer de cuello uterino",numero de inyectables trimestrales suministrados,2016-03-01,0,0,13,2,0,15
HUACHACALLA,"anticoncepcion, prevencion de its y de cancer de cuello uterino",numero de inyectables trimestrales suministrados,2016-03-01,0,0,1,3,0,4
HUANUNI,"anticoncepcion, prevencion de its y de cancer de cuello uterino",numero de inyectables trimestrales suministrados,2016-03-01,0,5,24,6,0,35
HUARACAJE,"anticoncepcion, prevencion de its y de cancer de cuello uterino",numero de inyectables trimestrales suministrados,2016-03-01,0,1,9,2,1,13
HUARINA,"anticoncepcion, prevencion de its y de cancer de cuello uterino",numero de inyectables trimestrales suministrados,2016-03-01,0,3,7,5,0,15
HUATAJATA,"anticoncepcion, prevencion de its y de cancer de cuello uterino",numero de inyectables trimestrales suministrados,2016-03-01,0,0,4,6,0,10
HUAYLLAMARCA,"anticoncepcion, prevencion de its y de cancer de cuello uterino",numero de inyectables trimestrales suministrados,2016-03-01,0,3,9,12,0,24
HUMANATA,"anticoncepcion, prevencion de its y de cancer de cuello uterino",numero de inyectables trimestrales suministrados,2016-03-01,0,3,5,5,0,13
ICHOCA,"anticoncepcion, prevencion de its y de cancer de cuello uterino",numero de inyectables trimestrales suministrados,2016-03-01,0,0,4,5,0,9
ICLA,"anticoncepcion, prevencion de its y de cancer de cuello uterino",numero de inyectables trimestrales suministrados,2016-03-01,0,2,17,15,0,34
INCAHUASI,"anticoncepcion, prevencion de its y de cancer de cuello uterino",numero de inyectables trimestrales suministrados,2016-03-01,0,4,27,21,0,52
INGAVI (HUMAITA),"anticoncepcion, prevencion de its y de cancer de cuello uterino",numero de inyectables trimestrales suministrados,2016-03-01,0,2,10,1,0,13
INQUISIVI,"anticoncepcion, prevencion de its y de cancer de cuello uterino",numero de inyectables trimestrales suministrados,2016-03-01,0,3,24,17,0,44
IRUPANA (VILLA DE LANZA),"anticoncepcion, prevencion de its y de cancer de cuello uterino",numero de inyectables trimestrales suministrados,2016-03-01,0,4,40,23,0,67
IXIAMAS,"anticoncepcion, prevencion de its y de cancer de cuello uterino",numero de inyectables trimestrales suministrados,2016-03-01,0,4,29,8,0,41
JESUS DE MACHACA,"anticoncepcion, prevencion de its y de cancer de cuello uterino",numero de inyectables trimestrales suministrados,2016-03-01,0,1,15,15,0,31
LA ASUNTA,"anticoncepcion, prevencion de its y de cancer de cuello uterino",numero de inyectables trimestrales suministrados,2016-03-01,0,6,119,42,0,167
LA GUARDIA,"anticoncepcion, prevencion de its y de cancer de cuello uterino",numero de inyectables trimestrales suministrados,2016-03-01,0,22,88,23,0,133
LA PAZ,"anticoncepcion, prevencion de its y de cancer de cuello uterino",numero de inyectables trimestrales suministrados,2016-03-01,0,50,417,143,2,612
LA RIVERA,"anticoncepcion, prevencion de its y de cancer de cuello uterino",numero de inyectables trimestrales suministrados,2016-03-01,0,0,1,0,0,1
LAGUNILLAS,"anticoncepcion, prevencion de its y de cancer de cuello uterino",numero de inyectables trimestrales suministrados,2016-03-01,0,0,20,12,0,32
LAJA,"anticoncepcion, prevencion de its y de cancer de cuello uterino",numero de inyectables trimestrales suministrados,2016-03-01,1,6,36,13,0,56
LAS CARRERAS,"anticoncepcion, prevencion de its y de cancer de cuello uterino",numero de inyectables trimestrales suministrados,2016-03-01,0,0,14,5,0,19
LICOMA PAMPA,"anticoncepcion, prevencion de its y de cancer de cuello uterino",numero de inyectables trimestrales suministrados,2016-03-01,0,3,8,7,0,18
LLALLAGUA,"anticoncepcion, prevencion de its y de cancer de cuello uterino",numero de inyectables trimestrales suministrados,2016-03-01,0,5,84,19,0,108
LLICA,"anticoncepcion, prevencion de its y de cancer de cuello uterino",numero de inyectables trimestrales suministrados,2016-03-01,0,4,19,3,0,26
LORETO,"anticoncepcion, prevencion de its y de cancer de cuello uterino",numero de inyectables trimestrales suministrados,2016-03-01,0,3,9,2,0,14
LURIBAY,"anticoncepcion, prevencion de its y de cancer de cuello uterino",numero de inyectables trimestrales suministrados,2016-03-01,1,4,26,18,2,51
MACHACAMARCA,"anticoncepcion, prevencion de its y de cancer de cuello uterino",numero de inyectables trimestrales suministrados,2016-03-01,0,0,3,1,0,4
MACHARETI,"anticoncepcion, prevencion de its y de cancer de cuello uterino",numero de inyectables trimestrales suministrados,2016-03-01,0,7,35,11,1,54
MAGDALENA,"anticoncepcion, prevencion de its y de cancer de cuello uterino",numero de inyectables trimestrales suministrados,2016-03-01,0,4,40,9,0,53
MAIRANA,"anticoncepcion, prevencion de its y de cancer de cuello uterino",numero de inyectables trimestrales suministrados,2016-03-01,0,6,31,15,0,52
MALLA,"anticoncepcion, prevencion de its y de cancer de cuello uterino",numero de inyectables trimestrales suministrados,2016-03-01,0,0,5,5,0,10
MAPIRI,"anticoncepcion, prevencion de its y de cancer de cuello uterino",numero de inyectables trimestrales suministrados,2016-03-01,1,5,20,8,0,34
MECAPACA,"anticoncepcion, prevencion de its y de cancer de cuello uterino",numero de inyectables trimestrales suministrados,2016-03-01,0,0,33,14,0,47
MINEROS,"anticoncepcion, prevencion de its y de cancer de cuello uterino",numero de inyectables trimestrales suministrados,2016-03-01,1,10,51,19,0,81
MIZQUE,"anticoncepcion, prevencion de its y de cancer de cuello uterino",numero de inyectables trimestrales suministrados,2016-03-01,0,13,88,43,0,144
MOCOMOCO,"anticoncepcion, prevencion de its y de cancer de cuello uterino",numero de inyectables trimestrales suministrados,2016-03-01,0,2,22,18,0,42
MOJOCOYA,"anticoncepcion, prevencion de its y de cancer de cuello uterino",numero de inyectables trimestrales suministrados,2016-03-01,0,5,30,28,1,64
MONTEAGUDO,"anticoncepcion, prevencion de its y de cancer de cuello uterino",numero de inyectables trimestrales suministrados,2016-03-01,1,10,80,37,0,128
MONTERO,"anticoncepcion, prevencion de its y de cancer de cuello uterino",numero de inyectables trimestrales suministrados,2016-03-01,1,59,221,62,0,343
MORO MORO,"anticoncepcion, prevencion de its y de cancer de cuello uterino",numero de inyectables trimestrales suministrados,2016-03-01,0,5,11,7,0,23
MOROCHATA,"anticoncepcion, prevencion de its y de cancer de cuello uterino",numero de inyectables trimestrales suministrados,2016-03-01,0,5,38,27,0,70
NACEBE (SANTA ROSA DEL ABUNA),"anticoncepcion, prevencion de its y de cancer de cuello uterino",numero de inyectables trimestrales suministrados,2016-03-01,0,9,21,5,0,35
NAZACARA DE PACAJES,"anticoncepcion, prevencion de its y de cancer de cuello uterino",numero de inyectables trimestrales suministrados,2016-03-01,0,0,2,1,0,3
NUEVO MANOA (NUEVA ESPERANZA),"anticoncepcion, prevencion de its y de cancer de cuello uterino",numero de inyectables trimestrales suministrados,2016-03-01,0,2,7,1,0,10
OCURI,"anticoncepcion, prevencion de its y de cancer de cuello uterino",numero de inyectables trimestrales suministrados,2016-03-01,0,3,30,33,0,66
OKINAWA,"anticoncepcion, prevencion de its y de cancer de cuello uterino",numero de inyectables trimestrales suministrados,2016-03-01,0,3,24,10,1,38
OMEREQUE,"anticoncepcion, prevencion de its y de cancer de cuello uterino",numero de inyectables trimestrales suministrados,2016-03-01,0,5,23,14,0,42
ORURO,"anticoncepcion, prevencion de its y de cancer de cuello uterino",numero de inyectables trimestrales suministrados,2016-03-01,2,42,517,138,3,702
PADCAYA,"anticoncepcion, prevencion de its y de cancer de cuello uterino",numero de inyectables trimestrales suministrados,2016-03-01,0,19,114,85,2,220
PADILLA,"anticoncepcion, prevencion de its y de cancer de cuello uterino",numero de inyectables trimestrales suministrados,2016-03-01,0,11,62,36,0,109
PAILON,"anticoncepcion, prevencion de its y de cancer de cuello uterino",numero de inyectables trimestrales suministrados,2016-03-01,0,12,28,9,0,49
PALCA,"anticoncepcion, prevencion de its y de cancer de cuello uterino",numero de inyectables trimestrales suministrados,2016-03-01,0,3,46,14,0,63
PALOS BLANCOS,"anticoncepcion, prevencion de its y de cancer de cuello uterino",numero de inyectables trimestrales suministrados,2016-03-01,0,11,65,34,0,110
PAMPA AULLAGAS,"anticoncepcion, prevencion de its y de cancer de cuello uterino",numero de inyectables trimestrales suministrados,2016-03-01,0,0,2,2,0,4
PAMPA GRANDE,"anticoncepcion, prevencion de its y de cancer de cuello uterino",numero de inyectables trimestrales suministrados,2016-03-01,0,6,37,10,1,54
PAPEL PAMPA,"anticoncepcion, prevencion de its y de cancer de cuello uterino",numero de inyectables trimestrales suministrados,2016-03-01,0,0,12,12,0,24
PASORAPA,"anticoncepcion, prevencion de its y de cancer de cuello uterino",numero de inyectables trimestrales suministrados,2016-03-01,0,2,17,13,0,32
PATACAMAYA,"anticoncepcion, prevencion de its y de cancer de cuello uterino",numero de inyectables trimestrales suministrados,2016-03-01,0,0,33,10,0,43
PAZÑA,"anticoncepcion, prevencion de its y de cancer de cuello uterino",numero de inyectables trimestrales suministrados,2016-03-01,0,1,9,9,0,19
PELECHUCO,"anticoncepcion, prevencion de its y de cancer de cuello uterino",numero de inyectables trimestrales suministrados,2016-03-01,0,1,13,4,0,18
POCOATA,"anticoncepcion, prevencion de its y de cancer de cuello uterino",numero de inyectables trimestrales suministrados,2016-03-01,0,3,27,30,0,60
POCONA,"anticoncepcion, prevencion de its y de cancer de cuello uterino",numero de inyectables trimestrales suministrados,2016-03-01,0,12,59,36,2,109
POJO (CBBA),"anticoncepcion, prevencion de its y de cancer de cuello uterino",numero de inyectables trimestrales suministrados,2016-03-01,0,10,55,19,0,84
POOPO,"anticoncepcion, prevencion de its y de cancer de cuello uterino",numero de inyectables trimestrales suministrados,2016-03-01,0,1,2,2,0,5
PORCO,"anticoncepcion, prevencion de its y de cancer de cuello uterino",numero de inyectables trimestrales suministrados,2016-03-01,1,6,19,10,0,36
POROMA,"anticoncepcion, prevencion de its y de cancer de cuello uterino",numero de inyectables trimestrales suministrados,2016-03-01,2,6,62,46,0,116
PORTACHUELO,"anticoncepcion, prevencion de its y de cancer de cuello uterino",numero de inyectables trimestrales suministrados,2016-03-01,1,14,22,10,0,47
PORVENIR,"anticoncepcion, prevencion de its y de cancer de cuello uterino",numero de inyectables trimestrales suministrados,2016-03-01,0,3,18,1,0,22
POSTRER VALLE,"anticoncepcion, prevencion de its y de cancer de cuello uterino",numero de inyectables trimestrales suministrados,2016-03-01,0,0,7,3,0,10
POTOSI,"anticoncepcion, prevencion de its y de cancer de cuello uterino",numero de inyectables trimestrales suministrados,2016-03-01,1,41,571,200,0,813
PRESTO,"anticoncepcion, prevencion de its y de cancer de cuello uterino",numero de inyectables trimestrales suministrados,2016-03-01,0,0,23,14,0,37
PUCARA,"anticoncepcion, prevencion de its y de cancer de cuello uterino",numero de inyectables trimestrales suministrados,2016-03-01,0,0,12,6,0,18
PUCARANI,"anticoncepcion, prevencion de its y de cancer de cuello uterino",numero de inyectables trimestrales suministrados,2016-03-01,0,11,74,39,1,125
PUERTO ACOSTA,"anticoncepcion, prevencion de its y de cancer de cuello uterino",numero de inyectables trimestrales suministrados,2016-03-01,0,0,6,3,0,9
PUERTO CARABUCO,"anticoncepcion, prevencion de its y de cancer de cuello uterino",numero de inyectables trimestrales suministrados,2016-03-01,0,1,26,11,0,38
PUERTO GONZALO MORENO,"anticoncepcion, prevencion de its y de cancer de cuello uterino",numero de inyectables trimestrales suministrados,2016-03-01,0,11,22,16,0,49
PUERTO PEREZ,"anticoncepcion, prevencion de its y de cancer de cuello uterino",numero de inyectables trimestrales suministrados,2016-03-01,0,0,2,5,0,7
PUERTO QUIJARRO,"anticoncepcion, prevencion de its y de cancer de cuello uterino",numero de inyectables trimestrales suministrados,2016-03-01,0,4,17,0,0,21
PUERTO RICO,"anticoncepcion, prevencion de its y de cancer de cuello uterino",numero de inyectables trimestrales suministrados,2016-03-01,0,10,43,10,0,63
PUERTO SILES,"anticoncepcion, prevencion de its y de cancer de cuello uterino",numero de inyectables trimestrales suministrados,2016-03-01,0,1,0,0,0,1
PUERTO SUAREZ,"anticoncepcion, prevencion de its y de cancer de cuello uterino",numero de inyectables trimestrales suministrados,2016-03-01,0,4,19,3,0,26
PUERTO VILLARROEL,"anticoncepcion, prevencion de its y de cancer de cuello uterino",numero de inyectables trimestrales suministrados,2016-03-01,0,14,97,31,0,142
PUNA,"anticoncepcion, prevencion de its y de cancer de cuello uterino",numero de inyectables trimestrales suministrados,2016-03-01,0,1,30,18,0,49
PUNATA,"anticoncepcion, prevencion de its y de cancer de cuello uterino",numero de inyectables trimestrales suministrados,2016-03-01,0,6,64,20,0,90
QUIABAYA,"anticoncepcion, prevencion de its y de cancer de cuello uterino",numero de inyectables trimestrales suministrados,2016-03-01,0,1,10,3,0,14
QUILLACOLLO,"anticoncepcion, prevencion de its y de cancer de cuello uterino",numero de inyectables trimestrales suministrados,2016-03-01,1,33,243,42,0,319
QUIME,"anticoncepcion, prevencion de its y de cancer de cuello uterino",numero de inyectables trimestrales suministrados,2016-03-01,0,2,28,11,0,41
QUIRUSILLAS,"anticoncepcion, prevencion de its y de cancer de cuello uterino",numero de inyectables trimestrales suministrados,2016-03-01,0,2,4,4,0,10
RAVELO,"anticoncepcion, prevencion de its y de cancer de cuello uterino",numero de inyectables trimestrales suministrados,2016-03-01,0,6,74,65,2,147
REYES,"anticoncepcion, prevencion de its y de cancer de cuello uterino",numero de inyectables trimestrales suministrados,2016-03-01,3,6,46,14,0,69
RIBERALTA,"anticoncepcion, prevencion de its y de cancer de cuello uterino",numero de inyectables trimestrales suministrados,2016-03-01,3,57,204,47,0,311
ROBORE,"anticoncepcion, prevencion de its y de cancer de cuello uterino",numero de inyectables trimestrales suministrados,2016-03-01,1,6,44,11,0,62
RURRENABAQUE,"anticoncepcion, prevencion de its y de cancer de cuello uterino",numero de inyectables trimestrales suministrados,2016-03-01,0,12,43,11,0,66
SABAYA,"anticoncepcion, prevencion de its y de cancer de cuello uterino",numero de inyectables trimestrales suministrados,2016-03-01,0,0,9,6,0,15
SACABA,"anticoncepcion, prevencion de its y de cancer de cuello uterino",numero de inyectables trimestrales suministrados,2016-03-01,0,24,173,64,0,261
SACABAMBA,"anticoncepcion, prevencion de its y de cancer de cuello uterino",numero de inyectables trimestrales suministrados,2016-03-01,0,0,4,3,0,7
SACACA,"anticoncepcion, prevencion de its y de cancer de cuello uterino",numero de inyectables trimestrales suministrados,2016-03-01,0,4,42,19,0,65
SAIPINA,"anticoncepcion, prevencion de its y de cancer de cuello uterino",numero de inyectables trimestrales suministrados,2016-03-01,0,6,25,2,0,33
SALINAS DE GARCI MENDOZA,"anticoncepcion, prevencion de its y de cancer de cuello uterino",numero de inyectables trimestrales suministrados,2016-03-01,0,6,45,13,0,64
SAMAIPATA,"anticoncepcion, prevencion de its y de cancer de cuello uterino",numero de inyectables trimestrales suministrados,2016-03-01,1,16,40,14,0,71
SAN AGUSTIN,"anticoncepcion, prevencion de its y de cancer de cuello uterino",numero de inyectables trimestrales suministrados,2016-03-01,0,0,8,4,0,12
SAN ANDRES,"anticoncepcion, prevencion de its y de cancer de cuello uterino",numero de inyectables trimestrales suministrados,2016-03-01,0,0,17,1,0,18
SAN ANDRES DE MACHACA,"anticoncepcion, prevencion de its y de cancer de cuello uterino",numero de inyectables trimestrales suministrados,2016-03-01,0,1,1,0,0,2
SAN ANTONIO DE ESMORUCO,"anticoncepcion, prevencion de its y de cancer de cuello uterino",numero de inyectables trimestrales suministrados,2016-03-01,0,4,12,1,0,17
SAN ANTONIO DE LOMERIO,"anticoncepcion, prevencion de its y de cancer de cuello uterino",numero de inyectables trimestrales suministrados,2016-03-01,0,4,35,15,0,54
SAN BENITO,"anticoncepcion, prevencion de its y de cancer de cuello uterino",numero de inyectables trimestrales suministrados,2016-03-01,0,1,32,20,0,53
SAN BORJA,"anticoncepcion, prevencion de its y de cancer de cuello uterino",numero de inyectables trimestrales suministrados,2016-03-01,12,32,102,48,1,195
SAN BUENA VENTURA,"anticoncepcion, prevencion de its y de cancer de cuello uterino",numero de inyectables trimestrales suministrados,2016-03-01,0,0,12,4,0,16
SAN CARLOS,"anticoncepcion, prevencion de its y de cancer de cuello uterino",numero de inyectables trimestrales suministrados,2016-03-01,0,13,41,18,1,73
SAN IGNACIO,"anticoncepcion, prevencion de its y de cancer de cuello uterino",numero de inyectables trimestrales suministrados,2016-03-01,0,26,95,42,1,164
SAN IGNACIO DE VELASCO,"anticoncepcion, prevencion de its y de cancer de cuello uterino",numero de inyectables trimestrales suministrados,2016-03-01,1,25,137,39,1,203
SAN JAVIER(BNI),"anticoncepcion, prevencion de its y de cancer de cuello uterino",numero de inyectables trimestrales suministrados,2016-03-01,0,0,8,4,0,12
SAN JAVIER(STC),"anticoncepcion, prevencion de its y de cancer de cuello uterino",numero de inyectables trimestrales suministrados,2016-03-01,0,8,22,7,0,37
SAN JOAQUIN,"anticoncepcion, prevencion de its y de cancer de cuello uterino",numero de inyectables trimestrales suministrados,2016-03-01,0,0,9,0,0,9
SAN JOSE DE CHIQUITOS,"anticoncepcion, prevencion de its y de cancer de cuello uterino",numero de inyectables trimestrales suministrados,2016-03-01,0,12,36,10,0,58
SAN JUAN DE YAPACANI,"anticoncepcion, prevencion de its y de cancer de cuello uterino",numero de inyectables trimestrales suministrados,2016-03-01,2,7,24,5,0,38
SAN JULIAN,"anticoncepcion, prevencion de its y de cancer de cuello uterino",numero de inyectables trimestrales suministrados,2016-03-01,0,18,66,55,0,139
SAN LORENZO(PND),"anticoncepcion, prevencion de its y de cancer de cuello uterino",numero de inyectables trimestrales suministrados,2016-03-01,0,7,6,0,0,13
SAN LORENZO(TJA),"anticoncepcion, prevencion de its y de cancer de cuello uterino",numero de inyectables trimestrales suministrados,2016-03-01,3,13,81,63,2,162
SAN LUCAS,"anticoncepcion, prevencion de its y de cancer de cuello uterino",numero de inyectables trimestrales suministrados,2016-03-01,0,6,58,30,1,95
SAN MATIAS,"anticoncepcion, prevencion de its y de cancer de cuello uterino",numero de inyectables trimestrales suministrados,2016-03-01,0,0,13,5,0,18
SAN MIGUEL DE VELASCO,"anticoncepcion, prevencion de its y de cancer de cuello uterino",numero de inyectables trimestrales suministrados,2016-03-01,0,13,65,30,1,109
SAN PABLO DE LIPEZ,"anticoncepcion, prevencion de its y de cancer de cuello uterino",numero de inyectables trimestrales suministrados,2016-03-01,0,1,10,4,0,15
SAN PEDRO,"anticoncepcion, prevencion de its y de cancer de cuello uterino",numero de inyectables trimestrales suministrados,2016-03-01,0,6,39,17,0,62
SAN PEDRO DE BUENA VISTA,"anticoncepcion, prevencion de its y de cancer de cuello uterino",numero de inyectables trimestrales suministrados,2016-03-01,0,1,20,16,0,37
SAN PEDRO DE CURAHUARA,"anticoncepcion, prevencion de its y de cancer de cuello uterino",numero de inyectables trimestrales suministrados,2016-03-01,0,2,10,8,0,20
SAN PEDRO DE QUEMES,"anticoncepcion, prevencion de its y de cancer de cuello uterino",numero de inyectables trimestrales suministrados,2016-03-01,0,0,5,1,0,6
SAN PEDRO DE TIQUINA,"anticoncepcion, prevencion de its y de cancer de cuello uterino",numero de inyectables trimestrales suministrados,2016-03-01,0,0,9,6,0,15
SAN PEDRO(PND),"anticoncepcion, prevencion de its y de cancer de cuello uterino",numero de inyectables trimestrales suministrados,2016-03-01,0,1,1,0,0,2
SAN RAFAEL,"anticoncepcion, prevencion de its y de cancer de cuello uterino",numero de inyectables trimestrales suministrados,2016-03-01,0,7,35,15,0,57
SAN RAMON BENI,"anticoncepcion, prevencion de its y de cancer de cuello uterino",numero de inyectables trimestrales suministrados,2016-03-01,0,0,4,1,0,5
SAN RAMON SCZ,"anticoncepcion, prevencion de its y de cancer de cuello uterino",numero de inyectables trimestrales suministrados,2016-03-01,0,11,25,11,1,48
SANTA ANA,"anticoncepcion, prevencion de its y de cancer de cuello uterino",numero de inyectables trimestrales suministrados,2016-03-01,0,5,11,1,0,17
SANTA CRUZ DE LA SIERRA,"anticoncepcion, prevencion de its y de cancer de cuello uterino",numero de inyectables trimestrales suministrados,2016-03-01,3,155,552,114,1,825
SANTA ROSA,"anticoncepcion, prevencion de its y de cancer de cuello uterino",numero de inyectables trimestrales suministrados,2016-03-01,0,1,10,4,0,15
SANTA ROSA DEL SARA,"anticoncepcion, prevencion de its y de cancer de cuello uterino",numero de inyectables trimestrales suministrados,2016-03-01,2,7,46,28,1,84
SANTIAGO DE CALLAPA,"anticoncepcion, prevencion de its y de cancer de cuello uterino",numero de inyectables trimestrales suministrados,2016-03-01,0,1,2,1,0,4
SANTIAGO DE HUARI,"anticoncepcion, prevencion de its y de cancer de cuello uterino",numero de inyectables trimestrales suministrados,2016-03-01,0,1,5,2,0,8
SANTIAGO DE HUATA,"anticoncepcion, prevencion de its y de cancer de cuello uterino",numero de inyectables trimestrales suministrados,2016-03-01,0,2,7,5,0,14
SANTIAGO DE MACHACA,"anticoncepcion, prevencion de its y de cancer de cuello uterino",numero de inyectables trimestrales suministrados,2016-03-01,0,2,1,3,0,6
SANTIVAÑES,"anticoncepcion, prevencion de its y de cancer de cuello uterino",numero de inyectables trimestrales suministrados,2016-03-01,0,0,13,8,0,21
SANTUARIO DE QUILLACAS,"anticoncepcion, prevencion de its y de cancer de cuello uterino",numero de inyectables trimestrales suministrados,2016-03-01,0,2,13,3,0,18
SAPAHAQUI,"anticoncepcion, prevencion de its y de cancer de cuello uterino",numero de inyectables trimestrales suministrados,2016-03-01,0,4,18,14,0,36
SENA,"anticoncepcion, prevencion de its y de cancer de cuello uterino",numero de inyectables trimestrales suministrados,2016-03-01,1,6,17,6,0,30
SHINAOTA,"anticoncepcion, prevencion de its y de cancer de cuello uterino",numero de inyectables trimestrales suministrados,2016-03-01,0,4,38,14,0,56
SICA SICA (VILLA AROMA),"anticoncepcion, prevencion de its y de cancer de cuello uterino",numero de inyectables trimestrales suministrados,2016-03-01,0,5,50,35,0,90
SICAYA,"anticoncepcion, prevencion de its y de cancer de cuello uterino",numero de inyectables trimestrales suministrados,2016-03-01,0,2,23,9,0,34
SIPE SIPE,"anticoncepcion, prevencion de its y de cancer de cuello uterino",numero de inyectables trimestrales suministrados,2016-03-01,0,20,167,68,0,255
SOPACHUY,"anticoncepcion, prevencion de its y de cancer de cuello uterino",numero de inyectables trimestrales suministrados,2016-03-01,0,2,22,21,0,45
SORACACHI,"anticoncepcion, prevencion de its y de cancer de cuello uterino",numero de inyectables trimestrales suministrados,2016-03-01,0,1,18,14,0,33
SORATA,"anticoncepcion, prevencion de its y de cancer de cuello uterino",numero de inyectables trimestrales suministrados,2016-03-01,0,4,33,27,0,64
SUCRE,"anticoncepcion, prevencion de its y de cancer de cuello uterino",numero de inyectables trimestrales suministrados,2016-03-01,2,124,536,184,1,847
TACACHI,"anticoncepcion, prevencion de its y de cancer de cuello uterino",numero de inyectables trimestrales suministrados,2016-03-01,0,0,0,1,0,1
TACACOMA,"anticoncepcion, prevencion de its y de cancer de cuello uterino",numero de inyectables trimestrales suministrados,2016-03-01,1,4,25,6,0,36
TACOBAMBA,"anticoncepcion, prevencion de its y de cancer de cuello uterino",numero de inyectables trimestrales suministrados,2016-03-01,0,2,20,23,1,46
TACOPAYA,"anticoncepcion, prevencion de its y de cancer de cuello uterino",numero de inyectables trimestrales suministrados,2016-03-01,0,1,11,11,0,23
TAHUA,"anticoncepcion, prevencion de its y de cancer de cuello uterino",numero de inyectables trimestrales suministrados,2016-03-01,0,1,3,4,0,8
TAPACARI,"anticoncepcion, prevencion de its y de cancer de cuello uterino",numero de inyectables trimestrales suministrados,2016-03-01,0,5,59,59,0,123
TARABUCO,"anticoncepcion, prevencion de its y de cancer de cuello uterino",numero de inyectables trimestrales suministrados,2016-03-01,0,8,44,28,0,80
TARACO,"anticoncepcion, prevencion de its y de cancer de cuello uterino",numero de inyectables trimestrales suministrados,2016-03-01,0,2,17,9,0,28
TARATA,"anticoncepcion, prevencion de its y de cancer de cuello uterino",numero de inyectables trimestrales suministrados,2016-03-01,0,5,16,4,0,25
TARIJA,"anticoncepcion, prevencion de its y de cancer de cuello uterino",numero de inyectables trimestrales suministrados,2016-03-01,0,25,246,85,0,356
TARVITA,"anticoncepcion, prevencion de its y de cancer de cuello uterino",numero de inyectables trimestrales suministrados,2016-03-01,1,5,33,30,1,70
TEOPONTE,"anticoncepcion, prevencion de its y de cancer de cuello uterino",numero de inyectables trimestrales suministrados,2016-03-01,0,6,25,5,0,36
TIAWANACU,"anticoncepcion, prevencion de its y de cancer de cuello uterino",numero de inyectables trimestrales suministrados,2016-03-01,0,2,24,21,0,47
TINGUIPAYA,"anticoncepcion, prevencion de its y de cancer de cuello uterino",numero de inyectables trimestrales suministrados,2016-03-01,0,3,29,26,0,58
TIPUANI,"anticoncepcion, prevencion de its y de cancer de cuello uterino",numero de inyectables trimestrales suministrados,2016-03-01,0,1,21,10,0,32
TIQUIPAYA,"anticoncepcion, prevencion de its y de cancer de cuello uterino",numero de inyectables trimestrales suministrados,2016-03-01,0,22,93,31,1,147
TIRAQUE (CBBA),"anticoncepcion, prevencion de its y de cancer de cuello uterino",numero de inyectables trimestrales suministrados,2016-03-01,0,9,58,32,0,99
TITO YUPANQUI (PARQUIPUJIO),"anticoncepcion, prevencion de its y de cancer de cuello uterino",numero de inyectables trimestrales suministrados,2016-03-01,0,0,0,1,0,1
TOCO,"anticoncepcion, prevencion de its y de cancer de cuello uterino",numero de inyectables trimestrales suministrados,2016-03-01,1,2,17,11,0,31
TOLATA,"anticoncepcion, prevencion de its y de cancer de cuello uterino",numero de inyectables trimestrales suministrados,2016-03-01,0,2,27,2,0,31
TOLEDO,"anticoncepcion, prevencion de its y de cancer de cuello uterino",numero de inyectables trimestrales suministrados,2016-03-01,0,0,8,3,0,11
TOMAVE,"anticoncepcion, prevencion de its y de cancer de cuello uterino",numero de inyectables trimestrales suministrados,2016-03-01,0,3,21,16,0,40
TOMINA,"anticoncepcion, prevencion de its y de cancer de cuello uterino",numero de inyectables trimestrales suministrados,2016-03-01,0,7,49,26,0,82
TORO TORO,"anticoncepcion, prevencion de its y de cancer de cuello uterino",numero de inyectables trimestrales suministrados,2016-03-01,0,5,34,22,1,62
TOTORA(CBBA),"anticoncepcion, prevencion de its y de cancer de cuello uterino",numero de inyectables trimestrales suministrados,2016-03-01,0,11,108,40,0,159
TOTORA(ORR),"anticoncepcion, prevencion de its y de cancer de cuello uterino",numero de inyectables trimestrales suministrados,2016-03-01,1,2,11,8,0,22
TRIGAL,"anticoncepcion, prevencion de its y de cancer de cuello uterino",numero de inyectables trimestrales suministrados,2016-03-01,0,1,7,2,0,10
TRINIDAD,"anticoncepcion, prevencion de its y de cancer de cuello uterino",numero de inyectables trimestrales suministrados,2016-03-01,0,21,60,8,0,89
TUPIZA,"anticoncepcion, prevencion de its y de cancer de cuello uterino",numero de inyectables trimestrales suministrados,2016-03-01,0,24,146,67,1,238
TURCO,"anticoncepcion, prevencion de its y de cancer de cuello uterino",numero de inyectables trimestrales suministrados,2016-03-01,0,1,12,7,0,20
UMALA,"anticoncepcion, prevencion de its y de cancer de cuello uterino",numero de inyectables trimestrales suministrados,2016-03-01,0,1,16,10,0,27
UNCIA,"anticoncepcion, prevencion de its y de cancer de cuello uterino",numero de inyectables trimestrales suministrados,2016-03-01,0,9,45,20,1,75
URIONDO (A. CONCEPCION),"anticoncepcion, prevencion de its y de cancer de cuello uterino",numero de inyectables trimestrales suministrados,2016-03-01,0,18,59,33,0,110
URUBICHA,"anticoncepcion, prevencion de its y de cancer de cuello uterino",numero de inyectables trimestrales suministrados,2016-03-01,0,1,8,6,0,15
UYUNI,"anticoncepcion, prevencion de its y de cancer de cuello uterino",numero de inyectables trimestrales suministrados,2016-03-01,0,9,50,21,1,81
VACAS,"anticoncepcion, prevencion de its y de cancer de cuello uterino",numero de inyectables trimestrales suministrados,2016-03-01,0,2,16,12,0,30
VALLEGRANDE,"anticoncepcion, prevencion de its y de cancer de cuello uterino",numero de inyectables trimestrales suministrados,2016-03-01,1,7,53,6,0,67
VIACHA,"anticoncepcion, prevencion de its y de cancer de cuello uterino",numero de inyectables trimestrales suministrados,2016-03-01,0,9,117,58,1,185
VILA VILA,"anticoncepcion, prevencion de its y de cancer de cuello uterino",numero de inyectables trimestrales suministrados,2016-03-01,0,0,8,1,0,9
VILLA CHARCAS,"anticoncepcion, prevencion de its y de cancer de cuello uterino",numero de inyectables trimestrales suministrados,2016-03-01,0,8,45,32,0,85
VILLA MONTES,"anticoncepcion, prevencion de its y de cancer de cuello uterino",numero de inyectables trimestrales suministrados,2016-03-01,0,22,93,35,0,150
VILLA NUEVA (LOMA ALTA),"anticoncepcion, prevencion de its y de cancer de cuello uterino",numero de inyectables trimestrales suministrados,2016-03-01,0,1,10,2,0,13
VILLA RIVERO,"anticoncepcion, prevencion de its y de cancer de cuello uterino",numero de inyectables trimestrales suministrados,2016-03-01,0,6,18,10,0,34
VILLA SERRANO,"anticoncepcion, prevencion de its y de cancer de cuello uterino",numero de inyectables trimestrales suministrados,2016-03-01,0,6,17,30,0,53
VILLA TUNARI,"anticoncepcion, prevencion de its y de cancer de cuello uterino",numero de inyectables trimestrales suministrados,2016-03-01,0,26,282,70,0,378
VILLA VACA GUZMAN (MUYUPAMPA),"anticoncepcion, prevencion de its y de cancer de cuello uterino",numero de inyectables trimestrales suministrados,2016-03-01,1,7,20,33,0,61
VILLAZON,"anticoncepcion, prevencion de its y de cancer de cuello uterino",numero de inyectables trimestrales suministrados,2016-03-01,0,21,124,51,0,196
VINTO,"anticoncepcion, prevencion de its y de cancer de cuello uterino",numero de inyectables trimestrales suministrados,2016-03-01,0,3,71,31,1,106
VITICHI,"anticoncepcion, prevencion de its y de cancer de cuello uterino",numero de inyectables trimestrales suministrados,2016-03-01,0,0,14,13,0,27
WALDO BALLIVIAN,"anticoncepcion, prevencion de its y de cancer de cuello uterino",numero de inyectables trimestrales suministrados,2016-03-01,0,0,3,5,0,8
WARNES,"anticoncepcion, prevencion de its y de cancer de cuello uterino",numero de inyectables trimestrales suministrados,2016-03-01,0,27,89,23,1,140
YACO,"anticoncepcion, prevencion de its y de cancer de cuello uterino",numero de inyectables trimestrales suministrados,2016-03-01,0,2,20,7,0,29
YACUIBA,"anticoncepcion, prevencion de its y de cancer de cuello uterino",numero de inyectables trimestrales suministrados,2016-03-01,0,17,83,49,1,150
YAMPARAEZ,"anticoncepcion, prevencion de its y de cancer de cuello uterino",numero de inyectables trimestrales suministrados,2016-03-01,0,2,16,18,0,36
YANACACHI,"anticoncepcion, prevencion de its y de cancer de cuello uterino",numero de inyectables trimestrales suministrados,2016-03-01,0,0,9,5,0,14
YAPACANI,"anticoncepcion, prevencion de its y de cancer de cuello uterino",numero de inyectables trimestrales suministrados,2016-03-01,2,19,65,18,0,104
YOCALLA,"anticoncepcion, prevencion de its y de cancer de cuello uterino",numero de inyectables trimestrales suministrados,2016-03-01,0,2,12,2,0,16
YOTALA,"anticoncepcion, prevencion de its y de cancer de cuello uterino",numero de inyectables trimestrales suministrados,2016-03-01,0,2,6,0,0,8
YUNCHARA,"anticoncepcion, prevencion de its y de cancer de cuello uterino",numero de inyectables trimestrales suministrados,2016-03-01,0,10,42,17,0,69
YUNGUYO DE LITORAL,"anticoncepcion, prevencion de its y de cancer de cuello uterino",numero de inyectables trimestrales suministrados,2016-03-01,0,0,0,2,0,2
ZUDAÑEZ,"anticoncepcion, prevencion de its y de cancer de cuello uterino",numero de inyectables trimestrales suministrados,2016-03-01,0,2,34,22,0,58
ACACIO,"anticoncepcion, prevencion de its y de cancer de cuello uterino",numero de inyectables trimestrales suministrados,2016-04-01,0,0,15,8,0,23
ACHACACHI,"anticoncepcion, prevencion de its y de cancer de cuello uterino",numero de inyectables trimestrales suministrados,2016-04-01,1,5,50,29,0,85
ACHOCALLA,"anticoncepcion, prevencion de its y de cancer de cuello uterino",numero de inyectables trimestrales suministrados,2016-04-01,0,2,41,21,0,64
AIQUILE,"anticoncepcion, prevencion de its y de cancer de cuello uterino",numero de inyectables trimestrales suministrados,2016-04-01,0,0,25,22,0,47
ALALAY,"anticoncepcion, prevencion de its y de cancer de cuello uterino",numero de inyectables trimestrales suministrados,2016-04-01,0,1,5,0,0,6
ALCALA,"anticoncepcion, prevencion de its y de cancer de cuello uterino",numero de inyectables trimestrales suministrados,2016-04-01,0,5,13,15,1,34
ALTO BENI,"anticoncepcion, prevencion de its y de cancer de cuello uterino",numero de inyectables trimestrales suministrados,2016-04-01,2,2,34,19,0,57
ANCORAIMES,"anticoncepcion, prevencion de its y de cancer de cuello uterino",numero de inyectables trimestrales suministrados,2016-04-01,0,0,13,12,0,25
ANDAMARCA,"anticoncepcion, prevencion de its y de cancer de cuello uterino",numero de inyectables trimestrales suministrados,2016-04-01,0,1,5,3,0,9
ANTEQUERA,"anticoncepcion, prevencion de its y de cancer de cuello uterino",numero de inyectables trimestrales suministrados,2016-04-01,0,0,17,10,0,27
ANZALDO,"anticoncepcion, prevencion de its y de cancer de cuello uterino",numero de inyectables trimestrales suministrados,2016-04-01,0,2,18,13,2,35
APOLO,"anticoncepcion, prevencion de its y de cancer de cuello uterino",numero de inyectables trimestrales suministrados,2016-04-01,0,4,37,23,0,64
ARAMPAMPA,"anticoncepcion, prevencion de its y de cancer de cuello uterino",numero de inyectables trimestrales suministrados,2016-04-01,0,0,2,6,0,8
ARANI,"anticoncepcion, prevencion de its y de cancer de cuello uterino",numero de inyectables trimestrales suministrados,2016-04-01,0,4,20,12,0,36
ARBIETO,"anticoncepcion, prevencion de its y de cancer de cuello uterino",numero de inyectables trimestrales suministrados,2016-04-01,0,8,56,26,1,91
ARQUE,"anticoncepcion, prevencion de its y de cancer de cuello uterino",numero de inyectables trimestrales suministrados,2016-04-01,1,12,38,41,0,92
ASCENCION DE GUARAYOS,"anticoncepcion, prevencion de its y de cancer de cuello uterino",numero de inyectables trimestrales suministrados,2016-04-01,0,3,36,14,0,53
ATOCHA,"anticoncepcion, prevencion de its y de cancer de cuello uterino",numero de inyectables trimestrales suministrados,2016-04-01,0,1,29,16,0,46
AUCAPATA,"anticoncepcion, prevencion de its y de cancer de cuello uterino",numero de inyectables trimestrales suministrados,2016-04-01,0,2,16,8,0,26
AYATA,"anticoncepcion, prevencion de its y de cancer de cuello uterino",numero de inyectables trimestrales suministrados,2016-04-01,0,1,14,23,0,38
AYO AYO,"anticoncepcion, prevencion de its y de cancer de cuello uterino",numero de inyectables trimestrales suministrados,2016-04-01,0,0,15,10,0,25
AYOPAYA (V. DE INDEPENDENCIA),"anticoncepcion, prevencion de its y de cancer de cuello uterino",numero de inyectables trimestrales suministrados,2016-04-01,1,11,92,64,0,168
AZURDUY,"anticoncepcion, prevencion de its y de cancer de cuello uterino",numero de inyectables trimestrales suministrados,2016-04-01,0,3,48,22,0,73
BATALLAS,"anticoncepcion, prevencion de its y de cancer de cuello uterino",numero de inyectables trimestrales suministrados,2016-04-01,0,5,27,13,2,47
BAURES,"anticoncepcion, prevencion de its y de cancer de cuello uterino",numero de inyectables trimestrales suministrados,2016-04-01,0,1,5,4,0,10
BELEN DE ANDAMARCA,"anticoncepcion, prevencion de its y de cancer de cuello uterino",numero de inyectables trimestrales suministrados,2016-04-01,0,0,4,1,0,5
BELEN DE URMIRI,"anticoncepcion, prevencion de its y de cancer de cuello uterino",numero de inyectables trimestrales suministrados,2016-04-01,0,0,2,2,0,4
BELLA FLOR,"anticoncepcion, prevencion de its y de cancer de cuello uterino",numero de inyectables trimestrales suministrados,2016-04-01,1,5,12,5,0,23
BERMEJO,"anticoncepcion, prevencion de its y de cancer de cuello uterino",numero de inyectables trimestrales suministrados,2016-04-01,0,21,65,33,1,120
BETANZOS,"anticoncepcion, prevencion de its y de cancer de cuello uterino",numero de inyectables trimestrales suministrados,2016-04-01,0,8,57,46,0,111
BOLIVAR,"anticoncepcion, prevencion de its y de cancer de cuello uterino",numero de inyectables trimestrales suministrados,2016-04-01,0,1,4,5,0,10
BOLPEBRA,"anticoncepcion, prevencion de its y de cancer de cuello uterino",numero de inyectables trimestrales suministrados,2016-04-01,2,3,5,0,0,10
BOYUIBE,"anticoncepcion, prevencion de its y de cancer de cuello uterino",numero de inyectables trimestrales suministrados,2016-04-01,0,1,19,5,0,25
BUENA VISTA,"anticoncepcion, prevencion de its y de cancer de cuello uterino",numero de inyectables trimestrales suministrados,2016-04-01,1,6,34,15,0,56
CABEZAS,"anticoncepcion, prevencion de its y de cancer de cuello uterino",numero de inyectables trimestrales suministrados,2016-04-01,0,14,101,25,0,140
CAIROMA,"anticoncepcion, prevencion de its y de cancer de cuello uterino",numero de inyectables trimestrales suministrados,2016-04-01,0,4,27,13,0,44
"CAIZA ""D""","anticoncepcion, prevencion de its y de cancer de cuello uterino",numero de inyectables trimestrales suministrados,2016-04-01,0,0,20,13,0,33
CAJUATA,"anticoncepcion, prevencion de its y de cancer de cuello uterino",numero de inyectables trimestrales suministrados,2016-04-01,1,6,21,5,1,34
CALACOTO,"anticoncepcion, prevencion de its y de cancer de cuello uterino",numero de inyectables trimestrales suministrados,2016-04-01,0,0,1,1,0,2
CALAMARCA,"anticoncepcion, prevencion de its y de cancer de cuello uterino",numero de inyectables trimestrales suministrados,2016-04-01,0,2,43,17,1,63
CAMARGO,"anticoncepcion, prevencion de its y de cancer de cuello uterino",numero de inyectables trimestrales suministrados,2016-04-01,0,1,20,12,0,33
CAMATAQUI (C. VILLA ABECIA),"anticoncepcion, prevencion de its y de cancer de cuello uterino",numero de inyectables trimestrales suministrados,2016-04-01,0,1,8,13,0,22
CAMIRI,"anticoncepcion, prevencion de its y de cancer de cuello uterino",numero de inyectables trimestrales suministrados,2016-04-01,0,4,41,16,0,61
CAPINOTA,"anticoncepcion, prevencion de its y de cancer de cuello uterino",numero de inyectables trimestrales suministrados,2016-04-01,0,8,50,28,1,87
CAQUIAVIRI,"anticoncepcion, prevencion de its y de cancer de cuello uterino",numero de inyectables trimestrales suministrados,2016-04-01,0,2,15,3,0,20
CARACOLLO,"anticoncepcion, prevencion de its y de cancer de cuello uterino",numero de inyectables trimestrales suministrados,2016-04-01,0,6,42,21,0,69
CARANAVI,"anticoncepcion, prevencion de its y de cancer de cuello uterino",numero de inyectables trimestrales suministrados,2016-04-01,0,12,95,51,0,158
CARANGAS,"anticoncepcion, prevencion de its y de cancer de cuello uterino",numero de inyectables trimestrales suministrados,2016-04-01,0,0,1,0,0,1
CARAPARI,"anticoncepcion, prevencion de its y de cancer de cuello uterino",numero de inyectables trimestrales suministrados,2016-04-01,0,5,37,18,4,64
CARIPUYO,"anticoncepcion, prevencion de its y de cancer de cuello uterino",numero de inyectables trimestrales suministrados,2016-04-01,0,1,8,4,0,13
CARMEN RIVERO TORREZ,"anticoncepcion, prevencion de its y de cancer de cuello uterino",numero de inyectables trimestrales suministrados,2016-04-01,0,1,12,1,0,14
CATACORA,"anticoncepcion, prevencion de its y de cancer de cuello uterino",numero de inyectables trimestrales suministrados,2016-04-01,0,0,3,2,0,5
CHACARILLA,"anticoncepcion, prevencion de its y de cancer de cuello uterino",numero de inyectables trimestrales suministrados,2016-04-01,0,1,5,0,0,6
CHALLAPATA,"anticoncepcion, prevencion de its y de cancer de cuello uterino",numero de inyectables trimestrales suministrados,2016-04-01,0,8,60,20,0,88
CHAQUI,"anticoncepcion, prevencion de its y de cancer de cuello uterino",numero de inyectables trimestrales suministrados,2016-04-01,0,4,20,13,1,38
CHARAGUA,"anticoncepcion, prevencion de its y de cancer de cuello uterino",numero de inyectables trimestrales suministrados,2016-04-01,0,5,46,17,1,69
CHARAÑA,"anticoncepcion, prevencion de its y de cancer de cuello uterino",numero de inyectables trimestrales suministrados,2016-04-01,0,0,5,2,0,7
CHAYANTA,"anticoncepcion, prevencion de its y de cancer de cuello uterino",numero de inyectables trimestrales suministrados,2016-04-01,0,0,36,34,0,70
CHIMORE,"anticoncepcion, prevencion de its y de cancer de cuello uterino",numero de inyectables trimestrales suministrados,2016-04-01,0,11,59,20,0,90
CHIPAYA,"anticoncepcion, prevencion de its y de cancer de cuello uterino",numero de inyectables trimestrales suministrados,2016-04-01,1,5,13,4,1,24
CHOQUE COTA,"anticoncepcion, prevencion de its y de cancer de cuello uterino",numero de inyectables trimestrales suministrados,2016-04-01,0,1,2,2,0,5
CHUA COCANI,"anticoncepcion, prevencion de its y de cancer de cuello uterino",numero de inyectables trimestrales suministrados,2016-04-01,0,2,5,3,0,10
CHULUMANI (V. DE LA LIBERTAD),"anticoncepcion, prevencion de its y de cancer de cuello uterino",numero de inyectables trimestrales suministrados,2016-04-01,0,4,36,10,0,50
CHUMA,"anticoncepcion, prevencion de its y de cancer de cuello uterino",numero de inyectables trimestrales suministrados,2016-04-01,0,3,16,19,0,38
CHUQUIHUTA AYLLU JUCUMANI,"anticoncepcion, prevencion de its y de cancer de cuello uterino",numero de inyectables trimestrales suministrados,2016-04-01,0,1,12,20,0,33
CKOCHAS,"anticoncepcion, prevencion de its y de cancer de cuello uterino",numero de inyectables trimestrales suministrados,2016-04-01,0,2,15,16,0,33
CLIZA,"anticoncepcion, prevencion de its y de cancer de cuello uterino",numero de inyectables trimestrales suministrados,2016-04-01,0,2,40,14,2,58
COBIJA,"anticoncepcion, prevencion de its y de cancer de cuello uterino",numero de inyectables trimestrales suministrados,2016-04-01,4,45,132,21,1,203
COCAPATA,"anticoncepcion, prevencion de its y de cancer de cuello uterino",numero de inyectables trimestrales suministrados,2016-04-01,0,7,50,30,0,87
COCHABAMBA,"anticoncepcion, prevencion de its y de cancer de cuello uterino",numero de inyectables trimestrales suministrados,2016-04-01,0,43,313,95,0,451
COIPASA,"anticoncepcion, prevencion de its y de cancer de cuello uterino",numero de inyectables trimestrales suministrados,2016-04-01,0,0,4,0,0,4
COLCAPIRHUA,"anticoncepcion, prevencion de its y de cancer de cuello uterino",numero de inyectables trimestrales suministrados,2016-04-01,0,5,51,9,0,65
"COLCHA ""K""","anticoncepcion, prevencion de its y de cancer de cuello uterino",numero de inyectables trimestrales suministrados,2016-04-01,0,1,49,21,0,71
COLLANA,"anticoncepcion, prevencion de its y de cancer de cuello uterino",numero de inyectables trimestrales suministrados,2016-04-01,0,1,8,3,0,12
COLOMI,"anticoncepcion, prevencion de its y de cancer de cuello uterino",numero de inyectables trimestrales suministrados,2016-04-01,0,10,43,22,0,75
COLPA BELGICA,"anticoncepcion, prevencion de its y de cancer de cuello uterino",numero de inyectables trimestrales suministrados,2016-04-01,1,3,19,4,0,27
COLQUECHACA,"anticoncepcion, prevencion de its y de cancer de cuello uterino",numero de inyectables trimestrales suministrados,2016-04-01,0,2,56,32,0,90
COLQUENCHA,"anticoncepcion, prevencion de its y de cancer de cuello uterino",numero de inyectables trimestrales suministrados,2016-04-01,0,1,21,17,0,39
COLQUIRI,"anticoncepcion, prevencion de its y de cancer de cuello uterino",numero de inyectables trimestrales suministrados,2016-04-01,0,2,35,17,0,54
COMANCHE,"anticoncepcion, prevencion de its y de cancer de cuello uterino",numero de inyectables trimestrales suministrados,2016-04-01,0,0,1,2,0,3
COMARAPA,"anticoncepcion, prevencion de its y de cancer de cuello uterino",numero de inyectables trimestrales suministrados,2016-04-01,0,13,70,41,0,124
COMBAYA,"anticoncepcion, prevencion de its y de cancer de cuello uterino",numero de inyectables trimestrales suministrados,2016-04-01,0,0,3,3,0,6
CONCEPCION,"anticoncepcion, prevencion de its y de cancer de cuello uterino",numero de inyectables trimestrales suministrados,2016-04-01,0,6,28,6,0,40
COPACABANA,"anticoncepcion, prevencion de its y de cancer de cuello uterino",numero de inyectables trimestrales suministrados,2016-04-01,0,2,29,21,0,52
CORIPATA,"anticoncepcion, prevencion de its y de cancer de cuello uterino",numero de inyectables trimestrales suministrados,2016-04-01,0,2,51,16,0,69
CORO CORO,"anticoncepcion, prevencion de its y de cancer de cuello uterino",numero de inyectables trimestrales suministrados,2016-04-01,0,1,11,4,0,16
COROICO,"anticoncepcion, prevencion de its y de cancer de cuello uterino",numero de inyectables trimestrales suministrados,2016-04-01,0,0,10,6,0,16
CORQUE,"anticoncepcion, prevencion de its y de cancer de cuello uterino",numero de inyectables trimestrales suministrados,2016-04-01,0,1,4,6,0,11
COTAGAITA,"anticoncepcion, prevencion de its y de cancer de cuello uterino",numero de inyectables trimestrales suministrados,2016-04-01,0,14,118,59,0,191
COTOCA,"anticoncepcion, prevencion de its y de cancer de cuello uterino",numero de inyectables trimestrales suministrados,2016-04-01,8,31,118,29,0,186
CUATRO CAÑADAS,"anticoncepcion, prevencion de its y de cancer de cuello uterino",numero de inyectables trimestrales suministrados,2016-04-01,0,7,40,8,0,55
CUCHUMUELA (V. G. VILLARROEL),"anticoncepcion, prevencion de its y de cancer de cuello uterino",numero de inyectables trimestrales suministrados,2016-04-01,0,1,9,3,0,13
CUEVO,"anticoncepcion, prevencion de its y de cancer de cuello uterino",numero de inyectables trimestrales suministrados,2016-04-01,0,4,20,4,1,29
CULPINA,"anticoncepcion, prevencion de its y de cancer de cuello uterino",numero de inyectables trimestrales suministrados,2016-04-01,0,9,53,48,1,111
CURAHUARA DE CARANGAS,"anticoncepcion, prevencion de its y de cancer de cuello uterino",numero de inyectables trimestrales suministrados,2016-04-01,0,3,11,7,2,23
CURVA,"anticoncepcion, prevencion de its y de cancer de cuello uterino",numero de inyectables trimestrales suministrados,2016-04-01,0,0,1,2,0,3
DESAGUADERO,"anticoncepcion, prevencion de its y de cancer de cuello uterino",numero de inyectables trimestrales suministrados,2016-04-01,0,0,13,8,0,21
EL ALTO,"anticoncepcion, prevencion de its y de cancer de cuello uterino",numero de inyectables trimestrales suministrados,2016-04-01,1,69,923,316,3,1312
EL CHORO,"anticoncepcion, prevencion de its y de cancer de cuello uterino",numero de inyectables trimestrales suministrados,2016-04-01,0,0,9,1,0,10
EL PUENTE(STC),"anticoncepcion, prevencion de its y de cancer de cuello uterino",numero de inyectables trimestrales suministrados,2016-04-01,0,3,36,25,0,64
EL PUENTE(TJA),"anticoncepcion, prevencion de its y de cancer de cuello uterino",numero de inyectables trimestrales suministrados,2016-04-01,0,5,64,36,0,105
EL TORNO,"anticoncepcion, prevencion de its y de cancer de cuello uterino",numero de inyectables trimestrales suministrados,2016-04-01,10,23,70,39,1,143
EL VILLAR,"anticoncepcion, prevencion de its y de cancer de cuello uterino",numero de inyectables trimestrales suministrados,2016-04-01,0,8,26,17,0,51
ENTRE RIOS TRJ,"anticoncepcion, prevencion de its y de cancer de cuello uterino",numero de inyectables trimestrales suministrados,2016-04-01,2,26,109,40,1,178
ENTRE RIOS CBBA,"anticoncepcion, prevencion de its y de cancer de cuello uterino",numero de inyectables trimestrales suministrados,2016-04-01,0,10,56,10,0,76
ESCARA,"anticoncepcion, prevencion de its y de cancer de cuello uterino",numero de inyectables trimestrales suministrados,2016-04-01,0,0,3,2,0,5
ESCOMA,"anticoncepcion, prevencion de its y de cancer de cuello uterino",numero de inyectables trimestrales suministrados,2016-04-01,0,0,2,1,0,3
ESMERALDA,"anticoncepcion, prevencion de its y de cancer de cuello uterino",numero de inyectables trimestrales suministrados,2016-04-01,0,0,3,0,0,3
EUCALIPTUS,"anticoncepcion, prevencion de its y de cancer de cuello uterino",numero de inyectables trimestrales suministrados,2016-04-01,0,1,8,2,0,11
EUREKA (SANTOS MERCADO),"anticoncepcion, prevencion de its y de cancer de cuello uterino",numero de inyectables trimestrales suministrados,2016-04-01,1,1,16,1,0,19
EXALTACION,"anticoncepcion, prevencion de its y de cancer de cuello uterino",numero de inyectables trimestrales suministrados,2016-04-01,0,1,5,0,0,6
FERNANDEZ ALONSO,"anticoncepcion, prevencion de its y de cancer de cuello uterino",numero de inyectables trimestrales suministrados,2016-04-01,0,6,29,26,0,61
FILADELFIA,"anticoncepcion, prevencion de its y de cancer de cuello uterino",numero de inyectables trimestrales suministrados,2016-04-01,0,6,22,6,0,34
GENERAL SAAVEDRA,"anticoncepcion, prevencion de its y de cancer de cuello uterino",numero de inyectables trimestrales suministrados,2016-04-01,1,16,52,14,0,83
GRAL. J.J. PEREZ (CHARAZANI),"anticoncepcion, prevencion de its y de cancer de cuello uterino",numero de inyectables trimestrales suministrados,2016-04-01,0,3,13,7,0,23
GUANAY,"anticoncepcion, prevencion de its y de cancer de cuello uterino",numero de inyectables trimestrales suministrados,2016-04-01,0,0,12,1,0,13
GUAQUI,"anticoncepcion, prevencion de its y de cancer de cuello uterino",numero de inyectables trimestrales suministrados,2016-04-01,0,2,12,8,1,23
GUAYARAMERIN,"anticoncepcion, prevencion de its y de cancer de cuello uterino",numero de inyectables trimestrales suministrados,2016-04-01,0,20,40,6,0,66
GUTIERREZ,"anticoncepcion, prevencion de its y de cancer de cuello uterino",numero de inyectables trimestrales suministrados,2016-04-01,0,2,14,8,0,24
HUACARETA,"anticoncepcion, prevencion de its y de cancer de cuello uterino",numero de inyectables trimestrales suministrados,2016-04-01,1,4,16,8,1,30
HUACAYA (VILLA DE HUACAYA),"anticoncepcion, prevencion de its y de cancer de cuello uterino",numero de inyectables trimestrales suministrados,2016-04-01,0,1,12,3,0,16
HUACHACALLA,"anticoncepcion, prevencion de its y de cancer de cuello uterino",numero de inyectables trimestrales suministrados,2016-04-01,0,0,1,2,0,3
HUANUNI,"anticoncepcion, prevencion de its y de cancer de cuello uterino",numero de inyectables trimestrales suministrados,2016-04-01,0,2,39,18,0,59
HUARACAJE,"anticoncepcion, prevencion de its y de cancer de cuello uterino",numero de inyectables trimestrales suministrados,2016-04-01,0,2,6,1,0,9
HUARINA,"anticoncepcion, prevencion de its y de cancer de cuello uterino",numero de inyectables trimestrales suministrados,2016-04-01,0,1,8,2,0,11
HUATAJATA,"anticoncepcion, prevencion de its y de cancer de cuello uterino",numero de inyectables trimestrales suministrados,2016-04-01,0,0,4,3,0,7
HUAYLLAMARCA,"anticoncepcion, prevencion de its y de cancer de cuello uterino",numero de inyectables trimestrales suministrados,2016-04-01,0,0,10,7,1,18
HUMANATA,"anticoncepcion, prevencion de its y de cancer de cuello uterino",numero de inyectables trimestrales suministrados,2016-04-01,0,3,7,5,0,15
ICHOCA,"anticoncepcion, prevencion de its y de cancer de cuello uterino",numero de inyectables trimestrales suministrados,2016-04-01,0,3,5,4,0,12
ICLA,"anticoncepcion, prevencion de its y de cancer de cuello uterino",numero de inyectables trimestrales suministrados,2016-04-01,0,2,16,16,0,34
INCAHUASI,"anticoncepcion, prevencion de its y de cancer de cuello uterino",numero de inyectables trimestrales suministrados,2016-04-01,0,5,30,26,1,62
INGAVI (HUMAITA),"anticoncepcion, prevencion de its y de cancer de cuello uterino",numero de inyectables trimestrales suministrados,2016-04-01,1,2,13,3,0,19
INQUISIVI,"anticoncepcion, prevencion de its y de cancer de cuello uterino",numero de inyectables trimestrales suministrados,2016-04-01,0,2,20,17,0,39
IRUPANA (VILLA DE LANZA),"anticoncepcion, prevencion de its y de cancer de cuello uterino",numero de inyectables trimestrales suministrados,2016-04-01,1,6,39,17,1,64
IXIAMAS,"anticoncepcion, prevencion de its y de cancer de cuello uterino",numero de inyectables trimestrales suministrados,2016-04-01,0,9,28,6,0,43
JESUS DE MACHACA,"anticoncepcion, prevencion de its y de cancer de cuello uterino",numero de inyectables trimestrales suministrados,2016-04-01,0,3,10,10,0,23
LA ASUNTA,"anticoncepcion, prevencion de its y de cancer de cuello uterino",numero de inyectables trimestrales suministrados,2016-04-01,0,9,107,41,0,157
LA GUARDIA,"anticoncepcion, prevencion de its y de cancer de cuello uterino",numero de inyectables trimestrales suministrados,2016-04-01,2,23,101,27,0,153
LA PAZ,"anticoncepcion, prevencion de its y de cancer de cuello uterino",numero de inyectables trimestrales suministrados,2016-04-01,0,49,428,189,1,667
LA RIVERA,"anticoncepcion, prevencion de its y de cancer de cuello uterino",numero de inyectables trimestrales suministrados,2016-04-01,0,0,0,1,1,2
LAGUNILLAS,"anticoncepcion, prevencion de its y de cancer de cuello uterino",numero de inyectables trimestrales suministrados,2016-04-01,0,3,19,9,0,31
LAJA,"anticoncepcion, prevencion de its y de cancer de cuello uterino",numero de inyectables trimestrales suministrados,2016-04-01,0,9,53,14,1,77
LAS CARRERAS,"anticoncepcion, prevencion de its y de cancer de cuello uterino",numero de inyectables trimestrales suministrados,2016-04-01,0,1,11,5,0,17
LICOMA PAMPA,"anticoncepcion, prevencion de its y de cancer de cuello uterino",numero de inyectables trimestrales suministrados,2016-04-01,0,1,4,4,0,9
LLALLAGUA,"anticoncepcion, prevencion de its y de cancer de cuello uterino",numero de inyectables trimestrales suministrados,2016-04-01,0,12,61,30,0,103
LLICA,"anticoncepcion, prevencion de its y de cancer de cuello uterino",numero de inyectables trimestrales suministrados,2016-04-01,0,3,17,14,1,35
LORETO,"anticoncepcion, prevencion de its y de cancer de cuello uterino",numero de inyectables trimestrales suministrados,2016-04-01,0,6,9,0,0,15
LURIBAY,"anticoncepcion, prevencion de its y de cancer de cuello uterino",numero de inyectables trimestrales suministrados,2016-04-01,1,2,22,24,0,49
MACHACAMARCA,"anticoncepcion, prevencion de its y de cancer de cuello uterino",numero de inyectables trimestrales suministrados,2016-04-01,0,0,3,2,0,5
MACHARETI,"anticoncepcion, prevencion de its y de cancer de cuello uterino",numero de inyectables trimestrales suministrados,2016-04-01,1,4,44,16,0,65
MAGDALENA,"anticoncepcion, prevencion de its y de cancer de cuello uterino",numero de inyectables trimestrales suministrados,2016-04-01,0,7,30,9,0,46
MAIRANA,"anticoncepcion, prevencion de its y de cancer de cuello uterino",numero de inyectables trimestrales suministrados,2016-04-01,0,8,29,7,0,44
MALLA,"anticoncepcion, prevencion de its y de cancer de cuello uterino",numero de inyectables trimestrales suministrados,2016-04-01,0,0,4,3,0,7
MAPIRI,"anticoncepcion, prevencion de its y de cancer de cuello uterino",numero de inyectables trimestrales suministrados,2016-04-01,0,4,19,9,0,32
MECAPACA,"anticoncepcion, prevencion de its y de cancer de cuello uterino",numero de inyectables trimestrales suministrados,2016-04-01,0,1,23,20,0,44
MINEROS,"anticoncepcion, prevencion de its y de cancer de cuello uterino",numero de inyectables trimestrales suministrados,2016-04-01,0,3,20,5,0,28
MIZQUE,"anticoncepcion, prevencion de its y de cancer de cuello uterino",numero de inyectables trimestrales suministrados,2016-04-01,0,15,90,45,0,150
MOCOMOCO,"anticoncepcion, prevencion de its y de cancer de cuello uterino",numero de inyectables trimestrales suministrados,2016-04-01,0,0,17,17,0,34
MOJINETE,"anticoncepcion, prevencion de its y de cancer de cuello uterino",numero de inyectables trimestrales suministrados,2016-04-01,0,0,2,0,0,2
MOJOCOYA,"anticoncepcion, prevencion de its y de cancer de cuello uterino",numero de inyectables trimestrales suministrados,2016-04-01,0,4,20,15,0,39
MONTEAGUDO,"anticoncepcion, prevencion de its y de cancer de cuello uterino",numero de inyectables trimestrales suministrados,2016-04-01,0,12,45,35,2,94
MONTERO,"anticoncepcion, prevencion de its y de cancer de cuello uterino",numero de inyectables trimestrales suministrados,2016-04-01,2,72,379,104,3,560
MORO MORO,"anticoncepcion, prevencion de its y de cancer de cuello uterino",numero de inyectables trimestrales suministrados,2016-04-01,0,8,13,13,1,35
MOROCHATA,"anticoncepcion, prevencion de its y de cancer de cuello uterino",numero de inyectables trimestrales suministrados,2016-04-01,0,2,21,27,0,50
NACEBE (SANTA ROSA DEL ABUNA),"anticoncepcion, prevencion de its y de cancer de cuello uterino",numero de inyectables trimestrales suministrados,2016-04-01,0,4,11,2,0,17
NAZACARA DE PACAJES,"anticoncepcion, prevencion de its y de cancer de cuello uterino",numero de inyectables trimestrales suministrados,2016-04-01,0,0,0,1,0,1
NUEVO MANOA (NUEVA ESPERANZA),"anticoncepcion, prevencion de its y de cancer de cuello uterino",numero de inyectables trimestrales suministrados,2016-04-01,0,2,4,1,0,7
OCURI,"anticoncepcion, prevencion de its y de cancer de cuello uterino",numero de inyectables trimestrales suministrados,2016-04-01,0,8,34,23,0,65
OKINAWA,"anticoncepcion, prevencion de its y de cancer de cuello uterino",numero de inyectables trimestrales suministrados,2016-04-01,0,4,22,9,0,35
OMEREQUE,"anticoncepcion, prevencion de its y de cancer de cuello uterino",numero de inyectables trimestrales suministrados,2016-04-01,0,1,23,16,0,40
ORURO,"anticoncepcion, prevencion de its y de cancer de cuello uterino",numero de inyectables trimestrales suministrados,2016-04-01,0,40,467,137,2,646
PADCAYA,"anticoncepcion, prevencion de its y de cancer de cuello uterino",numero de inyectables trimestrales suministrados,2016-04-01,1,22,105,66,2,196
PADILLA,"anticoncepcion, prevencion de its y de cancer de cuello uterino",numero de inyectables trimestrales suministrados,2016-04-01,0,9,49,33,0,91
PAILON,"anticoncepcion, prevencion de its y de cancer de cuello uterino",numero de inyectables trimestrales suministrados,2016-04-01,1,9,41,15,0,66
PALCA,"anticoncepcion, prevencion de its y de cancer de cuello uterino",numero de inyectables trimestrales suministrados,2016-04-01,0,2,28,24,0,54
PALOS BLANCOS,"anticoncepcion, prevencion de its y de cancer de cuello uterino",numero de inyectables trimestrales suministrados,2016-04-01,0,9,65,34,1,109
PAMPA AULLAGAS,"anticoncepcion, prevencion de its y de cancer de cuello uterino",numero de inyectables trimestrales suministrados,2016-04-01,0,0,1,1,0,2
PAMPA GRANDE,"anticoncepcion, prevencion de its y de cancer de cuello uterino",numero de inyectables trimestrales suministrados,2016-04-01,0,6,30,9,0,45
PAPEL PAMPA,"anticoncepcion, prevencion de its y de cancer de cuello uterino",numero de inyectables trimestrales suministrados,2016-04-01,0,1,11,11,0,23
PASORAPA,"anticoncepcion, prevencion de its y de cancer de cuello uterino",numero de inyectables trimestrales suministrados,2016-04-01,0,4,7,11,1,23
PATACAMAYA,"anticoncepcion, prevencion de its y de cancer de cuello uterino",numero de inyectables trimestrales suministrados,2016-04-01,1,3,20,11,0,35
PAZÑA,"anticoncepcion, prevencion de its y de cancer de cuello uterino",numero de inyectables trimestrales suministrados,2016-04-01,0,1,14,6,0,21
PELECHUCO,"anticoncepcion, prevencion de its y de cancer de cuello uterino",numero de inyectables trimestrales suministrados,2016-04-01,0,1,14,5,1,21
POCOATA,"anticoncepcion, prevencion de its y de cancer de cuello uterino",numero de inyectables trimestrales suministrados,2016-04-01,0,10,39,32,1,82
POCONA,"anticoncepcion, prevencion de its y de cancer de cuello uterino",numero de inyectables trimestrales suministrados,2016-04-01,0,6,51,47,0,104
POJO (CBBA),"anticoncepcion, prevencion de its y de cancer de cuello uterino",numero de inyectables trimestrales suministrados,2016-04-01,0,7,66,31,0,104
POOPO,"anticoncepcion, prevencion de its y de cancer de cuello uterino",numero de inyectables trimestrales suministrados,2016-04-01,0,0,18,9,0,27
PORCO,"anticoncepcion, prevencion de its y de cancer de cuello uterino",numero de inyectables trimestrales suministrados,2016-04-01,0,3,16,4,0,23
POROMA,"anticoncepcion, prevencion de its y de cancer de cuello uterino",numero de inyectables trimestrales suministrados,2016-04-01,0,19,84,51,0,154
PORONGO,"anticoncepcion, prevencion de its y de cancer de cuello uterino",numero de inyectables trimestrales suministrados,2016-04-01,0,0,4,0,0,4
PORTACHUELO,"anticoncepcion, prevencion de its y de cancer de cuello uterino",numero de inyectables trimestrales suministrados,2016-04-01,0,10,36,17,0,63
PORVENIR,"anticoncepcion, prevencion de its y de cancer de cuello uterino",numero de inyectables trimestrales suministrados,2016-04-01,0,2,22,5,0,29
POSTRER VALLE,"anticoncepcion, prevencion de its y de cancer de cuello uterino",numero de inyectables trimestrales suministrados,2016-04-01,0,2,10,0,0,12
POTOSI,"anticoncepcion, prevencion de its y de cancer de cuello uterino",numero de inyectables trimestrales suministrados,2016-04-01,1,57,464,139,2,663
PRESTO,"anticoncepcion, prevencion de its y de cancer de cuello uterino",numero de inyectables trimestrales suministrados,2016-04-01,1,1,33,16,0,51
PUCARA,"anticoncepcion, prevencion de its y de cancer de cuello uterino",numero de inyectables trimestrales suministrados,2016-04-01,0,0,5,2,0,7
PUCARANI,"anticoncepcion, prevencion de its y de cancer de cuello uterino",numero de inyectables trimestrales suministrados,2016-04-01,0,9,73,39,0,121
PUERTO ACOSTA,"anticoncepcion, prevencion de its y de cancer de cuello uterino",numero de inyectables trimestrales suministrados,2016-04-01,0,1,5,4,0,10
PUERTO CARABUCO,"anticoncepcion, prevencion de its y de cancer de cuello uterino",numero de inyectables trimestrales suministrados,2016-04-01,0,0,21,12,0,33
PUERTO GONZALO MORENO,"anticoncepcion, prevencion de its y de cancer de cuello uterino",numero de inyectables trimestrales suministrados,2016-04-01,1,6,22,12,0,41
PUERTO PEREZ,"anticoncepcion, prevencion de its y de cancer de cuello uterino",numero de inyectables trimestrales suministrados,2016-04-01,0,0,10,5,0,15
PUERTO QUIJARRO,"anticoncepcion, prevencion de its y de cancer de cuello uterino",numero de inyectables trimestrales suministrados,2016-04-01,0,13,19,1,0,33
PUERTO RICO,"anticoncepcion, prevencion de its y de cancer de cuello uterino",numero de inyectables trimestrales suministrados,2016-04-01,0,3,19,9,0,31
PUERTO SILES,"anticoncepcion, prevencion de its y de cancer de cuello uterino",numero de inyectables trimestrales suministrados,2016-04-01,0,0,2,1,0,3
PUERTO SUAREZ,"anticoncepcion, prevencion de its y de cancer de cuello uterino",numero de inyectables trimestrales suministrados,2016-04-01,0,6,13,2,0,21
PUERTO VILLARROEL,"anticoncepcion, prevencion de its y de cancer de cuello uterino",numero de inyectables trimestrales suministrados,2016-04-01,1,16,81,37,1,136
PUNA,"anticoncepcion, prevencion de its y de cancer de cuello uterino",numero de inyectables trimestrales suministrados,2016-04-01,0,3,32,18,0,53
PUNATA,"anticoncepcion, prevencion de its y de cancer de cuello uterino",numero de inyectables trimestrales suministrados,2016-04-01,0,11,47,16,0,74
QUIABAYA,"anticoncepcion, prevencion de its y de cancer de cuello uterino",numero de inyectables trimestrales suministrados,2016-04-01,0,0,8,4,0,12
QUILLACOLLO,"anticoncepcion, prevencion de its y de cancer de cuello uterino",numero de inyectables trimestrales suministrados,2016-04-01,1,21,211,27,0,260
QUIME,"anticoncepcion, prevencion de its y de cancer de cuello uterino",numero de inyectables trimestrales suministrados,2016-04-01,0,1,31,14,1,47
QUIRUSILLAS,"anticoncepcion, prevencion de its y de cancer de cuello uterino",numero de inyectables trimestrales suministrados,2016-04-01,0,0,1,1,0,2
RAVELO,"anticoncepcion, prevencion de its y de cancer de cuello uterino",numero de inyectables trimestrales suministrados,2016-04-01,0,27,84,85,0,196
REYES,"anticoncepcion, prevencion de its y de cancer de cuello uterino",numero de inyectables trimestrales suministrados,2016-04-01,2,15,30,16,0,63
RIBERALTA,"anticoncepcion, prevencion de its y de cancer de cuello uterino",numero de inyectables trimestrales suministrados,2016-04-01,0,52,183,31,1,267
ROBORE,"anticoncepcion, prevencion de its y de cancer de cuello uterino",numero de inyectables trimestrales suministrados,2016-04-01,0,9,36,10,1,56
RURRENABAQUE,"anticoncepcion, prevencion de its y de cancer de cuello uterino",numero de inyectables trimestrales suministrados,2016-04-01,0,5,37,14,1,57
SABAYA,"anticoncepcion, prevencion de its y de cancer de cuello uterino",numero de inyectables trimestrales suministrados,2016-04-01,0,4,5,5,0,14
SACABA,"anticoncepcion, prevencion de its y de cancer de cuello uterino",numero de inyectables trimestrales suministrados,2016-04-01,0,19,194,45,2,260
SACABAMBA,"anticoncepcion, prevencion de its y de cancer de cuello uterino",numero de inyectables trimestrales suministrados,2016-04-01,0,0,8,6,1,15
SACACA,"anticoncepcion, prevencion de its y de cancer de cuello uterino",numero de inyectables trimestrales suministrados,2016-04-01,0,4,62,29,0,95
SAIPINA,"anticoncepcion, prevencion de its y de cancer de cuello uterino",numero de inyectables trimestrales suministrados,2016-04-01,0,4,33,9,0,46
SALINAS DE GARCI MENDOZA,"anticoncepcion, prevencion de its y de cancer de cuello uterino",numero de inyectables trimestrales suministrados,2016-04-01,0,4,39,13,0,56
SAMAIPATA,"anticoncepcion, prevencion de its y de cancer de cuello uterino",numero de inyectables trimestrales suministrados,2016-04-01,0,7,44,15,0,66
SAN AGUSTIN,"anticoncepcion, prevencion de its y de cancer de cuello uterino",numero de inyectables trimestrales suministrados,2016-04-01,0,1,1,2,0,4
SAN ANDRES,"anticoncepcion, prevencion de its y de cancer de cuello uterino",numero de inyectables trimestrales suministrados,2016-04-01,1,5,24,5,0,35
SAN ANDRES DE MACHACA,"anticoncepcion, prevencion de its y de cancer de cuello uterino",numero de inyectables trimestrales suministrados,2016-04-01,0,0,5,2,0,7
SAN ANTONIO DE ESMORUCO,"anticoncepcion, prevencion de its y de cancer de cuello uterino",numero de inyectables trimestrales suministrados,2016-04-01,0,0,4,1,0,5
SAN ANTONIO DE LOMERIO,"anticoncepcion, prevencion de its y de cancer de cuello uterino",numero de inyectables trimestrales suministrados,2016-04-01,2,5,40,34,2,83
SAN BENITO,"anticoncepcion, prevencion de its y de cancer de cuello uterino",numero de inyectables trimestrales suministrados,2016-04-01,0,3,19,13,0,35
SAN BORJA,"anticoncepcion, prevencion de its y de cancer de cuello uterino",numero de inyectables trimestrales suministrados,2016-04-01,1,23,101,37,0,162
SAN BUENA VENTURA,"anticoncepcion, prevencion de its y de cancer de cuello uterino",numero de inyectables trimestrales suministrados,2016-04-01,0,1,3,5,0,9
SAN CARLOS,"anticoncepcion, prevencion de its y de cancer de cuello uterino",numero de inyectables trimestrales suministrados,2016-04-01,0,5,37,25,0,67
SAN IGNACIO,"anticoncepcion, prevencion de its y de cancer de cuello uterino",numero de inyectables trimestrales suministrados,2016-04-01,2,13,73,32,1,121
SAN IGNACIO DE VELASCO,"anticoncepcion, prevencion de its y de cancer de cuello uterino",numero de inyectables trimestrales suministrados,2016-04-01,1,30,177,67,0,275
SAN JAVIER(BNI),"anticoncepcion, prevencion de its y de cancer de cuello uterino",numero de inyectables trimestrales suministrados,2016-04-01,0,3,9,0,0,12
SAN JAVIER(STC),"anticoncepcion, prevencion de its y de cancer de cuello uterino",numero de inyectables trimestrales suministrados,2016-04-01,1,14,34,11,0,60
SAN JOAQUIN,"anticoncepcion, prevencion de its y de cancer de cuello uterino",numero de inyectables trimestrales suministrados,2016-04-01,0,3,1,1,0,5
SAN JOSE DE CHIQUITOS,"anticoncepcion, prevencion de its y de cancer de cuello uterino",numero de inyectables trimestrales suministrados,2016-04-01,4,6,25,9,1,45
SAN JUAN DE YAPACANI,"anticoncepcion, prevencion de its y de cancer de cuello uterino",numero de inyectables trimestrales suministrados,2016-04-01,0,6,24,16,0,46
SAN JULIAN,"anticoncepcion, prevencion de its y de cancer de cuello uterino",numero de inyectables trimestrales suministrados,2016-04-01,0,17,92,29,0,138
SAN LORENZO(PND),"anticoncepcion, prevencion de its y de cancer de cuello uterino",numero de inyectables trimestrales suministrados,2016-04-01,0,3,8,3,0,14
SAN LORENZO(TJA),"anticoncepcion, prevencion de its y de cancer de cuello uterino",numero de inyectables trimestrales suministrados,2016-04-01,0,14,76,43,2,135
SAN LUCAS,"anticoncepcion, prevencion de its y de cancer de cuello uterino",numero de inyectables trimestrales suministrados,2016-04-01,0,6,59,31,0,96
SAN MATIAS,"anticoncepcion, prevencion de its y de cancer de cuello uterino",numero de inyectables trimestrales suministrados,2016-04-01,0,1,9,7,0,17
SAN MIGUEL DE VELASCO,"anticoncepcion, prevencion de its y de cancer de cuello uterino",numero de inyectables trimestrales suministrados,2016-04-01,0,11,72,37,1,121
SAN PABLO DE LIPEZ,"anticoncepcion, prevencion de its y de cancer de cuello uterino",numero de inyectables trimestrales suministrados,2016-04-01,0,0,10,1,0,11
SAN PEDRO,"anticoncepcion, prevencion de its y de cancer de cuello uterino",numero de inyectables trimestrales suministrados,2016-04-01,0,6,39,18,1,64
SAN PEDRO DE BUENA VISTA,"anticoncepcion, prevencion de its y de cancer de cuello uterino",numero de inyectables trimestrales suministrados,2016-04-01,0,4,39,37,0,80
SAN PEDRO DE CURAHUARA,"anticoncepcion, prevencion de its y de cancer de cuello uterino",numero de inyectables trimestrales suministrados,2016-04-01,0,2,7,5,0,14
SAN PEDRO DE QUEMES,"anticoncepcion, prevencion de its y de cancer de cuello uterino",numero de inyectables trimestrales suministrados,2016-04-01,0,0,0,1,0,1
SAN PEDRO DE TIQUINA,"anticoncepcion, prevencion de its y de cancer de cuello uterino",numero de inyectables trimestrales suministrados,2016-04-01,0,0,7,5,0,12
SAN PEDRO(PND),"anticoncepcion, prevencion de its y de cancer de cuello uterino",numero de inyectables trimestrales suministrados,2016-04-01,0,6,10,1,0,17
SAN RAFAEL,"anticoncepcion, prevencion de its y de cancer de cuello uterino",numero de inyectables trimestrales suministrados,2016-04-01,1,6,31,11,0,49
SAN RAMON BENI,"anticoncepcion, prevencion de its y de cancer de cuello uterino",numero de inyectables trimestrales suministrados,2016-04-01,1,3,0,1,0,5
SAN RAMON SCZ,"anticoncepcion, prevencion de its y de cancer de cuello uterino",numero de inyectables trimestrales suministrados,2016-04-01,1,4,38,15,0,58
SANTA ANA,"anticoncepcion, prevencion de its y de cancer de cuello uterino",numero de inyectables trimestrales suministrados,2016-04-01,0,0,19,1,0,20
SANTA CRUZ DE LA SIERRA,"anticoncepcion, prevencion de its y de cancer de cuello uterino",numero de inyectables trimestrales suministrados,2016-04-01,1,123,460,105,3,692
SANTA ROSA,"anticoncepcion, prevencion de its y de cancer de cuello uterino",numero de inyectables trimestrales suministrados,2016-04-01,0,2,13,3,0,18
SANTA ROSA DEL SARA,"anticoncepcion, prevencion de its y de cancer de cuello uterino",numero de inyectables trimestrales suministrados,2016-04-01,0,9,49,16,1,75
SANTIAGO DE CALLAPA,"anticoncepcion, prevencion de its y de cancer de cuello uterino",numero de inyectables trimestrales suministrados,2016-04-01,0,1,1,1,0,3
SANTIAGO DE HUARI,"anticoncepcion, prevencion de its y de cancer de cuello uterino",numero de inyectables trimestrales suministrados,2016-04-01,0,1,10,5,0,16
SANTIAGO DE HUATA,"anticoncepcion, prevencion de its y de cancer de cuello uterino",numero de inyectables trimestrales suministrados,2016-04-01,0,0,9,3,0,12
SANTIAGO DE MACHACA,"anticoncepcion, prevencion de its y de cancer de cuello uterino",numero de inyectables trimestrales suministrados,2016-04-01,0,0,6,3,0,9
SANTIVAÑES,"anticoncepcion, prevencion de its y de cancer de cuello uterino",numero de inyectables trimestrales suministrados,2016-04-01,0,3,20,7,0,30
SANTUARIO DE QUILLACAS,"anticoncepcion, prevencion de its y de cancer de cuello uterino",numero de inyectables trimestrales suministrados,2016-04-01,0,2,6,2,0,10
SAPAHAQUI,"anticoncepcion, prevencion de its y de cancer de cuello uterino",numero de inyectables trimestrales suministrados,2016-04-01,0,1,15,10,0,26
SENA,"anticoncepcion, prevencion de its y de cancer de cuello uterino",numero de inyectables trimestrales suministrados,2016-04-01,1,0,6,2,0,9
SHINAOTA,"anticoncepcion, prevencion de its y de cancer de cuello uterino",numero de inyectables trimestrales suministrados,2016-04-01,0,6,47,11,0,64
SICA SICA (VILLA AROMA),"anticoncepcion, prevencion de its y de cancer de cuello uterino",numero de inyectables trimestrales suministrados,2016-04-01,0,2,38,34,0,74
SICAYA,"anticoncepcion, prevencion de its y de cancer de cuello uterino",numero de inyectables trimestrales suministrados,2016-04-01,0,3,17,10,0,30
SIPE SIPE,"anticoncepcion, prevencion de its y de cancer de cuello uterino",numero de inyectables trimestrales suministrados,2016-04-01,0,28,180,78,1,287
SOPACHUY,"anticoncepcion, prevencion de its y de cancer de cuello uterino",numero de inyectables trimestrales suministrados,2016-04-01,0,5,18,23,2,48
SORACACHI,"anticoncepcion, prevencion de its y de cancer de cuello uterino",numero de inyectables trimestrales suministrados,2016-04-01,0,1,17,19,0,37
SORATA,"anticoncepcion, prevencion de its y de cancer de cuello uterino",numero de inyectables trimestrales suministrados,2016-04-01,0,3,32,22,0,57
SUCRE,"anticoncepcion, prevencion de its y de cancer de cuello uterino",numero de inyectables trimestrales suministrados,2016-04-01,1,111,502,165,1,780
TACACHI,"anticoncepcion, prevencion de its y de cancer de cuello uterino",numero de inyectables trimestrales suministrados,2016-04-01,0,0,3,1,0,4
TACACOMA,"anticoncepcion, prevencion de its y de cancer de cuello uterino",numero de inyectables trimestrales suministrados,2016-04-01,0,0,28,12,0,40
TACOBAMBA,"anticoncepcion, prevencion de its y de cancer de cuello uterino",numero de inyectables trimestrales suministrados,2016-04-01,0,7,33,26,0,66
TACOPAYA,"anticoncepcion, prevencion de its y de cancer de cuello uterino",numero de inyectables trimestrales suministrados,2016-04-01,0,2,9,7,0,18
TAHUA,"anticoncepcion, prevencion de its y de cancer de cuello uterino",numero de inyectables trimestrales suministrados,2016-04-01,0,0,13,5,0,18
TAPACARI,"anticoncepcion, prevencion de its y de cancer de cuello uterino",numero de inyectables trimestrales suministrados,2016-04-01,0,4,74,47,0,125
TARABUCO,"anticoncepcion, prevencion de its y de cancer de cuello uterino",numero de inyectables trimestrales suministrados,2016-04-01,0,7,35,38,0,80
TARACO,"anticoncepcion, prevencion de its y de cancer de cuello uterino",numero de inyectables trimestrales suministrados,2016-04-01,0,2,12,10,0,24
TARATA,"anticoncepcion, prevencion de its y de cancer de cuello uterino",numero de inyectables trimestrales suministrados,2016-04-01,0,3,33,8,0,44
TARIJA,"anticoncepcion, prevencion de its y de cancer de cuello uterino",numero de inyectables trimestrales suministrados,2016-04-01,1,32,177,72,0,282
TARVITA,"anticoncepcion, prevencion de its y de cancer de cuello uterino",numero de inyectables trimestrales suministrados,2016-04-01,0,3,20,15,0,38
TEOPONTE,"anticoncepcion, prevencion de its y de cancer de cuello uterino",numero de inyectables trimestrales suministrados,2016-04-01,0,6,30,4,0,40
TIAWANACU,"anticoncepcion, prevencion de its y de cancer de cuello uterino",numero de inyectables trimestrales suministrados,2016-04-01,0,2,25,17,0,44
TINGUIPAYA,"anticoncepcion, prevencion de its y de cancer de cuello uterino",numero de inyectables trimestrales suministrados,2016-04-01,0,2,20,17,0,39
TIPUANI,"anticoncepcion, prevencion de its y de cancer de cuello uterino",numero de inyectables trimestrales suministrados,2016-04-01,0,1,11,4,0,16
TIQUIPAYA,"anticoncepcion, prevencion de its y de cancer de cuello uterino",numero de inyectables trimestrales suministrados,2016-04-01,1,22,106,37,0,166
TIRAQUE (CBBA),"anticoncepcion, prevencion de its y de cancer de cuello uterino",numero de inyectables trimestrales suministrados,2016-04-01,0,6,50,36,0,92
TITO YUPANQUI (PARQUIPUJIO),"anticoncepcion, prevencion de its y de cancer de cuello uterino",numero de inyectables trimestrales suministrados,2016-04-01,0,0,1,0,0,1
TOCO,"anticoncepcion, prevencion de its y de cancer de cuello uterino",numero de inyectables trimestrales suministrados,2016-04-01,1,4,13,15,0,33
TODOS SANTOS,"anticoncepcion, prevencion de its y de cancer de cuello uterino",numero de inyectables trimestrales suministrados,2016-04-01,0,0,3,1,0,4
TOLATA,"anticoncepcion, prevencion de its y de cancer de cuello uterino",numero de inyectables trimestrales suministrados,2016-04-01,0,1,15,6,0,22
TOLEDO,"anticoncepcion, prevencion de its y de cancer de cuello uterino",numero de inyectables trimestrales suministrados,2016-04-01,0,0,6,1,0,7
TOMAVE,"anticoncepcion, prevencion de its y de cancer de cuello uterino",numero de inyectables trimestrales suministrados,2016-04-01,0,1,23,26,0,50
TOMINA,"anticoncepcion, prevencion de its y de cancer de cuello uterino",numero de inyectables trimestrales suministrados,2016-04-01,0,7,52,33,1,93
TORO TORO,"anticoncepcion, prevencion de its y de cancer de cuello uterino",numero de inyectables trimestrales suministrados,2016-04-01,0,9,35,17,0,61
TOTORA(CBBA),"anticoncepcion, prevencion de its y de cancer de cuello uterino",numero de inyectables trimestrales suministrados,2016-04-01,0,21,76,27,0,124
TOTORA(ORR),"anticoncepcion, prevencion de its y de cancer de cuello uterino",numero de inyectables trimestrales suministrados,2016-04-01,0,0,25,10,0,35
TRIGAL,"anticoncepcion, prevencion de its y de cancer de cuello uterino",numero de inyectables trimestrales suministrados,2016-04-01,0,2,7,2,0,11
TRINIDAD,"anticoncepcion, prevencion de its y de cancer de cuello uterino",numero de inyectables trimestrales suministrados,2016-04-01,0,9,43,8,0,60
TUPIZA,"anticoncepcion, prevencion de its y de cancer de cuello uterino",numero de inyectables trimestrales suministrados,2016-04-01,0,18,112,64,4,198
TURCO,"anticoncepcion, prevencion de its y de cancer de cuello uterino",numero de inyectables trimestrales suministrados,2016-04-01,0,1,6,3,0,10
UMALA,"anticoncepcion, prevencion de its y de cancer de cuello uterino",numero de inyectables trimestrales suministrados,2016-04-01,0,3,15,8,0,26
UNCIA,"anticoncepcion, prevencion de its y de cancer de cuello uterino",numero de inyectables trimestrales suministrados,2016-04-01,0,4,51,18,0,73
URIONDO (A. CONCEPCION),"anticoncepcion, prevencion de its y de cancer de cuello uterino",numero de inyectables trimestrales suministrados,2016-04-01,0,8,65,34,0,107
URUBICHA,"anticoncepcion, prevencion de its y de cancer de cuello uterino",numero de inyectables trimestrales suministrados,2016-04-01,0,1,10,10,0,21
UYUNI,"anticoncepcion, prevencion de its y de cancer de cuello uterino",numero de inyectables trimestrales suministrados,2016-04-01,0,4,54,13,1,72
VACAS,"anticoncepcion, prevencion de its y de cancer de cuello uterino",numero de inyectables trimestrales suministrados,2016-04-01,0,7,35,22,0,64
VALLEGRANDE,"anticoncepcion, prevencion de its y de cancer de cuello uterino",numero de inyectables trimestrales suministrados,2016-04-01,0,13,49,12,1,75
VIACHA,"anticoncepcion, prevencion de its y de cancer de cuello uterino",numero de inyectables trimestrales suministrados,2016-04-01,0,15,113,57,1,186
VILA VILA,"anticoncepcion, prevencion de its y de cancer de cuello uterino",numero de inyectables trimestrales suministrados,2016-04-01,0,3,5,0,0,8
VILLA CHARCAS,"anticoncepcion, prevencion de its y de cancer de cuello uterino",numero de inyectables trimestrales suministrados,2016-04-01,0,16,61,30,0,107
VILLA MONTES,"anticoncepcion, prevencion de its y de cancer de cuello uterino",numero de inyectables trimestrales suministrados,2016-04-01,0,19,98,26,0,143
VILLA NUEVA (LOMA ALTA),"anticoncepcion, prevencion de its y de cancer de cuello uterino",numero de inyectables trimestrales suministrados,2016-04-01,0,2,0,8,0,10
VILLA RIVERO,"anticoncepcion, prevencion de its y de cancer de cuello uterino",numero de inyectables trimestrales suministrados,2016-04-01,0,11,45,15,0,71
VILLA SERRANO,"anticoncepcion, prevencion de its y de cancer de cuello uterino",numero de inyectables trimestrales suministrados,2016-04-01,0,3,29,18,0,50
VILLA TUNARI,"anticoncepcion, prevencion de its y de cancer de cuello uterino",numero de inyectables trimestrales suministrados,2016-04-01,1,49,318,127,1,496
VILLA VACA GUZMAN (MUYUPAMPA),"anticoncepcion, prevencion de its y de cancer de cuello uterino",numero de inyectables trimestrales suministrados,2016-04-01,0,5,29,22,0,56
VILLAZON,"anticoncepcion, prevencion de its y de cancer de cuello uterino",numero de inyectables trimestrales suministrados,2016-04-01,0,15,113,50,0,178
VINTO,"anticoncepcion, prevencion de its y de cancer de cuello uterino",numero de inyectables trimestrales suministrados,2016-04-01,0,17,96,21,0,134
VITICHI,"anticoncepcion, prevencion de its y de cancer de cuello uterino",numero de inyectables trimestrales suministrados,2016-04-01,0,3,18,17,0,38
WALDO BALLIVIAN,"anticoncepcion, prevencion de its y de cancer de cuello uterino",numero de inyectables trimestrales suministrados,2016-04-01,0,1,2,3,0,6
WARNES,"anticoncepcion, prevencion de its y de cancer de cuello uterino",numero de inyectables trimestrales suministrados,2016-04-01,3,44,125,42,8,222
YACO,"anticoncepcion, prevencion de its y de cancer de cuello uterino",numero de inyectables trimestrales suministrados,2016-04-01,0,1,15,11,0,27
YACUIBA,"anticoncepcion, prevencion de its y de cancer de cuello uterino",numero de inyectables trimestrales suministrados,2016-04-01,1,16,106,47,0,170
YAMPARAEZ,"anticoncepcion, prevencion de its y de cancer de cuello uterino",numero de inyectables trimestrales suministrados,2016-04-01,0,2,16,10,0,28
YANACACHI,"anticoncepcion, prevencion de its y de cancer de cuello uterino",numero de inyectables trimestrales suministrados,2016-04-01,0,1,20,6,0,27
YAPACANI,"anticoncepcion, prevencion de its y de cancer de cuello uterino",numero de inyectables trimestrales suministrados,2016-04-01,0,11,66,20,0,97
YOCALLA,"anticoncepcion, prevencion de its y de cancer de cuello uterino",numero de inyectables trimestrales suministrados,2016-04-01,0,2,12,1,0,15
YOTALA,"anticoncepcion, prevencion de its y de cancer de cuello uterino",numero de inyectables trimestrales suministrados,2016-04-01,0,0,7,5,1,13
YUNCHARA,"anticoncepcion, prevencion de its y de cancer de cuello uterino",numero de inyectables trimestrales suministrados,2016-04-01,0,5,35,23,0,63
ZUDAÑEZ,"anticoncepcion, prevencion de its y de cancer de cuello uterino",numero de inyectables trimestrales suministrados,2016-04-01,0,7,35,22,0,64
ACACIO,"anticoncepcion, prevencion de its y de cancer de cuello uterino",numero de inyectables trimestrales suministrados,2016-05-01,0,5,11,15,0,31
ACHACACHI,"anticoncepcion, prevencion de its y de cancer de cuello uterino",numero de inyectables trimestrales suministrados,2016-05-01,0,6,51,26,2,85
ACHOCALLA,"anticoncepcion, prevencion de its y de cancer de cuello uterino",numero de inyectables trimestrales suministrados,2016-05-01,0,6,35,11,0,52
AIQUILE,"anticoncepcion, prevencion de its y de cancer de cuello uterino",numero de inyectables trimestrales suministrados,2016-05-01,1,3,33,38,0,75
ALALAY,"anticoncepcion, prevencion de its y de cancer de cuello uterino",numero de inyectables trimestrales suministrados,2016-05-01,0,0,6,5,0,11
ALCALA,"anticoncepcion, prevencion de its y de cancer de cuello uterino",numero de inyectables trimestrales suministrados,2016-05-01,0,4,12,10,0,26
ALTO BENI,"anticoncepcion, prevencion de its y de cancer de cuello uterino",numero de inyectables trimestrales suministrados,2016-05-01,0,5,19,18,0,42
ANCORAIMES,"anticoncepcion, prevencion de its y de cancer de cuello uterino",numero de inyectables trimestrales suministrados,2016-05-01,0,2,11,10,0,23
ANDAMARCA,"anticoncepcion, prevencion de its y de cancer de cuello uterino",numero de inyectables trimestrales suministrados,2016-05-01,0,2,13,8,0,23
ANTEQUERA,"anticoncepcion, prevencion de its y de cancer de cuello uterino",numero de inyectables trimestrales suministrados,2016-05-01,0,1,5,1,0,7
ANZALDO,"anticoncepcion, prevencion de its y de cancer de cuello uterino",numero de inyectables trimestrales suministrados,2016-05-01,0,1,26,15,0,42
APOLO,"anticoncepcion, prevencion de its y de cancer de cuello uterino",numero de inyectables trimestrales suministrados,2016-05-01,0,2,32,32,0,66
ARAMPAMPA,"anticoncepcion, prevencion de its y de cancer de cuello uterino",numero de inyectables trimestrales suministrados,2016-05-01,0,0,3,1,0,4
ARANI,"anticoncepcion, prevencion de its y de cancer de cuello uterino",numero de inyectables trimestrales suministrados,2016-05-01,0,1,7,3,0,11
ARBIETO,"anticoncepcion, prevencion de its y de cancer de cuello uterino",numero de inyectables trimestrales suministrados,2016-05-01,0,9,55,29,0,93
ARQUE,"anticoncepcion, prevencion de its y de cancer de cuello uterino",numero de inyectables trimestrales suministrados,2016-05-01,0,3,48,29,0,80
ASCENCION DE GUARAYOS,"anticoncepcion, prevencion de its y de cancer de cuello uterino",numero de inyectables trimestrales suministrados,2016-05-01,1,6,26,12,0,45
ATOCHA,"anticoncepcion, prevencion de its y de cancer de cuello uterino",numero de inyectables trimestrales suministrados,2016-05-01,0,1,28,15,1,45
AUCAPATA,"anticoncepcion, prevencion de its y de cancer de cuello uterino",numero de inyectables trimestrales suministrados,2016-05-01,0,1,15,8,0,24
AYATA,"anticoncepcion, prevencion de its y de cancer de cuello uterino",numero de inyectables trimestrales suministrados,2016-05-01,0,1,32,16,0,49
AYO AYO,"anticoncepcion, prevencion de its y de cancer de cuello uterino",numero de inyectables trimestrales suministrados,2016-05-01,0,0,12,10,0,22
AYOPAYA (V. DE INDEPENDENCIA),"anticoncepcion, prevencion de its y de cancer de cuello uterino",numero de inyectables trimestrales suministrados,2016-05-01,0,20,74,61,0,155
AZURDUY,"anticoncepcion, prevencion de its y de cancer de cuello uterino",numero de inyectables trimestrales suministrados,2016-05-01,0,10,30,25,0,65
BATALLAS,"anticoncepcion, prevencion de its y de cancer de cuello uterino",numero de inyectables trimestrales suministrados,2016-05-01,0,2,27,17,0,46
BAURES,"anticoncepcion, prevencion de its y de cancer de cuello uterino",numero de inyectables trimestrales suministrados,2016-05-01,0,0,6,1,0,7
BELEN DE ANDAMARCA,"anticoncepcion, prevencion de its y de cancer de cuello uterino",numero de inyectables trimestrales suministrados,2016-05-01,0,0,3,2,0,5
BELLA FLOR,"anticoncepcion, prevencion de its y de cancer de cuello uterino",numero de inyectables trimestrales suministrados,2016-05-01,0,2,4,0,0,6
BERMEJO,"anticoncepcion, prevencion de its y de cancer de cuello uterino",numero de inyectables trimestrales suministrados,2016-05-01,3,10,63,31,0,107
BETANZOS,"anticoncepcion, prevencion de its y de cancer de cuello uterino",numero de inyectables trimestrales suministrados,2016-05-01,0,0,55,37,0,92
BOLIVAR,"anticoncepcion, prevencion de its y de cancer de cuello uterino",numero de inyectables trimestrales suministrados,2016-05-01,0,0,14,11,0,25
BOLPEBRA,"anticoncepcion, prevencion de its y de cancer de cuello uterino",numero de inyectables trimestrales suministrados,2016-05-01,1,4,2,4,0,11
BOYUIBE,"anticoncepcion, prevencion de its y de cancer de cuello uterino",numero de inyectables trimestrales suministrados,2016-05-01,0,0,8,3,0,11
BUENA VISTA,"anticoncepcion, prevencion de its y de cancer de cuello uterino",numero de inyectables trimestrales suministrados,2016-05-01,1,7,29,14,0,51
CABEZAS,"anticoncepcion, prevencion de its y de cancer de cuello uterino",numero de inyectables trimestrales suministrados,2016-05-01,0,22,85,10,0,117
CAIROMA,"anticoncepcion, prevencion de its y de cancer de cuello uterino",numero de inyectables trimestrales suministrados,2016-05-01,0,1,25,17,0,43
"CAIZA ""D""","anticoncepcion, prevencion de its y de cancer de cuello uterino",numero de inyectables trimestrales suministrados,2016-05-01,0,0,18,3,0,21
CAJUATA,"anticoncepcion, prevencion de its y de cancer de cuello uterino",numero de inyectables trimestrales suministrados,2016-05-01,0,1,23,14,0,38
CALACOTO,"anticoncepcion, prevencion de its y de cancer de cuello uterino",numero de inyectables trimestrales suministrados,2016-05-01,0,0,2,2,0,4
CALAMARCA,"anticoncepcion, prevencion de its y de cancer de cuello uterino",numero de inyectables trimestrales suministrados,2016-05-01,0,5,52,19,0,76
CAMARGO,"anticoncepcion, prevencion de its y de cancer de cuello uterino",numero de inyectables trimestrales suministrados,2016-05-01,0,6,24,23,0,53
CAMATAQUI (C. VILLA ABECIA),"anticoncepcion, prevencion de its y de cancer de cuello uterino",numero de inyectables trimestrales suministrados,2016-05-01,0,0,5,3,0,8
CAMIRI,"anticoncepcion, prevencion de its y de cancer de cuello uterino",numero de inyectables trimestrales suministrados,2016-05-01,0,8,39,15,0,62
CAPINOTA,"anticoncepcion, prevencion de its y de cancer de cuello uterino",numero de inyectables trimestrales suministrados,2016-05-01,1,11,50,30,1,93
CAQUIAVIRI,"anticoncepcion, prevencion de its y de cancer de cuello uterino",numero de inyectables trimestrales suministrados,2016-05-01,0,1,14,7,0,22
CARACOLLO,"anticoncepcion, prevencion de its y de cancer de cuello uterino",numero de inyectables trimestrales suministrados,2016-05-01,1,6,31,25,0,63
CARANAVI,"anticoncepcion, prevencion de its y de cancer de cuello uterino",numero de inyectables trimestrales suministrados,2016-05-01,0,12,76,45,1,134
CARAPARI,"anticoncepcion, prevencion de its y de cancer de cuello uterino",numero de inyectables trimestrales suministrados,2016-05-01,0,7,33,21,0,61
CARIPUYO,"anticoncepcion, prevencion de its y de cancer de cuello uterino",numero de inyectables trimestrales suministrados,2016-05-01,0,1,7,4,0,12
CARMEN RIVERO TORREZ,"anticoncepcion, prevencion de its y de cancer de cuello uterino",numero de inyectables trimestrales suministrados,2016-05-01,0,1,7,2,0,10
CATACORA,"anticoncepcion, prevencion de its y de cancer de cuello uterino",numero de inyectables trimestrales suministrados,2016-05-01,0,0,2,3,0,5
CHACARILLA,"anticoncepcion, prevencion de its y de cancer de cuello uterino",numero de inyectables trimestrales suministrados,2016-05-01,0,2,2,1,0,5
CHALLAPATA,"anticoncepcion, prevencion de its y de cancer de cuello uterino",numero de inyectables trimestrales suministrados,2016-05-01,0,2,41,24,0,67
CHAQUI,"anticoncepcion, prevencion de its y de cancer de cuello uterino",numero de inyectables trimestrales suministrados,2016-05-01,0,3,19,8,0,30
CHARAGUA,"anticoncepcion, prevencion de its y de cancer de cuello uterino",numero de inyectables trimestrales suministrados,2016-05-01,0,5,40,23,0,68
CHARAÑA,"anticoncepcion, prevencion de its y de cancer de cuello uterino",numero de inyectables trimestrales suministrados,2016-05-01,0,0,3,1,0,4
CHAYANTA,"anticoncepcion, prevencion de its y de cancer de cuello uterino",numero de inyectables trimestrales suministrados,2016-05-01,0,1,27,9,0,37
CHIMORE,"anticoncepcion, prevencion de its y de cancer de cuello uterino",numero de inyectables trimestrales suministrados,2016-05-01,0,7,70,17,0,94
CHIPAYA,"anticoncepcion, prevencion de its y de cancer de cuello uterino",numero de inyectables trimestrales suministrados,2016-05-01,1,3,6,0,0,10
CHOQUE COTA,"anticoncepcion, prevencion de its y de cancer de cuello uterino",numero de inyectables trimestrales suministrados,2016-05-01,0,0,2,0,0,2
CHUA COCANI,"anticoncepcion, prevencion de its y de cancer de cuello uterino",numero de inyectables trimestrales suministrados,2016-05-01,0,0,7,1,0,8
CHULUMANI (V. DE LA LIBERTAD),"anticoncepcion, prevencion de its y de cancer de cuello uterino",numero de inyectables trimestrales suministrados,2016-05-01,0,7,30,13,0,50
CHUMA,"anticoncepcion, prevencion de its y de cancer de cuello uterino",numero de inyectables trimestrales suministrados,2016-05-01,0,4,26,19,1,50
CHUQUIHUTA AYLLU JUCUMANI,"anticoncepcion, prevencion de its y de cancer de cuello uterino",numero de inyectables trimestrales suministrados,2016-05-01,0,2,18,5,0,25
CKOCHAS,"anticoncepcion, prevencion de its y de cancer de cuello uterino",numero de inyectables trimestrales suministrados,2016-05-01,0,3,26,30,0,59
CLIZA,"anticoncepcion, prevencion de its y de cancer de cuello uterino",numero de inyectables trimestrales suministrados,2016-05-01,1,3,36,8,0,48
COBIJA,"anticoncepcion, prevencion de its y de cancer de cuello uterino",numero de inyectables trimestrales suministrados,2016-05-01,3,20,59,8,0,90
COCAPATA,"anticoncepcion, prevencion de its y de cancer de cuello uterino",numero de inyectables trimestrales suministrados,2016-05-01,0,4,46,24,0,74
COCHABAMBA,"anticoncepcion, prevencion de its y de cancer de cuello uterino",numero de inyectables trimestrales suministrados,2016-05-01,1,43,284,87,0,415
COIPASA,"anticoncepcion, prevencion de its y de cancer de cuello uterino",numero de inyectables trimestrales suministrados,2016-05-01,0,1,8,0,0,9
COLCAPIRHUA,"anticoncepcion, prevencion de its y de cancer de cuello uterino",numero de inyectables trimestrales suministrados,2016-05-01,0,13,54,9,0,76
"COLCHA ""K""","anticoncepcion, prevencion de its y de cancer de cuello uterino",numero de inyectables trimestrales suministrados,2016-05-01,0,3,39,16,1,59
COLLANA,"anticoncepcion, prevencion de its y de cancer de cuello uterino",numero de inyectables trimestrales suministrados,2016-05-01,0,0,6,2,0,8
COLOMI,"anticoncepcion, prevencion de its y de cancer de cuello uterino",numero de inyectables trimestrales suministrados,2016-05-01,0,10,70,23,0,103
COLPA BELGICA,"anticoncepcion, prevencion de its y de cancer de cuello uterino",numero de inyectables trimestrales suministrados,2016-05-01,0,1,8,1,0,10
COLQUECHACA,"anticoncepcion, prevencion de its y de cancer de cuello uterino",numero de inyectables trimestrales suministrados,2016-05-01,0,4,49,34,0,87
COLQUENCHA,"anticoncepcion, prevencion de its y de cancer de cuello uterino",numero de inyectables trimestrales suministrados,2016-05-01,0,3,19,9,0,31
COLQUIRI,"anticoncepcion, prevencion de its y de cancer de cuello uterino",numero de inyectables trimestrales suministrados,2016-05-01,0,3,23,9,0,35
COMANCHE,"anticoncepcion, prevencion de its y de cancer de cuello uterino",numero de inyectables trimestrales suministrados,2016-05-01,0,0,2,0,0,2
COMARAPA,"anticoncepcion, prevencion de its y de cancer de cuello uterino",numero de inyectables trimestrales suministrados,2016-05-01,0,8,56,32,0,96
COMBAYA,"anticoncepcion, prevencion de its y de cancer de cuello uterino",numero de inyectables trimestrales suministrados,2016-05-01,0,1,5,1,0,7
CONCEPCION,"anticoncepcion, prevencion de its y de cancer de cuello uterino",numero de inyectables trimestrales suministrados,2016-05-01,0,5,28,6,0,39
COPACABANA,"anticoncepcion, prevencion de its y de cancer de cuello uterino",numero de inyectables trimestrales suministrados,2016-05-01,0,2,23,19,0,44
CORIPATA,"anticoncepcion, prevencion de its y de cancer de cuello uterino",numero de inyectables trimestrales suministrados,2016-05-01,0,1,29,15,0,45
CORO CORO,"anticoncepcion, prevencion de its y de cancer de cuello uterino",numero de inyectables trimestrales suministrados,2016-05-01,0,1,9,3,0,13
COROICO,"anticoncepcion, prevencion de its y de cancer de cuello uterino",numero de inyectables trimestrales suministrados,2016-05-01,0,1,15,5,0,21
CORQUE,"anticoncepcion, prevencion de its y de cancer de cuello uterino",numero de inyectables trimestrales suministrados,2016-05-01,0,1,10,5,0,16
COTAGAITA,"anticoncepcion, prevencion de its y de cancer de cuello uterino",numero de inyectables trimestrales suministrados,2016-05-01,0,1,20,15,0,36
COTOCA,"anticoncepcion, prevencion de its y de cancer de cuello uterino",numero de inyectables trimestrales suministrados,2016-05-01,0,26,114,28,0,168
CUATRO CAÑADAS,"anticoncepcion, prevencion de its y de cancer de cuello uterino",numero de inyectables trimestrales suministrados,2016-05-01,0,9,20,14,0,43
CUCHUMUELA (V. G. VILLARROEL),"anticoncepcion, prevencion de its y de cancer de cuello uterino",numero de inyectables trimestrales suministrados,2016-05-01,1,0,9,3,0,13
CUEVO,"anticoncepcion, prevencion de its y de cancer de cuello uterino",numero de inyectables trimestrales suministrados,2016-05-01,0,5,16,2,0,23
CULPINA,"anticoncepcion, prevencion de its y de cancer de cuello uterino",numero de inyectables trimestrales suministrados,2016-05-01,1,6,40,30,0,77
CURAHUARA DE CARANGAS,"anticoncepcion, prevencion de its y de cancer de cuello uterino",numero de inyectables trimestrales suministrados,2016-05-01,0,2,12,6,1,21
CURVA,"anticoncepcion, prevencion de its y de cancer de cuello uterino",numero de inyectables trimestrales suministrados,2016-05-01,0,1,5,1,0,7
DESAGUADERO,"anticoncepcion, prevencion de its y de cancer de cuello uterino",numero de inyectables trimestrales suministrados,2016-05-01,0,0,8,4,0,12
EL ALTO,"anticoncepcion, prevencion de its y de cancer de cuello uterino",numero de inyectables trimestrales suministrados,2016-05-01,0,60,703,289,2,1054
EL CHORO,"anticoncepcion, prevencion de its y de cancer de cuello uterino",numero de inyectables trimestrales suministrados,2016-05-01,0,1,7,3,0,11
EL PUENTE(STC),"anticoncepcion, prevencion de its y de cancer de cuello uterino",numero de inyectables trimestrales suministrados,2016-05-01,0,5,57,20,0,82
EL PUENTE(TJA),"anticoncepcion, prevencion de its y de cancer de cuello uterino",numero de inyectables trimestrales suministrados,2016-05-01,0,9,52,47,0,108
EL TORNO,"anticoncepcion, prevencion de its y de cancer de cuello uterino",numero de inyectables trimestrales suministrados,2016-05-01,3,30,103,37,1,174
EL VILLAR,"anticoncepcion, prevencion de its y de cancer de cuello uterino",numero de inyectables trimestrales suministrados,2016-05-01,0,7,12,13,1,33
ENTRE RIOS TRJ,"anticoncepcion, prevencion de its y de cancer de cuello uterino",numero de inyectables trimestrales suministrados,2016-05-01,0,22,115,67,5,209
ENTRE RIOS CBBA,"anticoncepcion, prevencion de its y de cancer de cuello uterino",numero de inyectables trimestrales suministrados,2016-05-01,0,10,49,29,0,88
ESCOMA,"anticoncepcion, prevencion de its y de cancer de cuello uterino",numero de inyectables trimestrales suministrados,2016-05-01,0,0,1,2,0,3
ESMERALDA,"anticoncepcion, prevencion de its y de cancer de cuello uterino",numero de inyectables trimestrales suministrados,2016-05-01,0,1,5,2,0,8
EUCALIPTUS,"anticoncepcion, prevencion de its y de cancer de cuello uterino",numero de inyectables trimestrales suministrados,2016-05-01,0,1,4,5,0,10
EUREKA (SANTOS MERCADO),"anticoncepcion, prevencion de its y de cancer de cuello uterino",numero de inyectables trimestrales suministrados,2016-05-01,0,4,8,1,0,13
EXALTACION,"anticoncepcion, prevencion de its y de cancer de cuello uterino",numero de inyectables trimestrales suministrados,2016-05-01,0,1,6,0,0,7
FERNANDEZ ALONSO,"anticoncepcion, prevencion de its y de cancer de cuello uterino",numero de inyectables trimestrales suministrados,2016-05-01,0,13,39,22,2,76
FILADELFIA,"anticoncepcion, prevencion de its y de cancer de cuello uterino",numero de inyectables trimestrales suministrados,2016-05-01,0,6,35,6,0,47
GENERAL SAAVEDRA,"anticoncepcion, prevencion de its y de cancer de cuello uterino",numero de inyectables trimestrales suministrados,2016-05-01,0,10,34,19,1,64
GRAL. J.J. PEREZ (CHARAZANI),"anticoncepcion, prevencion de its y de cancer de cuello uterino",numero de inyectables trimestrales suministrados,2016-05-01,0,1,15,13,0,29
GUANAY,"anticoncepcion, prevencion de its y de cancer de cuello uterino",numero de inyectables trimestrales suministrados,2016-05-01,0,0,11,10,0,21
GUAQUI,"anticoncepcion, prevencion de its y de cancer de cuello uterino",numero de inyectables trimestrales suministrados,2016-05-01,0,3,16,10,0,29
GUAYARAMERIN,"anticoncepcion, prevencion de its y de cancer de cuello uterino",numero de inyectables trimestrales suministrados,2016-05-01,1,14,44,15,0,74
GUTIERREZ,"anticoncepcion, prevencion de its y de cancer de cuello uterino",numero de inyectables trimestrales suministrados,2016-05-01,0,1,21,11,0,33
HUACARETA,"anticoncepcion, prevencion de its y de cancer de cuello uterino",numero de inyectables trimestrales suministrados,2016-05-01,0,6,18,8,0,32
HUACAYA (VILLA DE HUACAYA),"anticoncepcion, prevencion de its y de cancer de cuello uterino",numero de inyectables trimestrales suministrados,2016-05-01,0,0,13,2,0,15
HUACHACALLA,"anticoncepcion, prevencion de its y de cancer de cuello uterino",numero de inyectables trimestrales suministrados,2016-05-01,0,0,3,0,0,3
HUANUNI,"anticoncepcion, prevencion de its y de cancer de cuello uterino",numero de inyectables trimestrales suministrados,2016-05-01,0,0,13,4,1,18
HUARACAJE,"anticoncepcion, prevencion de its y de cancer de cuello uterino",numero de inyectables trimestrales suministrados,2016-05-01,0,3,10,1,0,14
HUARINA,"anticoncepcion, prevencion de its y de cancer de cuello uterino",numero de inyectables trimestrales suministrados,2016-05-01,0,0,13,6,0,19
HUATAJATA,"anticoncepcion, prevencion de its y de cancer de cuello uterino",numero de inyectables trimestrales suministrados,2016-05-01,0,0,1,1,0,2
HUAYLLAMARCA,"anticoncepcion, prevencion de its y de cancer de cuello uterino",numero de inyectables trimestrales suministrados,2016-05-01,0,5,9,9,0,23
HUMANATA,"anticoncepcion, prevencion de its y de cancer de cuello uterino",numero de inyectables trimestrales suministrados,2016-05-01,0,2,2,6,0,10
ICHOCA,"anticoncepcion, prevencion de its y de cancer de cuello uterino",numero de inyectables trimestrales suministrados,2016-05-01,0,1,9,5,0,15
ICLA,"anticoncepcion, prevencion de its y de cancer de cuello uterino",numero de inyectables trimestrales suministrados,2016-05-01,0,2,10,7,0,19
INCAHUASI,"anticoncepcion, prevencion de its y de cancer de cuello uterino",numero de inyectables trimestrales suministrados,2016-05-01,0,4,29,16,1,50
INGAVI (HUMAITA),"anticoncepcion, prevencion de its y de cancer de cuello uterino",numero de inyectables trimestrales suministrados,2016-05-01,0,2,7,0,0,9
INQUISIVI,"anticoncepcion, prevencion de its y de cancer de cuello uterino",numero de inyectables trimestrales suministrados,2016-05-01,0,4,28,16,0,48
IRUPANA (VILLA DE LANZA),"anticoncepcion, prevencion de its y de cancer de cuello uterino",numero de inyectables trimestrales suministrados,2016-05-01,0,7,37,10,0,54
IXIAMAS,"anticoncepcion, prevencion de its y de cancer de cuello uterino",numero de inyectables trimestrales suministrados,2016-05-01,0,6,22,8,0,36
JESUS DE MACHACA,"anticoncepcion, prevencion de its y de cancer de cuello uterino",numero de inyectables trimestrales suministrados,2016-05-01,0,1,16,9,0,26
LA ASUNTA,"anticoncepcion, prevencion de its y de cancer de cuello uterino",numero de inyectables trimestrales suministrados,2016-05-01,0,6,104,44,0,154
LA GUARDIA,"anticoncepcion, prevencion de its y de cancer de cuello uterino",numero de inyectables trimestrales suministrados,2016-05-01,0,9,64,14,0,87
LA PAZ,"anticoncepcion, prevencion de its y de cancer de cuello uterino",numero de inyectables trimestrales suministrados,2016-05-01,0,51,417,152,0,620
LAGUNILLAS,"anticoncepcion, prevencion de its y de cancer de cuello uterino",numero de inyectables trimestrales suministrados,2016-05-01,0,5,12,6,0,23
LAJA,"anticoncepcion, prevencion de its y de cancer de cuello uterino",numero de inyectables trimestrales suministrados,2016-05-01,0,3,22,18,0,43
LAS CARRERAS,"anticoncepcion, prevencion de its y de cancer de cuello uterino",numero de inyectables trimestrales suministrados,2016-05-01,0,2,3,4,1,10
LICOMA PAMPA,"anticoncepcion, prevencion de its y de cancer de cuello uterino",numero de inyectables trimestrales suministrados,2016-05-01,0,1,8,4,0,13
LLALLAGUA,"anticoncepcion, prevencion de its y de cancer de cuello uterino",numero de inyectables trimestrales suministrados,2016-05-01,0,9,71,20,0,100
LLICA,"anticoncepcion, prevencion de its y de cancer de cuello uterino",numero de inyectables trimestrales suministrados,2016-05-01,0,3,16,2,0,21
LORETO,"anticoncepcion, prevencion de its y de cancer de cuello uterino",numero de inyectables trimestrales suministrados,2016-05-01,0,0,17,1,0,18
LURIBAY,"anticoncepcion, prevencion de its y de cancer de cuello uterino",numero de inyectables trimestrales suministrados,2016-05-01,0,2,23,15,1,41
MACHACAMARCA,"anticoncepcion, prevencion de its y de cancer de cuello uterino",numero de inyectables trimestrales suministrados,2016-05-01,0,0,2,0,0,2
MACHARETI,"anticoncepcion, prevencion de its y de cancer de cuello uterino",numero de inyectables trimestrales suministrados,2016-05-01,0,8,26,10,1,45
MAGDALENA,"anticoncepcion, prevencion de its y de cancer de cuello uterino",numero de inyectables trimestrales suministrados,2016-05-01,0,1,16,4,0,21
MAIRANA,"anticoncepcion, prevencion de its y de cancer de cuello uterino",numero de inyectables trimestrales suministrados,2016-05-01,0,7,25,10,0,42
MALLA,"anticoncepcion, prevencion de its y de cancer de cuello uterino",numero de inyectables trimestrales suministrados,2016-05-01,0,0,3,4,0,7
MAPIRI,"anticoncepcion, prevencion de its y de cancer de cuello uterino",numero de inyectables trimestrales suministrados,2016-05-01,0,3,17,6,0,26
MECAPACA,"anticoncepcion, prevencion de its y de cancer de cuello uterino",numero de inyectables trimestrales suministrados,2016-05-01,0,2,15,12,0,29
MINEROS,"anticoncepcion, prevencion de its y de cancer de cuello uterino",numero de inyectables trimestrales suministrados,2016-05-01,0,13,53,15,0,81
MIZQUE,"anticoncepcion, prevencion de its y de cancer de cuello uterino",numero de inyectables trimestrales suministrados,2016-05-01,1,13,85,46,0,145
MOCOMOCO,"anticoncepcion, prevencion de its y de cancer de cuello uterino",numero de inyectables trimestrales suministrados,2016-05-01,0,1,16,13,0,30
MOJINETE,"anticoncepcion, prevencion de its y de cancer de cuello uterino",numero de inyectables trimestrales suministrados,2016-05-01,0,0,0,1,0,1
MOJOCOYA,"anticoncepcion, prevencion de its y de cancer de cuello uterino",numero de inyectables trimestrales suministrados,2016-05-01,0,3,23,17,0,43
MONTEAGUDO,"anticoncepcion, prevencion de its y de cancer de cuello uterino",numero de inyectables trimestrales suministrados,2016-05-01,0,16,62,36,0,114
MONTERO,"anticoncepcion, prevencion de its y de cancer de cuello uterino",numero de inyectables trimestrales suministrados,2016-05-01,2,35,131,34,0,202
MORO MORO,"anticoncepcion, prevencion de its y de cancer de cuello uterino",numero de inyectables trimestrales suministrados,2016-05-01,1,4,11,9,1,26
MOROCHATA,"anticoncepcion, prevencion de its y de cancer de cuello uterino",numero de inyectables trimestrales suministrados,2016-05-01,0,6,47,34,0,87
NACEBE (SANTA ROSA DEL ABUNA),"anticoncepcion, prevencion de its y de cancer de cuello uterino",numero de inyectables trimestrales suministrados,2016-05-01,0,5,12,2,0,19
NAZACARA DE PACAJES,"anticoncepcion, prevencion de its y de cancer de cuello uterino",numero de inyectables trimestrales suministrados,2016-05-01,0,1,0,0,0,1
NUEVO MANOA (NUEVA ESPERANZA),"anticoncepcion, prevencion de its y de cancer de cuello uterino",numero de inyectables trimestrales suministrados,2016-05-01,0,1,11,0,0,12
OCURI,"anticoncepcion, prevencion de its y de cancer de cuello uterino",numero de inyectables trimestrales suministrados,2016-05-01,0,2,25,7,0,34
OKINAWA,"anticoncepcion, prevencion de its y de cancer de cuello uterino",numero de inyectables trimestrales suministrados,2016-05-01,0,5,19,10,0,34
OMEREQUE,"anticoncepcion, prevencion de its y de cancer de cuello uterino",numero de inyectables trimestrales suministrados,2016-05-01,0,9,28,14,0,51
ORURO,"anticoncepcion, prevencion de its y de cancer de cuello uterino",numero de inyectables trimestrales suministrados,2016-05-01,0,24,481,139,2,646
PADCAYA,"anticoncepcion, prevencion de its y de cancer de cuello uterino",numero de inyectables trimestrales suministrados,2016-05-01,1,14,83,69,1,168
PADILLA,"anticoncepcion, prevencion de its y de cancer de cuello uterino",numero de inyectables trimestrales suministrados,2016-05-01,0,7,59,28,0,94
PAILON,"anticoncepcion, prevencion de its y de cancer de cuello uterino",numero de inyectables trimestrales suministrados,2016-05-01,0,5,19,2,0,26
PALCA,"anticoncepcion, prevencion de its y de cancer de cuello uterino",numero de inyectables trimestrales suministrados,2016-05-01,0,7,43,15,0,65
PALOS BLANCOS,"anticoncepcion, prevencion de its y de cancer de cuello uterino",numero de inyectables trimestrales suministrados,2016-05-01,0,11,51,32,1,95
PAMPA AULLAGAS,"anticoncepcion, prevencion de its y de cancer de cuello uterino",numero de inyectables trimestrales suministrados,2016-05-01,0,0,1,3,0,4
PAMPA GRANDE,"anticoncepcion, prevencion de its y de cancer de cuello uterino",numero de inyectables trimestrales suministrados,2016-05-01,0,3,30,11,0,44
PAPEL PAMPA,"anticoncepcion, prevencion de its y de cancer de cuello uterino",numero de inyectables trimestrales suministrados,2016-05-01,0,3,11,7,0,21
PASORAPA,"anticoncepcion, prevencion de its y de cancer de cuello uterino",numero de inyectables trimestrales suministrados,2016-05-01,0,1,22,6,1,30
PATACAMAYA,"anticoncepcion, prevencion de its y de cancer de cuello uterino",numero de inyectables trimestrales suministrados,2016-05-01,0,6,17,10,0,33
PAZÑA,"anticoncepcion, prevencion de its y de cancer de cuello uterino",numero de inyectables trimestrales suministrados,2016-05-01,0,0,11,4,0,15
PELECHUCO,"anticoncepcion, prevencion de its y de cancer de cuello uterino",numero de inyectables trimestrales suministrados,2016-05-01,0,0,24,11,0,35
POCOATA,"anticoncepcion, prevencion de its y de cancer de cuello uterino",numero de inyectables trimestrales suministrados,2016-05-01,0,2,21,29,0,52
POCONA,"anticoncepcion, prevencion de its y de cancer de cuello uterino",numero de inyectables trimestrales suministrados,2016-05-01,0,10,63,38,0,111
POJO (CBBA),"anticoncepcion, prevencion de its y de cancer de cuello uterino",numero de inyectables trimestrales suministrados,2016-05-01,0,12,43,37,0,92
POOPO,"anticoncepcion, prevencion de its y de cancer de cuello uterino",numero de inyectables trimestrales suministrados,2016-05-01,0,1,11,4,0,16
PORCO,"anticoncepcion, prevencion de its y de cancer de cuello uterino",numero de inyectables trimestrales suministrados,2016-05-01,0,2,12,9,0,23
POROMA,"anticoncepcion, prevencion de its y de cancer de cuello uterino",numero de inyectables trimestrales suministrados,2016-05-01,0,2,6,5,0,13
PORTACHUELO,"anticoncepcion, prevencion de its y de cancer de cuello uterino",numero de inyectables trimestrales suministrados,2016-05-01,0,7,35,8,1,51
PORVENIR,"anticoncepcion, prevencion de its y de cancer de cuello uterino",numero de inyectables trimestrales suministrados,2016-05-01,1,3,19,4,0,27
POSTRER VALLE,"anticoncepcion, prevencion de its y de cancer de cuello uterino",numero de inyectables trimestrales suministrados,2016-05-01,0,1,7,4,0,12
POTOSI,"anticoncepcion, prevencion de its y de cancer de cuello uterino",numero de inyectables trimestrales suministrados,2016-05-01,0,36,476,177,0,689
PRESTO,"anticoncepcion, prevencion de its y de cancer de cuello uterino",numero de inyectables trimestrales suministrados,2016-05-01,0,2,18,16,0,36
PUCARA,"anticoncepcion, prevencion de its y de cancer de cuello uterino",numero de inyectables trimestrales suministrados,2016-05-01,0,0,7,6,0,13
PUCARANI,"anticoncepcion, prevencion de its y de cancer de cuello uterino",numero de inyectables trimestrales suministrados,2016-05-01,0,9,84,48,0,141
PUERTO ACOSTA,"anticoncepcion, prevencion de its y de cancer de cuello uterino",numero de inyectables trimestrales suministrados,2016-05-01,0,1,11,4,0,16
PUERTO CARABUCO,"anticoncepcion, prevencion de its y de cancer de cuello uterino",numero de inyectables trimestrales suministrados,2016-05-01,0,1,21,19,0,41
PUERTO GONZALO MORENO,"anticoncepcion, prevencion de its y de cancer de cuello uterino",numero de inyectables trimestrales suministrados,2016-05-01,0,8,28,7,0,43
PUERTO PEREZ,"anticoncepcion, prevencion de its y de cancer de cuello uterino",numero de inyectables trimestrales suministrados,2016-05-01,0,0,6,8,0,14
PUERTO QUIJARRO,"anticoncepcion, prevencion de its y de cancer de cuello uterino",numero de inyectables trimestrales suministrados,2016-05-01,0,6,14,7,0,27
PUERTO RICO,"anticoncepcion, prevencion de its y de cancer de cuello uterino",numero de inyectables trimestrales suministrados,2016-05-01,0,9,24,4,1,38
PUERTO SILES,"anticoncepcion, prevencion de its y de cancer de cuello uterino",numero de inyectables trimestrales suministrados,2016-05-01,0,0,2,0,0,2
PUERTO SUAREZ,"anticoncepcion, prevencion de its y de cancer de cuello uterino",numero de inyectables trimestrales suministrados,2016-05-01,0,2,8,0,0,10
PUERTO VILLARROEL,"anticoncepcion, prevencion de its y de cancer de cuello uterino",numero de inyectables trimestrales suministrados,2016-05-01,1,20,61,23,0,105
PUNA,"anticoncepcion, prevencion de its y de cancer de cuello uterino",numero de inyectables trimestrales suministrados,2016-05-01,0,3,10,15,0,28
PUNATA,"anticoncepcion, prevencion de its y de cancer de cuello uterino",numero de inyectables trimestrales suministrados,2016-05-01,0,8,59,25,1,93
QUIABAYA,"anticoncepcion, prevencion de its y de cancer de cuello uterino",numero de inyectables trimestrales suministrados,2016-05-01,0,1,3,7,0,11
QUILLACOLLO,"anticoncepcion, prevencion de its y de cancer de cuello uterino",numero de inyectables trimestrales suministrados,2016-05-01,1,31,136,21,0,189
QUIME,"anticoncepcion, prevencion de its y de cancer de cuello uterino",numero de inyectables trimestrales suministrados,2016-05-01,0,1,22,12,1,36
QUIRUSILLAS,"anticoncepcion, prevencion de its y de cancer de cuello uterino",numero de inyectables trimestrales suministrados,2016-05-01,0,2,7,4,0,13
RAVELO,"anticoncepcion, prevencion de its y de cancer de cuello uterino",numero de inyectables trimestrales suministrados,2016-05-01,0,1,44,45,0,90
REYES,"anticoncepcion, prevencion de its y de cancer de cuello uterino",numero de inyectables trimestrales suministrados,2016-05-01,0,3,21,14,0,38
RIBERALTA,"anticoncepcion, prevencion de its y de cancer de cuello uterino",numero de inyectables trimestrales suministrados,2016-05-01,0,44,160,29,0,233
ROBORE,"anticoncepcion, prevencion de its y de cancer de cuello uterino",numero de inyectables trimestrales suministrados,2016-05-01,0,7,36,5,0,48
RURRENABAQUE,"anticoncepcion, prevencion de its y de cancer de cuello uterino",numero de inyectables trimestrales suministrados,2016-05-01,0,5,26,7,0,38
SABAYA,"anticoncepcion, prevencion de its y de cancer de cuello uterino",numero de inyectables trimestrales suministrados,2016-05-01,0,1,10,4,0,15
SACABA,"anticoncepcion, prevencion de its y de cancer de cuello uterino",numero de inyectables trimestrales suministrados,2016-05-01,0,24,167,41,0,232
SACABAMBA,"anticoncepcion, prevencion de its y de cancer de cuello uterino",numero de inyectables trimestrales suministrados,2016-05-01,0,0,9,11,0,20
SACACA,"anticoncepcion, prevencion de its y de cancer de cuello uterino",numero de inyectables trimestrales suministrados,2016-05-01,0,2,24,17,0,43
SAIPINA,"anticoncepcion, prevencion de its y de cancer de cuello uterino",numero de inyectables trimestrales suministrados,2016-05-01,0,1,19,9,0,29
SALINAS DE GARCI MENDOZA,"anticoncepcion, prevencion de its y de cancer de cuello uterino",numero de inyectables trimestrales suministrados,2016-05-01,0,0,13,14,0,27
SAMAIPATA,"anticoncepcion, prevencion de its y de cancer de cuello uterino",numero de inyectables trimestrales suministrados,2016-05-01,0,7,21,11,0,39
SAN AGUSTIN,"anticoncepcion, prevencion de its y de cancer de cuello uterino",numero de inyectables trimestrales suministrados,2016-05-01,0,0,5,0,0,5
SAN ANDRES,"anticoncepcion, prevencion de its y de cancer de cuello uterino",numero de inyectables trimestrales suministrados,2016-05-01,0,4,19,6,0,29
SAN ANDRES DE MACHACA,"anticoncepcion, prevencion de its y de cancer de cuello uterino",numero de inyectables trimestrales suministrados,2016-05-01,0,1,2,1,0,4
SAN ANTONIO DE ESMORUCO,"anticoncepcion, prevencion de its y de cancer de cuello uterino",numero de inyectables trimestrales suministrados,2016-05-01,0,0,1,1,0,2
SAN ANTONIO DE LOMERIO,"anticoncepcion, prevencion de its y de cancer de cuello uterino",numero de inyectables trimestrales suministrados,2016-05-01,0,7,32,38,1,78
SAN BENITO,"anticoncepcion, prevencion de its y de cancer de cuello uterino",numero de inyectables trimestrales suministrados,2016-05-01,0,6,25,11,0,42
SAN BORJA,"anticoncepcion, prevencion de its y de cancer de cuello uterino",numero de inyectables trimestrales suministrados,2016-05-01,2,25,98,40,0,165
SAN BUENA VENTURA,"anticoncepcion, prevencion de its y de cancer de cuello uterino",numero de inyectables trimestrales suministrados,2016-05-01,0,3,19,4,0,26
SAN CARLOS,"anticoncepcion, prevencion de its y de cancer de cuello uterino",numero de inyectables trimestrales suministrados,2016-05-01,0,5,28,12,0,45
SAN IGNACIO,"anticoncepcion, prevencion de its y de cancer de cuello uterino",numero de inyectables trimestrales suministrados,2016-05-01,0,14,67,29,0,110
SAN IGNACIO DE VELASCO,"anticoncepcion, prevencion de its y de cancer de cuello uterino",numero de inyectables trimestrales suministrados,2016-05-01,1,24,101,42,1,169
SAN JAVIER(BNI),"anticoncepcion, prevencion de its y de cancer de cuello uterino",numero de inyectables trimestrales suministrados,2016-05-01,0,0,9,0,0,9
SAN JAVIER(STC),"anticoncepcion, prevencion de its y de cancer de cuello uterino",numero de inyectables trimestrales suministrados,2016-05-01,0,4,36,8,0,48
SAN JOAQUIN,"anticoncepcion, prevencion de its y de cancer de cuello uterino",numero de inyectables trimestrales suministrados,2016-05-01,0,4,0,0,0,4
SAN JOSE DE CHIQUITOS,"anticoncepcion, prevencion de its y de cancer de cuello uterino",numero de inyectables trimestrales suministrados,2016-05-01,1,5,27,5,0,38
SAN JUAN DE YAPACANI,"anticoncepcion, prevencion de its y de cancer de cuello uterino",numero de inyectables trimestrales suministrados,2016-05-01,0,7,30,19,1,57
SAN JULIAN,"anticoncepcion, prevencion de its y de cancer de cuello uterino",numero de inyectables trimestrales suministrados,2016-05-01,1,7,60,34,1,103
SAN LORENZO(PND),"anticoncepcion, prevencion de its y de cancer de cuello uterino",numero de inyectables trimestrales suministrados,2016-05-01,1,0,6,2,0,9
SAN LORENZO(TJA),"anticoncepcion, prevencion de its y de cancer de cuello uterino",numero de inyectables trimestrales suministrados,2016-05-01,1,17,78,29,2,127
SAN LUCAS,"anticoncepcion, prevencion de its y de cancer de cuello uterino",numero de inyectables trimestrales suministrados,2016-05-01,0,8,68,50,0,126
SAN MATIAS,"anticoncepcion, prevencion de its y de cancer de cuello uterino",numero de inyectables trimestrales suministrados,2016-05-01,0,7,22,9,0,38
SAN MIGUEL DE VELASCO,"anticoncepcion, prevencion de its y de cancer de cuello uterino",numero de inyectables trimestrales suministrados,2016-05-01,1,7,41,25,0,74
SAN PABLO DE LIPEZ,"anticoncepcion, prevencion de its y de cancer de cuello uterino",numero de inyectables trimestrales suministrados,2016-05-01,0,1,5,0,0,6
SAN PEDRO,"anticoncepcion, prevencion de its y de cancer de cuello uterino",numero de inyectables trimestrales suministrados,2016-05-01,1,10,35,16,0,62
SAN PEDRO DE BUENA VISTA,"anticoncepcion, prevencion de its y de cancer de cuello uterino",numero de inyectables trimestrales suministrados,2016-05-01,0,5,40,19,0,64
SAN PEDRO DE CURAHUARA,"anticoncepcion, prevencion de its y de cancer de cuello uterino",numero de inyectables trimestrales suministrados,2016-05-01,0,1,6,7,0,14
SAN PEDRO DE QUEMES,"anticoncepcion, prevencion de its y de cancer de cuello uterino",numero de inyectables trimestrales suministrados,2016-05-01,0,0,2,1,0,3
SAN PEDRO DE TIQUINA,"anticoncepcion, prevencion de its y de cancer de cuello uterino",numero de inyectables trimestrales suministrados,2016-05-01,0,1,7,7,0,15
SAN PEDRO(PND),"anticoncepcion, prevencion de its y de cancer de cuello uterino",numero de inyectables trimestrales suministrados,2016-05-01,1,1,4,3,0,9
SAN RAFAEL,"anticoncepcion, prevencion de its y de cancer de cuello uterino",numero de inyectables trimestrales suministrados,2016-05-01,0,5,38,19,0,62
SAN RAMON BENI,"anticoncepcion, prevencion de its y de cancer de cuello uterino",numero de inyectables trimestrales suministrados,2016-05-01,0,0,7,0,0,7
SAN RAMON SCZ,"anticoncepcion, prevencion de its y de cancer de cuello uterino",numero de inyectables trimestrales suministrados,2016-05-01,0,10,29,15,0,54
SANTA ANA,"anticoncepcion, prevencion de its y de cancer de cuello uterino",numero de inyectables trimestrales suministrados,2016-05-01,0,5,10,1,0,16
SANTA CRUZ DE LA SIERRA,"anticoncepcion, prevencion de its y de cancer de cuello uterino",numero de inyectables trimestrales suministrados,2016-05-01,17,124,478,111,4,734
SANTA ROSA,"anticoncepcion, prevencion de its y de cancer de cuello uterino",numero de inyectables trimestrales suministrados,2016-05-01,1,5,26,20,3,55
SANTA ROSA DEL SARA,"anticoncepcion, prevencion de its y de cancer de cuello uterino",numero de inyectables trimestrales suministrados,2016-05-01,0,7,41,20,0,68
SANTIAGO DE CALLAPA,"anticoncepcion, prevencion de its y de cancer de cuello uterino",numero de inyectables trimestrales suministrados,2016-05-01,0,1,1,4,0,6
SANTIAGO DE HUARI,"anticoncepcion, prevencion de its y de cancer de cuello uterino",numero de inyectables trimestrales suministrados,2016-05-01,0,0,11,8,0,19
SANTIAGO DE HUATA,"anticoncepcion, prevencion de its y de cancer de cuello uterino",numero de inyectables trimestrales suministrados,2016-05-01,0,0,7,6,1,14
SANTIAGO DE MACHACA,"anticoncepcion, prevencion de its y de cancer de cuello uterino",numero de inyectables trimestrales suministrados,2016-05-01,0,1,8,5,0,14
SANTIVAÑES,"anticoncepcion, prevencion de its y de cancer de cuello uterino",numero de inyectables trimestrales suministrados,2016-05-01,0,2,24,7,0,33
SANTUARIO DE QUILLACAS,"anticoncepcion, prevencion de its y de cancer de cuello uterino",numero de inyectables trimestrales suministrados,2016-05-01,0,1,10,1,0,12
SAPAHAQUI,"anticoncepcion, prevencion de its y de cancer de cuello uterino",numero de inyectables trimestrales suministrados,2016-05-01,0,2,20,11,0,33
SENA,"anticoncepcion, prevencion de its y de cancer de cuello uterino",numero de inyectables trimestrales suministrados,2016-05-01,0,3,13,2,0,18
SHINAOTA,"anticoncepcion, prevencion de its y de cancer de cuello uterino",numero de inyectables trimestrales suministrados,2016-05-01,0,6,27,13,0,46
SICA SICA (VILLA AROMA),"anticoncepcion, prevencion de its y de cancer de cuello uterino",numero de inyectables trimestrales suministrados,2016-05-01,0,1,46,23,2,72
SICAYA,"anticoncepcion, prevencion de its y de cancer de cuello uterino",numero de inyectables trimestrales suministrados,2016-05-01,0,2,12,7,0,21
SIPE SIPE,"anticoncepcion, prevencion de its y de cancer de cuello uterino",numero de inyectables trimestrales suministrados,2016-05-01,0,22,145,55,1,223
SOPACHUY,"anticoncepcion, prevencion de its y de cancer de cuello uterino",numero de inyectables trimestrales suministrados,2016-05-01,0,2,29,15,0,46
SORACACHI,"anticoncepcion, prevencion de its y de cancer de cuello uterino",numero de inyectables trimestrales suministrados,2016-05-01,0,1,10,6,0,17
SORATA,"anticoncepcion, prevencion de its y de cancer de cuello uterino",numero de inyectables trimestrales suministrados,2016-05-01,0,9,40,21,0,70
SUCRE,"anticoncepcion, prevencion de its y de cancer de cuello uterino",numero de inyectables trimestrales suministrados,2016-05-01,1,56,375,149,4,585
TACACHI,"anticoncepcion, prevencion de its y de cancer de cuello uterino",numero de inyectables trimestrales suministrados,2016-05-01,0,0,2,1,0,3
TACACOMA,"anticoncepcion, prevencion de its y de cancer de cuello uterino",numero de inyectables trimestrales suministrados,2016-05-01,0,4,24,14,0,42
TACOBAMBA,"anticoncepcion, prevencion de its y de cancer de cuello uterino",numero de inyectables trimestrales suministrados,2016-05-01,0,3,15,13,0,31
TACOPAYA,"anticoncepcion, prevencion de its y de cancer de cuello uterino",numero de inyectables trimestrales suministrados,2016-05-01,0,0,11,10,0,21
TAHUA,"anticoncepcion, prevencion de its y de cancer de cuello uterino",numero de inyectables trimestrales suministrados,2016-05-01,0,0,1,0,0,1
TAPACARI,"anticoncepcion, prevencion de its y de cancer de cuello uterino",numero de inyectables trimestrales suministrados,2016-05-01,0,7,44,36,0,87
TARABUCO,"anticoncepcion, prevencion de its y de cancer de cuello uterino",numero de inyectables trimestrales suministrados,2016-05-01,0,5,25,14,0,44
TARACO,"anticoncepcion, prevencion de its y de cancer de cuello uterino",numero de inyectables trimestrales suministrados,2016-05-01,0,3,14,15,0,32
TARATA,"anticoncepcion, prevencion de its y de cancer de cuello uterino",numero de inyectables trimestrales suministrados,2016-05-01,0,0,5,2,0,7
TARIJA,"anticoncepcion, prevencion de its y de cancer de cuello uterino",numero de inyectables trimestrales suministrados,2016-05-01,0,31,162,65,0,258
TARVITA,"anticoncepcion, prevencion de its y de cancer de cuello uterino",numero de inyectables trimestrales suministrados,2016-05-01,2,6,35,21,0,64
TEOPONTE,"anticoncepcion, prevencion de its y de cancer de cuello uterino",numero de inyectables trimestrales suministrados,2016-05-01,0,4,25,9,0,38
TIAWANACU,"anticoncepcion, prevencion de its y de cancer de cuello uterino",numero de inyectables trimestrales suministrados,2016-05-01,0,2,24,17,0,43
TINGUIPAYA,"anticoncepcion, prevencion de its y de cancer de cuello uterino",numero de inyectables trimestrales suministrados,2016-05-01,0,1,5,7,0,13
TIPUANI,"anticoncepcion, prevencion de its y de cancer de cuello uterino",numero de inyectables trimestrales suministrados,2016-05-01,0,0,12,4,0,16
TIQUIPAYA,"anticoncepcion, prevencion de its y de cancer de cuello uterino",numero de inyectables trimestrales suministrados,2016-05-01,1,23,105,19,0,148
TIRAQUE (CBBA),"anticoncepcion, prevencion de its y de cancer de cuello uterino",numero de inyectables trimestrales suministrados,2016-05-01,0,5,47,25,1,78
TITO YUPANQUI (PARQUIPUJIO),"anticoncepcion, prevencion de its y de cancer de cuello uterino",numero de inyectables trimestrales suministrados,2016-05-01,0,0,2,1,0,3
TOCO,"anticoncepcion, prevencion de its y de cancer de cuello uterino",numero de inyectables trimestrales suministrados,2016-05-01,0,1,26,11,0,38
TOLATA,"anticoncepcion, prevencion de its y de cancer de cuello uterino",numero de inyectables trimestrales suministrados,2016-05-01,0,3,11,8,0,22
TOLEDO,"anticoncepcion, prevencion de its y de cancer de cuello uterino",numero de inyectables trimestrales suministrados,2016-05-01,0,0,4,1,0,5
TOMAVE,"anticoncepcion, prevencion de its y de cancer de cuello uterino",numero de inyectables trimestrales suministrados,2016-05-01,0,3,17,13,0,33
TOMINA,"anticoncepcion, prevencion de its y de cancer de cuello uterino",numero de inyectables trimestrales suministrados,2016-05-01,0,5,38,44,0,87
TORO TORO,"anticoncepcion, prevencion de its y de cancer de cuello uterino",numero de inyectables trimestrales suministrados,2016-05-01,0,6,22,9,0,37
TOTORA(CBBA),"anticoncepcion, prevencion de its y de cancer de cuello uterino",numero de inyectables trimestrales suministrados,2016-05-01,0,22,80,32,0,134
TOTORA(ORR),"anticoncepcion, prevencion de its y de cancer de cuello uterino",numero de inyectables trimestrales suministrados,2016-05-01,0,1,16,2,1,20
TRIGAL,"anticoncepcion, prevencion de its y de cancer de cuello uterino",numero de inyectables trimestrales suministrados,2016-05-01,0,1,6,4,1,12
TRINIDAD,"anticoncepcion, prevencion de its y de cancer de cuello uterino",numero de inyectables trimestrales suministrados,2016-05-01,1,4,17,1,0,23
TUPIZA,"anticoncepcion, prevencion de its y de cancer de cuello uterino",numero de inyectables trimestrales suministrados,2016-05-01,0,21,121,68,1,211
TURCO,"anticoncepcion, prevencion de its y de cancer de cuello uterino",numero de inyectables trimestrales suministrados,2016-05-01,0,0,4,7,0,11
UMALA,"anticoncepcion, prevencion de its y de cancer de cuello uterino",numero de inyectables trimestrales suministrados,2016-05-01,0,3,13,7,0,23
UNCIA,"anticoncepcion, prevencion de its y de cancer de cuello uterino",numero de inyectables trimestrales suministrados,2016-05-01,0,8,51,26,0,85
URIONDO (A. CONCEPCION),"anticoncepcion, prevencion de its y de cancer de cuello uterino",numero de inyectables trimestrales suministrados,2016-05-01,0,11,54,23,1,89
URUBICHA,"anticoncepcion, prevencion de its y de cancer de cuello uterino",numero de inyectables trimestrales suministrados,2016-05-01,0,0,4,5,0,9
UYUNI,"anticoncepcion, prevencion de its y de cancer de cuello uterino",numero de inyectables trimestrales suministrados,2016-05-01,0,5,18,11,0,34
VACAS,"anticoncepcion, prevencion de its y de cancer de cuello uterino",numero de inyectables trimestrales suministrados,2016-05-01,0,6,13,20,0,39
VALLEGRANDE,"anticoncepcion, prevencion de its y de cancer de cuello uterino",numero de inyectables trimestrales suministrados,2016-05-01,0,13,53,13,0,79
VIACHA,"anticoncepcion, prevencion de its y de cancer de cuello uterino",numero de inyectables trimestrales suministrados,2016-05-01,0,13,106,39,1,159
VILA VILA,"anticoncepcion, prevencion de its y de cancer de cuello uterino",numero de inyectables trimestrales suministrados,2016-05-01,1,1,7,6,0,15
VILLA CHARCAS,"anticoncepcion, prevencion de its y de cancer de cuello uterino",numero de inyectables trimestrales suministrados,2016-05-01,0,8,40,31,1,80
VILLA MONTES,"anticoncepcion, prevencion de its y de cancer de cuello uterino",numero de inyectables trimestrales suministrados,2016-05-01,0,17,84,35,0,136
VILLA NUEVA (LOMA ALTA),"anticoncepcion, prevencion de its y de cancer de cuello uterino",numero de inyectables trimestrales suministrados,2016-05-01,0,4,4,0,0,8
VILLA RIVERO,"anticoncepcion, prevencion de its y de cancer de cuello uterino",numero de inyectables trimestrales suministrados,2016-05-01,0,4,34,19,0,57
VILLA SERRANO,"anticoncepcion, prevencion de its y de cancer de cuello uterino",numero de inyectables trimestrales suministrados,2016-05-01,0,8,21,17,0,46
VILLA TUNARI,"anticoncepcion, prevencion de its y de cancer de cuello uterino",numero de inyectables trimestrales suministrados,2016-05-01,0,26,264,99,3,392
VILLA VACA GUZMAN (MUYUPAMPA),"anticoncepcion, prevencion de its y de cancer de cuello uterino",numero de inyectables trimestrales suministrados,2016-05-01,1,14,34,25,0,74
VILLAZON,"anticoncepcion, prevencion de its y de cancer de cuello uterino",numero de inyectables trimestrales suministrados,2016-05-01,0,6,98,37,0,141
VINTO,"anticoncepcion, prevencion de its y de cancer de cuello uterino",numero de inyectables trimestrales suministrados,2016-05-01,0,16,76,20,0,112
VITICHI,"anticoncepcion, prevencion de its y de cancer de cuello uterino",numero de inyectables trimestrales suministrados,2016-05-01,0,0,10,14,0,24
WALDO BALLIVIAN,"anticoncepcion, prevencion de its y de cancer de cuello uterino",numero de inyectables trimestrales suministrados,2016-05-01,0,0,3,2,0,5
WARNES,"anticoncepcion, prevencion de its y de cancer de cuello uterino",numero de inyectables trimestrales suministrados,2016-05-01,1,38,189,58,3,289
YACO,"anticoncepcion, prevencion de its y de cancer de cuello uterino",numero de inyectables trimestrales suministrados,2016-05-01,0,1,5,0,0,6
YACUIBA,"anticoncepcion, prevencion de its y de cancer de cuello uterino",numero de inyectables trimestrales suministrados,2016-05-01,1,25,190,93,2,311
YAMPARAEZ,"anticoncepcion, prevencion de its y de cancer de cuello uterino",numero de inyectables trimestrales suministrados,2016-05-01,1,2,17,11,0,31
YANACACHI,"anticoncepcion, prevencion de its y de cancer de cuello uterino",numero de inyectables trimestrales suministrados,2016-05-01,0,0,15,8,0,23
YAPACANI,"anticoncepcion, prevencion de its y de cancer de cuello uterino",numero de inyectables trimestrales suministrados,2016-05-01,0,22,102,33,0,157
YOCALLA,"anticoncepcion, prevencion de its y de cancer de cuello uterino",numero de inyectables trimestrales suministrados,2016-05-01,0,0,14,4,0,18
YOTALA,"anticoncepcion, prevencion de its y de cancer de cuello uterino",numero de inyectables trimestrales suministrados,2016-05-01,0,0,6,5,0,11
YUNCHARA,"anticoncepcion, prevencion de its y de cancer de cuello uterino",numero de inyectables trimestrales suministrados,2016-05-01,0,4,36,25,0,65
ZUDAÑEZ,"anticoncepcion, prevencion de its y de cancer de cuello uterino",numero de inyectables trimestrales suministrados,2016-05-01,0,4,35,19,0,58
ACACIO,"anticoncepcion, prevencion de its y de cancer de cuello uterino",numero de inyectables trimestrales suministrados,2016-06-01,0,1,9,8,0,18
ACHACACHI,"anticoncepcion, prevencion de its y de cancer de cuello uterino",numero de inyectables trimestrales suministrados,2016-06-01,0,8,51,33,2,94
ACHOCALLA,"anticoncepcion, prevencion de its y de cancer de cuello uterino",numero de inyectables trimestrales suministrados,2016-06-01,0,3,39,29,0,71
AIQUILE,"anticoncepcion, prevencion de its y de cancer de cuello uterino",numero de inyectables trimestrales suministrados,2016-06-01,0,4,40,39,0,83
ALALAY,"anticoncepcion, prevencion de its y de cancer de cuello uterino",numero de inyectables trimestrales suministrados,2016-06-01,1,3,4,5,0,13
ALCALA,"anticoncepcion, prevencion de its y de cancer de cuello uterino",numero de inyectables trimestrales suministrados,2016-06-01,0,3,13,11,1,28
ALTO BENI,"anticoncepcion, prevencion de its y de cancer de cuello uterino",numero de inyectables trimestrales suministrados,2016-06-01,0,2,33,11,0,46
ANCORAIMES,"anticoncepcion, prevencion de its y de cancer de cuello uterino",numero de inyectables trimestrales suministrados,2016-06-01,0,1,9,6,0,16
ANDAMARCA,"anticoncepcion, prevencion de its y de cancer de cuello uterino",numero de inyectables trimestrales suministrados,2016-06-01,0,0,8,4,0,12
ANTEQUERA,"anticoncepcion, prevencion de its y de cancer de cuello uterino",numero de inyectables trimestrales suministrados,2016-06-01,0,0,7,2,0,9
ANZALDO,"anticoncepcion, prevencion de its y de cancer de cuello uterino",numero de inyectables trimestrales suministrados,2016-06-01,0,2,16,5,0,23
APOLO,"anticoncepcion, prevencion de its y de cancer de cuello uterino",numero de inyectables trimestrales suministrados,2016-06-01,0,5,30,38,1,74
ARAMPAMPA,"anticoncepcion, prevencion de its y de cancer de cuello uterino",numero de inyectables trimestrales suministrados,2016-06-01,0,1,5,2,0,8
ARANI,"anticoncepcion, prevencion de its y de cancer de cuello uterino",numero de inyectables trimestrales suministrados,2016-06-01,0,2,15,7,0,24
ARBIETO,"anticoncepcion, prevencion de its y de cancer de cuello uterino",numero de inyectables trimestrales suministrados,2016-06-01,0,14,50,19,1,84
ARQUE,"anticoncepcion, prevencion de its y de cancer de cuello uterino",numero de inyectables trimestrales suministrados,2016-06-01,0,8,36,35,0,79
ASCENCION DE GUARAYOS,"anticoncepcion, prevencion de its y de cancer de cuello uterino",numero de inyectables trimestrales suministrados,2016-06-01,0,8,45,15,0,68
ATOCHA,"anticoncepcion, prevencion de its y de cancer de cuello uterino",numero de inyectables trimestrales suministrados,2016-06-01,0,3,30,13,0,46
AUCAPATA,"anticoncepcion, prevencion de its y de cancer de cuello uterino",numero de inyectables trimestrales suministrados,2016-06-01,0,2,11,15,0,28
AYATA,"anticoncepcion, prevencion de its y de cancer de cuello uterino",numero de inyectables trimestrales suministrados,2016-06-01,0,1,22,21,0,44
AYO AYO,"anticoncepcion, prevencion de its y de cancer de cuello uterino",numero de inyectables trimestrales suministrados,2016-06-01,0,1,16,8,0,25
AYOPAYA (V. DE INDEPENDENCIA),"anticoncepcion, prevencion de its y de cancer de cuello uterino",numero de inyectables trimestrales suministrados,2016-06-01,0,4,80,55,0,139
AZURDUY,"anticoncepcion, prevencion de its y de cancer de cuello uterino",numero de inyectables trimestrales suministrados,2016-06-01,0,9,52,35,0,96
BATALLAS,"anticoncepcion, prevencion de its y de cancer de cuello uterino",numero de inyectables trimestrales suministrados,2016-06-01,0,2,27,21,0,50
BAURES,"anticoncepcion, prevencion de its y de cancer de cuello uterino",numero de inyectables trimestrales suministrados,2016-06-01,0,0,3,0,0,3
BELEN DE ANDAMARCA,"anticoncepcion, prevencion de its y de cancer de cuello uterino",numero de inyectables trimestrales suministrados,2016-06-01,0,0,3,2,0,5
BELEN DE URMIRI,"anticoncepcion, prevencion de its y de cancer de cuello uterino",numero de inyectables trimestrales suministrados,2016-06-01,0,0,2,1,0,3
BELLA FLOR,"anticoncepcion, prevencion de its y de cancer de cuello uterino",numero de inyectables trimestrales suministrados,2016-06-01,0,3,8,11,0,22
BERMEJO,"anticoncepcion, prevencion de its y de cancer de cuello uterino",numero de inyectables trimestrales suministrados,2016-06-01,0,16,78,38,1,133
BETANZOS,"anticoncepcion, prevencion de its y de cancer de cuello uterino",numero de inyectables trimestrales suministrados,2016-06-01,0,7,58,61,0,126
BOLIVAR,"anticoncepcion, prevencion de its y de cancer de cuello uterino",numero de inyectables trimestrales suministrados,2016-06-01,0,0,13,6,0,19
BOLPEBRA,"anticoncepcion, prevencion de its y de cancer de cuello uterino",numero de inyectables trimestrales suministrados,2016-06-01,2,0,7,3,0,12
BOYUIBE,"anticoncepcion, prevencion de its y de cancer de cuello uterino",numero de inyectables trimestrales suministrados,2016-06-01,0,2,10,2,0,14
BUENA VISTA,"anticoncepcion, prevencion de its y de cancer de cuello uterino",numero de inyectables trimestrales suministrados,2016-06-01,1,5,25,15,0,46
CABEZAS,"anticoncepcion, prevencion de its y de cancer de cuello uterino",numero de inyectables trimestrales suministrados,2016-06-01,0,15,94,23,0,132
CAIROMA,"anticoncepcion, prevencion de its y de cancer de cuello uterino",numero de inyectables trimestrales suministrados,2016-06-01,0,7,19,12,0,38
"CAIZA ""D""","anticoncepcion, prevencion de its y de cancer de cuello uterino",numero de inyectables trimestrales suministrados,2016-06-01,0,0,13,10,0,23
CAJUATA,"anticoncepcion, prevencion de its y de cancer de cuello uterino",numero de inyectables trimestrales suministrados,2016-06-01,1,1,30,17,0,49
CALACOTO,"anticoncepcion, prevencion de its y de cancer de cuello uterino",numero de inyectables trimestrales suministrados,2016-06-01,0,1,6,3,0,10
CALAMARCA,"anticoncepcion, prevencion de its y de cancer de cuello uterino",numero de inyectables trimestrales suministrados,2016-06-01,0,5,31,14,0,50
CAMARGO,"anticoncepcion, prevencion de its y de cancer de cuello uterino",numero de inyectables trimestrales suministrados,2016-06-01,0,3,23,20,0,46
CAMATAQUI (C. VILLA ABECIA),"anticoncepcion, prevencion de its y de cancer de cuello uterino",numero de inyectables trimestrales suministrados,2016-06-01,0,0,6,10,0,16
CAMIRI,"anticoncepcion, prevencion de its y de cancer de cuello uterino",numero de inyectables trimestrales suministrados,2016-06-01,0,6,34,18,0,58
CAPINOTA,"anticoncepcion, prevencion de its y de cancer de cuello uterino",numero de inyectables trimestrales suministrados,2016-06-01,0,7,45,23,0,75
CAQUIAVIRI,"anticoncepcion, prevencion de its y de cancer de cuello uterino",numero de inyectables trimestrales suministrados,2016-06-01,0,3,12,6,0,21
CARACOLLO,"anticoncepcion, prevencion de its y de cancer de cuello uterino",numero de inyectables trimestrales suministrados,2016-06-01,0,8,29,15,0,52
CARANAVI,"anticoncepcion, prevencion de its y de cancer de cuello uterino",numero de inyectables trimestrales suministrados,2016-06-01,0,8,93,38,1,140
CARAPARI,"anticoncepcion, prevencion de its y de cancer de cuello uterino",numero de inyectables trimestrales suministrados,2016-06-01,0,3,40,17,0,60
CARIPUYO,"anticoncepcion, prevencion de its y de cancer de cuello uterino",numero de inyectables trimestrales suministrados,2016-06-01,0,0,12,9,0,21
CARMEN RIVERO TORREZ,"anticoncepcion, prevencion de its y de cancer de cuello uterino",numero de inyectables trimestrales suministrados,2016-06-01,0,2,5,1,0,8
CATACORA,"anticoncepcion, prevencion de its y de cancer de cuello uterino",numero de inyectables trimestrales suministrados,2016-06-01,0,1,3,3,0,7
CHACARILLA,"anticoncepcion, prevencion de its y de cancer de cuello uterino",numero de inyectables trimestrales suministrados,2016-06-01,0,0,3,2,0,5
CHALLAPATA,"anticoncepcion, prevencion de its y de cancer de cuello uterino",numero de inyectables trimestrales suministrados,2016-06-01,0,4,48,13,1,66
CHAQUI,"anticoncepcion, prevencion de its y de cancer de cuello uterino",numero de inyectables trimestrales suministrados,2016-06-01,0,0,21,11,0,32
CHARAGUA,"anticoncepcion, prevencion de its y de cancer de cuello uterino",numero de inyectables trimestrales suministrados,2016-06-01,0,5,36,16,0,57
CHARAÑA,"anticoncepcion, prevencion de its y de cancer de cuello uterino",numero de inyectables trimestrales suministrados,2016-06-01,0,0,4,0,0,4
CHAYANTA,"anticoncepcion, prevencion de its y de cancer de cuello uterino",numero de inyectables trimestrales suministrados,2016-06-01,0,1,42,27,1,71
CHIMORE,"anticoncepcion, prevencion de its y de cancer de cuello uterino",numero de inyectables trimestrales suministrados,2016-06-01,1,3,46,17,0,67
CHIPAYA,"anticoncepcion, prevencion de its y de cancer de cuello uterino",numero de inyectables trimestrales suministrados,2016-06-01,0,5,13,5,0,23
CHOQUE COTA,"anticoncepcion, prevencion de its y de cancer de cuello uterino",numero de inyectables trimestrales suministrados,2016-06-01,0,0,1,3,0,4
CHUA COCANI,"anticoncepcion, prevencion de its y de cancer de cuello uterino",numero de inyectables trimestrales suministrados,2016-06-01,0,0,4,6,0,10
CHULUMANI (V. DE LA LIBERTAD),"anticoncepcion, prevencion de its y de cancer de cuello uterino",numero de inyectables trimestrales suministrados,2016-06-01,0,8,45,16,1,70
CHUMA,"anticoncepcion, prevencion de its y de cancer de cuello uterino",numero de inyectables trimestrales suministrados,2016-06-01,0,3,28,21,0,52
CHUQUIHUTA AYLLU JUCUMANI,"anticoncepcion, prevencion de its y de cancer de cuello uterino",numero de inyectables trimestrales suministrados,2016-06-01,0,1,23,10,0,34
CKOCHAS,"anticoncepcion, prevencion de its y de cancer de cuello uterino",numero de inyectables trimestrales suministrados,2016-06-01,0,3,26,31,0,60
CLIZA,"anticoncepcion, prevencion de its y de cancer de cuello uterino",numero de inyectables trimestrales suministrados,2016-06-01,0,10,45,23,0,78
COBIJA,"anticoncepcion, prevencion de its y de cancer de cuello uterino",numero de inyectables trimestrales suministrados,2016-06-01,0,25,84,17,0,126
COCAPATA,"anticoncepcion, prevencion de its y de cancer de cuello uterino",numero de inyectables trimestrales suministrados,2016-06-01,0,4,47,41,0,92
COCHABAMBA,"anticoncepcion, prevencion de its y de cancer de cuello uterino",numero de inyectables trimestrales suministrados,2016-06-01,0,20,241,67,0,328
COIPASA,"anticoncepcion, prevencion de its y de cancer de cuello uterino",numero de inyectables trimestrales suministrados,2016-06-01,0,0,2,1,0,3
COLCAPIRHUA,"anticoncepcion, prevencion de its y de cancer de cuello uterino",numero de inyectables trimestrales suministrados,2016-06-01,0,8,34,5,0,47
"COLCHA ""K""","anticoncepcion, prevencion de its y de cancer de cuello uterino",numero de inyectables trimestrales suministrados,2016-06-01,0,6,46,19,2,73
COLLANA,"anticoncepcion, prevencion de its y de cancer de cuello uterino",numero de inyectables trimestrales suministrados,2016-06-01,0,1,14,6,0,21
COLOMI,"anticoncepcion, prevencion de its y de cancer de cuello uterino",numero de inyectables trimestrales suministrados,2016-06-01,0,9,53,18,0,80
COLPA BELGICA,"anticoncepcion, prevencion de its y de cancer de cuello uterino",numero de inyectables trimestrales suministrados,2016-06-01,0,1,16,0,0,17
COLQUECHACA,"anticoncepcion, prevencion de its y de cancer de cuello uterino",numero de inyectables trimestrales suministrados,2016-06-01,0,6,60,33,2,101
COLQUENCHA,"anticoncepcion, prevencion de its y de cancer de cuello uterino",numero de inyectables trimestrales suministrados,2016-06-01,0,1,28,15,0,44
COLQUIRI,"anticoncepcion, prevencion de its y de cancer de cuello uterino",numero de inyectables trimestrales suministrados,2016-06-01,0,6,28,16,0,50
COMANCHE,"anticoncepcion, prevencion de its y de cancer de cuello uterino",numero de inyectables trimestrales suministrados,2016-06-01,0,0,3,2,0,5
COMARAPA,"anticoncepcion, prevencion de its y de cancer de cuello uterino",numero de inyectables trimestrales suministrados,2016-06-01,0,11,81,34,1,127
COMBAYA,"anticoncepcion, prevencion de its y de cancer de cuello uterino",numero de inyectables trimestrales suministrados,2016-06-01,0,0,3,2,0,5
CONCEPCION,"anticoncepcion, prevencion de its y de cancer de cuello uterino",numero de inyectables trimestrales suministrados,2016-06-01,0,5,30,10,0,45
COPACABANA,"anticoncepcion, prevencion de its y de cancer de cuello uterino",numero de inyectables trimestrales suministrados,2016-06-01,0,2,31,23,0,56
CORIPATA,"anticoncepcion, prevencion de its y de cancer de cuello uterino",numero de inyectables trimestrales suministrados,2016-06-01,0,2,41,20,0,63
CORO CORO,"anticoncepcion, prevencion de its y de cancer de cuello uterino",numero de inyectables trimestrales suministrados,2016-06-01,0,1,14,5,1,21
COROICO,"anticoncepcion, prevencion de its y de cancer de cuello uterino",numero de inyectables trimestrales suministrados,2016-06-01,0,3,20,3,0,26
CORQUE,"anticoncepcion, prevencion de its y de cancer de cuello uterino",numero de inyectables trimestrales suministrados,2016-06-01,0,1,5,4,0,10
COTAGAITA,"anticoncepcion, prevencion de its y de cancer de cuello uterino",numero de inyectables trimestrales suministrados,2016-06-01,2,1,60,36,0,99
COTOCA,"anticoncepcion, prevencion de its y de cancer de cuello uterino",numero de inyectables trimestrales suministrados,2016-06-01,0,29,108,45,0,182
CUATRO CAÑADAS,"anticoncepcion, prevencion de its y de cancer de cuello uterino",numero de inyectables trimestrales suministrados,2016-06-01,0,3,32,18,0,53
CUCHUMUELA (V. G. VILLARROEL),"anticoncepcion, prevencion de its y de cancer de cuello uterino",numero de inyectables trimestrales suministrados,2016-06-01,0,1,9,6,0,16
CUEVO,"anticoncepcion, prevencion de its y de cancer de cuello uterino",numero de inyectables trimestrales suministrados,2016-06-01,0,1,20,10,0,31
CULPINA,"anticoncepcion, prevencion de its y de cancer de cuello uterino",numero de inyectables trimestrales suministrados,2016-06-01,0,9,55,34,0,98
CURAHUARA DE CARANGAS,"anticoncepcion, prevencion de its y de cancer de cuello uterino",numero de inyectables trimestrales suministrados,2016-06-01,0,1,14,9,1,25
CURVA,"anticoncepcion, prevencion de its y de cancer de cuello uterino",numero de inyectables trimestrales suministrados,2016-06-01,0,0,3,3,0,6
DESAGUADERO,"anticoncepcion, prevencion de its y de cancer de cuello uterino",numero de inyectables trimestrales suministrados,2016-06-01,0,0,16,5,0,21
EL ALTO,"anticoncepcion, prevencion de its y de cancer de cuello uterino",numero de inyectables trimestrales suministrados,2016-06-01,1,51,630,327,1,1010
EL CHORO,"anticoncepcion, prevencion de its y de cancer de cuello uterino",numero de inyectables trimestrales suministrados,2016-06-01,0,0,10,2,0,12
EL PUENTE(STC),"anticoncepcion, prevencion de its y de cancer de cuello uterino",numero de inyectables trimestrales suministrados,2016-06-01,4,19,32,16,0,71
EL PUENTE(TJA),"anticoncepcion, prevencion de its y de cancer de cuello uterino",numero de inyectables trimestrales suministrados,2016-06-01,0,9,55,26,0,90
EL TORNO,"anticoncepcion, prevencion de its y de cancer de cuello uterino",numero de inyectables trimestrales suministrados,2016-06-01,9,29,126,42,0,206
EL VILLAR,"anticoncepcion, prevencion de its y de cancer de cuello uterino",numero de inyectables trimestrales suministrados,2016-06-01,0,1,9,12,1,23
ENTRE RIOS TRJ,"anticoncepcion, prevencion de its y de cancer de cuello uterino",numero de inyectables trimestrales suministrados,2016-06-01,2,24,93,46,0,165
ENTRE RIOS CBBA,"anticoncepcion, prevencion de its y de cancer de cuello uterino",numero de inyectables trimestrales suministrados,2016-06-01,0,11,68,21,0,100
ESCOMA,"anticoncepcion, prevencion de its y de cancer de cuello uterino",numero de inyectables trimestrales suministrados,2016-06-01,0,1,3,1,0,5
EUCALIPTUS,"anticoncepcion, prevencion de its y de cancer de cuello uterino",numero de inyectables trimestrales suministrados,2016-06-01,0,1,7,5,0,13
EUREKA (SANTOS MERCADO),"anticoncepcion, prevencion de its y de cancer de cuello uterino",numero de inyectables trimestrales suministrados,2016-06-01,0,1,10,0,0,11
EXALTACION,"anticoncepcion, prevencion de its y de cancer de cuello uterino",numero de inyectables trimestrales suministrados,2016-06-01,1,0,4,0,0,5
FERNANDEZ ALONSO,"anticoncepcion, prevencion de its y de cancer de cuello uterino",numero de inyectables trimestrales suministrados,2016-06-01,0,10,45,18,1,74
FILADELFIA,"anticoncepcion, prevencion de its y de cancer de cuello uterino",numero de inyectables trimestrales suministrados,2016-06-01,0,2,12,5,0,19
GENERAL SAAVEDRA,"anticoncepcion, prevencion de its y de cancer de cuello uterino",numero de inyectables trimestrales suministrados,2016-06-01,0,10,59,26,1,96
GRAL. J.J. PEREZ (CHARAZANI),"anticoncepcion, prevencion de its y de cancer de cuello uterino",numero de inyectables trimestrales suministrados,2016-06-01,0,0,15,8,0,23
GUANAY,"anticoncepcion, prevencion de its y de cancer de cuello uterino",numero de inyectables trimestrales suministrados,2016-06-01,0,1,18,3,0,22
GUAQUI,"anticoncepcion, prevencion de its y de cancer de cuello uterino",numero de inyectables trimestrales suministrados,2016-06-01,0,2,8,7,0,17
GUAYARAMERIN,"anticoncepcion, prevencion de its y de cancer de cuello uterino",numero de inyectables trimestrales suministrados,2016-06-01,1,23,56,10,0,90
GUTIERREZ,"anticoncepcion, prevencion de its y de cancer de cuello uterino",numero de inyectables trimestrales suministrados,2016-06-01,0,0,28,9,0,37
HUACARETA,"anticoncepcion, prevencion de its y de cancer de cuello uterino",numero de inyectables trimestrales suministrados,2016-06-01,0,5,23,8,0,36
HUACAYA (VILLA DE HUACAYA),"anticoncepcion, prevencion de its y de cancer de cuello uterino",numero de inyectables trimestrales suministrados,2016-06-01,0,4,6,2,0,12
HUACHACALLA,"anticoncepcion, prevencion de its y de cancer de cuello uterino",numero de inyectables trimestrales suministrados,2016-06-01,0,0,3,2,0,5
HUANUNI,"anticoncepcion, prevencion de its y de cancer de cuello uterino",numero de inyectables trimestrales suministrados,2016-06-01,0,0,11,2,0,13
HUARACAJE,"anticoncepcion, prevencion de its y de cancer de cuello uterino",numero de inyectables trimestrales suministrados,2016-06-01,0,2,9,2,0,13
HUARINA,"anticoncepcion, prevencion de its y de cancer de cuello uterino",numero de inyectables trimestrales suministrados,2016-06-01,0,4,5,5,0,14
HUATAJATA,"anticoncepcion, prevencion de its y de cancer de cuello uterino",numero de inyectables trimestrales suministrados,2016-06-01,0,0,2,2,0,4
HUAYLLAMARCA,"anticoncepcion, prevencion de its y de cancer de cuello uterino",numero de inyectables trimestrales suministrados,2016-06-01,0,2,9,10,0,21
HUMANATA,"anticoncepcion, prevencion de its y de cancer de cuello uterino",numero de inyectables trimestrales suministrados,2016-06-01,0,1,3,6,0,10
ICHOCA,"anticoncepcion, prevencion de its y de cancer de cuello uterino",numero de inyectables trimestrales suministrados,2016-06-01,0,1,3,3,0,7
ICLA,"anticoncepcion, prevencion de its y de cancer de cuello uterino",numero de inyectables trimestrales suministrados,2016-06-01,0,1,15,22,0,38
INCAHUASI,"anticoncepcion, prevencion de its y de cancer de cuello uterino",numero de inyectables trimestrales suministrados,2016-06-01,0,7,41,23,0,71
INQUISIVI,"anticoncepcion, prevencion de its y de cancer de cuello uterino",numero de inyectables trimestrales suministrados,2016-06-01,1,3,24,14,1,43
IRUPANA (VILLA DE LANZA),"anticoncepcion, prevencion de its y de cancer de cuello uterino",numero de inyectables trimestrales suministrados,2016-06-01,0,6,45,22,0,73
IXIAMAS,"anticoncepcion, prevencion de its y de cancer de cuello uterino",numero de inyectables trimestrales suministrados,2016-06-01,0,5,23,6,0,34
JESUS DE MACHACA,"anticoncepcion, prevencion de its y de cancer de cuello uterino",numero de inyectables trimestrales suministrados,2016-06-01,0,2,16,13,0,31
LA ASUNTA,"anticoncepcion, prevencion de its y de cancer de cuello uterino",numero de inyectables trimestrales suministrados,2016-06-01,0,9,112,36,0,157
LA GUARDIA,"anticoncepcion, prevencion de its y de cancer de cuello uterino",numero de inyectables trimestrales suministrados,2016-06-01,0,17,69,16,0,102
LA PAZ,"anticoncepcion, prevencion de its y de cancer de cuello uterino",numero de inyectables trimestrales suministrados,2016-06-01,0,41,386,470,2,899
LA RIVERA,"anticoncepcion, prevencion de its y de cancer de cuello uterino",numero de inyectables trimestrales suministrados,2016-06-01,0,0,2,0,0,2
LAGUNILLAS,"anticoncepcion, prevencion de its y de cancer de cuello uterino",numero de inyectables trimestrales suministrados,2016-06-01,0,0,20,8,0,28
LAJA,"anticoncepcion, prevencion de its y de cancer de cuello uterino",numero de inyectables trimestrales suministrados,2016-06-01,0,4,29,12,1,46
LAS CARRERAS,"anticoncepcion, prevencion de its y de cancer de cuello uterino",numero de inyectables trimestrales suministrados,2016-06-01,0,0,8,6,0,14
LICOMA PAMPA,"anticoncepcion, prevencion de its y de cancer de cuello uterino",numero de inyectables trimestrales suministrados,2016-06-01,1,3,10,5,0,19
LLALLAGUA,"anticoncepcion, prevencion de its y de cancer de cuello uterino",numero de inyectables trimestrales suministrados,2016-06-01,1,11,102,21,0,135
LLICA,"anticoncepcion, prevencion de its y de cancer de cuello uterino",numero de inyectables trimestrales suministrados,2016-06-01,1,3,17,1,0,22
LORETO,"anticoncepcion, prevencion de its y de cancer de cuello uterino",numero de inyectables trimestrales suministrados,2016-06-01,0,2,5,3,0,10
LURIBAY,"anticoncepcion, prevencion de its y de cancer de cuello uterino",numero de inyectables trimestrales suministrados,2016-06-01,1,3,25,16,1,46
MACHACAMARCA,"anticoncepcion, prevencion de its y de cancer de cuello uterino",numero de inyectables trimestrales suministrados,2016-06-01,0,0,3,1,0,4
MACHARETI,"anticoncepcion, prevencion de its y de cancer de cuello uterino",numero de inyectables trimestrales suministrados,2016-06-01,0,5,39,14,0,58
MAGDALENA,"anticoncepcion, prevencion de its y de cancer de cuello uterino",numero de inyectables trimestrales suministrados,2016-06-01,0,11,20,7,0,38
MAIRANA,"anticoncepcion, prevencion de its y de cancer de cuello uterino",numero de inyectables trimestrales suministrados,2016-06-01,0,10,27,14,0,51
MALLA,"anticoncepcion, prevencion de its y de cancer de cuello uterino",numero de inyectables trimestrales suministrados,2016-06-01,0,0,7,3,0,10
MAPIRI,"anticoncepcion, prevencion de its y de cancer de cuello uterino",numero de inyectables trimestrales suministrados,2016-06-01,0,3,23,8,0,34
MECAPACA,"anticoncepcion, prevencion de its y de cancer de cuello uterino",numero de inyectables trimestrales suministrados,2016-06-01,0,0,28,16,0,44
MINEROS,"anticoncepcion, prevencion de its y de cancer de cuello uterino",numero de inyectables trimestrales suministrados,2016-06-01,1,13,62,20,0,96
MIZQUE,"anticoncepcion, prevencion de its y de cancer de cuello uterino",numero de inyectables trimestrales suministrados,2016-06-01,0,16,83,42,0,141
MOCOMOCO,"anticoncepcion, prevencion de its y de cancer de cuello uterino",numero de inyectables trimestrales suministrados,2016-06-01,0,0,16,19,0,35
MOJOCOYA,"anticoncepcion, prevencion de its y de cancer de cuello uterino",numero de inyectables trimestrales suministrados,2016-06-01,0,2,20,22,0,44
MONTEAGUDO,"anticoncepcion, prevencion de its y de cancer de cuello uterino",numero de inyectables trimestrales suministrados,2016-06-01,1,15,57,34,0,107
MONTERO,"anticoncepcion, prevencion de its y de cancer de cuello uterino",numero de inyectables trimestrales suministrados,2016-06-01,3,28,131,38,0,200
MORO MORO,"anticoncepcion, prevencion de its y de cancer de cuello uterino",numero de inyectables trimestrales suministrados,2016-06-01,0,5,11,5,0,21
MOROCHATA,"anticoncepcion, prevencion de its y de cancer de cuello uterino",numero de inyectables trimestrales suministrados,2016-06-01,0,6,30,33,0,69
NACEBE (SANTA ROSA DEL ABUNA),"anticoncepcion, prevencion de its y de cancer de cuello uterino",numero de inyectables trimestrales suministrados,2016-06-01,0,5,9,5,0,19
NAZACARA DE PACAJES,"anticoncepcion, prevencion de its y de cancer de cuello uterino",numero de inyectables trimestrales suministrados,2016-06-01,0,0,2,0,0,2
NUEVO MANOA (NUEVA ESPERANZA),"anticoncepcion, prevencion de its y de cancer de cuello uterino",numero de inyectables trimestrales suministrados,2016-06-01,0,5,5,0,0,10
OCURI,"anticoncepcion, prevencion de its y de cancer de cuello uterino",numero de inyectables trimestrales suministrados,2016-06-01,0,3,34,22,0,59
OKINAWA,"anticoncepcion, prevencion de its y de cancer de cuello uterino",numero de inyectables trimestrales suministrados,2016-06-01,0,3,29,11,0,43
OMEREQUE,"anticoncepcion, prevencion de its y de cancer de cuello uterino",numero de inyectables trimestrales suministrados,2016-06-01,0,4,21,12,1,38
ORURO,"anticoncepcion, prevencion de its y de cancer de cuello uterino",numero de inyectables trimestrales suministrados,2016-06-01,1,39,513,157,2,712
PADCAYA,"anticoncepcion, prevencion de its y de cancer de cuello uterino",numero de inyectables trimestrales suministrados,2016-06-01,1,15,105,80,5,206
PADILLA,"anticoncepcion, prevencion de its y de cancer de cuello uterino",numero de inyectables trimestrales suministrados,2016-06-01,0,6,43,31,1,81
PAILON,"anticoncepcion, prevencion de its y de cancer de cuello uterino",numero de inyectables trimestrales suministrados,2016-06-01,0,3,11,3,0,17
PALCA,"anticoncepcion, prevencion de its y de cancer de cuello uterino",numero de inyectables trimestrales suministrados,2016-06-01,0,4,42,12,0,58
PALOS BLANCOS,"anticoncepcion, prevencion de its y de cancer de cuello uterino",numero de inyectables trimestrales suministrados,2016-06-01,0,6,57,26,1,90
PAMPA AULLAGAS,"anticoncepcion, prevencion de its y de cancer de cuello uterino",numero de inyectables trimestrales suministrados,2016-06-01,0,0,1,1,1,3
PAMPA GRANDE,"anticoncepcion, prevencion de its y de cancer de cuello uterino",numero de inyectables trimestrales suministrados,2016-06-01,0,4,22,8,3,37
PAPEL PAMPA,"anticoncepcion, prevencion de its y de cancer de cuello uterino",numero de inyectables trimestrales suministrados,2016-06-01,0,2,14,9,0,25
PASORAPA,"anticoncepcion, prevencion de its y de cancer de cuello uterino",numero de inyectables trimestrales suministrados,2016-06-01,0,4,15,13,0,32
PATACAMAYA,"anticoncepcion, prevencion de its y de cancer de cuello uterino",numero de inyectables trimestrales suministrados,2016-06-01,0,1,22,9,0,32
PAZÑA,"anticoncepcion, prevencion de its y de cancer de cuello uterino",numero de inyectables trimestrales suministrados,2016-06-01,0,0,3,1,0,4
PELECHUCO,"anticoncepcion, prevencion de its y de cancer de cuello uterino",numero de inyectables trimestrales suministrados,2016-06-01,0,2,20,2,0,24
POCOATA,"anticoncepcion, prevencion de its y de cancer de cuello uterino",numero de inyectables trimestrales suministrados,2016-06-01,0,3,22,32,0,57
POCONA,"anticoncepcion, prevencion de its y de cancer de cuello uterino",numero de inyectables trimestrales suministrados,2016-06-01,0,8,70,40,2,120
POJO (CBBA),"anticoncepcion, prevencion de its y de cancer de cuello uterino",numero de inyectables trimestrales suministrados,2016-06-01,0,4,64,24,0,92
POOPO,"anticoncepcion, prevencion de its y de cancer de cuello uterino",numero de inyectables trimestrales suministrados,2016-06-01,0,0,4,3,0,7
PORCO,"anticoncepcion, prevencion de its y de cancer de cuello uterino",numero de inyectables trimestrales suministrados,2016-06-01,0,3,11,10,0,24
POROMA,"anticoncepcion, prevencion de its y de cancer de cuello uterino",numero de inyectables trimestrales suministrados,2016-06-01,0,2,24,17,1,44
PORONGO,"anticoncepcion, prevencion de its y de cancer de cuello uterino",numero de inyectables trimestrales suministrados,2016-06-01,0,0,7,2,0,9
PORTACHUELO,"anticoncepcion, prevencion de its y de cancer de cuello uterino",numero de inyectables trimestrales suministrados,2016-06-01,0,14,28,14,0,56
PORVENIR,"anticoncepcion, prevencion de its y de cancer de cuello uterino",numero de inyectables trimestrales suministrados,2016-06-01,0,6,22,7,0,35
POSTRER VALLE,"anticoncepcion, prevencion de its y de cancer de cuello uterino",numero de inyectables trimestrales suministrados,2016-06-01,0,0,5,2,0,7
POTOSI,"anticoncepcion, prevencion de its y de cancer de cuello uterino",numero de inyectables trimestrales suministrados,2016-06-01,0,33,498,186,0,717
PRESTO,"anticoncepcion, prevencion de its y de cancer de cuello uterino",numero de inyectables trimestrales suministrados,2016-06-01,1,6,20,14,0,41
PUCARA,"anticoncepcion, prevencion de its y de cancer de cuello uterino",numero de inyectables trimestrales suministrados,2016-06-01,0,2,4,3,0,9
PUCARANI,"anticoncepcion, prevencion de its y de cancer de cuello uterino",numero de inyectables trimestrales suministrados,2016-06-01,0,8,66,40,1,115
PUERTO ACOSTA,"anticoncepcion, prevencion de its y de cancer de cuello uterino",numero de inyectables trimestrales suministrados,2016-06-01,0,1,6,3,0,10
PUERTO CARABUCO,"anticoncepcion, prevencion de its y de cancer de cuello uterino",numero de inyectables trimestrales suministrados,2016-06-01,0,2,19,7,0,28
PUERTO GONZALO MORENO,"anticoncepcion, prevencion de its y de cancer de cuello uterino",numero de inyectables trimestrales suministrados,2016-06-01,0,11,26,10,1,48
PUERTO PEREZ,"anticoncepcion, prevencion de its y de cancer de cuello uterino",numero de inyectables trimestrales suministrados,2016-06-01,0,0,3,5,0,8
PUERTO QUIJARRO,"anticoncepcion, prevencion de its y de cancer de cuello uterino",numero de inyectables trimestrales suministrados,2016-06-01,0,8,17,0,0,25
PUERTO RICO,"anticoncepcion, prevencion de its y de cancer de cuello uterino",numero de inyectables trimestrales suministrados,2016-06-01,1,8,43,6,0,58
PUERTO SILES,"anticoncepcion, prevencion de its y de cancer de cuello uterino",numero de inyectables trimestrales suministrados,2016-06-01,0,0,1,0,0,1
PUERTO SUAREZ,"anticoncepcion, prevencion de its y de cancer de cuello uterino",numero de inyectables trimestrales suministrados,2016-06-01,0,5,23,6,0,34
PUERTO VILLARROEL,"anticoncepcion, prevencion de its y de cancer de cuello uterino",numero de inyectables trimestrales suministrados,2016-06-01,0,18,88,41,0,147
PUNA,"anticoncepcion, prevencion de its y de cancer de cuello uterino",numero de inyectables trimestrales suministrados,2016-06-01,0,2,23,15,0,40
PUNATA,"anticoncepcion, prevencion de its y de cancer de cuello uterino",numero de inyectables trimestrales suministrados,2016-06-01,0,4,78,22,0,104
QUIABAYA,"anticoncepcion, prevencion de its y de cancer de cuello uterino",numero de inyectables trimestrales suministrados,2016-06-01,0,2,9,3,0,14
QUILLACOLLO,"anticoncepcion, prevencion de its y de cancer de cuello uterino",numero de inyectables trimestrales suministrados,2016-06-01,0,29,195,45,0,269
QUIME,"anticoncepcion, prevencion de its y de cancer de cuello uterino",numero de inyectables trimestrales suministrados,2016-06-01,0,3,21,7,1,32
QUIRUSILLAS,"anticoncepcion, prevencion de its y de cancer de cuello uterino",numero de inyectables trimestrales suministrados,2016-06-01,0,1,8,5,0,14
RAVELO,"anticoncepcion, prevencion de its y de cancer de cuello uterino",numero de inyectables trimestrales suministrados,2016-06-01,1,4,44,38,0,87
REYES,"anticoncepcion, prevencion de its y de cancer de cuello uterino",numero de inyectables trimestrales suministrados,2016-06-01,0,8,39,7,0,54
RIBERALTA,"anticoncepcion, prevencion de its y de cancer de cuello uterino",numero de inyectables trimestrales suministrados,2016-06-01,4,62,178,54,0,298
ROBORE,"anticoncepcion, prevencion de its y de cancer de cuello uterino",numero de inyectables trimestrales suministrados,2016-06-01,0,2,31,10,0,43
RURRENABAQUE,"anticoncepcion, prevencion de its y de cancer de cuello uterino",numero de inyectables trimestrales suministrados,2016-06-01,0,4,29,13,0,46
SABAYA,"anticoncepcion, prevencion de its y de cancer de cuello uterino",numero de inyectables trimestrales suministrados,2016-06-01,0,1,11,6,0,18
SACABA,"anticoncepcion, prevencion de its y de cancer de cuello uterino",numero de inyectables trimestrales suministrados,2016-06-01,0,15,147,48,0,210
SACABAMBA,"anticoncepcion, prevencion de its y de cancer de cuello uterino",numero de inyectables trimestrales suministrados,2016-06-01,0,0,3,4,0,7
SACACA,"anticoncepcion, prevencion de its y de cancer de cuello uterino",numero de inyectables trimestrales suministrados,2016-06-01,0,8,49,37,0,94
SAIPINA,"anticoncepcion, prevencion de its y de cancer de cuello uterino",numero de inyectables trimestrales suministrados,2016-06-01,0,7,23,8,0,38
SALINAS DE GARCI MENDOZA,"anticoncepcion, prevencion de its y de cancer de cuello uterino",numero de inyectables trimestrales suministrados,2016-06-01,0,1,36,9,0,46
SAMAIPATA,"anticoncepcion, prevencion de its y de cancer de cuello uterino",numero de inyectables trimestrales suministrados,2016-06-01,2,12,26,4,0,44
SAN AGUSTIN,"anticoncepcion, prevencion de its y de cancer de cuello uterino",numero de inyectables trimestrales suministrados,2016-06-01,0,0,8,3,0,11
SAN ANDRES,"anticoncepcion, prevencion de its y de cancer de cuello uterino",numero de inyectables trimestrales suministrados,2016-06-01,0,3,20,7,0,30
SAN ANDRES DE MACHACA,"anticoncepcion, prevencion de its y de cancer de cuello uterino",numero de inyectables trimestrales suministrados,2016-06-01,0,0,2,0,0,2
SAN ANTONIO DE ESMORUCO,"anticoncepcion, prevencion de its y de cancer de cuello uterino",numero de inyectables trimestrales suministrados,2016-06-01,0,2,7,0,0,9
SAN ANTONIO DE LOMERIO,"anticoncepcion, prevencion de its y de cancer de cuello uterino",numero de inyectables trimestrales suministrados,2016-06-01,0,0,28,10,0,38
SAN BENITO,"anticoncepcion, prevencion de its y de cancer de cuello uterino",numero de inyectables trimestrales suministrados,2016-06-01,0,4,27,16,0,47
SAN BORJA,"anticoncepcion, prevencion de its y de cancer de cuello uterino",numero de inyectables trimestrales suministrados,2016-06-01,1,18,90,41,0,150
SAN BUENA VENTURA,"anticoncepcion, prevencion de its y de cancer de cuello uterino",numero de inyectables trimestrales suministrados,2016-06-01,0,2,25,4,0,31
SAN CARLOS,"anticoncepcion, prevencion de its y de cancer de cuello uterino",numero de inyectables trimestrales suministrados,2016-06-01,0,6,37,15,1,59
SAN IGNACIO,"anticoncepcion, prevencion de its y de cancer de cuello uterino",numero de inyectables trimestrales suministrados,2016-06-01,0,18,79,34,1,132
SAN IGNACIO DE VELASCO,"anticoncepcion, prevencion de its y de cancer de cuello uterino",numero de inyectables trimestrales suministrados,2016-06-01,0,18,136,47,2,203
SAN JAVIER(BNI),"anticoncepcion, prevencion de its y de cancer de cuello uterino",numero de inyectables trimestrales suministrados,2016-06-01,0,0,4,1,0,5
SAN JAVIER(STC),"anticoncepcion, prevencion de its y de cancer de cuello uterino",numero de inyectables trimestrales suministrados,2016-06-01,0,6,32,9,0,47
SAN JOAQUIN,"anticoncepcion, prevencion de its y de cancer de cuello uterino",numero de inyectables trimestrales suministrados,2016-06-01,0,2,3,0,0,5
SAN JOSE DE CHIQUITOS,"anticoncepcion, prevencion de its y de cancer de cuello uterino",numero de inyectables trimestrales suministrados,2016-06-01,1,12,35,14,0,62
SAN JUAN DE YAPACANI,"anticoncepcion, prevencion de its y de cancer de cuello uterino",numero de inyectables trimestrales suministrados,2016-06-01,1,5,25,10,0,41
SAN JULIAN,"anticoncepcion, prevencion de its y de cancer de cuello uterino",numero de inyectables trimestrales suministrados,2016-06-01,0,9,78,37,1,125
SAN LORENZO(PND),"anticoncepcion, prevencion de its y de cancer de cuello uterino",numero de inyectables trimestrales suministrados,2016-06-01,0,3,4,2,0,9
SAN LORENZO(TJA),"anticoncepcion, prevencion de its y de cancer de cuello uterino",numero de inyectables trimestrales suministrados,2016-06-01,1,20,92,59,1,173
SAN LUCAS,"anticoncepcion, prevencion de its y de cancer de cuello uterino",numero de inyectables trimestrales suministrados,2016-06-01,0,8,70,49,0,127
SAN MATIAS,"anticoncepcion, prevencion de its y de cancer de cuello uterino",numero de inyectables trimestrales suministrados,2016-06-01,0,5,18,7,0,30
SAN MIGUEL DE VELASCO,"anticoncepcion, prevencion de its y de cancer de cuello uterino",numero de inyectables trimestrales suministrados,2016-06-01,0,14,66,33,0,113
SAN PABLO DE LIPEZ,"anticoncepcion, prevencion de its y de cancer de cuello uterino",numero de inyectables trimestrales suministrados,2016-06-01,0,1,2,0,0,3
SAN PEDRO,"anticoncepcion, prevencion de its y de cancer de cuello uterino",numero de inyectables trimestrales suministrados,2016-06-01,0,10,26,20,0,56
SAN PEDRO DE BUENA VISTA,"anticoncepcion, prevencion de its y de cancer de cuello uterino",numero de inyectables trimestrales suministrados,2016-06-01,0,7,27,13,2,49
SAN PEDRO DE CURAHUARA,"anticoncepcion, prevencion de its y de cancer de cuello uterino",numero de inyectables trimestrales suministrados,2016-06-01,0,1,12,3,0,16
SAN PEDRO DE QUEMES,"anticoncepcion, prevencion de its y de cancer de cuello uterino",numero de inyectables trimestrales suministrados,2016-06-01,0,0,4,1,0,5
SAN PEDRO DE TIQUINA,"anticoncepcion, prevencion de its y de cancer de cuello uterino",numero de inyectables trimestrales suministrados,2016-06-01,0,2,12,4,0,18
SAN PEDRO(PND),"anticoncepcion, prevencion de its y de cancer de cuello uterino",numero de inyectables trimestrales suministrados,2016-06-01,0,1,6,1,0,8
SAN RAFAEL,"anticoncepcion, prevencion de its y de cancer de cuello uterino",numero de inyectables trimestrales suministrados,2016-06-01,0,15,38,19,1,73
SAN RAMON BENI,"anticoncepcion, prevencion de its y de cancer de cuello uterino",numero de inyectables trimestrales suministrados,2016-06-01,0,1,4,2,0,7
SAN RAMON SCZ,"anticoncepcion, prevencion de its y de cancer de cuello uterino",numero de inyectables trimestrales suministrados,2016-06-01,0,10,23,15,1,49
SANTA ANA,"anticoncepcion, prevencion de its y de cancer de cuello uterino",numero de inyectables trimestrales suministrados,2016-06-01,0,6,26,6,1,39
SANTA CRUZ DE LA SIERRA,"anticoncepcion, prevencion de its y de cancer de cuello uterino",numero de inyectables trimestrales suministrados,2016-06-01,4,134,495,189,3,825
SANTA ROSA,"anticoncepcion, prevencion de its y de cancer de cuello uterino",numero de inyectables trimestrales suministrados,2016-06-01,0,2,7,4,0,13
SANTA ROSA DEL SARA,"anticoncepcion, prevencion de its y de cancer de cuello uterino",numero de inyectables trimestrales suministrados,2016-06-01,2,15,42,27,0,86
SANTIAGO DE CALLAPA,"anticoncepcion, prevencion de its y de cancer de cuello uterino",numero de inyectables trimestrales suministrados,2016-06-01,0,0,4,2,0,6
SANTIAGO DE HUARI,"anticoncepcion, prevencion de its y de cancer de cuello uterino",numero de inyectables trimestrales suministrados,2016-06-01,0,2,9,3,0,14
SANTIAGO DE HUATA,"anticoncepcion, prevencion de its y de cancer de cuello uterino",numero de inyectables trimestrales suministrados,2016-06-01,0,4,9,6,0,19
SANTIAGO DE MACHACA,"anticoncepcion, prevencion de its y de cancer de cuello uterino",numero de inyectables trimestrales suministrados,2016-06-01,0,1,5,3,0,9
SANTIVAÑES,"anticoncepcion, prevencion de its y de cancer de cuello uterino",numero de inyectables trimestrales suministrados,2016-06-01,0,0,19,9,0,28
SANTUARIO DE QUILLACAS,"anticoncepcion, prevencion de its y de cancer de cuello uterino",numero de inyectables trimestrales suministrados,2016-06-01,0,2,9,3,0,14
SAPAHAQUI,"anticoncepcion, prevencion de its y de cancer de cuello uterino",numero de inyectables trimestrales suministrados,2016-06-01,0,4,22,16,0,42
SENA,"anticoncepcion, prevencion de its y de cancer de cuello uterino",numero de inyectables trimestrales suministrados,2016-06-01,0,3,21,2,0,26
SHINAOTA,"anticoncepcion, prevencion de its y de cancer de cuello uterino",numero de inyectables trimestrales suministrados,2016-06-01,0,8,37,8,0,53
SICA SICA (VILLA AROMA),"anticoncepcion, prevencion de its y de cancer de cuello uterino",numero de inyectables trimestrales suministrados,2016-06-01,0,7,24,26,1,58
SICAYA,"anticoncepcion, prevencion de its y de cancer de cuello uterino",numero de inyectables trimestrales suministrados,2016-06-01,1,2,21,6,0,30
SIPE SIPE,"anticoncepcion, prevencion de its y de cancer de cuello uterino",numero de inyectables trimestrales suministrados,2016-06-01,0,21,166,76,1,264
SOPACHUY,"anticoncepcion, prevencion de its y de cancer de cuello uterino",numero de inyectables trimestrales suministrados,2016-06-01,0,3,27,20,0,50
SORACACHI,"anticoncepcion, prevencion de its y de cancer de cuello uterino",numero de inyectables trimestrales suministrados,2016-06-01,0,0,18,6,0,24
SORATA,"anticoncepcion, prevencion de its y de cancer de cuello uterino",numero de inyectables trimestrales suministrados,2016-06-01,0,2,27,21,0,50
SUCRE,"anticoncepcion, prevencion de its y de cancer de cuello uterino",numero de inyectables trimestrales suministrados,2016-06-01,0,79,458,171,1,709
TACACOMA,"anticoncepcion, prevencion de its y de cancer de cuello uterino",numero de inyectables trimestrales suministrados,2016-06-01,0,3,29,7,0,39
TACOBAMBA,"anticoncepcion, prevencion de its y de cancer de cuello uterino",numero de inyectables trimestrales suministrados,2016-06-01,0,2,19,23,1,45
TACOPAYA,"anticoncepcion, prevencion de its y de cancer de cuello uterino",numero de inyectables trimestrales suministrados,2016-06-01,0,1,6,10,0,17
TAHUA,"anticoncepcion, prevencion de its y de cancer de cuello uterino",numero de inyectables trimestrales suministrados,2016-06-01,0,0,6,3,0,9
TAPACARI,"anticoncepcion, prevencion de its y de cancer de cuello uterino",numero de inyectables trimestrales suministrados,2016-06-01,0,8,65,44,1,118
TARABUCO,"anticoncepcion, prevencion de its y de cancer de cuello uterino",numero de inyectables trimestrales suministrados,2016-06-01,0,4,43,33,3,83
TARACO,"anticoncepcion, prevencion de its y de cancer de cuello uterino",numero de inyectables trimestrales suministrados,2016-06-01,0,3,10,12,0,25
TARATA,"anticoncepcion, prevencion de its y de cancer de cuello uterino",numero de inyectables trimestrales suministrados,2016-06-01,0,1,20,7,0,28
TARIJA,"anticoncepcion, prevencion de its y de cancer de cuello uterino",numero de inyectables trimestrales suministrados,2016-06-01,1,22,216,67,0,306
TARVITA,"anticoncepcion, prevencion de its y de cancer de cuello uterino",numero de inyectables trimestrales suministrados,2016-06-01,0,8,23,21,0,52
TEOPONTE,"anticoncepcion, prevencion de its y de cancer de cuello uterino",numero de inyectables trimestrales suministrados,2016-06-01,0,9,22,11,0,42
TIAWANACU,"anticoncepcion, prevencion de its y de cancer de cuello uterino",numero de inyectables trimestrales suministrados,2016-06-01,0,1,25,20,1,47
TINGUIPAYA,"anticoncepcion, prevencion de its y de cancer de cuello uterino",numero de inyectables trimestrales suministrados,2016-06-01,0,0,10,12,0,22
TIPUANI,"anticoncepcion, prevencion de its y de cancer de cuello uterino",numero de inyectables trimestrales suministrados,2016-06-01,0,2,18,8,0,28
TIQUIPAYA,"anticoncepcion, prevencion de its y de cancer de cuello uterino",numero de inyectables trimestrales suministrados,2016-06-01,1,11,95,33,0,140
TIRAQUE (CBBA),"anticoncepcion, prevencion de its y de cancer de cuello uterino",numero de inyectables trimestrales suministrados,2016-06-01,0,11,51,39,0,101
TITO YUPANQUI (PARQUIPUJIO),"anticoncepcion, prevencion de its y de cancer de cuello uterino",numero de inyectables trimestrales suministrados,2016-06-01,0,0,1,3,0,4
TOCO,"anticoncepcion, prevencion de its y de cancer de cuello uterino",numero de inyectables trimestrales suministrados,2016-06-01,0,2,21,15,0,38
TOLATA,"anticoncepcion, prevencion de its y de cancer de cuello uterino",numero de inyectables trimestrales suministrados,2016-06-01,0,0,28,4,0,32
TOLEDO,"anticoncepcion, prevencion de its y de cancer de cuello uterino",numero de inyectables trimestrales suministrados,2016-06-01,0,0,7,2,0,9
TOMAVE,"anticoncepcion, prevencion de its y de cancer de cuello uterino",numero de inyectables trimestrales suministrados,2016-06-01,0,1,18,16,0,35
TOMINA,"anticoncepcion, prevencion de its y de cancer de cuello uterino",numero de inyectables trimestrales suministrados,2016-06-01,0,11,38,25,0,74
TORO TORO,"anticoncepcion, prevencion de its y de cancer de cuello uterino",numero de inyectables trimestrales suministrados,2016-06-01,0,3,24,10,0,37
TOTORA(CBBA),"anticoncepcion, prevencion de its y de cancer de cuello uterino",numero de inyectables trimestrales suministrados,2016-06-01,0,14,81,28,0,123
TOTORA(ORR),"anticoncepcion, prevencion de its y de cancer de cuello uterino",numero de inyectables trimestrales suministrados,2016-06-01,0,5,9,9,0,23
TRIGAL,"anticoncepcion, prevencion de its y de cancer de cuello uterino",numero de inyectables trimestrales suministrados,2016-06-01,0,1,8,2,0,11
TRINIDAD,"anticoncepcion, prevencion de its y de cancer de cuello uterino",numero de inyectables trimestrales suministrados,2016-06-01,0,6,9,1,0,16
TUPIZA,"anticoncepcion, prevencion de its y de cancer de cuello uterino",numero de inyectables trimestrales suministrados,2016-06-01,0,16,160,46,1,223
TURCO,"anticoncepcion, prevencion de its y de cancer de cuello uterino",numero de inyectables trimestrales suministrados,2016-06-01,0,0,9,6,0,15
UMALA,"anticoncepcion, prevencion de its y de cancer de cuello uterino",numero de inyectables trimestrales suministrados,2016-06-01,0,2,20,11,0,33
UNCIA,"anticoncepcion, prevencion de its y de cancer de cuello uterino",numero de inyectables trimestrales suministrados,2016-06-01,0,3,41,21,1,66
URIONDO (A. CONCEPCION),"anticoncepcion, prevencion de its y de cancer de cuello uterino",numero de inyectables trimestrales suministrados,2016-06-01,0,15,42,31,0,88
URUBICHA,"anticoncepcion, prevencion de its y de cancer de cuello uterino",numero de inyectables trimestrales suministrados,2016-06-01,0,1,6,8,0,15
UYUNI,"anticoncepcion, prevencion de its y de cancer de cuello uterino",numero de inyectables trimestrales suministrados,2016-06-01,0,9,36,19,0,64
VACAS,"anticoncepcion, prevencion de its y de cancer de cuello uterino",numero de inyectables trimestrales suministrados,2016-06-01,0,5,18,11,0,34
VALLEGRANDE,"anticoncepcion, prevencion de its y de cancer de cuello uterino",numero de inyectables trimestrales suministrados,2016-06-01,1,13,50,8,0,72
VIACHA,"anticoncepcion, prevencion de its y de cancer de cuello uterino",numero de inyectables trimestrales suministrados,2016-06-01,0,8,126,71,1,206
VILA VILA,"anticoncepcion, prevencion de its y de cancer de cuello uterino",numero de inyectables trimestrales suministrados,2016-06-01,0,0,3,0,0,3
VILLA CHARCAS,"anticoncepcion, prevencion de its y de cancer de cuello uterino",numero de inyectables trimestrales suministrados,2016-06-01,0,7,42,35,1,85
VILLA MONTES,"anticoncepcion, prevencion de its y de cancer de cuello uterino",numero de inyectables trimestrales suministrados,2016-06-01,0,17,89,31,1,138
VILLA NUEVA (LOMA ALTA),"anticoncepcion, prevencion de its y de cancer de cuello uterino",numero de inyectables trimestrales suministrados,2016-06-01,0,1,14,1,0,16
VILLA RIVERO,"anticoncepcion, prevencion de its y de cancer de cuello uterino",numero de inyectables trimestrales suministrados,2016-06-01,0,7,34,10,0,51
VILLA SERRANO,"anticoncepcion, prevencion de its y de cancer de cuello uterino",numero de inyectables trimestrales suministrados,2016-06-01,3,7,23,22,1,56
VILLA TUNARI,"anticoncepcion, prevencion de its y de cancer de cuello uterino",numero de inyectables trimestrales suministrados,2016-06-01,0,21,263,86,1,371
VILLA VACA GUZMAN (MUYUPAMPA),"anticoncepcion, prevencion de its y de cancer de cuello uterino",numero de inyectables trimestrales suministrados,2016-06-01,0,2,27,33,1,63
VILLAZON,"anticoncepcion, prevencion de its y de cancer de cuello uterino",numero de inyectables trimestrales suministrados,2016-06-01,0,17,108,50,0,175
VINTO,"anticoncepcion, prevencion de its y de cancer de cuello uterino",numero de inyectables trimestrales suministrados,2016-06-01,0,9,57,19,0,85
VITICHI,"anticoncepcion, prevencion de its y de cancer de cuello uterino",numero de inyectables trimestrales suministrados,2016-06-01,0,0,13,12,0,25
WALDO BALLIVIAN,"anticoncepcion, prevencion de its y de cancer de cuello uterino",numero de inyectables trimestrales suministrados,2016-06-01,0,1,3,5,0,9
WARNES,"anticoncepcion, prevencion de its y de cancer de cuello uterino",numero de inyectables trimestrales suministrados,2016-06-01,0,48,190,71,1,310
YACO,"anticoncepcion, prevencion de its y de cancer de cuello uterino",numero de inyectables trimestrales suministrados,2016-06-01,0,2,18,8,0,28
YACUIBA,"anticoncepcion, prevencion de its y de cancer de cuello uterino",numero de inyectables trimestrales suministrados,2016-06-01,0,31,184,91,3,309
YAMPARAEZ,"anticoncepcion, prevencion de its y de cancer de cuello uterino",numero de inyectables trimestrales suministrados,2016-06-01,0,3,11,19,1,34
YANACACHI,"anticoncepcion, prevencion de its y de cancer de cuello uterino",numero de inyectables trimestrales suministrados,2016-06-01,0,0,7,4,0,11
YAPACANI,"anticoncepcion, prevencion de its y de cancer de cuello uterino",numero de inyectables trimestrales suministrados,2016-06-01,1,16,74,22,0,113
YOCALLA,"anticoncepcion, prevencion de its y de cancer de cuello uterino",numero de inyectables trimestrales suministrados,2016-06-01,0,1,8,3,1,13
YOTALA,"anticoncepcion, prevencion de its y de cancer de cuello uterino",numero de inyectables trimestrales suministrados,2016-06-01,0,1,6,8,0,15
YUNCHARA,"anticoncepcion, prevencion de its y de cancer de cuello uterino",numero de inyectables trimestrales suministrados,2016-06-01,0,7,36,15,1,59
YUNGUYO DE LITORAL,"anticoncepcion, prevencion de its y de cancer de cuello uterino",numero de inyectables trimestrales suministrados,2016-06-01,0,0,1,2,0,3
ZUDAÑEZ,"anticoncepcion, prevencion de its y de cancer de cuello uterino",numero de inyectables trimestrales suministrados,2016-06-01,0,3,25,23,1,52
ACACIO,"anticoncepcion, prevencion de its y de cancer de cuello uterino",numero de inyectables trimestrales suministrados,2016-07-01,0,1,8,5,0,14
ACHACACHI,"anticoncepcion, prevencion de its y de cancer de cuello uterino",numero de inyectables trimestrales suministrados,2016-07-01,0,3,50,31,0,84
ACHOCALLA,"anticoncepcion, prevencion de its y de cancer de cuello uterino",numero de inyectables trimestrales suministrados,2016-07-01,0,5,51,21,0,77
AIQUILE,"anticoncepcion, prevencion de its y de cancer de cuello uterino",numero de inyectables trimestrales suministrados,2016-07-01,0,2,27,25,0,54
ALALAY,"anticoncepcion, prevencion de its y de cancer de cuello uterino",numero de inyectables trimestrales suministrados,2016-07-01,0,2,5,0,0,7
ALCALA,"anticoncepcion, prevencion de its y de cancer de cuello uterino",numero de inyectables trimestrales suministrados,2016-07-01,0,5,10,18,1,34
ALTO BENI,"anticoncepcion, prevencion de its y de cancer de cuello uterino",numero de inyectables trimestrales suministrados,2016-07-01,1,3,21,17,0,42
ANCORAIMES,"anticoncepcion, prevencion de its y de cancer de cuello uterino",numero de inyectables trimestrales suministrados,2016-07-01,0,2,24,15,0,41
ANDAMARCA,"anticoncepcion, prevencion de its y de cancer de cuello uterino",numero de inyectables trimestrales suministrados,2016-07-01,0,1,3,2,0,6
ANTEQUERA,"anticoncepcion, prevencion de its y de cancer de cuello uterino",numero de inyectables trimestrales suministrados,2016-07-01,0,0,3,1,0,4
ANZALDO,"anticoncepcion, prevencion de its y de cancer de cuello uterino",numero de inyectables trimestrales suministrados,2016-07-01,1,3,19,15,0,38
APOLO,"anticoncepcion, prevencion de its y de cancer de cuello uterino",numero de inyectables trimestrales suministrados,2016-07-01,0,2,44,31,0,77
ARAMPAMPA,"anticoncepcion, prevencion de its y de cancer de cuello uterino",numero de inyectables trimestrales suministrados,2016-07-01,0,0,2,2,0,4
ARANI,"anticoncepcion, prevencion de its y de cancer de cuello uterino",numero de inyectables trimestrales suministrados,2016-07-01,0,3,11,4,0,18
ARBIETO,"anticoncepcion, prevencion de its y de cancer de cuello uterino",numero de inyectables trimestrales suministrados,2016-07-01,0,7,47,22,0,76
ARQUE,"anticoncepcion, prevencion de its y de cancer de cuello uterino",numero de inyectables trimestrales suministrados,2016-07-01,0,7,39,40,0,86
ASCENCION DE GUARAYOS,"anticoncepcion, prevencion de its y de cancer de cuello uterino",numero de inyectables trimestrales suministrados,2016-07-01,0,8,34,26,0,68
ATOCHA,"anticoncepcion, prevencion de its y de cancer de cuello uterino",numero de inyectables trimestrales suministrados,2016-07-01,0,3,29,10,0,42
AUCAPATA,"anticoncepcion, prevencion de its y de cancer de cuello uterino",numero de inyectables trimestrales suministrados,2016-07-01,0,1,15,7,0,23
AYATA,"anticoncepcion, prevencion de its y de cancer de cuello uterino",numero de inyectables trimestrales suministrados,2016-07-01,0,2,19,25,0,46
AYO AYO,"anticoncepcion, prevencion de its y de cancer de cuello uterino",numero de inyectables trimestrales suministrados,2016-07-01,0,2,14,9,0,25
AYOPAYA (V. DE INDEPENDENCIA),"anticoncepcion, prevencion de its y de cancer de cuello uterino",numero de inyectables trimestrales suministrados,2016-07-01,0,16,74,62,2,154
AZURDUY,"anticoncepcion, prevencion de its y de cancer de cuello uterino",numero de inyectables trimestrales suministrados,2016-07-01,0,4,38,19,0,61
BATALLAS,"anticoncepcion, prevencion de its y de cancer de cuello uterino",numero de inyectables trimestrales suministrados,2016-07-01,0,3,36,13,2,54
BAURES,"anticoncepcion, prevencion de its y de cancer de cuello uterino",numero de inyectables trimestrales suministrados,2016-07-01,0,0,5,4,0,9
BELEN DE ANDAMARCA,"anticoncepcion, prevencion de its y de cancer de cuello uterino",numero de inyectables trimestrales suministrados,2016-07-01,0,1,2,0,0,3
BELEN DE URMIRI,"anticoncepcion, prevencion de its y de cancer de cuello uterino",numero de inyectables trimestrales suministrados,2016-07-01,0,0,1,0,0,1
BELLA FLOR,"anticoncepcion, prevencion de its y de cancer de cuello uterino",numero de inyectables trimestrales suministrados,2016-07-01,0,8,10,7,0,25
BERMEJO,"anticoncepcion, prevencion de its y de cancer de cuello uterino",numero de inyectables trimestrales suministrados,2016-07-01,1,22,69,33,2,127
BETANZOS,"anticoncepcion, prevencion de its y de cancer de cuello uterino",numero de inyectables trimestrales suministrados,2016-07-01,0,3,37,31,0,71
BOLIVAR,"anticoncepcion, prevencion de its y de cancer de cuello uterino",numero de inyectables trimestrales suministrados,2016-07-01,0,2,3,2,0,7
BOLPEBRA,"anticoncepcion, prevencion de its y de cancer de cuello uterino",numero de inyectables trimestrales suministrados,2016-07-01,0,1,1,0,0,2
BOYUIBE,"anticoncepcion, prevencion de its y de cancer de cuello uterino",numero de inyectables trimestrales suministrados,2016-07-01,0,2,15,5,0,22
BUENA VISTA,"anticoncepcion, prevencion de its y de cancer de cuello uterino",numero de inyectables trimestrales suministrados,2016-07-01,1,11,43,18,0,73
CABEZAS,"anticoncepcion, prevencion de its y de cancer de cuello uterino",numero de inyectables trimestrales suministrados,2016-07-01,1,35,96,25,0,157
CAIROMA,"anticoncepcion, prevencion de its y de cancer de cuello uterino",numero de inyectables trimestrales suministrados,2016-07-01,0,2,19,16,0,37
"CAIZA ""D""","anticoncepcion, prevencion de its y de cancer de cuello uterino",numero de inyectables trimestrales suministrados,2016-07-01,0,0,8,7,0,15
CAJUATA,"anticoncepcion, prevencion de its y de cancer de cuello uterino",numero de inyectables trimestrales suministrados,2016-07-01,0,7,26,7,1,41
CALACOTO,"anticoncepcion, prevencion de its y de cancer de cuello uterino",numero de inyectables trimestrales suministrados,2016-07-01,0,0,2,5,0,7
CALAMARCA,"anticoncepcion, prevencion de its y de cancer de cuello uterino",numero de inyectables trimestrales suministrados,2016-07-01,0,2,42,17,2,63
CAMARGO,"anticoncepcion, prevencion de its y de cancer de cuello uterino",numero de inyectables trimestrales suministrados,2016-07-01,0,2,13,16,0,31
CAMATAQUI (C. VILLA ABECIA),"anticoncepcion, prevencion de its y de cancer de cuello uterino",numero de inyectables trimestrales suministrados,2016-07-01,0,1,11,8,0,20
CAMIRI,"anticoncepcion, prevencion de its y de cancer de cuello uterino",numero de inyectables trimestrales suministrados,2016-07-01,0,6,33,8,0,47
CAPINOTA,"anticoncepcion, prevencion de its y de cancer de cuello uterino",numero de inyectables trimestrales suministrados,2016-07-01,0,5,51,24,1,81
CAQUIAVIRI,"anticoncepcion, prevencion de its y de cancer de cuello uterino",numero de inyectables trimestrales suministrados,2016-07-01,0,3,16,3,0,22
CARACOLLO,"anticoncepcion, prevencion de its y de cancer de cuello uterino",numero de inyectables trimestrales suministrados,2016-07-01,1,7,25,17,0,50
CARANAVI,"anticoncepcion, prevencion de its y de cancer de cuello uterino",numero de inyectables trimestrales suministrados,2016-07-01,0,13,94,45,0,152
CARANGAS,"anticoncepcion, prevencion de its y de cancer de cuello uterino",numero de inyectables trimestrales suministrados,2016-07-01,0,0,1,0,0,1
CARAPARI,"anticoncepcion, prevencion de its y de cancer de cuello uterino",numero de inyectables trimestrales suministrados,2016-07-01,0,6,36,20,0,62
CARIPUYO,"anticoncepcion, prevencion de its y de cancer de cuello uterino",numero de inyectables trimestrales suministrados,2016-07-01,0,0,6,6,0,12
CARMEN RIVERO TORREZ,"anticoncepcion, prevencion de its y de cancer de cuello uterino",numero de inyectables trimestrales suministrados,2016-07-01,1,2,18,5,0,26
CATACORA,"anticoncepcion, prevencion de its y de cancer de cuello uterino",numero de inyectables trimestrales suministrados,2016-07-01,0,0,1,2,0,3
CHACARILLA,"anticoncepcion, prevencion de its y de cancer de cuello uterino",numero de inyectables trimestrales suministrados,2016-07-01,0,1,2,0,1,4
CHALLAPATA,"anticoncepcion, prevencion de its y de cancer de cuello uterino",numero de inyectables trimestrales suministrados,2016-07-01,0,4,51,17,0,72
CHAQUI,"anticoncepcion, prevencion de its y de cancer de cuello uterino",numero de inyectables trimestrales suministrados,2016-07-01,0,3,15,7,0,25
CHARAGUA,"anticoncepcion, prevencion de its y de cancer de cuello uterino",numero de inyectables trimestrales suministrados,2016-07-01,0,7,53,18,0,78
CHARAÑA,"anticoncepcion, prevencion de its y de cancer de cuello uterino",numero de inyectables trimestrales suministrados,2016-07-01,0,0,5,2,0,7
CHAYANTA,"anticoncepcion, prevencion de its y de cancer de cuello uterino",numero de inyectables trimestrales suministrados,2016-07-01,0,4,33,18,0,55
CHIMORE,"anticoncepcion, prevencion de its y de cancer de cuello uterino",numero de inyectables trimestrales suministrados,2016-07-01,0,9,62,23,0,94
CHIPAYA,"anticoncepcion, prevencion de its y de cancer de cuello uterino",numero de inyectables trimestrales suministrados,2016-07-01,2,10,16,9,0,37
CHOQUE COTA,"anticoncepcion, prevencion de its y de cancer de cuello uterino",numero de inyectables trimestrales suministrados,2016-07-01,0,1,1,2,0,4
CHUA COCANI,"anticoncepcion, prevencion de its y de cancer de cuello uterino",numero de inyectables trimestrales suministrados,2016-07-01,0,2,5,3,0,10
CHULUMANI (V. DE LA LIBERTAD),"anticoncepcion, prevencion de its y de cancer de cuello uterino",numero de inyectables trimestrales suministrados,2016-07-01,0,2,28,14,0,44
CHUMA,"anticoncepcion, prevencion de its y de cancer de cuello uterino",numero de inyectables trimestrales suministrados,2016-07-01,0,2,20,19,0,41
CHUQUIHUTA AYLLU JUCUMANI,"anticoncepcion, prevencion de its y de cancer de cuello uterino",numero de inyectables trimestrales suministrados,2016-07-01,0,3,26,8,0,37
CKOCHAS,"anticoncepcion, prevencion de its y de cancer de cuello uterino",numero de inyectables trimestrales suministrados,2016-07-01,0,0,6,12,1,19
CLIZA,"anticoncepcion, prevencion de its y de cancer de cuello uterino",numero de inyectables trimestrales suministrados,2016-07-01,0,5,34,18,0,57
COBIJA,"anticoncepcion, prevencion de its y de cancer de cuello uterino",numero de inyectables trimestrales suministrados,2016-07-01,2,23,63,13,0,101
COCAPATA,"anticoncepcion, prevencion de its y de cancer de cuello uterino",numero de inyectables trimestrales suministrados,2016-07-01,0,2,24,13,0,39
COCHABAMBA,"anticoncepcion, prevencion de its y de cancer de cuello uterino",numero de inyectables trimestrales suministrados,2016-07-01,0,31,298,81,3,413
COIPASA,"anticoncepcion, prevencion de its y de cancer de cuello uterino",numero de inyectables trimestrales suministrados,2016-07-01,0,0,3,0,0,3
COLCAPIRHUA,"anticoncepcion, prevencion de its y de cancer de cuello uterino",numero de inyectables trimestrales suministrados,2016-07-01,0,2,59,11,0,72
"COLCHA ""K""","anticoncepcion, prevencion de its y de cancer de cuello uterino",numero de inyectables trimestrales suministrados,2016-07-01,0,4,39,8,0,51
COLLANA,"anticoncepcion, prevencion de its y de cancer de cuello uterino",numero de inyectables trimestrales suministrados,2016-07-01,0,1,5,2,0,8
COLOMI,"anticoncepcion, prevencion de its y de cancer de cuello uterino",numero de inyectables trimestrales suministrados,2016-07-01,0,13,58,21,0,92
COLPA BELGICA,"anticoncepcion, prevencion de its y de cancer de cuello uterino",numero de inyectables trimestrales suministrados,2016-07-01,0,6,11,4,0,21
COLQUECHACA,"anticoncepcion, prevencion de its y de cancer de cuello uterino",numero de inyectables trimestrales suministrados,2016-07-01,0,8,60,29,0,97
COLQUENCHA,"anticoncepcion, prevencion de its y de cancer de cuello uterino",numero de inyectables trimestrales suministrados,2016-07-01,0,1,27,15,0,43
COLQUIRI,"anticoncepcion, prevencion de its y de cancer de cuello uterino",numero de inyectables trimestrales suministrados,2016-07-01,0,2,27,15,0,44
COMANCHE,"anticoncepcion, prevencion de its y de cancer de cuello uterino",numero de inyectables trimestrales suministrados,2016-07-01,0,0,1,0,0,1
COMARAPA,"anticoncepcion, prevencion de its y de cancer de cuello uterino",numero de inyectables trimestrales suministrados,2016-07-01,0,13,77,38,0,128
COMBAYA,"anticoncepcion, prevencion de its y de cancer de cuello uterino",numero de inyectables trimestrales suministrados,2016-07-01,0,0,2,2,0,4
CONCEPCION,"anticoncepcion, prevencion de its y de cancer de cuello uterino",numero de inyectables trimestrales suministrados,2016-07-01,0,5,31,5,0,41
COPACABANA,"anticoncepcion, prevencion de its y de cancer de cuello uterino",numero de inyectables trimestrales suministrados,2016-07-01,0,2,26,18,0,46
CORIPATA,"anticoncepcion, prevencion de its y de cancer de cuello uterino",numero de inyectables trimestrales suministrados,2016-07-01,0,2,49,21,0,72
CORO CORO,"anticoncepcion, prevencion de its y de cancer de cuello uterino",numero de inyectables trimestrales suministrados,2016-07-01,0,0,9,6,0,15
COROICO,"anticoncepcion, prevencion de its y de cancer de cuello uterino",numero de inyectables trimestrales suministrados,2016-07-01,0,1,20,7,0,28
CORQUE,"anticoncepcion, prevencion de its y de cancer de cuello uterino",numero de inyectables trimestrales suministrados,2016-07-01,0,1,4,3,0,8
COTAGAITA,"anticoncepcion, prevencion de its y de cancer de cuello uterino",numero de inyectables trimestrales suministrados,2016-07-01,0,4,45,35,0,84
COTOCA,"anticoncepcion, prevencion de its y de cancer de cuello uterino",numero de inyectables trimestrales suministrados,2016-07-01,0,30,123,42,0,195
CUATRO CAÑADAS,"anticoncepcion, prevencion de its y de cancer de cuello uterino",numero de inyectables trimestrales suministrados,2016-07-01,0,11,53,18,1,83
CUCHUMUELA (V. G. VILLARROEL),"anticoncepcion, prevencion de its y de cancer de cuello uterino",numero de inyectables trimestrales suministrados,2016-07-01,0,3,7,4,0,14
CUEVO,"anticoncepcion, prevencion de its y de cancer de cuello uterino",numero de inyectables trimestrales suministrados,2016-07-01,0,3,19,3,0,25
CULPINA,"anticoncepcion, prevencion de its y de cancer de cuello uterino",numero de inyectables trimestrales suministrados,2016-07-01,0,7,28,31,0,66
CURAHUARA DE CARANGAS,"anticoncepcion, prevencion de its y de cancer de cuello uterino",numero de inyectables trimestrales suministrados,2016-07-01,0,4,6,3,1,14
DESAGUADERO,"anticoncepcion, prevencion de its y de cancer de cuello uterino",numero de inyectables trimestrales suministrados,2016-07-01,0,0,14,7,0,21
EL ALTO,"anticoncepcion, prevencion de its y de cancer de cuello uterino",numero de inyectables trimestrales suministrados,2016-07-01,0,88,775,277,3,1143
EL CHORO,"anticoncepcion, prevencion de its y de cancer de cuello uterino",numero de inyectables trimestrales suministrados,2016-07-01,0,0,11,2,0,13
EL PUENTE(STC),"anticoncepcion, prevencion de its y de cancer de cuello uterino",numero de inyectables trimestrales suministrados,2016-07-01,0,11,29,20,0,60
EL PUENTE(TJA),"anticoncepcion, prevencion de its y de cancer de cuello uterino",numero de inyectables trimestrales suministrados,2016-07-01,0,8,50,35,1,94
EL TORNO,"anticoncepcion, prevencion de its y de cancer de cuello uterino",numero de inyectables trimestrales suministrados,2016-07-01,7,30,81,46,2,166
EL VILLAR,"anticoncepcion, prevencion de its y de cancer de cuello uterino",numero de inyectables trimestrales suministrados,2016-07-01,0,4,18,11,1,34
ENTRE RIOS TRJ,"anticoncepcion, prevencion de its y de cancer de cuello uterino",numero de inyectables trimestrales suministrados,2016-07-01,0,17,113,54,2,186
ENTRE RIOS CBBA,"anticoncepcion, prevencion de its y de cancer de cuello uterino",numero de inyectables trimestrales suministrados,2016-07-01,0,17,61,18,0,96
ESCARA,"anticoncepcion, prevencion de its y de cancer de cuello uterino",numero de inyectables trimestrales suministrados,2016-07-01,0,1,3,0,0,4
ESCOMA,"anticoncepcion, prevencion de its y de cancer de cuello uterino",numero de inyectables trimestrales suministrados,2016-07-01,0,0,4,2,0,6
ESMERALDA,"anticoncepcion, prevencion de its y de cancer de cuello uterino",numero de inyectables trimestrales suministrados,2016-07-01,0,0,1,0,0,1
EUCALIPTUS,"anticoncepcion, prevencion de its y de cancer de cuello uterino",numero de inyectables trimestrales suministrados,2016-07-01,0,1,6,5,0,12
EUREKA (SANTOS MERCADO),"anticoncepcion, prevencion de its y de cancer de cuello uterino",numero de inyectables trimestrales suministrados,2016-07-01,0,2,6,1,0,9
EXALTACION,"anticoncepcion, prevencion de its y de cancer de cuello uterino",numero de inyectables trimestrales suministrados,2016-07-01,0,0,3,0,0,3
FERNANDEZ ALONSO,"anticoncepcion, prevencion de its y de cancer de cuello uterino",numero de inyectables trimestrales suministrados,2016-07-01,0,10,46,19,0,75
FILADELFIA,"anticoncepcion, prevencion de its y de cancer de cuello uterino",numero de inyectables trimestrales suministrados,2016-07-01,0,6,24,7,0,37
GENERAL SAAVEDRA,"anticoncepcion, prevencion de its y de cancer de cuello uterino",numero de inyectables trimestrales suministrados,2016-07-01,0,15,65,15,1,96
GRAL. J.J. PEREZ (CHARAZANI),"anticoncepcion, prevencion de its y de cancer de cuello uterino",numero de inyectables trimestrales suministrados,2016-07-01,0,1,11,13,0,25
GUANAY,"anticoncepcion, prevencion de its y de cancer de cuello uterino",numero de inyectables trimestrales suministrados,2016-07-01,0,1,11,3,0,15
GUAQUI,"anticoncepcion, prevencion de its y de cancer de cuello uterino",numero de inyectables trimestrales suministrados,2016-07-01,0,2,10,10,0,22
GUAYARAMERIN,"anticoncepcion, prevencion de its y de cancer de cuello uterino",numero de inyectables trimestrales suministrados,2016-07-01,0,14,50,13,0,77
GUTIERREZ,"anticoncepcion, prevencion de its y de cancer de cuello uterino",numero de inyectables trimestrales suministrados,2016-07-01,0,1,17,9,0,27
HUACARETA,"anticoncepcion, prevencion de its y de cancer de cuello uterino",numero de inyectables trimestrales suministrados,2016-07-01,0,2,13,2,0,17
HUACAYA (VILLA DE HUACAYA),"anticoncepcion, prevencion de its y de cancer de cuello uterino",numero de inyectables trimestrales suministrados,2016-07-01,0,1,12,4,0,17
HUACHACALLA,"anticoncepcion, prevencion de its y de cancer de cuello uterino",numero de inyectables trimestrales suministrados,2016-07-01,0,0,3,2,0,5
HUANUNI,"anticoncepcion, prevencion de its y de cancer de cuello uterino",numero de inyectables trimestrales suministrados,2016-07-01,0,4,11,3,0,18
HUARACAJE,"anticoncepcion, prevencion de its y de cancer de cuello uterino",numero de inyectables trimestrales suministrados,2016-07-01,0,1,8,4,0,13
HUARINA,"anticoncepcion, prevencion de its y de cancer de cuello uterino",numero de inyectables trimestrales suministrados,2016-07-01,0,0,10,4,0,14
HUATAJATA,"anticoncepcion, prevencion de its y de cancer de cuello uterino",numero de inyectables trimestrales suministrados,2016-07-01,0,0,6,2,0,8
HUAYLLAMARCA,"anticoncepcion, prevencion de its y de cancer de cuello uterino",numero de inyectables trimestrales suministrados,2016-07-01,0,1,11,3,0,15
HUMANATA,"anticoncepcion, prevencion de its y de cancer de cuello uterino",numero de inyectables trimestrales suministrados,2016-07-01,0,0,6,5,1,12
ICHOCA,"anticoncepcion, prevencion de its y de cancer de cuello uterino",numero de inyectables trimestrales suministrados,2016-07-01,0,0,1,2,0,3
ICLA,"anticoncepcion, prevencion de its y de cancer de cuello uterino",numero de inyectables trimestrales suministrados,2016-07-01,0,3,10,12,0,25
INCAHUASI,"anticoncepcion, prevencion de its y de cancer de cuello uterino",numero de inyectables trimestrales suministrados,2016-07-01,0,4,26,23,0,53
INGAVI (HUMAITA),"anticoncepcion, prevencion de its y de cancer de cuello uterino",numero de inyectables trimestrales suministrados,2016-07-01,0,0,6,0,0,6
INQUISIVI,"anticoncepcion, prevencion de its y de cancer de cuello uterino",numero de inyectables trimestrales suministrados,2016-07-01,0,3,13,18,0,34
IRUPANA (VILLA DE LANZA),"anticoncepcion, prevencion de its y de cancer de cuello uterino",numero de inyectables trimestrales suministrados,2016-07-01,0,6,39,16,1,62
IXIAMAS,"anticoncepcion, prevencion de its y de cancer de cuello uterino",numero de inyectables trimestrales suministrados,2016-07-01,0,6,33,4,0,43
JESUS DE MACHACA,"anticoncepcion, prevencion de its y de cancer de cuello uterino",numero de inyectables trimestrales suministrados,2016-07-01,0,2,11,14,0,27
LA ASUNTA,"anticoncepcion, prevencion de its y de cancer de cuello uterino",numero de inyectables trimestrales suministrados,2016-07-01,0,11,117,42,0,170
LA GUARDIA,"anticoncepcion, prevencion de its y de cancer de cuello uterino",numero de inyectables trimestrales suministrados,2016-07-01,0,27,93,31,0,151
LA PAZ,"anticoncepcion, prevencion de its y de cancer de cuello uterino",numero de inyectables trimestrales suministrados,2016-07-01,0,45,388,179,2,614
LA RIVERA,"anticoncepcion, prevencion de its y de cancer de cuello uterino",numero de inyectables trimestrales suministrados,2016-07-01,0,0,0,1,0,1
LAGUNILLAS,"anticoncepcion, prevencion de its y de cancer de cuello uterino",numero de inyectables trimestrales suministrados,2016-07-01,0,4,27,10,0,41
LAJA,"anticoncepcion, prevencion de its y de cancer de cuello uterino",numero de inyectables trimestrales suministrados,2016-07-01,0,4,58,18,0,80
LAS CARRERAS,"anticoncepcion, prevencion de its y de cancer de cuello uterino",numero de inyectables trimestrales suministrados,2016-07-01,0,2,6,3,0,11
LICOMA PAMPA,"anticoncepcion, prevencion de its y de cancer de cuello uterino",numero de inyectables trimestrales suministrados,2016-07-01,0,1,6,5,1,13
LLALLAGUA,"anticoncepcion, prevencion de its y de cancer de cuello uterino",numero de inyectables trimestrales suministrados,2016-07-01,0,6,75,32,1,114
LLICA,"anticoncepcion, prevencion de its y de cancer de cuello uterino",numero de inyectables trimestrales suministrados,2016-07-01,0,4,16,6,0,26
LORETO,"anticoncepcion, prevencion de its y de cancer de cuello uterino",numero de inyectables trimestrales suministrados,2016-07-01,0,2,3,2,0,7
LURIBAY,"anticoncepcion, prevencion de its y de cancer de cuello uterino",numero de inyectables trimestrales suministrados,2016-07-01,0,1,23,23,0,47
MACHACAMARCA,"anticoncepcion, prevencion de its y de cancer de cuello uterino",numero de inyectables trimestrales suministrados,2016-07-01,0,0,3,2,0,5
MACHARETI,"anticoncepcion, prevencion de its y de cancer de cuello uterino",numero de inyectables trimestrales suministrados,2016-07-01,0,3,30,15,0,48
MAGDALENA,"anticoncepcion, prevencion de its y de cancer de cuello uterino",numero de inyectables trimestrales suministrados,2016-07-01,1,10,31,4,3,49
MAIRANA,"anticoncepcion, prevencion de its y de cancer de cuello uterino",numero de inyectables trimestrales suministrados,2016-07-01,1,7,26,11,0,45
MALLA,"anticoncepcion, prevencion de its y de cancer de cuello uterino",numero de inyectables trimestrales suministrados,2016-07-01,0,0,5,2,0,7
MAPIRI,"anticoncepcion, prevencion de its y de cancer de cuello uterino",numero de inyectables trimestrales suministrados,2016-07-01,0,2,22,9,0,33
MECAPACA,"anticoncepcion, prevencion de its y de cancer de cuello uterino",numero de inyectables trimestrales suministrados,2016-07-01,0,1,16,18,0,35
MINEROS,"anticoncepcion, prevencion de its y de cancer de cuello uterino",numero de inyectables trimestrales suministrados,2016-07-01,2,14,59,21,0,96
MIZQUE,"anticoncepcion, prevencion de its y de cancer de cuello uterino",numero de inyectables trimestrales suministrados,2016-07-01,0,16,86,44,0,146
MOCOMOCO,"anticoncepcion, prevencion de its y de cancer de cuello uterino",numero de inyectables trimestrales suministrados,2016-07-01,0,1,20,13,0,34
MOJINETE,"anticoncepcion, prevencion de its y de cancer de cuello uterino",numero de inyectables trimestrales suministrados,2016-07-01,0,0,3,0,0,3
MOJOCOYA,"anticoncepcion, prevencion de its y de cancer de cuello uterino",numero de inyectables trimestrales suministrados,2016-07-01,0,3,16,24,0,43
MONTEAGUDO,"anticoncepcion, prevencion de its y de cancer de cuello uterino",numero de inyectables trimestrales suministrados,2016-07-01,0,6,30,35,2,73
MONTERO,"anticoncepcion, prevencion de its y de cancer de cuello uterino",numero de inyectables trimestrales suministrados,2016-07-01,1,37,183,40,0,261
MORO MORO,"anticoncepcion, prevencion de its y de cancer de cuello uterino",numero de inyectables trimestrales suministrados,2016-07-01,0,4,12,5,1,22
MOROCHATA,"anticoncepcion, prevencion de its y de cancer de cuello uterino",numero de inyectables trimestrales suministrados,2016-07-01,0,5,40,35,0,80
NACEBE (SANTA ROSA DEL ABUNA),"anticoncepcion, prevencion de its y de cancer de cuello uterino",numero de inyectables trimestrales suministrados,2016-07-01,0,3,6,5,0,14
NAZACARA DE PACAJES,"anticoncepcion, prevencion de its y de cancer de cuello uterino",numero de inyectables trimestrales suministrados,2016-07-01,0,0,0,1,0,1
NUEVO MANOA (NUEVA ESPERANZA),"anticoncepcion, prevencion de its y de cancer de cuello uterino",numero de inyectables trimestrales suministrados,2016-07-01,1,3,6,0,0,10
OCURI,"anticoncepcion, prevencion de its y de cancer de cuello uterino",numero de inyectables trimestrales suministrados,2016-07-01,0,5,39,23,0,67
OKINAWA,"anticoncepcion, prevencion de its y de cancer de cuello uterino",numero de inyectables trimestrales suministrados,2016-07-01,0,4,16,6,1,27
OMEREQUE,"anticoncepcion, prevencion de its y de cancer de cuello uterino",numero de inyectables trimestrales suministrados,2016-07-01,1,3,28,18,0,50
ORURO,"anticoncepcion, prevencion de its y de cancer de cuello uterino",numero de inyectables trimestrales suministrados,2016-07-01,1,55,498,161,2,717
PADCAYA,"anticoncepcion, prevencion de its y de cancer de cuello uterino",numero de inyectables trimestrales suministrados,2016-07-01,0,20,107,54,1,182
PADILLA,"anticoncepcion, prevencion de its y de cancer de cuello uterino",numero de inyectables trimestrales suministrados,2016-07-01,0,12,47,26,0,85
PAILON,"anticoncepcion, prevencion de its y de cancer de cuello uterino",numero de inyectables trimestrales suministrados,2016-07-01,0,3,12,3,0,18
PALCA,"anticoncepcion, prevencion de its y de cancer de cuello uterino",numero de inyectables trimestrales suministrados,2016-07-01,0,6,35,10,0,51
PALOS BLANCOS,"anticoncepcion, prevencion de its y de cancer de cuello uterino",numero de inyectables trimestrales suministrados,2016-07-01,0,11,46,29,0,86
PAMPA AULLAGAS,"anticoncepcion, prevencion de its y de cancer de cuello uterino",numero de inyectables trimestrales suministrados,2016-07-01,0,1,2,1,0,4
PAMPA GRANDE,"anticoncepcion, prevencion de its y de cancer de cuello uterino",numero de inyectables trimestrales suministrados,2016-07-01,0,6,31,13,0,50
PAPEL PAMPA,"anticoncepcion, prevencion de its y de cancer de cuello uterino",numero de inyectables trimestrales suministrados,2016-07-01,0,2,12,9,0,23
PASORAPA,"anticoncepcion, prevencion de its y de cancer de cuello uterino",numero de inyectables trimestrales suministrados,2016-07-01,0,2,13,12,2,29
PATACAMAYA,"anticoncepcion, prevencion de its y de cancer de cuello uterino",numero de inyectables trimestrales suministrados,2016-07-01,0,2,14,7,0,23
PAZÑA,"anticoncepcion, prevencion de its y de cancer de cuello uterino",numero de inyectables trimestrales suministrados,2016-07-01,0,0,5,5,0,10
PELECHUCO,"anticoncepcion, prevencion de its y de cancer de cuello uterino",numero de inyectables trimestrales suministrados,2016-07-01,0,0,11,4,0,15
POCOATA,"anticoncepcion, prevencion de its y de cancer de cuello uterino",numero de inyectables trimestrales suministrados,2016-07-01,0,6,28,28,0,62
POCONA,"anticoncepcion, prevencion de its y de cancer de cuello uterino",numero de inyectables trimestrales suministrados,2016-07-01,0,6,38,42,0,86
POJO (CBBA),"anticoncepcion, prevencion de its y de cancer de cuello uterino",numero de inyectables trimestrales suministrados,2016-07-01,0,14,65,30,2,111
POOPO,"anticoncepcion, prevencion de its y de cancer de cuello uterino",numero de inyectables trimestrales suministrados,2016-07-01,0,0,8,6,1,15
PORCO,"anticoncepcion, prevencion de its y de cancer de cuello uterino",numero de inyectables trimestrales suministrados,2016-07-01,0,1,18,6,0,25
POROMA,"anticoncepcion, prevencion de its y de cancer de cuello uterino",numero de inyectables trimestrales suministrados,2016-07-01,1,4,15,20,0,40
PORONGO,"anticoncepcion, prevencion de its y de cancer de cuello uterino",numero de inyectables trimestrales suministrados,2016-07-01,0,7,32,11,0,50
PORTACHUELO,"anticoncepcion, prevencion de its y de cancer de cuello uterino",numero de inyectables trimestrales suministrados,2016-07-01,0,9,33,9,0,51
PORVENIR,"anticoncepcion, prevencion de its y de cancer de cuello uterino",numero de inyectables trimestrales suministrados,2016-07-01,1,3,20,2,0,26
POSTRER VALLE,"anticoncepcion, prevencion de its y de cancer de cuello uterino",numero de inyectables trimestrales suministrados,2016-07-01,0,3,6,2,0,11
POTOSI,"anticoncepcion, prevencion de its y de cancer de cuello uterino",numero de inyectables trimestrales suministrados,2016-07-01,0,49,440,138,0,627
PRESTO,"anticoncepcion, prevencion de its y de cancer de cuello uterino",numero de inyectables trimestrales suministrados,2016-07-01,1,1,36,20,0,58
PUCARA,"anticoncepcion, prevencion de its y de cancer de cuello uterino",numero de inyectables trimestrales suministrados,2016-07-01,0,2,9,3,0,14
PUCARANI,"anticoncepcion, prevencion de its y de cancer de cuello uterino",numero de inyectables trimestrales suministrados,2016-07-01,0,13,69,41,2,125
PUERTO ACOSTA,"anticoncepcion, prevencion de its y de cancer de cuello uterino",numero de inyectables trimestrales suministrados,2016-07-01,0,1,7,3,0,11
PUERTO CARABUCO,"anticoncepcion, prevencion de its y de cancer de cuello uterino",numero de inyectables trimestrales suministrados,2016-07-01,0,2,27,15,0,44
PUERTO GONZALO MORENO,"anticoncepcion, prevencion de its y de cancer de cuello uterino",numero de inyectables trimestrales suministrados,2016-07-01,2,13,25,8,0,48
PUERTO PEREZ,"anticoncepcion, prevencion de its y de cancer de cuello uterino",numero de inyectables trimestrales suministrados,2016-07-01,0,1,12,5,0,18
PUERTO QUIJARRO,"anticoncepcion, prevencion de its y de cancer de cuello uterino",numero de inyectables trimestrales suministrados,2016-07-01,0,5,29,2,0,36
PUERTO RICO,"anticoncepcion, prevencion de its y de cancer de cuello uterino",numero de inyectables trimestrales suministrados,2016-07-01,0,1,13,4,0,18
PUERTO SILES,"anticoncepcion, prevencion de its y de cancer de cuello uterino",numero de inyectables trimestrales suministrados,2016-07-01,0,0,1,1,0,2
PUERTO SUAREZ,"anticoncepcion, prevencion de its y de cancer de cuello uterino",numero de inyectables trimestrales suministrados,2016-07-01,0,9,12,2,0,23
PUERTO VILLARROEL,"anticoncepcion, prevencion de its y de cancer de cuello uterino",numero de inyectables trimestrales suministrados,2016-07-01,0,15,94,37,0,146
PUNA,"anticoncepcion, prevencion de its y de cancer de cuello uterino",numero de inyectables trimestrales suministrados,2016-07-01,0,4,20,12,0,36
PUNATA,"anticoncepcion, prevencion de its y de cancer de cuello uterino",numero de inyectables trimestrales suministrados,2016-07-01,0,15,52,23,0,90
QUIABAYA,"anticoncepcion, prevencion de its y de cancer de cuello uterino",numero de inyectables trimestrales suministrados,2016-07-01,0,0,7,3,0,10
QUILLACOLLO,"anticoncepcion, prevencion de its y de cancer de cuello uterino",numero de inyectables trimestrales suministrados,2016-07-01,0,18,219,33,1,271
QUIME,"anticoncepcion, prevencion de its y de cancer de cuello uterino",numero de inyectables trimestrales suministrados,2016-07-01,0,3,34,14,2,53
QUIRUSILLAS,"anticoncepcion, prevencion de its y de cancer de cuello uterino",numero de inyectables trimestrales suministrados,2016-07-01,0,0,4,1,0,5
RAVELO,"anticoncepcion, prevencion de its y de cancer de cuello uterino",numero de inyectables trimestrales suministrados,2016-07-01,0,3,58,42,1,104
REYES,"anticoncepcion, prevencion de its y de cancer de cuello uterino",numero de inyectables trimestrales suministrados,2016-07-01,0,9,33,12,0,54
RIBERALTA,"anticoncepcion, prevencion de its y de cancer de cuello uterino",numero de inyectables trimestrales suministrados,2016-07-01,1,60,170,37,0,268
ROBORE,"anticoncepcion, prevencion de its y de cancer de cuello uterino",numero de inyectables trimestrales suministrados,2016-07-01,1,10,49,8,0,68
RURRENABAQUE,"anticoncepcion, prevencion de its y de cancer de cuello uterino",numero de inyectables trimestrales suministrados,2016-07-01,0,2,17,4,0,23
SABAYA,"anticoncepcion, prevencion de its y de cancer de cuello uterino",numero de inyectables trimestrales suministrados,2016-07-01,0,1,6,3,0,10
SACABA,"anticoncepcion, prevencion de its y de cancer de cuello uterino",numero de inyectables trimestrales suministrados,2016-07-01,0,16,142,45,2,205
SACABAMBA,"anticoncepcion, prevencion de its y de cancer de cuello uterino",numero de inyectables trimestrales suministrados,2016-07-01,0,0,6,9,1,16
SACACA,"anticoncepcion, prevencion de its y de cancer de cuello uterino",numero de inyectables trimestrales suministrados,2016-07-01,0,8,52,25,0,85
SAIPINA,"anticoncepcion, prevencion de its y de cancer de cuello uterino",numero de inyectables trimestrales suministrados,2016-07-01,0,5,23,6,0,34
SALINAS DE GARCI MENDOZA,"anticoncepcion, prevencion de its y de cancer de cuello uterino",numero de inyectables trimestrales suministrados,2016-07-01,0,1,19,12,0,32
SAMAIPATA,"anticoncepcion, prevencion de its y de cancer de cuello uterino",numero de inyectables trimestrales suministrados,2016-07-01,0,7,26,10,0,43
SAN AGUSTIN,"anticoncepcion, prevencion de its y de cancer de cuello uterino",numero de inyectables trimestrales suministrados,2016-07-01,0,3,4,2,0,9
SAN ANDRES,"anticoncepcion, prevencion de its y de cancer de cuello uterino",numero de inyectables trimestrales suministrados,2016-07-01,0,7,22,3,0,32
SAN ANDRES DE MACHACA,"anticoncepcion, prevencion de its y de cancer de cuello uterino",numero de inyectables trimestrales suministrados,2016-07-01,0,0,5,4,0,9
SAN ANTONIO DE ESMORUCO,"anticoncepcion, prevencion de its y de cancer de cuello uterino",numero de inyectables trimestrales suministrados,2016-07-01,0,0,0,1,0,1
SAN ANTONIO DE LOMERIO,"anticoncepcion, prevencion de its y de cancer de cuello uterino",numero de inyectables trimestrales suministrados,2016-07-01,3,2,30,21,2,58
SAN BENITO,"anticoncepcion, prevencion de its y de cancer de cuello uterino",numero de inyectables trimestrales suministrados,2016-07-01,1,5,19,15,0,40
SAN BORJA,"anticoncepcion, prevencion de its y de cancer de cuello uterino",numero de inyectables trimestrales suministrados,2016-07-01,1,22,86,29,1,139
SAN BUENA VENTURA,"anticoncepcion, prevencion de its y de cancer de cuello uterino",numero de inyectables trimestrales suministrados,2016-07-01,0,6,23,8,0,37
SAN CARLOS,"anticoncepcion, prevencion de its y de cancer de cuello uterino",numero de inyectables trimestrales suministrados,2016-07-01,0,8,39,15,0,62
SAN IGNACIO,"anticoncepcion, prevencion de its y de cancer de cuello uterino",numero de inyectables trimestrales suministrados,2016-07-01,0,9,76,36,0,121
SAN IGNACIO DE VELASCO,"anticoncepcion, prevencion de its y de cancer de cuello uterino",numero de inyectables trimestrales suministrados,2016-07-01,1,19,152,49,0,221
SAN JAVIER(BNI),"anticoncepcion, prevencion de its y de cancer de cuello uterino",numero de inyectables trimestrales suministrados,2016-07-01,0,3,4,0,0,7
SAN JAVIER(STC),"anticoncepcion, prevencion de its y de cancer de cuello uterino",numero de inyectables trimestrales suministrados,2016-07-01,0,11,43,5,0,59
SAN JOAQUIN,"anticoncepcion, prevencion de its y de cancer de cuello uterino",numero de inyectables trimestrales suministrados,2016-07-01,0,3,2,0,0,5
SAN JOSE DE CHIQUITOS,"anticoncepcion, prevencion de its y de cancer de cuello uterino",numero de inyectables trimestrales suministrados,2016-07-01,0,5,25,10,1,41
SAN JUAN DE YAPACANI,"anticoncepcion, prevencion de its y de cancer de cuello uterino",numero de inyectables trimestrales suministrados,2016-07-01,0,3,16,10,1,30
SAN JULIAN,"anticoncepcion, prevencion de its y de cancer de cuello uterino",numero de inyectables trimestrales suministrados,2016-07-01,0,10,83,30,1,124
SAN LORENZO(PND),"anticoncepcion, prevencion de its y de cancer de cuello uterino",numero de inyectables trimestrales suministrados,2016-07-01,0,0,5,5,0,10
SAN LORENZO(TJA),"anticoncepcion, prevencion de its y de cancer de cuello uterino",numero de inyectables trimestrales suministrados,2016-07-01,0,15,94,50,0,159
SAN LUCAS,"anticoncepcion, prevencion de its y de cancer de cuello uterino",numero de inyectables trimestrales suministrados,2016-07-01,0,7,65,33,1,106
SAN MATIAS,"anticoncepcion, prevencion de its y de cancer de cuello uterino",numero de inyectables trimestrales suministrados,2016-07-01,0,7,24,10,0,41
SAN MIGUEL DE VELASCO,"anticoncepcion, prevencion de its y de cancer de cuello uterino",numero de inyectables trimestrales suministrados,2016-07-01,0,11,74,30,1,116
SAN PABLO DE LIPEZ,"anticoncepcion, prevencion de its y de cancer de cuello uterino",numero de inyectables trimestrales suministrados,2016-07-01,0,1,6,4,0,11
SAN PEDRO,"anticoncepcion, prevencion de its y de cancer de cuello uterino",numero de inyectables trimestrales suministrados,2016-07-01,1,7,28,14,1,51
SAN PEDRO DE BUENA VISTA,"anticoncepcion, prevencion de its y de cancer de cuello uterino",numero de inyectables trimestrales suministrados,2016-07-01,0,7,34,32,0,73
SAN PEDRO DE CURAHUARA,"anticoncepcion, prevencion de its y de cancer de cuello uterino",numero de inyectables trimestrales suministrados,2016-07-01,0,1,8,4,0,13
SAN PEDRO DE QUEMES,"anticoncepcion, prevencion de its y de cancer de cuello uterino",numero de inyectables trimestrales suministrados,2016-07-01,0,1,0,1,0,2
SAN PEDRO DE TIQUINA,"anticoncepcion, prevencion de its y de cancer de cuello uterino",numero de inyectables trimestrales suministrados,2016-07-01,0,0,9,4,0,13
SAN PEDRO(PND),"anticoncepcion, prevencion de its y de cancer de cuello uterino",numero de inyectables trimestrales suministrados,2016-07-01,0,2,8,1,0,11
SAN RAFAEL,"anticoncepcion, prevencion de its y de cancer de cuello uterino",numero de inyectables trimestrales suministrados,2016-07-01,3,6,44,13,0,66
SAN RAMON SCZ,"anticoncepcion, prevencion de its y de cancer de cuello uterino",numero de inyectables trimestrales suministrados,2016-07-01,0,6,36,7,1,50
SANTA ANA,"anticoncepcion, prevencion de its y de cancer de cuello uterino",numero de inyectables trimestrales suministrados,2016-07-01,0,2,19,2,0,23
SANTA CRUZ DE LA SIERRA,"anticoncepcion, prevencion de its y de cancer de cuello uterino",numero de inyectables trimestrales suministrados,2016-07-01,4,119,470,129,2,724
SANTA ROSA,"anticoncepcion, prevencion de its y de cancer de cuello uterino",numero de inyectables trimestrales suministrados,2016-07-01,0,0,4,2,0,6
SANTA ROSA DEL SARA,"anticoncepcion, prevencion de its y de cancer de cuello uterino",numero de inyectables trimestrales suministrados,2016-07-01,1,8,42,25,1,77
SANTIAGO DE CALLAPA,"anticoncepcion, prevencion de its y de cancer de cuello uterino",numero de inyectables trimestrales suministrados,2016-07-01,0,0,1,2,0,3
SANTIAGO DE HUARI,"anticoncepcion, prevencion de its y de cancer de cuello uterino",numero de inyectables trimestrales suministrados,2016-07-01,0,2,12,8,0,22
SANTIAGO DE HUATA,"anticoncepcion, prevencion de its y de cancer de cuello uterino",numero de inyectables trimestrales suministrados,2016-07-01,0,1,10,3,0,14
SANTIAGO DE MACHACA,"anticoncepcion, prevencion de its y de cancer de cuello uterino",numero de inyectables trimestrales suministrados,2016-07-01,0,0,5,2,0,7
SANTIVAÑES,"anticoncepcion, prevencion de its y de cancer de cuello uterino",numero de inyectables trimestrales suministrados,2016-07-01,0,4,23,6,0,33
SANTUARIO DE QUILLACAS,"anticoncepcion, prevencion de its y de cancer de cuello uterino",numero de inyectables trimestrales suministrados,2016-07-01,0,2,3,2,0,7
SAPAHAQUI,"anticoncepcion, prevencion de its y de cancer de cuello uterino",numero de inyectables trimestrales suministrados,2016-07-01,0,3,19,16,0,38
SENA,"anticoncepcion, prevencion de its y de cancer de cuello uterino",numero de inyectables trimestrales suministrados,2016-07-01,0,1,7,5,0,13
SHINAOTA,"anticoncepcion, prevencion de its y de cancer de cuello uterino",numero de inyectables trimestrales suministrados,2016-07-01,1,8,38,8,0,55
SICA SICA (VILLA AROMA),"anticoncepcion, prevencion de its y de cancer de cuello uterino",numero de inyectables trimestrales suministrados,2016-07-01,0,2,31,23,2,58
SICAYA,"anticoncepcion, prevencion de its y de cancer de cuello uterino",numero de inyectables trimestrales suministrados,2016-07-01,0,4,14,9,0,27
SIPE SIPE,"anticoncepcion, prevencion de its y de cancer de cuello uterino",numero de inyectables trimestrales suministrados,2016-07-01,0,32,176,71,1,280
SOPACHUY,"anticoncepcion, prevencion de its y de cancer de cuello uterino",numero de inyectables trimestrales suministrados,2016-07-01,0,6,25,20,1,52
SORACACHI,"anticoncepcion, prevencion de its y de cancer de cuello uterino",numero de inyectables trimestrales suministrados,2016-07-01,0,0,9,6,0,15
SORATA,"anticoncepcion, prevencion de its y de cancer de cuello uterino",numero de inyectables trimestrales suministrados,2016-07-01,0,7,24,19,1,51
SUCRE,"anticoncepcion, prevencion de its y de cancer de cuello uterino",numero de inyectables trimestrales suministrados,2016-07-01,0,77,365,109,1,552
TACACHI,"anticoncepcion, prevencion de its y de cancer de cuello uterino",numero de inyectables trimestrales suministrados,2016-07-01,0,0,1,0,0,1
TACACOMA,"anticoncepcion, prevencion de its y de cancer de cuello uterino",numero de inyectables trimestrales suministrados,2016-07-01,0,2,41,9,0,52
TACOBAMBA,"anticoncepcion, prevencion de its y de cancer de cuello uterino",numero de inyectables trimestrales suministrados,2016-07-01,0,1,21,16,0,38
TACOPAYA,"anticoncepcion, prevencion de its y de cancer de cuello uterino",numero de inyectables trimestrales suministrados,2016-07-01,0,1,9,4,0,14
TAHUA,"anticoncepcion, prevencion de its y de cancer de cuello uterino",numero de inyectables trimestrales suministrados,2016-07-01,0,0,4,2,0,6
TAPACARI,"anticoncepcion, prevencion de its y de cancer de cuello uterino",numero de inyectables trimestrales suministrados,2016-07-01,1,7,70,38,0,116
TARABUCO,"anticoncepcion, prevencion de its y de cancer de cuello uterino",numero de inyectables trimestrales suministrados,2016-07-01,0,5,19,25,0,49
TARACO,"anticoncepcion, prevencion de its y de cancer de cuello uterino",numero de inyectables trimestrales suministrados,2016-07-01,0,1,14,7,0,22
TARATA,"anticoncepcion, prevencion de its y de cancer de cuello uterino",numero de inyectables trimestrales suministrados,2016-07-01,0,3,30,12,0,45
TARIJA,"anticoncepcion, prevencion de its y de cancer de cuello uterino",numero de inyectables trimestrales suministrados,2016-07-01,1,33,190,74,0,298
TARVITA,"anticoncepcion, prevencion de its y de cancer de cuello uterino",numero de inyectables trimestrales suministrados,2016-07-01,1,8,29,26,1,65
TEOPONTE,"anticoncepcion, prevencion de its y de cancer de cuello uterino",numero de inyectables trimestrales suministrados,2016-07-01,0,5,37,7,0,49
TIAWANACU,"anticoncepcion, prevencion de its y de cancer de cuello uterino",numero de inyectables trimestrales suministrados,2016-07-01,0,1,21,14,1,37
TINGUIPAYA,"anticoncepcion, prevencion de its y de cancer de cuello uterino",numero de inyectables trimestrales suministrados,2016-07-01,0,0,12,9,0,21
TIPUANI,"anticoncepcion, prevencion de its y de cancer de cuello uterino",numero de inyectables trimestrales suministrados,2016-07-01,0,4,20,9,0,33
TIQUIPAYA,"anticoncepcion, prevencion de its y de cancer de cuello uterino",numero de inyectables trimestrales suministrados,2016-07-01,0,23,116,37,1,177
TIRAQUE (CBBA),"anticoncepcion, prevencion de its y de cancer de cuello uterino",numero de inyectables trimestrales suministrados,2016-07-01,0,8,48,32,0,88
TITO YUPANQUI (PARQUIPUJIO),"anticoncepcion, prevencion de its y de cancer de cuello uterino",numero de inyectables trimestrales suministrados,2016-07-01,0,0,4,1,0,5
TOCO,"anticoncepcion, prevencion de its y de cancer de cuello uterino",numero de inyectables trimestrales suministrados,2016-07-01,0,6,21,10,1,38
TODOS SANTOS,"anticoncepcion, prevencion de its y de cancer de cuello uterino",numero de inyectables trimestrales suministrados,2016-07-01,0,0,1,1,0,2
TOLATA,"anticoncepcion, prevencion de its y de cancer de cuello uterino",numero de inyectables trimestrales suministrados,2016-07-01,0,2,22,8,0,32
TOLEDO,"anticoncepcion, prevencion de its y de cancer de cuello uterino",numero de inyectables trimestrales suministrados,2016-07-01,0,1,7,6,0,14
TOMAVE,"anticoncepcion, prevencion de its y de cancer de cuello uterino",numero de inyectables trimestrales suministrados,2016-07-01,0,2,14,22,0,38
TOMINA,"anticoncepcion, prevencion de its y de cancer de cuello uterino",numero de inyectables trimestrales suministrados,2016-07-01,0,6,41,28,0,75
TORO TORO,"anticoncepcion, prevencion de its y de cancer de cuello uterino",numero de inyectables trimestrales suministrados,2016-07-01,0,1,9,4,0,14
TOTORA(CBBA),"anticoncepcion, prevencion de its y de cancer de cuello uterino",numero de inyectables trimestrales suministrados,2016-07-01,0,25,80,33,3,141
TOTORA(ORR),"anticoncepcion, prevencion de its y de cancer de cuello uterino",numero de inyectables trimestrales suministrados,2016-07-01,0,1,19,5,0,25
TRIGAL,"anticoncepcion, prevencion de its y de cancer de cuello uterino",numero de inyectables trimestrales suministrados,2016-07-01,1,3,7,3,0,14
TRINIDAD,"anticoncepcion, prevencion de its y de cancer de cuello uterino",numero de inyectables trimestrales suministrados,2016-07-01,0,0,10,2,0,12
TUPIZA,"anticoncepcion, prevencion de its y de cancer de cuello uterino",numero de inyectables trimestrales suministrados,2016-07-01,0,15,99,45,1,160
TURCO,"anticoncepcion, prevencion de its y de cancer de cuello uterino",numero de inyectables trimestrales suministrados,2016-07-01,0,4,2,3,0,9
UMALA,"anticoncepcion, prevencion de its y de cancer de cuello uterino",numero de inyectables trimestrales suministrados,2016-07-01,0,2,13,8,0,23
UNCIA,"anticoncepcion, prevencion de its y de cancer de cuello uterino",numero de inyectables trimestrales suministrados,2016-07-01,0,6,50,21,0,77
URIONDO (A. CONCEPCION),"anticoncepcion, prevencion de its y de cancer de cuello uterino",numero de inyectables trimestrales suministrados,2016-07-01,0,9,67,36,2,114
URUBICHA,"anticoncepcion, prevencion de its y de cancer de cuello uterino",numero de inyectables trimestrales suministrados,2016-07-01,0,0,12,3,0,15
UYUNI,"anticoncepcion, prevencion de its y de cancer de cuello uterino",numero de inyectables trimestrales suministrados,2016-07-01,0,2,46,12,0,60
VACAS,"anticoncepcion, prevencion de its y de cancer de cuello uterino",numero de inyectables trimestrales suministrados,2016-07-01,0,5,22,23,0,50
VALLEGRANDE,"anticoncepcion, prevencion de its y de cancer de cuello uterino",numero de inyectables trimestrales suministrados,2016-07-01,0,9,55,11,0,75
VIACHA,"anticoncepcion, prevencion de its y de cancer de cuello uterino",numero de inyectables trimestrales suministrados,2016-07-01,0,20,137,63,2,222
VILA VILA,"anticoncepcion, prevencion de its y de cancer de cuello uterino",numero de inyectables trimestrales suministrados,2016-07-01,0,3,11,1,0,15
VILLA CHARCAS,"anticoncepcion, prevencion de its y de cancer de cuello uterino",numero de inyectables trimestrales suministrados,2016-07-01,0,14,67,36,0,117
VILLA MONTES,"anticoncepcion, prevencion de its y de cancer de cuello uterino",numero de inyectables trimestrales suministrados,2016-07-01,1,17,99,23,1,141
VILLA NUEVA (LOMA ALTA),"anticoncepcion, prevencion de its y de cancer de cuello uterino",numero de inyectables trimestrales suministrados,2016-07-01,0,2,7,0,0,9
VILLA RIVERO,"anticoncepcion, prevencion de its y de cancer de cuello uterino",numero de inyectables trimestrales suministrados,2016-07-01,1,6,48,15,0,70
VILLA SERRANO,"anticoncepcion, prevencion de its y de cancer de cuello uterino",numero de inyectables trimestrales suministrados,2016-07-01,0,10,25,25,0,60
VILLA TUNARI,"anticoncepcion, prevencion de its y de cancer de cuello uterino",numero de inyectables trimestrales suministrados,2016-07-01,1,46,333,124,2,506
VILLA VACA GUZMAN (MUYUPAMPA),"anticoncepcion, prevencion de its y de cancer de cuello uterino",numero de inyectables trimestrales suministrados,2016-07-01,0,5,29,14,0,48
VILLAZON,"anticoncepcion, prevencion de its y de cancer de cuello uterino",numero de inyectables trimestrales suministrados,2016-07-01,0,8,94,51,0,153
VINTO,"anticoncepcion, prevencion de its y de cancer de cuello uterino",numero de inyectables trimestrales suministrados,2016-07-01,1,15,82,17,0,115
VITICHI,"anticoncepcion, prevencion de its y de cancer de cuello uterino",numero de inyectables trimestrales suministrados,2016-07-01,0,1,15,14,0,30
WALDO BALLIVIAN,"anticoncepcion, prevencion de its y de cancer de cuello uterino",numero de inyectables trimestrales suministrados,2016-07-01,0,0,3,3,0,6
WARNES,"anticoncepcion, prevencion de its y de cancer de cuello uterino",numero de inyectables trimestrales suministrados,2016-07-01,3,55,181,43,2,284
YACO,"anticoncepcion, prevencion de its y de cancer de cuello uterino",numero de inyectables trimestrales suministrados,2016-07-01,0,2,17,10,0,29
YACUIBA,"anticoncepcion, prevencion de its y de cancer de cuello uterino",numero de inyectables trimestrales suministrados,2016-07-01,3,34,198,89,2,326
YAMPARAEZ,"anticoncepcion, prevencion de its y de cancer de cuello uterino",numero de inyectables trimestrales suministrados,2016-07-01,0,4,13,10,1,28
YANACACHI,"anticoncepcion, prevencion de its y de cancer de cuello uterino",numero de inyectables trimestrales suministrados,2016-07-01,0,1,21,5,0,27
YAPACANI,"anticoncepcion, prevencion de its y de cancer de cuello uterino",numero de inyectables trimestrales suministrados,2016-07-01,1,7,87,16,0,111
YOCALLA,"anticoncepcion, prevencion de its y de cancer de cuello uterino",numero de inyectables trimestrales suministrados,2016-07-01,0,1,10,3,0,14
YOTALA,"anticoncepcion, prevencion de its y de cancer de cuello uterino",numero de inyectables trimestrales suministrados,2016-07-01,0,1,14,2,0,17
YUNCHARA,"anticoncepcion, prevencion de its y de cancer de cuello uterino",numero de inyectables trimestrales suministrados,2016-07-01,1,3,29,26,0,59
ZUDAÑEZ,"anticoncepcion, prevencion de its y de cancer de cuello uterino",numero de inyectables trimestrales suministrados,2016-07-01,0,9,33,21,0,63
ACACIO,"anticoncepcion, prevencion de its y de cancer de cuello uterino",numero de inyectables trimestrales suministrados,2016-08-01,0,1,14,13,0,28
ACHACACHI,"anticoncepcion, prevencion de its y de cancer de cuello uterino",numero de inyectables trimestrales suministrados,2016-08-01,0,2,34,26,2,64
ACHOCALLA,"anticoncepcion, prevencion de its y de cancer de cuello uterino",numero de inyectables trimestrales suministrados,2016-08-01,0,4,38,20,0,62
AIQUILE,"anticoncepcion, prevencion de its y de cancer de cuello uterino",numero de inyectables trimestrales suministrados,2016-08-01,0,3,27,30,0,60
ALALAY,"anticoncepcion, prevencion de its y de cancer de cuello uterino",numero de inyectables trimestrales suministrados,2016-08-01,0,0,2,3,0,5
ALCALA,"anticoncepcion, prevencion de its y de cancer de cuello uterino",numero de inyectables trimestrales suministrados,2016-08-01,0,3,15,11,0,29
ALTO BENI,"anticoncepcion, prevencion de its y de cancer de cuello uterino",numero de inyectables trimestrales suministrados,2016-08-01,0,5,25,18,0,48
ANCORAIMES,"anticoncepcion, prevencion de its y de cancer de cuello uterino",numero de inyectables trimestrales suministrados,2016-08-01,0,2,12,9,0,23
ANDAMARCA,"anticoncepcion, prevencion de its y de cancer de cuello uterino",numero de inyectables trimestrales suministrados,2016-08-01,0,2,10,6,0,18
ANTEQUERA,"anticoncepcion, prevencion de its y de cancer de cuello uterino",numero de inyectables trimestrales suministrados,2016-08-01,0,0,5,2,0,7
ANZALDO,"anticoncepcion, prevencion de its y de cancer de cuello uterino",numero de inyectables trimestrales suministrados,2016-08-01,0,1,30,16,0,47
APOLO,"anticoncepcion, prevencion de its y de cancer de cuello uterino",numero de inyectables trimestrales suministrados,2016-08-01,0,4,29,25,1,59
ARAMPAMPA,"anticoncepcion, prevencion de its y de cancer de cuello uterino",numero de inyectables trimestrales suministrados,2016-08-01,0,0,2,1,0,3
ARANI,"anticoncepcion, prevencion de its y de cancer de cuello uterino",numero de inyectables trimestrales suministrados,2016-08-01,0,1,6,4,0,11
ARBIETO,"anticoncepcion, prevencion de its y de cancer de cuello uterino",numero de inyectables trimestrales suministrados,2016-08-01,0,13,58,36,0,107
ARQUE,"anticoncepcion, prevencion de its y de cancer de cuello uterino",numero de inyectables trimestrales suministrados,2016-08-01,0,3,38,31,0,72
ASCENCION DE GUARAYOS,"anticoncepcion, prevencion de its y de cancer de cuello uterino",numero de inyectables trimestrales suministrados,2016-08-01,0,11,40,16,0,67
ATOCHA,"anticoncepcion, prevencion de its y de cancer de cuello uterino",numero de inyectables trimestrales suministrados,2016-08-01,0,1,26,10,0,37
AUCAPATA,"anticoncepcion, prevencion de its y de cancer de cuello uterino",numero de inyectables trimestrales suministrados,2016-08-01,0,3,16,8,0,27
AYATA,"anticoncepcion, prevencion de its y de cancer de cuello uterino",numero de inyectables trimestrales suministrados,2016-08-01,0,3,27,20,1,51
AYO AYO,"anticoncepcion, prevencion de its y de cancer de cuello uterino",numero de inyectables trimestrales suministrados,2016-08-01,0,2,12,6,0,20
AYOPAYA (V. DE INDEPENDENCIA),"anticoncepcion, prevencion de its y de cancer de cuello uterino",numero de inyectables trimestrales suministrados,2016-08-01,0,25,84,62,1,172
AZURDUY,"anticoncepcion, prevencion de its y de cancer de cuello uterino",numero de inyectables trimestrales suministrados,2016-08-01,0,5,36,29,1,71
BATALLAS,"anticoncepcion, prevencion de its y de cancer de cuello uterino",numero de inyectables trimestrales suministrados,2016-08-01,1,3,26,14,0,44
BAURES,"anticoncepcion, prevencion de its y de cancer de cuello uterino",numero de inyectables trimestrales suministrados,2016-08-01,0,1,3,3,0,7
BELEN DE ANDAMARCA,"anticoncepcion, prevencion de its y de cancer de cuello uterino",numero de inyectables trimestrales suministrados,2016-08-01,0,0,2,3,0,5
BELEN DE URMIRI,"anticoncepcion, prevencion de its y de cancer de cuello uterino",numero de inyectables trimestrales suministrados,2016-08-01,0,0,0,2,0,2
BELLA FLOR,"anticoncepcion, prevencion de its y de cancer de cuello uterino",numero de inyectables trimestrales suministrados,2016-08-01,0,6,14,3,0,23
BERMEJO,"anticoncepcion, prevencion de its y de cancer de cuello uterino",numero de inyectables trimestrales suministrados,2016-08-01,2,21,94,38,0,155
BETANZOS,"anticoncepcion, prevencion de its y de cancer de cuello uterino",numero de inyectables trimestrales suministrados,2016-08-01,0,2,43,50,1,96
BOLIVAR,"anticoncepcion, prevencion de its y de cancer de cuello uterino",numero de inyectables trimestrales suministrados,2016-08-01,0,1,14,9,0,24
BOLPEBRA,"anticoncepcion, prevencion de its y de cancer de cuello uterino",numero de inyectables trimestrales suministrados,2016-08-01,1,2,3,3,0,9
BOYUIBE,"anticoncepcion, prevencion de its y de cancer de cuello uterino",numero de inyectables trimestrales suministrados,2016-08-01,0,1,9,5,0,15
BUENA VISTA,"anticoncepcion, prevencion de its y de cancer de cuello uterino",numero de inyectables trimestrales suministrados,2016-08-01,0,8,34,14,0,56
CABEZAS,"anticoncepcion, prevencion de its y de cancer de cuello uterino",numero de inyectables trimestrales suministrados,2016-08-01,1,26,81,16,0,124
CAIROMA,"anticoncepcion, prevencion de its y de cancer de cuello uterino",numero de inyectables trimestrales suministrados,2016-08-01,0,4,32,13,0,49
"CAIZA ""D""","anticoncepcion, prevencion de its y de cancer de cuello uterino",numero de inyectables trimestrales suministrados,2016-08-01,0,0,2,4,0,6
CAJUATA,"anticoncepcion, prevencion de its y de cancer de cuello uterino",numero de inyectables trimestrales suministrados,2016-08-01,0,2,34,10,0,46
CALACOTO,"anticoncepcion, prevencion de its y de cancer de cuello uterino",numero de inyectables trimestrales suministrados,2016-08-01,0,0,3,2,0,5
CALAMARCA,"anticoncepcion, prevencion de its y de cancer de cuello uterino",numero de inyectables trimestrales suministrados,2016-08-01,0,3,45,14,0,62
CAMARGO,"anticoncepcion, prevencion de its y de cancer de cuello uterino",numero de inyectables trimestrales suministrados,2016-08-01,0,4,21,16,0,41
CAMATAQUI (C. VILLA ABECIA),"anticoncepcion, prevencion de its y de cancer de cuello uterino",numero de inyectables trimestrales suministrados,2016-08-01,0,0,5,5,0,10
CAMIRI,"anticoncepcion, prevencion de its y de cancer de cuello uterino",numero de inyectables trimestrales suministrados,2016-08-01,0,8,39,16,0,63
CAPINOTA,"anticoncepcion, prevencion de its y de cancer de cuello uterino",numero de inyectables trimestrales suministrados,2016-08-01,2,8,45,31,1,87
CAQUIAVIRI,"anticoncepcion, prevencion de its y de cancer de cuello uterino",numero de inyectables trimestrales suministrados,2016-08-01,0,1,19,12,0,32
CARACOLLO,"anticoncepcion, prevencion de its y de cancer de cuello uterino",numero de inyectables trimestrales suministrados,2016-08-01,0,4,49,21,0,74
CARANAVI,"anticoncepcion, prevencion de its y de cancer de cuello uterino",numero de inyectables trimestrales suministrados,2016-08-01,0,14,103,42,0,159
CARAPARI,"anticoncepcion, prevencion de its y de cancer de cuello uterino",numero de inyectables trimestrales suministrados,2016-08-01,0,2,32,13,0,47
CARIPUYO,"anticoncepcion, prevencion de its y de cancer de cuello uterino",numero de inyectables trimestrales suministrados,2016-08-01,0,2,6,8,0,16
CARMEN RIVERO TORREZ,"anticoncepcion, prevencion de its y de cancer de cuello uterino",numero de inyectables trimestrales suministrados,2016-08-01,0,3,8,5,0,16
CATACORA,"anticoncepcion, prevencion de its y de cancer de cuello uterino",numero de inyectables trimestrales suministrados,2016-08-01,0,0,3,2,0,5
CHACARILLA,"anticoncepcion, prevencion de its y de cancer de cuello uterino",numero de inyectables trimestrales suministrados,2016-08-01,0,2,0,3,0,5
CHALLAPATA,"anticoncepcion, prevencion de its y de cancer de cuello uterino",numero de inyectables trimestrales suministrados,2016-08-01,0,5,39,22,0,66
CHAQUI,"anticoncepcion, prevencion de its y de cancer de cuello uterino",numero de inyectables trimestrales suministrados,2016-08-01,0,2,14,8,0,24
CHARAGUA,"anticoncepcion, prevencion de its y de cancer de cuello uterino",numero de inyectables trimestrales suministrados,2016-08-01,0,6,40,27,1,74
CHARAÑA,"anticoncepcion, prevencion de its y de cancer de cuello uterino",numero de inyectables trimestrales suministrados,2016-08-01,0,0,6,3,0,9
CHAYANTA,"anticoncepcion, prevencion de its y de cancer de cuello uterino",numero de inyectables trimestrales suministrados,2016-08-01,0,2,19,19,0,40
CHIMORE,"anticoncepcion, prevencion de its y de cancer de cuello uterino",numero de inyectables trimestrales suministrados,2016-08-01,0,5,58,14,0,77
CHIPAYA,"anticoncepcion, prevencion de its y de cancer de cuello uterino",numero de inyectables trimestrales suministrados,2016-08-01,0,4,11,1,0,16
CHOQUE COTA,"anticoncepcion, prevencion de its y de cancer de cuello uterino",numero de inyectables trimestrales suministrados,2016-08-01,0,0,2,1,0,3
CHUA COCANI,"anticoncepcion, prevencion de its y de cancer de cuello uterino",numero de inyectables trimestrales suministrados,2016-08-01,0,0,9,3,0,12
CHULUMANI (V. DE LA LIBERTAD),"anticoncepcion, prevencion de its y de cancer de cuello uterino",numero de inyectables trimestrales suministrados,2016-08-01,0,3,23,13,0,39
CHUMA,"anticoncepcion, prevencion de its y de cancer de cuello uterino",numero de inyectables trimestrales suministrados,2016-08-01,0,2,36,20,2,60
CHUQUIHUTA AYLLU JUCUMANI,"anticoncepcion, prevencion de its y de cancer de cuello uterino",numero de inyectables trimestrales suministrados,2016-08-01,0,0,15,3,0,18
CKOCHAS,"anticoncepcion, prevencion de its y de cancer de cuello uterino",numero de inyectables trimestrales suministrados,2016-08-01,0,2,20,19,0,41
CLIZA,"anticoncepcion, prevencion de its y de cancer de cuello uterino",numero de inyectables trimestrales suministrados,2016-08-01,0,7,30,14,1,52
COBIJA,"anticoncepcion, prevencion de its y de cancer de cuello uterino",numero de inyectables trimestrales suministrados,2016-08-01,2,13,90,20,1,126
COCAPATA,"anticoncepcion, prevencion de its y de cancer de cuello uterino",numero de inyectables trimestrales suministrados,2016-08-01,0,14,71,31,0,116
COCHABAMBA,"anticoncepcion, prevencion de its y de cancer de cuello uterino",numero de inyectables trimestrales suministrados,2016-08-01,7,44,288,93,0,432
COIPASA,"anticoncepcion, prevencion de its y de cancer de cuello uterino",numero de inyectables trimestrales suministrados,2016-08-01,0,0,6,0,0,6
COLCAPIRHUA,"anticoncepcion, prevencion de its y de cancer de cuello uterino",numero de inyectables trimestrales suministrados,2016-08-01,0,9,58,12,0,79
"COLCHA ""K""","anticoncepcion, prevencion de its y de cancer de cuello uterino",numero de inyectables trimestrales suministrados,2016-08-01,0,4,45,18,1,68
COLLANA,"anticoncepcion, prevencion de its y de cancer de cuello uterino",numero de inyectables trimestrales suministrados,2016-08-01,0,1,7,4,0,12
COLOMI,"anticoncepcion, prevencion de its y de cancer de cuello uterino",numero de inyectables trimestrales suministrados,2016-08-01,0,8,62,21,0,91
COLPA BELGICA,"anticoncepcion, prevencion de its y de cancer de cuello uterino",numero de inyectables trimestrales suministrados,2016-08-01,0,0,5,0,0,5
COLQUECHACA,"anticoncepcion, prevencion de its y de cancer de cuello uterino",numero de inyectables trimestrales suministrados,2016-08-01,0,5,45,38,0,88
COLQUENCHA,"anticoncepcion, prevencion de its y de cancer de cuello uterino",numero de inyectables trimestrales suministrados,2016-08-01,0,3,14,14,0,31
COLQUIRI,"anticoncepcion, prevencion de its y de cancer de cuello uterino",numero de inyectables trimestrales suministrados,2016-08-01,0,4,21,11,1,37
COMANCHE,"anticoncepcion, prevencion de its y de cancer de cuello uterino",numero de inyectables trimestrales suministrados,2016-08-01,0,0,4,0,0,4
COMARAPA,"anticoncepcion, prevencion de its y de cancer de cuello uterino",numero de inyectables trimestrales suministrados,2016-08-01,0,12,67,31,0,110
COMBAYA,"anticoncepcion, prevencion de its y de cancer de cuello uterino",numero de inyectables trimestrales suministrados,2016-08-01,0,2,5,3,0,10
CONCEPCION,"anticoncepcion, prevencion de its y de cancer de cuello uterino",numero de inyectables trimestrales suministrados,2016-08-01,0,2,29,5,0,36
COPACABANA,"anticoncepcion, prevencion de its y de cancer de cuello uterino",numero de inyectables trimestrales suministrados,2016-08-01,0,1,24,20,1,46
CORIPATA,"anticoncepcion, prevencion de its y de cancer de cuello uterino",numero de inyectables trimestrales suministrados,2016-08-01,0,3,34,14,0,51
CORO CORO,"anticoncepcion, prevencion de its y de cancer de cuello uterino",numero de inyectables trimestrales suministrados,2016-08-01,0,1,10,2,1,14
COROICO,"anticoncepcion, prevencion de its y de cancer de cuello uterino",numero de inyectables trimestrales suministrados,2016-08-01,0,0,20,4,0,24
CORQUE,"anticoncepcion, prevencion de its y de cancer de cuello uterino",numero de inyectables trimestrales suministrados,2016-08-01,0,2,10,7,0,19
COTAGAITA,"anticoncepcion, prevencion de its y de cancer de cuello uterino",numero de inyectables trimestrales suministrados,2016-08-01,0,3,37,35,0,75
COTOCA,"anticoncepcion, prevencion de its y de cancer de cuello uterino",numero de inyectables trimestrales suministrados,2016-08-01,0,32,117,36,0,185
CUATRO CAÑADAS,"anticoncepcion, prevencion de its y de cancer de cuello uterino",numero de inyectables trimestrales suministrados,2016-08-01,0,7,33,16,0,56
CUCHUMUELA (V. G. VILLARROEL),"anticoncepcion, prevencion de its y de cancer de cuello uterino",numero de inyectables trimestrales suministrados,2016-08-01,0,0,13,3,0,16
CUEVO,"anticoncepcion, prevencion de its y de cancer de cuello uterino",numero de inyectables trimestrales suministrados,2016-08-01,0,5,18,10,0,33
CULPINA,"anticoncepcion, prevencion de its y de cancer de cuello uterino",numero de inyectables trimestrales suministrados,2016-08-01,0,7,40,29,1,77
CURAHUARA DE CARANGAS,"anticoncepcion, prevencion de its y de cancer de cuello uterino",numero de inyectables trimestrales suministrados,2016-08-01,0,0,16,9,0,25
CURVA,"anticoncepcion, prevencion de its y de cancer de cuello uterino",numero de inyectables trimestrales suministrados,2016-08-01,0,1,6,2,1,10
DESAGUADERO,"anticoncepcion, prevencion de its y de cancer de cuello uterino",numero de inyectables trimestrales suministrados,2016-08-01,0,0,5,2,0,7
EL ALTO,"anticoncepcion, prevencion de its y de cancer de cuello uterino",numero de inyectables trimestrales suministrados,2016-08-01,0,69,705,305,2,1081
EL CHORO,"anticoncepcion, prevencion de its y de cancer de cuello uterino",numero de inyectables trimestrales suministrados,2016-08-01,0,2,7,4,0,13
EL PUENTE(STC),"anticoncepcion, prevencion de its y de cancer de cuello uterino",numero de inyectables trimestrales suministrados,2016-08-01,0,5,50,24,0,79
EL PUENTE(TJA),"anticoncepcion, prevencion de its y de cancer de cuello uterino",numero de inyectables trimestrales suministrados,2016-08-01,0,9,45,46,0,100
EL TORNO,"anticoncepcion, prevencion de its y de cancer de cuello uterino",numero de inyectables trimestrales suministrados,2016-08-01,7,34,114,56,0,211
EL VILLAR,"anticoncepcion, prevencion de its y de cancer de cuello uterino",numero de inyectables trimestrales suministrados,2016-08-01,0,2,19,20,0,41
ENTRE RIOS TRJ,"anticoncepcion, prevencion de its y de cancer de cuello uterino",numero de inyectables trimestrales suministrados,2016-08-01,0,22,117,54,3,196
ENTRE RIOS CBBA,"anticoncepcion, prevencion de its y de cancer de cuello uterino",numero de inyectables trimestrales suministrados,2016-08-01,1,9,70,26,1,107
ESCARA,"anticoncepcion, prevencion de its y de cancer de cuello uterino",numero de inyectables trimestrales suministrados,2016-08-01,0,0,1,0,0,1
ESCOMA,"anticoncepcion, prevencion de its y de cancer de cuello uterino",numero de inyectables trimestrales suministrados,2016-08-01,0,0,4,0,0,4
EUCALIPTUS,"anticoncepcion, prevencion de its y de cancer de cuello uterino",numero de inyectables trimestrales suministrados,2016-08-01,0,0,3,4,0,7
EUREKA (SANTOS MERCADO),"anticoncepcion, prevencion de its y de cancer de cuello uterino",numero de inyectables trimestrales suministrados,2016-08-01,0,2,7,1,0,10
EXALTACION,"anticoncepcion, prevencion de its y de cancer de cuello uterino",numero de inyectables trimestrales suministrados,2016-08-01,0,0,4,0,0,4
FERNANDEZ ALONSO,"anticoncepcion, prevencion de its y de cancer de cuello uterino",numero de inyectables trimestrales suministrados,2016-08-01,1,7,30,12,0,50
FILADELFIA,"anticoncepcion, prevencion de its y de cancer de cuello uterino",numero de inyectables trimestrales suministrados,2016-08-01,0,10,28,9,0,47
GENERAL SAAVEDRA,"anticoncepcion, prevencion de its y de cancer de cuello uterino",numero de inyectables trimestrales suministrados,2016-08-01,0,8,36,17,0,61
GRAL. J.J. PEREZ (CHARAZANI),"anticoncepcion, prevencion de its y de cancer de cuello uterino",numero de inyectables trimestrales suministrados,2016-08-01,0,1,14,12,0,27
GUANAY,"anticoncepcion, prevencion de its y de cancer de cuello uterino",numero de inyectables trimestrales suministrados,2016-08-01,0,4,16,11,0,31
GUAQUI,"anticoncepcion, prevencion de its y de cancer de cuello uterino",numero de inyectables trimestrales suministrados,2016-08-01,0,2,16,11,0,29
GUAYARAMERIN,"anticoncepcion, prevencion de its y de cancer de cuello uterino",numero de inyectables trimestrales suministrados,2016-08-01,0,16,55,19,0,90
GUTIERREZ,"anticoncepcion, prevencion de its y de cancer de cuello uterino",numero de inyectables trimestrales suministrados,2016-08-01,0,2,16,14,0,32
HUACARETA,"anticoncepcion, prevencion de its y de cancer de cuello uterino",numero de inyectables trimestrales suministrados,2016-08-01,0,10,28,15,3,56
HUACAYA (VILLA DE HUACAYA),"anticoncepcion, prevencion de its y de cancer de cuello uterino",numero de inyectables trimestrales suministrados,2016-08-01,0,1,11,4,0,16
HUACHACALLA,"anticoncepcion, prevencion de its y de cancer de cuello uterino",numero de inyectables trimestrales suministrados,2016-08-01,0,0,2,0,0,2
HUANUNI,"anticoncepcion, prevencion de its y de cancer de cuello uterino",numero de inyectables trimestrales suministrados,2016-08-01,0,0,13,7,0,20
HUARACAJE,"anticoncepcion, prevencion de its y de cancer de cuello uterino",numero de inyectables trimestrales suministrados,2016-08-01,0,1,8,2,0,11
HUARINA,"anticoncepcion, prevencion de its y de cancer de cuello uterino",numero de inyectables trimestrales suministrados,2016-08-01,0,1,16,7,1,25
HUATAJATA,"anticoncepcion, prevencion de its y de cancer de cuello uterino",numero de inyectables trimestrales suministrados,2016-08-01,0,0,3,2,0,5
HUAYLLAMARCA,"anticoncepcion, prevencion de its y de cancer de cuello uterino",numero de inyectables trimestrales suministrados,2016-08-01,1,7,11,6,0,25
HUMANATA,"anticoncepcion, prevencion de its y de cancer de cuello uterino",numero de inyectables trimestrales suministrados,2016-08-01,0,2,3,4,0,9
ICHOCA,"anticoncepcion, prevencion de its y de cancer de cuello uterino",numero de inyectables trimestrales suministrados,2016-08-01,0,0,9,3,0,12
ICLA,"anticoncepcion, prevencion de its y de cancer de cuello uterino",numero de inyectables trimestrales suministrados,2016-08-01,0,4,12,14,0,30
INCAHUASI,"anticoncepcion, prevencion de its y de cancer de cuello uterino",numero de inyectables trimestrales suministrados,2016-08-01,0,4,25,16,0,45
INGAVI (HUMAITA),"anticoncepcion, prevencion de its y de cancer de cuello uterino",numero de inyectables trimestrales suministrados,2016-08-01,0,0,2,0,0,2
INQUISIVI,"anticoncepcion, prevencion de its y de cancer de cuello uterino",numero de inyectables trimestrales suministrados,2016-08-01,0,3,24,14,0,41
IRUPANA (VILLA DE LANZA),"anticoncepcion, prevencion de its y de cancer de cuello uterino",numero de inyectables trimestrales suministrados,2016-08-01,0,9,39,17,0,65
IXIAMAS,"anticoncepcion, prevencion de its y de cancer de cuello uterino",numero de inyectables trimestrales suministrados,2016-08-01,0,2,24,13,0,39
JESUS DE MACHACA,"anticoncepcion, prevencion de its y de cancer de cuello uterino",numero de inyectables trimestrales suministrados,2016-08-01,0,1,18,7,1,27
LA ASUNTA,"anticoncepcion, prevencion de its y de cancer de cuello uterino",numero de inyectables trimestrales suministrados,2016-08-01,0,12,117,44,0,173
LA GUARDIA,"anticoncepcion, prevencion de its y de cancer de cuello uterino",numero de inyectables trimestrales suministrados,2016-08-01,0,24,113,22,1,160
LA PAZ,"anticoncepcion, prevencion de its y de cancer de cuello uterino",numero de inyectables trimestrales suministrados,2016-08-01,1,40,412,177,2,632
LA RIVERA,"anticoncepcion, prevencion de its y de cancer de cuello uterino",numero de inyectables trimestrales suministrados,2016-08-01,0,0,0,1,0,1
LAGUNILLAS,"anticoncepcion, prevencion de its y de cancer de cuello uterino",numero de inyectables trimestrales suministrados,2016-08-01,0,1,6,3,0,10
LAJA,"anticoncepcion, prevencion de its y de cancer de cuello uterino",numero de inyectables trimestrales suministrados,2016-08-01,0,4,30,20,0,54
LAS CARRERAS,"anticoncepcion, prevencion de its y de cancer de cuello uterino",numero de inyectables trimestrales suministrados,2016-08-01,0,2,4,5,0,11
LICOMA PAMPA,"anticoncepcion, prevencion de its y de cancer de cuello uterino",numero de inyectables trimestrales suministrados,2016-08-01,0,1,7,3,0,11
LLALLAGUA,"anticoncepcion, prevencion de its y de cancer de cuello uterino",numero de inyectables trimestrales suministrados,2016-08-01,0,8,62,15,0,85
LLICA,"anticoncepcion, prevencion de its y de cancer de cuello uterino",numero de inyectables trimestrales suministrados,2016-08-01,0,2,12,4,0,18
LORETO,"anticoncepcion, prevencion de its y de cancer de cuello uterino",numero de inyectables trimestrales suministrados,2016-08-01,1,1,5,2,0,9
LURIBAY,"anticoncepcion, prevencion de its y de cancer de cuello uterino",numero de inyectables trimestrales suministrados,2016-08-01,0,3,23,19,1,46
MACHACAMARCA,"anticoncepcion, prevencion de its y de cancer de cuello uterino",numero de inyectables trimestrales suministrados,2016-08-01,0,0,1,2,0,3
MACHARETI,"anticoncepcion, prevencion de its y de cancer de cuello uterino",numero de inyectables trimestrales suministrados,2016-08-01,0,5,35,13,1,54
MAGDALENA,"anticoncepcion, prevencion de its y de cancer de cuello uterino",numero de inyectables trimestrales suministrados,2016-08-01,0,8,27,12,2,49
MAIRANA,"anticoncepcion, prevencion de its y de cancer de cuello uterino",numero de inyectables trimestrales suministrados,2016-08-01,0,2,19,11,0,32
MALLA,"anticoncepcion, prevencion de its y de cancer de cuello uterino",numero de inyectables trimestrales suministrados,2016-08-01,0,0,3,4,0,7
MAPIRI,"anticoncepcion, prevencion de its y de cancer de cuello uterino",numero de inyectables trimestrales suministrados,2016-08-01,0,2,19,7,0,28
MECAPACA,"anticoncepcion, prevencion de its y de cancer de cuello uterino",numero de inyectables trimestrales suministrados,2016-08-01,0,3,13,16,0,32
MINEROS,"anticoncepcion, prevencion de its y de cancer de cuello uterino",numero de inyectables trimestrales suministrados,2016-08-01,0,20,51,15,2,88
MIZQUE,"anticoncepcion, prevencion de its y de cancer de cuello uterino",numero de inyectables trimestrales suministrados,2016-08-01,0,13,78,28,0,119
MOCOMOCO,"anticoncepcion, prevencion de its y de cancer de cuello uterino",numero de inyectables trimestrales suministrados,2016-08-01,0,2,11,13,0,26
MOJINETE,"anticoncepcion, prevencion de its y de cancer de cuello uterino",numero de inyectables trimestrales suministrados,2016-08-01,0,0,1,2,0,3
MOJOCOYA,"anticoncepcion, prevencion de its y de cancer de cuello uterino",numero de inyectables trimestrales suministrados,2016-08-01,0,7,23,23,2,55
MONTEAGUDO,"anticoncepcion, prevencion de its y de cancer de cuello uterino",numero de inyectables trimestrales suministrados,2016-08-01,1,7,64,36,0,108
MONTERO,"anticoncepcion, prevencion de its y de cancer de cuello uterino",numero de inyectables trimestrales suministrados,2016-08-01,1,22,133,41,0,197
MORO MORO,"anticoncepcion, prevencion de its y de cancer de cuello uterino",numero de inyectables trimestrales suministrados,2016-08-01,0,7,17,7,0,31
MOROCHATA,"anticoncepcion, prevencion de its y de cancer de cuello uterino",numero de inyectables trimestrales suministrados,2016-08-01,0,6,53,30,0,89
NACEBE (SANTA ROSA DEL ABUNA),"anticoncepcion, prevencion de its y de cancer de cuello uterino",numero de inyectables trimestrales suministrados,2016-08-01,0,4,14,2,0,20
NAZACARA DE PACAJES,"anticoncepcion, prevencion de its y de cancer de cuello uterino",numero de inyectables trimestrales suministrados,2016-08-01,0,1,0,0,0,1
NUEVO MANOA (NUEVA ESPERANZA),"anticoncepcion, prevencion de its y de cancer de cuello uterino",numero de inyectables trimestrales suministrados,2016-08-01,0,0,8,2,0,10
OCURI,"anticoncepcion, prevencion de its y de cancer de cuello uterino",numero de inyectables trimestrales suministrados,2016-08-01,0,3,19,15,0,37
OKINAWA,"anticoncepcion, prevencion de its y de cancer de cuello uterino",numero de inyectables trimestrales suministrados,2016-08-01,0,4,23,13,0,40
OMEREQUE,"anticoncepcion, prevencion de its y de cancer de cuello uterino",numero de inyectables trimestrales suministrados,2016-08-01,0,5,32,11,0,48
ORURO,"anticoncepcion, prevencion de its y de cancer de cuello uterino",numero de inyectables trimestrales suministrados,2016-08-01,0,34,514,169,128,845
PADCAYA,"anticoncepcion, prevencion de its y de cancer de cuello uterino",numero de inyectables trimestrales suministrados,2016-08-01,2,12,94,73,3,184
PADILLA,"anticoncepcion, prevencion de its y de cancer de cuello uterino",numero de inyectables trimestrales suministrados,2016-08-01,2,5,67,32,0,106
PAILON,"anticoncepcion, prevencion de its y de cancer de cuello uterino",numero de inyectables trimestrales suministrados,2016-08-01,0,2,10,5,0,17
PALCA,"anticoncepcion, prevencion de its y de cancer de cuello uterino",numero de inyectables trimestrales suministrados,2016-08-01,0,7,45,16,0,68
PALOS BLANCOS,"anticoncepcion, prevencion de its y de cancer de cuello uterino",numero de inyectables trimestrales suministrados,2016-08-01,1,15,61,32,0,109
PAMPA AULLAGAS,"anticoncepcion, prevencion de its y de cancer de cuello uterino",numero de inyectables trimestrales suministrados,2016-08-01,0,0,4,1,0,5
PAMPA GRANDE,"anticoncepcion, prevencion de its y de cancer de cuello uterino",numero de inyectables trimestrales suministrados,2016-08-01,0,6,24,12,0,42
PAPEL PAMPA,"anticoncepcion, prevencion de its y de cancer de cuello uterino",numero de inyectables trimestrales suministrados,2016-08-01,0,2,10,6,0,18
PASORAPA,"anticoncepcion, prevencion de its y de cancer de cuello uterino",numero de inyectables trimestrales suministrados,2016-08-01,0,0,16,6,0,22
PATACAMAYA,"anticoncepcion, prevencion de its y de cancer de cuello uterino",numero de inyectables trimestrales suministrados,2016-08-01,0,4,19,7,0,30
PAZÑA,"anticoncepcion, prevencion de its y de cancer de cuello uterino",numero de inyectables trimestrales suministrados,2016-08-01,0,0,16,6,0,22
PELECHUCO,"anticoncepcion, prevencion de its y de cancer de cuello uterino",numero de inyectables trimestrales suministrados,2016-08-01,0,0,21,10,0,31
POCOATA,"anticoncepcion, prevencion de its y de cancer de cuello uterino",numero de inyectables trimestrales suministrados,2016-08-01,0,7,27,34,0,68
POCONA,"anticoncepcion, prevencion de its y de cancer de cuello uterino",numero de inyectables trimestrales suministrados,2016-08-01,0,13,75,27,0,115
POJO (CBBA),"anticoncepcion, prevencion de its y de cancer de cuello uterino",numero de inyectables trimestrales suministrados,2016-08-01,0,12,41,30,0,83
POOPO,"anticoncepcion, prevencion de its y de cancer de cuello uterino",numero de inyectables trimestrales suministrados,2016-08-01,0,0,9,3,0,12
PORCO,"anticoncepcion, prevencion de its y de cancer de cuello uterino",numero de inyectables trimestrales suministrados,2016-08-01,0,0,13,12,0,25
POROMA,"anticoncepcion, prevencion de its y de cancer de cuello uterino",numero de inyectables trimestrales suministrados,2016-08-01,0,2,32,25,3,62
PORONGO,"anticoncepcion, prevencion de its y de cancer de cuello uterino",numero de inyectables trimestrales suministrados,2016-08-01,2,2,18,7,1,30
PORTACHUELO,"anticoncepcion, prevencion de its y de cancer de cuello uterino",numero de inyectables trimestrales suministrados,2016-08-01,0,8,26,7,1,42
PORVENIR,"anticoncepcion, prevencion de its y de cancer de cuello uterino",numero de inyectables trimestrales suministrados,2016-08-01,0,7,28,11,0,46
POSTRER VALLE,"anticoncepcion, prevencion de its y de cancer de cuello uterino",numero de inyectables trimestrales suministrados,2016-08-01,0,1,4,5,0,10
POTOSI,"anticoncepcion, prevencion de its y de cancer de cuello uterino",numero de inyectables trimestrales suministrados,2016-08-01,0,39,509,149,0,697
PRESTO,"anticoncepcion, prevencion de its y de cancer de cuello uterino",numero de inyectables trimestrales suministrados,2016-08-01,0,1,18,22,0,41
PUCARA,"anticoncepcion, prevencion de its y de cancer de cuello uterino",numero de inyectables trimestrales suministrados,2016-08-01,0,1,7,5,1,14
PUCARANI,"anticoncepcion, prevencion de its y de cancer de cuello uterino",numero de inyectables trimestrales suministrados,2016-08-01,0,10,86,47,0,143
PUERTO ACOSTA,"anticoncepcion, prevencion de its y de cancer de cuello uterino",numero de inyectables trimestrales suministrados,2016-08-01,0,0,11,5,0,16
PUERTO CARABUCO,"anticoncepcion, prevencion de its y de cancer de cuello uterino",numero de inyectables trimestrales suministrados,2016-08-01,0,1,21,20,0,42
PUERTO GONZALO MORENO,"anticoncepcion, prevencion de its y de cancer de cuello uterino",numero de inyectables trimestrales suministrados,2016-08-01,0,12,25,5,1,43
PUERTO PEREZ,"anticoncepcion, prevencion de its y de cancer de cuello uterino",numero de inyectables trimestrales suministrados,2016-08-01,0,0,9,7,0,16
PUERTO QUIJARRO,"anticoncepcion, prevencion de its y de cancer de cuello uterino",numero de inyectables trimestrales suministrados,2016-08-01,0,2,9,3,0,14
PUERTO RICO,"anticoncepcion, prevencion de its y de cancer de cuello uterino",numero de inyectables trimestrales suministrados,2016-08-01,0,6,27,2,1,36
PUERTO SILES,"anticoncepcion, prevencion de its y de cancer de cuello uterino",numero de inyectables trimestrales suministrados,2016-08-01,0,0,2,1,0,3
PUERTO SUAREZ,"anticoncepcion, prevencion de its y de cancer de cuello uterino",numero de inyectables trimestrales suministrados,2016-08-01,0,4,12,1,0,17
PUERTO VILLARROEL,"anticoncepcion, prevencion de its y de cancer de cuello uterino",numero de inyectables trimestrales suministrados,2016-08-01,0,19,86,33,0,138
PUNA,"anticoncepcion, prevencion de its y de cancer de cuello uterino",numero de inyectables trimestrales suministrados,2016-08-01,0,1,19,13,0,33
PUNATA,"anticoncepcion, prevencion de its y de cancer de cuello uterino",numero de inyectables trimestrales suministrados,2016-08-01,0,11,70,16,0,97
QUIABAYA,"anticoncepcion, prevencion de its y de cancer de cuello uterino",numero de inyectables trimestrales suministrados,2016-08-01,0,1,7,7,0,15
QUILLACOLLO,"anticoncepcion, prevencion de its y de cancer de cuello uterino",numero de inyectables trimestrales suministrados,2016-08-01,1,26,153,33,0,213
QUIME,"anticoncepcion, prevencion de its y de cancer de cuello uterino",numero de inyectables trimestrales suministrados,2016-08-01,0,2,33,13,0,48
QUIRUSILLAS,"anticoncepcion, prevencion de its y de cancer de cuello uterino",numero de inyectables trimestrales suministrados,2016-08-01,0,4,5,3,0,12
RAVELO,"anticoncepcion, prevencion de its y de cancer de cuello uterino",numero de inyectables trimestrales suministrados,2016-08-01,0,4,45,41,0,90
REYES,"anticoncepcion, prevencion de its y de cancer de cuello uterino",numero de inyectables trimestrales suministrados,2016-08-01,0,10,41,16,0,67
RIBERALTA,"anticoncepcion, prevencion de its y de cancer de cuello uterino",numero de inyectables trimestrales suministrados,2016-08-01,3,62,181,61,0,307
ROBORE,"anticoncepcion, prevencion de its y de cancer de cuello uterino",numero de inyectables trimestrales suministrados,2016-08-01,0,14,49,6,0,69
RURRENABAQUE,"anticoncepcion, prevencion de its y de cancer de cuello uterino",numero de inyectables trimestrales suministrados,2016-08-01,0,2,24,10,0,36
SABAYA,"anticoncepcion, prevencion de its y de cancer de cuello uterino",numero de inyectables trimestrales suministrados,2016-08-01,0,1,8,4,0,13
SACABA,"anticoncepcion, prevencion de its y de cancer de cuello uterino",numero de inyectables trimestrales suministrados,2016-08-01,0,25,178,52,0,255
SACABAMBA,"anticoncepcion, prevencion de its y de cancer de cuello uterino",numero de inyectables trimestrales suministrados,2016-08-01,0,0,3,12,0,15
SACACA,"anticoncepcion, prevencion de its y de cancer de cuello uterino",numero de inyectables trimestrales suministrados,2016-08-01,0,7,37,28,0,72
SAIPINA,"anticoncepcion, prevencion de its y de cancer de cuello uterino",numero de inyectables trimestrales suministrados,2016-08-01,0,3,16,7,0,26
SALINAS DE GARCI MENDOZA,"anticoncepcion, prevencion de its y de cancer de cuello uterino",numero de inyectables trimestrales suministrados,2016-08-01,0,1,26,9,0,36
SAMAIPATA,"anticoncepcion, prevencion de its y de cancer de cuello uterino",numero de inyectables trimestrales suministrados,2016-08-01,0,6,20,5,0,31
SAN AGUSTIN,"anticoncepcion, prevencion de its y de cancer de cuello uterino",numero de inyectables trimestrales suministrados,2016-08-01,0,0,8,3,0,11
SAN ANDRES,"anticoncepcion, prevencion de its y de cancer de cuello uterino",numero de inyectables trimestrales suministrados,2016-08-01,0,1,30,10,0,41
SAN ANDRES DE MACHACA,"anticoncepcion, prevencion de its y de cancer de cuello uterino",numero de inyectables trimestrales suministrados,2016-08-01,0,0,1,3,0,4
SAN ANTONIO DE ESMORUCO,"anticoncepcion, prevencion de its y de cancer de cuello uterino",numero de inyectables trimestrales suministrados,2016-08-01,0,1,6,1,0,8
SAN ANTONIO DE LOMERIO,"anticoncepcion, prevencion de its y de cancer de cuello uterino",numero de inyectables trimestrales suministrados,2016-08-01,0,7,35,34,2,78
SAN BENITO,"anticoncepcion, prevencion de its y de cancer de cuello uterino",numero de inyectables trimestrales suministrados,2016-08-01,0,4,26,14,0,44
SAN BORJA,"anticoncepcion, prevencion de its y de cancer de cuello uterino",numero de inyectables trimestrales suministrados,2016-08-01,1,37,89,39,0,166
SAN BUENA VENTURA,"anticoncepcion, prevencion de its y de cancer de cuello uterino",numero de inyectables trimestrales suministrados,2016-08-01,0,3,26,10,1,40
SAN CARLOS,"anticoncepcion, prevencion de its y de cancer de cuello uterino",numero de inyectables trimestrales suministrados,2016-08-01,0,5,24,15,1,45
SAN IGNACIO,"anticoncepcion, prevencion de its y de cancer de cuello uterino",numero de inyectables trimestrales suministrados,2016-08-01,0,20,76,30,0,126
SAN IGNACIO DE VELASCO,"anticoncepcion, prevencion de its y de cancer de cuello uterino",numero de inyectables trimestrales suministrados,2016-08-01,3,32,129,50,3,217
SAN JAVIER(BNI),"anticoncepcion, prevencion de its y de cancer de cuello uterino",numero de inyectables trimestrales suministrados,2016-08-01,0,2,10,0,0,12
SAN JAVIER(STC),"anticoncepcion, prevencion de its y de cancer de cuello uterino",numero de inyectables trimestrales suministrados,2016-08-01,1,11,54,3,0,69
SAN JOAQUIN,"anticoncepcion, prevencion de its y de cancer de cuello uterino",numero de inyectables trimestrales suministrados,2016-08-01,0,2,2,1,0,5
SAN JOSE DE CHIQUITOS,"anticoncepcion, prevencion de its y de cancer de cuello uterino",numero de inyectables trimestrales suministrados,2016-08-01,1,12,29,6,0,48
SAN JUAN DE YAPACANI,"anticoncepcion, prevencion de its y de cancer de cuello uterino",numero de inyectables trimestrales suministrados,2016-08-01,0,4,33,13,1,51
SAN JULIAN,"anticoncepcion, prevencion de its y de cancer de cuello uterino",numero de inyectables trimestrales suministrados,2016-08-01,0,9,71,34,0,114
SAN LORENZO(PND),"anticoncepcion, prevencion de its y de cancer de cuello uterino",numero de inyectables trimestrales suministrados,2016-08-01,1,9,27,5,0,42
SAN LORENZO(TJA),"anticoncepcion, prevencion de its y de cancer de cuello uterino",numero de inyectables trimestrales suministrados,2016-08-01,0,17,85,38,3,143
SAN LUCAS,"anticoncepcion, prevencion de its y de cancer de cuello uterino",numero de inyectables trimestrales suministrados,2016-08-01,0,6,70,55,0,131
SAN MATIAS,"anticoncepcion, prevencion de its y de cancer de cuello uterino",numero de inyectables trimestrales suministrados,2016-08-01,1,2,38,11,0,52
SAN MIGUEL DE VELASCO,"anticoncepcion, prevencion de its y de cancer de cuello uterino",numero de inyectables trimestrales suministrados,2016-08-01,1,8,44,27,0,80
SAN PABLO DE LIPEZ,"anticoncepcion, prevencion de its y de cancer de cuello uterino",numero de inyectables trimestrales suministrados,2016-08-01,0,1,5,6,0,12
SAN PEDRO,"anticoncepcion, prevencion de its y de cancer de cuello uterino",numero de inyectables trimestrales suministrados,2016-08-01,0,12,35,18,0,65
SAN PEDRO DE BUENA VISTA,"anticoncepcion, prevencion de its y de cancer de cuello uterino",numero de inyectables trimestrales suministrados,2016-08-01,0,3,31,17,0,51
SAN PEDRO DE CURAHUARA,"anticoncepcion, prevencion de its y de cancer de cuello uterino",numero de inyectables trimestrales suministrados,2016-08-01,0,0,12,8,1,21
SAN PEDRO DE QUEMES,"anticoncepcion, prevencion de its y de cancer de cuello uterino",numero de inyectables trimestrales suministrados,2016-08-01,0,0,1,3,0,4
SAN PEDRO DE TIQUINA,"anticoncepcion, prevencion de its y de cancer de cuello uterino",numero de inyectables trimestrales suministrados,2016-08-01,0,0,4,4,0,8
SAN PEDRO(PND),"anticoncepcion, prevencion de its y de cancer de cuello uterino",numero de inyectables trimestrales suministrados,2016-08-01,1,2,8,5,0,16
SAN RAFAEL,"anticoncepcion, prevencion de its y de cancer de cuello uterino",numero de inyectables trimestrales suministrados,2016-08-01,1,6,39,15,0,61
SAN RAMON BENI,"anticoncepcion, prevencion de its y de cancer de cuello uterino",numero de inyectables trimestrales suministrados,2016-08-01,0,0,8,1,0,9
SAN RAMON SCZ,"anticoncepcion, prevencion de its y de cancer de cuello uterino",numero de inyectables trimestrales suministrados,2016-08-01,0,10,28,11,0,49
SANTA ANA,"anticoncepcion, prevencion de its y de cancer de cuello uterino",numero de inyectables trimestrales suministrados,2016-08-01,1,4,16,3,0,24
SANTA CRUZ DE LA SIERRA,"anticoncepcion, prevencion de its y de cancer de cuello uterino",numero de inyectables trimestrales suministrados,2016-08-01,0,155,576,147,1,879
SANTA ROSA,"anticoncepcion, prevencion de its y de cancer de cuello uterino",numero de inyectables trimestrales suministrados,2016-08-01,0,0,5,0,0,5
SANTA ROSA DEL SARA,"anticoncepcion, prevencion de its y de cancer de cuello uterino",numero de inyectables trimestrales suministrados,2016-08-01,1,10,55,20,0,86
SANTIAGO DE CALLAPA,"anticoncepcion, prevencion de its y de cancer de cuello uterino",numero de inyectables trimestrales suministrados,2016-08-01,0,1,3,3,0,7
SANTIAGO DE HUARI,"anticoncepcion, prevencion de its y de cancer de cuello uterino",numero de inyectables trimestrales suministrados,2016-08-01,0,0,11,8,0,19
SANTIAGO DE HUATA,"anticoncepcion, prevencion de its y de cancer de cuello uterino",numero de inyectables trimestrales suministrados,2016-08-01,0,0,10,6,1,17
SANTIAGO DE MACHACA,"anticoncepcion, prevencion de its y de cancer de cuello uterino",numero de inyectables trimestrales suministrados,2016-08-01,0,2,5,5,0,12
SANTIVAÑES,"anticoncepcion, prevencion de its y de cancer de cuello uterino",numero de inyectables trimestrales suministrados,2016-08-01,0,3,24,7,0,34
SANTUARIO DE QUILLACAS,"anticoncepcion, prevencion de its y de cancer de cuello uterino",numero de inyectables trimestrales suministrados,2016-08-01,0,0,6,3,0,9
SAPAHAQUI,"anticoncepcion, prevencion de its y de cancer de cuello uterino",numero de inyectables trimestrales suministrados,2016-08-01,0,2,19,12,0,33
SENA,"anticoncepcion, prevencion de its y de cancer de cuello uterino",numero de inyectables trimestrales suministrados,2016-08-01,0,5,20,2,0,27
SHINAOTA,"anticoncepcion, prevencion de its y de cancer de cuello uterino",numero de inyectables trimestrales suministrados,2016-08-01,0,6,38,14,0,58
SICA SICA (VILLA AROMA),"anticoncepcion, prevencion de its y de cancer de cuello uterino",numero de inyectables trimestrales suministrados,2016-08-01,0,2,51,27,1,81
SICAYA,"anticoncepcion, prevencion de its y de cancer de cuello uterino",numero de inyectables trimestrales suministrados,2016-08-01,0,3,11,6,0,20
SIPE SIPE,"anticoncepcion, prevencion de its y de cancer de cuello uterino",numero de inyectables trimestrales suministrados,2016-08-01,0,17,160,53,2,232
SOPACHUY,"anticoncepcion, prevencion de its y de cancer de cuello uterino",numero de inyectables trimestrales suministrados,2016-08-01,0,6,23,18,0,47
SORACACHI,"anticoncepcion, prevencion de its y de cancer de cuello uterino",numero de inyectables trimestrales suministrados,2016-08-01,0,2,11,11,0,24
SORATA,"anticoncepcion, prevencion de its y de cancer de cuello uterino",numero de inyectables trimestrales suministrados,2016-08-01,0,7,43,22,0,72
SUCRE,"anticoncepcion, prevencion de its y de cancer de cuello uterino",numero de inyectables trimestrales suministrados,2016-08-01,1,57,384,117,2,561
TACACHI,"anticoncepcion, prevencion de its y de cancer de cuello uterino",numero de inyectables trimestrales suministrados,2016-08-01,0,0,0,1,0,1
TACACOMA,"anticoncepcion, prevencion de its y de cancer de cuello uterino",numero de inyectables trimestrales suministrados,2016-08-01,0,4,31,15,0,50
TACOBAMBA,"anticoncepcion, prevencion de its y de cancer de cuello uterino",numero de inyectables trimestrales suministrados,2016-08-01,0,1,6,5,0,12
TACOPAYA,"anticoncepcion, prevencion de its y de cancer de cuello uterino",numero de inyectables trimestrales suministrados,2016-08-01,0,0,14,13,0,27
TAHUA,"anticoncepcion, prevencion de its y de cancer de cuello uterino",numero de inyectables trimestrales suministrados,2016-08-01,0,0,1,0,0,1
TAPACARI,"anticoncepcion, prevencion de its y de cancer de cuello uterino",numero de inyectables trimestrales suministrados,2016-08-01,1,6,40,33,0,80
TARABUCO,"anticoncepcion, prevencion de its y de cancer de cuello uterino",numero de inyectables trimestrales suministrados,2016-08-01,0,1,23,25,0,49
TARACO,"anticoncepcion, prevencion de its y de cancer de cuello uterino",numero de inyectables trimestrales suministrados,2016-08-01,0,1,11,10,0,22
TARATA,"anticoncepcion, prevencion de its y de cancer de cuello uterino",numero de inyectables trimestrales suministrados,2016-08-01,0,6,18,12,0,36
TARIJA,"anticoncepcion, prevencion de its y de cancer de cuello uterino",numero de inyectables trimestrales suministrados,2016-08-01,0,29,200,68,2,299
TARVITA,"anticoncepcion, prevencion de its y de cancer de cuello uterino",numero de inyectables trimestrales suministrados,2016-08-01,0,4,37,19,1,61
TEOPONTE,"anticoncepcion, prevencion de its y de cancer de cuello uterino",numero de inyectables trimestrales suministrados,2016-08-01,0,3,29,8,0,40
TIAWANACU,"anticoncepcion, prevencion de its y de cancer de cuello uterino",numero de inyectables trimestrales suministrados,2016-08-01,0,2,26,22,0,50
TINGUIPAYA,"anticoncepcion, prevencion de its y de cancer de cuello uterino",numero de inyectables trimestrales suministrados,2016-08-01,0,1,7,5,1,14
TIPUANI,"anticoncepcion, prevencion de its y de cancer de cuello uterino",numero de inyectables trimestrales suministrados,2016-08-01,0,3,19,7,0,29
TIQUIPAYA,"anticoncepcion, prevencion de its y de cancer de cuello uterino",numero de inyectables trimestrales suministrados,2016-08-01,0,16,94,21,1,132
TIRAQUE (CBBA),"anticoncepcion, prevencion de its y de cancer de cuello uterino",numero de inyectables trimestrales suministrados,2016-08-01,0,9,50,31,1,91
TITO YUPANQUI (PARQUIPUJIO),"anticoncepcion, prevencion de its y de cancer de cuello uterino",numero de inyectables trimestrales suministrados,2016-08-01,0,0,3,3,0,6
TOCO,"anticoncepcion, prevencion de its y de cancer de cuello uterino",numero de inyectables trimestrales suministrados,2016-08-01,0,1,24,10,0,35
TOLATA,"anticoncepcion, prevencion de its y de cancer de cuello uterino",numero de inyectables trimestrales suministrados,2016-08-01,0,1,12,9,0,22
TOLEDO,"anticoncepcion, prevencion de its y de cancer de cuello uterino",numero de inyectables trimestrales suministrados,2016-08-01,0,1,7,1,0,9
TOMAVE,"anticoncepcion, prevencion de its y de cancer de cuello uterino",numero de inyectables trimestrales suministrados,2016-08-01,0,2,21,13,0,36
TOMINA,"anticoncepcion, prevencion de its y de cancer de cuello uterino",numero de inyectables trimestrales suministrados,2016-08-01,0,6,32,40,0,78
TORO TORO,"anticoncepcion, prevencion de its y de cancer de cuello uterino",numero de inyectables trimestrales suministrados,2016-08-01,0,1,9,9,0,19
TOTORA(CBBA),"anticoncepcion, prevencion de its y de cancer de cuello uterino",numero de inyectables trimestrales suministrados,2016-08-01,0,21,80,30,0,131
TOTORA(ORR),"anticoncepcion, prevencion de its y de cancer de cuello uterino",numero de inyectables trimestrales suministrados,2016-08-01,0,0,12,1,1,14
TRIGAL,"anticoncepcion, prevencion de its y de cancer de cuello uterino",numero de inyectables trimestrales suministrados,2016-08-01,0,1,6,2,1,10
TRINIDAD,"anticoncepcion, prevencion de its y de cancer de cuello uterino",numero de inyectables trimestrales suministrados,2016-08-01,0,3,6,2,0,11
TUPIZA,"anticoncepcion, prevencion de its y de cancer de cuello uterino",numero de inyectables trimestrales suministrados,2016-08-01,0,15,112,54,0,181
TURCO,"anticoncepcion, prevencion de its y de cancer de cuello uterino",numero de inyectables trimestrales suministrados,2016-08-01,0,0,8,7,0,15
UMALA,"anticoncepcion, prevencion de its y de cancer de cuello uterino",numero de inyectables trimestrales suministrados,2016-08-01,1,0,14,10,0,25
UNCIA,"anticoncepcion, prevencion de its y de cancer de cuello uterino",numero de inyectables trimestrales suministrados,2016-08-01,0,6,51,29,0,86
URIONDO (A. CONCEPCION),"anticoncepcion, prevencion de its y de cancer de cuello uterino",numero de inyectables trimestrales suministrados,2016-08-01,0,11,73,46,1,131
URUBICHA,"anticoncepcion, prevencion de its y de cancer de cuello uterino",numero de inyectables trimestrales suministrados,2016-08-01,0,0,3,6,0,9
UYUNI,"anticoncepcion, prevencion de its y de cancer de cuello uterino",numero de inyectables trimestrales suministrados,2016-08-01,0,5,34,21,0,60
VACAS,"anticoncepcion, prevencion de its y de cancer de cuello uterino",numero de inyectables trimestrales suministrados,2016-08-01,0,7,17,23,0,47
VALLEGRANDE,"anticoncepcion, prevencion de its y de cancer de cuello uterino",numero de inyectables trimestrales suministrados,2016-08-01,0,14,56,11,0,81
VIACHA,"anticoncepcion, prevencion de its y de cancer de cuello uterino",numero de inyectables trimestrales suministrados,2016-08-01,0,14,111,43,1,169
VILA VILA,"anticoncepcion, prevencion de its y de cancer de cuello uterino",numero de inyectables trimestrales suministrados,2016-08-01,0,1,8,3,0,12
VILLA CHARCAS,"anticoncepcion, prevencion de its y de cancer de cuello uterino",numero de inyectables trimestrales suministrados,2016-08-01,0,9,38,32,1,80
VILLA MONTES,"anticoncepcion, prevencion de its y de cancer de cuello uterino",numero de inyectables trimestrales suministrados,2016-08-01,0,23,95,31,1,150
VILLA NUEVA (LOMA ALTA),"anticoncepcion, prevencion de its y de cancer de cuello uterino",numero de inyectables trimestrales suministrados,2016-08-01,0,2,4,0,0,6
VILLA RIVERO,"anticoncepcion, prevencion de its y de cancer de cuello uterino",numero de inyectables trimestrales suministrados,2016-08-01,0,3,25,14,0,42
VILLA SERRANO,"anticoncepcion, prevencion de its y de cancer de cuello uterino",numero de inyectables trimestrales suministrados,2016-08-01,1,9,25,23,1,59
VILLA TUNARI,"anticoncepcion, prevencion de its y de cancer de cuello uterino",numero de inyectables trimestrales suministrados,2016-08-01,1,41,346,145,3,536
VILLA VACA GUZMAN (MUYUPAMPA),"anticoncepcion, prevencion de its y de cancer de cuello uterino",numero de inyectables trimestrales suministrados,2016-08-01,0,6,29,21,0,56
VILLAZON,"anticoncepcion, prevencion de its y de cancer de cuello uterino",numero de inyectables trimestrales suministrados,2016-08-01,0,6,116,45,0,167
VINTO,"anticoncepcion, prevencion de its y de cancer de cuello uterino",numero de inyectables trimestrales suministrados,2016-08-01,0,8,67,23,0,98
VITICHI,"anticoncepcion, prevencion de its y de cancer de cuello uterino",numero de inyectables trimestrales suministrados,2016-08-01,0,0,11,15,0,26
WALDO BALLIVIAN,"anticoncepcion, prevencion de its y de cancer de cuello uterino",numero de inyectables trimestrales suministrados,2016-08-01,0,0,3,2,0,5
WARNES,"anticoncepcion, prevencion de its y de cancer de cuello uterino",numero de inyectables trimestrales suministrados,2016-08-01,1,48,181,67,1,298
YACO,"anticoncepcion, prevencion de its y de cancer de cuello uterino",numero de inyectables trimestrales suministrados,2016-08-01,0,2,12,6,0,20
YACUIBA,"anticoncepcion, prevencion de its y de cancer de cuello uterino",numero de inyectables trimestrales suministrados,2016-08-01,2,38,196,99,1,336
YAMPARAEZ,"anticoncepcion, prevencion de its y de cancer de cuello uterino",numero de inyectables trimestrales suministrados,2016-08-01,0,2,18,17,0,37
YANACACHI,"anticoncepcion, prevencion de its y de cancer de cuello uterino",numero de inyectables trimestrales suministrados,2016-08-01,0,0,7,6,0,13
YAPACANI,"anticoncepcion, prevencion de its y de cancer de cuello uterino",numero de inyectables trimestrales suministrados,2016-08-01,0,21,94,36,0,151
YOCALLA,"anticoncepcion, prevencion de its y de cancer de cuello uterino",numero de inyectables trimestrales suministrados,2016-08-01,1,1,12,8,0,22
YOTALA,"anticoncepcion, prevencion de its y de cancer de cuello uterino",numero de inyectables trimestrales suministrados,2016-08-01,0,1,8,6,0,15
YUNCHARA,"anticoncepcion, prevencion de its y de cancer de cuello uterino",numero de inyectables trimestrales suministrados,2016-08-01,0,2,34,28,0,64
ZUDAÑEZ,"anticoncepcion, prevencion de its y de cancer de cuello uterino",numero de inyectables trimestrales suministrados,2016-08-01,0,3,31,15,0,49
ACACIO,"anticoncepcion, prevencion de its y de cancer de cuello uterino",numero de inyectables trimestrales suministrados,2016-09-01,0,0,7,5,0,12
ACHACACHI,"anticoncepcion, prevencion de its y de cancer de cuello uterino",numero de inyectables trimestrales suministrados,2016-09-01,0,5,42,29,0,76
ACHOCALLA,"anticoncepcion, prevencion de its y de cancer de cuello uterino",numero de inyectables trimestrales suministrados,2016-09-01,0,0,45,27,0,72
AIQUILE,"anticoncepcion, prevencion de its y de cancer de cuello uterino",numero de inyectables trimestrales suministrados,2016-09-01,0,3,32,33,1,69
ALALAY,"anticoncepcion, prevencion de its y de cancer de cuello uterino",numero de inyectables trimestrales suministrados,2016-09-01,0,1,6,3,0,10
ALCALA,"anticoncepcion, prevencion de its y de cancer de cuello uterino",numero de inyectables trimestrales suministrados,2016-09-01,0,1,11,11,0,23
ALTO BENI,"anticoncepcion, prevencion de its y de cancer de cuello uterino",numero de inyectables trimestrales suministrados,2016-09-01,0,3,25,13,0,41
ANCORAIMES,"anticoncepcion, prevencion de its y de cancer de cuello uterino",numero de inyectables trimestrales suministrados,2016-09-01,0,0,10,8,0,18
ANDAMARCA,"anticoncepcion, prevencion de its y de cancer de cuello uterino",numero de inyectables trimestrales suministrados,2016-09-01,0,2,5,3,0,10
ANTEQUERA,"anticoncepcion, prevencion de its y de cancer de cuello uterino",numero de inyectables trimestrales suministrados,2016-09-01,0,0,3,2,0,5
ANZALDO,"anticoncepcion, prevencion de its y de cancer de cuello uterino",numero de inyectables trimestrales suministrados,2016-09-01,0,3,15,10,0,28
APOLO,"anticoncepcion, prevencion de its y de cancer de cuello uterino",numero de inyectables trimestrales suministrados,2016-09-01,0,6,31,36,0,73
ARAMPAMPA,"anticoncepcion, prevencion de its y de cancer de cuello uterino",numero de inyectables trimestrales suministrados,2016-09-01,0,0,1,0,0,1
ARANI,"anticoncepcion, prevencion de its y de cancer de cuello uterino",numero de inyectables trimestrales suministrados,2016-09-01,0,1,14,8,1,24
ARBIETO,"anticoncepcion, prevencion de its y de cancer de cuello uterino",numero de inyectables trimestrales suministrados,2016-09-01,0,11,51,23,1,86
ARQUE,"anticoncepcion, prevencion de its y de cancer de cuello uterino",numero de inyectables trimestrales suministrados,2016-09-01,2,8,37,32,0,79
ASCENCION DE GUARAYOS,"anticoncepcion, prevencion de its y de cancer de cuello uterino",numero de inyectables trimestrales suministrados,2016-09-01,0,6,28,9,0,43
ATOCHA,"anticoncepcion, prevencion de its y de cancer de cuello uterino",numero de inyectables trimestrales suministrados,2016-09-01,0,0,29,5,0,34
AUCAPATA,"anticoncepcion, prevencion de its y de cancer de cuello uterino",numero de inyectables trimestrales suministrados,2016-09-01,0,1,19,11,0,31
AYATA,"anticoncepcion, prevencion de its y de cancer de cuello uterino",numero de inyectables trimestrales suministrados,2016-09-01,0,3,19,26,0,48
AYO AYO,"anticoncepcion, prevencion de its y de cancer de cuello uterino",numero de inyectables trimestrales suministrados,2016-09-01,0,4,13,8,0,25
AYOPAYA (V. DE INDEPENDENCIA),"anticoncepcion, prevencion de its y de cancer de cuello uterino",numero de inyectables trimestrales suministrados,2016-09-01,0,6,69,57,1,133
AZURDUY,"anticoncepcion, prevencion de its y de cancer de cuello uterino",numero de inyectables trimestrales suministrados,2016-09-01,0,7,40,27,0,74
BATALLAS,"anticoncepcion, prevencion de its y de cancer de cuello uterino",numero de inyectables trimestrales suministrados,2016-09-01,0,7,33,18,0,58
BAURES,"anticoncepcion, prevencion de its y de cancer de cuello uterino",numero de inyectables trimestrales suministrados,2016-09-01,0,0,4,2,0,6
BELEN DE ANDAMARCA,"anticoncepcion, prevencion de its y de cancer de cuello uterino",numero de inyectables trimestrales suministrados,2016-09-01,0,0,3,2,0,5
BELEN DE URMIRI,"anticoncepcion, prevencion de its y de cancer de cuello uterino",numero de inyectables trimestrales suministrados,2016-09-01,0,0,3,1,0,4
BELLA FLOR,"anticoncepcion, prevencion de its y de cancer de cuello uterino",numero de inyectables trimestrales suministrados,2016-09-01,0,3,12,5,0,20
BERMEJO,"anticoncepcion, prevencion de its y de cancer de cuello uterino",numero de inyectables trimestrales suministrados,2016-09-01,0,22,88,25,0,135
BETANZOS,"anticoncepcion, prevencion de its y de cancer de cuello uterino",numero de inyectables trimestrales suministrados,2016-09-01,0,3,61,54,0,118
BOLIVAR,"anticoncepcion, prevencion de its y de cancer de cuello uterino",numero de inyectables trimestrales suministrados,2016-09-01,0,1,10,5,0,16
BOLPEBRA,"anticoncepcion, prevencion de its y de cancer de cuello uterino",numero de inyectables trimestrales suministrados,2016-09-01,0,3,7,2,0,12
BOYUIBE,"anticoncepcion, prevencion de its y de cancer de cuello uterino",numero de inyectables trimestrales suministrados,2016-09-01,0,1,12,6,0,19
BUENA VISTA,"anticoncepcion, prevencion de its y de cancer de cuello uterino",numero de inyectables trimestrales suministrados,2016-09-01,1,9,43,10,1,64
CABEZAS,"anticoncepcion, prevencion de its y de cancer de cuello uterino",numero de inyectables trimestrales suministrados,2016-09-01,1,13,55,34,0,103
CAIROMA,"anticoncepcion, prevencion de its y de cancer de cuello uterino",numero de inyectables trimestrales suministrados,2016-09-01,0,1,12,13,0,26
"CAIZA ""D""","anticoncepcion, prevencion de its y de cancer de cuello uterino",numero de inyectables trimestrales suministrados,2016-09-01,0,0,2,3,0,5
CAJUATA,"anticoncepcion, prevencion de its y de cancer de cuello uterino",numero de inyectables trimestrales suministrados,2016-09-01,0,2,26,17,0,45
CALACOTO,"anticoncepcion, prevencion de its y de cancer de cuello uterino",numero de inyectables trimestrales suministrados,2016-09-01,0,1,5,1,0,7
CALAMARCA,"anticoncepcion, prevencion de its y de cancer de cuello uterino",numero de inyectables trimestrales suministrados,2016-09-01,0,4,28,15,0,47
CAMARGO,"anticoncepcion, prevencion de its y de cancer de cuello uterino",numero de inyectables trimestrales suministrados,2016-09-01,0,0,24,19,0,43
CAMATAQUI (C. VILLA ABECIA),"anticoncepcion, prevencion de its y de cancer de cuello uterino",numero de inyectables trimestrales suministrados,2016-09-01,0,0,6,9,0,15
CAMIRI,"anticoncepcion, prevencion de its y de cancer de cuello uterino",numero de inyectables trimestrales suministrados,2016-09-01,0,5,30,11,0,46
CAPINOTA,"anticoncepcion, prevencion de its y de cancer de cuello uterino",numero de inyectables trimestrales suministrados,2016-09-01,0,7,37,30,0,74
CAQUIAVIRI,"anticoncepcion, prevencion de its y de cancer de cuello uterino",numero de inyectables trimestrales suministrados,2016-09-01,0,1,13,9,0,23
CARACOLLO,"anticoncepcion, prevencion de its y de cancer de cuello uterino",numero de inyectables trimestrales suministrados,2016-09-01,0,2,14,11,0,27
CARANAVI,"anticoncepcion, prevencion de its y de cancer de cuello uterino",numero de inyectables trimestrales suministrados,2016-09-01,1,10,75,41,0,127
CARANGAS,"anticoncepcion, prevencion de its y de cancer de cuello uterino",numero de inyectables trimestrales suministrados,2016-09-01,0,0,0,2,0,2
CARAPARI,"anticoncepcion, prevencion de its y de cancer de cuello uterino",numero de inyectables trimestrales suministrados,2016-09-01,0,7,21,5,0,33
CARIPUYO,"anticoncepcion, prevencion de its y de cancer de cuello uterino",numero de inyectables trimestrales suministrados,2016-09-01,0,1,15,6,0,22
CARMEN RIVERO TORREZ,"anticoncepcion, prevencion de its y de cancer de cuello uterino",numero de inyectables trimestrales suministrados,2016-09-01,0,0,13,2,0,15
CATACORA,"anticoncepcion, prevencion de its y de cancer de cuello uterino",numero de inyectables trimestrales suministrados,2016-09-01,0,1,0,4,0,5
CHACARILLA,"anticoncepcion, prevencion de its y de cancer de cuello uterino",numero de inyectables trimestrales suministrados,2016-09-01,0,0,2,3,0,5
CHALLAPATA,"anticoncepcion, prevencion de its y de cancer de cuello uterino",numero de inyectables trimestrales suministrados,2016-09-01,0,2,50,17,0,69
CHAQUI,"anticoncepcion, prevencion de its y de cancer de cuello uterino",numero de inyectables trimestrales suministrados,2016-09-01,0,1,5,6,0,12
CHARAGUA,"anticoncepcion, prevencion de its y de cancer de cuello uterino",numero de inyectables trimestrales suministrados,2016-09-01,0,7,54,23,1,85
CHARAÑA,"anticoncepcion, prevencion de its y de cancer de cuello uterino",numero de inyectables trimestrales suministrados,2016-09-01,0,0,3,1,0,4
CHAYANTA,"anticoncepcion, prevencion de its y de cancer de cuello uterino",numero de inyectables trimestrales suministrados,2016-09-01,0,8,43,22,1,74
CHIMORE,"anticoncepcion, prevencion de its y de cancer de cuello uterino",numero de inyectables trimestrales suministrados,2016-09-01,0,7,35,18,1,61
CHIPAYA,"anticoncepcion, prevencion de its y de cancer de cuello uterino",numero de inyectables trimestrales suministrados,2016-09-01,1,2,10,4,0,17
CHOQUE COTA,"anticoncepcion, prevencion de its y de cancer de cuello uterino",numero de inyectables trimestrales suministrados,2016-09-01,0,1,2,3,0,6
CHUA COCANI,"anticoncepcion, prevencion de its y de cancer de cuello uterino",numero de inyectables trimestrales suministrados,2016-09-01,0,2,6,4,0,12
CHULUMANI (V. DE LA LIBERTAD),"anticoncepcion, prevencion de its y de cancer de cuello uterino",numero de inyectables trimestrales suministrados,2016-09-01,0,3,26,15,0,44
CHUMA,"anticoncepcion, prevencion de its y de cancer de cuello uterino",numero de inyectables trimestrales suministrados,2016-09-01,0,2,24,19,1,46
CHUQUIHUTA AYLLU JUCUMANI,"anticoncepcion, prevencion de its y de cancer de cuello uterino",numero de inyectables trimestrales suministrados,2016-09-01,0,2,24,6,0,32
CKOCHAS,"anticoncepcion, prevencion de its y de cancer de cuello uterino",numero de inyectables trimestrales suministrados,2016-09-01,0,2,12,19,0,33
CLIZA,"anticoncepcion, prevencion de its y de cancer de cuello uterino",numero de inyectables trimestrales suministrados,2016-09-01,0,7,51,16,0,74
COBIJA,"anticoncepcion, prevencion de its y de cancer de cuello uterino",numero de inyectables trimestrales suministrados,2016-09-01,2,26,93,28,1,150
COCAPATA,"anticoncepcion, prevencion de its y de cancer de cuello uterino",numero de inyectables trimestrales suministrados,2016-09-01,0,9,39,43,0,91
COCHABAMBA,"anticoncepcion, prevencion de its y de cancer de cuello uterino",numero de inyectables trimestrales suministrados,2016-09-01,0,37,264,87,1,389
COIPASA,"anticoncepcion, prevencion de its y de cancer de cuello uterino",numero de inyectables trimestrales suministrados,2016-09-01,0,0,1,2,0,3
COLCAPIRHUA,"anticoncepcion, prevencion de its y de cancer de cuello uterino",numero de inyectables trimestrales suministrados,2016-09-01,1,4,45,12,0,62
"COLCHA ""K""","anticoncepcion, prevencion de its y de cancer de cuello uterino",numero de inyectables trimestrales suministrados,2016-09-01,0,6,40,16,1,63
COLLANA,"anticoncepcion, prevencion de its y de cancer de cuello uterino",numero de inyectables trimestrales suministrados,2016-09-01,0,0,12,5,0,17
COLOMI,"anticoncepcion, prevencion de its y de cancer de cuello uterino",numero de inyectables trimestrales suministrados,2016-09-01,0,11,73,21,0,105
COLPA BELGICA,"anticoncepcion, prevencion de its y de cancer de cuello uterino",numero de inyectables trimestrales suministrados,2016-09-01,0,4,17,1,0,22
COLQUECHACA,"anticoncepcion, prevencion de its y de cancer de cuello uterino",numero de inyectables trimestrales suministrados,2016-09-01,0,8,62,26,0,96
COLQUENCHA,"anticoncepcion, prevencion de its y de cancer de cuello uterino",numero de inyectables trimestrales suministrados,2016-09-01,0,1,26,19,0,46
COLQUIRI,"anticoncepcion, prevencion de its y de cancer de cuello uterino",numero de inyectables trimestrales suministrados,2016-09-01,0,3,14,11,0,28
COMANCHE,"anticoncepcion, prevencion de its y de cancer de cuello uterino",numero de inyectables trimestrales suministrados,2016-09-01,0,0,5,2,0,7
COMARAPA,"anticoncepcion, prevencion de its y de cancer de cuello uterino",numero de inyectables trimestrales suministrados,2016-09-01,0,14,93,34,1,142
COMBAYA,"anticoncepcion, prevencion de its y de cancer de cuello uterino",numero de inyectables trimestrales suministrados,2016-09-01,0,0,4,2,0,6
CONCEPCION,"anticoncepcion, prevencion de its y de cancer de cuello uterino",numero de inyectables trimestrales suministrados,2016-09-01,0,4,23,12,0,39
COPACABANA,"anticoncepcion, prevencion de its y de cancer de cuello uterino",numero de inyectables trimestrales suministrados,2016-09-01,0,4,28,16,0,48
CORIPATA,"anticoncepcion, prevencion de its y de cancer de cuello uterino",numero de inyectables trimestrales suministrados,2016-09-01,0,2,31,18,0,51
CORO CORO,"anticoncepcion, prevencion de its y de cancer de cuello uterino",numero de inyectables trimestrales suministrados,2016-09-01,0,2,14,6,0,22
COROICO,"anticoncepcion, prevencion de its y de cancer de cuello uterino",numero de inyectables trimestrales suministrados,2016-09-01,0,7,14,4,0,25
CORQUE,"anticoncepcion, prevencion de its y de cancer de cuello uterino",numero de inyectables trimestrales suministrados,2016-09-01,0,1,6,7,0,14
COTAGAITA,"anticoncepcion, prevencion de its y de cancer de cuello uterino",numero de inyectables trimestrales suministrados,2016-09-01,1,5,47,30,1,84
COTOCA,"anticoncepcion, prevencion de its y de cancer de cuello uterino",numero de inyectables trimestrales suministrados,2016-09-01,3,34,113,45,0,195
CRUZ DE MACHACAMARCA,"anticoncepcion, prevencion de its y de cancer de cuello uterino",numero de inyectables trimestrales suministrados,2016-09-01,0,0,0,1,0,1
CUATRO CAÑADAS,"anticoncepcion, prevencion de its y de cancer de cuello uterino",numero de inyectables trimestrales suministrados,2016-09-01,0,18,42,19,0,79
CUCHUMUELA (V. G. VILLARROEL),"anticoncepcion, prevencion de its y de cancer de cuello uterino",numero de inyectables trimestrales suministrados,2016-09-01,0,1,4,4,0,9
CUEVO,"anticoncepcion, prevencion de its y de cancer de cuello uterino",numero de inyectables trimestrales suministrados,2016-09-01,0,3,15,8,0,26
CULPINA,"anticoncepcion, prevencion de its y de cancer de cuello uterino",numero de inyectables trimestrales suministrados,2016-09-01,1,3,55,39,0,98
CURAHUARA DE CARANGAS,"anticoncepcion, prevencion de its y de cancer de cuello uterino",numero de inyectables trimestrales suministrados,2016-09-01,0,3,9,8,0,20
CURVA,"anticoncepcion, prevencion de its y de cancer de cuello uterino",numero de inyectables trimestrales suministrados,2016-09-01,0,0,2,2,0,4
DESAGUADERO,"anticoncepcion, prevencion de its y de cancer de cuello uterino",numero de inyectables trimestrales suministrados,2016-09-01,0,1,14,5,0,20
EL ALTO,"anticoncepcion, prevencion de its y de cancer de cuello uterino",numero de inyectables trimestrales suministrados,2016-09-01,0,51,619,316,1,987
EL CHORO,"anticoncepcion, prevencion de its y de cancer de cuello uterino",numero de inyectables trimestrales suministrados,2016-09-01,0,0,8,0,0,8
EL PUENTE(STC),"anticoncepcion, prevencion de its y de cancer de cuello uterino",numero de inyectables trimestrales suministrados,2016-09-01,0,9,41,18,1,69
EL PUENTE(TJA),"anticoncepcion, prevencion de its y de cancer de cuello uterino",numero de inyectables trimestrales suministrados,2016-09-01,0,12,48,25,0,85
EL TORNO,"anticoncepcion, prevencion de its y de cancer de cuello uterino",numero de inyectables trimestrales suministrados,2016-09-01,4,22,120,45,1,192
EL VILLAR,"anticoncepcion, prevencion de its y de cancer de cuello uterino",numero de inyectables trimestrales suministrados,2016-09-01,0,1,12,15,0,28
ENTRE RIOS TRJ,"anticoncepcion, prevencion de its y de cancer de cuello uterino",numero de inyectables trimestrales suministrados,2016-09-01,1,34,119,60,0,214
ENTRE RIOS CBBA,"anticoncepcion, prevencion de its y de cancer de cuello uterino",numero de inyectables trimestrales suministrados,2016-09-01,0,13,60,19,0,92
ESCARA,"anticoncepcion, prevencion de its y de cancer de cuello uterino",numero de inyectables trimestrales suministrados,2016-09-01,0,0,1,0,0,1
ESCOMA,"anticoncepcion, prevencion de its y de cancer de cuello uterino",numero de inyectables trimestrales suministrados,2016-09-01,0,1,4,0,0,5
ESMERALDA,"anticoncepcion, prevencion de its y de cancer de cuello uterino",numero de inyectables trimestrales suministrados,2016-09-01,0,0,1,0,0,1
EUCALIPTUS,"anticoncepcion, prevencion de its y de cancer de cuello uterino",numero de inyectables trimestrales suministrados,2016-09-01,0,4,5,4,0,13
EUREKA (SANTOS MERCADO),"anticoncepcion, prevencion de its y de cancer de cuello uterino",numero de inyectables trimestrales suministrados,2016-09-01,1,1,1,1,0,4
EXALTACION,"anticoncepcion, prevencion de its y de cancer de cuello uterino",numero de inyectables trimestrales suministrados,2016-09-01,0,1,0,1,0,2
FERNANDEZ ALONSO,"anticoncepcion, prevencion de its y de cancer de cuello uterino",numero de inyectables trimestrales suministrados,2016-09-01,0,12,40,12,2,66
FILADELFIA,"anticoncepcion, prevencion de its y de cancer de cuello uterino",numero de inyectables trimestrales suministrados,2016-09-01,0,6,24,4,0,34
GENERAL SAAVEDRA,"anticoncepcion, prevencion de its y de cancer de cuello uterino",numero de inyectables trimestrales suministrados,2016-09-01,0,13,50,16,1,80
GRAL. J.J. PEREZ (CHARAZANI),"anticoncepcion, prevencion de its y de cancer de cuello uterino",numero de inyectables trimestrales suministrados,2016-09-01,0,0,16,11,0,27
GUANAY,"anticoncepcion, prevencion de its y de cancer de cuello uterino",numero de inyectables trimestrales suministrados,2016-09-01,0,2,15,2,0,19
GUAQUI,"anticoncepcion, prevencion de its y de cancer de cuello uterino",numero de inyectables trimestrales suministrados,2016-09-01,0,1,9,3,0,13
GUAYARAMERIN,"anticoncepcion, prevencion de its y de cancer de cuello uterino",numero de inyectables trimestrales suministrados,2016-09-01,0,13,33,12,0,58
GUTIERREZ,"anticoncepcion, prevencion de its y de cancer de cuello uterino",numero de inyectables trimestrales suministrados,2016-09-01,0,3,32,18,0,53
HUACARETA,"anticoncepcion, prevencion de its y de cancer de cuello uterino",numero de inyectables trimestrales suministrados,2016-09-01,1,7,18,11,0,37
HUACAYA (VILLA DE HUACAYA),"anticoncepcion, prevencion de its y de cancer de cuello uterino",numero de inyectables trimestrales suministrados,2016-09-01,0,3,11,2,0,16
HUACHACALLA,"anticoncepcion, prevencion de its y de cancer de cuello uterino",numero de inyectables trimestrales suministrados,2016-09-01,0,0,1,2,0,3
HUANUNI,"anticoncepcion, prevencion de its y de cancer de cuello uterino",numero de inyectables trimestrales suministrados,2016-09-01,0,2,20,3,0,25
HUARACAJE,"anticoncepcion, prevencion de its y de cancer de cuello uterino",numero de inyectables trimestrales suministrados,2016-09-01,0,2,9,5,0,16
HUARINA,"anticoncepcion, prevencion de its y de cancer de cuello uterino",numero de inyectables trimestrales suministrados,2016-09-01,0,3,5,3,0,11
HUAYLLAMARCA,"anticoncepcion, prevencion de its y de cancer de cuello uterino",numero de inyectables trimestrales suministrados,2016-09-01,0,2,12,7,0,21
HUMANATA,"anticoncepcion, prevencion de its y de cancer de cuello uterino",numero de inyectables trimestrales suministrados,2016-09-01,0,2,4,3,0,9
ICHOCA,"anticoncepcion, prevencion de its y de cancer de cuello uterino",numero de inyectables trimestrales suministrados,2016-09-01,0,1,9,4,0,14
ICLA,"anticoncepcion, prevencion de its y de cancer de cuello uterino",numero de inyectables trimestrales suministrados,2016-09-01,0,2,17,22,1,42
INCAHUASI,"anticoncepcion, prevencion de its y de cancer de cuello uterino",numero de inyectables trimestrales suministrados,2016-09-01,0,5,23,18,0,46
INGAVI (HUMAITA),"anticoncepcion, prevencion de its y de cancer de cuello uterino",numero de inyectables trimestrales suministrados,2016-09-01,0,1,2,0,0,3
INQUISIVI,"anticoncepcion, prevencion de its y de cancer de cuello uterino",numero de inyectables trimestrales suministrados,2016-09-01,0,3,21,17,1,42
IRUPANA (VILLA DE LANZA),"anticoncepcion, prevencion de its y de cancer de cuello uterino",numero de inyectables trimestrales suministrados,2016-09-01,0,5,43,18,1,67
IXIAMAS,"anticoncepcion, prevencion de its y de cancer de cuello uterino",numero de inyectables trimestrales suministrados,2016-09-01,0,3,40,6,0,49
JESUS DE MACHACA,"anticoncepcion, prevencion de its y de cancer de cuello uterino",numero de inyectables trimestrales suministrados,2016-09-01,0,1,17,9,0,27
LA ASUNTA,"anticoncepcion, prevencion de its y de cancer de cuello uterino",numero de inyectables trimestrales suministrados,2016-09-01,1,11,122,39,0,173
LA GUARDIA,"anticoncepcion, prevencion de its y de cancer de cuello uterino",numero de inyectables trimestrales suministrados,2016-09-01,0,26,114,31,1,172
LA PAZ,"anticoncepcion, prevencion de its y de cancer de cuello uterino",numero de inyectables trimestrales suministrados,2016-09-01,0,42,394,739,2,1177
LA RIVERA,"anticoncepcion, prevencion de its y de cancer de cuello uterino",numero de inyectables trimestrales suministrados,2016-09-01,0,0,3,0,0,3
LAGUNILLAS,"anticoncepcion, prevencion de its y de cancer de cuello uterino",numero de inyectables trimestrales suministrados,2016-09-01,0,2,17,4,0,23
LAJA,"anticoncepcion, prevencion de its y de cancer de cuello uterino",numero de inyectables trimestrales suministrados,2016-09-01,0,7,31,11,1,50
LAS CARRERAS,"anticoncepcion, prevencion de its y de cancer de cuello uterino",numero de inyectables trimestrales suministrados,2016-09-01,0,1,7,5,0,13
LICOMA PAMPA,"anticoncepcion, prevencion de its y de cancer de cuello uterino",numero de inyectables trimestrales suministrados,2016-09-01,1,7,10,9,0,27
LLALLAGUA,"anticoncepcion, prevencion de its y de cancer de cuello uterino",numero de inyectables trimestrales suministrados,2016-09-01,1,11,94,24,0,130
LLICA,"anticoncepcion, prevencion de its y de cancer de cuello uterino",numero de inyectables trimestrales suministrados,2016-09-01,0,1,14,3,1,19
LORETO,"anticoncepcion, prevencion de its y de cancer de cuello uterino",numero de inyectables trimestrales suministrados,2016-09-01,0,2,5,1,0,8
LURIBAY,"anticoncepcion, prevencion de its y de cancer de cuello uterino",numero de inyectables trimestrales suministrados,2016-09-01,0,5,21,18,2,46
MACHACAMARCA,"anticoncepcion, prevencion de its y de cancer de cuello uterino",numero de inyectables trimestrales suministrados,2016-09-01,0,0,2,1,0,3
MACHARETI,"anticoncepcion, prevencion de its y de cancer de cuello uterino",numero de inyectables trimestrales suministrados,2016-09-01,0,9,35,15,0,59
MAGDALENA,"anticoncepcion, prevencion de its y de cancer de cuello uterino",numero de inyectables trimestrales suministrados,2016-09-01,0,2,16,2,0,20
MAIRANA,"anticoncepcion, prevencion de its y de cancer de cuello uterino",numero de inyectables trimestrales suministrados,2016-09-01,0,10,30,8,0,48
MALLA,"anticoncepcion, prevencion de its y de cancer de cuello uterino",numero de inyectables trimestrales suministrados,2016-09-01,0,0,4,2,0,6
MAPIRI,"anticoncepcion, prevencion de its y de cancer de cuello uterino",numero de inyectables trimestrales suministrados,2016-09-01,0,3,25,6,0,34
MECAPACA,"anticoncepcion, prevencion de its y de cancer de cuello uterino",numero de inyectables trimestrales suministrados,2016-09-01,0,2,33,14,0,49
MINEROS,"anticoncepcion, prevencion de its y de cancer de cuello uterino",numero de inyectables trimestrales suministrados,2016-09-01,1,10,51,18,0,80
MIZQUE,"anticoncepcion, prevencion de its y de cancer de cuello uterino",numero de inyectables trimestrales suministrados,2016-09-01,1,12,79,41,0,133
MOCOMOCO,"anticoncepcion, prevencion de its y de cancer de cuello uterino",numero de inyectables trimestrales suministrados,2016-09-01,0,1,16,20,0,37
MOJOCOYA,"anticoncepcion, prevencion de its y de cancer de cuello uterino",numero de inyectables trimestrales suministrados,2016-09-01,0,4,33,21,0,58
MONTEAGUDO,"anticoncepcion, prevencion de its y de cancer de cuello uterino",numero de inyectables trimestrales suministrados,2016-09-01,0,17,47,25,2,91
MONTERO,"anticoncepcion, prevencion de its y de cancer de cuello uterino",numero de inyectables trimestrales suministrados,2016-09-01,1,16,98,31,0,146
MORO MORO,"anticoncepcion, prevencion de its y de cancer de cuello uterino",numero de inyectables trimestrales suministrados,2016-09-01,0,5,9,6,0,20
MOROCHATA,"anticoncepcion, prevencion de its y de cancer de cuello uterino",numero de inyectables trimestrales suministrados,2016-09-01,0,8,35,38,0,81
NACEBE (SANTA ROSA DEL ABUNA),"anticoncepcion, prevencion de its y de cancer de cuello uterino",numero de inyectables trimestrales suministrados,2016-09-01,0,1,14,4,0,19
NAZACARA DE PACAJES,"anticoncepcion, prevencion de its y de cancer de cuello uterino",numero de inyectables trimestrales suministrados,2016-09-01,0,0,1,0,0,1
NUEVO MANOA (NUEVA ESPERANZA),"anticoncepcion, prevencion de its y de cancer de cuello uterino",numero de inyectables trimestrales suministrados,2016-09-01,0,7,7,1,0,15
OCURI,"anticoncepcion, prevencion de its y de cancer de cuello uterino",numero de inyectables trimestrales suministrados,2016-09-01,0,1,24,16,0,41
OKINAWA,"anticoncepcion, prevencion de its y de cancer de cuello uterino",numero de inyectables trimestrales suministrados,2016-09-01,0,3,22,9,0,34
OMEREQUE,"anticoncepcion, prevencion de its y de cancer de cuello uterino",numero de inyectables trimestrales suministrados,2016-09-01,0,3,21,12,0,36
ORURO,"anticoncepcion, prevencion de its y de cancer de cuello uterino",numero de inyectables trimestrales suministrados,2016-09-01,1,41,508,165,3,718
PADCAYA,"anticoncepcion, prevencion de its y de cancer de cuello uterino",numero de inyectables trimestrales suministrados,2016-09-01,0,12,95,76,1,184
PADILLA,"anticoncepcion, prevencion de its y de cancer de cuello uterino",numero de inyectables trimestrales suministrados,2016-09-01,0,5,44,30,1,80
PAILON,"anticoncepcion, prevencion de its y de cancer de cuello uterino",numero de inyectables trimestrales suministrados,2016-09-01,0,5,11,4,0,20
PALCA,"anticoncepcion, prevencion de its y de cancer de cuello uterino",numero de inyectables trimestrales suministrados,2016-09-01,0,3,42,9,0,54
PALOS BLANCOS,"anticoncepcion, prevencion de its y de cancer de cuello uterino",numero de inyectables trimestrales suministrados,2016-09-01,0,6,57,23,2,88
PAMPA AULLAGAS,"anticoncepcion, prevencion de its y de cancer de cuello uterino",numero de inyectables trimestrales suministrados,2016-09-01,0,0,2,2,1,5
PAMPA GRANDE,"anticoncepcion, prevencion de its y de cancer de cuello uterino",numero de inyectables trimestrales suministrados,2016-09-01,0,6,35,14,2,57
PAPEL PAMPA,"anticoncepcion, prevencion de its y de cancer de cuello uterino",numero de inyectables trimestrales suministrados,2016-09-01,0,2,9,9,0,20
PASORAPA,"anticoncepcion, prevencion de its y de cancer de cuello uterino",numero de inyectables trimestrales suministrados,2016-09-01,0,4,15,13,0,32
PATACAMAYA,"anticoncepcion, prevencion de its y de cancer de cuello uterino",numero de inyectables trimestrales suministrados,2016-09-01,0,5,25,11,0,41
PAZÑA,"anticoncepcion, prevencion de its y de cancer de cuello uterino",numero de inyectables trimestrales suministrados,2016-09-01,0,1,14,5,0,20
PELECHUCO,"anticoncepcion, prevencion de its y de cancer de cuello uterino",numero de inyectables trimestrales suministrados,2016-09-01,0,0,17,3,0,20
POCOATA,"anticoncepcion, prevencion de its y de cancer de cuello uterino",numero de inyectables trimestrales suministrados,2016-09-01,0,4,28,37,0,69
POCONA,"anticoncepcion, prevencion de its y de cancer de cuello uterino",numero de inyectables trimestrales suministrados,2016-09-01,0,11,55,35,4,105
POJO (CBBA),"anticoncepcion, prevencion de its y de cancer de cuello uterino",numero de inyectables trimestrales suministrados,2016-09-01,0,6,56,29,0,91
POOPO,"anticoncepcion, prevencion de its y de cancer de cuello uterino",numero de inyectables trimestrales suministrados,2016-09-01,0,0,4,4,0,8
PORCO,"anticoncepcion, prevencion de its y de cancer de cuello uterino",numero de inyectables trimestrales suministrados,2016-09-01,1,3,11,8,0,23
POROMA,"anticoncepcion, prevencion de its y de cancer de cuello uterino",numero de inyectables trimestrales suministrados,2016-09-01,0,4,40,16,0,60
PORONGO,"anticoncepcion, prevencion de its y de cancer de cuello uterino",numero de inyectables trimestrales suministrados,2016-09-01,0,5,30,4,0,39
PORTACHUELO,"anticoncepcion, prevencion de its y de cancer de cuello uterino",numero de inyectables trimestrales suministrados,2016-09-01,1,10,26,13,0,50
PORVENIR,"anticoncepcion, prevencion de its y de cancer de cuello uterino",numero de inyectables trimestrales suministrados,2016-09-01,1,6,28,4,0,39
POSTRER VALLE,"anticoncepcion, prevencion de its y de cancer de cuello uterino",numero de inyectables trimestrales suministrados,2016-09-01,0,0,4,1,0,5
POTOSI,"anticoncepcion, prevencion de its y de cancer de cuello uterino",numero de inyectables trimestrales suministrados,2016-09-01,0,43,439,158,0,640
PRESTO,"anticoncepcion, prevencion de its y de cancer de cuello uterino",numero de inyectables trimestrales suministrados,2016-09-01,0,6,16,14,0,36
PUCARA,"anticoncepcion, prevencion de its y de cancer de cuello uterino",numero de inyectables trimestrales suministrados,2016-09-01,0,1,9,1,0,11
PUCARANI,"anticoncepcion, prevencion de its y de cancer de cuello uterino",numero de inyectables trimestrales suministrados,2016-09-01,0,6,58,43,0,107
PUERTO ACOSTA,"anticoncepcion, prevencion de its y de cancer de cuello uterino",numero de inyectables trimestrales suministrados,2016-09-01,0,1,5,3,0,9
PUERTO CARABUCO,"anticoncepcion, prevencion de its y de cancer de cuello uterino",numero de inyectables trimestrales suministrados,2016-09-01,0,4,15,13,0,32
PUERTO GONZALO MORENO,"anticoncepcion, prevencion de its y de cancer de cuello uterino",numero de inyectables trimestrales suministrados,2016-09-01,0,9,21,10,1,41
PUERTO PEREZ,"anticoncepcion, prevencion de its y de cancer de cuello uterino",numero de inyectables trimestrales suministrados,2016-09-01,0,0,3,4,0,7
PUERTO QUIJARRO,"anticoncepcion, prevencion de its y de cancer de cuello uterino",numero de inyectables trimestrales suministrados,2016-09-01,0,5,8,1,0,14
PUERTO RICO,"anticoncepcion, prevencion de its y de cancer de cuello uterino",numero de inyectables trimestrales suministrados,2016-09-01,1,10,37,8,0,56
PUERTO SUAREZ,"anticoncepcion, prevencion de its y de cancer de cuello uterino",numero de inyectables trimestrales suministrados,2016-09-01,0,5,18,5,0,28
PUERTO VILLARROEL,"anticoncepcion, prevencion de its y de cancer de cuello uterino",numero de inyectables trimestrales suministrados,2016-09-01,0,13,87,30,0,130
PUNA,"anticoncepcion, prevencion de its y de cancer de cuello uterino",numero de inyectables trimestrales suministrados,2016-09-01,0,1,22,28,0,51
PUNATA,"anticoncepcion, prevencion de its y de cancer de cuello uterino",numero de inyectables trimestrales suministrados,2016-09-01,0,12,80,26,1,119
QUIABAYA,"anticoncepcion, prevencion de its y de cancer de cuello uterino",numero de inyectables trimestrales suministrados,2016-09-01,0,5,7,3,1,16
QUILLACOLLO,"anticoncepcion, prevencion de its y de cancer de cuello uterino",numero de inyectables trimestrales suministrados,2016-09-01,1,24,129,34,0,188
QUIME,"anticoncepcion, prevencion de its y de cancer de cuello uterino",numero de inyectables trimestrales suministrados,2016-09-01,0,6,36,14,1,57
QUIRUSILLAS,"anticoncepcion, prevencion de its y de cancer de cuello uterino",numero de inyectables trimestrales suministrados,2016-09-01,0,2,6,2,0,10
RAVELO,"anticoncepcion, prevencion de its y de cancer de cuello uterino",numero de inyectables trimestrales suministrados,2016-09-01,1,7,47,43,3,101
REYES,"anticoncepcion, prevencion de its y de cancer de cuello uterino",numero de inyectables trimestrales suministrados,2016-09-01,0,4,32,12,0,48
RIBERALTA,"anticoncepcion, prevencion de its y de cancer de cuello uterino",numero de inyectables trimestrales suministrados,2016-09-01,3,65,197,57,0,322
ROBORE,"anticoncepcion, prevencion de its y de cancer de cuello uterino",numero de inyectables trimestrales suministrados,2016-09-01,0,5,35,15,0,55
RURRENABAQUE,"anticoncepcion, prevencion de its y de cancer de cuello uterino",numero de inyectables trimestrales suministrados,2016-09-01,0,9,32,14,0,55
SABAYA,"anticoncepcion, prevencion de its y de cancer de cuello uterino",numero de inyectables trimestrales suministrados,2016-09-01,0,2,8,2,0,12
SACABA,"anticoncepcion, prevencion de its y de cancer de cuello uterino",numero de inyectables trimestrales suministrados,2016-09-01,0,19,156,57,0,232
SACABAMBA,"anticoncepcion, prevencion de its y de cancer de cuello uterino",numero de inyectables trimestrales suministrados,2016-09-01,0,0,5,5,0,10
SACACA,"anticoncepcion, prevencion de its y de cancer de cuello uterino",numero de inyectables trimestrales suministrados,2016-09-01,0,10,39,26,0,75
SAIPINA,"anticoncepcion, prevencion de its y de cancer de cuello uterino",numero de inyectables trimestrales suministrados,2016-09-01,0,6,27,5,0,38
SALINAS DE GARCI MENDOZA,"anticoncepcion, prevencion de its y de cancer de cuello uterino",numero de inyectables trimestrales suministrados,2016-09-01,0,3,29,8,0,40
SAMAIPATA,"anticoncepcion, prevencion de its y de cancer de cuello uterino",numero de inyectables trimestrales suministrados,2016-09-01,0,2,2,0,0,4
SAN AGUSTIN,"anticoncepcion, prevencion de its y de cancer de cuello uterino",numero de inyectables trimestrales suministrados,2016-09-01,0,0,7,2,0,9
SAN ANDRES,"anticoncepcion, prevencion de its y de cancer de cuello uterino",numero de inyectables trimestrales suministrados,2016-09-01,0,3,26,4,0,33
SAN ANDRES DE MACHACA,"anticoncepcion, prevencion de its y de cancer de cuello uterino",numero de inyectables trimestrales suministrados,2016-09-01,0,0,4,0,0,4
SAN ANTONIO DE ESMORUCO,"anticoncepcion, prevencion de its y de cancer de cuello uterino",numero de inyectables trimestrales suministrados,2016-09-01,0,0,8,0,0,8
SAN ANTONIO DE LOMERIO,"anticoncepcion, prevencion de its y de cancer de cuello uterino",numero de inyectables trimestrales suministrados,2016-09-01,0,4,22,16,0,42
SAN BENITO,"anticoncepcion, prevencion de its y de cancer de cuello uterino",numero de inyectables trimestrales suministrados,2016-09-01,0,2,31,13,0,46
SAN BORJA,"anticoncepcion, prevencion de its y de cancer de cuello uterino",numero de inyectables trimestrales suministrados,2016-09-01,1,12,89,39,0,141
SAN BUENA VENTURA,"anticoncepcion, prevencion de its y de cancer de cuello uterino",numero de inyectables trimestrales suministrados,2016-09-01,0,2,12,4,0,18
SAN CARLOS,"anticoncepcion, prevencion de its y de cancer de cuello uterino",numero de inyectables trimestrales suministrados,2016-09-01,0,2,24,9,0,35
SAN IGNACIO,"anticoncepcion, prevencion de its y de cancer de cuello uterino",numero de inyectables trimestrales suministrados,2016-09-01,0,15,80,30,1,126
SAN IGNACIO DE VELASCO,"anticoncepcion, prevencion de its y de cancer de cuello uterino",numero de inyectables trimestrales suministrados,2016-09-01,0,22,151,53,0,226
SAN JAVIER(BNI),"anticoncepcion, prevencion de its y de cancer de cuello uterino",numero de inyectables trimestrales suministrados,2016-09-01,1,4,11,0,0,16
SAN JAVIER(STC),"anticoncepcion, prevencion de its y de cancer de cuello uterino",numero de inyectables trimestrales suministrados,2016-09-01,0,7,43,4,0,54
SAN JOSE DE CHIQUITOS,"anticoncepcion, prevencion de its y de cancer de cuello uterino",numero de inyectables trimestrales suministrados,2016-09-01,0,13,36,14,0,63
SAN JUAN DE YAPACANI,"anticoncepcion, prevencion de its y de cancer de cuello uterino",numero de inyectables trimestrales suministrados,2016-09-01,0,2,18,10,0,30
SAN JULIAN,"anticoncepcion, prevencion de its y de cancer de cuello uterino",numero de inyectables trimestrales suministrados,2016-09-01,1,4,80,30,1,116
SAN LORENZO(PND),"anticoncepcion, prevencion de its y de cancer de cuello uterino",numero de inyectables trimestrales suministrados,2016-09-01,0,2,12,2,0,16
SAN LORENZO(TJA),"anticoncepcion, prevencion de its y de cancer de cuello uterino",numero de inyectables trimestrales suministrados,2016-09-01,1,11,89,60,3,164
SAN LUCAS,"anticoncepcion, prevencion de its y de cancer de cuello uterino",numero de inyectables trimestrales suministrados,2016-09-01,2,15,65,38,0,120
SAN MATIAS,"anticoncepcion, prevencion de its y de cancer de cuello uterino",numero de inyectables trimestrales suministrados,2016-09-01,0,5,24,3,0,32
SAN MIGUEL DE VELASCO,"anticoncepcion, prevencion de its y de cancer de cuello uterino",numero de inyectables trimestrales suministrados,2016-09-01,1,15,62,31,0,109
SAN PABLO DE LIPEZ,"anticoncepcion, prevencion de its y de cancer de cuello uterino",numero de inyectables trimestrales suministrados,2016-09-01,0,0,3,6,0,9
SAN PEDRO,"anticoncepcion, prevencion de its y de cancer de cuello uterino",numero de inyectables trimestrales suministrados,2016-09-01,0,5,44,15,0,64
SAN PEDRO DE BUENA VISTA,"anticoncepcion, prevencion de its y de cancer de cuello uterino",numero de inyectables trimestrales suministrados,2016-09-01,0,3,16,11,0,30
SAN PEDRO DE CURAHUARA,"anticoncepcion, prevencion de its y de cancer de cuello uterino",numero de inyectables trimestrales suministrados,2016-09-01,0,2,12,7,0,21
SAN PEDRO DE QUEMES,"anticoncepcion, prevencion de its y de cancer de cuello uterino",numero de inyectables trimestrales suministrados,2016-09-01,0,0,5,0,0,5
SAN PEDRO DE TIQUINA,"anticoncepcion, prevencion de its y de cancer de cuello uterino",numero de inyectables trimestrales suministrados,2016-09-01,0,1,8,1,0,10
SAN PEDRO(PND),"anticoncepcion, prevencion de its y de cancer de cuello uterino",numero de inyectables trimestrales suministrados,2016-09-01,0,1,7,2,0,10
SAN RAFAEL,"anticoncepcion, prevencion de its y de cancer de cuello uterino",numero de inyectables trimestrales suministrados,2016-09-01,0,8,34,21,2,65
SAN RAMON BENI,"anticoncepcion, prevencion de its y de cancer de cuello uterino",numero de inyectables trimestrales suministrados,2016-09-01,0,0,3,1,0,4
SANTA ANA,"anticoncepcion, prevencion de its y de cancer de cuello uterino",numero de inyectables trimestrales suministrados,2016-09-01,0,1,6,0,0,7
SANTA CRUZ DE LA SIERRA,"anticoncepcion, prevencion de its y de cancer de cuello uterino",numero de inyectables trimestrales suministrados,2016-09-01,0,129,433,115,0,677
SANTA ROSA,"anticoncepcion, prevencion de its y de cancer de cuello uterino",numero de inyectables trimestrales suministrados,2016-09-01,0,2,8,3,0,13
SANTA ROSA DEL SARA,"anticoncepcion, prevencion de its y de cancer de cuello uterino",numero de inyectables trimestrales suministrados,2016-09-01,0,13,51,28,0,92
SANTIAGO DE CALLAPA,"anticoncepcion, prevencion de its y de cancer de cuello uterino",numero de inyectables trimestrales suministrados,2016-09-01,0,0,3,1,0,4
SANTIAGO DE HUARI,"anticoncepcion, prevencion de its y de cancer de cuello uterino",numero de inyectables trimestrales suministrados,2016-09-01,0,2,13,2,0,17
SANTIAGO DE HUATA,"anticoncepcion, prevencion de its y de cancer de cuello uterino",numero de inyectables trimestrales suministrados,2016-09-01,0,2,11,8,0,21
SANTIAGO DE MACHACA,"anticoncepcion, prevencion de its y de cancer de cuello uterino",numero de inyectables trimestrales suministrados,2016-09-01,0,1,3,3,0,7
SANTIVAÑES,"anticoncepcion, prevencion de its y de cancer de cuello uterino",numero de inyectables trimestrales suministrados,2016-09-01,0,0,13,10,0,23
SANTUARIO DE QUILLACAS,"anticoncepcion, prevencion de its y de cancer de cuello uterino",numero de inyectables trimestrales suministrados,2016-09-01,0,1,8,4,0,13
SAPAHAQUI,"anticoncepcion, prevencion de its y de cancer de cuello uterino",numero de inyectables trimestrales suministrados,2016-09-01,0,3,28,17,0,48
SENA,"anticoncepcion, prevencion de its y de cancer de cuello uterino",numero de inyectables trimestrales suministrados,2016-09-01,0,8,24,7,0,39
SHINAOTA,"anticoncepcion, prevencion de its y de cancer de cuello uterino",numero de inyectables trimestrales suministrados,2016-09-01,0,4,44,17,0,65
SICA SICA (VILLA AROMA),"anticoncepcion, prevencion de its y de cancer de cuello uterino",numero de inyectables trimestrales suministrados,2016-09-01,0,3,34,31,1,69
SICAYA,"anticoncepcion, prevencion de its y de cancer de cuello uterino",numero de inyectables trimestrales suministrados,2016-09-01,0,1,19,7,0,27
SIPE SIPE,"anticoncepcion, prevencion de its y de cancer de cuello uterino",numero de inyectables trimestrales suministrados,2016-09-01,0,12,154,62,0,228
SOPACHUY,"anticoncepcion, prevencion de its y de cancer de cuello uterino",numero de inyectables trimestrales suministrados,2016-09-01,0,3,27,24,0,54
SORACACHI,"anticoncepcion, prevencion de its y de cancer de cuello uterino",numero de inyectables trimestrales suministrados,2016-09-01,0,1,32,11,0,44
SORATA,"anticoncepcion, prevencion de its y de cancer de cuello uterino",numero de inyectables trimestrales suministrados,2016-09-01,0,3,27,24,0,54
SUCRE,"anticoncepcion, prevencion de its y de cancer de cuello uterino",numero de inyectables trimestrales suministrados,2016-09-01,1,79,380,140,0,600
TACACOMA,"anticoncepcion, prevencion de its y de cancer de cuello uterino",numero de inyectables trimestrales suministrados,2016-09-01,0,2,27,10,0,39
TACOBAMBA,"anticoncepcion, prevencion de its y de cancer de cuello uterino",numero de inyectables trimestrales suministrados,2016-09-01,0,2,32,22,0,56
TACOPAYA,"anticoncepcion, prevencion de its y de cancer de cuello uterino",numero de inyectables trimestrales suministrados,2016-09-01,0,1,8,8,0,17
TAHUA,"anticoncepcion, prevencion de its y de cancer de cuello uterino",numero de inyectables trimestrales suministrados,2016-09-01,0,0,1,2,0,3
TAPACARI,"anticoncepcion, prevencion de its y de cancer de cuello uterino",numero de inyectables trimestrales suministrados,2016-09-01,2,8,59,53,1,123
TARABUCO,"anticoncepcion, prevencion de its y de cancer de cuello uterino",numero de inyectables trimestrales suministrados,2016-09-01,0,5,35,34,1,75
TARACO,"anticoncepcion, prevencion de its y de cancer de cuello uterino",numero de inyectables trimestrales suministrados,2016-09-01,0,0,12,12,1,25
TARATA,"anticoncepcion, prevencion de its y de cancer de cuello uterino",numero de inyectables trimestrales suministrados,2016-09-01,0,2,24,8,0,34
TARIJA,"anticoncepcion, prevencion de its y de cancer de cuello uterino",numero de inyectables trimestrales suministrados,2016-09-01,0,32,181,72,1,286
TARVITA,"anticoncepcion, prevencion de its y de cancer de cuello uterino",numero de inyectables trimestrales suministrados,2016-09-01,0,7,27,26,0,60
TEOPONTE,"anticoncepcion, prevencion de its y de cancer de cuello uterino",numero de inyectables trimestrales suministrados,2016-09-01,1,5,26,11,0,43
TIAWANACU,"anticoncepcion, prevencion de its y de cancer de cuello uterino",numero de inyectables trimestrales suministrados,2016-09-01,0,1,29,23,0,53
TINGUIPAYA,"anticoncepcion, prevencion de its y de cancer de cuello uterino",numero de inyectables trimestrales suministrados,2016-09-01,0,0,11,24,0,35
TIPUANI,"anticoncepcion, prevencion de its y de cancer de cuello uterino",numero de inyectables trimestrales suministrados,2016-09-01,0,2,16,8,0,26
TIQUIPAYA,"anticoncepcion, prevencion de its y de cancer de cuello uterino",numero de inyectables trimestrales suministrados,2016-09-01,0,20,84,37,0,141
TIRAQUE (CBBA),"anticoncepcion, prevencion de its y de cancer de cuello uterino",numero de inyectables trimestrales suministrados,2016-09-01,0,8,49,40,0,97
TITO YUPANQUI (PARQUIPUJIO),"anticoncepcion, prevencion de its y de cancer de cuello uterino",numero de inyectables trimestrales suministrados,2016-09-01,0,0,1,0,0,1
TOCO,"anticoncepcion, prevencion de its y de cancer de cuello uterino",numero de inyectables trimestrales suministrados,2016-09-01,1,2,16,8,0,27
TODOS SANTOS,"anticoncepcion, prevencion de its y de cancer de cuello uterino",numero de inyectables trimestrales suministrados,2016-09-01,0,0,1,0,0,1
TOLATA,"anticoncepcion, prevencion de its y de cancer de cuello uterino",numero de inyectables trimestrales suministrados,2016-09-01,0,0,10,1,0,11
TOLEDO,"anticoncepcion, prevencion de its y de cancer de cuello uterino",numero de inyectables trimestrales suministrados,2016-09-01,0,0,7,3,0,10
TOMAVE,"anticoncepcion, prevencion de its y de cancer de cuello uterino",numero de inyectables trimestrales suministrados,2016-09-01,0,0,15,18,0,33
TOMINA,"anticoncepcion, prevencion de its y de cancer de cuello uterino",numero de inyectables trimestrales suministrados,2016-09-01,0,5,41,27,0,73
TORO TORO,"anticoncepcion, prevencion de its y de cancer de cuello uterino",numero de inyectables trimestrales suministrados,2016-09-01,0,4,26,17,0,47
TOTORA(CBBA),"anticoncepcion, prevencion de its y de cancer de cuello uterino",numero de inyectables trimestrales suministrados,2016-09-01,0,16,87,30,0,133
TOTORA(ORR),"anticoncepcion, prevencion de its y de cancer de cuello uterino",numero de inyectables trimestrales suministrados,2016-09-01,0,4,16,10,0,30
TRIGAL,"anticoncepcion, prevencion de its y de cancer de cuello uterino",numero de inyectables trimestrales suministrados,2016-09-01,0,1,6,2,0,9
TRINIDAD,"anticoncepcion, prevencion de its y de cancer de cuello uterino",numero de inyectables trimestrales suministrados,2016-09-01,1,12,21,8,0,42
TUPIZA,"anticoncepcion, prevencion de its y de cancer de cuello uterino",numero de inyectables trimestrales suministrados,2016-09-01,0,10,136,61,1,208
TURCO,"anticoncepcion, prevencion de its y de cancer de cuello uterino",numero de inyectables trimestrales suministrados,2016-09-01,0,0,8,7,0,15
UMALA,"anticoncepcion, prevencion de its y de cancer de cuello uterino",numero de inyectables trimestrales suministrados,2016-09-01,0,1,14,7,0,22
UNCIA,"anticoncepcion, prevencion de its y de cancer de cuello uterino",numero de inyectables trimestrales suministrados,2016-09-01,0,4,39,26,1,70
URIONDO (A. CONCEPCION),"anticoncepcion, prevencion de its y de cancer de cuello uterino",numero de inyectables trimestrales suministrados,2016-09-01,1,14,53,36,0,104
URUBICHA,"anticoncepcion, prevencion de its y de cancer de cuello uterino",numero de inyectables trimestrales suministrados,2016-09-01,0,4,6,7,0,17
UYUNI,"anticoncepcion, prevencion de its y de cancer de cuello uterino",numero de inyectables trimestrales suministrados,2016-09-01,0,6,40,17,0,63
VACAS,"anticoncepcion, prevencion de its y de cancer de cuello uterino",numero de inyectables trimestrales suministrados,2016-09-01,0,7,21,15,0,43
VALLEGRANDE,"anticoncepcion, prevencion de its y de cancer de cuello uterino",numero de inyectables trimestrales suministrados,2016-09-01,0,12,58,7,0,77
VIACHA,"anticoncepcion, prevencion de its y de cancer de cuello uterino",numero de inyectables trimestrales suministrados,2016-09-01,3,20,111,53,1,188
VILA VILA,"anticoncepcion, prevencion de its y de cancer de cuello uterino",numero de inyectables trimestrales suministrados,2016-09-01,0,0,4,2,0,6
VILLA CHARCAS,"anticoncepcion, prevencion de its y de cancer de cuello uterino",numero de inyectables trimestrales suministrados,2016-09-01,0,6,47,32,1,86
VILLA MONTES,"anticoncepcion, prevencion de its y de cancer de cuello uterino",numero de inyectables trimestrales suministrados,2016-09-01,0,15,95,35,1,146
VILLA NUEVA (LOMA ALTA),"anticoncepcion, prevencion de its y de cancer de cuello uterino",numero de inyectables trimestrales suministrados,2016-09-01,0,4,8,4,0,16
VILLA RIVERO,"anticoncepcion, prevencion de its y de cancer de cuello uterino",numero de inyectables trimestrales suministrados,2016-09-01,0,7,37,11,0,55
VILLA SERRANO,"anticoncepcion, prevencion de its y de cancer de cuello uterino",numero de inyectables trimestrales suministrados,2016-09-01,0,4,19,20,0,43
VILLA TUNARI,"anticoncepcion, prevencion de its y de cancer de cuello uterino",numero de inyectables trimestrales suministrados,2016-09-01,0,34,332,114,1,481
VILLA VACA GUZMAN (MUYUPAMPA),"anticoncepcion, prevencion de its y de cancer de cuello uterino",numero de inyectables trimestrales suministrados,2016-09-01,0,3,34,20,1,58
VILLAZON,"anticoncepcion, prevencion de its y de cancer de cuello uterino",numero de inyectables trimestrales suministrados,2016-09-01,0,9,101,43,0,153
VINTO,"anticoncepcion, prevencion de its y de cancer de cuello uterino",numero de inyectables trimestrales suministrados,2016-09-01,0,11,70,22,0,103
VITICHI,"anticoncepcion, prevencion de its y de cancer de cuello uterino",numero de inyectables trimestrales suministrados,2016-09-01,0,0,8,10,0,18
WALDO BALLIVIAN,"anticoncepcion, prevencion de its y de cancer de cuello uterino",numero de inyectables trimestrales suministrados,2016-09-01,0,0,5,4,0,9
WARNES,"anticoncepcion, prevencion de its y de cancer de cuello uterino",numero de inyectables trimestrales suministrados,2016-09-01,2,50,160,60,1,273
YACO,"anticoncepcion, prevencion de its y de cancer de cuello uterino",numero de inyectables trimestrales suministrados,2016-09-01,0,1,15,4,0,20
YACUIBA,"anticoncepcion, prevencion de its y de cancer de cuello uterino",numero de inyectables trimestrales suministrados,2016-09-01,0,24,134,74,5,237
YAMPARAEZ,"anticoncepcion, prevencion de its y de cancer de cuello uterino",numero de inyectables trimestrales suministrados,2016-09-01,0,2,12,15,0,29
YANACACHI,"anticoncepcion, prevencion de its y de cancer de cuello uterino",numero de inyectables trimestrales suministrados,2016-09-01,0,0,11,10,0,21
YAPACANI,"anticoncepcion, prevencion de its y de cancer de cuello uterino",numero de inyectables trimestrales suministrados,2016-09-01,0,21,73,12,3,109
YOCALLA,"anticoncepcion, prevencion de its y de cancer de cuello uterino",numero de inyectables trimestrales suministrados,2016-09-01,0,1,21,3,0,25
YOTALA,"anticoncepcion, prevencion de its y de cancer de cuello uterino",numero de inyectables trimestrales suministrados,2016-09-01,0,2,7,8,0,17
YUNCHARA,"anticoncepcion, prevencion de its y de cancer de cuello uterino",numero de inyectables trimestrales suministrados,2016-09-01,0,4,31,23,0,58
YUNGUYO DE LITORAL,"anticoncepcion, prevencion de its y de cancer de cuello uterino",numero de inyectables trimestrales suministrados,2016-09-01,0,0,0,2,0,2
ZUDAÑEZ,"anticoncepcion, prevencion de its y de cancer de cuello uterino",numero de inyectables trimestrales suministrados,2016-09-01,0,7,37,21,0,65
ACACIO,"anticoncepcion, prevencion de its y de cancer de cuello uterino",numero de inyectables trimestrales suministrados,2016-10-01,0,0,7,8,2,17
ACHACACHI,"anticoncepcion, prevencion de its y de cancer de cuello uterino",numero de inyectables trimestrales suministrados,2016-10-01,0,4,55,33,1,93
ACHOCALLA,"anticoncepcion, prevencion de its y de cancer de cuello uterino",numero de inyectables trimestrales suministrados,2016-10-01,0,4,48,22,0,74
AIQUILE,"anticoncepcion, prevencion de its y de cancer de cuello uterino",numero de inyectables trimestrales suministrados,2016-10-01,0,7,28,24,1,60
ALALAY,"anticoncepcion, prevencion de its y de cancer de cuello uterino",numero de inyectables trimestrales suministrados,2016-10-01,0,2,5,0,0,7
ALCALA,"anticoncepcion, prevencion de its y de cancer de cuello uterino",numero de inyectables trimestrales suministrados,2016-10-01,0,3,7,25,0,35
ALTO BENI,"anticoncepcion, prevencion de its y de cancer de cuello uterino",numero de inyectables trimestrales suministrados,2016-10-01,0,6,26,21,0,53
ANCORAIMES,"anticoncepcion, prevencion de its y de cancer de cuello uterino",numero de inyectables trimestrales suministrados,2016-10-01,0,1,15,8,0,24
ANDAMARCA,"anticoncepcion, prevencion de its y de cancer de cuello uterino",numero de inyectables trimestrales suministrados,2016-10-01,0,1,3,4,0,8
ANTEQUERA,"anticoncepcion, prevencion de its y de cancer de cuello uterino",numero de inyectables trimestrales suministrados,2016-10-01,0,0,3,3,0,6
ANZALDO,"anticoncepcion, prevencion de its y de cancer de cuello uterino",numero de inyectables trimestrales suministrados,2016-10-01,1,1,17,12,0,31
APOLO,"anticoncepcion, prevencion de its y de cancer de cuello uterino",numero de inyectables trimestrales suministrados,2016-10-01,0,5,32,24,0,61
ARANI,"anticoncepcion, prevencion de its y de cancer de cuello uterino",numero de inyectables trimestrales suministrados,2016-10-01,0,1,12,6,0,19
ARBIETO,"anticoncepcion, prevencion de its y de cancer de cuello uterino",numero de inyectables trimestrales suministrados,2016-10-01,0,4,47,27,0,78
ARQUE,"anticoncepcion, prevencion de its y de cancer de cuello uterino",numero de inyectables trimestrales suministrados,2016-10-01,0,8,30,43,0,81
ASCENCION DE GUARAYOS,"anticoncepcion, prevencion de its y de cancer de cuello uterino",numero de inyectables trimestrales suministrados,2016-10-01,0,4,55,13,1,73
ATOCHA,"anticoncepcion, prevencion de its y de cancer de cuello uterino",numero de inyectables trimestrales suministrados,2016-10-01,0,2,26,15,0,43
AUCAPATA,"anticoncepcion, prevencion de its y de cancer de cuello uterino",numero de inyectables trimestrales suministrados,2016-10-01,0,1,17,9,0,27
AYATA,"anticoncepcion, prevencion de its y de cancer de cuello uterino",numero de inyectables trimestrales suministrados,2016-10-01,1,3,17,22,0,43
AYO AYO,"anticoncepcion, prevencion de its y de cancer de cuello uterino",numero de inyectables trimestrales suministrados,2016-10-01,0,1,14,13,0,28
AYOPAYA (V. DE INDEPENDENCIA),"anticoncepcion, prevencion de its y de cancer de cuello uterino",numero de inyectables trimestrales suministrados,2016-10-01,1,8,69,59,1,138
AZURDUY,"anticoncepcion, prevencion de its y de cancer de cuello uterino",numero de inyectables trimestrales suministrados,2016-10-01,0,7,40,26,2,75
BATALLAS,"anticoncepcion, prevencion de its y de cancer de cuello uterino",numero de inyectables trimestrales suministrados,2016-10-01,0,4,20,16,2,42
BAURES,"anticoncepcion, prevencion de its y de cancer de cuello uterino",numero de inyectables trimestrales suministrados,2016-10-01,0,0,4,2,0,6
BELEN DE ANDAMARCA,"anticoncepcion, prevencion de its y de cancer de cuello uterino",numero de inyectables trimestrales suministrados,2016-10-01,0,0,2,0,0,2
BELEN DE URMIRI,"anticoncepcion, prevencion de its y de cancer de cuello uterino",numero de inyectables trimestrales suministrados,2016-10-01,0,0,0,1,0,1
BELLA FLOR,"anticoncepcion, prevencion de its y de cancer de cuello uterino",numero de inyectables trimestrales suministrados,2016-10-01,0,4,5,2,0,11
BERMEJO,"anticoncepcion, prevencion de its y de cancer de cuello uterino",numero de inyectables trimestrales suministrados,2016-10-01,0,20,73,35,1,129
BETANZOS,"anticoncepcion, prevencion de its y de cancer de cuello uterino",numero de inyectables trimestrales suministrados,2016-10-01,0,2,45,46,0,93
BOLIVAR,"anticoncepcion, prevencion de its y de cancer de cuello uterino",numero de inyectables trimestrales suministrados,2016-10-01,0,1,9,5,0,15
BOLPEBRA,"anticoncepcion, prevencion de its y de cancer de cuello uterino",numero de inyectables trimestrales suministrados,2016-10-01,2,0,5,1,0,8
BOYUIBE,"anticoncepcion, prevencion de its y de cancer de cuello uterino",numero de inyectables trimestrales suministrados,2016-10-01,0,0,15,7,0,22
BUENA VISTA,"anticoncepcion, prevencion de its y de cancer de cuello uterino",numero de inyectables trimestrales suministrados,2016-10-01,1,11,34,6,0,52
CABEZAS,"anticoncepcion, prevencion de its y de cancer de cuello uterino",numero de inyectables trimestrales suministrados,2016-10-01,0,24,75,21,1,121
CAIROMA,"anticoncepcion, prevencion de its y de cancer de cuello uterino",numero de inyectables trimestrales suministrados,2016-10-01,0,2,21,9,0,32
"CAIZA ""D""","anticoncepcion, prevencion de its y de cancer de cuello uterino",numero de inyectables trimestrales suministrados,2016-10-01,0,1,7,2,0,10
CAJUATA,"anticoncepcion, prevencion de its y de cancer de cuello uterino",numero de inyectables trimestrales suministrados,2016-10-01,0,2,23,8,1,34
CALACOTO,"anticoncepcion, prevencion de its y de cancer de cuello uterino",numero de inyectables trimestrales suministrados,2016-10-01,0,0,3,4,0,7
CALAMARCA,"anticoncepcion, prevencion de its y de cancer de cuello uterino",numero de inyectables trimestrales suministrados,2016-10-01,0,0,37,14,0,51
CAMARGO,"anticoncepcion, prevencion de its y de cancer de cuello uterino",numero de inyectables trimestrales suministrados,2016-10-01,0,3,20,15,0,38
CAMATAQUI (C. VILLA ABECIA),"anticoncepcion, prevencion de its y de cancer de cuello uterino",numero de inyectables trimestrales suministrados,2016-10-01,0,1,9,9,0,19
CAMIRI,"anticoncepcion, prevencion de its y de cancer de cuello uterino",numero de inyectables trimestrales suministrados,2016-10-01,0,4,32,9,0,45
CAPINOTA,"anticoncepcion, prevencion de its y de cancer de cuello uterino",numero de inyectables trimestrales suministrados,2016-10-01,0,7,37,25,1,70
CAQUIAVIRI,"anticoncepcion, prevencion de its y de cancer de cuello uterino",numero de inyectables trimestrales suministrados,2016-10-01,0,3,12,3,0,18
CARACOLLO,"anticoncepcion, prevencion de its y de cancer de cuello uterino",numero de inyectables trimestrales suministrados,2016-10-01,0,6,22,18,0,46
CARANAVI,"anticoncepcion, prevencion de its y de cancer de cuello uterino",numero de inyectables trimestrales suministrados,2016-10-01,0,8,73,51,0,132
CARAPARI,"anticoncepcion, prevencion de its y de cancer de cuello uterino",numero de inyectables trimestrales suministrados,2016-10-01,0,5,19,14,0,38
CARIPUYO,"anticoncepcion, prevencion de its y de cancer de cuello uterino",numero de inyectables trimestrales suministrados,2016-10-01,0,0,7,8,0,15
CARMEN RIVERO TORREZ,"anticoncepcion, prevencion de its y de cancer de cuello uterino",numero de inyectables trimestrales suministrados,2016-10-01,0,2,15,10,0,27
CATACORA,"anticoncepcion, prevencion de its y de cancer de cuello uterino",numero de inyectables trimestrales suministrados,2016-10-01,0,0,3,3,0,6
CHACARILLA,"anticoncepcion, prevencion de its y de cancer de cuello uterino",numero de inyectables trimestrales suministrados,2016-10-01,0,0,0,2,0,2
CHALLAPATA,"anticoncepcion, prevencion de its y de cancer de cuello uterino",numero de inyectables trimestrales suministrados,2016-10-01,0,3,43,25,0,71
CHAQUI,"anticoncepcion, prevencion de its y de cancer de cuello uterino",numero de inyectables trimestrales suministrados,2016-10-01,0,4,11,8,0,23
CHARAGUA,"anticoncepcion, prevencion de its y de cancer de cuello uterino",numero de inyectables trimestrales suministrados,2016-10-01,0,13,68,31,1,113
CHARAÑA,"anticoncepcion, prevencion de its y de cancer de cuello uterino",numero de inyectables trimestrales suministrados,2016-10-01,0,0,5,4,0,9
CHAYANTA,"anticoncepcion, prevencion de its y de cancer de cuello uterino",numero de inyectables trimestrales suministrados,2016-10-01,0,4,18,28,0,50
CHIMORE,"anticoncepcion, prevencion de its y de cancer de cuello uterino",numero de inyectables trimestrales suministrados,2016-10-01,0,11,52,22,0,85
CHIPAYA,"anticoncepcion, prevencion de its y de cancer de cuello uterino",numero de inyectables trimestrales suministrados,2016-10-01,1,4,11,10,0,26
CHOQUE COTA,"anticoncepcion, prevencion de its y de cancer de cuello uterino",numero de inyectables trimestrales suministrados,2016-10-01,0,1,1,1,0,3
CHUA COCANI,"anticoncepcion, prevencion de its y de cancer de cuello uterino",numero de inyectables trimestrales suministrados,2016-10-01,0,1,11,6,0,18
CHULUMANI (V. DE LA LIBERTAD),"anticoncepcion, prevencion de its y de cancer de cuello uterino",numero de inyectables trimestrales suministrados,2016-10-01,0,2,30,11,0,43
CHUMA,"anticoncepcion, prevencion de its y de cancer de cuello uterino",numero de inyectables trimestrales suministrados,2016-10-01,0,3,19,26,0,48
CHUQUIHUTA AYLLU JUCUMANI,"anticoncepcion, prevencion de its y de cancer de cuello uterino",numero de inyectables trimestrales suministrados,2016-10-01,0,3,21,13,0,37
CKOCHAS,"anticoncepcion, prevencion de its y de cancer de cuello uterino",numero de inyectables trimestrales suministrados,2016-10-01,0,1,15,19,2,37
CLIZA,"anticoncepcion, prevencion de its y de cancer de cuello uterino",numero de inyectables trimestrales suministrados,2016-10-01,0,6,32,18,1,57
COBIJA,"anticoncepcion, prevencion de its y de cancer de cuello uterino",numero de inyectables trimestrales suministrados,2016-10-01,1,23,79,19,0,122
COCAPATA,"anticoncepcion, prevencion de its y de cancer de cuello uterino",numero de inyectables trimestrales suministrados,2016-10-01,0,4,44,23,0,71
COCHABAMBA,"anticoncepcion, prevencion de its y de cancer de cuello uterino",numero de inyectables trimestrales suministrados,2016-10-01,1,48,323,90,0,462
COIPASA,"anticoncepcion, prevencion de its y de cancer de cuello uterino",numero de inyectables trimestrales suministrados,2016-10-01,0,0,3,0,0,3
COLCAPIRHUA,"anticoncepcion, prevencion de its y de cancer de cuello uterino",numero de inyectables trimestrales suministrados,2016-10-01,0,4,50,16,0,70
"COLCHA ""K""","anticoncepcion, prevencion de its y de cancer de cuello uterino",numero de inyectables trimestrales suministrados,2016-10-01,0,2,39,17,0,58
COLLANA,"anticoncepcion, prevencion de its y de cancer de cuello uterino",numero de inyectables trimestrales suministrados,2016-10-01,0,1,5,4,0,10
COLOMI,"anticoncepcion, prevencion de its y de cancer de cuello uterino",numero de inyectables trimestrales suministrados,2016-10-01,0,26,53,19,0,98
COLPA BELGICA,"anticoncepcion, prevencion de its y de cancer de cuello uterino",numero de inyectables trimestrales suministrados,2016-10-01,0,3,15,3,0,21
COLQUECHACA,"anticoncepcion, prevencion de its y de cancer de cuello uterino",numero de inyectables trimestrales suministrados,2016-10-01,0,3,64,34,1,102
COLQUENCHA,"anticoncepcion, prevencion de its y de cancer de cuello uterino",numero de inyectables trimestrales suministrados,2016-10-01,0,1,25,18,0,44
COLQUIRI,"anticoncepcion, prevencion de its y de cancer de cuello uterino",numero de inyectables trimestrales suministrados,2016-10-01,0,1,29,19,0,49
COMANCHE,"anticoncepcion, prevencion de its y de cancer de cuello uterino",numero de inyectables trimestrales suministrados,2016-10-01,0,0,0,1,0,1
COMARAPA,"anticoncepcion, prevencion de its y de cancer de cuello uterino",numero de inyectables trimestrales suministrados,2016-10-01,0,23,71,37,1,132
COMBAYA,"anticoncepcion, prevencion de its y de cancer de cuello uterino",numero de inyectables trimestrales suministrados,2016-10-01,0,0,1,1,0,2
CONCEPCION,"anticoncepcion, prevencion de its y de cancer de cuello uterino",numero de inyectables trimestrales suministrados,2016-10-01,0,3,34,11,0,48
COPACABANA,"anticoncepcion, prevencion de its y de cancer de cuello uterino",numero de inyectables trimestrales suministrados,2016-10-01,1,2,24,18,0,45
CORIPATA,"anticoncepcion, prevencion de its y de cancer de cuello uterino",numero de inyectables trimestrales suministrados,2016-10-01,0,2,54,27,0,83
CORO CORO,"anticoncepcion, prevencion de its y de cancer de cuello uterino",numero de inyectables trimestrales suministrados,2016-10-01,0,0,11,5,0,16
COROICO,"anticoncepcion, prevencion de its y de cancer de cuello uterino",numero de inyectables trimestrales suministrados,2016-10-01,0,2,18,9,0,29
CORQUE,"anticoncepcion, prevencion de its y de cancer de cuello uterino",numero de inyectables trimestrales suministrados,2016-10-01,0,1,11,9,0,21
COTAGAITA,"anticoncepcion, prevencion de its y de cancer de cuello uterino",numero de inyectables trimestrales suministrados,2016-10-01,0,3,44,36,0,83
COTOCA,"anticoncepcion, prevencion de its y de cancer de cuello uterino",numero de inyectables trimestrales suministrados,2016-10-01,1,34,113,29,1,178
CRUZ DE MACHACAMARCA,"anticoncepcion, prevencion de its y de cancer de cuello uterino",numero de inyectables trimestrales suministrados,2016-10-01,0,0,1,0,0,1
CUATRO CAÑADAS,"anticoncepcion, prevencion de its y de cancer de cuello uterino",numero de inyectables trimestrales suministrados,2016-10-01,0,6,38,14,0,58
CUCHUMUELA (V. G. VILLARROEL),"anticoncepcion, prevencion de its y de cancer de cuello uterino",numero de inyectables trimestrales suministrados,2016-10-01,0,3,5,4,0,12
CUEVO,"anticoncepcion, prevencion de its y de cancer de cuello uterino",numero de inyectables trimestrales suministrados,2016-10-01,0,3,18,10,0,31
CULPINA,"anticoncepcion, prevencion de its y de cancer de cuello uterino",numero de inyectables trimestrales suministrados,2016-10-01,0,7,38,46,1,92
CURAHUARA DE CARANGAS,"anticoncepcion, prevencion de its y de cancer de cuello uterino",numero de inyectables trimestrales suministrados,2016-10-01,0,3,9,4,0,16
DESAGUADERO,"anticoncepcion, prevencion de its y de cancer de cuello uterino",numero de inyectables trimestrales suministrados,2016-10-01,0,0,15,7,0,22
EL ALTO,"anticoncepcion, prevencion de its y de cancer de cuello uterino",numero de inyectables trimestrales suministrados,2016-10-01,0,47,620,266,3,936
EL CHORO,"anticoncepcion, prevencion de its y de cancer de cuello uterino",numero de inyectables trimestrales suministrados,2016-10-01,0,0,9,3,0,12
EL PUENTE(STC),"anticoncepcion, prevencion de its y de cancer de cuello uterino",numero de inyectables trimestrales suministrados,2016-10-01,0,9,35,23,0,67
EL PUENTE(TJA),"anticoncepcion, prevencion de its y de cancer de cuello uterino",numero de inyectables trimestrales suministrados,2016-10-01,0,6,59,38,1,104
EL TORNO,"anticoncepcion, prevencion de its y de cancer de cuello uterino",numero de inyectables trimestrales suministrados,2016-10-01,0,38,83,49,1,171
EL VILLAR,"anticoncepcion, prevencion de its y de cancer de cuello uterino",numero de inyectables trimestrales suministrados,2016-10-01,0,6,18,12,0,36
ENTRE RIOS TRJ,"anticoncepcion, prevencion de its y de cancer de cuello uterino",numero de inyectables trimestrales suministrados,2016-10-01,0,19,97,47,2,165
ENTRE RIOS CBBA,"anticoncepcion, prevencion de its y de cancer de cuello uterino",numero de inyectables trimestrales suministrados,2016-10-01,1,8,58,18,0,85
ESCARA,"anticoncepcion, prevencion de its y de cancer de cuello uterino",numero de inyectables trimestrales suministrados,2016-10-01,0,1,2,0,0,3
ESCOMA,"anticoncepcion, prevencion de its y de cancer de cuello uterino",numero de inyectables trimestrales suministrados,2016-10-01,0,1,2,2,0,5
EUCALIPTUS,"anticoncepcion, prevencion de its y de cancer de cuello uterino",numero de inyectables trimestrales suministrados,2016-10-01,0,0,6,4,0,10
EUREKA (SANTOS MERCADO),"anticoncepcion, prevencion de its y de cancer de cuello uterino",numero de inyectables trimestrales suministrados,2016-10-01,1,2,9,0,0,12
EXALTACION,"anticoncepcion, prevencion de its y de cancer de cuello uterino",numero de inyectables trimestrales suministrados,2016-10-01,0,0,0,1,0,1
FERNANDEZ ALONSO,"anticoncepcion, prevencion de its y de cancer de cuello uterino",numero de inyectables trimestrales suministrados,2016-10-01,0,7,42,18,0,67
FILADELFIA,"anticoncepcion, prevencion de its y de cancer de cuello uterino",numero de inyectables trimestrales suministrados,2016-10-01,0,11,31,4,0,46
GENERAL SAAVEDRA,"anticoncepcion, prevencion de its y de cancer de cuello uterino",numero de inyectables trimestrales suministrados,2016-10-01,0,9,68,23,0,100
GRAL. J.J. PEREZ (CHARAZANI),"anticoncepcion, prevencion de its y de cancer de cuello uterino",numero de inyectables trimestrales suministrados,2016-10-01,0,2,11,11,0,24
GUANAY,"anticoncepcion, prevencion de its y de cancer de cuello uterino",numero de inyectables trimestrales suministrados,2016-10-01,0,2,13,5,0,20
GUAQUI,"anticoncepcion, prevencion de its y de cancer de cuello uterino",numero de inyectables trimestrales suministrados,2016-10-01,0,1,12,5,0,18
GUAYARAMERIN,"anticoncepcion, prevencion de its y de cancer de cuello uterino",numero de inyectables trimestrales suministrados,2016-10-01,1,12,45,10,2,70
GUTIERREZ,"anticoncepcion, prevencion de its y de cancer de cuello uterino",numero de inyectables trimestrales suministrados,2016-10-01,0,4,28,11,0,43
HUACARETA,"anticoncepcion, prevencion de its y de cancer de cuello uterino",numero de inyectables trimestrales suministrados,2016-10-01,0,4,25,9,0,38
HUACAYA (VILLA DE HUACAYA),"anticoncepcion, prevencion de its y de cancer de cuello uterino",numero de inyectables trimestrales suministrados,2016-10-01,0,1,24,6,0,31
HUACHACALLA,"anticoncepcion, prevencion de its y de cancer de cuello uterino",numero de inyectables trimestrales suministrados,2016-10-01,0,2,3,0,0,5
HUANUNI,"anticoncepcion, prevencion de its y de cancer de cuello uterino",numero de inyectables trimestrales suministrados,2016-10-01,0,2,15,7,0,24
HUARACAJE,"anticoncepcion, prevencion de its y de cancer de cuello uterino",numero de inyectables trimestrales suministrados,2016-10-01,0,4,12,4,0,20
HUARINA,"anticoncepcion, prevencion de its y de cancer de cuello uterino",numero de inyectables trimestrales suministrados,2016-10-01,0,1,8,6,0,15
HUATAJATA,"anticoncepcion, prevencion de its y de cancer de cuello uterino",numero de inyectables trimestrales suministrados,2016-10-01,0,0,6,5,0,11
HUAYLLAMARCA,"anticoncepcion, prevencion de its y de cancer de cuello uterino",numero de inyectables trimestrales suministrados,2016-10-01,0,1,7,0,0,8
HUMANATA,"anticoncepcion, prevencion de its y de cancer de cuello uterino",numero de inyectables trimestrales suministrados,2016-10-01,0,0,4,4,0,8
ICHOCA,"anticoncepcion, prevencion de its y de cancer de cuello uterino",numero de inyectables trimestrales suministrados,2016-10-01,0,1,9,6,0,16
ICLA,"anticoncepcion, prevencion de its y de cancer de cuello uterino",numero de inyectables trimestrales suministrados,2016-10-01,0,1,16,14,0,31
INCAHUASI,"anticoncepcion, prevencion de its y de cancer de cuello uterino",numero de inyectables trimestrales suministrados,2016-10-01,0,6,33,24,1,64
INGAVI (HUMAITA),"anticoncepcion, prevencion de its y de cancer de cuello uterino",numero de inyectables trimestrales suministrados,2016-10-01,0,0,2,0,0,2
INQUISIVI,"anticoncepcion, prevencion de its y de cancer de cuello uterino",numero de inyectables trimestrales suministrados,2016-10-01,0,3,12,13,1,29
IRUPANA (VILLA DE LANZA),"anticoncepcion, prevencion de its y de cancer de cuello uterino",numero de inyectables trimestrales suministrados,2016-10-01,0,9,42,23,1,75
IXIAMAS,"anticoncepcion, prevencion de its y de cancer de cuello uterino",numero de inyectables trimestrales suministrados,2016-10-01,0,4,31,6,0,41
JESUS DE MACHACA,"anticoncepcion, prevencion de its y de cancer de cuello uterino",numero de inyectables trimestrales suministrados,2016-10-01,0,3,12,12,0,27
LA ASUNTA,"anticoncepcion, prevencion de its y de cancer de cuello uterino",numero de inyectables trimestrales suministrados,2016-10-01,0,14,106,43,0,163
LA GUARDIA,"anticoncepcion, prevencion de its y de cancer de cuello uterino",numero de inyectables trimestrales suministrados,2016-10-01,1,40,110,71,0,222
LA PAZ,"anticoncepcion, prevencion de its y de cancer de cuello uterino",numero de inyectables trimestrales suministrados,2016-10-01,2,46,413,198,0,659
LA RIVERA,"anticoncepcion, prevencion de its y de cancer de cuello uterino",numero de inyectables trimestrales suministrados,2016-10-01,0,0,0,1,0,1
LAGUNILLAS,"anticoncepcion, prevencion de its y de cancer de cuello uterino",numero de inyectables trimestrales suministrados,2016-10-01,0,9,19,12,1,41
LAJA,"anticoncepcion, prevencion de its y de cancer de cuello uterino",numero de inyectables trimestrales suministrados,2016-10-01,0,3,57,13,1,74
LAS CARRERAS,"anticoncepcion, prevencion de its y de cancer de cuello uterino",numero de inyectables trimestrales suministrados,2016-10-01,0,2,10,3,0,15
LICOMA PAMPA,"anticoncepcion, prevencion de its y de cancer de cuello uterino",numero de inyectables trimestrales suministrados,2016-10-01,0,0,5,1,0,6
LLALLAGUA,"anticoncepcion, prevencion de its y de cancer de cuello uterino",numero de inyectables trimestrales suministrados,2016-10-01,0,6,69,31,0,106
LLICA,"anticoncepcion, prevencion de its y de cancer de cuello uterino",numero de inyectables trimestrales suministrados,2016-10-01,1,0,14,3,1,19
LORETO,"anticoncepcion, prevencion de its y de cancer de cuello uterino",numero de inyectables trimestrales suministrados,2016-10-01,0,0,4,0,0,4
LURIBAY,"anticoncepcion, prevencion de its y de cancer de cuello uterino",numero de inyectables trimestrales suministrados,2016-10-01,1,0,27,14,2,44
MACHACAMARCA,"anticoncepcion, prevencion de its y de cancer de cuello uterino",numero de inyectables trimestrales suministrados,2016-10-01,0,0,4,2,0,6
MACHARETI,"anticoncepcion, prevencion de its y de cancer de cuello uterino",numero de inyectables trimestrales suministrados,2016-10-01,0,10,37,14,1,62
MAGDALENA,"anticoncepcion, prevencion de its y de cancer de cuello uterino",numero de inyectables trimestrales suministrados,2016-10-01,0,5,32,3,0,40
MAIRANA,"anticoncepcion, prevencion de its y de cancer de cuello uterino",numero de inyectables trimestrales suministrados,2016-10-01,0,7,27,8,0,42
MALLA,"anticoncepcion, prevencion de its y de cancer de cuello uterino",numero de inyectables trimestrales suministrados,2016-10-01,0,0,3,1,0,4
MAPIRI,"anticoncepcion, prevencion de its y de cancer de cuello uterino",numero de inyectables trimestrales suministrados,2016-10-01,0,4,22,8,0,34
MECAPACA,"anticoncepcion, prevencion de its y de cancer de cuello uterino",numero de inyectables trimestrales suministrados,2016-10-01,0,4,21,17,0,42
MINEROS,"anticoncepcion, prevencion de its y de cancer de cuello uterino",numero de inyectables trimestrales suministrados,2016-10-01,1,9,43,20,0,73
MIZQUE,"anticoncepcion, prevencion de its y de cancer de cuello uterino",numero de inyectables trimestrales suministrados,2016-10-01,0,13,78,43,0,134
MOCOMOCO,"anticoncepcion, prevencion de its y de cancer de cuello uterino",numero de inyectables trimestrales suministrados,2016-10-01,0,0,28,12,0,40
MOJINETE,"anticoncepcion, prevencion de its y de cancer de cuello uterino",numero de inyectables trimestrales suministrados,2016-10-01,0,0,3,0,0,3
MOJOCOYA,"anticoncepcion, prevencion de its y de cancer de cuello uterino",numero de inyectables trimestrales suministrados,2016-10-01,0,3,18,24,0,45
MONTEAGUDO,"anticoncepcion, prevencion de its y de cancer de cuello uterino",numero de inyectables trimestrales suministrados,2016-10-01,0,11,36,38,0,85
MONTERO,"anticoncepcion, prevencion de its y de cancer de cuello uterino",numero de inyectables trimestrales suministrados,2016-10-01,1,31,156,42,0,230
MORO MORO,"anticoncepcion, prevencion de its y de cancer de cuello uterino",numero de inyectables trimestrales suministrados,2016-10-01,0,4,20,10,0,34
MOROCHATA,"anticoncepcion, prevencion de its y de cancer de cuello uterino",numero de inyectables trimestrales suministrados,2016-10-01,0,7,35,31,0,73
NACEBE (SANTA ROSA DEL ABUNA),"anticoncepcion, prevencion de its y de cancer de cuello uterino",numero de inyectables trimestrales suministrados,2016-10-01,0,3,10,2,0,15
NAZACARA DE PACAJES,"anticoncepcion, prevencion de its y de cancer de cuello uterino",numero de inyectables trimestrales suministrados,2016-10-01,0,0,1,1,0,2
NUEVO MANOA (NUEVA ESPERANZA),"anticoncepcion, prevencion de its y de cancer de cuello uterino",numero de inyectables trimestrales suministrados,2016-10-01,0,0,3,1,0,4
OCURI,"anticoncepcion, prevencion de its y de cancer de cuello uterino",numero de inyectables trimestrales suministrados,2016-10-01,0,2,17,11,0,30
OKINAWA,"anticoncepcion, prevencion de its y de cancer de cuello uterino",numero de inyectables trimestrales suministrados,2016-10-01,0,3,14,2,1,20
OMEREQUE,"anticoncepcion, prevencion de its y de cancer de cuello uterino",numero de inyectables trimestrales suministrados,2016-10-01,0,4,29,19,0,52
ORURO,"anticoncepcion, prevencion de its y de cancer de cuello uterino",numero de inyectables trimestrales suministrados,2016-10-01,1,44,548,143,1,737
PADCAYA,"anticoncepcion, prevencion de its y de cancer de cuello uterino",numero de inyectables trimestrales suministrados,2016-10-01,0,18,94,59,1,172
PADILLA,"anticoncepcion, prevencion de its y de cancer de cuello uterino",numero de inyectables trimestrales suministrados,2016-10-01,0,10,44,33,0,87
PAILON,"anticoncepcion, prevencion de its y de cancer de cuello uterino",numero de inyectables trimestrales suministrados,2016-10-01,1,7,32,2,0,42
PALCA,"anticoncepcion, prevencion de its y de cancer de cuello uterino",numero de inyectables trimestrales suministrados,2016-10-01,0,3,40,13,0,56
PALOS BLANCOS,"anticoncepcion, prevencion de its y de cancer de cuello uterino",numero de inyectables trimestrales suministrados,2016-10-01,0,11,54,36,1,102
PAMPA GRANDE,"anticoncepcion, prevencion de its y de cancer de cuello uterino",numero de inyectables trimestrales suministrados,2016-10-01,0,6,16,9,0,31
PAPEL PAMPA,"anticoncepcion, prevencion de its y de cancer de cuello uterino",numero de inyectables trimestrales suministrados,2016-10-01,0,3,9,14,0,26
PASORAPA,"anticoncepcion, prevencion de its y de cancer de cuello uterino",numero de inyectables trimestrales suministrados,2016-10-01,0,0,9,12,1,22
PATACAMAYA,"anticoncepcion, prevencion de its y de cancer de cuello uterino",numero de inyectables trimestrales suministrados,2016-10-01,0,1,10,7,0,18
PAZÑA,"anticoncepcion, prevencion de its y de cancer de cuello uterino",numero de inyectables trimestrales suministrados,2016-10-01,0,1,11,5,0,17
PELECHUCO,"anticoncepcion, prevencion de its y de cancer de cuello uterino",numero de inyectables trimestrales suministrados,2016-10-01,0,1,13,7,1,22
POCOATA,"anticoncepcion, prevencion de its y de cancer de cuello uterino",numero de inyectables trimestrales suministrados,2016-10-01,0,6,23,27,0,56
POCONA,"anticoncepcion, prevencion de its y de cancer de cuello uterino",numero de inyectables trimestrales suministrados,2016-10-01,0,12,43,40,0,95
POJO (CBBA),"anticoncepcion, prevencion de its y de cancer de cuello uterino",numero de inyectables trimestrales suministrados,2016-10-01,1,12,81,33,1,128
POOPO,"anticoncepcion, prevencion de its y de cancer de cuello uterino",numero de inyectables trimestrales suministrados,2016-10-01,0,0,9,4,0,13
PORCO,"anticoncepcion, prevencion de its y de cancer de cuello uterino",numero de inyectables trimestrales suministrados,2016-10-01,0,1,24,6,0,31
POROMA,"anticoncepcion, prevencion de its y de cancer de cuello uterino",numero de inyectables trimestrales suministrados,2016-10-01,0,8,36,36,1,81
PORONGO,"anticoncepcion, prevencion de its y de cancer de cuello uterino",numero de inyectables trimestrales suministrados,2016-10-01,0,6,24,9,0,39
PORTACHUELO,"anticoncepcion, prevencion de its y de cancer de cuello uterino",numero de inyectables trimestrales suministrados,2016-10-01,1,5,22,10,0,38
PORVENIR,"anticoncepcion, prevencion de its y de cancer de cuello uterino",numero de inyectables trimestrales suministrados,2016-10-01,0,5,18,5,0,28
POSTRER VALLE,"anticoncepcion, prevencion de its y de cancer de cuello uterino",numero de inyectables trimestrales suministrados,2016-10-01,0,2,4,0,0,6
POTOSI,"anticoncepcion, prevencion de its y de cancer de cuello uterino",numero de inyectables trimestrales suministrados,2016-10-01,1,69,417,128,0,615
PRESTO,"anticoncepcion, prevencion de its y de cancer de cuello uterino",numero de inyectables trimestrales suministrados,2016-10-01,0,5,27,11,1,44
PUCARA,"anticoncepcion, prevencion de its y de cancer de cuello uterino",numero de inyectables trimestrales suministrados,2016-10-01,0,1,10,4,0,15
PUCARANI,"anticoncepcion, prevencion de its y de cancer de cuello uterino",numero de inyectables trimestrales suministrados,2016-10-01,0,9,79,59,1,148
PUERTO ACOSTA,"anticoncepcion, prevencion de its y de cancer de cuello uterino",numero de inyectables trimestrales suministrados,2016-10-01,0,0,5,4,0,9
PUERTO CARABUCO,"anticoncepcion, prevencion de its y de cancer de cuello uterino",numero de inyectables trimestrales suministrados,2016-10-01,0,3,24,11,0,38
PUERTO GONZALO MORENO,"anticoncepcion, prevencion de its y de cancer de cuello uterino",numero de inyectables trimestrales suministrados,2016-10-01,4,12,24,9,0,49
PUERTO PEREZ,"anticoncepcion, prevencion de its y de cancer de cuello uterino",numero de inyectables trimestrales suministrados,2016-10-01,0,1,10,7,0,18
PUERTO QUIJARRO,"anticoncepcion, prevencion de its y de cancer de cuello uterino",numero de inyectables trimestrales suministrados,2016-10-01,0,6,19,2,0,27
PUERTO RICO,"anticoncepcion, prevencion de its y de cancer de cuello uterino",numero de inyectables trimestrales suministrados,2016-10-01,1,6,22,8,0,37
PUERTO SUAREZ,"anticoncepcion, prevencion de its y de cancer de cuello uterino",numero de inyectables trimestrales suministrados,2016-10-01,0,9,18,1,0,28
PUERTO VILLARROEL,"anticoncepcion, prevencion de its y de cancer de cuello uterino",numero de inyectables trimestrales suministrados,2016-10-01,0,15,84,45,0,144
PUNA,"anticoncepcion, prevencion de its y de cancer de cuello uterino",numero de inyectables trimestrales suministrados,2016-10-01,0,5,24,11,1,41
PUNATA,"anticoncepcion, prevencion de its y de cancer de cuello uterino",numero de inyectables trimestrales suministrados,2016-10-01,0,13,63,24,2,102
QUIABAYA,"anticoncepcion, prevencion de its y de cancer de cuello uterino",numero de inyectables trimestrales suministrados,2016-10-01,0,0,7,5,0,12
QUILLACOLLO,"anticoncepcion, prevencion de its y de cancer de cuello uterino",numero de inyectables trimestrales suministrados,2016-10-01,1,35,222,37,0,295
QUIME,"anticoncepcion, prevencion de its y de cancer de cuello uterino",numero de inyectables trimestrales suministrados,2016-10-01,0,3,23,11,1,38
QUIRUSILLAS,"anticoncepcion, prevencion de its y de cancer de cuello uterino",numero de inyectables trimestrales suministrados,2016-10-01,0,0,5,4,0,9
RAVELO,"anticoncepcion, prevencion de its y de cancer de cuello uterino",numero de inyectables trimestrales suministrados,2016-10-01,0,8,56,38,0,102
REYES,"anticoncepcion, prevencion de its y de cancer de cuello uterino",numero de inyectables trimestrales suministrados,2016-10-01,0,7,43,17,0,67
RIBERALTA,"anticoncepcion, prevencion de its y de cancer de cuello uterino",numero de inyectables trimestrales suministrados,2016-10-01,2,66,182,45,0,295
ROBORE,"anticoncepcion, prevencion de its y de cancer de cuello uterino",numero de inyectables trimestrales suministrados,2016-10-01,0,11,41,6,0,58
RURRENABAQUE,"anticoncepcion, prevencion de its y de cancer de cuello uterino",numero de inyectables trimestrales suministrados,2016-10-01,1,6,31,9,0,47
SABAYA,"anticoncepcion, prevencion de its y de cancer de cuello uterino",numero de inyectables trimestrales suministrados,2016-10-01,0,3,8,3,0,14
SACABA,"anticoncepcion, prevencion de its y de cancer de cuello uterino",numero de inyectables trimestrales suministrados,2016-10-01,0,22,177,54,3,256
SACABAMBA,"anticoncepcion, prevencion de its y de cancer de cuello uterino",numero de inyectables trimestrales suministrados,2016-10-01,0,1,3,2,0,6
SACACA,"anticoncepcion, prevencion de its y de cancer de cuello uterino",numero de inyectables trimestrales suministrados,2016-10-01,0,7,53,29,0,89
SAIPINA,"anticoncepcion, prevencion de its y de cancer de cuello uterino",numero de inyectables trimestrales suministrados,2016-10-01,0,2,23,15,0,40
SALINAS DE GARCI MENDOZA,"anticoncepcion, prevencion de its y de cancer de cuello uterino",numero de inyectables trimestrales suministrados,2016-10-01,0,2,27,15,0,44
SAMAIPATA,"anticoncepcion, prevencion de its y de cancer de cuello uterino",numero de inyectables trimestrales suministrados,2016-10-01,0,7,38,8,0,53
SAN AGUSTIN,"anticoncepcion, prevencion de its y de cancer de cuello uterino",numero de inyectables trimestrales suministrados,2016-10-01,0,1,5,3,0,9
SAN ANDRES,"anticoncepcion, prevencion de its y de cancer de cuello uterino",numero de inyectables trimestrales suministrados,2016-10-01,0,4,25,7,0,36
SAN ANDRES DE MACHACA,"anticoncepcion, prevencion de its y de cancer de cuello uterino",numero de inyectables trimestrales suministrados,2016-10-01,0,0,7,3,0,10
SAN ANTONIO DE ESMORUCO,"anticoncepcion, prevencion de its y de cancer de cuello uterino",numero de inyectables trimestrales suministrados,2016-10-01,0,1,5,0,0,6
SAN ANTONIO DE LOMERIO,"anticoncepcion, prevencion de its y de cancer de cuello uterino",numero de inyectables trimestrales suministrados,2016-10-01,0,6,38,29,0,73
SAN BENITO,"anticoncepcion, prevencion de its y de cancer de cuello uterino",numero de inyectables trimestrales suministrados,2016-10-01,0,3,19,18,0,40
SAN BORJA,"anticoncepcion, prevencion de its y de cancer de cuello uterino",numero de inyectables trimestrales suministrados,2016-10-01,1,23,74,34,0,132
SAN BUENA VENTURA,"anticoncepcion, prevencion de its y de cancer de cuello uterino",numero de inyectables trimestrales suministrados,2016-10-01,0,3,13,3,0,19
SAN CARLOS,"anticoncepcion, prevencion de its y de cancer de cuello uterino",numero de inyectables trimestrales suministrados,2016-10-01,0,11,36,15,0,62
SAN IGNACIO,"anticoncepcion, prevencion de its y de cancer de cuello uterino",numero de inyectables trimestrales suministrados,2016-10-01,0,9,86,35,0,130
SAN IGNACIO DE VELASCO,"anticoncepcion, prevencion de its y de cancer de cuello uterino",numero de inyectables trimestrales suministrados,2016-10-01,1,21,161,50,2,235
SAN JAVIER(BNI),"anticoncepcion, prevencion de its y de cancer de cuello uterino",numero de inyectables trimestrales suministrados,2016-10-01,1,2,8,0,0,11
SAN JAVIER(STC),"anticoncepcion, prevencion de its y de cancer de cuello uterino",numero de inyectables trimestrales suministrados,2016-10-01,1,12,33,17,0,63
SAN JOAQUIN,"anticoncepcion, prevencion de its y de cancer de cuello uterino",numero de inyectables trimestrales suministrados,2016-10-01,0,3,4,0,0,7
SAN JOSE DE CHIQUITOS,"anticoncepcion, prevencion de its y de cancer de cuello uterino",numero de inyectables trimestrales suministrados,2016-10-01,1,8,32,12,0,53
SAN JUAN DE YAPACANI,"anticoncepcion, prevencion de its y de cancer de cuello uterino",numero de inyectables trimestrales suministrados,2016-10-01,0,6,24,13,1,44
SAN JULIAN,"anticoncepcion, prevencion de its y de cancer de cuello uterino",numero de inyectables trimestrales suministrados,2016-10-01,0,19,84,42,1,146
SAN LORENZO(PND),"anticoncepcion, prevencion de its y de cancer de cuello uterino",numero de inyectables trimestrales suministrados,2016-10-01,0,7,17,6,0,30
SAN LORENZO(TJA),"anticoncepcion, prevencion de its y de cancer de cuello uterino",numero de inyectables trimestrales suministrados,2016-10-01,0,16,84,46,2,148
SAN LUCAS,"anticoncepcion, prevencion de its y de cancer de cuello uterino",numero de inyectables trimestrales suministrados,2016-10-01,0,9,59,45,1,114
SAN MATIAS,"anticoncepcion, prevencion de its y de cancer de cuello uterino",numero de inyectables trimestrales suministrados,2016-10-01,0,3,20,5,0,28
SAN MIGUEL DE VELASCO,"anticoncepcion, prevencion de its y de cancer de cuello uterino",numero de inyectables trimestrales suministrados,2016-10-01,0,11,58,25,1,95
SAN PABLO DE LIPEZ,"anticoncepcion, prevencion de its y de cancer de cuello uterino",numero de inyectables trimestrales suministrados,2016-10-01,0,3,4,4,0,11
SAN PEDRO,"anticoncepcion, prevencion de its y de cancer de cuello uterino",numero de inyectables trimestrales suministrados,2016-10-01,0,8,41,17,0,66
SAN PEDRO DE BUENA VISTA,"anticoncepcion, prevencion de its y de cancer de cuello uterino",numero de inyectables trimestrales suministrados,2016-10-01,0,7,30,32,0,69
SAN PEDRO DE CURAHUARA,"anticoncepcion, prevencion de its y de cancer de cuello uterino",numero de inyectables trimestrales suministrados,2016-10-01,0,2,9,7,0,18
SAN PEDRO DE QUEMES,"anticoncepcion, prevencion de its y de cancer de cuello uterino",numero de inyectables trimestrales suministrados,2016-10-01,0,0,0,2,0,2
SAN PEDRO DE TIQUINA,"anticoncepcion, prevencion de its y de cancer de cuello uterino",numero de inyectables trimestrales suministrados,2016-10-01,0,0,4,6,0,10
SAN PEDRO(PND),"anticoncepcion, prevencion de its y de cancer de cuello uterino",numero de inyectables trimestrales suministrados,2016-10-01,0,3,9,2,0,14
SAN RAFAEL,"anticoncepcion, prevencion de its y de cancer de cuello uterino",numero de inyectables trimestrales suministrados,2016-10-01,1,6,45,11,0,63
SAN RAMON BENI,"anticoncepcion, prevencion de its y de cancer de cuello uterino",numero de inyectables trimestrales suministrados,2016-10-01,0,0,0,2,0,2
SAN RAMON SCZ,"anticoncepcion, prevencion de its y de cancer de cuello uterino",numero de inyectables trimestrales suministrados,2016-10-01,0,3,41,5,0,49
SANTA ANA,"anticoncepcion, prevencion de its y de cancer de cuello uterino",numero de inyectables trimestrales suministrados,2016-10-01,0,3,24,2,0,29
SANTA CRUZ DE LA SIERRA,"anticoncepcion, prevencion de its y de cancer de cuello uterino",numero de inyectables trimestrales suministrados,2016-10-01,2,105,393,147,7,654
SANTA ROSA,"anticoncepcion, prevencion de its y de cancer de cuello uterino",numero de inyectables trimestrales suministrados,2016-10-01,0,2,11,1,0,14
SANTA ROSA DEL SARA,"anticoncepcion, prevencion de its y de cancer de cuello uterino",numero de inyectables trimestrales suministrados,2016-10-01,0,12,57,29,3,101
SANTIAGO DE CALLAPA,"anticoncepcion, prevencion de its y de cancer de cuello uterino",numero de inyectables trimestrales suministrados,2016-10-01,0,1,1,2,0,4
SANTIAGO DE HUARI,"anticoncepcion, prevencion de its y de cancer de cuello uterino",numero de inyectables trimestrales suministrados,2016-10-01,0,2,4,4,0,10
SANTIAGO DE HUATA,"anticoncepcion, prevencion de its y de cancer de cuello uterino",numero de inyectables trimestrales suministrados,2016-10-01,0,1,8,3,0,12
SANTIAGO DE MACHACA,"anticoncepcion, prevencion de its y de cancer de cuello uterino",numero de inyectables trimestrales suministrados,2016-10-01,0,0,7,2,0,9
SANTIVAÑES,"anticoncepcion, prevencion de its y de cancer de cuello uterino",numero de inyectables trimestrales suministrados,2016-10-01,0,2,26,10,0,38
SANTUARIO DE QUILLACAS,"anticoncepcion, prevencion de its y de cancer de cuello uterino",numero de inyectables trimestrales suministrados,2016-10-01,0,0,7,5,0,12
SAPAHAQUI,"anticoncepcion, prevencion de its y de cancer de cuello uterino",numero de inyectables trimestrales suministrados,2016-10-01,0,5,21,12,0,38
SENA,"anticoncepcion, prevencion de its y de cancer de cuello uterino",numero de inyectables trimestrales suministrados,2016-10-01,0,0,3,14,3,20
SHINAOTA,"anticoncepcion, prevencion de its y de cancer de cuello uterino",numero de inyectables trimestrales suministrados,2016-10-01,1,11,41,11,0,64
SICA SICA (VILLA AROMA),"anticoncepcion, prevencion de its y de cancer de cuello uterino",numero de inyectables trimestrales suministrados,2016-10-01,0,2,31,23,2,58
SICAYA,"anticoncepcion, prevencion de its y de cancer de cuello uterino",numero de inyectables trimestrales suministrados,2016-10-01,0,1,15,7,0,23
SIPE SIPE,"anticoncepcion, prevencion de its y de cancer de cuello uterino",numero de inyectables trimestrales suministrados,2016-10-01,0,21,140,61,1,223
SOPACHUY,"anticoncepcion, prevencion de its y de cancer de cuello uterino",numero de inyectables trimestrales suministrados,2016-10-01,0,4,27,17,2,50
SORACACHI,"anticoncepcion, prevencion de its y de cancer de cuello uterino",numero de inyectables trimestrales suministrados,2016-10-01,0,2,14,13,0,29
SORATA,"anticoncepcion, prevencion de its y de cancer de cuello uterino",numero de inyectables trimestrales suministrados,2016-10-01,0,6,27,18,0,51
SUCRE,"anticoncepcion, prevencion de its y de cancer de cuello uterino",numero de inyectables trimestrales suministrados,2016-10-01,0,63,376,122,1,562
TACACHI,"anticoncepcion, prevencion de its y de cancer de cuello uterino",numero de inyectables trimestrales suministrados,2016-10-01,0,0,6,0,0,6
TACACOMA,"anticoncepcion, prevencion de its y de cancer de cuello uterino",numero de inyectables trimestrales suministrados,2016-10-01,0,0,34,12,0,46
TACOBAMBA,"anticoncepcion, prevencion de its y de cancer de cuello uterino",numero de inyectables trimestrales suministrados,2016-10-01,0,1,28,22,0,51
TACOPAYA,"anticoncepcion, prevencion de its y de cancer de cuello uterino",numero de inyectables trimestrales suministrados,2016-10-01,0,0,7,9,0,16
TAHUA,"anticoncepcion, prevencion de its y de cancer de cuello uterino",numero de inyectables trimestrales suministrados,2016-10-01,0,0,3,4,0,7
TAPACARI,"anticoncepcion, prevencion de its y de cancer de cuello uterino",numero de inyectables trimestrales suministrados,2016-10-01,0,7,63,37,0,107
TARABUCO,"anticoncepcion, prevencion de its y de cancer de cuello uterino",numero de inyectables trimestrales suministrados,2016-10-01,0,5,39,24,0,68
TARACO,"anticoncepcion, prevencion de its y de cancer de cuello uterino",numero de inyectables trimestrales suministrados,2016-10-01,0,2,6,11,0,19
TARATA,"anticoncepcion, prevencion de its y de cancer de cuello uterino",numero de inyectables trimestrales suministrados,2016-10-01,0,3,23,9,0,35
TARIJA,"anticoncepcion, prevencion de its y de cancer de cuello uterino",numero de inyectables trimestrales suministrados,2016-10-01,1,20,164,80,0,265
TARVITA,"anticoncepcion, prevencion de its y de cancer de cuello uterino",numero de inyectables trimestrales suministrados,2016-10-01,1,6,22,16,2,47
TEOPONTE,"anticoncepcion, prevencion de its y de cancer de cuello uterino",numero de inyectables trimestrales suministrados,2016-10-01,0,6,31,7,0,44
TIAWANACU,"anticoncepcion, prevencion de its y de cancer de cuello uterino",numero de inyectables trimestrales suministrados,2016-10-01,0,2,24,11,1,38
TINGUIPAYA,"anticoncepcion, prevencion de its y de cancer de cuello uterino",numero de inyectables trimestrales suministrados,2016-10-01,0,0,16,14,0,30
TIPUANI,"anticoncepcion, prevencion de its y de cancer de cuello uterino",numero de inyectables trimestrales suministrados,2016-10-01,0,1,16,8,0,25
TIQUIPAYA,"anticoncepcion, prevencion de its y de cancer de cuello uterino",numero de inyectables trimestrales suministrados,2016-10-01,0,24,113,33,0,170
TIRAQUE (CBBA),"anticoncepcion, prevencion de its y de cancer de cuello uterino",numero de inyectables trimestrales suministrados,2016-10-01,0,9,44,19,0,72
TITO YUPANQUI (PARQUIPUJIO),"anticoncepcion, prevencion de its y de cancer de cuello uterino",numero de inyectables trimestrales suministrados,2016-10-01,0,0,2,1,0,3
TOCO,"anticoncepcion, prevencion de its y de cancer de cuello uterino",numero de inyectables trimestrales suministrados,2016-10-01,0,6,26,14,0,46
TOLATA,"anticoncepcion, prevencion de its y de cancer de cuello uterino",numero de inyectables trimestrales suministrados,2016-10-01,0,5,23,5,0,33
TOLEDO,"anticoncepcion, prevencion de its y de cancer de cuello uterino",numero de inyectables trimestrales suministrados,2016-10-01,0,0,6,5,0,11
TOMAVE,"anticoncepcion, prevencion de its y de cancer de cuello uterino",numero de inyectables trimestrales suministrados,2016-10-01,0,2,18,16,0,36
TOMINA,"anticoncepcion, prevencion de its y de cancer de cuello uterino",numero de inyectables trimestrales suministrados,2016-10-01,0,2,36,17,0,55
TORO TORO,"anticoncepcion, prevencion de its y de cancer de cuello uterino",numero de inyectables trimestrales suministrados,2016-10-01,0,9,30,15,0,54
TOTORA(CBBA),"anticoncepcion, prevencion de its y de cancer de cuello uterino",numero de inyectables trimestrales suministrados,2016-10-01,0,18,73,33,1,125
TOTORA(ORR),"anticoncepcion, prevencion de its y de cancer de cuello uterino",numero de inyectables trimestrales suministrados,2016-10-01,0,1,12,10,0,23
TRIGAL,"anticoncepcion, prevencion de its y de cancer de cuello uterino",numero de inyectables trimestrales suministrados,2016-10-01,1,0,9,3,0,13
TRINIDAD,"anticoncepcion, prevencion de its y de cancer de cuello uterino",numero de inyectables trimestrales suministrados,2016-10-01,1,22,51,13,0,87
TUPIZA,"anticoncepcion, prevencion de its y de cancer de cuello uterino",numero de inyectables trimestrales suministrados,2016-10-01,1,13,125,52,0,191
TURCO,"anticoncepcion, prevencion de its y de cancer de cuello uterino",numero de inyectables trimestrales suministrados,2016-10-01,0,1,6,3,0,10
UMALA,"anticoncepcion, prevencion de its y de cancer de cuello uterino",numero de inyectables trimestrales suministrados,2016-10-01,0,2,16,7,0,25
UNCIA,"anticoncepcion, prevencion de its y de cancer de cuello uterino",numero de inyectables trimestrales suministrados,2016-10-01,0,6,44,19,0,69
URIONDO (A. CONCEPCION),"anticoncepcion, prevencion de its y de cancer de cuello uterino",numero de inyectables trimestrales suministrados,2016-10-01,0,12,63,29,1,105
URUBICHA,"anticoncepcion, prevencion de its y de cancer de cuello uterino",numero de inyectables trimestrales suministrados,2016-10-01,0,0,8,4,0,12
UYUNI,"anticoncepcion, prevencion de its y de cancer de cuello uterino",numero de inyectables trimestrales suministrados,2016-10-01,0,3,59,19,0,81
VACAS,"anticoncepcion, prevencion de its y de cancer de cuello uterino",numero de inyectables trimestrales suministrados,2016-10-01,0,2,24,19,0,45
VALLEGRANDE,"anticoncepcion, prevencion de its y de cancer de cuello uterino",numero de inyectables trimestrales suministrados,2016-10-01,0,9,51,13,0,73
VIACHA,"anticoncepcion, prevencion de its y de cancer de cuello uterino",numero de inyectables trimestrales suministrados,2016-10-01,0,13,125,67,1,206
VILA VILA,"anticoncepcion, prevencion de its y de cancer de cuello uterino",numero de inyectables trimestrales suministrados,2016-10-01,0,1,7,3,0,11
VILLA CHARCAS,"anticoncepcion, prevencion de its y de cancer de cuello uterino",numero de inyectables trimestrales suministrados,2016-10-01,0,8,50,32,0,90
VILLA MONTES,"anticoncepcion, prevencion de its y de cancer de cuello uterino",numero de inyectables trimestrales suministrados,2016-10-01,1,20,97,37,1,156
VILLA NUEVA (LOMA ALTA),"anticoncepcion, prevencion de its y de cancer de cuello uterino",numero de inyectables trimestrales suministrados,2016-10-01,0,1,10,0,0,11
VILLA RIVERO,"anticoncepcion, prevencion de its y de cancer de cuello uterino",numero de inyectables trimestrales suministrados,2016-10-01,0,5,32,16,0,53
VILLA SERRANO,"anticoncepcion, prevencion de its y de cancer de cuello uterino",numero de inyectables trimestrales suministrados,2016-10-01,0,6,22,33,3,64
VILLA TUNARI,"anticoncepcion, prevencion de its y de cancer de cuello uterino",numero de inyectables trimestrales suministrados,2016-10-01,0,42,282,113,0,437
VILLA VACA GUZMAN (MUYUPAMPA),"anticoncepcion, prevencion de its y de cancer de cuello uterino",numero de inyectables trimestrales suministrados,2016-10-01,0,5,17,16,0,38
VILLAZON,"anticoncepcion, prevencion de its y de cancer de cuello uterino",numero de inyectables trimestrales suministrados,2016-10-01,0,7,85,52,0,144
VINTO,"anticoncepcion, prevencion de its y de cancer de cuello uterino",numero de inyectables trimestrales suministrados,2016-10-01,0,15,89,18,1,123
VITICHI,"anticoncepcion, prevencion de its y de cancer de cuello uterino",numero de inyectables trimestrales suministrados,2016-10-01,0,1,10,5,0,16
WALDO BALLIVIAN,"anticoncepcion, prevencion de its y de cancer de cuello uterino",numero de inyectables trimestrales suministrados,2016-10-01,0,0,3,3,0,6
WARNES,"anticoncepcion, prevencion de its y de cancer de cuello uterino",numero de inyectables trimestrales suministrados,2016-10-01,2,43,102,30,1,178
YACO,"anticoncepcion, prevencion de its y de cancer de cuello uterino",numero de inyectables trimestrales suministrados,2016-10-01,0,3,13,11,0,27
YACUIBA,"anticoncepcion, prevencion de its y de cancer de cuello uterino",numero de inyectables trimestrales suministrados,2016-10-01,4,25,186,96,2,313
YAMPARAEZ,"anticoncepcion, prevencion de its y de cancer de cuello uterino",numero de inyectables trimestrales suministrados,2016-10-01,0,0,12,15,0,27
YANACACHI,"anticoncepcion, prevencion de its y de cancer de cuello uterino",numero de inyectables trimestrales suministrados,2016-10-01,0,0,18,10,0,28
YAPACANI,"anticoncepcion, prevencion de its y de cancer de cuello uterino",numero de inyectables trimestrales suministrados,2016-10-01,0,12,96,22,0,130
YOCALLA,"anticoncepcion, prevencion de its y de cancer de cuello uterino",numero de inyectables trimestrales suministrados,2016-10-01,0,0,17,3,0,20
YOTALA,"anticoncepcion, prevencion de its y de cancer de cuello uterino",numero de inyectables trimestrales suministrados,2016-10-01,0,0,4,7,0,11
YUNCHARA,"anticoncepcion, prevencion de its y de cancer de cuello uterino",numero de inyectables trimestrales suministrados,2016-10-01,0,3,31,23,0,57
ZUDAÑEZ,"anticoncepcion, prevencion de its y de cancer de cuello uterino",numero de inyectables trimestrales suministrados,2016-10-01,0,5,32,22,1,60
ACACIO,"anticoncepcion, prevencion de its y de cancer de cuello uterino",numero de inyectables trimestrales suministrados,2016-11-01,0,1,10,8,0,19
ACHACACHI,"anticoncepcion, prevencion de its y de cancer de cuello uterino",numero de inyectables trimestrales suministrados,2016-11-01,0,1,54,32,1,88
ACHOCALLA,"anticoncepcion, prevencion de its y de cancer de cuello uterino",numero de inyectables trimestrales suministrados,2016-11-01,0,5,45,27,0,77
AIQUILE,"anticoncepcion, prevencion de its y de cancer de cuello uterino",numero de inyectables trimestrales suministrados,2016-11-01,0,1,26,32,0,59
ALALAY,"anticoncepcion, prevencion de its y de cancer de cuello uterino",numero de inyectables trimestrales suministrados,2016-11-01,0,0,4,3,0,7
ALCALA,"anticoncepcion, prevencion de its y de cancer de cuello uterino",numero de inyectables trimestrales suministrados,2016-11-01,0,2,13,3,0,18
ALTO BENI,"anticoncepcion, prevencion de its y de cancer de cuello uterino",numero de inyectables trimestrales suministrados,2016-11-01,0,5,22,17,0,44
ANCORAIMES,"anticoncepcion, prevencion de its y de cancer de cuello uterino",numero de inyectables trimestrales suministrados,2016-11-01,0,4,15,10,0,29
ANDAMARCA,"anticoncepcion, prevencion de its y de cancer de cuello uterino",numero de inyectables trimestrales suministrados,2016-11-01,0,2,7,5,0,14
ANTEQUERA,"anticoncepcion, prevencion de its y de cancer de cuello uterino",numero de inyectables trimestrales suministrados,2016-11-01,0,0,7,1,0,8
ANZALDO,"anticoncepcion, prevencion de its y de cancer de cuello uterino",numero de inyectables trimestrales suministrados,2016-11-01,0,4,27,15,0,46
APOLO,"anticoncepcion, prevencion de its y de cancer de cuello uterino",numero de inyectables trimestrales suministrados,2016-11-01,0,4,21,27,1,53
ARAMPAMPA,"anticoncepcion, prevencion de its y de cancer de cuello uterino",numero de inyectables trimestrales suministrados,2016-11-01,0,0,10,4,0,14
ARANI,"anticoncepcion, prevencion de its y de cancer de cuello uterino",numero de inyectables trimestrales suministrados,2016-11-01,0,0,5,1,0,6
ARBIETO,"anticoncepcion, prevencion de its y de cancer de cuello uterino",numero de inyectables trimestrales suministrados,2016-11-01,0,11,47,26,0,84
ARQUE,"anticoncepcion, prevencion de its y de cancer de cuello uterino",numero de inyectables trimestrales suministrados,2016-11-01,0,5,27,31,0,63
ASCENCION DE GUARAYOS,"anticoncepcion, prevencion de its y de cancer de cuello uterino",numero de inyectables trimestrales suministrados,2016-11-01,1,12,51,16,0,80
ATOCHA,"anticoncepcion, prevencion de its y de cancer de cuello uterino",numero de inyectables trimestrales suministrados,2016-11-01,0,5,35,14,0,54
AUCAPATA,"anticoncepcion, prevencion de its y de cancer de cuello uterino",numero de inyectables trimestrales suministrados,2016-11-01,0,2,14,10,0,26
AYATA,"anticoncepcion, prevencion de its y de cancer de cuello uterino",numero de inyectables trimestrales suministrados,2016-11-01,0,2,25,21,0,48
AYO AYO,"anticoncepcion, prevencion de its y de cancer de cuello uterino",numero de inyectables trimestrales suministrados,2016-11-01,0,3,13,10,0,26
AYOPAYA (V. DE INDEPENDENCIA),"anticoncepcion, prevencion de its y de cancer de cuello uterino",numero de inyectables trimestrales suministrados,2016-11-01,0,15,91,62,0,168
AZURDUY,"anticoncepcion, prevencion de its y de cancer de cuello uterino",numero de inyectables trimestrales suministrados,2016-11-01,0,5,29,19,0,53
BATALLAS,"anticoncepcion, prevencion de its y de cancer de cuello uterino",numero de inyectables trimestrales suministrados,2016-11-01,0,2,32,19,0,53
BAURES,"anticoncepcion, prevencion de its y de cancer de cuello uterino",numero de inyectables trimestrales suministrados,2016-11-01,0,2,9,3,0,14
BELEN DE ANDAMARCA,"anticoncepcion, prevencion de its y de cancer de cuello uterino",numero de inyectables trimestrales suministrados,2016-11-01,0,2,3,2,0,7
BELEN DE URMIRI,"anticoncepcion, prevencion de its y de cancer de cuello uterino",numero de inyectables trimestrales suministrados,2016-11-01,0,0,2,1,0,3
BELLA FLOR,"anticoncepcion, prevencion de its y de cancer de cuello uterino",numero de inyectables trimestrales suministrados,2016-11-01,0,1,7,3,0,11
BERMEJO,"anticoncepcion, prevencion de its y de cancer de cuello uterino",numero de inyectables trimestrales suministrados,2016-11-01,1,12,70,32,0,115
BETANZOS,"anticoncepcion, prevencion de its y de cancer de cuello uterino",numero de inyectables trimestrales suministrados,2016-11-01,0,2,39,45,0,86
BOLIVAR,"anticoncepcion, prevencion de its y de cancer de cuello uterino",numero de inyectables trimestrales suministrados,2016-11-01,0,1,8,4,0,13
BOLPEBRA,"anticoncepcion, prevencion de its y de cancer de cuello uterino",numero de inyectables trimestrales suministrados,2016-11-01,2,2,3,3,0,10
BOYUIBE,"anticoncepcion, prevencion de its y de cancer de cuello uterino",numero de inyectables trimestrales suministrados,2016-11-01,0,2,2,6,0,10
BUENA VISTA,"anticoncepcion, prevencion de its y de cancer de cuello uterino",numero de inyectables trimestrales suministrados,2016-11-01,0,10,33,25,0,68
CABEZAS,"anticoncepcion, prevencion de its y de cancer de cuello uterino",numero de inyectables trimestrales suministrados,2016-11-01,0,20,80,17,0,117
CAIROMA,"anticoncepcion, prevencion de its y de cancer de cuello uterino",numero de inyectables trimestrales suministrados,2016-11-01,0,2,26,11,0,39
"CAIZA ""D""","anticoncepcion, prevencion de its y de cancer de cuello uterino",numero de inyectables trimestrales suministrados,2016-11-01,0,0,2,0,0,2
CAJUATA,"anticoncepcion, prevencion de its y de cancer de cuello uterino",numero de inyectables trimestrales suministrados,2016-11-01,0,3,21,14,0,38
CALACOTO,"anticoncepcion, prevencion de its y de cancer de cuello uterino",numero de inyectables trimestrales suministrados,2016-11-01,0,0,4,5,0,9
CALAMARCA,"anticoncepcion, prevencion de its y de cancer de cuello uterino",numero de inyectables trimestrales suministrados,2016-11-01,0,4,42,16,2,64
CAMARGO,"anticoncepcion, prevencion de its y de cancer de cuello uterino",numero de inyectables trimestrales suministrados,2016-11-01,0,3,27,13,0,43
CAMATAQUI (C. VILLA ABECIA),"anticoncepcion, prevencion de its y de cancer de cuello uterino",numero de inyectables trimestrales suministrados,2016-11-01,0,1,10,2,0,13
CAMIRI,"anticoncepcion, prevencion de its y de cancer de cuello uterino",numero de inyectables trimestrales suministrados,2016-11-01,0,6,46,12,1,65
CAPINOTA,"anticoncepcion, prevencion de its y de cancer de cuello uterino",numero de inyectables trimestrales suministrados,2016-11-01,0,9,48,25,1,83
CAQUIAVIRI,"anticoncepcion, prevencion de its y de cancer de cuello uterino",numero de inyectables trimestrales suministrados,2016-11-01,0,1,18,9,0,28
CARACOLLO,"anticoncepcion, prevencion de its y de cancer de cuello uterino",numero de inyectables trimestrales suministrados,2016-11-01,0,1,28,23,0,52
CARANAVI,"anticoncepcion, prevencion de its y de cancer de cuello uterino",numero de inyectables trimestrales suministrados,2016-11-01,0,14,84,40,0,138
CARANGAS,"anticoncepcion, prevencion de its y de cancer de cuello uterino",numero de inyectables trimestrales suministrados,2016-11-01,0,0,0,1,0,1
CARAPARI,"anticoncepcion, prevencion de its y de cancer de cuello uterino",numero de inyectables trimestrales suministrados,2016-11-01,0,7,37,28,1,73
CARIPUYO,"anticoncepcion, prevencion de its y de cancer de cuello uterino",numero de inyectables trimestrales suministrados,2016-11-01,0,1,9,9,0,19
CARMEN RIVERO TORREZ,"anticoncepcion, prevencion de its y de cancer de cuello uterino",numero de inyectables trimestrales suministrados,2016-11-01,0,5,11,1,0,17
CATACORA,"anticoncepcion, prevencion de its y de cancer de cuello uterino",numero de inyectables trimestrales suministrados,2016-11-01,0,0,4,3,0,7
CHACARILLA,"anticoncepcion, prevencion de its y de cancer de cuello uterino",numero de inyectables trimestrales suministrados,2016-11-01,0,2,1,2,0,5
CHALLAPATA,"anticoncepcion, prevencion de its y de cancer de cuello uterino",numero de inyectables trimestrales suministrados,2016-11-01,0,5,39,23,0,67
CHAQUI,"anticoncepcion, prevencion de its y de cancer de cuello uterino",numero de inyectables trimestrales suministrados,2016-11-01,0,0,19,11,0,30
CHARAGUA,"anticoncepcion, prevencion de its y de cancer de cuello uterino",numero de inyectables trimestrales suministrados,2016-11-01,0,6,53,22,0,81
CHARAÑA,"anticoncepcion, prevencion de its y de cancer de cuello uterino",numero de inyectables trimestrales suministrados,2016-11-01,0,0,2,1,0,3
CHAYANTA,"anticoncepcion, prevencion de its y de cancer de cuello uterino",numero de inyectables trimestrales suministrados,2016-11-01,0,2,12,16,0,30
CHIMORE,"anticoncepcion, prevencion de its y de cancer de cuello uterino",numero de inyectables trimestrales suministrados,2016-11-01,0,3,56,13,0,72
CHIPAYA,"anticoncepcion, prevencion de its y de cancer de cuello uterino",numero de inyectables trimestrales suministrados,2016-11-01,0,3,10,1,0,14
CHOQUE COTA,"anticoncepcion, prevencion de its y de cancer de cuello uterino",numero de inyectables trimestrales suministrados,2016-11-01,0,0,2,1,0,3
CHUA COCANI,"anticoncepcion, prevencion de its y de cancer de cuello uterino",numero de inyectables trimestrales suministrados,2016-11-01,0,0,5,3,0,8
CHULUMANI (V. DE LA LIBERTAD),"anticoncepcion, prevencion de its y de cancer de cuello uterino",numero de inyectables trimestrales suministrados,2016-11-01,0,2,26,12,0,40
CHUMA,"anticoncepcion, prevencion de its y de cancer de cuello uterino",numero de inyectables trimestrales suministrados,2016-11-01,0,2,30,18,0,50
CHUQUIHUTA AYLLU JUCUMANI,"anticoncepcion, prevencion de its y de cancer de cuello uterino",numero de inyectables trimestrales suministrados,2016-11-01,0,1,24,5,0,30
CKOCHAS,"anticoncepcion, prevencion de its y de cancer de cuello uterino",numero de inyectables trimestrales suministrados,2016-11-01,0,0,19,15,0,34
CLIZA,"anticoncepcion, prevencion de its y de cancer de cuello uterino",numero de inyectables trimestrales suministrados,2016-11-01,0,8,37,9,0,54
COBIJA,"anticoncepcion, prevencion de its y de cancer de cuello uterino",numero de inyectables trimestrales suministrados,2016-11-01,3,18,83,13,0,117
COCAPATA,"anticoncepcion, prevencion de its y de cancer de cuello uterino",numero de inyectables trimestrales suministrados,2016-11-01,0,11,68,30,0,109
COCHABAMBA,"anticoncepcion, prevencion de its y de cancer de cuello uterino",numero de inyectables trimestrales suministrados,2016-11-01,6,52,292,79,0,429
COIPASA,"anticoncepcion, prevencion de its y de cancer de cuello uterino",numero de inyectables trimestrales suministrados,2016-11-01,0,0,6,2,0,8
COLCAPIRHUA,"anticoncepcion, prevencion de its y de cancer de cuello uterino",numero de inyectables trimestrales suministrados,2016-11-01,0,5,54,10,0,69
"COLCHA ""K""","anticoncepcion, prevencion de its y de cancer de cuello uterino",numero de inyectables trimestrales suministrados,2016-11-01,0,7,42,17,0,66
COLLANA,"anticoncepcion, prevencion de its y de cancer de cuello uterino",numero de inyectables trimestrales suministrados,2016-11-01,0,0,8,3,0,11
COLOMI,"anticoncepcion, prevencion de its y de cancer de cuello uterino",numero de inyectables trimestrales suministrados,2016-11-01,0,8,55,16,0,79
COLPA BELGICA,"anticoncepcion, prevencion de its y de cancer de cuello uterino",numero de inyectables trimestrales suministrados,2016-11-01,0,1,7,2,0,10
COLQUECHACA,"anticoncepcion, prevencion de its y de cancer de cuello uterino",numero de inyectables trimestrales suministrados,2016-11-01,0,2,55,34,1,92
COLQUENCHA,"anticoncepcion, prevencion de its y de cancer de cuello uterino",numero de inyectables trimestrales suministrados,2016-11-01,0,0,21,14,0,35
COLQUIRI,"anticoncepcion, prevencion de its y de cancer de cuello uterino",numero de inyectables trimestrales suministrados,2016-11-01,0,3,30,12,1,46
COMANCHE,"anticoncepcion, prevencion de its y de cancer de cuello uterino",numero de inyectables trimestrales suministrados,2016-11-01,0,0,5,0,0,5
COMARAPA,"anticoncepcion, prevencion de its y de cancer de cuello uterino",numero de inyectables trimestrales suministrados,2016-11-01,0,10,69,32,0,111
COMBAYA,"anticoncepcion, prevencion de its y de cancer de cuello uterino",numero de inyectables trimestrales suministrados,2016-11-01,0,2,3,4,0,9
CONCEPCION,"anticoncepcion, prevencion de its y de cancer de cuello uterino",numero de inyectables trimestrales suministrados,2016-11-01,0,3,33,6,0,42
COPACABANA,"anticoncepcion, prevencion de its y de cancer de cuello uterino",numero de inyectables trimestrales suministrados,2016-11-01,0,2,19,19,1,41
CORIPATA,"anticoncepcion, prevencion de its y de cancer de cuello uterino",numero de inyectables trimestrales suministrados,2016-11-01,0,3,33,13,0,49
CORO CORO,"anticoncepcion, prevencion de its y de cancer de cuello uterino",numero de inyectables trimestrales suministrados,2016-11-01,0,0,14,2,0,16
COROICO,"anticoncepcion, prevencion de its y de cancer de cuello uterino",numero de inyectables trimestrales suministrados,2016-11-01,0,1,20,4,0,25
CORQUE,"anticoncepcion, prevencion de its y de cancer de cuello uterino",numero de inyectables trimestrales suministrados,2016-11-01,0,1,10,2,0,13
COTAGAITA,"anticoncepcion, prevencion de its y de cancer de cuello uterino",numero de inyectables trimestrales suministrados,2016-11-01,0,2,21,30,0,53
COTOCA,"anticoncepcion, prevencion de its y de cancer de cuello uterino",numero de inyectables trimestrales suministrados,2016-11-01,1,16,110,45,0,172
CUATRO CAÑADAS,"anticoncepcion, prevencion de its y de cancer de cuello uterino",numero de inyectables trimestrales suministrados,2016-11-01,0,5,43,12,0,60
CUCHUMUELA (V. G. VILLARROEL),"anticoncepcion, prevencion de its y de cancer de cuello uterino",numero de inyectables trimestrales suministrados,2016-11-01,0,1,10,1,0,12
CUEVO,"anticoncepcion, prevencion de its y de cancer de cuello uterino",numero de inyectables trimestrales suministrados,2016-11-01,0,2,18,9,0,29
CULPINA,"anticoncepcion, prevencion de its y de cancer de cuello uterino",numero de inyectables trimestrales suministrados,2016-11-01,0,2,47,23,1,73
CURAHUARA DE CARANGAS,"anticoncepcion, prevencion de its y de cancer de cuello uterino",numero de inyectables trimestrales suministrados,2016-11-01,0,1,17,10,0,28
CURVA,"anticoncepcion, prevencion de its y de cancer de cuello uterino",numero de inyectables trimestrales suministrados,2016-11-01,0,0,4,1,0,5
DESAGUADERO,"anticoncepcion, prevencion de its y de cancer de cuello uterino",numero de inyectables trimestrales suministrados,2016-11-01,0,0,6,3,0,9
EL ALTO,"anticoncepcion, prevencion de its y de cancer de cuello uterino",numero de inyectables trimestrales suministrados,2016-11-01,1,44,634,209,1,889
EL CHORO,"anticoncepcion, prevencion de its y de cancer de cuello uterino",numero de inyectables trimestrales suministrados,2016-11-01,0,1,11,2,0,14
EL PUENTE(STC),"anticoncepcion, prevencion de its y de cancer de cuello uterino",numero de inyectables trimestrales suministrados,2016-11-01,0,8,58,13,0,79
EL PUENTE(TJA),"anticoncepcion, prevencion de its y de cancer de cuello uterino",numero de inyectables trimestrales suministrados,2016-11-01,0,10,35,40,1,86
EL TORNO,"anticoncepcion, prevencion de its y de cancer de cuello uterino",numero de inyectables trimestrales suministrados,2016-11-01,9,39,98,54,1,201
EL VILLAR,"anticoncepcion, prevencion de its y de cancer de cuello uterino",numero de inyectables trimestrales suministrados,2016-11-01,0,3,10,16,1,30
ENTRE RIOS TRJ,"anticoncepcion, prevencion de its y de cancer de cuello uterino",numero de inyectables trimestrales suministrados,2016-11-01,0,22,85,65,2,174
ENTRE RIOS CBBA,"anticoncepcion, prevencion de its y de cancer de cuello uterino",numero de inyectables trimestrales suministrados,2016-11-01,0,12,55,18,0,85
ESCARA,"anticoncepcion, prevencion de its y de cancer de cuello uterino",numero de inyectables trimestrales suministrados,2016-11-01,0,0,0,1,0,1
ESCOMA,"anticoncepcion, prevencion de its y de cancer de cuello uterino",numero de inyectables trimestrales suministrados,2016-11-01,0,0,3,1,0,4
EUCALIPTUS,"anticoncepcion, prevencion de its y de cancer de cuello uterino",numero de inyectables trimestrales suministrados,2016-11-01,0,1,2,5,0,8
EUREKA (SANTOS MERCADO),"anticoncepcion, prevencion de its y de cancer de cuello uterino",numero de inyectables trimestrales suministrados,2016-11-01,0,0,6,0,0,6
EXALTACION,"anticoncepcion, prevencion de its y de cancer de cuello uterino",numero de inyectables trimestrales suministrados,2016-11-01,0,0,7,0,0,7
FERNANDEZ ALONSO,"anticoncepcion, prevencion de its y de cancer de cuello uterino",numero de inyectables trimestrales suministrados,2016-11-01,0,13,36,17,0,66
FILADELFIA,"anticoncepcion, prevencion de its y de cancer de cuello uterino",numero de inyectables trimestrales suministrados,2016-11-01,0,8,21,12,0,41
GENERAL SAAVEDRA,"anticoncepcion, prevencion de its y de cancer de cuello uterino",numero de inyectables trimestrales suministrados,2016-11-01,0,10,43,13,0,66
GRAL. J.J. PEREZ (CHARAZANI),"anticoncepcion, prevencion de its y de cancer de cuello uterino",numero de inyectables trimestrales suministrados,2016-11-01,0,0,12,12,0,24
GUANAY,"anticoncepcion, prevencion de its y de cancer de cuello uterino",numero de inyectables trimestrales suministrados,2016-11-01,0,2,11,11,1,25
GUAQUI,"anticoncepcion, prevencion de its y de cancer de cuello uterino",numero de inyectables trimestrales suministrados,2016-11-01,0,1,16,8,0,25
GUAYARAMERIN,"anticoncepcion, prevencion de its y de cancer de cuello uterino",numero de inyectables trimestrales suministrados,2016-11-01,0,12,53,9,0,74
GUTIERREZ,"anticoncepcion, prevencion de its y de cancer de cuello uterino",numero de inyectables trimestrales suministrados,2016-11-01,0,4,23,12,0,39
HUACARETA,"anticoncepcion, prevencion de its y de cancer de cuello uterino",numero de inyectables trimestrales suministrados,2016-11-01,0,7,34,12,0,53
HUACAYA (VILLA DE HUACAYA),"anticoncepcion, prevencion de its y de cancer de cuello uterino",numero de inyectables trimestrales suministrados,2016-11-01,0,1,10,3,0,14
HUACHACALLA,"anticoncepcion, prevencion de its y de cancer de cuello uterino",numero de inyectables trimestrales suministrados,2016-11-01,0,0,2,0,0,2
HUANUNI,"anticoncepcion, prevencion de its y de cancer de cuello uterino",numero de inyectables trimestrales suministrados,2016-11-01,0,1,12,3,0,16
HUARACAJE,"anticoncepcion, prevencion de its y de cancer de cuello uterino",numero de inyectables trimestrales suministrados,2016-11-01,0,3,0,1,0,4
HUARINA,"anticoncepcion, prevencion de its y de cancer de cuello uterino",numero de inyectables trimestrales suministrados,2016-11-01,0,1,13,5,0,19
HUATAJATA,"anticoncepcion, prevencion de its y de cancer de cuello uterino",numero de inyectables trimestrales suministrados,2016-11-01,0,0,1,3,0,4
HUAYLLAMARCA,"anticoncepcion, prevencion de its y de cancer de cuello uterino",numero de inyectables trimestrales suministrados,2016-11-01,0,5,10,7,0,22
HUMANATA,"anticoncepcion, prevencion de its y de cancer de cuello uterino",numero de inyectables trimestrales suministrados,2016-11-01,0,0,7,2,0,9
ICHOCA,"anticoncepcion, prevencion de its y de cancer de cuello uterino",numero de inyectables trimestrales suministrados,2016-11-01,0,1,5,5,0,11
ICLA,"anticoncepcion, prevencion de its y de cancer de cuello uterino",numero de inyectables trimestrales suministrados,2016-11-01,0,2,10,14,1,27
INCAHUASI,"anticoncepcion, prevencion de its y de cancer de cuello uterino",numero de inyectables trimestrales suministrados,2016-11-01,1,4,26,16,0,47
INGAVI (HUMAITA),"anticoncepcion, prevencion de its y de cancer de cuello uterino",numero de inyectables trimestrales suministrados,2016-11-01,0,2,11,2,0,15
INQUISIVI,"anticoncepcion, prevencion de its y de cancer de cuello uterino",numero de inyectables trimestrales suministrados,2016-11-01,0,0,17,11,0,28
IRUPANA (VILLA DE LANZA),"anticoncepcion, prevencion de its y de cancer de cuello uterino",numero de inyectables trimestrales suministrados,2016-11-01,0,10,33,22,0,65
IXIAMAS,"anticoncepcion, prevencion de its y de cancer de cuello uterino",numero de inyectables trimestrales suministrados,2016-11-01,0,3,27,4,0,34
JESUS DE MACHACA,"anticoncepcion, prevencion de its y de cancer de cuello uterino",numero de inyectables trimestrales suministrados,2016-11-01,0,1,22,8,1,32
LA ASUNTA,"anticoncepcion, prevencion de its y de cancer de cuello uterino",numero de inyectables trimestrales suministrados,2016-11-01,0,11,122,44,0,177
LA GUARDIA,"anticoncepcion, prevencion de its y de cancer de cuello uterino",numero de inyectables trimestrales suministrados,2016-11-01,4,30,133,18,0,185
LA PAZ,"anticoncepcion, prevencion de its y de cancer de cuello uterino",numero de inyectables trimestrales suministrados,2016-11-01,2,47,390,166,0,605
LA RIVERA,"anticoncepcion, prevencion de its y de cancer de cuello uterino",numero de inyectables trimestrales suministrados,2016-11-01,0,0,1,0,0,1
LAGUNILLAS,"anticoncepcion, prevencion de its y de cancer de cuello uterino",numero de inyectables trimestrales suministrados,2016-11-01,0,2,11,2,0,15
LAJA,"anticoncepcion, prevencion de its y de cancer de cuello uterino",numero de inyectables trimestrales suministrados,2016-11-01,0,2,36,19,0,57
LAS CARRERAS,"anticoncepcion, prevencion de its y de cancer de cuello uterino",numero de inyectables trimestrales suministrados,2016-11-01,0,0,6,5,0,11
LICOMA PAMPA,"anticoncepcion, prevencion de its y de cancer de cuello uterino",numero de inyectables trimestrales suministrados,2016-11-01,0,1,12,5,1,19
LLALLAGUA,"anticoncepcion, prevencion de its y de cancer de cuello uterino",numero de inyectables trimestrales suministrados,2016-11-01,0,13,61,30,0,104
LLICA,"anticoncepcion, prevencion de its y de cancer de cuello uterino",numero de inyectables trimestrales suministrados,2016-11-01,0,3,14,6,0,23
LORETO,"anticoncepcion, prevencion de its y de cancer de cuello uterino",numero de inyectables trimestrales suministrados,2016-11-01,0,22,6,3,0,31
LURIBAY,"anticoncepcion, prevencion de its y de cancer de cuello uterino",numero de inyectables trimestrales suministrados,2016-11-01,0,3,17,23,0,43
MACHACAMARCA,"anticoncepcion, prevencion de its y de cancer de cuello uterino",numero de inyectables trimestrales suministrados,2016-11-01,0,1,2,2,0,5
MACHARETI,"anticoncepcion, prevencion de its y de cancer de cuello uterino",numero de inyectables trimestrales suministrados,2016-11-01,0,2,28,8,0,38
MAGDALENA,"anticoncepcion, prevencion de its y de cancer de cuello uterino",numero de inyectables trimestrales suministrados,2016-11-01,0,5,30,8,0,43
MAIRANA,"anticoncepcion, prevencion de its y de cancer de cuello uterino",numero de inyectables trimestrales suministrados,2016-11-01,0,5,30,13,0,48
MALLA,"anticoncepcion, prevencion de its y de cancer de cuello uterino",numero de inyectables trimestrales suministrados,2016-11-01,0,0,1,2,0,3
MAPIRI,"anticoncepcion, prevencion de its y de cancer de cuello uterino",numero de inyectables trimestrales suministrados,2016-11-01,0,2,15,8,0,25
MECAPACA,"anticoncepcion, prevencion de its y de cancer de cuello uterino",numero de inyectables trimestrales suministrados,2016-11-01,0,2,12,11,0,25
MINEROS,"anticoncepcion, prevencion de its y de cancer de cuello uterino",numero de inyectables trimestrales suministrados,2016-11-01,0,11,59,15,1,86
MIZQUE,"anticoncepcion, prevencion de its y de cancer de cuello uterino",numero de inyectables trimestrales suministrados,2016-11-01,0,14,70,30,0,114
MOCOMOCO,"anticoncepcion, prevencion de its y de cancer de cuello uterino",numero de inyectables trimestrales suministrados,2016-11-01,0,0,13,18,0,31
MOJINETE,"anticoncepcion, prevencion de its y de cancer de cuello uterino",numero de inyectables trimestrales suministrados,2016-11-01,0,0,1,1,0,2
MOJOCOYA,"anticoncepcion, prevencion de its y de cancer de cuello uterino",numero de inyectables trimestrales suministrados,2016-11-01,0,5,26,24,0,55
MONTEAGUDO,"anticoncepcion, prevencion de its y de cancer de cuello uterino",numero de inyectables trimestrales suministrados,2016-11-01,0,10,57,35,1,103
MONTERO,"anticoncepcion, prevencion de its y de cancer de cuello uterino",numero de inyectables trimestrales suministrados,2016-11-01,0,23,114,39,1,177
MORO MORO,"anticoncepcion, prevencion de its y de cancer de cuello uterino",numero de inyectables trimestrales suministrados,2016-11-01,0,9,15,6,1,31
MOROCHATA,"anticoncepcion, prevencion de its y de cancer de cuello uterino",numero de inyectables trimestrales suministrados,2016-11-01,0,7,47,32,1,87
NACEBE (SANTA ROSA DEL ABUNA),"anticoncepcion, prevencion de its y de cancer de cuello uterino",numero de inyectables trimestrales suministrados,2016-11-01,0,5,12,3,0,20
NAZACARA DE PACAJES,"anticoncepcion, prevencion de its y de cancer de cuello uterino",numero de inyectables trimestrales suministrados,2016-11-01,0,1,0,0,0,1
NUEVO MANOA (NUEVA ESPERANZA),"anticoncepcion, prevencion de its y de cancer de cuello uterino",numero de inyectables trimestrales suministrados,2016-11-01,0,0,7,1,0,8
OCURI,"anticoncepcion, prevencion de its y de cancer de cuello uterino",numero de inyectables trimestrales suministrados,2016-11-01,0,1,33,17,0,51
OKINAWA,"anticoncepcion, prevencion de its y de cancer de cuello uterino",numero de inyectables trimestrales suministrados,2016-11-01,0,3,28,8,0,39
OMEREQUE,"anticoncepcion, prevencion de its y de cancer de cuello uterino",numero de inyectables trimestrales suministrados,2016-11-01,0,3,22,12,0,37
ORURO,"anticoncepcion, prevencion de its y de cancer de cuello uterino",numero de inyectables trimestrales suministrados,2016-11-01,0,30,538,158,0,726
PADCAYA,"anticoncepcion, prevencion de its y de cancer de cuello uterino",numero de inyectables trimestrales suministrados,2016-11-01,0,9,68,47,2,126
PADILLA,"anticoncepcion, prevencion de its y de cancer de cuello uterino",numero de inyectables trimestrales suministrados,2016-11-01,0,18,47,33,1,99
PAILON,"anticoncepcion, prevencion de its y de cancer de cuello uterino",numero de inyectables trimestrales suministrados,2016-11-01,0,2,19,4,0,25
PALCA,"anticoncepcion, prevencion de its y de cancer de cuello uterino",numero de inyectables trimestrales suministrados,2016-11-01,0,7,31,13,0,51
PALOS BLANCOS,"anticoncepcion, prevencion de its y de cancer de cuello uterino",numero de inyectables trimestrales suministrados,2016-11-01,1,10,54,33,0,98
PAMPA AULLAGAS,"anticoncepcion, prevencion de its y de cancer de cuello uterino",numero de inyectables trimestrales suministrados,2016-11-01,0,0,1,1,0,2
PAMPA GRANDE,"anticoncepcion, prevencion de its y de cancer de cuello uterino",numero de inyectables trimestrales suministrados,2016-11-01,0,8,26,10,0,44
PAPEL PAMPA,"anticoncepcion, prevencion de its y de cancer de cuello uterino",numero de inyectables trimestrales suministrados,2016-11-01,0,2,9,7,0,18
PASORAPA,"anticoncepcion, prevencion de its y de cancer de cuello uterino",numero de inyectables trimestrales suministrados,2016-11-01,0,0,14,8,0,22
PATACAMAYA,"anticoncepcion, prevencion de its y de cancer de cuello uterino",numero de inyectables trimestrales suministrados,2016-11-01,0,2,17,4,0,23
PAZÑA,"anticoncepcion, prevencion de its y de cancer de cuello uterino",numero de inyectables trimestrales suministrados,2016-11-01,0,0,23,7,0,30
PELECHUCO,"anticoncepcion, prevencion de its y de cancer de cuello uterino",numero de inyectables trimestrales suministrados,2016-11-01,0,1,15,8,0,24
POCOATA,"anticoncepcion, prevencion de its y de cancer de cuello uterino",numero de inyectables trimestrales suministrados,2016-11-01,0,5,27,32,0,64
POCONA,"anticoncepcion, prevencion de its y de cancer de cuello uterino",numero de inyectables trimestrales suministrados,2016-11-01,0,11,84,47,1,143
POJO (CBBA),"anticoncepcion, prevencion de its y de cancer de cuello uterino",numero de inyectables trimestrales suministrados,2016-11-01,0,13,48,26,0,87
POOPO,"anticoncepcion, prevencion de its y de cancer de cuello uterino",numero de inyectables trimestrales suministrados,2016-11-01,0,0,6,3,0,9
PORCO,"anticoncepcion, prevencion de its y de cancer de cuello uterino",numero de inyectables trimestrales suministrados,2016-11-01,0,3,13,11,0,27
POROMA,"anticoncepcion, prevencion de its y de cancer de cuello uterino",numero de inyectables trimestrales suministrados,2016-11-01,0,7,35,25,1,68
PORONGO,"anticoncepcion, prevencion de its y de cancer de cuello uterino",numero de inyectables trimestrales suministrados,2016-11-01,0,10,19,7,0,36
PORTACHUELO,"anticoncepcion, prevencion de its y de cancer de cuello uterino",numero de inyectables trimestrales suministrados,2016-11-01,1,6,33,7,1,48
PORVENIR,"anticoncepcion, prevencion de its y de cancer de cuello uterino",numero de inyectables trimestrales suministrados,2016-11-01,1,4,41,8,0,54
POSTRER VALLE,"anticoncepcion, prevencion de its y de cancer de cuello uterino",numero de inyectables trimestrales suministrados,2016-11-01,0,3,3,4,0,10
POTOSI,"anticoncepcion, prevencion de its y de cancer de cuello uterino",numero de inyectables trimestrales suministrados,2016-11-01,1,45,485,155,0,686
PRESTO,"anticoncepcion, prevencion de its y de cancer de cuello uterino",numero de inyectables trimestrales suministrados,2016-11-01,0,1,8,24,0,33
PUCARA,"anticoncepcion, prevencion de its y de cancer de cuello uterino",numero de inyectables trimestrales suministrados,2016-11-01,0,1,5,5,0,11
PUCARANI,"anticoncepcion, prevencion de its y de cancer de cuello uterino",numero de inyectables trimestrales suministrados,2016-11-01,0,3,68,39,0,110
PUERTO ACOSTA,"anticoncepcion, prevencion de its y de cancer de cuello uterino",numero de inyectables trimestrales suministrados,2016-11-01,0,0,15,6,0,21
PUERTO CARABUCO,"anticoncepcion, prevencion de its y de cancer de cuello uterino",numero de inyectables trimestrales suministrados,2016-11-01,0,1,24,21,0,46
PUERTO GONZALO MORENO,"anticoncepcion, prevencion de its y de cancer de cuello uterino",numero de inyectables trimestrales suministrados,2016-11-01,0,5,29,9,1,44
PUERTO PEREZ,"anticoncepcion, prevencion de its y de cancer de cuello uterino",numero de inyectables trimestrales suministrados,2016-11-01,0,0,7,8,0,15
PUERTO QUIJARRO,"anticoncepcion, prevencion de its y de cancer de cuello uterino",numero de inyectables trimestrales suministrados,2016-11-01,0,1,11,2,0,14
PUERTO RICO,"anticoncepcion, prevencion de its y de cancer de cuello uterino",numero de inyectables trimestrales suministrados,2016-11-01,0,3,30,2,1,36
PUERTO SILES,"anticoncepcion, prevencion de its y de cancer de cuello uterino",numero de inyectables trimestrales suministrados,2016-11-01,0,0,2,0,0,2
PUERTO SUAREZ,"anticoncepcion, prevencion de its y de cancer de cuello uterino",numero de inyectables trimestrales suministrados,2016-11-01,0,1,18,4,0,23
PUERTO VILLARROEL,"anticoncepcion, prevencion de its y de cancer de cuello uterino",numero de inyectables trimestrales suministrados,2016-11-01,3,17,81,42,0,143
PUNA,"anticoncepcion, prevencion de its y de cancer de cuello uterino",numero de inyectables trimestrales suministrados,2016-11-01,0,1,15,17,0,33
PUNATA,"anticoncepcion, prevencion de its y de cancer de cuello uterino",numero de inyectables trimestrales suministrados,2016-11-01,0,13,60,19,0,92
QUIABAYA,"anticoncepcion, prevencion de its y de cancer de cuello uterino",numero de inyectables trimestrales suministrados,2016-11-01,0,0,7,8,0,15
QUILLACOLLO,"anticoncepcion, prevencion de its y de cancer de cuello uterino",numero de inyectables trimestrales suministrados,2016-11-01,0,32,187,45,0,264
QUIME,"anticoncepcion, prevencion de its y de cancer de cuello uterino",numero de inyectables trimestrales suministrados,2016-11-01,0,1,26,14,0,41
QUIRUSILLAS,"anticoncepcion, prevencion de its y de cancer de cuello uterino",numero de inyectables trimestrales suministrados,2016-11-01,0,3,9,3,0,15
RAVELO,"anticoncepcion, prevencion de its y de cancer de cuello uterino",numero de inyectables trimestrales suministrados,2016-11-01,0,3,35,37,0,75
REYES,"anticoncepcion, prevencion de its y de cancer de cuello uterino",numero de inyectables trimestrales suministrados,2016-11-01,0,4,24,11,0,39
RIBERALTA,"anticoncepcion, prevencion de its y de cancer de cuello uterino",numero de inyectables trimestrales suministrados,2016-11-01,1,53,193,30,0,277
ROBORE,"anticoncepcion, prevencion de its y de cancer de cuello uterino",numero de inyectables trimestrales suministrados,2016-11-01,0,9,39,7,0,55
RURRENABAQUE,"anticoncepcion, prevencion de its y de cancer de cuello uterino",numero de inyectables trimestrales suministrados,2016-11-01,0,4,31,6,0,41
SABAYA,"anticoncepcion, prevencion de its y de cancer de cuello uterino",numero de inyectables trimestrales suministrados,2016-11-01,0,1,12,5,0,18
SACABA,"anticoncepcion, prevencion de its y de cancer de cuello uterino",numero de inyectables trimestrales suministrados,2016-11-01,0,21,174,47,0,242
SACABAMBA,"anticoncepcion, prevencion de its y de cancer de cuello uterino",numero de inyectables trimestrales suministrados,2016-11-01,0,1,13,9,0,23
SACACA,"anticoncepcion, prevencion de its y de cancer de cuello uterino",numero de inyectables trimestrales suministrados,2016-11-01,0,2,40,23,0,65
SAIPINA,"anticoncepcion, prevencion de its y de cancer de cuello uterino",numero de inyectables trimestrales suministrados,2016-11-01,0,4,23,5,0,32
SALINAS DE GARCI MENDOZA,"anticoncepcion, prevencion de its y de cancer de cuello uterino",numero de inyectables trimestrales suministrados,2016-11-01,0,1,20,8,0,29
SAMAIPATA,"anticoncepcion, prevencion de its y de cancer de cuello uterino",numero de inyectables trimestrales suministrados,2016-11-01,1,9,37,10,1,58
SAN AGUSTIN,"anticoncepcion, prevencion de its y de cancer de cuello uterino",numero de inyectables trimestrales suministrados,2016-11-01,0,2,6,2,0,10
SAN ANDRES,"anticoncepcion, prevencion de its y de cancer de cuello uterino",numero de inyectables trimestrales suministrados,2016-11-01,0,2,31,13,1,47
SAN ANDRES DE MACHACA,"anticoncepcion, prevencion de its y de cancer de cuello uterino",numero de inyectables trimestrales suministrados,2016-11-01,0,0,4,2,0,6
SAN ANTONIO DE ESMORUCO,"anticoncepcion, prevencion de its y de cancer de cuello uterino",numero de inyectables trimestrales suministrados,2016-11-01,0,1,8,2,0,11
SAN ANTONIO DE LOMERIO,"anticoncepcion, prevencion de its y de cancer de cuello uterino",numero de inyectables trimestrales suministrados,2016-11-01,0,2,32,31,2,67
SAN BENITO,"anticoncepcion, prevencion de its y de cancer de cuello uterino",numero de inyectables trimestrales suministrados,2016-11-01,0,2,19,10,0,31
SAN BORJA,"anticoncepcion, prevencion de its y de cancer de cuello uterino",numero de inyectables trimestrales suministrados,2016-11-01,0,33,93,41,0,167
SAN BUENA VENTURA,"anticoncepcion, prevencion de its y de cancer de cuello uterino",numero de inyectables trimestrales suministrados,2016-11-01,0,4,26,9,0,39
SAN CARLOS,"anticoncepcion, prevencion de its y de cancer de cuello uterino",numero de inyectables trimestrales suministrados,2016-11-01,1,4,25,6,0,36
SAN IGNACIO,"anticoncepcion, prevencion de its y de cancer de cuello uterino",numero de inyectables trimestrales suministrados,2016-11-01,0,16,62,16,0,94
SAN IGNACIO DE VELASCO,"anticoncepcion, prevencion de its y de cancer de cuello uterino",numero de inyectables trimestrales suministrados,2016-11-01,2,32,151,46,0,231
SAN JAVIER(BNI),"anticoncepcion, prevencion de its y de cancer de cuello uterino",numero de inyectables trimestrales suministrados,2016-11-01,1,1,4,0,0,6
SAN JAVIER(STC),"anticoncepcion, prevencion de its y de cancer de cuello uterino",numero de inyectables trimestrales suministrados,2016-11-01,0,12,30,10,0,52
SAN JOAQUIN,"anticoncepcion, prevencion de its y de cancer de cuello uterino",numero de inyectables trimestrales suministrados,2016-11-01,0,3,2,0,0,5
SAN JOSE DE CHIQUITOS,"anticoncepcion, prevencion de its y de cancer de cuello uterino",numero de inyectables trimestrales suministrados,2016-11-01,0,9,22,6,0,37
SAN JUAN DE YAPACANI,"anticoncepcion, prevencion de its y de cancer de cuello uterino",numero de inyectables trimestrales suministrados,2016-11-01,0,6,21,8,1,36
SAN JULIAN,"anticoncepcion, prevencion de its y de cancer de cuello uterino",numero de inyectables trimestrales suministrados,2016-11-01,0,13,62,33,0,108
SAN LORENZO(PND),"anticoncepcion, prevencion de its y de cancer de cuello uterino",numero de inyectables trimestrales suministrados,2016-11-01,1,4,20,10,0,35
SAN LORENZO(TJA),"anticoncepcion, prevencion de its y de cancer de cuello uterino",numero de inyectables trimestrales suministrados,2016-11-01,1,26,83,30,1,141
SAN LUCAS,"anticoncepcion, prevencion de its y de cancer de cuello uterino",numero de inyectables trimestrales suministrados,2016-11-01,1,10,61,57,1,130
SAN MATIAS,"anticoncepcion, prevencion de its y de cancer de cuello uterino",numero de inyectables trimestrales suministrados,2016-11-01,0,33,23,4,0,60
SAN MIGUEL DE VELASCO,"anticoncepcion, prevencion de its y de cancer de cuello uterino",numero de inyectables trimestrales suministrados,2016-11-01,1,7,49,24,1,82
SAN PABLO DE LIPEZ,"anticoncepcion, prevencion de its y de cancer de cuello uterino",numero de inyectables trimestrales suministrados,2016-11-01,0,0,3,5,0,8
SAN PEDRO,"anticoncepcion, prevencion de its y de cancer de cuello uterino",numero de inyectables trimestrales suministrados,2016-11-01,1,10,40,19,0,70
SAN PEDRO DE BUENA VISTA,"anticoncepcion, prevencion de its y de cancer de cuello uterino",numero de inyectables trimestrales suministrados,2016-11-01,0,5,34,14,0,53
SAN PEDRO DE CURAHUARA,"anticoncepcion, prevencion de its y de cancer de cuello uterino",numero de inyectables trimestrales suministrados,2016-11-01,0,1,11,5,0,17
SAN PEDRO DE QUEMES,"anticoncepcion, prevencion de its y de cancer de cuello uterino",numero de inyectables trimestrales suministrados,2016-11-01,0,0,1,2,0,3
SAN PEDRO DE TIQUINA,"anticoncepcion, prevencion de its y de cancer de cuello uterino",numero de inyectables trimestrales suministrados,2016-11-01,0,1,6,6,0,13
SAN PEDRO(PND),"anticoncepcion, prevencion de its y de cancer de cuello uterino",numero de inyectables trimestrales suministrados,2016-11-01,0,2,5,3,0,10
SAN RAFAEL,"anticoncepcion, prevencion de its y de cancer de cuello uterino",numero de inyectables trimestrales suministrados,2016-11-01,0,7,37,13,0,57
SAN RAMON BENI,"anticoncepcion, prevencion de its y de cancer de cuello uterino",numero de inyectables trimestrales suministrados,2016-11-01,0,0,8,1,0,9
SAN RAMON SCZ,"anticoncepcion, prevencion de its y de cancer de cuello uterino",numero de inyectables trimestrales suministrados,2016-11-01,0,9,38,13,0,60
SANTA ANA,"anticoncepcion, prevencion de its y de cancer de cuello uterino",numero de inyectables trimestrales suministrados,2016-11-01,0,5,12,1,0,18
SANTA CRUZ DE LA SIERRA,"anticoncepcion, prevencion de its y de cancer de cuello uterino",numero de inyectables trimestrales suministrados,2016-11-01,3,124,439,100,5,671
SANTA ROSA,"anticoncepcion, prevencion de its y de cancer de cuello uterino",numero de inyectables trimestrales suministrados,2016-11-01,0,4,7,4,0,15
SANTA ROSA DEL SARA,"anticoncepcion, prevencion de its y de cancer de cuello uterino",numero de inyectables trimestrales suministrados,2016-11-01,1,5,50,19,0,75
SANTIAGO DE CALLAPA,"anticoncepcion, prevencion de its y de cancer de cuello uterino",numero de inyectables trimestrales suministrados,2016-11-01,0,1,7,2,0,10
SANTIAGO DE HUARI,"anticoncepcion, prevencion de its y de cancer de cuello uterino",numero de inyectables trimestrales suministrados,2016-11-01,0,0,4,4,0,8
SANTIAGO DE HUATA,"anticoncepcion, prevencion de its y de cancer de cuello uterino",numero de inyectables trimestrales suministrados,2016-11-01,0,0,10,6,0,16
SANTIAGO DE MACHACA,"anticoncepcion, prevencion de its y de cancer de cuello uterino",numero de inyectables trimestrales suministrados,2016-11-01,0,1,3,2,0,6
SANTIVAÑES,"anticoncepcion, prevencion de its y de cancer de cuello uterino",numero de inyectables trimestrales suministrados,2016-11-01,0,4,29,2,0,35
SANTUARIO DE QUILLACAS,"anticoncepcion, prevencion de its y de cancer de cuello uterino",numero de inyectables trimestrales suministrados,2016-11-01,0,0,4,1,0,5
SAPAHAQUI,"anticoncepcion, prevencion de its y de cancer de cuello uterino",numero de inyectables trimestrales suministrados,2016-11-01,0,3,25,12,0,40
SENA,"anticoncepcion, prevencion de its y de cancer de cuello uterino",numero de inyectables trimestrales suministrados,2016-11-01,0,0,16,6,0,22
SHINAOTA,"anticoncepcion, prevencion de its y de cancer de cuello uterino",numero de inyectables trimestrales suministrados,2016-11-01,0,7,35,14,0,56
SICA SICA (VILLA AROMA),"anticoncepcion, prevencion de its y de cancer de cuello uterino",numero de inyectables trimestrales suministrados,2016-11-01,0,0,50,24,0,74
SICAYA,"anticoncepcion, prevencion de its y de cancer de cuello uterino",numero de inyectables trimestrales suministrados,2016-11-01,0,3,11,6,0,20
SIPE SIPE,"anticoncepcion, prevencion de its y de cancer de cuello uterino",numero de inyectables trimestrales suministrados,2016-11-01,0,14,162,61,1,238
SOPACHUY,"anticoncepcion, prevencion de its y de cancer de cuello uterino",numero de inyectables trimestrales suministrados,2016-11-01,0,2,23,19,1,45
SORACACHI,"anticoncepcion, prevencion de its y de cancer de cuello uterino",numero de inyectables trimestrales suministrados,2016-11-01,0,0,14,7,0,21
SORATA,"anticoncepcion, prevencion de its y de cancer de cuello uterino",numero de inyectables trimestrales suministrados,2016-11-01,0,6,41,22,0,69
SUCRE,"anticoncepcion, prevencion de its y de cancer de cuello uterino",numero de inyectables trimestrales suministrados,2016-11-01,0,55,386,141,1,583
TACACHI,"anticoncepcion, prevencion de its y de cancer de cuello uterino",numero de inyectables trimestrales suministrados,2016-11-01,0,0,1,2,0,3
TACACOMA,"anticoncepcion, prevencion de its y de cancer de cuello uterino",numero de inyectables trimestrales suministrados,2016-11-01,0,6,27,10,0,43
TACOBAMBA,"anticoncepcion, prevencion de its y de cancer de cuello uterino",numero de inyectables trimestrales suministrados,2016-11-01,0,4,11,12,0,27
TACOPAYA,"anticoncepcion, prevencion de its y de cancer de cuello uterino",numero de inyectables trimestrales suministrados,2016-11-01,0,1,15,7,0,23
TAHUA,"anticoncepcion, prevencion de its y de cancer de cuello uterino",numero de inyectables trimestrales suministrados,2016-11-01,0,0,0,2,0,2
TAPACARI,"anticoncepcion, prevencion de its y de cancer de cuello uterino",numero de inyectables trimestrales suministrados,2016-11-01,0,4,41,25,1,71
TARABUCO,"anticoncepcion, prevencion de its y de cancer de cuello uterino",numero de inyectables trimestrales suministrados,2016-11-01,2,6,25,25,0,58
TARACO,"anticoncepcion, prevencion de its y de cancer de cuello uterino",numero de inyectables trimestrales suministrados,2016-11-01,0,2,10,11,1,24
TARATA,"anticoncepcion, prevencion de its y de cancer de cuello uterino",numero de inyectables trimestrales suministrados,2016-11-01,0,6,18,10,0,34
TARIJA,"anticoncepcion, prevencion de its y de cancer de cuello uterino",numero de inyectables trimestrales suministrados,2016-11-01,1,24,182,77,0,284
TARVITA,"anticoncepcion, prevencion de its y de cancer de cuello uterino",numero de inyectables trimestrales suministrados,2016-11-01,0,10,30,23,1,64
TEOPONTE,"anticoncepcion, prevencion de its y de cancer de cuello uterino",numero de inyectables trimestrales suministrados,2016-11-01,0,4,33,7,0,44
TIAWANACU,"anticoncepcion, prevencion de its y de cancer de cuello uterino",numero de inyectables trimestrales suministrados,2016-11-01,0,1,22,17,0,40
TINGUIPAYA,"anticoncepcion, prevencion de its y de cancer de cuello uterino",numero de inyectables trimestrales suministrados,2016-11-01,0,2,15,11,2,30
TIPUANI,"anticoncepcion, prevencion de its y de cancer de cuello uterino",numero de inyectables trimestrales suministrados,2016-11-01,0,5,14,8,0,27
TIQUIPAYA,"anticoncepcion, prevencion de its y de cancer de cuello uterino",numero de inyectables trimestrales suministrados,2016-11-01,0,13,81,23,0,117
TIRAQUE (CBBA),"anticoncepcion, prevencion de its y de cancer de cuello uterino",numero de inyectables trimestrales suministrados,2016-11-01,0,9,69,29,1,108
TITO YUPANQUI (PARQUIPUJIO),"anticoncepcion, prevencion de its y de cancer de cuello uterino",numero de inyectables trimestrales suministrados,2016-11-01,0,1,2,2,0,5
TOCO,"anticoncepcion, prevencion de its y de cancer de cuello uterino",numero de inyectables trimestrales suministrados,2016-11-01,0,2,23,11,1,37
TOLATA,"anticoncepcion, prevencion de its y de cancer de cuello uterino",numero de inyectables trimestrales suministrados,2016-11-01,0,2,9,6,0,17
TOLEDO,"anticoncepcion, prevencion de its y de cancer de cuello uterino",numero de inyectables trimestrales suministrados,2016-11-01,0,1,7,2,0,10
TOMAVE,"anticoncepcion, prevencion de its y de cancer de cuello uterino",numero de inyectables trimestrales suministrados,2016-11-01,0,1,21,15,0,37
TOMINA,"anticoncepcion, prevencion de its y de cancer de cuello uterino",numero de inyectables trimestrales suministrados,2016-11-01,0,4,37,30,0,71
TORO TORO,"anticoncepcion, prevencion de its y de cancer de cuello uterino",numero de inyectables trimestrales suministrados,2016-11-01,0,2,23,10,0,35
TOTORA(CBBA),"anticoncepcion, prevencion de its y de cancer de cuello uterino",numero de inyectables trimestrales suministrados,2016-11-01,0,15,69,22,0,106
TOTORA(ORR),"anticoncepcion, prevencion de its y de cancer de cuello uterino",numero de inyectables trimestrales suministrados,2016-11-01,0,1,10,3,1,15
TRIGAL,"anticoncepcion, prevencion de its y de cancer de cuello uterino",numero de inyectables trimestrales suministrados,2016-11-01,0,1,4,3,1,9
TRINIDAD,"anticoncepcion, prevencion de its y de cancer de cuello uterino",numero de inyectables trimestrales suministrados,2016-11-01,0,7,35,5,0,47
TUPIZA,"anticoncepcion, prevencion de its y de cancer de cuello uterino",numero de inyectables trimestrales suministrados,2016-11-01,0,9,92,60,0,161
TURCO,"anticoncepcion, prevencion de its y de cancer de cuello uterino",numero de inyectables trimestrales suministrados,2016-11-01,0,0,5,4,0,9
UMALA,"anticoncepcion, prevencion de its y de cancer de cuello uterino",numero de inyectables trimestrales suministrados,2016-11-01,1,1,13,11,0,26
UNCIA,"anticoncepcion, prevencion de its y de cancer de cuello uterino",numero de inyectables trimestrales suministrados,2016-11-01,0,5,43,28,0,76
URIONDO (A. CONCEPCION),"anticoncepcion, prevencion de its y de cancer de cuello uterino",numero de inyectables trimestrales suministrados,2016-11-01,0,10,61,28,3,102
URUBICHA,"anticoncepcion, prevencion de its y de cancer de cuello uterino",numero de inyectables trimestrales suministrados,2016-11-01,0,1,6,6,0,13
UYUNI,"anticoncepcion, prevencion de its y de cancer de cuello uterino",numero de inyectables trimestrales suministrados,2016-11-01,0,6,45,13,0,64
VACAS,"anticoncepcion, prevencion de its y de cancer de cuello uterino",numero de inyectables trimestrales suministrados,2016-11-01,0,4,15,23,0,42
VALLEGRANDE,"anticoncepcion, prevencion de its y de cancer de cuello uterino",numero de inyectables trimestrales suministrados,2016-11-01,0,15,56,11,0,82
VIACHA,"anticoncepcion, prevencion de its y de cancer de cuello uterino",numero de inyectables trimestrales suministrados,2016-11-01,0,9,107,42,1,159
VILA VILA,"anticoncepcion, prevencion de its y de cancer de cuello uterino",numero de inyectables trimestrales suministrados,2016-11-01,0,3,8,2,0,13
VILLA CHARCAS,"anticoncepcion, prevencion de its y de cancer de cuello uterino",numero de inyectables trimestrales suministrados,2016-11-01,0,8,42,30,1,81
VILLA MONTES,"anticoncepcion, prevencion de its y de cancer de cuello uterino",numero de inyectables trimestrales suministrados,2016-11-01,1,19,86,25,0,131
VILLA NUEVA (LOMA ALTA),"anticoncepcion, prevencion de its y de cancer de cuello uterino",numero de inyectables trimestrales suministrados,2016-11-01,0,2,8,4,0,14
VILLA RIVERO,"anticoncepcion, prevencion de its y de cancer de cuello uterino",numero de inyectables trimestrales suministrados,2016-11-01,0,3,23,15,0,41
VILLA SERRANO,"anticoncepcion, prevencion de its y de cancer de cuello uterino",numero de inyectables trimestrales suministrados,2016-11-01,0,7,20,18,0,45
VILLA TUNARI,"anticoncepcion, prevencion de its y de cancer de cuello uterino",numero de inyectables trimestrales suministrados,2016-11-01,0,48,351,105,1,505
VILLA VACA GUZMAN (MUYUPAMPA),"anticoncepcion, prevencion de its y de cancer de cuello uterino",numero de inyectables trimestrales suministrados,2016-11-01,0,8,30,22,0,60
VILLAZON,"anticoncepcion, prevencion de its y de cancer de cuello uterino",numero de inyectables trimestrales suministrados,2016-11-01,0,9,95,41,1,146
VINTO,"anticoncepcion, prevencion de its y de cancer de cuello uterino",numero de inyectables trimestrales suministrados,2016-11-01,0,11,78,19,0,108
VITICHI,"anticoncepcion, prevencion de its y de cancer de cuello uterino",numero de inyectables trimestrales suministrados,2016-11-01,0,2,9,12,0,23
WALDO BALLIVIAN,"anticoncepcion, prevencion de its y de cancer de cuello uterino",numero de inyectables trimestrales suministrados,2016-11-01,0,0,4,3,0,7
WARNES,"anticoncepcion, prevencion de its y de cancer de cuello uterino",numero de inyectables trimestrales suministrados,2016-11-01,0,36,101,28,0,165
YACO,"anticoncepcion, prevencion de its y de cancer de cuello uterino",numero de inyectables trimestrales suministrados,2016-11-01,0,2,14,10,0,26
YACUIBA,"anticoncepcion, prevencion de its y de cancer de cuello uterino",numero de inyectables trimestrales suministrados,2016-11-01,0,34,189,93,0,316
YAMPARAEZ,"anticoncepcion, prevencion de its y de cancer de cuello uterino",numero de inyectables trimestrales suministrados,2016-11-01,0,2,15,11,0,28
YANACACHI,"anticoncepcion, prevencion de its y de cancer de cuello uterino",numero de inyectables trimestrales suministrados,2016-11-01,0,0,13,6,0,19
YAPACANI,"anticoncepcion, prevencion de its y de cancer de cuello uterino",numero de inyectables trimestrales suministrados,2016-11-01,0,23,96,18,0,137
YOCALLA,"anticoncepcion, prevencion de its y de cancer de cuello uterino",numero de inyectables trimestrales suministrados,2016-11-01,0,1,7,8,0,16
YOTALA,"anticoncepcion, prevencion de its y de cancer de cuello uterino",numero de inyectables trimestrales suministrados,2016-11-01,0,1,2,3,0,6
YUNCHARA,"anticoncepcion, prevencion de its y de cancer de cuello uterino",numero de inyectables trimestrales suministrados,2016-11-01,0,4,40,25,1,70
ZUDAÑEZ,"anticoncepcion, prevencion de its y de cancer de cuello uterino",numero de inyectables trimestrales suministrados,2016-11-01,0,6,33,19,0,58
ACACIO,"anticoncepcion, prevencion de its y de cancer de cuello uterino",numero de inyectables trimestrales suministrados,2016-12-01,0,0,9,7,0,16
ACHACACHI,"anticoncepcion, prevencion de its y de cancer de cuello uterino",numero de inyectables trimestrales suministrados,2016-12-01,0,7,48,30,1,86
ACHOCALLA,"anticoncepcion, prevencion de its y de cancer de cuello uterino",numero de inyectables trimestrales suministrados,2016-12-01,0,2,47,23,0,72
AIQUILE,"anticoncepcion, prevencion de its y de cancer de cuello uterino",numero de inyectables trimestrales suministrados,2016-12-01,0,2,32,22,1,57
ALALAY,"anticoncepcion, prevencion de its y de cancer de cuello uterino",numero de inyectables trimestrales suministrados,2016-12-01,0,1,5,2,0,8
ALCALA,"anticoncepcion, prevencion de its y de cancer de cuello uterino",numero de inyectables trimestrales suministrados,2016-12-01,0,0,8,9,0,17
ALTO BENI,"anticoncepcion, prevencion de its y de cancer de cuello uterino",numero de inyectables trimestrales suministrados,2016-12-01,0,5,26,16,0,47
ANCORAIMES,"anticoncepcion, prevencion de its y de cancer de cuello uterino",numero de inyectables trimestrales suministrados,2016-12-01,0,1,13,4,0,18
ANDAMARCA,"anticoncepcion, prevencion de its y de cancer de cuello uterino",numero de inyectables trimestrales suministrados,2016-12-01,0,1,3,3,0,7
ANTEQUERA,"anticoncepcion, prevencion de its y de cancer de cuello uterino",numero de inyectables trimestrales suministrados,2016-12-01,0,1,3,1,0,5
ANZALDO,"anticoncepcion, prevencion de its y de cancer de cuello uterino",numero de inyectables trimestrales suministrados,2016-12-01,0,2,16,9,1,28
APOLO,"anticoncepcion, prevencion de its y de cancer de cuello uterino",numero de inyectables trimestrales suministrados,2016-12-01,0,5,35,33,0,73
ARAMPAMPA,"anticoncepcion, prevencion de its y de cancer de cuello uterino",numero de inyectables trimestrales suministrados,2016-12-01,0,0,12,4,0,16
ARANI,"anticoncepcion, prevencion de its y de cancer de cuello uterino",numero de inyectables trimestrales suministrados,2016-12-01,0,2,23,6,1,32
ARBIETO,"anticoncepcion, prevencion de its y de cancer de cuello uterino",numero de inyectables trimestrales suministrados,2016-12-01,0,10,42,20,0,72
ARQUE,"anticoncepcion, prevencion de its y de cancer de cuello uterino",numero de inyectables trimestrales suministrados,2016-12-01,0,6,39,33,0,78
ASCENCION DE GUARAYOS,"anticoncepcion, prevencion de its y de cancer de cuello uterino",numero de inyectables trimestrales suministrados,2016-12-01,0,6,34,7,0,47
ATOCHA,"anticoncepcion, prevencion de its y de cancer de cuello uterino",numero de inyectables trimestrales suministrados,2016-12-01,0,1,57,15,0,73
AUCAPATA,"anticoncepcion, prevencion de its y de cancer de cuello uterino",numero de inyectables trimestrales suministrados,2016-12-01,0,1,8,6,0,15
AYATA,"anticoncepcion, prevencion de its y de cancer de cuello uterino",numero de inyectables trimestrales suministrados,2016-12-01,0,2,22,24,0,48
AYO AYO,"anticoncepcion, prevencion de its y de cancer de cuello uterino",numero de inyectables trimestrales suministrados,2016-12-01,0,0,15,9,0,24
AYOPAYA (V. DE INDEPENDENCIA),"anticoncepcion, prevencion de its y de cancer de cuello uterino",numero de inyectables trimestrales suministrados,2016-12-01,0,8,65,49,0,122
AZURDUY,"anticoncepcion, prevencion de its y de cancer de cuello uterino",numero de inyectables trimestrales suministrados,2016-12-01,0,8,45,34,0,87
BATALLAS,"anticoncepcion, prevencion de its y de cancer de cuello uterino",numero de inyectables trimestrales suministrados,2016-12-01,0,5,30,17,1,53
BAURES,"anticoncepcion, prevencion de its y de cancer de cuello uterino",numero de inyectables trimestrales suministrados,2016-12-01,0,1,6,3,0,10
BELEN DE ANDAMARCA,"anticoncepcion, prevencion de its y de cancer de cuello uterino",numero de inyectables trimestrales suministrados,2016-12-01,0,0,3,0,0,3
BELEN DE URMIRI,"anticoncepcion, prevencion de its y de cancer de cuello uterino",numero de inyectables trimestrales suministrados,2016-12-01,0,0,3,1,0,4
BELLA FLOR,"anticoncepcion, prevencion de its y de cancer de cuello uterino",numero de inyectables trimestrales suministrados,2016-12-01,1,2,5,4,0,12
BERMEJO,"anticoncepcion, prevencion de its y de cancer de cuello uterino",numero de inyectables trimestrales suministrados,2016-12-01,0,7,48,27,0,82
BETANZOS,"anticoncepcion, prevencion de its y de cancer de cuello uterino",numero de inyectables trimestrales suministrados,2016-12-01,0,0,54,44,1,99
BOLIVAR,"anticoncepcion, prevencion de its y de cancer de cuello uterino",numero de inyectables trimestrales suministrados,2016-12-01,0,0,8,5,0,13
BOLPEBRA,"anticoncepcion, prevencion de its y de cancer de cuello uterino",numero de inyectables trimestrales suministrados,2016-12-01,1,3,7,5,0,16
BOYUIBE,"anticoncepcion, prevencion de its y de cancer de cuello uterino",numero de inyectables trimestrales suministrados,2016-12-01,0,1,12,5,0,18
BUENA VISTA,"anticoncepcion, prevencion de its y de cancer de cuello uterino",numero de inyectables trimestrales suministrados,2016-12-01,0,7,44,18,0,69
CABEZAS,"anticoncepcion, prevencion de its y de cancer de cuello uterino",numero de inyectables trimestrales suministrados,2016-12-01,0,17,83,22,0,122
CAIROMA,"anticoncepcion, prevencion de its y de cancer de cuello uterino",numero de inyectables trimestrales suministrados,2016-12-01,0,1,27,14,0,42
"CAIZA ""D""","anticoncepcion, prevencion de its y de cancer de cuello uterino",numero de inyectables trimestrales suministrados,2016-12-01,0,0,4,5,0,9
CAJUATA,"anticoncepcion, prevencion de its y de cancer de cuello uterino",numero de inyectables trimestrales suministrados,2016-12-01,0,3,32,19,0,54
CALACOTO,"anticoncepcion, prevencion de its y de cancer de cuello uterino",numero de inyectables trimestrales suministrados,2016-12-01,0,0,4,5,0,9
CALAMARCA,"anticoncepcion, prevencion de its y de cancer de cuello uterino",numero de inyectables trimestrales suministrados,2016-12-01,0,5,36,14,0,55
CAMARGO,"anticoncepcion, prevencion de its y de cancer de cuello uterino",numero de inyectables trimestrales suministrados,2016-12-01,0,1,25,15,0,41
CAMATAQUI (C. VILLA ABECIA),"anticoncepcion, prevencion de its y de cancer de cuello uterino",numero de inyectables trimestrales suministrados,2016-12-01,0,0,5,9,0,14
CAMIRI,"anticoncepcion, prevencion de its y de cancer de cuello uterino",numero de inyectables trimestrales suministrados,2016-12-01,0,3,23,12,0,38
CAPINOTA,"anticoncepcion, prevencion de its y de cancer de cuello uterino",numero de inyectables trimestrales suministrados,2016-12-01,0,10,48,22,0,80
CAQUIAVIRI,"anticoncepcion, prevencion de its y de cancer de cuello uterino",numero de inyectables trimestrales suministrados,2016-12-01,0,0,12,12,0,24
CARACOLLO,"anticoncepcion, prevencion de its y de cancer de cuello uterino",numero de inyectables trimestrales suministrados,2016-12-01,0,6,25,11,1,43
CARANAVI,"anticoncepcion, prevencion de its y de cancer de cuello uterino",numero de inyectables trimestrales suministrados,2016-12-01,0,12,78,39,1,130
CARANGAS,"anticoncepcion, prevencion de its y de cancer de cuello uterino",numero de inyectables trimestrales suministrados,2016-12-01,0,0,1,0,0,1
CARAPARI,"anticoncepcion, prevencion de its y de cancer de cuello uterino",numero de inyectables trimestrales suministrados,2016-12-01,0,8,34,11,0,53
CARIPUYO,"anticoncepcion, prevencion de its y de cancer de cuello uterino",numero de inyectables trimestrales suministrados,2016-12-01,0,2,11,10,0,23
CARMEN RIVERO TORREZ,"anticoncepcion, prevencion de its y de cancer de cuello uterino",numero de inyectables trimestrales suministrados,2016-12-01,0,2,8,2,0,12
CATACORA,"anticoncepcion, prevencion de its y de cancer de cuello uterino",numero de inyectables trimestrales suministrados,2016-12-01,0,1,1,4,0,6
CHACARILLA,"anticoncepcion, prevencion de its y de cancer de cuello uterino",numero de inyectables trimestrales suministrados,2016-12-01,0,0,2,3,0,5
CHALLAPATA,"anticoncepcion, prevencion de its y de cancer de cuello uterino",numero de inyectables trimestrales suministrados,2016-12-01,0,3,42,8,0,53
CHAQUI,"anticoncepcion, prevencion de its y de cancer de cuello uterino",numero de inyectables trimestrales suministrados,2016-12-01,0,0,7,8,2,17
CHARAGUA,"anticoncepcion, prevencion de its y de cancer de cuello uterino",numero de inyectables trimestrales suministrados,2016-12-01,0,15,59,17,1,92
CHARAÑA,"anticoncepcion, prevencion de its y de cancer de cuello uterino",numero de inyectables trimestrales suministrados,2016-12-01,0,0,3,3,0,6
CHAYANTA,"anticoncepcion, prevencion de its y de cancer de cuello uterino",numero de inyectables trimestrales suministrados,2016-12-01,0,1,42,19,0,62
CHIMORE,"anticoncepcion, prevencion de its y de cancer de cuello uterino",numero de inyectables trimestrales suministrados,2016-12-01,0,12,46,22,0,80
CHIPAYA,"anticoncepcion, prevencion de its y de cancer de cuello uterino",numero de inyectables trimestrales suministrados,2016-12-01,1,4,8,3,0,16
CHOQUE COTA,"anticoncepcion, prevencion de its y de cancer de cuello uterino",numero de inyectables trimestrales suministrados,2016-12-01,0,0,1,2,0,3
CHUA COCANI,"anticoncepcion, prevencion de its y de cancer de cuello uterino",numero de inyectables trimestrales suministrados,2016-12-01,0,1,4,5,0,10
CHULUMANI (V. DE LA LIBERTAD),"anticoncepcion, prevencion de its y de cancer de cuello uterino",numero de inyectables trimestrales suministrados,2016-12-01,0,2,23,11,0,36
CHUMA,"anticoncepcion, prevencion de its y de cancer de cuello uterino",numero de inyectables trimestrales suministrados,2016-12-01,0,1,23,15,1,40
CHUQUIHUTA AYLLU JUCUMANI,"anticoncepcion, prevencion de its y de cancer de cuello uterino",numero de inyectables trimestrales suministrados,2016-12-01,0,3,22,10,0,35
CKOCHAS,"anticoncepcion, prevencion de its y de cancer de cuello uterino",numero de inyectables trimestrales suministrados,2016-12-01,0,1,10,16,0,27
CLIZA,"anticoncepcion, prevencion de its y de cancer de cuello uterino",numero de inyectables trimestrales suministrados,2016-12-01,0,9,42,15,0,66
COBIJA,"anticoncepcion, prevencion de its y de cancer de cuello uterino",numero de inyectables trimestrales suministrados,2016-12-01,0,21,80,27,1,129
COCAPATA,"anticoncepcion, prevencion de its y de cancer de cuello uterino",numero de inyectables trimestrales suministrados,2016-12-01,0,5,48,41,0,94
COCHABAMBA,"anticoncepcion, prevencion de its y de cancer de cuello uterino",numero de inyectables trimestrales suministrados,2016-12-01,0,43,310,82,0,435
COIPASA,"anticoncepcion, prevencion de its y de cancer de cuello uterino",numero de inyectables trimestrales suministrados,2016-12-01,0,0,3,3,0,6
COLCAPIRHUA,"anticoncepcion, prevencion de its y de cancer de cuello uterino",numero de inyectables trimestrales suministrados,2016-12-01,0,8,36,12,0,56
"COLCHA ""K""","anticoncepcion, prevencion de its y de cancer de cuello uterino",numero de inyectables trimestrales suministrados,2016-12-01,0,3,54,21,0,78
COLLANA,"anticoncepcion, prevencion de its y de cancer de cuello uterino",numero de inyectables trimestrales suministrados,2016-12-01,0,0,11,4,0,15
COLOMI,"anticoncepcion, prevencion de its y de cancer de cuello uterino",numero de inyectables trimestrales suministrados,2016-12-01,1,16,65,17,0,99
COLPA BELGICA,"anticoncepcion, prevencion de its y de cancer de cuello uterino",numero de inyectables trimestrales suministrados,2016-12-01,0,2,17,1,0,20
COLQUECHACA,"anticoncepcion, prevencion de its y de cancer de cuello uterino",numero de inyectables trimestrales suministrados,2016-12-01,0,6,53,22,0,81
COLQUENCHA,"anticoncepcion, prevencion de its y de cancer de cuello uterino",numero de inyectables trimestrales suministrados,2016-12-01,0,2,22,14,0,38
COLQUIRI,"anticoncepcion, prevencion de its y de cancer de cuello uterino",numero de inyectables trimestrales suministrados,2016-12-01,0,3,27,15,0,45
COMANCHE,"anticoncepcion, prevencion de its y de cancer de cuello uterino",numero de inyectables trimestrales suministrados,2016-12-01,0,0,2,1,0,3
COMARAPA,"anticoncepcion, prevencion de its y de cancer de cuello uterino",numero de inyectables trimestrales suministrados,2016-12-01,0,16,86,31,1,134
COMBAYA,"anticoncepcion, prevencion de its y de cancer de cuello uterino",numero de inyectables trimestrales suministrados,2016-12-01,0,0,3,1,0,4
CONCEPCION,"anticoncepcion, prevencion de its y de cancer de cuello uterino",numero de inyectables trimestrales suministrados,2016-12-01,1,4,20,7,0,32
COPACABANA,"anticoncepcion, prevencion de its y de cancer de cuello uterino",numero de inyectables trimestrales suministrados,2016-12-01,0,3,32,16,0,51
CORIPATA,"anticoncepcion, prevencion de its y de cancer de cuello uterino",numero de inyectables trimestrales suministrados,2016-12-01,0,1,25,20,0,46
CORO CORO,"anticoncepcion, prevencion de its y de cancer de cuello uterino",numero de inyectables trimestrales suministrados,2016-12-01,0,2,9,4,0,15
COROICO,"anticoncepcion, prevencion de its y de cancer de cuello uterino",numero de inyectables trimestrales suministrados,2016-12-01,0,1,16,8,0,25
CORQUE,"anticoncepcion, prevencion de its y de cancer de cuello uterino",numero de inyectables trimestrales suministrados,2016-12-01,0,1,10,7,0,18
COTAGAITA,"anticoncepcion, prevencion de its y de cancer de cuello uterino",numero de inyectables trimestrales suministrados,2016-12-01,0,9,40,23,1,73
COTOCA,"anticoncepcion, prevencion de its y de cancer de cuello uterino",numero de inyectables trimestrales suministrados,2016-12-01,1,31,78,28,0,138
CRUZ DE MACHACAMARCA,"anticoncepcion, prevencion de its y de cancer de cuello uterino",numero de inyectables trimestrales suministrados,2016-12-01,0,0,1,0,0,1
CUATRO CAÑADAS,"anticoncepcion, prevencion de its y de cancer de cuello uterino",numero de inyectables trimestrales suministrados,2016-12-01,0,9,37,18,0,64
CUCHUMUELA (V. G. VILLARROEL),"anticoncepcion, prevencion de its y de cancer de cuello uterino",numero de inyectables trimestrales suministrados,2016-12-01,0,0,7,4,0,11
CUEVO,"anticoncepcion, prevencion de its y de cancer de cuello uterino",numero de inyectables trimestrales suministrados,2016-12-01,0,1,24,7,0,32
CULPINA,"anticoncepcion, prevencion de its y de cancer de cuello uterino",numero de inyectables trimestrales suministrados,2016-12-01,0,4,49,37,0,90
CURAHUARA DE CARANGAS,"anticoncepcion, prevencion de its y de cancer de cuello uterino",numero de inyectables trimestrales suministrados,2016-12-01,0,6,8,10,0,24
CURVA,"anticoncepcion, prevencion de its y de cancer de cuello uterino",numero de inyectables trimestrales suministrados,2016-12-01,0,0,2,1,0,3
DESAGUADERO,"anticoncepcion, prevencion de its y de cancer de cuello uterino",numero de inyectables trimestrales suministrados,2016-12-01,0,0,10,4,0,14
EL ALTO,"anticoncepcion, prevencion de its y de cancer de cuello uterino",numero de inyectables trimestrales suministrados,2016-12-01,2,83,701,276,1,1063
EL CHORO,"anticoncepcion, prevencion de its y de cancer de cuello uterino",numero de inyectables trimestrales suministrados,2016-12-01,0,0,10,0,0,10
EL PUENTE(STC),"anticoncepcion, prevencion de its y de cancer de cuello uterino",numero de inyectables trimestrales suministrados,2016-12-01,0,6,36,15,0,57
EL PUENTE(TJA),"anticoncepcion, prevencion de its y de cancer de cuello uterino",numero de inyectables trimestrales suministrados,2016-12-01,0,9,45,26,0,80
EL TORNO,"anticoncepcion, prevencion de its y de cancer de cuello uterino",numero de inyectables trimestrales suministrados,2016-12-01,1,16,75,31,1,124
EL VILLAR,"anticoncepcion, prevencion de its y de cancer de cuello uterino",numero de inyectables trimestrales suministrados,2016-12-01,0,2,17,13,0,32
ENTRE RIOS TRJ,"anticoncepcion, prevencion de its y de cancer de cuello uterino",numero de inyectables trimestrales suministrados,2016-12-01,0,28,89,59,0,176
ENTRE RIOS CBBA,"anticoncepcion, prevencion de its y de cancer de cuello uterino",numero de inyectables trimestrales suministrados,2016-12-01,0,9,49,16,0,74
ESCARA,"anticoncepcion, prevencion de its y de cancer de cuello uterino",numero de inyectables trimestrales suministrados,2016-12-01,0,0,1,0,0,1
ESCOMA,"anticoncepcion, prevencion de its y de cancer de cuello uterino",numero de inyectables trimestrales suministrados,2016-12-01,0,0,3,0,0,3
ESMERALDA,"anticoncepcion, prevencion de its y de cancer de cuello uterino",numero de inyectables trimestrales suministrados,2016-12-01,0,0,1,0,0,1
EUCALIPTUS,"anticoncepcion, prevencion de its y de cancer de cuello uterino",numero de inyectables trimestrales suministrados,2016-12-01,0,0,4,2,0,6
EUREKA (SANTOS MERCADO),"anticoncepcion, prevencion de its y de cancer de cuello uterino",numero de inyectables trimestrales suministrados,2016-12-01,0,0,1,0,0,1
EXALTACION,"anticoncepcion, prevencion de its y de cancer de cuello uterino",numero de inyectables trimestrales suministrados,2016-12-01,0,0,3,1,0,4
FERNANDEZ ALONSO,"anticoncepcion, prevencion de its y de cancer de cuello uterino",numero de inyectables trimestrales suministrados,2016-12-01,1,13,43,17,1,75
FILADELFIA,"anticoncepcion, prevencion de its y de cancer de cuello uterino",numero de inyectables trimestrales suministrados,2016-12-01,0,8,14,3,1,26
GENERAL SAAVEDRA,"anticoncepcion, prevencion de its y de cancer de cuello uterino",numero de inyectables trimestrales suministrados,2016-12-01,0,7,51,11,0,69
GRAL. J.J. PEREZ (CHARAZANI),"anticoncepcion, prevencion de its y de cancer de cuello uterino",numero de inyectables trimestrales suministrados,2016-12-01,0,0,13,9,0,22
GUANAY,"anticoncepcion, prevencion de its y de cancer de cuello uterino",numero de inyectables trimestrales suministrados,2016-12-01,0,3,28,4,0,35
GUAQUI,"anticoncepcion, prevencion de its y de cancer de cuello uterino",numero de inyectables trimestrales suministrados,2016-12-01,0,1,10,9,0,20
GUAYARAMERIN,"anticoncepcion, prevencion de its y de cancer de cuello uterino",numero de inyectables trimestrales suministrados,2016-12-01,0,10,42,8,0,60
GUTIERREZ,"anticoncepcion, prevencion de its y de cancer de cuello uterino",numero de inyectables trimestrales suministrados,2016-12-01,0,7,36,11,0,54
HUACARETA,"anticoncepcion, prevencion de its y de cancer de cuello uterino",numero de inyectables trimestrales suministrados,2016-12-01,0,5,18,17,0,40
HUACAYA (VILLA DE HUACAYA),"anticoncepcion, prevencion de its y de cancer de cuello uterino",numero de inyectables trimestrales suministrados,2016-12-01,0,3,13,2,0,18
HUACHACALLA,"anticoncepcion, prevencion de its y de cancer de cuello uterino",numero de inyectables trimestrales suministrados,2016-12-01,0,0,4,3,0,7
HUANUNI,"anticoncepcion, prevencion de its y de cancer de cuello uterino",numero de inyectables trimestrales suministrados,2016-12-01,0,0,20,2,0,22
HUARACAJE,"anticoncepcion, prevencion de its y de cancer de cuello uterino",numero de inyectables trimestrales suministrados,2016-12-01,0,0,8,3,0,11
HUARINA,"anticoncepcion, prevencion de its y de cancer de cuello uterino",numero de inyectables trimestrales suministrados,2016-12-01,0,3,4,6,0,13
HUATAJATA,"anticoncepcion, prevencion de its y de cancer de cuello uterino",numero de inyectables trimestrales suministrados,2016-12-01,0,0,3,2,0,5
HUAYLLAMARCA,"anticoncepcion, prevencion de its y de cancer de cuello uterino",numero de inyectables trimestrales suministrados,2016-12-01,0,2,3,6,0,11
HUMANATA,"anticoncepcion, prevencion de its y de cancer de cuello uterino",numero de inyectables trimestrales suministrados,2016-12-01,0,3,6,1,0,10
ICHOCA,"anticoncepcion, prevencion de its y de cancer de cuello uterino",numero de inyectables trimestrales suministrados,2016-12-01,0,1,7,2,1,11
ICLA,"anticoncepcion, prevencion de its y de cancer de cuello uterino",numero de inyectables trimestrales suministrados,2016-12-01,0,2,10,19,0,31
INCAHUASI,"anticoncepcion, prevencion de its y de cancer de cuello uterino",numero de inyectables trimestrales suministrados,2016-12-01,0,4,27,20,1,52
INGAVI (HUMAITA),"anticoncepcion, prevencion de its y de cancer de cuello uterino",numero de inyectables trimestrales suministrados,2016-12-01,0,2,2,0,0,4
INQUISIVI,"anticoncepcion, prevencion de its y de cancer de cuello uterino",numero de inyectables trimestrales suministrados,2016-12-01,0,1,24,15,1,41
IRUPANA (VILLA DE LANZA),"anticoncepcion, prevencion de its y de cancer de cuello uterino",numero de inyectables trimestrales suministrados,2016-12-01,0,2,33,17,0,52
IXIAMAS,"anticoncepcion, prevencion de its y de cancer de cuello uterino",numero de inyectables trimestrales suministrados,2016-12-01,0,8,30,10,0,48
JESUS DE MACHACA,"anticoncepcion, prevencion de its y de cancer de cuello uterino",numero de inyectables trimestrales suministrados,2016-12-01,0,1,17,14,0,32
LA ASUNTA,"anticoncepcion, prevencion de its y de cancer de cuello uterino",numero de inyectables trimestrales suministrados,2016-12-01,0,10,117,48,0,175
LA GUARDIA,"anticoncepcion, prevencion de its y de cancer de cuello uterino",numero de inyectables trimestrales suministrados,2016-12-01,1,29,142,30,0,202
LA PAZ,"anticoncepcion, prevencion de its y de cancer de cuello uterino",numero de inyectables trimestrales suministrados,2016-12-01,0,40,352,193,0,585
LA RIVERA,"anticoncepcion, prevencion de its y de cancer de cuello uterino",numero de inyectables trimestrales suministrados,2016-12-01,0,0,2,0,0,2
LAGUNILLAS,"anticoncepcion, prevencion de its y de cancer de cuello uterino",numero de inyectables trimestrales suministrados,2016-12-01,0,4,18,13,0,35
LAJA,"anticoncepcion, prevencion de its y de cancer de cuello uterino",numero de inyectables trimestrales suministrados,2016-12-01,0,6,31,11,1,49
LAS CARRERAS,"anticoncepcion, prevencion de its y de cancer de cuello uterino",numero de inyectables trimestrales suministrados,2016-12-01,0,1,4,9,0,14
LICOMA PAMPA,"anticoncepcion, prevencion de its y de cancer de cuello uterino",numero de inyectables trimestrales suministrados,2016-12-01,0,4,10,4,0,18
LLALLAGUA,"anticoncepcion, prevencion de its y de cancer de cuello uterino",numero de inyectables trimestrales suministrados,2016-12-01,0,7,87,26,1,121
LLICA,"anticoncepcion, prevencion de its y de cancer de cuello uterino",numero de inyectables trimestrales suministrados,2016-12-01,0,2,11,1,1,15
LORETO,"anticoncepcion, prevencion de its y de cancer de cuello uterino",numero de inyectables trimestrales suministrados,2016-12-01,0,1,4,0,0,5
LURIBAY,"anticoncepcion, prevencion de its y de cancer de cuello uterino",numero de inyectables trimestrales suministrados,2016-12-01,0,5,21,19,1,46
MACHACAMARCA,"anticoncepcion, prevencion de its y de cancer de cuello uterino",numero de inyectables trimestrales suministrados,2016-12-01,0,0,3,1,0,4
MACHARETI,"anticoncepcion, prevencion de its y de cancer de cuello uterino",numero de inyectables trimestrales suministrados,2016-12-01,0,6,24,18,1,49
MAGDALENA,"anticoncepcion, prevencion de its y de cancer de cuello uterino",numero de inyectables trimestrales suministrados,2016-12-01,0,5,14,3,0,22
MAIRANA,"anticoncepcion, prevencion de its y de cancer de cuello uterino",numero de inyectables trimestrales suministrados,2016-12-01,0,9,33,11,0,53
MALLA,"anticoncepcion, prevencion de its y de cancer de cuello uterino",numero de inyectables trimestrales suministrados,2016-12-01,0,0,5,2,0,7
MAPIRI,"anticoncepcion, prevencion de its y de cancer de cuello uterino",numero de inyectables trimestrales suministrados,2016-12-01,0,2,24,7,0,33
MECAPACA,"anticoncepcion, prevencion de its y de cancer de cuello uterino",numero de inyectables trimestrales suministrados,2016-12-01,0,1,34,13,0,48
MINEROS,"anticoncepcion, prevencion de its y de cancer de cuello uterino",numero de inyectables trimestrales suministrados,2016-12-01,1,9,43,15,1,69
MIZQUE,"anticoncepcion, prevencion de its y de cancer de cuello uterino",numero de inyectables trimestrales suministrados,2016-12-01,1,8,77,41,1,128
MOCOMOCO,"anticoncepcion, prevencion de its y de cancer de cuello uterino",numero de inyectables trimestrales suministrados,2016-12-01,0,1,9,25,0,35
MOJINETE,"anticoncepcion, prevencion de its y de cancer de cuello uterino",numero de inyectables trimestrales suministrados,2016-12-01,0,0,1,1,0,2
MOJOCOYA,"anticoncepcion, prevencion de its y de cancer de cuello uterino",numero de inyectables trimestrales suministrados,2016-12-01,0,1,38,13,0,52
MONTEAGUDO,"anticoncepcion, prevencion de its y de cancer de cuello uterino",numero de inyectables trimestrales suministrados,2016-12-01,0,9,39,15,1,64
MONTERO,"anticoncepcion, prevencion de its y de cancer de cuello uterino",numero de inyectables trimestrales suministrados,2016-12-01,1,35,151,64,0,251
MORO MORO,"anticoncepcion, prevencion de its y de cancer de cuello uterino",numero de inyectables trimestrales suministrados,2016-12-01,0,5,7,1,0,13
MOROCHATA,"anticoncepcion, prevencion de its y de cancer de cuello uterino",numero de inyectables trimestrales suministrados,2016-12-01,0,6,36,30,0,72
NACEBE (SANTA ROSA DEL ABUNA),"anticoncepcion, prevencion de its y de cancer de cuello uterino",numero de inyectables trimestrales suministrados,2016-12-01,0,4,13,5,0,22
NAZACARA DE PACAJES,"anticoncepcion, prevencion de its y de cancer de cuello uterino",numero de inyectables trimestrales suministrados,2016-12-01,0,0,1,0,0,1
NUEVO MANOA (NUEVA ESPERANZA),"anticoncepcion, prevencion de its y de cancer de cuello uterino",numero de inyectables trimestrales suministrados,2016-12-01,0,3,13,0,0,16
OCURI,"anticoncepcion, prevencion de its y de cancer de cuello uterino",numero de inyectables trimestrales suministrados,2016-12-01,0,2,28,21,0,51
OKINAWA,"anticoncepcion, prevencion de its y de cancer de cuello uterino",numero de inyectables trimestrales suministrados,2016-12-01,0,2,26,8,0,36
OMEREQUE,"anticoncepcion, prevencion de its y de cancer de cuello uterino",numero de inyectables trimestrales suministrados,2016-12-01,0,4,21,10,0,35
ORURO,"anticoncepcion, prevencion de its y de cancer de cuello uterino",numero de inyectables trimestrales suministrados,2016-12-01,2,46,517,168,3,736
PADCAYA,"anticoncepcion, prevencion de its y de cancer de cuello uterino",numero de inyectables trimestrales suministrados,2016-12-01,0,23,87,85,3,198
PADILLA,"anticoncepcion, prevencion de its y de cancer de cuello uterino",numero de inyectables trimestrales suministrados,2016-12-01,0,7,58,18,0,83
PAILON,"anticoncepcion, prevencion de its y de cancer de cuello uterino",numero de inyectables trimestrales suministrados,2016-12-01,0,8,21,7,0,36
PALCA,"anticoncepcion, prevencion de its y de cancer de cuello uterino",numero de inyectables trimestrales suministrados,2016-12-01,0,5,39,5,0,49
PALOS BLANCOS,"anticoncepcion, prevencion de its y de cancer de cuello uterino",numero de inyectables trimestrales suministrados,2016-12-01,0,17,60,25,0,102
PAMPA AULLAGAS,"anticoncepcion, prevencion de its y de cancer de cuello uterino",numero de inyectables trimestrales suministrados,2016-12-01,0,0,3,1,0,4
PAMPA GRANDE,"anticoncepcion, prevencion de its y de cancer de cuello uterino",numero de inyectables trimestrales suministrados,2016-12-01,0,4,31,8,2,45
PAPEL PAMPA,"anticoncepcion, prevencion de its y de cancer de cuello uterino",numero de inyectables trimestrales suministrados,2016-12-01,0,2,8,8,0,18
PASORAPA,"anticoncepcion, prevencion de its y de cancer de cuello uterino",numero de inyectables trimestrales suministrados,2016-12-01,0,2,13,10,0,25
PATACAMAYA,"anticoncepcion, prevencion de its y de cancer de cuello uterino",numero de inyectables trimestrales suministrados,2016-12-01,0,1,32,6,0,39
PAZÑA,"anticoncepcion, prevencion de its y de cancer de cuello uterino",numero de inyectables trimestrales suministrados,2016-12-01,0,0,12,4,0,16
PELECHUCO,"anticoncepcion, prevencion de its y de cancer de cuello uterino",numero de inyectables trimestrales suministrados,2016-12-01,0,1,17,3,0,21
POCOATA,"anticoncepcion, prevencion de its y de cancer de cuello uterino",numero de inyectables trimestrales suministrados,2016-12-01,0,3,27,23,0,53
POCONA,"anticoncepcion, prevencion de its y de cancer de cuello uterino",numero de inyectables trimestrales suministrados,2016-12-01,0,15,69,17,2,103
POJO (CBBA),"anticoncepcion, prevencion de its y de cancer de cuello uterino",numero de inyectables trimestrales suministrados,2016-12-01,0,11,51,23,0,85
POOPO,"anticoncepcion, prevencion de its y de cancer de cuello uterino",numero de inyectables trimestrales suministrados,2016-12-01,0,1,5,2,0,8
PORCO,"anticoncepcion, prevencion de its y de cancer de cuello uterino",numero de inyectables trimestrales suministrados,2016-12-01,0,2,15,7,0,24
POROMA,"anticoncepcion, prevencion de its y de cancer de cuello uterino",numero de inyectables trimestrales suministrados,2016-12-01,0,2,43,31,0,76
PORONGO,"anticoncepcion, prevencion de its y de cancer de cuello uterino",numero de inyectables trimestrales suministrados,2016-12-01,1,9,24,4,0,38
PORTACHUELO,"anticoncepcion, prevencion de its y de cancer de cuello uterino",numero de inyectables trimestrales suministrados,2016-12-01,0,10,35,12,0,57
PORVENIR,"anticoncepcion, prevencion de its y de cancer de cuello uterino",numero de inyectables trimestrales suministrados,2016-12-01,0,3,16,1,0,20
POSTRER VALLE,"anticoncepcion, prevencion de its y de cancer de cuello uterino",numero de inyectables trimestrales suministrados,2016-12-01,0,1,5,3,0,9
POTOSI,"anticoncepcion, prevencion de its y de cancer de cuello uterino",numero de inyectables trimestrales suministrados,2016-12-01,0,43,458,170,0,671
PRESTO,"anticoncepcion, prevencion de its y de cancer de cuello uterino",numero de inyectables trimestrales suministrados,2016-12-01,0,3,15,17,1,36
PUCARA,"anticoncepcion, prevencion de its y de cancer de cuello uterino",numero de inyectables trimestrales suministrados,2016-12-01,0,1,6,3,0,10
PUCARANI,"anticoncepcion, prevencion de its y de cancer de cuello uterino",numero de inyectables trimestrales suministrados,2016-12-01,0,7,75,39,1,122
PUERTO ACOSTA,"anticoncepcion, prevencion de its y de cancer de cuello uterino",numero de inyectables trimestrales suministrados,2016-12-01,0,0,4,5,0,9
PUERTO CARABUCO,"anticoncepcion, prevencion de its y de cancer de cuello uterino",numero de inyectables trimestrales suministrados,2016-12-01,0,5,14,9,0,28
PUERTO GONZALO MORENO,"anticoncepcion, prevencion de its y de cancer de cuello uterino",numero de inyectables trimestrales suministrados,2016-12-01,1,8,24,8,0,41
PUERTO PEREZ,"anticoncepcion, prevencion de its y de cancer de cuello uterino",numero de inyectables trimestrales suministrados,2016-12-01,0,0,6,4,0,10
PUERTO QUIJARRO,"anticoncepcion, prevencion de its y de cancer de cuello uterino",numero de inyectables trimestrales suministrados,2016-12-01,0,2,17,3,0,22
PUERTO RICO,"anticoncepcion, prevencion de its y de cancer de cuello uterino",numero de inyectables trimestrales suministrados,2016-12-01,0,10,22,6,0,38
PUERTO SUAREZ,"anticoncepcion, prevencion de its y de cancer de cuello uterino",numero de inyectables trimestrales suministrados,2016-12-01,0,3,21,3,0,27
PUERTO VILLARROEL,"anticoncepcion, prevencion de its y de cancer de cuello uterino",numero de inyectables trimestrales suministrados,2016-12-01,0,16,79,31,0,126
PUNA,"anticoncepcion, prevencion de its y de cancer de cuello uterino",numero de inyectables trimestrales suministrados,2016-12-01,0,0,30,17,0,47
PUNATA,"anticoncepcion, prevencion de its y de cancer de cuello uterino",numero de inyectables trimestrales suministrados,2016-12-01,0,8,77,28,1,114
QUIABAYA,"anticoncepcion, prevencion de its y de cancer de cuello uterino",numero de inyectables trimestrales suministrados,2016-12-01,0,1,14,5,0,20
QUILLACOLLO,"anticoncepcion, prevencion de its y de cancer de cuello uterino",numero de inyectables trimestrales suministrados,2016-12-01,0,23,184,38,0,245
QUIME,"anticoncepcion, prevencion de its y de cancer de cuello uterino",numero de inyectables trimestrales suministrados,2016-12-01,0,4,26,13,1,44
QUIRUSILLAS,"anticoncepcion, prevencion de its y de cancer de cuello uterino",numero de inyectables trimestrales suministrados,2016-12-01,0,1,7,2,0,10
RAVELO,"anticoncepcion, prevencion de its y de cancer de cuello uterino",numero de inyectables trimestrales suministrados,2016-12-01,0,5,54,49,1,109
REYES,"anticoncepcion, prevencion de its y de cancer de cuello uterino",numero de inyectables trimestrales suministrados,2016-12-01,0,2,29,8,0,39
RIBERALTA,"anticoncepcion, prevencion de its y de cancer de cuello uterino",numero de inyectables trimestrales suministrados,2016-12-01,3,54,177,43,0,277
ROBORE,"anticoncepcion, prevencion de its y de cancer de cuello uterino",numero de inyectables trimestrales suministrados,2016-12-01,0,12,38,6,0,56
RURRENABAQUE,"anticoncepcion, prevencion de its y de cancer de cuello uterino",numero de inyectables trimestrales suministrados,2016-12-01,0,9,29,9,0,47
SABAYA,"anticoncepcion, prevencion de its y de cancer de cuello uterino",numero de inyectables trimestrales suministrados,2016-12-01,0,1,7,3,0,11
SACABA,"anticoncepcion, prevencion de its y de cancer de cuello uterino",numero de inyectables trimestrales suministrados,2016-12-01,1,33,146,47,1,228
SACABAMBA,"anticoncepcion, prevencion de its y de cancer de cuello uterino",numero de inyectables trimestrales suministrados,2016-12-01,0,0,6,5,0,11
SACACA,"anticoncepcion, prevencion de its y de cancer de cuello uterino",numero de inyectables trimestrales suministrados,2016-12-01,0,8,28,24,0,60
SAIPINA,"anticoncepcion, prevencion de its y de cancer de cuello uterino",numero de inyectables trimestrales suministrados,2016-12-01,0,5,22,9,0,36
SALINAS DE GARCI MENDOZA,"anticoncepcion, prevencion de its y de cancer de cuello uterino",numero de inyectables trimestrales suministrados,2016-12-01,0,1,26,12,0,39
SAMAIPATA,"anticoncepcion, prevencion de its y de cancer de cuello uterino",numero de inyectables trimestrales suministrados,2016-12-01,0,9,29,13,0,51
SAN AGUSTIN,"anticoncepcion, prevencion de its y de cancer de cuello uterino",numero de inyectables trimestrales suministrados,2016-12-01,0,0,9,1,1,11
SAN ANDRES,"anticoncepcion, prevencion de its y de cancer de cuello uterino",numero de inyectables trimestrales suministrados,2016-12-01,0,2,25,6,0,33
SAN ANDRES DE MACHACA,"anticoncepcion, prevencion de its y de cancer de cuello uterino",numero de inyectables trimestrales suministrados,2016-12-01,0,0,2,1,0,3
SAN ANTONIO DE ESMORUCO,"anticoncepcion, prevencion de its y de cancer de cuello uterino",numero de inyectables trimestrales suministrados,2016-12-01,0,1,9,1,0,11
SAN ANTONIO DE LOMERIO,"anticoncepcion, prevencion de its y de cancer de cuello uterino",numero de inyectables trimestrales suministrados,2016-12-01,0,3,28,18,3,52
SAN BENITO,"anticoncepcion, prevencion de its y de cancer de cuello uterino",numero de inyectables trimestrales suministrados,2016-12-01,0,3,25,19,1,48
SAN BORJA,"anticoncepcion, prevencion de its y de cancer de cuello uterino",numero de inyectables trimestrales suministrados,2016-12-01,0,14,73,33,0,120
SAN BUENA VENTURA,"anticoncepcion, prevencion de its y de cancer de cuello uterino",numero de inyectables trimestrales suministrados,2016-12-01,0,3,17,8,0,28
SAN CARLOS,"anticoncepcion, prevencion de its y de cancer de cuello uterino",numero de inyectables trimestrales suministrados,2016-12-01,0,11,30,15,0,56
SAN IGNACIO,"anticoncepcion, prevencion de its y de cancer de cuello uterino",numero de inyectables trimestrales suministrados,2016-12-01,3,10,78,54,0,145
SAN IGNACIO DE VELASCO,"anticoncepcion, prevencion de its y de cancer de cuello uterino",numero de inyectables trimestrales suministrados,2016-12-01,0,19,107,53,1,180
SAN JAVIER(BNI),"anticoncepcion, prevencion de its y de cancer de cuello uterino",numero de inyectables trimestrales suministrados,2016-12-01,0,2,6,3,0,11
SAN JAVIER(STC),"anticoncepcion, prevencion de its y de cancer de cuello uterino",numero de inyectables trimestrales suministrados,2016-12-01,0,15,27,6,0,48
SAN JOAQUIN,"anticoncepcion, prevencion de its y de cancer de cuello uterino",numero de inyectables trimestrales suministrados,2016-12-01,0,2,1,0,0,3
SAN JOSE DE CHIQUITOS,"anticoncepcion, prevencion de its y de cancer de cuello uterino",numero de inyectables trimestrales suministrados,2016-12-01,0,6,36,8,0,50
SAN JUAN DE YAPACANI,"anticoncepcion, prevencion de its y de cancer de cuello uterino",numero de inyectables trimestrales suministrados,2016-12-01,1,5,20,12,0,38
SAN JULIAN,"anticoncepcion, prevencion de its y de cancer de cuello uterino",numero de inyectables trimestrales suministrados,2016-12-01,0,10,62,39,0,111
SAN LORENZO(PND),"anticoncepcion, prevencion de its y de cancer de cuello uterino",numero de inyectables trimestrales suministrados,2016-12-01,0,12,16,4,0,32
SAN LORENZO(TJA),"anticoncepcion, prevencion de its y de cancer de cuello uterino",numero de inyectables trimestrales suministrados,2016-12-01,2,7,81,58,2,150
SAN LUCAS,"anticoncepcion, prevencion de its y de cancer de cuello uterino",numero de inyectables trimestrales suministrados,2016-12-01,0,8,66,40,0,114
SAN MATIAS,"anticoncepcion, prevencion de its y de cancer de cuello uterino",numero de inyectables trimestrales suministrados,2016-12-01,0,2,15,5,0,22
SAN MIGUEL DE VELASCO,"anticoncepcion, prevencion de its y de cancer de cuello uterino",numero de inyectables trimestrales suministrados,2016-12-01,2,9,55,32,0,98
SAN PABLO DE LIPEZ,"anticoncepcion, prevencion de its y de cancer de cuello uterino",numero de inyectables trimestrales suministrados,2016-12-01,0,2,2,1,0,5
SAN PEDRO,"anticoncepcion, prevencion de its y de cancer de cuello uterino",numero de inyectables trimestrales suministrados,2016-12-01,0,5,43,14,0,62
SAN PEDRO DE BUENA VISTA,"anticoncepcion, prevencion de its y de cancer de cuello uterino",numero de inyectables trimestrales suministrados,2016-12-01,0,5,32,11,0,48
SAN PEDRO DE CURAHUARA,"anticoncepcion, prevencion de its y de cancer de cuello uterino",numero de inyectables trimestrales suministrados,2016-12-01,0,2,9,6,1,18
SAN PEDRO DE QUEMES,"anticoncepcion, prevencion de its y de cancer de cuello uterino",numero de inyectables trimestrales suministrados,2016-12-01,0,0,4,0,0,4
SAN PEDRO DE TIQUINA,"anticoncepcion, prevencion de its y de cancer de cuello uterino",numero de inyectables trimestrales suministrados,2016-12-01,0,0,7,3,0,10
SAN PEDRO(PND),"anticoncepcion, prevencion de its y de cancer de cuello uterino",numero de inyectables trimestrales suministrados,2016-12-01,1,2,6,4,0,13
SAN RAFAEL,"anticoncepcion, prevencion de its y de cancer de cuello uterino",numero de inyectables trimestrales suministrados,2016-12-01,0,9,36,15,2,62
SAN RAMON BENI,"anticoncepcion, prevencion de its y de cancer de cuello uterino",numero de inyectables trimestrales suministrados,2016-12-01,0,2,4,0,0,6
SAN RAMON SCZ,"anticoncepcion, prevencion de its y de cancer de cuello uterino",numero de inyectables trimestrales suministrados,2016-12-01,0,4,27,10,0,41
SANTA ANA,"anticoncepcion, prevencion de its y de cancer de cuello uterino",numero de inyectables trimestrales suministrados,2016-12-01,0,5,15,1,0,21
SANTA CRUZ DE LA SIERRA,"anticoncepcion, prevencion de its y de cancer de cuello uterino",numero de inyectables trimestrales suministrados,2016-12-01,10,142,387,88,2,629
SANTA ROSA,"anticoncepcion, prevencion de its y de cancer de cuello uterino",numero de inyectables trimestrales suministrados,2016-12-01,0,5,15,7,0,27
SANTA ROSA DEL SARA,"anticoncepcion, prevencion de its y de cancer de cuello uterino",numero de inyectables trimestrales suministrados,2016-12-01,0,8,46,25,0,79
SANTIAGO DE CALLAPA,"anticoncepcion, prevencion de its y de cancer de cuello uterino",numero de inyectables trimestrales suministrados,2016-12-01,0,0,3,1,0,4
SANTIAGO DE HUARI,"anticoncepcion, prevencion de its y de cancer de cuello uterino",numero de inyectables trimestrales suministrados,2016-12-01,0,2,11,3,0,16
SANTIAGO DE HUATA,"anticoncepcion, prevencion de its y de cancer de cuello uterino",numero de inyectables trimestrales suministrados,2016-12-01,0,1,13,7,0,21
SANTIAGO DE MACHACA,"anticoncepcion, prevencion de its y de cancer de cuello uterino",numero de inyectables trimestrales suministrados,2016-12-01,0,0,4,3,0,7
SANTIVAÑES,"anticoncepcion, prevencion de its y de cancer de cuello uterino",numero de inyectables trimestrales suministrados,2016-12-01,0,2,9,9,0,20
SANTUARIO DE QUILLACAS,"anticoncepcion, prevencion de its y de cancer de cuello uterino",numero de inyectables trimestrales suministrados,2016-12-01,0,3,6,2,0,11
SAPAHAQUI,"anticoncepcion, prevencion de its y de cancer de cuello uterino",numero de inyectables trimestrales suministrados,2016-12-01,0,3,18,15,0,36
SENA,"anticoncepcion, prevencion de its y de cancer de cuello uterino",numero de inyectables trimestrales suministrados,2016-12-01,0,8,17,4,0,29
SHINAOTA,"anticoncepcion, prevencion de its y de cancer de cuello uterino",numero de inyectables trimestrales suministrados,2016-12-01,0,7,36,17,0,60
SICA SICA (VILLA AROMA),"anticoncepcion, prevencion de its y de cancer de cuello uterino",numero de inyectables trimestrales suministrados,2016-12-01,0,2,39,30,0,71
SICAYA,"anticoncepcion, prevencion de its y de cancer de cuello uterino",numero de inyectables trimestrales suministrados,2016-12-01,0,2,17,5,0,24
SIPE SIPE,"anticoncepcion, prevencion de its y de cancer de cuello uterino",numero de inyectables trimestrales suministrados,2016-12-01,1,21,160,64,0,246
SOPACHUY,"anticoncepcion, prevencion de its y de cancer de cuello uterino",numero de inyectables trimestrales suministrados,2016-12-01,0,4,25,15,0,44
SORACACHI,"anticoncepcion, prevencion de its y de cancer de cuello uterino",numero de inyectables trimestrales suministrados,2016-12-01,0,4,20,10,0,34
SORATA,"anticoncepcion, prevencion de its y de cancer de cuello uterino",numero de inyectables trimestrales suministrados,2016-12-01,0,5,28,19,0,52
SUCRE,"anticoncepcion, prevencion de its y de cancer de cuello uterino",numero de inyectables trimestrales suministrados,2016-12-01,0,45,393,135,4,577
TACACHI,"anticoncepcion, prevencion de its y de cancer de cuello uterino",numero de inyectables trimestrales suministrados,2016-12-01,0,0,0,1,0,1
TACACOMA,"anticoncepcion, prevencion de its y de cancer de cuello uterino",numero de inyectables trimestrales suministrados,2016-12-01,0,4,31,16,1,52
TACOBAMBA,"anticoncepcion, prevencion de its y de cancer de cuello uterino",numero de inyectables trimestrales suministrados,2016-12-01,0,4,21,27,0,52
TACOPAYA,"anticoncepcion, prevencion de its y de cancer de cuello uterino",numero de inyectables trimestrales suministrados,2016-12-01,0,2,10,10,0,22
TAHUA,"anticoncepcion, prevencion de its y de cancer de cuello uterino",numero de inyectables trimestrales suministrados,2016-12-01,0,0,2,1,0,3
TAPACARI,"anticoncepcion, prevencion de its y de cancer de cuello uterino",numero de inyectables trimestrales suministrados,2016-12-01,1,6,52,35,1,95
TARABUCO,"anticoncepcion, prevencion de its y de cancer de cuello uterino",numero de inyectables trimestrales suministrados,2016-12-01,0,3,38,27,0,68
TARACO,"anticoncepcion, prevencion de its y de cancer de cuello uterino",numero de inyectables trimestrales suministrados,2016-12-01,0,0,11,11,0,22
TARATA,"anticoncepcion, prevencion de its y de cancer de cuello uterino",numero de inyectables trimestrales suministrados,2016-12-01,0,2,22,8,0,32
TARIJA,"anticoncepcion, prevencion de its y de cancer de cuello uterino",numero de inyectables trimestrales suministrados,2016-12-01,1,25,190,56,2,274
TARVITA,"anticoncepcion, prevencion de its y de cancer de cuello uterino",numero de inyectables trimestrales suministrados,2016-12-01,0,9,22,29,1,61
TEOPONTE,"anticoncepcion, prevencion de its y de cancer de cuello uterino",numero de inyectables trimestrales suministrados,2016-12-01,0,6,31,9,0,46
TIAWANACU,"anticoncepcion, prevencion de its y de cancer de cuello uterino",numero de inyectables trimestrales suministrados,2016-12-01,0,0,25,20,0,45
TINGUIPAYA,"anticoncepcion, prevencion de its y de cancer de cuello uterino",numero de inyectables trimestrales suministrados,2016-12-01,0,0,17,21,0,38
TIPUANI,"anticoncepcion, prevencion de its y de cancer de cuello uterino",numero de inyectables trimestrales suministrados,2016-12-01,0,1,15,9,0,25
TIQUIPAYA,"anticoncepcion, prevencion de its y de cancer de cuello uterino",numero de inyectables trimestrales suministrados,2016-12-01,1,12,97,15,1,126
TIRAQUE (CBBA),"anticoncepcion, prevencion de its y de cancer de cuello uterino",numero de inyectables trimestrales suministrados,2016-12-01,0,11,48,33,0,92
TITO YUPANQUI (PARQUIPUJIO),"anticoncepcion, prevencion de its y de cancer de cuello uterino",numero de inyectables trimestrales suministrados,2016-12-01,0,0,1,1,0,2
TOCO,"anticoncepcion, prevencion de its y de cancer de cuello uterino",numero de inyectables trimestrales suministrados,2016-12-01,1,3,17,5,0,26
TOLATA,"anticoncepcion, prevencion de its y de cancer de cuello uterino",numero de inyectables trimestrales suministrados,2016-12-01,0,2,23,5,0,30
TOLEDO,"anticoncepcion, prevencion de its y de cancer de cuello uterino",numero de inyectables trimestrales suministrados,2016-12-01,0,0,10,2,0,12
TOMAVE,"anticoncepcion, prevencion de its y de cancer de cuello uterino",numero de inyectables trimestrales suministrados,2016-12-01,0,2,12,14,0,28
TOMINA,"anticoncepcion, prevencion de its y de cancer de cuello uterino",numero de inyectables trimestrales suministrados,2016-12-01,0,3,39,26,0,68
TORO TORO,"anticoncepcion, prevencion de its y de cancer de cuello uterino",numero de inyectables trimestrales suministrados,2016-12-01,0,6,21,20,0,47
TOTORA(CBBA),"anticoncepcion, prevencion de its y de cancer de cuello uterino",numero de inyectables trimestrales suministrados,2016-12-01,2,21,75,30,0,128
TOTORA(ORR),"anticoncepcion, prevencion de its y de cancer de cuello uterino",numero de inyectables trimestrales suministrados,2016-12-01,0,1,13,9,0,23
TRIGAL,"anticoncepcion, prevencion de its y de cancer de cuello uterino",numero de inyectables trimestrales suministrados,2016-12-01,0,2,7,2,0,11
TRINIDAD,"anticoncepcion, prevencion de its y de cancer de cuello uterino",numero de inyectables trimestrales suministrados,2016-12-01,0,7,36,6,0,49
TUPIZA,"anticoncepcion, prevencion de its y de cancer de cuello uterino",numero de inyectables trimestrales suministrados,2016-12-01,1,23,116,51,0,191
TURCO,"anticoncepcion, prevencion de its y de cancer de cuello uterino",numero de inyectables trimestrales suministrados,2016-12-01,0,0,8,5,0,13
UMALA,"anticoncepcion, prevencion de its y de cancer de cuello uterino",numero de inyectables trimestrales suministrados,2016-12-01,0,2,14,7,0,23
UNCIA,"anticoncepcion, prevencion de its y de cancer de cuello uterino",numero de inyectables trimestrales suministrados,2016-12-01,0,2,31,24,2,59
URIONDO (A. CONCEPCION),"anticoncepcion, prevencion de its y de cancer de cuello uterino",numero de inyectables trimestrales suministrados,2016-12-01,0,12,37,32,2,83
URUBICHA,"anticoncepcion, prevencion de its y de cancer de cuello uterino",numero de inyectables trimestrales suministrados,2016-12-01,0,5,7,4,0,16
UYUNI,"anticoncepcion, prevencion de its y de cancer de cuello uterino",numero de inyectables trimestrales suministrados,2016-12-01,0,4,37,11,0,52
VACAS,"anticoncepcion, prevencion de its y de cancer de cuello uterino",numero de inyectables trimestrales suministrados,2016-12-01,2,2,20,16,0,40
VALLEGRANDE,"anticoncepcion, prevencion de its y de cancer de cuello uterino",numero de inyectables trimestrales suministrados,2016-12-01,0,12,46,3,0,61
VIACHA,"anticoncepcion, prevencion de its y de cancer de cuello uterino",numero de inyectables trimestrales suministrados,2016-12-01,0,7,68,29,2,106
VILA VILA,"anticoncepcion, prevencion de its y de cancer de cuello uterino",numero de inyectables trimestrales suministrados,2016-12-01,0,0,8,3,0,11
VILLA CHARCAS,"anticoncepcion, prevencion de its y de cancer de cuello uterino",numero de inyectables trimestrales suministrados,2016-12-01,0,9,47,32,0,88
VILLA MONTES,"anticoncepcion, prevencion de its y de cancer de cuello uterino",numero de inyectables trimestrales suministrados,2016-12-01,1,16,74,22,1,114
VILLA NUEVA (LOMA ALTA),"anticoncepcion, prevencion de its y de cancer de cuello uterino",numero de inyectables trimestrales suministrados,2016-12-01,0,0,14,2,0,16
VILLA RIVERO,"anticoncepcion, prevencion de its y de cancer de cuello uterino",numero de inyectables trimestrales suministrados,2016-12-01,0,9,31,8,2,50
VILLA SERRANO,"anticoncepcion, prevencion de its y de cancer de cuello uterino",numero de inyectables trimestrales suministrados,2016-12-01,0,5,16,17,1,39
VILLA TUNARI,"anticoncepcion, prevencion de its y de cancer de cuello uterino",numero de inyectables trimestrales suministrados,2016-12-01,2,41,337,90,2,472
VILLA VACA GUZMAN (MUYUPAMPA),"anticoncepcion, prevencion de its y de cancer de cuello uterino",numero de inyectables trimestrales suministrados,2016-12-01,0,6,26,14,5,51
VILLAZON,"anticoncepcion, prevencion de its y de cancer de cuello uterino",numero de inyectables trimestrales suministrados,2016-12-01,0,7,102,38,0,147
VINTO,"anticoncepcion, prevencion de its y de cancer de cuello uterino",numero de inyectables trimestrales suministrados,2016-12-01,0,13,81,26,0,120
VITICHI,"anticoncepcion, prevencion de its y de cancer de cuello uterino",numero de inyectables trimestrales suministrados,2016-12-01,0,0,8,9,0,17
WALDO BALLIVIAN,"anticoncepcion, prevencion de its y de cancer de cuello uterino",numero de inyectables trimestrales suministrados,2016-12-01,0,0,4,2,1,7
WARNES,"anticoncepcion, prevencion de its y de cancer de cuello uterino",numero de inyectables trimestrales suministrados,2016-12-01,1,22,80,40,1,144
YACO,"anticoncepcion, prevencion de its y de cancer de cuello uterino",numero de inyectables trimestrales suministrados,2016-12-01,0,3,17,7,0,27
YACUIBA,"anticoncepcion, prevencion de its y de cancer de cuello uterino",numero de inyectables trimestrales suministrados,2016-12-01,0,30,151,70,2,253
YAMPARAEZ,"anticoncepcion, prevencion de its y de cancer de cuello uterino",numero de inyectables trimestrales suministrados,2016-12-01,0,0,6,17,0,23
YANACACHI,"anticoncepcion, prevencion de its y de cancer de cuello uterino",numero de inyectables trimestrales suministrados,2016-12-01,0,0,10,8,0,18
YAPACANI,"anticoncepcion, prevencion de its y de cancer de cuello uterino",numero de inyectables trimestrales suministrados,2016-12-01,1,22,91,16,0,130
YOCALLA,"anticoncepcion, prevencion de its y de cancer de cuello uterino",numero de inyectables trimestrales suministrados,2016-12-01,0,3,5,11,0,19
YOTALA,"anticoncepcion, prevencion de its y de cancer de cuello uterino",numero de inyectables trimestrales suministrados,2016-12-01,0,2,10,8,0,20
YUNCHARA,"anticoncepcion, prevencion de its y de cancer de cuello uterino",numero de inyectables trimestrales suministrados,2016-12-01,0,7,31,22,0,60
YUNGUYO DE LITORAL,"anticoncepcion, prevencion de its y de cancer de cuello uterino",numero de inyectables trimestrales suministrados,2016-12-01,0,0,0,1,0,1
ZUDAÑEZ,"anticoncepcion, prevencion de its y de cancer de cuello uterino",numero de inyectables trimestrales suministrados,2016-12-01,0,3,33,16,0,52
