municipality,group,variable,month,Número de mujeres con IVAA,Número de mujeres con IVAA1,Número de mujeres con IVAA2,Número de mujeres con IVAA3,Número de mujeres con IVAA4,TOTAL
ACACIO,"anticoncepcion, prevencion de its y de cancer de cuello uterino",numero de mujeres con ivaa,2016-01-01,0,0,3,1,0,4
ACHACACHI,"anticoncepcion, prevencion de its y de cancer de cuello uterino",numero de mujeres con ivaa,2016-01-01,0,0,1,0,0,1
AIQUILE,"anticoncepcion, prevencion de its y de cancer de cuello uterino",numero de mujeres con ivaa,2016-01-01,0,3,6,9,4,22
ANTEQUERA,"anticoncepcion, prevencion de its y de cancer de cuello uterino",numero de mujeres con ivaa,2016-01-01,0,0,1,0,0,1
ARAMPAMPA,"anticoncepcion, prevencion de its y de cancer de cuello uterino",numero de mujeres con ivaa,2016-01-01,0,2,2,1,1,6
AYOPAYA (V. DE INDEPENDENCIA),"anticoncepcion, prevencion de its y de cancer de cuello uterino",numero de mujeres con ivaa,2016-01-01,0,1,9,8,1,19
AZURDUY,"anticoncepcion, prevencion de its y de cancer de cuello uterino",numero de mujeres con ivaa,2016-01-01,0,0,2,2,0,4
BERMEJO,"anticoncepcion, prevencion de its y de cancer de cuello uterino",numero de mujeres con ivaa,2016-01-01,0,0,3,1,0,4
BUENA VISTA,"anticoncepcion, prevencion de its y de cancer de cuello uterino",numero de mujeres con ivaa,2016-01-01,0,0,2,0,0,2
CALACOTO,"anticoncepcion, prevencion de its y de cancer de cuello uterino",numero de mujeres con ivaa,2016-01-01,0,0,1,3,2,6
CAMARGO,"anticoncepcion, prevencion de its y de cancer de cuello uterino",numero de mujeres con ivaa,2016-01-01,0,0,10,7,1,18
CAMATAQUI (C. VILLA ABECIA),"anticoncepcion, prevencion de its y de cancer de cuello uterino",numero de mujeres con ivaa,2016-01-01,0,1,1,4,2,8
CAPINOTA,"anticoncepcion, prevencion de its y de cancer de cuello uterino",numero de mujeres con ivaa,2016-01-01,0,7,29,9,2,47
CARIPUYO,"anticoncepcion, prevencion de its y de cancer de cuello uterino",numero de mujeres con ivaa,2016-01-01,0,0,5,2,0,7
CHAQUI,"anticoncepcion, prevencion de its y de cancer de cuello uterino",numero de mujeres con ivaa,2016-01-01,0,1,4,0,0,5
CKOCHAS,"anticoncepcion, prevencion de its y de cancer de cuello uterino",numero de mujeres con ivaa,2016-01-01,0,0,5,8,0,13
COBIJA,"anticoncepcion, prevencion de its y de cancer de cuello uterino",numero de mujeres con ivaa,2016-01-01,0,8,69,35,4,116
COCHABAMBA,"anticoncepcion, prevencion de its y de cancer de cuello uterino",numero de mujeres con ivaa,2016-01-01,0,74,207,624,3,908
COMARAPA,"anticoncepcion, prevencion de its y de cancer de cuello uterino",numero de mujeres con ivaa,2016-01-01,0,1,7,3,3,14
CULPINA,"anticoncepcion, prevencion de its y de cancer de cuello uterino",numero de mujeres con ivaa,2016-01-01,0,3,8,5,2,18
CURAHUARA DE CARANGAS,"anticoncepcion, prevencion de its y de cancer de cuello uterino",numero de mujeres con ivaa,2016-01-01,0,1,0,2,0,3
EL ALTO,"anticoncepcion, prevencion de its y de cancer de cuello uterino",numero de mujeres con ivaa,2016-01-01,0,24,257,192,47,520
EL PUENTE(TJA),"anticoncepcion, prevencion de its y de cancer de cuello uterino",numero de mujeres con ivaa,2016-01-01,0,1,8,2,2,13
ENTRE RIOS CBBA,"anticoncepcion, prevencion de its y de cancer de cuello uterino",numero de mujeres con ivaa,2016-01-01,0,0,3,1,0,4
EUCALIPTUS,"anticoncepcion, prevencion de its y de cancer de cuello uterino",numero de mujeres con ivaa,2016-01-01,0,0,1,0,0,1
HUACARETA,"anticoncepcion, prevencion de its y de cancer de cuello uterino",numero de mujeres con ivaa,2016-01-01,0,1,7,1,2,11
HUANUNI,"anticoncepcion, prevencion de its y de cancer de cuello uterino",numero de mujeres con ivaa,2016-01-01,0,1,6,3,2,12
HUAYLLAMARCA,"anticoncepcion, prevencion de its y de cancer de cuello uterino",numero de mujeres con ivaa,2016-01-01,0,0,1,1,0,2
ICLA,"anticoncepcion, prevencion de its y de cancer de cuello uterino",numero de mujeres con ivaa,2016-01-01,0,0,2,3,2,7
LA PAZ,"anticoncepcion, prevencion de its y de cancer de cuello uterino",numero de mujeres con ivaa,2016-01-01,0,7,46,51,26,130
MACHACAMARCA,"anticoncepcion, prevencion de its y de cancer de cuello uterino",numero de mujeres con ivaa,2016-01-01,0,0,0,0,1,1
MACHARETI,"anticoncepcion, prevencion de its y de cancer de cuello uterino",numero de mujeres con ivaa,2016-01-01,0,1,3,2,2,8
MIZQUE,"anticoncepcion, prevencion de its y de cancer de cuello uterino",numero de mujeres con ivaa,2016-01-01,1,2,8,7,1,19
MONTEAGUDO,"anticoncepcion, prevencion de its y de cancer de cuello uterino",numero de mujeres con ivaa,2016-01-01,0,2,4,8,4,18
MONTERO,"anticoncepcion, prevencion de its y de cancer de cuello uterino",numero de mujeres con ivaa,2016-01-01,0,2,23,19,4,48
ORURO,"anticoncepcion, prevencion de its y de cancer de cuello uterino",numero de mujeres con ivaa,2016-01-01,0,7,95,45,9,156
PADCAYA,"anticoncepcion, prevencion de its y de cancer de cuello uterino",numero de mujeres con ivaa,2016-01-01,0,4,27,15,4,50
PADILLA,"anticoncepcion, prevencion de its y de cancer de cuello uterino",numero de mujeres con ivaa,2016-01-01,0,2,11,14,0,27
PORVENIR,"anticoncepcion, prevencion de its y de cancer de cuello uterino",numero de mujeres con ivaa,2016-01-01,0,0,0,2,0,2
POTOSI,"anticoncepcion, prevencion de its y de cancer de cuello uterino",numero de mujeres con ivaa,2016-01-01,0,1,31,34,3,69
PUERTO GONZALO MORENO,"anticoncepcion, prevencion de its y de cancer de cuello uterino",numero de mujeres con ivaa,2016-01-01,0,1,2,0,0,3
PUERTO RICO,"anticoncepcion, prevencion de its y de cancer de cuello uterino",numero de mujeres con ivaa,2016-01-01,0,0,3,1,0,4
PUERTO VILLARROEL,"anticoncepcion, prevencion de its y de cancer de cuello uterino",numero de mujeres con ivaa,2016-01-01,0,0,2,0,0,2
PUNATA,"anticoncepcion, prevencion de its y de cancer de cuello uterino",numero de mujeres con ivaa,2016-01-01,0,3,20,13,4,40
QUILLACOLLO,"anticoncepcion, prevencion de its y de cancer de cuello uterino",numero de mujeres con ivaa,2016-01-01,0,0,3,0,0,3
RIBERALTA,"anticoncepcion, prevencion de its y de cancer de cuello uterino",numero de mujeres con ivaa,2016-01-01,0,0,13,10,1,24
SACACA,"anticoncepcion, prevencion de its y de cancer de cuello uterino",numero de mujeres con ivaa,2016-01-01,0,2,10,6,0,18
SALINAS DE GARCI MENDOZA,"anticoncepcion, prevencion de its y de cancer de cuello uterino",numero de mujeres con ivaa,2016-01-01,0,0,2,2,1,5
SAN LORENZO(PND),"anticoncepcion, prevencion de its y de cancer de cuello uterino",numero de mujeres con ivaa,2016-01-01,1,0,3,0,0,4
SAN LUCAS,"anticoncepcion, prevencion de its y de cancer de cuello uterino",numero de mujeres con ivaa,2016-01-01,0,0,14,10,0,24
SAN PEDRO DE BUENA VISTA,"anticoncepcion, prevencion de its y de cancer de cuello uterino",numero de mujeres con ivaa,2016-01-01,0,3,3,4,0,10
SANTA CRUZ DE LA SIERRA,"anticoncepcion, prevencion de its y de cancer de cuello uterino",numero de mujeres con ivaa,2016-01-01,0,16,73,16,2,107
SANTIAGO DE HUARI,"anticoncepcion, prevencion de its y de cancer de cuello uterino",numero de mujeres con ivaa,2016-01-01,0,1,12,8,0,21
SHINAOTA,"anticoncepcion, prevencion de its y de cancer de cuello uterino",numero de mujeres con ivaa,2016-01-01,0,3,15,3,0,21
SIPE SIPE,"anticoncepcion, prevencion de its y de cancer de cuello uterino",numero de mujeres con ivaa,2016-01-01,0,4,12,7,0,23
SOPACHUY,"anticoncepcion, prevencion de its y de cancer de cuello uterino",numero de mujeres con ivaa,2016-01-01,0,0,4,6,1,11
SUCRE,"anticoncepcion, prevencion de its y de cancer de cuello uterino",numero de mujeres con ivaa,2016-01-01,0,0,1,10,4,15
TARIJA,"anticoncepcion, prevencion de its y de cancer de cuello uterino",numero de mujeres con ivaa,2016-01-01,0,3,15,9,2,29
TARVITA,"anticoncepcion, prevencion de its y de cancer de cuello uterino",numero de mujeres con ivaa,2016-01-01,0,9,16,18,1,44
TIQUIPAYA,"anticoncepcion, prevencion de its y de cancer de cuello uterino",numero de mujeres con ivaa,2016-01-01,0,0,1,0,0,1
TIRAQUE (CBBA),"anticoncepcion, prevencion de its y de cancer de cuello uterino",numero de mujeres con ivaa,2016-01-01,0,3,4,1,0,8
TORO TORO,"anticoncepcion, prevencion de its y de cancer de cuello uterino",numero de mujeres con ivaa,2016-01-01,1,4,19,13,7,44
TRINIDAD,"anticoncepcion, prevencion de its y de cancer de cuello uterino",numero de mujeres con ivaa,2016-01-01,0,2,4,12,3,21
TUPIZA,"anticoncepcion, prevencion de its y de cancer de cuello uterino",numero de mujeres con ivaa,2016-01-01,0,1,10,9,4,24
UNCIA,"anticoncepcion, prevencion de its y de cancer de cuello uterino",numero de mujeres con ivaa,2016-01-01,0,0,1,0,1,2
VILLA CHARCAS,"anticoncepcion, prevencion de its y de cancer de cuello uterino",numero de mujeres con ivaa,2016-01-01,0,0,2,1,0,3
VILLA MONTES,"anticoncepcion, prevencion de its y de cancer de cuello uterino",numero de mujeres con ivaa,2016-01-01,0,6,37,20,7,70
VILLA VACA GUZMAN (MUYUPAMPA),"anticoncepcion, prevencion de its y de cancer de cuello uterino",numero de mujeres con ivaa,2016-01-01,0,0,1,0,1,2
VINTO,"anticoncepcion, prevencion de its y de cancer de cuello uterino",numero de mujeres con ivaa,2016-01-01,0,0,12,2,3,17
YACUIBA,"anticoncepcion, prevencion de its y de cancer de cuello uterino",numero de mujeres con ivaa,2016-01-01,0,0,1,3,0,4
YAMPARAEZ,"anticoncepcion, prevencion de its y de cancer de cuello uterino",numero de mujeres con ivaa,2016-01-01,0,0,2,2,1,5
YAPACANI,"anticoncepcion, prevencion de its y de cancer de cuello uterino",numero de mujeres con ivaa,2016-01-01,1,13,40,16,4,74
ZUDAÑEZ,"anticoncepcion, prevencion de its y de cancer de cuello uterino",numero de mujeres con ivaa,2016-01-01,0,1,1,0,0,2
ACACIO,"anticoncepcion, prevencion de its y de cancer de cuello uterino",numero de mujeres con ivaa,2016-02-01,0,0,1,3,1,5
AIQUILE,"anticoncepcion, prevencion de its y de cancer de cuello uterino",numero de mujeres con ivaa,2016-02-01,0,1,5,2,1,9
ALCALA,"anticoncepcion, prevencion de its y de cancer de cuello uterino",numero de mujeres con ivaa,2016-02-01,0,0,18,17,2,37
ARAMPAMPA,"anticoncepcion, prevencion de its y de cancer de cuello uterino",numero de mujeres con ivaa,2016-02-01,1,1,2,2,0,6
AYOPAYA (V. DE INDEPENDENCIA),"anticoncepcion, prevencion de its y de cancer de cuello uterino",numero de mujeres con ivaa,2016-02-01,0,0,9,3,0,12
AZURDUY,"anticoncepcion, prevencion de its y de cancer de cuello uterino",numero de mujeres con ivaa,2016-02-01,0,3,3,6,1,13
BELLA FLOR,"anticoncepcion, prevencion de its y de cancer de cuello uterino",numero de mujeres con ivaa,2016-02-01,0,0,1,0,0,1
BERMEJO,"anticoncepcion, prevencion de its y de cancer de cuello uterino",numero de mujeres con ivaa,2016-02-01,0,0,20,9,5,34
BUENA VISTA,"anticoncepcion, prevencion de its y de cancer de cuello uterino",numero de mujeres con ivaa,2016-02-01,0,0,4,7,0,11
CAMARGO,"anticoncepcion, prevencion de its y de cancer de cuello uterino",numero de mujeres con ivaa,2016-02-01,0,0,0,3,0,3
CAMIRI,"anticoncepcion, prevencion de its y de cancer de cuello uterino",numero de mujeres con ivaa,2016-02-01,0,0,2,2,0,4
CAPINOTA,"anticoncepcion, prevencion de its y de cancer de cuello uterino",numero de mujeres con ivaa,2016-02-01,0,4,27,10,0,41
CARIPUYO,"anticoncepcion, prevencion de its y de cancer de cuello uterino",numero de mujeres con ivaa,2016-02-01,0,0,23,20,3,46
CKOCHAS,"anticoncepcion, prevencion de its y de cancer de cuello uterino",numero de mujeres con ivaa,2016-02-01,0,0,6,9,1,16
COBIJA,"anticoncepcion, prevencion de its y de cancer de cuello uterino",numero de mujeres con ivaa,2016-02-01,2,20,83,23,7,135
COCAPATA,"anticoncepcion, prevencion de its y de cancer de cuello uterino",numero de mujeres con ivaa,2016-02-01,0,2,3,2,0,7
COCHABAMBA,"anticoncepcion, prevencion de its y de cancer de cuello uterino",numero de mujeres con ivaa,2016-02-01,0,0,42,12,2,56
COMARAPA,"anticoncepcion, prevencion de its y de cancer de cuello uterino",numero de mujeres con ivaa,2016-02-01,0,2,10,6,4,22
CULPINA,"anticoncepcion, prevencion de its y de cancer de cuello uterino",numero de mujeres con ivaa,2016-02-01,0,2,10,17,6,35
CURAHUARA DE CARANGAS,"anticoncepcion, prevencion de its y de cancer de cuello uterino",numero de mujeres con ivaa,2016-02-01,0,0,1,0,0,1
EL ALTO,"anticoncepcion, prevencion de its y de cancer de cuello uterino",numero de mujeres con ivaa,2016-02-01,0,15,163,157,58,393
EL PUENTE(TJA),"anticoncepcion, prevencion de its y de cancer de cuello uterino",numero de mujeres con ivaa,2016-02-01,0,2,9,2,0,13
ENTRE RIOS CBBA,"anticoncepcion, prevencion de its y de cancer de cuello uterino",numero de mujeres con ivaa,2016-02-01,0,1,1,0,0,2
FILADELFIA,"anticoncepcion, prevencion de its y de cancer de cuello uterino",numero de mujeres con ivaa,2016-02-01,0,0,3,3,2,8
HUACARETA,"anticoncepcion, prevencion de its y de cancer de cuello uterino",numero de mujeres con ivaa,2016-02-01,0,0,1,3,2,6
HUANUNI,"anticoncepcion, prevencion de its y de cancer de cuello uterino",numero de mujeres con ivaa,2016-02-01,0,0,6,1,0,7
ICLA,"anticoncepcion, prevencion de its y de cancer de cuello uterino",numero de mujeres con ivaa,2016-02-01,0,0,9,22,12,43
LA PAZ,"anticoncepcion, prevencion de its y de cancer de cuello uterino",numero de mujeres con ivaa,2016-02-01,0,4,79,58,27,168
MACHACAMARCA,"anticoncepcion, prevencion de its y de cancer de cuello uterino",numero de mujeres con ivaa,2016-02-01,0,0,2,0,0,2
MACHARETI,"anticoncepcion, prevencion de its y de cancer de cuello uterino",numero de mujeres con ivaa,2016-02-01,0,0,6,3,0,9
MIZQUE,"anticoncepcion, prevencion de its y de cancer de cuello uterino",numero de mujeres con ivaa,2016-02-01,0,2,4,0,1,7
MONTEAGUDO,"anticoncepcion, prevencion de its y de cancer de cuello uterino",numero de mujeres con ivaa,2016-02-01,0,1,4,2,2,9
MONTERO,"anticoncepcion, prevencion de its y de cancer de cuello uterino",numero de mujeres con ivaa,2016-02-01,0,5,45,19,10,79
ORURO,"anticoncepcion, prevencion de its y de cancer de cuello uterino",numero de mujeres con ivaa,2016-02-01,0,8,74,30,6,118
PADCAYA,"anticoncepcion, prevencion de its y de cancer de cuello uterino",numero de mujeres con ivaa,2016-02-01,0,1,5,0,0,6
PADILLA,"anticoncepcion, prevencion de its y de cancer de cuello uterino",numero de mujeres con ivaa,2016-02-01,0,1,7,4,5,17
PORTACHUELO,"anticoncepcion, prevencion de its y de cancer de cuello uterino",numero de mujeres con ivaa,2016-02-01,0,0,4,3,0,7
PORVENIR,"anticoncepcion, prevencion de its y de cancer de cuello uterino",numero de mujeres con ivaa,2016-02-01,0,0,0,1,0,1
POTOSI,"anticoncepcion, prevencion de its y de cancer de cuello uterino",numero de mujeres con ivaa,2016-02-01,0,0,7,6,1,14
PUERTO GONZALO MORENO,"anticoncepcion, prevencion de its y de cancer de cuello uterino",numero de mujeres con ivaa,2016-02-01,0,0,4,0,0,4
PUERTO VILLARROEL,"anticoncepcion, prevencion de its y de cancer de cuello uterino",numero de mujeres con ivaa,2016-02-01,0,0,3,1,0,4
PUNA,"anticoncepcion, prevencion de its y de cancer de cuello uterino",numero de mujeres con ivaa,2016-02-01,0,0,0,1,4,5
PUNATA,"anticoncepcion, prevencion de its y de cancer de cuello uterino",numero de mujeres con ivaa,2016-02-01,0,0,4,7,1,12
QUILLACOLLO,"anticoncepcion, prevencion de its y de cancer de cuello uterino",numero de mujeres con ivaa,2016-02-01,0,0,3,5,0,8
RIBERALTA,"anticoncepcion, prevencion de its y de cancer de cuello uterino",numero de mujeres con ivaa,2016-02-01,0,1,35,22,5,63
SACACA,"anticoncepcion, prevencion de its y de cancer de cuello uterino",numero de mujeres con ivaa,2016-02-01,0,2,17,5,1,25
SALINAS DE GARCI MENDOZA,"anticoncepcion, prevencion de its y de cancer de cuello uterino",numero de mujeres con ivaa,2016-02-01,1,0,8,0,2,11
SAN CARLOS,"anticoncepcion, prevencion de its y de cancer de cuello uterino",numero de mujeres con ivaa,2016-02-01,0,2,0,2,0,4
SAN LUCAS,"anticoncepcion, prevencion de its y de cancer de cuello uterino",numero de mujeres con ivaa,2016-02-01,0,2,3,1,0,6
SAN PEDRO DE BUENA VISTA,"anticoncepcion, prevencion de its y de cancer de cuello uterino",numero de mujeres con ivaa,2016-02-01,0,3,6,10,0,19
SAN RAMON SCZ,"anticoncepcion, prevencion de its y de cancer de cuello uterino",numero de mujeres con ivaa,2016-02-01,0,3,10,14,2,29
SANTA CRUZ DE LA SIERRA,"anticoncepcion, prevencion de its y de cancer de cuello uterino",numero de mujeres con ivaa,2016-02-01,0,17,114,90,2,223
SANTIAGO DE HUARI,"anticoncepcion, prevencion de its y de cancer de cuello uterino",numero de mujeres con ivaa,2016-02-01,0,0,2,0,0,2
SHINAOTA,"anticoncepcion, prevencion de its y de cancer de cuello uterino",numero de mujeres con ivaa,2016-02-01,0,6,17,1,0,24
SIPE SIPE,"anticoncepcion, prevencion de its y de cancer de cuello uterino",numero de mujeres con ivaa,2016-02-01,0,1,12,7,1,21
SOPACHUY,"anticoncepcion, prevencion de its y de cancer de cuello uterino",numero de mujeres con ivaa,2016-02-01,0,2,18,19,6,45
SUCRE,"anticoncepcion, prevencion de its y de cancer de cuello uterino",numero de mujeres con ivaa,2016-02-01,0,0,17,16,6,39
TARIJA,"anticoncepcion, prevencion de its y de cancer de cuello uterino",numero de mujeres con ivaa,2016-02-01,0,2,15,10,5,32
TARVITA,"anticoncepcion, prevencion de its y de cancer de cuello uterino",numero de mujeres con ivaa,2016-02-01,1,6,9,16,3,35
TIRAQUE (CBBA),"anticoncepcion, prevencion de its y de cancer de cuello uterino",numero de mujeres con ivaa,2016-02-01,0,0,2,0,0,2
TORO TORO,"anticoncepcion, prevencion de its y de cancer de cuello uterino",numero de mujeres con ivaa,2016-02-01,1,19,34,18,4,76
TOTORA(CBBA),"anticoncepcion, prevencion de its y de cancer de cuello uterino",numero de mujeres con ivaa,2016-02-01,0,1,4,3,0,8
TRINIDAD,"anticoncepcion, prevencion de its y de cancer de cuello uterino",numero de mujeres con ivaa,2016-02-01,0,1,4,5,1,11
TUPIZA,"anticoncepcion, prevencion de its y de cancer de cuello uterino",numero de mujeres con ivaa,2016-02-01,0,0,3,3,1,7
VILLA CHARCAS,"anticoncepcion, prevencion de its y de cancer de cuello uterino",numero de mujeres con ivaa,2016-02-01,0,0,6,4,1,11
VILLA MONTES,"anticoncepcion, prevencion de its y de cancer de cuello uterino",numero de mujeres con ivaa,2016-02-01,1,10,84,37,16,148
VILLA VACA GUZMAN (MUYUPAMPA),"anticoncepcion, prevencion de its y de cancer de cuello uterino",numero de mujeres con ivaa,2016-02-01,0,1,4,2,0,7
VINTO,"anticoncepcion, prevencion de its y de cancer de cuello uterino",numero de mujeres con ivaa,2016-02-01,0,1,17,4,0,22
YACUIBA,"anticoncepcion, prevencion de its y de cancer de cuello uterino",numero de mujeres con ivaa,2016-02-01,0,0,5,10,1,16
YAMPARAEZ,"anticoncepcion, prevencion de its y de cancer de cuello uterino",numero de mujeres con ivaa,2016-02-01,0,0,0,4,0,4
YAPACANI,"anticoncepcion, prevencion de its y de cancer de cuello uterino",numero de mujeres con ivaa,2016-02-01,1,20,26,20,3,70
ZUDAÑEZ,"anticoncepcion, prevencion de its y de cancer de cuello uterino",numero de mujeres con ivaa,2016-02-01,0,0,6,2,1,9
ACACIO,"anticoncepcion, prevencion de its y de cancer de cuello uterino",numero de mujeres con ivaa,2016-03-01,0,2,3,4,1,10
AIQUILE,"anticoncepcion, prevencion de its y de cancer de cuello uterino",numero de mujeres con ivaa,2016-03-01,0,2,16,12,2,32
ARAMPAMPA,"anticoncepcion, prevencion de its y de cancer de cuello uterino",numero de mujeres con ivaa,2016-03-01,0,0,3,0,0,3
AYOPAYA (V. DE INDEPENDENCIA),"anticoncepcion, prevencion de its y de cancer de cuello uterino",numero de mujeres con ivaa,2016-03-01,0,4,7,6,0,17
AZURDUY,"anticoncepcion, prevencion de its y de cancer de cuello uterino",numero de mujeres con ivaa,2016-03-01,1,7,53,17,14,92
BERMEJO,"anticoncepcion, prevencion de its y de cancer de cuello uterino",numero de mujeres con ivaa,2016-03-01,0,4,34,13,5,56
BETANZOS,"anticoncepcion, prevencion de its y de cancer de cuello uterino",numero de mujeres con ivaa,2016-03-01,0,7,40,47,8,102
BUENA VISTA,"anticoncepcion, prevencion de its y de cancer de cuello uterino",numero de mujeres con ivaa,2016-03-01,0,0,1,5,0,6
"CAIZA ""D""","anticoncepcion, prevencion de its y de cancer de cuello uterino",numero de mujeres con ivaa,2016-03-01,0,0,2,2,1,5
CALACOTO,"anticoncepcion, prevencion de its y de cancer de cuello uterino",numero de mujeres con ivaa,2016-03-01,0,0,1,1,0,2
CAMARGO,"anticoncepcion, prevencion de its y de cancer de cuello uterino",numero de mujeres con ivaa,2016-03-01,0,1,3,0,0,4
CAMIRI,"anticoncepcion, prevencion de its y de cancer de cuello uterino",numero de mujeres con ivaa,2016-03-01,0,1,4,7,4,16
CAPINOTA,"anticoncepcion, prevencion de its y de cancer de cuello uterino",numero de mujeres con ivaa,2016-03-01,2,17,37,11,0,67
CARIPUYO,"anticoncepcion, prevencion de its y de cancer de cuello uterino",numero de mujeres con ivaa,2016-03-01,0,2,14,5,2,23
CHALLAPATA,"anticoncepcion, prevencion de its y de cancer de cuello uterino",numero de mujeres con ivaa,2016-03-01,0,2,11,1,0,14
CLIZA,"anticoncepcion, prevencion de its y de cancer de cuello uterino",numero de mujeres con ivaa,2016-03-01,0,0,1,0,0,1
COBIJA,"anticoncepcion, prevencion de its y de cancer de cuello uterino",numero de mujeres con ivaa,2016-03-01,0,16,73,43,9,141
COCAPATA,"anticoncepcion, prevencion de its y de cancer de cuello uterino",numero de mujeres con ivaa,2016-03-01,0,2,1,1,1,5
COCHABAMBA,"anticoncepcion, prevencion de its y de cancer de cuello uterino",numero de mujeres con ivaa,2016-03-01,0,1,37,79,32,149
COMARAPA,"anticoncepcion, prevencion de its y de cancer de cuello uterino",numero de mujeres con ivaa,2016-03-01,0,2,13,5,0,20
CULPINA,"anticoncepcion, prevencion de its y de cancer de cuello uterino",numero de mujeres con ivaa,2016-03-01,0,0,4,4,2,10
CURAHUARA DE CARANGAS,"anticoncepcion, prevencion de its y de cancer de cuello uterino",numero de mujeres con ivaa,2016-03-01,0,3,8,5,2,18
EL ALTO,"anticoncepcion, prevencion de its y de cancer de cuello uterino",numero de mujeres con ivaa,2016-03-01,0,18,263,212,69,562
EL PUENTE(TJA),"anticoncepcion, prevencion de its y de cancer de cuello uterino",numero de mujeres con ivaa,2016-03-01,0,5,5,6,0,16
ENTRE RIOS CBBA,"anticoncepcion, prevencion de its y de cancer de cuello uterino",numero de mujeres con ivaa,2016-03-01,0,0,5,0,0,5
EUREKA (SANTOS MERCADO),"anticoncepcion, prevencion de its y de cancer de cuello uterino",numero de mujeres con ivaa,2016-03-01,0,0,3,1,0,4
HUACARETA,"anticoncepcion, prevencion de its y de cancer de cuello uterino",numero de mujeres con ivaa,2016-03-01,0,1,9,4,0,14
HUANUNI,"anticoncepcion, prevencion de its y de cancer de cuello uterino",numero de mujeres con ivaa,2016-03-01,0,0,17,7,0,24
ICLA,"anticoncepcion, prevencion de its y de cancer de cuello uterino",numero de mujeres con ivaa,2016-03-01,0,1,36,41,16,94
LA PAZ,"anticoncepcion, prevencion de its y de cancer de cuello uterino",numero de mujeres con ivaa,2016-03-01,0,4,44,33,11,92
MACHARETI,"anticoncepcion, prevencion de its y de cancer de cuello uterino",numero de mujeres con ivaa,2016-03-01,0,0,2,6,0,8
MIZQUE,"anticoncepcion, prevencion de its y de cancer de cuello uterino",numero de mujeres con ivaa,2016-03-01,0,0,2,2,0,4
MOJOCOYA,"anticoncepcion, prevencion de its y de cancer de cuello uterino",numero de mujeres con ivaa,2016-03-01,0,1,6,7,1,15
MONTEAGUDO,"anticoncepcion, prevencion de its y de cancer de cuello uterino",numero de mujeres con ivaa,2016-03-01,0,1,19,19,0,39
MONTERO,"anticoncepcion, prevencion de its y de cancer de cuello uterino",numero de mujeres con ivaa,2016-03-01,1,15,78,25,18,137
ORURO,"anticoncepcion, prevencion de its y de cancer de cuello uterino",numero de mujeres con ivaa,2016-03-01,0,20,147,60,19,246
PADCAYA,"anticoncepcion, prevencion de its y de cancer de cuello uterino",numero de mujeres con ivaa,2016-03-01,0,3,16,17,9,45
PADILLA,"anticoncepcion, prevencion de its y de cancer de cuello uterino",numero de mujeres con ivaa,2016-03-01,0,1,15,14,5,35
POTOSI,"anticoncepcion, prevencion de its y de cancer de cuello uterino",numero de mujeres con ivaa,2016-03-01,0,2,24,15,6,47
PUERTO GONZALO MORENO,"anticoncepcion, prevencion de its y de cancer de cuello uterino",numero de mujeres con ivaa,2016-03-01,1,3,10,3,0,17
PUERTO RICO,"anticoncepcion, prevencion de its y de cancer de cuello uterino",numero de mujeres con ivaa,2016-03-01,0,0,1,1,0,2
PUERTO VILLARROEL,"anticoncepcion, prevencion de its y de cancer de cuello uterino",numero de mujeres con ivaa,2016-03-01,0,1,12,4,0,17
PUNA,"anticoncepcion, prevencion de its y de cancer de cuello uterino",numero de mujeres con ivaa,2016-03-01,0,0,0,1,0,1
PUNATA,"anticoncepcion, prevencion de its y de cancer de cuello uterino",numero de mujeres con ivaa,2016-03-01,0,0,9,8,4,21
QUILLACOLLO,"anticoncepcion, prevencion de its y de cancer de cuello uterino",numero de mujeres con ivaa,2016-03-01,0,2,5,4,0,11
RIBERALTA,"anticoncepcion, prevencion de its y de cancer de cuello uterino",numero de mujeres con ivaa,2016-03-01,0,4,49,79,13,145
SACABA,"anticoncepcion, prevencion de its y de cancer de cuello uterino",numero de mujeres con ivaa,2016-03-01,0,7,21,31,26,85
SACACA,"anticoncepcion, prevencion de its y de cancer de cuello uterino",numero de mujeres con ivaa,2016-03-01,0,3,19,16,3,41
SALINAS DE GARCI MENDOZA,"anticoncepcion, prevencion de its y de cancer de cuello uterino",numero de mujeres con ivaa,2016-03-01,0,0,11,5,5,21
SAN CARLOS,"anticoncepcion, prevencion de its y de cancer de cuello uterino",numero de mujeres con ivaa,2016-03-01,0,0,3,4,0,7
SAN LUCAS,"anticoncepcion, prevencion de its y de cancer de cuello uterino",numero de mujeres con ivaa,2016-03-01,0,4,39,25,2,70
SAN PEDRO DE BUENA VISTA,"anticoncepcion, prevencion de its y de cancer de cuello uterino",numero de mujeres con ivaa,2016-03-01,0,4,9,5,2,20
SAN RAMON SCZ,"anticoncepcion, prevencion de its y de cancer de cuello uterino",numero de mujeres con ivaa,2016-03-01,0,7,16,12,2,37
SANTA CRUZ DE LA SIERRA,"anticoncepcion, prevencion de its y de cancer de cuello uterino",numero de mujeres con ivaa,2016-03-01,1,33,151,105,1,291
SHINAOTA,"anticoncepcion, prevencion de its y de cancer de cuello uterino",numero de mujeres con ivaa,2016-03-01,0,6,25,2,0,33
SOPACHUY,"anticoncepcion, prevencion de its y de cancer de cuello uterino",numero de mujeres con ivaa,2016-03-01,0,0,7,2,0,9
SORACACHI,"anticoncepcion, prevencion de its y de cancer de cuello uterino",numero de mujeres con ivaa,2016-03-01,0,0,1,1,0,2
SUCRE,"anticoncepcion, prevencion de its y de cancer de cuello uterino",numero de mujeres con ivaa,2016-03-01,0,16,74,27,3,120
TARIJA,"anticoncepcion, prevencion de its y de cancer de cuello uterino",numero de mujeres con ivaa,2016-03-01,0,16,171,179,12,378
TARVITA,"anticoncepcion, prevencion de its y de cancer de cuello uterino",numero de mujeres con ivaa,2016-03-01,0,5,15,17,3,40
TIQUIPAYA,"anticoncepcion, prevencion de its y de cancer de cuello uterino",numero de mujeres con ivaa,2016-03-01,0,0,1,0,0,1
TIRAQUE (CBBA),"anticoncepcion, prevencion de its y de cancer de cuello uterino",numero de mujeres con ivaa,2016-03-01,0,4,9,1,0,14
TOLEDO,"anticoncepcion, prevencion de its y de cancer de cuello uterino",numero de mujeres con ivaa,2016-03-01,0,0,2,1,4,7
TORO TORO,"anticoncepcion, prevencion de its y de cancer de cuello uterino",numero de mujeres con ivaa,2016-03-01,0,7,35,18,5,65
TOTORA(CBBA),"anticoncepcion, prevencion de its y de cancer de cuello uterino",numero de mujeres con ivaa,2016-03-01,0,1,1,1,2,5
TRINIDAD,"anticoncepcion, prevencion de its y de cancer de cuello uterino",numero de mujeres con ivaa,2016-03-01,0,0,8,0,0,8
TUPIZA,"anticoncepcion, prevencion de its y de cancer de cuello uterino",numero de mujeres con ivaa,2016-03-01,0,1,3,3,1,8
VILLA CHARCAS,"anticoncepcion, prevencion de its y de cancer de cuello uterino",numero de mujeres con ivaa,2016-03-01,0,6,29,25,5,65
VILLA MONTES,"anticoncepcion, prevencion de its y de cancer de cuello uterino",numero de mujeres con ivaa,2016-03-01,0,5,60,31,13,109
VILLA TUNARI,"anticoncepcion, prevencion de its y de cancer de cuello uterino",numero de mujeres con ivaa,2016-03-01,0,0,3,2,0,5
VILLA VACA GUZMAN (MUYUPAMPA),"anticoncepcion, prevencion de its y de cancer de cuello uterino",numero de mujeres con ivaa,2016-03-01,0,0,16,16,10,42
VINTO,"anticoncepcion, prevencion de its y de cancer de cuello uterino",numero de mujeres con ivaa,2016-03-01,0,0,5,3,0,8
VITICHI,"anticoncepcion, prevencion de its y de cancer de cuello uterino",numero de mujeres con ivaa,2016-03-01,0,2,6,7,7,22
YACUIBA,"anticoncepcion, prevencion de its y de cancer de cuello uterino",numero de mujeres con ivaa,2016-03-01,0,0,2,4,0,6
YAMPARAEZ,"anticoncepcion, prevencion de its y de cancer de cuello uterino",numero de mujeres con ivaa,2016-03-01,0,0,3,4,0,7
YAPACANI,"anticoncepcion, prevencion de its y de cancer de cuello uterino",numero de mujeres con ivaa,2016-03-01,2,37,62,45,6,152
ZUDAÑEZ,"anticoncepcion, prevencion de its y de cancer de cuello uterino",numero de mujeres con ivaa,2016-03-01,0,1,7,5,0,13
ACACIO,"anticoncepcion, prevencion de its y de cancer de cuello uterino",numero de mujeres con ivaa,2016-04-01,0,0,0,3,0,3
AIQUILE,"anticoncepcion, prevencion de its y de cancer de cuello uterino",numero de mujeres con ivaa,2016-04-01,0,1,16,28,16,61
ANTEQUERA,"anticoncepcion, prevencion de its y de cancer de cuello uterino",numero de mujeres con ivaa,2016-04-01,0,0,2,2,3,7
ARAMPAMPA,"anticoncepcion, prevencion de its y de cancer de cuello uterino",numero de mujeres con ivaa,2016-04-01,0,2,5,2,0,9
AYOPAYA (V. DE INDEPENDENCIA),"anticoncepcion, prevencion de its y de cancer de cuello uterino",numero de mujeres con ivaa,2016-04-01,0,3,8,4,0,15
AZURDUY,"anticoncepcion, prevencion de its y de cancer de cuello uterino",numero de mujeres con ivaa,2016-04-01,0,5,34,36,20,95
BERMEJO,"anticoncepcion, prevencion de its y de cancer de cuello uterino",numero de mujeres con ivaa,2016-04-01,0,10,68,37,13,128
CALACOTO,"anticoncepcion, prevencion de its y de cancer de cuello uterino",numero de mujeres con ivaa,2016-04-01,0,0,1,1,1,3
CAMIRI,"anticoncepcion, prevencion de its y de cancer de cuello uterino",numero de mujeres con ivaa,2016-04-01,0,0,1,4,4,9
CAPINOTA,"anticoncepcion, prevencion de its y de cancer de cuello uterino",numero de mujeres con ivaa,2016-04-01,2,6,36,16,4,64
CARANGAS,"anticoncepcion, prevencion de its y de cancer de cuello uterino",numero de mujeres con ivaa,2016-04-01,0,0,0,1,0,1
CARIPUYO,"anticoncepcion, prevencion de its y de cancer de cuello uterino",numero de mujeres con ivaa,2016-04-01,0,2,6,3,0,11
CHALLAPATA,"anticoncepcion, prevencion de its y de cancer de cuello uterino",numero de mujeres con ivaa,2016-04-01,0,0,1,0,0,1
CKOCHAS,"anticoncepcion, prevencion de its y de cancer de cuello uterino",numero de mujeres con ivaa,2016-04-01,0,0,5,12,4,21
COBIJA,"anticoncepcion, prevencion de its y de cancer de cuello uterino",numero de mujeres con ivaa,2016-04-01,1,31,113,57,19,221
COCAPATA,"anticoncepcion, prevencion de its y de cancer de cuello uterino",numero de mujeres con ivaa,2016-04-01,0,2,1,2,0,5
COCHABAMBA,"anticoncepcion, prevencion de its y de cancer de cuello uterino",numero de mujeres con ivaa,2016-04-01,0,20,930,167,104,1221
COLCAPIRHUA,"anticoncepcion, prevencion de its y de cancer de cuello uterino",numero de mujeres con ivaa,2016-04-01,0,1,1,1,0,3
COMARAPA,"anticoncepcion, prevencion de its y de cancer de cuello uterino",numero de mujeres con ivaa,2016-04-01,0,1,7,9,4,21
CULPINA,"anticoncepcion, prevencion de its y de cancer de cuello uterino",numero de mujeres con ivaa,2016-04-01,0,0,0,1,0,1
CURAHUARA DE CARANGAS,"anticoncepcion, prevencion de its y de cancer de cuello uterino",numero de mujeres con ivaa,2016-04-01,0,0,5,1,5,11
EL ALTO,"anticoncepcion, prevencion de its y de cancer de cuello uterino",numero de mujeres con ivaa,2016-04-01,0,14,186,207,58,465
EL PUENTE(TJA),"anticoncepcion, prevencion de its y de cancer de cuello uterino",numero de mujeres con ivaa,2016-04-01,0,0,2,6,1,9
ENTRE RIOS CBBA,"anticoncepcion, prevencion de its y de cancer de cuello uterino",numero de mujeres con ivaa,2016-04-01,0,0,7,4,0,11
ESMERALDA,"anticoncepcion, prevencion de its y de cancer de cuello uterino",numero de mujeres con ivaa,2016-04-01,0,0,0,0,2,2
FILADELFIA,"anticoncepcion, prevencion de its y de cancer de cuello uterino",numero de mujeres con ivaa,2016-04-01,0,1,1,0,0,2
HUACARETA,"anticoncepcion, prevencion de its y de cancer de cuello uterino",numero de mujeres con ivaa,2016-04-01,0,4,14,13,4,35
HUANUNI,"anticoncepcion, prevencion de its y de cancer de cuello uterino",numero de mujeres con ivaa,2016-04-01,0,0,16,5,2,23
ICLA,"anticoncepcion, prevencion de its y de cancer de cuello uterino",numero de mujeres con ivaa,2016-04-01,0,3,31,46,23,103
INCAHUASI,"anticoncepcion, prevencion de its y de cancer de cuello uterino",numero de mujeres con ivaa,2016-04-01,0,2,27,20,5,54
LA PAZ,"anticoncepcion, prevencion de its y de cancer de cuello uterino",numero de mujeres con ivaa,2016-04-01,0,12,110,75,45,242
MACHACAMARCA,"anticoncepcion, prevencion de its y de cancer de cuello uterino",numero de mujeres con ivaa,2016-04-01,0,0,4,2,2,8
MACHARETI,"anticoncepcion, prevencion de its y de cancer de cuello uterino",numero de mujeres con ivaa,2016-04-01,0,0,1,2,0,3
MIZQUE,"anticoncepcion, prevencion de its y de cancer de cuello uterino",numero de mujeres con ivaa,2016-04-01,0,0,12,3,0,15
MOJOCOYA,"anticoncepcion, prevencion de its y de cancer de cuello uterino",numero de mujeres con ivaa,2016-04-01,0,0,8,6,4,18
MONTEAGUDO,"anticoncepcion, prevencion de its y de cancer de cuello uterino",numero de mujeres con ivaa,2016-04-01,1,1,3,11,2,18
MONTERO,"anticoncepcion, prevencion de its y de cancer de cuello uterino",numero de mujeres con ivaa,2016-04-01,0,15,61,35,9,120
NACEBE (SANTA ROSA DEL ABUNA),"anticoncepcion, prevencion de its y de cancer de cuello uterino",numero de mujeres con ivaa,2016-04-01,0,0,2,0,0,2
ORURO,"anticoncepcion, prevencion de its y de cancer de cuello uterino",numero de mujeres con ivaa,2016-04-01,1,21,249,156,37,464
PADCAYA,"anticoncepcion, prevencion de its y de cancer de cuello uterino",numero de mujeres con ivaa,2016-04-01,0,7,11,11,8,37
PADILLA,"anticoncepcion, prevencion de its y de cancer de cuello uterino",numero de mujeres con ivaa,2016-04-01,0,4,10,15,8,37
PORVENIR,"anticoncepcion, prevencion de its y de cancer de cuello uterino",numero de mujeres con ivaa,2016-04-01,0,0,0,0,1,1
POTOSI,"anticoncepcion, prevencion de its y de cancer de cuello uterino",numero de mujeres con ivaa,2016-04-01,0,0,22,28,18,68
PUERTO GONZALO MORENO,"anticoncepcion, prevencion de its y de cancer de cuello uterino",numero de mujeres con ivaa,2016-04-01,1,6,14,5,2,28
PUERTO RICO,"anticoncepcion, prevencion de its y de cancer de cuello uterino",numero de mujeres con ivaa,2016-04-01,0,1,3,2,0,6
PUNA,"anticoncepcion, prevencion de its y de cancer de cuello uterino",numero de mujeres con ivaa,2016-04-01,0,3,15,15,7,40
PUNATA,"anticoncepcion, prevencion de its y de cancer de cuello uterino",numero de mujeres con ivaa,2016-04-01,0,0,1,1,3,5
QUILLACOLLO,"anticoncepcion, prevencion de its y de cancer de cuello uterino",numero de mujeres con ivaa,2016-04-01,0,1,6,0,0,7
RIBERALTA,"anticoncepcion, prevencion de its y de cancer de cuello uterino",numero de mujeres con ivaa,2016-04-01,1,2,101,75,13,192
SACABA,"anticoncepcion, prevencion de its y de cancer de cuello uterino",numero de mujeres con ivaa,2016-04-01,0,5,35,33,4,77
SACACA,"anticoncepcion, prevencion de its y de cancer de cuello uterino",numero de mujeres con ivaa,2016-04-01,0,3,41,7,4,55
SALINAS DE GARCI MENDOZA,"anticoncepcion, prevencion de its y de cancer de cuello uterino",numero de mujeres con ivaa,2016-04-01,0,0,3,2,5,10
SAN CARLOS,"anticoncepcion, prevencion de its y de cancer de cuello uterino",numero de mujeres con ivaa,2016-04-01,0,0,9,6,3,18
SAN LUCAS,"anticoncepcion, prevencion de its y de cancer de cuello uterino",numero de mujeres con ivaa,2016-04-01,0,10,27,13,3,53
SAN PEDRO DE BUENA VISTA,"anticoncepcion, prevencion de its y de cancer de cuello uterino",numero de mujeres con ivaa,2016-04-01,0,5,15,7,0,27
SAN RAMON SCZ,"anticoncepcion, prevencion de its y de cancer de cuello uterino",numero de mujeres con ivaa,2016-04-01,0,3,12,5,3,23
SANTA CRUZ DE LA SIERRA,"anticoncepcion, prevencion de its y de cancer de cuello uterino",numero de mujeres con ivaa,2016-04-01,1,22,173,169,29,394
SANTIAGO DE HUARI,"anticoncepcion, prevencion de its y de cancer de cuello uterino",numero de mujeres con ivaa,2016-04-01,0,0,1,0,0,1
SHINAOTA,"anticoncepcion, prevencion de its y de cancer de cuello uterino",numero de mujeres con ivaa,2016-04-01,1,9,16,5,0,31
SIPE SIPE,"anticoncepcion, prevencion de its y de cancer de cuello uterino",numero de mujeres con ivaa,2016-04-01,0,2,9,4,0,15
SOPACHUY,"anticoncepcion, prevencion de its y de cancer de cuello uterino",numero de mujeres con ivaa,2016-04-01,0,2,6,5,2,15
SORACACHI,"anticoncepcion, prevencion de its y de cancer de cuello uterino",numero de mujeres con ivaa,2016-04-01,0,0,3,0,0,3
SUCRE,"anticoncepcion, prevencion de its y de cancer de cuello uterino",numero de mujeres con ivaa,2016-04-01,0,9,71,60,45,185
TARIJA,"anticoncepcion, prevencion de its y de cancer de cuello uterino",numero de mujeres con ivaa,2016-04-01,0,9,68,67,22,166
TARVITA,"anticoncepcion, prevencion de its y de cancer de cuello uterino",numero de mujeres con ivaa,2016-04-01,0,4,33,29,6,72
TIQUIPAYA,"anticoncepcion, prevencion de its y de cancer de cuello uterino",numero de mujeres con ivaa,2016-04-01,0,0,0,1,0,1
TIRAQUE (CBBA),"anticoncepcion, prevencion de its y de cancer de cuello uterino",numero de mujeres con ivaa,2016-04-01,0,3,4,3,0,10
TOLEDO,"anticoncepcion, prevencion de its y de cancer de cuello uterino",numero de mujeres con ivaa,2016-04-01,0,0,1,1,1,3
TORO TORO,"anticoncepcion, prevencion de its y de cancer de cuello uterino",numero de mujeres con ivaa,2016-04-01,0,8,32,19,5,64
TOTORA(CBBA),"anticoncepcion, prevencion de its y de cancer de cuello uterino",numero de mujeres con ivaa,2016-04-01,0,6,15,2,0,23
UNCIA,"anticoncepcion, prevencion de its y de cancer de cuello uterino",numero de mujeres con ivaa,2016-04-01,0,0,0,2,0,2
VILLA CHARCAS,"anticoncepcion, prevencion de its y de cancer de cuello uterino",numero de mujeres con ivaa,2016-04-01,0,1,4,3,0,8
VILLA MONTES,"anticoncepcion, prevencion de its y de cancer de cuello uterino",numero de mujeres con ivaa,2016-04-01,0,15,125,61,26,227
VILLA VACA GUZMAN (MUYUPAMPA),"anticoncepcion, prevencion de its y de cancer de cuello uterino",numero de mujeres con ivaa,2016-04-01,0,4,15,20,4,43
YACUIBA,"anticoncepcion, prevencion de its y de cancer de cuello uterino",numero de mujeres con ivaa,2016-04-01,0,0,2,2,1,5
YAMPARAEZ,"anticoncepcion, prevencion de its y de cancer de cuello uterino",numero de mujeres con ivaa,2016-04-01,0,4,9,12,3,28
YAPACANI,"anticoncepcion, prevencion de its y de cancer de cuello uterino",numero de mujeres con ivaa,2016-04-01,0,19,72,47,4,142
ZUDAÑEZ,"anticoncepcion, prevencion de its y de cancer de cuello uterino",numero de mujeres con ivaa,2016-04-01,0,0,8,3,0,11
ACACIO,"anticoncepcion, prevencion de its y de cancer de cuello uterino",numero de mujeres con ivaa,2016-05-01,0,1,6,5,0,12
AIQUILE,"anticoncepcion, prevencion de its y de cancer de cuello uterino",numero de mujeres con ivaa,2016-05-01,0,3,12,3,1,19
ANTEQUERA,"anticoncepcion, prevencion de its y de cancer de cuello uterino",numero de mujeres con ivaa,2016-05-01,0,0,2,0,0,2
ARAMPAMPA,"anticoncepcion, prevencion de its y de cancer de cuello uterino",numero de mujeres con ivaa,2016-05-01,0,3,9,14,0,26
AYOPAYA (V. DE INDEPENDENCIA),"anticoncepcion, prevencion de its y de cancer de cuello uterino",numero de mujeres con ivaa,2016-05-01,0,0,3,4,0,7
AZURDUY,"anticoncepcion, prevencion de its y de cancer de cuello uterino",numero de mujeres con ivaa,2016-05-01,0,18,69,48,9,144
BERMEJO,"anticoncepcion, prevencion de its y de cancer de cuello uterino",numero de mujeres con ivaa,2016-05-01,0,1,50,55,4,110
BUENA VISTA,"anticoncepcion, prevencion de its y de cancer de cuello uterino",numero de mujeres con ivaa,2016-05-01,0,0,6,12,1,19
CAMATAQUI (C. VILLA ABECIA),"anticoncepcion, prevencion de its y de cancer de cuello uterino",numero de mujeres con ivaa,2016-05-01,0,0,3,1,3,7
CAMIRI,"anticoncepcion, prevencion de its y de cancer de cuello uterino",numero de mujeres con ivaa,2016-05-01,0,0,1,3,3,7
CAPINOTA,"anticoncepcion, prevencion de its y de cancer de cuello uterino",numero de mujeres con ivaa,2016-05-01,0,12,43,12,3,70
CARANGAS,"anticoncepcion, prevencion de its y de cancer de cuello uterino",numero de mujeres con ivaa,2016-05-01,0,0,4,0,0,4
CHALLAPATA,"anticoncepcion, prevencion de its y de cancer de cuello uterino",numero de mujeres con ivaa,2016-05-01,0,0,8,6,1,15
CKOCHAS,"anticoncepcion, prevencion de its y de cancer de cuello uterino",numero de mujeres con ivaa,2016-05-01,0,1,10,15,5,31
CLIZA,"anticoncepcion, prevencion de its y de cancer de cuello uterino",numero de mujeres con ivaa,2016-05-01,0,0,0,1,0,1
COBIJA,"anticoncepcion, prevencion de its y de cancer de cuello uterino",numero de mujeres con ivaa,2016-05-01,0,36,262,147,34,479
COCHABAMBA,"anticoncepcion, prevencion de its y de cancer de cuello uterino",numero de mujeres con ivaa,2016-05-01,0,15,563,602,216,1396
COLCAPIRHUA,"anticoncepcion, prevencion de its y de cancer de cuello uterino",numero de mujeres con ivaa,2016-05-01,0,0,2,0,1,3
COMARAPA,"anticoncepcion, prevencion de its y de cancer de cuello uterino",numero de mujeres con ivaa,2016-05-01,0,2,18,16,2,38
CURAHUARA DE CARANGAS,"anticoncepcion, prevencion de its y de cancer de cuello uterino",numero de mujeres con ivaa,2016-05-01,0,0,1,2,1,4
EL ALTO,"anticoncepcion, prevencion de its y de cancer de cuello uterino",numero de mujeres con ivaa,2016-05-01,0,14,222,191,61,488
EL PUENTE(TJA),"anticoncepcion, prevencion de its y de cancer de cuello uterino",numero de mujeres con ivaa,2016-05-01,0,5,45,49,13,112
ENTRE RIOS CBBA,"anticoncepcion, prevencion de its y de cancer de cuello uterino",numero de mujeres con ivaa,2016-05-01,0,0,5,0,0,5
EUREKA (SANTOS MERCADO),"anticoncepcion, prevencion de its y de cancer de cuello uterino",numero de mujeres con ivaa,2016-05-01,0,1,1,1,2,5
FILADELFIA,"anticoncepcion, prevencion de its y de cancer de cuello uterino",numero de mujeres con ivaa,2016-05-01,0,0,7,1,1,9
HUACARETA,"anticoncepcion, prevencion de its y de cancer de cuello uterino",numero de mujeres con ivaa,2016-05-01,0,4,12,15,3,34
HUACAYA (VILLA DE HUACAYA),"anticoncepcion, prevencion de its y de cancer de cuello uterino",numero de mujeres con ivaa,2016-05-01,0,0,4,7,4,15
HUANUNI,"anticoncepcion, prevencion de its y de cancer de cuello uterino",numero de mujeres con ivaa,2016-05-01,0,0,19,12,5,36
ICLA,"anticoncepcion, prevencion de its y de cancer de cuello uterino",numero de mujeres con ivaa,2016-05-01,1,6,27,52,11,97
INGAVI (HUMAITA),"anticoncepcion, prevencion de its y de cancer de cuello uterino",numero de mujeres con ivaa,2016-05-01,0,1,15,6,1,23
LA PAZ,"anticoncepcion, prevencion de its y de cancer de cuello uterino",numero de mujeres con ivaa,2016-05-01,0,5,119,134,72,330
LLICA,"anticoncepcion, prevencion de its y de cancer de cuello uterino",numero de mujeres con ivaa,2016-05-01,0,0,18,7,7,32
MACHARETI,"anticoncepcion, prevencion de its y de cancer de cuello uterino",numero de mujeres con ivaa,2016-05-01,0,1,25,30,13,69
MIZQUE,"anticoncepcion, prevencion de its y de cancer de cuello uterino",numero de mujeres con ivaa,2016-05-01,0,8,17,31,5,61
MOJOCOYA,"anticoncepcion, prevencion de its y de cancer de cuello uterino",numero de mujeres con ivaa,2016-05-01,0,0,1,0,2,3
MONTEAGUDO,"anticoncepcion, prevencion de its y de cancer de cuello uterino",numero de mujeres con ivaa,2016-05-01,0,0,8,7,0,15
MONTERO,"anticoncepcion, prevencion de its y de cancer de cuello uterino",numero de mujeres con ivaa,2016-05-01,0,3,27,22,4,56
ORURO,"anticoncepcion, prevencion de its y de cancer de cuello uterino",numero de mujeres con ivaa,2016-05-01,0,16,172,92,49,329
PADCAYA,"anticoncepcion, prevencion de its y de cancer de cuello uterino",numero de mujeres con ivaa,2016-05-01,0,4,16,7,3,30
PADILLA,"anticoncepcion, prevencion de its y de cancer de cuello uterino",numero de mujeres con ivaa,2016-05-01,0,1,10,7,2,20
PATACAMAYA,"anticoncepcion, prevencion de its y de cancer de cuello uterino",numero de mujeres con ivaa,2016-05-01,0,0,1,0,0,1
PORVENIR,"anticoncepcion, prevencion de its y de cancer de cuello uterino",numero de mujeres con ivaa,2016-05-01,0,3,32,22,11,68
POTOSI,"anticoncepcion, prevencion de its y de cancer de cuello uterino",numero de mujeres con ivaa,2016-05-01,0,0,17,12,6,35
PUERTO GONZALO MORENO,"anticoncepcion, prevencion de its y de cancer de cuello uterino",numero de mujeres con ivaa,2016-05-01,0,7,6,3,0,16
PUERTO RICO,"anticoncepcion, prevencion de its y de cancer de cuello uterino",numero de mujeres con ivaa,2016-05-01,0,0,5,2,0,7
PUERTO VILLARROEL,"anticoncepcion, prevencion de its y de cancer de cuello uterino",numero de mujeres con ivaa,2016-05-01,0,1,12,2,0,15
PUNA,"anticoncepcion, prevencion de its y de cancer de cuello uterino",numero de mujeres con ivaa,2016-05-01,0,2,2,7,3,14
PUNATA,"anticoncepcion, prevencion de its y de cancer de cuello uterino",numero de mujeres con ivaa,2016-05-01,0,0,3,2,0,5
QUILLACOLLO,"anticoncepcion, prevencion de its y de cancer de cuello uterino",numero de mujeres con ivaa,2016-05-01,0,3,38,14,7,62
RIBERALTA,"anticoncepcion, prevencion de its y de cancer de cuello uterino",numero de mujeres con ivaa,2016-05-01,0,1,66,41,18,126
SACABA,"anticoncepcion, prevencion de its y de cancer de cuello uterino",numero de mujeres con ivaa,2016-05-01,0,1,21,24,0,46
SACACA,"anticoncepcion, prevencion de its y de cancer de cuello uterino",numero de mujeres con ivaa,2016-05-01,0,10,63,41,6,120
SAN BUENA VENTURA,"anticoncepcion, prevencion de its y de cancer de cuello uterino",numero de mujeres con ivaa,2016-05-01,0,4,37,16,5,62
SAN CARLOS,"anticoncepcion, prevencion de its y de cancer de cuello uterino",numero de mujeres con ivaa,2016-05-01,0,0,6,2,1,9
SAN IGNACIO DE VELASCO,"anticoncepcion, prevencion de its y de cancer de cuello uterino",numero de mujeres con ivaa,2016-05-01,0,0,1,0,0,1
SAN LORENZO(TJA),"anticoncepcion, prevencion de its y de cancer de cuello uterino",numero de mujeres con ivaa,2016-05-01,0,0,1,1,0,2
SAN LUCAS,"anticoncepcion, prevencion de its y de cancer de cuello uterino",numero de mujeres con ivaa,2016-05-01,1,8,26,23,9,67
SAN PEDRO DE BUENA VISTA,"anticoncepcion, prevencion de its y de cancer de cuello uterino",numero de mujeres con ivaa,2016-05-01,0,3,21,24,3,51
SAN RAMON SCZ,"anticoncepcion, prevencion de its y de cancer de cuello uterino",numero de mujeres con ivaa,2016-05-01,0,3,4,4,2,13
SANTA CRUZ DE LA SIERRA,"anticoncepcion, prevencion de its y de cancer de cuello uterino",numero de mujeres con ivaa,2016-05-01,0,12,103,91,2,208
SHINAOTA,"anticoncepcion, prevencion de its y de cancer de cuello uterino",numero de mujeres con ivaa,2016-05-01,0,5,3,1,0,9
SOPACHUY,"anticoncepcion, prevencion de its y de cancer de cuello uterino",numero de mujeres con ivaa,2016-05-01,0,4,9,8,1,22
SORACACHI,"anticoncepcion, prevencion de its y de cancer de cuello uterino",numero de mujeres con ivaa,2016-05-01,1,17,145,74,23,260
SUCRE,"anticoncepcion, prevencion de its y de cancer de cuello uterino",numero de mujeres con ivaa,2016-05-01,0,14,127,112,47,300
TARIJA,"anticoncepcion, prevencion de its y de cancer de cuello uterino",numero de mujeres con ivaa,2016-05-01,1,14,107,85,25,232
TARVITA,"anticoncepcion, prevencion de its y de cancer de cuello uterino",numero de mujeres con ivaa,2016-05-01,0,11,24,22,14,71
TIRAQUE (CBBA),"anticoncepcion, prevencion de its y de cancer de cuello uterino",numero de mujeres con ivaa,2016-05-01,0,4,10,1,0,15
TORO TORO,"anticoncepcion, prevencion de its y de cancer de cuello uterino",numero de mujeres con ivaa,2016-05-01,1,9,31,33,13,87
TOTORA(CBBA),"anticoncepcion, prevencion de its y de cancer de cuello uterino",numero de mujeres con ivaa,2016-05-01,0,10,14,6,0,30
TOTORA(ORR),"anticoncepcion, prevencion de its y de cancer de cuello uterino",numero de mujeres con ivaa,2016-05-01,0,1,5,4,3,13
TRINIDAD,"anticoncepcion, prevencion de its y de cancer de cuello uterino",numero de mujeres con ivaa,2016-05-01,0,0,1,1,1,3
UNCIA,"anticoncepcion, prevencion de its y de cancer de cuello uterino",numero de mujeres con ivaa,2016-05-01,1,7,142,60,34,244
URIONDO (A. CONCEPCION),"anticoncepcion, prevencion de its y de cancer de cuello uterino",numero de mujeres con ivaa,2016-05-01,0,1,0,0,0,1
VILLA CHARCAS,"anticoncepcion, prevencion de its y de cancer de cuello uterino",numero de mujeres con ivaa,2016-05-01,0,1,4,6,0,11
VILLA MONTES,"anticoncepcion, prevencion de its y de cancer de cuello uterino",numero de mujeres con ivaa,2016-05-01,1,34,191,90,35,351
VILLA TUNARI,"anticoncepcion, prevencion de its y de cancer de cuello uterino",numero de mujeres con ivaa,2016-05-01,0,0,1,0,0,1
VILLA VACA GUZMAN (MUYUPAMPA),"anticoncepcion, prevencion de its y de cancer de cuello uterino",numero de mujeres con ivaa,2016-05-01,0,1,5,0,0,6
VINTO,"anticoncepcion, prevencion de its y de cancer de cuello uterino",numero de mujeres con ivaa,2016-05-01,0,0,14,3,0,17
YACUIBA,"anticoncepcion, prevencion de its y de cancer de cuello uterino",numero de mujeres con ivaa,2016-05-01,0,2,39,59,22,122
YAMPARAEZ,"anticoncepcion, prevencion de its y de cancer de cuello uterino",numero de mujeres con ivaa,2016-05-01,0,2,5,4,0,11
YAPACANI,"anticoncepcion, prevencion de its y de cancer de cuello uterino",numero de mujeres con ivaa,2016-05-01,0,13,81,32,4,130
YUNCHARA,"anticoncepcion, prevencion de its y de cancer de cuello uterino",numero de mujeres con ivaa,2016-05-01,0,0,4,2,1,7
ZUDAÑEZ,"anticoncepcion, prevencion de its y de cancer de cuello uterino",numero de mujeres con ivaa,2016-05-01,1,6,15,10,2,34
ACACIO,"anticoncepcion, prevencion de its y de cancer de cuello uterino",numero de mujeres con ivaa,2016-06-01,1,5,8,12,7,33
AIQUILE,"anticoncepcion, prevencion de its y de cancer de cuello uterino",numero de mujeres con ivaa,2016-06-01,0,1,10,1,0,12
ANTEQUERA,"anticoncepcion, prevencion de its y de cancer de cuello uterino",numero de mujeres con ivaa,2016-06-01,0,0,1,5,2,8
ARAMPAMPA,"anticoncepcion, prevencion de its y de cancer de cuello uterino",numero de mujeres con ivaa,2016-06-01,0,0,2,1,0,3
AYOPAYA (V. DE INDEPENDENCIA),"anticoncepcion, prevencion de its y de cancer de cuello uterino",numero de mujeres con ivaa,2016-06-01,0,0,10,3,4,17
AZURDUY,"anticoncepcion, prevencion de its y de cancer de cuello uterino",numero de mujeres con ivaa,2016-06-01,0,2,25,26,1,54
BELLA FLOR,"anticoncepcion, prevencion de its y de cancer de cuello uterino",numero de mujeres con ivaa,2016-06-01,0,0,2,0,0,2
BERMEJO,"anticoncepcion, prevencion de its y de cancer de cuello uterino",numero de mujeres con ivaa,2016-06-01,0,9,125,86,26,246
BUENA VISTA,"anticoncepcion, prevencion de its y de cancer de cuello uterino",numero de mujeres con ivaa,2016-06-01,0,1,3,4,0,8
"CAIZA ""D""","anticoncepcion, prevencion de its y de cancer de cuello uterino",numero de mujeres con ivaa,2016-06-01,0,1,2,2,2,7
CAMARGO,"anticoncepcion, prevencion de its y de cancer de cuello uterino",numero de mujeres con ivaa,2016-06-01,0,3,15,18,7,43
CAMATAQUI (C. VILLA ABECIA),"anticoncepcion, prevencion de its y de cancer de cuello uterino",numero de mujeres con ivaa,2016-06-01,0,0,2,3,6,11
CAMIRI,"anticoncepcion, prevencion de its y de cancer de cuello uterino",numero de mujeres con ivaa,2016-06-01,0,0,11,2,6,19
CAPINOTA,"anticoncepcion, prevencion de its y de cancer de cuello uterino",numero de mujeres con ivaa,2016-06-01,0,10,44,18,1,73
CARIPUYO,"anticoncepcion, prevencion de its y de cancer de cuello uterino",numero de mujeres con ivaa,2016-06-01,0,4,13,20,0,37
CHALLAPATA,"anticoncepcion, prevencion de its y de cancer de cuello uterino",numero de mujeres con ivaa,2016-06-01,0,1,18,7,0,26
CKOCHAS,"anticoncepcion, prevencion de its y de cancer de cuello uterino",numero de mujeres con ivaa,2016-06-01,0,2,35,32,5,74
CLIZA,"anticoncepcion, prevencion de its y de cancer de cuello uterino",numero de mujeres con ivaa,2016-06-01,0,0,1,2,0,3
COBIJA,"anticoncepcion, prevencion de its y de cancer de cuello uterino",numero de mujeres con ivaa,2016-06-01,1,23,141,64,20,249
COCAPATA,"anticoncepcion, prevencion de its y de cancer de cuello uterino",numero de mujeres con ivaa,2016-06-01,0,0,2,1,0,3
COCHABAMBA,"anticoncepcion, prevencion de its y de cancer de cuello uterino",numero de mujeres con ivaa,2016-06-01,0,31,358,378,82,849
COMARAPA,"anticoncepcion, prevencion de its y de cancer de cuello uterino",numero de mujeres con ivaa,2016-06-01,0,0,14,9,2,25
CORO CORO,"anticoncepcion, prevencion de its y de cancer de cuello uterino",numero de mujeres con ivaa,2016-06-01,0,0,1,0,0,1
CULPINA,"anticoncepcion, prevencion de its y de cancer de cuello uterino",numero de mujeres con ivaa,2016-06-01,0,1,3,3,0,7
CURAHUARA DE CARANGAS,"anticoncepcion, prevencion de its y de cancer de cuello uterino",numero de mujeres con ivaa,2016-06-01,0,0,2,4,4,10
EL ALTO,"anticoncepcion, prevencion de its y de cancer de cuello uterino",numero de mujeres con ivaa,2016-06-01,0,4,159,236,52,451
EL PUENTE(TJA),"anticoncepcion, prevencion de its y de cancer de cuello uterino",numero de mujeres con ivaa,2016-06-01,0,1,34,22,13,70
ENTRE RIOS TRJ,"anticoncepcion, prevencion de its y de cancer de cuello uterino",numero de mujeres con ivaa,2016-06-01,0,1,4,3,0,8
ENTRE RIOS CBBA,"anticoncepcion, prevencion de its y de cancer de cuello uterino",numero de mujeres con ivaa,2016-06-01,0,0,1,2,0,3
EUCALIPTUS,"anticoncepcion, prevencion de its y de cancer de cuello uterino",numero de mujeres con ivaa,2016-06-01,0,0,6,8,2,16
EUREKA (SANTOS MERCADO),"anticoncepcion, prevencion de its y de cancer de cuello uterino",numero de mujeres con ivaa,2016-06-01,0,0,6,1,0,7
FILADELFIA,"anticoncepcion, prevencion de its y de cancer de cuello uterino",numero de mujeres con ivaa,2016-06-01,0,3,12,2,0,17
HUACARETA,"anticoncepcion, prevencion de its y de cancer de cuello uterino",numero de mujeres con ivaa,2016-06-01,0,1,8,6,0,15
HUACAYA (VILLA DE HUACAYA),"anticoncepcion, prevencion de its y de cancer de cuello uterino",numero de mujeres con ivaa,2016-06-01,0,2,12,11,1,26
HUANUNI,"anticoncepcion, prevencion de its y de cancer de cuello uterino",numero de mujeres con ivaa,2016-06-01,0,1,21,10,3,35
ICLA,"anticoncepcion, prevencion de its y de cancer de cuello uterino",numero de mujeres con ivaa,2016-06-01,0,3,10,21,11,45
LA PAZ,"anticoncepcion, prevencion de its y de cancer de cuello uterino",numero de mujeres con ivaa,2016-06-01,0,6,65,62,44,177
MACHACAMARCA,"anticoncepcion, prevencion de its y de cancer de cuello uterino",numero de mujeres con ivaa,2016-06-01,0,0,3,6,0,9
MACHARETI,"anticoncepcion, prevencion de its y de cancer de cuello uterino",numero de mujeres con ivaa,2016-06-01,0,0,1,0,0,1
MIZQUE,"anticoncepcion, prevencion de its y de cancer de cuello uterino",numero de mujeres con ivaa,2016-06-01,0,8,69,61,28,166
MOJOCOYA,"anticoncepcion, prevencion de its y de cancer de cuello uterino",numero de mujeres con ivaa,2016-06-01,0,0,0,2,0,2
MONTEAGUDO,"anticoncepcion, prevencion de its y de cancer de cuello uterino",numero de mujeres con ivaa,2016-06-01,0,3,41,41,2,87
MONTERO,"anticoncepcion, prevencion de its y de cancer de cuello uterino",numero de mujeres con ivaa,2016-06-01,0,4,30,15,4,53
NACEBE (SANTA ROSA DEL ABUNA),"anticoncepcion, prevencion de its y de cancer de cuello uterino",numero de mujeres con ivaa,2016-06-01,0,0,1,1,1,3
ORURO,"anticoncepcion, prevencion de its y de cancer de cuello uterino",numero de mujeres con ivaa,2016-06-01,2,19,256,132,56,465
PADCAYA,"anticoncepcion, prevencion de its y de cancer de cuello uterino",numero de mujeres con ivaa,2016-06-01,0,3,46,35,24,108
PADILLA,"anticoncepcion, prevencion de its y de cancer de cuello uterino",numero de mujeres con ivaa,2016-06-01,0,1,16,21,9,47
PORVENIR,"anticoncepcion, prevencion de its y de cancer de cuello uterino",numero de mujeres con ivaa,2016-06-01,1,3,15,10,2,31
POTOSI,"anticoncepcion, prevencion de its y de cancer de cuello uterino",numero de mujeres con ivaa,2016-06-01,0,1,7,22,9,39
PUERTO GONZALO MORENO,"anticoncepcion, prevencion de its y de cancer de cuello uterino",numero de mujeres con ivaa,2016-06-01,0,13,16,9,2,40
PUERTO RICO,"anticoncepcion, prevencion de its y de cancer de cuello uterino",numero de mujeres con ivaa,2016-06-01,0,0,39,24,7,70
PUERTO VILLARROEL,"anticoncepcion, prevencion de its y de cancer de cuello uterino",numero de mujeres con ivaa,2016-06-01,0,1,3,4,1,9
PUNA,"anticoncepcion, prevencion de its y de cancer de cuello uterino",numero de mujeres con ivaa,2016-06-01,0,0,4,6,0,10
PUNATA,"anticoncepcion, prevencion de its y de cancer de cuello uterino",numero de mujeres con ivaa,2016-06-01,0,2,14,11,6,33
QUILLACOLLO,"anticoncepcion, prevencion de its y de cancer de cuello uterino",numero de mujeres con ivaa,2016-06-01,0,1,3,4,0,8
RIBERALTA,"anticoncepcion, prevencion de its y de cancer de cuello uterino",numero de mujeres con ivaa,2016-06-01,0,10,145,121,38,314
SACABA,"anticoncepcion, prevencion de its y de cancer de cuello uterino",numero de mujeres con ivaa,2016-06-01,0,5,48,41,0,94
SACACA,"anticoncepcion, prevencion de its y de cancer de cuello uterino",numero de mujeres con ivaa,2016-06-01,0,14,28,20,3,65
SALINAS DE GARCI MENDOZA,"anticoncepcion, prevencion de its y de cancer de cuello uterino",numero de mujeres con ivaa,2016-06-01,0,1,2,1,0,4
SAN CARLOS,"anticoncepcion, prevencion de its y de cancer de cuello uterino",numero de mujeres con ivaa,2016-06-01,0,2,3,4,1,10
SAN IGNACIO DE VELASCO,"anticoncepcion, prevencion de its y de cancer de cuello uterino",numero de mujeres con ivaa,2016-06-01,0,1,0,0,0,1
SAN LUCAS,"anticoncepcion, prevencion de its y de cancer de cuello uterino",numero de mujeres con ivaa,2016-06-01,0,13,48,52,28,141
SAN PEDRO DE BUENA VISTA,"anticoncepcion, prevencion de its y de cancer de cuello uterino",numero de mujeres con ivaa,2016-06-01,0,4,12,8,3,27
SAN RAMON SCZ,"anticoncepcion, prevencion de its y de cancer de cuello uterino",numero de mujeres con ivaa,2016-06-01,0,0,11,1,0,12
SANTA CRUZ DE LA SIERRA,"anticoncepcion, prevencion de its y de cancer de cuello uterino",numero de mujeres con ivaa,2016-06-01,2,18,232,171,22,445
SANTUARIO DE QUILLACAS,"anticoncepcion, prevencion de its y de cancer de cuello uterino",numero de mujeres con ivaa,2016-06-01,0,0,12,7,3,22
SHINAOTA,"anticoncepcion, prevencion de its y de cancer de cuello uterino",numero de mujeres con ivaa,2016-06-01,0,1,4,1,0,6
SOPACHUY,"anticoncepcion, prevencion de its y de cancer de cuello uterino",numero de mujeres con ivaa,2016-06-01,0,2,3,5,0,10
SORACACHI,"anticoncepcion, prevencion de its y de cancer de cuello uterino",numero de mujeres con ivaa,2016-06-01,0,3,37,30,9,79
SUCRE,"anticoncepcion, prevencion de its y de cancer de cuello uterino",numero de mujeres con ivaa,2016-06-01,0,11,84,62,38,195
TARABUCO,"anticoncepcion, prevencion de its y de cancer de cuello uterino",numero de mujeres con ivaa,2016-06-01,0,0,2,3,5,10
TARIJA,"anticoncepcion, prevencion de its y de cancer de cuello uterino",numero de mujeres con ivaa,2016-06-01,0,19,267,131,58,475
TARVITA,"anticoncepcion, prevencion de its y de cancer de cuello uterino",numero de mujeres con ivaa,2016-06-01,2,14,33,40,13,102
TIRAQUE (CBBA),"anticoncepcion, prevencion de its y de cancer de cuello uterino",numero de mujeres con ivaa,2016-06-01,0,1,3,0,0,4
TORO TORO,"anticoncepcion, prevencion de its y de cancer de cuello uterino",numero de mujeres con ivaa,2016-06-01,0,11,42,43,13,109
TOTORA(ORR),"anticoncepcion, prevencion de its y de cancer de cuello uterino",numero de mujeres con ivaa,2016-06-01,0,0,1,1,0,2
TRINIDAD,"anticoncepcion, prevencion de its y de cancer de cuello uterino",numero de mujeres con ivaa,2016-06-01,0,1,3,1,0,5
VILLA CHARCAS,"anticoncepcion, prevencion de its y de cancer de cuello uterino",numero de mujeres con ivaa,2016-06-01,0,3,16,10,2,31
VILLA MONTES,"anticoncepcion, prevencion de its y de cancer de cuello uterino",numero de mujeres con ivaa,2016-06-01,1,43,210,102,39,395
VILLA TUNARI,"anticoncepcion, prevencion de its y de cancer de cuello uterino",numero de mujeres con ivaa,2016-06-01,0,0,1,0,0,1
VILLA VACA GUZMAN (MUYUPAMPA),"anticoncepcion, prevencion de its y de cancer de cuello uterino",numero de mujeres con ivaa,2016-06-01,0,0,0,2,0,2
YACUIBA,"anticoncepcion, prevencion de its y de cancer de cuello uterino",numero de mujeres con ivaa,2016-06-01,0,5,92,98,39,234
YAMPARAEZ,"anticoncepcion, prevencion de its y de cancer de cuello uterino",numero de mujeres con ivaa,2016-06-01,0,0,0,4,2,6
YAPACANI,"anticoncepcion, prevencion de its y de cancer de cuello uterino",numero de mujeres con ivaa,2016-06-01,1,8,60,35,7,111
YUNCHARA,"anticoncepcion, prevencion de its y de cancer de cuello uterino",numero de mujeres con ivaa,2016-06-01,0,2,26,38,21,87
ZUDAÑEZ,"anticoncepcion, prevencion de its y de cancer de cuello uterino",numero de mujeres con ivaa,2016-06-01,0,7,36,26,3,72
ACACIO,"anticoncepcion, prevencion de its y de cancer de cuello uterino",numero de mujeres con ivaa,2016-07-01,0,5,5,7,2,19
AIQUILE,"anticoncepcion, prevencion de its y de cancer de cuello uterino",numero de mujeres con ivaa,2016-07-01,0,1,10,13,2,26
ARAMPAMPA,"anticoncepcion, prevencion de its y de cancer de cuello uterino",numero de mujeres con ivaa,2016-07-01,0,1,3,2,0,6
AYOPAYA (V. DE INDEPENDENCIA),"anticoncepcion, prevencion de its y de cancer de cuello uterino",numero de mujeres con ivaa,2016-07-01,0,0,12,8,2,22
AZURDUY,"anticoncepcion, prevencion de its y de cancer de cuello uterino",numero de mujeres con ivaa,2016-07-01,0,4,13,14,3,34
BELLA FLOR,"anticoncepcion, prevencion de its y de cancer de cuello uterino",numero de mujeres con ivaa,2016-07-01,0,1,2,4,0,7
BERMEJO,"anticoncepcion, prevencion de its y de cancer de cuello uterino",numero de mujeres con ivaa,2016-07-01,0,5,18,18,3,44
BETANZOS,"anticoncepcion, prevencion de its y de cancer de cuello uterino",numero de mujeres con ivaa,2016-07-01,0,2,12,15,10,39
BOLPEBRA,"anticoncepcion, prevencion de its y de cancer de cuello uterino",numero de mujeres con ivaa,2016-07-01,0,3,9,8,4,24
BUENA VISTA,"anticoncepcion, prevencion de its y de cancer de cuello uterino",numero de mujeres con ivaa,2016-07-01,0,0,6,1,0,7
CAMATAQUI (C. VILLA ABECIA),"anticoncepcion, prevencion de its y de cancer de cuello uterino",numero de mujeres con ivaa,2016-07-01,0,0,3,0,2,5
CAMIRI,"anticoncepcion, prevencion de its y de cancer de cuello uterino",numero de mujeres con ivaa,2016-07-01,0,0,0,1,1,2
CAPINOTA,"anticoncepcion, prevencion de its y de cancer de cuello uterino",numero de mujeres con ivaa,2016-07-01,0,9,37,14,1,61
CARIPUYO,"anticoncepcion, prevencion de its y de cancer de cuello uterino",numero de mujeres con ivaa,2016-07-01,0,1,8,4,0,13
CHALLAPATA,"anticoncepcion, prevencion de its y de cancer de cuello uterino",numero de mujeres con ivaa,2016-07-01,0,0,0,1,0,1
CHIMORE,"anticoncepcion, prevencion de its y de cancer de cuello uterino",numero de mujeres con ivaa,2016-07-01,0,0,1,0,0,1
COBIJA,"anticoncepcion, prevencion de its y de cancer de cuello uterino",numero de mujeres con ivaa,2016-07-01,1,18,104,62,11,196
COCHABAMBA,"anticoncepcion, prevencion de its y de cancer de cuello uterino",numero de mujeres con ivaa,2016-07-01,0,38,667,147,3,855
COMARAPA,"anticoncepcion, prevencion de its y de cancer de cuello uterino",numero de mujeres con ivaa,2016-07-01,0,2,10,16,3,31
COTAGAITA,"anticoncepcion, prevencion de its y de cancer de cuello uterino",numero de mujeres con ivaa,2016-07-01,0,3,5,9,5,22
CURAHUARA DE CARANGAS,"anticoncepcion, prevencion de its y de cancer de cuello uterino",numero de mujeres con ivaa,2016-07-01,0,0,1,4,1,6
EL ALTO,"anticoncepcion, prevencion de its y de cancer de cuello uterino",numero de mujeres con ivaa,2016-07-01,0,13,227,226,56,522
EL PUENTE(TJA),"anticoncepcion, prevencion de its y de cancer de cuello uterino",numero de mujeres con ivaa,2016-07-01,0,1,13,16,2,32
ENTRE RIOS TRJ,"anticoncepcion, prevencion de its y de cancer de cuello uterino",numero de mujeres con ivaa,2016-07-01,0,0,2,2,0,4
ENTRE RIOS CBBA,"anticoncepcion, prevencion de its y de cancer de cuello uterino",numero de mujeres con ivaa,2016-07-01,0,0,1,0,0,1
EUREKA (SANTOS MERCADO),"anticoncepcion, prevencion de its y de cancer de cuello uterino",numero de mujeres con ivaa,2016-07-01,0,2,4,1,0,7
FILADELFIA,"anticoncepcion, prevencion de its y de cancer de cuello uterino",numero de mujeres con ivaa,2016-07-01,0,2,1,0,0,3
HUANUNI,"anticoncepcion, prevencion de its y de cancer de cuello uterino",numero de mujeres con ivaa,2016-07-01,0,6,61,64,20,151
ICLA,"anticoncepcion, prevencion de its y de cancer de cuello uterino",numero de mujeres con ivaa,2016-07-01,0,2,13,42,11,68
LA PAZ,"anticoncepcion, prevencion de its y de cancer de cuello uterino",numero de mujeres con ivaa,2016-07-01,0,10,98,90,32,230
MACHACAMARCA,"anticoncepcion, prevencion de its y de cancer de cuello uterino",numero de mujeres con ivaa,2016-07-01,0,0,6,2,0,8
MACHARETI,"anticoncepcion, prevencion de its y de cancer de cuello uterino",numero de mujeres con ivaa,2016-07-01,0,0,1,0,0,1
MIZQUE,"anticoncepcion, prevencion de its y de cancer de cuello uterino",numero de mujeres con ivaa,2016-07-01,0,3,16,14,2,35
MOJOCOYA,"anticoncepcion, prevencion de its y de cancer de cuello uterino",numero de mujeres con ivaa,2016-07-01,0,0,2,3,3,8
MONTEAGUDO,"anticoncepcion, prevencion de its y de cancer de cuello uterino",numero de mujeres con ivaa,2016-07-01,0,0,5,5,5,15
MONTERO,"anticoncepcion, prevencion de its y de cancer de cuello uterino",numero de mujeres con ivaa,2016-07-01,0,9,45,24,5,83
NACEBE (SANTA ROSA DEL ABUNA),"anticoncepcion, prevencion de its y de cancer de cuello uterino",numero de mujeres con ivaa,2016-07-01,0,1,1,2,0,4
ORURO,"anticoncepcion, prevencion de its y de cancer de cuello uterino",numero de mujeres con ivaa,2016-07-01,1,21,242,156,51,471
PADCAYA,"anticoncepcion, prevencion de its y de cancer de cuello uterino",numero de mujeres con ivaa,2016-07-01,0,4,21,24,13,62
PADILLA,"anticoncepcion, prevencion de its y de cancer de cuello uterino",numero de mujeres con ivaa,2016-07-01,0,3,7,10,1,21
POOPO,"anticoncepcion, prevencion de its y de cancer de cuello uterino",numero de mujeres con ivaa,2016-07-01,0,0,16,13,11,40
PORVENIR,"anticoncepcion, prevencion de its y de cancer de cuello uterino",numero de mujeres con ivaa,2016-07-01,0,1,7,2,3,13
POTOSI,"anticoncepcion, prevencion de its y de cancer de cuello uterino",numero de mujeres con ivaa,2016-07-01,0,7,16,4,4,31
PRESTO,"anticoncepcion, prevencion de its y de cancer de cuello uterino",numero de mujeres con ivaa,2016-07-01,0,0,1,3,3,7
PUERTO GONZALO MORENO,"anticoncepcion, prevencion de its y de cancer de cuello uterino",numero de mujeres con ivaa,2016-07-01,0,1,16,2,2,21
PUERTO RICO,"anticoncepcion, prevencion de its y de cancer de cuello uterino",numero de mujeres con ivaa,2016-07-01,0,0,5,2,2,9
PUNA,"anticoncepcion, prevencion de its y de cancer de cuello uterino",numero de mujeres con ivaa,2016-07-01,0,1,5,7,5,18
PUNATA,"anticoncepcion, prevencion de its y de cancer de cuello uterino",numero de mujeres con ivaa,2016-07-01,0,0,7,6,3,16
QUILLACOLLO,"anticoncepcion, prevencion de its y de cancer de cuello uterino",numero de mujeres con ivaa,2016-07-01,0,1,6,1,0,8
RIBERALTA,"anticoncepcion, prevencion de its y de cancer de cuello uterino",numero de mujeres con ivaa,2016-07-01,0,1,86,67,10,164
SACABA,"anticoncepcion, prevencion de its y de cancer de cuello uterino",numero de mujeres con ivaa,2016-07-01,0,3,29,23,24,79
SACACA,"anticoncepcion, prevencion de its y de cancer de cuello uterino",numero de mujeres con ivaa,2016-07-01,0,8,30,14,3,55
SALINAS DE GARCI MENDOZA,"anticoncepcion, prevencion de its y de cancer de cuello uterino",numero de mujeres con ivaa,2016-07-01,0,1,1,0,1,3
SAN CARLOS,"anticoncepcion, prevencion de its y de cancer de cuello uterino",numero de mujeres con ivaa,2016-07-01,0,2,5,4,1,12
SAN LORENZO(TJA),"anticoncepcion, prevencion de its y de cancer de cuello uterino",numero de mujeres con ivaa,2016-07-01,0,3,32,10,2,47
SAN LUCAS,"anticoncepcion, prevencion de its y de cancer de cuello uterino",numero de mujeres con ivaa,2016-07-01,0,5,45,36,5,91
SAN PEDRO DE BUENA VISTA,"anticoncepcion, prevencion de its y de cancer de cuello uterino",numero de mujeres con ivaa,2016-07-01,0,2,18,17,0,37
SAN RAMON SCZ,"anticoncepcion, prevencion de its y de cancer de cuello uterino",numero de mujeres con ivaa,2016-07-01,0,5,16,4,5,30
SANTA CRUZ DE LA SIERRA,"anticoncepcion, prevencion de its y de cancer de cuello uterino",numero de mujeres con ivaa,2016-07-01,2,22,191,120,29,364
SHINAOTA,"anticoncepcion, prevencion de its y de cancer de cuello uterino",numero de mujeres con ivaa,2016-07-01,0,1,5,1,0,7
SOPACHUY,"anticoncepcion, prevencion de its y de cancer de cuello uterino",numero de mujeres con ivaa,2016-07-01,0,0,2,1,1,4
SORACACHI,"anticoncepcion, prevencion de its y de cancer de cuello uterino",numero de mujeres con ivaa,2016-07-01,0,0,20,19,6,45
SUCRE,"anticoncepcion, prevencion de its y de cancer de cuello uterino",numero de mujeres con ivaa,2016-07-01,0,6,29,27,15,77
TARIJA,"anticoncepcion, prevencion de its y de cancer de cuello uterino",numero de mujeres con ivaa,2016-07-01,2,25,308,189,56,580
TARVITA,"anticoncepcion, prevencion de its y de cancer de cuello uterino",numero de mujeres con ivaa,2016-07-01,0,17,19,30,12,78
TIRAQUE (CBBA),"anticoncepcion, prevencion de its y de cancer de cuello uterino",numero de mujeres con ivaa,2016-07-01,0,0,0,1,0,1
TORO TORO,"anticoncepcion, prevencion de its y de cancer de cuello uterino",numero de mujeres con ivaa,2016-07-01,0,3,25,11,3,42
TOTORA(ORR),"anticoncepcion, prevencion de its y de cancer de cuello uterino",numero de mujeres con ivaa,2016-07-01,0,0,1,0,0,1
TRINIDAD,"anticoncepcion, prevencion de its y de cancer de cuello uterino",numero de mujeres con ivaa,2016-07-01,0,0,2,0,0,2
URIONDO (A. CONCEPCION),"anticoncepcion, prevencion de its y de cancer de cuello uterino",numero de mujeres con ivaa,2016-07-01,0,0,1,2,0,3
VILLA CHARCAS,"anticoncepcion, prevencion de its y de cancer de cuello uterino",numero de mujeres con ivaa,2016-07-01,0,0,10,9,1,20
VILLA MONTES,"anticoncepcion, prevencion de its y de cancer de cuello uterino",numero de mujeres con ivaa,2016-07-01,0,36,151,77,27,291
VILLA TUNARI,"anticoncepcion, prevencion de its y de cancer de cuello uterino",numero de mujeres con ivaa,2016-07-01,0,2,4,20,0,26
VILLA VACA GUZMAN (MUYUPAMPA),"anticoncepcion, prevencion de its y de cancer de cuello uterino",numero de mujeres con ivaa,2016-07-01,0,2,14,11,7,34
VITICHI,"anticoncepcion, prevencion de its y de cancer de cuello uterino",numero de mujeres con ivaa,2016-07-01,0,0,14,9,0,23
YACUIBA,"anticoncepcion, prevencion de its y de cancer de cuello uterino",numero de mujeres con ivaa,2016-07-01,0,12,106,82,36,236
YAMPARAEZ,"anticoncepcion, prevencion de its y de cancer de cuello uterino",numero de mujeres con ivaa,2016-07-01,0,2,6,18,4,30
YAPACANI,"anticoncepcion, prevencion de its y de cancer de cuello uterino",numero de mujeres con ivaa,2016-07-01,1,22,120,40,7,190
YUNCHARA,"anticoncepcion, prevencion de its y de cancer de cuello uterino",numero de mujeres con ivaa,2016-07-01,0,0,0,1,0,1
ZUDAÑEZ,"anticoncepcion, prevencion de its y de cancer de cuello uterino",numero de mujeres con ivaa,2016-07-01,1,5,4,4,3,17
ACACIO,"anticoncepcion, prevencion de its y de cancer de cuello uterino",numero de mujeres con ivaa,2016-08-01,0,5,3,3,1,12
AIQUILE,"anticoncepcion, prevencion de its y de cancer de cuello uterino",numero de mujeres con ivaa,2016-08-01,0,0,15,9,1,25
ANTEQUERA,"anticoncepcion, prevencion de its y de cancer de cuello uterino",numero de mujeres con ivaa,2016-08-01,0,0,1,0,1,2
ARAMPAMPA,"anticoncepcion, prevencion de its y de cancer de cuello uterino",numero de mujeres con ivaa,2016-08-01,1,2,18,15,1,37
AYOPAYA (V. DE INDEPENDENCIA),"anticoncepcion, prevencion de its y de cancer de cuello uterino",numero de mujeres con ivaa,2016-08-01,0,1,6,4,1,12
AZURDUY,"anticoncepcion, prevencion de its y de cancer de cuello uterino",numero de mujeres con ivaa,2016-08-01,0,2,14,17,1,34
BELLA FLOR,"anticoncepcion, prevencion de its y de cancer de cuello uterino",numero de mujeres con ivaa,2016-08-01,0,1,2,0,0,3
BERMEJO,"anticoncepcion, prevencion de its y de cancer de cuello uterino",numero de mujeres con ivaa,2016-08-01,0,1,15,5,3,24
BOLPEBRA,"anticoncepcion, prevencion de its y de cancer de cuello uterino",numero de mujeres con ivaa,2016-08-01,0,2,5,1,0,8
BUENA VISTA,"anticoncepcion, prevencion de its y de cancer de cuello uterino",numero de mujeres con ivaa,2016-08-01,0,4,17,5,3,29
"CAIZA ""D""","anticoncepcion, prevencion de its y de cancer de cuello uterino",numero de mujeres con ivaa,2016-08-01,0,1,5,4,1,11
CAMARGO,"anticoncepcion, prevencion de its y de cancer de cuello uterino",numero de mujeres con ivaa,2016-08-01,0,0,1,5,1,7
CAMATAQUI (C. VILLA ABECIA),"anticoncepcion, prevencion de its y de cancer de cuello uterino",numero de mujeres con ivaa,2016-08-01,0,3,2,3,3,11
CAMIRI,"anticoncepcion, prevencion de its y de cancer de cuello uterino",numero de mujeres con ivaa,2016-08-01,0,0,4,0,0,4
CAPINOTA,"anticoncepcion, prevencion de its y de cancer de cuello uterino",numero de mujeres con ivaa,2016-08-01,0,2,40,7,2,51
CARIPUYO,"anticoncepcion, prevencion de its y de cancer de cuello uterino",numero de mujeres con ivaa,2016-08-01,0,1,5,4,0,10
CHALLAPATA,"anticoncepcion, prevencion de its y de cancer de cuello uterino",numero de mujeres con ivaa,2016-08-01,0,0,1,0,0,1
CHIPAYA,"anticoncepcion, prevencion de its y de cancer de cuello uterino",numero de mujeres con ivaa,2016-08-01,1,0,7,9,1,18
CKOCHAS,"anticoncepcion, prevencion de its y de cancer de cuello uterino",numero de mujeres con ivaa,2016-08-01,0,0,3,5,2,10
CLIZA,"anticoncepcion, prevencion de its y de cancer de cuello uterino",numero de mujeres con ivaa,2016-08-01,0,0,0,0,1,1
COBIJA,"anticoncepcion, prevencion de its y de cancer de cuello uterino",numero de mujeres con ivaa,2016-08-01,1,26,113,60,9,209
COCAPATA,"anticoncepcion, prevencion de its y de cancer de cuello uterino",numero de mujeres con ivaa,2016-08-01,0,2,3,5,0,10
COCHABAMBA,"anticoncepcion, prevencion de its y de cancer de cuello uterino",numero de mujeres con ivaa,2016-08-01,1,31,460,333,105,930
COMARAPA,"anticoncepcion, prevencion de its y de cancer de cuello uterino",numero de mujeres con ivaa,2016-08-01,0,0,9,6,2,17
CRUZ DE MACHACAMARCA,"anticoncepcion, prevencion de its y de cancer de cuello uterino",numero de mujeres con ivaa,2016-08-01,0,1,2,0,2,5
CULPINA,"anticoncepcion, prevencion de its y de cancer de cuello uterino",numero de mujeres con ivaa,2016-08-01,0,0,4,9,1,14
CURAHUARA DE CARANGAS,"anticoncepcion, prevencion de its y de cancer de cuello uterino",numero de mujeres con ivaa,2016-08-01,0,0,6,2,1,9
EL ALTO,"anticoncepcion, prevencion de its y de cancer de cuello uterino",numero de mujeres con ivaa,2016-08-01,0,12,126,126,47,311
EL PUENTE(TJA),"anticoncepcion, prevencion de its y de cancer de cuello uterino",numero de mujeres con ivaa,2016-08-01,0,1,26,26,8,61
ENTRE RIOS TRJ,"anticoncepcion, prevencion de its y de cancer de cuello uterino",numero de mujeres con ivaa,2016-08-01,0,1,2,2,0,5
ENTRE RIOS CBBA,"anticoncepcion, prevencion de its y de cancer de cuello uterino",numero de mujeres con ivaa,2016-08-01,0,0,2,0,0,2
EUREKA (SANTOS MERCADO),"anticoncepcion, prevencion de its y de cancer de cuello uterino",numero de mujeres con ivaa,2016-08-01,0,4,11,5,0,20
FILADELFIA,"anticoncepcion, prevencion de its y de cancer de cuello uterino",numero de mujeres con ivaa,2016-08-01,0,0,1,2,0,3
HUACARETA,"anticoncepcion, prevencion de its y de cancer de cuello uterino",numero de mujeres con ivaa,2016-08-01,0,1,5,4,1,11
HUACAYA (VILLA DE HUACAYA),"anticoncepcion, prevencion de its y de cancer de cuello uterino",numero de mujeres con ivaa,2016-08-01,0,0,0,1,0,1
HUANUNI,"anticoncepcion, prevencion de its y de cancer de cuello uterino",numero de mujeres con ivaa,2016-08-01,0,7,84,75,27,193
HUAYLLAMARCA,"anticoncepcion, prevencion de its y de cancer de cuello uterino",numero de mujeres con ivaa,2016-08-01,0,2,15,21,9,47
ICLA,"anticoncepcion, prevencion de its y de cancer de cuello uterino",numero de mujeres con ivaa,2016-08-01,0,4,20,26,16,66
LA PAZ,"anticoncepcion, prevencion de its y de cancer de cuello uterino",numero de mujeres con ivaa,2016-08-01,0,12,54,44,15,125
MACHACAMARCA,"anticoncepcion, prevencion de its y de cancer de cuello uterino",numero de mujeres con ivaa,2016-08-01,0,0,4,3,0,7
MACHARETI,"anticoncepcion, prevencion de its y de cancer de cuello uterino",numero de mujeres con ivaa,2016-08-01,0,0,2,0,0,2
MIZQUE,"anticoncepcion, prevencion de its y de cancer de cuello uterino",numero de mujeres con ivaa,2016-08-01,0,1,12,10,11,34
MOJOCOYA,"anticoncepcion, prevencion de its y de cancer de cuello uterino",numero de mujeres con ivaa,2016-08-01,0,0,7,7,6,20
MONTEAGUDO,"anticoncepcion, prevencion de its y de cancer de cuello uterino",numero de mujeres con ivaa,2016-08-01,0,1,14,15,4,34
MONTERO,"anticoncepcion, prevencion de its y de cancer de cuello uterino",numero de mujeres con ivaa,2016-08-01,0,5,37,21,7,70
NACEBE (SANTA ROSA DEL ABUNA),"anticoncepcion, prevencion de its y de cancer de cuello uterino",numero de mujeres con ivaa,2016-08-01,0,1,5,1,1,8
ORURO,"anticoncepcion, prevencion de its y de cancer de cuello uterino",numero de mujeres con ivaa,2016-08-01,0,20,326,179,57,582
PADCAYA,"anticoncepcion, prevencion de its y de cancer de cuello uterino",numero de mujeres con ivaa,2016-08-01,0,4,32,19,18,73
PADILLA,"anticoncepcion, prevencion de its y de cancer de cuello uterino",numero de mujeres con ivaa,2016-08-01,0,0,7,10,2,19
PORTACHUELO,"anticoncepcion, prevencion de its y de cancer de cuello uterino",numero de mujeres con ivaa,2016-08-01,0,0,1,2,0,3
PORVENIR,"anticoncepcion, prevencion de its y de cancer de cuello uterino",numero de mujeres con ivaa,2016-08-01,0,0,9,5,0,14
POTOSI,"anticoncepcion, prevencion de its y de cancer de cuello uterino",numero de mujeres con ivaa,2016-08-01,1,3,93,189,123,409
PUERTO GONZALO MORENO,"anticoncepcion, prevencion de its y de cancer de cuello uterino",numero de mujeres con ivaa,2016-08-01,0,2,6,3,0,11
PUERTO SUAREZ,"anticoncepcion, prevencion de its y de cancer de cuello uterino",numero de mujeres con ivaa,2016-08-01,0,0,20,34,6,60
PUERTO VILLARROEL,"anticoncepcion, prevencion de its y de cancer de cuello uterino",numero de mujeres con ivaa,2016-08-01,0,0,7,5,0,12
PUNA,"anticoncepcion, prevencion de its y de cancer de cuello uterino",numero de mujeres con ivaa,2016-08-01,0,0,6,6,1,13
PUNATA,"anticoncepcion, prevencion de its y de cancer de cuello uterino",numero de mujeres con ivaa,2016-08-01,0,0,14,12,11,37
QUILLACOLLO,"anticoncepcion, prevencion de its y de cancer de cuello uterino",numero de mujeres con ivaa,2016-08-01,0,0,3,1,0,4
RIBERALTA,"anticoncepcion, prevencion de its y de cancer de cuello uterino",numero de mujeres con ivaa,2016-08-01,0,0,38,34,6,78
SACABA,"anticoncepcion, prevencion de its y de cancer de cuello uterino",numero de mujeres con ivaa,2016-08-01,0,3,34,19,10,66
SACACA,"anticoncepcion, prevencion de its y de cancer de cuello uterino",numero de mujeres con ivaa,2016-08-01,1,7,25,15,6,54
SALINAS DE GARCI MENDOZA,"anticoncepcion, prevencion de its y de cancer de cuello uterino",numero de mujeres con ivaa,2016-08-01,0,0,1,3,0,4
SAN CARLOS,"anticoncepcion, prevencion de its y de cancer de cuello uterino",numero de mujeres con ivaa,2016-08-01,0,1,6,2,1,10
SAN IGNACIO DE VELASCO,"anticoncepcion, prevencion de its y de cancer de cuello uterino",numero de mujeres con ivaa,2016-08-01,0,0,0,1,0,1
SAN LORENZO(PND),"anticoncepcion, prevencion de its y de cancer de cuello uterino",numero de mujeres con ivaa,2016-08-01,0,1,2,1,1,5
SAN LORENZO(TJA),"anticoncepcion, prevencion de its y de cancer de cuello uterino",numero de mujeres con ivaa,2016-08-01,0,0,1,1,0,2
SAN LUCAS,"anticoncepcion, prevencion de its y de cancer de cuello uterino",numero de mujeres con ivaa,2016-08-01,0,28,37,42,12,119
SAN PEDRO DE BUENA VISTA,"anticoncepcion, prevencion de its y de cancer de cuello uterino",numero de mujeres con ivaa,2016-08-01,0,25,118,87,13,243
SAN RAMON SCZ,"anticoncepcion, prevencion de its y de cancer de cuello uterino",numero de mujeres con ivaa,2016-08-01,0,1,9,6,2,18
SANTA CRUZ DE LA SIERRA,"anticoncepcion, prevencion de its y de cancer de cuello uterino",numero de mujeres con ivaa,2016-08-01,3,28,117,36,3,187
SANTIAGO DE HUARI,"anticoncepcion, prevencion de its y de cancer de cuello uterino",numero de mujeres con ivaa,2016-08-01,0,0,7,3,0,10
SHINAOTA,"anticoncepcion, prevencion de its y de cancer de cuello uterino",numero de mujeres con ivaa,2016-08-01,0,8,26,3,0,37
SOPACHUY,"anticoncepcion, prevencion de its y de cancer de cuello uterino",numero de mujeres con ivaa,2016-08-01,0,2,4,7,1,14
SORACACHI,"anticoncepcion, prevencion de its y de cancer de cuello uterino",numero de mujeres con ivaa,2016-08-01,0,1,8,3,3,15
SUCRE,"anticoncepcion, prevencion de its y de cancer de cuello uterino",numero de mujeres con ivaa,2016-08-01,0,10,70,47,25,152
TARIJA,"anticoncepcion, prevencion de its y de cancer de cuello uterino",numero de mujeres con ivaa,2016-08-01,0,19,265,187,61,532
TARVITA,"anticoncepcion, prevencion de its y de cancer de cuello uterino",numero de mujeres con ivaa,2016-08-01,0,14,22,19,14,69
TIQUIPAYA,"anticoncepcion, prevencion de its y de cancer de cuello uterino",numero de mujeres con ivaa,2016-08-01,0,1,3,0,0,4
TIRAQUE (CBBA),"anticoncepcion, prevencion de its y de cancer de cuello uterino",numero de mujeres con ivaa,2016-08-01,0,1,4,1,0,6
TOMINA,"anticoncepcion, prevencion de its y de cancer de cuello uterino",numero de mujeres con ivaa,2016-08-01,0,0,1,4,1,6
TORO TORO,"anticoncepcion, prevencion de its y de cancer de cuello uterino",numero de mujeres con ivaa,2016-08-01,0,3,22,17,0,42
TOTORA(ORR),"anticoncepcion, prevencion de its y de cancer de cuello uterino",numero de mujeres con ivaa,2016-08-01,0,0,3,2,1,6
TRINIDAD,"anticoncepcion, prevencion de its y de cancer de cuello uterino",numero de mujeres con ivaa,2016-08-01,0,0,0,1,0,1
UNCIA,"anticoncepcion, prevencion de its y de cancer de cuello uterino",numero de mujeres con ivaa,2016-08-01,0,0,0,2,3,5
URIONDO (A. CONCEPCION),"anticoncepcion, prevencion de its y de cancer de cuello uterino",numero de mujeres con ivaa,2016-08-01,0,5,13,15,3,36
VILLA CHARCAS,"anticoncepcion, prevencion de its y de cancer de cuello uterino",numero de mujeres con ivaa,2016-08-01,0,0,12,5,0,17
VILLA MONTES,"anticoncepcion, prevencion de its y de cancer de cuello uterino",numero de mujeres con ivaa,2016-08-01,0,46,149,81,24,300
VILLA VACA GUZMAN (MUYUPAMPA),"anticoncepcion, prevencion de its y de cancer de cuello uterino",numero de mujeres con ivaa,2016-08-01,0,1,0,0,0,1
YACUIBA,"anticoncepcion, prevencion de its y de cancer de cuello uterino",numero de mujeres con ivaa,2016-08-01,0,7,47,41,20,115
YAMPARAEZ,"anticoncepcion, prevencion de its y de cancer de cuello uterino",numero de mujeres con ivaa,2016-08-01,0,6,15,20,10,51
YAPACANI,"anticoncepcion, prevencion de its y de cancer de cuello uterino",numero de mujeres con ivaa,2016-08-01,0,10,65,46,10,131
YUNCHARA,"anticoncepcion, prevencion de its y de cancer de cuello uterino",numero de mujeres con ivaa,2016-08-01,0,0,10,3,2,15
ZUDAÑEZ,"anticoncepcion, prevencion de its y de cancer de cuello uterino",numero de mujeres con ivaa,2016-08-01,0,6,11,16,4,37
ACACIO,"anticoncepcion, prevencion de its y de cancer de cuello uterino",numero de mujeres con ivaa,2016-09-01,0,1,3,2,0,6
ACHACACHI,"anticoncepcion, prevencion de its y de cancer de cuello uterino",numero de mujeres con ivaa,2016-09-01,0,1,0,1,0,2
AIQUILE,"anticoncepcion, prevencion de its y de cancer de cuello uterino",numero de mujeres con ivaa,2016-09-01,0,0,10,9,1,20
ARAMPAMPA,"anticoncepcion, prevencion de its y de cancer de cuello uterino",numero de mujeres con ivaa,2016-09-01,0,1,10,11,0,22
AYOPAYA (V. DE INDEPENDENCIA),"anticoncepcion, prevencion de its y de cancer de cuello uterino",numero de mujeres con ivaa,2016-09-01,0,1,8,3,0,12
AZURDUY,"anticoncepcion, prevencion de its y de cancer de cuello uterino",numero de mujeres con ivaa,2016-09-01,0,10,94,61,22,187
BELLA FLOR,"anticoncepcion, prevencion de its y de cancer de cuello uterino",numero de mujeres con ivaa,2016-09-01,2,1,10,7,2,22
BERMEJO,"anticoncepcion, prevencion de its y de cancer de cuello uterino",numero de mujeres con ivaa,2016-09-01,0,2,29,36,7,74
BETANZOS,"anticoncepcion, prevencion de its y de cancer de cuello uterino",numero de mujeres con ivaa,2016-09-01,0,0,4,3,1,8
BOLPEBRA,"anticoncepcion, prevencion de its y de cancer de cuello uterino",numero de mujeres con ivaa,2016-09-01,0,0,2,0,0,2
BUENA VISTA,"anticoncepcion, prevencion de its y de cancer de cuello uterino",numero de mujeres con ivaa,2016-09-01,0,2,3,1,0,6
CAMARGO,"anticoncepcion, prevencion de its y de cancer de cuello uterino",numero de mujeres con ivaa,2016-09-01,0,0,0,2,0,2
CAMIRI,"anticoncepcion, prevencion de its y de cancer de cuello uterino",numero de mujeres con ivaa,2016-09-01,0,0,5,2,1,8
CAPINOTA,"anticoncepcion, prevencion de its y de cancer de cuello uterino",numero de mujeres con ivaa,2016-09-01,1,22,127,82,45,277
CARIPUYO,"anticoncepcion, prevencion de its y de cancer de cuello uterino",numero de mujeres con ivaa,2016-09-01,0,2,12,4,1,19
CHALLAPATA,"anticoncepcion, prevencion de its y de cancer de cuello uterino",numero de mujeres con ivaa,2016-09-01,0,1,4,5,1,11
CHIPAYA,"anticoncepcion, prevencion de its y de cancer de cuello uterino",numero de mujeres con ivaa,2016-09-01,0,1,0,0,0,1
CKOCHAS,"anticoncepcion, prevencion de its y de cancer de cuello uterino",numero de mujeres con ivaa,2016-09-01,0,0,4,5,1,10
COBIJA,"anticoncepcion, prevencion de its y de cancer de cuello uterino",numero de mujeres con ivaa,2016-09-01,5,37,134,62,14,252
COCAPATA,"anticoncepcion, prevencion de its y de cancer de cuello uterino",numero de mujeres con ivaa,2016-09-01,0,14,10,4,1,29
COCHABAMBA,"anticoncepcion, prevencion de its y de cancer de cuello uterino",numero de mujeres con ivaa,2016-09-01,0,32,472,147,124,775
COMARAPA,"anticoncepcion, prevencion de its y de cancer de cuello uterino",numero de mujeres con ivaa,2016-09-01,0,1,9,11,5,26
COTAGAITA,"anticoncepcion, prevencion de its y de cancer de cuello uterino",numero de mujeres con ivaa,2016-09-01,0,1,6,6,0,13
CURAHUARA DE CARANGAS,"anticoncepcion, prevencion de its y de cancer de cuello uterino",numero de mujeres con ivaa,2016-09-01,0,0,1,2,1,4
EL ALTO,"anticoncepcion, prevencion de its y de cancer de cuello uterino",numero de mujeres con ivaa,2016-09-01,0,16,139,146,63,364
EL PUENTE(TJA),"anticoncepcion, prevencion de its y de cancer de cuello uterino",numero de mujeres con ivaa,2016-09-01,0,1,29,37,12,79
ENTRE RIOS TRJ,"anticoncepcion, prevencion de its y de cancer de cuello uterino",numero de mujeres con ivaa,2016-09-01,0,0,7,6,1,14
ENTRE RIOS CBBA,"anticoncepcion, prevencion de its y de cancer de cuello uterino",numero de mujeres con ivaa,2016-09-01,0,0,2,1,0,3
FILADELFIA,"anticoncepcion, prevencion de its y de cancer de cuello uterino",numero de mujeres con ivaa,2016-09-01,0,1,2,0,0,3
HUACARETA,"anticoncepcion, prevencion de its y de cancer de cuello uterino",numero de mujeres con ivaa,2016-09-01,0,2,2,7,3,14
HUACAYA (VILLA DE HUACAYA),"anticoncepcion, prevencion de its y de cancer de cuello uterino",numero de mujeres con ivaa,2016-09-01,0,3,13,13,5,34
HUANUNI,"anticoncepcion, prevencion de its y de cancer de cuello uterino",numero de mujeres con ivaa,2016-09-01,0,2,45,13,5,65
HUAYLLAMARCA,"anticoncepcion, prevencion de its y de cancer de cuello uterino",numero de mujeres con ivaa,2016-09-01,0,1,9,21,4,35
ICLA,"anticoncepcion, prevencion de its y de cancer de cuello uterino",numero de mujeres con ivaa,2016-09-01,0,6,24,37,12,79
LA PAZ,"anticoncepcion, prevencion de its y de cancer de cuello uterino",numero de mujeres con ivaa,2016-09-01,1,7,50,38,16,112
LA RIVERA,"anticoncepcion, prevencion de its y de cancer de cuello uterino",numero de mujeres con ivaa,2016-09-01,0,1,3,0,0,4
MACHACAMARCA,"anticoncepcion, prevencion de its y de cancer de cuello uterino",numero de mujeres con ivaa,2016-09-01,0,2,6,5,1,14
MACHARETI,"anticoncepcion, prevencion de its y de cancer de cuello uterino",numero de mujeres con ivaa,2016-09-01,0,0,0,1,0,1
MIZQUE,"anticoncepcion, prevencion de its y de cancer de cuello uterino",numero de mujeres con ivaa,2016-09-01,0,0,2,9,2,13
MOJOCOYA,"anticoncepcion, prevencion de its y de cancer de cuello uterino",numero de mujeres con ivaa,2016-09-01,0,0,9,4,10,23
MONTEAGUDO,"anticoncepcion, prevencion de its y de cancer de cuello uterino",numero de mujeres con ivaa,2016-09-01,0,1,9,13,11,34
MONTERO,"anticoncepcion, prevencion de its y de cancer de cuello uterino",numero de mujeres con ivaa,2016-09-01,0,5,41,22,8,76
ORURO,"anticoncepcion, prevencion de its y de cancer de cuello uterino",numero de mujeres con ivaa,2016-09-01,0,21,312,193,70,596
PADCAYA,"anticoncepcion, prevencion de its y de cancer de cuello uterino",numero de mujeres con ivaa,2016-09-01,1,6,38,32,11,88
PADILLA,"anticoncepcion, prevencion de its y de cancer de cuello uterino",numero de mujeres con ivaa,2016-09-01,0,1,7,3,0,11
POOPO,"anticoncepcion, prevencion de its y de cancer de cuello uterino",numero de mujeres con ivaa,2016-09-01,0,8,75,48,15,146
PORVENIR,"anticoncepcion, prevencion de its y de cancer de cuello uterino",numero de mujeres con ivaa,2016-09-01,0,1,5,4,0,10
POTOSI,"anticoncepcion, prevencion de its y de cancer de cuello uterino",numero de mujeres con ivaa,2016-09-01,0,1,20,21,13,55
PUERTO GONZALO MORENO,"anticoncepcion, prevencion de its y de cancer de cuello uterino",numero de mujeres con ivaa,2016-09-01,1,3,6,1,0,11
PUERTO RICO,"anticoncepcion, prevencion de its y de cancer de cuello uterino",numero de mujeres con ivaa,2016-09-01,0,0,1,1,0,2
PUERTO SUAREZ,"anticoncepcion, prevencion de its y de cancer de cuello uterino",numero de mujeres con ivaa,2016-09-01,0,0,6,24,4,34
PUERTO VILLARROEL,"anticoncepcion, prevencion de its y de cancer de cuello uterino",numero de mujeres con ivaa,2016-09-01,0,3,7,4,1,15
PUNA,"anticoncepcion, prevencion de its y de cancer de cuello uterino",numero de mujeres con ivaa,2016-09-01,0,2,6,6,2,16
PUNATA,"anticoncepcion, prevencion de its y de cancer de cuello uterino",numero de mujeres con ivaa,2016-09-01,0,0,11,1,1,13
QUILLACOLLO,"anticoncepcion, prevencion de its y de cancer de cuello uterino",numero de mujeres con ivaa,2016-09-01,0,0,5,2,2,9
RIBERALTA,"anticoncepcion, prevencion de its y de cancer de cuello uterino",numero de mujeres con ivaa,2016-09-01,0,0,25,27,2,54
SACABA,"anticoncepcion, prevencion de its y de cancer de cuello uterino",numero de mujeres con ivaa,2016-09-01,0,11,57,58,11,137
SACACA,"anticoncepcion, prevencion de its y de cancer de cuello uterino",numero de mujeres con ivaa,2016-09-01,0,22,161,119,28,330
SALINAS DE GARCI MENDOZA,"anticoncepcion, prevencion de its y de cancer de cuello uterino",numero de mujeres con ivaa,2016-09-01,0,0,0,2,0,2
SAN CARLOS,"anticoncepcion, prevencion de its y de cancer de cuello uterino",numero de mujeres con ivaa,2016-09-01,0,1,4,0,0,5
SAN IGNACIO DE VELASCO,"anticoncepcion, prevencion de its y de cancer de cuello uterino",numero de mujeres con ivaa,2016-09-01,0,0,0,1,0,1
SAN LORENZO(TJA),"anticoncepcion, prevencion de its y de cancer de cuello uterino",numero de mujeres con ivaa,2016-09-01,1,7,44,44,29,125
SAN LUCAS,"anticoncepcion, prevencion de its y de cancer de cuello uterino",numero de mujeres con ivaa,2016-09-01,0,6,70,63,27,166
SAN PEDRO DE BUENA VISTA,"anticoncepcion, prevencion de its y de cancer de cuello uterino",numero de mujeres con ivaa,2016-09-01,6,31,131,97,8,273
SAN RAMON SCZ,"anticoncepcion, prevencion de its y de cancer de cuello uterino",numero de mujeres con ivaa,2016-09-01,0,2,6,3,0,11
SANTA CRUZ DE LA SIERRA,"anticoncepcion, prevencion de its y de cancer de cuello uterino",numero de mujeres con ivaa,2016-09-01,2,1,120,86,9,218
SHINAOTA,"anticoncepcion, prevencion de its y de cancer de cuello uterino",numero de mujeres con ivaa,2016-09-01,1,5,14,1,0,21
SOPACHUY,"anticoncepcion, prevencion de its y de cancer de cuello uterino",numero de mujeres con ivaa,2016-09-01,1,4,17,15,8,45
SORACACHI,"anticoncepcion, prevencion de its y de cancer de cuello uterino",numero de mujeres con ivaa,2016-09-01,0,0,13,6,1,20
SUCRE,"anticoncepcion, prevencion de its y de cancer de cuello uterino",numero de mujeres con ivaa,2016-09-01,0,10,94,91,23,218
TARIJA,"anticoncepcion, prevencion de its y de cancer de cuello uterino",numero de mujeres con ivaa,2016-09-01,1,59,215,160,51,486
TARVITA,"anticoncepcion, prevencion de its y de cancer de cuello uterino",numero de mujeres con ivaa,2016-09-01,1,16,46,41,13,117
TIQUIPAYA,"anticoncepcion, prevencion de its y de cancer de cuello uterino",numero de mujeres con ivaa,2016-09-01,0,0,1,0,0,1
TIRAQUE (CBBA),"anticoncepcion, prevencion de its y de cancer de cuello uterino",numero de mujeres con ivaa,2016-09-01,0,3,9,1,0,13
TORO TORO,"anticoncepcion, prevencion de its y de cancer de cuello uterino",numero de mujeres con ivaa,2016-09-01,0,17,28,23,14,82
TRINIDAD,"anticoncepcion, prevencion de its y de cancer de cuello uterino",numero de mujeres con ivaa,2016-09-01,0,9,75,44,1,129
UNCIA,"anticoncepcion, prevencion de its y de cancer de cuello uterino",numero de mujeres con ivaa,2016-09-01,0,1,6,7,6,20
URIONDO (A. CONCEPCION),"anticoncepcion, prevencion de its y de cancer de cuello uterino",numero de mujeres con ivaa,2016-09-01,0,6,18,23,8,55
VILLA CHARCAS,"anticoncepcion, prevencion de its y de cancer de cuello uterino",numero de mujeres con ivaa,2016-09-01,0,0,2,4,3,9
VILLA MONTES,"anticoncepcion, prevencion de its y de cancer de cuello uterino",numero de mujeres con ivaa,2016-09-01,1,22,99,60,18,200
VILLA TUNARI,"anticoncepcion, prevencion de its y de cancer de cuello uterino",numero de mujeres con ivaa,2016-09-01,0,1,0,1,0,2
VILLA VACA GUZMAN (MUYUPAMPA),"anticoncepcion, prevencion de its y de cancer de cuello uterino",numero de mujeres con ivaa,2016-09-01,0,2,3,8,2,15
YACUIBA,"anticoncepcion, prevencion de its y de cancer de cuello uterino",numero de mujeres con ivaa,2016-09-01,0,7,54,29,13,103
YAMPARAEZ,"anticoncepcion, prevencion de its y de cancer de cuello uterino",numero de mujeres con ivaa,2016-09-01,0,1,5,7,3,16
YAPACANI,"anticoncepcion, prevencion de its y de cancer de cuello uterino",numero de mujeres con ivaa,2016-09-01,0,9,45,24,11,89
YUNCHARA,"anticoncepcion, prevencion de its y de cancer de cuello uterino",numero de mujeres con ivaa,2016-09-01,0,2,14,21,9,46
ZUDAÑEZ,"anticoncepcion, prevencion de its y de cancer de cuello uterino",numero de mujeres con ivaa,2016-09-01,0,11,24,25,16,76
ACACIO,"anticoncepcion, prevencion de its y de cancer de cuello uterino",numero de mujeres con ivaa,2016-10-01,0,2,8,18,4,32
AIQUILE,"anticoncepcion, prevencion de its y de cancer de cuello uterino",numero de mujeres con ivaa,2016-10-01,0,2,14,8,1,25
ANTEQUERA,"anticoncepcion, prevencion de its y de cancer de cuello uterino",numero de mujeres con ivaa,2016-10-01,0,1,2,1,0,4
ARAMPAMPA,"anticoncepcion, prevencion de its y de cancer de cuello uterino",numero de mujeres con ivaa,2016-10-01,0,1,7,4,1,13
ARBIETO,"anticoncepcion, prevencion de its y de cancer de cuello uterino",numero de mujeres con ivaa,2016-10-01,1,4,17,7,0,29
AYOPAYA (V. DE INDEPENDENCIA),"anticoncepcion, prevencion de its y de cancer de cuello uterino",numero de mujeres con ivaa,2016-10-01,0,0,3,1,0,4
AZURDUY,"anticoncepcion, prevencion de its y de cancer de cuello uterino",numero de mujeres con ivaa,2016-10-01,0,3,15,14,2,34
BELLA FLOR,"anticoncepcion, prevencion de its y de cancer de cuello uterino",numero de mujeres con ivaa,2016-10-01,0,1,2,1,0,4
BERMEJO,"anticoncepcion, prevencion de its y de cancer de cuello uterino",numero de mujeres con ivaa,2016-10-01,0,2,45,22,13,82
BETANZOS,"anticoncepcion, prevencion de its y de cancer de cuello uterino",numero de mujeres con ivaa,2016-10-01,0,1,1,5,3,10
BOLPEBRA,"anticoncepcion, prevencion de its y de cancer de cuello uterino",numero de mujeres con ivaa,2016-10-01,0,0,2,1,1,4
BUENA VISTA,"anticoncepcion, prevencion de its y de cancer de cuello uterino",numero de mujeres con ivaa,2016-10-01,3,2,8,3,1,17
CAMARGO,"anticoncepcion, prevencion de its y de cancer de cuello uterino",numero de mujeres con ivaa,2016-10-01,1,34,84,101,35,255
CAMATAQUI (C. VILLA ABECIA),"anticoncepcion, prevencion de its y de cancer de cuello uterino",numero de mujeres con ivaa,2016-10-01,0,0,1,0,0,1
CAMIRI,"anticoncepcion, prevencion de its y de cancer de cuello uterino",numero de mujeres con ivaa,2016-10-01,0,0,2,6,1,9
CAPINOTA,"anticoncepcion, prevencion de its y de cancer de cuello uterino",numero de mujeres con ivaa,2016-10-01,1,9,32,20,1,63
CARIPUYO,"anticoncepcion, prevencion de its y de cancer de cuello uterino",numero de mujeres con ivaa,2016-10-01,0,1,4,0,0,5
CKOCHAS,"anticoncepcion, prevencion de its y de cancer de cuello uterino",numero de mujeres con ivaa,2016-10-01,0,1,33,22,2,58
CLIZA,"anticoncepcion, prevencion de its y de cancer de cuello uterino",numero de mujeres con ivaa,2016-10-01,0,0,0,1,0,1
COBIJA,"anticoncepcion, prevencion de its y de cancer de cuello uterino",numero de mujeres con ivaa,2016-10-01,1,19,107,40,12,179
COCAPATA,"anticoncepcion, prevencion de its y de cancer de cuello uterino",numero de mujeres con ivaa,2016-10-01,0,3,9,2,2,16
COCHABAMBA,"anticoncepcion, prevencion de its y de cancer de cuello uterino",numero de mujeres con ivaa,2016-10-01,0,24,137,656,135,952
COLOMI,"anticoncepcion, prevencion de its y de cancer de cuello uterino",numero de mujeres con ivaa,2016-10-01,0,6,19,9,0,34
COMARAPA,"anticoncepcion, prevencion de its y de cancer de cuello uterino",numero de mujeres con ivaa,2016-10-01,0,4,6,4,0,14
CURAHUARA DE CARANGAS,"anticoncepcion, prevencion de its y de cancer de cuello uterino",numero de mujeres con ivaa,2016-10-01,0,0,1,1,1,3
EL ALTO,"anticoncepcion, prevencion de its y de cancer de cuello uterino",numero de mujeres con ivaa,2016-10-01,0,16,129,211,24,380
EL PUENTE(TJA),"anticoncepcion, prevencion de its y de cancer de cuello uterino",numero de mujeres con ivaa,2016-10-01,0,1,8,9,6,24
ENTRE RIOS TRJ,"anticoncepcion, prevencion de its y de cancer de cuello uterino",numero de mujeres con ivaa,2016-10-01,0,2,2,1,1,6
FILADELFIA,"anticoncepcion, prevencion de its y de cancer de cuello uterino",numero de mujeres con ivaa,2016-10-01,0,2,7,3,0,12
GUAQUI,"anticoncepcion, prevencion de its y de cancer de cuello uterino",numero de mujeres con ivaa,2016-10-01,0,0,2,0,0,2
HUACARETA,"anticoncepcion, prevencion de its y de cancer de cuello uterino",numero de mujeres con ivaa,2016-10-01,0,3,17,6,3,29
HUANUNI,"anticoncepcion, prevencion de its y de cancer de cuello uterino",numero de mujeres con ivaa,2016-10-01,0,5,27,3,2,37
HUAYLLAMARCA,"anticoncepcion, prevencion de its y de cancer de cuello uterino",numero de mujeres con ivaa,2016-10-01,0,3,8,9,0,20
ICLA,"anticoncepcion, prevencion de its y de cancer de cuello uterino",numero de mujeres con ivaa,2016-10-01,0,4,7,9,2,22
LA PAZ,"anticoncepcion, prevencion de its y de cancer de cuello uterino",numero de mujeres con ivaa,2016-10-01,3,11,66,30,15,125
LA RIVERA,"anticoncepcion, prevencion de its y de cancer de cuello uterino",numero de mujeres con ivaa,2016-10-01,0,0,2,1,0,3
MACHARETI,"anticoncepcion, prevencion de its y de cancer de cuello uterino",numero de mujeres con ivaa,2016-10-01,0,0,1,0,0,1
MIZQUE,"anticoncepcion, prevencion de its y de cancer de cuello uterino",numero de mujeres con ivaa,2016-10-01,0,2,5,3,3,13
MONTEAGUDO,"anticoncepcion, prevencion de its y de cancer de cuello uterino",numero de mujeres con ivaa,2016-10-01,0,2,11,12,27,52
MONTERO,"anticoncepcion, prevencion de its y de cancer de cuello uterino",numero de mujeres con ivaa,2016-10-01,0,12,88,26,6,132
NACEBE (SANTA ROSA DEL ABUNA),"anticoncepcion, prevencion de its y de cancer de cuello uterino",numero de mujeres con ivaa,2016-10-01,0,0,3,1,0,4
ORURO,"anticoncepcion, prevencion de its y de cancer de cuello uterino",numero de mujeres con ivaa,2016-10-01,0,33,303,175,66,577
PADCAYA,"anticoncepcion, prevencion de its y de cancer de cuello uterino",numero de mujeres con ivaa,2016-10-01,0,9,34,21,8,72
PADILLA,"anticoncepcion, prevencion de its y de cancer de cuello uterino",numero de mujeres con ivaa,2016-10-01,0,1,8,15,3,27
PORVENIR,"anticoncepcion, prevencion de its y de cancer de cuello uterino",numero de mujeres con ivaa,2016-10-01,0,0,1,2,1,4
POTOSI,"anticoncepcion, prevencion de its y de cancer de cuello uterino",numero de mujeres con ivaa,2016-10-01,0,2,68,54,5,129
PUERTO GONZALO MORENO,"anticoncepcion, prevencion de its y de cancer de cuello uterino",numero de mujeres con ivaa,2016-10-01,0,2,9,4,0,15
PUERTO RICO,"anticoncepcion, prevencion de its y de cancer de cuello uterino",numero de mujeres con ivaa,2016-10-01,0,0,3,1,0,4
PUERTO VILLARROEL,"anticoncepcion, prevencion de its y de cancer de cuello uterino",numero de mujeres con ivaa,2016-10-01,1,1,3,0,1,6
PUNA,"anticoncepcion, prevencion de its y de cancer de cuello uterino",numero de mujeres con ivaa,2016-10-01,0,2,5,2,3,12
PUNATA,"anticoncepcion, prevencion de its y de cancer de cuello uterino",numero de mujeres con ivaa,2016-10-01,0,0,4,2,4,10
QUILLACOLLO,"anticoncepcion, prevencion de its y de cancer de cuello uterino",numero de mujeres con ivaa,2016-10-01,0,0,7,2,0,9
RAVELO,"anticoncepcion, prevencion de its y de cancer de cuello uterino",numero de mujeres con ivaa,2016-10-01,0,1,1,0,0,2
RIBERALTA,"anticoncepcion, prevencion de its y de cancer de cuello uterino",numero de mujeres con ivaa,2016-10-01,0,2,80,38,3,123
SACABA,"anticoncepcion, prevencion de its y de cancer de cuello uterino",numero de mujeres con ivaa,2016-10-01,0,8,41,25,2,76
SACACA,"anticoncepcion, prevencion de its y de cancer de cuello uterino",numero de mujeres con ivaa,2016-10-01,1,1,20,5,5,32
SALINAS DE GARCI MENDOZA,"anticoncepcion, prevencion de its y de cancer de cuello uterino",numero de mujeres con ivaa,2016-10-01,0,1,6,3,0,10
SAN CARLOS,"anticoncepcion, prevencion de its y de cancer de cuello uterino",numero de mujeres con ivaa,2016-10-01,0,0,6,1,0,7
SAN IGNACIO DE VELASCO,"anticoncepcion, prevencion de its y de cancer de cuello uterino",numero de mujeres con ivaa,2016-10-01,0,3,24,7,2,36
SAN LORENZO(PND),"anticoncepcion, prevencion de its y de cancer de cuello uterino",numero de mujeres con ivaa,2016-10-01,0,14,55,20,7,96
SAN LORENZO(TJA),"anticoncepcion, prevencion de its y de cancer de cuello uterino",numero de mujeres con ivaa,2016-10-01,0,2,33,26,7,68
SAN LUCAS,"anticoncepcion, prevencion de its y de cancer de cuello uterino",numero de mujeres con ivaa,2016-10-01,1,7,6,3,5,22
SAN PEDRO DE BUENA VISTA,"anticoncepcion, prevencion de its y de cancer de cuello uterino",numero de mujeres con ivaa,2016-10-01,0,25,75,68,2,170
SAN RAMON SCZ,"anticoncepcion, prevencion de its y de cancer de cuello uterino",numero de mujeres con ivaa,2016-10-01,0,3,10,8,0,21
SANTA CRUZ DE LA SIERRA,"anticoncepcion, prevencion de its y de cancer de cuello uterino",numero de mujeres con ivaa,2016-10-01,0,4,56,86,7,153
SANTIAGO DE HUARI,"anticoncepcion, prevencion de its y de cancer de cuello uterino",numero de mujeres con ivaa,2016-10-01,0,0,2,0,0,2
SHINAOTA,"anticoncepcion, prevencion de its y de cancer de cuello uterino",numero de mujeres con ivaa,2016-10-01,0,5,7,1,0,13
SOPACHUY,"anticoncepcion, prevencion de its y de cancer de cuello uterino",numero de mujeres con ivaa,2016-10-01,0,1,5,2,2,10
SORACACHI,"anticoncepcion, prevencion de its y de cancer de cuello uterino",numero de mujeres con ivaa,2016-10-01,0,0,4,1,1,6
SUCRE,"anticoncepcion, prevencion de its y de cancer de cuello uterino",numero de mujeres con ivaa,2016-10-01,1,4,70,47,20,142
TARIJA,"anticoncepcion, prevencion de its y de cancer de cuello uterino",numero de mujeres con ivaa,2016-10-01,0,41,467,335,113,956
TARVITA,"anticoncepcion, prevencion de its y de cancer de cuello uterino",numero de mujeres con ivaa,2016-10-01,0,11,28,36,29,104
TIQUIPAYA,"anticoncepcion, prevencion de its y de cancer de cuello uterino",numero de mujeres con ivaa,2016-10-01,0,0,2,0,0,2
TIRAQUE (CBBA),"anticoncepcion, prevencion de its y de cancer de cuello uterino",numero de mujeres con ivaa,2016-10-01,0,3,5,0,0,8
TORO TORO,"anticoncepcion, prevencion de its y de cancer de cuello uterino",numero de mujeres con ivaa,2016-10-01,1,3,29,33,19,85
TOTORA(CBBA),"anticoncepcion, prevencion de its y de cancer de cuello uterino",numero de mujeres con ivaa,2016-10-01,0,0,1,0,0,1
TRINIDAD,"anticoncepcion, prevencion de its y de cancer de cuello uterino",numero de mujeres con ivaa,2016-10-01,2,4,89,61,9,165
UNCIA,"anticoncepcion, prevencion de its y de cancer de cuello uterino",numero de mujeres con ivaa,2016-10-01,0,0,5,5,2,12
URIONDO (A. CONCEPCION),"anticoncepcion, prevencion de its y de cancer de cuello uterino",numero de mujeres con ivaa,2016-10-01,0,0,9,10,2,21
VILLA MONTES,"anticoncepcion, prevencion de its y de cancer de cuello uterino",numero de mujeres con ivaa,2016-10-01,0,27,156,99,24,306
VILLA TUNARI,"anticoncepcion, prevencion de its y de cancer de cuello uterino",numero de mujeres con ivaa,2016-10-01,0,1,0,0,0,1
VILLA VACA GUZMAN (MUYUPAMPA),"anticoncepcion, prevencion de its y de cancer de cuello uterino",numero de mujeres con ivaa,2016-10-01,0,2,3,7,1,13
VINTO,"anticoncepcion, prevencion de its y de cancer de cuello uterino",numero de mujeres con ivaa,2016-10-01,0,0,9,2,0,11
YACUIBA,"anticoncepcion, prevencion de its y de cancer de cuello uterino",numero de mujeres con ivaa,2016-10-01,1,1,33,23,6,64
YAMPARAEZ,"anticoncepcion, prevencion de its y de cancer de cuello uterino",numero de mujeres con ivaa,2016-10-01,0,2,8,8,1,19
YAPACANI,"anticoncepcion, prevencion de its y de cancer de cuello uterino",numero de mujeres con ivaa,2016-10-01,0,5,42,24,5,76
YOTALA,"anticoncepcion, prevencion de its y de cancer de cuello uterino",numero de mujeres con ivaa,2016-10-01,0,0,1,0,0,1
YUNCHARA,"anticoncepcion, prevencion de its y de cancer de cuello uterino",numero de mujeres con ivaa,2016-10-01,1,5,17,8,1,32
ZUDAÑEZ,"anticoncepcion, prevencion de its y de cancer de cuello uterino",numero de mujeres con ivaa,2016-10-01,0,1,8,5,3,17
ACACIO,"anticoncepcion, prevencion de its y de cancer de cuello uterino",numero de mujeres con ivaa,2016-11-01,0,2,7,11,7,27
AIQUILE,"anticoncepcion, prevencion de its y de cancer de cuello uterino",numero de mujeres con ivaa,2016-11-01,0,2,12,5,1,20
ANTEQUERA,"anticoncepcion, prevencion de its y de cancer de cuello uterino",numero de mujeres con ivaa,2016-11-01,0,0,1,0,1,2
ARAMPAMPA,"anticoncepcion, prevencion de its y de cancer de cuello uterino",numero de mujeres con ivaa,2016-11-01,0,0,2,0,0,2
ARBIETO,"anticoncepcion, prevencion de its y de cancer de cuello uterino",numero de mujeres con ivaa,2016-11-01,0,6,24,0,7,37
AYOPAYA (V. DE INDEPENDENCIA),"anticoncepcion, prevencion de its y de cancer de cuello uterino",numero de mujeres con ivaa,2016-11-01,0,0,6,0,2,8
AZURDUY,"anticoncepcion, prevencion de its y de cancer de cuello uterino",numero de mujeres con ivaa,2016-11-01,0,2,11,4,5,22
BELLA FLOR,"anticoncepcion, prevencion de its y de cancer de cuello uterino",numero de mujeres con ivaa,2016-11-01,0,0,1,0,0,1
BERMEJO,"anticoncepcion, prevencion de its y de cancer de cuello uterino",numero de mujeres con ivaa,2016-11-01,0,1,25,24,1,51
BOLPEBRA,"anticoncepcion, prevencion de its y de cancer de cuello uterino",numero de mujeres con ivaa,2016-11-01,0,0,2,1,1,4
BUENA VISTA,"anticoncepcion, prevencion de its y de cancer de cuello uterino",numero de mujeres con ivaa,2016-11-01,0,2,13,8,3,26
CAMARGO,"anticoncepcion, prevencion de its y de cancer de cuello uterino",numero de mujeres con ivaa,2016-11-01,0,1,15,15,4,35
CAMIRI,"anticoncepcion, prevencion de its y de cancer de cuello uterino",numero de mujeres con ivaa,2016-11-01,0,0,1,0,0,1
CAPINOTA,"anticoncepcion, prevencion de its y de cancer de cuello uterino",numero de mujeres con ivaa,2016-11-01,0,7,45,25,4,81
CARIPUYO,"anticoncepcion, prevencion de its y de cancer de cuello uterino",numero de mujeres con ivaa,2016-11-01,0,3,11,11,1,26
CHALLAPATA,"anticoncepcion, prevencion de its y de cancer de cuello uterino",numero de mujeres con ivaa,2016-11-01,0,0,0,1,0,1
CKOCHAS,"anticoncepcion, prevencion de its y de cancer de cuello uterino",numero de mujeres con ivaa,2016-11-01,0,3,13,13,4,33
CLIZA,"anticoncepcion, prevencion de its y de cancer de cuello uterino",numero de mujeres con ivaa,2016-11-01,0,0,6,0,1,7
COBIJA,"anticoncepcion, prevencion de its y de cancer de cuello uterino",numero de mujeres con ivaa,2016-11-01,1,33,89,36,7,166
COCAPATA,"anticoncepcion, prevencion de its y de cancer de cuello uterino",numero de mujeres con ivaa,2016-11-01,0,0,4,1,1,6
COCHABAMBA,"anticoncepcion, prevencion de its y de cancer de cuello uterino",numero de mujeres con ivaa,2016-11-01,0,30,451,227,49,757
COLOMI,"anticoncepcion, prevencion de its y de cancer de cuello uterino",numero de mujeres con ivaa,2016-11-01,0,4,5,3,1,13
COMARAPA,"anticoncepcion, prevencion de its y de cancer de cuello uterino",numero de mujeres con ivaa,2016-11-01,0,0,8,7,2,17
CONCEPCION,"anticoncepcion, prevencion de its y de cancer de cuello uterino",numero de mujeres con ivaa,2016-11-01,0,1,10,10,0,21
CULPINA,"anticoncepcion, prevencion de its y de cancer de cuello uterino",numero de mujeres con ivaa,2016-11-01,0,0,0,1,0,1
CURAHUARA DE CARANGAS,"anticoncepcion, prevencion de its y de cancer de cuello uterino",numero de mujeres con ivaa,2016-11-01,0,0,1,2,0,3
EL ALTO,"anticoncepcion, prevencion de its y de cancer de cuello uterino",numero de mujeres con ivaa,2016-11-01,0,9,135,149,59,352
EL PUENTE(TJA),"anticoncepcion, prevencion de its y de cancer de cuello uterino",numero de mujeres con ivaa,2016-11-01,0,3,35,47,11,96
ENTRE RIOS CBBA,"anticoncepcion, prevencion de its y de cancer de cuello uterino",numero de mujeres con ivaa,2016-11-01,0,0,1,0,0,1
FILADELFIA,"anticoncepcion, prevencion de its y de cancer de cuello uterino",numero de mujeres con ivaa,2016-11-01,0,2,4,3,1,10
HUACARETA,"anticoncepcion, prevencion de its y de cancer de cuello uterino",numero de mujeres con ivaa,2016-11-01,0,13,49,22,16,100
HUACAYA (VILLA DE HUACAYA),"anticoncepcion, prevencion de its y de cancer de cuello uterino",numero de mujeres con ivaa,2016-11-01,0,1,2,0,0,3
HUANUNI,"anticoncepcion, prevencion de its y de cancer de cuello uterino",numero de mujeres con ivaa,2016-11-01,0,1,17,1,1,20
HUAYLLAMARCA,"anticoncepcion, prevencion de its y de cancer de cuello uterino",numero de mujeres con ivaa,2016-11-01,0,2,14,17,6,39
ICLA,"anticoncepcion, prevencion de its y de cancer de cuello uterino",numero de mujeres con ivaa,2016-11-01,0,4,41,17,5,67
LA PAZ,"anticoncepcion, prevencion de its y de cancer de cuello uterino",numero de mujeres con ivaa,2016-11-01,0,10,113,64,24,211
MACHACAMARCA,"anticoncepcion, prevencion de its y de cancer de cuello uterino",numero de mujeres con ivaa,2016-11-01,0,2,4,2,1,9
MIZQUE,"anticoncepcion, prevencion de its y de cancer de cuello uterino",numero de mujeres con ivaa,2016-11-01,1,5,58,68,52,184
MOJOCOYA,"anticoncepcion, prevencion de its y de cancer de cuello uterino",numero de mujeres con ivaa,2016-11-01,0,1,8,1,3,13
MONTERO,"anticoncepcion, prevencion de its y de cancer de cuello uterino",numero de mujeres con ivaa,2016-11-01,0,5,51,17,8,81
ORURO,"anticoncepcion, prevencion de its y de cancer de cuello uterino",numero de mujeres con ivaa,2016-11-01,1,14,231,100,41,387
PADCAYA,"anticoncepcion, prevencion de its y de cancer de cuello uterino",numero de mujeres con ivaa,2016-11-01,1,8,56,33,21,119
PADILLA,"anticoncepcion, prevencion de its y de cancer de cuello uterino",numero de mujeres con ivaa,2016-11-01,0,7,42,25,14,88
PAZÑA,"anticoncepcion, prevencion de its y de cancer de cuello uterino",numero de mujeres con ivaa,2016-11-01,0,0,7,0,0,7
PORVENIR,"anticoncepcion, prevencion de its y de cancer de cuello uterino",numero de mujeres con ivaa,2016-11-01,0,0,4,0,0,4
POTOSI,"anticoncepcion, prevencion de its y de cancer de cuello uterino",numero de mujeres con ivaa,2016-11-01,0,1,10,13,3,27
PUERTO GONZALO MORENO,"anticoncepcion, prevencion de its y de cancer de cuello uterino",numero de mujeres con ivaa,2016-11-01,0,2,8,2,1,13
PUERTO RICO,"anticoncepcion, prevencion de its y de cancer de cuello uterino",numero de mujeres con ivaa,2016-11-01,0,0,2,0,0,2
PUERTO VILLARROEL,"anticoncepcion, prevencion de its y de cancer de cuello uterino",numero de mujeres con ivaa,2016-11-01,0,1,4,1,1,7
PUNATA,"anticoncepcion, prevencion de its y de cancer de cuello uterino",numero de mujeres con ivaa,2016-11-01,0,3,5,1,2,11
QUILLACOLLO,"anticoncepcion, prevencion de its y de cancer de cuello uterino",numero de mujeres con ivaa,2016-11-01,0,6,21,6,1,34
RAVELO,"anticoncepcion, prevencion de its y de cancer de cuello uterino",numero de mujeres con ivaa,2016-11-01,0,0,0,1,0,1
RIBERALTA,"anticoncepcion, prevencion de its y de cancer de cuello uterino",numero de mujeres con ivaa,2016-11-01,1,3,12,11,7,34
SACABA,"anticoncepcion, prevencion de its y de cancer de cuello uterino",numero de mujeres con ivaa,2016-11-01,0,2,24,23,12,61
SACABAMBA,"anticoncepcion, prevencion de its y de cancer de cuello uterino",numero de mujeres con ivaa,2016-11-01,0,0,10,2,1,13
SACACA,"anticoncepcion, prevencion de its y de cancer de cuello uterino",numero de mujeres con ivaa,2016-11-01,0,4,22,15,2,43
SALINAS DE GARCI MENDOZA,"anticoncepcion, prevencion de its y de cancer de cuello uterino",numero de mujeres con ivaa,2016-11-01,0,1,3,1,0,5
SAN CARLOS,"anticoncepcion, prevencion de its y de cancer de cuello uterino",numero de mujeres con ivaa,2016-11-01,0,1,0,0,0,1
SAN IGNACIO DE VELASCO,"anticoncepcion, prevencion de its y de cancer de cuello uterino",numero de mujeres con ivaa,2016-11-01,0,8,55,24,4,91
SAN LORENZO(PND),"anticoncepcion, prevencion de its y de cancer de cuello uterino",numero de mujeres con ivaa,2016-11-01,0,0,1,1,0,2
SAN LORENZO(TJA),"anticoncepcion, prevencion de its y de cancer de cuello uterino",numero de mujeres con ivaa,2016-11-01,0,0,8,12,3,23
SAN LUCAS,"anticoncepcion, prevencion de its y de cancer de cuello uterino",numero de mujeres con ivaa,2016-11-01,0,1,3,2,2,8
SAN PEDRO DE BUENA VISTA,"anticoncepcion, prevencion de its y de cancer de cuello uterino",numero de mujeres con ivaa,2016-11-01,1,13,56,22,2,94
SAN RAMON SCZ,"anticoncepcion, prevencion de its y de cancer de cuello uterino",numero de mujeres con ivaa,2016-11-01,0,1,12,5,1,19
SANTA CRUZ DE LA SIERRA,"anticoncepcion, prevencion de its y de cancer de cuello uterino",numero de mujeres con ivaa,2016-11-01,0,0,19,19,4,42
SHINAOTA,"anticoncepcion, prevencion de its y de cancer de cuello uterino",numero de mujeres con ivaa,2016-11-01,0,1,6,1,0,8
SOPACHUY,"anticoncepcion, prevencion de its y de cancer de cuello uterino",numero de mujeres con ivaa,2016-11-01,1,1,9,6,4,21
SORACACHI,"anticoncepcion, prevencion de its y de cancer de cuello uterino",numero de mujeres con ivaa,2016-11-01,0,0,0,1,0,1
SUCRE,"anticoncepcion, prevencion de its y de cancer de cuello uterino",numero de mujeres con ivaa,2016-11-01,0,6,45,11,6,68
TAPACARI,"anticoncepcion, prevencion de its y de cancer de cuello uterino",numero de mujeres con ivaa,2016-11-01,0,2,15,5,1,23
TARIJA,"anticoncepcion, prevencion de its y de cancer de cuello uterino",numero de mujeres con ivaa,2016-11-01,1,28,358,221,50,658
TARVITA,"anticoncepcion, prevencion de its y de cancer de cuello uterino",numero de mujeres con ivaa,2016-11-01,0,1,7,13,8,29
TIRAQUE (CBBA),"anticoncepcion, prevencion de its y de cancer de cuello uterino",numero de mujeres con ivaa,2016-11-01,0,0,4,1,0,5
TORO TORO,"anticoncepcion, prevencion de its y de cancer de cuello uterino",numero de mujeres con ivaa,2016-11-01,0,4,44,21,7,76
TRINIDAD,"anticoncepcion, prevencion de its y de cancer de cuello uterino",numero de mujeres con ivaa,2016-11-01,0,0,0,2,1,3
UNCIA,"anticoncepcion, prevencion de its y de cancer de cuello uterino",numero de mujeres con ivaa,2016-11-01,0,1,4,3,5,13
URIONDO (A. CONCEPCION),"anticoncepcion, prevencion de its y de cancer de cuello uterino",numero de mujeres con ivaa,2016-11-01,0,2,12,10,2,26
VILLA MONTES,"anticoncepcion, prevencion de its y de cancer de cuello uterino",numero de mujeres con ivaa,2016-11-01,2,44,187,79,24,336
VILLA NUEVA (LOMA ALTA),"anticoncepcion, prevencion de its y de cancer de cuello uterino",numero de mujeres con ivaa,2016-11-01,0,1,6,7,2,16
VILLA VACA GUZMAN (MUYUPAMPA),"anticoncepcion, prevencion de its y de cancer de cuello uterino",numero de mujeres con ivaa,2016-11-01,0,2,27,11,10,50
YACUIBA,"anticoncepcion, prevencion de its y de cancer de cuello uterino",numero de mujeres con ivaa,2016-11-01,0,6,52,22,13,93
YAMPARAEZ,"anticoncepcion, prevencion de its y de cancer de cuello uterino",numero de mujeres con ivaa,2016-11-01,0,3,6,3,1,13
YAPACANI,"anticoncepcion, prevencion de its y de cancer de cuello uterino",numero de mujeres con ivaa,2016-11-01,0,2,16,6,4,28
YUNCHARA,"anticoncepcion, prevencion de its y de cancer de cuello uterino",numero de mujeres con ivaa,2016-11-01,0,1,14,4,3,22
ZUDAÑEZ,"anticoncepcion, prevencion de its y de cancer de cuello uterino",numero de mujeres con ivaa,2016-11-01,0,0,1,0,0,1
ACACIO,"anticoncepcion, prevencion de its y de cancer de cuello uterino",numero de mujeres con ivaa,2016-12-01,0,1,2,0,0,3
AIQUILE,"anticoncepcion, prevencion de its y de cancer de cuello uterino",numero de mujeres con ivaa,2016-12-01,0,2,11,5,0,18
ANTEQUERA,"anticoncepcion, prevencion de its y de cancer de cuello uterino",numero de mujeres con ivaa,2016-12-01,0,0,0,1,0,1
ARAMPAMPA,"anticoncepcion, prevencion de its y de cancer de cuello uterino",numero de mujeres con ivaa,2016-12-01,0,4,10,11,1,26
ARBIETO,"anticoncepcion, prevencion de its y de cancer de cuello uterino",numero de mujeres con ivaa,2016-12-01,0,2,5,3,0,10
AYOPAYA (V. DE INDEPENDENCIA),"anticoncepcion, prevencion de its y de cancer de cuello uterino",numero de mujeres con ivaa,2016-12-01,0,1,7,3,2,13
AZURDUY,"anticoncepcion, prevencion de its y de cancer de cuello uterino",numero de mujeres con ivaa,2016-12-01,0,12,37,35,9,93
BERMEJO,"anticoncepcion, prevencion de its y de cancer de cuello uterino",numero de mujeres con ivaa,2016-12-01,0,6,49,42,9,106
BOLPEBRA,"anticoncepcion, prevencion de its y de cancer de cuello uterino",numero de mujeres con ivaa,2016-12-01,1,3,2,3,0,9
BUENA VISTA,"anticoncepcion, prevencion de its y de cancer de cuello uterino",numero de mujeres con ivaa,2016-12-01,0,0,9,10,0,19
CAMIRI,"anticoncepcion, prevencion de its y de cancer de cuello uterino",numero de mujeres con ivaa,2016-12-01,0,0,1,0,0,1
CAPINOTA,"anticoncepcion, prevencion de its y de cancer de cuello uterino",numero de mujeres con ivaa,2016-12-01,0,10,47,13,2,72
CARIPUYO,"anticoncepcion, prevencion de its y de cancer de cuello uterino",numero de mujeres con ivaa,2016-12-01,0,1,4,3,1,9
CHIMORE,"anticoncepcion, prevencion de its y de cancer de cuello uterino",numero de mujeres con ivaa,2016-12-01,0,0,2,1,0,3
CKOCHAS,"anticoncepcion, prevencion de its y de cancer de cuello uterino",numero de mujeres con ivaa,2016-12-01,0,6,25,26,11,68
COBIJA,"anticoncepcion, prevencion de its y de cancer de cuello uterino",numero de mujeres con ivaa,2016-12-01,0,10,38,13,1,62
COCAPATA,"anticoncepcion, prevencion de its y de cancer de cuello uterino",numero de mujeres con ivaa,2016-12-01,0,0,0,3,0,3
COCHABAMBA,"anticoncepcion, prevencion de its y de cancer de cuello uterino",numero de mujeres con ivaa,2016-12-01,0,21,503,141,106,771
COLOMI,"anticoncepcion, prevencion de its y de cancer de cuello uterino",numero de mujeres con ivaa,2016-12-01,0,1,4,0,0,5
COMARAPA,"anticoncepcion, prevencion de its y de cancer de cuello uterino",numero de mujeres con ivaa,2016-12-01,0,1,11,4,1,17
CURAHUARA DE CARANGAS,"anticoncepcion, prevencion de its y de cancer de cuello uterino",numero de mujeres con ivaa,2016-12-01,0,0,1,0,0,1
EL ALTO,"anticoncepcion, prevencion de its y de cancer de cuello uterino",numero de mujeres con ivaa,2016-12-01,0,13,120,182,12,327
EL PUENTE(TJA),"anticoncepcion, prevencion de its y de cancer de cuello uterino",numero de mujeres con ivaa,2016-12-01,0,0,6,1,0,7
ENTRE RIOS CBBA,"anticoncepcion, prevencion de its y de cancer de cuello uterino",numero de mujeres con ivaa,2016-12-01,0,0,4,0,0,4
FILADELFIA,"anticoncepcion, prevencion de its y de cancer de cuello uterino",numero de mujeres con ivaa,2016-12-01,0,2,5,6,0,13
HUACARETA,"anticoncepcion, prevencion de its y de cancer de cuello uterino",numero de mujeres con ivaa,2016-12-01,0,0,2,4,2,8
HUACAYA (VILLA DE HUACAYA),"anticoncepcion, prevencion de its y de cancer de cuello uterino",numero de mujeres con ivaa,2016-12-01,0,0,2,0,0,2
HUANUNI,"anticoncepcion, prevencion de its y de cancer de cuello uterino",numero de mujeres con ivaa,2016-12-01,0,2,9,2,2,15
HUAYLLAMARCA,"anticoncepcion, prevencion de its y de cancer de cuello uterino",numero de mujeres con ivaa,2016-12-01,0,0,9,9,2,20
ICLA,"anticoncepcion, prevencion de its y de cancer de cuello uterino",numero de mujeres con ivaa,2016-12-01,0,1,4,2,1,8
LA PAZ,"anticoncepcion, prevencion de its y de cancer de cuello uterino",numero de mujeres con ivaa,2016-12-01,0,7,56,39,16,118
MACHACAMARCA,"anticoncepcion, prevencion de its y de cancer de cuello uterino",numero de mujeres con ivaa,2016-12-01,0,1,5,1,0,7
MACHARETI,"anticoncepcion, prevencion de its y de cancer de cuello uterino",numero de mujeres con ivaa,2016-12-01,0,0,4,1,1,6
MIZQUE,"anticoncepcion, prevencion de its y de cancer de cuello uterino",numero de mujeres con ivaa,2016-12-01,1,1,6,2,1,11
MONTEAGUDO,"anticoncepcion, prevencion de its y de cancer de cuello uterino",numero de mujeres con ivaa,2016-12-01,0,0,22,0,0,22
MONTERO,"anticoncepcion, prevencion de its y de cancer de cuello uterino",numero de mujeres con ivaa,2016-12-01,0,12,48,12,11,83
ORURO,"anticoncepcion, prevencion de its y de cancer de cuello uterino",numero de mujeres con ivaa,2016-12-01,0,25,151,91,42,309
PADCAYA,"anticoncepcion, prevencion de its y de cancer de cuello uterino",numero de mujeres con ivaa,2016-12-01,1,9,71,40,30,151
PAILON,"anticoncepcion, prevencion de its y de cancer de cuello uterino",numero de mujeres con ivaa,2016-12-01,0,0,3,0,0,3
PORVENIR,"anticoncepcion, prevencion de its y de cancer de cuello uterino",numero de mujeres con ivaa,2016-12-01,0,0,0,1,0,1
PUERTO GONZALO MORENO,"anticoncepcion, prevencion de its y de cancer de cuello uterino",numero de mujeres con ivaa,2016-12-01,0,2,0,0,0,2
PUERTO SUAREZ,"anticoncepcion, prevencion de its y de cancer de cuello uterino",numero de mujeres con ivaa,2016-12-01,0,0,7,8,0,15
PUERTO VILLARROEL,"anticoncepcion, prevencion de its y de cancer de cuello uterino",numero de mujeres con ivaa,2016-12-01,0,2,4,2,0,8
PUNATA,"anticoncepcion, prevencion de its y de cancer de cuello uterino",numero de mujeres con ivaa,2016-12-01,0,1,5,9,1,16
QUILLACOLLO,"anticoncepcion, prevencion de its y de cancer de cuello uterino",numero de mujeres con ivaa,2016-12-01,0,0,1,3,1,5
RIBERALTA,"anticoncepcion, prevencion de its y de cancer de cuello uterino",numero de mujeres con ivaa,2016-12-01,0,0,19,12,0,31
SACABA,"anticoncepcion, prevencion de its y de cancer de cuello uterino",numero de mujeres con ivaa,2016-12-01,0,6,34,24,3,67
SACABAMBA,"anticoncepcion, prevencion de its y de cancer de cuello uterino",numero de mujeres con ivaa,2016-12-01,0,1,2,1,1,5
SACACA,"anticoncepcion, prevencion de its y de cancer de cuello uterino",numero de mujeres con ivaa,2016-12-01,0,2,5,10,0,17
SALINAS DE GARCI MENDOZA,"anticoncepcion, prevencion de its y de cancer de cuello uterino",numero de mujeres con ivaa,2016-12-01,0,0,2,0,0,2
SAN CARLOS,"anticoncepcion, prevencion de its y de cancer de cuello uterino",numero de mujeres con ivaa,2016-12-01,0,3,3,3,0,9
SAN IGNACIO DE VELASCO,"anticoncepcion, prevencion de its y de cancer de cuello uterino",numero de mujeres con ivaa,2016-12-01,0,3,12,8,0,23
SAN LORENZO(TJA),"anticoncepcion, prevencion de its y de cancer de cuello uterino",numero de mujeres con ivaa,2016-12-01,0,1,10,11,3,25
SAN LUCAS,"anticoncepcion, prevencion de its y de cancer de cuello uterino",numero de mujeres con ivaa,2016-12-01,0,1,1,1,2,5
SAN PEDRO DE BUENA VISTA,"anticoncepcion, prevencion de its y de cancer de cuello uterino",numero de mujeres con ivaa,2016-12-01,0,6,21,13,0,40
SAN RAMON SCZ,"anticoncepcion, prevencion de its y de cancer de cuello uterino",numero de mujeres con ivaa,2016-12-01,0,2,12,6,1,21
SANTA CRUZ DE LA SIERRA,"anticoncepcion, prevencion de its y de cancer de cuello uterino",numero de mujeres con ivaa,2016-12-01,0,0,7,3,1,11
SANTIAGO DE HUARI,"anticoncepcion, prevencion de its y de cancer de cuello uterino",numero de mujeres con ivaa,2016-12-01,0,2,6,2,0,10
SHINAOTA,"anticoncepcion, prevencion de its y de cancer de cuello uterino",numero de mujeres con ivaa,2016-12-01,1,0,8,1,0,10
SOPACHUY,"anticoncepcion, prevencion de its y de cancer de cuello uterino",numero de mujeres con ivaa,2016-12-01,0,2,5,6,3,16
SORACACHI,"anticoncepcion, prevencion de its y de cancer de cuello uterino",numero de mujeres con ivaa,2016-12-01,0,0,0,0,1,1
SUCRE,"anticoncepcion, prevencion de its y de cancer de cuello uterino",numero de mujeres con ivaa,2016-12-01,0,1,8,6,3,18
TARIJA,"anticoncepcion, prevencion de its y de cancer de cuello uterino",numero de mujeres con ivaa,2016-12-01,0,26,258,210,55,549
TARVITA,"anticoncepcion, prevencion de its y de cancer de cuello uterino",numero de mujeres con ivaa,2016-12-01,0,2,1,5,5,13
TIRAQUE (CBBA),"anticoncepcion, prevencion de its y de cancer de cuello uterino",numero de mujeres con ivaa,2016-12-01,0,1,5,1,0,7
TOLATA,"anticoncepcion, prevencion de its y de cancer de cuello uterino",numero de mujeres con ivaa,2016-12-01,0,0,0,1,0,1
TORO TORO,"anticoncepcion, prevencion de its y de cancer de cuello uterino",numero de mujeres con ivaa,2016-12-01,4,12,28,21,16,81
TOTORA(ORR),"anticoncepcion, prevencion de its y de cancer de cuello uterino",numero de mujeres con ivaa,2016-12-01,0,0,0,1,0,1
TRINIDAD,"anticoncepcion, prevencion de its y de cancer de cuello uterino",numero de mujeres con ivaa,2016-12-01,0,1,2,0,0,3
UNCIA,"anticoncepcion, prevencion de its y de cancer de cuello uterino",numero de mujeres con ivaa,2016-12-01,0,0,4,2,1,7
URIONDO (A. CONCEPCION),"anticoncepcion, prevencion de its y de cancer de cuello uterino",numero de mujeres con ivaa,2016-12-01,0,1,3,1,1,6
VILLA MONTES,"anticoncepcion, prevencion de its y de cancer de cuello uterino",numero de mujeres con ivaa,2016-12-01,0,30,177,97,35,339
VILLA VACA GUZMAN (MUYUPAMPA),"anticoncepcion, prevencion de its y de cancer de cuello uterino",numero de mujeres con ivaa,2016-12-01,0,0,2,2,0,4
VINTO,"anticoncepcion, prevencion de its y de cancer de cuello uterino",numero de mujeres con ivaa,2016-12-01,0,0,2,0,0,2
YACUIBA,"anticoncepcion, prevencion de its y de cancer de cuello uterino",numero de mujeres con ivaa,2016-12-01,0,1,34,29,7,71
YAPACANI,"anticoncepcion, prevencion de its y de cancer de cuello uterino",numero de mujeres con ivaa,2016-12-01,0,6,28,9,0,43
YUNCHARA,"anticoncepcion, prevencion de its y de cancer de cuello uterino",numero de mujeres con ivaa,2016-12-01,0,4,19,13,8,44
ZUDAÑEZ,"anticoncepcion, prevencion de its y de cancer de cuello uterino",numero de mujeres con ivaa,2016-12-01,0,3,18,13,5,39
