municipality,group,variable,month,Número de mujeres con IVAA positivos tratadas,Número de mujeres con IVAA positivos tratadas1,Número de mujeres con IVAA positivos tratadas2,Número de mujeres con IVAA positivos tratadas3,Número de mujeres con IVAA positivos tratadas4,TOTAL
COCHABAMBA,"anticoncepcion, prevencion de its y de cancer de cuello uterino",numero de mujeres con ivaa positivos tratadas,2016-01-01,0,1,12,89,0,102
ORURO,"anticoncepcion, prevencion de its y de cancer de cuello uterino",numero de mujeres con ivaa positivos tratadas,2016-01-01,0,0,1,2,0,3
POTOSI,"anticoncepcion, prevencion de its y de cancer de cuello uterino",numero de mujeres con ivaa positivos tratadas,2016-01-01,0,0,2,2,1,5
SANTA CRUZ DE LA SIERRA,"anticoncepcion, prevencion de its y de cancer de cuello uterino",numero de mujeres con ivaa positivos tratadas,2016-01-01,0,5,35,4,0,44
SUCRE,"anticoncepcion, prevencion de its y de cancer de cuello uterino",numero de mujeres con ivaa positivos tratadas,2016-01-01,0,0,5,7,0,12
TARIJA,"anticoncepcion, prevencion de its y de cancer de cuello uterino",numero de mujeres con ivaa positivos tratadas,2016-01-01,0,1,0,0,0,1
YACUIBA,"anticoncepcion, prevencion de its y de cancer de cuello uterino",numero de mujeres con ivaa positivos tratadas,2016-01-01,0,0,0,1,0,1
COCHABAMBA,"anticoncepcion, prevencion de its y de cancer de cuello uterino",numero de mujeres con ivaa positivos tratadas,2016-02-01,0,0,2,3,0,5
LA PAZ,"anticoncepcion, prevencion de its y de cancer de cuello uterino",numero de mujeres con ivaa positivos tratadas,2016-02-01,0,0,0,2,0,2
POTOSI,"anticoncepcion, prevencion de its y de cancer de cuello uterino",numero de mujeres con ivaa positivos tratadas,2016-02-01,0,0,2,0,0,2
SANTA CRUZ DE LA SIERRA,"anticoncepcion, prevencion de its y de cancer de cuello uterino",numero de mujeres con ivaa positivos tratadas,2016-02-01,0,9,43,8,0,60
SUCRE,"anticoncepcion, prevencion de its y de cancer de cuello uterino",numero de mujeres con ivaa positivos tratadas,2016-02-01,0,0,2,1,0,3
TARIJA,"anticoncepcion, prevencion de its y de cancer de cuello uterino",numero de mujeres con ivaa positivos tratadas,2016-02-01,0,0,6,2,4,12
TRINIDAD,"anticoncepcion, prevencion de its y de cancer de cuello uterino",numero de mujeres con ivaa positivos tratadas,2016-02-01,0,0,1,0,0,1
COCHABAMBA,"anticoncepcion, prevencion de its y de cancer de cuello uterino",numero de mujeres con ivaa positivos tratadas,2016-03-01,0,1,8,62,1,72
EL ALTO,"anticoncepcion, prevencion de its y de cancer de cuello uterino",numero de mujeres con ivaa positivos tratadas,2016-03-01,0,0,0,2,0,2
POTOSI,"anticoncepcion, prevencion de its y de cancer de cuello uterino",numero de mujeres con ivaa positivos tratadas,2016-03-01,0,0,3,1,0,4
SANTA CRUZ DE LA SIERRA,"anticoncepcion, prevencion de its y de cancer de cuello uterino",numero de mujeres con ivaa positivos tratadas,2016-03-01,0,16,89,14,0,119
TARIJA,"anticoncepcion, prevencion de its y de cancer de cuello uterino",numero de mujeres con ivaa positivos tratadas,2016-03-01,0,0,0,3,0,3
TUPIZA,"anticoncepcion, prevencion de its y de cancer de cuello uterino",numero de mujeres con ivaa positivos tratadas,2016-03-01,0,0,0,0,1,1
COCHABAMBA,"anticoncepcion, prevencion de its y de cancer de cuello uterino",numero de mujeres con ivaa positivos tratadas,2016-04-01,0,1,40,48,10,99
EL ALTO,"anticoncepcion, prevencion de its y de cancer de cuello uterino",numero de mujeres con ivaa positivos tratadas,2016-04-01,0,0,2,0,0,2
MONTEAGUDO,"anticoncepcion, prevencion de its y de cancer de cuello uterino",numero de mujeres con ivaa positivos tratadas,2016-04-01,0,0,0,1,0,1
POTOSI,"anticoncepcion, prevencion de its y de cancer de cuello uterino",numero de mujeres con ivaa positivos tratadas,2016-04-01,0,0,2,2,0,4
SAN LUCAS,"anticoncepcion, prevencion de its y de cancer de cuello uterino",numero de mujeres con ivaa positivos tratadas,2016-04-01,0,0,0,2,0,2
SANTA CRUZ DE LA SIERRA,"anticoncepcion, prevencion de its y de cancer de cuello uterino",numero de mujeres con ivaa positivos tratadas,2016-04-01,1,8,27,10,0,46
SUCRE,"anticoncepcion, prevencion de its y de cancer de cuello uterino",numero de mujeres con ivaa positivos tratadas,2016-04-01,0,0,4,10,1,15
TARIJA,"anticoncepcion, prevencion de its y de cancer de cuello uterino",numero de mujeres con ivaa positivos tratadas,2016-04-01,0,0,4,2,0,6
TARVITA,"anticoncepcion, prevencion de its y de cancer de cuello uterino",numero de mujeres con ivaa positivos tratadas,2016-04-01,0,0,0,1,1,2
VILLA MONTES,"anticoncepcion, prevencion de its y de cancer de cuello uterino",numero de mujeres con ivaa positivos tratadas,2016-04-01,0,1,2,0,0,3
YAPACANI,"anticoncepcion, prevencion de its y de cancer de cuello uterino",numero de mujeres con ivaa positivos tratadas,2016-04-01,0,0,1,1,0,2
COCHABAMBA,"anticoncepcion, prevencion de its y de cancer de cuello uterino",numero de mujeres con ivaa positivos tratadas,2016-05-01,0,1,63,69,23,156
MIZQUE,"anticoncepcion, prevencion de its y de cancer de cuello uterino",numero de mujeres con ivaa positivos tratadas,2016-05-01,0,1,1,0,0,2
SUCRE,"anticoncepcion, prevencion de its y de cancer de cuello uterino",numero de mujeres con ivaa positivos tratadas,2016-05-01,0,0,2,2,3,7
TARIJA,"anticoncepcion, prevencion de its y de cancer de cuello uterino",numero de mujeres con ivaa positivos tratadas,2016-05-01,0,0,0,2,0,2
VILLA MONTES,"anticoncepcion, prevencion de its y de cancer de cuello uterino",numero de mujeres con ivaa positivos tratadas,2016-05-01,0,0,3,1,0,4
COCHABAMBA,"anticoncepcion, prevencion de its y de cancer de cuello uterino",numero de mujeres con ivaa positivos tratadas,2016-06-01,0,4,57,20,5,86
POTOSI,"anticoncepcion, prevencion de its y de cancer de cuello uterino",numero de mujeres con ivaa positivos tratadas,2016-06-01,0,0,0,2,0,2
PUERTO GONZALO MORENO,"anticoncepcion, prevencion de its y de cancer de cuello uterino",numero de mujeres con ivaa positivos tratadas,2016-06-01,0,0,1,0,0,1
SAN LUCAS,"anticoncepcion, prevencion de its y de cancer de cuello uterino",numero de mujeres con ivaa positivos tratadas,2016-06-01,0,0,0,0,1,1
SUCRE,"anticoncepcion, prevencion de its y de cancer de cuello uterino",numero de mujeres con ivaa positivos tratadas,2016-06-01,0,0,14,8,7,29
TARIJA,"anticoncepcion, prevencion de its y de cancer de cuello uterino",numero de mujeres con ivaa positivos tratadas,2016-06-01,0,0,1,2,0,3
CHARAGUA,"anticoncepcion, prevencion de its y de cancer de cuello uterino",numero de mujeres con ivaa positivos tratadas,2016-07-01,0,0,1,0,0,1
COCHABAMBA,"anticoncepcion, prevencion de its y de cancer de cuello uterino",numero de mujeres con ivaa positivos tratadas,2016-07-01,0,6,70,7,0,83
EL ALTO,"anticoncepcion, prevencion de its y de cancer de cuello uterino",numero de mujeres con ivaa positivos tratadas,2016-07-01,0,0,4,1,1,6
POTOSI,"anticoncepcion, prevencion de its y de cancer de cuello uterino",numero de mujeres con ivaa positivos tratadas,2016-07-01,0,0,1,0,0,1
RIBERALTA,"anticoncepcion, prevencion de its y de cancer de cuello uterino",numero de mujeres con ivaa positivos tratadas,2016-07-01,0,0,2,0,0,2
SUCRE,"anticoncepcion, prevencion de its y de cancer de cuello uterino",numero de mujeres con ivaa positivos tratadas,2016-07-01,0,0,1,0,0,1
TARIJA,"anticoncepcion, prevencion de its y de cancer de cuello uterino",numero de mujeres con ivaa positivos tratadas,2016-07-01,0,0,3,3,0,6
VILLA CHARCAS,"anticoncepcion, prevencion de its y de cancer de cuello uterino",numero de mujeres con ivaa positivos tratadas,2016-07-01,0,0,0,1,0,1
VILLA MONTES,"anticoncepcion, prevencion de its y de cancer de cuello uterino",numero de mujeres con ivaa positivos tratadas,2016-07-01,0,0,2,0,0,2
COCHABAMBA,"anticoncepcion, prevencion de its y de cancer de cuello uterino",numero de mujeres con ivaa positivos tratadas,2016-08-01,0,2,46,8,5,61
LA PAZ,"anticoncepcion, prevencion de its y de cancer de cuello uterino",numero de mujeres con ivaa positivos tratadas,2016-08-01,0,0,0,0,2,2
POTOSI,"anticoncepcion, prevencion de its y de cancer de cuello uterino",numero de mujeres con ivaa positivos tratadas,2016-08-01,0,0,0,3,1,4
SAN CARLOS,"anticoncepcion, prevencion de its y de cancer de cuello uterino",numero de mujeres con ivaa positivos tratadas,2016-08-01,0,0,2,0,0,2
SUCRE,"anticoncepcion, prevencion de its y de cancer de cuello uterino",numero de mujeres con ivaa positivos tratadas,2016-08-01,0,0,1,0,0,1
COCHABAMBA,"anticoncepcion, prevencion de its y de cancer de cuello uterino",numero de mujeres con ivaa positivos tratadas,2016-09-01,0,0,4,12,14,30
SOPACHUY,"anticoncepcion, prevencion de its y de cancer de cuello uterino",numero de mujeres con ivaa positivos tratadas,2016-09-01,0,0,0,1,0,1
SUCRE,"anticoncepcion, prevencion de its y de cancer de cuello uterino",numero de mujeres con ivaa positivos tratadas,2016-09-01,0,0,0,1,0,1
TARIJA,"anticoncepcion, prevencion de its y de cancer de cuello uterino",numero de mujeres con ivaa positivos tratadas,2016-09-01,0,0,3,0,0,3
TRINIDAD,"anticoncepcion, prevencion de its y de cancer de cuello uterino",numero de mujeres con ivaa positivos tratadas,2016-09-01,0,0,21,0,0,21
YAPACANI,"anticoncepcion, prevencion de its y de cancer de cuello uterino",numero de mujeres con ivaa positivos tratadas,2016-09-01,0,0,0,1,0,1
POTOSI,"anticoncepcion, prevencion de its y de cancer de cuello uterino",numero de mujeres con ivaa positivos tratadas,2016-10-01,0,0,1,7,3,11
SUCRE,"anticoncepcion, prevencion de its y de cancer de cuello uterino",numero de mujeres con ivaa positivos tratadas,2016-10-01,0,1,0,0,0,1
TARIJA,"anticoncepcion, prevencion de its y de cancer de cuello uterino",numero de mujeres con ivaa positivos tratadas,2016-10-01,0,0,1,1,1,3
TRINIDAD,"anticoncepcion, prevencion de its y de cancer de cuello uterino",numero de mujeres con ivaa positivos tratadas,2016-10-01,0,0,0,1,0,1
CAMIRI,"anticoncepcion, prevencion de its y de cancer de cuello uterino",numero de mujeres con ivaa positivos tratadas,2016-11-01,0,0,4,0,0,4
COCHABAMBA,"anticoncepcion, prevencion de its y de cancer de cuello uterino",numero de mujeres con ivaa positivos tratadas,2016-11-01,0,5,29,10,0,44
POTOSI,"anticoncepcion, prevencion de its y de cancer de cuello uterino",numero de mujeres con ivaa positivos tratadas,2016-11-01,0,0,1,3,0,4
SUCRE,"anticoncepcion, prevencion de its y de cancer de cuello uterino",numero de mujeres con ivaa positivos tratadas,2016-11-01,0,0,1,0,0,1
TARIJA,"anticoncepcion, prevencion de its y de cancer de cuello uterino",numero de mujeres con ivaa positivos tratadas,2016-11-01,0,0,1,0,0,1
COCHABAMBA,"anticoncepcion, prevencion de its y de cancer de cuello uterino",numero de mujeres con ivaa positivos tratadas,2016-12-01,0,1,37,22,1,61
LA PAZ,"anticoncepcion, prevencion de its y de cancer de cuello uterino",numero de mujeres con ivaa positivos tratadas,2016-12-01,0,0,0,1,1,2
POTOSI,"anticoncepcion, prevencion de its y de cancer de cuello uterino",numero de mujeres con ivaa positivos tratadas,2016-12-01,0,0,1,0,3,4
QUILLACOLLO,"anticoncepcion, prevencion de its y de cancer de cuello uterino",numero de mujeres con ivaa positivos tratadas,2016-12-01,0,0,0,2,1,3
SANTA CRUZ DE LA SIERRA,"anticoncepcion, prevencion de its y de cancer de cuello uterino",numero de mujeres con ivaa positivos tratadas,2016-12-01,0,1,2,0,0,3
TARIJA,"anticoncepcion, prevencion de its y de cancer de cuello uterino",numero de mujeres con ivaa positivos tratadas,2016-12-01,0,0,1,0,0,1
