municipality,group,variable,month,Número de implantes insertados,Número de implantes insertados1,Número de implantes insertados2,Número de implantes insertados3,Número de implantes insertados4,TOTAL
ACHACACHI,"anticoncepcion, prevencion de its y de cancer de cuello uterino",numero de implantes insertados,2016-01-01,0,0,0,1,0,1
ACHOCALLA,"anticoncepcion, prevencion de its y de cancer de cuello uterino",numero de implantes insertados,2016-01-01,0,0,10,0,1,11
AIQUILE,"anticoncepcion, prevencion de its y de cancer de cuello uterino",numero de implantes insertados,2016-01-01,0,5,19,4,0,28
ALTO BENI,"anticoncepcion, prevencion de its y de cancer de cuello uterino",numero de implantes insertados,2016-01-01,0,0,4,1,0,5
ANTEQUERA,"anticoncepcion, prevencion de its y de cancer de cuello uterino",numero de implantes insertados,2016-01-01,0,0,4,3,0,7
APOLO,"anticoncepcion, prevencion de its y de cancer de cuello uterino",numero de implantes insertados,2016-01-01,1,2,3,4,0,10
ATOCHA,"anticoncepcion, prevencion de its y de cancer de cuello uterino",numero de implantes insertados,2016-01-01,0,0,6,0,0,6
AYATA,"anticoncepcion, prevencion de its y de cancer de cuello uterino",numero de implantes insertados,2016-01-01,0,1,2,2,0,5
AYOPAYA (V. DE INDEPENDENCIA),"anticoncepcion, prevencion de its y de cancer de cuello uterino",numero de implantes insertados,2016-01-01,0,1,13,2,0,16
BELLA FLOR,"anticoncepcion, prevencion de its y de cancer de cuello uterino",numero de implantes insertados,2016-01-01,0,0,1,0,0,1
BETANZOS,"anticoncepcion, prevencion de its y de cancer de cuello uterino",numero de implantes insertados,2016-01-01,0,1,1,0,0,2
BOLIVAR,"anticoncepcion, prevencion de its y de cancer de cuello uterino",numero de implantes insertados,2016-01-01,0,0,1,0,0,1
CAMARGO,"anticoncepcion, prevencion de its y de cancer de cuello uterino",numero de implantes insertados,2016-01-01,0,1,4,2,0,7
CAPINOTA,"anticoncepcion, prevencion de its y de cancer de cuello uterino",numero de implantes insertados,2016-01-01,0,1,6,1,0,8
CARACOLLO,"anticoncepcion, prevencion de its y de cancer de cuello uterino",numero de implantes insertados,2016-01-01,0,3,1,0,0,4
CHALLAPATA,"anticoncepcion, prevencion de its y de cancer de cuello uterino",numero de implantes insertados,2016-01-01,0,1,3,0,0,4
CHULUMANI (V. DE LA LIBERTAD),"anticoncepcion, prevencion de its y de cancer de cuello uterino",numero de implantes insertados,2016-01-01,0,0,2,0,0,2
CKOCHAS,"anticoncepcion, prevencion de its y de cancer de cuello uterino",numero de implantes insertados,2016-01-01,0,1,7,1,0,9
COBIJA,"anticoncepcion, prevencion de its y de cancer de cuello uterino",numero de implantes insertados,2016-01-01,3,7,12,1,0,23
COCHABAMBA,"anticoncepcion, prevencion de its y de cancer de cuello uterino",numero de implantes insertados,2016-01-01,1,31,145,30,0,207
CORIPATA,"anticoncepcion, prevencion de its y de cancer de cuello uterino",numero de implantes insertados,2016-01-01,0,0,1,1,0,2
COROICO,"anticoncepcion, prevencion de its y de cancer de cuello uterino",numero de implantes insertados,2016-01-01,0,0,1,0,0,1
CORQUE,"anticoncepcion, prevencion de its y de cancer de cuello uterino",numero de implantes insertados,2016-01-01,0,0,4,1,0,5
COTAGAITA,"anticoncepcion, prevencion de its y de cancer de cuello uterino",numero de implantes insertados,2016-01-01,0,0,4,0,0,4
CULPINA,"anticoncepcion, prevencion de its y de cancer de cuello uterino",numero de implantes insertados,2016-01-01,0,0,8,1,0,9
CURVA,"anticoncepcion, prevencion de its y de cancer de cuello uterino",numero de implantes insertados,2016-01-01,0,0,2,0,0,2
EL ALTO,"anticoncepcion, prevencion de its y de cancer de cuello uterino",numero de implantes insertados,2016-01-01,0,20,131,45,0,196
EL CHORO,"anticoncepcion, prevencion de its y de cancer de cuello uterino",numero de implantes insertados,2016-01-01,0,0,1,0,0,1
EL TORNO,"anticoncepcion, prevencion de its y de cancer de cuello uterino",numero de implantes insertados,2016-01-01,0,9,51,5,0,65
EL VILLAR,"anticoncepcion, prevencion de its y de cancer de cuello uterino",numero de implantes insertados,2016-01-01,0,0,2,0,0,2
ENTRE RIOS TRJ,"anticoncepcion, prevencion de its y de cancer de cuello uterino",numero de implantes insertados,2016-01-01,0,2,4,3,0,9
FERNANDEZ ALONSO,"anticoncepcion, prevencion de its y de cancer de cuello uterino",numero de implantes insertados,2016-01-01,0,0,1,1,0,2
FILADELFIA,"anticoncepcion, prevencion de its y de cancer de cuello uterino",numero de implantes insertados,2016-01-01,0,0,6,4,0,10
GUANAY,"anticoncepcion, prevencion de its y de cancer de cuello uterino",numero de implantes insertados,2016-01-01,0,0,1,1,0,2
GUAYARAMERIN,"anticoncepcion, prevencion de its y de cancer de cuello uterino",numero de implantes insertados,2016-01-01,0,1,0,0,0,1
HUACARETA,"anticoncepcion, prevencion de its y de cancer de cuello uterino",numero de implantes insertados,2016-01-01,0,0,3,0,0,3
HUANUNI,"anticoncepcion, prevencion de its y de cancer de cuello uterino",numero de implantes insertados,2016-01-01,0,0,19,4,0,23
HUAYLLAMARCA,"anticoncepcion, prevencion de its y de cancer de cuello uterino",numero de implantes insertados,2016-01-01,0,0,2,0,0,2
ICLA,"anticoncepcion, prevencion de its y de cancer de cuello uterino",numero de implantes insertados,2016-01-01,0,0,4,1,0,5
INCAHUASI,"anticoncepcion, prevencion de its y de cancer de cuello uterino",numero de implantes insertados,2016-01-01,0,3,0,0,0,3
LA GUARDIA,"anticoncepcion, prevencion de its y de cancer de cuello uterino",numero de implantes insertados,2016-01-01,0,2,8,0,0,10
LA PAZ,"anticoncepcion, prevencion de its y de cancer de cuello uterino",numero de implantes insertados,2016-01-01,0,21,115,55,0,191
LAS CARRERAS,"anticoncepcion, prevencion de its y de cancer de cuello uterino",numero de implantes insertados,2016-01-01,0,1,7,0,0,8
LLALLAGUA,"anticoncepcion, prevencion de its y de cancer de cuello uterino",numero de implantes insertados,2016-01-01,0,1,11,1,0,13
MACHACAMARCA,"anticoncepcion, prevencion de its y de cancer de cuello uterino",numero de implantes insertados,2016-01-01,0,1,3,1,0,5
MACHARETI,"anticoncepcion, prevencion de its y de cancer de cuello uterino",numero de implantes insertados,2016-01-01,0,0,2,0,0,2
MAGDALENA,"anticoncepcion, prevencion de its y de cancer de cuello uterino",numero de implantes insertados,2016-01-01,0,1,5,0,0,6
MAPIRI,"anticoncepcion, prevencion de its y de cancer de cuello uterino",numero de implantes insertados,2016-01-01,0,0,1,0,0,1
MECAPACA,"anticoncepcion, prevencion de its y de cancer de cuello uterino",numero de implantes insertados,2016-01-01,0,0,2,1,0,3
MIZQUE,"anticoncepcion, prevencion de its y de cancer de cuello uterino",numero de implantes insertados,2016-01-01,0,4,11,2,0,17
MOCOMOCO,"anticoncepcion, prevencion de its y de cancer de cuello uterino",numero de implantes insertados,2016-01-01,0,0,2,0,0,2
MONTEAGUDO,"anticoncepcion, prevencion de its y de cancer de cuello uterino",numero de implantes insertados,2016-01-01,0,5,16,2,0,23
MONTERO,"anticoncepcion, prevencion de its y de cancer de cuello uterino",numero de implantes insertados,2016-01-01,0,0,3,3,0,6
ORURO,"anticoncepcion, prevencion de its y de cancer de cuello uterino",numero de implantes insertados,2016-01-01,0,6,61,7,1,75
PADILLA,"anticoncepcion, prevencion de its y de cancer de cuello uterino",numero de implantes insertados,2016-01-01,0,0,4,0,0,4
PALCA,"anticoncepcion, prevencion de its y de cancer de cuello uterino",numero de implantes insertados,2016-01-01,0,1,8,2,0,11
PALOS BLANCOS,"anticoncepcion, prevencion de its y de cancer de cuello uterino",numero de implantes insertados,2016-01-01,0,4,10,2,0,16
PAMPA AULLAGAS,"anticoncepcion, prevencion de its y de cancer de cuello uterino",numero de implantes insertados,2016-01-01,0,0,2,0,0,2
POCOATA,"anticoncepcion, prevencion de its y de cancer de cuello uterino",numero de implantes insertados,2016-01-01,0,2,3,4,0,9
POTOSI,"anticoncepcion, prevencion de its y de cancer de cuello uterino",numero de implantes insertados,2016-01-01,0,13,40,12,0,65
PRESTO,"anticoncepcion, prevencion de its y de cancer de cuello uterino",numero de implantes insertados,2016-01-01,0,0,1,0,0,1
PUCARANI,"anticoncepcion, prevencion de its y de cancer de cuello uterino",numero de implantes insertados,2016-01-01,0,1,2,1,0,4
PUERTO GONZALO MORENO,"anticoncepcion, prevencion de its y de cancer de cuello uterino",numero de implantes insertados,2016-01-01,0,3,3,0,0,6
PUNA,"anticoncepcion, prevencion de its y de cancer de cuello uterino",numero de implantes insertados,2016-01-01,0,1,4,1,0,6
QUILLACOLLO,"anticoncepcion, prevencion de its y de cancer de cuello uterino",numero de implantes insertados,2016-01-01,0,0,17,0,0,17
RIBERALTA,"anticoncepcion, prevencion de its y de cancer de cuello uterino",numero de implantes insertados,2016-01-01,3,26,42,3,0,74
RURRENABAQUE,"anticoncepcion, prevencion de its y de cancer de cuello uterino",numero de implantes insertados,2016-01-01,0,2,14,0,0,16
SABAYA,"anticoncepcion, prevencion de its y de cancer de cuello uterino",numero de implantes insertados,2016-01-01,0,1,1,1,0,3
SACABA,"anticoncepcion, prevencion de its y de cancer de cuello uterino",numero de implantes insertados,2016-01-01,0,8,21,8,0,37
SALINAS DE GARCI MENDOZA,"anticoncepcion, prevencion de its y de cancer de cuello uterino",numero de implantes insertados,2016-01-01,0,0,4,0,0,4
SAN BORJA,"anticoncepcion, prevencion de its y de cancer de cuello uterino",numero de implantes insertados,2016-01-01,0,10,32,0,0,42
SAN CARLOS,"anticoncepcion, prevencion de its y de cancer de cuello uterino",numero de implantes insertados,2016-01-01,0,18,31,4,0,53
SAN IGNACIO,"anticoncepcion, prevencion de its y de cancer de cuello uterino",numero de implantes insertados,2016-01-01,0,1,2,0,0,3
SAN JOAQUIN,"anticoncepcion, prevencion de its y de cancer de cuello uterino",numero de implantes insertados,2016-01-01,0,1,0,0,0,1
SAN JULIAN,"anticoncepcion, prevencion de its y de cancer de cuello uterino",numero de implantes insertados,2016-01-01,0,18,47,0,0,65
SAN LUCAS,"anticoncepcion, prevencion de its y de cancer de cuello uterino",numero de implantes insertados,2016-01-01,0,1,3,0,0,4
SANTA CRUZ DE LA SIERRA,"anticoncepcion, prevencion de its y de cancer de cuello uterino",numero de implantes insertados,2016-01-01,0,18,379,105,0,502
SANTIAGO DE HUARI,"anticoncepcion, prevencion de its y de cancer de cuello uterino",numero de implantes insertados,2016-01-01,0,0,3,0,0,3
SOPACHUY,"anticoncepcion, prevencion de its y de cancer de cuello uterino",numero de implantes insertados,2016-01-01,0,1,1,0,0,2
SORATA,"anticoncepcion, prevencion de its y de cancer de cuello uterino",numero de implantes insertados,2016-01-01,0,1,5,1,0,7
SUCRE,"anticoncepcion, prevencion de its y de cancer de cuello uterino",numero de implantes insertados,2016-01-01,0,22,128,23,0,173
TAPACARI,"anticoncepcion, prevencion de its y de cancer de cuello uterino",numero de implantes insertados,2016-01-01,0,1,6,0,0,7
TARABUCO,"anticoncepcion, prevencion de its y de cancer de cuello uterino",numero de implantes insertados,2016-01-01,0,2,2,2,0,6
TARIJA,"anticoncepcion, prevencion de its y de cancer de cuello uterino",numero de implantes insertados,2016-01-01,0,0,2,2,0,4
TEOPONTE,"anticoncepcion, prevencion de its y de cancer de cuello uterino",numero de implantes insertados,2016-01-01,0,2,4,2,0,8
TIAWANACU,"anticoncepcion, prevencion de its y de cancer de cuello uterino",numero de implantes insertados,2016-01-01,0,0,1,0,0,1
TINGUIPAYA,"anticoncepcion, prevencion de its y de cancer de cuello uterino",numero de implantes insertados,2016-01-01,0,0,1,2,0,3
TIPUANI,"anticoncepcion, prevencion de its y de cancer de cuello uterino",numero de implantes insertados,2016-01-01,0,0,2,2,0,4
TOLATA,"anticoncepcion, prevencion de its y de cancer de cuello uterino",numero de implantes insertados,2016-01-01,0,0,7,0,0,7
TOLEDO,"anticoncepcion, prevencion de its y de cancer de cuello uterino",numero de implantes insertados,2016-01-01,0,0,3,0,0,3
TOMINA,"anticoncepcion, prevencion de its y de cancer de cuello uterino",numero de implantes insertados,2016-01-01,0,0,1,0,0,1
TOTORA(CBBA),"anticoncepcion, prevencion de its y de cancer de cuello uterino",numero de implantes insertados,2016-01-01,0,2,4,2,0,8
TRINIDAD,"anticoncepcion, prevencion de its y de cancer de cuello uterino",numero de implantes insertados,2016-01-01,0,5,51,0,0,56
TUPIZA,"anticoncepcion, prevencion de its y de cancer de cuello uterino",numero de implantes insertados,2016-01-01,0,6,12,2,0,20
TURCO,"anticoncepcion, prevencion de its y de cancer de cuello uterino",numero de implantes insertados,2016-01-01,0,0,3,0,0,3
URIONDO (A. CONCEPCION),"anticoncepcion, prevencion de its y de cancer de cuello uterino",numero de implantes insertados,2016-01-01,0,4,12,0,0,16
VIACHA,"anticoncepcion, prevencion de its y de cancer de cuello uterino",numero de implantes insertados,2016-01-01,0,1,0,0,0,1
VILLA SERRANO,"anticoncepcion, prevencion de its y de cancer de cuello uterino",numero de implantes insertados,2016-01-01,0,3,7,1,0,11
VILLA VACA GUZMAN (MUYUPAMPA),"anticoncepcion, prevencion de its y de cancer de cuello uterino",numero de implantes insertados,2016-01-01,0,2,2,2,0,6
WARNES,"anticoncepcion, prevencion de its y de cancer de cuello uterino",numero de implantes insertados,2016-01-01,0,6,15,6,0,27
YACUIBA,"anticoncepcion, prevencion de its y de cancer de cuello uterino",numero de implantes insertados,2016-01-01,0,0,1,0,0,1
YANACACHI,"anticoncepcion, prevencion de its y de cancer de cuello uterino",numero de implantes insertados,2016-01-01,0,0,2,1,0,3
YAPACANI,"anticoncepcion, prevencion de its y de cancer de cuello uterino",numero de implantes insertados,2016-01-01,0,0,3,0,0,3
YOTALA,"anticoncepcion, prevencion de its y de cancer de cuello uterino",numero de implantes insertados,2016-01-01,0,3,3,0,0,6
ZUDAÑEZ,"anticoncepcion, prevencion de its y de cancer de cuello uterino",numero de implantes insertados,2016-01-01,0,0,8,1,0,9
ACHACACHI,"anticoncepcion, prevencion de its y de cancer de cuello uterino",numero de implantes insertados,2016-02-01,0,0,0,1,0,1
ACHOCALLA,"anticoncepcion, prevencion de its y de cancer de cuello uterino",numero de implantes insertados,2016-02-01,0,1,4,0,0,5
AIQUILE,"anticoncepcion, prevencion de its y de cancer de cuello uterino",numero de implantes insertados,2016-02-01,0,1,7,0,0,8
ALTO BENI,"anticoncepcion, prevencion de its y de cancer de cuello uterino",numero de implantes insertados,2016-02-01,0,0,1,0,0,1
ANDAMARCA,"anticoncepcion, prevencion de its y de cancer de cuello uterino",numero de implantes insertados,2016-02-01,0,0,1,0,0,1
ANTEQUERA,"anticoncepcion, prevencion de its y de cancer de cuello uterino",numero de implantes insertados,2016-02-01,0,0,6,0,0,6
APOLO,"anticoncepcion, prevencion de its y de cancer de cuello uterino",numero de implantes insertados,2016-02-01,0,0,4,0,0,4
ATOCHA,"anticoncepcion, prevencion de its y de cancer de cuello uterino",numero de implantes insertados,2016-02-01,0,1,3,0,0,4
AYOPAYA (V. DE INDEPENDENCIA),"anticoncepcion, prevencion de its y de cancer de cuello uterino",numero de implantes insertados,2016-02-01,0,2,11,2,0,15
BELLA FLOR,"anticoncepcion, prevencion de its y de cancer de cuello uterino",numero de implantes insertados,2016-02-01,0,0,3,0,0,3
BUENA VISTA,"anticoncepcion, prevencion de its y de cancer de cuello uterino",numero de implantes insertados,2016-02-01,0,5,11,1,0,17
CAJUATA,"anticoncepcion, prevencion de its y de cancer de cuello uterino",numero de implantes insertados,2016-02-01,0,0,3,0,0,3
CAMARGO,"anticoncepcion, prevencion de its y de cancer de cuello uterino",numero de implantes insertados,2016-02-01,0,2,0,0,0,2
CAMATAQUI (C. VILLA ABECIA),"anticoncepcion, prevencion de its y de cancer de cuello uterino",numero de implantes insertados,2016-02-01,0,0,1,0,0,1
CAPINOTA,"anticoncepcion, prevencion de its y de cancer de cuello uterino",numero de implantes insertados,2016-02-01,0,1,4,0,0,5
CARACOLLO,"anticoncepcion, prevencion de its y de cancer de cuello uterino",numero de implantes insertados,2016-02-01,0,2,5,2,0,9
CHALLAPATA,"anticoncepcion, prevencion de its y de cancer de cuello uterino",numero de implantes insertados,2016-02-01,0,0,4,1,0,5
CKOCHAS,"anticoncepcion, prevencion de its y de cancer de cuello uterino",numero de implantes insertados,2016-02-01,0,1,9,4,0,14
CLIZA,"anticoncepcion, prevencion de its y de cancer de cuello uterino",numero de implantes insertados,2016-02-01,0,0,3,0,0,3
COBIJA,"anticoncepcion, prevencion de its y de cancer de cuello uterino",numero de implantes insertados,2016-02-01,0,7,12,0,0,19
COCHABAMBA,"anticoncepcion, prevencion de its y de cancer de cuello uterino",numero de implantes insertados,2016-02-01,0,12,159,35,0,206
COLCAPIRHUA,"anticoncepcion, prevencion de its y de cancer de cuello uterino",numero de implantes insertados,2016-02-01,0,0,9,0,0,9
CORIPATA,"anticoncepcion, prevencion de its y de cancer de cuello uterino",numero de implantes insertados,2016-02-01,0,0,1,0,0,1
COTAGAITA,"anticoncepcion, prevencion de its y de cancer de cuello uterino",numero de implantes insertados,2016-02-01,0,0,3,1,0,4
CULPINA,"anticoncepcion, prevencion de its y de cancer de cuello uterino",numero de implantes insertados,2016-02-01,0,2,10,3,0,15
EL ALTO,"anticoncepcion, prevencion de its y de cancer de cuello uterino",numero de implantes insertados,2016-02-01,0,26,153,108,0,287
EL TORNO,"anticoncepcion, prevencion de its y de cancer de cuello uterino",numero de implantes insertados,2016-02-01,0,16,49,5,0,70
ENTRE RIOS TRJ,"anticoncepcion, prevencion de its y de cancer de cuello uterino",numero de implantes insertados,2016-02-01,0,1,2,0,0,3
ESMERALDA,"anticoncepcion, prevencion de its y de cancer de cuello uterino",numero de implantes insertados,2016-02-01,0,1,3,1,0,5
EUREKA (SANTOS MERCADO),"anticoncepcion, prevencion de its y de cancer de cuello uterino",numero de implantes insertados,2016-02-01,0,1,1,0,0,2
FILADELFIA,"anticoncepcion, prevencion de its y de cancer de cuello uterino",numero de implantes insertados,2016-02-01,0,1,3,0,0,4
GUAYARAMERIN,"anticoncepcion, prevencion de its y de cancer de cuello uterino",numero de implantes insertados,2016-02-01,0,1,0,1,0,2
HUANUNI,"anticoncepcion, prevencion de its y de cancer de cuello uterino",numero de implantes insertados,2016-02-01,0,0,15,3,0,18
HUARACAJE,"anticoncepcion, prevencion de its y de cancer de cuello uterino",numero de implantes insertados,2016-02-01,0,1,6,0,0,7
ICLA,"anticoncepcion, prevencion de its y de cancer de cuello uterino",numero de implantes insertados,2016-02-01,0,0,6,1,0,7
INCAHUASI,"anticoncepcion, prevencion de its y de cancer de cuello uterino",numero de implantes insertados,2016-02-01,0,0,6,3,0,9
INGAVI (HUMAITA),"anticoncepcion, prevencion de its y de cancer de cuello uterino",numero de implantes insertados,2016-02-01,0,0,1,0,0,1
LA GUARDIA,"anticoncepcion, prevencion de its y de cancer de cuello uterino",numero de implantes insertados,2016-02-01,0,2,8,0,0,10
LA PAZ,"anticoncepcion, prevencion de its y de cancer de cuello uterino",numero de implantes insertados,2016-02-01,0,14,160,45,0,219
LAS CARRERAS,"anticoncepcion, prevencion de its y de cancer de cuello uterino",numero de implantes insertados,2016-02-01,0,1,4,1,0,6
LLALLAGUA,"anticoncepcion, prevencion de its y de cancer de cuello uterino",numero de implantes insertados,2016-02-01,0,2,9,3,0,14
MACHACAMARCA,"anticoncepcion, prevencion de its y de cancer de cuello uterino",numero de implantes insertados,2016-02-01,0,0,1,0,0,1
MACHARETI,"anticoncepcion, prevencion de its y de cancer de cuello uterino",numero de implantes insertados,2016-02-01,0,0,4,0,0,4
MAGDALENA,"anticoncepcion, prevencion de its y de cancer de cuello uterino",numero de implantes insertados,2016-02-01,0,1,2,0,0,3
MAPIRI,"anticoncepcion, prevencion de its y de cancer de cuello uterino",numero de implantes insertados,2016-02-01,0,1,3,1,0,5
MIZQUE,"anticoncepcion, prevencion de its y de cancer de cuello uterino",numero de implantes insertados,2016-02-01,0,1,15,3,0,19
MOCOMOCO,"anticoncepcion, prevencion de its y de cancer de cuello uterino",numero de implantes insertados,2016-02-01,0,1,0,1,0,2
MOJOCOYA,"anticoncepcion, prevencion de its y de cancer de cuello uterino",numero de implantes insertados,2016-02-01,0,0,1,0,0,1
MONTEAGUDO,"anticoncepcion, prevencion de its y de cancer de cuello uterino",numero de implantes insertados,2016-02-01,0,4,5,2,0,11
OMEREQUE,"anticoncepcion, prevencion de its y de cancer de cuello uterino",numero de implantes insertados,2016-02-01,0,0,1,0,0,1
ORURO,"anticoncepcion, prevencion de its y de cancer de cuello uterino",numero de implantes insertados,2016-02-01,0,8,56,7,0,71
PADILLA,"anticoncepcion, prevencion de its y de cancer de cuello uterino",numero de implantes insertados,2016-02-01,0,2,13,0,0,15
PAILON,"anticoncepcion, prevencion de its y de cancer de cuello uterino",numero de implantes insertados,2016-02-01,0,0,14,0,0,14
PAMPA AULLAGAS,"anticoncepcion, prevencion de its y de cancer de cuello uterino",numero de implantes insertados,2016-02-01,0,0,0,1,0,1
PAZÑA,"anticoncepcion, prevencion de its y de cancer de cuello uterino",numero de implantes insertados,2016-02-01,0,0,1,0,0,1
POCOATA,"anticoncepcion, prevencion de its y de cancer de cuello uterino",numero de implantes insertados,2016-02-01,0,0,0,1,0,1
PORTACHUELO,"anticoncepcion, prevencion de its y de cancer de cuello uterino",numero de implantes insertados,2016-02-01,0,0,1,0,0,1
POTOSI,"anticoncepcion, prevencion de its y de cancer de cuello uterino",numero de implantes insertados,2016-02-01,0,3,47,2,0,52
PRESTO,"anticoncepcion, prevencion de its y de cancer de cuello uterino",numero de implantes insertados,2016-02-01,0,0,4,2,0,6
PUCARANI,"anticoncepcion, prevencion de its y de cancer de cuello uterino",numero de implantes insertados,2016-02-01,0,0,2,0,0,2
PUERTO GONZALO MORENO,"anticoncepcion, prevencion de its y de cancer de cuello uterino",numero de implantes insertados,2016-02-01,0,0,5,0,0,5
PUNA,"anticoncepcion, prevencion de its y de cancer de cuello uterino",numero de implantes insertados,2016-02-01,0,2,1,3,0,6
QUILLACOLLO,"anticoncepcion, prevencion de its y de cancer de cuello uterino",numero de implantes insertados,2016-02-01,0,1,5,0,0,6
RIBERALTA,"anticoncepcion, prevencion de its y de cancer de cuello uterino",numero de implantes insertados,2016-02-01,1,41,69,3,0,114
RURRENABAQUE,"anticoncepcion, prevencion de its y de cancer de cuello uterino",numero de implantes insertados,2016-02-01,0,6,10,3,0,19
SACABA,"anticoncepcion, prevencion de its y de cancer de cuello uterino",numero de implantes insertados,2016-02-01,0,1,14,5,0,20
SACACA,"anticoncepcion, prevencion de its y de cancer de cuello uterino",numero de implantes insertados,2016-02-01,0,0,5,1,0,6
SALINAS DE GARCI MENDOZA,"anticoncepcion, prevencion de its y de cancer de cuello uterino",numero de implantes insertados,2016-02-01,0,0,2,0,0,2
SAN ANDRES,"anticoncepcion, prevencion de its y de cancer de cuello uterino",numero de implantes insertados,2016-02-01,0,1,4,1,0,6
SAN BUENA VENTURA,"anticoncepcion, prevencion de its y de cancer de cuello uterino",numero de implantes insertados,2016-02-01,0,0,3,2,0,5
SAN CARLOS,"anticoncepcion, prevencion de its y de cancer de cuello uterino",numero de implantes insertados,2016-02-01,0,0,0,1,0,1
SAN JOAQUIN,"anticoncepcion, prevencion de its y de cancer de cuello uterino",numero de implantes insertados,2016-02-01,0,0,1,0,0,1
SAN JOSE DE CHIQUITOS,"anticoncepcion, prevencion de its y de cancer de cuello uterino",numero de implantes insertados,2016-02-01,0,1,0,0,0,1
SAN JULIAN,"anticoncepcion, prevencion de its y de cancer de cuello uterino",numero de implantes insertados,2016-02-01,0,18,41,18,0,77
SAN LUCAS,"anticoncepcion, prevencion de its y de cancer de cuello uterino",numero de implantes insertados,2016-02-01,0,1,3,0,0,4
SANTA CRUZ DE LA SIERRA,"anticoncepcion, prevencion de its y de cancer de cuello uterino",numero de implantes insertados,2016-02-01,0,6,151,53,0,210
SANTIAGO DE HUARI,"anticoncepcion, prevencion de its y de cancer de cuello uterino",numero de implantes insertados,2016-02-01,0,1,1,0,0,2
SANTIVAÑES,"anticoncepcion, prevencion de its y de cancer de cuello uterino",numero de implantes insertados,2016-02-01,0,0,2,1,0,3
SIPE SIPE,"anticoncepcion, prevencion de its y de cancer de cuello uterino",numero de implantes insertados,2016-02-01,0,0,3,0,0,3
SOPACHUY,"anticoncepcion, prevencion de its y de cancer de cuello uterino",numero de implantes insertados,2016-02-01,0,0,3,0,0,3
SORATA,"anticoncepcion, prevencion de its y de cancer de cuello uterino",numero de implantes insertados,2016-02-01,0,0,2,1,0,3
SUCRE,"anticoncepcion, prevencion de its y de cancer de cuello uterino",numero de implantes insertados,2016-02-01,0,22,101,10,1,134
TACOBAMBA,"anticoncepcion, prevencion de its y de cancer de cuello uterino",numero de implantes insertados,2016-02-01,0,0,1,0,0,1
TAPACARI,"anticoncepcion, prevencion de its y de cancer de cuello uterino",numero de implantes insertados,2016-02-01,0,0,3,0,0,3
TARABUCO,"anticoncepcion, prevencion de its y de cancer de cuello uterino",numero de implantes insertados,2016-02-01,0,0,7,2,0,9
TARIJA,"anticoncepcion, prevencion de its y de cancer de cuello uterino",numero de implantes insertados,2016-02-01,0,12,53,25,0,90
TEOPONTE,"anticoncepcion, prevencion de its y de cancer de cuello uterino",numero de implantes insertados,2016-02-01,0,2,2,0,0,4
TIAWANACU,"anticoncepcion, prevencion de its y de cancer de cuello uterino",numero de implantes insertados,2016-02-01,0,1,2,0,0,3
TINGUIPAYA,"anticoncepcion, prevencion de its y de cancer de cuello uterino",numero de implantes insertados,2016-02-01,0,0,0,2,0,2
TIPUANI,"anticoncepcion, prevencion de its y de cancer de cuello uterino",numero de implantes insertados,2016-02-01,0,0,2,0,0,2
TIRAQUE (CBBA),"anticoncepcion, prevencion de its y de cancer de cuello uterino",numero de implantes insertados,2016-02-01,0,0,1,1,0,2
TOLATA,"anticoncepcion, prevencion de its y de cancer de cuello uterino",numero de implantes insertados,2016-02-01,0,0,1,2,0,3
TOLEDO,"anticoncepcion, prevencion de its y de cancer de cuello uterino",numero de implantes insertados,2016-02-01,0,0,1,0,0,1
TOTORA(CBBA),"anticoncepcion, prevencion de its y de cancer de cuello uterino",numero de implantes insertados,2016-02-01,0,0,3,0,0,3
TRINIDAD,"anticoncepcion, prevencion de its y de cancer de cuello uterino",numero de implantes insertados,2016-02-01,0,3,24,0,0,27
TUPIZA,"anticoncepcion, prevencion de its y de cancer de cuello uterino",numero de implantes insertados,2016-02-01,0,0,9,0,0,9
TURCO,"anticoncepcion, prevencion de its y de cancer de cuello uterino",numero de implantes insertados,2016-02-01,0,1,0,2,0,3
URIONDO (A. CONCEPCION),"anticoncepcion, prevencion de its y de cancer de cuello uterino",numero de implantes insertados,2016-02-01,0,3,9,1,0,13
VIACHA,"anticoncepcion, prevencion de its y de cancer de cuello uterino",numero de implantes insertados,2016-02-01,0,1,8,5,3,17
VILLA NUEVA (LOMA ALTA),"anticoncepcion, prevencion de its y de cancer de cuello uterino",numero de implantes insertados,2016-02-01,0,1,2,0,0,3
VILLA SERRANO,"anticoncepcion, prevencion de its y de cancer de cuello uterino",numero de implantes insertados,2016-02-01,0,2,3,2,0,7
VILLA VACA GUZMAN (MUYUPAMPA),"anticoncepcion, prevencion de its y de cancer de cuello uterino",numero de implantes insertados,2016-02-01,0,0,19,0,0,19
VINTO,"anticoncepcion, prevencion de its y de cancer de cuello uterino",numero de implantes insertados,2016-02-01,0,0,12,0,0,12
VITICHI,"anticoncepcion, prevencion de its y de cancer de cuello uterino",numero de implantes insertados,2016-02-01,0,0,1,0,0,1
YACUIBA,"anticoncepcion, prevencion de its y de cancer de cuello uterino",numero de implantes insertados,2016-02-01,0,0,1,0,0,1
YOTALA,"anticoncepcion, prevencion de its y de cancer de cuello uterino",numero de implantes insertados,2016-02-01,0,0,0,2,0,2
ZUDAÑEZ,"anticoncepcion, prevencion de its y de cancer de cuello uterino",numero de implantes insertados,2016-02-01,0,0,2,3,0,5
ACHACACHI,"anticoncepcion, prevencion de its y de cancer de cuello uterino",numero de implantes insertados,2016-03-01,0,0,2,1,0,3
ACHOCALLA,"anticoncepcion, prevencion de its y de cancer de cuello uterino",numero de implantes insertados,2016-03-01,0,1,10,1,0,12
AIQUILE,"anticoncepcion, prevencion de its y de cancer de cuello uterino",numero de implantes insertados,2016-03-01,0,0,10,2,0,12
ALTO BENI,"anticoncepcion, prevencion de its y de cancer de cuello uterino",numero de implantes insertados,2016-03-01,0,0,7,2,0,9
ANTEQUERA,"anticoncepcion, prevencion de its y de cancer de cuello uterino",numero de implantes insertados,2016-03-01,0,0,6,0,0,6
APOLO,"anticoncepcion, prevencion de its y de cancer de cuello uterino",numero de implantes insertados,2016-03-01,0,0,3,0,0,3
ATOCHA,"anticoncepcion, prevencion de its y de cancer de cuello uterino",numero de implantes insertados,2016-03-01,0,1,3,0,0,4
AYATA,"anticoncepcion, prevencion de its y de cancer de cuello uterino",numero de implantes insertados,2016-03-01,0,1,0,0,0,1
AYOPAYA (V. DE INDEPENDENCIA),"anticoncepcion, prevencion de its y de cancer de cuello uterino",numero de implantes insertados,2016-03-01,0,1,16,0,0,17
BELLA FLOR,"anticoncepcion, prevencion de its y de cancer de cuello uterino",numero de implantes insertados,2016-03-01,0,2,9,2,0,13
BERMEJO,"anticoncepcion, prevencion de its y de cancer de cuello uterino",numero de implantes insertados,2016-03-01,0,5,38,6,0,49
BETANZOS,"anticoncepcion, prevencion de its y de cancer de cuello uterino",numero de implantes insertados,2016-03-01,0,2,5,2,0,9
BOLPEBRA,"anticoncepcion, prevencion de its y de cancer de cuello uterino",numero de implantes insertados,2016-03-01,0,0,2,0,0,2
"CAIZA ""D""","anticoncepcion, prevencion de its y de cancer de cuello uterino",numero de implantes insertados,2016-03-01,0,2,19,4,0,25
CALAMARCA,"anticoncepcion, prevencion de its y de cancer de cuello uterino",numero de implantes insertados,2016-03-01,0,4,8,0,0,12
CAMARGO,"anticoncepcion, prevencion de its y de cancer de cuello uterino",numero de implantes insertados,2016-03-01,0,2,4,1,0,7
CAMATAQUI (C. VILLA ABECIA),"anticoncepcion, prevencion de its y de cancer de cuello uterino",numero de implantes insertados,2016-03-01,0,0,1,0,0,1
CAPINOTA,"anticoncepcion, prevencion de its y de cancer de cuello uterino",numero de implantes insertados,2016-03-01,0,1,5,0,0,6
CARACOLLO,"anticoncepcion, prevencion de its y de cancer de cuello uterino",numero de implantes insertados,2016-03-01,0,1,7,2,0,10
CHALLAPATA,"anticoncepcion, prevencion de its y de cancer de cuello uterino",numero de implantes insertados,2016-03-01,0,0,8,0,0,8
CHULUMANI (V. DE LA LIBERTAD),"anticoncepcion, prevencion de its y de cancer de cuello uterino",numero de implantes insertados,2016-03-01,0,1,9,2,0,12
CLIZA,"anticoncepcion, prevencion de its y de cancer de cuello uterino",numero de implantes insertados,2016-03-01,0,1,7,0,0,8
COBIJA,"anticoncepcion, prevencion de its y de cancer de cuello uterino",numero de implantes insertados,2016-03-01,1,9,30,2,0,42
COCAPATA,"anticoncepcion, prevencion de its y de cancer de cuello uterino",numero de implantes insertados,2016-03-01,0,1,2,1,0,4
COCHABAMBA,"anticoncepcion, prevencion de its y de cancer de cuello uterino",numero de implantes insertados,2016-03-01,0,14,161,25,1,201
COLCAPIRHUA,"anticoncepcion, prevencion de its y de cancer de cuello uterino",numero de implantes insertados,2016-03-01,0,4,18,5,0,27
COLOMI,"anticoncepcion, prevencion de its y de cancer de cuello uterino",numero de implantes insertados,2016-03-01,0,1,2,0,0,3
COLQUECHACA,"anticoncepcion, prevencion de its y de cancer de cuello uterino",numero de implantes insertados,2016-03-01,0,0,3,0,0,3
CORIPATA,"anticoncepcion, prevencion de its y de cancer de cuello uterino",numero de implantes insertados,2016-03-01,0,1,2,0,0,3
COTAGAITA,"anticoncepcion, prevencion de its y de cancer de cuello uterino",numero de implantes insertados,2016-03-01,0,0,1,1,0,2
CULPINA,"anticoncepcion, prevencion de its y de cancer de cuello uterino",numero de implantes insertados,2016-03-01,0,2,5,2,0,9
CURVA,"anticoncepcion, prevencion de its y de cancer de cuello uterino",numero de implantes insertados,2016-03-01,0,0,1,0,0,1
EL ALTO,"anticoncepcion, prevencion de its y de cancer de cuello uterino",numero de implantes insertados,2016-03-01,0,27,171,55,0,253
EL TORNO,"anticoncepcion, prevencion de its y de cancer de cuello uterino",numero de implantes insertados,2016-03-01,0,10,43,4,0,57
EL VILLAR,"anticoncepcion, prevencion de its y de cancer de cuello uterino",numero de implantes insertados,2016-03-01,0,1,1,0,0,2
ENTRE RIOS TRJ,"anticoncepcion, prevencion de its y de cancer de cuello uterino",numero de implantes insertados,2016-03-01,0,1,5,0,0,6
ESCOMA,"anticoncepcion, prevencion de its y de cancer de cuello uterino",numero de implantes insertados,2016-03-01,0,0,1,0,0,1
EUCALIPTUS,"anticoncepcion, prevencion de its y de cancer de cuello uterino",numero de implantes insertados,2016-03-01,0,0,1,0,0,1
EUREKA (SANTOS MERCADO),"anticoncepcion, prevencion de its y de cancer de cuello uterino",numero de implantes insertados,2016-03-01,0,0,1,0,0,1
FILADELFIA,"anticoncepcion, prevencion de its y de cancer de cuello uterino",numero de implantes insertados,2016-03-01,0,1,10,0,0,11
GENERAL SAAVEDRA,"anticoncepcion, prevencion de its y de cancer de cuello uterino",numero de implantes insertados,2016-03-01,0,0,1,0,0,1
GUAYARAMERIN,"anticoncepcion, prevencion de its y de cancer de cuello uterino",numero de implantes insertados,2016-03-01,0,0,1,0,0,1
HUANUNI,"anticoncepcion, prevencion de its y de cancer de cuello uterino",numero de implantes insertados,2016-03-01,0,1,14,5,0,20
HUAYLLAMARCA,"anticoncepcion, prevencion de its y de cancer de cuello uterino",numero de implantes insertados,2016-03-01,0,0,2,0,0,2
ICLA,"anticoncepcion, prevencion de its y de cancer de cuello uterino",numero de implantes insertados,2016-03-01,0,0,0,2,0,2
INCAHUASI,"anticoncepcion, prevencion de its y de cancer de cuello uterino",numero de implantes insertados,2016-03-01,0,0,6,1,0,7
INGAVI (HUMAITA),"anticoncepcion, prevencion de its y de cancer de cuello uterino",numero de implantes insertados,2016-03-01,0,0,1,0,0,1
LA GUARDIA,"anticoncepcion, prevencion de its y de cancer de cuello uterino",numero de implantes insertados,2016-03-01,0,1,12,4,0,17
LA PAZ,"anticoncepcion, prevencion de its y de cancer de cuello uterino",numero de implantes insertados,2016-03-01,2,34,166,38,2,242
LAJA,"anticoncepcion, prevencion de its y de cancer de cuello uterino",numero de implantes insertados,2016-03-01,0,1,17,0,0,18
LAS CARRERAS,"anticoncepcion, prevencion de its y de cancer de cuello uterino",numero de implantes insertados,2016-03-01,0,3,9,2,0,14
LLALLAGUA,"anticoncepcion, prevencion de its y de cancer de cuello uterino",numero de implantes insertados,2016-03-01,0,3,14,4,0,21
MACHACAMARCA,"anticoncepcion, prevencion de its y de cancer de cuello uterino",numero de implantes insertados,2016-03-01,0,0,6,1,0,7
MACHARETI,"anticoncepcion, prevencion de its y de cancer de cuello uterino",numero de implantes insertados,2016-03-01,0,0,2,1,0,3
MAGDALENA,"anticoncepcion, prevencion de its y de cancer de cuello uterino",numero de implantes insertados,2016-03-01,0,0,1,0,0,1
MIZQUE,"anticoncepcion, prevencion de its y de cancer de cuello uterino",numero de implantes insertados,2016-03-01,0,5,12,1,0,18
MOCOMOCO,"anticoncepcion, prevencion de its y de cancer de cuello uterino",numero de implantes insertados,2016-03-01,0,1,2,0,0,3
MOJOCOYA,"anticoncepcion, prevencion de its y de cancer de cuello uterino",numero de implantes insertados,2016-03-01,0,0,0,1,0,1
MONTEAGUDO,"anticoncepcion, prevencion de its y de cancer de cuello uterino",numero de implantes insertados,2016-03-01,0,2,11,3,0,16
ORURO,"anticoncepcion, prevencion de its y de cancer de cuello uterino",numero de implantes insertados,2016-03-01,0,9,61,7,0,77
PADILLA,"anticoncepcion, prevencion de its y de cancer de cuello uterino",numero de implantes insertados,2016-03-01,0,3,13,1,0,17
PALCA,"anticoncepcion, prevencion de its y de cancer de cuello uterino",numero de implantes insertados,2016-03-01,0,0,1,0,0,1
PALOS BLANCOS,"anticoncepcion, prevencion de its y de cancer de cuello uterino",numero de implantes insertados,2016-03-01,0,1,1,0,0,2
PAMPA AULLAGAS,"anticoncepcion, prevencion de its y de cancer de cuello uterino",numero de implantes insertados,2016-03-01,0,0,1,0,0,1
POCOATA,"anticoncepcion, prevencion de its y de cancer de cuello uterino",numero de implantes insertados,2016-03-01,0,0,1,0,0,1
POTOSI,"anticoncepcion, prevencion de its y de cancer de cuello uterino",numero de implantes insertados,2016-03-01,0,9,60,6,0,75
PRESTO,"anticoncepcion, prevencion de its y de cancer de cuello uterino",numero de implantes insertados,2016-03-01,0,0,4,1,0,5
PUCARANI,"anticoncepcion, prevencion de its y de cancer de cuello uterino",numero de implantes insertados,2016-03-01,0,0,5,1,0,6
PUERTO GONZALO MORENO,"anticoncepcion, prevencion de its y de cancer de cuello uterino",numero de implantes insertados,2016-03-01,0,2,4,1,0,7
PUERTO RICO,"anticoncepcion, prevencion de its y de cancer de cuello uterino",numero de implantes insertados,2016-03-01,0,1,1,0,0,2
PUNA,"anticoncepcion, prevencion de its y de cancer de cuello uterino",numero de implantes insertados,2016-03-01,0,0,4,0,0,4
QUILLACOLLO,"anticoncepcion, prevencion de its y de cancer de cuello uterino",numero de implantes insertados,2016-03-01,0,3,4,0,0,7
RIBERALTA,"anticoncepcion, prevencion de its y de cancer de cuello uterino",numero de implantes insertados,2016-03-01,3,39,49,1,0,92
ROBORE,"anticoncepcion, prevencion de its y de cancer de cuello uterino",numero de implantes insertados,2016-03-01,0,0,1,0,0,1
RURRENABAQUE,"anticoncepcion, prevencion de its y de cancer de cuello uterino",numero de implantes insertados,2016-03-01,0,1,6,1,0,8
SABAYA,"anticoncepcion, prevencion de its y de cancer de cuello uterino",numero de implantes insertados,2016-03-01,0,0,1,0,0,1
SACABA,"anticoncepcion, prevencion de its y de cancer de cuello uterino",numero de implantes insertados,2016-03-01,0,1,19,13,0,33
SACACA,"anticoncepcion, prevencion de its y de cancer de cuello uterino",numero de implantes insertados,2016-03-01,0,0,1,0,0,1
SAN ANDRES,"anticoncepcion, prevencion de its y de cancer de cuello uterino",numero de implantes insertados,2016-03-01,0,0,3,1,0,4
SAN BUENA VENTURA,"anticoncepcion, prevencion de its y de cancer de cuello uterino",numero de implantes insertados,2016-03-01,0,0,2,1,0,3
SAN CARLOS,"anticoncepcion, prevencion de its y de cancer de cuello uterino",numero de implantes insertados,2016-03-01,0,8,22,7,0,37
SAN LUCAS,"anticoncepcion, prevencion de its y de cancer de cuello uterino",numero de implantes insertados,2016-03-01,0,0,4,1,0,5
SANTA CRUZ DE LA SIERRA,"anticoncepcion, prevencion de its y de cancer de cuello uterino",numero de implantes insertados,2016-03-01,4,57,120,71,0,252
SANTIAGO DE HUARI,"anticoncepcion, prevencion de its y de cancer de cuello uterino",numero de implantes insertados,2016-03-01,0,0,5,0,0,5
SANTIAGO DE MACHACA,"anticoncepcion, prevencion de its y de cancer de cuello uterino",numero de implantes insertados,2016-03-01,0,0,1,0,0,1
SENA,"anticoncepcion, prevencion de its y de cancer de cuello uterino",numero de implantes insertados,2016-03-01,1,2,1,0,0,4
SICA SICA (VILLA AROMA),"anticoncepcion, prevencion de its y de cancer de cuello uterino",numero de implantes insertados,2016-03-01,0,1,2,0,0,3
SOPACHUY,"anticoncepcion, prevencion de its y de cancer de cuello uterino",numero de implantes insertados,2016-03-01,0,0,4,0,0,4
SORATA,"anticoncepcion, prevencion de its y de cancer de cuello uterino",numero de implantes insertados,2016-03-01,0,0,3,2,0,5
SUCRE,"anticoncepcion, prevencion de its y de cancer de cuello uterino",numero de implantes insertados,2016-03-01,0,22,142,17,0,181
TAPACARI,"anticoncepcion, prevencion de its y de cancer de cuello uterino",numero de implantes insertados,2016-03-01,0,0,4,2,0,6
TARABUCO,"anticoncepcion, prevencion de its y de cancer de cuello uterino",numero de implantes insertados,2016-03-01,0,0,5,2,0,7
TARIJA,"anticoncepcion, prevencion de its y de cancer de cuello uterino",numero de implantes insertados,2016-03-01,0,8,86,11,0,105
TEOPONTE,"anticoncepcion, prevencion de its y de cancer de cuello uterino",numero de implantes insertados,2016-03-01,0,0,3,0,0,3
TIAWANACU,"anticoncepcion, prevencion de its y de cancer de cuello uterino",numero de implantes insertados,2016-03-01,0,0,1,0,0,1
TINGUIPAYA,"anticoncepcion, prevencion de its y de cancer de cuello uterino",numero de implantes insertados,2016-03-01,0,0,1,2,0,3
TIPUANI,"anticoncepcion, prevencion de its y de cancer de cuello uterino",numero de implantes insertados,2016-03-01,0,1,4,2,0,7
TIQUIPAYA,"anticoncepcion, prevencion de its y de cancer de cuello uterino",numero de implantes insertados,2016-03-01,0,1,9,0,0,10
TIRAQUE (CBBA),"anticoncepcion, prevencion de its y de cancer de cuello uterino",numero de implantes insertados,2016-03-01,0,0,1,0,0,1
TODOS SANTOS,"anticoncepcion, prevencion de its y de cancer de cuello uterino",numero de implantes insertados,2016-03-01,0,0,1,0,0,1
TOLATA,"anticoncepcion, prevencion de its y de cancer de cuello uterino",numero de implantes insertados,2016-03-01,0,2,11,0,0,13
TOLEDO,"anticoncepcion, prevencion de its y de cancer de cuello uterino",numero de implantes insertados,2016-03-01,0,0,4,0,0,4
TOMINA,"anticoncepcion, prevencion de its y de cancer de cuello uterino",numero de implantes insertados,2016-03-01,0,1,3,0,0,4
TOTORA(CBBA),"anticoncepcion, prevencion de its y de cancer de cuello uterino",numero de implantes insertados,2016-03-01,0,2,8,1,0,11
TRINIDAD,"anticoncepcion, prevencion de its y de cancer de cuello uterino",numero de implantes insertados,2016-03-01,0,4,22,2,0,28
TUPIZA,"anticoncepcion, prevencion de its y de cancer de cuello uterino",numero de implantes insertados,2016-03-01,0,3,4,0,0,7
TURCO,"anticoncepcion, prevencion de its y de cancer de cuello uterino",numero de implantes insertados,2016-03-01,0,1,0,0,0,1
URIONDO (A. CONCEPCION),"anticoncepcion, prevencion de its y de cancer de cuello uterino",numero de implantes insertados,2016-03-01,0,5,12,3,0,20
VIACHA,"anticoncepcion, prevencion de its y de cancer de cuello uterino",numero de implantes insertados,2016-03-01,0,2,4,1,0,7
VILLA NUEVA (LOMA ALTA),"anticoncepcion, prevencion de its y de cancer de cuello uterino",numero de implantes insertados,2016-03-01,0,1,1,0,0,2
VILLA SERRANO,"anticoncepcion, prevencion de its y de cancer de cuello uterino",numero de implantes insertados,2016-03-01,0,1,3,1,0,5
VILLA VACA GUZMAN (MUYUPAMPA),"anticoncepcion, prevencion de its y de cancer de cuello uterino",numero de implantes insertados,2016-03-01,0,1,8,0,0,9
VILLAZON,"anticoncepcion, prevencion de its y de cancer de cuello uterino",numero de implantes insertados,2016-03-01,0,0,6,3,0,9
VINTO,"anticoncepcion, prevencion de its y de cancer de cuello uterino",numero de implantes insertados,2016-03-01,0,3,7,3,0,13
VITICHI,"anticoncepcion, prevencion de its y de cancer de cuello uterino",numero de implantes insertados,2016-03-01,0,0,6,4,0,10
YOTALA,"anticoncepcion, prevencion de its y de cancer de cuello uterino",numero de implantes insertados,2016-03-01,0,0,3,0,0,3
ZUDAÑEZ,"anticoncepcion, prevencion de its y de cancer de cuello uterino",numero de implantes insertados,2016-03-01,0,2,3,1,0,6
ACHACACHI,"anticoncepcion, prevencion de its y de cancer de cuello uterino",numero de implantes insertados,2016-04-01,0,0,1,0,0,1
ACHOCALLA,"anticoncepcion, prevencion de its y de cancer de cuello uterino",numero de implantes insertados,2016-04-01,0,2,2,0,0,4
ALTO BENI,"anticoncepcion, prevencion de its y de cancer de cuello uterino",numero de implantes insertados,2016-04-01,0,0,4,0,0,4
ANTEQUERA,"anticoncepcion, prevencion de its y de cancer de cuello uterino",numero de implantes insertados,2016-04-01,0,0,3,1,0,4
APOLO,"anticoncepcion, prevencion de its y de cancer de cuello uterino",numero de implantes insertados,2016-04-01,0,0,1,1,0,2
ATOCHA,"anticoncepcion, prevencion de its y de cancer de cuello uterino",numero de implantes insertados,2016-04-01,0,2,4,2,0,8
AYOPAYA (V. DE INDEPENDENCIA),"anticoncepcion, prevencion de its y de cancer de cuello uterino",numero de implantes insertados,2016-04-01,0,0,5,0,0,5
BATALLAS,"anticoncepcion, prevencion de its y de cancer de cuello uterino",numero de implantes insertados,2016-04-01,0,2,9,1,0,12
BELLA FLOR,"anticoncepcion, prevencion de its y de cancer de cuello uterino",numero de implantes insertados,2016-04-01,0,0,2,0,0,2
BERMEJO,"anticoncepcion, prevencion de its y de cancer de cuello uterino",numero de implantes insertados,2016-04-01,0,0,3,0,0,3
CAJUATA,"anticoncepcion, prevencion de its y de cancer de cuello uterino",numero de implantes insertados,2016-04-01,1,2,34,4,0,41
CAMARGO,"anticoncepcion, prevencion de its y de cancer de cuello uterino",numero de implantes insertados,2016-04-01,0,0,1,0,0,1
CAMATAQUI (C. VILLA ABECIA),"anticoncepcion, prevencion de its y de cancer de cuello uterino",numero de implantes insertados,2016-04-01,0,1,1,0,0,2
CAPINOTA,"anticoncepcion, prevencion de its y de cancer de cuello uterino",numero de implantes insertados,2016-04-01,0,7,15,2,0,24
CARACOLLO,"anticoncepcion, prevencion de its y de cancer de cuello uterino",numero de implantes insertados,2016-04-01,0,1,5,1,0,7
CARIPUYO,"anticoncepcion, prevencion de its y de cancer de cuello uterino",numero de implantes insertados,2016-04-01,0,4,3,0,0,7
CHALLAPATA,"anticoncepcion, prevencion de its y de cancer de cuello uterino",numero de implantes insertados,2016-04-01,0,0,13,1,0,14
CHULUMANI (V. DE LA LIBERTAD),"anticoncepcion, prevencion de its y de cancer de cuello uterino",numero de implantes insertados,2016-04-01,0,1,10,1,0,12
CKOCHAS,"anticoncepcion, prevencion de its y de cancer de cuello uterino",numero de implantes insertados,2016-04-01,0,0,2,0,0,2
CLIZA,"anticoncepcion, prevencion de its y de cancer de cuello uterino",numero de implantes insertados,2016-04-01,0,1,11,0,0,12
COBIJA,"anticoncepcion, prevencion de its y de cancer de cuello uterino",numero de implantes insertados,2016-04-01,2,6,21,0,0,29
COCAPATA,"anticoncepcion, prevencion de its y de cancer de cuello uterino",numero de implantes insertados,2016-04-01,0,0,2,0,0,2
COCHABAMBA,"anticoncepcion, prevencion de its y de cancer de cuello uterino",numero de implantes insertados,2016-04-01,1,6,86,22,1,116
COLCAPIRHUA,"anticoncepcion, prevencion de its y de cancer de cuello uterino",numero de implantes insertados,2016-04-01,0,3,43,4,0,50
COLOMI,"anticoncepcion, prevencion de its y de cancer de cuello uterino",numero de implantes insertados,2016-04-01,0,1,3,0,0,4
CORIPATA,"anticoncepcion, prevencion de its y de cancer de cuello uterino",numero de implantes insertados,2016-04-01,0,2,3,1,0,6
CORQUE,"anticoncepcion, prevencion de its y de cancer de cuello uterino",numero de implantes insertados,2016-04-01,0,1,4,0,0,5
COTAGAITA,"anticoncepcion, prevencion de its y de cancer de cuello uterino",numero de implantes insertados,2016-04-01,0,0,1,0,0,1
CULPINA,"anticoncepcion, prevencion de its y de cancer de cuello uterino",numero de implantes insertados,2016-04-01,0,0,2,0,0,2
EL ALTO,"anticoncepcion, prevencion de its y de cancer de cuello uterino",numero de implantes insertados,2016-04-01,0,18,129,46,0,193
EL CHORO,"anticoncepcion, prevencion de its y de cancer de cuello uterino",numero de implantes insertados,2016-04-01,0,0,2,0,0,2
EL TORNO,"anticoncepcion, prevencion de its y de cancer de cuello uterino",numero de implantes insertados,2016-04-01,0,1,5,1,0,7
ENTRE RIOS TRJ,"anticoncepcion, prevencion de its y de cancer de cuello uterino",numero de implantes insertados,2016-04-01,0,1,9,2,0,12
ENTRE RIOS CBBA,"anticoncepcion, prevencion de its y de cancer de cuello uterino",numero de implantes insertados,2016-04-01,0,0,6,1,0,7
ESCOMA,"anticoncepcion, prevencion de its y de cancer de cuello uterino",numero de implantes insertados,2016-04-01,0,0,3,0,0,3
ESMERALDA,"anticoncepcion, prevencion de its y de cancer de cuello uterino",numero de implantes insertados,2016-04-01,0,0,1,0,0,1
EUCALIPTUS,"anticoncepcion, prevencion de its y de cancer de cuello uterino",numero de implantes insertados,2016-04-01,0,0,2,0,0,2
FILADELFIA,"anticoncepcion, prevencion de its y de cancer de cuello uterino",numero de implantes insertados,2016-04-01,1,4,4,1,0,10
GUAQUI,"anticoncepcion, prevencion de its y de cancer de cuello uterino",numero de implantes insertados,2016-04-01,0,1,4,2,0,7
GUAYARAMERIN,"anticoncepcion, prevencion de its y de cancer de cuello uterino",numero de implantes insertados,2016-04-01,0,0,9,0,0,9
HUANUNI,"anticoncepcion, prevencion de its y de cancer de cuello uterino",numero de implantes insertados,2016-04-01,0,0,3,1,0,4
HUAYLLAMARCA,"anticoncepcion, prevencion de its y de cancer de cuello uterino",numero de implantes insertados,2016-04-01,0,0,1,0,0,1
ICLA,"anticoncepcion, prevencion de its y de cancer de cuello uterino",numero de implantes insertados,2016-04-01,0,0,2,2,1,5
INCAHUASI,"anticoncepcion, prevencion de its y de cancer de cuello uterino",numero de implantes insertados,2016-04-01,0,0,3,0,0,3
IRUPANA (VILLA DE LANZA),"anticoncepcion, prevencion de its y de cancer de cuello uterino",numero de implantes insertados,2016-04-01,0,1,3,4,0,8
LA ASUNTA,"anticoncepcion, prevencion de its y de cancer de cuello uterino",numero de implantes insertados,2016-04-01,0,1,46,0,0,47
LA GUARDIA,"anticoncepcion, prevencion de its y de cancer de cuello uterino",numero de implantes insertados,2016-04-01,0,7,15,2,0,24
LA PAZ,"anticoncepcion, prevencion de its y de cancer de cuello uterino",numero de implantes insertados,2016-04-01,0,22,149,44,0,215
LAJA,"anticoncepcion, prevencion de its y de cancer de cuello uterino",numero de implantes insertados,2016-04-01,0,0,3,0,0,3
LAS CARRERAS,"anticoncepcion, prevencion de its y de cancer de cuello uterino",numero de implantes insertados,2016-04-01,0,4,1,1,0,6
LLALLAGUA,"anticoncepcion, prevencion de its y de cancer de cuello uterino",numero de implantes insertados,2016-04-01,0,3,16,1,0,20
MACHACAMARCA,"anticoncepcion, prevencion de its y de cancer de cuello uterino",numero de implantes insertados,2016-04-01,0,2,4,0,0,6
MACHARETI,"anticoncepcion, prevencion de its y de cancer de cuello uterino",numero de implantes insertados,2016-04-01,0,1,2,0,0,3
MAGDALENA,"anticoncepcion, prevencion de its y de cancer de cuello uterino",numero de implantes insertados,2016-04-01,0,0,1,0,0,1
MECAPACA,"anticoncepcion, prevencion de its y de cancer de cuello uterino",numero de implantes insertados,2016-04-01,0,0,1,0,0,1
MIZQUE,"anticoncepcion, prevencion de its y de cancer de cuello uterino",numero de implantes insertados,2016-04-01,0,1,6,0,0,7
MOCOMOCO,"anticoncepcion, prevencion de its y de cancer de cuello uterino",numero de implantes insertados,2016-04-01,0,1,0,0,0,1
MOJOCOYA,"anticoncepcion, prevencion de its y de cancer de cuello uterino",numero de implantes insertados,2016-04-01,0,1,2,0,0,3
MONTEAGUDO,"anticoncepcion, prevencion de its y de cancer de cuello uterino",numero de implantes insertados,2016-04-01,0,2,9,2,0,13
ORURO,"anticoncepcion, prevencion de its y de cancer de cuello uterino",numero de implantes insertados,2016-04-01,0,7,56,7,0,70
PADILLA,"anticoncepcion, prevencion de its y de cancer de cuello uterino",numero de implantes insertados,2016-04-01,0,3,11,1,0,15
PAILON,"anticoncepcion, prevencion de its y de cancer de cuello uterino",numero de implantes insertados,2016-04-01,0,1,5,0,0,6
PAMPA AULLAGAS,"anticoncepcion, prevencion de its y de cancer de cuello uterino",numero de implantes insertados,2016-04-01,0,0,1,0,0,1
PAZÑA,"anticoncepcion, prevencion de its y de cancer de cuello uterino",numero de implantes insertados,2016-04-01,0,0,4,0,0,4
POTOSI,"anticoncepcion, prevencion de its y de cancer de cuello uterino",numero de implantes insertados,2016-04-01,0,13,75,30,0,118
PRESTO,"anticoncepcion, prevencion de its y de cancer de cuello uterino",numero de implantes insertados,2016-04-01,0,0,5,1,0,6
PUCARANI,"anticoncepcion, prevencion de its y de cancer de cuello uterino",numero de implantes insertados,2016-04-01,0,1,1,0,0,2
PUERTO GONZALO MORENO,"anticoncepcion, prevencion de its y de cancer de cuello uterino",numero de implantes insertados,2016-04-01,0,4,3,1,0,8
PUERTO RICO,"anticoncepcion, prevencion de its y de cancer de cuello uterino",numero de implantes insertados,2016-04-01,0,4,3,0,0,7
PUERTO VILLARROEL,"anticoncepcion, prevencion de its y de cancer de cuello uterino",numero de implantes insertados,2016-04-01,0,1,7,3,0,11
PUNA,"anticoncepcion, prevencion de its y de cancer de cuello uterino",numero de implantes insertados,2016-04-01,0,5,12,3,0,20
QUILLACOLLO,"anticoncepcion, prevencion de its y de cancer de cuello uterino",numero de implantes insertados,2016-04-01,0,2,5,0,0,7
RIBERALTA,"anticoncepcion, prevencion de its y de cancer de cuello uterino",numero de implantes insertados,2016-04-01,3,20,31,3,0,57
ROBORE,"anticoncepcion, prevencion de its y de cancer de cuello uterino",numero de implantes insertados,2016-04-01,0,0,1,0,0,1
RURRENABAQUE,"anticoncepcion, prevencion de its y de cancer de cuello uterino",numero de implantes insertados,2016-04-01,0,1,3,1,0,5
SABAYA,"anticoncepcion, prevencion de its y de cancer de cuello uterino",numero de implantes insertados,2016-04-01,0,0,1,0,0,1
SACABA,"anticoncepcion, prevencion de its y de cancer de cuello uterino",numero de implantes insertados,2016-04-01,0,0,2,2,0,4
SACACA,"anticoncepcion, prevencion de its y de cancer de cuello uterino",numero de implantes insertados,2016-04-01,0,4,30,0,0,34
SALINAS DE GARCI MENDOZA,"anticoncepcion, prevencion de its y de cancer de cuello uterino",numero de implantes insertados,2016-04-01,0,0,1,0,0,1
SAN BORJA,"anticoncepcion, prevencion de its y de cancer de cuello uterino",numero de implantes insertados,2016-04-01,0,3,11,1,0,15
SAN CARLOS,"anticoncepcion, prevencion de its y de cancer de cuello uterino",numero de implantes insertados,2016-04-01,1,3,10,5,0,19
SAN IGNACIO,"anticoncepcion, prevencion de its y de cancer de cuello uterino",numero de implantes insertados,2016-04-01,0,1,1,1,0,3
SAN JULIAN,"anticoncepcion, prevencion de its y de cancer de cuello uterino",numero de implantes insertados,2016-04-01,0,10,31,0,0,41
SAN LORENZO(PND),"anticoncepcion, prevencion de its y de cancer de cuello uterino",numero de implantes insertados,2016-04-01,0,1,0,0,0,1
SAN LORENZO(TJA),"anticoncepcion, prevencion de its y de cancer de cuello uterino",numero de implantes insertados,2016-04-01,0,0,9,3,0,12
SAN LUCAS,"anticoncepcion, prevencion de its y de cancer de cuello uterino",numero de implantes insertados,2016-04-01,0,2,3,1,0,6
SAN PEDRO,"anticoncepcion, prevencion de its y de cancer de cuello uterino",numero de implantes insertados,2016-04-01,0,1,21,1,0,23
SANTA ANA,"anticoncepcion, prevencion de its y de cancer de cuello uterino",numero de implantes insertados,2016-04-01,0,0,1,0,0,1
SANTA CRUZ DE LA SIERRA,"anticoncepcion, prevencion de its y de cancer de cuello uterino",numero de implantes insertados,2016-04-01,0,83,222,125,0,430
SANTA ROSA,"anticoncepcion, prevencion de its y de cancer de cuello uterino",numero de implantes insertados,2016-04-01,0,0,3,0,0,3
SANTIAGO DE HUARI,"anticoncepcion, prevencion de its y de cancer de cuello uterino",numero de implantes insertados,2016-04-01,0,1,3,0,0,4
SANTIAGO DE MACHACA,"anticoncepcion, prevencion de its y de cancer de cuello uterino",numero de implantes insertados,2016-04-01,0,0,2,0,0,2
SANTUARIO DE QUILLACAS,"anticoncepcion, prevencion de its y de cancer de cuello uterino",numero de implantes insertados,2016-04-01,0,0,1,0,0,1
SENA,"anticoncepcion, prevencion de its y de cancer de cuello uterino",numero de implantes insertados,2016-04-01,0,1,5,3,0,9
SICA SICA (VILLA AROMA),"anticoncepcion, prevencion de its y de cancer de cuello uterino",numero de implantes insertados,2016-04-01,0,1,5,0,0,6
SOPACHUY,"anticoncepcion, prevencion de its y de cancer de cuello uterino",numero de implantes insertados,2016-04-01,0,0,1,1,0,2
SORATA,"anticoncepcion, prevencion de its y de cancer de cuello uterino",numero de implantes insertados,2016-04-01,0,0,5,1,0,6
SUCRE,"anticoncepcion, prevencion de its y de cancer de cuello uterino",numero de implantes insertados,2016-04-01,0,27,168,21,0,216
TAPACARI,"anticoncepcion, prevencion de its y de cancer de cuello uterino",numero de implantes insertados,2016-04-01,0,1,7,1,0,9
TARABUCO,"anticoncepcion, prevencion de its y de cancer de cuello uterino",numero de implantes insertados,2016-04-01,0,1,8,1,0,10
TARIJA,"anticoncepcion, prevencion de its y de cancer de cuello uterino",numero de implantes insertados,2016-04-01,0,13,69,4,0,86
TARVITA,"anticoncepcion, prevencion de its y de cancer de cuello uterino",numero de implantes insertados,2016-04-01,0,1,0,0,0,1
TIAWANACU,"anticoncepcion, prevencion de its y de cancer de cuello uterino",numero de implantes insertados,2016-04-01,0,0,1,0,0,1
TINGUIPAYA,"anticoncepcion, prevencion de its y de cancer de cuello uterino",numero de implantes insertados,2016-04-01,0,1,1,0,0,2
TIPUANI,"anticoncepcion, prevencion de its y de cancer de cuello uterino",numero de implantes insertados,2016-04-01,0,0,8,1,0,9
TIQUIPAYA,"anticoncepcion, prevencion de its y de cancer de cuello uterino",numero de implantes insertados,2016-04-01,0,1,1,0,0,2
TOLATA,"anticoncepcion, prevencion de its y de cancer de cuello uterino",numero de implantes insertados,2016-04-01,0,0,1,0,0,1
TOLEDO,"anticoncepcion, prevencion de its y de cancer de cuello uterino",numero de implantes insertados,2016-04-01,0,1,5,0,0,6
TOMINA,"anticoncepcion, prevencion de its y de cancer de cuello uterino",numero de implantes insertados,2016-04-01,0,0,5,0,0,5
TOTORA(CBBA),"anticoncepcion, prevencion de its y de cancer de cuello uterino",numero de implantes insertados,2016-04-01,0,1,8,1,0,10
TRINIDAD,"anticoncepcion, prevencion de its y de cancer de cuello uterino",numero de implantes insertados,2016-04-01,0,3,29,5,0,37
TUPIZA,"anticoncepcion, prevencion de its y de cancer de cuello uterino",numero de implantes insertados,2016-04-01,0,2,14,3,0,19
TURCO,"anticoncepcion, prevencion de its y de cancer de cuello uterino",numero de implantes insertados,2016-04-01,0,0,2,1,0,3
URIONDO (A. CONCEPCION),"anticoncepcion, prevencion de its y de cancer de cuello uterino",numero de implantes insertados,2016-04-01,0,1,7,1,0,9
VIACHA,"anticoncepcion, prevencion de its y de cancer de cuello uterino",numero de implantes insertados,2016-04-01,0,2,11,2,0,15
VILLA CHARCAS,"anticoncepcion, prevencion de its y de cancer de cuello uterino",numero de implantes insertados,2016-04-01,0,1,15,1,0,17
VILLA SERRANO,"anticoncepcion, prevencion de its y de cancer de cuello uterino",numero de implantes insertados,2016-04-01,0,1,1,0,0,2
VILLA TUNARI,"anticoncepcion, prevencion de its y de cancer de cuello uterino",numero de implantes insertados,2016-04-01,0,1,11,9,0,21
VILLA VACA GUZMAN (MUYUPAMPA),"anticoncepcion, prevencion de its y de cancer de cuello uterino",numero de implantes insertados,2016-04-01,0,3,13,1,0,17
VILLAZON,"anticoncepcion, prevencion de its y de cancer de cuello uterino",numero de implantes insertados,2016-04-01,0,1,9,1,0,11
VINTO,"anticoncepcion, prevencion de its y de cancer de cuello uterino",numero de implantes insertados,2016-04-01,0,1,11,0,0,12
VITICHI,"anticoncepcion, prevencion de its y de cancer de cuello uterino",numero de implantes insertados,2016-04-01,0,0,1,0,0,1
WARNES,"anticoncepcion, prevencion de its y de cancer de cuello uterino",numero de implantes insertados,2016-04-01,0,5,14,0,0,19
YANACACHI,"anticoncepcion, prevencion de its y de cancer de cuello uterino",numero de implantes insertados,2016-04-01,0,0,3,2,0,5
YOTALA,"anticoncepcion, prevencion de its y de cancer de cuello uterino",numero de implantes insertados,2016-04-01,0,0,2,0,0,2
ZUDAÑEZ,"anticoncepcion, prevencion de its y de cancer de cuello uterino",numero de implantes insertados,2016-04-01,0,0,3,1,0,4
ACACIO,"anticoncepcion, prevencion de its y de cancer de cuello uterino",numero de implantes insertados,2016-05-01,0,1,1,0,0,2
ACHACACHI,"anticoncepcion, prevencion de its y de cancer de cuello uterino",numero de implantes insertados,2016-05-01,0,1,0,0,0,1
ACHOCALLA,"anticoncepcion, prevencion de its y de cancer de cuello uterino",numero de implantes insertados,2016-05-01,0,0,10,1,0,11
AIQUILE,"anticoncepcion, prevencion de its y de cancer de cuello uterino",numero de implantes insertados,2016-05-01,0,12,18,1,0,31
ANTEQUERA,"anticoncepcion, prevencion de its y de cancer de cuello uterino",numero de implantes insertados,2016-05-01,0,0,1,0,0,1
APOLO,"anticoncepcion, prevencion de its y de cancer de cuello uterino",numero de implantes insertados,2016-05-01,0,1,0,0,0,1
ATOCHA,"anticoncepcion, prevencion de its y de cancer de cuello uterino",numero de implantes insertados,2016-05-01,0,2,10,8,0,20
AYATA,"anticoncepcion, prevencion de its y de cancer de cuello uterino",numero de implantes insertados,2016-05-01,0,0,2,0,0,2
AYOPAYA (V. DE INDEPENDENCIA),"anticoncepcion, prevencion de its y de cancer de cuello uterino",numero de implantes insertados,2016-05-01,0,0,2,0,0,2
BATALLAS,"anticoncepcion, prevencion de its y de cancer de cuello uterino",numero de implantes insertados,2016-05-01,0,0,1,1,0,2
BELLA FLOR,"anticoncepcion, prevencion de its y de cancer de cuello uterino",numero de implantes insertados,2016-05-01,0,0,4,0,0,4
BERMEJO,"anticoncepcion, prevencion de its y de cancer de cuello uterino",numero de implantes insertados,2016-05-01,0,0,3,1,0,4
BETANZOS,"anticoncepcion, prevencion de its y de cancer de cuello uterino",numero de implantes insertados,2016-05-01,0,1,9,2,0,12
CABEZAS,"anticoncepcion, prevencion de its y de cancer de cuello uterino",numero de implantes insertados,2016-05-01,0,6,45,5,0,56
"CAIZA ""D""","anticoncepcion, prevencion de its y de cancer de cuello uterino",numero de implantes insertados,2016-05-01,0,2,7,0,0,9
CAMARGO,"anticoncepcion, prevencion de its y de cancer de cuello uterino",numero de implantes insertados,2016-05-01,0,1,0,0,0,1
CAMATAQUI (C. VILLA ABECIA),"anticoncepcion, prevencion de its y de cancer de cuello uterino",numero de implantes insertados,2016-05-01,0,1,1,0,0,2
CAPINOTA,"anticoncepcion, prevencion de its y de cancer de cuello uterino",numero de implantes insertados,2016-05-01,0,0,10,1,0,11
CARIPUYO,"anticoncepcion, prevencion de its y de cancer de cuello uterino",numero de implantes insertados,2016-05-01,0,1,1,0,0,2
CHALLAPATA,"anticoncepcion, prevencion de its y de cancer de cuello uterino",numero de implantes insertados,2016-05-01,0,0,4,0,0,4
CHAYANTA,"anticoncepcion, prevencion de its y de cancer de cuello uterino",numero de implantes insertados,2016-05-01,0,0,1,0,0,1
CHULUMANI (V. DE LA LIBERTAD),"anticoncepcion, prevencion de its y de cancer de cuello uterino",numero de implantes insertados,2016-05-01,0,0,5,3,0,8
CHUMA,"anticoncepcion, prevencion de its y de cancer de cuello uterino",numero de implantes insertados,2016-05-01,0,1,0,3,0,4
CLIZA,"anticoncepcion, prevencion de its y de cancer de cuello uterino",numero de implantes insertados,2016-05-01,0,0,10,0,0,10
COBIJA,"anticoncepcion, prevencion de its y de cancer de cuello uterino",numero de implantes insertados,2016-05-01,1,9,29,0,0,39
COCAPATA,"anticoncepcion, prevencion de its y de cancer de cuello uterino",numero de implantes insertados,2016-05-01,0,0,2,1,0,3
COCHABAMBA,"anticoncepcion, prevencion de its y de cancer de cuello uterino",numero de implantes insertados,2016-05-01,0,4,69,25,0,98
COLCAPIRHUA,"anticoncepcion, prevencion de its y de cancer de cuello uterino",numero de implantes insertados,2016-05-01,0,1,4,1,0,6
COLOMI,"anticoncepcion, prevencion de its y de cancer de cuello uterino",numero de implantes insertados,2016-05-01,0,0,3,0,0,3
CORIPATA,"anticoncepcion, prevencion de its y de cancer de cuello uterino",numero de implantes insertados,2016-05-01,0,0,2,0,0,2
COROICO,"anticoncepcion, prevencion de its y de cancer de cuello uterino",numero de implantes insertados,2016-05-01,0,0,1,0,0,1
COTAGAITA,"anticoncepcion, prevencion de its y de cancer de cuello uterino",numero de implantes insertados,2016-05-01,0,3,8,0,0,11
CULPINA,"anticoncepcion, prevencion de its y de cancer de cuello uterino",numero de implantes insertados,2016-05-01,0,0,4,2,0,6
CURVA,"anticoncepcion, prevencion de its y de cancer de cuello uterino",numero de implantes insertados,2016-05-01,0,0,1,0,0,1
EL ALTO,"anticoncepcion, prevencion de its y de cancer de cuello uterino",numero de implantes insertados,2016-05-01,0,18,164,48,0,230
EL PUENTE(STC),"anticoncepcion, prevencion de its y de cancer de cuello uterino",numero de implantes insertados,2016-05-01,0,6,0,0,0,6
EL TORNO,"anticoncepcion, prevencion de its y de cancer de cuello uterino",numero de implantes insertados,2016-05-01,0,0,3,0,0,3
EL VILLAR,"anticoncepcion, prevencion de its y de cancer de cuello uterino",numero de implantes insertados,2016-05-01,0,0,2,0,0,2
ENTRE RIOS TRJ,"anticoncepcion, prevencion de its y de cancer de cuello uterino",numero de implantes insertados,2016-05-01,0,3,6,0,0,9
ENTRE RIOS CBBA,"anticoncepcion, prevencion de its y de cancer de cuello uterino",numero de implantes insertados,2016-05-01,0,1,22,1,0,24
ESCOMA,"anticoncepcion, prevencion de its y de cancer de cuello uterino",numero de implantes insertados,2016-05-01,0,0,2,0,0,2
EUCALIPTUS,"anticoncepcion, prevencion de its y de cancer de cuello uterino",numero de implantes insertados,2016-05-01,0,0,1,2,0,3
EUREKA (SANTOS MERCADO),"anticoncepcion, prevencion de its y de cancer de cuello uterino",numero de implantes insertados,2016-05-01,0,0,1,0,0,1
FILADELFIA,"anticoncepcion, prevencion de its y de cancer de cuello uterino",numero de implantes insertados,2016-05-01,0,0,4,1,0,5
GUAYARAMERIN,"anticoncepcion, prevencion de its y de cancer de cuello uterino",numero de implantes insertados,2016-05-01,1,22,48,10,0,81
HUACARETA,"anticoncepcion, prevencion de its y de cancer de cuello uterino",numero de implantes insertados,2016-05-01,0,1,7,1,0,9
HUANUNI,"anticoncepcion, prevencion de its y de cancer de cuello uterino",numero de implantes insertados,2016-05-01,0,1,7,1,0,9
HUAYLLAMARCA,"anticoncepcion, prevencion de its y de cancer de cuello uterino",numero de implantes insertados,2016-05-01,0,0,1,0,0,1
ICHOCA,"anticoncepcion, prevencion de its y de cancer de cuello uterino",numero de implantes insertados,2016-05-01,0,0,1,0,0,1
ICLA,"anticoncepcion, prevencion de its y de cancer de cuello uterino",numero de implantes insertados,2016-05-01,0,0,2,2,0,4
INCAHUASI,"anticoncepcion, prevencion de its y de cancer de cuello uterino",numero de implantes insertados,2016-05-01,0,0,2,0,0,2
IRUPANA (VILLA DE LANZA),"anticoncepcion, prevencion de its y de cancer de cuello uterino",numero de implantes insertados,2016-05-01,0,1,10,1,0,12
LA ASUNTA,"anticoncepcion, prevencion de its y de cancer de cuello uterino",numero de implantes insertados,2016-05-01,0,5,24,1,0,30
LA GUARDIA,"anticoncepcion, prevencion de its y de cancer de cuello uterino",numero de implantes insertados,2016-05-01,0,2,8,0,0,10
LA PAZ,"anticoncepcion, prevencion de its y de cancer de cuello uterino",numero de implantes insertados,2016-05-01,0,24,141,34,0,199
LAS CARRERAS,"anticoncepcion, prevencion de its y de cancer de cuello uterino",numero de implantes insertados,2016-05-01,0,1,4,1,0,6
LLALLAGUA,"anticoncepcion, prevencion de its y de cancer de cuello uterino",numero de implantes insertados,2016-05-01,0,2,19,4,0,25
MACHARETI,"anticoncepcion, prevencion de its y de cancer de cuello uterino",numero de implantes insertados,2016-05-01,0,0,12,3,0,15
MAPIRI,"anticoncepcion, prevencion de its y de cancer de cuello uterino",numero de implantes insertados,2016-05-01,0,1,7,1,0,9
MIZQUE,"anticoncepcion, prevencion de its y de cancer de cuello uterino",numero de implantes insertados,2016-05-01,0,1,4,2,0,7
MOCOMOCO,"anticoncepcion, prevencion de its y de cancer de cuello uterino",numero de implantes insertados,2016-05-01,0,0,2,0,0,2
MOJOCOYA,"anticoncepcion, prevencion de its y de cancer de cuello uterino",numero de implantes insertados,2016-05-01,0,1,3,0,0,4
MONTEAGUDO,"anticoncepcion, prevencion de its y de cancer de cuello uterino",numero de implantes insertados,2016-05-01,0,4,3,3,0,10
ORURO,"anticoncepcion, prevencion de its y de cancer de cuello uterino",numero de implantes insertados,2016-05-01,0,8,76,5,0,89
PADILLA,"anticoncepcion, prevencion de its y de cancer de cuello uterino",numero de implantes insertados,2016-05-01,0,2,5,1,0,8
PAILON,"anticoncepcion, prevencion de its y de cancer de cuello uterino",numero de implantes insertados,2016-05-01,0,0,18,1,0,19
PALCA,"anticoncepcion, prevencion de its y de cancer de cuello uterino",numero de implantes insertados,2016-05-01,0,0,1,0,0,1
PAMPA AULLAGAS,"anticoncepcion, prevencion de its y de cancer de cuello uterino",numero de implantes insertados,2016-05-01,0,1,0,0,0,1
PASORAPA,"anticoncepcion, prevencion de its y de cancer de cuello uterino",numero de implantes insertados,2016-05-01,0,0,1,0,0,1
PAZÑA,"anticoncepcion, prevencion de its y de cancer de cuello uterino",numero de implantes insertados,2016-05-01,0,0,1,0,0,1
POCOATA,"anticoncepcion, prevencion de its y de cancer de cuello uterino",numero de implantes insertados,2016-05-01,0,0,0,1,0,1
POJO (CBBA),"anticoncepcion, prevencion de its y de cancer de cuello uterino",numero de implantes insertados,2016-05-01,0,1,0,0,0,1
POROMA,"anticoncepcion, prevencion de its y de cancer de cuello uterino",numero de implantes insertados,2016-05-01,0,1,0,0,0,1
POTOSI,"anticoncepcion, prevencion de its y de cancer de cuello uterino",numero de implantes insertados,2016-05-01,0,10,60,23,0,93
PRESTO,"anticoncepcion, prevencion de its y de cancer de cuello uterino",numero de implantes insertados,2016-05-01,0,0,4,0,0,4
PUCARANI,"anticoncepcion, prevencion de its y de cancer de cuello uterino",numero de implantes insertados,2016-05-01,0,1,1,0,0,2
PUERTO GONZALO MORENO,"anticoncepcion, prevencion de its y de cancer de cuello uterino",numero de implantes insertados,2016-05-01,0,0,2,1,0,3
PUERTO QUIJARRO,"anticoncepcion, prevencion de its y de cancer de cuello uterino",numero de implantes insertados,2016-05-01,0,2,8,0,0,10
PUERTO RICO,"anticoncepcion, prevencion de its y de cancer de cuello uterino",numero de implantes insertados,2016-05-01,0,1,3,0,0,4
PUERTO VILLARROEL,"anticoncepcion, prevencion de its y de cancer de cuello uterino",numero de implantes insertados,2016-05-01,0,0,1,0,0,1
PUNA,"anticoncepcion, prevencion de its y de cancer de cuello uterino",numero de implantes insertados,2016-05-01,1,4,9,3,0,17
QUIABAYA,"anticoncepcion, prevencion de its y de cancer de cuello uterino",numero de implantes insertados,2016-05-01,0,2,11,3,2,18
QUILLACOLLO,"anticoncepcion, prevencion de its y de cancer de cuello uterino",numero de implantes insertados,2016-05-01,0,0,1,0,0,1
RIBERALTA,"anticoncepcion, prevencion de its y de cancer de cuello uterino",numero de implantes insertados,2016-05-01,2,23,22,0,0,47
RURRENABAQUE,"anticoncepcion, prevencion de its y de cancer de cuello uterino",numero de implantes insertados,2016-05-01,0,0,3,0,0,3
SABAYA,"anticoncepcion, prevencion de its y de cancer de cuello uterino",numero de implantes insertados,2016-05-01,0,0,1,0,0,1
SACABA,"anticoncepcion, prevencion de its y de cancer de cuello uterino",numero de implantes insertados,2016-05-01,0,0,20,14,0,34
SALINAS DE GARCI MENDOZA,"anticoncepcion, prevencion de its y de cancer de cuello uterino",numero de implantes insertados,2016-05-01,0,0,3,1,0,4
SAN BORJA,"anticoncepcion, prevencion de its y de cancer de cuello uterino",numero de implantes insertados,2016-05-01,0,7,20,6,0,33
SAN BUENA VENTURA,"anticoncepcion, prevencion de its y de cancer de cuello uterino",numero de implantes insertados,2016-05-01,0,1,0,0,0,1
SAN CARLOS,"anticoncepcion, prevencion de its y de cancer de cuello uterino",numero de implantes insertados,2016-05-01,2,2,21,3,0,28
SAN IGNACIO,"anticoncepcion, prevencion de its y de cancer de cuello uterino",numero de implantes insertados,2016-05-01,0,5,10,0,0,15
SAN JULIAN,"anticoncepcion, prevencion de its y de cancer de cuello uterino",numero de implantes insertados,2016-05-01,0,0,15,1,0,16
SAN LORENZO(TJA),"anticoncepcion, prevencion de its y de cancer de cuello uterino",numero de implantes insertados,2016-05-01,0,0,3,0,0,3
SAN LUCAS,"anticoncepcion, prevencion de its y de cancer de cuello uterino",numero de implantes insertados,2016-05-01,0,0,6,2,0,8
SANTA CRUZ DE LA SIERRA,"anticoncepcion, prevencion de its y de cancer de cuello uterino",numero de implantes insertados,2016-05-01,0,77,240,112,0,429
SANTIAGO DE HUARI,"anticoncepcion, prevencion de its y de cancer de cuello uterino",numero de implantes insertados,2016-05-01,0,0,1,0,0,1
SENA,"anticoncepcion, prevencion de its y de cancer de cuello uterino",numero de implantes insertados,2016-05-01,0,3,5,0,0,8
SICA SICA (VILLA AROMA),"anticoncepcion, prevencion de its y de cancer de cuello uterino",numero de implantes insertados,2016-05-01,0,1,6,0,0,7
SOPACHUY,"anticoncepcion, prevencion de its y de cancer de cuello uterino",numero de implantes insertados,2016-05-01,0,1,5,1,0,7
SORATA,"anticoncepcion, prevencion de its y de cancer de cuello uterino",numero de implantes insertados,2016-05-01,0,0,3,1,0,4
SUCRE,"anticoncepcion, prevencion de its y de cancer de cuello uterino",numero de implantes insertados,2016-05-01,0,40,259,34,0,333
TAPACARI,"anticoncepcion, prevencion de its y de cancer de cuello uterino",numero de implantes insertados,2016-05-01,0,3,5,1,0,9
TARABUCO,"anticoncepcion, prevencion de its y de cancer de cuello uterino",numero de implantes insertados,2016-05-01,0,0,5,1,0,6
TARATA,"anticoncepcion, prevencion de its y de cancer de cuello uterino",numero de implantes insertados,2016-05-01,0,0,1,0,0,1
TARIJA,"anticoncepcion, prevencion de its y de cancer de cuello uterino",numero de implantes insertados,2016-05-01,0,7,66,54,0,127
TARVITA,"anticoncepcion, prevencion de its y de cancer de cuello uterino",numero de implantes insertados,2016-05-01,0,2,0,0,0,2
TEOPONTE,"anticoncepcion, prevencion de its y de cancer de cuello uterino",numero de implantes insertados,2016-05-01,0,0,0,1,0,1
TIAWANACU,"anticoncepcion, prevencion de its y de cancer de cuello uterino",numero de implantes insertados,2016-05-01,0,5,8,4,0,17
TINGUIPAYA,"anticoncepcion, prevencion de its y de cancer de cuello uterino",numero de implantes insertados,2016-05-01,0,0,2,0,0,2
TIPUANI,"anticoncepcion, prevencion de its y de cancer de cuello uterino",numero de implantes insertados,2016-05-01,0,1,4,0,0,5
TIQUIPAYA,"anticoncepcion, prevencion de its y de cancer de cuello uterino",numero de implantes insertados,2016-05-01,0,1,2,0,0,3
TIRAQUE (CBBA),"anticoncepcion, prevencion de its y de cancer de cuello uterino",numero de implantes insertados,2016-05-01,0,0,1,0,0,1
TOLATA,"anticoncepcion, prevencion de its y de cancer de cuello uterino",numero de implantes insertados,2016-05-01,0,1,0,0,0,1
TOLEDO,"anticoncepcion, prevencion de its y de cancer de cuello uterino",numero de implantes insertados,2016-05-01,0,0,1,0,0,1
TOMINA,"anticoncepcion, prevencion de its y de cancer de cuello uterino",numero de implantes insertados,2016-05-01,0,0,1,1,0,2
TORO TORO,"anticoncepcion, prevencion de its y de cancer de cuello uterino",numero de implantes insertados,2016-05-01,0,3,6,0,0,9
TRINIDAD,"anticoncepcion, prevencion de its y de cancer de cuello uterino",numero de implantes insertados,2016-05-01,0,5,45,0,0,50
TUPIZA,"anticoncepcion, prevencion de its y de cancer de cuello uterino",numero de implantes insertados,2016-05-01,0,3,22,10,0,35
TURCO,"anticoncepcion, prevencion de its y de cancer de cuello uterino",numero de implantes insertados,2016-05-01,0,0,1,0,0,1
URIONDO (A. CONCEPCION),"anticoncepcion, prevencion de its y de cancer de cuello uterino",numero de implantes insertados,2016-05-01,0,3,4,0,0,7
VIACHA,"anticoncepcion, prevencion de its y de cancer de cuello uterino",numero de implantes insertados,2016-05-01,0,2,12,4,0,18
VILLA CHARCAS,"anticoncepcion, prevencion de its y de cancer de cuello uterino",numero de implantes insertados,2016-05-01,0,0,3,1,0,4
VILLA SERRANO,"anticoncepcion, prevencion de its y de cancer de cuello uterino",numero de implantes insertados,2016-05-01,0,2,5,0,0,7
VILLA TUNARI,"anticoncepcion, prevencion de its y de cancer de cuello uterino",numero de implantes insertados,2016-05-01,0,3,4,0,0,7
VILLA VACA GUZMAN (MUYUPAMPA),"anticoncepcion, prevencion de its y de cancer de cuello uterino",numero de implantes insertados,2016-05-01,0,1,3,1,0,5
VILLAZON,"anticoncepcion, prevencion de its y de cancer de cuello uterino",numero de implantes insertados,2016-05-01,0,2,26,6,0,34
VINTO,"anticoncepcion, prevencion de its y de cancer de cuello uterino",numero de implantes insertados,2016-05-01,0,0,8,0,0,8
VITICHI,"anticoncepcion, prevencion de its y de cancer de cuello uterino",numero de implantes insertados,2016-05-01,0,0,2,2,0,4
WARNES,"anticoncepcion, prevencion de its y de cancer de cuello uterino",numero de implantes insertados,2016-05-01,1,13,14,1,0,29
YAMPARAEZ,"anticoncepcion, prevencion de its y de cancer de cuello uterino",numero de implantes insertados,2016-05-01,0,2,1,2,0,5
YOTALA,"anticoncepcion, prevencion de its y de cancer de cuello uterino",numero de implantes insertados,2016-05-01,0,1,3,2,0,6
ZUDAÑEZ,"anticoncepcion, prevencion de its y de cancer de cuello uterino",numero de implantes insertados,2016-05-01,0,1,4,2,0,7
ACACIO,"anticoncepcion, prevencion de its y de cancer de cuello uterino",numero de implantes insertados,2016-06-01,0,2,0,1,0,3
ACHACACHI,"anticoncepcion, prevencion de its y de cancer de cuello uterino",numero de implantes insertados,2016-06-01,0,0,1,0,0,1
ACHOCALLA,"anticoncepcion, prevencion de its y de cancer de cuello uterino",numero de implantes insertados,2016-06-01,0,0,11,2,0,13
AIQUILE,"anticoncepcion, prevencion de its y de cancer de cuello uterino",numero de implantes insertados,2016-06-01,0,6,15,0,0,21
ALTO BENI,"anticoncepcion, prevencion de its y de cancer de cuello uterino",numero de implantes insertados,2016-06-01,0,0,3,0,0,3
ANTEQUERA,"anticoncepcion, prevencion de its y de cancer de cuello uterino",numero de implantes insertados,2016-06-01,0,0,3,1,0,4
APOLO,"anticoncepcion, prevencion de its y de cancer de cuello uterino",numero de implantes insertados,2016-06-01,0,1,6,2,0,9
ASCENCION DE GUARAYOS,"anticoncepcion, prevencion de its y de cancer de cuello uterino",numero de implantes insertados,2016-06-01,0,0,5,0,0,5
AYATA,"anticoncepcion, prevencion de its y de cancer de cuello uterino",numero de implantes insertados,2016-06-01,0,0,2,1,0,3
AYOPAYA (V. DE INDEPENDENCIA),"anticoncepcion, prevencion de its y de cancer de cuello uterino",numero de implantes insertados,2016-06-01,0,3,7,1,0,11
BELLA FLOR,"anticoncepcion, prevencion de its y de cancer de cuello uterino",numero de implantes insertados,2016-06-01,0,1,2,0,0,3
BERMEJO,"anticoncepcion, prevencion de its y de cancer de cuello uterino",numero de implantes insertados,2016-06-01,0,1,4,0,0,5
BETANZOS,"anticoncepcion, prevencion de its y de cancer de cuello uterino",numero de implantes insertados,2016-06-01,0,0,2,2,0,4
BUENA VISTA,"anticoncepcion, prevencion de its y de cancer de cuello uterino",numero de implantes insertados,2016-06-01,0,5,8,0,0,13
"CAIZA ""D""","anticoncepcion, prevencion de its y de cancer de cuello uterino",numero de implantes insertados,2016-06-01,0,0,1,1,0,2
CALAMARCA,"anticoncepcion, prevencion de its y de cancer de cuello uterino",numero de implantes insertados,2016-06-01,1,3,4,0,0,8
CAMARGO,"anticoncepcion, prevencion de its y de cancer de cuello uterino",numero de implantes insertados,2016-06-01,0,1,5,0,0,6
CAPINOTA,"anticoncepcion, prevencion de its y de cancer de cuello uterino",numero de implantes insertados,2016-06-01,0,3,6,1,0,10
CATACORA,"anticoncepcion, prevencion de its y de cancer de cuello uterino",numero de implantes insertados,2016-06-01,0,0,1,0,0,1
CHALLAPATA,"anticoncepcion, prevencion de its y de cancer de cuello uterino",numero de implantes insertados,2016-06-01,0,3,13,2,0,18
CHAYANTA,"anticoncepcion, prevencion de its y de cancer de cuello uterino",numero de implantes insertados,2016-06-01,0,0,5,1,0,6
CHIMORE,"anticoncepcion, prevencion de its y de cancer de cuello uterino",numero de implantes insertados,2016-06-01,0,0,5,0,0,5
CHUA COCANI,"anticoncepcion, prevencion de its y de cancer de cuello uterino",numero de implantes insertados,2016-06-01,0,0,3,0,0,3
CHULUMANI (V. DE LA LIBERTAD),"anticoncepcion, prevencion de its y de cancer de cuello uterino",numero de implantes insertados,2016-06-01,0,1,9,1,0,11
CHUMA,"anticoncepcion, prevencion de its y de cancer de cuello uterino",numero de implantes insertados,2016-06-01,0,1,2,1,0,4
CKOCHAS,"anticoncepcion, prevencion de its y de cancer de cuello uterino",numero de implantes insertados,2016-06-01,0,1,8,8,0,17
CLIZA,"anticoncepcion, prevencion de its y de cancer de cuello uterino",numero de implantes insertados,2016-06-01,0,0,7,0,0,7
COBIJA,"anticoncepcion, prevencion de its y de cancer de cuello uterino",numero de implantes insertados,2016-06-01,1,13,46,4,0,64
COCAPATA,"anticoncepcion, prevencion de its y de cancer de cuello uterino",numero de implantes insertados,2016-06-01,0,0,1,2,0,3
COCHABAMBA,"anticoncepcion, prevencion de its y de cancer de cuello uterino",numero de implantes insertados,2016-06-01,0,27,427,63,0,517
COLCAPIRHUA,"anticoncepcion, prevencion de its y de cancer de cuello uterino",numero de implantes insertados,2016-06-01,0,1,20,4,0,25
COLOMI,"anticoncepcion, prevencion de its y de cancer de cuello uterino",numero de implantes insertados,2016-06-01,0,0,2,0,0,2
CORIPATA,"anticoncepcion, prevencion de its y de cancer de cuello uterino",numero de implantes insertados,2016-06-01,0,1,5,1,0,7
CORQUE,"anticoncepcion, prevencion de its y de cancer de cuello uterino",numero de implantes insertados,2016-06-01,0,0,2,0,0,2
COTAGAITA,"anticoncepcion, prevencion de its y de cancer de cuello uterino",numero de implantes insertados,2016-06-01,0,0,2,1,0,3
CULPINA,"anticoncepcion, prevencion de its y de cancer de cuello uterino",numero de implantes insertados,2016-06-01,0,7,5,3,0,15
CURVA,"anticoncepcion, prevencion de its y de cancer de cuello uterino",numero de implantes insertados,2016-06-01,0,0,2,0,0,2
EL ALTO,"anticoncepcion, prevencion de its y de cancer de cuello uterino",numero de implantes insertados,2016-06-01,0,14,75,39,0,128
EL CHORO,"anticoncepcion, prevencion de its y de cancer de cuello uterino",numero de implantes insertados,2016-06-01,0,0,1,0,0,1
EL TORNO,"anticoncepcion, prevencion de its y de cancer de cuello uterino",numero de implantes insertados,2016-06-01,0,4,25,7,0,36
EL VILLAR,"anticoncepcion, prevencion de its y de cancer de cuello uterino",numero de implantes insertados,2016-06-01,0,1,0,0,0,1
ENTRE RIOS TRJ,"anticoncepcion, prevencion de its y de cancer de cuello uterino",numero de implantes insertados,2016-06-01,0,4,3,0,0,7
ENTRE RIOS CBBA,"anticoncepcion, prevencion de its y de cancer de cuello uterino",numero de implantes insertados,2016-06-01,0,2,7,2,0,11
ESCOMA,"anticoncepcion, prevencion de its y de cancer de cuello uterino",numero de implantes insertados,2016-06-01,0,0,2,0,0,2
EUCALIPTUS,"anticoncepcion, prevencion de its y de cancer de cuello uterino",numero de implantes insertados,2016-06-01,0,0,1,0,0,1
EUREKA (SANTOS MERCADO),"anticoncepcion, prevencion de its y de cancer de cuello uterino",numero de implantes insertados,2016-06-01,0,0,3,0,0,3
FILADELFIA,"anticoncepcion, prevencion de its y de cancer de cuello uterino",numero de implantes insertados,2016-06-01,0,2,5,0,0,7
GRAL. J.J. PEREZ (CHARAZANI),"anticoncepcion, prevencion de its y de cancer de cuello uterino",numero de implantes insertados,2016-06-01,0,1,5,0,0,6
GUAYARAMERIN,"anticoncepcion, prevencion de its y de cancer de cuello uterino",numero de implantes insertados,2016-06-01,1,0,2,0,0,3
HUANUNI,"anticoncepcion, prevencion de its y de cancer de cuello uterino",numero de implantes insertados,2016-06-01,0,1,8,4,0,13
HUARINA,"anticoncepcion, prevencion de its y de cancer de cuello uterino",numero de implantes insertados,2016-06-01,0,0,1,0,0,1
ICLA,"anticoncepcion, prevencion de its y de cancer de cuello uterino",numero de implantes insertados,2016-06-01,0,2,1,0,0,3
INCAHUASI,"anticoncepcion, prevencion de its y de cancer de cuello uterino",numero de implantes insertados,2016-06-01,0,0,4,0,0,4
IRUPANA (VILLA DE LANZA),"anticoncepcion, prevencion de its y de cancer de cuello uterino",numero de implantes insertados,2016-06-01,0,0,12,1,0,13
LA ASUNTA,"anticoncepcion, prevencion de its y de cancer de cuello uterino",numero de implantes insertados,2016-06-01,0,4,10,1,0,15
LA PAZ,"anticoncepcion, prevencion de its y de cancer de cuello uterino",numero de implantes insertados,2016-06-01,0,15,169,196,0,380
LAS CARRERAS,"anticoncepcion, prevencion de its y de cancer de cuello uterino",numero de implantes insertados,2016-06-01,0,1,2,0,0,3
LLALLAGUA,"anticoncepcion, prevencion de its y de cancer de cuello uterino",numero de implantes insertados,2016-06-01,0,1,15,3,0,19
MACHACAMARCA,"anticoncepcion, prevencion de its y de cancer de cuello uterino",numero de implantes insertados,2016-06-01,0,0,1,0,0,1
MAGDALENA,"anticoncepcion, prevencion de its y de cancer de cuello uterino",numero de implantes insertados,2016-06-01,0,0,6,0,0,6
MAPIRI,"anticoncepcion, prevencion de its y de cancer de cuello uterino",numero de implantes insertados,2016-06-01,0,3,12,2,0,17
MECAPACA,"anticoncepcion, prevencion de its y de cancer de cuello uterino",numero de implantes insertados,2016-06-01,0,1,0,0,0,1
MIZQUE,"anticoncepcion, prevencion de its y de cancer de cuello uterino",numero de implantes insertados,2016-06-01,0,3,7,0,0,10
MOCOMOCO,"anticoncepcion, prevencion de its y de cancer de cuello uterino",numero de implantes insertados,2016-06-01,0,0,3,0,0,3
MOJOCOYA,"anticoncepcion, prevencion de its y de cancer de cuello uterino",numero de implantes insertados,2016-06-01,0,0,1,0,0,1
MONTEAGUDO,"anticoncepcion, prevencion de its y de cancer de cuello uterino",numero de implantes insertados,2016-06-01,0,7,12,2,0,21
MONTERO,"anticoncepcion, prevencion de its y de cancer de cuello uterino",numero de implantes insertados,2016-06-01,0,1,0,0,0,1
NUEVO MANOA (NUEVA ESPERANZA),"anticoncepcion, prevencion de its y de cancer de cuello uterino",numero de implantes insertados,2016-06-01,0,0,3,0,0,3
ORURO,"anticoncepcion, prevencion de its y de cancer de cuello uterino",numero de implantes insertados,2016-06-01,0,16,77,11,0,104
PADILLA,"anticoncepcion, prevencion de its y de cancer de cuello uterino",numero de implantes insertados,2016-06-01,0,1,7,0,0,8
PAILON,"anticoncepcion, prevencion de its y de cancer de cuello uterino",numero de implantes insertados,2016-06-01,0,0,5,0,0,5
PALOS BLANCOS,"anticoncepcion, prevencion de its y de cancer de cuello uterino",numero de implantes insertados,2016-06-01,0,3,8,2,0,13
PAMPA AULLAGAS,"anticoncepcion, prevencion de its y de cancer de cuello uterino",numero de implantes insertados,2016-06-01,0,0,0,1,0,1
PASORAPA,"anticoncepcion, prevencion de its y de cancer de cuello uterino",numero de implantes insertados,2016-06-01,0,0,1,0,0,1
PAZÑA,"anticoncepcion, prevencion de its y de cancer de cuello uterino",numero de implantes insertados,2016-06-01,0,0,1,1,0,2
POCOATA,"anticoncepcion, prevencion de its y de cancer de cuello uterino",numero de implantes insertados,2016-06-01,0,1,2,3,0,6
POOPO,"anticoncepcion, prevencion de its y de cancer de cuello uterino",numero de implantes insertados,2016-06-01,0,0,4,0,0,4
POROMA,"anticoncepcion, prevencion de its y de cancer de cuello uterino",numero de implantes insertados,2016-06-01,0,2,13,3,0,18
PORVENIR,"anticoncepcion, prevencion de its y de cancer de cuello uterino",numero de implantes insertados,2016-06-01,0,0,1,0,0,1
POTOSI,"anticoncepcion, prevencion de its y de cancer de cuello uterino",numero de implantes insertados,2016-06-01,0,8,55,10,0,73
PRESTO,"anticoncepcion, prevencion de its y de cancer de cuello uterino",numero de implantes insertados,2016-06-01,0,0,2,0,0,2
PUCARANI,"anticoncepcion, prevencion de its y de cancer de cuello uterino",numero de implantes insertados,2016-06-01,0,0,1,0,0,1
PUERTO GONZALO MORENO,"anticoncepcion, prevencion de its y de cancer de cuello uterino",numero de implantes insertados,2016-06-01,0,6,3,0,0,9
PUERTO RICO,"anticoncepcion, prevencion de its y de cancer de cuello uterino",numero de implantes insertados,2016-06-01,0,1,4,0,0,5
PUERTO VILLARROEL,"anticoncepcion, prevencion de its y de cancer de cuello uterino",numero de implantes insertados,2016-06-01,0,1,17,1,0,19
PUNA,"anticoncepcion, prevencion de its y de cancer de cuello uterino",numero de implantes insertados,2016-06-01,0,0,1,0,0,1
QUILLACOLLO,"anticoncepcion, prevencion de its y de cancer de cuello uterino",numero de implantes insertados,2016-06-01,0,1,0,0,0,1
RIBERALTA,"anticoncepcion, prevencion de its y de cancer de cuello uterino",numero de implantes insertados,2016-06-01,1,19,32,3,0,55
RURRENABAQUE,"anticoncepcion, prevencion de its y de cancer de cuello uterino",numero de implantes insertados,2016-06-01,0,2,15,3,0,20
SABAYA,"anticoncepcion, prevencion de its y de cancer de cuello uterino",numero de implantes insertados,2016-06-01,0,0,2,0,0,2
SACABA,"anticoncepcion, prevencion de its y de cancer de cuello uterino",numero de implantes insertados,2016-06-01,0,0,5,0,0,5
SALINAS DE GARCI MENDOZA,"anticoncepcion, prevencion de its y de cancer de cuello uterino",numero de implantes insertados,2016-06-01,0,0,2,1,0,3
SAN BORJA,"anticoncepcion, prevencion de its y de cancer de cuello uterino",numero de implantes insertados,2016-06-01,0,0,13,0,0,13
SAN BUENA VENTURA,"anticoncepcion, prevencion de its y de cancer de cuello uterino",numero de implantes insertados,2016-06-01,0,0,4,0,0,4
SAN CARLOS,"anticoncepcion, prevencion de its y de cancer de cuello uterino",numero de implantes insertados,2016-06-01,0,4,11,6,0,21
SAN IGNACIO,"anticoncepcion, prevencion de its y de cancer de cuello uterino",numero de implantes insertados,2016-06-01,0,1,6,0,0,7
SAN JAVIER(BNI),"anticoncepcion, prevencion de its y de cancer de cuello uterino",numero de implantes insertados,2016-06-01,0,0,1,0,0,1
SAN JULIAN,"anticoncepcion, prevencion de its y de cancer de cuello uterino",numero de implantes insertados,2016-06-01,0,1,0,0,0,1
SAN LORENZO(TJA),"anticoncepcion, prevencion de its y de cancer de cuello uterino",numero de implantes insertados,2016-06-01,0,0,7,1,0,8
SAN LUCAS,"anticoncepcion, prevencion de its y de cancer de cuello uterino",numero de implantes insertados,2016-06-01,0,3,3,2,0,8
SAN PEDRO,"anticoncepcion, prevencion de its y de cancer de cuello uterino",numero de implantes insertados,2016-06-01,0,2,10,1,0,13
SANTA ANA,"anticoncepcion, prevencion de its y de cancer de cuello uterino",numero de implantes insertados,2016-06-01,0,0,1,0,0,1
SANTA CRUZ DE LA SIERRA,"anticoncepcion, prevencion de its y de cancer de cuello uterino",numero de implantes insertados,2016-06-01,0,82,220,225,0,527
SANTIAGO DE CALLAPA,"anticoncepcion, prevencion de its y de cancer de cuello uterino",numero de implantes insertados,2016-06-01,0,1,1,1,0,3
SANTIAGO DE HUARI,"anticoncepcion, prevencion de its y de cancer de cuello uterino",numero de implantes insertados,2016-06-01,0,0,3,0,0,3
SANTUARIO DE QUILLACAS,"anticoncepcion, prevencion de its y de cancer de cuello uterino",numero de implantes insertados,2016-06-01,0,0,3,1,0,4
SENA,"anticoncepcion, prevencion de its y de cancer de cuello uterino",numero de implantes insertados,2016-06-01,2,1,7,0,0,10
SICA SICA (VILLA AROMA),"anticoncepcion, prevencion de its y de cancer de cuello uterino",numero de implantes insertados,2016-06-01,0,2,1,0,0,3
SOPACHUY,"anticoncepcion, prevencion de its y de cancer de cuello uterino",numero de implantes insertados,2016-06-01,0,0,6,1,0,7
SORATA,"anticoncepcion, prevencion de its y de cancer de cuello uterino",numero de implantes insertados,2016-06-01,0,1,2,0,0,3
SUCRE,"anticoncepcion, prevencion de its y de cancer de cuello uterino",numero de implantes insertados,2016-06-01,1,22,193,23,0,239
TACACOMA,"anticoncepcion, prevencion de its y de cancer de cuello uterino",numero de implantes insertados,2016-06-01,0,0,5,0,0,5
TAPACARI,"anticoncepcion, prevencion de its y de cancer de cuello uterino",numero de implantes insertados,2016-06-01,0,1,3,5,0,9
TARABUCO,"anticoncepcion, prevencion de its y de cancer de cuello uterino",numero de implantes insertados,2016-06-01,0,0,6,2,0,8
TARIJA,"anticoncepcion, prevencion de its y de cancer de cuello uterino",numero de implantes insertados,2016-06-01,0,29,113,30,2,174
TARVITA,"anticoncepcion, prevencion de its y de cancer de cuello uterino",numero de implantes insertados,2016-06-01,0,1,5,0,0,6
TEOPONTE,"anticoncepcion, prevencion de its y de cancer de cuello uterino",numero de implantes insertados,2016-06-01,0,2,2,0,0,4
TIAWANACU,"anticoncepcion, prevencion de its y de cancer de cuello uterino",numero de implantes insertados,2016-06-01,0,2,1,2,0,5
TIPUANI,"anticoncepcion, prevencion de its y de cancer de cuello uterino",numero de implantes insertados,2016-06-01,0,0,6,1,0,7
TIQUIPAYA,"anticoncepcion, prevencion de its y de cancer de cuello uterino",numero de implantes insertados,2016-06-01,0,1,3,0,0,4
TOLATA,"anticoncepcion, prevencion de its y de cancer de cuello uterino",numero de implantes insertados,2016-06-01,0,1,0,0,0,1
TOLEDO,"anticoncepcion, prevencion de its y de cancer de cuello uterino",numero de implantes insertados,2016-06-01,0,0,2,1,0,3
TORO TORO,"anticoncepcion, prevencion de its y de cancer de cuello uterino",numero de implantes insertados,2016-06-01,0,2,7,0,0,9
TRINIDAD,"anticoncepcion, prevencion de its y de cancer de cuello uterino",numero de implantes insertados,2016-06-01,0,8,47,2,0,57
TUPIZA,"anticoncepcion, prevencion de its y de cancer de cuello uterino",numero de implantes insertados,2016-06-01,0,5,28,10,0,43
TURCO,"anticoncepcion, prevencion de its y de cancer de cuello uterino",numero de implantes insertados,2016-06-01,0,1,0,1,0,2
URIONDO (A. CONCEPCION),"anticoncepcion, prevencion de its y de cancer de cuello uterino",numero de implantes insertados,2016-06-01,0,2,8,0,0,10
VIACHA,"anticoncepcion, prevencion de its y de cancer de cuello uterino",numero de implantes insertados,2016-06-01,0,2,64,6,0,72
VILLA CHARCAS,"anticoncepcion, prevencion de its y de cancer de cuello uterino",numero de implantes insertados,2016-06-01,0,2,6,3,0,11
VILLA SERRANO,"anticoncepcion, prevencion de its y de cancer de cuello uterino",numero de implantes insertados,2016-06-01,0,1,4,1,0,6
VILLA VACA GUZMAN (MUYUPAMPA),"anticoncepcion, prevencion de its y de cancer de cuello uterino",numero de implantes insertados,2016-06-01,0,2,5,0,0,7
VILLAZON,"anticoncepcion, prevencion de its y de cancer de cuello uterino",numero de implantes insertados,2016-06-01,0,6,35,8,0,49
VINTO,"anticoncepcion, prevencion de its y de cancer de cuello uterino",numero de implantes insertados,2016-06-01,0,0,7,0,0,7
VITICHI,"anticoncepcion, prevencion de its y de cancer de cuello uterino",numero de implantes insertados,2016-06-01,0,1,1,2,0,4
WARNES,"anticoncepcion, prevencion de its y de cancer de cuello uterino",numero de implantes insertados,2016-06-01,0,7,27,4,0,38
YANACACHI,"anticoncepcion, prevencion de its y de cancer de cuello uterino",numero de implantes insertados,2016-06-01,0,0,2,0,0,2
YOTALA,"anticoncepcion, prevencion de its y de cancer de cuello uterino",numero de implantes insertados,2016-06-01,0,0,4,0,0,4
ZUDAÑEZ,"anticoncepcion, prevencion de its y de cancer de cuello uterino",numero de implantes insertados,2016-06-01,0,1,1,0,0,2
ACACIO,"anticoncepcion, prevencion de its y de cancer de cuello uterino",numero de implantes insertados,2016-07-01,0,0,2,1,0,3
ACHACACHI,"anticoncepcion, prevencion de its y de cancer de cuello uterino",numero de implantes insertados,2016-07-01,0,0,5,0,0,5
ACHOCALLA,"anticoncepcion, prevencion de its y de cancer de cuello uterino",numero de implantes insertados,2016-07-01,0,0,13,3,0,16
AIQUILE,"anticoncepcion, prevencion de its y de cancer de cuello uterino",numero de implantes insertados,2016-07-01,0,6,12,1,0,19
ALTO BENI,"anticoncepcion, prevencion de its y de cancer de cuello uterino",numero de implantes insertados,2016-07-01,0,0,5,4,0,9
ANTEQUERA,"anticoncepcion, prevencion de its y de cancer de cuello uterino",numero de implantes insertados,2016-07-01,0,0,2,0,0,2
APOLO,"anticoncepcion, prevencion de its y de cancer de cuello uterino",numero de implantes insertados,2016-07-01,0,2,7,5,0,14
ATOCHA,"anticoncepcion, prevencion de its y de cancer de cuello uterino",numero de implantes insertados,2016-07-01,0,0,6,1,0,7
AYOPAYA (V. DE INDEPENDENCIA),"anticoncepcion, prevencion de its y de cancer de cuello uterino",numero de implantes insertados,2016-07-01,0,0,2,1,0,3
BATALLAS,"anticoncepcion, prevencion de its y de cancer de cuello uterino",numero de implantes insertados,2016-07-01,0,0,4,2,0,6
BAURES,"anticoncepcion, prevencion de its y de cancer de cuello uterino",numero de implantes insertados,2016-07-01,0,0,1,0,0,1
BELLA FLOR,"anticoncepcion, prevencion de its y de cancer de cuello uterino",numero de implantes insertados,2016-07-01,0,0,7,0,0,7
BETANZOS,"anticoncepcion, prevencion de its y de cancer de cuello uterino",numero de implantes insertados,2016-07-01,0,2,9,5,0,16
"CAIZA ""D""","anticoncepcion, prevencion de its y de cancer de cuello uterino",numero de implantes insertados,2016-07-01,0,0,0,1,0,1
CALAMARCA,"anticoncepcion, prevencion de its y de cancer de cuello uterino",numero de implantes insertados,2016-07-01,0,0,1,0,0,1
CAMARGO,"anticoncepcion, prevencion de its y de cancer de cuello uterino",numero de implantes insertados,2016-07-01,0,1,4,0,0,5
CAMATAQUI (C. VILLA ABECIA),"anticoncepcion, prevencion de its y de cancer de cuello uterino",numero de implantes insertados,2016-07-01,0,2,1,0,0,3
CAMIRI,"anticoncepcion, prevencion de its y de cancer de cuello uterino",numero de implantes insertados,2016-07-01,0,7,18,2,0,27
CAPINOTA,"anticoncepcion, prevencion de its y de cancer de cuello uterino",numero de implantes insertados,2016-07-01,0,2,5,1,0,8
CARACOLLO,"anticoncepcion, prevencion de its y de cancer de cuello uterino",numero de implantes insertados,2016-07-01,0,2,10,0,0,12
CHALLAPATA,"anticoncepcion, prevencion de its y de cancer de cuello uterino",numero de implantes insertados,2016-07-01,0,0,1,0,0,1
CHAYANTA,"anticoncepcion, prevencion de its y de cancer de cuello uterino",numero de implantes insertados,2016-07-01,0,0,9,0,0,9
CHIMORE,"anticoncepcion, prevencion de its y de cancer de cuello uterino",numero de implantes insertados,2016-07-01,0,3,12,4,0,19
CHUA COCANI,"anticoncepcion, prevencion de its y de cancer de cuello uterino",numero de implantes insertados,2016-07-01,0,0,1,0,0,1
CHULUMANI (V. DE LA LIBERTAD),"anticoncepcion, prevencion de its y de cancer de cuello uterino",numero de implantes insertados,2016-07-01,0,0,4,0,0,4
CKOCHAS,"anticoncepcion, prevencion de its y de cancer de cuello uterino",numero de implantes insertados,2016-07-01,0,0,3,2,0,5
CLIZA,"anticoncepcion, prevencion de its y de cancer de cuello uterino",numero de implantes insertados,2016-07-01,0,1,8,0,0,9
COBIJA,"anticoncepcion, prevencion de its y de cancer de cuello uterino",numero de implantes insertados,2016-07-01,2,5,37,0,0,44
COCAPATA,"anticoncepcion, prevencion de its y de cancer de cuello uterino",numero de implantes insertados,2016-07-01,0,0,2,0,0,2
COCHABAMBA,"anticoncepcion, prevencion de its y de cancer de cuello uterino",numero de implantes insertados,2016-07-01,0,20,191,33,0,244
COLCAPIRHUA,"anticoncepcion, prevencion de its y de cancer de cuello uterino",numero de implantes insertados,2016-07-01,0,4,14,1,0,19
COLLANA,"anticoncepcion, prevencion de its y de cancer de cuello uterino",numero de implantes insertados,2016-07-01,0,0,1,0,0,1
COLOMI,"anticoncepcion, prevencion de its y de cancer de cuello uterino",numero de implantes insertados,2016-07-01,0,0,6,0,0,6
COLQUENCHA,"anticoncepcion, prevencion de its y de cancer de cuello uterino",numero de implantes insertados,2016-07-01,0,0,4,1,0,5
COLQUIRI,"anticoncepcion, prevencion de its y de cancer de cuello uterino",numero de implantes insertados,2016-07-01,0,0,1,0,0,1
CORIPATA,"anticoncepcion, prevencion de its y de cancer de cuello uterino",numero de implantes insertados,2016-07-01,0,0,1,1,0,2
CORO CORO,"anticoncepcion, prevencion de its y de cancer de cuello uterino",numero de implantes insertados,2016-07-01,0,0,2,0,0,2
CORQUE,"anticoncepcion, prevencion de its y de cancer de cuello uterino",numero de implantes insertados,2016-07-01,0,1,2,0,0,3
COTAGAITA,"anticoncepcion, prevencion de its y de cancer de cuello uterino",numero de implantes insertados,2016-07-01,0,2,36,7,0,45
CULPINA,"anticoncepcion, prevencion de its y de cancer de cuello uterino",numero de implantes insertados,2016-07-01,0,2,7,2,0,11
CURVA,"anticoncepcion, prevencion de its y de cancer de cuello uterino",numero de implantes insertados,2016-07-01,0,0,2,1,0,3
EL ALTO,"anticoncepcion, prevencion de its y de cancer de cuello uterino",numero de implantes insertados,2016-07-01,0,18,116,48,0,182
EL CHORO,"anticoncepcion, prevencion de its y de cancer de cuello uterino",numero de implantes insertados,2016-07-01,0,0,1,0,0,1
EL TORNO,"anticoncepcion, prevencion de its y de cancer de cuello uterino",numero de implantes insertados,2016-07-01,0,10,24,0,0,34
EL VILLAR,"anticoncepcion, prevencion de its y de cancer de cuello uterino",numero de implantes insertados,2016-07-01,0,0,1,0,0,1
ENTRE RIOS TRJ,"anticoncepcion, prevencion de its y de cancer de cuello uterino",numero de implantes insertados,2016-07-01,0,3,13,0,0,16
ESCOMA,"anticoncepcion, prevencion de its y de cancer de cuello uterino",numero de implantes insertados,2016-07-01,0,1,2,0,0,3
EUCALIPTUS,"anticoncepcion, prevencion de its y de cancer de cuello uterino",numero de implantes insertados,2016-07-01,0,0,2,0,0,2
FILADELFIA,"anticoncepcion, prevencion de its y de cancer de cuello uterino",numero de implantes insertados,2016-07-01,0,2,1,0,0,3
GRAL. J.J. PEREZ (CHARAZANI),"anticoncepcion, prevencion de its y de cancer de cuello uterino",numero de implantes insertados,2016-07-01,0,1,5,1,0,7
GUAYARAMERIN,"anticoncepcion, prevencion de its y de cancer de cuello uterino",numero de implantes insertados,2016-07-01,3,34,61,6,0,104
HUACARETA,"anticoncepcion, prevencion de its y de cancer de cuello uterino",numero de implantes insertados,2016-07-01,0,0,1,0,0,1
HUANUNI,"anticoncepcion, prevencion de its y de cancer de cuello uterino",numero de implantes insertados,2016-07-01,0,4,19,4,0,27
HUAYLLAMARCA,"anticoncepcion, prevencion de its y de cancer de cuello uterino",numero de implantes insertados,2016-07-01,0,1,0,0,0,1
ICLA,"anticoncepcion, prevencion de its y de cancer de cuello uterino",numero de implantes insertados,2016-07-01,0,1,2,0,0,3
INCAHUASI,"anticoncepcion, prevencion de its y de cancer de cuello uterino",numero de implantes insertados,2016-07-01,0,2,0,0,0,2
INGAVI (HUMAITA),"anticoncepcion, prevencion de its y de cancer de cuello uterino",numero de implantes insertados,2016-07-01,0,0,1,0,0,1
IRUPANA (VILLA DE LANZA),"anticoncepcion, prevencion de its y de cancer de cuello uterino",numero de implantes insertados,2016-07-01,0,2,7,3,0,12
LA ASUNTA,"anticoncepcion, prevencion de its y de cancer de cuello uterino",numero de implantes insertados,2016-07-01,0,1,2,0,0,3
LA PAZ,"anticoncepcion, prevencion de its y de cancer de cuello uterino",numero de implantes insertados,2016-07-01,0,35,186,86,0,307
LAJA,"anticoncepcion, prevencion de its y de cancer de cuello uterino",numero de implantes insertados,2016-07-01,0,0,7,0,0,7
LAS CARRERAS,"anticoncepcion, prevencion de its y de cancer de cuello uterino",numero de implantes insertados,2016-07-01,0,1,5,0,0,6
LLALLAGUA,"anticoncepcion, prevencion de its y de cancer de cuello uterino",numero de implantes insertados,2016-07-01,0,2,21,2,0,25
LURIBAY,"anticoncepcion, prevencion de its y de cancer de cuello uterino",numero de implantes insertados,2016-07-01,0,0,2,0,0,2
MACHACAMARCA,"anticoncepcion, prevencion de its y de cancer de cuello uterino",numero de implantes insertados,2016-07-01,0,1,6,0,0,7
MACHARETI,"anticoncepcion, prevencion de its y de cancer de cuello uterino",numero de implantes insertados,2016-07-01,0,1,6,0,0,7
MAGDALENA,"anticoncepcion, prevencion de its y de cancer de cuello uterino",numero de implantes insertados,2016-07-01,0,1,1,0,0,2
MAPIRI,"anticoncepcion, prevencion de its y de cancer de cuello uterino",numero de implantes insertados,2016-07-01,0,0,8,1,0,9
MECAPACA,"anticoncepcion, prevencion de its y de cancer de cuello uterino",numero de implantes insertados,2016-07-01,0,0,1,0,0,1
MIZQUE,"anticoncepcion, prevencion de its y de cancer de cuello uterino",numero de implantes insertados,2016-07-01,0,1,12,4,0,17
MOJOCOYA,"anticoncepcion, prevencion de its y de cancer de cuello uterino",numero de implantes insertados,2016-07-01,0,1,2,0,0,3
MONTEAGUDO,"anticoncepcion, prevencion de its y de cancer de cuello uterino",numero de implantes insertados,2016-07-01,0,2,9,2,0,13
MOROCHATA,"anticoncepcion, prevencion de its y de cancer de cuello uterino",numero de implantes insertados,2016-07-01,0,0,1,0,0,1
NUEVO MANOA (NUEVA ESPERANZA),"anticoncepcion, prevencion de its y de cancer de cuello uterino",numero de implantes insertados,2016-07-01,0,0,2,0,0,2
ORURO,"anticoncepcion, prevencion de its y de cancer de cuello uterino",numero de implantes insertados,2016-07-01,0,15,74,14,0,103
PADILLA,"anticoncepcion, prevencion de its y de cancer de cuello uterino",numero de implantes insertados,2016-07-01,0,1,9,0,0,10
PAILON,"anticoncepcion, prevencion de its y de cancer de cuello uterino",numero de implantes insertados,2016-07-01,0,0,3,1,0,4
PALOS BLANCOS,"anticoncepcion, prevencion de its y de cancer de cuello uterino",numero de implantes insertados,2016-07-01,0,3,20,1,0,24
PAMPA AULLAGAS,"anticoncepcion, prevencion de its y de cancer de cuello uterino",numero de implantes insertados,2016-07-01,0,2,2,1,1,6
PATACAMAYA,"anticoncepcion, prevencion de its y de cancer de cuello uterino",numero de implantes insertados,2016-07-01,0,0,6,0,0,6
PAZÑA,"anticoncepcion, prevencion de its y de cancer de cuello uterino",numero de implantes insertados,2016-07-01,0,1,0,0,0,1
POCOATA,"anticoncepcion, prevencion de its y de cancer de cuello uterino",numero de implantes insertados,2016-07-01,0,0,0,1,0,1
POOPO,"anticoncepcion, prevencion de its y de cancer de cuello uterino",numero de implantes insertados,2016-07-01,0,0,5,1,0,6
PORCO,"anticoncepcion, prevencion de its y de cancer de cuello uterino",numero de implantes insertados,2016-07-01,0,4,19,0,0,23
POROMA,"anticoncepcion, prevencion de its y de cancer de cuello uterino",numero de implantes insertados,2016-07-01,0,1,12,9,0,22
PORVENIR,"anticoncepcion, prevencion de its y de cancer de cuello uterino",numero de implantes insertados,2016-07-01,0,2,0,0,0,2
POTOSI,"anticoncepcion, prevencion de its y de cancer de cuello uterino",numero de implantes insertados,2016-07-01,0,18,67,15,0,100
PRESTO,"anticoncepcion, prevencion de its y de cancer de cuello uterino",numero de implantes insertados,2016-07-01,0,0,8,3,0,11
PUCARANI,"anticoncepcion, prevencion de its y de cancer de cuello uterino",numero de implantes insertados,2016-07-01,0,4,2,0,0,6
PUERTO GONZALO MORENO,"anticoncepcion, prevencion de its y de cancer de cuello uterino",numero de implantes insertados,2016-07-01,0,0,1,0,0,1
PUERTO RICO,"anticoncepcion, prevencion de its y de cancer de cuello uterino",numero de implantes insertados,2016-07-01,0,3,3,0,0,6
PUERTO VILLARROEL,"anticoncepcion, prevencion de its y de cancer de cuello uterino",numero de implantes insertados,2016-07-01,0,4,37,6,0,47
PUNA,"anticoncepcion, prevencion de its y de cancer de cuello uterino",numero de implantes insertados,2016-07-01,0,2,6,1,0,9
QUIABAYA,"anticoncepcion, prevencion de its y de cancer de cuello uterino",numero de implantes insertados,2016-07-01,0,0,1,0,0,1
QUILLACOLLO,"anticoncepcion, prevencion de its y de cancer de cuello uterino",numero de implantes insertados,2016-07-01,0,1,13,0,0,14
RIBERALTA,"anticoncepcion, prevencion de its y de cancer de cuello uterino",numero de implantes insertados,2016-07-01,2,42,75,6,0,125
RURRENABAQUE,"anticoncepcion, prevencion de its y de cancer de cuello uterino",numero de implantes insertados,2016-07-01,0,2,7,4,0,13
SABAYA,"anticoncepcion, prevencion de its y de cancer de cuello uterino",numero de implantes insertados,2016-07-01,0,0,0,1,0,1
SACABA,"anticoncepcion, prevencion de its y de cancer de cuello uterino",numero de implantes insertados,2016-07-01,0,0,3,0,0,3
SALINAS DE GARCI MENDOZA,"anticoncepcion, prevencion de its y de cancer de cuello uterino",numero de implantes insertados,2016-07-01,0,0,1,0,0,1
SAN ANDRES,"anticoncepcion, prevencion de its y de cancer de cuello uterino",numero de implantes insertados,2016-07-01,0,0,2,0,0,2
SAN BORJA,"anticoncepcion, prevencion de its y de cancer de cuello uterino",numero de implantes insertados,2016-07-01,0,2,11,1,0,14
SAN CARLOS,"anticoncepcion, prevencion de its y de cancer de cuello uterino",numero de implantes insertados,2016-07-01,0,4,7,1,0,12
SAN IGNACIO,"anticoncepcion, prevencion de its y de cancer de cuello uterino",numero de implantes insertados,2016-07-01,0,3,1,2,0,6
SAN JAVIER(BNI),"anticoncepcion, prevencion de its y de cancer de cuello uterino",numero de implantes insertados,2016-07-01,0,4,4,0,0,8
SAN JULIAN,"anticoncepcion, prevencion de its y de cancer de cuello uterino",numero de implantes insertados,2016-07-01,0,8,35,2,0,45
SAN LORENZO(TJA),"anticoncepcion, prevencion de its y de cancer de cuello uterino",numero de implantes insertados,2016-07-01,0,3,10,0,0,13
SAN LUCAS,"anticoncepcion, prevencion de its y de cancer de cuello uterino",numero de implantes insertados,2016-07-01,0,0,6,3,0,9
SAN PEDRO DE TIQUINA,"anticoncepcion, prevencion de its y de cancer de cuello uterino",numero de implantes insertados,2016-07-01,0,0,2,0,0,2
SANTA CRUZ DE LA SIERRA,"anticoncepcion, prevencion de its y de cancer de cuello uterino",numero de implantes insertados,2016-07-01,0,71,211,245,0,527
SANTUARIO DE QUILLACAS,"anticoncepcion, prevencion de its y de cancer de cuello uterino",numero de implantes insertados,2016-07-01,0,0,7,0,0,7
SENA,"anticoncepcion, prevencion de its y de cancer de cuello uterino",numero de implantes insertados,2016-07-01,0,0,5,0,0,5
SICA SICA (VILLA AROMA),"anticoncepcion, prevencion de its y de cancer de cuello uterino",numero de implantes insertados,2016-07-01,0,5,2,1,0,8
SIPE SIPE,"anticoncepcion, prevencion de its y de cancer de cuello uterino",numero de implantes insertados,2016-07-01,0,0,1,0,0,1
SOPACHUY,"anticoncepcion, prevencion de its y de cancer de cuello uterino",numero de implantes insertados,2016-07-01,0,1,2,1,0,4
SORACACHI,"anticoncepcion, prevencion de its y de cancer de cuello uterino",numero de implantes insertados,2016-07-01,0,0,0,1,0,1
SORATA,"anticoncepcion, prevencion de its y de cancer de cuello uterino",numero de implantes insertados,2016-07-01,0,0,3,1,0,4
SUCRE,"anticoncepcion, prevencion de its y de cancer de cuello uterino",numero de implantes insertados,2016-07-01,0,47,172,34,0,253
TACACOMA,"anticoncepcion, prevencion de its y de cancer de cuello uterino",numero de implantes insertados,2016-07-01,0,0,2,0,0,2
TAPACARI,"anticoncepcion, prevencion de its y de cancer de cuello uterino",numero de implantes insertados,2016-07-01,0,0,12,3,0,15
TARABUCO,"anticoncepcion, prevencion de its y de cancer de cuello uterino",numero de implantes insertados,2016-07-01,0,1,4,0,0,5
TARIJA,"anticoncepcion, prevencion de its y de cancer de cuello uterino",numero de implantes insertados,2016-07-01,0,5,32,1,2,40
TARVITA,"anticoncepcion, prevencion de its y de cancer de cuello uterino",numero de implantes insertados,2016-07-01,0,0,4,0,0,4
TIAWANACU,"anticoncepcion, prevencion de its y de cancer de cuello uterino",numero de implantes insertados,2016-07-01,0,0,1,0,0,1
TIPUANI,"anticoncepcion, prevencion de its y de cancer de cuello uterino",numero de implantes insertados,2016-07-01,0,0,9,1,0,10
TIQUIPAYA,"anticoncepcion, prevencion de its y de cancer de cuello uterino",numero de implantes insertados,2016-07-01,0,3,14,0,0,17
TOLATA,"anticoncepcion, prevencion de its y de cancer de cuello uterino",numero de implantes insertados,2016-07-01,0,1,2,0,0,3
TOLEDO,"anticoncepcion, prevencion de its y de cancer de cuello uterino",numero de implantes insertados,2016-07-01,0,0,3,0,0,3
TOMINA,"anticoncepcion, prevencion de its y de cancer de cuello uterino",numero de implantes insertados,2016-07-01,0,1,1,0,0,2
TORO TORO,"anticoncepcion, prevencion de its y de cancer de cuello uterino",numero de implantes insertados,2016-07-01,0,0,6,1,0,7
TOTORA(CBBA),"anticoncepcion, prevencion de its y de cancer de cuello uterino",numero de implantes insertados,2016-07-01,0,0,1,0,0,1
TOTORA(ORR),"anticoncepcion, prevencion de its y de cancer de cuello uterino",numero de implantes insertados,2016-07-01,0,1,1,0,0,2
TRINIDAD,"anticoncepcion, prevencion de its y de cancer de cuello uterino",numero de implantes insertados,2016-07-01,0,4,37,0,0,41
TUPIZA,"anticoncepcion, prevencion de its y de cancer de cuello uterino",numero de implantes insertados,2016-07-01,0,7,35,9,0,51
TURCO,"anticoncepcion, prevencion de its y de cancer de cuello uterino",numero de implantes insertados,2016-07-01,0,0,2,0,0,2
URIONDO (A. CONCEPCION),"anticoncepcion, prevencion de its y de cancer de cuello uterino",numero de implantes insertados,2016-07-01,0,4,14,1,0,19
VIACHA,"anticoncepcion, prevencion de its y de cancer de cuello uterino",numero de implantes insertados,2016-07-01,0,0,4,1,0,5
VILLA CHARCAS,"anticoncepcion, prevencion de its y de cancer de cuello uterino",numero de implantes insertados,2016-07-01,0,1,6,3,0,10
VILLA SERRANO,"anticoncepcion, prevencion de its y de cancer de cuello uterino",numero de implantes insertados,2016-07-01,0,0,8,2,0,10
VILLA TUNARI,"anticoncepcion, prevencion de its y de cancer de cuello uterino",numero de implantes insertados,2016-07-01,0,0,7,10,0,17
VILLA VACA GUZMAN (MUYUPAMPA),"anticoncepcion, prevencion de its y de cancer de cuello uterino",numero de implantes insertados,2016-07-01,0,4,14,3,0,21
VILLAZON,"anticoncepcion, prevencion de its y de cancer de cuello uterino",numero de implantes insertados,2016-07-01,0,4,36,5,0,45
VINTO,"anticoncepcion, prevencion de its y de cancer de cuello uterino",numero de implantes insertados,2016-07-01,0,0,6,1,0,7
VITICHI,"anticoncepcion, prevencion de its y de cancer de cuello uterino",numero de implantes insertados,2016-07-01,0,1,1,1,0,3
WARNES,"anticoncepcion, prevencion de its y de cancer de cuello uterino",numero de implantes insertados,2016-07-01,3,2,14,5,0,24
YAMPARAEZ,"anticoncepcion, prevencion de its y de cancer de cuello uterino",numero de implantes insertados,2016-07-01,0,3,3,0,0,6
YANACACHI,"anticoncepcion, prevencion de its y de cancer de cuello uterino",numero de implantes insertados,2016-07-01,0,3,13,4,0,20
YOTALA,"anticoncepcion, prevencion de its y de cancer de cuello uterino",numero de implantes insertados,2016-07-01,0,0,1,0,0,1
ZUDAÑEZ,"anticoncepcion, prevencion de its y de cancer de cuello uterino",numero de implantes insertados,2016-07-01,0,2,1,2,0,5
ACACIO,"anticoncepcion, prevencion de its y de cancer de cuello uterino",numero de implantes insertados,2016-08-01,0,1,1,0,0,2
ACHACACHI,"anticoncepcion, prevencion de its y de cancer de cuello uterino",numero de implantes insertados,2016-08-01,0,0,5,1,0,6
ACHOCALLA,"anticoncepcion, prevencion de its y de cancer de cuello uterino",numero de implantes insertados,2016-08-01,0,4,7,0,0,11
AIQUILE,"anticoncepcion, prevencion de its y de cancer de cuello uterino",numero de implantes insertados,2016-08-01,0,2,15,1,0,18
ALTO BENI,"anticoncepcion, prevencion de its y de cancer de cuello uterino",numero de implantes insertados,2016-08-01,0,0,2,0,0,2
ANDAMARCA,"anticoncepcion, prevencion de its y de cancer de cuello uterino",numero de implantes insertados,2016-08-01,0,0,1,2,0,3
APOLO,"anticoncepcion, prevencion de its y de cancer de cuello uterino",numero de implantes insertados,2016-08-01,0,1,4,4,0,9
ARBIETO,"anticoncepcion, prevencion de its y de cancer de cuello uterino",numero de implantes insertados,2016-08-01,0,0,4,1,0,5
ATOCHA,"anticoncepcion, prevencion de its y de cancer de cuello uterino",numero de implantes insertados,2016-08-01,0,0,6,1,0,7
AYATA,"anticoncepcion, prevencion de its y de cancer de cuello uterino",numero de implantes insertados,2016-08-01,0,0,2,2,0,4
AYOPAYA (V. DE INDEPENDENCIA),"anticoncepcion, prevencion de its y de cancer de cuello uterino",numero de implantes insertados,2016-08-01,0,1,2,0,0,3
BELLA FLOR,"anticoncepcion, prevencion de its y de cancer de cuello uterino",numero de implantes insertados,2016-08-01,0,0,1,0,0,1
BERMEJO,"anticoncepcion, prevencion de its y de cancer de cuello uterino",numero de implantes insertados,2016-08-01,0,3,7,1,0,11
BOLIVAR,"anticoncepcion, prevencion de its y de cancer de cuello uterino",numero de implantes insertados,2016-08-01,0,0,1,0,0,1
"CAIZA ""D""","anticoncepcion, prevencion de its y de cancer de cuello uterino",numero de implantes insertados,2016-08-01,1,3,8,0,0,12
CALAMARCA,"anticoncepcion, prevencion de its y de cancer de cuello uterino",numero de implantes insertados,2016-08-01,0,0,1,1,0,2
CAMARGO,"anticoncepcion, prevencion de its y de cancer de cuello uterino",numero de implantes insertados,2016-08-01,0,0,0,1,0,1
CAPINOTA,"anticoncepcion, prevencion de its y de cancer de cuello uterino",numero de implantes insertados,2016-08-01,0,1,7,0,0,8
CARACOLLO,"anticoncepcion, prevencion de its y de cancer de cuello uterino",numero de implantes insertados,2016-08-01,0,0,11,1,0,12
CARANAVI,"anticoncepcion, prevencion de its y de cancer de cuello uterino",numero de implantes insertados,2016-08-01,0,5,42,2,0,49
CHALLAPATA,"anticoncepcion, prevencion de its y de cancer de cuello uterino",numero de implantes insertados,2016-08-01,0,0,12,8,0,20
CHAYANTA,"anticoncepcion, prevencion de its y de cancer de cuello uterino",numero de implantes insertados,2016-08-01,0,1,6,2,0,9
CHIMORE,"anticoncepcion, prevencion de its y de cancer de cuello uterino",numero de implantes insertados,2016-08-01,0,2,18,2,0,22
CHULUMANI (V. DE LA LIBERTAD),"anticoncepcion, prevencion de its y de cancer de cuello uterino",numero de implantes insertados,2016-08-01,0,1,2,1,0,4
CHUMA,"anticoncepcion, prevencion de its y de cancer de cuello uterino",numero de implantes insertados,2016-08-01,0,0,3,1,0,4
CKOCHAS,"anticoncepcion, prevencion de its y de cancer de cuello uterino",numero de implantes insertados,2016-08-01,0,1,4,3,0,8
CLIZA,"anticoncepcion, prevencion de its y de cancer de cuello uterino",numero de implantes insertados,2016-08-01,0,2,3,0,0,5
COBIJA,"anticoncepcion, prevencion de its y de cancer de cuello uterino",numero de implantes insertados,2016-08-01,2,20,50,3,0,75
COCAPATA,"anticoncepcion, prevencion de its y de cancer de cuello uterino",numero de implantes insertados,2016-08-01,0,0,3,0,0,3
COCHABAMBA,"anticoncepcion, prevencion de its y de cancer de cuello uterino",numero de implantes insertados,2016-08-01,0,22,141,77,0,240
COLCAPIRHUA,"anticoncepcion, prevencion de its y de cancer de cuello uterino",numero de implantes insertados,2016-08-01,0,3,45,1,0,49
COLOMI,"anticoncepcion, prevencion de its y de cancer de cuello uterino",numero de implantes insertados,2016-08-01,0,0,14,0,0,14
COLQUIRI,"anticoncepcion, prevencion de its y de cancer de cuello uterino",numero de implantes insertados,2016-08-01,0,0,1,0,0,1
CORIPATA,"anticoncepcion, prevencion de its y de cancer de cuello uterino",numero de implantes insertados,2016-08-01,0,0,7,0,0,7
CORQUE,"anticoncepcion, prevencion de its y de cancer de cuello uterino",numero de implantes insertados,2016-08-01,0,0,1,1,0,2
COTAGAITA,"anticoncepcion, prevencion de its y de cancer de cuello uterino",numero de implantes insertados,2016-08-01,0,1,11,1,0,13
CULPINA,"anticoncepcion, prevencion de its y de cancer de cuello uterino",numero de implantes insertados,2016-08-01,0,1,8,3,0,12
EL ALTO,"anticoncepcion, prevencion de its y de cancer de cuello uterino",numero de implantes insertados,2016-08-01,0,20,104,50,0,174
EL PUENTE(TJA),"anticoncepcion, prevencion de its y de cancer de cuello uterino",numero de implantes insertados,2016-08-01,0,0,1,0,0,1
EL TORNO,"anticoncepcion, prevencion de its y de cancer de cuello uterino",numero de implantes insertados,2016-08-01,0,19,37,8,0,64
EL VILLAR,"anticoncepcion, prevencion de its y de cancer de cuello uterino",numero de implantes insertados,2016-08-01,0,0,1,0,0,1
ENTRE RIOS TRJ,"anticoncepcion, prevencion de its y de cancer de cuello uterino",numero de implantes insertados,2016-08-01,0,1,10,1,0,12
ENTRE RIOS CBBA,"anticoncepcion, prevencion de its y de cancer de cuello uterino",numero de implantes insertados,2016-08-01,0,7,7,2,0,16
ESCARA,"anticoncepcion, prevencion de its y de cancer de cuello uterino",numero de implantes insertados,2016-08-01,0,0,0,1,0,1
ESCOMA,"anticoncepcion, prevencion de its y de cancer de cuello uterino",numero de implantes insertados,2016-08-01,0,0,2,1,0,3
ESMERALDA,"anticoncepcion, prevencion de its y de cancer de cuello uterino",numero de implantes insertados,2016-08-01,0,0,1,0,0,1
EUREKA (SANTOS MERCADO),"anticoncepcion, prevencion de its y de cancer de cuello uterino",numero de implantes insertados,2016-08-01,0,1,0,0,0,1
FILADELFIA,"anticoncepcion, prevencion de its y de cancer de cuello uterino",numero de implantes insertados,2016-08-01,0,0,3,1,0,4
GRAL. J.J. PEREZ (CHARAZANI),"anticoncepcion, prevencion de its y de cancer de cuello uterino",numero de implantes insertados,2016-08-01,0,0,5,1,0,6
GUAYARAMERIN,"anticoncepcion, prevencion de its y de cancer de cuello uterino",numero de implantes insertados,2016-08-01,1,41,92,19,0,153
HUACARETA,"anticoncepcion, prevencion de its y de cancer de cuello uterino",numero de implantes insertados,2016-08-01,0,0,2,0,0,2
HUANUNI,"anticoncepcion, prevencion de its y de cancer de cuello uterino",numero de implantes insertados,2016-08-01,0,4,14,5,0,23
HUAYLLAMARCA,"anticoncepcion, prevencion de its y de cancer de cuello uterino",numero de implantes insertados,2016-08-01,0,0,0,1,0,1
ICHOCA,"anticoncepcion, prevencion de its y de cancer de cuello uterino",numero de implantes insertados,2016-08-01,0,0,1,0,0,1
ICLA,"anticoncepcion, prevencion de its y de cancer de cuello uterino",numero de implantes insertados,2016-08-01,0,0,3,0,0,3
INCAHUASI,"anticoncepcion, prevencion de its y de cancer de cuello uterino",numero de implantes insertados,2016-08-01,0,0,4,1,0,5
INGAVI (HUMAITA),"anticoncepcion, prevencion de its y de cancer de cuello uterino",numero de implantes insertados,2016-08-01,0,1,1,0,0,2
IRUPANA (VILLA DE LANZA),"anticoncepcion, prevencion de its y de cancer de cuello uterino",numero de implantes insertados,2016-08-01,0,5,15,7,0,27
LA PAZ,"anticoncepcion, prevencion de its y de cancer de cuello uterino",numero de implantes insertados,2016-08-01,4,30,165,103,0,302
LAJA,"anticoncepcion, prevencion de its y de cancer de cuello uterino",numero de implantes insertados,2016-08-01,0,0,1,0,0,1
LAS CARRERAS,"anticoncepcion, prevencion de its y de cancer de cuello uterino",numero de implantes insertados,2016-08-01,0,0,3,0,0,3
LICOMA PAMPA,"anticoncepcion, prevencion de its y de cancer de cuello uterino",numero de implantes insertados,2016-08-01,0,0,1,0,0,1
LLALLAGUA,"anticoncepcion, prevencion de its y de cancer de cuello uterino",numero de implantes insertados,2016-08-01,0,1,10,0,0,11
LLICA,"anticoncepcion, prevencion de its y de cancer de cuello uterino",numero de implantes insertados,2016-08-01,0,1,0,0,0,1
LURIBAY,"anticoncepcion, prevencion de its y de cancer de cuello uterino",numero de implantes insertados,2016-08-01,0,0,0,1,0,1
MACHACAMARCA,"anticoncepcion, prevencion de its y de cancer de cuello uterino",numero de implantes insertados,2016-08-01,0,0,5,0,0,5
MACHARETI,"anticoncepcion, prevencion de its y de cancer de cuello uterino",numero de implantes insertados,2016-08-01,0,0,4,0,0,4
MAGDALENA,"anticoncepcion, prevencion de its y de cancer de cuello uterino",numero de implantes insertados,2016-08-01,0,0,1,0,0,1
MAPIRI,"anticoncepcion, prevencion de its y de cancer de cuello uterino",numero de implantes insertados,2016-08-01,0,2,7,0,0,9
MIZQUE,"anticoncepcion, prevencion de its y de cancer de cuello uterino",numero de implantes insertados,2016-08-01,1,0,8,1,0,10
MOCOMOCO,"anticoncepcion, prevencion de its y de cancer de cuello uterino",numero de implantes insertados,2016-08-01,0,0,2,0,0,2
MOJOCOYA,"anticoncepcion, prevencion de its y de cancer de cuello uterino",numero de implantes insertados,2016-08-01,0,1,1,1,0,3
MONTEAGUDO,"anticoncepcion, prevencion de its y de cancer de cuello uterino",numero de implantes insertados,2016-08-01,0,0,8,2,0,10
MONTERO,"anticoncepcion, prevencion de its y de cancer de cuello uterino",numero de implantes insertados,2016-08-01,0,2,0,0,0,2
ORURO,"anticoncepcion, prevencion de its y de cancer de cuello uterino",numero de implantes insertados,2016-08-01,0,18,91,15,0,124
PADILLA,"anticoncepcion, prevencion de its y de cancer de cuello uterino",numero de implantes insertados,2016-08-01,0,0,5,0,0,5
PAILON,"anticoncepcion, prevencion de its y de cancer de cuello uterino",numero de implantes insertados,2016-08-01,0,0,1,0,0,1
PALCA,"anticoncepcion, prevencion de its y de cancer de cuello uterino",numero de implantes insertados,2016-08-01,0,2,3,0,0,5
PALOS BLANCOS,"anticoncepcion, prevencion de its y de cancer de cuello uterino",numero de implantes insertados,2016-08-01,1,3,15,4,0,23
PAMPA AULLAGAS,"anticoncepcion, prevencion de its y de cancer de cuello uterino",numero de implantes insertados,2016-08-01,0,1,1,0,0,2
PASORAPA,"anticoncepcion, prevencion de its y de cancer de cuello uterino",numero de implantes insertados,2016-08-01,0,0,1,0,0,1
PAZÑA,"anticoncepcion, prevencion de its y de cancer de cuello uterino",numero de implantes insertados,2016-08-01,0,1,0,3,0,4
POCOATA,"anticoncepcion, prevencion de its y de cancer de cuello uterino",numero de implantes insertados,2016-08-01,0,0,2,0,0,2
POOPO,"anticoncepcion, prevencion de its y de cancer de cuello uterino",numero de implantes insertados,2016-08-01,0,2,3,1,0,6
PORCO,"anticoncepcion, prevencion de its y de cancer de cuello uterino",numero de implantes insertados,2016-08-01,0,0,4,0,0,4
POROMA,"anticoncepcion, prevencion de its y de cancer de cuello uterino",numero de implantes insertados,2016-08-01,0,11,11,4,0,26
PORVENIR,"anticoncepcion, prevencion de its y de cancer de cuello uterino",numero de implantes insertados,2016-08-01,0,0,1,0,0,1
POTOSI,"anticoncepcion, prevencion de its y de cancer de cuello uterino",numero de implantes insertados,2016-08-01,0,17,101,23,0,141
PRESTO,"anticoncepcion, prevencion de its y de cancer de cuello uterino",numero de implantes insertados,2016-08-01,0,0,4,2,0,6
PUCARANI,"anticoncepcion, prevencion de its y de cancer de cuello uterino",numero de implantes insertados,2016-08-01,0,0,1,0,0,1
PUERTO GONZALO MORENO,"anticoncepcion, prevencion de its y de cancer de cuello uterino",numero de implantes insertados,2016-08-01,1,1,5,0,0,7
PUERTO RICO,"anticoncepcion, prevencion de its y de cancer de cuello uterino",numero de implantes insertados,2016-08-01,0,3,3,1,0,7
PUERTO VILLARROEL,"anticoncepcion, prevencion de its y de cancer de cuello uterino",numero de implantes insertados,2016-08-01,0,3,23,4,0,30
PUNA,"anticoncepcion, prevencion de its y de cancer de cuello uterino",numero de implantes insertados,2016-08-01,0,3,2,3,0,8
QUILLACOLLO,"anticoncepcion, prevencion de its y de cancer de cuello uterino",numero de implantes insertados,2016-08-01,0,0,6,0,0,6
RIBERALTA,"anticoncepcion, prevencion de its y de cancer de cuello uterino",numero de implantes insertados,2016-08-01,1,31,70,23,0,125
RURRENABAQUE,"anticoncepcion, prevencion de its y de cancer de cuello uterino",numero de implantes insertados,2016-08-01,0,3,10,0,0,13
SACABA,"anticoncepcion, prevencion de its y de cancer de cuello uterino",numero de implantes insertados,2016-08-01,0,6,28,10,0,44
SACACA,"anticoncepcion, prevencion de its y de cancer de cuello uterino",numero de implantes insertados,2016-08-01,0,1,7,1,0,9
SALINAS DE GARCI MENDOZA,"anticoncepcion, prevencion de its y de cancer de cuello uterino",numero de implantes insertados,2016-08-01,0,0,3,2,0,5
SAN ANDRES,"anticoncepcion, prevencion de its y de cancer de cuello uterino",numero de implantes insertados,2016-08-01,0,0,3,0,0,3
SAN BORJA,"anticoncepcion, prevencion de its y de cancer de cuello uterino",numero de implantes insertados,2016-08-01,0,1,2,3,0,6
SAN CARLOS,"anticoncepcion, prevencion de its y de cancer de cuello uterino",numero de implantes insertados,2016-08-01,0,9,20,1,0,30
SAN IGNACIO,"anticoncepcion, prevencion de its y de cancer de cuello uterino",numero de implantes insertados,2016-08-01,0,0,2,0,0,2
SAN JOAQUIN,"anticoncepcion, prevencion de its y de cancer de cuello uterino",numero de implantes insertados,2016-08-01,0,0,2,0,0,2
SAN JULIAN,"anticoncepcion, prevencion de its y de cancer de cuello uterino",numero de implantes insertados,2016-08-01,1,10,18,4,0,33
SAN LORENZO(PND),"anticoncepcion, prevencion de its y de cancer de cuello uterino",numero de implantes insertados,2016-08-01,0,6,8,0,0,14
SAN LORENZO(TJA),"anticoncepcion, prevencion de its y de cancer de cuello uterino",numero de implantes insertados,2016-08-01,0,0,1,0,0,1
SAN LUCAS,"anticoncepcion, prevencion de its y de cancer de cuello uterino",numero de implantes insertados,2016-08-01,0,4,3,0,0,7
SAN PABLO DE LIPEZ,"anticoncepcion, prevencion de its y de cancer de cuello uterino",numero de implantes insertados,2016-08-01,0,0,1,0,0,1
SANTA CRUZ DE LA SIERRA,"anticoncepcion, prevencion de its y de cancer de cuello uterino",numero de implantes insertados,2016-08-01,3,50,133,213,0,399
SANTIAGO DE HUARI,"anticoncepcion, prevencion de its y de cancer de cuello uterino",numero de implantes insertados,2016-08-01,0,0,2,2,0,4
SANTUARIO DE QUILLACAS,"anticoncepcion, prevencion de its y de cancer de cuello uterino",numero de implantes insertados,2016-08-01,0,0,3,0,0,3
SAPAHAQUI,"anticoncepcion, prevencion de its y de cancer de cuello uterino",numero de implantes insertados,2016-08-01,0,0,3,0,0,3
SENA,"anticoncepcion, prevencion de its y de cancer de cuello uterino",numero de implantes insertados,2016-08-01,0,0,2,0,0,2
SICA SICA (VILLA AROMA),"anticoncepcion, prevencion de its y de cancer de cuello uterino",numero de implantes insertados,2016-08-01,0,1,16,7,0,24
SOPACHUY,"anticoncepcion, prevencion de its y de cancer de cuello uterino",numero de implantes insertados,2016-08-01,0,0,0,1,0,1
SORATA,"anticoncepcion, prevencion de its y de cancer de cuello uterino",numero de implantes insertados,2016-08-01,0,1,4,2,0,7
SUCRE,"anticoncepcion, prevencion de its y de cancer de cuello uterino",numero de implantes insertados,2016-08-01,1,46,202,24,2,275
TAPACARI,"anticoncepcion, prevencion de its y de cancer de cuello uterino",numero de implantes insertados,2016-08-01,0,0,2,5,0,7
TARIJA,"anticoncepcion, prevencion de its y de cancer de cuello uterino",numero de implantes insertados,2016-08-01,0,23,153,14,0,190
TARVITA,"anticoncepcion, prevencion de its y de cancer de cuello uterino",numero de implantes insertados,2016-08-01,0,0,3,0,0,3
TEOPONTE,"anticoncepcion, prevencion de its y de cancer de cuello uterino",numero de implantes insertados,2016-08-01,0,0,0,2,0,2
TIAWANACU,"anticoncepcion, prevencion de its y de cancer de cuello uterino",numero de implantes insertados,2016-08-01,0,1,3,0,0,4
TINGUIPAYA,"anticoncepcion, prevencion de its y de cancer de cuello uterino",numero de implantes insertados,2016-08-01,0,0,1,0,0,1
TIPUANI,"anticoncepcion, prevencion de its y de cancer de cuello uterino",numero de implantes insertados,2016-08-01,0,1,5,1,0,7
TIQUIPAYA,"anticoncepcion, prevencion de its y de cancer de cuello uterino",numero de implantes insertados,2016-08-01,0,0,11,1,0,12
TIRAQUE (CBBA),"anticoncepcion, prevencion de its y de cancer de cuello uterino",numero de implantes insertados,2016-08-01,0,0,3,0,0,3
TODOS SANTOS,"anticoncepcion, prevencion de its y de cancer de cuello uterino",numero de implantes insertados,2016-08-01,0,0,1,0,0,1
TOLATA,"anticoncepcion, prevencion de its y de cancer de cuello uterino",numero de implantes insertados,2016-08-01,0,0,2,0,0,2
TOLEDO,"anticoncepcion, prevencion de its y de cancer de cuello uterino",numero de implantes insertados,2016-08-01,0,0,3,0,0,3
TOMINA,"anticoncepcion, prevencion de its y de cancer de cuello uterino",numero de implantes insertados,2016-08-01,0,1,12,0,0,13
TORO TORO,"anticoncepcion, prevencion de its y de cancer de cuello uterino",numero de implantes insertados,2016-08-01,0,1,7,3,0,11
TOTORA(CBBA),"anticoncepcion, prevencion de its y de cancer de cuello uterino",numero de implantes insertados,2016-08-01,0,2,12,2,0,16
TOTORA(ORR),"anticoncepcion, prevencion de its y de cancer de cuello uterino",numero de implantes insertados,2016-08-01,1,1,2,0,0,4
TRINIDAD,"anticoncepcion, prevencion de its y de cancer de cuello uterino",numero de implantes insertados,2016-08-01,1,12,36,18,0,67
TUPIZA,"anticoncepcion, prevencion de its y de cancer de cuello uterino",numero de implantes insertados,2016-08-01,0,7,40,5,0,52
TURCO,"anticoncepcion, prevencion de its y de cancer de cuello uterino",numero de implantes insertados,2016-08-01,0,1,1,0,0,2
URIONDO (A. CONCEPCION),"anticoncepcion, prevencion de its y de cancer de cuello uterino",numero de implantes insertados,2016-08-01,0,1,3,0,0,4
VIACHA,"anticoncepcion, prevencion de its y de cancer de cuello uterino",numero de implantes insertados,2016-08-01,0,21,110,9,0,140
VILLA CHARCAS,"anticoncepcion, prevencion de its y de cancer de cuello uterino",numero de implantes insertados,2016-08-01,0,1,7,0,0,8
VILLA SERRANO,"anticoncepcion, prevencion de its y de cancer de cuello uterino",numero de implantes insertados,2016-08-01,0,1,1,0,0,2
VILLA TUNARI,"anticoncepcion, prevencion de its y de cancer de cuello uterino",numero de implantes insertados,2016-08-01,0,0,11,9,0,20
VILLA VACA GUZMAN (MUYUPAMPA),"anticoncepcion, prevencion de its y de cancer de cuello uterino",numero de implantes insertados,2016-08-01,0,2,4,0,0,6
VILLAZON,"anticoncepcion, prevencion de its y de cancer de cuello uterino",numero de implantes insertados,2016-08-01,0,13,45,7,0,65
VINTO,"anticoncepcion, prevencion de its y de cancer de cuello uterino",numero de implantes insertados,2016-08-01,0,0,5,0,0,5
VITICHI,"anticoncepcion, prevencion de its y de cancer de cuello uterino",numero de implantes insertados,2016-08-01,0,1,0,1,0,2
WALDO BALLIVIAN,"anticoncepcion, prevencion de its y de cancer de cuello uterino",numero de implantes insertados,2016-08-01,0,0,5,0,0,5
WARNES,"anticoncepcion, prevencion de its y de cancer de cuello uterino",numero de implantes insertados,2016-08-01,0,0,5,0,0,5
YAMPARAEZ,"anticoncepcion, prevencion de its y de cancer de cuello uterino",numero de implantes insertados,2016-08-01,0,1,3,0,0,4
YANACACHI,"anticoncepcion, prevencion de its y de cancer de cuello uterino",numero de implantes insertados,2016-08-01,0,0,2,0,0,2
YOTALA,"anticoncepcion, prevencion de its y de cancer de cuello uterino",numero de implantes insertados,2016-08-01,0,0,3,0,0,3
ZUDAÑEZ,"anticoncepcion, prevencion de its y de cancer de cuello uterino",numero de implantes insertados,2016-08-01,0,0,5,0,0,5
ACHOCALLA,"anticoncepcion, prevencion de its y de cancer de cuello uterino",numero de implantes insertados,2016-09-01,0,1,11,2,0,14
AIQUILE,"anticoncepcion, prevencion de its y de cancer de cuello uterino",numero de implantes insertados,2016-09-01,0,2,10,12,0,24
ALCALA,"anticoncepcion, prevencion de its y de cancer de cuello uterino",numero de implantes insertados,2016-09-01,0,1,2,2,0,5
ALTO BENI,"anticoncepcion, prevencion de its y de cancer de cuello uterino",numero de implantes insertados,2016-09-01,0,0,2,0,0,2
ANDAMARCA,"anticoncepcion, prevencion de its y de cancer de cuello uterino",numero de implantes insertados,2016-09-01,0,0,1,0,0,1
ANTEQUERA,"anticoncepcion, prevencion de its y de cancer de cuello uterino",numero de implantes insertados,2016-09-01,0,1,3,0,0,4
APOLO,"anticoncepcion, prevencion de its y de cancer de cuello uterino",numero de implantes insertados,2016-09-01,0,1,6,2,0,9
ASCENCION DE GUARAYOS,"anticoncepcion, prevencion de its y de cancer de cuello uterino",numero de implantes insertados,2016-09-01,0,0,0,3,0,3
ATOCHA,"anticoncepcion, prevencion de its y de cancer de cuello uterino",numero de implantes insertados,2016-09-01,0,1,7,1,0,9
AUCAPATA,"anticoncepcion, prevencion de its y de cancer de cuello uterino",numero de implantes insertados,2016-09-01,0,2,2,3,0,7
AYATA,"anticoncepcion, prevencion de its y de cancer de cuello uterino",numero de implantes insertados,2016-09-01,0,0,1,1,0,2
AYOPAYA (V. DE INDEPENDENCIA),"anticoncepcion, prevencion de its y de cancer de cuello uterino",numero de implantes insertados,2016-09-01,0,0,12,3,0,15
AZURDUY,"anticoncepcion, prevencion de its y de cancer de cuello uterino",numero de implantes insertados,2016-09-01,0,0,2,0,0,2
BELLA FLOR,"anticoncepcion, prevencion de its y de cancer de cuello uterino",numero de implantes insertados,2016-09-01,0,2,2,0,0,4
BERMEJO,"anticoncepcion, prevencion de its y de cancer de cuello uterino",numero de implantes insertados,2016-09-01,0,2,9,0,0,11
BETANZOS,"anticoncepcion, prevencion de its y de cancer de cuello uterino",numero de implantes insertados,2016-09-01,0,3,4,1,0,8
"CAIZA ""D""","anticoncepcion, prevencion de its y de cancer de cuello uterino",numero de implantes insertados,2016-09-01,0,0,1,0,0,1
CALAMARCA,"anticoncepcion, prevencion de its y de cancer de cuello uterino",numero de implantes insertados,2016-09-01,0,0,2,0,0,2
CAMARGO,"anticoncepcion, prevencion de its y de cancer de cuello uterino",numero de implantes insertados,2016-09-01,0,1,1,1,0,3
CAPINOTA,"anticoncepcion, prevencion de its y de cancer de cuello uterino",numero de implantes insertados,2016-09-01,0,3,10,1,0,14
CARACOLLO,"anticoncepcion, prevencion de its y de cancer de cuello uterino",numero de implantes insertados,2016-09-01,0,1,13,2,0,16
CARANAVI,"anticoncepcion, prevencion de its y de cancer de cuello uterino",numero de implantes insertados,2016-09-01,1,11,41,8,0,61
CATACORA,"anticoncepcion, prevencion de its y de cancer de cuello uterino",numero de implantes insertados,2016-09-01,0,0,1,0,0,1
CHALLAPATA,"anticoncepcion, prevencion de its y de cancer de cuello uterino",numero de implantes insertados,2016-09-01,0,4,16,0,0,20
CHAYANTA,"anticoncepcion, prevencion de its y de cancer de cuello uterino",numero de implantes insertados,2016-09-01,0,4,2,0,0,6
CHIMORE,"anticoncepcion, prevencion de its y de cancer de cuello uterino",numero de implantes insertados,2016-09-01,0,2,15,2,0,19
CHIPAYA,"anticoncepcion, prevencion de its y de cancer de cuello uterino",numero de implantes insertados,2016-09-01,0,0,1,0,0,1
CHULUMANI (V. DE LA LIBERTAD),"anticoncepcion, prevencion de its y de cancer de cuello uterino",numero de implantes insertados,2016-09-01,0,3,3,0,0,6
CHUMA,"anticoncepcion, prevencion de its y de cancer de cuello uterino",numero de implantes insertados,2016-09-01,0,0,1,0,0,1
CKOCHAS,"anticoncepcion, prevencion de its y de cancer de cuello uterino",numero de implantes insertados,2016-09-01,0,0,2,2,0,4
CLIZA,"anticoncepcion, prevencion de its y de cancer de cuello uterino",numero de implantes insertados,2016-09-01,0,0,5,0,0,5
COBIJA,"anticoncepcion, prevencion de its y de cancer de cuello uterino",numero de implantes insertados,2016-09-01,1,13,28,2,0,44
COCAPATA,"anticoncepcion, prevencion de its y de cancer de cuello uterino",numero de implantes insertados,2016-09-01,0,0,2,0,0,2
COCHABAMBA,"anticoncepcion, prevencion de its y de cancer de cuello uterino",numero de implantes insertados,2016-09-01,0,22,102,14,0,138
COLCAPIRHUA,"anticoncepcion, prevencion de its y de cancer de cuello uterino",numero de implantes insertados,2016-09-01,0,2,18,2,0,22
COLOMI,"anticoncepcion, prevencion de its y de cancer de cuello uterino",numero de implantes insertados,2016-09-01,0,0,3,0,0,3
COLQUENCHA,"anticoncepcion, prevencion de its y de cancer de cuello uterino",numero de implantes insertados,2016-09-01,0,0,2,0,0,2
COLQUIRI,"anticoncepcion, prevencion de its y de cancer de cuello uterino",numero de implantes insertados,2016-09-01,0,8,28,5,0,41
CORIPATA,"anticoncepcion, prevencion de its y de cancer de cuello uterino",numero de implantes insertados,2016-09-01,0,2,3,1,0,6
COROICO,"anticoncepcion, prevencion de its y de cancer de cuello uterino",numero de implantes insertados,2016-09-01,0,0,1,0,0,1
COTAGAITA,"anticoncepcion, prevencion de its y de cancer de cuello uterino",numero de implantes insertados,2016-09-01,0,0,1,0,0,1
CUCHUMUELA (V. G. VILLARROEL),"anticoncepcion, prevencion de its y de cancer de cuello uterino",numero de implantes insertados,2016-09-01,0,0,12,1,0,13
CULPINA,"anticoncepcion, prevencion de its y de cancer de cuello uterino",numero de implantes insertados,2016-09-01,0,2,4,1,0,7
EL ALTO,"anticoncepcion, prevencion de its y de cancer de cuello uterino",numero de implantes insertados,2016-09-01,0,17,107,44,1,169
EL CHORO,"anticoncepcion, prevencion de its y de cancer de cuello uterino",numero de implantes insertados,2016-09-01,0,0,1,0,0,1
EL TORNO,"anticoncepcion, prevencion de its y de cancer de cuello uterino",numero de implantes insertados,2016-09-01,0,8,41,3,0,52
ENTRE RIOS TRJ,"anticoncepcion, prevencion de its y de cancer de cuello uterino",numero de implantes insertados,2016-09-01,0,1,1,0,0,2
ESCOMA,"anticoncepcion, prevencion de its y de cancer de cuello uterino",numero de implantes insertados,2016-09-01,0,0,3,1,0,4
EUCALIPTUS,"anticoncepcion, prevencion de its y de cancer de cuello uterino",numero de implantes insertados,2016-09-01,0,0,0,1,0,1
GRAL. J.J. PEREZ (CHARAZANI),"anticoncepcion, prevencion de its y de cancer de cuello uterino",numero de implantes insertados,2016-09-01,0,0,7,2,0,9
GUAYARAMERIN,"anticoncepcion, prevencion de its y de cancer de cuello uterino",numero de implantes insertados,2016-09-01,2,28,78,1,0,109
HUACARETA,"anticoncepcion, prevencion de its y de cancer de cuello uterino",numero de implantes insertados,2016-09-01,0,0,1,1,0,2
HUACHACALLA,"anticoncepcion, prevencion de its y de cancer de cuello uterino",numero de implantes insertados,2016-09-01,0,0,2,0,0,2
HUANUNI,"anticoncepcion, prevencion de its y de cancer de cuello uterino",numero de implantes insertados,2016-09-01,0,1,13,1,0,15
HUAYLLAMARCA,"anticoncepcion, prevencion de its y de cancer de cuello uterino",numero de implantes insertados,2016-09-01,0,0,1,0,0,1
ICLA,"anticoncepcion, prevencion de its y de cancer de cuello uterino",numero de implantes insertados,2016-09-01,0,0,2,0,0,2
INCAHUASI,"anticoncepcion, prevencion de its y de cancer de cuello uterino",numero de implantes insertados,2016-09-01,0,1,3,2,0,6
IRUPANA (VILLA DE LANZA),"anticoncepcion, prevencion de its y de cancer de cuello uterino",numero de implantes insertados,2016-09-01,0,1,8,2,0,11
LA ASUNTA,"anticoncepcion, prevencion de its y de cancer de cuello uterino",numero de implantes insertados,2016-09-01,0,2,11,3,0,16
LA PAZ,"anticoncepcion, prevencion de its y de cancer de cuello uterino",numero de implantes insertados,2016-09-01,0,21,143,134,1,299
LAGUNILLAS,"anticoncepcion, prevencion de its y de cancer de cuello uterino",numero de implantes insertados,2016-09-01,0,0,3,0,0,3
LAJA,"anticoncepcion, prevencion de its y de cancer de cuello uterino",numero de implantes insertados,2016-09-01,0,0,1,0,0,1
LAS CARRERAS,"anticoncepcion, prevencion de its y de cancer de cuello uterino",numero de implantes insertados,2016-09-01,0,0,2,0,0,2
LLALLAGUA,"anticoncepcion, prevencion de its y de cancer de cuello uterino",numero de implantes insertados,2016-09-01,0,5,17,3,0,25
LLICA,"anticoncepcion, prevencion de its y de cancer de cuello uterino",numero de implantes insertados,2016-09-01,1,8,34,7,0,50
LURIBAY,"anticoncepcion, prevencion de its y de cancer de cuello uterino",numero de implantes insertados,2016-09-01,0,0,1,0,0,1
MACHACAMARCA,"anticoncepcion, prevencion de its y de cancer de cuello uterino",numero de implantes insertados,2016-09-01,0,0,3,0,0,3
MACHARETI,"anticoncepcion, prevencion de its y de cancer de cuello uterino",numero de implantes insertados,2016-09-01,0,1,6,1,0,8
MAPIRI,"anticoncepcion, prevencion de its y de cancer de cuello uterino",numero de implantes insertados,2016-09-01,0,0,3,0,0,3
MECAPACA,"anticoncepcion, prevencion de its y de cancer de cuello uterino",numero de implantes insertados,2016-09-01,0,0,2,0,0,2
MIZQUE,"anticoncepcion, prevencion de its y de cancer de cuello uterino",numero de implantes insertados,2016-09-01,0,0,6,1,0,7
MOJOCOYA,"anticoncepcion, prevencion de its y de cancer de cuello uterino",numero de implantes insertados,2016-09-01,0,0,1,0,0,1
MONTEAGUDO,"anticoncepcion, prevencion de its y de cancer de cuello uterino",numero de implantes insertados,2016-09-01,0,2,4,2,0,8
MONTERO,"anticoncepcion, prevencion de its y de cancer de cuello uterino",numero de implantes insertados,2016-09-01,0,1,2,0,0,3
NUEVO MANOA (NUEVA ESPERANZA),"anticoncepcion, prevencion de its y de cancer de cuello uterino",numero de implantes insertados,2016-09-01,0,1,4,0,0,5
OKINAWA,"anticoncepcion, prevencion de its y de cancer de cuello uterino",numero de implantes insertados,2016-09-01,0,0,2,1,0,3
ORURO,"anticoncepcion, prevencion de its y de cancer de cuello uterino",numero de implantes insertados,2016-09-01,1,18,96,15,0,130
PADILLA,"anticoncepcion, prevencion de its y de cancer de cuello uterino",numero de implantes insertados,2016-09-01,0,1,1,1,0,3
PAILON,"anticoncepcion, prevencion de its y de cancer de cuello uterino",numero de implantes insertados,2016-09-01,0,0,6,1,0,7
PALCA,"anticoncepcion, prevencion de its y de cancer de cuello uterino",numero de implantes insertados,2016-09-01,0,0,4,0,0,4
PALOS BLANCOS,"anticoncepcion, prevencion de its y de cancer de cuello uterino",numero de implantes insertados,2016-09-01,0,1,6,1,0,8
PAMPA AULLAGAS,"anticoncepcion, prevencion de its y de cancer de cuello uterino",numero de implantes insertados,2016-09-01,0,2,0,0,0,2
PAPEL PAMPA,"anticoncepcion, prevencion de its y de cancer de cuello uterino",numero de implantes insertados,2016-09-01,0,0,0,1,0,1
PAZÑA,"anticoncepcion, prevencion de its y de cancer de cuello uterino",numero de implantes insertados,2016-09-01,0,0,2,0,0,2
POCOATA,"anticoncepcion, prevencion de its y de cancer de cuello uterino",numero de implantes insertados,2016-09-01,0,0,0,7,0,7
POOPO,"anticoncepcion, prevencion de its y de cancer de cuello uterino",numero de implantes insertados,2016-09-01,0,2,10,3,0,15
PORCO,"anticoncepcion, prevencion de its y de cancer de cuello uterino",numero de implantes insertados,2016-09-01,0,0,1,3,0,4
POROMA,"anticoncepcion, prevencion de its y de cancer de cuello uterino",numero de implantes insertados,2016-09-01,0,1,2,2,0,5
PORVENIR,"anticoncepcion, prevencion de its y de cancer de cuello uterino",numero de implantes insertados,2016-09-01,0,2,3,0,0,5
POTOSI,"anticoncepcion, prevencion de its y de cancer de cuello uterino",numero de implantes insertados,2016-09-01,0,6,61,10,0,77
PRESTO,"anticoncepcion, prevencion de its y de cancer de cuello uterino",numero de implantes insertados,2016-09-01,0,0,1,0,0,1
PUCARANI,"anticoncepcion, prevencion de its y de cancer de cuello uterino",numero de implantes insertados,2016-09-01,0,2,1,0,0,3
PUERTO GONZALO MORENO,"anticoncepcion, prevencion de its y de cancer de cuello uterino",numero de implantes insertados,2016-09-01,1,0,1,0,0,2
PUERTO VILLARROEL,"anticoncepcion, prevencion de its y de cancer de cuello uterino",numero de implantes insertados,2016-09-01,0,5,22,2,0,29
PUNA,"anticoncepcion, prevencion de its y de cancer de cuello uterino",numero de implantes insertados,2016-09-01,0,3,7,2,0,12
QUILLACOLLO,"anticoncepcion, prevencion de its y de cancer de cuello uterino",numero de implantes insertados,2016-09-01,0,1,6,3,0,10
RIBERALTA,"anticoncepcion, prevencion de its y de cancer de cuello uterino",numero de implantes insertados,2016-09-01,0,19,37,12,0,68
RURRENABAQUE,"anticoncepcion, prevencion de its y de cancer de cuello uterino",numero de implantes insertados,2016-09-01,0,4,13,2,0,19
SACABA,"anticoncepcion, prevencion de its y de cancer de cuello uterino",numero de implantes insertados,2016-09-01,0,6,49,10,0,65
SACACA,"anticoncepcion, prevencion de its y de cancer de cuello uterino",numero de implantes insertados,2016-09-01,0,1,2,0,0,3
SALINAS DE GARCI MENDOZA,"anticoncepcion, prevencion de its y de cancer de cuello uterino",numero de implantes insertados,2016-09-01,0,0,3,2,0,5
SAN ANDRES,"anticoncepcion, prevencion de its y de cancer de cuello uterino",numero de implantes insertados,2016-09-01,0,0,4,0,0,4
SAN BORJA,"anticoncepcion, prevencion de its y de cancer de cuello uterino",numero de implantes insertados,2016-09-01,0,3,12,0,0,15
SAN CARLOS,"anticoncepcion, prevencion de its y de cancer de cuello uterino",numero de implantes insertados,2016-09-01,0,7,7,2,0,16
SAN IGNACIO,"anticoncepcion, prevencion de its y de cancer de cuello uterino",numero de implantes insertados,2016-09-01,0,1,3,0,0,4
SAN JAVIER(BNI),"anticoncepcion, prevencion de its y de cancer de cuello uterino",numero de implantes insertados,2016-09-01,0,0,2,0,0,2
SAN JULIAN,"anticoncepcion, prevencion de its y de cancer de cuello uterino",numero de implantes insertados,2016-09-01,0,2,13,2,0,17
SAN LORENZO(TJA),"anticoncepcion, prevencion de its y de cancer de cuello uterino",numero de implantes insertados,2016-09-01,0,2,5,4,0,11
SAN LUCAS,"anticoncepcion, prevencion de its y de cancer de cuello uterino",numero de implantes insertados,2016-09-01,0,1,3,0,0,4
SAN PEDRO(PND),"anticoncepcion, prevencion de its y de cancer de cuello uterino",numero de implantes insertados,2016-09-01,0,1,0,0,0,1
SANTA CRUZ DE LA SIERRA,"anticoncepcion, prevencion de its y de cancer de cuello uterino",numero de implantes insertados,2016-09-01,0,2,13,138,0,153
SANTIAGO DE HUARI,"anticoncepcion, prevencion de its y de cancer de cuello uterino",numero de implantes insertados,2016-09-01,0,0,3,0,0,3
SANTIAGO DE MACHACA,"anticoncepcion, prevencion de its y de cancer de cuello uterino",numero de implantes insertados,2016-09-01,0,1,9,3,0,13
SANTIVAÑES,"anticoncepcion, prevencion de its y de cancer de cuello uterino",numero de implantes insertados,2016-09-01,0,1,1,0,0,2
SANTUARIO DE QUILLACAS,"anticoncepcion, prevencion de its y de cancer de cuello uterino",numero de implantes insertados,2016-09-01,0,0,9,0,0,9
SAPAHAQUI,"anticoncepcion, prevencion de its y de cancer de cuello uterino",numero de implantes insertados,2016-09-01,0,0,3,0,0,3
SENA,"anticoncepcion, prevencion de its y de cancer de cuello uterino",numero de implantes insertados,2016-09-01,0,1,1,0,0,2
SICA SICA (VILLA AROMA),"anticoncepcion, prevencion de its y de cancer de cuello uterino",numero de implantes insertados,2016-09-01,0,2,4,3,0,9
SOPACHUY,"anticoncepcion, prevencion de its y de cancer de cuello uterino",numero de implantes insertados,2016-09-01,0,0,2,0,0,2
SORATA,"anticoncepcion, prevencion de its y de cancer de cuello uterino",numero de implantes insertados,2016-09-01,0,1,10,2,0,13
SUCRE,"anticoncepcion, prevencion de its y de cancer de cuello uterino",numero de implantes insertados,2016-09-01,1,27,178,26,0,232
TACACOMA,"anticoncepcion, prevencion de its y de cancer de cuello uterino",numero de implantes insertados,2016-09-01,0,1,1,0,0,2
TAPACARI,"anticoncepcion, prevencion de its y de cancer de cuello uterino",numero de implantes insertados,2016-09-01,0,1,4,2,0,7
TARABUCO,"anticoncepcion, prevencion de its y de cancer de cuello uterino",numero de implantes insertados,2016-09-01,0,1,2,0,0,3
TARIJA,"anticoncepcion, prevencion de its y de cancer de cuello uterino",numero de implantes insertados,2016-09-01,1,19,99,18,0,137
TARVITA,"anticoncepcion, prevencion de its y de cancer de cuello uterino",numero de implantes insertados,2016-09-01,0,0,3,0,0,3
TIAWANACU,"anticoncepcion, prevencion de its y de cancer de cuello uterino",numero de implantes insertados,2016-09-01,0,3,3,3,0,9
TINGUIPAYA,"anticoncepcion, prevencion de its y de cancer de cuello uterino",numero de implantes insertados,2016-09-01,0,0,1,4,0,5
TIPUANI,"anticoncepcion, prevencion de its y de cancer de cuello uterino",numero de implantes insertados,2016-09-01,0,0,5,3,0,8
TIQUIPAYA,"anticoncepcion, prevencion de its y de cancer de cuello uterino",numero de implantes insertados,2016-09-01,0,0,18,1,0,19
TIRAQUE (CBBA),"anticoncepcion, prevencion de its y de cancer de cuello uterino",numero de implantes insertados,2016-09-01,0,0,1,0,0,1
TOLATA,"anticoncepcion, prevencion de its y de cancer de cuello uterino",numero de implantes insertados,2016-09-01,0,0,0,1,0,1
TOLEDO,"anticoncepcion, prevencion de its y de cancer de cuello uterino",numero de implantes insertados,2016-09-01,0,0,2,1,0,3
TOMINA,"anticoncepcion, prevencion de its y de cancer de cuello uterino",numero de implantes insertados,2016-09-01,0,1,10,0,0,11
TORO TORO,"anticoncepcion, prevencion de its y de cancer de cuello uterino",numero de implantes insertados,2016-09-01,0,1,2,0,0,3
TOTORA(CBBA),"anticoncepcion, prevencion de its y de cancer de cuello uterino",numero de implantes insertados,2016-09-01,0,3,7,0,0,10
TOTORA(ORR),"anticoncepcion, prevencion de its y de cancer de cuello uterino",numero de implantes insertados,2016-09-01,2,1,1,0,0,4
TRINIDAD,"anticoncepcion, prevencion de its y de cancer de cuello uterino",numero de implantes insertados,2016-09-01,0,10,42,0,0,52
TUPIZA,"anticoncepcion, prevencion de its y de cancer de cuello uterino",numero de implantes insertados,2016-09-01,0,4,29,4,0,37
TURCO,"anticoncepcion, prevencion de its y de cancer de cuello uterino",numero de implantes insertados,2016-09-01,0,0,1,2,0,3
URIONDO (A. CONCEPCION),"anticoncepcion, prevencion de its y de cancer de cuello uterino",numero de implantes insertados,2016-09-01,0,3,6,3,0,12
UYUNI,"anticoncepcion, prevencion de its y de cancer de cuello uterino",numero de implantes insertados,2016-09-01,0,10,41,4,0,55
VILLA CHARCAS,"anticoncepcion, prevencion de its y de cancer de cuello uterino",numero de implantes insertados,2016-09-01,0,0,4,0,0,4
VILLA NUEVA (LOMA ALTA),"anticoncepcion, prevencion de its y de cancer de cuello uterino",numero de implantes insertados,2016-09-01,0,0,3,0,0,3
VILLA SERRANO,"anticoncepcion, prevencion de its y de cancer de cuello uterino",numero de implantes insertados,2016-09-01,0,0,0,2,0,2
VILLA TUNARI,"anticoncepcion, prevencion de its y de cancer de cuello uterino",numero de implantes insertados,2016-09-01,0,1,10,8,0,19
VILLA VACA GUZMAN (MUYUPAMPA),"anticoncepcion, prevencion de its y de cancer de cuello uterino",numero de implantes insertados,2016-09-01,0,1,6,4,0,11
VILLAZON,"anticoncepcion, prevencion de its y de cancer de cuello uterino",numero de implantes insertados,2016-09-01,0,6,41,5,0,52
VITICHI,"anticoncepcion, prevencion de its y de cancer de cuello uterino",numero de implantes insertados,2016-09-01,0,0,6,3,0,9
WARNES,"anticoncepcion, prevencion de its y de cancer de cuello uterino",numero de implantes insertados,2016-09-01,0,2,19,1,0,22
YACUIBA,"anticoncepcion, prevencion de its y de cancer de cuello uterino",numero de implantes insertados,2016-09-01,0,0,6,0,0,6
YAMPARAEZ,"anticoncepcion, prevencion de its y de cancer de cuello uterino",numero de implantes insertados,2016-09-01,0,0,4,2,1,7
YANACACHI,"anticoncepcion, prevencion de its y de cancer de cuello uterino",numero de implantes insertados,2016-09-01,0,2,2,1,0,5
YOTALA,"anticoncepcion, prevencion de its y de cancer de cuello uterino",numero de implantes insertados,2016-09-01,0,0,1,0,0,1
ZUDAÑEZ,"anticoncepcion, prevencion de its y de cancer de cuello uterino",numero de implantes insertados,2016-09-01,0,0,3,1,0,4
ACHACACHI,"anticoncepcion, prevencion de its y de cancer de cuello uterino",numero de implantes insertados,2016-10-01,0,2,4,1,0,7
ACHOCALLA,"anticoncepcion, prevencion de its y de cancer de cuello uterino",numero de implantes insertados,2016-10-01,0,0,2,0,0,2
AIQUILE,"anticoncepcion, prevencion de its y de cancer de cuello uterino",numero de implantes insertados,2016-10-01,0,7,14,6,0,27
ALCALA,"anticoncepcion, prevencion de its y de cancer de cuello uterino",numero de implantes insertados,2016-10-01,0,0,5,0,0,5
ALTO BENI,"anticoncepcion, prevencion de its y de cancer de cuello uterino",numero de implantes insertados,2016-10-01,0,1,2,1,0,4
ANTEQUERA,"anticoncepcion, prevencion de its y de cancer de cuello uterino",numero de implantes insertados,2016-10-01,0,1,2,0,0,3
APOLO,"anticoncepcion, prevencion de its y de cancer de cuello uterino",numero de implantes insertados,2016-10-01,0,2,4,1,0,7
ATOCHA,"anticoncepcion, prevencion de its y de cancer de cuello uterino",numero de implantes insertados,2016-10-01,0,1,6,0,0,7
AUCAPATA,"anticoncepcion, prevencion de its y de cancer de cuello uterino",numero de implantes insertados,2016-10-01,0,0,1,0,0,1
AYATA,"anticoncepcion, prevencion de its y de cancer de cuello uterino",numero de implantes insertados,2016-10-01,0,0,4,1,0,5
AYOPAYA (V. DE INDEPENDENCIA),"anticoncepcion, prevencion de its y de cancer de cuello uterino",numero de implantes insertados,2016-10-01,0,1,3,1,0,5
AZURDUY,"anticoncepcion, prevencion de its y de cancer de cuello uterino",numero de implantes insertados,2016-10-01,0,0,3,0,0,3
BATALLAS,"anticoncepcion, prevencion de its y de cancer de cuello uterino",numero de implantes insertados,2016-10-01,0,0,5,0,0,5
BAURES,"anticoncepcion, prevencion de its y de cancer de cuello uterino",numero de implantes insertados,2016-10-01,0,0,1,0,0,1
BELLA FLOR,"anticoncepcion, prevencion de its y de cancer de cuello uterino",numero de implantes insertados,2016-10-01,0,0,3,0,0,3
BERMEJO,"anticoncepcion, prevencion de its y de cancer de cuello uterino",numero de implantes insertados,2016-10-01,0,1,10,0,0,11
BETANZOS,"anticoncepcion, prevencion de its y de cancer de cuello uterino",numero de implantes insertados,2016-10-01,0,0,4,2,0,6
BOLPEBRA,"anticoncepcion, prevencion de its y de cancer de cuello uterino",numero de implantes insertados,2016-10-01,0,0,4,0,0,4
"CAIZA ""D""","anticoncepcion, prevencion de its y de cancer de cuello uterino",numero de implantes insertados,2016-10-01,0,0,2,1,0,3
CALAMARCA,"anticoncepcion, prevencion de its y de cancer de cuello uterino",numero de implantes insertados,2016-10-01,0,0,2,0,0,2
CAMARGO,"anticoncepcion, prevencion de its y de cancer de cuello uterino",numero de implantes insertados,2016-10-01,0,0,3,0,0,3
CAPINOTA,"anticoncepcion, prevencion de its y de cancer de cuello uterino",numero de implantes insertados,2016-10-01,0,8,9,3,0,20
CARACOLLO,"anticoncepcion, prevencion de its y de cancer de cuello uterino",numero de implantes insertados,2016-10-01,0,3,1,0,0,4
CARANAVI,"anticoncepcion, prevencion de its y de cancer de cuello uterino",numero de implantes insertados,2016-10-01,0,5,40,5,0,50
CHALLAPATA,"anticoncepcion, prevencion de its y de cancer de cuello uterino",numero de implantes insertados,2016-10-01,0,2,24,0,0,26
CHAYANTA,"anticoncepcion, prevencion de its y de cancer de cuello uterino",numero de implantes insertados,2016-10-01,0,1,8,2,0,11
CHIMORE,"anticoncepcion, prevencion de its y de cancer de cuello uterino",numero de implantes insertados,2016-10-01,1,3,14,1,0,19
CHIPAYA,"anticoncepcion, prevencion de its y de cancer de cuello uterino",numero de implantes insertados,2016-10-01,0,0,1,0,0,1
CHUA COCANI,"anticoncepcion, prevencion de its y de cancer de cuello uterino",numero de implantes insertados,2016-10-01,0,0,3,1,0,4
CHULUMANI (V. DE LA LIBERTAD),"anticoncepcion, prevencion de its y de cancer de cuello uterino",numero de implantes insertados,2016-10-01,0,1,6,3,0,10
CHUMA,"anticoncepcion, prevencion de its y de cancer de cuello uterino",numero de implantes insertados,2016-10-01,0,0,1,1,0,2
CKOCHAS,"anticoncepcion, prevencion de its y de cancer de cuello uterino",numero de implantes insertados,2016-10-01,0,0,8,3,0,11
CLIZA,"anticoncepcion, prevencion de its y de cancer de cuello uterino",numero de implantes insertados,2016-10-01,0,1,2,1,0,4
COBIJA,"anticoncepcion, prevencion de its y de cancer de cuello uterino",numero de implantes insertados,2016-10-01,2,21,64,9,0,96
COCAPATA,"anticoncepcion, prevencion de its y de cancer de cuello uterino",numero de implantes insertados,2016-10-01,0,0,3,0,0,3
COCHABAMBA,"anticoncepcion, prevencion de its y de cancer de cuello uterino",numero de implantes insertados,2016-10-01,0,17,176,47,0,240
COLCAPIRHUA,"anticoncepcion, prevencion de its y de cancer de cuello uterino",numero de implantes insertados,2016-10-01,0,0,16,1,0,17
COLOMI,"anticoncepcion, prevencion de its y de cancer de cuello uterino",numero de implantes insertados,2016-10-01,0,2,5,0,0,7
COLQUENCHA,"anticoncepcion, prevencion de its y de cancer de cuello uterino",numero de implantes insertados,2016-10-01,0,0,4,1,0,5
COLQUIRI,"anticoncepcion, prevencion de its y de cancer de cuello uterino",numero de implantes insertados,2016-10-01,0,0,1,1,0,2
CORIPATA,"anticoncepcion, prevencion de its y de cancer de cuello uterino",numero de implantes insertados,2016-10-01,0,1,9,2,0,12
COROICO,"anticoncepcion, prevencion de its y de cancer de cuello uterino",numero de implantes insertados,2016-10-01,0,6,14,3,0,23
CORQUE,"anticoncepcion, prevencion de its y de cancer de cuello uterino",numero de implantes insertados,2016-10-01,0,0,2,0,0,2
COTAGAITA,"anticoncepcion, prevencion de its y de cancer de cuello uterino",numero de implantes insertados,2016-10-01,0,2,16,2,0,20
CUCHUMUELA (V. G. VILLARROEL),"anticoncepcion, prevencion de its y de cancer de cuello uterino",numero de implantes insertados,2016-10-01,0,0,2,0,0,2
CULPINA,"anticoncepcion, prevencion de its y de cancer de cuello uterino",numero de implantes insertados,2016-10-01,0,3,7,1,0,11
EL ALTO,"anticoncepcion, prevencion de its y de cancer de cuello uterino",numero de implantes insertados,2016-10-01,0,15,100,48,0,163
EL TORNO,"anticoncepcion, prevencion de its y de cancer de cuello uterino",numero de implantes insertados,2016-10-01,0,15,37,0,0,52
EL VILLAR,"anticoncepcion, prevencion de its y de cancer de cuello uterino",numero de implantes insertados,2016-10-01,0,1,4,0,0,5
ENTRE RIOS TRJ,"anticoncepcion, prevencion de its y de cancer de cuello uterino",numero de implantes insertados,2016-10-01,0,2,10,2,0,14
ENTRE RIOS CBBA,"anticoncepcion, prevencion de its y de cancer de cuello uterino",numero de implantes insertados,2016-10-01,0,2,8,2,0,12
ESCOMA,"anticoncepcion, prevencion de its y de cancer de cuello uterino",numero de implantes insertados,2016-10-01,0,0,2,0,0,2
FILADELFIA,"anticoncepcion, prevencion de its y de cancer de cuello uterino",numero de implantes insertados,2016-10-01,1,5,7,2,0,15
GRAL. J.J. PEREZ (CHARAZANI),"anticoncepcion, prevencion de its y de cancer de cuello uterino",numero de implantes insertados,2016-10-01,0,0,4,2,0,6
GUAQUI,"anticoncepcion, prevencion de its y de cancer de cuello uterino",numero de implantes insertados,2016-10-01,0,4,5,0,0,9
GUAYARAMERIN,"anticoncepcion, prevencion de its y de cancer de cuello uterino",numero de implantes insertados,2016-10-01,0,5,13,3,0,21
HUACARETA,"anticoncepcion, prevencion de its y de cancer de cuello uterino",numero de implantes insertados,2016-10-01,0,1,13,0,0,14
HUACHACALLA,"anticoncepcion, prevencion de its y de cancer de cuello uterino",numero de implantes insertados,2016-10-01,0,0,1,0,0,1
HUANUNI,"anticoncepcion, prevencion de its y de cancer de cuello uterino",numero de implantes insertados,2016-10-01,0,0,17,1,0,18
HUAYLLAMARCA,"anticoncepcion, prevencion de its y de cancer de cuello uterino",numero de implantes insertados,2016-10-01,0,0,0,1,0,1
ICLA,"anticoncepcion, prevencion de its y de cancer de cuello uterino",numero de implantes insertados,2016-10-01,0,1,2,0,0,3
INCAHUASI,"anticoncepcion, prevencion de its y de cancer de cuello uterino",numero de implantes insertados,2016-10-01,0,0,2,1,0,3
IRUPANA (VILLA DE LANZA),"anticoncepcion, prevencion de its y de cancer de cuello uterino",numero de implantes insertados,2016-10-01,0,1,12,1,0,14
JESUS DE MACHACA,"anticoncepcion, prevencion de its y de cancer de cuello uterino",numero de implantes insertados,2016-10-01,0,2,2,0,0,4
LA ASUNTA,"anticoncepcion, prevencion de its y de cancer de cuello uterino",numero de implantes insertados,2016-10-01,0,5,19,2,0,26
LA PAZ,"anticoncepcion, prevencion de its y de cancer de cuello uterino",numero de implantes insertados,2016-10-01,1,19,147,26,0,193
LAJA,"anticoncepcion, prevencion de its y de cancer de cuello uterino",numero de implantes insertados,2016-10-01,0,0,2,0,0,2
LAS CARRERAS,"anticoncepcion, prevencion de its y de cancer de cuello uterino",numero de implantes insertados,2016-10-01,0,1,1,1,0,3
LLALLAGUA,"anticoncepcion, prevencion de its y de cancer de cuello uterino",numero de implantes insertados,2016-10-01,0,0,8,1,0,9
MACHACAMARCA,"anticoncepcion, prevencion de its y de cancer de cuello uterino",numero de implantes insertados,2016-10-01,0,1,0,0,0,1
MAGDALENA,"anticoncepcion, prevencion de its y de cancer de cuello uterino",numero de implantes insertados,2016-10-01,0,0,2,0,0,2
MAIRANA,"anticoncepcion, prevencion de its y de cancer de cuello uterino",numero de implantes insertados,2016-10-01,0,0,3,0,0,3
MIZQUE,"anticoncepcion, prevencion de its y de cancer de cuello uterino",numero de implantes insertados,2016-10-01,0,1,10,2,0,13
MONTEAGUDO,"anticoncepcion, prevencion de its y de cancer de cuello uterino",numero de implantes insertados,2016-10-01,0,5,15,0,0,20
MONTERO,"anticoncepcion, prevencion de its y de cancer de cuello uterino",numero de implantes insertados,2016-10-01,0,0,9,0,0,9
NUEVO MANOA (NUEVA ESPERANZA),"anticoncepcion, prevencion de its y de cancer de cuello uterino",numero de implantes insertados,2016-10-01,1,1,3,1,0,6
OCURI,"anticoncepcion, prevencion de its y de cancer de cuello uterino",numero de implantes insertados,2016-10-01,0,0,1,0,0,1
ORURO,"anticoncepcion, prevencion de its y de cancer de cuello uterino",numero de implantes insertados,2016-10-01,0,17,86,7,0,110
PADCAYA,"anticoncepcion, prevencion de its y de cancer de cuello uterino",numero de implantes insertados,2016-10-01,0,19,89,23,0,131
PADILLA,"anticoncepcion, prevencion de its y de cancer de cuello uterino",numero de implantes insertados,2016-10-01,0,1,1,0,0,2
PAILON,"anticoncepcion, prevencion de its y de cancer de cuello uterino",numero de implantes insertados,2016-10-01,0,6,9,0,0,15
PALCA,"anticoncepcion, prevencion de its y de cancer de cuello uterino",numero de implantes insertados,2016-10-01,0,3,12,4,1,20
PALOS BLANCOS,"anticoncepcion, prevencion de its y de cancer de cuello uterino",numero de implantes insertados,2016-10-01,0,1,6,1,0,8
PAMPA AULLAGAS,"anticoncepcion, prevencion de its y de cancer de cuello uterino",numero de implantes insertados,2016-10-01,0,0,2,0,0,2
PAPEL PAMPA,"anticoncepcion, prevencion de its y de cancer de cuello uterino",numero de implantes insertados,2016-10-01,0,1,1,0,0,2
PAZÑA,"anticoncepcion, prevencion de its y de cancer de cuello uterino",numero de implantes insertados,2016-10-01,0,0,3,0,0,3
POCOATA,"anticoncepcion, prevencion de its y de cancer de cuello uterino",numero de implantes insertados,2016-10-01,0,1,8,6,0,15
POCONA,"anticoncepcion, prevencion de its y de cancer de cuello uterino",numero de implantes insertados,2016-10-01,0,0,1,1,0,2
POOPO,"anticoncepcion, prevencion de its y de cancer de cuello uterino",numero de implantes insertados,2016-10-01,0,0,1,1,0,2
PORCO,"anticoncepcion, prevencion de its y de cancer de cuello uterino",numero de implantes insertados,2016-10-01,0,1,1,0,0,2
POROMA,"anticoncepcion, prevencion de its y de cancer de cuello uterino",numero de implantes insertados,2016-10-01,0,1,2,3,0,6
PORTACHUELO,"anticoncepcion, prevencion de its y de cancer de cuello uterino",numero de implantes insertados,2016-10-01,0,0,1,0,0,1
PORVENIR,"anticoncepcion, prevencion de its y de cancer de cuello uterino",numero de implantes insertados,2016-10-01,0,6,5,0,0,11
POTOSI,"anticoncepcion, prevencion de its y de cancer de cuello uterino",numero de implantes insertados,2016-10-01,0,12,50,8,1,71
PRESTO,"anticoncepcion, prevencion de its y de cancer de cuello uterino",numero de implantes insertados,2016-10-01,0,0,4,0,0,4
PUCARANI,"anticoncepcion, prevencion de its y de cancer de cuello uterino",numero de implantes insertados,2016-10-01,0,0,4,0,0,4
PUERTO GONZALO MORENO,"anticoncepcion, prevencion de its y de cancer de cuello uterino",numero de implantes insertados,2016-10-01,0,1,2,0,0,3
PUERTO VILLARROEL,"anticoncepcion, prevencion de its y de cancer de cuello uterino",numero de implantes insertados,2016-10-01,0,0,11,0,0,11
PUNA,"anticoncepcion, prevencion de its y de cancer de cuello uterino",numero de implantes insertados,2016-10-01,0,0,1,1,0,2
RIBERALTA,"anticoncepcion, prevencion de its y de cancer de cuello uterino",numero de implantes insertados,2016-10-01,2,46,67,7,0,122
RURRENABAQUE,"anticoncepcion, prevencion de its y de cancer de cuello uterino",numero de implantes insertados,2016-10-01,0,4,10,0,0,14
SACABA,"anticoncepcion, prevencion de its y de cancer de cuello uterino",numero de implantes insertados,2016-10-01,0,5,18,2,0,25
SACACA,"anticoncepcion, prevencion de its y de cancer de cuello uterino",numero de implantes insertados,2016-10-01,0,4,4,2,0,10
SAN BORJA,"anticoncepcion, prevencion de its y de cancer de cuello uterino",numero de implantes insertados,2016-10-01,0,3,4,1,0,8
SAN CARLOS,"anticoncepcion, prevencion de its y de cancer de cuello uterino",numero de implantes insertados,2016-10-01,0,5,16,4,0,25
SAN IGNACIO,"anticoncepcion, prevencion de its y de cancer de cuello uterino",numero de implantes insertados,2016-10-01,0,1,1,1,0,3
SAN JAVIER(BNI),"anticoncepcion, prevencion de its y de cancer de cuello uterino",numero de implantes insertados,2016-10-01,0,0,1,0,0,1
SAN JULIAN,"anticoncepcion, prevencion de its y de cancer de cuello uterino",numero de implantes insertados,2016-10-01,0,3,4,1,0,8
SAN LORENZO(PND),"anticoncepcion, prevencion de its y de cancer de cuello uterino",numero de implantes insertados,2016-10-01,0,0,3,0,0,3
SAN LORENZO(TJA),"anticoncepcion, prevencion de its y de cancer de cuello uterino",numero de implantes insertados,2016-10-01,0,2,3,1,0,6
SAN LUCAS,"anticoncepcion, prevencion de its y de cancer de cuello uterino",numero de implantes insertados,2016-10-01,0,1,4,0,0,5
SAN PEDRO(PND),"anticoncepcion, prevencion de its y de cancer de cuello uterino",numero de implantes insertados,2016-10-01,0,1,4,0,0,5
SANTA CRUZ DE LA SIERRA,"anticoncepcion, prevencion de its y de cancer de cuello uterino",numero de implantes insertados,2016-10-01,0,29,204,227,0,460
SANTIVAÑES,"anticoncepcion, prevencion de its y de cancer de cuello uterino",numero de implantes insertados,2016-10-01,0,2,0,0,0,2
SANTUARIO DE QUILLACAS,"anticoncepcion, prevencion de its y de cancer de cuello uterino",numero de implantes insertados,2016-10-01,0,0,4,1,0,5
SENA,"anticoncepcion, prevencion de its y de cancer de cuello uterino",numero de implantes insertados,2016-10-01,0,0,1,0,0,1
SICA SICA (VILLA AROMA),"anticoncepcion, prevencion de its y de cancer de cuello uterino",numero de implantes insertados,2016-10-01,0,1,9,4,0,14
SIPE SIPE,"anticoncepcion, prevencion de its y de cancer de cuello uterino",numero de implantes insertados,2016-10-01,0,0,2,0,0,2
SOPACHUY,"anticoncepcion, prevencion de its y de cancer de cuello uterino",numero de implantes insertados,2016-10-01,0,0,3,0,0,3
SORATA,"anticoncepcion, prevencion de its y de cancer de cuello uterino",numero de implantes insertados,2016-10-01,0,1,1,1,0,3
SUCRE,"anticoncepcion, prevencion de its y de cancer de cuello uterino",numero de implantes insertados,2016-10-01,0,113,214,25,0,352
TACACOMA,"anticoncepcion, prevencion de its y de cancer de cuello uterino",numero de implantes insertados,2016-10-01,0,0,0,1,0,1
TAPACARI,"anticoncepcion, prevencion de its y de cancer de cuello uterino",numero de implantes insertados,2016-10-01,0,5,4,4,0,13
TARABUCO,"anticoncepcion, prevencion de its y de cancer de cuello uterino",numero de implantes insertados,2016-10-01,0,1,3,0,0,4
TARATA,"anticoncepcion, prevencion de its y de cancer de cuello uterino",numero de implantes insertados,2016-10-01,0,0,1,0,0,1
TARIJA,"anticoncepcion, prevencion de its y de cancer de cuello uterino",numero de implantes insertados,2016-10-01,0,22,91,16,0,129
TARVITA,"anticoncepcion, prevencion de its y de cancer de cuello uterino",numero de implantes insertados,2016-10-01,0,1,1,2,1,5
TEOPONTE,"anticoncepcion, prevencion de its y de cancer de cuello uterino",numero de implantes insertados,2016-10-01,0,0,1,0,0,1
TIAWANACU,"anticoncepcion, prevencion de its y de cancer de cuello uterino",numero de implantes insertados,2016-10-01,0,1,0,0,0,1
TIPUANI,"anticoncepcion, prevencion de its y de cancer de cuello uterino",numero de implantes insertados,2016-10-01,0,0,3,0,0,3
TIQUIPAYA,"anticoncepcion, prevencion de its y de cancer de cuello uterino",numero de implantes insertados,2016-10-01,0,3,8,0,0,11
TOLATA,"anticoncepcion, prevencion de its y de cancer de cuello uterino",numero de implantes insertados,2016-10-01,0,0,3,0,0,3
TOLEDO,"anticoncepcion, prevencion de its y de cancer de cuello uterino",numero de implantes insertados,2016-10-01,0,0,1,0,0,1
TOMINA,"anticoncepcion, prevencion de its y de cancer de cuello uterino",numero de implantes insertados,2016-10-01,0,0,7,0,0,7
TORO TORO,"anticoncepcion, prevencion de its y de cancer de cuello uterino",numero de implantes insertados,2016-10-01,0,1,6,1,0,8
TOTORA(CBBA),"anticoncepcion, prevencion de its y de cancer de cuello uterino",numero de implantes insertados,2016-10-01,0,1,4,0,0,5
TOTORA(ORR),"anticoncepcion, prevencion de its y de cancer de cuello uterino",numero de implantes insertados,2016-10-01,0,1,0,0,0,1
TRINIDAD,"anticoncepcion, prevencion de its y de cancer de cuello uterino",numero de implantes insertados,2016-10-01,0,16,44,7,0,67
TUPIZA,"anticoncepcion, prevencion de its y de cancer de cuello uterino",numero de implantes insertados,2016-10-01,0,5,35,5,0,45
TURCO,"anticoncepcion, prevencion de its y de cancer de cuello uterino",numero de implantes insertados,2016-10-01,0,0,1,0,0,1
URIONDO (A. CONCEPCION),"anticoncepcion, prevencion de its y de cancer de cuello uterino",numero de implantes insertados,2016-10-01,0,2,3,0,0,5
UYUNI,"anticoncepcion, prevencion de its y de cancer de cuello uterino",numero de implantes insertados,2016-10-01,0,0,3,0,0,3
VIACHA,"anticoncepcion, prevencion de its y de cancer de cuello uterino",numero de implantes insertados,2016-10-01,0,19,83,7,0,109
VILLA CHARCAS,"anticoncepcion, prevencion de its y de cancer de cuello uterino",numero de implantes insertados,2016-10-01,0,0,1,1,0,2
VILLA SERRANO,"anticoncepcion, prevencion de its y de cancer de cuello uterino",numero de implantes insertados,2016-10-01,0,4,5,2,0,11
VILLA VACA GUZMAN (MUYUPAMPA),"anticoncepcion, prevencion de its y de cancer de cuello uterino",numero de implantes insertados,2016-10-01,2,2,5,1,0,10
VILLAZON,"anticoncepcion, prevencion de its y de cancer de cuello uterino",numero de implantes insertados,2016-10-01,0,6,34,11,1,52
VINTO,"anticoncepcion, prevencion de its y de cancer de cuello uterino",numero de implantes insertados,2016-10-01,0,0,5,1,0,6
VITICHI,"anticoncepcion, prevencion de its y de cancer de cuello uterino",numero de implantes insertados,2016-10-01,0,0,4,1,0,5
WARNES,"anticoncepcion, prevencion de its y de cancer de cuello uterino",numero de implantes insertados,2016-10-01,0,2,7,0,0,9
YACUIBA,"anticoncepcion, prevencion de its y de cancer de cuello uterino",numero de implantes insertados,2016-10-01,0,1,2,1,0,4
YAMPARAEZ,"anticoncepcion, prevencion de its y de cancer de cuello uterino",numero de implantes insertados,2016-10-01,0,1,1,0,0,2
YAPACANI,"anticoncepcion, prevencion de its y de cancer de cuello uterino",numero de implantes insertados,2016-10-01,0,0,5,0,0,5
YOTALA,"anticoncepcion, prevencion de its y de cancer de cuello uterino",numero de implantes insertados,2016-10-01,0,0,1,1,0,2
YUNCHARA,"anticoncepcion, prevencion de its y de cancer de cuello uterino",numero de implantes insertados,2016-10-01,0,0,4,2,0,6
ZUDAÑEZ,"anticoncepcion, prevencion de its y de cancer de cuello uterino",numero de implantes insertados,2016-10-01,0,1,5,0,0,6
ACHACACHI,"anticoncepcion, prevencion de its y de cancer de cuello uterino",numero de implantes insertados,2016-11-01,0,2,6,4,0,12
ACHOCALLA,"anticoncepcion, prevencion de its y de cancer de cuello uterino",numero de implantes insertados,2016-11-01,0,0,7,4,0,11
AIQUILE,"anticoncepcion, prevencion de its y de cancer de cuello uterino",numero de implantes insertados,2016-11-01,0,4,23,2,0,29
ALCALA,"anticoncepcion, prevencion de its y de cancer de cuello uterino",numero de implantes insertados,2016-11-01,0,1,2,1,0,4
ALTO BENI,"anticoncepcion, prevencion de its y de cancer de cuello uterino",numero de implantes insertados,2016-11-01,0,1,2,2,0,5
ANTEQUERA,"anticoncepcion, prevencion de its y de cancer de cuello uterino",numero de implantes insertados,2016-11-01,0,0,1,0,0,1
APOLO,"anticoncepcion, prevencion de its y de cancer de cuello uterino",numero de implantes insertados,2016-11-01,0,0,4,3,0,7
ARBIETO,"anticoncepcion, prevencion de its y de cancer de cuello uterino",numero de implantes insertados,2016-11-01,0,1,5,0,0,6
ARQUE,"anticoncepcion, prevencion de its y de cancer de cuello uterino",numero de implantes insertados,2016-11-01,0,0,3,3,0,6
ATOCHA,"anticoncepcion, prevencion de its y de cancer de cuello uterino",numero de implantes insertados,2016-11-01,0,1,6,0,0,7
AUCAPATA,"anticoncepcion, prevencion de its y de cancer de cuello uterino",numero de implantes insertados,2016-11-01,0,0,0,1,0,1
AYATA,"anticoncepcion, prevencion de its y de cancer de cuello uterino",numero de implantes insertados,2016-11-01,0,0,1,0,0,1
AYOPAYA (V. DE INDEPENDENCIA),"anticoncepcion, prevencion de its y de cancer de cuello uterino",numero de implantes insertados,2016-11-01,0,0,7,1,0,8
BELLA FLOR,"anticoncepcion, prevencion de its y de cancer de cuello uterino",numero de implantes insertados,2016-11-01,0,2,2,0,0,4
BERMEJO,"anticoncepcion, prevencion de its y de cancer de cuello uterino",numero de implantes insertados,2016-11-01,0,3,6,2,0,11
BOLIVAR,"anticoncepcion, prevencion de its y de cancer de cuello uterino",numero de implantes insertados,2016-11-01,0,0,1,0,0,1
BOLPEBRA,"anticoncepcion, prevencion de its y de cancer de cuello uterino",numero de implantes insertados,2016-11-01,0,2,1,0,0,3
"CAIZA ""D""","anticoncepcion, prevencion de its y de cancer de cuello uterino",numero de implantes insertados,2016-11-01,0,0,2,1,0,3
CAMARGO,"anticoncepcion, prevencion de its y de cancer de cuello uterino",numero de implantes insertados,2016-11-01,0,2,0,0,0,2
CAPINOTA,"anticoncepcion, prevencion de its y de cancer de cuello uterino",numero de implantes insertados,2016-11-01,0,0,9,2,0,11
CARACOLLO,"anticoncepcion, prevencion de its y de cancer de cuello uterino",numero de implantes insertados,2016-11-01,0,5,10,2,1,18
CARANAVI,"anticoncepcion, prevencion de its y de cancer de cuello uterino",numero de implantes insertados,2016-11-01,0,7,24,6,0,37
CHALLAPATA,"anticoncepcion, prevencion de its y de cancer de cuello uterino",numero de implantes insertados,2016-11-01,0,2,24,2,0,28
CHAYANTA,"anticoncepcion, prevencion de its y de cancer de cuello uterino",numero de implantes insertados,2016-11-01,0,0,4,2,0,6
CHIMORE,"anticoncepcion, prevencion de its y de cancer de cuello uterino",numero de implantes insertados,2016-11-01,0,2,8,0,0,10
CHULUMANI (V. DE LA LIBERTAD),"anticoncepcion, prevencion de its y de cancer de cuello uterino",numero de implantes insertados,2016-11-01,0,2,2,1,0,5
CKOCHAS,"anticoncepcion, prevencion de its y de cancer de cuello uterino",numero de implantes insertados,2016-11-01,0,2,3,0,0,5
CLIZA,"anticoncepcion, prevencion de its y de cancer de cuello uterino",numero de implantes insertados,2016-11-01,0,2,6,0,0,8
COBIJA,"anticoncepcion, prevencion de its y de cancer de cuello uterino",numero de implantes insertados,2016-11-01,0,8,29,4,0,41
COCAPATA,"anticoncepcion, prevencion de its y de cancer de cuello uterino",numero de implantes insertados,2016-11-01,0,4,11,2,0,17
COCHABAMBA,"anticoncepcion, prevencion de its y de cancer de cuello uterino",numero de implantes insertados,2016-11-01,1,7,62,6,0,76
COLCAPIRHUA,"anticoncepcion, prevencion de its y de cancer de cuello uterino",numero de implantes insertados,2016-11-01,0,4,31,7,0,42
COLOMI,"anticoncepcion, prevencion de its y de cancer de cuello uterino",numero de implantes insertados,2016-11-01,0,2,0,0,0,2
COLQUECHACA,"anticoncepcion, prevencion de its y de cancer de cuello uterino",numero de implantes insertados,2016-11-01,0,0,3,0,0,3
COLQUENCHA,"anticoncepcion, prevencion de its y de cancer de cuello uterino",numero de implantes insertados,2016-11-01,0,0,1,1,0,2
CORIPATA,"anticoncepcion, prevencion de its y de cancer de cuello uterino",numero de implantes insertados,2016-11-01,0,3,6,2,0,11
CORQUE,"anticoncepcion, prevencion de its y de cancer de cuello uterino",numero de implantes insertados,2016-11-01,0,1,2,0,0,3
COTAGAITA,"anticoncepcion, prevencion de its y de cancer de cuello uterino",numero de implantes insertados,2016-11-01,0,1,3,0,0,4
CUCHUMUELA (V. G. VILLARROEL),"anticoncepcion, prevencion de its y de cancer de cuello uterino",numero de implantes insertados,2016-11-01,0,0,2,0,0,2
CULPINA,"anticoncepcion, prevencion de its y de cancer de cuello uterino",numero de implantes insertados,2016-11-01,0,0,3,1,0,4
EL ALTO,"anticoncepcion, prevencion de its y de cancer de cuello uterino",numero de implantes insertados,2016-11-01,0,24,213,19,0,256
EL PUENTE(TJA),"anticoncepcion, prevencion de its y de cancer de cuello uterino",numero de implantes insertados,2016-11-01,0,0,2,0,0,2
EL TORNO,"anticoncepcion, prevencion de its y de cancer de cuello uterino",numero de implantes insertados,2016-11-01,0,10,31,5,0,46
EL VILLAR,"anticoncepcion, prevencion de its y de cancer de cuello uterino",numero de implantes insertados,2016-11-01,0,0,1,2,0,3
ENTRE RIOS TRJ,"anticoncepcion, prevencion de its y de cancer de cuello uterino",numero de implantes insertados,2016-11-01,0,5,18,5,0,28
ENTRE RIOS CBBA,"anticoncepcion, prevencion de its y de cancer de cuello uterino",numero de implantes insertados,2016-11-01,1,2,17,2,0,22
ESCOMA,"anticoncepcion, prevencion de its y de cancer de cuello uterino",numero de implantes insertados,2016-11-01,0,0,2,0,0,2
EUCALIPTUS,"anticoncepcion, prevencion de its y de cancer de cuello uterino",numero de implantes insertados,2016-11-01,0,1,1,0,0,2
EUREKA (SANTOS MERCADO),"anticoncepcion, prevencion de its y de cancer de cuello uterino",numero de implantes insertados,2016-11-01,0,0,1,0,0,1
GRAL. J.J. PEREZ (CHARAZANI),"anticoncepcion, prevencion de its y de cancer de cuello uterino",numero de implantes insertados,2016-11-01,0,1,0,1,0,2
GUAYARAMERIN,"anticoncepcion, prevencion de its y de cancer de cuello uterino",numero de implantes insertados,2016-11-01,0,0,5,0,0,5
HUACARETA,"anticoncepcion, prevencion de its y de cancer de cuello uterino",numero de implantes insertados,2016-11-01,0,0,4,0,0,4
HUANUNI,"anticoncepcion, prevencion de its y de cancer de cuello uterino",numero de implantes insertados,2016-11-01,0,1,17,2,0,20
HUARINA,"anticoncepcion, prevencion de its y de cancer de cuello uterino",numero de implantes insertados,2016-11-01,0,2,6,0,0,8
HUATAJATA,"anticoncepcion, prevencion de its y de cancer de cuello uterino",numero de implantes insertados,2016-11-01,0,1,0,0,0,1
HUAYLLAMARCA,"anticoncepcion, prevencion de its y de cancer de cuello uterino",numero de implantes insertados,2016-11-01,0,1,3,0,0,4
ICLA,"anticoncepcion, prevencion de its y de cancer de cuello uterino",numero de implantes insertados,2016-11-01,0,0,4,0,0,4
INCAHUASI,"anticoncepcion, prevencion de its y de cancer de cuello uterino",numero de implantes insertados,2016-11-01,0,1,3,0,0,4
INGAVI (HUMAITA),"anticoncepcion, prevencion de its y de cancer de cuello uterino",numero de implantes insertados,2016-11-01,0,1,1,0,0,2
IRUPANA (VILLA DE LANZA),"anticoncepcion, prevencion de its y de cancer de cuello uterino",numero de implantes insertados,2016-11-01,0,1,7,3,0,11
LA ASUNTA,"anticoncepcion, prevencion de its y de cancer de cuello uterino",numero de implantes insertados,2016-11-01,0,3,15,0,0,18
LA PAZ,"anticoncepcion, prevencion de its y de cancer de cuello uterino",numero de implantes insertados,2016-11-01,0,36,185,82,0,303
LAJA,"anticoncepcion, prevencion de its y de cancer de cuello uterino",numero de implantes insertados,2016-11-01,0,3,11,2,0,16
LAS CARRERAS,"anticoncepcion, prevencion de its y de cancer de cuello uterino",numero de implantes insertados,2016-11-01,0,1,7,3,0,11
LLALLAGUA,"anticoncepcion, prevencion de its y de cancer de cuello uterino",numero de implantes insertados,2016-11-01,0,5,6,0,0,11
LLICA,"anticoncepcion, prevencion de its y de cancer de cuello uterino",numero de implantes insertados,2016-11-01,0,0,1,0,0,1
MACHARETI,"anticoncepcion, prevencion de its y de cancer de cuello uterino",numero de implantes insertados,2016-11-01,0,3,4,0,0,7
MAGDALENA,"anticoncepcion, prevencion de its y de cancer de cuello uterino",numero de implantes insertados,2016-11-01,0,2,3,0,0,5
MAIRANA,"anticoncepcion, prevencion de its y de cancer de cuello uterino",numero de implantes insertados,2016-11-01,0,0,7,0,0,7
MAPIRI,"anticoncepcion, prevencion de its y de cancer de cuello uterino",numero de implantes insertados,2016-11-01,0,2,4,2,0,8
MECAPACA,"anticoncepcion, prevencion de its y de cancer de cuello uterino",numero de implantes insertados,2016-11-01,0,1,20,2,0,23
MIZQUE,"anticoncepcion, prevencion de its y de cancer de cuello uterino",numero de implantes insertados,2016-11-01,0,2,8,1,0,11
MOCOMOCO,"anticoncepcion, prevencion de its y de cancer de cuello uterino",numero de implantes insertados,2016-11-01,0,1,0,0,0,1
MOJOCOYA,"anticoncepcion, prevencion de its y de cancer de cuello uterino",numero de implantes insertados,2016-11-01,0,1,0,0,0,1
MONTEAGUDO,"anticoncepcion, prevencion de its y de cancer de cuello uterino",numero de implantes insertados,2016-11-01,0,1,1,2,0,4
MONTERO,"anticoncepcion, prevencion de its y de cancer de cuello uterino",numero de implantes insertados,2016-11-01,0,1,10,0,0,11
MOROCHATA,"anticoncepcion, prevencion de its y de cancer de cuello uterino",numero de implantes insertados,2016-11-01,0,1,0,0,0,1
NUEVO MANOA (NUEVA ESPERANZA),"anticoncepcion, prevencion de its y de cancer de cuello uterino",numero de implantes insertados,2016-11-01,0,2,4,0,0,6
OCURI,"anticoncepcion, prevencion de its y de cancer de cuello uterino",numero de implantes insertados,2016-11-01,0,1,2,1,1,5
ORURO,"anticoncepcion, prevencion de its y de cancer de cuello uterino",numero de implantes insertados,2016-11-01,0,27,165,25,0,217
PADCAYA,"anticoncepcion, prevencion de its y de cancer de cuello uterino",numero de implantes insertados,2016-11-01,0,2,17,0,0,19
PADILLA,"anticoncepcion, prevencion de its y de cancer de cuello uterino",numero de implantes insertados,2016-11-01,0,3,3,1,0,7
PAILON,"anticoncepcion, prevencion de its y de cancer de cuello uterino",numero de implantes insertados,2016-11-01,0,0,5,0,0,5
PALCA,"anticoncepcion, prevencion de its y de cancer de cuello uterino",numero de implantes insertados,2016-11-01,0,3,7,2,0,12
PALOS BLANCOS,"anticoncepcion, prevencion de its y de cancer de cuello uterino",numero de implantes insertados,2016-11-01,0,0,14,6,0,20
PAMPA AULLAGAS,"anticoncepcion, prevencion de its y de cancer de cuello uterino",numero de implantes insertados,2016-11-01,0,1,2,0,0,3
PASORAPA,"anticoncepcion, prevencion de its y de cancer de cuello uterino",numero de implantes insertados,2016-11-01,0,0,1,1,0,2
PATACAMAYA,"anticoncepcion, prevencion de its y de cancer de cuello uterino",numero de implantes insertados,2016-11-01,0,0,18,0,0,18
PAZÑA,"anticoncepcion, prevencion de its y de cancer de cuello uterino",numero de implantes insertados,2016-11-01,0,0,3,0,0,3
POCOATA,"anticoncepcion, prevencion de its y de cancer de cuello uterino",numero de implantes insertados,2016-11-01,0,1,2,2,0,5
POCONA,"anticoncepcion, prevencion de its y de cancer de cuello uterino",numero de implantes insertados,2016-11-01,0,0,0,1,0,1
POOPO,"anticoncepcion, prevencion de its y de cancer de cuello uterino",numero de implantes insertados,2016-11-01,0,0,3,0,0,3
PORCO,"anticoncepcion, prevencion de its y de cancer de cuello uterino",numero de implantes insertados,2016-11-01,0,6,18,0,0,24
POROMA,"anticoncepcion, prevencion de its y de cancer de cuello uterino",numero de implantes insertados,2016-11-01,0,3,7,1,0,11
PORVENIR,"anticoncepcion, prevencion de its y de cancer de cuello uterino",numero de implantes insertados,2016-11-01,0,0,3,0,0,3
POTOSI,"anticoncepcion, prevencion de its y de cancer de cuello uterino",numero de implantes insertados,2016-11-01,0,8,54,11,0,73
PRESTO,"anticoncepcion, prevencion de its y de cancer de cuello uterino",numero de implantes insertados,2016-11-01,0,2,3,2,0,7
PUCARANI,"anticoncepcion, prevencion de its y de cancer de cuello uterino",numero de implantes insertados,2016-11-01,0,0,10,2,0,12
PUERTO GONZALO MORENO,"anticoncepcion, prevencion de its y de cancer de cuello uterino",numero de implantes insertados,2016-11-01,0,3,3,0,0,6
PUERTO VILLARROEL,"anticoncepcion, prevencion de its y de cancer de cuello uterino",numero de implantes insertados,2016-11-01,0,1,7,0,0,8
PUNA,"anticoncepcion, prevencion de its y de cancer de cuello uterino",numero de implantes insertados,2016-11-01,0,0,3,0,0,3
QUILLACOLLO,"anticoncepcion, prevencion de its y de cancer de cuello uterino",numero de implantes insertados,2016-11-01,0,0,8,0,0,8
RIBERALTA,"anticoncepcion, prevencion de its y de cancer de cuello uterino",numero de implantes insertados,2016-11-01,3,40,80,3,0,126
RURRENABAQUE,"anticoncepcion, prevencion de its y de cancer de cuello uterino",numero de implantes insertados,2016-11-01,0,1,11,2,0,14
SACABA,"anticoncepcion, prevencion de its y de cancer de cuello uterino",numero de implantes insertados,2016-11-01,0,7,32,19,0,58
SACACA,"anticoncepcion, prevencion de its y de cancer de cuello uterino",numero de implantes insertados,2016-11-01,0,1,6,1,0,8
SALINAS DE GARCI MENDOZA,"anticoncepcion, prevencion de its y de cancer de cuello uterino",numero de implantes insertados,2016-11-01,0,2,2,0,0,4
SAN ANDRES,"anticoncepcion, prevencion de its y de cancer de cuello uterino",numero de implantes insertados,2016-11-01,0,1,1,0,0,2
SAN BORJA,"anticoncepcion, prevencion de its y de cancer de cuello uterino",numero de implantes insertados,2016-11-01,0,2,7,0,0,9
SAN CARLOS,"anticoncepcion, prevencion de its y de cancer de cuello uterino",numero de implantes insertados,2016-11-01,0,5,28,4,0,37
SAN LORENZO(TJA),"anticoncepcion, prevencion de its y de cancer de cuello uterino",numero de implantes insertados,2016-11-01,0,0,2,1,0,3
SAN LUCAS,"anticoncepcion, prevencion de its y de cancer de cuello uterino",numero de implantes insertados,2016-11-01,0,0,1,1,0,2
SAN PABLO DE LIPEZ,"anticoncepcion, prevencion de its y de cancer de cuello uterino",numero de implantes insertados,2016-11-01,0,1,0,0,0,1
SAN PEDRO,"anticoncepcion, prevencion de its y de cancer de cuello uterino",numero de implantes insertados,2016-11-01,0,2,9,5,0,16
SAN PEDRO(PND),"anticoncepcion, prevencion de its y de cancer de cuello uterino",numero de implantes insertados,2016-11-01,0,1,2,0,0,3
SANTA CRUZ DE LA SIERRA,"anticoncepcion, prevencion de its y de cancer de cuello uterino",numero de implantes insertados,2016-11-01,0,4,85,39,0,128
SANTIAGO DE HUARI,"anticoncepcion, prevencion de its y de cancer de cuello uterino",numero de implantes insertados,2016-11-01,0,0,1,0,0,1
SANTIAGO DE MACHACA,"anticoncepcion, prevencion de its y de cancer de cuello uterino",numero de implantes insertados,2016-11-01,0,0,1,0,0,1
SANTIVAÑES,"anticoncepcion, prevencion de its y de cancer de cuello uterino",numero de implantes insertados,2016-11-01,0,0,3,0,0,3
SANTUARIO DE QUILLACAS,"anticoncepcion, prevencion de its y de cancer de cuello uterino",numero de implantes insertados,2016-11-01,0,2,5,0,0,7
SENA,"anticoncepcion, prevencion de its y de cancer de cuello uterino",numero de implantes insertados,2016-11-01,0,3,6,0,0,9
SICA SICA (VILLA AROMA),"anticoncepcion, prevencion de its y de cancer de cuello uterino",numero de implantes insertados,2016-11-01,0,2,1,2,0,5
SOPACHUY,"anticoncepcion, prevencion de its y de cancer de cuello uterino",numero de implantes insertados,2016-11-01,0,0,2,1,0,3
SORATA,"anticoncepcion, prevencion de its y de cancer de cuello uterino",numero de implantes insertados,2016-11-01,0,1,3,1,0,5
SUCRE,"anticoncepcion, prevencion de its y de cancer de cuello uterino",numero de implantes insertados,2016-11-01,0,72,227,18,0,317
TACACOMA,"anticoncepcion, prevencion de its y de cancer de cuello uterino",numero de implantes insertados,2016-11-01,0,1,2,0,0,3
TACOBAMBA,"anticoncepcion, prevencion de its y de cancer de cuello uterino",numero de implantes insertados,2016-11-01,0,0,1,1,0,2
TAPACARI,"anticoncepcion, prevencion de its y de cancer de cuello uterino",numero de implantes insertados,2016-11-01,0,2,4,1,0,7
TARABUCO,"anticoncepcion, prevencion de its y de cancer de cuello uterino",numero de implantes insertados,2016-11-01,0,2,5,0,0,7
TARATA,"anticoncepcion, prevencion de its y de cancer de cuello uterino",numero de implantes insertados,2016-11-01,0,1,0,0,0,1
TARIJA,"anticoncepcion, prevencion de its y de cancer de cuello uterino",numero de implantes insertados,2016-11-01,0,25,104,17,0,146
TEOPONTE,"anticoncepcion, prevencion de its y de cancer de cuello uterino",numero de implantes insertados,2016-11-01,0,1,1,0,0,2
TINGUIPAYA,"anticoncepcion, prevencion de its y de cancer de cuello uterino",numero de implantes insertados,2016-11-01,0,1,1,1,0,3
TIPUANI,"anticoncepcion, prevencion de its y de cancer de cuello uterino",numero de implantes insertados,2016-11-01,0,0,4,0,0,4
TIQUIPAYA,"anticoncepcion, prevencion de its y de cancer de cuello uterino",numero de implantes insertados,2016-11-01,0,4,13,0,0,17
TODOS SANTOS,"anticoncepcion, prevencion de its y de cancer de cuello uterino",numero de implantes insertados,2016-11-01,0,0,1,1,0,2
TOLATA,"anticoncepcion, prevencion de its y de cancer de cuello uterino",numero de implantes insertados,2016-11-01,0,1,3,1,0,5
TOLEDO,"anticoncepcion, prevencion de its y de cancer de cuello uterino",numero de implantes insertados,2016-11-01,0,0,0,1,0,1
TOMINA,"anticoncepcion, prevencion de its y de cancer de cuello uterino",numero de implantes insertados,2016-11-01,0,1,4,1,0,6
TORO TORO,"anticoncepcion, prevencion de its y de cancer de cuello uterino",numero de implantes insertados,2016-11-01,0,0,5,1,0,6
TOTORA(CBBA),"anticoncepcion, prevencion de its y de cancer de cuello uterino",numero de implantes insertados,2016-11-01,0,0,3,0,0,3
TRINIDAD,"anticoncepcion, prevencion de its y de cancer de cuello uterino",numero de implantes insertados,2016-11-01,0,1,42,1,0,44
TUPIZA,"anticoncepcion, prevencion de its y de cancer de cuello uterino",numero de implantes insertados,2016-11-01,0,8,39,7,0,54
TURCO,"anticoncepcion, prevencion de its y de cancer de cuello uterino",numero de implantes insertados,2016-11-01,0,0,4,1,0,5
URIONDO (A. CONCEPCION),"anticoncepcion, prevencion de its y de cancer de cuello uterino",numero de implantes insertados,2016-11-01,0,0,3,0,0,3
UYUNI,"anticoncepcion, prevencion de its y de cancer de cuello uterino",numero de implantes insertados,2016-11-01,0,0,3,1,0,4
VIACHA,"anticoncepcion, prevencion de its y de cancer de cuello uterino",numero de implantes insertados,2016-11-01,0,14,92,15,0,121
VILLA CHARCAS,"anticoncepcion, prevencion de its y de cancer de cuello uterino",numero de implantes insertados,2016-11-01,0,0,3,0,0,3
VILLA SERRANO,"anticoncepcion, prevencion de its y de cancer de cuello uterino",numero de implantes insertados,2016-11-01,0,0,1,0,0,1
VILLA VACA GUZMAN (MUYUPAMPA),"anticoncepcion, prevencion de its y de cancer de cuello uterino",numero de implantes insertados,2016-11-01,0,2,7,0,0,9
VILLAZON,"anticoncepcion, prevencion de its y de cancer de cuello uterino",numero de implantes insertados,2016-11-01,0,8,20,7,0,35
VINTO,"anticoncepcion, prevencion de its y de cancer de cuello uterino",numero de implantes insertados,2016-11-01,0,1,9,0,0,10
VITICHI,"anticoncepcion, prevencion de its y de cancer de cuello uterino",numero de implantes insertados,2016-11-01,0,0,3,0,0,3
WARNES,"anticoncepcion, prevencion de its y de cancer de cuello uterino",numero de implantes insertados,2016-11-01,0,18,18,0,0,36
YAMPARAEZ,"anticoncepcion, prevencion de its y de cancer de cuello uterino",numero de implantes insertados,2016-11-01,0,2,4,0,0,6
YUNCHARA,"anticoncepcion, prevencion de its y de cancer de cuello uterino",numero de implantes insertados,2016-11-01,0,1,0,0,0,1
ZUDAÑEZ,"anticoncepcion, prevencion de its y de cancer de cuello uterino",numero de implantes insertados,2016-11-01,0,1,3,0,0,4
ACACIO,"anticoncepcion, prevencion de its y de cancer de cuello uterino",numero de implantes insertados,2016-12-01,0,1,3,1,0,5
ACHACACHI,"anticoncepcion, prevencion de its y de cancer de cuello uterino",numero de implantes insertados,2016-12-01,0,0,2,0,0,2
ACHOCALLA,"anticoncepcion, prevencion de its y de cancer de cuello uterino",numero de implantes insertados,2016-12-01,0,0,6,0,0,6
AIQUILE,"anticoncepcion, prevencion de its y de cancer de cuello uterino",numero de implantes insertados,2016-12-01,0,4,11,1,0,16
ALTO BENI,"anticoncepcion, prevencion de its y de cancer de cuello uterino",numero de implantes insertados,2016-12-01,0,0,5,0,0,5
ANDAMARCA,"anticoncepcion, prevencion de its y de cancer de cuello uterino",numero de implantes insertados,2016-12-01,0,0,1,0,0,1
APOLO,"anticoncepcion, prevencion de its y de cancer de cuello uterino",numero de implantes insertados,2016-12-01,0,1,8,3,0,12
ARBIETO,"anticoncepcion, prevencion de its y de cancer de cuello uterino",numero de implantes insertados,2016-12-01,0,1,5,1,0,7
ATOCHA,"anticoncepcion, prevencion de its y de cancer de cuello uterino",numero de implantes insertados,2016-12-01,0,1,5,0,0,6
AUCAPATA,"anticoncepcion, prevencion de its y de cancer de cuello uterino",numero de implantes insertados,2016-12-01,0,0,1,1,0,2
AYATA,"anticoncepcion, prevencion de its y de cancer de cuello uterino",numero de implantes insertados,2016-12-01,0,1,2,2,0,5
AYOPAYA (V. DE INDEPENDENCIA),"anticoncepcion, prevencion de its y de cancer de cuello uterino",numero de implantes insertados,2016-12-01,0,0,9,1,0,10
AZURDUY,"anticoncepcion, prevencion de its y de cancer de cuello uterino",numero de implantes insertados,2016-12-01,0,1,2,1,0,4
BELLA FLOR,"anticoncepcion, prevencion de its y de cancer de cuello uterino",numero de implantes insertados,2016-12-01,0,1,4,0,0,5
BERMEJO,"anticoncepcion, prevencion de its y de cancer de cuello uterino",numero de implantes insertados,2016-12-01,0,1,4,1,0,6
BOLIVAR,"anticoncepcion, prevencion de its y de cancer de cuello uterino",numero de implantes insertados,2016-12-01,0,0,2,0,0,2
BOLPEBRA,"anticoncepcion, prevencion de its y de cancer de cuello uterino",numero de implantes insertados,2016-12-01,0,1,2,0,0,3
CAIROMA,"anticoncepcion, prevencion de its y de cancer de cuello uterino",numero de implantes insertados,2016-12-01,0,0,6,0,0,6
"CAIZA ""D""","anticoncepcion, prevencion de its y de cancer de cuello uterino",numero de implantes insertados,2016-12-01,0,1,14,2,0,17
CALAMARCA,"anticoncepcion, prevencion de its y de cancer de cuello uterino",numero de implantes insertados,2016-12-01,0,0,2,1,0,3
CAMARGO,"anticoncepcion, prevencion de its y de cancer de cuello uterino",numero de implantes insertados,2016-12-01,0,1,7,1,0,9
CAMATAQUI (C. VILLA ABECIA),"anticoncepcion, prevencion de its y de cancer de cuello uterino",numero de implantes insertados,2016-12-01,0,0,1,0,0,1
CAMIRI,"anticoncepcion, prevencion de its y de cancer de cuello uterino",numero de implantes insertados,2016-12-01,0,0,2,0,0,2
CAPINOTA,"anticoncepcion, prevencion de its y de cancer de cuello uterino",numero de implantes insertados,2016-12-01,0,1,3,3,0,7
CARACOLLO,"anticoncepcion, prevencion de its y de cancer de cuello uterino",numero de implantes insertados,2016-12-01,0,1,14,0,0,15
CARIPUYO,"anticoncepcion, prevencion de its y de cancer de cuello uterino",numero de implantes insertados,2016-12-01,0,0,0,1,0,1
CHALLAPATA,"anticoncepcion, prevencion de its y de cancer de cuello uterino",numero de implantes insertados,2016-12-01,0,2,0,0,0,2
CHAYANTA,"anticoncepcion, prevencion de its y de cancer de cuello uterino",numero de implantes insertados,2016-12-01,0,0,9,1,0,10
CHIMORE,"anticoncepcion, prevencion de its y de cancer de cuello uterino",numero de implantes insertados,2016-12-01,0,0,3,1,0,4
CHULUMANI (V. DE LA LIBERTAD),"anticoncepcion, prevencion de its y de cancer de cuello uterino",numero de implantes insertados,2016-12-01,0,1,3,0,0,4
CHUMA,"anticoncepcion, prevencion de its y de cancer de cuello uterino",numero de implantes insertados,2016-12-01,0,0,1,1,0,2
CLIZA,"anticoncepcion, prevencion de its y de cancer de cuello uterino",numero de implantes insertados,2016-12-01,0,2,2,0,0,4
COBIJA,"anticoncepcion, prevencion de its y de cancer de cuello uterino",numero de implantes insertados,2016-12-01,0,12,11,0,0,23
COCAPATA,"anticoncepcion, prevencion de its y de cancer de cuello uterino",numero de implantes insertados,2016-12-01,0,3,1,1,0,5
COCHABAMBA,"anticoncepcion, prevencion de its y de cancer de cuello uterino",numero de implantes insertados,2016-12-01,1,29,211,42,0,283
COLCAPIRHUA,"anticoncepcion, prevencion de its y de cancer de cuello uterino",numero de implantes insertados,2016-12-01,0,0,16,0,0,16
COLOMI,"anticoncepcion, prevencion de its y de cancer de cuello uterino",numero de implantes insertados,2016-12-01,0,0,2,0,0,2
COLQUECHACA,"anticoncepcion, prevencion de its y de cancer de cuello uterino",numero de implantes insertados,2016-12-01,0,0,17,5,0,22
COLQUENCHA,"anticoncepcion, prevencion de its y de cancer de cuello uterino",numero de implantes insertados,2016-12-01,0,0,2,0,0,2
CORIPATA,"anticoncepcion, prevencion de its y de cancer de cuello uterino",numero de implantes insertados,2016-12-01,0,1,3,1,0,5
COTAGAITA,"anticoncepcion, prevencion de its y de cancer de cuello uterino",numero de implantes insertados,2016-12-01,0,0,1,1,0,2
CUCHUMUELA (V. G. VILLARROEL),"anticoncepcion, prevencion de its y de cancer de cuello uterino",numero de implantes insertados,2016-12-01,0,0,2,0,0,2
CULPINA,"anticoncepcion, prevencion de its y de cancer de cuello uterino",numero de implantes insertados,2016-12-01,0,2,1,1,0,4
EL ALTO,"anticoncepcion, prevencion de its y de cancer de cuello uterino",numero de implantes insertados,2016-12-01,0,30,297,39,0,366
EL TORNO,"anticoncepcion, prevencion de its y de cancer de cuello uterino",numero de implantes insertados,2016-12-01,0,5,13,0,0,18
EL VILLAR,"anticoncepcion, prevencion de its y de cancer de cuello uterino",numero de implantes insertados,2016-12-01,0,0,0,1,0,1
ENTRE RIOS TRJ,"anticoncepcion, prevencion de its y de cancer de cuello uterino",numero de implantes insertados,2016-12-01,0,5,17,1,0,23
ENTRE RIOS CBBA,"anticoncepcion, prevencion de its y de cancer de cuello uterino",numero de implantes insertados,2016-12-01,0,5,9,0,0,14
ESCOMA,"anticoncepcion, prevencion de its y de cancer de cuello uterino",numero de implantes insertados,2016-12-01,0,1,3,0,0,4
EUCALIPTUS,"anticoncepcion, prevencion de its y de cancer de cuello uterino",numero de implantes insertados,2016-12-01,0,0,2,0,0,2
FILADELFIA,"anticoncepcion, prevencion de its y de cancer de cuello uterino",numero de implantes insertados,2016-12-01,0,1,1,0,0,2
GRAL. J.J. PEREZ (CHARAZANI),"anticoncepcion, prevencion de its y de cancer de cuello uterino",numero de implantes insertados,2016-12-01,0,0,3,0,0,3
GUAYARAMERIN,"anticoncepcion, prevencion de its y de cancer de cuello uterino",numero de implantes insertados,2016-12-01,0,12,28,0,0,40
HUACARETA,"anticoncepcion, prevencion de its y de cancer de cuello uterino",numero de implantes insertados,2016-12-01,0,0,4,0,0,4
HUACHACALLA,"anticoncepcion, prevencion de its y de cancer de cuello uterino",numero de implantes insertados,2016-12-01,0,0,2,0,0,2
HUANUNI,"anticoncepcion, prevencion de its y de cancer de cuello uterino",numero de implantes insertados,2016-12-01,1,0,6,3,0,10
HUARACAJE,"anticoncepcion, prevencion de its y de cancer de cuello uterino",numero de implantes insertados,2016-12-01,0,0,1,0,0,1
ICLA,"anticoncepcion, prevencion de its y de cancer de cuello uterino",numero de implantes insertados,2016-12-01,0,2,1,0,0,3
INCAHUASI,"anticoncepcion, prevencion de its y de cancer de cuello uterino",numero de implantes insertados,2016-12-01,0,3,4,3,0,10
IRUPANA (VILLA DE LANZA),"anticoncepcion, prevencion de its y de cancer de cuello uterino",numero de implantes insertados,2016-12-01,0,1,8,1,0,10
JESUS DE MACHACA,"anticoncepcion, prevencion de its y de cancer de cuello uterino",numero de implantes insertados,2016-12-01,0,0,1,0,0,1
LA ASUNTA,"anticoncepcion, prevencion de its y de cancer de cuello uterino",numero de implantes insertados,2016-12-01,0,0,0,1,0,1
LA PAZ,"anticoncepcion, prevencion de its y de cancer de cuello uterino",numero de implantes insertados,2016-12-01,1,25,156,53,0,235
LAJA,"anticoncepcion, prevencion de its y de cancer de cuello uterino",numero de implantes insertados,2016-12-01,0,4,13,3,0,20
LAS CARRERAS,"anticoncepcion, prevencion de its y de cancer de cuello uterino",numero de implantes insertados,2016-12-01,0,1,3,1,0,5
LLALLAGUA,"anticoncepcion, prevencion de its y de cancer de cuello uterino",numero de implantes insertados,2016-12-01,0,6,9,2,1,18
MACHACAMARCA,"anticoncepcion, prevencion de its y de cancer de cuello uterino",numero de implantes insertados,2016-12-01,1,0,0,0,0,1
MACHARETI,"anticoncepcion, prevencion de its y de cancer de cuello uterino",numero de implantes insertados,2016-12-01,0,1,1,0,0,2
MAGDALENA,"anticoncepcion, prevencion de its y de cancer de cuello uterino",numero de implantes insertados,2016-12-01,0,0,1,0,0,1
MAPIRI,"anticoncepcion, prevencion de its y de cancer de cuello uterino",numero de implantes insertados,2016-12-01,0,0,3,4,0,7
MIZQUE,"anticoncepcion, prevencion de its y de cancer de cuello uterino",numero de implantes insertados,2016-12-01,0,5,2,0,0,7
MOJOCOYA,"anticoncepcion, prevencion de its y de cancer de cuello uterino",numero de implantes insertados,2016-12-01,0,0,1,0,0,1
MONTEAGUDO,"anticoncepcion, prevencion de its y de cancer de cuello uterino",numero de implantes insertados,2016-12-01,0,0,1,0,0,1
MONTERO,"anticoncepcion, prevencion de its y de cancer de cuello uterino",numero de implantes insertados,2016-12-01,0,2,16,1,0,19
NUEVO MANOA (NUEVA ESPERANZA),"anticoncepcion, prevencion de its y de cancer de cuello uterino",numero de implantes insertados,2016-12-01,0,0,1,0,0,1
ORURO,"anticoncepcion, prevencion de its y de cancer de cuello uterino",numero de implantes insertados,2016-12-01,1,7,99,13,0,120
PADILLA,"anticoncepcion, prevencion de its y de cancer de cuello uterino",numero de implantes insertados,2016-12-01,0,1,4,0,0,5
PAILON,"anticoncepcion, prevencion de its y de cancer de cuello uterino",numero de implantes insertados,2016-12-01,0,1,8,1,0,10
PALCA,"anticoncepcion, prevencion de its y de cancer de cuello uterino",numero de implantes insertados,2016-12-01,0,1,7,4,0,12
PALOS BLANCOS,"anticoncepcion, prevencion de its y de cancer de cuello uterino",numero de implantes insertados,2016-12-01,0,1,3,1,0,5
PAMPA GRANDE,"anticoncepcion, prevencion de its y de cancer de cuello uterino",numero de implantes insertados,2016-12-01,0,3,0,0,0,3
PATACAMAYA,"anticoncepcion, prevencion de its y de cancer de cuello uterino",numero de implantes insertados,2016-12-01,0,0,4,3,0,7
POCOATA,"anticoncepcion, prevencion de its y de cancer de cuello uterino",numero de implantes insertados,2016-12-01,0,6,8,2,0,16
POCONA,"anticoncepcion, prevencion de its y de cancer de cuello uterino",numero de implantes insertados,2016-12-01,0,0,3,5,0,8
POOPO,"anticoncepcion, prevencion de its y de cancer de cuello uterino",numero de implantes insertados,2016-12-01,0,0,1,0,0,1
PORCO,"anticoncepcion, prevencion de its y de cancer de cuello uterino",numero de implantes insertados,2016-12-01,0,0,3,0,0,3
POROMA,"anticoncepcion, prevencion de its y de cancer de cuello uterino",numero de implantes insertados,2016-12-01,0,0,1,2,0,3
PORVENIR,"anticoncepcion, prevencion de its y de cancer de cuello uterino",numero de implantes insertados,2016-12-01,0,0,1,0,0,1
POTOSI,"anticoncepcion, prevencion de its y de cancer de cuello uterino",numero de implantes insertados,2016-12-01,0,4,46,32,0,82
PRESTO,"anticoncepcion, prevencion de its y de cancer de cuello uterino",numero de implantes insertados,2016-12-01,0,1,4,0,0,5
PUCARANI,"anticoncepcion, prevencion de its y de cancer de cuello uterino",numero de implantes insertados,2016-12-01,0,0,5,2,0,7
PUERTO GONZALO MORENO,"anticoncepcion, prevencion de its y de cancer de cuello uterino",numero de implantes insertados,2016-12-01,1,3,0,0,0,4
PUERTO QUIJARRO,"anticoncepcion, prevencion de its y de cancer de cuello uterino",numero de implantes insertados,2016-12-01,0,0,3,1,1,5
PUERTO VILLARROEL,"anticoncepcion, prevencion de its y de cancer de cuello uterino",numero de implantes insertados,2016-12-01,0,1,2,0,0,3
PUNA,"anticoncepcion, prevencion de its y de cancer de cuello uterino",numero de implantes insertados,2016-12-01,0,0,4,3,0,7
QUILLACOLLO,"anticoncepcion, prevencion de its y de cancer de cuello uterino",numero de implantes insertados,2016-12-01,0,0,6,1,0,7
RIBERALTA,"anticoncepcion, prevencion de its y de cancer de cuello uterino",numero de implantes insertados,2016-12-01,11,28,100,7,0,146
RURRENABAQUE,"anticoncepcion, prevencion de its y de cancer de cuello uterino",numero de implantes insertados,2016-12-01,0,2,8,0,0,10
SACABA,"anticoncepcion, prevencion de its y de cancer de cuello uterino",numero de implantes insertados,2016-12-01,0,11,42,11,0,64
SACACA,"anticoncepcion, prevencion de its y de cancer de cuello uterino",numero de implantes insertados,2016-12-01,0,2,11,0,0,13
SAN ANDRES,"anticoncepcion, prevencion de its y de cancer de cuello uterino",numero de implantes insertados,2016-12-01,0,0,1,0,0,1
SAN BORJA,"anticoncepcion, prevencion de its y de cancer de cuello uterino",numero de implantes insertados,2016-12-01,0,1,3,1,0,5
SAN CARLOS,"anticoncepcion, prevencion de its y de cancer de cuello uterino",numero de implantes insertados,2016-12-01,0,3,14,3,0,20
SAN IGNACIO,"anticoncepcion, prevencion de its y de cancer de cuello uterino",numero de implantes insertados,2016-12-01,0,0,5,2,0,7
SAN JOAQUIN,"anticoncepcion, prevencion de its y de cancer de cuello uterino",numero de implantes insertados,2016-12-01,0,1,0,0,0,1
SAN JULIAN,"anticoncepcion, prevencion de its y de cancer de cuello uterino",numero de implantes insertados,2016-12-01,0,0,13,1,0,14
SAN LORENZO(PND),"anticoncepcion, prevencion de its y de cancer de cuello uterino",numero de implantes insertados,2016-12-01,0,2,0,0,0,2
SAN LUCAS,"anticoncepcion, prevencion de its y de cancer de cuello uterino",numero de implantes insertados,2016-12-01,0,1,8,3,0,12
SAN PABLO DE LIPEZ,"anticoncepcion, prevencion de its y de cancer de cuello uterino",numero de implantes insertados,2016-12-01,0,0,1,0,0,1
SAN RAFAEL,"anticoncepcion, prevencion de its y de cancer de cuello uterino",numero de implantes insertados,2016-12-01,0,0,8,0,0,8
SANTA CRUZ DE LA SIERRA,"anticoncepcion, prevencion de its y de cancer de cuello uterino",numero de implantes insertados,2016-12-01,3,36,45,29,0,113
SANTIAGO DE HUARI,"anticoncepcion, prevencion de its y de cancer de cuello uterino",numero de implantes insertados,2016-12-01,0,1,0,2,0,3
SANTIAGO DE MACHACA,"anticoncepcion, prevencion de its y de cancer de cuello uterino",numero de implantes insertados,2016-12-01,0,0,1,0,0,1
SANTIVAÑES,"anticoncepcion, prevencion de its y de cancer de cuello uterino",numero de implantes insertados,2016-12-01,0,0,1,0,0,1
SANTUARIO DE QUILLACAS,"anticoncepcion, prevencion de its y de cancer de cuello uterino",numero de implantes insertados,2016-12-01,0,0,4,0,0,4
SENA,"anticoncepcion, prevencion de its y de cancer de cuello uterino",numero de implantes insertados,2016-12-01,0,5,3,1,0,9
SICA SICA (VILLA AROMA),"anticoncepcion, prevencion de its y de cancer de cuello uterino",numero de implantes insertados,2016-12-01,0,0,9,1,0,10
SIPE SIPE,"anticoncepcion, prevencion de its y de cancer de cuello uterino",numero de implantes insertados,2016-12-01,0,0,3,0,0,3
SOPACHUY,"anticoncepcion, prevencion de its y de cancer de cuello uterino",numero de implantes insertados,2016-12-01,0,2,3,1,0,6
SORATA,"anticoncepcion, prevencion de its y de cancer de cuello uterino",numero de implantes insertados,2016-12-01,0,0,5,0,0,5
SUCRE,"anticoncepcion, prevencion de its y de cancer de cuello uterino",numero de implantes insertados,2016-12-01,0,72,167,19,0,258
TACOBAMBA,"anticoncepcion, prevencion de its y de cancer de cuello uterino",numero de implantes insertados,2016-12-01,0,1,3,1,0,5
TAPACARI,"anticoncepcion, prevencion de its y de cancer de cuello uterino",numero de implantes insertados,2016-12-01,0,2,4,1,0,7
TARABUCO,"anticoncepcion, prevencion de its y de cancer de cuello uterino",numero de implantes insertados,2016-12-01,0,2,4,2,0,8
TARIJA,"anticoncepcion, prevencion de its y de cancer de cuello uterino",numero de implantes insertados,2016-12-01,0,17,113,18,0,148
TIAWANACU,"anticoncepcion, prevencion de its y de cancer de cuello uterino",numero de implantes insertados,2016-12-01,0,0,3,1,0,4
TIPUANI,"anticoncepcion, prevencion de its y de cancer de cuello uterino",numero de implantes insertados,2016-12-01,0,0,0,1,0,1
TIQUIPAYA,"anticoncepcion, prevencion de its y de cancer de cuello uterino",numero de implantes insertados,2016-12-01,0,2,11,1,0,14
TIRAQUE (CBBA),"anticoncepcion, prevencion de its y de cancer de cuello uterino",numero de implantes insertados,2016-12-01,0,1,2,0,0,3
TODOS SANTOS,"anticoncepcion, prevencion de its y de cancer de cuello uterino",numero de implantes insertados,2016-12-01,0,0,1,0,0,1
TOLATA,"anticoncepcion, prevencion de its y de cancer de cuello uterino",numero de implantes insertados,2016-12-01,0,2,7,0,0,9
TOLEDO,"anticoncepcion, prevencion de its y de cancer de cuello uterino",numero de implantes insertados,2016-12-01,0,1,1,1,0,3
TOMINA,"anticoncepcion, prevencion de its y de cancer de cuello uterino",numero de implantes insertados,2016-12-01,0,1,0,3,0,4
TORO TORO,"anticoncepcion, prevencion de its y de cancer de cuello uterino",numero de implantes insertados,2016-12-01,1,5,6,0,0,12
TOTORA(CBBA),"anticoncepcion, prevencion de its y de cancer de cuello uterino",numero de implantes insertados,2016-12-01,0,0,1,0,0,1
TOTORA(ORR),"anticoncepcion, prevencion de its y de cancer de cuello uterino",numero de implantes insertados,2016-12-01,0,0,1,0,0,1
TRINIDAD,"anticoncepcion, prevencion de its y de cancer de cuello uterino",numero de implantes insertados,2016-12-01,7,71,75,40,0,193
TUPIZA,"anticoncepcion, prevencion de its y de cancer de cuello uterino",numero de implantes insertados,2016-12-01,0,8,29,3,0,40
URIONDO (A. CONCEPCION),"anticoncepcion, prevencion de its y de cancer de cuello uterino",numero de implantes insertados,2016-12-01,0,1,0,1,0,2
VIACHA,"anticoncepcion, prevencion de its y de cancer de cuello uterino",numero de implantes insertados,2016-12-01,0,22,99,4,0,125
VILLA CHARCAS,"anticoncepcion, prevencion de its y de cancer de cuello uterino",numero de implantes insertados,2016-12-01,0,1,4,1,0,6
VILLA NUEVA (LOMA ALTA),"anticoncepcion, prevencion de its y de cancer de cuello uterino",numero de implantes insertados,2016-12-01,0,0,1,0,0,1
VILLA SERRANO,"anticoncepcion, prevencion de its y de cancer de cuello uterino",numero de implantes insertados,2016-12-01,0,0,0,1,0,1
VILLA VACA GUZMAN (MUYUPAMPA),"anticoncepcion, prevencion de its y de cancer de cuello uterino",numero de implantes insertados,2016-12-01,0,2,11,0,0,13
VILLAZON,"anticoncepcion, prevencion de its y de cancer de cuello uterino",numero de implantes insertados,2016-12-01,0,5,26,3,0,34
VINTO,"anticoncepcion, prevencion de its y de cancer de cuello uterino",numero de implantes insertados,2016-12-01,0,0,12,0,0,12
VITICHI,"anticoncepcion, prevencion de its y de cancer de cuello uterino",numero de implantes insertados,2016-12-01,0,3,7,2,0,12
WARNES,"anticoncepcion, prevencion de its y de cancer de cuello uterino",numero de implantes insertados,2016-12-01,0,3,13,3,0,19
YAMPARAEZ,"anticoncepcion, prevencion de its y de cancer de cuello uterino",numero de implantes insertados,2016-12-01,0,0,1,1,0,2
YANACACHI,"anticoncepcion, prevencion de its y de cancer de cuello uterino",numero de implantes insertados,2016-12-01,0,0,5,0,0,5
YAPACANI,"anticoncepcion, prevencion de its y de cancer de cuello uterino",numero de implantes insertados,2016-12-01,0,1,1,2,0,4
YOCALLA,"anticoncepcion, prevencion de its y de cancer de cuello uterino",numero de implantes insertados,2016-12-01,0,1,12,2,0,15
YUNCHARA,"anticoncepcion, prevencion de its y de cancer de cuello uterino",numero de implantes insertados,2016-12-01,0,2,0,0,0,2
ZUDAÑEZ,"anticoncepcion, prevencion de its y de cancer de cuello uterino",numero de implantes insertados,2016-12-01,0,1,2,0,0,3
