municipality,group,variable,month,Número de personas que recibieron orientación en Anticoncepción,Número de personas que recibieron orientación en Anticoncepción1,Número de personas que recibieron orientación en Anticoncepción2,Número de personas que recibieron orientación en Anticoncepción3,Número de personas que recibieron orientación en Anticoncepción4,TOTAL
ACACIO,"anticoncepcion, prevencion de its y de cancer de cuello uterino",numero de personas que recibieron orientacion en anticoncepcion,2016-01-01,0,4,8,8,1,21
ACHACACHI,"anticoncepcion, prevencion de its y de cancer de cuello uterino",numero de personas que recibieron orientacion en anticoncepcion,2016-01-01,0,3,51,31,4,89
ACHOCALLA,"anticoncepcion, prevencion de its y de cancer de cuello uterino",numero de personas que recibieron orientacion en anticoncepcion,2016-01-01,0,1,63,23,1,88
AIQUILE,"anticoncepcion, prevencion de its y de cancer de cuello uterino",numero de personas que recibieron orientacion en anticoncepcion,2016-01-01,0,12,42,13,0,67
ALALAY,"anticoncepcion, prevencion de its y de cancer de cuello uterino",numero de personas que recibieron orientacion en anticoncepcion,2016-01-01,0,0,6,1,0,7
ALCALA,"anticoncepcion, prevencion de its y de cancer de cuello uterino",numero de personas que recibieron orientacion en anticoncepcion,2016-01-01,0,6,16,6,2,30
ALTO BENI,"anticoncepcion, prevencion de its y de cancer de cuello uterino",numero de personas que recibieron orientacion en anticoncepcion,2016-01-01,0,2,9,7,2,20
ANCORAIMES,"anticoncepcion, prevencion de its y de cancer de cuello uterino",numero de personas que recibieron orientacion en anticoncepcion,2016-01-01,0,2,16,4,0,22
ANDAMARCA,"anticoncepcion, prevencion de its y de cancer de cuello uterino",numero de personas que recibieron orientacion en anticoncepcion,2016-01-01,0,2,5,3,0,10
ANTEQUERA,"anticoncepcion, prevencion de its y de cancer de cuello uterino",numero de personas que recibieron orientacion en anticoncepcion,2016-01-01,0,0,5,2,0,7
ANZALDO,"anticoncepcion, prevencion de its y de cancer de cuello uterino",numero de personas que recibieron orientacion en anticoncepcion,2016-01-01,1,3,4,3,0,11
APOLO,"anticoncepcion, prevencion de its y de cancer de cuello uterino",numero de personas que recibieron orientacion en anticoncepcion,2016-01-01,1,12,54,6,3,76
ARAMPAMPA,"anticoncepcion, prevencion de its y de cancer de cuello uterino",numero de personas que recibieron orientacion en anticoncepcion,2016-01-01,0,1,7,1,1,10
ARANI,"anticoncepcion, prevencion de its y de cancer de cuello uterino",numero de personas que recibieron orientacion en anticoncepcion,2016-01-01,0,1,9,9,0,19
ARBIETO,"anticoncepcion, prevencion de its y de cancer de cuello uterino",numero de personas que recibieron orientacion en anticoncepcion,2016-01-01,0,8,43,14,0,65
ARQUE,"anticoncepcion, prevencion de its y de cancer de cuello uterino",numero de personas que recibieron orientacion en anticoncepcion,2016-01-01,0,4,20,14,1,39
ASCENCION DE GUARAYOS,"anticoncepcion, prevencion de its y de cancer de cuello uterino",numero de personas que recibieron orientacion en anticoncepcion,2016-01-01,0,10,97,15,0,122
ATOCHA,"anticoncepcion, prevencion de its y de cancer de cuello uterino",numero de personas que recibieron orientacion en anticoncepcion,2016-01-01,0,5,49,13,2,69
AUCAPATA,"anticoncepcion, prevencion de its y de cancer de cuello uterino",numero de personas que recibieron orientacion en anticoncepcion,2016-01-01,0,0,5,2,0,7
AYATA,"anticoncepcion, prevencion de its y de cancer de cuello uterino",numero de personas que recibieron orientacion en anticoncepcion,2016-01-01,0,1,9,4,0,14
AYO AYO,"anticoncepcion, prevencion de its y de cancer de cuello uterino",numero de personas que recibieron orientacion en anticoncepcion,2016-01-01,0,1,14,5,0,20
AYOPAYA (V. DE INDEPENDENCIA),"anticoncepcion, prevencion de its y de cancer de cuello uterino",numero de personas que recibieron orientacion en anticoncepcion,2016-01-01,1,18,83,28,0,130
AZURDUY,"anticoncepcion, prevencion de its y de cancer de cuello uterino",numero de personas que recibieron orientacion en anticoncepcion,2016-01-01,3,6,37,19,0,65
BATALLAS,"anticoncepcion, prevencion de its y de cancer de cuello uterino",numero de personas que recibieron orientacion en anticoncepcion,2016-01-01,0,3,13,9,1,26
BAURES,"anticoncepcion, prevencion de its y de cancer de cuello uterino",numero de personas que recibieron orientacion en anticoncepcion,2016-01-01,4,5,22,7,0,38
BELEN DE ANDAMARCA,"anticoncepcion, prevencion de its y de cancer de cuello uterino",numero de personas que recibieron orientacion en anticoncepcion,2016-01-01,0,0,1,2,0,3
BELEN DE URMIRI,"anticoncepcion, prevencion de its y de cancer de cuello uterino",numero de personas que recibieron orientacion en anticoncepcion,2016-01-01,0,0,3,0,0,3
BELLA FLOR,"anticoncepcion, prevencion de its y de cancer de cuello uterino",numero de personas que recibieron orientacion en anticoncepcion,2016-01-01,0,3,8,0,0,11
BERMEJO,"anticoncepcion, prevencion de its y de cancer de cuello uterino",numero de personas que recibieron orientacion en anticoncepcion,2016-01-01,1,24,175,78,8,286
BETANZOS,"anticoncepcion, prevencion de its y de cancer de cuello uterino",numero de personas que recibieron orientacion en anticoncepcion,2016-01-01,0,9,22,7,1,39
BOLIVAR,"anticoncepcion, prevencion de its y de cancer de cuello uterino",numero de personas que recibieron orientacion en anticoncepcion,2016-01-01,0,0,7,4,0,11
BOLPEBRA,"anticoncepcion, prevencion de its y de cancer de cuello uterino",numero de personas que recibieron orientacion en anticoncepcion,2016-01-01,0,1,2,1,0,4
BOYUIBE,"anticoncepcion, prevencion de its y de cancer de cuello uterino",numero de personas que recibieron orientacion en anticoncepcion,2016-01-01,0,2,13,11,0,26
BUENA VISTA,"anticoncepcion, prevencion de its y de cancer de cuello uterino",numero de personas que recibieron orientacion en anticoncepcion,2016-01-01,2,1,10,9,0,22
CABEZAS,"anticoncepcion, prevencion de its y de cancer de cuello uterino",numero de personas que recibieron orientacion en anticoncepcion,2016-01-01,0,10,24,11,0,45
CAIROMA,"anticoncepcion, prevencion de its y de cancer de cuello uterino",numero de personas que recibieron orientacion en anticoncepcion,2016-01-01,0,4,10,4,0,18
"CAIZA ""D""","anticoncepcion, prevencion de its y de cancer de cuello uterino",numero de personas que recibieron orientacion en anticoncepcion,2016-01-01,0,4,38,14,0,56
CAJUATA,"anticoncepcion, prevencion de its y de cancer de cuello uterino",numero de personas que recibieron orientacion en anticoncepcion,2016-01-01,0,5,16,3,0,24
CALAMARCA,"anticoncepcion, prevencion de its y de cancer de cuello uterino",numero de personas que recibieron orientacion en anticoncepcion,2016-01-01,0,4,24,8,0,36
CAMARGO,"anticoncepcion, prevencion de its y de cancer de cuello uterino",numero de personas que recibieron orientacion en anticoncepcion,2016-01-01,1,92,22,12,4,131
CAMATAQUI (C. VILLA ABECIA),"anticoncepcion, prevencion de its y de cancer de cuello uterino",numero de personas que recibieron orientacion en anticoncepcion,2016-01-01,0,0,6,4,0,10
CAMIRI,"anticoncepcion, prevencion de its y de cancer de cuello uterino",numero de personas que recibieron orientacion en anticoncepcion,2016-01-01,0,3,12,0,1,16
CAPINOTA,"anticoncepcion, prevencion de its y de cancer de cuello uterino",numero de personas que recibieron orientacion en anticoncepcion,2016-01-01,0,2,12,2,0,16
CAQUIAVIRI,"anticoncepcion, prevencion de its y de cancer de cuello uterino",numero de personas que recibieron orientacion en anticoncepcion,2016-01-01,0,0,8,0,0,8
CARACOLLO,"anticoncepcion, prevencion de its y de cancer de cuello uterino",numero de personas que recibieron orientacion en anticoncepcion,2016-01-01,1,9,26,6,0,42
CARANAVI,"anticoncepcion, prevencion de its y de cancer de cuello uterino",numero de personas que recibieron orientacion en anticoncepcion,2016-01-01,1,31,229,87,25,373
CARAPARI,"anticoncepcion, prevencion de its y de cancer de cuello uterino",numero de personas que recibieron orientacion en anticoncepcion,2016-01-01,0,6,35,10,1,52
CARIPUYO,"anticoncepcion, prevencion de its y de cancer de cuello uterino",numero de personas que recibieron orientacion en anticoncepcion,2016-01-01,0,2,19,4,1,26
CARMEN RIVERO TORREZ,"anticoncepcion, prevencion de its y de cancer de cuello uterino",numero de personas que recibieron orientacion en anticoncepcion,2016-01-01,2,4,11,1,0,18
CATACORA,"anticoncepcion, prevencion de its y de cancer de cuello uterino",numero de personas que recibieron orientacion en anticoncepcion,2016-01-01,0,0,1,1,0,2
CHACARILLA,"anticoncepcion, prevencion de its y de cancer de cuello uterino",numero de personas que recibieron orientacion en anticoncepcion,2016-01-01,0,2,0,0,0,2
CHALLAPATA,"anticoncepcion, prevencion de its y de cancer de cuello uterino",numero de personas que recibieron orientacion en anticoncepcion,2016-01-01,0,24,120,21,0,165
CHAQUI,"anticoncepcion, prevencion de its y de cancer de cuello uterino",numero de personas que recibieron orientacion en anticoncepcion,2016-01-01,0,12,33,16,0,61
CHARAGUA,"anticoncepcion, prevencion de its y de cancer de cuello uterino",numero de personas que recibieron orientacion en anticoncepcion,2016-01-01,0,1,25,5,0,31
CHARAÑA,"anticoncepcion, prevencion de its y de cancer de cuello uterino",numero de personas que recibieron orientacion en anticoncepcion,2016-01-01,0,0,4,0,0,4
CHAYANTA,"anticoncepcion, prevencion de its y de cancer de cuello uterino",numero de personas que recibieron orientacion en anticoncepcion,2016-01-01,0,1,19,6,0,26
CHIMORE,"anticoncepcion, prevencion de its y de cancer de cuello uterino",numero de personas que recibieron orientacion en anticoncepcion,2016-01-01,9,22,111,40,4,186
CHIPAYA,"anticoncepcion, prevencion de its y de cancer de cuello uterino",numero de personas que recibieron orientacion en anticoncepcion,2016-01-01,0,1,7,0,0,8
CHOQUE COTA,"anticoncepcion, prevencion de its y de cancer de cuello uterino",numero de personas que recibieron orientacion en anticoncepcion,2016-01-01,2,3,5,9,1,20
CHUA COCANI,"anticoncepcion, prevencion de its y de cancer de cuello uterino",numero de personas que recibieron orientacion en anticoncepcion,2016-01-01,0,10,11,8,3,32
CHULUMANI (V. DE LA LIBERTAD),"anticoncepcion, prevencion de its y de cancer de cuello uterino",numero de personas que recibieron orientacion en anticoncepcion,2016-01-01,0,13,36,11,0,60
CHUMA,"anticoncepcion, prevencion de its y de cancer de cuello uterino",numero de personas que recibieron orientacion en anticoncepcion,2016-01-01,1,0,6,8,2,17
CHUQUIHUTA AYLLU JUCUMANI,"anticoncepcion, prevencion de its y de cancer de cuello uterino",numero de personas que recibieron orientacion en anticoncepcion,2016-01-01,0,7,24,9,0,40
CKOCHAS,"anticoncepcion, prevencion de its y de cancer de cuello uterino",numero de personas que recibieron orientacion en anticoncepcion,2016-01-01,0,8,27,18,2,55
CLIZA,"anticoncepcion, prevencion de its y de cancer de cuello uterino",numero de personas que recibieron orientacion en anticoncepcion,2016-01-01,0,3,83,19,1,106
COBIJA,"anticoncepcion, prevencion de its y de cancer de cuello uterino",numero de personas que recibieron orientacion en anticoncepcion,2016-01-01,3,43,141,44,4,235
COCAPATA,"anticoncepcion, prevencion de its y de cancer de cuello uterino",numero de personas que recibieron orientacion en anticoncepcion,2016-01-01,0,26,65,42,0,133
COCHABAMBA,"anticoncepcion, prevencion de its y de cancer de cuello uterino",numero de personas que recibieron orientacion en anticoncepcion,2016-01-01,44,484,2345,887,29,3789
COIPASA,"anticoncepcion, prevencion de its y de cancer de cuello uterino",numero de personas que recibieron orientacion en anticoncepcion,2016-01-01,0,8,0,0,0,8
COLCAPIRHUA,"anticoncepcion, prevencion de its y de cancer de cuello uterino",numero de personas que recibieron orientacion en anticoncepcion,2016-01-01,0,32,239,58,3,332
"COLCHA ""K""","anticoncepcion, prevencion de its y de cancer de cuello uterino",numero de personas que recibieron orientacion en anticoncepcion,2016-01-01,0,3,19,23,0,45
COLLANA,"anticoncepcion, prevencion de its y de cancer de cuello uterino",numero de personas que recibieron orientacion en anticoncepcion,2016-01-01,0,1,3,1,2,7
COLOMI,"anticoncepcion, prevencion de its y de cancer de cuello uterino",numero de personas que recibieron orientacion en anticoncepcion,2016-01-01,0,12,37,4,0,53
COLPA BELGICA,"anticoncepcion, prevencion de its y de cancer de cuello uterino",numero de personas que recibieron orientacion en anticoncepcion,2016-01-01,1,5,10,1,0,17
COLQUECHACA,"anticoncepcion, prevencion de its y de cancer de cuello uterino",numero de personas que recibieron orientacion en anticoncepcion,2016-01-01,0,7,34,16,0,57
COLQUENCHA,"anticoncepcion, prevencion de its y de cancer de cuello uterino",numero de personas que recibieron orientacion en anticoncepcion,2016-01-01,0,1,4,2,0,7
COLQUIRI,"anticoncepcion, prevencion de its y de cancer de cuello uterino",numero de personas que recibieron orientacion en anticoncepcion,2016-01-01,0,7,22,9,0,38
COMANCHE,"anticoncepcion, prevencion de its y de cancer de cuello uterino",numero de personas que recibieron orientacion en anticoncepcion,2016-01-01,0,0,1,0,0,1
COMARAPA,"anticoncepcion, prevencion de its y de cancer de cuello uterino",numero de personas que recibieron orientacion en anticoncepcion,2016-01-01,0,13,38,9,0,60
COMBAYA,"anticoncepcion, prevencion de its y de cancer de cuello uterino",numero de personas que recibieron orientacion en anticoncepcion,2016-01-01,0,1,3,2,0,6
CONCEPCION,"anticoncepcion, prevencion de its y de cancer de cuello uterino",numero de personas que recibieron orientacion en anticoncepcion,2016-01-01,2,8,30,9,1,50
COPACABANA,"anticoncepcion, prevencion de its y de cancer de cuello uterino",numero de personas que recibieron orientacion en anticoncepcion,2016-01-01,0,3,18,12,0,33
CORIPATA,"anticoncepcion, prevencion de its y de cancer de cuello uterino",numero de personas que recibieron orientacion en anticoncepcion,2016-01-01,0,4,17,1,0,22
CORO CORO,"anticoncepcion, prevencion de its y de cancer de cuello uterino",numero de personas que recibieron orientacion en anticoncepcion,2016-01-01,0,0,2,0,0,2
COROICO,"anticoncepcion, prevencion de its y de cancer de cuello uterino",numero de personas que recibieron orientacion en anticoncepcion,2016-01-01,0,2,6,0,0,8
CORQUE,"anticoncepcion, prevencion de its y de cancer de cuello uterino",numero de personas que recibieron orientacion en anticoncepcion,2016-01-01,0,7,25,7,0,39
COTAGAITA,"anticoncepcion, prevencion de its y de cancer de cuello uterino",numero de personas que recibieron orientacion en anticoncepcion,2016-01-01,0,13,99,34,1,147
COTOCA,"anticoncepcion, prevencion de its y de cancer de cuello uterino",numero de personas que recibieron orientacion en anticoncepcion,2016-01-01,0,11,25,5,0,41
CUATRO CAÑADAS,"anticoncepcion, prevencion de its y de cancer de cuello uterino",numero de personas que recibieron orientacion en anticoncepcion,2016-01-01,5,21,36,8,2,72
CUCHUMUELA (V. G. VILLARROEL),"anticoncepcion, prevencion de its y de cancer de cuello uterino",numero de personas que recibieron orientacion en anticoncepcion,2016-01-01,0,1,4,0,0,5
CUEVO,"anticoncepcion, prevencion de its y de cancer de cuello uterino",numero de personas que recibieron orientacion en anticoncepcion,2016-01-01,0,1,1,0,0,2
CULPINA,"anticoncepcion, prevencion de its y de cancer de cuello uterino",numero de personas que recibieron orientacion en anticoncepcion,2016-01-01,2,19,69,50,2,142
CURAHUARA DE CARANGAS,"anticoncepcion, prevencion de its y de cancer de cuello uterino",numero de personas que recibieron orientacion en anticoncepcion,2016-01-01,0,0,14,8,1,23
CURVA,"anticoncepcion, prevencion de its y de cancer de cuello uterino",numero de personas que recibieron orientacion en anticoncepcion,2016-01-01,0,0,7,2,1,10
DESAGUADERO,"anticoncepcion, prevencion de its y de cancer de cuello uterino",numero de personas que recibieron orientacion en anticoncepcion,2016-01-01,0,0,13,3,0,16
EL ALTO,"anticoncepcion, prevencion de its y de cancer de cuello uterino",numero de personas que recibieron orientacion en anticoncepcion,2016-01-01,4,272,1786,654,50,2766
EL CHORO,"anticoncepcion, prevencion de its y de cancer de cuello uterino",numero de personas que recibieron orientacion en anticoncepcion,2016-01-01,0,0,9,3,2,14
EL PUENTE(STC),"anticoncepcion, prevencion de its y de cancer de cuello uterino",numero de personas que recibieron orientacion en anticoncepcion,2016-01-01,0,3,18,7,0,28
EL PUENTE(TJA),"anticoncepcion, prevencion de its y de cancer de cuello uterino",numero de personas que recibieron orientacion en anticoncepcion,2016-01-01,0,4,29,10,2,45
EL TORNO,"anticoncepcion, prevencion de its y de cancer de cuello uterino",numero de personas que recibieron orientacion en anticoncepcion,2016-01-01,2,73,162,28,8,273
EL VILLAR,"anticoncepcion, prevencion de its y de cancer de cuello uterino",numero de personas que recibieron orientacion en anticoncepcion,2016-01-01,0,4,12,2,0,18
ENTRE RIOS TRJ,"anticoncepcion, prevencion de its y de cancer de cuello uterino",numero de personas que recibieron orientacion en anticoncepcion,2016-01-01,0,10,29,8,0,47
ENTRE RIOS CBBA,"anticoncepcion, prevencion de its y de cancer de cuello uterino",numero de personas que recibieron orientacion en anticoncepcion,2016-01-01,1,7,60,19,0,87
ESCARA,"anticoncepcion, prevencion de its y de cancer de cuello uterino",numero de personas que recibieron orientacion en anticoncepcion,2016-01-01,0,0,9,0,0,9
ESCOMA,"anticoncepcion, prevencion de its y de cancer de cuello uterino",numero de personas que recibieron orientacion en anticoncepcion,2016-01-01,0,0,12,5,0,17
ESMERALDA,"anticoncepcion, prevencion de its y de cancer de cuello uterino",numero de personas que recibieron orientacion en anticoncepcion,2016-01-01,0,0,2,0,0,2
EUCALIPTUS,"anticoncepcion, prevencion de its y de cancer de cuello uterino",numero de personas que recibieron orientacion en anticoncepcion,2016-01-01,0,1,7,2,0,10
EXALTACION,"anticoncepcion, prevencion de its y de cancer de cuello uterino",numero de personas que recibieron orientacion en anticoncepcion,2016-01-01,0,1,1,1,0,3
FERNANDEZ ALONSO,"anticoncepcion, prevencion de its y de cancer de cuello uterino",numero de personas que recibieron orientacion en anticoncepcion,2016-01-01,1,2,13,7,0,23
FILADELFIA,"anticoncepcion, prevencion de its y de cancer de cuello uterino",numero de personas que recibieron orientacion en anticoncepcion,2016-01-01,7,8,47,11,0,73
GENERAL SAAVEDRA,"anticoncepcion, prevencion de its y de cancer de cuello uterino",numero de personas que recibieron orientacion en anticoncepcion,2016-01-01,1,11,36,18,2,68
GRAL. J.J. PEREZ (CHARAZANI),"anticoncepcion, prevencion de its y de cancer de cuello uterino",numero de personas que recibieron orientacion en anticoncepcion,2016-01-01,0,2,12,15,0,29
GUANAY,"anticoncepcion, prevencion de its y de cancer de cuello uterino",numero de personas que recibieron orientacion en anticoncepcion,2016-01-01,1,2,20,7,1,31
GUAQUI,"anticoncepcion, prevencion de its y de cancer de cuello uterino",numero de personas que recibieron orientacion en anticoncepcion,2016-01-01,0,2,15,5,0,22
GUAYARAMERIN,"anticoncepcion, prevencion de its y de cancer de cuello uterino",numero de personas que recibieron orientacion en anticoncepcion,2016-01-01,3,90,230,48,3,374
GUTIERREZ,"anticoncepcion, prevencion de its y de cancer de cuello uterino",numero de personas que recibieron orientacion en anticoncepcion,2016-01-01,0,0,1,0,0,1
HUACARETA,"anticoncepcion, prevencion de its y de cancer de cuello uterino",numero de personas que recibieron orientacion en anticoncepcion,2016-01-01,0,5,12,4,0,21
HUACAYA (VILLA DE HUACAYA),"anticoncepcion, prevencion de its y de cancer de cuello uterino",numero de personas que recibieron orientacion en anticoncepcion,2016-01-01,0,0,13,4,0,17
HUACHACALLA,"anticoncepcion, prevencion de its y de cancer de cuello uterino",numero de personas que recibieron orientacion en anticoncepcion,2016-01-01,0,0,3,2,0,5
HUANUNI,"anticoncepcion, prevencion de its y de cancer de cuello uterino",numero de personas que recibieron orientacion en anticoncepcion,2016-01-01,0,1,41,8,1,51
HUARACAJE,"anticoncepcion, prevencion de its y de cancer de cuello uterino",numero de personas que recibieron orientacion en anticoncepcion,2016-01-01,0,1,20,6,0,27
HUARINA,"anticoncepcion, prevencion de its y de cancer de cuello uterino",numero de personas que recibieron orientacion en anticoncepcion,2016-01-01,0,2,10,0,0,12
HUATAJATA,"anticoncepcion, prevencion de its y de cancer de cuello uterino",numero de personas que recibieron orientacion en anticoncepcion,2016-01-01,0,0,2,2,3,7
HUAYLLAMARCA,"anticoncepcion, prevencion de its y de cancer de cuello uterino",numero de personas que recibieron orientacion en anticoncepcion,2016-01-01,0,1,14,4,0,19
HUMANATA,"anticoncepcion, prevencion de its y de cancer de cuello uterino",numero de personas que recibieron orientacion en anticoncepcion,2016-01-01,0,0,5,5,0,10
ICHOCA,"anticoncepcion, prevencion de its y de cancer de cuello uterino",numero de personas que recibieron orientacion en anticoncepcion,2016-01-01,0,0,3,0,0,3
ICLA,"anticoncepcion, prevencion de its y de cancer de cuello uterino",numero de personas que recibieron orientacion en anticoncepcion,2016-01-01,0,1,8,6,4,19
INCAHUASI,"anticoncepcion, prevencion de its y de cancer de cuello uterino",numero de personas que recibieron orientacion en anticoncepcion,2016-01-01,0,6,4,8,0,18
INGAVI (HUMAITA),"anticoncepcion, prevencion de its y de cancer de cuello uterino",numero de personas que recibieron orientacion en anticoncepcion,2016-01-01,0,2,2,0,0,4
INQUISIVI,"anticoncepcion, prevencion de its y de cancer de cuello uterino",numero de personas que recibieron orientacion en anticoncepcion,2016-01-01,0,3,8,6,0,17
IRUPANA (VILLA DE LANZA),"anticoncepcion, prevencion de its y de cancer de cuello uterino",numero de personas que recibieron orientacion en anticoncepcion,2016-01-01,0,6,17,10,0,33
IXIAMAS,"anticoncepcion, prevencion de its y de cancer de cuello uterino",numero de personas que recibieron orientacion en anticoncepcion,2016-01-01,0,1,16,6,0,23
JESUS DE MACHACA,"anticoncepcion, prevencion de its y de cancer de cuello uterino",numero de personas que recibieron orientacion en anticoncepcion,2016-01-01,0,2,14,8,6,30
LA ASUNTA,"anticoncepcion, prevencion de its y de cancer de cuello uterino",numero de personas que recibieron orientacion en anticoncepcion,2016-01-01,1,13,43,12,0,69
LA GUARDIA,"anticoncepcion, prevencion de its y de cancer de cuello uterino",numero de personas que recibieron orientacion en anticoncepcion,2016-01-01,9,63,202,74,23,371
LA PAZ,"anticoncepcion, prevencion de its y de cancer de cuello uterino",numero de personas que recibieron orientacion en anticoncepcion,2016-01-01,5,246,1355,401,9,2016
LAGUNILLAS,"anticoncepcion, prevencion de its y de cancer de cuello uterino",numero de personas que recibieron orientacion en anticoncepcion,2016-01-01,0,3,13,6,0,22
LAJA,"anticoncepcion, prevencion de its y de cancer de cuello uterino",numero de personas que recibieron orientacion en anticoncepcion,2016-01-01,0,9,20,10,2,41
LAS CARRERAS,"anticoncepcion, prevencion de its y de cancer de cuello uterino",numero de personas que recibieron orientacion en anticoncepcion,2016-01-01,0,5,23,3,0,31
LICOMA PAMPA,"anticoncepcion, prevencion de its y de cancer de cuello uterino",numero de personas que recibieron orientacion en anticoncepcion,2016-01-01,0,1,1,0,0,2
LLALLAGUA,"anticoncepcion, prevencion de its y de cancer de cuello uterino",numero de personas que recibieron orientacion en anticoncepcion,2016-01-01,0,65,164,41,0,270
LLICA,"anticoncepcion, prevencion de its y de cancer de cuello uterino",numero de personas que recibieron orientacion en anticoncepcion,2016-01-01,0,0,2,0,0,2
LORETO,"anticoncepcion, prevencion de its y de cancer de cuello uterino",numero de personas que recibieron orientacion en anticoncepcion,2016-01-01,2,4,18,4,0,28
LURIBAY,"anticoncepcion, prevencion de its y de cancer de cuello uterino",numero de personas que recibieron orientacion en anticoncepcion,2016-01-01,0,6,8,3,0,17
MACHACAMARCA,"anticoncepcion, prevencion de its y de cancer de cuello uterino",numero de personas que recibieron orientacion en anticoncepcion,2016-01-01,0,1,7,4,0,12
MACHARETI,"anticoncepcion, prevencion de its y de cancer de cuello uterino",numero de personas que recibieron orientacion en anticoncepcion,2016-01-01,9,1,7,0,0,17
MAGDALENA,"anticoncepcion, prevencion de its y de cancer de cuello uterino",numero de personas que recibieron orientacion en anticoncepcion,2016-01-01,0,8,47,9,0,64
MAIRANA,"anticoncepcion, prevencion de its y de cancer de cuello uterino",numero de personas que recibieron orientacion en anticoncepcion,2016-01-01,0,8,29,6,0,43
MALLA,"anticoncepcion, prevencion de its y de cancer de cuello uterino",numero de personas que recibieron orientacion en anticoncepcion,2016-01-01,0,0,2,0,0,2
MAPIRI,"anticoncepcion, prevencion de its y de cancer de cuello uterino",numero de personas que recibieron orientacion en anticoncepcion,2016-01-01,0,4,14,4,0,22
MECAPACA,"anticoncepcion, prevencion de its y de cancer de cuello uterino",numero de personas que recibieron orientacion en anticoncepcion,2016-01-01,0,2,25,16,0,43
MINEROS,"anticoncepcion, prevencion de its y de cancer de cuello uterino",numero de personas que recibieron orientacion en anticoncepcion,2016-01-01,0,17,69,35,4,125
MIZQUE,"anticoncepcion, prevencion de its y de cancer de cuello uterino",numero de personas que recibieron orientacion en anticoncepcion,2016-01-01,0,34,115,47,0,196
MOCOMOCO,"anticoncepcion, prevencion de its y de cancer de cuello uterino",numero de personas que recibieron orientacion en anticoncepcion,2016-01-01,0,2,6,3,0,11
MOJINETE,"anticoncepcion, prevencion de its y de cancer de cuello uterino",numero de personas que recibieron orientacion en anticoncepcion,2016-01-01,0,0,1,0,0,1
MOJOCOYA,"anticoncepcion, prevencion de its y de cancer de cuello uterino",numero de personas que recibieron orientacion en anticoncepcion,2016-01-01,0,11,25,14,1,51
MONTEAGUDO,"anticoncepcion, prevencion de its y de cancer de cuello uterino",numero de personas que recibieron orientacion en anticoncepcion,2016-01-01,1,15,70,37,4,127
MONTERO,"anticoncepcion, prevencion de its y de cancer de cuello uterino",numero de personas que recibieron orientacion en anticoncepcion,2016-01-01,11,66,295,99,20,491
MORO MORO,"anticoncepcion, prevencion de its y de cancer de cuello uterino",numero de personas que recibieron orientacion en anticoncepcion,2016-01-01,0,4,3,0,0,7
MOROCHATA,"anticoncepcion, prevencion de its y de cancer de cuello uterino",numero de personas que recibieron orientacion en anticoncepcion,2016-01-01,2,18,34,22,0,76
NACEBE (SANTA ROSA DEL ABUNA),"anticoncepcion, prevencion de its y de cancer de cuello uterino",numero de personas que recibieron orientacion en anticoncepcion,2016-01-01,0,6,10,2,0,18
NUEVO MANOA (NUEVA ESPERANZA),"anticoncepcion, prevencion de its y de cancer de cuello uterino",numero de personas que recibieron orientacion en anticoncepcion,2016-01-01,1,2,13,2,0,18
OCURI,"anticoncepcion, prevencion de its y de cancer de cuello uterino",numero de personas que recibieron orientacion en anticoncepcion,2016-01-01,0,5,32,16,0,53
OKINAWA,"anticoncepcion, prevencion de its y de cancer de cuello uterino",numero de personas que recibieron orientacion en anticoncepcion,2016-01-01,1,8,21,8,0,38
OMEREQUE,"anticoncepcion, prevencion de its y de cancer de cuello uterino",numero de personas que recibieron orientacion en anticoncepcion,2016-01-01,0,3,24,17,3,47
ORURO,"anticoncepcion, prevencion de its y de cancer de cuello uterino",numero de personas que recibieron orientacion en anticoncepcion,2016-01-01,2,79,842,194,47,1164
PADCAYA,"anticoncepcion, prevencion de its y de cancer de cuello uterino",numero de personas que recibieron orientacion en anticoncepcion,2016-01-01,1,16,87,43,5,152
PADILLA,"anticoncepcion, prevencion de its y de cancer de cuello uterino",numero de personas que recibieron orientacion en anticoncepcion,2016-01-01,1,12,48,28,1,90
PAILON,"anticoncepcion, prevencion de its y de cancer de cuello uterino",numero de personas que recibieron orientacion en anticoncepcion,2016-01-01,7,79,205,58,2,351
PALCA,"anticoncepcion, prevencion de its y de cancer de cuello uterino",numero de personas que recibieron orientacion en anticoncepcion,2016-01-01,0,7,63,21,2,93
PALOS BLANCOS,"anticoncepcion, prevencion de its y de cancer de cuello uterino",numero de personas que recibieron orientacion en anticoncepcion,2016-01-01,0,27,104,32,0,163
PAMPA AULLAGAS,"anticoncepcion, prevencion de its y de cancer de cuello uterino",numero de personas que recibieron orientacion en anticoncepcion,2016-01-01,0,2,7,3,0,12
PAMPA GRANDE,"anticoncepcion, prevencion de its y de cancer de cuello uterino",numero de personas que recibieron orientacion en anticoncepcion,2016-01-01,0,2,1,3,0,6
PAPEL PAMPA,"anticoncepcion, prevencion de its y de cancer de cuello uterino",numero de personas que recibieron orientacion en anticoncepcion,2016-01-01,0,1,5,3,0,9
PASORAPA,"anticoncepcion, prevencion de its y de cancer de cuello uterino",numero de personas que recibieron orientacion en anticoncepcion,2016-01-01,0,2,9,4,0,15
PATACAMAYA,"anticoncepcion, prevencion de its y de cancer de cuello uterino",numero de personas que recibieron orientacion en anticoncepcion,2016-01-01,0,2,12,3,0,17
PAZÑA,"anticoncepcion, prevencion de its y de cancer de cuello uterino",numero de personas que recibieron orientacion en anticoncepcion,2016-01-01,0,2,36,11,0,49
PELECHUCO,"anticoncepcion, prevencion de its y de cancer de cuello uterino",numero de personas que recibieron orientacion en anticoncepcion,2016-01-01,0,1,15,12,0,28
POCOATA,"anticoncepcion, prevencion de its y de cancer de cuello uterino",numero de personas que recibieron orientacion en anticoncepcion,2016-01-01,1,8,34,30,1,74
POCONA,"anticoncepcion, prevencion de its y de cancer de cuello uterino",numero de personas que recibieron orientacion en anticoncepcion,2016-01-01,1,16,51,29,0,97
POJO (CBBA),"anticoncepcion, prevencion de its y de cancer de cuello uterino",numero de personas que recibieron orientacion en anticoncepcion,2016-01-01,1,21,37,15,2,76
POOPO,"anticoncepcion, prevencion de its y de cancer de cuello uterino",numero de personas que recibieron orientacion en anticoncepcion,2016-01-01,0,1,5,2,0,8
PORCO,"anticoncepcion, prevencion de its y de cancer de cuello uterino",numero de personas que recibieron orientacion en anticoncepcion,2016-01-01,0,7,59,13,0,79
POROMA,"anticoncepcion, prevencion de its y de cancer de cuello uterino",numero de personas que recibieron orientacion en anticoncepcion,2016-01-01,11,13,6,5,1,36
PORONGO,"anticoncepcion, prevencion de its y de cancer de cuello uterino",numero de personas que recibieron orientacion en anticoncepcion,2016-01-01,0,5,5,0,0,10
PORTACHUELO,"anticoncepcion, prevencion de its y de cancer de cuello uterino",numero de personas que recibieron orientacion en anticoncepcion,2016-01-01,1,9,21,2,0,33
PORVENIR,"anticoncepcion, prevencion de its y de cancer de cuello uterino",numero de personas que recibieron orientacion en anticoncepcion,2016-01-01,0,0,0,1,0,1
POSTRER VALLE,"anticoncepcion, prevencion de its y de cancer de cuello uterino",numero de personas que recibieron orientacion en anticoncepcion,2016-01-01,0,1,0,0,0,1
POTOSI,"anticoncepcion, prevencion de its y de cancer de cuello uterino",numero de personas que recibieron orientacion en anticoncepcion,2016-01-01,1,57,332,91,1,482
PRESTO,"anticoncepcion, prevencion de its y de cancer de cuello uterino",numero de personas que recibieron orientacion en anticoncepcion,2016-01-01,0,8,28,14,3,53
PUCARANI,"anticoncepcion, prevencion de its y de cancer de cuello uterino",numero de personas que recibieron orientacion en anticoncepcion,2016-01-01,0,15,85,27,3,130
PUERTO ACOSTA,"anticoncepcion, prevencion de its y de cancer de cuello uterino",numero de personas que recibieron orientacion en anticoncepcion,2016-01-01,0,2,6,4,3,15
PUERTO CARABUCO,"anticoncepcion, prevencion de its y de cancer de cuello uterino",numero de personas que recibieron orientacion en anticoncepcion,2016-01-01,0,2,12,9,0,23
PUERTO GONZALO MORENO,"anticoncepcion, prevencion de its y de cancer de cuello uterino",numero de personas que recibieron orientacion en anticoncepcion,2016-01-01,0,5,8,2,0,15
PUERTO PEREZ,"anticoncepcion, prevencion de its y de cancer de cuello uterino",numero de personas que recibieron orientacion en anticoncepcion,2016-01-01,0,0,8,3,1,12
PUERTO QUIJARRO,"anticoncepcion, prevencion de its y de cancer de cuello uterino",numero de personas que recibieron orientacion en anticoncepcion,2016-01-01,1,0,23,6,0,30
PUERTO RICO,"anticoncepcion, prevencion de its y de cancer de cuello uterino",numero de personas que recibieron orientacion en anticoncepcion,2016-01-01,0,0,10,0,0,10
PUERTO SILES,"anticoncepcion, prevencion de its y de cancer de cuello uterino",numero de personas que recibieron orientacion en anticoncepcion,2016-01-01,0,1,3,0,0,4
PUERTO SUAREZ,"anticoncepcion, prevencion de its y de cancer de cuello uterino",numero de personas que recibieron orientacion en anticoncepcion,2016-01-01,0,10,51,11,0,72
PUERTO VILLARROEL,"anticoncepcion, prevencion de its y de cancer de cuello uterino",numero de personas que recibieron orientacion en anticoncepcion,2016-01-01,0,16,92,29,0,137
PUNA,"anticoncepcion, prevencion de its y de cancer de cuello uterino",numero de personas que recibieron orientacion en anticoncepcion,2016-01-01,0,11,32,20,6,69
PUNATA,"anticoncepcion, prevencion de its y de cancer de cuello uterino",numero de personas que recibieron orientacion en anticoncepcion,2016-01-01,4,26,78,19,0,127
QUILLACOLLO,"anticoncepcion, prevencion de its y de cancer de cuello uterino",numero de personas que recibieron orientacion en anticoncepcion,2016-01-01,5,138,858,216,3,1220
QUIME,"anticoncepcion, prevencion de its y de cancer de cuello uterino",numero de personas que recibieron orientacion en anticoncepcion,2016-01-01,0,4,14,0,0,18
RAVELO,"anticoncepcion, prevencion de its y de cancer de cuello uterino",numero de personas que recibieron orientacion en anticoncepcion,2016-01-01,0,6,22,22,1,51
REYES,"anticoncepcion, prevencion de its y de cancer de cuello uterino",numero de personas que recibieron orientacion en anticoncepcion,2016-01-01,5,37,72,12,0,126
RIBERALTA,"anticoncepcion, prevencion de its y de cancer de cuello uterino",numero de personas que recibieron orientacion en anticoncepcion,2016-01-01,20,203,597,90,7,917
ROBORE,"anticoncepcion, prevencion de its y de cancer de cuello uterino",numero de personas que recibieron orientacion en anticoncepcion,2016-01-01,0,1,17,1,0,19
RURRENABAQUE,"anticoncepcion, prevencion de its y de cancer de cuello uterino",numero de personas que recibieron orientacion en anticoncepcion,2016-01-01,0,19,116,25,4,164
SABAYA,"anticoncepcion, prevencion de its y de cancer de cuello uterino",numero de personas que recibieron orientacion en anticoncepcion,2016-01-01,0,2,19,7,0,28
SACABA,"anticoncepcion, prevencion de its y de cancer de cuello uterino",numero de personas que recibieron orientacion en anticoncepcion,2016-01-01,1,305,609,321,0,1236
SACABAMBA,"anticoncepcion, prevencion de its y de cancer de cuello uterino",numero de personas que recibieron orientacion en anticoncepcion,2016-01-01,0,1,8,6,2,17
SACACA,"anticoncepcion, prevencion de its y de cancer de cuello uterino",numero de personas que recibieron orientacion en anticoncepcion,2016-01-01,0,12,79,38,0,129
SAIPINA,"anticoncepcion, prevencion de its y de cancer de cuello uterino",numero de personas que recibieron orientacion en anticoncepcion,2016-01-01,0,6,21,1,0,28
SALINAS DE GARCI MENDOZA,"anticoncepcion, prevencion de its y de cancer de cuello uterino",numero de personas que recibieron orientacion en anticoncepcion,2016-01-01,0,13,82,32,0,127
SAMAIPATA,"anticoncepcion, prevencion de its y de cancer de cuello uterino",numero de personas que recibieron orientacion en anticoncepcion,2016-01-01,2,15,26,10,0,53
SAN AGUSTIN,"anticoncepcion, prevencion de its y de cancer de cuello uterino",numero de personas que recibieron orientacion en anticoncepcion,2016-01-01,0,0,0,2,0,2
SAN ANDRES,"anticoncepcion, prevencion de its y de cancer de cuello uterino",numero de personas que recibieron orientacion en anticoncepcion,2016-01-01,2,13,45,23,0,83
SAN ANDRES DE MACHACA,"anticoncepcion, prevencion de its y de cancer de cuello uterino",numero de personas que recibieron orientacion en anticoncepcion,2016-01-01,0,1,5,0,0,6
SAN ANTONIO DE ESMORUCO,"anticoncepcion, prevencion de its y de cancer de cuello uterino",numero de personas que recibieron orientacion en anticoncepcion,2016-01-01,0,1,0,0,0,1
SAN ANTONIO DE LOMERIO,"anticoncepcion, prevencion de its y de cancer de cuello uterino",numero de personas que recibieron orientacion en anticoncepcion,2016-01-01,0,0,2,2,0,4
SAN BENITO,"anticoncepcion, prevencion de its y de cancer de cuello uterino",numero de personas que recibieron orientacion en anticoncepcion,2016-01-01,0,9,19,14,1,43
SAN BORJA,"anticoncepcion, prevencion de its y de cancer de cuello uterino",numero de personas que recibieron orientacion en anticoncepcion,2016-01-01,5,34,53,13,0,105
SAN BUENA VENTURA,"anticoncepcion, prevencion de its y de cancer de cuello uterino",numero de personas que recibieron orientacion en anticoncepcion,2016-01-01,0,6,17,2,0,25
SAN CARLOS,"anticoncepcion, prevencion de its y de cancer de cuello uterino",numero de personas que recibieron orientacion en anticoncepcion,2016-01-01,0,24,98,41,0,163
SAN IGNACIO,"anticoncepcion, prevencion de its y de cancer de cuello uterino",numero de personas que recibieron orientacion en anticoncepcion,2016-01-01,0,21,148,56,1,226
SAN IGNACIO DE VELASCO,"anticoncepcion, prevencion de its y de cancer de cuello uterino",numero de personas que recibieron orientacion en anticoncepcion,2016-01-01,3,51,162,50,0,266
SAN JAVIER(BNI),"anticoncepcion, prevencion de its y de cancer de cuello uterino",numero de personas que recibieron orientacion en anticoncepcion,2016-01-01,0,3,9,2,0,14
SAN JAVIER(STC),"anticoncepcion, prevencion de its y de cancer de cuello uterino",numero de personas que recibieron orientacion en anticoncepcion,2016-01-01,0,7,18,0,0,25
SAN JOAQUIN,"anticoncepcion, prevencion de its y de cancer de cuello uterino",numero de personas que recibieron orientacion en anticoncepcion,2016-01-01,0,1,7,1,0,9
SAN JOSE DE CHIQUITOS,"anticoncepcion, prevencion de its y de cancer de cuello uterino",numero de personas que recibieron orientacion en anticoncepcion,2016-01-01,16,21,53,27,17,134
SAN JUAN DE YAPACANI,"anticoncepcion, prevencion de its y de cancer de cuello uterino",numero de personas que recibieron orientacion en anticoncepcion,2016-01-01,0,9,42,17,0,68
SAN JULIAN,"anticoncepcion, prevencion de its y de cancer de cuello uterino",numero de personas que recibieron orientacion en anticoncepcion,2016-01-01,58,36,105,90,8,297
SAN LORENZO(PND),"anticoncepcion, prevencion de its y de cancer de cuello uterino",numero de personas que recibieron orientacion en anticoncepcion,2016-01-01,0,5,4,0,0,9
SAN LORENZO(TJA),"anticoncepcion, prevencion de its y de cancer de cuello uterino",numero de personas que recibieron orientacion en anticoncepcion,2016-01-01,0,12,32,21,0,65
SAN LUCAS,"anticoncepcion, prevencion de its y de cancer de cuello uterino",numero de personas que recibieron orientacion en anticoncepcion,2016-01-01,1,18,82,44,2,147
SAN MATIAS,"anticoncepcion, prevencion de its y de cancer de cuello uterino",numero de personas que recibieron orientacion en anticoncepcion,2016-01-01,4,14,23,13,0,54
SAN MIGUEL DE VELASCO,"anticoncepcion, prevencion de its y de cancer de cuello uterino",numero de personas que recibieron orientacion en anticoncepcion,2016-01-01,0,30,86,48,4,168
SAN PABLO DE LIPEZ,"anticoncepcion, prevencion de its y de cancer de cuello uterino",numero de personas que recibieron orientacion en anticoncepcion,2016-01-01,0,0,0,1,0,1
SAN PEDRO,"anticoncepcion, prevencion de its y de cancer de cuello uterino",numero de personas que recibieron orientacion en anticoncepcion,2016-01-01,1,9,54,20,6,90
SAN PEDRO DE BUENA VISTA,"anticoncepcion, prevencion de its y de cancer de cuello uterino",numero de personas que recibieron orientacion en anticoncepcion,2016-01-01,0,19,63,32,1,115
SAN PEDRO DE CURAHUARA,"anticoncepcion, prevencion de its y de cancer de cuello uterino",numero de personas que recibieron orientacion en anticoncepcion,2016-01-01,0,2,13,5,0,20
SAN PEDRO DE TIQUINA,"anticoncepcion, prevencion de its y de cancer de cuello uterino",numero de personas que recibieron orientacion en anticoncepcion,2016-01-01,0,2,12,3,0,17
SAN PEDRO(PND),"anticoncepcion, prevencion de its y de cancer de cuello uterino",numero de personas que recibieron orientacion en anticoncepcion,2016-01-01,0,0,8,0,0,8
SAN RAFAEL,"anticoncepcion, prevencion de its y de cancer de cuello uterino",numero de personas que recibieron orientacion en anticoncepcion,2016-01-01,0,13,64,26,0,103
SAN RAMON BENI,"anticoncepcion, prevencion de its y de cancer de cuello uterino",numero de personas que recibieron orientacion en anticoncepcion,2016-01-01,0,10,29,3,0,42
SAN RAMON SCZ,"anticoncepcion, prevencion de its y de cancer de cuello uterino",numero de personas que recibieron orientacion en anticoncepcion,2016-01-01,0,12,37,16,0,65
SANTA ANA,"anticoncepcion, prevencion de its y de cancer de cuello uterino",numero de personas que recibieron orientacion en anticoncepcion,2016-01-01,0,26,63,17,0,106
SANTA CRUZ DE LA SIERRA,"anticoncepcion, prevencion de its y de cancer de cuello uterino",numero de personas que recibieron orientacion en anticoncepcion,2016-01-01,160,844,1421,491,48,2964
SANTA ROSA,"anticoncepcion, prevencion de its y de cancer de cuello uterino",numero de personas que recibieron orientacion en anticoncepcion,2016-01-01,1,8,19,7,0,35
SANTA ROSA DEL SARA,"anticoncepcion, prevencion de its y de cancer de cuello uterino",numero de personas que recibieron orientacion en anticoncepcion,2016-01-01,0,7,17,7,0,31
SANTIAGO DE HUARI,"anticoncepcion, prevencion de its y de cancer de cuello uterino",numero de personas que recibieron orientacion en anticoncepcion,2016-01-01,0,13,54,12,2,81
SANTIAGO DE HUATA,"anticoncepcion, prevencion de its y de cancer de cuello uterino",numero de personas que recibieron orientacion en anticoncepcion,2016-01-01,0,1,9,5,0,15
SANTIAGO DE MACHACA,"anticoncepcion, prevencion de its y de cancer de cuello uterino",numero de personas que recibieron orientacion en anticoncepcion,2016-01-01,0,1,5,1,0,7
SANTIVAÑES,"anticoncepcion, prevencion de its y de cancer de cuello uterino",numero de personas que recibieron orientacion en anticoncepcion,2016-01-01,0,0,2,0,0,2
SANTUARIO DE QUILLACAS,"anticoncepcion, prevencion de its y de cancer de cuello uterino",numero de personas que recibieron orientacion en anticoncepcion,2016-01-01,0,3,27,7,0,37
SAPAHAQUI,"anticoncepcion, prevencion de its y de cancer de cuello uterino",numero de personas que recibieron orientacion en anticoncepcion,2016-01-01,0,5,3,2,0,10
SENA,"anticoncepcion, prevencion de its y de cancer de cuello uterino",numero de personas que recibieron orientacion en anticoncepcion,2016-01-01,0,4,11,0,0,15
SHINAOTA,"anticoncepcion, prevencion de its y de cancer de cuello uterino",numero de personas que recibieron orientacion en anticoncepcion,2016-01-01,0,7,36,16,0,59
SICA SICA (VILLA AROMA),"anticoncepcion, prevencion de its y de cancer de cuello uterino",numero de personas que recibieron orientacion en anticoncepcion,2016-01-01,0,4,45,30,0,79
SICAYA,"anticoncepcion, prevencion de its y de cancer de cuello uterino",numero de personas que recibieron orientacion en anticoncepcion,2016-01-01,0,0,7,4,0,11
SIPE SIPE,"anticoncepcion, prevencion de its y de cancer de cuello uterino",numero de personas que recibieron orientacion en anticoncepcion,2016-01-01,2,28,151,48,0,229
SOPACHUY,"anticoncepcion, prevencion de its y de cancer de cuello uterino",numero de personas que recibieron orientacion en anticoncepcion,2016-01-01,0,18,33,37,4,92
SORACACHI,"anticoncepcion, prevencion de its y de cancer de cuello uterino",numero de personas que recibieron orientacion en anticoncepcion,2016-01-01,1,2,12,7,0,22
SORATA,"anticoncepcion, prevencion de its y de cancer de cuello uterino",numero de personas que recibieron orientacion en anticoncepcion,2016-01-01,0,11,26,9,0,46
SUCRE,"anticoncepcion, prevencion de its y de cancer de cuello uterino",numero de personas que recibieron orientacion en anticoncepcion,2016-01-01,54,503,1670,714,21,2962
TACACHI,"anticoncepcion, prevencion de its y de cancer de cuello uterino",numero de personas que recibieron orientacion en anticoncepcion,2016-01-01,0,1,0,0,0,1
TACACOMA,"anticoncepcion, prevencion de its y de cancer de cuello uterino",numero de personas que recibieron orientacion en anticoncepcion,2016-01-01,0,1,7,1,0,9
TACOBAMBA,"anticoncepcion, prevencion de its y de cancer de cuello uterino",numero de personas que recibieron orientacion en anticoncepcion,2016-01-01,0,1,5,2,0,8
TACOPAYA,"anticoncepcion, prevencion de its y de cancer de cuello uterino",numero de personas que recibieron orientacion en anticoncepcion,2016-01-01,1,1,10,5,0,17
TAHUA,"anticoncepcion, prevencion de its y de cancer de cuello uterino",numero de personas que recibieron orientacion en anticoncepcion,2016-01-01,0,0,3,1,0,4
TAPACARI,"anticoncepcion, prevencion de its y de cancer de cuello uterino",numero de personas que recibieron orientacion en anticoncepcion,2016-01-01,0,4,22,8,0,34
TARABUCO,"anticoncepcion, prevencion de its y de cancer de cuello uterino",numero de personas que recibieron orientacion en anticoncepcion,2016-01-01,0,10,49,42,5,106
TARACO,"anticoncepcion, prevencion de its y de cancer de cuello uterino",numero de personas que recibieron orientacion en anticoncepcion,2016-01-01,0,0,2,1,0,3
TARATA,"anticoncepcion, prevencion de its y de cancer de cuello uterino",numero de personas que recibieron orientacion en anticoncepcion,2016-01-01,0,7,19,12,0,38
TARIJA,"anticoncepcion, prevencion de its y de cancer de cuello uterino",numero de personas que recibieron orientacion en anticoncepcion,2016-01-01,5,37,397,121,0,560
TARVITA,"anticoncepcion, prevencion de its y de cancer de cuello uterino",numero de personas que recibieron orientacion en anticoncepcion,2016-01-01,2,4,9,7,1,23
TEOPONTE,"anticoncepcion, prevencion de its y de cancer de cuello uterino",numero de personas que recibieron orientacion en anticoncepcion,2016-01-01,0,5,14,19,0,38
TIAWANACU,"anticoncepcion, prevencion de its y de cancer de cuello uterino",numero de personas que recibieron orientacion en anticoncepcion,2016-01-01,0,6,31,16,0,53
TINGUIPAYA,"anticoncepcion, prevencion de its y de cancer de cuello uterino",numero de personas que recibieron orientacion en anticoncepcion,2016-01-01,0,2,25,12,0,39
TIPUANI,"anticoncepcion, prevencion de its y de cancer de cuello uterino",numero de personas que recibieron orientacion en anticoncepcion,2016-01-01,0,1,13,6,1,21
TIQUIPAYA,"anticoncepcion, prevencion de its y de cancer de cuello uterino",numero de personas que recibieron orientacion en anticoncepcion,2016-01-01,7,38,133,77,0,255
TIRAQUE (CBBA),"anticoncepcion, prevencion de its y de cancer de cuello uterino",numero de personas que recibieron orientacion en anticoncepcion,2016-01-01,0,5,19,5,0,29
TITO YUPANQUI (PARQUIPUJIO),"anticoncepcion, prevencion de its y de cancer de cuello uterino",numero de personas que recibieron orientacion en anticoncepcion,2016-01-01,0,0,1,1,0,2
TOCO,"anticoncepcion, prevencion de its y de cancer de cuello uterino",numero de personas que recibieron orientacion en anticoncepcion,2016-01-01,0,2,10,4,0,16
TOLATA,"anticoncepcion, prevencion de its y de cancer de cuello uterino",numero de personas que recibieron orientacion en anticoncepcion,2016-01-01,0,6,31,8,1,46
TOLEDO,"anticoncepcion, prevencion de its y de cancer de cuello uterino",numero de personas que recibieron orientacion en anticoncepcion,2016-01-01,0,1,11,2,1,15
TOMAVE,"anticoncepcion, prevencion de its y de cancer de cuello uterino",numero de personas que recibieron orientacion en anticoncepcion,2016-01-01,0,8,14,1,1,24
TOMINA,"anticoncepcion, prevencion de its y de cancer de cuello uterino",numero de personas que recibieron orientacion en anticoncepcion,2016-01-01,0,20,13,5,0,38
TORO TORO,"anticoncepcion, prevencion de its y de cancer de cuello uterino",numero de personas que recibieron orientacion en anticoncepcion,2016-01-01,1,11,45,27,8,92
TOTORA(CBBA),"anticoncepcion, prevencion de its y de cancer de cuello uterino",numero de personas que recibieron orientacion en anticoncepcion,2016-01-01,0,15,51,17,0,83
TOTORA(ORR),"anticoncepcion, prevencion de its y de cancer de cuello uterino",numero de personas que recibieron orientacion en anticoncepcion,2016-01-01,1,4,31,8,0,44
TRINIDAD,"anticoncepcion, prevencion de its y de cancer de cuello uterino",numero de personas que recibieron orientacion en anticoncepcion,2016-01-01,32,278,747,172,5,1234
TUPIZA,"anticoncepcion, prevencion de its y de cancer de cuello uterino",numero de personas que recibieron orientacion en anticoncepcion,2016-01-01,0,22,89,21,0,132
TURCO,"anticoncepcion, prevencion de its y de cancer de cuello uterino",numero de personas que recibieron orientacion en anticoncepcion,2016-01-01,0,2,21,17,0,40
UMALA,"anticoncepcion, prevencion de its y de cancer de cuello uterino",numero de personas que recibieron orientacion en anticoncepcion,2016-01-01,0,7,16,7,0,30
UNCIA,"anticoncepcion, prevencion de its y de cancer de cuello uterino",numero de personas que recibieron orientacion en anticoncepcion,2016-01-01,0,2,17,3,0,22
URIONDO (A. CONCEPCION),"anticoncepcion, prevencion de its y de cancer de cuello uterino",numero de personas que recibieron orientacion en anticoncepcion,2016-01-01,0,4,39,27,0,70
URUBICHA,"anticoncepcion, prevencion de its y de cancer de cuello uterino",numero de personas que recibieron orientacion en anticoncepcion,2016-01-01,0,4,9,5,0,18
UYUNI,"anticoncepcion, prevencion de its y de cancer de cuello uterino",numero de personas que recibieron orientacion en anticoncepcion,2016-01-01,0,11,47,14,1,73
VACAS,"anticoncepcion, prevencion de its y de cancer de cuello uterino",numero de personas que recibieron orientacion en anticoncepcion,2016-01-01,0,9,31,23,0,63
VALLEGRANDE,"anticoncepcion, prevencion de its y de cancer de cuello uterino",numero de personas que recibieron orientacion en anticoncepcion,2016-01-01,0,4,12,2,0,18
VIACHA,"anticoncepcion, prevencion de its y de cancer de cuello uterino",numero de personas que recibieron orientacion en anticoncepcion,2016-01-01,0,18,190,95,18,321
VILA VILA,"anticoncepcion, prevencion de its y de cancer de cuello uterino",numero de personas que recibieron orientacion en anticoncepcion,2016-01-01,0,0,7,4,0,11
VILLA CHARCAS,"anticoncepcion, prevencion de its y de cancer de cuello uterino",numero de personas que recibieron orientacion en anticoncepcion,2016-01-01,0,7,15,3,0,25
VILLA MONTES,"anticoncepcion, prevencion de its y de cancer de cuello uterino",numero de personas que recibieron orientacion en anticoncepcion,2016-01-01,2,15,38,26,0,81
VILLA NUEVA (LOMA ALTA),"anticoncepcion, prevencion de its y de cancer de cuello uterino",numero de personas que recibieron orientacion en anticoncepcion,2016-01-01,0,1,1,0,0,2
VILLA RIVERO,"anticoncepcion, prevencion de its y de cancer de cuello uterino",numero de personas que recibieron orientacion en anticoncepcion,2016-01-01,0,7,31,16,2,56
VILLA SERRANO,"anticoncepcion, prevencion de its y de cancer de cuello uterino",numero de personas que recibieron orientacion en anticoncepcion,2016-01-01,0,7,46,25,2,80
VILLA TUNARI,"anticoncepcion, prevencion de its y de cancer de cuello uterino",numero de personas que recibieron orientacion en anticoncepcion,2016-01-01,0,42,222,63,5,332
VILLA VACA GUZMAN (MUYUPAMPA),"anticoncepcion, prevencion de its y de cancer de cuello uterino",numero de personas que recibieron orientacion en anticoncepcion,2016-01-01,4,16,8,2,1,31
VILLAZON,"anticoncepcion, prevencion de its y de cancer de cuello uterino",numero de personas que recibieron orientacion en anticoncepcion,2016-01-01,0,7,42,13,3,65
VINTO,"anticoncepcion, prevencion de its y de cancer de cuello uterino",numero de personas que recibieron orientacion en anticoncepcion,2016-01-01,9,90,327,60,9,495
VITICHI,"anticoncepcion, prevencion de its y de cancer de cuello uterino",numero de personas que recibieron orientacion en anticoncepcion,2016-01-01,0,3,16,15,1,35
WALDO BALLIVIAN,"anticoncepcion, prevencion de its y de cancer de cuello uterino",numero de personas que recibieron orientacion en anticoncepcion,2016-01-01,0,1,1,0,0,2
WARNES,"anticoncepcion, prevencion de its y de cancer de cuello uterino",numero de personas que recibieron orientacion en anticoncepcion,2016-01-01,0,29,205,35,7,276
YACO,"anticoncepcion, prevencion de its y de cancer de cuello uterino",numero de personas que recibieron orientacion en anticoncepcion,2016-01-01,0,3,8,2,0,13
YACUIBA,"anticoncepcion, prevencion de its y de cancer de cuello uterino",numero de personas que recibieron orientacion en anticoncepcion,2016-01-01,6,107,561,235,39,948
YAMPARAEZ,"anticoncepcion, prevencion de its y de cancer de cuello uterino",numero de personas que recibieron orientacion en anticoncepcion,2016-01-01,10,39,24,22,2,97
YANACACHI,"anticoncepcion, prevencion de its y de cancer de cuello uterino",numero de personas que recibieron orientacion en anticoncepcion,2016-01-01,0,0,9,1,0,10
YAPACANI,"anticoncepcion, prevencion de its y de cancer de cuello uterino",numero de personas que recibieron orientacion en anticoncepcion,2016-01-01,3,18,34,9,0,64
YOCALLA,"anticoncepcion, prevencion de its y de cancer de cuello uterino",numero de personas que recibieron orientacion en anticoncepcion,2016-01-01,0,1,2,1,0,4
YOTALA,"anticoncepcion, prevencion de its y de cancer de cuello uterino",numero de personas que recibieron orientacion en anticoncepcion,2016-01-01,11,30,34,13,0,88
YUNCHARA,"anticoncepcion, prevencion de its y de cancer de cuello uterino",numero de personas que recibieron orientacion en anticoncepcion,2016-01-01,1,1,19,10,0,31
ZUDAÑEZ,"anticoncepcion, prevencion de its y de cancer de cuello uterino",numero de personas que recibieron orientacion en anticoncepcion,2016-01-01,0,1,0,1,0,2
ACACIO,"anticoncepcion, prevencion de its y de cancer de cuello uterino",numero de personas que recibieron orientacion en anticoncepcion,2016-02-01,0,0,6,2,0,8
ACHACACHI,"anticoncepcion, prevencion de its y de cancer de cuello uterino",numero de personas que recibieron orientacion en anticoncepcion,2016-02-01,0,5,26,19,9,59
ACHOCALLA,"anticoncepcion, prevencion de its y de cancer de cuello uterino",numero de personas que recibieron orientacion en anticoncepcion,2016-02-01,0,6,43,14,0,63
AIQUILE,"anticoncepcion, prevencion de its y de cancer de cuello uterino",numero de personas que recibieron orientacion en anticoncepcion,2016-02-01,0,2,39,8,0,49
ALALAY,"anticoncepcion, prevencion de its y de cancer de cuello uterino",numero de personas que recibieron orientacion en anticoncepcion,2016-02-01,0,0,10,3,0,13
ALCALA,"anticoncepcion, prevencion de its y de cancer de cuello uterino",numero de personas que recibieron orientacion en anticoncepcion,2016-02-01,0,3,28,18,2,51
ALTO BENI,"anticoncepcion, prevencion de its y de cancer de cuello uterino",numero de personas que recibieron orientacion en anticoncepcion,2016-02-01,0,2,7,3,0,12
ANCORAIMES,"anticoncepcion, prevencion de its y de cancer de cuello uterino",numero de personas que recibieron orientacion en anticoncepcion,2016-02-01,1,11,19,13,0,44
ANDAMARCA,"anticoncepcion, prevencion de its y de cancer de cuello uterino",numero de personas que recibieron orientacion en anticoncepcion,2016-02-01,0,1,11,10,0,22
ANTEQUERA,"anticoncepcion, prevencion de its y de cancer de cuello uterino",numero de personas que recibieron orientacion en anticoncepcion,2016-02-01,0,0,6,0,0,6
ANZALDO,"anticoncepcion, prevencion de its y de cancer de cuello uterino",numero de personas que recibieron orientacion en anticoncepcion,2016-02-01,0,1,2,4,0,7
APOLO,"anticoncepcion, prevencion de its y de cancer de cuello uterino",numero de personas que recibieron orientacion en anticoncepcion,2016-02-01,0,7,25,11,0,43
ARAMPAMPA,"anticoncepcion, prevencion de its y de cancer de cuello uterino",numero de personas que recibieron orientacion en anticoncepcion,2016-02-01,0,1,7,5,0,13
ARANI,"anticoncepcion, prevencion de its y de cancer de cuello uterino",numero de personas que recibieron orientacion en anticoncepcion,2016-02-01,0,2,20,17,0,39
ARBIETO,"anticoncepcion, prevencion de its y de cancer de cuello uterino",numero de personas que recibieron orientacion en anticoncepcion,2016-02-01,2,30,118,37,2,189
ARQUE,"anticoncepcion, prevencion de its y de cancer de cuello uterino",numero de personas que recibieron orientacion en anticoncepcion,2016-02-01,0,3,14,10,0,27
ASCENCION DE GUARAYOS,"anticoncepcion, prevencion de its y de cancer de cuello uterino",numero de personas que recibieron orientacion en anticoncepcion,2016-02-01,5,24,124,33,0,186
ATOCHA,"anticoncepcion, prevencion de its y de cancer de cuello uterino",numero de personas que recibieron orientacion en anticoncepcion,2016-02-01,0,5,38,22,0,65
AUCAPATA,"anticoncepcion, prevencion de its y de cancer de cuello uterino",numero de personas que recibieron orientacion en anticoncepcion,2016-02-01,0,0,5,3,0,8
AYATA,"anticoncepcion, prevencion de its y de cancer de cuello uterino",numero de personas que recibieron orientacion en anticoncepcion,2016-02-01,0,1,9,4,2,16
AYO AYO,"anticoncepcion, prevencion de its y de cancer de cuello uterino",numero de personas que recibieron orientacion en anticoncepcion,2016-02-01,0,0,8,1,0,9
AYOPAYA (V. DE INDEPENDENCIA),"anticoncepcion, prevencion de its y de cancer de cuello uterino",numero de personas que recibieron orientacion en anticoncepcion,2016-02-01,0,21,81,36,0,138
AZURDUY,"anticoncepcion, prevencion de its y de cancer de cuello uterino",numero de personas que recibieron orientacion en anticoncepcion,2016-02-01,4,7,26,26,1,64
BATALLAS,"anticoncepcion, prevencion de its y de cancer de cuello uterino",numero de personas que recibieron orientacion en anticoncepcion,2016-02-01,0,5,20,15,1,41
BAURES,"anticoncepcion, prevencion de its y de cancer de cuello uterino",numero de personas que recibieron orientacion en anticoncepcion,2016-02-01,0,6,20,7,0,33
BELEN DE ANDAMARCA,"anticoncepcion, prevencion de its y de cancer de cuello uterino",numero de personas que recibieron orientacion en anticoncepcion,2016-02-01,0,0,4,3,0,7
BELEN DE URMIRI,"anticoncepcion, prevencion de its y de cancer de cuello uterino",numero de personas que recibieron orientacion en anticoncepcion,2016-02-01,0,0,2,0,0,2
BELLA FLOR,"anticoncepcion, prevencion de its y de cancer de cuello uterino",numero de personas que recibieron orientacion en anticoncepcion,2016-02-01,1,2,8,1,0,12
BERMEJO,"anticoncepcion, prevencion de its y de cancer de cuello uterino",numero de personas que recibieron orientacion en anticoncepcion,2016-02-01,1,20,160,55,3,239
BETANZOS,"anticoncepcion, prevencion de its y de cancer de cuello uterino",numero de personas que recibieron orientacion en anticoncepcion,2016-02-01,0,2,32,26,0,60
BOLIVAR,"anticoncepcion, prevencion de its y de cancer de cuello uterino",numero de personas que recibieron orientacion en anticoncepcion,2016-02-01,0,0,10,10,0,20
BOLPEBRA,"anticoncepcion, prevencion de its y de cancer de cuello uterino",numero de personas que recibieron orientacion en anticoncepcion,2016-02-01,1,1,3,1,0,6
BOYUIBE,"anticoncepcion, prevencion de its y de cancer de cuello uterino",numero de personas que recibieron orientacion en anticoncepcion,2016-02-01,0,1,4,1,0,6
BUENA VISTA,"anticoncepcion, prevencion de its y de cancer de cuello uterino",numero de personas que recibieron orientacion en anticoncepcion,2016-02-01,0,12,19,7,0,38
CABEZAS,"anticoncepcion, prevencion de its y de cancer de cuello uterino",numero de personas que recibieron orientacion en anticoncepcion,2016-02-01,4,13,45,8,0,70
CAIROMA,"anticoncepcion, prevencion de its y de cancer de cuello uterino",numero de personas que recibieron orientacion en anticoncepcion,2016-02-01,0,0,13,5,0,18
"CAIZA ""D""","anticoncepcion, prevencion de its y de cancer de cuello uterino",numero de personas que recibieron orientacion en anticoncepcion,2016-02-01,0,4,34,20,3,61
CAJUATA,"anticoncepcion, prevencion de its y de cancer de cuello uterino",numero de personas que recibieron orientacion en anticoncepcion,2016-02-01,0,2,17,6,0,25
CALACOTO,"anticoncepcion, prevencion de its y de cancer de cuello uterino",numero de personas que recibieron orientacion en anticoncepcion,2016-02-01,0,0,0,1,0,1
CALAMARCA,"anticoncepcion, prevencion de its y de cancer de cuello uterino",numero de personas que recibieron orientacion en anticoncepcion,2016-02-01,0,10,34,14,1,59
CAMARGO,"anticoncepcion, prevencion de its y de cancer de cuello uterino",numero de personas que recibieron orientacion en anticoncepcion,2016-02-01,2,78,20,23,0,123
CAMATAQUI (C. VILLA ABECIA),"anticoncepcion, prevencion de its y de cancer de cuello uterino",numero de personas que recibieron orientacion en anticoncepcion,2016-02-01,0,4,11,2,0,17
CAMIRI,"anticoncepcion, prevencion de its y de cancer de cuello uterino",numero de personas que recibieron orientacion en anticoncepcion,2016-02-01,0,11,71,10,0,92
CAPINOTA,"anticoncepcion, prevencion de its y de cancer de cuello uterino",numero de personas que recibieron orientacion en anticoncepcion,2016-02-01,1,7,30,4,0,42
CAQUIAVIRI,"anticoncepcion, prevencion de its y de cancer de cuello uterino",numero de personas que recibieron orientacion en anticoncepcion,2016-02-01,0,1,7,6,0,14
CARACOLLO,"anticoncepcion, prevencion de its y de cancer de cuello uterino",numero de personas que recibieron orientacion en anticoncepcion,2016-02-01,0,8,50,15,0,73
CARANAVI,"anticoncepcion, prevencion de its y de cancer de cuello uterino",numero de personas que recibieron orientacion en anticoncepcion,2016-02-01,1,14,110,66,7,198
CARAPARI,"anticoncepcion, prevencion de its y de cancer de cuello uterino",numero de personas que recibieron orientacion en anticoncepcion,2016-02-01,0,7,53,14,0,74
CARIPUYO,"anticoncepcion, prevencion de its y de cancer de cuello uterino",numero de personas que recibieron orientacion en anticoncepcion,2016-02-01,0,6,26,16,2,50
CARMEN RIVERO TORREZ,"anticoncepcion, prevencion de its y de cancer de cuello uterino",numero de personas que recibieron orientacion en anticoncepcion,2016-02-01,1,0,13,3,0,17
CATACORA,"anticoncepcion, prevencion de its y de cancer de cuello uterino",numero de personas que recibieron orientacion en anticoncepcion,2016-02-01,0,0,0,1,0,1
CHACARILLA,"anticoncepcion, prevencion de its y de cancer de cuello uterino",numero de personas que recibieron orientacion en anticoncepcion,2016-02-01,0,0,1,0,0,1
CHALLAPATA,"anticoncepcion, prevencion de its y de cancer de cuello uterino",numero de personas que recibieron orientacion en anticoncepcion,2016-02-01,0,22,104,37,0,163
CHAQUI,"anticoncepcion, prevencion de its y de cancer de cuello uterino",numero de personas que recibieron orientacion en anticoncepcion,2016-02-01,2,15,37,17,1,72
CHARAGUA,"anticoncepcion, prevencion de its y de cancer de cuello uterino",numero de personas que recibieron orientacion en anticoncepcion,2016-02-01,1,4,28,6,0,39
CHARAÑA,"anticoncepcion, prevencion de its y de cancer de cuello uterino",numero de personas que recibieron orientacion en anticoncepcion,2016-02-01,0,0,0,1,0,1
CHAYANTA,"anticoncepcion, prevencion de its y de cancer de cuello uterino",numero de personas que recibieron orientacion en anticoncepcion,2016-02-01,0,7,28,11,0,46
CHIMORE,"anticoncepcion, prevencion de its y de cancer de cuello uterino",numero de personas que recibieron orientacion en anticoncepcion,2016-02-01,0,14,88,30,0,132
CHIPAYA,"anticoncepcion, prevencion de its y de cancer de cuello uterino",numero de personas que recibieron orientacion en anticoncepcion,2016-02-01,0,1,5,0,0,6
CHOQUE COTA,"anticoncepcion, prevencion de its y de cancer de cuello uterino",numero de personas que recibieron orientacion en anticoncepcion,2016-02-01,0,0,7,0,0,7
CHUA COCANI,"anticoncepcion, prevencion de its y de cancer de cuello uterino",numero de personas que recibieron orientacion en anticoncepcion,2016-02-01,0,1,8,2,1,12
CHULUMANI (V. DE LA LIBERTAD),"anticoncepcion, prevencion de its y de cancer de cuello uterino",numero de personas que recibieron orientacion en anticoncepcion,2016-02-01,0,8,31,6,0,45
CHUMA,"anticoncepcion, prevencion de its y de cancer de cuello uterino",numero de personas que recibieron orientacion en anticoncepcion,2016-02-01,0,1,11,7,4,23
CHUQUIHUTA AYLLU JUCUMANI,"anticoncepcion, prevencion de its y de cancer de cuello uterino",numero de personas que recibieron orientacion en anticoncepcion,2016-02-01,0,6,26,3,0,35
CKOCHAS,"anticoncepcion, prevencion de its y de cancer de cuello uterino",numero de personas que recibieron orientacion en anticoncepcion,2016-02-01,2,9,37,29,2,79
CLIZA,"anticoncepcion, prevencion de its y de cancer de cuello uterino",numero de personas que recibieron orientacion en anticoncepcion,2016-02-01,1,11,38,9,0,59
COBIJA,"anticoncepcion, prevencion de its y de cancer de cuello uterino",numero de personas que recibieron orientacion en anticoncepcion,2016-02-01,4,45,144,35,7,235
COCAPATA,"anticoncepcion, prevencion de its y de cancer de cuello uterino",numero de personas que recibieron orientacion en anticoncepcion,2016-02-01,1,13,76,35,0,125
COCHABAMBA,"anticoncepcion, prevencion de its y de cancer de cuello uterino",numero de personas que recibieron orientacion en anticoncepcion,2016-02-01,44,586,2580,684,26,3920
COIPASA,"anticoncepcion, prevencion de its y de cancer de cuello uterino",numero de personas que recibieron orientacion en anticoncepcion,2016-02-01,0,0,7,4,0,11
COLCAPIRHUA,"anticoncepcion, prevencion de its y de cancer de cuello uterino",numero de personas que recibieron orientacion en anticoncepcion,2016-02-01,5,69,473,99,11,657
"COLCHA ""K""","anticoncepcion, prevencion de its y de cancer de cuello uterino",numero de personas que recibieron orientacion en anticoncepcion,2016-02-01,0,1,11,2,0,14
COLLANA,"anticoncepcion, prevencion de its y de cancer de cuello uterino",numero de personas que recibieron orientacion en anticoncepcion,2016-02-01,0,0,1,0,0,1
COLOMI,"anticoncepcion, prevencion de its y de cancer de cuello uterino",numero de personas que recibieron orientacion en anticoncepcion,2016-02-01,0,4,35,9,0,48
COLPA BELGICA,"anticoncepcion, prevencion de its y de cancer de cuello uterino",numero de personas que recibieron orientacion en anticoncepcion,2016-02-01,0,2,6,1,0,9
COLQUECHACA,"anticoncepcion, prevencion de its y de cancer de cuello uterino",numero de personas que recibieron orientacion en anticoncepcion,2016-02-01,1,4,15,9,1,30
COLQUENCHA,"anticoncepcion, prevencion de its y de cancer de cuello uterino",numero de personas que recibieron orientacion en anticoncepcion,2016-02-01,0,0,3,0,0,3
COLQUIRI,"anticoncepcion, prevencion de its y de cancer de cuello uterino",numero de personas que recibieron orientacion en anticoncepcion,2016-02-01,0,4,17,6,0,27
COMANCHE,"anticoncepcion, prevencion de its y de cancer de cuello uterino",numero de personas que recibieron orientacion en anticoncepcion,2016-02-01,0,0,0,1,0,1
COMARAPA,"anticoncepcion, prevencion de its y de cancer de cuello uterino",numero de personas que recibieron orientacion en anticoncepcion,2016-02-01,1,16,54,5,1,77
COMBAYA,"anticoncepcion, prevencion de its y de cancer de cuello uterino",numero de personas que recibieron orientacion en anticoncepcion,2016-02-01,0,1,2,2,0,5
CONCEPCION,"anticoncepcion, prevencion de its y de cancer de cuello uterino",numero de personas que recibieron orientacion en anticoncepcion,2016-02-01,0,10,31,8,0,49
COPACABANA,"anticoncepcion, prevencion de its y de cancer de cuello uterino",numero de personas que recibieron orientacion en anticoncepcion,2016-02-01,0,1,16,11,0,28
CORIPATA,"anticoncepcion, prevencion de its y de cancer de cuello uterino",numero de personas que recibieron orientacion en anticoncepcion,2016-02-01,0,3,21,1,0,25
CORO CORO,"anticoncepcion, prevencion de its y de cancer de cuello uterino",numero de personas que recibieron orientacion en anticoncepcion,2016-02-01,0,0,6,0,0,6
COROICO,"anticoncepcion, prevencion de its y de cancer de cuello uterino",numero de personas que recibieron orientacion en anticoncepcion,2016-02-01,0,3,6,1,0,10
CORQUE,"anticoncepcion, prevencion de its y de cancer de cuello uterino",numero de personas que recibieron orientacion en anticoncepcion,2016-02-01,0,1,15,6,1,23
COTAGAITA,"anticoncepcion, prevencion de its y de cancer de cuello uterino",numero de personas que recibieron orientacion en anticoncepcion,2016-02-01,0,17,91,53,4,165
COTOCA,"anticoncepcion, prevencion de its y de cancer de cuello uterino",numero de personas que recibieron orientacion en anticoncepcion,2016-02-01,1,12,53,11,3,80
CRUZ DE MACHACAMARCA,"anticoncepcion, prevencion de its y de cancer de cuello uterino",numero de personas que recibieron orientacion en anticoncepcion,2016-02-01,0,1,4,0,2,7
CUATRO CAÑADAS,"anticoncepcion, prevencion de its y de cancer de cuello uterino",numero de personas que recibieron orientacion en anticoncepcion,2016-02-01,7,21,57,28,3,116
CUCHUMUELA (V. G. VILLARROEL),"anticoncepcion, prevencion de its y de cancer de cuello uterino",numero de personas que recibieron orientacion en anticoncepcion,2016-02-01,0,1,3,1,0,5
CUEVO,"anticoncepcion, prevencion de its y de cancer de cuello uterino",numero de personas que recibieron orientacion en anticoncepcion,2016-02-01,0,2,3,0,0,5
CULPINA,"anticoncepcion, prevencion de its y de cancer de cuello uterino",numero de personas que recibieron orientacion en anticoncepcion,2016-02-01,2,27,75,34,7,145
CURAHUARA DE CARANGAS,"anticoncepcion, prevencion de its y de cancer de cuello uterino",numero de personas que recibieron orientacion en anticoncepcion,2016-02-01,0,2,23,11,0,36
CURVA,"anticoncepcion, prevencion de its y de cancer de cuello uterino",numero de personas que recibieron orientacion en anticoncepcion,2016-02-01,0,1,5,0,0,6
DESAGUADERO,"anticoncepcion, prevencion de its y de cancer de cuello uterino",numero de personas que recibieron orientacion en anticoncepcion,2016-02-01,0,0,5,1,0,6
EL ALTO,"anticoncepcion, prevencion de its y de cancer de cuello uterino",numero de personas que recibieron orientacion en anticoncepcion,2016-02-01,5,384,2080,962,33,3464
EL CHORO,"anticoncepcion, prevencion de its y de cancer de cuello uterino",numero de personas que recibieron orientacion en anticoncepcion,2016-02-01,0,0,7,2,0,9
EL PUENTE(STC),"anticoncepcion, prevencion de its y de cancer de cuello uterino",numero de personas que recibieron orientacion en anticoncepcion,2016-02-01,0,8,37,5,1,51
EL PUENTE(TJA),"anticoncepcion, prevencion de its y de cancer de cuello uterino",numero de personas que recibieron orientacion en anticoncepcion,2016-02-01,0,2,11,15,1,29
EL TORNO,"anticoncepcion, prevencion de its y de cancer de cuello uterino",numero de personas que recibieron orientacion en anticoncepcion,2016-02-01,6,34,101,36,13,190
EL VILLAR,"anticoncepcion, prevencion de its y de cancer de cuello uterino",numero de personas que recibieron orientacion en anticoncepcion,2016-02-01,0,5,4,1,0,10
ENTRE RIOS TRJ,"anticoncepcion, prevencion de its y de cancer de cuello uterino",numero de personas que recibieron orientacion en anticoncepcion,2016-02-01,1,14,32,5,2,54
ENTRE RIOS CBBA,"anticoncepcion, prevencion de its y de cancer de cuello uterino",numero de personas que recibieron orientacion en anticoncepcion,2016-02-01,0,11,62,17,1,91
ESCARA,"anticoncepcion, prevencion de its y de cancer de cuello uterino",numero de personas que recibieron orientacion en anticoncepcion,2016-02-01,0,0,2,1,0,3
ESCOMA,"anticoncepcion, prevencion de its y de cancer de cuello uterino",numero de personas que recibieron orientacion en anticoncepcion,2016-02-01,0,1,5,3,1,10
ESMERALDA,"anticoncepcion, prevencion de its y de cancer de cuello uterino",numero de personas que recibieron orientacion en anticoncepcion,2016-02-01,0,1,3,2,0,6
EUCALIPTUS,"anticoncepcion, prevencion de its y de cancer de cuello uterino",numero de personas que recibieron orientacion en anticoncepcion,2016-02-01,0,2,5,1,0,8
EUREKA (SANTOS MERCADO),"anticoncepcion, prevencion de its y de cancer de cuello uterino",numero de personas que recibieron orientacion en anticoncepcion,2016-02-01,0,2,0,1,0,3
EXALTACION,"anticoncepcion, prevencion de its y de cancer de cuello uterino",numero de personas que recibieron orientacion en anticoncepcion,2016-02-01,2,0,0,0,0,2
FERNANDEZ ALONSO,"anticoncepcion, prevencion de its y de cancer de cuello uterino",numero de personas que recibieron orientacion en anticoncepcion,2016-02-01,0,7,18,4,0,29
FILADELFIA,"anticoncepcion, prevencion de its y de cancer de cuello uterino",numero de personas que recibieron orientacion en anticoncepcion,2016-02-01,1,17,41,8,0,67
GENERAL SAAVEDRA,"anticoncepcion, prevencion de its y de cancer de cuello uterino",numero de personas que recibieron orientacion en anticoncepcion,2016-02-01,0,7,38,12,1,58
GRAL. J.J. PEREZ (CHARAZANI),"anticoncepcion, prevencion de its y de cancer de cuello uterino",numero de personas que recibieron orientacion en anticoncepcion,2016-02-01,0,0,10,2,1,13
GUANAY,"anticoncepcion, prevencion de its y de cancer de cuello uterino",numero de personas que recibieron orientacion en anticoncepcion,2016-02-01,0,2,24,7,1,34
GUAQUI,"anticoncepcion, prevencion de its y de cancer de cuello uterino",numero de personas que recibieron orientacion en anticoncepcion,2016-02-01,0,7,11,9,0,27
GUAYARAMERIN,"anticoncepcion, prevencion de its y de cancer de cuello uterino",numero de personas que recibieron orientacion en anticoncepcion,2016-02-01,8,74,220,60,17,379
GUTIERREZ,"anticoncepcion, prevencion de its y de cancer de cuello uterino",numero de personas que recibieron orientacion en anticoncepcion,2016-02-01,0,4,13,0,0,17
HUACARETA,"anticoncepcion, prevencion de its y de cancer de cuello uterino",numero de personas que recibieron orientacion en anticoncepcion,2016-02-01,0,6,34,12,0,52
HUACAYA (VILLA DE HUACAYA),"anticoncepcion, prevencion de its y de cancer de cuello uterino",numero de personas que recibieron orientacion en anticoncepcion,2016-02-01,0,3,13,2,0,18
HUANUNI,"anticoncepcion, prevencion de its y de cancer de cuello uterino",numero de personas que recibieron orientacion en anticoncepcion,2016-02-01,0,0,28,5,0,33
HUARACAJE,"anticoncepcion, prevencion de its y de cancer de cuello uterino",numero de personas que recibieron orientacion en anticoncepcion,2016-02-01,0,27,36,19,1,83
HUARINA,"anticoncepcion, prevencion de its y de cancer de cuello uterino",numero de personas que recibieron orientacion en anticoncepcion,2016-02-01,0,4,19,3,0,26
HUATAJATA,"anticoncepcion, prevencion de its y de cancer de cuello uterino",numero de personas que recibieron orientacion en anticoncepcion,2016-02-01,0,1,4,3,0,8
HUAYLLAMARCA,"anticoncepcion, prevencion de its y de cancer de cuello uterino",numero de personas que recibieron orientacion en anticoncepcion,2016-02-01,0,0,13,10,0,23
HUMANATA,"anticoncepcion, prevencion de its y de cancer de cuello uterino",numero de personas que recibieron orientacion en anticoncepcion,2016-02-01,0,0,3,2,0,5
ICHOCA,"anticoncepcion, prevencion de its y de cancer de cuello uterino",numero de personas que recibieron orientacion en anticoncepcion,2016-02-01,0,2,3,0,0,5
ICLA,"anticoncepcion, prevencion de its y de cancer de cuello uterino",numero de personas que recibieron orientacion en anticoncepcion,2016-02-01,0,3,7,3,0,13
INCAHUASI,"anticoncepcion, prevencion de its y de cancer de cuello uterino",numero de personas que recibieron orientacion en anticoncepcion,2016-02-01,0,4,24,11,0,39
INQUISIVI,"anticoncepcion, prevencion de its y de cancer de cuello uterino",numero de personas que recibieron orientacion en anticoncepcion,2016-02-01,0,7,13,6,0,26
IRUPANA (VILLA DE LANZA),"anticoncepcion, prevencion de its y de cancer de cuello uterino",numero de personas que recibieron orientacion en anticoncepcion,2016-02-01,0,8,27,3,1,39
IXIAMAS,"anticoncepcion, prevencion de its y de cancer de cuello uterino",numero de personas que recibieron orientacion en anticoncepcion,2016-02-01,1,1,15,1,0,18
JESUS DE MACHACA,"anticoncepcion, prevencion de its y de cancer de cuello uterino",numero de personas que recibieron orientacion en anticoncepcion,2016-02-01,0,3,18,12,4,37
LA ASUNTA,"anticoncepcion, prevencion de its y de cancer de cuello uterino",numero de personas que recibieron orientacion en anticoncepcion,2016-02-01,0,14,29,4,0,47
LA GUARDIA,"anticoncepcion, prevencion de its y de cancer de cuello uterino",numero de personas que recibieron orientacion en anticoncepcion,2016-02-01,4,52,207,53,2,318
LA PAZ,"anticoncepcion, prevencion de its y de cancer de cuello uterino",numero de personas que recibieron orientacion en anticoncepcion,2016-02-01,29,228,1488,401,52,2198
LAGUNILLAS,"anticoncepcion, prevencion de its y de cancer de cuello uterino",numero de personas que recibieron orientacion en anticoncepcion,2016-02-01,0,2,19,4,0,25
LAJA,"anticoncepcion, prevencion de its y de cancer de cuello uterino",numero de personas que recibieron orientacion en anticoncepcion,2016-02-01,0,5,24,8,1,38
LAS CARRERAS,"anticoncepcion, prevencion de its y de cancer de cuello uterino",numero de personas que recibieron orientacion en anticoncepcion,2016-02-01,0,1,3,4,0,8
LICOMA PAMPA,"anticoncepcion, prevencion de its y de cancer de cuello uterino",numero de personas que recibieron orientacion en anticoncepcion,2016-02-01,0,0,3,0,0,3
LLALLAGUA,"anticoncepcion, prevencion de its y de cancer de cuello uterino",numero de personas que recibieron orientacion en anticoncepcion,2016-02-01,2,83,184,51,3,323
LLICA,"anticoncepcion, prevencion de its y de cancer de cuello uterino",numero de personas que recibieron orientacion en anticoncepcion,2016-02-01,0,2,1,0,0,3
LORETO,"anticoncepcion, prevencion de its y de cancer de cuello uterino",numero de personas que recibieron orientacion en anticoncepcion,2016-02-01,0,2,6,4,0,12
LURIBAY,"anticoncepcion, prevencion de its y de cancer de cuello uterino",numero de personas que recibieron orientacion en anticoncepcion,2016-02-01,0,0,4,4,0,8
MACHACAMARCA,"anticoncepcion, prevencion de its y de cancer de cuello uterino",numero de personas que recibieron orientacion en anticoncepcion,2016-02-01,0,4,2,2,0,8
MACHARETI,"anticoncepcion, prevencion de its y de cancer de cuello uterino",numero de personas que recibieron orientacion en anticoncepcion,2016-02-01,1,16,23,5,1,46
MAGDALENA,"anticoncepcion, prevencion de its y de cancer de cuello uterino",numero de personas que recibieron orientacion en anticoncepcion,2016-02-01,1,9,47,5,0,62
MAIRANA,"anticoncepcion, prevencion de its y de cancer de cuello uterino",numero de personas que recibieron orientacion en anticoncepcion,2016-02-01,0,9,47,2,1,59
MALLA,"anticoncepcion, prevencion de its y de cancer de cuello uterino",numero de personas que recibieron orientacion en anticoncepcion,2016-02-01,0,0,2,1,0,3
MAPIRI,"anticoncepcion, prevencion de its y de cancer de cuello uterino",numero de personas que recibieron orientacion en anticoncepcion,2016-02-01,0,2,7,2,0,11
MECAPACA,"anticoncepcion, prevencion de its y de cancer de cuello uterino",numero de personas que recibieron orientacion en anticoncepcion,2016-02-01,0,3,21,10,0,34
MINEROS,"anticoncepcion, prevencion de its y de cancer de cuello uterino",numero de personas que recibieron orientacion en anticoncepcion,2016-02-01,0,14,90,22,6,132
MIZQUE,"anticoncepcion, prevencion de its y de cancer de cuello uterino",numero de personas que recibieron orientacion en anticoncepcion,2016-02-01,0,27,125,50,0,202
MOCOMOCO,"anticoncepcion, prevencion de its y de cancer de cuello uterino",numero de personas que recibieron orientacion en anticoncepcion,2016-02-01,0,1,16,8,3,28
MOJINETE,"anticoncepcion, prevencion de its y de cancer de cuello uterino",numero de personas que recibieron orientacion en anticoncepcion,2016-02-01,0,0,1,1,0,2
MOJOCOYA,"anticoncepcion, prevencion de its y de cancer de cuello uterino",numero de personas que recibieron orientacion en anticoncepcion,2016-02-01,0,7,20,12,1,40
MONTEAGUDO,"anticoncepcion, prevencion de its y de cancer de cuello uterino",numero de personas que recibieron orientacion en anticoncepcion,2016-02-01,0,27,75,42,2,146
MONTERO,"anticoncepcion, prevencion de its y de cancer de cuello uterino",numero de personas que recibieron orientacion en anticoncepcion,2016-02-01,0,82,300,103,9,494
MORO MORO,"anticoncepcion, prevencion de its y de cancer de cuello uterino",numero de personas que recibieron orientacion en anticoncepcion,2016-02-01,0,1,1,1,0,3
MOROCHATA,"anticoncepcion, prevencion de its y de cancer de cuello uterino",numero de personas que recibieron orientacion en anticoncepcion,2016-02-01,1,15,31,20,0,67
NACEBE (SANTA ROSA DEL ABUNA),"anticoncepcion, prevencion de its y de cancer de cuello uterino",numero de personas que recibieron orientacion en anticoncepcion,2016-02-01,0,10,15,1,1,27
NUEVO MANOA (NUEVA ESPERANZA),"anticoncepcion, prevencion de its y de cancer de cuello uterino",numero de personas que recibieron orientacion en anticoncepcion,2016-02-01,0,2,4,2,0,8
OCURI,"anticoncepcion, prevencion de its y de cancer de cuello uterino",numero de personas que recibieron orientacion en anticoncepcion,2016-02-01,0,7,34,12,0,53
OKINAWA,"anticoncepcion, prevencion de its y de cancer de cuello uterino",numero de personas que recibieron orientacion en anticoncepcion,2016-02-01,0,5,44,11,1,61
OMEREQUE,"anticoncepcion, prevencion de its y de cancer de cuello uterino",numero de personas que recibieron orientacion en anticoncepcion,2016-02-01,0,7,26,11,1,45
ORURO,"anticoncepcion, prevencion de its y de cancer de cuello uterino",numero de personas que recibieron orientacion en anticoncepcion,2016-02-01,0,110,858,275,29,1272
PADCAYA,"anticoncepcion, prevencion de its y de cancer de cuello uterino",numero de personas que recibieron orientacion en anticoncepcion,2016-02-01,0,14,75,39,1,129
PADILLA,"anticoncepcion, prevencion de its y de cancer de cuello uterino",numero de personas que recibieron orientacion en anticoncepcion,2016-02-01,0,14,48,13,1,76
PAILON,"anticoncepcion, prevencion de its y de cancer de cuello uterino",numero de personas que recibieron orientacion en anticoncepcion,2016-02-01,7,60,175,41,5,288
PALCA,"anticoncepcion, prevencion de its y de cancer de cuello uterino",numero de personas que recibieron orientacion en anticoncepcion,2016-02-01,0,10,50,22,3,85
PALOS BLANCOS,"anticoncepcion, prevencion de its y de cancer de cuello uterino",numero de personas que recibieron orientacion en anticoncepcion,2016-02-01,0,18,95,32,3,148
PAMPA AULLAGAS,"anticoncepcion, prevencion de its y de cancer de cuello uterino",numero de personas que recibieron orientacion en anticoncepcion,2016-02-01,0,1,3,7,0,11
PAMPA GRANDE,"anticoncepcion, prevencion de its y de cancer de cuello uterino",numero de personas que recibieron orientacion en anticoncepcion,2016-02-01,0,0,1,0,0,1
PAPEL PAMPA,"anticoncepcion, prevencion de its y de cancer de cuello uterino",numero de personas que recibieron orientacion en anticoncepcion,2016-02-01,0,1,8,1,0,10
PASORAPA,"anticoncepcion, prevencion de its y de cancer de cuello uterino",numero de personas que recibieron orientacion en anticoncepcion,2016-02-01,0,1,18,9,1,29
PATACAMAYA,"anticoncepcion, prevencion de its y de cancer de cuello uterino",numero de personas que recibieron orientacion en anticoncepcion,2016-02-01,0,1,7,4,0,12
PAZÑA,"anticoncepcion, prevencion de its y de cancer de cuello uterino",numero de personas que recibieron orientacion en anticoncepcion,2016-02-01,0,1,23,10,0,34
PELECHUCO,"anticoncepcion, prevencion de its y de cancer de cuello uterino",numero de personas que recibieron orientacion en anticoncepcion,2016-02-01,0,0,18,10,0,28
POCOATA,"anticoncepcion, prevencion de its y de cancer de cuello uterino",numero de personas que recibieron orientacion en anticoncepcion,2016-02-01,0,10,30,22,0,62
POCONA,"anticoncepcion, prevencion de its y de cancer de cuello uterino",numero de personas que recibieron orientacion en anticoncepcion,2016-02-01,1,12,64,33,0,110
POJO (CBBA),"anticoncepcion, prevencion de its y de cancer de cuello uterino",numero de personas que recibieron orientacion en anticoncepcion,2016-02-01,0,11,21,7,0,39
POOPO,"anticoncepcion, prevencion de its y de cancer de cuello uterino",numero de personas que recibieron orientacion en anticoncepcion,2016-02-01,0,0,2,0,0,2
PORCO,"anticoncepcion, prevencion de its y de cancer de cuello uterino",numero de personas que recibieron orientacion en anticoncepcion,2016-02-01,0,7,53,17,0,77
POROMA,"anticoncepcion, prevencion de its y de cancer de cuello uterino",numero de personas que recibieron orientacion en anticoncepcion,2016-02-01,33,54,2,0,0,89
PORONGO,"anticoncepcion, prevencion de its y de cancer de cuello uterino",numero de personas que recibieron orientacion en anticoncepcion,2016-02-01,0,3,19,10,1,33
PORTACHUELO,"anticoncepcion, prevencion de its y de cancer de cuello uterino",numero de personas que recibieron orientacion en anticoncepcion,2016-02-01,0,5,10,0,0,15
PORVENIR,"anticoncepcion, prevencion de its y de cancer de cuello uterino",numero de personas que recibieron orientacion en anticoncepcion,2016-02-01,0,0,0,1,0,1
POSTRER VALLE,"anticoncepcion, prevencion de its y de cancer de cuello uterino",numero de personas que recibieron orientacion en anticoncepcion,2016-02-01,0,1,2,0,0,3
POTOSI,"anticoncepcion, prevencion de its y de cancer de cuello uterino",numero de personas que recibieron orientacion en anticoncepcion,2016-02-01,8,44,297,115,2,466
PRESTO,"anticoncepcion, prevencion de its y de cancer de cuello uterino",numero de personas que recibieron orientacion en anticoncepcion,2016-02-01,0,9,48,24,1,82
PUCARA,"anticoncepcion, prevencion de its y de cancer de cuello uterino",numero de personas que recibieron orientacion en anticoncepcion,2016-02-01,0,0,0,1,0,1
PUCARANI,"anticoncepcion, prevencion de its y de cancer de cuello uterino",numero de personas que recibieron orientacion en anticoncepcion,2016-02-01,0,17,61,24,1,103
PUERTO ACOSTA,"anticoncepcion, prevencion de its y de cancer de cuello uterino",numero de personas que recibieron orientacion en anticoncepcion,2016-02-01,0,4,2,2,1,9
PUERTO CARABUCO,"anticoncepcion, prevencion de its y de cancer de cuello uterino",numero de personas que recibieron orientacion en anticoncepcion,2016-02-01,0,0,8,4,0,12
PUERTO GONZALO MORENO,"anticoncepcion, prevencion de its y de cancer de cuello uterino",numero de personas que recibieron orientacion en anticoncepcion,2016-02-01,0,7,8,1,0,16
PUERTO PEREZ,"anticoncepcion, prevencion de its y de cancer de cuello uterino",numero de personas que recibieron orientacion en anticoncepcion,2016-02-01,0,0,5,3,0,8
PUERTO QUIJARRO,"anticoncepcion, prevencion de its y de cancer de cuello uterino",numero de personas que recibieron orientacion en anticoncepcion,2016-02-01,0,0,25,2,0,27
PUERTO RICO,"anticoncepcion, prevencion de its y de cancer de cuello uterino",numero de personas que recibieron orientacion en anticoncepcion,2016-02-01,0,3,6,0,0,9
PUERTO SILES,"anticoncepcion, prevencion de its y de cancer de cuello uterino",numero de personas que recibieron orientacion en anticoncepcion,2016-02-01,0,0,3,1,0,4
PUERTO VILLARROEL,"anticoncepcion, prevencion de its y de cancer de cuello uterino",numero de personas que recibieron orientacion en anticoncepcion,2016-02-01,0,14,91,21,0,126
PUNA,"anticoncepcion, prevencion de its y de cancer de cuello uterino",numero de personas que recibieron orientacion en anticoncepcion,2016-02-01,0,14,39,26,4,83
PUNATA,"anticoncepcion, prevencion de its y de cancer de cuello uterino",numero de personas que recibieron orientacion en anticoncepcion,2016-02-01,0,6,37,15,0,58
QUILLACOLLO,"anticoncepcion, prevencion de its y de cancer de cuello uterino",numero de personas que recibieron orientacion en anticoncepcion,2016-02-01,2,287,1190,169,7,1655
QUIME,"anticoncepcion, prevencion de its y de cancer de cuello uterino",numero de personas que recibieron orientacion en anticoncepcion,2016-02-01,0,3,17,5,1,26
QUIRUSILLAS,"anticoncepcion, prevencion de its y de cancer de cuello uterino",numero de personas que recibieron orientacion en anticoncepcion,2016-02-01,0,2,1,0,0,3
RAVELO,"anticoncepcion, prevencion de its y de cancer de cuello uterino",numero de personas que recibieron orientacion en anticoncepcion,2016-02-01,1,8,49,31,0,89
REYES,"anticoncepcion, prevencion de its y de cancer de cuello uterino",numero de personas que recibieron orientacion en anticoncepcion,2016-02-01,4,37,71,7,0,119
RIBERALTA,"anticoncepcion, prevencion de its y de cancer de cuello uterino",numero de personas que recibieron orientacion en anticoncepcion,2016-02-01,57,296,872,129,11,1365
ROBORE,"anticoncepcion, prevencion de its y de cancer de cuello uterino",numero de personas que recibieron orientacion en anticoncepcion,2016-02-01,0,5,13,5,0,23
RURRENABAQUE,"anticoncepcion, prevencion de its y de cancer de cuello uterino",numero de personas que recibieron orientacion en anticoncepcion,2016-02-01,0,27,108,33,4,172
SABAYA,"anticoncepcion, prevencion de its y de cancer de cuello uterino",numero de personas que recibieron orientacion en anticoncepcion,2016-02-01,0,4,12,5,1,22
SACABA,"anticoncepcion, prevencion de its y de cancer de cuello uterino",numero de personas que recibieron orientacion en anticoncepcion,2016-02-01,183,286,532,156,0,1157
SACABAMBA,"anticoncepcion, prevencion de its y de cancer de cuello uterino",numero de personas que recibieron orientacion en anticoncepcion,2016-02-01,0,0,2,8,0,10
SACACA,"anticoncepcion, prevencion de its y de cancer de cuello uterino",numero de personas que recibieron orientacion en anticoncepcion,2016-02-01,0,14,76,31,1,122
SAIPINA,"anticoncepcion, prevencion de its y de cancer de cuello uterino",numero de personas que recibieron orientacion en anticoncepcion,2016-02-01,0,4,17,7,3,31
SALINAS DE GARCI MENDOZA,"anticoncepcion, prevencion de its y de cancer de cuello uterino",numero de personas que recibieron orientacion en anticoncepcion,2016-02-01,1,10,81,19,0,111
SAMAIPATA,"anticoncepcion, prevencion de its y de cancer de cuello uterino",numero de personas que recibieron orientacion en anticoncepcion,2016-02-01,1,10,26,6,0,43
SAN AGUSTIN,"anticoncepcion, prevencion de its y de cancer de cuello uterino",numero de personas que recibieron orientacion en anticoncepcion,2016-02-01,0,0,1,3,0,4
SAN ANDRES,"anticoncepcion, prevencion de its y de cancer de cuello uterino",numero de personas que recibieron orientacion en anticoncepcion,2016-02-01,0,19,64,19,1,103
SAN ANDRES DE MACHACA,"anticoncepcion, prevencion de its y de cancer de cuello uterino",numero de personas que recibieron orientacion en anticoncepcion,2016-02-01,0,4,0,1,0,5
SAN ANTONIO DE ESMORUCO,"anticoncepcion, prevencion de its y de cancer de cuello uterino",numero de personas que recibieron orientacion en anticoncepcion,2016-02-01,0,0,3,2,0,5
SAN ANTONIO DE LOMERIO,"anticoncepcion, prevencion de its y de cancer de cuello uterino",numero de personas que recibieron orientacion en anticoncepcion,2016-02-01,0,0,4,4,0,8
SAN BENITO,"anticoncepcion, prevencion de its y de cancer de cuello uterino",numero de personas que recibieron orientacion en anticoncepcion,2016-02-01,0,2,14,16,4,36
SAN BORJA,"anticoncepcion, prevencion de its y de cancer de cuello uterino",numero de personas que recibieron orientacion en anticoncepcion,2016-02-01,1,41,46,8,0,96
SAN BUENA VENTURA,"anticoncepcion, prevencion de its y de cancer de cuello uterino",numero de personas que recibieron orientacion en anticoncepcion,2016-02-01,0,7,21,9,0,37
SAN CARLOS,"anticoncepcion, prevencion de its y de cancer de cuello uterino",numero de personas que recibieron orientacion en anticoncepcion,2016-02-01,0,30,69,19,1,119
SAN IGNACIO,"anticoncepcion, prevencion de its y de cancer de cuello uterino",numero de personas que recibieron orientacion en anticoncepcion,2016-02-01,1,45,136,68,0,250
SAN IGNACIO DE VELASCO,"anticoncepcion, prevencion de its y de cancer de cuello uterino",numero de personas que recibieron orientacion en anticoncepcion,2016-02-01,76,204,176,61,1,518
SAN JAVIER(BNI),"anticoncepcion, prevencion de its y de cancer de cuello uterino",numero de personas que recibieron orientacion en anticoncepcion,2016-02-01,0,2,18,2,0,22
SAN JOAQUIN,"anticoncepcion, prevencion de its y de cancer de cuello uterino",numero de personas que recibieron orientacion en anticoncepcion,2016-02-01,0,4,5,2,0,11
SAN JOSE DE CHIQUITOS,"anticoncepcion, prevencion de its y de cancer de cuello uterino",numero de personas que recibieron orientacion en anticoncepcion,2016-02-01,1,17,57,19,2,96
SAN JUAN DE YAPACANI,"anticoncepcion, prevencion de its y de cancer de cuello uterino",numero de personas que recibieron orientacion en anticoncepcion,2016-02-01,3,13,30,9,0,55
SAN JULIAN,"anticoncepcion, prevencion de its y de cancer de cuello uterino",numero de personas que recibieron orientacion en anticoncepcion,2016-02-01,5,33,118,59,3,218
SAN LORENZO(PND),"anticoncepcion, prevencion de its y de cancer de cuello uterino",numero de personas que recibieron orientacion en anticoncepcion,2016-02-01,0,20,2,0,0,22
SAN LORENZO(TJA),"anticoncepcion, prevencion de its y de cancer de cuello uterino",numero de personas que recibieron orientacion en anticoncepcion,2016-02-01,1,4,28,12,0,45
SAN LUCAS,"anticoncepcion, prevencion de its y de cancer de cuello uterino",numero de personas que recibieron orientacion en anticoncepcion,2016-02-01,0,25,83,43,3,154
SAN MATIAS,"anticoncepcion, prevencion de its y de cancer de cuello uterino",numero de personas que recibieron orientacion en anticoncepcion,2016-02-01,0,5,50,6,0,61
SAN MIGUEL DE VELASCO,"anticoncepcion, prevencion de its y de cancer de cuello uterino",numero de personas que recibieron orientacion en anticoncepcion,2016-02-01,0,19,75,41,5,140
SAN PABLO DE LIPEZ,"anticoncepcion, prevencion de its y de cancer de cuello uterino",numero de personas que recibieron orientacion en anticoncepcion,2016-02-01,0,0,6,2,0,8
SAN PEDRO,"anticoncepcion, prevencion de its y de cancer de cuello uterino",numero de personas que recibieron orientacion en anticoncepcion,2016-02-01,0,7,38,20,5,70
SAN PEDRO DE BUENA VISTA,"anticoncepcion, prevencion de its y de cancer de cuello uterino",numero de personas que recibieron orientacion en anticoncepcion,2016-02-01,0,7,61,28,0,96
SAN PEDRO DE CURAHUARA,"anticoncepcion, prevencion de its y de cancer de cuello uterino",numero de personas que recibieron orientacion en anticoncepcion,2016-02-01,0,1,10,5,0,16
SAN PEDRO DE QUEMES,"anticoncepcion, prevencion de its y de cancer de cuello uterino",numero de personas que recibieron orientacion en anticoncepcion,2016-02-01,0,0,1,0,0,1
SAN PEDRO DE TIQUINA,"anticoncepcion, prevencion de its y de cancer de cuello uterino",numero de personas que recibieron orientacion en anticoncepcion,2016-02-01,0,2,13,5,0,20
SAN RAFAEL,"anticoncepcion, prevencion de its y de cancer de cuello uterino",numero de personas que recibieron orientacion en anticoncepcion,2016-02-01,0,18,97,36,1,152
SAN RAMON BENI,"anticoncepcion, prevencion de its y de cancer de cuello uterino",numero de personas que recibieron orientacion en anticoncepcion,2016-02-01,3,20,35,5,0,63
SAN RAMON SCZ,"anticoncepcion, prevencion de its y de cancer de cuello uterino",numero de personas que recibieron orientacion en anticoncepcion,2016-02-01,210,320,28,21,0,579
SANTA ANA,"anticoncepcion, prevencion de its y de cancer de cuello uterino",numero de personas que recibieron orientacion en anticoncepcion,2016-02-01,0,21,40,23,1,85
SANTA CRUZ DE LA SIERRA,"anticoncepcion, prevencion de its y de cancer de cuello uterino",numero de personas que recibieron orientacion en anticoncepcion,2016-02-01,145,641,1955,638,108,3487
SANTA ROSA,"anticoncepcion, prevencion de its y de cancer de cuello uterino",numero de personas que recibieron orientacion en anticoncepcion,2016-02-01,2,9,46,13,0,70
SANTA ROSA DEL SARA,"anticoncepcion, prevencion de its y de cancer de cuello uterino",numero de personas que recibieron orientacion en anticoncepcion,2016-02-01,0,3,15,3,0,21
SANTIAGO DE CALLAPA,"anticoncepcion, prevencion de its y de cancer de cuello uterino",numero de personas que recibieron orientacion en anticoncepcion,2016-02-01,0,0,2,8,0,10
SANTIAGO DE HUARI,"anticoncepcion, prevencion de its y de cancer de cuello uterino",numero de personas que recibieron orientacion en anticoncepcion,2016-02-01,0,5,46,7,0,58
SANTIAGO DE HUATA,"anticoncepcion, prevencion de its y de cancer de cuello uterino",numero de personas que recibieron orientacion en anticoncepcion,2016-02-01,0,2,10,3,0,15
SANTIAGO DE MACHACA,"anticoncepcion, prevencion de its y de cancer de cuello uterino",numero de personas que recibieron orientacion en anticoncepcion,2016-02-01,0,0,5,0,0,5
SANTIVAÑES,"anticoncepcion, prevencion de its y de cancer de cuello uterino",numero de personas que recibieron orientacion en anticoncepcion,2016-02-01,0,0,5,2,0,7
SANTUARIO DE QUILLACAS,"anticoncepcion, prevencion de its y de cancer de cuello uterino",numero de personas que recibieron orientacion en anticoncepcion,2016-02-01,0,2,16,8,1,27
SAPAHAQUI,"anticoncepcion, prevencion de its y de cancer de cuello uterino",numero de personas que recibieron orientacion en anticoncepcion,2016-02-01,0,4,19,6,0,29
SENA,"anticoncepcion, prevencion de its y de cancer de cuello uterino",numero de personas que recibieron orientacion en anticoncepcion,2016-02-01,0,3,4,2,0,9
SHINAOTA,"anticoncepcion, prevencion de its y de cancer de cuello uterino",numero de personas que recibieron orientacion en anticoncepcion,2016-02-01,0,1,25,12,1,39
SICA SICA (VILLA AROMA),"anticoncepcion, prevencion de its y de cancer de cuello uterino",numero de personas que recibieron orientacion en anticoncepcion,2016-02-01,1,8,46,32,1,88
SICAYA,"anticoncepcion, prevencion de its y de cancer de cuello uterino",numero de personas que recibieron orientacion en anticoncepcion,2016-02-01,0,2,16,10,0,28
SIPE SIPE,"anticoncepcion, prevencion de its y de cancer de cuello uterino",numero de personas que recibieron orientacion en anticoncepcion,2016-02-01,0,28,127,36,1,192
SOPACHUY,"anticoncepcion, prevencion de its y de cancer de cuello uterino",numero de personas que recibieron orientacion en anticoncepcion,2016-02-01,1,9,19,7,0,36
SORACACHI,"anticoncepcion, prevencion de its y de cancer de cuello uterino",numero de personas que recibieron orientacion en anticoncepcion,2016-02-01,1,3,20,12,0,36
SORATA,"anticoncepcion, prevencion de its y de cancer de cuello uterino",numero de personas que recibieron orientacion en anticoncepcion,2016-02-01,0,4,19,11,0,34
SUCRE,"anticoncepcion, prevencion de its y de cancer de cuello uterino",numero de personas que recibieron orientacion en anticoncepcion,2016-02-01,29,428,2065,477,23,3022
TACACHI,"anticoncepcion, prevencion de its y de cancer de cuello uterino",numero de personas que recibieron orientacion en anticoncepcion,2016-02-01,0,1,1,0,0,2
TACACOMA,"anticoncepcion, prevencion de its y de cancer de cuello uterino",numero de personas que recibieron orientacion en anticoncepcion,2016-02-01,0,0,9,1,0,10
TACOPAYA,"anticoncepcion, prevencion de its y de cancer de cuello uterino",numero de personas que recibieron orientacion en anticoncepcion,2016-02-01,1,1,10,15,0,27
TAHUA,"anticoncepcion, prevencion de its y de cancer de cuello uterino",numero de personas que recibieron orientacion en anticoncepcion,2016-02-01,0,0,1,0,0,1
TAPACARI,"anticoncepcion, prevencion de its y de cancer de cuello uterino",numero de personas que recibieron orientacion en anticoncepcion,2016-02-01,0,6,19,6,0,31
TARABUCO,"anticoncepcion, prevencion de its y de cancer de cuello uterino",numero de personas que recibieron orientacion en anticoncepcion,2016-02-01,0,19,57,35,3,114
TARACO,"anticoncepcion, prevencion de its y de cancer de cuello uterino",numero de personas que recibieron orientacion en anticoncepcion,2016-02-01,0,1,5,2,0,8
TARATA,"anticoncepcion, prevencion de its y de cancer de cuello uterino",numero de personas que recibieron orientacion en anticoncepcion,2016-02-01,0,4,27,5,0,36
TARIJA,"anticoncepcion, prevencion de its y de cancer de cuello uterino",numero de personas que recibieron orientacion en anticoncepcion,2016-02-01,3,163,532,435,4,1137
TARVITA,"anticoncepcion, prevencion de its y de cancer de cuello uterino",numero de personas que recibieron orientacion en anticoncepcion,2016-02-01,0,6,24,14,2,46
TEOPONTE,"anticoncepcion, prevencion de its y de cancer de cuello uterino",numero de personas que recibieron orientacion en anticoncepcion,2016-02-01,1,8,21,9,0,39
TIAWANACU,"anticoncepcion, prevencion de its y de cancer de cuello uterino",numero de personas que recibieron orientacion en anticoncepcion,2016-02-01,0,18,22,7,0,47
TINGUIPAYA,"anticoncepcion, prevencion de its y de cancer de cuello uterino",numero de personas que recibieron orientacion en anticoncepcion,2016-02-01,0,1,22,14,0,37
TIPUANI,"anticoncepcion, prevencion de its y de cancer de cuello uterino",numero de personas que recibieron orientacion en anticoncepcion,2016-02-01,0,1,9,10,1,21
TIQUIPAYA,"anticoncepcion, prevencion de its y de cancer de cuello uterino",numero de personas que recibieron orientacion en anticoncepcion,2016-02-01,13,21,105,44,0,183
TIRAQUE (CBBA),"anticoncepcion, prevencion de its y de cancer de cuello uterino",numero de personas que recibieron orientacion en anticoncepcion,2016-02-01,0,4,22,11,0,37
TITO YUPANQUI (PARQUIPUJIO),"anticoncepcion, prevencion de its y de cancer de cuello uterino",numero de personas que recibieron orientacion en anticoncepcion,2016-02-01,0,0,2,5,0,7
TOCO,"anticoncepcion, prevencion de its y de cancer de cuello uterino",numero de personas que recibieron orientacion en anticoncepcion,2016-02-01,0,4,23,7,4,38
TODOS SANTOS,"anticoncepcion, prevencion de its y de cancer de cuello uterino",numero de personas que recibieron orientacion en anticoncepcion,2016-02-01,0,0,1,0,0,1
TOLATA,"anticoncepcion, prevencion de its y de cancer de cuello uterino",numero de personas que recibieron orientacion en anticoncepcion,2016-02-01,0,7,17,12,1,37
TOLEDO,"anticoncepcion, prevencion de its y de cancer de cuello uterino",numero de personas que recibieron orientacion en anticoncepcion,2016-02-01,0,0,11,2,0,13
TOMAVE,"anticoncepcion, prevencion de its y de cancer de cuello uterino",numero de personas que recibieron orientacion en anticoncepcion,2016-02-01,1,4,5,3,0,13
TOMINA,"anticoncepcion, prevencion de its y de cancer de cuello uterino",numero de personas que recibieron orientacion en anticoncepcion,2016-02-01,1,27,19,6,0,53
TORO TORO,"anticoncepcion, prevencion de its y de cancer de cuello uterino",numero de personas que recibieron orientacion en anticoncepcion,2016-02-01,2,21,77,26,4,130
TOTORA(CBBA),"anticoncepcion, prevencion de its y de cancer de cuello uterino",numero de personas que recibieron orientacion en anticoncepcion,2016-02-01,4,53,127,40,1,225
TOTORA(ORR),"anticoncepcion, prevencion de its y de cancer de cuello uterino",numero de personas que recibieron orientacion en anticoncepcion,2016-02-01,0,6,24,13,6,49
TRIGAL,"anticoncepcion, prevencion de its y de cancer de cuello uterino",numero de personas que recibieron orientacion en anticoncepcion,2016-02-01,1,1,0,0,0,2
TRINIDAD,"anticoncepcion, prevencion de its y de cancer de cuello uterino",numero de personas que recibieron orientacion en anticoncepcion,2016-02-01,25,290,1060,308,86,1769
TUPIZA,"anticoncepcion, prevencion de its y de cancer de cuello uterino",numero de personas que recibieron orientacion en anticoncepcion,2016-02-01,0,13,81,40,7,141
TURCO,"anticoncepcion, prevencion de its y de cancer de cuello uterino",numero de personas que recibieron orientacion en anticoncepcion,2016-02-01,0,1,18,16,0,35
UMALA,"anticoncepcion, prevencion de its y de cancer de cuello uterino",numero de personas que recibieron orientacion en anticoncepcion,2016-02-01,0,2,24,8,0,34
UNCIA,"anticoncepcion, prevencion de its y de cancer de cuello uterino",numero de personas que recibieron orientacion en anticoncepcion,2016-02-01,0,2,29,5,0,36
URIONDO (A. CONCEPCION),"anticoncepcion, prevencion de its y de cancer de cuello uterino",numero de personas que recibieron orientacion en anticoncepcion,2016-02-01,0,8,41,18,1,68
URUBICHA,"anticoncepcion, prevencion de its y de cancer de cuello uterino",numero de personas que recibieron orientacion en anticoncepcion,2016-02-01,0,6,31,7,0,44
UYUNI,"anticoncepcion, prevencion de its y de cancer de cuello uterino",numero de personas que recibieron orientacion en anticoncepcion,2016-02-01,0,16,44,8,0,68
VACAS,"anticoncepcion, prevencion de its y de cancer de cuello uterino",numero de personas que recibieron orientacion en anticoncepcion,2016-02-01,1,10,25,18,0,54
VALLEGRANDE,"anticoncepcion, prevencion de its y de cancer de cuello uterino",numero de personas que recibieron orientacion en anticoncepcion,2016-02-01,0,3,8,4,0,15
VIACHA,"anticoncepcion, prevencion de its y de cancer de cuello uterino",numero de personas que recibieron orientacion en anticoncepcion,2016-02-01,0,18,177,58,16,269
VILA VILA,"anticoncepcion, prevencion de its y de cancer de cuello uterino",numero de personas que recibieron orientacion en anticoncepcion,2016-02-01,0,5,7,5,0,17
VILLA CHARCAS,"anticoncepcion, prevencion de its y de cancer de cuello uterino",numero de personas que recibieron orientacion en anticoncepcion,2016-02-01,0,6,13,3,0,22
VILLA MONTES,"anticoncepcion, prevencion de its y de cancer de cuello uterino",numero de personas que recibieron orientacion en anticoncepcion,2016-02-01,0,7,19,5,0,31
VILLA NUEVA (LOMA ALTA),"anticoncepcion, prevencion de its y de cancer de cuello uterino",numero de personas que recibieron orientacion en anticoncepcion,2016-02-01,1,2,4,1,0,8
VILLA RIVERO,"anticoncepcion, prevencion de its y de cancer de cuello uterino",numero de personas que recibieron orientacion en anticoncepcion,2016-02-01,0,4,18,7,0,29
VILLA SERRANO,"anticoncepcion, prevencion de its y de cancer de cuello uterino",numero de personas que recibieron orientacion en anticoncepcion,2016-02-01,0,7,21,13,2,43
VILLA TUNARI,"anticoncepcion, prevencion de its y de cancer de cuello uterino",numero de personas que recibieron orientacion en anticoncepcion,2016-02-01,3,37,181,46,2,269
VILLA VACA GUZMAN (MUYUPAMPA),"anticoncepcion, prevencion de its y de cancer de cuello uterino",numero de personas que recibieron orientacion en anticoncepcion,2016-02-01,6,32,25,7,1,71
VILLAZON,"anticoncepcion, prevencion de its y de cancer de cuello uterino",numero de personas que recibieron orientacion en anticoncepcion,2016-02-01,0,3,40,10,3,56
VINTO,"anticoncepcion, prevencion de its y de cancer de cuello uterino",numero de personas que recibieron orientacion en anticoncepcion,2016-02-01,11,118,344,84,1,558
VITICHI,"anticoncepcion, prevencion de its y de cancer de cuello uterino",numero de personas que recibieron orientacion en anticoncepcion,2016-02-01,0,4,14,8,0,26
WALDO BALLIVIAN,"anticoncepcion, prevencion de its y de cancer de cuello uterino",numero de personas que recibieron orientacion en anticoncepcion,2016-02-01,0,0,0,1,0,1
WARNES,"anticoncepcion, prevencion de its y de cancer de cuello uterino",numero de personas que recibieron orientacion en anticoncepcion,2016-02-01,1,44,171,69,8,293
YACO,"anticoncepcion, prevencion de its y de cancer de cuello uterino",numero de personas que recibieron orientacion en anticoncepcion,2016-02-01,0,3,3,1,0,7
YACUIBA,"anticoncepcion, prevencion de its y de cancer de cuello uterino",numero de personas que recibieron orientacion en anticoncepcion,2016-02-01,2,54,336,154,25,571
YAMPARAEZ,"anticoncepcion, prevencion de its y de cancer de cuello uterino",numero de personas que recibieron orientacion en anticoncepcion,2016-02-01,12,43,31,14,2,102
YANACACHI,"anticoncepcion, prevencion de its y de cancer de cuello uterino",numero de personas que recibieron orientacion en anticoncepcion,2016-02-01,0,1,6,2,0,9
YAPACANI,"anticoncepcion, prevencion de its y de cancer de cuello uterino",numero de personas que recibieron orientacion en anticoncepcion,2016-02-01,6,28,63,13,2,112
YOCALLA,"anticoncepcion, prevencion de its y de cancer de cuello uterino",numero de personas que recibieron orientacion en anticoncepcion,2016-02-01,0,0,5,1,0,6
YOTALA,"anticoncepcion, prevencion de its y de cancer de cuello uterino",numero de personas que recibieron orientacion en anticoncepcion,2016-02-01,28,33,23,23,0,107
YUNCHARA,"anticoncepcion, prevencion de its y de cancer de cuello uterino",numero de personas que recibieron orientacion en anticoncepcion,2016-02-01,0,7,12,12,0,31
YUNGUYO DE LITORAL,"anticoncepcion, prevencion de its y de cancer de cuello uterino",numero de personas que recibieron orientacion en anticoncepcion,2016-02-01,0,1,0,0,0,1
ZUDAÑEZ,"anticoncepcion, prevencion de its y de cancer de cuello uterino",numero de personas que recibieron orientacion en anticoncepcion,2016-02-01,0,7,21,5,0,33
ACACIO,"anticoncepcion, prevencion de its y de cancer de cuello uterino",numero de personas que recibieron orientacion en anticoncepcion,2016-03-01,0,2,12,5,0,19
ACHACACHI,"anticoncepcion, prevencion de its y de cancer de cuello uterino",numero de personas que recibieron orientacion en anticoncepcion,2016-03-01,0,5,57,21,9,92
ACHOCALLA,"anticoncepcion, prevencion de its y de cancer de cuello uterino",numero de personas que recibieron orientacion en anticoncepcion,2016-03-01,0,9,77,34,2,122
AIQUILE,"anticoncepcion, prevencion de its y de cancer de cuello uterino",numero de personas que recibieron orientacion en anticoncepcion,2016-03-01,0,4,75,25,0,104
ALALAY,"anticoncepcion, prevencion de its y de cancer de cuello uterino",numero de personas que recibieron orientacion en anticoncepcion,2016-03-01,0,8,14,8,0,30
ALCALA,"anticoncepcion, prevencion de its y de cancer de cuello uterino",numero de personas que recibieron orientacion en anticoncepcion,2016-03-01,1,9,28,25,8,71
ALTO BENI,"anticoncepcion, prevencion de its y de cancer de cuello uterino",numero de personas que recibieron orientacion en anticoncepcion,2016-03-01,0,4,16,6,1,27
ANCORAIMES,"anticoncepcion, prevencion de its y de cancer de cuello uterino",numero de personas que recibieron orientacion en anticoncepcion,2016-03-01,0,5,18,6,0,29
ANDAMARCA,"anticoncepcion, prevencion de its y de cancer de cuello uterino",numero de personas que recibieron orientacion en anticoncepcion,2016-03-01,0,4,14,7,3,28
ANTEQUERA,"anticoncepcion, prevencion de its y de cancer de cuello uterino",numero de personas que recibieron orientacion en anticoncepcion,2016-03-01,0,1,12,3,0,16
ANZALDO,"anticoncepcion, prevencion de its y de cancer de cuello uterino",numero de personas que recibieron orientacion en anticoncepcion,2016-03-01,0,5,9,4,0,18
APOLO,"anticoncepcion, prevencion de its y de cancer de cuello uterino",numero de personas que recibieron orientacion en anticoncepcion,2016-03-01,0,3,41,26,7,77
ARAMPAMPA,"anticoncepcion, prevencion de its y de cancer de cuello uterino",numero de personas que recibieron orientacion en anticoncepcion,2016-03-01,0,0,14,5,0,19
ARANI,"anticoncepcion, prevencion de its y de cancer de cuello uterino",numero de personas que recibieron orientacion en anticoncepcion,2016-03-01,0,3,22,10,0,35
ARBIETO,"anticoncepcion, prevencion de its y de cancer de cuello uterino",numero de personas que recibieron orientacion en anticoncepcion,2016-03-01,0,33,135,43,3,214
ARQUE,"anticoncepcion, prevencion de its y de cancer de cuello uterino",numero de personas que recibieron orientacion en anticoncepcion,2016-03-01,0,5,20,20,0,45
ASCENCION DE GUARAYOS,"anticoncepcion, prevencion de its y de cancer de cuello uterino",numero de personas que recibieron orientacion en anticoncepcion,2016-03-01,0,14,39,15,0,68
ATOCHA,"anticoncepcion, prevencion de its y de cancer de cuello uterino",numero de personas que recibieron orientacion en anticoncepcion,2016-03-01,0,6,47,20,0,73
AUCAPATA,"anticoncepcion, prevencion de its y de cancer de cuello uterino",numero de personas que recibieron orientacion en anticoncepcion,2016-03-01,0,0,5,3,1,9
AYATA,"anticoncepcion, prevencion de its y de cancer de cuello uterino",numero de personas que recibieron orientacion en anticoncepcion,2016-03-01,0,3,7,14,2,26
AYO AYO,"anticoncepcion, prevencion de its y de cancer de cuello uterino",numero de personas que recibieron orientacion en anticoncepcion,2016-03-01,0,0,7,1,2,10
AYOPAYA (V. DE INDEPENDENCIA),"anticoncepcion, prevencion de its y de cancer de cuello uterino",numero de personas que recibieron orientacion en anticoncepcion,2016-03-01,0,10,91,45,2,148
AZURDUY,"anticoncepcion, prevencion de its y de cancer de cuello uterino",numero de personas que recibieron orientacion en anticoncepcion,2016-03-01,41,49,92,52,17,251
BATALLAS,"anticoncepcion, prevencion de its y de cancer de cuello uterino",numero de personas que recibieron orientacion en anticoncepcion,2016-03-01,0,5,14,18,1,38
BAURES,"anticoncepcion, prevencion de its y de cancer de cuello uterino",numero de personas que recibieron orientacion en anticoncepcion,2016-03-01,0,5,9,6,0,20
BELEN DE ANDAMARCA,"anticoncepcion, prevencion de its y de cancer de cuello uterino",numero de personas que recibieron orientacion en anticoncepcion,2016-03-01,0,3,12,6,4,25
BELEN DE URMIRI,"anticoncepcion, prevencion de its y de cancer de cuello uterino",numero de personas que recibieron orientacion en anticoncepcion,2016-03-01,0,0,5,1,0,6
BELLA FLOR,"anticoncepcion, prevencion de its y de cancer de cuello uterino",numero de personas que recibieron orientacion en anticoncepcion,2016-03-01,1,1,6,2,0,10
BERMEJO,"anticoncepcion, prevencion de its y de cancer de cuello uterino",numero de personas que recibieron orientacion en anticoncepcion,2016-03-01,0,39,289,99,12,439
BETANZOS,"anticoncepcion, prevencion de its y de cancer de cuello uterino",numero de personas que recibieron orientacion en anticoncepcion,2016-03-01,0,11,44,27,1,83
BOLIVAR,"anticoncepcion, prevencion de its y de cancer de cuello uterino",numero de personas que recibieron orientacion en anticoncepcion,2016-03-01,0,1,9,3,0,13
BOLPEBRA,"anticoncepcion, prevencion de its y de cancer de cuello uterino",numero de personas que recibieron orientacion en anticoncepcion,2016-03-01,0,0,1,0,0,1
BOYUIBE,"anticoncepcion, prevencion de its y de cancer de cuello uterino",numero de personas que recibieron orientacion en anticoncepcion,2016-03-01,0,0,3,1,0,4
BUENA VISTA,"anticoncepcion, prevencion de its y de cancer de cuello uterino",numero de personas que recibieron orientacion en anticoncepcion,2016-03-01,1,16,27,13,0,57
CABEZAS,"anticoncepcion, prevencion de its y de cancer de cuello uterino",numero de personas que recibieron orientacion en anticoncepcion,2016-03-01,0,8,35,14,0,57
CAIROMA,"anticoncepcion, prevencion de its y de cancer de cuello uterino",numero de personas que recibieron orientacion en anticoncepcion,2016-03-01,0,1,7,3,0,11
"CAIZA ""D""","anticoncepcion, prevencion de its y de cancer de cuello uterino",numero de personas que recibieron orientacion en anticoncepcion,2016-03-01,0,9,55,21,0,85
CAJUATA,"anticoncepcion, prevencion de its y de cancer de cuello uterino",numero de personas que recibieron orientacion en anticoncepcion,2016-03-01,1,7,26,2,1,37
CALACOTO,"anticoncepcion, prevencion de its y de cancer de cuello uterino",numero de personas que recibieron orientacion en anticoncepcion,2016-03-01,0,1,2,0,0,3
CALAMARCA,"anticoncepcion, prevencion de its y de cancer de cuello uterino",numero de personas que recibieron orientacion en anticoncepcion,2016-03-01,0,8,28,3,0,39
CAMARGO,"anticoncepcion, prevencion de its y de cancer de cuello uterino",numero de personas que recibieron orientacion en anticoncepcion,2016-03-01,3,14,41,31,2,91
CAMATAQUI (C. VILLA ABECIA),"anticoncepcion, prevencion de its y de cancer de cuello uterino",numero de personas que recibieron orientacion en anticoncepcion,2016-03-01,0,0,11,1,0,12
CAMIRI,"anticoncepcion, prevencion de its y de cancer de cuello uterino",numero de personas que recibieron orientacion en anticoncepcion,2016-03-01,1,22,71,13,0,107
CAPINOTA,"anticoncepcion, prevencion de its y de cancer de cuello uterino",numero de personas que recibieron orientacion en anticoncepcion,2016-03-01,0,7,23,10,0,40
CAQUIAVIRI,"anticoncepcion, prevencion de its y de cancer de cuello uterino",numero de personas que recibieron orientacion en anticoncepcion,2016-03-01,0,0,3,0,0,3
CARACOLLO,"anticoncepcion, prevencion de its y de cancer de cuello uterino",numero de personas que recibieron orientacion en anticoncepcion,2016-03-01,0,9,29,6,0,44
CARANAVI,"anticoncepcion, prevencion de its y de cancer de cuello uterino",numero de personas que recibieron orientacion en anticoncepcion,2016-03-01,0,28,205,96,24,353
CARANGAS,"anticoncepcion, prevencion de its y de cancer de cuello uterino",numero de personas que recibieron orientacion en anticoncepcion,2016-03-01,0,0,0,1,0,1
CARAPARI,"anticoncepcion, prevencion de its y de cancer de cuello uterino",numero de personas que recibieron orientacion en anticoncepcion,2016-03-01,0,4,33,10,0,47
CARIPUYO,"anticoncepcion, prevencion de its y de cancer de cuello uterino",numero de personas que recibieron orientacion en anticoncepcion,2016-03-01,0,1,12,4,0,17
CARMEN RIVERO TORREZ,"anticoncepcion, prevencion de its y de cancer de cuello uterino",numero de personas que recibieron orientacion en anticoncepcion,2016-03-01,1,5,12,5,0,23
CATACORA,"anticoncepcion, prevencion de its y de cancer de cuello uterino",numero de personas que recibieron orientacion en anticoncepcion,2016-03-01,0,0,1,0,0,1
CHACARILLA,"anticoncepcion, prevencion de its y de cancer de cuello uterino",numero de personas que recibieron orientacion en anticoncepcion,2016-03-01,0,0,2,0,0,2
CHALLAPATA,"anticoncepcion, prevencion de its y de cancer de cuello uterino",numero de personas que recibieron orientacion en anticoncepcion,2016-03-01,0,26,133,41,1,201
CHAQUI,"anticoncepcion, prevencion de its y de cancer de cuello uterino",numero de personas que recibieron orientacion en anticoncepcion,2016-03-01,3,25,46,22,2,98
CHARAGUA,"anticoncepcion, prevencion de its y de cancer de cuello uterino",numero de personas que recibieron orientacion en anticoncepcion,2016-03-01,0,5,41,13,0,59
CHARAÑA,"anticoncepcion, prevencion de its y de cancer de cuello uterino",numero de personas que recibieron orientacion en anticoncepcion,2016-03-01,0,0,3,1,0,4
CHAYANTA,"anticoncepcion, prevencion de its y de cancer de cuello uterino",numero de personas que recibieron orientacion en anticoncepcion,2016-03-01,1,11,20,6,0,38
CHIMORE,"anticoncepcion, prevencion de its y de cancer de cuello uterino",numero de personas que recibieron orientacion en anticoncepcion,2016-03-01,2,19,98,35,0,154
CHIPAYA,"anticoncepcion, prevencion de its y de cancer de cuello uterino",numero de personas que recibieron orientacion en anticoncepcion,2016-03-01,0,2,2,0,0,4
CHOQUE COTA,"anticoncepcion, prevencion de its y de cancer de cuello uterino",numero de personas que recibieron orientacion en anticoncepcion,2016-03-01,0,9,14,13,2,38
CHUA COCANI,"anticoncepcion, prevencion de its y de cancer de cuello uterino",numero de personas que recibieron orientacion en anticoncepcion,2016-03-01,0,2,5,3,0,10
CHULUMANI (V. DE LA LIBERTAD),"anticoncepcion, prevencion de its y de cancer de cuello uterino",numero de personas que recibieron orientacion en anticoncepcion,2016-03-01,0,10,41,15,3,69
CHUMA,"anticoncepcion, prevencion de its y de cancer de cuello uterino",numero de personas que recibieron orientacion en anticoncepcion,2016-03-01,0,4,14,8,3,29
CHUQUIHUTA AYLLU JUCUMANI,"anticoncepcion, prevencion de its y de cancer de cuello uterino",numero de personas que recibieron orientacion en anticoncepcion,2016-03-01,0,3,22,8,1,34
CKOCHAS,"anticoncepcion, prevencion de its y de cancer de cuello uterino",numero de personas que recibieron orientacion en anticoncepcion,2016-03-01,1,9,35,18,3,66
CLIZA,"anticoncepcion, prevencion de its y de cancer de cuello uterino",numero de personas que recibieron orientacion en anticoncepcion,2016-03-01,0,15,70,24,1,110
COBIJA,"anticoncepcion, prevencion de its y de cancer de cuello uterino",numero de personas que recibieron orientacion en anticoncepcion,2016-03-01,3,51,207,72,10,343
COCAPATA,"anticoncepcion, prevencion de its y de cancer de cuello uterino",numero de personas que recibieron orientacion en anticoncepcion,2016-03-01,0,26,66,27,2,121
COCHABAMBA,"anticoncepcion, prevencion de its y de cancer de cuello uterino",numero de personas que recibieron orientacion en anticoncepcion,2016-03-01,39,655,2860,749,29,4332
COIPASA,"anticoncepcion, prevencion de its y de cancer de cuello uterino",numero de personas que recibieron orientacion en anticoncepcion,2016-03-01,0,0,5,1,0,6
COLCAPIRHUA,"anticoncepcion, prevencion de its y de cancer de cuello uterino",numero de personas que recibieron orientacion en anticoncepcion,2016-03-01,3,86,475,123,6,693
"COLCHA ""K""","anticoncepcion, prevencion de its y de cancer de cuello uterino",numero de personas que recibieron orientacion en anticoncepcion,2016-03-01,0,7,12,2,0,21
COLLANA,"anticoncepcion, prevencion de its y de cancer de cuello uterino",numero de personas que recibieron orientacion en anticoncepcion,2016-03-01,0,3,2,1,1,7
COLOMI,"anticoncepcion, prevencion de its y de cancer de cuello uterino",numero de personas que recibieron orientacion en anticoncepcion,2016-03-01,1,18,65,9,0,93
COLPA BELGICA,"anticoncepcion, prevencion de its y de cancer de cuello uterino",numero de personas que recibieron orientacion en anticoncepcion,2016-03-01,1,6,9,2,0,18
COLQUECHACA,"anticoncepcion, prevencion de its y de cancer de cuello uterino",numero de personas que recibieron orientacion en anticoncepcion,2016-03-01,0,6,19,11,0,36
COLQUENCHA,"anticoncepcion, prevencion de its y de cancer de cuello uterino",numero de personas que recibieron orientacion en anticoncepcion,2016-03-01,0,0,4,1,0,5
COLQUIRI,"anticoncepcion, prevencion de its y de cancer de cuello uterino",numero de personas que recibieron orientacion en anticoncepcion,2016-03-01,0,5,41,11,2,59
COMANCHE,"anticoncepcion, prevencion de its y de cancer de cuello uterino",numero de personas que recibieron orientacion en anticoncepcion,2016-03-01,0,0,4,0,0,4
COMARAPA,"anticoncepcion, prevencion de its y de cancer de cuello uterino",numero de personas que recibieron orientacion en anticoncepcion,2016-03-01,0,15,33,8,0,56
COMBAYA,"anticoncepcion, prevencion de its y de cancer de cuello uterino",numero de personas que recibieron orientacion en anticoncepcion,2016-03-01,0,2,6,6,1,15
CONCEPCION,"anticoncepcion, prevencion de its y de cancer de cuello uterino",numero de personas que recibieron orientacion en anticoncepcion,2016-03-01,0,4,15,6,0,25
COPACABANA,"anticoncepcion, prevencion de its y de cancer de cuello uterino",numero de personas que recibieron orientacion en anticoncepcion,2016-03-01,0,0,14,11,1,26
CORIPATA,"anticoncepcion, prevencion de its y de cancer de cuello uterino",numero de personas que recibieron orientacion en anticoncepcion,2016-03-01,0,3,20,8,0,31
CORO CORO,"anticoncepcion, prevencion de its y de cancer de cuello uterino",numero de personas que recibieron orientacion en anticoncepcion,2016-03-01,0,0,3,1,0,4
COROICO,"anticoncepcion, prevencion de its y de cancer de cuello uterino",numero de personas que recibieron orientacion en anticoncepcion,2016-03-01,0,1,5,6,0,12
CORQUE,"anticoncepcion, prevencion de its y de cancer de cuello uterino",numero de personas que recibieron orientacion en anticoncepcion,2016-03-01,0,3,17,12,1,33
COTAGAITA,"anticoncepcion, prevencion de its y de cancer de cuello uterino",numero de personas que recibieron orientacion en anticoncepcion,2016-03-01,3,9,101,68,4,185
COTOCA,"anticoncepcion, prevencion de its y de cancer de cuello uterino",numero de personas que recibieron orientacion en anticoncepcion,2016-03-01,0,29,62,15,1,107
CRUZ DE MACHACAMARCA,"anticoncepcion, prevencion de its y de cancer de cuello uterino",numero de personas que recibieron orientacion en anticoncepcion,2016-03-01,0,1,3,0,0,4
CUATRO CAÑADAS,"anticoncepcion, prevencion de its y de cancer de cuello uterino",numero de personas que recibieron orientacion en anticoncepcion,2016-03-01,3,7,11,5,0,26
CUCHUMUELA (V. G. VILLARROEL),"anticoncepcion, prevencion de its y de cancer de cuello uterino",numero de personas que recibieron orientacion en anticoncepcion,2016-03-01,0,3,2,2,0,7
CUEVO,"anticoncepcion, prevencion de its y de cancer de cuello uterino",numero de personas que recibieron orientacion en anticoncepcion,2016-03-01,0,1,3,2,0,6
CULPINA,"anticoncepcion, prevencion de its y de cancer de cuello uterino",numero de personas que recibieron orientacion en anticoncepcion,2016-03-01,1,14,61,38,2,116
CURAHUARA DE CARANGAS,"anticoncepcion, prevencion de its y de cancer de cuello uterino",numero de personas que recibieron orientacion en anticoncepcion,2016-03-01,0,6,19,14,1,40
CURVA,"anticoncepcion, prevencion de its y de cancer de cuello uterino",numero de personas que recibieron orientacion en anticoncepcion,2016-03-01,0,1,5,1,0,7
DESAGUADERO,"anticoncepcion, prevencion de its y de cancer de cuello uterino",numero de personas que recibieron orientacion en anticoncepcion,2016-03-01,0,1,8,4,0,13
EL ALTO,"anticoncepcion, prevencion de its y de cancer de cuello uterino",numero de personas que recibieron orientacion en anticoncepcion,2016-03-01,4,388,2414,1162,175,4143
EL CHORO,"anticoncepcion, prevencion de its y de cancer de cuello uterino",numero de personas que recibieron orientacion en anticoncepcion,2016-03-01,0,0,3,2,0,5
EL PUENTE(STC),"anticoncepcion, prevencion de its y de cancer de cuello uterino",numero de personas que recibieron orientacion en anticoncepcion,2016-03-01,4,13,31,12,0,60
EL PUENTE(TJA),"anticoncepcion, prevencion de its y de cancer de cuello uterino",numero de personas que recibieron orientacion en anticoncepcion,2016-03-01,0,2,21,18,1,42
EL TORNO,"anticoncepcion, prevencion de its y de cancer de cuello uterino",numero de personas que recibieron orientacion en anticoncepcion,2016-03-01,14,36,95,30,4,179
EL VILLAR,"anticoncepcion, prevencion de its y de cancer de cuello uterino",numero de personas que recibieron orientacion en anticoncepcion,2016-03-01,0,1,14,2,0,17
ENTRE RIOS TRJ,"anticoncepcion, prevencion de its y de cancer de cuello uterino",numero de personas que recibieron orientacion en anticoncepcion,2016-03-01,1,19,50,15,4,89
ENTRE RIOS CBBA,"anticoncepcion, prevencion de its y de cancer de cuello uterino",numero de personas que recibieron orientacion en anticoncepcion,2016-03-01,0,13,62,17,0,92
ESCARA,"anticoncepcion, prevencion de its y de cancer de cuello uterino",numero de personas que recibieron orientacion en anticoncepcion,2016-03-01,0,2,4,0,2,8
ESCOMA,"anticoncepcion, prevencion de its y de cancer de cuello uterino",numero de personas que recibieron orientacion en anticoncepcion,2016-03-01,0,2,13,7,0,22
ESMERALDA,"anticoncepcion, prevencion de its y de cancer de cuello uterino",numero de personas que recibieron orientacion en anticoncepcion,2016-03-01,0,0,0,1,0,1
EUCALIPTUS,"anticoncepcion, prevencion de its y de cancer de cuello uterino",numero de personas que recibieron orientacion en anticoncepcion,2016-03-01,0,1,11,3,0,15
EUREKA (SANTOS MERCADO),"anticoncepcion, prevencion de its y de cancer de cuello uterino",numero de personas que recibieron orientacion en anticoncepcion,2016-03-01,0,1,3,0,0,4
EXALTACION,"anticoncepcion, prevencion de its y de cancer de cuello uterino",numero de personas que recibieron orientacion en anticoncepcion,2016-03-01,0,3,1,1,0,5
FERNANDEZ ALONSO,"anticoncepcion, prevencion de its y de cancer de cuello uterino",numero de personas que recibieron orientacion en anticoncepcion,2016-03-01,0,5,23,9,1,38
FILADELFIA,"anticoncepcion, prevencion de its y de cancer de cuello uterino",numero de personas que recibieron orientacion en anticoncepcion,2016-03-01,0,15,26,7,0,48
GENERAL SAAVEDRA,"anticoncepcion, prevencion de its y de cancer de cuello uterino",numero de personas que recibieron orientacion en anticoncepcion,2016-03-01,0,11,43,18,0,72
GRAL. J.J. PEREZ (CHARAZANI),"anticoncepcion, prevencion de its y de cancer de cuello uterino",numero de personas que recibieron orientacion en anticoncepcion,2016-03-01,0,1,15,7,0,23
GUANAY,"anticoncepcion, prevencion de its y de cancer de cuello uterino",numero de personas que recibieron orientacion en anticoncepcion,2016-03-01,0,4,28,5,0,37
GUAQUI,"anticoncepcion, prevencion de its y de cancer de cuello uterino",numero de personas que recibieron orientacion en anticoncepcion,2016-03-01,0,1,11,2,0,14
GUAYARAMERIN,"anticoncepcion, prevencion de its y de cancer de cuello uterino",numero de personas que recibieron orientacion en anticoncepcion,2016-03-01,9,88,262,75,2,436
GUTIERREZ,"anticoncepcion, prevencion de its y de cancer de cuello uterino",numero de personas que recibieron orientacion en anticoncepcion,2016-03-01,0,2,9,6,0,17
HUACARETA,"anticoncepcion, prevencion de its y de cancer de cuello uterino",numero de personas que recibieron orientacion en anticoncepcion,2016-03-01,0,5,8,13,0,26
HUACAYA (VILLA DE HUACAYA),"anticoncepcion, prevencion de its y de cancer de cuello uterino",numero de personas que recibieron orientacion en anticoncepcion,2016-03-01,0,0,6,5,0,11
HUACHACALLA,"anticoncepcion, prevencion de its y de cancer de cuello uterino",numero de personas que recibieron orientacion en anticoncepcion,2016-03-01,0,0,3,2,0,5
HUANUNI,"anticoncepcion, prevencion de its y de cancer de cuello uterino",numero de personas que recibieron orientacion en anticoncepcion,2016-03-01,0,3,34,44,56,137
HUARACAJE,"anticoncepcion, prevencion de its y de cancer de cuello uterino",numero de personas que recibieron orientacion en anticoncepcion,2016-03-01,1,18,52,13,1,85
HUARINA,"anticoncepcion, prevencion de its y de cancer de cuello uterino",numero de personas que recibieron orientacion en anticoncepcion,2016-03-01,0,2,2,1,0,5
HUATAJATA,"anticoncepcion, prevencion de its y de cancer de cuello uterino",numero de personas que recibieron orientacion en anticoncepcion,2016-03-01,0,1,3,7,1,12
HUAYLLAMARCA,"anticoncepcion, prevencion de its y de cancer de cuello uterino",numero de personas que recibieron orientacion en anticoncepcion,2016-03-01,0,5,15,12,0,32
HUMANATA,"anticoncepcion, prevencion de its y de cancer de cuello uterino",numero de personas que recibieron orientacion en anticoncepcion,2016-03-01,0,3,4,7,1,15
ICHOCA,"anticoncepcion, prevencion de its y de cancer de cuello uterino",numero de personas que recibieron orientacion en anticoncepcion,2016-03-01,0,3,6,2,0,11
ICLA,"anticoncepcion, prevencion de its y de cancer de cuello uterino",numero de personas que recibieron orientacion en anticoncepcion,2016-03-01,0,4,17,9,1,31
INCAHUASI,"anticoncepcion, prevencion de its y de cancer de cuello uterino",numero de personas que recibieron orientacion en anticoncepcion,2016-03-01,0,9,50,35,2,96
INGAVI (HUMAITA),"anticoncepcion, prevencion de its y de cancer de cuello uterino",numero de personas que recibieron orientacion en anticoncepcion,2016-03-01,0,0,7,1,1,9
INQUISIVI,"anticoncepcion, prevencion de its y de cancer de cuello uterino",numero de personas que recibieron orientacion en anticoncepcion,2016-03-01,0,4,20,6,0,30
IRUPANA (VILLA DE LANZA),"anticoncepcion, prevencion de its y de cancer de cuello uterino",numero de personas que recibieron orientacion en anticoncepcion,2016-03-01,0,5,28,7,1,41
IXIAMAS,"anticoncepcion, prevencion de its y de cancer de cuello uterino",numero de personas que recibieron orientacion en anticoncepcion,2016-03-01,0,3,6,0,0,9
JESUS DE MACHACA,"anticoncepcion, prevencion de its y de cancer de cuello uterino",numero de personas que recibieron orientacion en anticoncepcion,2016-03-01,0,1,16,14,2,33
LA ASUNTA,"anticoncepcion, prevencion de its y de cancer de cuello uterino",numero de personas que recibieron orientacion en anticoncepcion,2016-03-01,0,12,51,11,0,74
LA GUARDIA,"anticoncepcion, prevencion de its y de cancer de cuello uterino",numero de personas que recibieron orientacion en anticoncepcion,2016-03-01,1,68,281,95,3,448
LA PAZ,"anticoncepcion, prevencion de its y de cancer de cuello uterino",numero de personas que recibieron orientacion en anticoncepcion,2016-03-01,16,283,2048,858,54,3259
LAGUNILLAS,"anticoncepcion, prevencion de its y de cancer de cuello uterino",numero de personas que recibieron orientacion en anticoncepcion,2016-03-01,0,6,27,8,0,41
LAJA,"anticoncepcion, prevencion de its y de cancer de cuello uterino",numero de personas que recibieron orientacion en anticoncepcion,2016-03-01,0,8,52,12,2,74
LAS CARRERAS,"anticoncepcion, prevencion de its y de cancer de cuello uterino",numero de personas que recibieron orientacion en anticoncepcion,2016-03-01,0,4,31,7,0,42
LICOMA PAMPA,"anticoncepcion, prevencion de its y de cancer de cuello uterino",numero de personas que recibieron orientacion en anticoncepcion,2016-03-01,0,1,1,2,0,4
LLALLAGUA,"anticoncepcion, prevencion de its y de cancer de cuello uterino",numero de personas que recibieron orientacion en anticoncepcion,2016-03-01,4,90,205,57,2,358
LLICA,"anticoncepcion, prevencion de its y de cancer de cuello uterino",numero de personas que recibieron orientacion en anticoncepcion,2016-03-01,0,2,10,0,1,13
LORETO,"anticoncepcion, prevencion de its y de cancer de cuello uterino",numero de personas que recibieron orientacion en anticoncepcion,2016-03-01,4,7,20,6,0,37
LURIBAY,"anticoncepcion, prevencion de its y de cancer de cuello uterino",numero de personas que recibieron orientacion en anticoncepcion,2016-03-01,0,1,13,5,2,21
MACHACAMARCA,"anticoncepcion, prevencion de its y de cancer de cuello uterino",numero de personas que recibieron orientacion en anticoncepcion,2016-03-01,1,2,10,2,0,15
MACHARETI,"anticoncepcion, prevencion de its y de cancer de cuello uterino",numero de personas que recibieron orientacion en anticoncepcion,2016-03-01,1,16,26,7,1,51
MAGDALENA,"anticoncepcion, prevencion de its y de cancer de cuello uterino",numero de personas que recibieron orientacion en anticoncepcion,2016-03-01,1,12,30,2,0,45
MAIRANA,"anticoncepcion, prevencion de its y de cancer de cuello uterino",numero de personas que recibieron orientacion en anticoncepcion,2016-03-01,0,5,27,8,1,41
MALLA,"anticoncepcion, prevencion de its y de cancer de cuello uterino",numero de personas que recibieron orientacion en anticoncepcion,2016-03-01,0,1,3,5,0,9
MAPIRI,"anticoncepcion, prevencion de its y de cancer de cuello uterino",numero de personas que recibieron orientacion en anticoncepcion,2016-03-01,1,7,27,8,0,43
MECAPACA,"anticoncepcion, prevencion de its y de cancer de cuello uterino",numero de personas que recibieron orientacion en anticoncepcion,2016-03-01,0,2,19,5,0,26
MINEROS,"anticoncepcion, prevencion de its y de cancer de cuello uterino",numero de personas que recibieron orientacion en anticoncepcion,2016-03-01,0,13,82,39,10,144
MIZQUE,"anticoncepcion, prevencion de its y de cancer de cuello uterino",numero de personas que recibieron orientacion en anticoncepcion,2016-03-01,3,32,133,65,8,241
MOCOMOCO,"anticoncepcion, prevencion de its y de cancer de cuello uterino",numero de personas que recibieron orientacion en anticoncepcion,2016-03-01,0,3,12,2,0,17
MOJINETE,"anticoncepcion, prevencion de its y de cancer de cuello uterino",numero de personas que recibieron orientacion en anticoncepcion,2016-03-01,0,0,1,0,0,1
MOJOCOYA,"anticoncepcion, prevencion de its y de cancer de cuello uterino",numero de personas que recibieron orientacion en anticoncepcion,2016-03-01,0,12,27,31,7,77
MONTEAGUDO,"anticoncepcion, prevencion de its y de cancer de cuello uterino",numero de personas que recibieron orientacion en anticoncepcion,2016-03-01,2,17,103,59,3,184
MONTERO,"anticoncepcion, prevencion de its y de cancer de cuello uterino",numero de personas que recibieron orientacion en anticoncepcion,2016-03-01,1,88,403,99,15,606
MORO MORO,"anticoncepcion, prevencion de its y de cancer de cuello uterino",numero de personas que recibieron orientacion en anticoncepcion,2016-03-01,0,3,5,5,0,13
MOROCHATA,"anticoncepcion, prevencion de its y de cancer de cuello uterino",numero de personas que recibieron orientacion en anticoncepcion,2016-03-01,0,15,39,19,0,73
NACEBE (SANTA ROSA DEL ABUNA),"anticoncepcion, prevencion de its y de cancer de cuello uterino",numero de personas que recibieron orientacion en anticoncepcion,2016-03-01,0,11,25,6,1,43
NAZACARA DE PACAJES,"anticoncepcion, prevencion de its y de cancer de cuello uterino",numero de personas que recibieron orientacion en anticoncepcion,2016-03-01,0,0,0,1,0,1
NUEVO MANOA (NUEVA ESPERANZA),"anticoncepcion, prevencion de its y de cancer de cuello uterino",numero de personas que recibieron orientacion en anticoncepcion,2016-03-01,0,0,4,0,0,4
OCURI,"anticoncepcion, prevencion de its y de cancer de cuello uterino",numero de personas que recibieron orientacion en anticoncepcion,2016-03-01,0,15,35,9,0,59
OKINAWA,"anticoncepcion, prevencion de its y de cancer de cuello uterino",numero de personas que recibieron orientacion en anticoncepcion,2016-03-01,1,5,25,8,0,39
OMEREQUE,"anticoncepcion, prevencion de its y de cancer de cuello uterino",numero de personas que recibieron orientacion en anticoncepcion,2016-03-01,0,6,22,12,0,40
ORURO,"anticoncepcion, prevencion de its y de cancer de cuello uterino",numero de personas que recibieron orientacion en anticoncepcion,2016-03-01,3,104,939,284,18,1348
PADCAYA,"anticoncepcion, prevencion de its y de cancer de cuello uterino",numero de personas que recibieron orientacion en anticoncepcion,2016-03-01,2,15,69,53,5,144
PADILLA,"anticoncepcion, prevencion de its y de cancer de cuello uterino",numero de personas que recibieron orientacion en anticoncepcion,2016-03-01,0,16,71,36,1,124
PAILON,"anticoncepcion, prevencion de its y de cancer de cuello uterino",numero de personas que recibieron orientacion en anticoncepcion,2016-03-01,8,110,229,50,12,409
PALCA,"anticoncepcion, prevencion de its y de cancer de cuello uterino",numero de personas que recibieron orientacion en anticoncepcion,2016-03-01,0,5,67,32,6,110
PALOS BLANCOS,"anticoncepcion, prevencion de its y de cancer de cuello uterino",numero de personas que recibieron orientacion en anticoncepcion,2016-03-01,0,32,133,71,15,251
PAMPA AULLAGAS,"anticoncepcion, prevencion de its y de cancer de cuello uterino",numero de personas que recibieron orientacion en anticoncepcion,2016-03-01,0,0,6,2,0,8
PAMPA GRANDE,"anticoncepcion, prevencion de its y de cancer de cuello uterino",numero de personas que recibieron orientacion en anticoncepcion,2016-03-01,0,3,13,8,0,24
PAPEL PAMPA,"anticoncepcion, prevencion de its y de cancer de cuello uterino",numero de personas que recibieron orientacion en anticoncepcion,2016-03-01,0,0,2,0,0,2
PASORAPA,"anticoncepcion, prevencion de its y de cancer de cuello uterino",numero de personas que recibieron orientacion en anticoncepcion,2016-03-01,0,7,26,15,1,49
PATACAMAYA,"anticoncepcion, prevencion de its y de cancer de cuello uterino",numero de personas que recibieron orientacion en anticoncepcion,2016-03-01,0,0,14,8,0,22
PAZÑA,"anticoncepcion, prevencion de its y de cancer de cuello uterino",numero de personas que recibieron orientacion en anticoncepcion,2016-03-01,1,1,20,13,0,35
PELECHUCO,"anticoncepcion, prevencion de its y de cancer de cuello uterino",numero de personas que recibieron orientacion en anticoncepcion,2016-03-01,1,9,30,27,9,76
POCOATA,"anticoncepcion, prevencion de its y de cancer de cuello uterino",numero de personas que recibieron orientacion en anticoncepcion,2016-03-01,0,6,64,29,3,102
POCONA,"anticoncepcion, prevencion de its y de cancer de cuello uterino",numero de personas que recibieron orientacion en anticoncepcion,2016-03-01,0,14,47,21,3,85
POJO (CBBA),"anticoncepcion, prevencion de its y de cancer de cuello uterino",numero de personas que recibieron orientacion en anticoncepcion,2016-03-01,1,9,9,6,0,25
POOPO,"anticoncepcion, prevencion de its y de cancer de cuello uterino",numero de personas que recibieron orientacion en anticoncepcion,2016-03-01,0,1,2,1,0,4
PORCO,"anticoncepcion, prevencion de its y de cancer de cuello uterino",numero de personas que recibieron orientacion en anticoncepcion,2016-03-01,2,17,74,18,0,111
POROMA,"anticoncepcion, prevencion de its y de cancer de cuello uterino",numero de personas que recibieron orientacion en anticoncepcion,2016-03-01,31,84,8,5,0,128
PORONGO,"anticoncepcion, prevencion de its y de cancer de cuello uterino",numero de personas que recibieron orientacion en anticoncepcion,2016-03-01,2,6,42,5,0,55
PORTACHUELO,"anticoncepcion, prevencion de its y de cancer de cuello uterino",numero de personas que recibieron orientacion en anticoncepcion,2016-03-01,0,16,25,5,0,46
PORVENIR,"anticoncepcion, prevencion de its y de cancer de cuello uterino",numero de personas que recibieron orientacion en anticoncepcion,2016-03-01,0,0,2,0,0,2
POSTRER VALLE,"anticoncepcion, prevencion de its y de cancer de cuello uterino",numero de personas que recibieron orientacion en anticoncepcion,2016-03-01,0,1,4,1,0,6
POTOSI,"anticoncepcion, prevencion de its y de cancer de cuello uterino",numero de personas que recibieron orientacion en anticoncepcion,2016-03-01,3,60,444,181,54,742
PRESTO,"anticoncepcion, prevencion de its y de cancer de cuello uterino",numero de personas que recibieron orientacion en anticoncepcion,2016-03-01,0,5,48,17,1,71
PUCARANI,"anticoncepcion, prevencion de its y de cancer de cuello uterino",numero de personas que recibieron orientacion en anticoncepcion,2016-03-01,1,21,62,17,1,102
PUERTO ACOSTA,"anticoncepcion, prevencion de its y de cancer de cuello uterino",numero de personas que recibieron orientacion en anticoncepcion,2016-03-01,0,0,10,4,0,14
PUERTO CARABUCO,"anticoncepcion, prevencion de its y de cancer de cuello uterino",numero de personas que recibieron orientacion en anticoncepcion,2016-03-01,0,3,7,5,1,16
PUERTO GONZALO MORENO,"anticoncepcion, prevencion de its y de cancer de cuello uterino",numero de personas que recibieron orientacion en anticoncepcion,2016-03-01,2,14,26,6,0,48
PUERTO PEREZ,"anticoncepcion, prevencion de its y de cancer de cuello uterino",numero de personas que recibieron orientacion en anticoncepcion,2016-03-01,0,3,5,3,0,11
PUERTO QUIJARRO,"anticoncepcion, prevencion de its y de cancer de cuello uterino",numero de personas que recibieron orientacion en anticoncepcion,2016-03-01,0,9,5,3,0,17
PUERTO RICO,"anticoncepcion, prevencion de its y de cancer de cuello uterino",numero de personas que recibieron orientacion en anticoncepcion,2016-03-01,1,8,12,0,0,21
PUERTO SILES,"anticoncepcion, prevencion de its y de cancer de cuello uterino",numero de personas que recibieron orientacion en anticoncepcion,2016-03-01,0,5,4,0,0,9
PUERTO SUAREZ,"anticoncepcion, prevencion de its y de cancer de cuello uterino",numero de personas que recibieron orientacion en anticoncepcion,2016-03-01,1,9,59,11,0,80
PUERTO VILLARROEL,"anticoncepcion, prevencion de its y de cancer de cuello uterino",numero de personas que recibieron orientacion en anticoncepcion,2016-03-01,0,23,122,34,1,180
PUNA,"anticoncepcion, prevencion de its y de cancer de cuello uterino",numero de personas que recibieron orientacion en anticoncepcion,2016-03-01,0,9,50,36,13,108
PUNATA,"anticoncepcion, prevencion de its y de cancer de cuello uterino",numero de personas que recibieron orientacion en anticoncepcion,2016-03-01,0,11,55,20,7,93
QUIABAYA,"anticoncepcion, prevencion de its y de cancer de cuello uterino",numero de personas que recibieron orientacion en anticoncepcion,2016-03-01,0,0,3,0,0,3
QUILLACOLLO,"anticoncepcion, prevencion de its y de cancer de cuello uterino",numero de personas que recibieron orientacion en anticoncepcion,2016-03-01,1,115,851,162,2,1131
QUIME,"anticoncepcion, prevencion de its y de cancer de cuello uterino",numero de personas que recibieron orientacion en anticoncepcion,2016-03-01,0,2,16,0,0,18
RAVELO,"anticoncepcion, prevencion de its y de cancer de cuello uterino",numero de personas que recibieron orientacion en anticoncepcion,2016-03-01,0,7,68,40,1,116
REYES,"anticoncepcion, prevencion de its y de cancer de cuello uterino",numero de personas que recibieron orientacion en anticoncepcion,2016-03-01,14,45,109,29,6,203
RIBERALTA,"anticoncepcion, prevencion de its y de cancer de cuello uterino",numero de personas que recibieron orientacion en anticoncepcion,2016-03-01,42,365,1084,266,31,1788
ROBORE,"anticoncepcion, prevencion de its y de cancer de cuello uterino",numero de personas que recibieron orientacion en anticoncepcion,2016-03-01,3,14,71,42,24,154
RURRENABAQUE,"anticoncepcion, prevencion de its y de cancer de cuello uterino",numero de personas que recibieron orientacion en anticoncepcion,2016-03-01,3,34,120,31,1,189
SABAYA,"anticoncepcion, prevencion de its y de cancer de cuello uterino",numero de personas que recibieron orientacion en anticoncepcion,2016-03-01,0,0,15,9,2,26
SACABA,"anticoncepcion, prevencion de its y de cancer de cuello uterino",numero de personas que recibieron orientacion en anticoncepcion,2016-03-01,6,298,712,307,5,1328
SACABAMBA,"anticoncepcion, prevencion de its y de cancer de cuello uterino",numero de personas que recibieron orientacion en anticoncepcion,2016-03-01,0,0,10,8,0,18
SACACA,"anticoncepcion, prevencion de its y de cancer de cuello uterino",numero de personas que recibieron orientacion en anticoncepcion,2016-03-01,0,10,65,35,2,112
SAIPINA,"anticoncepcion, prevencion de its y de cancer de cuello uterino",numero de personas que recibieron orientacion en anticoncepcion,2016-03-01,0,10,35,0,0,45
SALINAS DE GARCI MENDOZA,"anticoncepcion, prevencion de its y de cancer de cuello uterino",numero de personas que recibieron orientacion en anticoncepcion,2016-03-01,0,12,77,19,0,108
SAMAIPATA,"anticoncepcion, prevencion de its y de cancer de cuello uterino",numero de personas que recibieron orientacion en anticoncepcion,2016-03-01,3,15,23,6,0,47
SAN AGUSTIN,"anticoncepcion, prevencion de its y de cancer de cuello uterino",numero de personas que recibieron orientacion en anticoncepcion,2016-03-01,0,1,3,0,0,4
SAN ANDRES,"anticoncepcion, prevencion de its y de cancer de cuello uterino",numero de personas que recibieron orientacion en anticoncepcion,2016-03-01,5,19,71,17,1,113
SAN ANDRES DE MACHACA,"anticoncepcion, prevencion de its y de cancer de cuello uterino",numero de personas que recibieron orientacion en anticoncepcion,2016-03-01,0,1,3,4,0,8
SAN ANTONIO DE ESMORUCO,"anticoncepcion, prevencion de its y de cancer de cuello uterino",numero de personas que recibieron orientacion en anticoncepcion,2016-03-01,0,3,6,1,0,10
SAN ANTONIO DE LOMERIO,"anticoncepcion, prevencion de its y de cancer de cuello uterino",numero de personas que recibieron orientacion en anticoncepcion,2016-03-01,115,118,10,3,0,246
SAN BENITO,"anticoncepcion, prevencion de its y de cancer de cuello uterino",numero de personas que recibieron orientacion en anticoncepcion,2016-03-01,0,1,33,16,1,51
SAN BORJA,"anticoncepcion, prevencion de its y de cancer de cuello uterino",numero de personas que recibieron orientacion en anticoncepcion,2016-03-01,8,30,70,8,0,116
SAN BUENA VENTURA,"anticoncepcion, prevencion de its y de cancer de cuello uterino",numero de personas que recibieron orientacion en anticoncepcion,2016-03-01,0,11,32,5,0,48
SAN CARLOS,"anticoncepcion, prevencion de its y de cancer de cuello uterino",numero de personas que recibieron orientacion en anticoncepcion,2016-03-01,1,30,99,32,3,165
SAN IGNACIO,"anticoncepcion, prevencion de its y de cancer de cuello uterino",numero de personas que recibieron orientacion en anticoncepcion,2016-03-01,2,40,173,56,2,273
SAN IGNACIO DE VELASCO,"anticoncepcion, prevencion de its y de cancer de cuello uterino",numero de personas que recibieron orientacion en anticoncepcion,2016-03-01,1,139,144,41,0,325
SAN JAVIER(BNI),"anticoncepcion, prevencion de its y de cancer de cuello uterino",numero de personas que recibieron orientacion en anticoncepcion,2016-03-01,0,7,12,15,0,34
SAN JAVIER(STC),"anticoncepcion, prevencion de its y de cancer de cuello uterino",numero de personas que recibieron orientacion en anticoncepcion,2016-03-01,0,6,15,2,0,23
SAN JOAQUIN,"anticoncepcion, prevencion de its y de cancer de cuello uterino",numero de personas que recibieron orientacion en anticoncepcion,2016-03-01,0,2,9,0,0,11
SAN JOSE DE CHIQUITOS,"anticoncepcion, prevencion de its y de cancer de cuello uterino",numero de personas que recibieron orientacion en anticoncepcion,2016-03-01,5,20,58,22,2,107
SAN JUAN DE YAPACANI,"anticoncepcion, prevencion de its y de cancer de cuello uterino",numero de personas que recibieron orientacion en anticoncepcion,2016-03-01,1,8,25,10,1,45
SAN JULIAN,"anticoncepcion, prevencion de its y de cancer de cuello uterino",numero de personas que recibieron orientacion en anticoncepcion,2016-03-01,4,57,203,103,14,381
SAN LORENZO(PND),"anticoncepcion, prevencion de its y de cancer de cuello uterino",numero de personas que recibieron orientacion en anticoncepcion,2016-03-01,0,8,5,1,0,14
SAN LORENZO(TJA),"anticoncepcion, prevencion de its y de cancer de cuello uterino",numero de personas que recibieron orientacion en anticoncepcion,2016-03-01,0,2,11,6,0,19
SAN LUCAS,"anticoncepcion, prevencion de its y de cancer de cuello uterino",numero de personas que recibieron orientacion en anticoncepcion,2016-03-01,2,44,116,76,4,242
SAN MATIAS,"anticoncepcion, prevencion de its y de cancer de cuello uterino",numero de personas que recibieron orientacion en anticoncepcion,2016-03-01,0,14,43,12,0,69
SAN MIGUEL DE VELASCO,"anticoncepcion, prevencion de its y de cancer de cuello uterino",numero de personas que recibieron orientacion en anticoncepcion,2016-03-01,1,13,76,33,2,125
SAN PABLO DE LIPEZ,"anticoncepcion, prevencion de its y de cancer de cuello uterino",numero de personas que recibieron orientacion en anticoncepcion,2016-03-01,0,1,3,3,0,7
SAN PEDRO,"anticoncepcion, prevencion de its y de cancer de cuello uterino",numero de personas que recibieron orientacion en anticoncepcion,2016-03-01,0,10,68,32,4,114
SAN PEDRO DE BUENA VISTA,"anticoncepcion, prevencion de its y de cancer de cuello uterino",numero de personas que recibieron orientacion en anticoncepcion,2016-03-01,0,7,57,21,2,87
SAN PEDRO DE CURAHUARA,"anticoncepcion, prevencion de its y de cancer de cuello uterino",numero de personas que recibieron orientacion en anticoncepcion,2016-03-01,0,3,9,6,0,18
SAN PEDRO DE TIQUINA,"anticoncepcion, prevencion de its y de cancer de cuello uterino",numero de personas que recibieron orientacion en anticoncepcion,2016-03-01,0,2,13,4,0,19
SAN PEDRO(PND),"anticoncepcion, prevencion de its y de cancer de cuello uterino",numero de personas que recibieron orientacion en anticoncepcion,2016-03-01,0,0,4,0,0,4
SAN RAFAEL,"anticoncepcion, prevencion de its y de cancer de cuello uterino",numero de personas que recibieron orientacion en anticoncepcion,2016-03-01,0,18,83,27,2,130
SAN RAMON BENI,"anticoncepcion, prevencion de its y de cancer de cuello uterino",numero de personas que recibieron orientacion en anticoncepcion,2016-03-01,0,2,15,6,0,23
SAN RAMON SCZ,"anticoncepcion, prevencion de its y de cancer de cuello uterino",numero de personas que recibieron orientacion en anticoncepcion,2016-03-01,0,13,22,5,0,40
SANTA ANA,"anticoncepcion, prevencion de its y de cancer de cuello uterino",numero de personas que recibieron orientacion en anticoncepcion,2016-03-01,8,61,54,7,0,130
SANTA CRUZ DE LA SIERRA,"anticoncepcion, prevencion de its y de cancer de cuello uterino",numero de personas que recibieron orientacion en anticoncepcion,2016-03-01,568,1272,2890,1440,351,6521
SANTA ROSA,"anticoncepcion, prevencion de its y de cancer de cuello uterino",numero de personas que recibieron orientacion en anticoncepcion,2016-03-01,0,6,19,7,0,32
SANTA ROSA DEL SARA,"anticoncepcion, prevencion de its y de cancer de cuello uterino",numero de personas que recibieron orientacion en anticoncepcion,2016-03-01,1,8,13,4,0,26
SANTIAGO DE CALLAPA,"anticoncepcion, prevencion de its y de cancer de cuello uterino",numero de personas que recibieron orientacion en anticoncepcion,2016-03-01,0,1,2,0,0,3
SANTIAGO DE HUARI,"anticoncepcion, prevencion de its y de cancer de cuello uterino",numero de personas que recibieron orientacion en anticoncepcion,2016-03-01,0,6,36,7,0,49
SANTIAGO DE HUATA,"anticoncepcion, prevencion de its y de cancer de cuello uterino",numero de personas que recibieron orientacion en anticoncepcion,2016-03-01,0,2,7,3,0,12
SANTIAGO DE MACHACA,"anticoncepcion, prevencion de its y de cancer de cuello uterino",numero de personas que recibieron orientacion en anticoncepcion,2016-03-01,0,0,9,1,0,10
SANTIVAÑES,"anticoncepcion, prevencion de its y de cancer de cuello uterino",numero de personas que recibieron orientacion en anticoncepcion,2016-03-01,0,0,5,8,1,14
SANTUARIO DE QUILLACAS,"anticoncepcion, prevencion de its y de cancer de cuello uterino",numero de personas que recibieron orientacion en anticoncepcion,2016-03-01,0,4,24,7,1,36
SAPAHAQUI,"anticoncepcion, prevencion de its y de cancer de cuello uterino",numero de personas que recibieron orientacion en anticoncepcion,2016-03-01,0,4,9,3,1,17
SENA,"anticoncepcion, prevencion de its y de cancer de cuello uterino",numero de personas que recibieron orientacion en anticoncepcion,2016-03-01,3,16,20,4,0,43
SHINAOTA,"anticoncepcion, prevencion de its y de cancer de cuello uterino",numero de personas que recibieron orientacion en anticoncepcion,2016-03-01,0,7,36,12,0,55
SICA SICA (VILLA AROMA),"anticoncepcion, prevencion de its y de cancer de cuello uterino",numero de personas que recibieron orientacion en anticoncepcion,2016-03-01,1,6,46,17,4,74
SICAYA,"anticoncepcion, prevencion de its y de cancer de cuello uterino",numero de personas que recibieron orientacion en anticoncepcion,2016-03-01,0,0,20,6,0,26
SIPE SIPE,"anticoncepcion, prevencion de its y de cancer de cuello uterino",numero de personas que recibieron orientacion en anticoncepcion,2016-03-01,16,54,228,65,4,367
SOPACHUY,"anticoncepcion, prevencion de its y de cancer de cuello uterino",numero de personas que recibieron orientacion en anticoncepcion,2016-03-01,0,16,76,49,17,158
SORACACHI,"anticoncepcion, prevencion de its y de cancer de cuello uterino",numero de personas que recibieron orientacion en anticoncepcion,2016-03-01,1,19,30,7,0,57
SORATA,"anticoncepcion, prevencion de its y de cancer de cuello uterino",numero de personas que recibieron orientacion en anticoncepcion,2016-03-01,0,4,24,12,0,40
SUCRE,"anticoncepcion, prevencion de its y de cancer de cuello uterino",numero de personas que recibieron orientacion en anticoncepcion,2016-03-01,55,673,2358,759,48,3893
TACACHI,"anticoncepcion, prevencion de its y de cancer de cuello uterino",numero de personas que recibieron orientacion en anticoncepcion,2016-03-01,0,0,3,1,0,4
TACACOMA,"anticoncepcion, prevencion de its y de cancer de cuello uterino",numero de personas que recibieron orientacion en anticoncepcion,2016-03-01,0,1,5,3,0,9
TACOBAMBA,"anticoncepcion, prevencion de its y de cancer de cuello uterino",numero de personas que recibieron orientacion en anticoncepcion,2016-03-01,0,1,1,3,0,5
TACOPAYA,"anticoncepcion, prevencion de its y de cancer de cuello uterino",numero de personas que recibieron orientacion en anticoncepcion,2016-03-01,0,2,9,12,0,23
TAHUA,"anticoncepcion, prevencion de its y de cancer de cuello uterino",numero de personas que recibieron orientacion en anticoncepcion,2016-03-01,0,0,3,0,0,3
TAPACARI,"anticoncepcion, prevencion de its y de cancer de cuello uterino",numero de personas que recibieron orientacion en anticoncepcion,2016-03-01,0,2,31,20,1,54
TARABUCO,"anticoncepcion, prevencion de its y de cancer de cuello uterino",numero de personas que recibieron orientacion en anticoncepcion,2016-03-01,0,25,88,54,7,174
TARACO,"anticoncepcion, prevencion de its y de cancer de cuello uterino",numero de personas que recibieron orientacion en anticoncepcion,2016-03-01,0,3,4,1,0,8
TARATA,"anticoncepcion, prevencion de its y de cancer de cuello uterino",numero de personas que recibieron orientacion en anticoncepcion,2016-03-01,0,4,22,16,1,43
TARIJA,"anticoncepcion, prevencion de its y de cancer de cuello uterino",numero de personas que recibieron orientacion en anticoncepcion,2016-03-01,11,179,1329,575,2,2096
TARVITA,"anticoncepcion, prevencion de its y de cancer de cuello uterino",numero de personas que recibieron orientacion en anticoncepcion,2016-03-01,0,19,18,8,0,45
TEOPONTE,"anticoncepcion, prevencion de its y de cancer de cuello uterino",numero de personas que recibieron orientacion en anticoncepcion,2016-03-01,0,13,62,10,5,90
TIAWANACU,"anticoncepcion, prevencion de its y de cancer de cuello uterino",numero de personas que recibieron orientacion en anticoncepcion,2016-03-01,0,4,16,4,0,24
TINGUIPAYA,"anticoncepcion, prevencion de its y de cancer de cuello uterino",numero de personas que recibieron orientacion en anticoncepcion,2016-03-01,0,4,24,30,3,61
TIPUANI,"anticoncepcion, prevencion de its y de cancer de cuello uterino",numero de personas que recibieron orientacion en anticoncepcion,2016-03-01,0,2,19,11,0,32
TIQUIPAYA,"anticoncepcion, prevencion de its y de cancer de cuello uterino",numero de personas que recibieron orientacion en anticoncepcion,2016-03-01,10,46,113,50,1,220
TIRAQUE (CBBA),"anticoncepcion, prevencion de its y de cancer de cuello uterino",numero de personas que recibieron orientacion en anticoncepcion,2016-03-01,0,9,38,12,0,59
TITO YUPANQUI (PARQUIPUJIO),"anticoncepcion, prevencion de its y de cancer de cuello uterino",numero de personas que recibieron orientacion en anticoncepcion,2016-03-01,1,0,1,5,1,8
TOCO,"anticoncepcion, prevencion de its y de cancer de cuello uterino",numero de personas que recibieron orientacion en anticoncepcion,2016-03-01,1,3,14,8,0,26
TODOS SANTOS,"anticoncepcion, prevencion de its y de cancer de cuello uterino",numero de personas que recibieron orientacion en anticoncepcion,2016-03-01,0,0,1,0,0,1
TOLATA,"anticoncepcion, prevencion de its y de cancer de cuello uterino",numero de personas que recibieron orientacion en anticoncepcion,2016-03-01,0,14,60,5,1,80
TOLEDO,"anticoncepcion, prevencion de its y de cancer de cuello uterino",numero de personas que recibieron orientacion en anticoncepcion,2016-03-01,0,3,12,2,0,17
TOMAVE,"anticoncepcion, prevencion de its y de cancer de cuello uterino",numero de personas que recibieron orientacion en anticoncepcion,2016-03-01,0,9,16,4,0,29
TOMINA,"anticoncepcion, prevencion de its y de cancer de cuello uterino",numero de personas que recibieron orientacion en anticoncepcion,2016-03-01,1,31,21,3,0,56
TORO TORO,"anticoncepcion, prevencion de its y de cancer de cuello uterino",numero de personas que recibieron orientacion en anticoncepcion,2016-03-01,0,9,74,32,6,121
TOTORA(CBBA),"anticoncepcion, prevencion de its y de cancer de cuello uterino",numero de personas que recibieron orientacion en anticoncepcion,2016-03-01,5,21,113,26,2,167
TOTORA(ORR),"anticoncepcion, prevencion de its y de cancer de cuello uterino",numero de personas que recibieron orientacion en anticoncepcion,2016-03-01,1,4,21,9,0,35
TRIGAL,"anticoncepcion, prevencion de its y de cancer de cuello uterino",numero de personas que recibieron orientacion en anticoncepcion,2016-03-01,0,1,0,0,0,1
TRINIDAD,"anticoncepcion, prevencion de its y de cancer de cuello uterino",numero de personas que recibieron orientacion en anticoncepcion,2016-03-01,34,357,1229,392,75,2087
TUPIZA,"anticoncepcion, prevencion de its y de cancer de cuello uterino",numero de personas que recibieron orientacion en anticoncepcion,2016-03-01,2,50,175,93,15,335
TURCO,"anticoncepcion, prevencion de its y de cancer de cuello uterino",numero de personas que recibieron orientacion en anticoncepcion,2016-03-01,0,3,25,20,0,48
UMALA,"anticoncepcion, prevencion de its y de cancer de cuello uterino",numero de personas que recibieron orientacion en anticoncepcion,2016-03-01,0,2,13,6,0,21
UNCIA,"anticoncepcion, prevencion de its y de cancer de cuello uterino",numero de personas que recibieron orientacion en anticoncepcion,2016-03-01,0,6,22,3,0,31
URIONDO (A. CONCEPCION),"anticoncepcion, prevencion de its y de cancer de cuello uterino",numero de personas que recibieron orientacion en anticoncepcion,2016-03-01,0,14,38,19,0,71
URUBICHA,"anticoncepcion, prevencion de its y de cancer de cuello uterino",numero de personas que recibieron orientacion en anticoncepcion,2016-03-01,0,4,25,6,0,35
UYUNI,"anticoncepcion, prevencion de its y de cancer de cuello uterino",numero de personas que recibieron orientacion en anticoncepcion,2016-03-01,0,9,75,40,10,134
VACAS,"anticoncepcion, prevencion de its y de cancer de cuello uterino",numero de personas que recibieron orientacion en anticoncepcion,2016-03-01,0,6,24,12,0,42
VALLEGRANDE,"anticoncepcion, prevencion de its y de cancer de cuello uterino",numero de personas que recibieron orientacion en anticoncepcion,2016-03-01,1,4,32,22,5,64
VIACHA,"anticoncepcion, prevencion de its y de cancer de cuello uterino",numero de personas que recibieron orientacion en anticoncepcion,2016-03-01,1,14,206,84,15,320
VILA VILA,"anticoncepcion, prevencion de its y de cancer de cuello uterino",numero de personas que recibieron orientacion en anticoncepcion,2016-03-01,0,0,7,2,0,9
VILLA CHARCAS,"anticoncepcion, prevencion de its y de cancer de cuello uterino",numero de personas que recibieron orientacion en anticoncepcion,2016-03-01,0,5,16,5,0,26
VILLA MONTES,"anticoncepcion, prevencion de its y de cancer de cuello uterino",numero de personas que recibieron orientacion en anticoncepcion,2016-03-01,0,3,53,22,0,78
VILLA NUEVA (LOMA ALTA),"anticoncepcion, prevencion de its y de cancer de cuello uterino",numero de personas que recibieron orientacion en anticoncepcion,2016-03-01,0,1,3,0,0,4
VILLA RIVERO,"anticoncepcion, prevencion de its y de cancer de cuello uterino",numero de personas que recibieron orientacion en anticoncepcion,2016-03-01,0,1,8,5,0,14
VILLA SERRANO,"anticoncepcion, prevencion de its y de cancer de cuello uterino",numero de personas que recibieron orientacion en anticoncepcion,2016-03-01,1,8,38,36,0,83
VILLA TUNARI,"anticoncepcion, prevencion de its y de cancer de cuello uterino",numero de personas que recibieron orientacion en anticoncepcion,2016-03-01,1,43,263,66,7,380
VILLA VACA GUZMAN (MUYUPAMPA),"anticoncepcion, prevencion de its y de cancer de cuello uterino",numero de personas que recibieron orientacion en anticoncepcion,2016-03-01,5,25,26,7,0,63
VILLAZON,"anticoncepcion, prevencion de its y de cancer de cuello uterino",numero de personas que recibieron orientacion en anticoncepcion,2016-03-01,0,19,64,14,0,97
VINTO,"anticoncepcion, prevencion de its y de cancer de cuello uterino",numero de personas que recibieron orientacion en anticoncepcion,2016-03-01,3,88,226,97,1,415
VITICHI,"anticoncepcion, prevencion de its y de cancer de cuello uterino",numero de personas que recibieron orientacion en anticoncepcion,2016-03-01,0,3,49,42,18,112
WALDO BALLIVIAN,"anticoncepcion, prevencion de its y de cancer de cuello uterino",numero de personas que recibieron orientacion en anticoncepcion,2016-03-01,0,0,0,2,0,2
WARNES,"anticoncepcion, prevencion de its y de cancer de cuello uterino",numero de personas que recibieron orientacion en anticoncepcion,2016-03-01,2,38,187,61,4,292
YACO,"anticoncepcion, prevencion de its y de cancer de cuello uterino",numero de personas que recibieron orientacion en anticoncepcion,2016-03-01,1,0,3,1,0,5
YACUIBA,"anticoncepcion, prevencion de its y de cancer de cuello uterino",numero de personas que recibieron orientacion en anticoncepcion,2016-03-01,0,28,255,149,4,436
YAMPARAEZ,"anticoncepcion, prevencion de its y de cancer de cuello uterino",numero de personas que recibieron orientacion en anticoncepcion,2016-03-01,65,71,36,39,6,217
YANACACHI,"anticoncepcion, prevencion de its y de cancer de cuello uterino",numero de personas que recibieron orientacion en anticoncepcion,2016-03-01,0,0,4,1,0,5
YAPACANI,"anticoncepcion, prevencion de its y de cancer de cuello uterino",numero de personas que recibieron orientacion en anticoncepcion,2016-03-01,3,23,49,6,0,81
YOCALLA,"anticoncepcion, prevencion de its y de cancer de cuello uterino",numero de personas que recibieron orientacion en anticoncepcion,2016-03-01,0,1,3,2,0,6
YOTALA,"anticoncepcion, prevencion de its y de cancer de cuello uterino",numero de personas que recibieron orientacion en anticoncepcion,2016-03-01,13,35,29,15,1,93
YUNCHARA,"anticoncepcion, prevencion de its y de cancer de cuello uterino",numero de personas que recibieron orientacion en anticoncepcion,2016-03-01,0,8,21,14,0,43
YUNGUYO DE LITORAL,"anticoncepcion, prevencion de its y de cancer de cuello uterino",numero de personas que recibieron orientacion en anticoncepcion,2016-03-01,0,0,1,2,0,3
ZUDAÑEZ,"anticoncepcion, prevencion de its y de cancer de cuello uterino",numero de personas que recibieron orientacion en anticoncepcion,2016-03-01,0,17,28,17,1,63
ACACIO,"anticoncepcion, prevencion de its y de cancer de cuello uterino",numero de personas que recibieron orientacion en anticoncepcion,2016-04-01,0,2,6,5,0,13
ACHACACHI,"anticoncepcion, prevencion de its y de cancer de cuello uterino",numero de personas que recibieron orientacion en anticoncepcion,2016-04-01,0,4,26,22,2,54
ACHOCALLA,"anticoncepcion, prevencion de its y de cancer de cuello uterino",numero de personas que recibieron orientacion en anticoncepcion,2016-04-01,0,4,57,15,3,79
AIQUILE,"anticoncepcion, prevencion de its y de cancer de cuello uterino",numero de personas que recibieron orientacion en anticoncepcion,2016-04-01,0,7,28,12,0,47
ALALAY,"anticoncepcion, prevencion de its y de cancer de cuello uterino",numero de personas que recibieron orientacion en anticoncepcion,2016-04-01,0,4,5,2,0,11
ALCALA,"anticoncepcion, prevencion de its y de cancer de cuello uterino",numero de personas que recibieron orientacion en anticoncepcion,2016-04-01,1,13,19,19,4,56
ALTO BENI,"anticoncepcion, prevencion de its y de cancer de cuello uterino",numero de personas que recibieron orientacion en anticoncepcion,2016-04-01,1,1,21,10,0,33
ANCORAIMES,"anticoncepcion, prevencion de its y de cancer de cuello uterino",numero de personas que recibieron orientacion en anticoncepcion,2016-04-01,0,4,15,7,0,26
ANDAMARCA,"anticoncepcion, prevencion de its y de cancer de cuello uterino",numero de personas que recibieron orientacion en anticoncepcion,2016-04-01,0,0,7,2,0,9
ANTEQUERA,"anticoncepcion, prevencion de its y de cancer de cuello uterino",numero de personas que recibieron orientacion en anticoncepcion,2016-04-01,0,1,7,2,0,10
ANZALDO,"anticoncepcion, prevencion de its y de cancer de cuello uterino",numero de personas que recibieron orientacion en anticoncepcion,2016-04-01,0,1,10,5,0,16
APOLO,"anticoncepcion, prevencion de its y de cancer de cuello uterino",numero de personas que recibieron orientacion en anticoncepcion,2016-04-01,0,6,25,13,1,45
ARAMPAMPA,"anticoncepcion, prevencion de its y de cancer de cuello uterino",numero de personas que recibieron orientacion en anticoncepcion,2016-04-01,0,4,21,9,0,34
ARANI,"anticoncepcion, prevencion de its y de cancer de cuello uterino",numero de personas que recibieron orientacion en anticoncepcion,2016-04-01,0,4,13,9,0,26
ARBIETO,"anticoncepcion, prevencion de its y de cancer de cuello uterino",numero de personas que recibieron orientacion en anticoncepcion,2016-04-01,0,17,89,41,2,149
ARQUE,"anticoncepcion, prevencion de its y de cancer de cuello uterino",numero de personas que recibieron orientacion en anticoncepcion,2016-04-01,1,8,30,27,0,66
ASCENCION DE GUARAYOS,"anticoncepcion, prevencion de its y de cancer de cuello uterino",numero de personas que recibieron orientacion en anticoncepcion,2016-04-01,5,58,214,52,1,330
ATOCHA,"anticoncepcion, prevencion de its y de cancer de cuello uterino",numero de personas que recibieron orientacion en anticoncepcion,2016-04-01,0,7,55,26,1,89
AUCAPATA,"anticoncepcion, prevencion de its y de cancer de cuello uterino",numero de personas que recibieron orientacion en anticoncepcion,2016-04-01,0,3,11,6,0,20
AYATA,"anticoncepcion, prevencion de its y de cancer de cuello uterino",numero de personas que recibieron orientacion en anticoncepcion,2016-04-01,0,1,6,6,0,13
AYO AYO,"anticoncepcion, prevencion de its y de cancer de cuello uterino",numero de personas que recibieron orientacion en anticoncepcion,2016-04-01,0,0,8,4,0,12
AYOPAYA (V. DE INDEPENDENCIA),"anticoncepcion, prevencion de its y de cancer de cuello uterino",numero de personas que recibieron orientacion en anticoncepcion,2016-04-01,1,22,94,39,0,156
AZURDUY,"anticoncepcion, prevencion de its y de cancer de cuello uterino",numero de personas que recibieron orientacion en anticoncepcion,2016-04-01,82,166,52,50,16,366
BATALLAS,"anticoncepcion, prevencion de its y de cancer de cuello uterino",numero de personas que recibieron orientacion en anticoncepcion,2016-04-01,0,7,36,11,1,55
BAURES,"anticoncepcion, prevencion de its y de cancer de cuello uterino",numero de personas que recibieron orientacion en anticoncepcion,2016-04-01,0,6,27,3,0,36
BELEN DE ANDAMARCA,"anticoncepcion, prevencion de its y de cancer de cuello uterino",numero de personas que recibieron orientacion en anticoncepcion,2016-04-01,0,0,5,0,0,5
BELEN DE URMIRI,"anticoncepcion, prevencion de its y de cancer de cuello uterino",numero de personas que recibieron orientacion en anticoncepcion,2016-04-01,0,0,3,1,0,4
BELLA FLOR,"anticoncepcion, prevencion de its y de cancer de cuello uterino",numero de personas que recibieron orientacion en anticoncepcion,2016-04-01,1,4,10,1,0,16
BERMEJO,"anticoncepcion, prevencion de its y de cancer de cuello uterino",numero de personas que recibieron orientacion en anticoncepcion,2016-04-01,1,31,200,86,16,334
BETANZOS,"anticoncepcion, prevencion de its y de cancer de cuello uterino",numero de personas que recibieron orientacion en anticoncepcion,2016-04-01,0,7,29,18,0,54
BOLIVAR,"anticoncepcion, prevencion de its y de cancer de cuello uterino",numero de personas que recibieron orientacion en anticoncepcion,2016-04-01,0,1,4,4,0,9
BOLPEBRA,"anticoncepcion, prevencion de its y de cancer de cuello uterino",numero de personas que recibieron orientacion en anticoncepcion,2016-04-01,2,3,8,0,0,13
BOYUIBE,"anticoncepcion, prevencion de its y de cancer de cuello uterino",numero de personas que recibieron orientacion en anticoncepcion,2016-04-01,0,2,10,3,1,16
BUENA VISTA,"anticoncepcion, prevencion de its y de cancer de cuello uterino",numero de personas que recibieron orientacion en anticoncepcion,2016-04-01,0,3,12,0,0,15
CABEZAS,"anticoncepcion, prevencion de its y de cancer de cuello uterino",numero de personas que recibieron orientacion en anticoncepcion,2016-04-01,1,14,33,12,0,60
CAIROMA,"anticoncepcion, prevencion de its y de cancer de cuello uterino",numero de personas que recibieron orientacion en anticoncepcion,2016-04-01,0,1,8,3,0,12
"CAIZA ""D""","anticoncepcion, prevencion de its y de cancer de cuello uterino",numero de personas que recibieron orientacion en anticoncepcion,2016-04-01,0,2,14,5,0,21
CAJUATA,"anticoncepcion, prevencion de its y de cancer de cuello uterino",numero de personas que recibieron orientacion en anticoncepcion,2016-04-01,2,12,49,5,0,68
CALACOTO,"anticoncepcion, prevencion de its y de cancer de cuello uterino",numero de personas que recibieron orientacion en anticoncepcion,2016-04-01,0,0,1,0,0,1
CALAMARCA,"anticoncepcion, prevencion de its y de cancer de cuello uterino",numero de personas que recibieron orientacion en anticoncepcion,2016-04-01,0,6,25,7,0,38
CAMARGO,"anticoncepcion, prevencion de its y de cancer de cuello uterino",numero de personas que recibieron orientacion en anticoncepcion,2016-04-01,31,83,10,11,0,135
CAMATAQUI (C. VILLA ABECIA),"anticoncepcion, prevencion de its y de cancer de cuello uterino",numero de personas que recibieron orientacion en anticoncepcion,2016-04-01,0,1,6,6,0,13
CAMIRI,"anticoncepcion, prevencion de its y de cancer de cuello uterino",numero de personas que recibieron orientacion en anticoncepcion,2016-04-01,1,23,56,22,0,102
CAPINOTA,"anticoncepcion, prevencion de its y de cancer de cuello uterino",numero de personas que recibieron orientacion en anticoncepcion,2016-04-01,0,6,27,3,0,36
CAQUIAVIRI,"anticoncepcion, prevencion de its y de cancer de cuello uterino",numero de personas que recibieron orientacion en anticoncepcion,2016-04-01,0,2,6,1,0,9
CARACOLLO,"anticoncepcion, prevencion de its y de cancer de cuello uterino",numero de personas que recibieron orientacion en anticoncepcion,2016-04-01,0,11,38,9,0,58
CARANAVI,"anticoncepcion, prevencion de its y de cancer de cuello uterino",numero de personas que recibieron orientacion en anticoncepcion,2016-04-01,1,43,267,122,34,467
CARANGAS,"anticoncepcion, prevencion de its y de cancer de cuello uterino",numero de personas que recibieron orientacion en anticoncepcion,2016-04-01,0,0,1,0,0,1
CARAPARI,"anticoncepcion, prevencion de its y de cancer de cuello uterino",numero de personas que recibieron orientacion en anticoncepcion,2016-04-01,0,12,34,14,1,61
CARIPUYO,"anticoncepcion, prevencion de its y de cancer de cuello uterino",numero de personas que recibieron orientacion en anticoncepcion,2016-04-01,4,9,12,1,0,26
CARMEN RIVERO TORREZ,"anticoncepcion, prevencion de its y de cancer de cuello uterino",numero de personas que recibieron orientacion en anticoncepcion,2016-04-01,1,5,8,5,0,19
CHACARILLA,"anticoncepcion, prevencion de its y de cancer de cuello uterino",numero de personas que recibieron orientacion en anticoncepcion,2016-04-01,0,1,1,0,0,2
CHALLAPATA,"anticoncepcion, prevencion de its y de cancer de cuello uterino",numero de personas que recibieron orientacion en anticoncepcion,2016-04-01,0,28,146,33,0,207
CHAQUI,"anticoncepcion, prevencion de its y de cancer de cuello uterino",numero de personas que recibieron orientacion en anticoncepcion,2016-04-01,2,22,48,24,5,101
CHARAGUA,"anticoncepcion, prevencion de its y de cancer de cuello uterino",numero de personas que recibieron orientacion en anticoncepcion,2016-04-01,0,2,28,7,1,38
CHARAÑA,"anticoncepcion, prevencion de its y de cancer de cuello uterino",numero de personas que recibieron orientacion en anticoncepcion,2016-04-01,0,0,3,0,0,3
CHAYANTA,"anticoncepcion, prevencion de its y de cancer de cuello uterino",numero de personas que recibieron orientacion en anticoncepcion,2016-04-01,0,5,29,16,0,50
CHIMORE,"anticoncepcion, prevencion de its y de cancer de cuello uterino",numero de personas que recibieron orientacion en anticoncepcion,2016-04-01,0,21,97,44,1,163
CHIPAYA,"anticoncepcion, prevencion de its y de cancer de cuello uterino",numero de personas que recibieron orientacion en anticoncepcion,2016-04-01,2,1,2,1,0,6
CHOQUE COTA,"anticoncepcion, prevencion de its y de cancer de cuello uterino",numero de personas que recibieron orientacion en anticoncepcion,2016-04-01,0,4,7,12,1,24
CHUA COCANI,"anticoncepcion, prevencion de its y de cancer de cuello uterino",numero de personas que recibieron orientacion en anticoncepcion,2016-04-01,0,2,9,0,0,11
CHULUMANI (V. DE LA LIBERTAD),"anticoncepcion, prevencion de its y de cancer de cuello uterino",numero de personas que recibieron orientacion en anticoncepcion,2016-04-01,0,12,47,7,0,66
CHUMA,"anticoncepcion, prevencion de its y de cancer de cuello uterino",numero de personas que recibieron orientacion en anticoncepcion,2016-04-01,1,2,14,11,1,29
CHUQUIHUTA AYLLU JUCUMANI,"anticoncepcion, prevencion de its y de cancer de cuello uterino",numero de personas que recibieron orientacion en anticoncepcion,2016-04-01,0,2,34,4,1,41
CKOCHAS,"anticoncepcion, prevencion de its y de cancer de cuello uterino",numero de personas que recibieron orientacion en anticoncepcion,2016-04-01,1,8,29,17,2,57
CLIZA,"anticoncepcion, prevencion de its y de cancer de cuello uterino",numero de personas que recibieron orientacion en anticoncepcion,2016-04-01,0,5,70,16,1,92
COBIJA,"anticoncepcion, prevencion de its y de cancer de cuello uterino",numero de personas que recibieron orientacion en anticoncepcion,2016-04-01,4,52,173,65,19,313
COCAPATA,"anticoncepcion, prevencion de its y de cancer de cuello uterino",numero de personas que recibieron orientacion en anticoncepcion,2016-04-01,4,47,76,30,0,157
COCHABAMBA,"anticoncepcion, prevencion de its y de cancer de cuello uterino",numero de personas que recibieron orientacion en anticoncepcion,2016-04-01,28,561,2101,645,34,3369
COLCAPIRHUA,"anticoncepcion, prevencion de its y de cancer de cuello uterino",numero de personas que recibieron orientacion en anticoncepcion,2016-04-01,7,113,692,192,9,1013
"COLCHA ""K""","anticoncepcion, prevencion de its y de cancer de cuello uterino",numero de personas que recibieron orientacion en anticoncepcion,2016-04-01,0,3,23,2,0,28
COLLANA,"anticoncepcion, prevencion de its y de cancer de cuello uterino",numero de personas que recibieron orientacion en anticoncepcion,2016-04-01,0,2,8,2,0,12
COLOMI,"anticoncepcion, prevencion de its y de cancer de cuello uterino",numero de personas que recibieron orientacion en anticoncepcion,2016-04-01,0,8,17,3,0,28
COLPA BELGICA,"anticoncepcion, prevencion de its y de cancer de cuello uterino",numero de personas que recibieron orientacion en anticoncepcion,2016-04-01,1,3,10,0,0,14
COLQUECHACA,"anticoncepcion, prevencion de its y de cancer de cuello uterino",numero de personas que recibieron orientacion en anticoncepcion,2016-04-01,0,7,26,7,0,40
COLQUENCHA,"anticoncepcion, prevencion de its y de cancer de cuello uterino",numero de personas que recibieron orientacion en anticoncepcion,2016-04-01,0,1,2,2,0,5
COLQUIRI,"anticoncepcion, prevencion de its y de cancer de cuello uterino",numero de personas que recibieron orientacion en anticoncepcion,2016-04-01,0,9,53,9,0,71
COMANCHE,"anticoncepcion, prevencion de its y de cancer de cuello uterino",numero de personas que recibieron orientacion en anticoncepcion,2016-04-01,0,1,0,1,0,2
COMARAPA,"anticoncepcion, prevencion de its y de cancer de cuello uterino",numero de personas que recibieron orientacion en anticoncepcion,2016-04-01,0,9,38,14,0,61
COMBAYA,"anticoncepcion, prevencion de its y de cancer de cuello uterino",numero de personas que recibieron orientacion en anticoncepcion,2016-04-01,0,0,1,2,0,3
CONCEPCION,"anticoncepcion, prevencion de its y de cancer de cuello uterino",numero de personas que recibieron orientacion en anticoncepcion,2016-04-01,0,2,9,1,0,12
COPACABANA,"anticoncepcion, prevencion de its y de cancer de cuello uterino",numero de personas que recibieron orientacion en anticoncepcion,2016-04-01,0,2,15,8,0,25
CORIPATA,"anticoncepcion, prevencion de its y de cancer de cuello uterino",numero de personas que recibieron orientacion en anticoncepcion,2016-04-01,0,7,26,5,0,38
CORO CORO,"anticoncepcion, prevencion de its y de cancer de cuello uterino",numero de personas que recibieron orientacion en anticoncepcion,2016-04-01,1,2,4,1,0,8
COROICO,"anticoncepcion, prevencion de its y de cancer de cuello uterino",numero de personas que recibieron orientacion en anticoncepcion,2016-04-01,0,2,11,1,0,14
CORQUE,"anticoncepcion, prevencion de its y de cancer de cuello uterino",numero de personas que recibieron orientacion en anticoncepcion,2016-04-01,0,4,24,5,1,34
COTAGAITA,"anticoncepcion, prevencion de its y de cancer de cuello uterino",numero de personas que recibieron orientacion en anticoncepcion,2016-04-01,2,24,146,72,1,245
COTOCA,"anticoncepcion, prevencion de its y de cancer de cuello uterino",numero de personas que recibieron orientacion en anticoncepcion,2016-04-01,0,11,74,20,0,105
CRUZ DE MACHACAMARCA,"anticoncepcion, prevencion de its y de cancer de cuello uterino",numero de personas que recibieron orientacion en anticoncepcion,2016-04-01,0,0,0,0,3,3
CUATRO CAÑADAS,"anticoncepcion, prevencion de its y de cancer de cuello uterino",numero de personas que recibieron orientacion en anticoncepcion,2016-04-01,3,15,58,13,0,89
CUCHUMUELA (V. G. VILLARROEL),"anticoncepcion, prevencion de its y de cancer de cuello uterino",numero de personas que recibieron orientacion en anticoncepcion,2016-04-01,0,1,2,1,0,4
CUEVO,"anticoncepcion, prevencion de its y de cancer de cuello uterino",numero de personas que recibieron orientacion en anticoncepcion,2016-04-01,0,3,6,3,0,12
CULPINA,"anticoncepcion, prevencion de its y de cancer de cuello uterino",numero de personas que recibieron orientacion en anticoncepcion,2016-04-01,5,52,78,44,7,186
CURAHUARA DE CARANGAS,"anticoncepcion, prevencion de its y de cancer de cuello uterino",numero de personas que recibieron orientacion en anticoncepcion,2016-04-01,0,1,12,1,4,18
CURVA,"anticoncepcion, prevencion de its y de cancer de cuello uterino",numero de personas que recibieron orientacion en anticoncepcion,2016-04-01,0,0,2,1,1,4
DESAGUADERO,"anticoncepcion, prevencion de its y de cancer de cuello uterino",numero de personas que recibieron orientacion en anticoncepcion,2016-04-01,0,0,12,4,0,16
EL ALTO,"anticoncepcion, prevencion de its y de cancer de cuello uterino",numero de personas que recibieron orientacion en anticoncepcion,2016-04-01,1,392,2513,1300,117,4323
EL CHORO,"anticoncepcion, prevencion de its y de cancer de cuello uterino",numero de personas que recibieron orientacion en anticoncepcion,2016-04-01,0,1,12,1,0,14
EL PUENTE(STC),"anticoncepcion, prevencion de its y de cancer de cuello uterino",numero de personas que recibieron orientacion en anticoncepcion,2016-04-01,0,8,28,23,4,63
EL PUENTE(TJA),"anticoncepcion, prevencion de its y de cancer de cuello uterino",numero de personas que recibieron orientacion en anticoncepcion,2016-04-01,0,2,26,20,0,48
EL TORNO,"anticoncepcion, prevencion de its y de cancer de cuello uterino",numero de personas que recibieron orientacion en anticoncepcion,2016-04-01,1,20,82,61,21,185
EL VILLAR,"anticoncepcion, prevencion de its y de cancer de cuello uterino",numero de personas que recibieron orientacion en anticoncepcion,2016-04-01,0,13,8,7,0,28
ENTRE RIOS TRJ,"anticoncepcion, prevencion de its y de cancer de cuello uterino",numero de personas que recibieron orientacion en anticoncepcion,2016-04-01,2,20,57,29,2,110
ENTRE RIOS CBBA,"anticoncepcion, prevencion de its y de cancer de cuello uterino",numero de personas que recibieron orientacion en anticoncepcion,2016-04-01,0,16,69,12,0,97
ESCARA,"anticoncepcion, prevencion de its y de cancer de cuello uterino",numero de personas que recibieron orientacion en anticoncepcion,2016-04-01,0,0,12,4,0,16
ESCOMA,"anticoncepcion, prevencion de its y de cancer de cuello uterino",numero de personas que recibieron orientacion en anticoncepcion,2016-04-01,0,0,18,5,0,23
ESMERALDA,"anticoncepcion, prevencion de its y de cancer de cuello uterino",numero de personas que recibieron orientacion en anticoncepcion,2016-04-01,0,0,5,2,0,7
EUCALIPTUS,"anticoncepcion, prevencion de its y de cancer de cuello uterino",numero de personas que recibieron orientacion en anticoncepcion,2016-04-01,1,1,10,2,0,14
EUREKA (SANTOS MERCADO),"anticoncepcion, prevencion de its y de cancer de cuello uterino",numero de personas que recibieron orientacion en anticoncepcion,2016-04-01,1,2,9,2,0,14
EXALTACION,"anticoncepcion, prevencion de its y de cancer de cuello uterino",numero de personas que recibieron orientacion en anticoncepcion,2016-04-01,0,3,6,1,0,10
FERNANDEZ ALONSO,"anticoncepcion, prevencion de its y de cancer de cuello uterino",numero de personas que recibieron orientacion en anticoncepcion,2016-04-01,1,1,16,16,0,34
FILADELFIA,"anticoncepcion, prevencion de its y de cancer de cuello uterino",numero de personas que recibieron orientacion en anticoncepcion,2016-04-01,2,24,27,2,0,55
GENERAL SAAVEDRA,"anticoncepcion, prevencion de its y de cancer de cuello uterino",numero de personas que recibieron orientacion en anticoncepcion,2016-04-01,1,11,40,10,1,63
GRAL. J.J. PEREZ (CHARAZANI),"anticoncepcion, prevencion de its y de cancer de cuello uterino",numero de personas que recibieron orientacion en anticoncepcion,2016-04-01,0,5,17,10,2,34
GUANAY,"anticoncepcion, prevencion de its y de cancer de cuello uterino",numero de personas que recibieron orientacion en anticoncepcion,2016-04-01,0,20,91,27,4,142
GUAQUI,"anticoncepcion, prevencion de its y de cancer de cuello uterino",numero de personas que recibieron orientacion en anticoncepcion,2016-04-01,0,3,15,7,0,25
GUAYARAMERIN,"anticoncepcion, prevencion de its y de cancer de cuello uterino",numero de personas que recibieron orientacion en anticoncepcion,2016-04-01,9,77,223,54,5,368
GUTIERREZ,"anticoncepcion, prevencion de its y de cancer de cuello uterino",numero de personas que recibieron orientacion en anticoncepcion,2016-04-01,0,2,19,15,0,36
HUACARETA,"anticoncepcion, prevencion de its y de cancer de cuello uterino",numero de personas que recibieron orientacion en anticoncepcion,2016-04-01,0,5,27,19,12,63
HUACAYA (VILLA DE HUACAYA),"anticoncepcion, prevencion de its y de cancer de cuello uterino",numero de personas que recibieron orientacion en anticoncepcion,2016-04-01,0,3,13,6,0,22
HUACHACALLA,"anticoncepcion, prevencion de its y de cancer de cuello uterino",numero de personas que recibieron orientacion en anticoncepcion,2016-04-01,0,1,4,1,0,6
HUANUNI,"anticoncepcion, prevencion de its y de cancer de cuello uterino",numero de personas que recibieron orientacion en anticoncepcion,2016-04-01,0,3,38,16,0,57
HUARACAJE,"anticoncepcion, prevencion de its y de cancer de cuello uterino",numero de personas que recibieron orientacion en anticoncepcion,2016-04-01,0,15,48,16,1,80
HUARINA,"anticoncepcion, prevencion de its y de cancer de cuello uterino",numero de personas que recibieron orientacion en anticoncepcion,2016-04-01,0,0,2,0,0,2
HUATAJATA,"anticoncepcion, prevencion de its y de cancer de cuello uterino",numero de personas que recibieron orientacion en anticoncepcion,2016-04-01,0,0,5,5,0,10
HUAYLLAMARCA,"anticoncepcion, prevencion de its y de cancer de cuello uterino",numero de personas que recibieron orientacion en anticoncepcion,2016-04-01,0,1,5,4,0,10
HUMANATA,"anticoncepcion, prevencion de its y de cancer de cuello uterino",numero de personas que recibieron orientacion en anticoncepcion,2016-04-01,0,3,0,1,0,4
ICHOCA,"anticoncepcion, prevencion de its y de cancer de cuello uterino",numero de personas que recibieron orientacion en anticoncepcion,2016-04-01,0,5,2,2,0,9
ICLA,"anticoncepcion, prevencion de its y de cancer de cuello uterino",numero de personas que recibieron orientacion en anticoncepcion,2016-04-01,0,2,5,5,0,12
INCAHUASI,"anticoncepcion, prevencion de its y de cancer de cuello uterino",numero de personas que recibieron orientacion en anticoncepcion,2016-04-01,14,20,64,35,4,137
INGAVI (HUMAITA),"anticoncepcion, prevencion de its y de cancer de cuello uterino",numero de personas que recibieron orientacion en anticoncepcion,2016-04-01,0,0,6,0,0,6
INQUISIVI,"anticoncepcion, prevencion de its y de cancer de cuello uterino",numero de personas que recibieron orientacion en anticoncepcion,2016-04-01,0,5,8,5,0,18
IRUPANA (VILLA DE LANZA),"anticoncepcion, prevencion de its y de cancer de cuello uterino",numero de personas que recibieron orientacion en anticoncepcion,2016-04-01,1,8,24,9,0,42
IXIAMAS,"anticoncepcion, prevencion de its y de cancer de cuello uterino",numero de personas que recibieron orientacion en anticoncepcion,2016-04-01,0,9,13,1,0,23
JESUS DE MACHACA,"anticoncepcion, prevencion de its y de cancer de cuello uterino",numero de personas que recibieron orientacion en anticoncepcion,2016-04-01,0,2,9,5,1,17
LA ASUNTA,"anticoncepcion, prevencion de its y de cancer de cuello uterino",numero de personas que recibieron orientacion en anticoncepcion,2016-04-01,0,18,84,9,0,111
LA GUARDIA,"anticoncepcion, prevencion de its y de cancer de cuello uterino",numero de personas que recibieron orientacion en anticoncepcion,2016-04-01,9,63,217,67,20,376
LA PAZ,"anticoncepcion, prevencion de its y de cancer de cuello uterino",numero de personas que recibieron orientacion en anticoncepcion,2016-04-01,12,205,1681,582,53,2533
LA RIVERA,"anticoncepcion, prevencion de its y de cancer de cuello uterino",numero de personas que recibieron orientacion en anticoncepcion,2016-04-01,0,0,2,0,1,3
LAGUNILLAS,"anticoncepcion, prevencion de its y de cancer de cuello uterino",numero de personas que recibieron orientacion en anticoncepcion,2016-04-01,0,8,25,14,0,47
LAJA,"anticoncepcion, prevencion de its y de cancer de cuello uterino",numero de personas que recibieron orientacion en anticoncepcion,2016-04-01,1,3,21,3,1,29
LAS CARRERAS,"anticoncepcion, prevencion de its y de cancer de cuello uterino",numero de personas que recibieron orientacion en anticoncepcion,2016-04-01,0,7,15,5,0,27
LICOMA PAMPA,"anticoncepcion, prevencion de its y de cancer de cuello uterino",numero de personas que recibieron orientacion en anticoncepcion,2016-04-01,0,1,0,0,0,1
LLALLAGUA,"anticoncepcion, prevencion de its y de cancer de cuello uterino",numero de personas que recibieron orientacion en anticoncepcion,2016-04-01,0,66,325,89,0,480
LLICA,"anticoncepcion, prevencion de its y de cancer de cuello uterino",numero de personas que recibieron orientacion en anticoncepcion,2016-04-01,0,0,10,6,0,16
LORETO,"anticoncepcion, prevencion de its y de cancer de cuello uterino",numero de personas que recibieron orientacion en anticoncepcion,2016-04-01,0,9,11,0,0,20
LURIBAY,"anticoncepcion, prevencion de its y de cancer de cuello uterino",numero de personas que recibieron orientacion en anticoncepcion,2016-04-01,0,1,10,10,1,22
MACHACAMARCA,"anticoncepcion, prevencion de its y de cancer de cuello uterino",numero de personas que recibieron orientacion en anticoncepcion,2016-04-01,0,2,2,3,0,7
MACHARETI,"anticoncepcion, prevencion de its y de cancer de cuello uterino",numero de personas que recibieron orientacion en anticoncepcion,2016-04-01,14,44,23,3,1,85
MAGDALENA,"anticoncepcion, prevencion de its y de cancer de cuello uterino",numero de personas que recibieron orientacion en anticoncepcion,2016-04-01,1,10,30,5,0,46
MAIRANA,"anticoncepcion, prevencion de its y de cancer de cuello uterino",numero de personas que recibieron orientacion en anticoncepcion,2016-04-01,0,9,31,9,0,49
MALLA,"anticoncepcion, prevencion de its y de cancer de cuello uterino",numero de personas que recibieron orientacion en anticoncepcion,2016-04-01,0,0,1,1,0,2
MAPIRI,"anticoncepcion, prevencion de its y de cancer de cuello uterino",numero de personas que recibieron orientacion en anticoncepcion,2016-04-01,0,6,13,6,0,25
MECAPACA,"anticoncepcion, prevencion de its y de cancer de cuello uterino",numero de personas que recibieron orientacion en anticoncepcion,2016-04-01,0,4,26,7,0,37
MINEROS,"anticoncepcion, prevencion de its y de cancer de cuello uterino",numero de personas que recibieron orientacion en anticoncepcion,2016-04-01,0,13,44,16,4,77
MIZQUE,"anticoncepcion, prevencion de its y de cancer de cuello uterino",numero de personas que recibieron orientacion en anticoncepcion,2016-04-01,0,25,101,54,1,181
MOCOMOCO,"anticoncepcion, prevencion de its y de cancer de cuello uterino",numero de personas que recibieron orientacion en anticoncepcion,2016-04-01,0,11,8,4,0,23
MOJINETE,"anticoncepcion, prevencion de its y de cancer de cuello uterino",numero de personas que recibieron orientacion en anticoncepcion,2016-04-01,0,0,3,0,0,3
MOJOCOYA,"anticoncepcion, prevencion de its y de cancer de cuello uterino",numero de personas que recibieron orientacion en anticoncepcion,2016-04-01,1,9,29,23,8,70
MONTEAGUDO,"anticoncepcion, prevencion de its y de cancer de cuello uterino",numero de personas que recibieron orientacion en anticoncepcion,2016-04-01,0,24,98,52,5,179
MONTERO,"anticoncepcion, prevencion de its y de cancer de cuello uterino",numero de personas que recibieron orientacion en anticoncepcion,2016-04-01,6,87,541,142,18,794
MORO MORO,"anticoncepcion, prevencion de its y de cancer de cuello uterino",numero de personas que recibieron orientacion en anticoncepcion,2016-04-01,0,1,0,0,0,1
MOROCHATA,"anticoncepcion, prevencion de its y de cancer de cuello uterino",numero de personas que recibieron orientacion en anticoncepcion,2016-04-01,2,10,25,24,0,61
NACEBE (SANTA ROSA DEL ABUNA),"anticoncepcion, prevencion de its y de cancer de cuello uterino",numero de personas que recibieron orientacion en anticoncepcion,2016-04-01,0,7,11,2,0,20
NUEVO MANOA (NUEVA ESPERANZA),"anticoncepcion, prevencion de its y de cancer de cuello uterino",numero de personas que recibieron orientacion en anticoncepcion,2016-04-01,0,1,13,0,0,14
OCURI,"anticoncepcion, prevencion de its y de cancer de cuello uterino",numero de personas que recibieron orientacion en anticoncepcion,2016-04-01,0,6,31,21,1,59
OKINAWA,"anticoncepcion, prevencion de its y de cancer de cuello uterino",numero de personas que recibieron orientacion en anticoncepcion,2016-04-01,0,4,26,10,0,40
OMEREQUE,"anticoncepcion, prevencion de its y de cancer de cuello uterino",numero de personas que recibieron orientacion en anticoncepcion,2016-04-01,0,1,27,12,0,40
ORURO,"anticoncepcion, prevencion de its y de cancer de cuello uterino",numero de personas que recibieron orientacion en anticoncepcion,2016-04-01,5,196,1324,358,33,1916
PADCAYA,"anticoncepcion, prevencion de its y de cancer de cuello uterino",numero de personas que recibieron orientacion en anticoncepcion,2016-04-01,1,12,62,22,1,98
PADILLA,"anticoncepcion, prevencion de its y de cancer de cuello uterino",numero de personas que recibieron orientacion en anticoncepcion,2016-04-01,3,150,65,25,0,243
PAILON,"anticoncepcion, prevencion de its y de cancer de cuello uterino",numero de personas que recibieron orientacion en anticoncepcion,2016-04-01,1,55,126,16,0,198
PALCA,"anticoncepcion, prevencion de its y de cancer de cuello uterino",numero de personas que recibieron orientacion en anticoncepcion,2016-04-01,0,4,37,28,1,70
PALOS BLANCOS,"anticoncepcion, prevencion de its y de cancer de cuello uterino",numero de personas que recibieron orientacion en anticoncepcion,2016-04-01,2,14,84,33,3,136
PAMPA AULLAGAS,"anticoncepcion, prevencion de its y de cancer de cuello uterino",numero de personas que recibieron orientacion en anticoncepcion,2016-04-01,0,1,3,8,0,12
PAMPA GRANDE,"anticoncepcion, prevencion de its y de cancer de cuello uterino",numero de personas que recibieron orientacion en anticoncepcion,2016-04-01,0,4,8,6,0,18
PAPEL PAMPA,"anticoncepcion, prevencion de its y de cancer de cuello uterino",numero de personas que recibieron orientacion en anticoncepcion,2016-04-01,0,2,6,3,0,11
PASORAPA,"anticoncepcion, prevencion de its y de cancer de cuello uterino",numero de personas que recibieron orientacion en anticoncepcion,2016-04-01,0,5,11,1,1,18
PATACAMAYA,"anticoncepcion, prevencion de its y de cancer de cuello uterino",numero de personas que recibieron orientacion en anticoncepcion,2016-04-01,1,2,16,6,0,25
PAZÑA,"anticoncepcion, prevencion de its y de cancer de cuello uterino",numero de personas que recibieron orientacion en anticoncepcion,2016-04-01,2,9,28,10,0,49
PELECHUCO,"anticoncepcion, prevencion de its y de cancer de cuello uterino",numero de personas que recibieron orientacion en anticoncepcion,2016-04-01,0,3,21,8,2,34
POCOATA,"anticoncepcion, prevencion de its y de cancer de cuello uterino",numero de personas que recibieron orientacion en anticoncepcion,2016-04-01,1,21,44,38,6,110
POCONA,"anticoncepcion, prevencion de its y de cancer de cuello uterino",numero de personas que recibieron orientacion en anticoncepcion,2016-04-01,1,11,28,32,1,73
POJO (CBBA),"anticoncepcion, prevencion de its y de cancer de cuello uterino",numero de personas que recibieron orientacion en anticoncepcion,2016-04-01,0,6,17,7,0,30
POOPO,"anticoncepcion, prevencion de its y de cancer de cuello uterino",numero de personas que recibieron orientacion en anticoncepcion,2016-04-01,0,0,4,3,0,7
PORCO,"anticoncepcion, prevencion de its y de cancer de cuello uterino",numero de personas que recibieron orientacion en anticoncepcion,2016-04-01,0,11,38,10,0,59
POROMA,"anticoncepcion, prevencion de its y de cancer de cuello uterino",numero de personas que recibieron orientacion en anticoncepcion,2016-04-01,15,124,16,15,4,174
PORONGO,"anticoncepcion, prevencion de its y de cancer de cuello uterino",numero de personas que recibieron orientacion en anticoncepcion,2016-04-01,1,10,12,3,0,26
PORTACHUELO,"anticoncepcion, prevencion de its y de cancer de cuello uterino",numero de personas que recibieron orientacion en anticoncepcion,2016-04-01,0,9,19,2,0,30
PORVENIR,"anticoncepcion, prevencion de its y de cancer de cuello uterino",numero de personas que recibieron orientacion en anticoncepcion,2016-04-01,0,1,1,0,0,2
POSTRER VALLE,"anticoncepcion, prevencion de its y de cancer de cuello uterino",numero de personas que recibieron orientacion en anticoncepcion,2016-04-01,0,0,4,0,0,4
POTOSI,"anticoncepcion, prevencion de its y de cancer de cuello uterino",numero de personas que recibieron orientacion en anticoncepcion,2016-04-01,1,73,408,89,3,574
PRESTO,"anticoncepcion, prevencion de its y de cancer de cuello uterino",numero de personas que recibieron orientacion en anticoncepcion,2016-04-01,14,10,82,47,6,159
PUCARA,"anticoncepcion, prevencion de its y de cancer de cuello uterino",numero de personas que recibieron orientacion en anticoncepcion,2016-04-01,0,0,1,1,0,2
PUCARANI,"anticoncepcion, prevencion de its y de cancer de cuello uterino",numero de personas que recibieron orientacion en anticoncepcion,2016-04-01,0,10,68,16,0,94
PUERTO ACOSTA,"anticoncepcion, prevencion de its y de cancer de cuello uterino",numero de personas que recibieron orientacion en anticoncepcion,2016-04-01,0,2,11,6,4,23
PUERTO CARABUCO,"anticoncepcion, prevencion de its y de cancer de cuello uterino",numero de personas que recibieron orientacion en anticoncepcion,2016-04-01,0,1,20,6,0,27
PUERTO GONZALO MORENO,"anticoncepcion, prevencion de its y de cancer de cuello uterino",numero de personas que recibieron orientacion en anticoncepcion,2016-04-01,4,16,21,8,0,49
PUERTO PEREZ,"anticoncepcion, prevencion de its y de cancer de cuello uterino",numero de personas que recibieron orientacion en anticoncepcion,2016-04-01,0,1,8,2,0,11
PUERTO QUIJARRO,"anticoncepcion, prevencion de its y de cancer de cuello uterino",numero de personas que recibieron orientacion en anticoncepcion,2016-04-01,0,26,36,5,0,67
PUERTO RICO,"anticoncepcion, prevencion de its y de cancer de cuello uterino",numero de personas que recibieron orientacion en anticoncepcion,2016-04-01,0,9,20,1,0,30
PUERTO SILES,"anticoncepcion, prevencion de its y de cancer de cuello uterino",numero de personas que recibieron orientacion en anticoncepcion,2016-04-01,0,1,10,3,0,14
PUERTO SUAREZ,"anticoncepcion, prevencion de its y de cancer de cuello uterino",numero de personas que recibieron orientacion en anticoncepcion,2016-04-01,2,20,48,10,0,80
PUERTO VILLARROEL,"anticoncepcion, prevencion de its y de cancer de cuello uterino",numero de personas que recibieron orientacion en anticoncepcion,2016-04-01,3,21,104,41,11,180
PUNA,"anticoncepcion, prevencion de its y de cancer de cuello uterino",numero de personas que recibieron orientacion en anticoncepcion,2016-04-01,1,19,63,40,12,135
PUNATA,"anticoncepcion, prevencion de its y de cancer de cuello uterino",numero de personas que recibieron orientacion en anticoncepcion,2016-04-01,1,40,125,42,2,210
QUIABAYA,"anticoncepcion, prevencion de its y de cancer de cuello uterino",numero de personas que recibieron orientacion en anticoncepcion,2016-04-01,0,1,1,2,0,4
QUILLACOLLO,"anticoncepcion, prevencion de its y de cancer de cuello uterino",numero de personas que recibieron orientacion en anticoncepcion,2016-04-01,3,254,1140,190,3,1590
QUIME,"anticoncepcion, prevencion de its y de cancer de cuello uterino",numero de personas que recibieron orientacion en anticoncepcion,2016-04-01,0,2,17,6,0,25
QUIRUSILLAS,"anticoncepcion, prevencion de its y de cancer de cuello uterino",numero de personas que recibieron orientacion en anticoncepcion,2016-04-01,0,3,3,2,0,8
RAVELO,"anticoncepcion, prevencion de its y de cancer de cuello uterino",numero de personas que recibieron orientacion en anticoncepcion,2016-04-01,0,31,60,52,2,145
REYES,"anticoncepcion, prevencion de its y de cancer de cuello uterino",numero de personas que recibieron orientacion en anticoncepcion,2016-04-01,23,39,63,22,2,149
RIBERALTA,"anticoncepcion, prevencion de its y de cancer de cuello uterino",numero de personas que recibieron orientacion en anticoncepcion,2016-04-01,21,240,738,162,12,1173
ROBORE,"anticoncepcion, prevencion de its y de cancer de cuello uterino",numero de personas que recibieron orientacion en anticoncepcion,2016-04-01,0,4,11,0,1,16
RURRENABAQUE,"anticoncepcion, prevencion de its y de cancer de cuello uterino",numero de personas que recibieron orientacion en anticoncepcion,2016-04-01,1,18,96,22,1,138
SABAYA,"anticoncepcion, prevencion de its y de cancer de cuello uterino",numero de personas que recibieron orientacion en anticoncepcion,2016-04-01,0,2,4,3,0,9
SACABA,"anticoncepcion, prevencion de its y de cancer de cuello uterino",numero de personas que recibieron orientacion en anticoncepcion,2016-04-01,0,223,790,349,4,1366
SACABAMBA,"anticoncepcion, prevencion de its y de cancer de cuello uterino",numero de personas que recibieron orientacion en anticoncepcion,2016-04-01,0,1,11,5,1,18
SACACA,"anticoncepcion, prevencion de its y de cancer de cuello uterino",numero de personas que recibieron orientacion en anticoncepcion,2016-04-01,0,7,88,33,1,129
SAIPINA,"anticoncepcion, prevencion de its y de cancer de cuello uterino",numero de personas que recibieron orientacion en anticoncepcion,2016-04-01,0,2,27,3,0,32
SALINAS DE GARCI MENDOZA,"anticoncepcion, prevencion de its y de cancer de cuello uterino",numero de personas que recibieron orientacion en anticoncepcion,2016-04-01,0,7,30,3,0,40
SAMAIPATA,"anticoncepcion, prevencion de its y de cancer de cuello uterino",numero de personas que recibieron orientacion en anticoncepcion,2016-04-01,0,4,23,9,1,37
SAN AGUSTIN,"anticoncepcion, prevencion de its y de cancer de cuello uterino",numero de personas que recibieron orientacion en anticoncepcion,2016-04-01,0,0,1,2,0,3
SAN ANDRES,"anticoncepcion, prevencion de its y de cancer de cuello uterino",numero de personas que recibieron orientacion en anticoncepcion,2016-04-01,6,16,51,10,0,83
SAN ANDRES DE MACHACA,"anticoncepcion, prevencion de its y de cancer de cuello uterino",numero de personas que recibieron orientacion en anticoncepcion,2016-04-01,0,5,11,4,0,20
SAN ANTONIO DE ESMORUCO,"anticoncepcion, prevencion de its y de cancer de cuello uterino",numero de personas que recibieron orientacion en anticoncepcion,2016-04-01,0,0,2,2,0,4
SAN ANTONIO DE LOMERIO,"anticoncepcion, prevencion de its y de cancer de cuello uterino",numero de personas que recibieron orientacion en anticoncepcion,2016-04-01,1,2,14,5,0,22
SAN BENITO,"anticoncepcion, prevencion de its y de cancer de cuello uterino",numero de personas que recibieron orientacion en anticoncepcion,2016-04-01,0,1,23,9,0,33
SAN BORJA,"anticoncepcion, prevencion de its y de cancer de cuello uterino",numero de personas que recibieron orientacion en anticoncepcion,2016-04-01,3,43,74,11,2,133
SAN BUENA VENTURA,"anticoncepcion, prevencion de its y de cancer de cuello uterino",numero de personas que recibieron orientacion en anticoncepcion,2016-04-01,0,5,23,5,0,33
SAN CARLOS,"anticoncepcion, prevencion de its y de cancer de cuello uterino",numero de personas que recibieron orientacion en anticoncepcion,2016-04-01,5,26,115,76,4,226
SAN IGNACIO,"anticoncepcion, prevencion de its y de cancer de cuello uterino",numero de personas que recibieron orientacion en anticoncepcion,2016-04-01,0,31,166,75,1,273
SAN IGNACIO DE VELASCO,"anticoncepcion, prevencion de its y de cancer de cuello uterino",numero de personas que recibieron orientacion en anticoncepcion,2016-04-01,41,553,219,60,0,873
SAN JAVIER(BNI),"anticoncepcion, prevencion de its y de cancer de cuello uterino",numero de personas que recibieron orientacion en anticoncepcion,2016-04-01,0,4,10,3,0,17
SAN JOSE DE CHIQUITOS,"anticoncepcion, prevencion de its y de cancer de cuello uterino",numero de personas que recibieron orientacion en anticoncepcion,2016-04-01,4,14,63,27,1,109
SAN JUAN DE YAPACANI,"anticoncepcion, prevencion de its y de cancer de cuello uterino",numero de personas que recibieron orientacion en anticoncepcion,2016-04-01,2,8,32,13,0,55
SAN JULIAN,"anticoncepcion, prevencion de its y de cancer de cuello uterino",numero de personas que recibieron orientacion en anticoncepcion,2016-04-01,2,39,158,71,4,274
SAN LORENZO(PND),"anticoncepcion, prevencion de its y de cancer de cuello uterino",numero de personas que recibieron orientacion en anticoncepcion,2016-04-01,0,3,4,1,0,8
SAN LORENZO(TJA),"anticoncepcion, prevencion de its y de cancer de cuello uterino",numero de personas que recibieron orientacion en anticoncepcion,2016-04-01,0,6,33,16,1,56
SAN LUCAS,"anticoncepcion, prevencion de its y de cancer de cuello uterino",numero de personas que recibieron orientacion en anticoncepcion,2016-04-01,17,67,132,68,2,286
SAN MATIAS,"anticoncepcion, prevencion de its y de cancer de cuello uterino",numero de personas que recibieron orientacion en anticoncepcion,2016-04-01,0,11,35,11,0,57
SAN MIGUEL DE VELASCO,"anticoncepcion, prevencion de its y de cancer de cuello uterino",numero de personas que recibieron orientacion en anticoncepcion,2016-04-01,1,17,93,38,3,152
SAN PABLO DE LIPEZ,"anticoncepcion, prevencion de its y de cancer de cuello uterino",numero de personas que recibieron orientacion en anticoncepcion,2016-04-01,0,0,1,0,0,1
SAN PEDRO,"anticoncepcion, prevencion de its y de cancer de cuello uterino",numero de personas que recibieron orientacion en anticoncepcion,2016-04-01,5,10,71,26,3,115
SAN PEDRO DE BUENA VISTA,"anticoncepcion, prevencion de its y de cancer de cuello uterino",numero de personas que recibieron orientacion en anticoncepcion,2016-04-01,0,24,57,27,0,108
SAN PEDRO DE CURAHUARA,"anticoncepcion, prevencion de its y de cancer de cuello uterino",numero de personas que recibieron orientacion en anticoncepcion,2016-04-01,0,1,6,4,0,11
SAN PEDRO DE QUEMES,"anticoncepcion, prevencion de its y de cancer de cuello uterino",numero de personas que recibieron orientacion en anticoncepcion,2016-04-01,0,0,1,0,0,1
SAN PEDRO DE TIQUINA,"anticoncepcion, prevencion de its y de cancer de cuello uterino",numero de personas que recibieron orientacion en anticoncepcion,2016-04-01,0,2,9,2,0,13
SAN PEDRO(PND),"anticoncepcion, prevencion de its y de cancer de cuello uterino",numero de personas que recibieron orientacion en anticoncepcion,2016-04-01,0,2,2,1,0,5
SAN RAFAEL,"anticoncepcion, prevencion de its y de cancer de cuello uterino",numero de personas que recibieron orientacion en anticoncepcion,2016-04-01,1,16,65,30,0,112
SAN RAMON BENI,"anticoncepcion, prevencion de its y de cancer de cuello uterino",numero de personas que recibieron orientacion en anticoncepcion,2016-04-01,6,27,34,16,0,83
SAN RAMON SCZ,"anticoncepcion, prevencion de its y de cancer de cuello uterino",numero de personas que recibieron orientacion en anticoncepcion,2016-04-01,2,11,81,18,0,112
SANTA ANA,"anticoncepcion, prevencion de its y de cancer de cuello uterino",numero de personas que recibieron orientacion en anticoncepcion,2016-04-01,0,21,89,22,2,134
SANTA CRUZ DE LA SIERRA,"anticoncepcion, prevencion de its y de cancer de cuello uterino",numero de personas que recibieron orientacion en anticoncepcion,2016-04-01,98,827,2048,607,52,3632
SANTA ROSA,"anticoncepcion, prevencion de its y de cancer de cuello uterino",numero de personas que recibieron orientacion en anticoncepcion,2016-04-01,1,10,24,8,0,43
SANTA ROSA DEL SARA,"anticoncepcion, prevencion de its y de cancer de cuello uterino",numero de personas que recibieron orientacion en anticoncepcion,2016-04-01,0,4,16,7,2,29
SANTIAGO DE CALLAPA,"anticoncepcion, prevencion de its y de cancer de cuello uterino",numero de personas que recibieron orientacion en anticoncepcion,2016-04-01,0,1,2,1,0,4
SANTIAGO DE HUARI,"anticoncepcion, prevencion de its y de cancer de cuello uterino",numero de personas que recibieron orientacion en anticoncepcion,2016-04-01,0,7,36,9,2,54
SANTIAGO DE HUATA,"anticoncepcion, prevencion de its y de cancer de cuello uterino",numero de personas que recibieron orientacion en anticoncepcion,2016-04-01,0,0,10,2,1,13
SANTIAGO DE MACHACA,"anticoncepcion, prevencion de its y de cancer de cuello uterino",numero de personas que recibieron orientacion en anticoncepcion,2016-04-01,0,1,8,2,0,11
SANTIVAÑES,"anticoncepcion, prevencion de its y de cancer de cuello uterino",numero de personas que recibieron orientacion en anticoncepcion,2016-04-01,0,1,5,0,0,6
SANTUARIO DE QUILLACAS,"anticoncepcion, prevencion de its y de cancer de cuello uterino",numero de personas que recibieron orientacion en anticoncepcion,2016-04-01,0,1,23,10,0,34
SAPAHAQUI,"anticoncepcion, prevencion de its y de cancer de cuello uterino",numero de personas que recibieron orientacion en anticoncepcion,2016-04-01,0,0,9,0,0,9
SENA,"anticoncepcion, prevencion de its y de cancer de cuello uterino",numero de personas que recibieron orientacion en anticoncepcion,2016-04-01,1,1,11,2,0,15
SHINAOTA,"anticoncepcion, prevencion de its y de cancer de cuello uterino",numero de personas que recibieron orientacion en anticoncepcion,2016-04-01,0,7,37,9,0,53
SICA SICA (VILLA AROMA),"anticoncepcion, prevencion de its y de cancer de cuello uterino",numero de personas que recibieron orientacion en anticoncepcion,2016-04-01,0,14,43,30,2,89
SICAYA,"anticoncepcion, prevencion de its y de cancer de cuello uterino",numero de personas que recibieron orientacion en anticoncepcion,2016-04-01,0,1,12,8,0,21
SIPE SIPE,"anticoncepcion, prevencion de its y de cancer de cuello uterino",numero de personas que recibieron orientacion en anticoncepcion,2016-04-01,0,22,126,60,2,210
SOPACHUY,"anticoncepcion, prevencion de its y de cancer de cuello uterino",numero de personas que recibieron orientacion en anticoncepcion,2016-04-01,20,17,43,42,10,132
SORACACHI,"anticoncepcion, prevencion de its y de cancer de cuello uterino",numero de personas que recibieron orientacion en anticoncepcion,2016-04-01,0,10,22,14,0,46
SORATA,"anticoncepcion, prevencion de its y de cancer de cuello uterino",numero de personas que recibieron orientacion en anticoncepcion,2016-04-01,0,2,19,7,0,28
SUCRE,"anticoncepcion, prevencion de its y de cancer de cuello uterino",numero de personas que recibieron orientacion en anticoncepcion,2016-04-01,144,1146,2794,824,57,4965
TACACHI,"anticoncepcion, prevencion de its y de cancer de cuello uterino",numero de personas que recibieron orientacion en anticoncepcion,2016-04-01,0,0,2,0,0,2
TACACOMA,"anticoncepcion, prevencion de its y de cancer de cuello uterino",numero de personas que recibieron orientacion en anticoncepcion,2016-04-01,0,0,5,2,0,7
TACOBAMBA,"anticoncepcion, prevencion de its y de cancer de cuello uterino",numero de personas que recibieron orientacion en anticoncepcion,2016-04-01,0,0,1,0,0,1
TACOPAYA,"anticoncepcion, prevencion de its y de cancer de cuello uterino",numero de personas que recibieron orientacion en anticoncepcion,2016-04-01,0,4,7,7,0,18
TAHUA,"anticoncepcion, prevencion de its y de cancer de cuello uterino",numero de personas que recibieron orientacion en anticoncepcion,2016-04-01,0,0,5,1,0,6
TAPACARI,"anticoncepcion, prevencion de its y de cancer de cuello uterino",numero de personas que recibieron orientacion en anticoncepcion,2016-04-01,0,6,31,8,0,45
TARABUCO,"anticoncepcion, prevencion de its y de cancer de cuello uterino",numero de personas que recibieron orientacion en anticoncepcion,2016-04-01,106,116,88,78,13,401
TARACO,"anticoncepcion, prevencion de its y de cancer de cuello uterino",numero de personas que recibieron orientacion en anticoncepcion,2016-04-01,0,0,2,0,0,2
TARATA,"anticoncepcion, prevencion de its y de cancer de cuello uterino",numero de personas que recibieron orientacion en anticoncepcion,2016-04-01,0,6,39,12,0,57
TARIJA,"anticoncepcion, prevencion de its y de cancer de cuello uterino",numero de personas que recibieron orientacion en anticoncepcion,2016-04-01,27,188,910,400,6,1531
TARVITA,"anticoncepcion, prevencion de its y de cancer de cuello uterino",numero de personas que recibieron orientacion en anticoncepcion,2016-04-01,98,108,16,19,0,241
TEOPONTE,"anticoncepcion, prevencion de its y de cancer de cuello uterino",numero de personas que recibieron orientacion en anticoncepcion,2016-04-01,0,9,32,7,0,48
TIAWANACU,"anticoncepcion, prevencion de its y de cancer de cuello uterino",numero de personas que recibieron orientacion en anticoncepcion,2016-04-01,0,4,15,6,0,25
TINGUIPAYA,"anticoncepcion, prevencion de its y de cancer de cuello uterino",numero de personas que recibieron orientacion en anticoncepcion,2016-04-01,4,7,28,11,2,52
TIPUANI,"anticoncepcion, prevencion de its y de cancer de cuello uterino",numero de personas que recibieron orientacion en anticoncepcion,2016-04-01,0,2,23,5,0,30
TIQUIPAYA,"anticoncepcion, prevencion de its y de cancer de cuello uterino",numero de personas que recibieron orientacion en anticoncepcion,2016-04-01,0,47,126,76,0,249
TIRAQUE (CBBA),"anticoncepcion, prevencion de its y de cancer de cuello uterino",numero de personas que recibieron orientacion en anticoncepcion,2016-04-01,0,9,15,9,2,35
TITO YUPANQUI (PARQUIPUJIO),"anticoncepcion, prevencion de its y de cancer de cuello uterino",numero de personas que recibieron orientacion en anticoncepcion,2016-04-01,0,0,4,3,0,7
TOCO,"anticoncepcion, prevencion de its y de cancer de cuello uterino",numero de personas que recibieron orientacion en anticoncepcion,2016-04-01,1,4,12,6,1,24
TODOS SANTOS,"anticoncepcion, prevencion de its y de cancer de cuello uterino",numero de personas que recibieron orientacion en anticoncepcion,2016-04-01,0,0,0,1,0,1
TOLATA,"anticoncepcion, prevencion de its y de cancer de cuello uterino",numero de personas que recibieron orientacion en anticoncepcion,2016-04-01,0,7,34,11,2,54
TOLEDO,"anticoncepcion, prevencion de its y de cancer de cuello uterino",numero de personas que recibieron orientacion en anticoncepcion,2016-04-01,0,1,17,2,0,20
TOMAVE,"anticoncepcion, prevencion de its y de cancer de cuello uterino",numero de personas que recibieron orientacion en anticoncepcion,2016-04-01,0,3,14,2,1,20
TOMINA,"anticoncepcion, prevencion de its y de cancer de cuello uterino",numero de personas que recibieron orientacion en anticoncepcion,2016-04-01,2,19,18,7,0,46
TORO TORO,"anticoncepcion, prevencion de its y de cancer de cuello uterino",numero de personas que recibieron orientacion en anticoncepcion,2016-04-01,0,27,61,26,5,119
TOTORA(CBBA),"anticoncepcion, prevencion de its y de cancer de cuello uterino",numero de personas que recibieron orientacion en anticoncepcion,2016-04-01,1,22,66,4,0,93
TOTORA(ORR),"anticoncepcion, prevencion de its y de cancer de cuello uterino",numero de personas que recibieron orientacion en anticoncepcion,2016-04-01,0,3,9,6,0,18
TRIGAL,"anticoncepcion, prevencion de its y de cancer de cuello uterino",numero de personas que recibieron orientacion en anticoncepcion,2016-04-01,0,1,1,0,0,2
TRINIDAD,"anticoncepcion, prevencion de its y de cancer de cuello uterino",numero de personas que recibieron orientacion en anticoncepcion,2016-04-01,15,313,992,174,10,1504
TUPIZA,"anticoncepcion, prevencion de its y de cancer de cuello uterino",numero de personas que recibieron orientacion en anticoncepcion,2016-04-01,0,40,169,93,10,312
TURCO,"anticoncepcion, prevencion de its y de cancer de cuello uterino",numero de personas que recibieron orientacion en anticoncepcion,2016-04-01,0,1,8,5,1,15
UMALA,"anticoncepcion, prevencion de its y de cancer de cuello uterino",numero de personas que recibieron orientacion en anticoncepcion,2016-04-01,0,8,17,7,1,33
UNCIA,"anticoncepcion, prevencion de its y de cancer de cuello uterino",numero de personas que recibieron orientacion en anticoncepcion,2016-04-01,0,1,21,2,0,24
URIONDO (A. CONCEPCION),"anticoncepcion, prevencion de its y de cancer de cuello uterino",numero de personas que recibieron orientacion en anticoncepcion,2016-04-01,0,7,31,19,0,57
URUBICHA,"anticoncepcion, prevencion de its y de cancer de cuello uterino",numero de personas que recibieron orientacion en anticoncepcion,2016-04-01,0,7,24,2,0,33
UYUNI,"anticoncepcion, prevencion de its y de cancer de cuello uterino",numero de personas que recibieron orientacion en anticoncepcion,2016-04-01,0,21,52,9,2,84
VACAS,"anticoncepcion, prevencion de its y de cancer de cuello uterino",numero de personas que recibieron orientacion en anticoncepcion,2016-04-01,1,7,41,31,1,81
VALLEGRANDE,"anticoncepcion, prevencion de its y de cancer de cuello uterino",numero de personas que recibieron orientacion en anticoncepcion,2016-04-01,0,9,46,23,8,86
VIACHA,"anticoncepcion, prevencion de its y de cancer de cuello uterino",numero de personas que recibieron orientacion en anticoncepcion,2016-04-01,0,28,172,56,8,264
VILA VILA,"anticoncepcion, prevencion de its y de cancer de cuello uterino",numero de personas que recibieron orientacion en anticoncepcion,2016-04-01,0,4,4,4,0,12
VILLA CHARCAS,"anticoncepcion, prevencion de its y de cancer de cuello uterino",numero de personas que recibieron orientacion en anticoncepcion,2016-04-01,43,47,19,6,0,115
VILLA MONTES,"anticoncepcion, prevencion de its y de cancer de cuello uterino",numero de personas que recibieron orientacion en anticoncepcion,2016-04-01,0,14,81,39,0,134
VILLA NUEVA (LOMA ALTA),"anticoncepcion, prevencion de its y de cancer de cuello uterino",numero de personas que recibieron orientacion en anticoncepcion,2016-04-01,0,0,0,2,0,2
VILLA RIVERO,"anticoncepcion, prevencion de its y de cancer de cuello uterino",numero de personas que recibieron orientacion en anticoncepcion,2016-04-01,0,5,21,11,0,37
VILLA SERRANO,"anticoncepcion, prevencion de its y de cancer de cuello uterino",numero de personas que recibieron orientacion en anticoncepcion,2016-04-01,53,113,67,30,6,269
VILLA TUNARI,"anticoncepcion, prevencion de its y de cancer de cuello uterino",numero de personas que recibieron orientacion en anticoncepcion,2016-04-01,3,54,236,91,3,387
VILLA VACA GUZMAN (MUYUPAMPA),"anticoncepcion, prevencion de its y de cancer de cuello uterino",numero de personas que recibieron orientacion en anticoncepcion,2016-04-01,14,18,11,3,0,46
VILLAZON,"anticoncepcion, prevencion de its y de cancer de cuello uterino",numero de personas que recibieron orientacion en anticoncepcion,2016-04-01,0,23,95,25,1,144
VINTO,"anticoncepcion, prevencion de its y de cancer de cuello uterino",numero de personas que recibieron orientacion en anticoncepcion,2016-04-01,13,131,319,64,0,527
VITICHI,"anticoncepcion, prevencion de its y de cancer de cuello uterino",numero de personas que recibieron orientacion en anticoncepcion,2016-04-01,0,8,20,9,0,37
WALDO BALLIVIAN,"anticoncepcion, prevencion de its y de cancer de cuello uterino",numero de personas que recibieron orientacion en anticoncepcion,2016-04-01,0,0,1,0,0,1
WARNES,"anticoncepcion, prevencion de its y de cancer de cuello uterino",numero de personas que recibieron orientacion en anticoncepcion,2016-04-01,0,40,159,30,7,236
YACO,"anticoncepcion, prevencion de its y de cancer de cuello uterino",numero de personas que recibieron orientacion en anticoncepcion,2016-04-01,0,1,5,2,0,8
YACUIBA,"anticoncepcion, prevencion de its y de cancer de cuello uterino",numero de personas que recibieron orientacion en anticoncepcion,2016-04-01,0,34,196,82,9,321
YAMPARAEZ,"anticoncepcion, prevencion de its y de cancer de cuello uterino",numero de personas que recibieron orientacion en anticoncepcion,2016-04-01,68,80,40,31,17,236
YANACACHI,"anticoncepcion, prevencion de its y de cancer de cuello uterino",numero de personas que recibieron orientacion en anticoncepcion,2016-04-01,0,4,5,5,0,14
YAPACANI,"anticoncepcion, prevencion de its y de cancer de cuello uterino",numero de personas que recibieron orientacion en anticoncepcion,2016-04-01,2,18,66,20,2,108
YOCALLA,"anticoncepcion, prevencion de its y de cancer de cuello uterino",numero de personas que recibieron orientacion en anticoncepcion,2016-04-01,0,2,10,3,0,15
YOTALA,"anticoncepcion, prevencion de its y de cancer de cuello uterino",numero de personas que recibieron orientacion en anticoncepcion,2016-04-01,21,53,29,23,1,127
YUNCHARA,"anticoncepcion, prevencion de its y de cancer de cuello uterino",numero de personas que recibieron orientacion en anticoncepcion,2016-04-01,0,2,14,10,1,27
ZUDAÑEZ,"anticoncepcion, prevencion de its y de cancer de cuello uterino",numero de personas que recibieron orientacion en anticoncepcion,2016-04-01,2,21,49,31,0,103
ACACIO,"anticoncepcion, prevencion de its y de cancer de cuello uterino",numero de personas que recibieron orientacion en anticoncepcion,2016-05-01,0,3,7,14,0,24
ACHACACHI,"anticoncepcion, prevencion de its y de cancer de cuello uterino",numero de personas que recibieron orientacion en anticoncepcion,2016-05-01,0,8,31,13,5,57
ACHOCALLA,"anticoncepcion, prevencion de its y de cancer de cuello uterino",numero de personas que recibieron orientacion en anticoncepcion,2016-05-01,0,7,62,19,8,96
AIQUILE,"anticoncepcion, prevencion de its y de cancer de cuello uterino",numero de personas que recibieron orientacion en anticoncepcion,2016-05-01,1,14,43,21,0,79
ALALAY,"anticoncepcion, prevencion de its y de cancer de cuello uterino",numero de personas que recibieron orientacion en anticoncepcion,2016-05-01,0,0,5,6,0,11
ALCALA,"anticoncepcion, prevencion de its y de cancer de cuello uterino",numero de personas que recibieron orientacion en anticoncepcion,2016-05-01,16,37,20,14,4,91
ALTO BENI,"anticoncepcion, prevencion de its y de cancer de cuello uterino",numero de personas que recibieron orientacion en anticoncepcion,2016-05-01,0,2,19,3,3,27
ANCORAIMES,"anticoncepcion, prevencion de its y de cancer de cuello uterino",numero de personas que recibieron orientacion en anticoncepcion,2016-05-01,0,7,14,8,0,29
ANDAMARCA,"anticoncepcion, prevencion de its y de cancer de cuello uterino",numero de personas que recibieron orientacion en anticoncepcion,2016-05-01,0,3,29,12,1,45
ANTEQUERA,"anticoncepcion, prevencion de its y de cancer de cuello uterino",numero de personas que recibieron orientacion en anticoncepcion,2016-05-01,0,2,4,0,0,6
ANZALDO,"anticoncepcion, prevencion de its y de cancer de cuello uterino",numero de personas que recibieron orientacion en anticoncepcion,2016-05-01,0,1,19,8,0,28
APOLO,"anticoncepcion, prevencion de its y de cancer de cuello uterino",numero de personas que recibieron orientacion en anticoncepcion,2016-05-01,0,5,28,26,6,65
ARAMPAMPA,"anticoncepcion, prevencion de its y de cancer de cuello uterino",numero de personas que recibieron orientacion en anticoncepcion,2016-05-01,0,3,17,14,0,34
ARANI,"anticoncepcion, prevencion de its y de cancer de cuello uterino",numero de personas que recibieron orientacion en anticoncepcion,2016-05-01,0,3,24,7,1,35
ARBIETO,"anticoncepcion, prevencion de its y de cancer de cuello uterino",numero de personas que recibieron orientacion en anticoncepcion,2016-05-01,1,21,92,26,4,144
ARQUE,"anticoncepcion, prevencion de its y de cancer de cuello uterino",numero de personas que recibieron orientacion en anticoncepcion,2016-05-01,0,5,33,22,0,60
ASCENCION DE GUARAYOS,"anticoncepcion, prevencion de its y de cancer de cuello uterino",numero de personas que recibieron orientacion en anticoncepcion,2016-05-01,15,43,117,43,4,222
ATOCHA,"anticoncepcion, prevencion de its y de cancer de cuello uterino",numero de personas que recibieron orientacion en anticoncepcion,2016-05-01,0,10,38,18,2,68
AUCAPATA,"anticoncepcion, prevencion de its y de cancer de cuello uterino",numero de personas que recibieron orientacion en anticoncepcion,2016-05-01,1,1,16,13,0,31
AYATA,"anticoncepcion, prevencion de its y de cancer de cuello uterino",numero de personas que recibieron orientacion en anticoncepcion,2016-05-01,0,0,13,8,1,22
AYO AYO,"anticoncepcion, prevencion de its y de cancer de cuello uterino",numero de personas que recibieron orientacion en anticoncepcion,2016-05-01,0,0,4,3,0,7
AYOPAYA (V. DE INDEPENDENCIA),"anticoncepcion, prevencion de its y de cancer de cuello uterino",numero de personas que recibieron orientacion en anticoncepcion,2016-05-01,0,16,74,36,1,127
AZURDUY,"anticoncepcion, prevencion de its y de cancer de cuello uterino",numero de personas que recibieron orientacion en anticoncepcion,2016-05-01,47,115,60,52,7,281
BATALLAS,"anticoncepcion, prevencion de its y de cancer de cuello uterino",numero de personas que recibieron orientacion en anticoncepcion,2016-05-01,0,11,50,29,1,91
BAURES,"anticoncepcion, prevencion de its y de cancer de cuello uterino",numero de personas que recibieron orientacion en anticoncepcion,2016-05-01,0,5,19,3,0,27
BELEN DE ANDAMARCA,"anticoncepcion, prevencion de its y de cancer de cuello uterino",numero de personas que recibieron orientacion en anticoncepcion,2016-05-01,0,0,3,3,0,6
BELEN DE URMIRI,"anticoncepcion, prevencion de its y de cancer de cuello uterino",numero de personas que recibieron orientacion en anticoncepcion,2016-05-01,0,2,0,1,1,4
BELLA FLOR,"anticoncepcion, prevencion de its y de cancer de cuello uterino",numero de personas que recibieron orientacion en anticoncepcion,2016-05-01,0,0,7,0,0,7
BERMEJO,"anticoncepcion, prevencion de its y de cancer de cuello uterino",numero de personas que recibieron orientacion en anticoncepcion,2016-05-01,3,21,208,106,17,355
BETANZOS,"anticoncepcion, prevencion de its y de cancer de cuello uterino",numero de personas que recibieron orientacion en anticoncepcion,2016-05-01,0,9,41,31,2,83
BOLIVAR,"anticoncepcion, prevencion de its y de cancer de cuello uterino",numero de personas que recibieron orientacion en anticoncepcion,2016-05-01,0,0,12,9,0,21
BOLPEBRA,"anticoncepcion, prevencion de its y de cancer de cuello uterino",numero de personas que recibieron orientacion en anticoncepcion,2016-05-01,0,3,3,5,0,11
BOYUIBE,"anticoncepcion, prevencion de its y de cancer de cuello uterino",numero de personas que recibieron orientacion en anticoncepcion,2016-05-01,0,1,13,6,0,20
BUENA VISTA,"anticoncepcion, prevencion de its y de cancer de cuello uterino",numero de personas que recibieron orientacion en anticoncepcion,2016-05-01,1,0,11,1,0,13
CABEZAS,"anticoncepcion, prevencion de its y de cancer de cuello uterino",numero de personas que recibieron orientacion en anticoncepcion,2016-05-01,0,17,88,6,0,111
CAIROMA,"anticoncepcion, prevencion de its y de cancer de cuello uterino",numero de personas que recibieron orientacion en anticoncepcion,2016-05-01,0,2,10,7,0,19
"CAIZA ""D""","anticoncepcion, prevencion de its y de cancer de cuello uterino",numero de personas que recibieron orientacion en anticoncepcion,2016-05-01,0,11,43,15,8,77
CAJUATA,"anticoncepcion, prevencion de its y de cancer de cuello uterino",numero de personas que recibieron orientacion en anticoncepcion,2016-05-01,0,4,22,10,0,36
CALAMARCA,"anticoncepcion, prevencion de its y de cancer de cuello uterino",numero de personas que recibieron orientacion en anticoncepcion,2016-05-01,0,3,24,5,0,32
CAMARGO,"anticoncepcion, prevencion de its y de cancer de cuello uterino",numero de personas que recibieron orientacion en anticoncepcion,2016-05-01,5,108,46,22,1,182
CAMATAQUI (C. VILLA ABECIA),"anticoncepcion, prevencion de its y de cancer de cuello uterino",numero de personas que recibieron orientacion en anticoncepcion,2016-05-01,1,48,8,2,0,59
CAMIRI,"anticoncepcion, prevencion de its y de cancer de cuello uterino",numero de personas que recibieron orientacion en anticoncepcion,2016-05-01,1,22,54,9,0,86
CAPINOTA,"anticoncepcion, prevencion de its y de cancer de cuello uterino",numero de personas que recibieron orientacion en anticoncepcion,2016-05-01,0,8,15,6,0,29
CAQUIAVIRI,"anticoncepcion, prevencion de its y de cancer de cuello uterino",numero de personas que recibieron orientacion en anticoncepcion,2016-05-01,0,1,6,4,0,11
CARACOLLO,"anticoncepcion, prevencion de its y de cancer de cuello uterino",numero de personas que recibieron orientacion en anticoncepcion,2016-05-01,0,6,32,8,0,46
CARANAVI,"anticoncepcion, prevencion de its y de cancer de cuello uterino",numero de personas que recibieron orientacion en anticoncepcion,2016-05-01,2,46,277,153,34,512
CARANGAS,"anticoncepcion, prevencion de its y de cancer de cuello uterino",numero de personas que recibieron orientacion en anticoncepcion,2016-05-01,0,0,1,0,0,1
CARAPARI,"anticoncepcion, prevencion de its y de cancer de cuello uterino",numero de personas que recibieron orientacion en anticoncepcion,2016-05-01,0,2,20,20,5,47
CARIPUYO,"anticoncepcion, prevencion de its y de cancer de cuello uterino",numero de personas que recibieron orientacion en anticoncepcion,2016-05-01,0,11,17,9,7,44
CARMEN RIVERO TORREZ,"anticoncepcion, prevencion de its y de cancer de cuello uterino",numero de personas que recibieron orientacion en anticoncepcion,2016-05-01,1,3,8,3,0,15
CATACORA,"anticoncepcion, prevencion de its y de cancer de cuello uterino",numero de personas que recibieron orientacion en anticoncepcion,2016-05-01,0,0,1,1,0,2
CHACARILLA,"anticoncepcion, prevencion de its y de cancer de cuello uterino",numero de personas que recibieron orientacion en anticoncepcion,2016-05-01,0,2,1,2,0,5
CHALLAPATA,"anticoncepcion, prevencion de its y de cancer de cuello uterino",numero de personas que recibieron orientacion en anticoncepcion,2016-05-01,0,21,100,45,0,166
CHAQUI,"anticoncepcion, prevencion de its y de cancer de cuello uterino",numero de personas que recibieron orientacion en anticoncepcion,2016-05-01,0,36,52,44,15,147
CHARAGUA,"anticoncepcion, prevencion de its y de cancer de cuello uterino",numero de personas que recibieron orientacion en anticoncepcion,2016-05-01,0,2,19,16,0,37
CHAYANTA,"anticoncepcion, prevencion de its y de cancer de cuello uterino",numero de personas que recibieron orientacion en anticoncepcion,2016-05-01,0,4,28,8,0,40
CHIMORE,"anticoncepcion, prevencion de its y de cancer de cuello uterino",numero de personas que recibieron orientacion en anticoncepcion,2016-05-01,10,18,106,47,2,183
CHIPAYA,"anticoncepcion, prevencion de its y de cancer de cuello uterino",numero de personas que recibieron orientacion en anticoncepcion,2016-05-01,0,2,1,0,0,3
CHOQUE COTA,"anticoncepcion, prevencion de its y de cancer de cuello uterino",numero de personas que recibieron orientacion en anticoncepcion,2016-05-01,0,1,4,1,1,7
CHUA COCANI,"anticoncepcion, prevencion de its y de cancer de cuello uterino",numero de personas que recibieron orientacion en anticoncepcion,2016-05-01,0,1,4,1,0,6
CHULUMANI (V. DE LA LIBERTAD),"anticoncepcion, prevencion de its y de cancer de cuello uterino",numero de personas que recibieron orientacion en anticoncepcion,2016-05-01,0,7,51,9,0,67
CHUMA,"anticoncepcion, prevencion de its y de cancer de cuello uterino",numero de personas que recibieron orientacion en anticoncepcion,2016-05-01,0,4,27,21,8,60
CHUQUIHUTA AYLLU JUCUMANI,"anticoncepcion, prevencion de its y de cancer de cuello uterino",numero de personas que recibieron orientacion en anticoncepcion,2016-05-01,1,1,15,12,0,29
CKOCHAS,"anticoncepcion, prevencion de its y de cancer de cuello uterino",numero de personas que recibieron orientacion en anticoncepcion,2016-05-01,1,9,26,19,6,61
CLIZA,"anticoncepcion, prevencion de its y de cancer de cuello uterino",numero de personas que recibieron orientacion en anticoncepcion,2016-05-01,1,8,67,26,1,103
COBIJA,"anticoncepcion, prevencion de its y de cancer de cuello uterino",numero de personas que recibieron orientacion en anticoncepcion,2016-05-01,1,59,280,110,21,471
COCAPATA,"anticoncepcion, prevencion de its y de cancer de cuello uterino",numero de personas que recibieron orientacion en anticoncepcion,2016-05-01,3,23,77,35,0,138
COCHABAMBA,"anticoncepcion, prevencion de its y de cancer de cuello uterino",numero de personas que recibieron orientacion en anticoncepcion,2016-05-01,35,514,2366,553,40,3508
COIPASA,"anticoncepcion, prevencion de its y de cancer de cuello uterino",numero de personas que recibieron orientacion en anticoncepcion,2016-05-01,0,2,13,0,0,15
COLCAPIRHUA,"anticoncepcion, prevencion de its y de cancer de cuello uterino",numero de personas que recibieron orientacion en anticoncepcion,2016-05-01,3,228,633,142,6,1012
"COLCHA ""K""","anticoncepcion, prevencion de its y de cancer de cuello uterino",numero de personas que recibieron orientacion en anticoncepcion,2016-05-01,0,5,22,2,0,29
COLLANA,"anticoncepcion, prevencion de its y de cancer de cuello uterino",numero de personas que recibieron orientacion en anticoncepcion,2016-05-01,0,0,5,0,0,5
COLOMI,"anticoncepcion, prevencion de its y de cancer de cuello uterino",numero de personas que recibieron orientacion en anticoncepcion,2016-05-01,1,19,74,20,1,115
COLPA BELGICA,"anticoncepcion, prevencion de its y de cancer de cuello uterino",numero de personas que recibieron orientacion en anticoncepcion,2016-05-01,2,2,3,0,0,7
COLQUECHACA,"anticoncepcion, prevencion de its y de cancer de cuello uterino",numero de personas que recibieron orientacion en anticoncepcion,2016-05-01,0,12,43,15,0,70
COLQUENCHA,"anticoncepcion, prevencion de its y de cancer de cuello uterino",numero de personas que recibieron orientacion en anticoncepcion,2016-05-01,0,2,3,2,0,7
COLQUIRI,"anticoncepcion, prevencion de its y de cancer de cuello uterino",numero de personas que recibieron orientacion en anticoncepcion,2016-05-01,0,10,23,2,0,35
COMANCHE,"anticoncepcion, prevencion de its y de cancer de cuello uterino",numero de personas que recibieron orientacion en anticoncepcion,2016-05-01,0,0,1,0,0,1
COMARAPA,"anticoncepcion, prevencion de its y de cancer de cuello uterino",numero de personas que recibieron orientacion en anticoncepcion,2016-05-01,0,9,32,14,0,55
COMBAYA,"anticoncepcion, prevencion de its y de cancer de cuello uterino",numero de personas que recibieron orientacion en anticoncepcion,2016-05-01,0,2,7,3,0,12
CONCEPCION,"anticoncepcion, prevencion de its y de cancer de cuello uterino",numero de personas que recibieron orientacion en anticoncepcion,2016-05-01,0,1,3,3,0,7
COPACABANA,"anticoncepcion, prevencion de its y de cancer de cuello uterino",numero de personas que recibieron orientacion en anticoncepcion,2016-05-01,0,0,11,10,0,21
CORIPATA,"anticoncepcion, prevencion de its y de cancer de cuello uterino",numero de personas que recibieron orientacion en anticoncepcion,2016-05-01,0,4,25,4,0,33
CORO CORO,"anticoncepcion, prevencion de its y de cancer de cuello uterino",numero de personas que recibieron orientacion en anticoncepcion,2016-05-01,0,1,0,1,0,2
COROICO,"anticoncepcion, prevencion de its y de cancer de cuello uterino",numero de personas que recibieron orientacion en anticoncepcion,2016-05-01,0,1,12,3,0,16
CORQUE,"anticoncepcion, prevencion de its y de cancer de cuello uterino",numero de personas que recibieron orientacion en anticoncepcion,2016-05-01,2,2,19,2,2,27
COTAGAITA,"anticoncepcion, prevencion de its y de cancer de cuello uterino",numero de personas que recibieron orientacion en anticoncepcion,2016-05-01,4,31,114,85,25,259
COTOCA,"anticoncepcion, prevencion de its y de cancer de cuello uterino",numero de personas que recibieron orientacion en anticoncepcion,2016-05-01,1,21,71,9,0,102
CUATRO CAÑADAS,"anticoncepcion, prevencion de its y de cancer de cuello uterino",numero de personas que recibieron orientacion en anticoncepcion,2016-05-01,6,25,52,19,3,105
CUCHUMUELA (V. G. VILLARROEL),"anticoncepcion, prevencion de its y de cancer de cuello uterino",numero de personas que recibieron orientacion en anticoncepcion,2016-05-01,1,1,21,4,11,38
CUEVO,"anticoncepcion, prevencion de its y de cancer de cuello uterino",numero de personas que recibieron orientacion en anticoncepcion,2016-05-01,0,4,0,1,0,5
CULPINA,"anticoncepcion, prevencion de its y de cancer de cuello uterino",numero de personas que recibieron orientacion en anticoncepcion,2016-05-01,270,363,109,107,7,856
CURAHUARA DE CARANGAS,"anticoncepcion, prevencion de its y de cancer de cuello uterino",numero de personas que recibieron orientacion en anticoncepcion,2016-05-01,0,3,1,5,0,9
CURVA,"anticoncepcion, prevencion de its y de cancer de cuello uterino",numero de personas que recibieron orientacion en anticoncepcion,2016-05-01,1,2,13,8,3,27
DESAGUADERO,"anticoncepcion, prevencion de its y de cancer de cuello uterino",numero de personas que recibieron orientacion en anticoncepcion,2016-05-01,0,0,7,2,0,9
EL ALTO,"anticoncepcion, prevencion de its y de cancer de cuello uterino",numero de personas que recibieron orientacion en anticoncepcion,2016-05-01,4,338,2396,793,122,3653
EL CHORO,"anticoncepcion, prevencion de its y de cancer de cuello uterino",numero de personas que recibieron orientacion en anticoncepcion,2016-05-01,0,0,5,1,0,6
EL PUENTE(STC),"anticoncepcion, prevencion de its y de cancer de cuello uterino",numero de personas que recibieron orientacion en anticoncepcion,2016-05-01,0,1,12,4,0,17
EL PUENTE(TJA),"anticoncepcion, prevencion de its y de cancer de cuello uterino",numero de personas que recibieron orientacion en anticoncepcion,2016-05-01,0,9,44,24,1,78
EL TORNO,"anticoncepcion, prevencion de its y de cancer de cuello uterino",numero de personas que recibieron orientacion en anticoncepcion,2016-05-01,13,52,112,46,12,235
EL VILLAR,"anticoncepcion, prevencion de its y de cancer de cuello uterino",numero de personas que recibieron orientacion en anticoncepcion,2016-05-01,51,98,8,2,0,159
ENTRE RIOS TRJ,"anticoncepcion, prevencion de its y de cancer de cuello uterino",numero de personas que recibieron orientacion en anticoncepcion,2016-05-01,0,22,46,12,2,82
ENTRE RIOS CBBA,"anticoncepcion, prevencion de its y de cancer de cuello uterino",numero de personas que recibieron orientacion en anticoncepcion,2016-05-01,1,7,74,8,0,90
ESCARA,"anticoncepcion, prevencion de its y de cancer de cuello uterino",numero de personas que recibieron orientacion en anticoncepcion,2016-05-01,0,3,1,2,1,7
ESCOMA,"anticoncepcion, prevencion de its y de cancer de cuello uterino",numero de personas que recibieron orientacion en anticoncepcion,2016-05-01,0,1,5,4,0,10
ESMERALDA,"anticoncepcion, prevencion de its y de cancer de cuello uterino",numero de personas que recibieron orientacion en anticoncepcion,2016-05-01,1,3,20,4,0,28
EUCALIPTUS,"anticoncepcion, prevencion de its y de cancer de cuello uterino",numero de personas que recibieron orientacion en anticoncepcion,2016-05-01,0,0,9,6,0,15
EUREKA (SANTOS MERCADO),"anticoncepcion, prevencion de its y de cancer de cuello uterino",numero de personas que recibieron orientacion en anticoncepcion,2016-05-01,0,6,5,0,0,11
EXALTACION,"anticoncepcion, prevencion de its y de cancer de cuello uterino",numero de personas que recibieron orientacion en anticoncepcion,2016-05-01,0,5,10,2,0,17
FERNANDEZ ALONSO,"anticoncepcion, prevencion de its y de cancer de cuello uterino",numero de personas que recibieron orientacion en anticoncepcion,2016-05-01,1,7,21,9,3,41
FILADELFIA,"anticoncepcion, prevencion de its y de cancer de cuello uterino",numero de personas que recibieron orientacion en anticoncepcion,2016-05-01,1,7,47,13,1,69
GENERAL SAAVEDRA,"anticoncepcion, prevencion de its y de cancer de cuello uterino",numero de personas que recibieron orientacion en anticoncepcion,2016-05-01,1,10,44,17,2,74
GRAL. J.J. PEREZ (CHARAZANI),"anticoncepcion, prevencion de its y de cancer de cuello uterino",numero de personas que recibieron orientacion en anticoncepcion,2016-05-01,0,2,17,21,2,42
GUANAY,"anticoncepcion, prevencion de its y de cancer de cuello uterino",numero de personas que recibieron orientacion en anticoncepcion,2016-05-01,0,5,32,15,3,55
GUAQUI,"anticoncepcion, prevencion de its y de cancer de cuello uterino",numero de personas que recibieron orientacion en anticoncepcion,2016-05-01,0,3,10,0,0,13
GUAYARAMERIN,"anticoncepcion, prevencion de its y de cancer de cuello uterino",numero de personas que recibieron orientacion en anticoncepcion,2016-05-01,3,54,186,58,1,302
GUTIERREZ,"anticoncepcion, prevencion de its y de cancer de cuello uterino",numero de personas que recibieron orientacion en anticoncepcion,2016-05-01,0,0,23,7,0,30
HUACARETA,"anticoncepcion, prevencion de its y de cancer de cuello uterino",numero de personas que recibieron orientacion en anticoncepcion,2016-05-01,10,31,42,23,9,115
HUACAYA (VILLA DE HUACAYA),"anticoncepcion, prevencion de its y de cancer de cuello uterino",numero de personas que recibieron orientacion en anticoncepcion,2016-05-01,4,69,17,12,4,106
HUACHACALLA,"anticoncepcion, prevencion de its y de cancer de cuello uterino",numero de personas que recibieron orientacion en anticoncepcion,2016-05-01,0,1,1,1,0,3
HUANUNI,"anticoncepcion, prevencion de its y de cancer de cuello uterino",numero de personas que recibieron orientacion en anticoncepcion,2016-05-01,0,1,26,5,1,33
HUARACAJE,"anticoncepcion, prevencion de its y de cancer de cuello uterino",numero de personas que recibieron orientacion en anticoncepcion,2016-05-01,0,7,35,12,0,54
HUARINA,"anticoncepcion, prevencion de its y de cancer de cuello uterino",numero de personas que recibieron orientacion en anticoncepcion,2016-05-01,0,1,6,4,1,12
HUATAJATA,"anticoncepcion, prevencion de its y de cancer de cuello uterino",numero de personas que recibieron orientacion en anticoncepcion,2016-05-01,0,0,1,1,0,2
HUAYLLAMARCA,"anticoncepcion, prevencion de its y de cancer de cuello uterino",numero de personas que recibieron orientacion en anticoncepcion,2016-05-01,0,2,3,4,0,9
HUMANATA,"anticoncepcion, prevencion de its y de cancer de cuello uterino",numero de personas que recibieron orientacion en anticoncepcion,2016-05-01,0,1,0,0,0,1
ICHOCA,"anticoncepcion, prevencion de its y de cancer de cuello uterino",numero de personas que recibieron orientacion en anticoncepcion,2016-05-01,0,0,10,2,0,12
ICLA,"anticoncepcion, prevencion de its y de cancer de cuello uterino",numero de personas que recibieron orientacion en anticoncepcion,2016-05-01,115,144,8,5,0,272
INCAHUASI,"anticoncepcion, prevencion de its y de cancer de cuello uterino",numero de personas que recibieron orientacion en anticoncepcion,2016-05-01,13,77,31,16,2,139
INGAVI (HUMAITA),"anticoncepcion, prevencion de its y de cancer de cuello uterino",numero de personas que recibieron orientacion en anticoncepcion,2016-05-01,0,0,3,0,1,4
INQUISIVI,"anticoncepcion, prevencion de its y de cancer de cuello uterino",numero de personas que recibieron orientacion en anticoncepcion,2016-05-01,1,13,17,6,0,37
IRUPANA (VILLA DE LANZA),"anticoncepcion, prevencion de its y de cancer de cuello uterino",numero de personas que recibieron orientacion en anticoncepcion,2016-05-01,0,7,33,10,0,50
IXIAMAS,"anticoncepcion, prevencion de its y de cancer de cuello uterino",numero de personas que recibieron orientacion en anticoncepcion,2016-05-01,0,3,19,3,0,25
JESUS DE MACHACA,"anticoncepcion, prevencion de its y de cancer de cuello uterino",numero de personas que recibieron orientacion en anticoncepcion,2016-05-01,0,0,14,9,0,23
LA ASUNTA,"anticoncepcion, prevencion de its y de cancer de cuello uterino",numero de personas que recibieron orientacion en anticoncepcion,2016-05-01,1,19,59,11,0,90
LA GUARDIA,"anticoncepcion, prevencion de its y de cancer de cuello uterino",numero de personas que recibieron orientacion en anticoncepcion,2016-05-01,3,52,242,66,14,377
LA PAZ,"anticoncepcion, prevencion de its y de cancer de cuello uterino",numero de personas que recibieron orientacion en anticoncepcion,2016-05-01,2,186,1971,673,116,2948
LAGUNILLAS,"anticoncepcion, prevencion de its y de cancer de cuello uterino",numero de personas que recibieron orientacion en anticoncepcion,2016-05-01,0,4,16,9,0,29
LAJA,"anticoncepcion, prevencion de its y de cancer de cuello uterino",numero de personas que recibieron orientacion en anticoncepcion,2016-05-01,0,8,18,9,0,35
LAS CARRERAS,"anticoncepcion, prevencion de its y de cancer de cuello uterino",numero de personas que recibieron orientacion en anticoncepcion,2016-05-01,0,5,11,4,1,21
LICOMA PAMPA,"anticoncepcion, prevencion de its y de cancer de cuello uterino",numero de personas que recibieron orientacion en anticoncepcion,2016-05-01,0,1,1,0,0,2
LLALLAGUA,"anticoncepcion, prevencion de its y de cancer de cuello uterino",numero de personas que recibieron orientacion en anticoncepcion,2016-05-01,0,53,231,96,9,389
LLICA,"anticoncepcion, prevencion de its y de cancer de cuello uterino",numero de personas que recibieron orientacion en anticoncepcion,2016-05-01,0,1,26,7,7,41
LORETO,"anticoncepcion, prevencion de its y de cancer de cuello uterino",numero de personas que recibieron orientacion en anticoncepcion,2016-05-01,0,5,43,4,0,52
LURIBAY,"anticoncepcion, prevencion de its y de cancer de cuello uterino",numero de personas que recibieron orientacion en anticoncepcion,2016-05-01,0,1,11,6,0,18
MACHACAMARCA,"anticoncepcion, prevencion de its y de cancer de cuello uterino",numero de personas que recibieron orientacion en anticoncepcion,2016-05-01,0,1,7,3,0,11
MACHARETI,"anticoncepcion, prevencion de its y de cancer de cuello uterino",numero de personas que recibieron orientacion en anticoncepcion,2016-05-01,21,52,9,1,1,84
MAGDALENA,"anticoncepcion, prevencion de its y de cancer de cuello uterino",numero de personas que recibieron orientacion en anticoncepcion,2016-05-01,0,13,48,8,0,69
MAIRANA,"anticoncepcion, prevencion de its y de cancer de cuello uterino",numero de personas que recibieron orientacion en anticoncepcion,2016-05-01,1,6,19,12,0,38
MALLA,"anticoncepcion, prevencion de its y de cancer de cuello uterino",numero de personas que recibieron orientacion en anticoncepcion,2016-05-01,0,1,5,7,3,16
MAPIRI,"anticoncepcion, prevencion de its y de cancer de cuello uterino",numero de personas que recibieron orientacion en anticoncepcion,2016-05-01,0,4,26,9,4,43
MECAPACA,"anticoncepcion, prevencion de its y de cancer de cuello uterino",numero de personas que recibieron orientacion en anticoncepcion,2016-05-01,0,3,10,8,0,21
MINEROS,"anticoncepcion, prevencion de its y de cancer de cuello uterino",numero de personas que recibieron orientacion en anticoncepcion,2016-05-01,0,12,51,25,7,95
MIZQUE,"anticoncepcion, prevencion de its y de cancer de cuello uterino",numero de personas que recibieron orientacion en anticoncepcion,2016-05-01,1,39,117,59,2,218
MOCOMOCO,"anticoncepcion, prevencion de its y de cancer de cuello uterino",numero de personas que recibieron orientacion en anticoncepcion,2016-05-01,0,7,15,2,0,24
MOJINETE,"anticoncepcion, prevencion de its y de cancer de cuello uterino",numero de personas que recibieron orientacion en anticoncepcion,2016-05-01,0,0,1,2,0,3
MOJOCOYA,"anticoncepcion, prevencion de its y de cancer de cuello uterino",numero de personas que recibieron orientacion en anticoncepcion,2016-05-01,12,28,34,16,5,95
MONTEAGUDO,"anticoncepcion, prevencion de its y de cancer de cuello uterino",numero de personas que recibieron orientacion en anticoncepcion,2016-05-01,0,29,118,53,8,208
MONTERO,"anticoncepcion, prevencion de its y de cancer de cuello uterino",numero de personas que recibieron orientacion en anticoncepcion,2016-05-01,7,85,258,91,4,445
MORO MORO,"anticoncepcion, prevencion de its y de cancer de cuello uterino",numero de personas que recibieron orientacion en anticoncepcion,2016-05-01,1,1,0,0,0,2
MOROCHATA,"anticoncepcion, prevencion de its y de cancer de cuello uterino",numero de personas que recibieron orientacion en anticoncepcion,2016-05-01,4,16,39,23,0,82
NACEBE (SANTA ROSA DEL ABUNA),"anticoncepcion, prevencion de its y de cancer de cuello uterino",numero de personas que recibieron orientacion en anticoncepcion,2016-05-01,0,2,14,2,1,19
NUEVO MANOA (NUEVA ESPERANZA),"anticoncepcion, prevencion de its y de cancer de cuello uterino",numero de personas que recibieron orientacion en anticoncepcion,2016-05-01,0,0,7,1,0,8
OCURI,"anticoncepcion, prevencion de its y de cancer de cuello uterino",numero de personas que recibieron orientacion en anticoncepcion,2016-05-01,0,7,44,10,0,61
OKINAWA,"anticoncepcion, prevencion de its y de cancer de cuello uterino",numero de personas que recibieron orientacion en anticoncepcion,2016-05-01,0,6,28,14,1,49
OMEREQUE,"anticoncepcion, prevencion de its y de cancer de cuello uterino",numero de personas que recibieron orientacion en anticoncepcion,2016-05-01,0,7,16,18,1,42
ORURO,"anticoncepcion, prevencion de its y de cancer de cuello uterino",numero de personas que recibieron orientacion en anticoncepcion,2016-05-01,1,146,869,421,85,1522
PADCAYA,"anticoncepcion, prevencion de its y de cancer de cuello uterino",numero de personas que recibieron orientacion en anticoncepcion,2016-05-01,3,18,70,40,1,132
PADILLA,"anticoncepcion, prevencion de its y de cancer de cuello uterino",numero de personas que recibieron orientacion en anticoncepcion,2016-05-01,28,85,66,35,9,223
PAILON,"anticoncepcion, prevencion de its y de cancer de cuello uterino",numero de personas que recibieron orientacion en anticoncepcion,2016-05-01,3,56,189,32,5,285
PALCA,"anticoncepcion, prevencion de its y de cancer de cuello uterino",numero de personas que recibieron orientacion en anticoncepcion,2016-05-01,0,9,52,17,4,82
PALOS BLANCOS,"anticoncepcion, prevencion de its y de cancer de cuello uterino",numero de personas que recibieron orientacion en anticoncepcion,2016-05-01,0,17,85,42,5,149
PAMPA AULLAGAS,"anticoncepcion, prevencion de its y de cancer de cuello uterino",numero de personas que recibieron orientacion en anticoncepcion,2016-05-01,0,4,2,6,0,12
PAMPA GRANDE,"anticoncepcion, prevencion de its y de cancer de cuello uterino",numero de personas que recibieron orientacion en anticoncepcion,2016-05-01,0,2,16,2,0,20
PAPEL PAMPA,"anticoncepcion, prevencion de its y de cancer de cuello uterino",numero de personas que recibieron orientacion en anticoncepcion,2016-05-01,0,0,2,2,0,4
PASORAPA,"anticoncepcion, prevencion de its y de cancer de cuello uterino",numero de personas que recibieron orientacion en anticoncepcion,2016-05-01,0,1,15,4,2,22
PATACAMAYA,"anticoncepcion, prevencion de its y de cancer de cuello uterino",numero de personas que recibieron orientacion en anticoncepcion,2016-05-01,0,6,21,4,1,32
PAZÑA,"anticoncepcion, prevencion de its y de cancer de cuello uterino",numero de personas que recibieron orientacion en anticoncepcion,2016-05-01,0,2,19,2,0,23
PELECHUCO,"anticoncepcion, prevencion de its y de cancer de cuello uterino",numero de personas que recibieron orientacion en anticoncepcion,2016-05-01,0,2,50,21,6,79
POCOATA,"anticoncepcion, prevencion de its y de cancer de cuello uterino",numero de personas que recibieron orientacion en anticoncepcion,2016-05-01,3,26,41,33,8,111
POCONA,"anticoncepcion, prevencion de its y de cancer de cuello uterino",numero de personas que recibieron orientacion en anticoncepcion,2016-05-01,1,21,74,53,28,177
POJO (CBBA),"anticoncepcion, prevencion de its y de cancer de cuello uterino",numero de personas que recibieron orientacion en anticoncepcion,2016-05-01,0,7,20,6,0,33
POOPO,"anticoncepcion, prevencion de its y de cancer de cuello uterino",numero de personas que recibieron orientacion en anticoncepcion,2016-05-01,0,2,3,0,0,5
PORCO,"anticoncepcion, prevencion de its y de cancer de cuello uterino",numero de personas que recibieron orientacion en anticoncepcion,2016-05-01,0,6,82,13,2,103
POROMA,"anticoncepcion, prevencion de its y de cancer de cuello uterino",numero de personas que recibieron orientacion en anticoncepcion,2016-05-01,42,138,10,12,0,202
PORONGO,"anticoncepcion, prevencion de its y de cancer de cuello uterino",numero de personas que recibieron orientacion en anticoncepcion,2016-05-01,0,4,25,22,0,51
PORTACHUELO,"anticoncepcion, prevencion de its y de cancer de cuello uterino",numero de personas que recibieron orientacion en anticoncepcion,2016-05-01,0,9,15,2,0,26
PORVENIR,"anticoncepcion, prevencion de its y de cancer de cuello uterino",numero de personas que recibieron orientacion en anticoncepcion,2016-05-01,0,1,1,0,0,2
POSTRER VALLE,"anticoncepcion, prevencion de its y de cancer de cuello uterino",numero de personas que recibieron orientacion en anticoncepcion,2016-05-01,0,1,2,0,0,3
POTOSI,"anticoncepcion, prevencion de its y de cancer de cuello uterino",numero de personas que recibieron orientacion en anticoncepcion,2016-05-01,0,56,384,95,1,536
PRESTO,"anticoncepcion, prevencion de its y de cancer de cuello uterino",numero de personas que recibieron orientacion en anticoncepcion,2016-05-01,67,77,75,62,12,293
PUCARANI,"anticoncepcion, prevencion de its y de cancer de cuello uterino",numero de personas que recibieron orientacion en anticoncepcion,2016-05-01,0,11,41,17,0,69
PUERTO ACOSTA,"anticoncepcion, prevencion de its y de cancer de cuello uterino",numero de personas que recibieron orientacion en anticoncepcion,2016-05-01,0,2,4,5,2,13
PUERTO CARABUCO,"anticoncepcion, prevencion de its y de cancer de cuello uterino",numero de personas que recibieron orientacion en anticoncepcion,2016-05-01,0,1,18,7,0,26
PUERTO GONZALO MORENO,"anticoncepcion, prevencion de its y de cancer de cuello uterino",numero de personas que recibieron orientacion en anticoncepcion,2016-05-01,3,17,17,7,0,44
PUERTO PEREZ,"anticoncepcion, prevencion de its y de cancer de cuello uterino",numero de personas que recibieron orientacion en anticoncepcion,2016-05-01,0,0,6,7,0,13
PUERTO QUIJARRO,"anticoncepcion, prevencion de its y de cancer de cuello uterino",numero de personas que recibieron orientacion en anticoncepcion,2016-05-01,0,17,47,19,3,86
PUERTO RICO,"anticoncepcion, prevencion de its y de cancer de cuello uterino",numero de personas que recibieron orientacion en anticoncepcion,2016-05-01,0,7,18,3,0,28
PUERTO SILES,"anticoncepcion, prevencion de its y de cancer de cuello uterino",numero de personas que recibieron orientacion en anticoncepcion,2016-05-01,0,0,9,0,0,9
PUERTO SUAREZ,"anticoncepcion, prevencion de its y de cancer de cuello uterino",numero de personas que recibieron orientacion en anticoncepcion,2016-05-01,0,23,36,7,0,66
PUERTO VILLARROEL,"anticoncepcion, prevencion de its y de cancer de cuello uterino",numero de personas que recibieron orientacion en anticoncepcion,2016-05-01,0,27,115,28,2,172
PUNA,"anticoncepcion, prevencion de its y de cancer de cuello uterino",numero de personas que recibieron orientacion en anticoncepcion,2016-05-01,3,18,31,16,3,71
PUNATA,"anticoncepcion, prevencion de its y de cancer de cuello uterino",numero de personas que recibieron orientacion en anticoncepcion,2016-05-01,0,13,72,23,3,111
QUIABAYA,"anticoncepcion, prevencion de its y de cancer de cuello uterino",numero de personas que recibieron orientacion en anticoncepcion,2016-05-01,0,3,13,3,2,21
QUILLACOLLO,"anticoncepcion, prevencion de its y de cancer de cuello uterino",numero de personas que recibieron orientacion en anticoncepcion,2016-05-01,13,121,911,194,1,1240
QUIME,"anticoncepcion, prevencion de its y de cancer de cuello uterino",numero de personas que recibieron orientacion en anticoncepcion,2016-05-01,0,0,7,1,0,8
RAVELO,"anticoncepcion, prevencion de its y de cancer de cuello uterino",numero de personas que recibieron orientacion en anticoncepcion,2016-05-01,0,20,63,31,2,116
REYES,"anticoncepcion, prevencion de its y de cancer de cuello uterino",numero de personas que recibieron orientacion en anticoncepcion,2016-05-01,11,22,68,17,0,118
RIBERALTA,"anticoncepcion, prevencion de its y de cancer de cuello uterino",numero de personas que recibieron orientacion en anticoncepcion,2016-05-01,32,245,647,138,18,1080
ROBORE,"anticoncepcion, prevencion de its y de cancer de cuello uterino",numero de personas que recibieron orientacion en anticoncepcion,2016-05-01,0,3,17,2,0,22
RURRENABAQUE,"anticoncepcion, prevencion de its y de cancer de cuello uterino",numero de personas que recibieron orientacion en anticoncepcion,2016-05-01,0,16,54,9,0,79
SABAYA,"anticoncepcion, prevencion de its y de cancer de cuello uterino",numero de personas que recibieron orientacion en anticoncepcion,2016-05-01,0,1,6,3,0,10
SACABA,"anticoncepcion, prevencion de its y de cancer de cuello uterino",numero de personas que recibieron orientacion en anticoncepcion,2016-05-01,1,150,780,383,1,1315
SACABAMBA,"anticoncepcion, prevencion de its y de cancer de cuello uterino",numero de personas que recibieron orientacion en anticoncepcion,2016-05-01,0,0,15,8,1,24
SACACA,"anticoncepcion, prevencion de its y de cancer de cuello uterino",numero de personas que recibieron orientacion en anticoncepcion,2016-05-01,0,12,78,52,2,144
SAIPINA,"anticoncepcion, prevencion de its y de cancer de cuello uterino",numero de personas que recibieron orientacion en anticoncepcion,2016-05-01,0,4,20,4,0,28
SALINAS DE GARCI MENDOZA,"anticoncepcion, prevencion de its y de cancer de cuello uterino",numero de personas que recibieron orientacion en anticoncepcion,2016-05-01,1,2,18,7,0,28
SAMAIPATA,"anticoncepcion, prevencion de its y de cancer de cuello uterino",numero de personas que recibieron orientacion en anticoncepcion,2016-05-01,0,10,21,8,0,39
SAN AGUSTIN,"anticoncepcion, prevencion de its y de cancer de cuello uterino",numero de personas que recibieron orientacion en anticoncepcion,2016-05-01,0,0,2,0,0,2
SAN ANDRES,"anticoncepcion, prevencion de its y de cancer de cuello uterino",numero de personas que recibieron orientacion en anticoncepcion,2016-05-01,1,21,75,23,0,120
SAN ANDRES DE MACHACA,"anticoncepcion, prevencion de its y de cancer de cuello uterino",numero de personas que recibieron orientacion en anticoncepcion,2016-05-01,0,2,7,13,3,25
SAN ANTONIO DE ESMORUCO,"anticoncepcion, prevencion de its y de cancer de cuello uterino",numero de personas que recibieron orientacion en anticoncepcion,2016-05-01,0,0,2,2,0,4
SAN ANTONIO DE LOMERIO,"anticoncepcion, prevencion de its y de cancer de cuello uterino",numero de personas que recibieron orientacion en anticoncepcion,2016-05-01,0,2,5,2,0,9
SAN BENITO,"anticoncepcion, prevencion de its y de cancer de cuello uterino",numero de personas que recibieron orientacion en anticoncepcion,2016-05-01,0,7,40,13,0,60
SAN BORJA,"anticoncepcion, prevencion de its y de cancer de cuello uterino",numero de personas que recibieron orientacion en anticoncepcion,2016-05-01,3,34,105,16,0,158
SAN BUENA VENTURA,"anticoncepcion, prevencion de its y de cancer de cuello uterino",numero de personas que recibieron orientacion en anticoncepcion,2016-05-01,0,8,22,3,0,33
SAN CARLOS,"anticoncepcion, prevencion de its y de cancer de cuello uterino",numero de personas que recibieron orientacion en anticoncepcion,2016-05-01,16,52,90,51,2,211
SAN IGNACIO,"anticoncepcion, prevencion de its y de cancer de cuello uterino",numero de personas que recibieron orientacion en anticoncepcion,2016-05-01,0,43,121,41,1,206
SAN IGNACIO DE VELASCO,"anticoncepcion, prevencion de its y de cancer de cuello uterino",numero de personas que recibieron orientacion en anticoncepcion,2016-05-01,172,1019,105,44,2,1342
SAN JAVIER(BNI),"anticoncepcion, prevencion de its y de cancer de cuello uterino",numero de personas que recibieron orientacion en anticoncepcion,2016-05-01,0,2,11,3,0,16
SAN JAVIER(STC),"anticoncepcion, prevencion de its y de cancer de cuello uterino",numero de personas que recibieron orientacion en anticoncepcion,2016-05-01,1,6,6,1,0,14
SAN JOSE DE CHIQUITOS,"anticoncepcion, prevencion de its y de cancer de cuello uterino",numero de personas que recibieron orientacion en anticoncepcion,2016-05-01,0,12,48,16,2,78
SAN JUAN DE YAPACANI,"anticoncepcion, prevencion de its y de cancer de cuello uterino",numero de personas que recibieron orientacion en anticoncepcion,2016-05-01,0,13,53,15,0,81
SAN JULIAN,"anticoncepcion, prevencion de its y de cancer de cuello uterino",numero de personas que recibieron orientacion en anticoncepcion,2016-05-01,3,31,147,67,2,250
SAN LORENZO(PND),"anticoncepcion, prevencion de its y de cancer de cuello uterino",numero de personas que recibieron orientacion en anticoncepcion,2016-05-01,1,2,11,1,1,16
SAN LORENZO(TJA),"anticoncepcion, prevencion de its y de cancer de cuello uterino",numero de personas que recibieron orientacion en anticoncepcion,2016-05-01,0,10,30,13,1,54
SAN LUCAS,"anticoncepcion, prevencion de its y de cancer de cuello uterino",numero de personas que recibieron orientacion en anticoncepcion,2016-05-01,8,47,128,124,40,347
SAN MATIAS,"anticoncepcion, prevencion de its y de cancer de cuello uterino",numero de personas que recibieron orientacion en anticoncepcion,2016-05-01,2,14,45,11,1,73
SAN MIGUEL DE VELASCO,"anticoncepcion, prevencion de its y de cancer de cuello uterino",numero de personas que recibieron orientacion en anticoncepcion,2016-05-01,2,19,73,39,0,133
SAN PABLO DE LIPEZ,"anticoncepcion, prevencion de its y de cancer de cuello uterino",numero de personas que recibieron orientacion en anticoncepcion,2016-05-01,0,0,1,0,0,1
SAN PEDRO,"anticoncepcion, prevencion de its y de cancer de cuello uterino",numero de personas que recibieron orientacion en anticoncepcion,2016-05-01,2,11,32,13,1,59
SAN PEDRO DE BUENA VISTA,"anticoncepcion, prevencion de its y de cancer de cuello uterino",numero de personas que recibieron orientacion en anticoncepcion,2016-05-01,1,12,74,45,2,134
SAN PEDRO DE CURAHUARA,"anticoncepcion, prevencion de its y de cancer de cuello uterino",numero de personas que recibieron orientacion en anticoncepcion,2016-05-01,0,2,7,4,0,13
SAN PEDRO DE TIQUINA,"anticoncepcion, prevencion de its y de cancer de cuello uterino",numero de personas que recibieron orientacion en anticoncepcion,2016-05-01,0,2,8,4,0,14
SAN PEDRO(PND),"anticoncepcion, prevencion de its y de cancer de cuello uterino",numero de personas que recibieron orientacion en anticoncepcion,2016-05-01,0,2,0,1,0,3
SAN RAFAEL,"anticoncepcion, prevencion de its y de cancer de cuello uterino",numero de personas que recibieron orientacion en anticoncepcion,2016-05-01,2,15,75,34,0,126
SAN RAMON BENI,"anticoncepcion, prevencion de its y de cancer de cuello uterino",numero de personas que recibieron orientacion en anticoncepcion,2016-05-01,62,83,68,4,0,217
SAN RAMON SCZ,"anticoncepcion, prevencion de its y de cancer de cuello uterino",numero de personas que recibieron orientacion en anticoncepcion,2016-05-01,2,45,63,45,0,155
SANTA ANA,"anticoncepcion, prevencion de its y de cancer de cuello uterino",numero de personas que recibieron orientacion en anticoncepcion,2016-05-01,5,60,114,41,1,221
SANTA CRUZ DE LA SIERRA,"anticoncepcion, prevencion de its y de cancer de cuello uterino",numero de personas que recibieron orientacion en anticoncepcion,2016-05-01,38,513,2133,658,61,3403
SANTA ROSA,"anticoncepcion, prevencion de its y de cancer de cuello uterino",numero de personas que recibieron orientacion en anticoncepcion,2016-05-01,1,8,42,29,2,82
SANTA ROSA DEL SARA,"anticoncepcion, prevencion de its y de cancer de cuello uterino",numero de personas que recibieron orientacion en anticoncepcion,2016-05-01,1,9,39,12,0,61
SANTIAGO DE CALLAPA,"anticoncepcion, prevencion de its y de cancer de cuello uterino",numero de personas que recibieron orientacion en anticoncepcion,2016-05-01,1,1,3,4,1,10
SANTIAGO DE HUARI,"anticoncepcion, prevencion de its y de cancer de cuello uterino",numero de personas que recibieron orientacion en anticoncepcion,2016-05-01,0,0,27,8,0,35
SANTIAGO DE HUATA,"anticoncepcion, prevencion de its y de cancer de cuello uterino",numero de personas que recibieron orientacion en anticoncepcion,2016-05-01,0,1,11,11,1,24
SANTIAGO DE MACHACA,"anticoncepcion, prevencion de its y de cancer de cuello uterino",numero de personas que recibieron orientacion en anticoncepcion,2016-05-01,0,2,2,1,0,5
SANTIVAÑES,"anticoncepcion, prevencion de its y de cancer de cuello uterino",numero de personas que recibieron orientacion en anticoncepcion,2016-05-01,0,1,7,3,0,11
SANTUARIO DE QUILLACAS,"anticoncepcion, prevencion de its y de cancer de cuello uterino",numero de personas que recibieron orientacion en anticoncepcion,2016-05-01,0,2,26,4,0,32
SAPAHAQUI,"anticoncepcion, prevencion de its y de cancer de cuello uterino",numero de personas que recibieron orientacion en anticoncepcion,2016-05-01,0,0,10,3,0,13
SENA,"anticoncepcion, prevencion de its y de cancer de cuello uterino",numero de personas que recibieron orientacion en anticoncepcion,2016-05-01,0,13,19,3,0,35
SHINAOTA,"anticoncepcion, prevencion de its y de cancer de cuello uterino",numero de personas que recibieron orientacion en anticoncepcion,2016-05-01,0,7,28,12,0,47
SICA SICA (VILLA AROMA),"anticoncepcion, prevencion de its y de cancer de cuello uterino",numero de personas que recibieron orientacion en anticoncepcion,2016-05-01,1,4,41,11,4,61
SICAYA,"anticoncepcion, prevencion de its y de cancer de cuello uterino",numero de personas que recibieron orientacion en anticoncepcion,2016-05-01,0,0,9,4,0,13
SIPE SIPE,"anticoncepcion, prevencion de its y de cancer de cuello uterino",numero de personas que recibieron orientacion en anticoncepcion,2016-05-01,3,27,235,100,18,383
SOPACHUY,"anticoncepcion, prevencion de its y de cancer de cuello uterino",numero de personas que recibieron orientacion en anticoncepcion,2016-05-01,1,28,65,41,4,139
SORACACHI,"anticoncepcion, prevencion de its y de cancer de cuello uterino",numero de personas que recibieron orientacion en anticoncepcion,2016-05-01,0,13,43,24,5,85
SORATA,"anticoncepcion, prevencion de its y de cancer de cuello uterino",numero de personas que recibieron orientacion en anticoncepcion,2016-05-01,0,9,31,16,0,56
SUCRE,"anticoncepcion, prevencion de its y de cancer de cuello uterino",numero de personas que recibieron orientacion en anticoncepcion,2016-05-01,344,1394,2974,1915,126,6753
TACACHI,"anticoncepcion, prevencion de its y de cancer de cuello uterino",numero de personas que recibieron orientacion en anticoncepcion,2016-05-01,0,2,9,3,0,14
TACACOMA,"anticoncepcion, prevencion de its y de cancer de cuello uterino",numero de personas que recibieron orientacion en anticoncepcion,2016-05-01,0,4,13,6,0,23
TACOBAMBA,"anticoncepcion, prevencion de its y de cancer de cuello uterino",numero de personas que recibieron orientacion en anticoncepcion,2016-05-01,0,2,1,3,0,6
TACOPAYA,"anticoncepcion, prevencion de its y de cancer de cuello uterino",numero de personas que recibieron orientacion en anticoncepcion,2016-05-01,0,1,7,7,0,15
TAHUA,"anticoncepcion, prevencion de its y de cancer de cuello uterino",numero de personas que recibieron orientacion en anticoncepcion,2016-05-01,0,1,2,0,0,3
TAPACARI,"anticoncepcion, prevencion de its y de cancer de cuello uterino",numero de personas que recibieron orientacion en anticoncepcion,2016-05-01,0,9,22,15,0,46
TARABUCO,"anticoncepcion, prevencion de its y de cancer de cuello uterino",numero de personas que recibieron orientacion en anticoncepcion,2016-05-01,78,89,71,50,10,298
TARACO,"anticoncepcion, prevencion de its y de cancer de cuello uterino",numero de personas que recibieron orientacion en anticoncepcion,2016-05-01,0,2,3,0,0,5
TARATA,"anticoncepcion, prevencion de its y de cancer de cuello uterino",numero de personas que recibieron orientacion en anticoncepcion,2016-05-01,0,7,27,10,0,44
TARIJA,"anticoncepcion, prevencion de its y de cancer de cuello uterino",numero de personas que recibieron orientacion en anticoncepcion,2016-05-01,44,292,888,621,11,1856
TARVITA,"anticoncepcion, prevencion de its y de cancer de cuello uterino",numero de personas que recibieron orientacion en anticoncepcion,2016-05-01,85,175,21,7,0,288
TEOPONTE,"anticoncepcion, prevencion de its y de cancer de cuello uterino",numero de personas que recibieron orientacion en anticoncepcion,2016-05-01,1,17,57,16,6,97
TIAWANACU,"anticoncepcion, prevencion de its y de cancer de cuello uterino",numero de personas que recibieron orientacion en anticoncepcion,2016-05-01,0,9,21,13,0,43
TINGUIPAYA,"anticoncepcion, prevencion de its y de cancer de cuello uterino",numero de personas que recibieron orientacion en anticoncepcion,2016-05-01,0,8,17,10,2,37
TIPUANI,"anticoncepcion, prevencion de its y de cancer de cuello uterino",numero de personas que recibieron orientacion en anticoncepcion,2016-05-01,0,5,11,5,1,22
TIQUIPAYA,"anticoncepcion, prevencion de its y de cancer de cuello uterino",numero de personas que recibieron orientacion en anticoncepcion,2016-05-01,0,53,160,67,1,281
TIRAQUE (CBBA),"anticoncepcion, prevencion de its y de cancer de cuello uterino",numero de personas que recibieron orientacion en anticoncepcion,2016-05-01,1,9,26,11,1,48
TITO YUPANQUI (PARQUIPUJIO),"anticoncepcion, prevencion de its y de cancer de cuello uterino",numero de personas que recibieron orientacion en anticoncepcion,2016-05-01,0,0,6,6,1,13
TOCO,"anticoncepcion, prevencion de its y de cancer de cuello uterino",numero de personas que recibieron orientacion en anticoncepcion,2016-05-01,0,5,17,6,1,29
TODOS SANTOS,"anticoncepcion, prevencion de its y de cancer de cuello uterino",numero de personas que recibieron orientacion en anticoncepcion,2016-05-01,0,0,1,0,0,1
TOLATA,"anticoncepcion, prevencion de its y de cancer de cuello uterino",numero de personas que recibieron orientacion en anticoncepcion,2016-05-01,0,9,32,12,0,53
TOLEDO,"anticoncepcion, prevencion de its y de cancer de cuello uterino",numero de personas que recibieron orientacion en anticoncepcion,2016-05-01,0,2,18,3,0,23
TOMAVE,"anticoncepcion, prevencion de its y de cancer de cuello uterino",numero de personas que recibieron orientacion en anticoncepcion,2016-05-01,0,4,5,5,1,15
TOMINA,"anticoncepcion, prevencion de its y de cancer de cuello uterino",numero de personas que recibieron orientacion en anticoncepcion,2016-05-01,3,42,10,4,0,59
TORO TORO,"anticoncepcion, prevencion de its y de cancer de cuello uterino",numero de personas que recibieron orientacion en anticoncepcion,2016-05-01,1,18,64,46,13,142
TOTORA(CBBA),"anticoncepcion, prevencion de its y de cancer de cuello uterino",numero de personas que recibieron orientacion en anticoncepcion,2016-05-01,1,15,61,24,0,101
TOTORA(ORR),"anticoncepcion, prevencion de its y de cancer de cuello uterino",numero de personas que recibieron orientacion en anticoncepcion,2016-05-01,0,4,5,0,0,9
TRIGAL,"anticoncepcion, prevencion de its y de cancer de cuello uterino",numero de personas que recibieron orientacion en anticoncepcion,2016-05-01,0,0,1,0,0,1
TRINIDAD,"anticoncepcion, prevencion de its y de cancer de cuello uterino",numero de personas que recibieron orientacion en anticoncepcion,2016-05-01,24,313,1078,239,25,1679
TUPIZA,"anticoncepcion, prevencion de its y de cancer de cuello uterino",numero de personas que recibieron orientacion en anticoncepcion,2016-05-01,0,24,127,71,13,235
TURCO,"anticoncepcion, prevencion de its y de cancer de cuello uterino",numero de personas que recibieron orientacion en anticoncepcion,2016-05-01,0,1,11,13,1,26
UMALA,"anticoncepcion, prevencion de its y de cancer de cuello uterino",numero de personas que recibieron orientacion en anticoncepcion,2016-05-01,0,2,10,6,0,18
UNCIA,"anticoncepcion, prevencion de its y de cancer de cuello uterino",numero de personas que recibieron orientacion en anticoncepcion,2016-05-01,0,3,27,6,0,36
URIONDO (A. CONCEPCION),"anticoncepcion, prevencion de its y de cancer de cuello uterino",numero de personas que recibieron orientacion en anticoncepcion,2016-05-01,0,9,41,19,1,70
URUBICHA,"anticoncepcion, prevencion de its y de cancer de cuello uterino",numero de personas que recibieron orientacion en anticoncepcion,2016-05-01,0,5,9,5,0,19
UYUNI,"anticoncepcion, prevencion de its y de cancer de cuello uterino",numero de personas que recibieron orientacion en anticoncepcion,2016-05-01,1,20,61,17,1,100
VACAS,"anticoncepcion, prevencion de its y de cancer de cuello uterino",numero de personas que recibieron orientacion en anticoncepcion,2016-05-01,2,14,32,30,1,79
VALLEGRANDE,"anticoncepcion, prevencion de its y de cancer de cuello uterino",numero de personas que recibieron orientacion en anticoncepcion,2016-05-01,0,6,42,19,8,75
VIACHA,"anticoncepcion, prevencion de its y de cancer de cuello uterino",numero de personas que recibieron orientacion en anticoncepcion,2016-05-01,0,106,219,132,46,503
VILA VILA,"anticoncepcion, prevencion de its y de cancer de cuello uterino",numero de personas que recibieron orientacion en anticoncepcion,2016-05-01,0,4,7,4,0,15
VILLA CHARCAS,"anticoncepcion, prevencion de its y de cancer de cuello uterino",numero de personas que recibieron orientacion en anticoncepcion,2016-05-01,27,78,23,7,0,135
VILLA MONTES,"anticoncepcion, prevencion de its y de cancer de cuello uterino",numero de personas que recibieron orientacion en anticoncepcion,2016-05-01,1,21,108,34,0,164
VILLA NUEVA (LOMA ALTA),"anticoncepcion, prevencion de its y de cancer de cuello uterino",numero de personas que recibieron orientacion en anticoncepcion,2016-05-01,0,0,1,1,0,2
VILLA RIVERO,"anticoncepcion, prevencion de its y de cancer de cuello uterino",numero de personas que recibieron orientacion en anticoncepcion,2016-05-01,0,3,28,15,0,46
VILLA SERRANO,"anticoncepcion, prevencion de its y de cancer de cuello uterino",numero de personas que recibieron orientacion en anticoncepcion,2016-05-01,110,135,66,48,15,374
VILLA TUNARI,"anticoncepcion, prevencion de its y de cancer de cuello uterino",numero de personas que recibieron orientacion en anticoncepcion,2016-05-01,36,121,325,75,3,560
VILLA VACA GUZMAN (MUYUPAMPA),"anticoncepcion, prevencion de its y de cancer de cuello uterino",numero de personas que recibieron orientacion en anticoncepcion,2016-05-01,23,64,9,8,0,104
VILLAZON,"anticoncepcion, prevencion de its y de cancer de cuello uterino",numero de personas que recibieron orientacion en anticoncepcion,2016-05-01,0,19,107,28,2,156
VINTO,"anticoncepcion, prevencion de its y de cancer de cuello uterino",numero de personas que recibieron orientacion en anticoncepcion,2016-05-01,1,76,321,89,6,493
VITICHI,"anticoncepcion, prevencion de its y de cancer de cuello uterino",numero de personas que recibieron orientacion en anticoncepcion,2016-05-01,0,4,21,28,5,58
WALDO BALLIVIAN,"anticoncepcion, prevencion de its y de cancer de cuello uterino",numero de personas que recibieron orientacion en anticoncepcion,2016-05-01,0,0,0,1,0,1
WARNES,"anticoncepcion, prevencion de its y de cancer de cuello uterino",numero de personas que recibieron orientacion en anticoncepcion,2016-05-01,3,55,145,55,4,262
YACO,"anticoncepcion, prevencion de its y de cancer de cuello uterino",numero de personas que recibieron orientacion en anticoncepcion,2016-05-01,0,1,7,0,0,8
YACUIBA,"anticoncepcion, prevencion de its y de cancer de cuello uterino",numero de personas que recibieron orientacion en anticoncepcion,2016-05-01,3,52,355,194,37,641
YAMPARAEZ,"anticoncepcion, prevencion de its y de cancer de cuello uterino",numero de personas que recibieron orientacion en anticoncepcion,2016-05-01,64,100,62,49,4,279
YANACACHI,"anticoncepcion, prevencion de its y de cancer de cuello uterino",numero de personas que recibieron orientacion en anticoncepcion,2016-05-01,0,2,5,0,0,7
YAPACANI,"anticoncepcion, prevencion de its y de cancer de cuello uterino",numero de personas que recibieron orientacion en anticoncepcion,2016-05-01,2,26,66,21,0,115
YOCALLA,"anticoncepcion, prevencion de its y de cancer de cuello uterino",numero de personas que recibieron orientacion en anticoncepcion,2016-05-01,0,0,10,0,0,10
YOTALA,"anticoncepcion, prevencion de its y de cancer de cuello uterino",numero de personas que recibieron orientacion en anticoncepcion,2016-05-01,33,64,45,42,9,193
YUNCHARA,"anticoncepcion, prevencion de its y de cancer de cuello uterino",numero de personas que recibieron orientacion en anticoncepcion,2016-05-01,0,6,32,24,1,63
ZUDAÑEZ,"anticoncepcion, prevencion de its y de cancer de cuello uterino",numero de personas que recibieron orientacion en anticoncepcion,2016-05-01,4,45,24,8,0,81
ACACIO,"anticoncepcion, prevencion de its y de cancer de cuello uterino",numero de personas que recibieron orientacion en anticoncepcion,2016-06-01,0,8,10,16,4,38
ACHACACHI,"anticoncepcion, prevencion de its y de cancer de cuello uterino",numero de personas que recibieron orientacion en anticoncepcion,2016-06-01,0,6,30,22,2,60
ACHOCALLA,"anticoncepcion, prevencion de its y de cancer de cuello uterino",numero de personas que recibieron orientacion en anticoncepcion,2016-06-01,1,2,53,26,2,84
AIQUILE,"anticoncepcion, prevencion de its y de cancer de cuello uterino",numero de personas que recibieron orientacion en anticoncepcion,2016-06-01,0,13,56,20,0,89
ALALAY,"anticoncepcion, prevencion de its y de cancer de cuello uterino",numero de personas que recibieron orientacion en anticoncepcion,2016-06-01,1,3,9,6,0,19
ALCALA,"anticoncepcion, prevencion de its y de cancer de cuello uterino",numero de personas que recibieron orientacion en anticoncepcion,2016-06-01,72,120,15,15,7,229
ALTO BENI,"anticoncepcion, prevencion de its y de cancer de cuello uterino",numero de personas que recibieron orientacion en anticoncepcion,2016-06-01,0,1,13,0,0,14
ANCORAIMES,"anticoncepcion, prevencion de its y de cancer de cuello uterino",numero de personas que recibieron orientacion en anticoncepcion,2016-06-01,0,5,12,6,0,23
ANDAMARCA,"anticoncepcion, prevencion de its y de cancer de cuello uterino",numero de personas que recibieron orientacion en anticoncepcion,2016-06-01,0,7,17,5,1,30
ANTEQUERA,"anticoncepcion, prevencion de its y de cancer de cuello uterino",numero de personas que recibieron orientacion en anticoncepcion,2016-06-01,0,0,3,2,0,5
ANZALDO,"anticoncepcion, prevencion de its y de cancer de cuello uterino",numero de personas que recibieron orientacion en anticoncepcion,2016-06-01,0,2,7,3,0,12
APOLO,"anticoncepcion, prevencion de its y de cancer de cuello uterino",numero de personas que recibieron orientacion en anticoncepcion,2016-06-01,0,7,23,19,3,52
ARAMPAMPA,"anticoncepcion, prevencion de its y de cancer de cuello uterino",numero de personas que recibieron orientacion en anticoncepcion,2016-06-01,0,0,5,3,0,8
ARANI,"anticoncepcion, prevencion de its y de cancer de cuello uterino",numero de personas que recibieron orientacion en anticoncepcion,2016-06-01,0,7,24,9,2,42
ARBIETO,"anticoncepcion, prevencion de its y de cancer de cuello uterino",numero de personas que recibieron orientacion en anticoncepcion,2016-06-01,0,26,73,32,3,134
ARQUE,"anticoncepcion, prevencion de its y de cancer de cuello uterino",numero de personas que recibieron orientacion en anticoncepcion,2016-06-01,0,11,18,21,0,50
ASCENCION DE GUARAYOS,"anticoncepcion, prevencion de its y de cancer de cuello uterino",numero de personas que recibieron orientacion en anticoncepcion,2016-06-01,0,10,69,23,0,102
ATOCHA,"anticoncepcion, prevencion de its y de cancer de cuello uterino",numero de personas que recibieron orientacion en anticoncepcion,2016-06-01,7,18,46,15,5,91
AUCAPATA,"anticoncepcion, prevencion de its y de cancer de cuello uterino",numero de personas que recibieron orientacion en anticoncepcion,2016-06-01,0,8,8,10,3,29
AYATA,"anticoncepcion, prevencion de its y de cancer de cuello uterino",numero de personas que recibieron orientacion en anticoncepcion,2016-06-01,0,1,5,6,0,12
AYO AYO,"anticoncepcion, prevencion de its y de cancer de cuello uterino",numero de personas que recibieron orientacion en anticoncepcion,2016-06-01,1,1,6,2,0,10
AYOPAYA (V. DE INDEPENDENCIA),"anticoncepcion, prevencion de its y de cancer de cuello uterino",numero de personas que recibieron orientacion en anticoncepcion,2016-06-01,1,13,67,45,0,126
AZURDUY,"anticoncepcion, prevencion de its y de cancer de cuello uterino",numero de personas que recibieron orientacion en anticoncepcion,2016-06-01,196,214,64,50,5,529
BATALLAS,"anticoncepcion, prevencion de its y de cancer de cuello uterino",numero de personas que recibieron orientacion en anticoncepcion,2016-06-01,0,7,39,24,4,74
BAURES,"anticoncepcion, prevencion de its y de cancer de cuello uterino",numero de personas que recibieron orientacion en anticoncepcion,2016-06-01,1,5,19,1,0,26
BELEN DE ANDAMARCA,"anticoncepcion, prevencion de its y de cancer de cuello uterino",numero de personas que recibieron orientacion en anticoncepcion,2016-06-01,0,0,6,4,0,10
BELEN DE URMIRI,"anticoncepcion, prevencion de its y de cancer de cuello uterino",numero de personas que recibieron orientacion en anticoncepcion,2016-06-01,0,1,0,0,0,1
BELLA FLOR,"anticoncepcion, prevencion de its y de cancer de cuello uterino",numero de personas que recibieron orientacion en anticoncepcion,2016-06-01,1,4,2,1,0,8
BERMEJO,"anticoncepcion, prevencion de its y de cancer de cuello uterino",numero de personas que recibieron orientacion en anticoncepcion,2016-06-01,0,25,201,110,22,358
BETANZOS,"anticoncepcion, prevencion de its y de cancer de cuello uterino",numero de personas que recibieron orientacion en anticoncepcion,2016-06-01,1,12,54,36,8,111
BOLIVAR,"anticoncepcion, prevencion de its y de cancer de cuello uterino",numero de personas que recibieron orientacion en anticoncepcion,2016-06-01,0,0,11,6,0,17
BOLPEBRA,"anticoncepcion, prevencion de its y de cancer de cuello uterino",numero de personas que recibieron orientacion en anticoncepcion,2016-06-01,2,2,6,3,0,13
BOYUIBE,"anticoncepcion, prevencion de its y de cancer de cuello uterino",numero de personas que recibieron orientacion en anticoncepcion,2016-06-01,0,2,7,2,0,11
BUENA VISTA,"anticoncepcion, prevencion de its y de cancer de cuello uterino",numero de personas que recibieron orientacion en anticoncepcion,2016-06-01,0,12,31,5,0,48
CABEZAS,"anticoncepcion, prevencion de its y de cancer de cuello uterino",numero de personas que recibieron orientacion en anticoncepcion,2016-06-01,1,18,51,8,0,78
CAIROMA,"anticoncepcion, prevencion de its y de cancer de cuello uterino",numero de personas que recibieron orientacion en anticoncepcion,2016-06-01,0,5,17,5,0,27
"CAIZA ""D""","anticoncepcion, prevencion de its y de cancer de cuello uterino",numero de personas que recibieron orientacion en anticoncepcion,2016-06-01,0,6,27,12,2,47
CAJUATA,"anticoncepcion, prevencion de its y de cancer de cuello uterino",numero de personas que recibieron orientacion en anticoncepcion,2016-06-01,0,4,15,3,0,22
CALACOTO,"anticoncepcion, prevencion de its y de cancer de cuello uterino",numero de personas que recibieron orientacion en anticoncepcion,2016-06-01,0,1,3,2,0,6
CALAMARCA,"anticoncepcion, prevencion de its y de cancer de cuello uterino",numero de personas que recibieron orientacion en anticoncepcion,2016-06-01,1,6,26,2,0,35
CAMARGO,"anticoncepcion, prevencion de its y de cancer de cuello uterino",numero de personas que recibieron orientacion en anticoncepcion,2016-06-01,8,36,21,12,0,77
CAMATAQUI (C. VILLA ABECIA),"anticoncepcion, prevencion de its y de cancer de cuello uterino",numero de personas que recibieron orientacion en anticoncepcion,2016-06-01,9,11,11,5,1,37
CAMIRI,"anticoncepcion, prevencion de its y de cancer de cuello uterino",numero de personas que recibieron orientacion en anticoncepcion,2016-06-01,2,18,56,6,0,82
CAPINOTA,"anticoncepcion, prevencion de its y de cancer de cuello uterino",numero de personas que recibieron orientacion en anticoncepcion,2016-06-01,0,7,36,11,0,54
CAQUIAVIRI,"anticoncepcion, prevencion de its y de cancer de cuello uterino",numero de personas que recibieron orientacion en anticoncepcion,2016-06-01,0,2,4,1,0,7
CARACOLLO,"anticoncepcion, prevencion de its y de cancer de cuello uterino",numero de personas que recibieron orientacion en anticoncepcion,2016-06-01,1,8,26,5,0,40
CARANAVI,"anticoncepcion, prevencion de its y de cancer de cuello uterino",numero de personas que recibieron orientacion en anticoncepcion,2016-06-01,2,49,343,175,16,585
CARAPARI,"anticoncepcion, prevencion de its y de cancer de cuello uterino",numero de personas que recibieron orientacion en anticoncepcion,2016-06-01,1,6,44,26,1,78
CARIPUYO,"anticoncepcion, prevencion de its y de cancer de cuello uterino",numero de personas que recibieron orientacion en anticoncepcion,2016-06-01,0,0,1,0,0,1
CARMEN RIVERO TORREZ,"anticoncepcion, prevencion de its y de cancer de cuello uterino",numero de personas que recibieron orientacion en anticoncepcion,2016-06-01,0,6,9,5,0,20
CATACORA,"anticoncepcion, prevencion de its y de cancer de cuello uterino",numero de personas que recibieron orientacion en anticoncepcion,2016-06-01,0,0,1,0,0,1
CHACARILLA,"anticoncepcion, prevencion de its y de cancer de cuello uterino",numero de personas que recibieron orientacion en anticoncepcion,2016-06-01,0,0,3,2,0,5
CHALLAPATA,"anticoncepcion, prevencion de its y de cancer de cuello uterino",numero de personas que recibieron orientacion en anticoncepcion,2016-06-01,0,19,114,28,1,162
CHAQUI,"anticoncepcion, prevencion de its y de cancer de cuello uterino",numero de personas que recibieron orientacion en anticoncepcion,2016-06-01,2,25,55,34,4,120
CHARAGUA,"anticoncepcion, prevencion de its y de cancer de cuello uterino",numero de personas que recibieron orientacion en anticoncepcion,2016-06-01,0,2,34,9,0,45
CHAYANTA,"anticoncepcion, prevencion de its y de cancer de cuello uterino",numero de personas que recibieron orientacion en anticoncepcion,2016-06-01,0,11,32,15,0,58
CHIMORE,"anticoncepcion, prevencion de its y de cancer de cuello uterino",numero de personas que recibieron orientacion en anticoncepcion,2016-06-01,1,9,78,29,2,119
CHIPAYA,"anticoncepcion, prevencion de its y de cancer de cuello uterino",numero de personas que recibieron orientacion en anticoncepcion,2016-06-01,0,1,0,1,0,2
CHOQUE COTA,"anticoncepcion, prevencion de its y de cancer de cuello uterino",numero de personas que recibieron orientacion en anticoncepcion,2016-06-01,0,1,5,3,0,9
CHUA COCANI,"anticoncepcion, prevencion de its y de cancer de cuello uterino",numero de personas que recibieron orientacion en anticoncepcion,2016-06-01,0,1,12,6,0,19
CHULUMANI (V. DE LA LIBERTAD),"anticoncepcion, prevencion de its y de cancer de cuello uterino",numero de personas que recibieron orientacion en anticoncepcion,2016-06-01,1,11,62,13,0,87
CHUMA,"anticoncepcion, prevencion de its y de cancer de cuello uterino",numero de personas que recibieron orientacion en anticoncepcion,2016-06-01,2,6,18,11,5,42
CHUQUIHUTA AYLLU JUCUMANI,"anticoncepcion, prevencion de its y de cancer de cuello uterino",numero de personas que recibieron orientacion en anticoncepcion,2016-06-01,0,1,5,3,0,9
CKOCHAS,"anticoncepcion, prevencion de its y de cancer de cuello uterino",numero de personas que recibieron orientacion en anticoncepcion,2016-06-01,2,13,39,34,6,94
CLIZA,"anticoncepcion, prevencion de its y de cancer de cuello uterino",numero de personas que recibieron orientacion en anticoncepcion,2016-06-01,0,72,206,72,1,351
COBIJA,"anticoncepcion, prevencion de its y de cancer de cuello uterino",numero de personas que recibieron orientacion en anticoncepcion,2016-06-01,2,50,204,71,21,348
COCAPATA,"anticoncepcion, prevencion de its y de cancer de cuello uterino",numero de personas que recibieron orientacion en anticoncepcion,2016-06-01,0,31,76,42,0,149
COCHABAMBA,"anticoncepcion, prevencion de its y de cancer de cuello uterino",numero de personas que recibieron orientacion en anticoncepcion,2016-06-01,24,509,2412,604,49,3598
COIPASA,"anticoncepcion, prevencion de its y de cancer de cuello uterino",numero de personas que recibieron orientacion en anticoncepcion,2016-06-01,0,0,6,2,0,8
COLCAPIRHUA,"anticoncepcion, prevencion de its y de cancer de cuello uterino",numero de personas que recibieron orientacion en anticoncepcion,2016-06-01,29,162,895,186,32,1304
"COLCHA ""K""","anticoncepcion, prevencion de its y de cancer de cuello uterino",numero de personas que recibieron orientacion en anticoncepcion,2016-06-01,0,2,17,3,0,22
COLLANA,"anticoncepcion, prevencion de its y de cancer de cuello uterino",numero de personas que recibieron orientacion en anticoncepcion,2016-06-01,0,1,6,1,0,8
COLOMI,"anticoncepcion, prevencion de its y de cancer de cuello uterino",numero de personas que recibieron orientacion en anticoncepcion,2016-06-01,0,13,79,22,0,114
COLPA BELGICA,"anticoncepcion, prevencion de its y de cancer de cuello uterino",numero de personas que recibieron orientacion en anticoncepcion,2016-06-01,2,2,6,0,0,10
COLQUECHACA,"anticoncepcion, prevencion de its y de cancer de cuello uterino",numero de personas que recibieron orientacion en anticoncepcion,2016-06-01,0,4,25,12,0,41
COLQUENCHA,"anticoncepcion, prevencion de its y de cancer de cuello uterino",numero de personas que recibieron orientacion en anticoncepcion,2016-06-01,0,0,6,0,0,6
COLQUIRI,"anticoncepcion, prevencion de its y de cancer de cuello uterino",numero de personas que recibieron orientacion en anticoncepcion,2016-06-01,2,6,20,3,0,31
COMANCHE,"anticoncepcion, prevencion de its y de cancer de cuello uterino",numero de personas que recibieron orientacion en anticoncepcion,2016-06-01,0,0,1,1,0,2
COMARAPA,"anticoncepcion, prevencion de its y de cancer de cuello uterino",numero de personas que recibieron orientacion en anticoncepcion,2016-06-01,0,18,53,16,0,87
COMBAYA,"anticoncepcion, prevencion de its y de cancer de cuello uterino",numero de personas que recibieron orientacion en anticoncepcion,2016-06-01,0,0,3,3,0,6
CONCEPCION,"anticoncepcion, prevencion de its y de cancer de cuello uterino",numero de personas que recibieron orientacion en anticoncepcion,2016-06-01,0,4,16,4,0,24
COPACABANA,"anticoncepcion, prevencion de its y de cancer de cuello uterino",numero de personas que recibieron orientacion en anticoncepcion,2016-06-01,0,1,21,15,0,37
CORIPATA,"anticoncepcion, prevencion de its y de cancer de cuello uterino",numero de personas que recibieron orientacion en anticoncepcion,2016-06-01,0,5,24,8,0,37
CORO CORO,"anticoncepcion, prevencion de its y de cancer de cuello uterino",numero de personas que recibieron orientacion en anticoncepcion,2016-06-01,0,0,4,1,0,5
COROICO,"anticoncepcion, prevencion de its y de cancer de cuello uterino",numero de personas que recibieron orientacion en anticoncepcion,2016-06-01,0,10,58,10,0,78
CORQUE,"anticoncepcion, prevencion de its y de cancer de cuello uterino",numero de personas que recibieron orientacion en anticoncepcion,2016-06-01,0,3,11,7,0,21
COTAGAITA,"anticoncepcion, prevencion de its y de cancer de cuello uterino",numero de personas que recibieron orientacion en anticoncepcion,2016-06-01,2,15,100,54,9,180
COTOCA,"anticoncepcion, prevencion de its y de cancer de cuello uterino",numero de personas que recibieron orientacion en anticoncepcion,2016-06-01,1,26,78,33,2,140
CRUZ DE MACHACAMARCA,"anticoncepcion, prevencion de its y de cancer de cuello uterino",numero de personas que recibieron orientacion en anticoncepcion,2016-06-01,0,0,0,0,1,1
CUATRO CAÑADAS,"anticoncepcion, prevencion de its y de cancer de cuello uterino",numero de personas que recibieron orientacion en anticoncepcion,2016-06-01,6,16,43,21,0,86
CUCHUMUELA (V. G. VILLARROEL),"anticoncepcion, prevencion de its y de cancer de cuello uterino",numero de personas que recibieron orientacion en anticoncepcion,2016-06-01,0,0,5,1,0,6
CUEVO,"anticoncepcion, prevencion de its y de cancer de cuello uterino",numero de personas que recibieron orientacion en anticoncepcion,2016-06-01,0,1,2,0,0,3
CULPINA,"anticoncepcion, prevencion de its y de cancer de cuello uterino",numero de personas que recibieron orientacion en anticoncepcion,2016-06-01,159,229,231,186,18,823
CURAHUARA DE CARANGAS,"anticoncepcion, prevencion de its y de cancer de cuello uterino",numero de personas que recibieron orientacion en anticoncepcion,2016-06-01,0,2,8,3,0,13
CURVA,"anticoncepcion, prevencion de its y de cancer de cuello uterino",numero de personas que recibieron orientacion en anticoncepcion,2016-06-01,0,2,14,5,0,21
DESAGUADERO,"anticoncepcion, prevencion de its y de cancer de cuello uterino",numero de personas que recibieron orientacion en anticoncepcion,2016-06-01,0,0,11,2,0,13
EL ALTO,"anticoncepcion, prevencion de its y de cancer de cuello uterino",numero de personas que recibieron orientacion en anticoncepcion,2016-06-01,13,315,2086,855,145,3414
EL CHORO,"anticoncepcion, prevencion de its y de cancer de cuello uterino",numero de personas que recibieron orientacion en anticoncepcion,2016-06-01,0,3,12,2,0,17
EL PUENTE(STC),"anticoncepcion, prevencion de its y de cancer de cuello uterino",numero de personas que recibieron orientacion en anticoncepcion,2016-06-01,5,17,8,7,0,37
EL PUENTE(TJA),"anticoncepcion, prevencion de its y de cancer de cuello uterino",numero de personas que recibieron orientacion en anticoncepcion,2016-06-01,0,6,30,12,1,49
EL TORNO,"anticoncepcion, prevencion de its y de cancer de cuello uterino",numero de personas que recibieron orientacion en anticoncepcion,2016-06-01,2,28,117,74,35,256
EL VILLAR,"anticoncepcion, prevencion de its y de cancer de cuello uterino",numero de personas que recibieron orientacion en anticoncepcion,2016-06-01,13,11,4,3,0,31
ENTRE RIOS TRJ,"anticoncepcion, prevencion de its y de cancer de cuello uterino",numero de personas que recibieron orientacion en anticoncepcion,2016-06-01,0,16,41,18,1,76
ENTRE RIOS CBBA,"anticoncepcion, prevencion de its y de cancer de cuello uterino",numero de personas que recibieron orientacion en anticoncepcion,2016-06-01,0,11,96,18,0,125
ESCARA,"anticoncepcion, prevencion de its y de cancer de cuello uterino",numero de personas que recibieron orientacion en anticoncepcion,2016-06-01,0,0,1,0,0,1
ESCOMA,"anticoncepcion, prevencion de its y de cancer de cuello uterino",numero de personas que recibieron orientacion en anticoncepcion,2016-06-01,0,4,17,9,0,30
ESMERALDA,"anticoncepcion, prevencion de its y de cancer de cuello uterino",numero de personas que recibieron orientacion en anticoncepcion,2016-06-01,0,0,1,0,1,2
EUCALIPTUS,"anticoncepcion, prevencion de its y de cancer de cuello uterino",numero de personas que recibieron orientacion en anticoncepcion,2016-06-01,0,2,6,1,0,9
EUREKA (SANTOS MERCADO),"anticoncepcion, prevencion de its y de cancer de cuello uterino",numero de personas que recibieron orientacion en anticoncepcion,2016-06-01,0,3,6,0,0,9
EXALTACION,"anticoncepcion, prevencion de its y de cancer de cuello uterino",numero de personas que recibieron orientacion en anticoncepcion,2016-06-01,6,3,2,5,0,16
FERNANDEZ ALONSO,"anticoncepcion, prevencion de its y de cancer de cuello uterino",numero de personas que recibieron orientacion en anticoncepcion,2016-06-01,0,5,18,7,3,33
FILADELFIA,"anticoncepcion, prevencion de its y de cancer de cuello uterino",numero de personas que recibieron orientacion en anticoncepcion,2016-06-01,0,3,10,3,0,16
GENERAL SAAVEDRA,"anticoncepcion, prevencion de its y de cancer de cuello uterino",numero de personas que recibieron orientacion en anticoncepcion,2016-06-01,0,9,46,19,0,74
GRAL. J.J. PEREZ (CHARAZANI),"anticoncepcion, prevencion de its y de cancer de cuello uterino",numero de personas que recibieron orientacion en anticoncepcion,2016-06-01,0,2,27,9,5,43
GUANAY,"anticoncepcion, prevencion de its y de cancer de cuello uterino",numero de personas que recibieron orientacion en anticoncepcion,2016-06-01,0,20,63,11,0,94
GUAQUI,"anticoncepcion, prevencion de its y de cancer de cuello uterino",numero de personas que recibieron orientacion en anticoncepcion,2016-06-01,0,4,6,1,0,11
GUAYARAMERIN,"anticoncepcion, prevencion de its y de cancer de cuello uterino",numero de personas que recibieron orientacion en anticoncepcion,2016-06-01,1,75,216,47,7,346
GUTIERREZ,"anticoncepcion, prevencion de its y de cancer de cuello uterino",numero de personas que recibieron orientacion en anticoncepcion,2016-06-01,0,0,6,3,0,9
HUACARETA,"anticoncepcion, prevencion de its y de cancer de cuello uterino",numero de personas que recibieron orientacion en anticoncepcion,2016-06-01,139,221,36,13,1,410
HUACAYA (VILLA DE HUACAYA),"anticoncepcion, prevencion de its y de cancer de cuello uterino",numero de personas que recibieron orientacion en anticoncepcion,2016-06-01,23,14,23,18,1,79
HUACHACALLA,"anticoncepcion, prevencion de its y de cancer de cuello uterino",numero de personas que recibieron orientacion en anticoncepcion,2016-06-01,0,0,7,0,0,7
HUANUNI,"anticoncepcion, prevencion de its y de cancer de cuello uterino",numero de personas que recibieron orientacion en anticoncepcion,2016-06-01,0,4,43,15,2,64
HUARACAJE,"anticoncepcion, prevencion de its y de cancer de cuello uterino",numero de personas que recibieron orientacion en anticoncepcion,2016-06-01,0,4,38,13,0,55
HUARINA,"anticoncepcion, prevencion de its y de cancer de cuello uterino",numero de personas que recibieron orientacion en anticoncepcion,2016-06-01,0,3,6,1,0,10
HUATAJATA,"anticoncepcion, prevencion de its y de cancer de cuello uterino",numero de personas que recibieron orientacion en anticoncepcion,2016-06-01,0,0,3,2,1,6
HUAYLLAMARCA,"anticoncepcion, prevencion de its y de cancer de cuello uterino",numero de personas que recibieron orientacion en anticoncepcion,2016-06-01,0,0,2,0,0,2
HUMANATA,"anticoncepcion, prevencion de its y de cancer de cuello uterino",numero de personas que recibieron orientacion en anticoncepcion,2016-06-01,0,1,3,4,0,8
ICHOCA,"anticoncepcion, prevencion de its y de cancer de cuello uterino",numero de personas que recibieron orientacion en anticoncepcion,2016-06-01,0,1,4,0,0,5
ICLA,"anticoncepcion, prevencion de its y de cancer de cuello uterino",numero de personas que recibieron orientacion en anticoncepcion,2016-06-01,159,103,4,5,0,271
INCAHUASI,"anticoncepcion, prevencion de its y de cancer de cuello uterino",numero de personas que recibieron orientacion en anticoncepcion,2016-06-01,94,135,52,24,3,308
INGAVI (HUMAITA),"anticoncepcion, prevencion de its y de cancer de cuello uterino",numero de personas que recibieron orientacion en anticoncepcion,2016-06-01,0,3,8,0,0,11
INQUISIVI,"anticoncepcion, prevencion de its y de cancer de cuello uterino",numero de personas que recibieron orientacion en anticoncepcion,2016-06-01,1,7,9,9,0,26
IRUPANA (VILLA DE LANZA),"anticoncepcion, prevencion de its y de cancer de cuello uterino",numero de personas que recibieron orientacion en anticoncepcion,2016-06-01,0,7,52,14,1,74
IXIAMAS,"anticoncepcion, prevencion de its y de cancer de cuello uterino",numero de personas que recibieron orientacion en anticoncepcion,2016-06-01,0,5,18,1,0,24
JESUS DE MACHACA,"anticoncepcion, prevencion de its y de cancer de cuello uterino",numero de personas que recibieron orientacion en anticoncepcion,2016-06-01,0,4,8,2,2,16
LA ASUNTA,"anticoncepcion, prevencion de its y de cancer de cuello uterino",numero de personas que recibieron orientacion en anticoncepcion,2016-06-01,0,26,66,10,0,102
LA GUARDIA,"anticoncepcion, prevencion de its y de cancer de cuello uterino",numero de personas que recibieron orientacion en anticoncepcion,2016-06-01,12,58,244,85,15,414
LA PAZ,"anticoncepcion, prevencion de its y de cancer de cuello uterino",numero de personas que recibieron orientacion en anticoncepcion,2016-06-01,36,205,1561,1127,36,2965
LAGUNILLAS,"anticoncepcion, prevencion de its y de cancer de cuello uterino",numero de personas que recibieron orientacion en anticoncepcion,2016-06-01,0,1,25,11,0,37
LAJA,"anticoncepcion, prevencion de its y de cancer de cuello uterino",numero de personas que recibieron orientacion en anticoncepcion,2016-06-01,0,9,23,15,5,52
LAS CARRERAS,"anticoncepcion, prevencion de its y de cancer de cuello uterino",numero de personas que recibieron orientacion en anticoncepcion,2016-06-01,5,9,12,8,0,34
LICOMA PAMPA,"anticoncepcion, prevencion de its y de cancer de cuello uterino",numero de personas que recibieron orientacion en anticoncepcion,2016-06-01,1,1,2,1,0,5
LLALLAGUA,"anticoncepcion, prevencion de its y de cancer de cuello uterino",numero de personas que recibieron orientacion en anticoncepcion,2016-06-01,1,81,332,113,31,558
LLICA,"anticoncepcion, prevencion de its y de cancer de cuello uterino",numero de personas que recibieron orientacion en anticoncepcion,2016-06-01,1,0,8,0,0,9
LORETO,"anticoncepcion, prevencion de its y de cancer de cuello uterino",numero de personas que recibieron orientacion en anticoncepcion,2016-06-01,10,3,15,4,0,32
LURIBAY,"anticoncepcion, prevencion de its y de cancer de cuello uterino",numero de personas que recibieron orientacion en anticoncepcion,2016-06-01,0,1,9,3,1,14
MACHACAMARCA,"anticoncepcion, prevencion de its y de cancer de cuello uterino",numero de personas que recibieron orientacion en anticoncepcion,2016-06-01,0,0,1,0,0,1
MACHARETI,"anticoncepcion, prevencion de its y de cancer de cuello uterino",numero de personas que recibieron orientacion en anticoncepcion,2016-06-01,28,131,21,8,0,188
MAGDALENA,"anticoncepcion, prevencion de its y de cancer de cuello uterino",numero de personas que recibieron orientacion en anticoncepcion,2016-06-01,1,17,55,15,0,88
MAIRANA,"anticoncepcion, prevencion de its y de cancer de cuello uterino",numero de personas que recibieron orientacion en anticoncepcion,2016-06-01,0,5,22,5,0,32
MALLA,"anticoncepcion, prevencion de its y de cancer de cuello uterino",numero de personas que recibieron orientacion en anticoncepcion,2016-06-01,0,0,8,5,0,13
MAPIRI,"anticoncepcion, prevencion de its y de cancer de cuello uterino",numero de personas que recibieron orientacion en anticoncepcion,2016-06-01,0,13,93,75,14,195
MECAPACA,"anticoncepcion, prevencion de its y de cancer de cuello uterino",numero de personas que recibieron orientacion en anticoncepcion,2016-06-01,0,3,21,8,0,32
MINEROS,"anticoncepcion, prevencion de its y de cancer de cuello uterino",numero de personas que recibieron orientacion en anticoncepcion,2016-06-01,0,12,49,17,4,82
MIZQUE,"anticoncepcion, prevencion de its y de cancer de cuello uterino",numero de personas que recibieron orientacion en anticoncepcion,2016-06-01,1,39,145,58,7,250
MOCOMOCO,"anticoncepcion, prevencion de its y de cancer de cuello uterino",numero de personas que recibieron orientacion en anticoncepcion,2016-06-01,0,1,9,4,1,15
MOJINETE,"anticoncepcion, prevencion de its y de cancer de cuello uterino",numero de personas que recibieron orientacion en anticoncepcion,2016-06-01,0,0,2,0,0,2
MOJOCOYA,"anticoncepcion, prevencion de its y de cancer de cuello uterino",numero de personas que recibieron orientacion en anticoncepcion,2016-06-01,158,136,35,32,3,364
MONTEAGUDO,"anticoncepcion, prevencion de its y de cancer de cuello uterino",numero de personas que recibieron orientacion en anticoncepcion,2016-06-01,14,74,184,100,49,421
MONTERO,"anticoncepcion, prevencion de its y de cancer de cuello uterino",numero de personas que recibieron orientacion en anticoncepcion,2016-06-01,3,97,278,96,7,481
MORO MORO,"anticoncepcion, prevencion de its y de cancer de cuello uterino",numero de personas que recibieron orientacion en anticoncepcion,2016-06-01,1,1,5,1,0,8
MOROCHATA,"anticoncepcion, prevencion de its y de cancer de cuello uterino",numero de personas que recibieron orientacion en anticoncepcion,2016-06-01,2,17,23,14,0,56
NACEBE (SANTA ROSA DEL ABUNA),"anticoncepcion, prevencion de its y de cancer de cuello uterino",numero de personas que recibieron orientacion en anticoncepcion,2016-06-01,0,6,12,9,0,27
NUEVO MANOA (NUEVA ESPERANZA),"anticoncepcion, prevencion de its y de cancer de cuello uterino",numero de personas que recibieron orientacion en anticoncepcion,2016-06-01,0,5,17,0,0,22
OCURI,"anticoncepcion, prevencion de its y de cancer de cuello uterino",numero de personas que recibieron orientacion en anticoncepcion,2016-06-01,0,4,44,44,6,98
OKINAWA,"anticoncepcion, prevencion de its y de cancer de cuello uterino",numero de personas que recibieron orientacion en anticoncepcion,2016-06-01,0,7,34,13,1,55
OMEREQUE,"anticoncepcion, prevencion de its y de cancer de cuello uterino",numero de personas que recibieron orientacion en anticoncepcion,2016-06-01,1,3,32,18,3,57
ORURO,"anticoncepcion, prevencion de its y de cancer de cuello uterino",numero de personas que recibieron orientacion en anticoncepcion,2016-06-01,2,183,1365,794,73,2417
PADCAYA,"anticoncepcion, prevencion de its y de cancer de cuello uterino",numero de personas que recibieron orientacion en anticoncepcion,2016-06-01,2,21,77,40,2,142
PADILLA,"anticoncepcion, prevencion de its y de cancer de cuello uterino",numero de personas que recibieron orientacion en anticoncepcion,2016-06-01,195,275,84,43,4,601
PAILON,"anticoncepcion, prevencion de its y de cancer de cuello uterino",numero de personas que recibieron orientacion en anticoncepcion,2016-06-01,0,56,150,16,0,222
PALCA,"anticoncepcion, prevencion de its y de cancer de cuello uterino",numero de personas que recibieron orientacion en anticoncepcion,2016-06-01,0,6,49,13,2,70
PALOS BLANCOS,"anticoncepcion, prevencion de its y de cancer de cuello uterino",numero de personas que recibieron orientacion en anticoncepcion,2016-06-01,1,23,110,45,5,184
PAMPA AULLAGAS,"anticoncepcion, prevencion de its y de cancer de cuello uterino",numero de personas que recibieron orientacion en anticoncepcion,2016-06-01,0,2,8,5,1,16
PAPEL PAMPA,"anticoncepcion, prevencion de its y de cancer de cuello uterino",numero de personas que recibieron orientacion en anticoncepcion,2016-06-01,0,1,1,0,0,2
PASORAPA,"anticoncepcion, prevencion de its y de cancer de cuello uterino",numero de personas que recibieron orientacion en anticoncepcion,2016-06-01,0,4,22,18,8,52
PATACAMAYA,"anticoncepcion, prevencion de its y de cancer de cuello uterino",numero de personas que recibieron orientacion en anticoncepcion,2016-06-01,1,2,21,6,0,30
PAZÑA,"anticoncepcion, prevencion de its y de cancer de cuello uterino",numero de personas que recibieron orientacion en anticoncepcion,2016-06-01,0,6,42,14,3,65
PELECHUCO,"anticoncepcion, prevencion de its y de cancer de cuello uterino",numero de personas que recibieron orientacion en anticoncepcion,2016-06-01,1,3,65,28,8,105
POCOATA,"anticoncepcion, prevencion de its y de cancer de cuello uterino",numero de personas que recibieron orientacion en anticoncepcion,2016-06-01,1,8,41,39,7,96
POCONA,"anticoncepcion, prevencion de its y de cancer de cuello uterino",numero de personas que recibieron orientacion en anticoncepcion,2016-06-01,0,17,53,37,3,110
POJO (CBBA),"anticoncepcion, prevencion de its y de cancer de cuello uterino",numero de personas que recibieron orientacion en anticoncepcion,2016-06-01,0,5,28,7,0,40
POOPO,"anticoncepcion, prevencion de its y de cancer de cuello uterino",numero de personas que recibieron orientacion en anticoncepcion,2016-06-01,0,1,6,2,0,9
PORCO,"anticoncepcion, prevencion de its y de cancer de cuello uterino",numero de personas que recibieron orientacion en anticoncepcion,2016-06-01,0,13,69,36,7,125
POROMA,"anticoncepcion, prevencion de its y de cancer de cuello uterino",numero de personas que recibieron orientacion en anticoncepcion,2016-06-01,82,434,22,13,2,553
PORONGO,"anticoncepcion, prevencion de its y de cancer de cuello uterino",numero de personas que recibieron orientacion en anticoncepcion,2016-06-01,1,1,17,7,0,26
PORTACHUELO,"anticoncepcion, prevencion de its y de cancer de cuello uterino",numero de personas que recibieron orientacion en anticoncepcion,2016-06-01,0,4,12,2,0,18
PORVENIR,"anticoncepcion, prevencion de its y de cancer de cuello uterino",numero de personas que recibieron orientacion en anticoncepcion,2016-06-01,0,4,3,0,0,7
POSTRER VALLE,"anticoncepcion, prevencion de its y de cancer de cuello uterino",numero de personas que recibieron orientacion en anticoncepcion,2016-06-01,0,0,0,2,0,2
POTOSI,"anticoncepcion, prevencion de its y de cancer de cuello uterino",numero de personas que recibieron orientacion en anticoncepcion,2016-06-01,0,60,405,78,1,544
PRESTO,"anticoncepcion, prevencion de its y de cancer de cuello uterino",numero de personas que recibieron orientacion en anticoncepcion,2016-06-01,124,189,76,57,13,459
PUCARA,"anticoncepcion, prevencion de its y de cancer de cuello uterino",numero de personas que recibieron orientacion en anticoncepcion,2016-06-01,0,1,0,1,0,2
PUCARANI,"anticoncepcion, prevencion de its y de cancer de cuello uterino",numero de personas que recibieron orientacion en anticoncepcion,2016-06-01,0,3,30,15,1,49
PUERTO ACOSTA,"anticoncepcion, prevencion de its y de cancer de cuello uterino",numero de personas que recibieron orientacion en anticoncepcion,2016-06-01,0,1,1,2,0,4
PUERTO CARABUCO,"anticoncepcion, prevencion de its y de cancer de cuello uterino",numero de personas que recibieron orientacion en anticoncepcion,2016-06-01,1,4,9,4,0,18
PUERTO GONZALO MORENO,"anticoncepcion, prevencion de its y de cancer de cuello uterino",numero de personas que recibieron orientacion en anticoncepcion,2016-06-01,0,31,29,9,1,70
PUERTO PEREZ,"anticoncepcion, prevencion de its y de cancer de cuello uterino",numero de personas que recibieron orientacion en anticoncepcion,2016-06-01,0,3,6,4,0,13
PUERTO QUIJARRO,"anticoncepcion, prevencion de its y de cancer de cuello uterino",numero de personas que recibieron orientacion en anticoncepcion,2016-06-01,0,6,28,11,1,46
PUERTO RICO,"anticoncepcion, prevencion de its y de cancer de cuello uterino",numero de personas que recibieron orientacion en anticoncepcion,2016-06-01,0,9,19,0,0,28
PUERTO SILES,"anticoncepcion, prevencion de its y de cancer de cuello uterino",numero de personas que recibieron orientacion en anticoncepcion,2016-06-01,0,0,3,2,0,5
PUERTO SUAREZ,"anticoncepcion, prevencion de its y de cancer de cuello uterino",numero de personas que recibieron orientacion en anticoncepcion,2016-06-01,1,17,50,2,0,70
PUERTO VILLARROEL,"anticoncepcion, prevencion de its y de cancer de cuello uterino",numero de personas que recibieron orientacion en anticoncepcion,2016-06-01,2,57,199,60,3,321
PUNA,"anticoncepcion, prevencion de its y de cancer de cuello uterino",numero de personas que recibieron orientacion en anticoncepcion,2016-06-01,0,11,53,28,8,100
PUNATA,"anticoncepcion, prevencion de its y de cancer de cuello uterino",numero de personas que recibieron orientacion en anticoncepcion,2016-06-01,0,11,41,12,0,64
QUIABAYA,"anticoncepcion, prevencion de its y de cancer de cuello uterino",numero de personas que recibieron orientacion en anticoncepcion,2016-06-01,0,0,2,0,0,2
QUILLACOLLO,"anticoncepcion, prevencion de its y de cancer de cuello uterino",numero de personas que recibieron orientacion en anticoncepcion,2016-06-01,6,88,454,131,7,686
QUIME,"anticoncepcion, prevencion de its y de cancer de cuello uterino",numero de personas que recibieron orientacion en anticoncepcion,2016-06-01,0,4,15,4,1,24
QUIRUSILLAS,"anticoncepcion, prevencion de its y de cancer de cuello uterino",numero de personas que recibieron orientacion en anticoncepcion,2016-06-01,0,3,3,1,0,7
RAVELO,"anticoncepcion, prevencion de its y de cancer de cuello uterino",numero de personas que recibieron orientacion en anticoncepcion,2016-06-01,1,6,35,27,2,71
REYES,"anticoncepcion, prevencion de its y de cancer de cuello uterino",numero de personas que recibieron orientacion en anticoncepcion,2016-06-01,10,29,58,15,0,112
RIBERALTA,"anticoncepcion, prevencion de its y de cancer de cuello uterino",numero de personas que recibieron orientacion en anticoncepcion,2016-06-01,37,277,818,227,61,1420
ROBORE,"anticoncepcion, prevencion de its y de cancer de cuello uterino",numero de personas que recibieron orientacion en anticoncepcion,2016-06-01,0,14,66,18,0,98
RURRENABAQUE,"anticoncepcion, prevencion de its y de cancer de cuello uterino",numero de personas que recibieron orientacion en anticoncepcion,2016-06-01,2,51,179,38,0,270
SABAYA,"anticoncepcion, prevencion de its y de cancer de cuello uterino",numero de personas que recibieron orientacion en anticoncepcion,2016-06-01,1,2,12,3,0,18
SACABA,"anticoncepcion, prevencion de its y de cancer de cuello uterino",numero de personas que recibieron orientacion en anticoncepcion,2016-06-01,28,328,660,210,4,1230
SACABAMBA,"anticoncepcion, prevencion de its y de cancer de cuello uterino",numero de personas que recibieron orientacion en anticoncepcion,2016-06-01,0,0,9,3,2,14
SACACA,"anticoncepcion, prevencion de its y de cancer de cuello uterino",numero de personas que recibieron orientacion en anticoncepcion,2016-06-01,0,9,77,47,1,134
SAIPINA,"anticoncepcion, prevencion de its y de cancer de cuello uterino",numero de personas que recibieron orientacion en anticoncepcion,2016-06-01,0,5,22,6,0,33
SALINAS DE GARCI MENDOZA,"anticoncepcion, prevencion de its y de cancer de cuello uterino",numero de personas que recibieron orientacion en anticoncepcion,2016-06-01,0,7,38,6,0,51
SAMAIPATA,"anticoncepcion, prevencion de its y de cancer de cuello uterino",numero de personas que recibieron orientacion en anticoncepcion,2016-06-01,0,18,21,2,0,41
SAN AGUSTIN,"anticoncepcion, prevencion de its y de cancer de cuello uterino",numero de personas que recibieron orientacion en anticoncepcion,2016-06-01,0,1,0,2,0,3
SAN ANDRES,"anticoncepcion, prevencion de its y de cancer de cuello uterino",numero de personas que recibieron orientacion en anticoncepcion,2016-06-01,2,26,57,24,0,109
SAN ANDRES DE MACHACA,"anticoncepcion, prevencion de its y de cancer de cuello uterino",numero de personas que recibieron orientacion en anticoncepcion,2016-06-01,0,1,4,2,1,8
SAN ANTONIO DE ESMORUCO,"anticoncepcion, prevencion de its y de cancer de cuello uterino",numero de personas que recibieron orientacion en anticoncepcion,2016-06-01,0,4,12,0,0,16
SAN ANTONIO DE LOMERIO,"anticoncepcion, prevencion de its y de cancer de cuello uterino",numero de personas que recibieron orientacion en anticoncepcion,2016-06-01,0,2,21,7,0,30
SAN BENITO,"anticoncepcion, prevencion de its y de cancer de cuello uterino",numero de personas que recibieron orientacion en anticoncepcion,2016-06-01,0,2,25,8,0,35
SAN BORJA,"anticoncepcion, prevencion de its y de cancer de cuello uterino",numero de personas que recibieron orientacion en anticoncepcion,2016-06-01,4,28,62,15,0,109
SAN BUENA VENTURA,"anticoncepcion, prevencion de its y de cancer de cuello uterino",numero de personas que recibieron orientacion en anticoncepcion,2016-06-01,1,6,34,1,0,42
SAN CARLOS,"anticoncepcion, prevencion de its y de cancer de cuello uterino",numero de personas que recibieron orientacion en anticoncepcion,2016-06-01,0,26,89,40,4,159
SAN IGNACIO,"anticoncepcion, prevencion de its y de cancer de cuello uterino",numero de personas que recibieron orientacion en anticoncepcion,2016-06-01,3,40,183,60,1,287
SAN IGNACIO DE VELASCO,"anticoncepcion, prevencion de its y de cancer de cuello uterino",numero de personas que recibieron orientacion en anticoncepcion,2016-06-01,0,27,176,55,3,261
SAN JAVIER(BNI),"anticoncepcion, prevencion de its y de cancer de cuello uterino",numero de personas que recibieron orientacion en anticoncepcion,2016-06-01,0,0,8,3,0,11
SAN JAVIER(STC),"anticoncepcion, prevencion de its y de cancer de cuello uterino",numero de personas que recibieron orientacion en anticoncepcion,2016-06-01,0,5,10,0,0,15
SAN JOSE DE CHIQUITOS,"anticoncepcion, prevencion de its y de cancer de cuello uterino",numero de personas que recibieron orientacion en anticoncepcion,2016-06-01,9,17,54,20,0,100
SAN JUAN DE YAPACANI,"anticoncepcion, prevencion de its y de cancer de cuello uterino",numero de personas que recibieron orientacion en anticoncepcion,2016-06-01,1,6,40,16,0,63
SAN JULIAN,"anticoncepcion, prevencion de its y de cancer de cuello uterino",numero de personas que recibieron orientacion en anticoncepcion,2016-06-01,0,21,95,44,2,162
SAN LORENZO(PND),"anticoncepcion, prevencion de its y de cancer de cuello uterino",numero de personas que recibieron orientacion en anticoncepcion,2016-06-01,0,4,3,1,0,8
SAN LORENZO(TJA),"anticoncepcion, prevencion de its y de cancer de cuello uterino",numero de personas que recibieron orientacion en anticoncepcion,2016-06-01,0,11,55,31,4,101
SAN LUCAS,"anticoncepcion, prevencion de its y de cancer de cuello uterino",numero de personas que recibieron orientacion en anticoncepcion,2016-06-01,28,175,166,118,57,544
SAN MATIAS,"anticoncepcion, prevencion de its y de cancer de cuello uterino",numero de personas que recibieron orientacion en anticoncepcion,2016-06-01,1,10,37,8,0,56
SAN MIGUEL DE VELASCO,"anticoncepcion, prevencion de its y de cancer de cuello uterino",numero de personas que recibieron orientacion en anticoncepcion,2016-06-01,0,19,105,44,2,170
SAN PABLO DE LIPEZ,"anticoncepcion, prevencion de its y de cancer de cuello uterino",numero de personas que recibieron orientacion en anticoncepcion,2016-06-01,0,2,3,0,2,7
SAN PEDRO,"anticoncepcion, prevencion de its y de cancer de cuello uterino",numero de personas que recibieron orientacion en anticoncepcion,2016-06-01,0,9,51,13,1,74
SAN PEDRO DE BUENA VISTA,"anticoncepcion, prevencion de its y de cancer de cuello uterino",numero de personas que recibieron orientacion en anticoncepcion,2016-06-01,0,16,68,36,5,125
SAN PEDRO DE CURAHUARA,"anticoncepcion, prevencion de its y de cancer de cuello uterino",numero de personas que recibieron orientacion en anticoncepcion,2016-06-01,0,0,10,4,0,14
SAN PEDRO DE QUEMES,"anticoncepcion, prevencion de its y de cancer de cuello uterino",numero de personas que recibieron orientacion en anticoncepcion,2016-06-01,0,0,1,0,0,1
SAN PEDRO DE TIQUINA,"anticoncepcion, prevencion de its y de cancer de cuello uterino",numero de personas que recibieron orientacion en anticoncepcion,2016-06-01,0,3,11,4,0,18
SAN RAFAEL,"anticoncepcion, prevencion de its y de cancer de cuello uterino",numero de personas que recibieron orientacion en anticoncepcion,2016-06-01,0,28,80,32,1,141
SAN RAMON SCZ,"anticoncepcion, prevencion de its y de cancer de cuello uterino",numero de personas que recibieron orientacion en anticoncepcion,2016-06-01,0,16,43,20,1,80
SANTA ANA,"anticoncepcion, prevencion de its y de cancer de cuello uterino",numero de personas que recibieron orientacion en anticoncepcion,2016-06-01,1,18,34,12,1,66
SANTA CRUZ DE LA SIERRA,"anticoncepcion, prevencion de its y de cancer de cuello uterino",numero de personas que recibieron orientacion en anticoncepcion,2016-06-01,130,938,2480,1109,89,4746
SANTA ROSA,"anticoncepcion, prevencion de its y de cancer de cuello uterino",numero de personas que recibieron orientacion en anticoncepcion,2016-06-01,0,4,8,4,0,16
SANTA ROSA DEL SARA,"anticoncepcion, prevencion de its y de cancer de cuello uterino",numero de personas que recibieron orientacion en anticoncepcion,2016-06-01,0,3,23,3,1,30
SANTIAGO DE CALLAPA,"anticoncepcion, prevencion de its y de cancer de cuello uterino",numero de personas que recibieron orientacion en anticoncepcion,2016-06-01,0,3,7,2,1,13
SANTIAGO DE HUARI,"anticoncepcion, prevencion de its y de cancer de cuello uterino",numero de personas que recibieron orientacion en anticoncepcion,2016-06-01,0,2,26,3,0,31
SANTIAGO DE HUATA,"anticoncepcion, prevencion de its y de cancer de cuello uterino",numero de personas que recibieron orientacion en anticoncepcion,2016-06-01,0,2,9,5,7,23
SANTIAGO DE MACHACA,"anticoncepcion, prevencion de its y de cancer de cuello uterino",numero de personas que recibieron orientacion en anticoncepcion,2016-06-01,0,5,4,0,0,9
SANTIVAÑES,"anticoncepcion, prevencion de its y de cancer de cuello uterino",numero de personas que recibieron orientacion en anticoncepcion,2016-06-01,0,0,5,1,0,6
SANTUARIO DE QUILLACAS,"anticoncepcion, prevencion de its y de cancer de cuello uterino",numero de personas que recibieron orientacion en anticoncepcion,2016-06-01,0,6,34,12,0,52
SAPAHAQUI,"anticoncepcion, prevencion de its y de cancer de cuello uterino",numero de personas que recibieron orientacion en anticoncepcion,2016-06-01,0,0,6,0,0,6
SENA,"anticoncepcion, prevencion de its y de cancer de cuello uterino",numero de personas que recibieron orientacion en anticoncepcion,2016-06-01,3,6,19,2,0,30
SHINAOTA,"anticoncepcion, prevencion de its y de cancer de cuello uterino",numero de personas que recibieron orientacion en anticoncepcion,2016-06-01,0,5,36,7,0,48
SICA SICA (VILLA AROMA),"anticoncepcion, prevencion de its y de cancer de cuello uterino",numero de personas que recibieron orientacion en anticoncepcion,2016-06-01,0,6,15,9,0,30
SICAYA,"anticoncepcion, prevencion de its y de cancer de cuello uterino",numero de personas que recibieron orientacion en anticoncepcion,2016-06-01,1,1,8,4,0,14
SIPE SIPE,"anticoncepcion, prevencion de its y de cancer de cuello uterino",numero de personas que recibieron orientacion en anticoncepcion,2016-06-01,4,47,161,76,11,299
SOPACHUY,"anticoncepcion, prevencion de its y de cancer de cuello uterino",numero de personas que recibieron orientacion en anticoncepcion,2016-06-01,0,204,72,40,2,318
SORACACHI,"anticoncepcion, prevencion de its y de cancer de cuello uterino",numero de personas que recibieron orientacion en anticoncepcion,2016-06-01,0,3,48,26,5,82
SORATA,"anticoncepcion, prevencion de its y de cancer de cuello uterino",numero de personas que recibieron orientacion en anticoncepcion,2016-06-01,1,5,29,13,0,48
SUCRE,"anticoncepcion, prevencion de its y de cancer de cuello uterino",numero de personas que recibieron orientacion en anticoncepcion,2016-06-01,3798,11212,2894,1108,89,19101
TACACOMA,"anticoncepcion, prevencion de its y de cancer de cuello uterino",numero de personas que recibieron orientacion en anticoncepcion,2016-06-01,1,5,21,5,0,32
TACOBAMBA,"anticoncepcion, prevencion de its y de cancer de cuello uterino",numero de personas que recibieron orientacion en anticoncepcion,2016-06-01,0,0,1,2,0,3
TACOPAYA,"anticoncepcion, prevencion de its y de cancer de cuello uterino",numero de personas que recibieron orientacion en anticoncepcion,2016-06-01,0,2,8,12,0,22
TAHUA,"anticoncepcion, prevencion de its y de cancer de cuello uterino",numero de personas que recibieron orientacion en anticoncepcion,2016-06-01,0,0,5,0,0,5
TAPACARI,"anticoncepcion, prevencion de its y de cancer de cuello uterino",numero de personas que recibieron orientacion en anticoncepcion,2016-06-01,8,7,30,15,1,61
TARABUCO,"anticoncepcion, prevencion de its y de cancer de cuello uterino",numero de personas que recibieron orientacion en anticoncepcion,2016-06-01,146,247,152,148,25,718
TARACO,"anticoncepcion, prevencion de its y de cancer de cuello uterino",numero de personas que recibieron orientacion en anticoncepcion,2016-06-01,0,2,6,3,0,11
TARATA,"anticoncepcion, prevencion de its y de cancer de cuello uterino",numero de personas que recibieron orientacion en anticoncepcion,2016-06-01,0,3,21,12,0,36
TARIJA,"anticoncepcion, prevencion de its y de cancer de cuello uterino",numero de personas que recibieron orientacion en anticoncepcion,2016-06-01,18,177,629,525,3,1352
TARVITA,"anticoncepcion, prevencion de its y de cancer de cuello uterino",numero de personas que recibieron orientacion en anticoncepcion,2016-06-01,155,192,44,33,1,425
TEOPONTE,"anticoncepcion, prevencion de its y de cancer de cuello uterino",numero de personas que recibieron orientacion en anticoncepcion,2016-06-01,2,13,64,19,3,101
TIAWANACU,"anticoncepcion, prevencion de its y de cancer de cuello uterino",numero de personas que recibieron orientacion en anticoncepcion,2016-06-01,0,8,18,8,3,37
TINGUIPAYA,"anticoncepcion, prevencion de its y de cancer de cuello uterino",numero de personas que recibieron orientacion en anticoncepcion,2016-06-01,0,2,12,13,0,27
TIPUANI,"anticoncepcion, prevencion de its y de cancer de cuello uterino",numero de personas que recibieron orientacion en anticoncepcion,2016-06-01,0,5,32,13,0,50
TIQUIPAYA,"anticoncepcion, prevencion de its y de cancer de cuello uterino",numero de personas que recibieron orientacion en anticoncepcion,2016-06-01,0,37,152,60,2,251
TIRAQUE (CBBA),"anticoncepcion, prevencion de its y de cancer de cuello uterino",numero de personas que recibieron orientacion en anticoncepcion,2016-06-01,0,13,24,14,0,51
TITO YUPANQUI (PARQUIPUJIO),"anticoncepcion, prevencion de its y de cancer de cuello uterino",numero de personas que recibieron orientacion en anticoncepcion,2016-06-01,0,1,3,1,0,5
TOCO,"anticoncepcion, prevencion de its y de cancer de cuello uterino",numero de personas que recibieron orientacion en anticoncepcion,2016-06-01,0,2,18,9,0,29
TOLATA,"anticoncepcion, prevencion de its y de cancer de cuello uterino",numero de personas que recibieron orientacion en anticoncepcion,2016-06-01,0,6,48,17,2,73
TOLEDO,"anticoncepcion, prevencion de its y de cancer de cuello uterino",numero de personas que recibieron orientacion en anticoncepcion,2016-06-01,0,0,23,5,0,28
TOMAVE,"anticoncepcion, prevencion de its y de cancer de cuello uterino",numero de personas que recibieron orientacion en anticoncepcion,2016-06-01,0,3,11,6,0,20
TOMINA,"anticoncepcion, prevencion de its y de cancer de cuello uterino",numero de personas que recibieron orientacion en anticoncepcion,2016-06-01,93,145,11,3,0,252
TORO TORO,"anticoncepcion, prevencion de its y de cancer de cuello uterino",numero de personas que recibieron orientacion en anticoncepcion,2016-06-01,0,32,83,51,13,179
TOTORA(CBBA),"anticoncepcion, prevencion de its y de cancer de cuello uterino",numero de personas que recibieron orientacion en anticoncepcion,2016-06-01,0,10,29,11,0,50
TOTORA(ORR),"anticoncepcion, prevencion de its y de cancer de cuello uterino",numero de personas que recibieron orientacion en anticoncepcion,2016-06-01,0,4,6,2,0,12
TRIGAL,"anticoncepcion, prevencion de its y de cancer de cuello uterino",numero de personas que recibieron orientacion en anticoncepcion,2016-06-01,0,0,1,0,0,1
TRINIDAD,"anticoncepcion, prevencion de its y de cancer de cuello uterino",numero de personas que recibieron orientacion en anticoncepcion,2016-06-01,14,316,1107,253,74,1764
TUPIZA,"anticoncepcion, prevencion de its y de cancer de cuello uterino",numero de personas que recibieron orientacion en anticoncepcion,2016-06-01,2,29,183,113,10,337
TURCO,"anticoncepcion, prevencion de its y de cancer de cuello uterino",numero de personas que recibieron orientacion en anticoncepcion,2016-06-01,0,2,14,14,1,31
UMALA,"anticoncepcion, prevencion de its y de cancer de cuello uterino",numero de personas que recibieron orientacion en anticoncepcion,2016-06-01,0,3,16,8,0,27
UNCIA,"anticoncepcion, prevencion de its y de cancer de cuello uterino",numero de personas que recibieron orientacion en anticoncepcion,2016-06-01,0,5,21,6,0,32
URIONDO (A. CONCEPCION),"anticoncepcion, prevencion de its y de cancer de cuello uterino",numero de personas que recibieron orientacion en anticoncepcion,2016-06-01,2,14,32,21,1,70
URUBICHA,"anticoncepcion, prevencion de its y de cancer de cuello uterino",numero de personas que recibieron orientacion en anticoncepcion,2016-06-01,0,8,25,15,1,49
UYUNI,"anticoncepcion, prevencion de its y de cancer de cuello uterino",numero de personas que recibieron orientacion en anticoncepcion,2016-06-01,0,9,50,11,1,71
VACAS,"anticoncepcion, prevencion de its y de cancer de cuello uterino",numero de personas que recibieron orientacion en anticoncepcion,2016-06-01,1,10,28,21,1,61
VALLEGRANDE,"anticoncepcion, prevencion de its y de cancer de cuello uterino",numero de personas que recibieron orientacion en anticoncepcion,2016-06-01,1,4,46,21,6,78
VIACHA,"anticoncepcion, prevencion de its y de cancer de cuello uterino",numero de personas que recibieron orientacion en anticoncepcion,2016-06-01,0,100,232,103,12,447
VILA VILA,"anticoncepcion, prevencion de its y de cancer de cuello uterino",numero de personas que recibieron orientacion en anticoncepcion,2016-06-01,0,2,7,1,0,10
VILLA CHARCAS,"anticoncepcion, prevencion de its y de cancer de cuello uterino",numero de personas que recibieron orientacion en anticoncepcion,2016-06-01,70,125,20,6,0,221
VILLA MONTES,"anticoncepcion, prevencion de its y de cancer de cuello uterino",numero de personas que recibieron orientacion en anticoncepcion,2016-06-01,3,24,92,32,0,151
VILLA NUEVA (LOMA ALTA),"anticoncepcion, prevencion de its y de cancer de cuello uterino",numero de personas que recibieron orientacion en anticoncepcion,2016-06-01,0,2,3,0,0,5
VILLA RIVERO,"anticoncepcion, prevencion de its y de cancer de cuello uterino",numero de personas que recibieron orientacion en anticoncepcion,2016-06-01,0,12,27,6,0,45
VILLA SERRANO,"anticoncepcion, prevencion de its y de cancer de cuello uterino",numero de personas que recibieron orientacion en anticoncepcion,2016-06-01,138,279,67,75,27,586
VILLA TUNARI,"anticoncepcion, prevencion de its y de cancer de cuello uterino",numero de personas que recibieron orientacion en anticoncepcion,2016-06-01,1,48,248,78,5,380
VILLA VACA GUZMAN (MUYUPAMPA),"anticoncepcion, prevencion de its y de cancer de cuello uterino",numero de personas que recibieron orientacion en anticoncepcion,2016-06-01,47,20,18,13,3,101
VILLAZON,"anticoncepcion, prevencion de its y de cancer de cuello uterino",numero de personas que recibieron orientacion en anticoncepcion,2016-06-01,0,33,110,20,1,164
VINTO,"anticoncepcion, prevencion de its y de cancer de cuello uterino",numero de personas que recibieron orientacion en anticoncepcion,2016-06-01,7,107,301,93,7,515
VITICHI,"anticoncepcion, prevencion de its y de cancer de cuello uterino",numero de personas que recibieron orientacion en anticoncepcion,2016-06-01,0,5,18,16,9,48
WALDO BALLIVIAN,"anticoncepcion, prevencion de its y de cancer de cuello uterino",numero de personas que recibieron orientacion en anticoncepcion,2016-06-01,0,0,1,2,0,3
WARNES,"anticoncepcion, prevencion de its y de cancer de cuello uterino",numero de personas que recibieron orientacion en anticoncepcion,2016-06-01,3,39,169,65,4,280
YACO,"anticoncepcion, prevencion de its y de cancer de cuello uterino",numero de personas que recibieron orientacion en anticoncepcion,2016-06-01,0,3,7,2,0,12
YACUIBA,"anticoncepcion, prevencion de its y de cancer de cuello uterino",numero de personas que recibieron orientacion en anticoncepcion,2016-06-01,0,77,381,195,39,692
YAMPARAEZ,"anticoncepcion, prevencion de its y de cancer de cuello uterino",numero de personas que recibieron orientacion en anticoncepcion,2016-06-01,37,70,24,36,12,179
YANACACHI,"anticoncepcion, prevencion de its y de cancer de cuello uterino",numero de personas que recibieron orientacion en anticoncepcion,2016-06-01,0,1,9,4,0,14
YAPACANI,"anticoncepcion, prevencion de its y de cancer de cuello uterino",numero de personas que recibieron orientacion en anticoncepcion,2016-06-01,0,15,40,8,0,63
YOCALLA,"anticoncepcion, prevencion de its y de cancer de cuello uterino",numero de personas que recibieron orientacion en anticoncepcion,2016-06-01,0,1,9,3,0,13
YOTALA,"anticoncepcion, prevencion de its y de cancer de cuello uterino",numero de personas que recibieron orientacion en anticoncepcion,2016-06-01,61,91,45,33,10,240
YUNCHARA,"anticoncepcion, prevencion de its y de cancer de cuello uterino",numero de personas que recibieron orientacion en anticoncepcion,2016-06-01,0,4,16,7,0,27
YUNGUYO DE LITORAL,"anticoncepcion, prevencion de its y de cancer de cuello uterino",numero de personas que recibieron orientacion en anticoncepcion,2016-06-01,0,0,2,3,0,5
ZUDAÑEZ,"anticoncepcion, prevencion de its y de cancer de cuello uterino",numero de personas que recibieron orientacion en anticoncepcion,2016-06-01,21,178,41,10,2,252
ACACIO,"anticoncepcion, prevencion de its y de cancer de cuello uterino",numero de personas que recibieron orientacion en anticoncepcion,2016-07-01,0,7,12,12,0,31
ACHACACHI,"anticoncepcion, prevencion de its y de cancer de cuello uterino",numero de personas que recibieron orientacion en anticoncepcion,2016-07-01,0,2,29,20,0,51
ACHOCALLA,"anticoncepcion, prevencion de its y de cancer de cuello uterino",numero de personas que recibieron orientacion en anticoncepcion,2016-07-01,0,4,37,21,5,67
AIQUILE,"anticoncepcion, prevencion de its y de cancer de cuello uterino",numero de personas que recibieron orientacion en anticoncepcion,2016-07-01,2,18,48,14,0,82
ALALAY,"anticoncepcion, prevencion de its y de cancer de cuello uterino",numero de personas que recibieron orientacion en anticoncepcion,2016-07-01,0,3,6,3,0,12
ALCALA,"anticoncepcion, prevencion de its y de cancer de cuello uterino",numero de personas que recibieron orientacion en anticoncepcion,2016-07-01,69,94,17,13,6,199
ALTO BENI,"anticoncepcion, prevencion de its y de cancer de cuello uterino",numero de personas que recibieron orientacion en anticoncepcion,2016-07-01,0,2,9,5,0,16
ANCORAIMES,"anticoncepcion, prevencion de its y de cancer de cuello uterino",numero de personas que recibieron orientacion en anticoncepcion,2016-07-01,0,5,10,2,0,17
ANDAMARCA,"anticoncepcion, prevencion de its y de cancer de cuello uterino",numero de personas que recibieron orientacion en anticoncepcion,2016-07-01,0,2,12,1,0,15
ANTEQUERA,"anticoncepcion, prevencion de its y de cancer de cuello uterino",numero de personas que recibieron orientacion en anticoncepcion,2016-07-01,0,0,4,0,0,4
ANZALDO,"anticoncepcion, prevencion de its y de cancer de cuello uterino",numero de personas que recibieron orientacion en anticoncepcion,2016-07-01,0,4,15,7,1,27
APOLO,"anticoncepcion, prevencion de its y de cancer de cuello uterino",numero de personas que recibieron orientacion en anticoncepcion,2016-07-01,0,7,46,32,8,93
ARAMPAMPA,"anticoncepcion, prevencion de its y de cancer de cuello uterino",numero de personas que recibieron orientacion en anticoncepcion,2016-07-01,0,1,6,7,0,14
ARANI,"anticoncepcion, prevencion de its y de cancer de cuello uterino",numero de personas que recibieron orientacion en anticoncepcion,2016-07-01,0,4,19,10,2,35
ARBIETO,"anticoncepcion, prevencion de its y de cancer de cuello uterino",numero de personas que recibieron orientacion en anticoncepcion,2016-07-01,0,24,89,37,3,153
ARQUE,"anticoncepcion, prevencion de its y de cancer de cuello uterino",numero de personas que recibieron orientacion en anticoncepcion,2016-07-01,0,6,27,30,0,63
ASCENCION DE GUARAYOS,"anticoncepcion, prevencion de its y de cancer de cuello uterino",numero de personas que recibieron orientacion en anticoncepcion,2016-07-01,4,17,98,55,6,180
ATOCHA,"anticoncepcion, prevencion de its y de cancer de cuello uterino",numero de personas que recibieron orientacion en anticoncepcion,2016-07-01,0,7,51,12,3,73
AUCAPATA,"anticoncepcion, prevencion de its y de cancer de cuello uterino",numero de personas que recibieron orientacion en anticoncepcion,2016-07-01,0,1,3,3,0,7
AYATA,"anticoncepcion, prevencion de its y de cancer de cuello uterino",numero de personas que recibieron orientacion en anticoncepcion,2016-07-01,0,1,10,5,0,16
AYO AYO,"anticoncepcion, prevencion de its y de cancer de cuello uterino",numero de personas que recibieron orientacion en anticoncepcion,2016-07-01,0,1,4,2,0,7
AYOPAYA (V. DE INDEPENDENCIA),"anticoncepcion, prevencion de its y de cancer de cuello uterino",numero de personas que recibieron orientacion en anticoncepcion,2016-07-01,2,7,74,45,1,129
AZURDUY,"anticoncepcion, prevencion de its y de cancer de cuello uterino",numero de personas que recibieron orientacion en anticoncepcion,2016-07-01,67,216,67,17,4,371
BATALLAS,"anticoncepcion, prevencion de its y de cancer de cuello uterino",numero de personas que recibieron orientacion en anticoncepcion,2016-07-01,0,7,51,22,3,83
BAURES,"anticoncepcion, prevencion de its y de cancer de cuello uterino",numero de personas que recibieron orientacion en anticoncepcion,2016-07-01,0,14,28,5,0,47
BELEN DE ANDAMARCA,"anticoncepcion, prevencion de its y de cancer de cuello uterino",numero de personas que recibieron orientacion en anticoncepcion,2016-07-01,0,1,2,0,0,3
BELEN DE URMIRI,"anticoncepcion, prevencion de its y de cancer de cuello uterino",numero de personas que recibieron orientacion en anticoncepcion,2016-07-01,0,3,0,1,0,4
BELLA FLOR,"anticoncepcion, prevencion de its y de cancer de cuello uterino",numero de personas que recibieron orientacion en anticoncepcion,2016-07-01,0,6,10,0,0,16
BERMEJO,"anticoncepcion, prevencion de its y de cancer de cuello uterino",numero de personas que recibieron orientacion en anticoncepcion,2016-07-01,0,32,162,85,9,288
BETANZOS,"anticoncepcion, prevencion de its y de cancer de cuello uterino",numero de personas que recibieron orientacion en anticoncepcion,2016-07-01,0,13,60,57,24,154
BOLIVAR,"anticoncepcion, prevencion de its y de cancer de cuello uterino",numero de personas que recibieron orientacion en anticoncepcion,2016-07-01,0,2,2,1,0,5
BOLPEBRA,"anticoncepcion, prevencion de its y de cancer de cuello uterino",numero de personas que recibieron orientacion en anticoncepcion,2016-07-01,0,2,5,1,0,8
BOYUIBE,"anticoncepcion, prevencion de its y de cancer de cuello uterino",numero de personas que recibieron orientacion en anticoncepcion,2016-07-01,0,2,13,4,1,20
BUENA VISTA,"anticoncepcion, prevencion de its y de cancer de cuello uterino",numero de personas que recibieron orientacion en anticoncepcion,2016-07-01,0,4,21,2,0,27
CABEZAS,"anticoncepcion, prevencion de its y de cancer de cuello uterino",numero de personas que recibieron orientacion en anticoncepcion,2016-07-01,1,17,45,12,1,76
CAIROMA,"anticoncepcion, prevencion de its y de cancer de cuello uterino",numero de personas que recibieron orientacion en anticoncepcion,2016-07-01,0,2,10,4,0,16
"CAIZA ""D""","anticoncepcion, prevencion de its y de cancer de cuello uterino",numero de personas que recibieron orientacion en anticoncepcion,2016-07-01,0,1,44,17,1,63
CAJUATA,"anticoncepcion, prevencion de its y de cancer de cuello uterino",numero de personas que recibieron orientacion en anticoncepcion,2016-07-01,1,4,22,1,0,28
CALACOTO,"anticoncepcion, prevencion de its y de cancer de cuello uterino",numero de personas que recibieron orientacion en anticoncepcion,2016-07-01,0,0,0,1,0,1
CALAMARCA,"anticoncepcion, prevencion de its y de cancer de cuello uterino",numero de personas que recibieron orientacion en anticoncepcion,2016-07-01,0,5,17,9,1,32
CAMARGO,"anticoncepcion, prevencion de its y de cancer de cuello uterino",numero de personas que recibieron orientacion en anticoncepcion,2016-07-01,70,93,29,23,0,215
CAMATAQUI (C. VILLA ABECIA),"anticoncepcion, prevencion de its y de cancer de cuello uterino",numero de personas que recibieron orientacion en anticoncepcion,2016-07-01,16,41,12,5,4,78
CAMIRI,"anticoncepcion, prevencion de its y de cancer de cuello uterino",numero de personas que recibieron orientacion en anticoncepcion,2016-07-01,1,36,67,6,0,110
CAPINOTA,"anticoncepcion, prevencion de its y de cancer de cuello uterino",numero de personas que recibieron orientacion en anticoncepcion,2016-07-01,0,7,25,5,0,37
CAQUIAVIRI,"anticoncepcion, prevencion de its y de cancer de cuello uterino",numero de personas que recibieron orientacion en anticoncepcion,2016-07-01,0,5,3,4,2,14
CARACOLLO,"anticoncepcion, prevencion de its y de cancer de cuello uterino",numero de personas que recibieron orientacion en anticoncepcion,2016-07-01,1,5,38,6,0,50
CARANAVI,"anticoncepcion, prevencion de its y de cancer de cuello uterino",numero de personas que recibieron orientacion en anticoncepcion,2016-07-01,0,60,274,141,40,515
CARAPARI,"anticoncepcion, prevencion de its y de cancer de cuello uterino",numero de personas que recibieron orientacion en anticoncepcion,2016-07-01,0,3,44,16,0,63
CARIPUYO,"anticoncepcion, prevencion de its y de cancer de cuello uterino",numero de personas que recibieron orientacion en anticoncepcion,2016-07-01,0,0,6,4,0,10
CARMEN RIVERO TORREZ,"anticoncepcion, prevencion de its y de cancer de cuello uterino",numero de personas que recibieron orientacion en anticoncepcion,2016-07-01,2,4,10,2,0,18
CATACORA,"anticoncepcion, prevencion de its y de cancer de cuello uterino",numero de personas que recibieron orientacion en anticoncepcion,2016-07-01,0,0,0,1,0,1
CHACARILLA,"anticoncepcion, prevencion de its y de cancer de cuello uterino",numero de personas que recibieron orientacion en anticoncepcion,2016-07-01,0,1,2,1,0,4
CHALLAPATA,"anticoncepcion, prevencion de its y de cancer de cuello uterino",numero de personas que recibieron orientacion en anticoncepcion,2016-07-01,0,20,138,52,0,210
CHAQUI,"anticoncepcion, prevencion de its y de cancer de cuello uterino",numero de personas que recibieron orientacion en anticoncepcion,2016-07-01,1,21,43,15,0,80
CHARAGUA,"anticoncepcion, prevencion de its y de cancer de cuello uterino",numero de personas que recibieron orientacion en anticoncepcion,2016-07-01,0,6,28,5,0,39
CHARAÑA,"anticoncepcion, prevencion de its y de cancer de cuello uterino",numero de personas que recibieron orientacion en anticoncepcion,2016-07-01,0,0,1,0,0,1
CHAYANTA,"anticoncepcion, prevencion de its y de cancer de cuello uterino",numero de personas que recibieron orientacion en anticoncepcion,2016-07-01,0,7,31,6,0,44
CHIMORE,"anticoncepcion, prevencion de its y de cancer de cuello uterino",numero de personas que recibieron orientacion en anticoncepcion,2016-07-01,0,20,110,55,0,185
CHIPAYA,"anticoncepcion, prevencion de its y de cancer de cuello uterino",numero de personas que recibieron orientacion en anticoncepcion,2016-07-01,1,6,1,0,0,8
CHOQUE COTA,"anticoncepcion, prevencion de its y de cancer de cuello uterino",numero de personas que recibieron orientacion en anticoncepcion,2016-07-01,1,3,2,4,0,10
CHUA COCANI,"anticoncepcion, prevencion de its y de cancer de cuello uterino",numero de personas que recibieron orientacion en anticoncepcion,2016-07-01,0,1,5,1,0,7
CHULUMANI (V. DE LA LIBERTAD),"anticoncepcion, prevencion de its y de cancer de cuello uterino",numero de personas que recibieron orientacion en anticoncepcion,2016-07-01,0,11,43,12,0,66
CHUMA,"anticoncepcion, prevencion de its y de cancer de cuello uterino",numero de personas que recibieron orientacion en anticoncepcion,2016-07-01,0,2,12,6,2,22
CHUQUIHUTA AYLLU JUCUMANI,"anticoncepcion, prevencion de its y de cancer de cuello uterino",numero de personas que recibieron orientacion en anticoncepcion,2016-07-01,0,7,36,18,0,61
CKOCHAS,"anticoncepcion, prevencion de its y de cancer de cuello uterino",numero de personas que recibieron orientacion en anticoncepcion,2016-07-01,0,5,19,14,1,39
CLIZA,"anticoncepcion, prevencion de its y de cancer de cuello uterino",numero de personas que recibieron orientacion en anticoncepcion,2016-07-01,1,44,138,36,1,220
COBIJA,"anticoncepcion, prevencion de its y de cancer de cuello uterino",numero de personas que recibieron orientacion en anticoncepcion,2016-07-01,5,22,122,54,9,212
COCAPATA,"anticoncepcion, prevencion de its y de cancer de cuello uterino",numero de personas que recibieron orientacion en anticoncepcion,2016-07-01,0,30,81,33,1,145
COCHABAMBA,"anticoncepcion, prevencion de its y de cancer de cuello uterino",numero de personas que recibieron orientacion en anticoncepcion,2016-07-01,27,386,2082,817,31,3343
COIPASA,"anticoncepcion, prevencion de its y de cancer de cuello uterino",numero de personas que recibieron orientacion en anticoncepcion,2016-07-01,0,1,7,0,0,8
COLCAPIRHUA,"anticoncepcion, prevencion de its y de cancer de cuello uterino",numero de personas que recibieron orientacion en anticoncepcion,2016-07-01,5,160,1112,366,61,1704
"COLCHA ""K""","anticoncepcion, prevencion de its y de cancer de cuello uterino",numero de personas que recibieron orientacion en anticoncepcion,2016-07-01,0,4,13,0,0,17
COLLANA,"anticoncepcion, prevencion de its y de cancer de cuello uterino",numero de personas que recibieron orientacion en anticoncepcion,2016-07-01,0,1,3,1,0,5
COLOMI,"anticoncepcion, prevencion de its y de cancer de cuello uterino",numero de personas que recibieron orientacion en anticoncepcion,2016-07-01,13,22,71,28,1,135
COLPA BELGICA,"anticoncepcion, prevencion de its y de cancer de cuello uterino",numero de personas que recibieron orientacion en anticoncepcion,2016-07-01,2,7,11,0,0,20
COLQUECHACA,"anticoncepcion, prevencion de its y de cancer de cuello uterino",numero de personas que recibieron orientacion en anticoncepcion,2016-07-01,0,8,19,4,0,31
COLQUENCHA,"anticoncepcion, prevencion de its y de cancer de cuello uterino",numero de personas que recibieron orientacion en anticoncepcion,2016-07-01,0,0,18,4,0,22
COLQUIRI,"anticoncepcion, prevencion de its y de cancer de cuello uterino",numero de personas que recibieron orientacion en anticoncepcion,2016-07-01,0,9,28,8,0,45
COMARAPA,"anticoncepcion, prevencion de its y de cancer de cuello uterino",numero de personas que recibieron orientacion en anticoncepcion,2016-07-01,0,12,53,15,0,80
COMBAYA,"anticoncepcion, prevencion de its y de cancer de cuello uterino",numero de personas que recibieron orientacion en anticoncepcion,2016-07-01,0,0,2,1,0,3
CONCEPCION,"anticoncepcion, prevencion de its y de cancer de cuello uterino",numero de personas que recibieron orientacion en anticoncepcion,2016-07-01,0,4,25,1,0,30
COPACABANA,"anticoncepcion, prevencion de its y de cancer de cuello uterino",numero de personas que recibieron orientacion en anticoncepcion,2016-07-01,0,0,9,7,0,16
CORIPATA,"anticoncepcion, prevencion de its y de cancer de cuello uterino",numero de personas que recibieron orientacion en anticoncepcion,2016-07-01,0,6,18,7,0,31
CORO CORO,"anticoncepcion, prevencion de its y de cancer de cuello uterino",numero de personas que recibieron orientacion en anticoncepcion,2016-07-01,0,1,3,2,0,6
COROICO,"anticoncepcion, prevencion de its y de cancer de cuello uterino",numero de personas que recibieron orientacion en anticoncepcion,2016-07-01,0,2,14,1,0,17
CORQUE,"anticoncepcion, prevencion de its y de cancer de cuello uterino",numero de personas que recibieron orientacion en anticoncepcion,2016-07-01,0,4,7,4,1,16
COTAGAITA,"anticoncepcion, prevencion de its y de cancer de cuello uterino",numero de personas que recibieron orientacion en anticoncepcion,2016-07-01,1,24,246,146,36,453
COTOCA,"anticoncepcion, prevencion de its y de cancer de cuello uterino",numero de personas que recibieron orientacion en anticoncepcion,2016-07-01,0,18,81,18,2,119
CRUZ DE MACHACAMARCA,"anticoncepcion, prevencion de its y de cancer de cuello uterino",numero de personas que recibieron orientacion en anticoncepcion,2016-07-01,0,0,0,0,2,2
CUATRO CAÑADAS,"anticoncepcion, prevencion de its y de cancer de cuello uterino",numero de personas que recibieron orientacion en anticoncepcion,2016-07-01,0,6,33,13,1,53
CUCHUMUELA (V. G. VILLARROEL),"anticoncepcion, prevencion de its y de cancer de cuello uterino",numero de personas que recibieron orientacion en anticoncepcion,2016-07-01,0,1,4,0,0,5
CUEVO,"anticoncepcion, prevencion de its y de cancer de cuello uterino",numero de personas que recibieron orientacion en anticoncepcion,2016-07-01,0,2,0,0,0,2
CULPINA,"anticoncepcion, prevencion de its y de cancer de cuello uterino",numero de personas que recibieron orientacion en anticoncepcion,2016-07-01,202,202,118,86,26,634
CURAHUARA DE CARANGAS,"anticoncepcion, prevencion de its y de cancer de cuello uterino",numero de personas que recibieron orientacion en anticoncepcion,2016-07-01,0,1,4,3,0,8
CURVA,"anticoncepcion, prevencion de its y de cancer de cuello uterino",numero de personas que recibieron orientacion en anticoncepcion,2016-07-01,0,1,10,3,0,14
DESAGUADERO,"anticoncepcion, prevencion de its y de cancer de cuello uterino",numero de personas que recibieron orientacion en anticoncepcion,2016-07-01,0,1,5,3,0,9
EL ALTO,"anticoncepcion, prevencion de its y de cancer de cuello uterino",numero de personas que recibieron orientacion en anticoncepcion,2016-07-01,7,380,1871,785,214,3257
EL CHORO,"anticoncepcion, prevencion de its y de cancer de cuello uterino",numero de personas que recibieron orientacion en anticoncepcion,2016-07-01,0,2,10,2,0,14
EL PUENTE(STC),"anticoncepcion, prevencion de its y de cancer de cuello uterino",numero de personas que recibieron orientacion en anticoncepcion,2016-07-01,0,13,26,13,1,53
EL PUENTE(TJA),"anticoncepcion, prevencion de its y de cancer de cuello uterino",numero de personas que recibieron orientacion en anticoncepcion,2016-07-01,0,5,16,14,0,35
EL TORNO,"anticoncepcion, prevencion de its y de cancer de cuello uterino",numero de personas que recibieron orientacion en anticoncepcion,2016-07-01,19,43,101,44,8,215
EL VILLAR,"anticoncepcion, prevencion de its y de cancer de cuello uterino",numero de personas que recibieron orientacion en anticoncepcion,2016-07-01,68,125,1,2,0,196
ENTRE RIOS TRJ,"anticoncepcion, prevencion de its y de cancer de cuello uterino",numero de personas que recibieron orientacion en anticoncepcion,2016-07-01,0,20,48,13,0,81
ENTRE RIOS CBBA,"anticoncepcion, prevencion de its y de cancer de cuello uterino",numero de personas que recibieron orientacion en anticoncepcion,2016-07-01,0,14,47,13,0,74
ESCARA,"anticoncepcion, prevencion de its y de cancer de cuello uterino",numero de personas que recibieron orientacion en anticoncepcion,2016-07-01,0,1,17,6,0,24
ESCOMA,"anticoncepcion, prevencion de its y de cancer de cuello uterino",numero de personas que recibieron orientacion en anticoncepcion,2016-07-01,0,1,3,2,0,6
ESMERALDA,"anticoncepcion, prevencion de its y de cancer de cuello uterino",numero de personas que recibieron orientacion en anticoncepcion,2016-07-01,0,0,4,0,1,5
EUCALIPTUS,"anticoncepcion, prevencion de its y de cancer de cuello uterino",numero de personas que recibieron orientacion en anticoncepcion,2016-07-01,0,1,4,1,0,6
EUREKA (SANTOS MERCADO),"anticoncepcion, prevencion de its y de cancer de cuello uterino",numero de personas que recibieron orientacion en anticoncepcion,2016-07-01,0,1,0,0,0,1
EXALTACION,"anticoncepcion, prevencion de its y de cancer de cuello uterino",numero de personas que recibieron orientacion en anticoncepcion,2016-07-01,0,0,2,3,0,5
FERNANDEZ ALONSO,"anticoncepcion, prevencion de its y de cancer de cuello uterino",numero de personas que recibieron orientacion en anticoncepcion,2016-07-01,0,9,32,11,1,53
FILADELFIA,"anticoncepcion, prevencion de its y de cancer de cuello uterino",numero de personas que recibieron orientacion en anticoncepcion,2016-07-01,0,19,17,2,0,38
GENERAL SAAVEDRA,"anticoncepcion, prevencion de its y de cancer de cuello uterino",numero de personas que recibieron orientacion en anticoncepcion,2016-07-01,0,12,58,13,1,84
GRAL. J.J. PEREZ (CHARAZANI),"anticoncepcion, prevencion de its y de cancer de cuello uterino",numero de personas que recibieron orientacion en anticoncepcion,2016-07-01,0,2,29,16,0,47
GUANAY,"anticoncepcion, prevencion de its y de cancer de cuello uterino",numero de personas que recibieron orientacion en anticoncepcion,2016-07-01,0,13,47,15,0,75
GUAQUI,"anticoncepcion, prevencion de its y de cancer de cuello uterino",numero de personas que recibieron orientacion en anticoncepcion,2016-07-01,0,3,12,2,0,17
GUAYARAMERIN,"anticoncepcion, prevencion de its y de cancer de cuello uterino",numero de personas que recibieron orientacion en anticoncepcion,2016-07-01,15,136,420,113,17,701
GUTIERREZ,"anticoncepcion, prevencion de its y de cancer de cuello uterino",numero de personas que recibieron orientacion en anticoncepcion,2016-07-01,0,0,0,3,0,3
HUACARETA,"anticoncepcion, prevencion de its y de cancer de cuello uterino",numero de personas que recibieron orientacion en anticoncepcion,2016-07-01,14,40,38,12,0,104
HUACAYA (VILLA DE HUACAYA),"anticoncepcion, prevencion de its y de cancer de cuello uterino",numero de personas que recibieron orientacion en anticoncepcion,2016-07-01,13,16,9,3,0,41
HUACHACALLA,"anticoncepcion, prevencion de its y de cancer de cuello uterino",numero de personas que recibieron orientacion en anticoncepcion,2016-07-01,0,0,2,2,0,4
HUANUNI,"anticoncepcion, prevencion de its y de cancer de cuello uterino",numero de personas que recibieron orientacion en anticoncepcion,2016-07-01,0,8,25,11,0,44
HUARACAJE,"anticoncepcion, prevencion de its y de cancer de cuello uterino",numero de personas que recibieron orientacion en anticoncepcion,2016-07-01,0,6,36,19,0,61
HUARINA,"anticoncepcion, prevencion de its y de cancer de cuello uterino",numero de personas que recibieron orientacion en anticoncepcion,2016-07-01,0,0,7,1,0,8
HUATAJATA,"anticoncepcion, prevencion de its y de cancer de cuello uterino",numero de personas que recibieron orientacion en anticoncepcion,2016-07-01,0,0,3,2,0,5
HUAYLLAMARCA,"anticoncepcion, prevencion de its y de cancer de cuello uterino",numero de personas que recibieron orientacion en anticoncepcion,2016-07-01,0,7,6,2,0,15
ICHOCA,"anticoncepcion, prevencion de its y de cancer de cuello uterino",numero de personas que recibieron orientacion en anticoncepcion,2016-07-01,0,0,6,0,0,6
ICLA,"anticoncepcion, prevencion de its y de cancer de cuello uterino",numero de personas que recibieron orientacion en anticoncepcion,2016-07-01,141,166,11,6,0,324
INCAHUASI,"anticoncepcion, prevencion de its y de cancer de cuello uterino",numero de personas que recibieron orientacion en anticoncepcion,2016-07-01,150,194,28,13,2,387
INQUISIVI,"anticoncepcion, prevencion de its y de cancer de cuello uterino",numero de personas que recibieron orientacion en anticoncepcion,2016-07-01,0,8,20,2,0,30
IRUPANA (VILLA DE LANZA),"anticoncepcion, prevencion de its y de cancer de cuello uterino",numero de personas que recibieron orientacion en anticoncepcion,2016-07-01,0,5,33,14,1,53
IXIAMAS,"anticoncepcion, prevencion de its y de cancer de cuello uterino",numero de personas que recibieron orientacion en anticoncepcion,2016-07-01,1,5,19,7,0,32
JESUS DE MACHACA,"anticoncepcion, prevencion de its y de cancer de cuello uterino",numero de personas que recibieron orientacion en anticoncepcion,2016-07-01,0,2,4,5,0,11
LA ASUNTA,"anticoncepcion, prevencion de its y de cancer de cuello uterino",numero de personas que recibieron orientacion en anticoncepcion,2016-07-01,1,21,63,15,0,100
LA GUARDIA,"anticoncepcion, prevencion de its y de cancer de cuello uterino",numero de personas que recibieron orientacion en anticoncepcion,2016-07-01,2,89,310,88,22,511
LA PAZ,"anticoncepcion, prevencion de its y de cancer de cuello uterino",numero de personas que recibieron orientacion en anticoncepcion,2016-07-01,25,224,1672,736,64,2721
LAGUNILLAS,"anticoncepcion, prevencion de its y de cancer de cuello uterino",numero de personas que recibieron orientacion en anticoncepcion,2016-07-01,0,0,19,12,0,31
LAJA,"anticoncepcion, prevencion de its y de cancer de cuello uterino",numero de personas que recibieron orientacion en anticoncepcion,2016-07-01,1,7,56,10,9,83
LAS CARRERAS,"anticoncepcion, prevencion de its y de cancer de cuello uterino",numero de personas que recibieron orientacion en anticoncepcion,2016-07-01,0,5,16,5,2,28
LICOMA PAMPA,"anticoncepcion, prevencion de its y de cancer de cuello uterino",numero de personas que recibieron orientacion en anticoncepcion,2016-07-01,0,0,1,1,0,2
LLALLAGUA,"anticoncepcion, prevencion de its y de cancer de cuello uterino",numero de personas que recibieron orientacion en anticoncepcion,2016-07-01,0,53,272,56,13,394
LLICA,"anticoncepcion, prevencion de its y de cancer de cuello uterino",numero de personas que recibieron orientacion en anticoncepcion,2016-07-01,0,1,3,1,0,5
LORETO,"anticoncepcion, prevencion de its y de cancer de cuello uterino",numero de personas que recibieron orientacion en anticoncepcion,2016-07-01,1,5,8,6,0,20
LURIBAY,"anticoncepcion, prevencion de its y de cancer de cuello uterino",numero de personas que recibieron orientacion en anticoncepcion,2016-07-01,0,0,8,2,0,10
MACHACAMARCA,"anticoncepcion, prevencion de its y de cancer de cuello uterino",numero de personas que recibieron orientacion en anticoncepcion,2016-07-01,0,2,12,6,0,20
MACHARETI,"anticoncepcion, prevencion de its y de cancer de cuello uterino",numero de personas que recibieron orientacion en anticoncepcion,2016-07-01,21,46,41,20,11,139
MAGDALENA,"anticoncepcion, prevencion de its y de cancer de cuello uterino",numero de personas que recibieron orientacion en anticoncepcion,2016-07-01,0,19,57,6,0,82
MAIRANA,"anticoncepcion, prevencion de its y de cancer de cuello uterino",numero de personas que recibieron orientacion en anticoncepcion,2016-07-01,1,12,40,12,0,65
MALLA,"anticoncepcion, prevencion de its y de cancer de cuello uterino",numero de personas que recibieron orientacion en anticoncepcion,2016-07-01,0,1,5,1,0,7
MAPIRI,"anticoncepcion, prevencion de its y de cancer de cuello uterino",numero de personas que recibieron orientacion en anticoncepcion,2016-07-01,0,7,31,5,0,43
MECAPACA,"anticoncepcion, prevencion de its y de cancer de cuello uterino",numero de personas que recibieron orientacion en anticoncepcion,2016-07-01,0,1,16,10,0,27
MINEROS,"anticoncepcion, prevencion de its y de cancer de cuello uterino",numero de personas que recibieron orientacion en anticoncepcion,2016-07-01,2,19,62,21,2,106
MIZQUE,"anticoncepcion, prevencion de its y de cancer de cuello uterino",numero de personas que recibieron orientacion en anticoncepcion,2016-07-01,2,58,131,66,1,258
MOCOMOCO,"anticoncepcion, prevencion de its y de cancer de cuello uterino",numero de personas que recibieron orientacion en anticoncepcion,2016-07-01,0,3,11,1,0,15
MOJINETE,"anticoncepcion, prevencion de its y de cancer de cuello uterino",numero de personas que recibieron orientacion en anticoncepcion,2016-07-01,0,0,8,2,1,11
MOJOCOYA,"anticoncepcion, prevencion de its y de cancer de cuello uterino",numero de personas que recibieron orientacion en anticoncepcion,2016-07-01,227,332,46,41,17,663
MONTEAGUDO,"anticoncepcion, prevencion de its y de cancer de cuello uterino",numero de personas que recibieron orientacion en anticoncepcion,2016-07-01,44,99,176,68,2,389
MONTERO,"anticoncepcion, prevencion de its y de cancer de cuello uterino",numero de personas que recibieron orientacion en anticoncepcion,2016-07-01,1,63,365,110,15,554
MORO MORO,"anticoncepcion, prevencion de its y de cancer de cuello uterino",numero de personas que recibieron orientacion en anticoncepcion,2016-07-01,0,1,2,0,0,3
MOROCHATA,"anticoncepcion, prevencion de its y de cancer de cuello uterino",numero de personas que recibieron orientacion en anticoncepcion,2016-07-01,0,13,27,26,0,66
NACEBE (SANTA ROSA DEL ABUNA),"anticoncepcion, prevencion de its y de cancer de cuello uterino",numero de personas que recibieron orientacion en anticoncepcion,2016-07-01,0,7,5,3,0,15
NUEVO MANOA (NUEVA ESPERANZA),"anticoncepcion, prevencion de its y de cancer de cuello uterino",numero de personas que recibieron orientacion en anticoncepcion,2016-07-01,1,6,15,1,0,23
OCURI,"anticoncepcion, prevencion de its y de cancer de cuello uterino",numero de personas que recibieron orientacion en anticoncepcion,2016-07-01,0,12,37,23,0,72
OKINAWA,"anticoncepcion, prevencion de its y de cancer de cuello uterino",numero de personas que recibieron orientacion en anticoncepcion,2016-07-01,0,12,23,13,1,49
OMEREQUE,"anticoncepcion, prevencion de its y de cancer de cuello uterino",numero de personas que recibieron orientacion en anticoncepcion,2016-07-01,1,11,21,11,0,44
ORURO,"anticoncepcion, prevencion de its y de cancer de cuello uterino",numero de personas que recibieron orientacion en anticoncepcion,2016-07-01,8,198,1060,323,56,1645
PADCAYA,"anticoncepcion, prevencion de its y de cancer de cuello uterino",numero de personas que recibieron orientacion en anticoncepcion,2016-07-01,0,16,72,31,6,125
PADILLA,"anticoncepcion, prevencion de its y de cancer de cuello uterino",numero de personas que recibieron orientacion en anticoncepcion,2016-07-01,114,170,85,38,3,410
PAILON,"anticoncepcion, prevencion de its y de cancer de cuello uterino",numero de personas que recibieron orientacion en anticoncepcion,2016-07-01,3,69,146,40,4,262
PALCA,"anticoncepcion, prevencion de its y de cancer de cuello uterino",numero de personas que recibieron orientacion en anticoncepcion,2016-07-01,1,4,39,11,2,57
PALOS BLANCOS,"anticoncepcion, prevencion de its y de cancer de cuello uterino",numero de personas que recibieron orientacion en anticoncepcion,2016-07-01,0,21,86,23,1,131
PAMPA GRANDE,"anticoncepcion, prevencion de its y de cancer de cuello uterino",numero de personas que recibieron orientacion en anticoncepcion,2016-07-01,0,5,15,9,0,29
PAPEL PAMPA,"anticoncepcion, prevencion de its y de cancer de cuello uterino",numero de personas que recibieron orientacion en anticoncepcion,2016-07-01,0,2,3,1,0,6
PASORAPA,"anticoncepcion, prevencion de its y de cancer de cuello uterino",numero de personas que recibieron orientacion en anticoncepcion,2016-07-01,0,1,7,1,1,10
PATACAMAYA,"anticoncepcion, prevencion de its y de cancer de cuello uterino",numero de personas que recibieron orientacion en anticoncepcion,2016-07-01,0,2,10,4,0,16
PAZÑA,"anticoncepcion, prevencion de its y de cancer de cuello uterino",numero de personas que recibieron orientacion en anticoncepcion,2016-07-01,0,3,21,16,1,41
PELECHUCO,"anticoncepcion, prevencion de its y de cancer de cuello uterino",numero de personas que recibieron orientacion en anticoncepcion,2016-07-01,0,2,35,14,8,59
POCOATA,"anticoncepcion, prevencion de its y de cancer de cuello uterino",numero de personas que recibieron orientacion en anticoncepcion,2016-07-01,1,10,27,30,3,71
POCONA,"anticoncepcion, prevencion de its y de cancer de cuello uterino",numero de personas que recibieron orientacion en anticoncepcion,2016-07-01,0,13,42,26,0,81
POJO (CBBA),"anticoncepcion, prevencion de its y de cancer de cuello uterino",numero de personas que recibieron orientacion en anticoncepcion,2016-07-01,0,14,20,8,0,42
POOPO,"anticoncepcion, prevencion de its y de cancer de cuello uterino",numero de personas que recibieron orientacion en anticoncepcion,2016-07-01,0,0,7,1,0,8
PORCO,"anticoncepcion, prevencion de its y de cancer de cuello uterino",numero de personas que recibieron orientacion en anticoncepcion,2016-07-01,0,14,76,4,0,94
POROMA,"anticoncepcion, prevencion de its y de cancer de cuello uterino",numero de personas que recibieron orientacion en anticoncepcion,2016-07-01,66,170,28,20,2,286
PORONGO,"anticoncepcion, prevencion de its y de cancer de cuello uterino",numero de personas que recibieron orientacion en anticoncepcion,2016-07-01,0,16,34,9,0,59
PORTACHUELO,"anticoncepcion, prevencion de its y de cancer de cuello uterino",numero de personas que recibieron orientacion en anticoncepcion,2016-07-01,0,4,17,2,0,23
PORVENIR,"anticoncepcion, prevencion de its y de cancer de cuello uterino",numero de personas que recibieron orientacion en anticoncepcion,2016-07-01,0,4,5,0,0,9
POSTRER VALLE,"anticoncepcion, prevencion de its y de cancer de cuello uterino",numero de personas que recibieron orientacion en anticoncepcion,2016-07-01,0,0,1,0,0,1
POTOSI,"anticoncepcion, prevencion de its y de cancer de cuello uterino",numero de personas que recibieron orientacion en anticoncepcion,2016-07-01,0,90,566,278,18,952
PRESTO,"anticoncepcion, prevencion de its y de cancer de cuello uterino",numero de personas que recibieron orientacion en anticoncepcion,2016-07-01,298,260,101,70,12,741
PUCARA,"anticoncepcion, prevencion de its y de cancer de cuello uterino",numero de personas que recibieron orientacion en anticoncepcion,2016-07-01,0,2,2,1,0,5
PUCARANI,"anticoncepcion, prevencion de its y de cancer de cuello uterino",numero de personas que recibieron orientacion en anticoncepcion,2016-07-01,1,20,52,32,0,105
PUERTO ACOSTA,"anticoncepcion, prevencion de its y de cancer de cuello uterino",numero de personas que recibieron orientacion en anticoncepcion,2016-07-01,0,0,8,3,2,13
PUERTO CARABUCO,"anticoncepcion, prevencion de its y de cancer de cuello uterino",numero de personas que recibieron orientacion en anticoncepcion,2016-07-01,0,2,15,7,0,24
PUERTO GONZALO MORENO,"anticoncepcion, prevencion de its y de cancer de cuello uterino",numero de personas que recibieron orientacion en anticoncepcion,2016-07-01,13,21,22,6,4,66
PUERTO PEREZ,"anticoncepcion, prevencion de its y de cancer de cuello uterino",numero de personas que recibieron orientacion en anticoncepcion,2016-07-01,0,1,10,2,0,13
PUERTO QUIJARRO,"anticoncepcion, prevencion de its y de cancer de cuello uterino",numero de personas que recibieron orientacion en anticoncepcion,2016-07-01,0,22,49,13,0,84
PUERTO RICO,"anticoncepcion, prevencion de its y de cancer de cuello uterino",numero de personas que recibieron orientacion en anticoncepcion,2016-07-01,0,1,10,1,0,12
PUERTO SUAREZ,"anticoncepcion, prevencion de its y de cancer de cuello uterino",numero de personas que recibieron orientacion en anticoncepcion,2016-07-01,2,12,29,10,0,53
PUERTO VILLARROEL,"anticoncepcion, prevencion de its y de cancer de cuello uterino",numero de personas que recibieron orientacion en anticoncepcion,2016-07-01,1,29,150,38,2,220
PUNA,"anticoncepcion, prevencion de its y de cancer de cuello uterino",numero de personas que recibieron orientacion en anticoncepcion,2016-07-01,3,13,15,17,2,50
PUNATA,"anticoncepcion, prevencion de its y de cancer de cuello uterino",numero de personas que recibieron orientacion en anticoncepcion,2016-07-01,0,26,67,27,2,122
QUIABAYA,"anticoncepcion, prevencion de its y de cancer de cuello uterino",numero de personas que recibieron orientacion en anticoncepcion,2016-07-01,0,0,1,0,1,2
QUILLACOLLO,"anticoncepcion, prevencion de its y de cancer de cuello uterino",numero de personas que recibieron orientacion en anticoncepcion,2016-07-01,2,174,671,109,3,959
QUIME,"anticoncepcion, prevencion de its y de cancer de cuello uterino",numero de personas que recibieron orientacion en anticoncepcion,2016-07-01,0,4,9,1,0,14
QUIRUSILLAS,"anticoncepcion, prevencion de its y de cancer de cuello uterino",numero de personas que recibieron orientacion en anticoncepcion,2016-07-01,0,0,3,1,0,4
RAVELO,"anticoncepcion, prevencion de its y de cancer de cuello uterino",numero de personas que recibieron orientacion en anticoncepcion,2016-07-01,1,4,36,30,2,73
REYES,"anticoncepcion, prevencion de its y de cancer de cuello uterino",numero de personas que recibieron orientacion en anticoncepcion,2016-07-01,3,13,61,9,0,86
RIBERALTA,"anticoncepcion, prevencion de its y de cancer de cuello uterino",numero de personas que recibieron orientacion en anticoncepcion,2016-07-01,33,199,549,200,16,997
ROBORE,"anticoncepcion, prevencion de its y de cancer de cuello uterino",numero de personas que recibieron orientacion en anticoncepcion,2016-07-01,1,11,52,12,1,77
RURRENABAQUE,"anticoncepcion, prevencion de its y de cancer de cuello uterino",numero de personas que recibieron orientacion en anticoncepcion,2016-07-01,4,40,104,28,0,176
SABAYA,"anticoncepcion, prevencion de its y de cancer de cuello uterino",numero de personas que recibieron orientacion en anticoncepcion,2016-07-01,0,2,7,1,0,10
SACABA,"anticoncepcion, prevencion de its y de cancer de cuello uterino",numero de personas que recibieron orientacion en anticoncepcion,2016-07-01,35,292,620,272,7,1226
SACABAMBA,"anticoncepcion, prevencion de its y de cancer de cuello uterino",numero de personas que recibieron orientacion en anticoncepcion,2016-07-01,0,1,8,13,2,24
SACACA,"anticoncepcion, prevencion de its y de cancer de cuello uterino",numero de personas que recibieron orientacion en anticoncepcion,2016-07-01,0,17,77,39,0,133
SAIPINA,"anticoncepcion, prevencion de its y de cancer de cuello uterino",numero de personas que recibieron orientacion en anticoncepcion,2016-07-01,0,1,2,2,0,5
SALINAS DE GARCI MENDOZA,"anticoncepcion, prevencion de its y de cancer de cuello uterino",numero de personas que recibieron orientacion en anticoncepcion,2016-07-01,0,3,22,5,0,30
SAMAIPATA,"anticoncepcion, prevencion de its y de cancer de cuello uterino",numero de personas que recibieron orientacion en anticoncepcion,2016-07-01,0,7,10,2,0,19
SAN AGUSTIN,"anticoncepcion, prevencion de its y de cancer de cuello uterino",numero de personas que recibieron orientacion en anticoncepcion,2016-07-01,0,2,2,0,0,4
SAN ANDRES,"anticoncepcion, prevencion de its y de cancer de cuello uterino",numero de personas que recibieron orientacion en anticoncepcion,2016-07-01,1,12,66,15,4,98
SAN ANDRES DE MACHACA,"anticoncepcion, prevencion de its y de cancer de cuello uterino",numero de personas que recibieron orientacion en anticoncepcion,2016-07-01,0,1,11,3,0,15
SAN ANTONIO DE ESMORUCO,"anticoncepcion, prevencion de its y de cancer de cuello uterino",numero de personas que recibieron orientacion en anticoncepcion,2016-07-01,0,0,0,1,0,1
SAN ANTONIO DE LOMERIO,"anticoncepcion, prevencion de its y de cancer de cuello uterino",numero de personas que recibieron orientacion en anticoncepcion,2016-07-01,1,1,1,0,0,3
SAN BENITO,"anticoncepcion, prevencion de its y de cancer de cuello uterino",numero de personas que recibieron orientacion en anticoncepcion,2016-07-01,0,5,20,10,0,35
SAN BORJA,"anticoncepcion, prevencion de its y de cancer de cuello uterino",numero de personas que recibieron orientacion en anticoncepcion,2016-07-01,5,29,57,6,0,97
SAN BUENA VENTURA,"anticoncepcion, prevencion de its y de cancer de cuello uterino",numero de personas que recibieron orientacion en anticoncepcion,2016-07-01,2,6,17,2,0,27
SAN CARLOS,"anticoncepcion, prevencion de its y de cancer de cuello uterino",numero de personas que recibieron orientacion en anticoncepcion,2016-07-01,0,25,89,52,1,167
SAN IGNACIO,"anticoncepcion, prevencion de its y de cancer de cuello uterino",numero de personas que recibieron orientacion en anticoncepcion,2016-07-01,2,29,151,64,1,247
SAN IGNACIO DE VELASCO,"anticoncepcion, prevencion de its y de cancer de cuello uterino",numero de personas que recibieron orientacion en anticoncepcion,2016-07-01,0,24,163,57,0,244
SAN JAVIER(BNI),"anticoncepcion, prevencion de its y de cancer de cuello uterino",numero de personas que recibieron orientacion en anticoncepcion,2016-07-01,0,6,22,3,0,31
SAN JAVIER(STC),"anticoncepcion, prevencion de its y de cancer de cuello uterino",numero de personas que recibieron orientacion en anticoncepcion,2016-07-01,0,2,18,3,0,23
SAN JOAQUIN,"anticoncepcion, prevencion de its y de cancer de cuello uterino",numero de personas que recibieron orientacion en anticoncepcion,2016-07-01,0,3,0,0,0,3
SAN JOSE DE CHIQUITOS,"anticoncepcion, prevencion de its y de cancer de cuello uterino",numero de personas que recibieron orientacion en anticoncepcion,2016-07-01,3,37,162,104,31,337
SAN JUAN DE YAPACANI,"anticoncepcion, prevencion de its y de cancer de cuello uterino",numero de personas que recibieron orientacion en anticoncepcion,2016-07-01,0,5,39,13,0,57
SAN JULIAN,"anticoncepcion, prevencion de its y de cancer de cuello uterino",numero de personas que recibieron orientacion en anticoncepcion,2016-07-01,1,54,160,54,3,272
SAN LORENZO(PND),"anticoncepcion, prevencion de its y de cancer de cuello uterino",numero de personas que recibieron orientacion en anticoncepcion,2016-07-01,0,0,12,4,0,16
SAN LORENZO(TJA),"anticoncepcion, prevencion de its y de cancer de cuello uterino",numero de personas que recibieron orientacion en anticoncepcion,2016-07-01,0,13,64,20,0,97
SAN LUCAS,"anticoncepcion, prevencion de its y de cancer de cuello uterino",numero de personas que recibieron orientacion en anticoncepcion,2016-07-01,126,277,137,96,8,644
SAN MATIAS,"anticoncepcion, prevencion de its y de cancer de cuello uterino",numero de personas que recibieron orientacion en anticoncepcion,2016-07-01,0,23,47,19,3,92
SAN MIGUEL DE VELASCO,"anticoncepcion, prevencion de its y de cancer de cuello uterino",numero de personas que recibieron orientacion en anticoncepcion,2016-07-01,1,14,105,39,4,163
SAN PABLO DE LIPEZ,"anticoncepcion, prevencion de its y de cancer de cuello uterino",numero de personas que recibieron orientacion en anticoncepcion,2016-07-01,0,0,1,2,0,3
SAN PEDRO,"anticoncepcion, prevencion de its y de cancer de cuello uterino",numero de personas que recibieron orientacion en anticoncepcion,2016-07-01,2,11,55,18,3,89
SAN PEDRO DE BUENA VISTA,"anticoncepcion, prevencion de its y de cancer de cuello uterino",numero de personas que recibieron orientacion en anticoncepcion,2016-07-01,0,10,66,41,0,117
SAN PEDRO DE CURAHUARA,"anticoncepcion, prevencion de its y de cancer de cuello uterino",numero de personas que recibieron orientacion en anticoncepcion,2016-07-01,0,0,7,3,0,10
SAN PEDRO DE TIQUINA,"anticoncepcion, prevencion de its y de cancer de cuello uterino",numero de personas que recibieron orientacion en anticoncepcion,2016-07-01,0,6,31,20,9,66
SAN PEDRO(PND),"anticoncepcion, prevencion de its y de cancer de cuello uterino",numero de personas que recibieron orientacion en anticoncepcion,2016-07-01,0,0,5,0,0,5
SAN RAFAEL,"anticoncepcion, prevencion de its y de cancer de cuello uterino",numero de personas que recibieron orientacion en anticoncepcion,2016-07-01,3,17,80,28,0,128
SAN RAMON BENI,"anticoncepcion, prevencion de its y de cancer de cuello uterino",numero de personas que recibieron orientacion en anticoncepcion,2016-07-01,4,56,62,18,0,140
SAN RAMON SCZ,"anticoncepcion, prevencion de its y de cancer de cuello uterino",numero de personas que recibieron orientacion en anticoncepcion,2016-07-01,0,19,55,20,1,95
SANTA ANA,"anticoncepcion, prevencion de its y de cancer de cuello uterino",numero de personas que recibieron orientacion en anticoncepcion,2016-07-01,2,20,76,28,0,126
SANTA CRUZ DE LA SIERRA,"anticoncepcion, prevencion de its y de cancer de cuello uterino",numero de personas que recibieron orientacion en anticoncepcion,2016-07-01,147,780,2615,1263,101,4906
SANTA ROSA,"anticoncepcion, prevencion de its y de cancer de cuello uterino",numero de personas que recibieron orientacion en anticoncepcion,2016-07-01,0,2,18,1,0,21
SANTA ROSA DEL SARA,"anticoncepcion, prevencion de its y de cancer de cuello uterino",numero de personas que recibieron orientacion en anticoncepcion,2016-07-01,0,3,19,8,0,30
SANTIAGO DE CALLAPA,"anticoncepcion, prevencion de its y de cancer de cuello uterino",numero de personas que recibieron orientacion en anticoncepcion,2016-07-01,0,1,2,1,0,4
SANTIAGO DE HUARI,"anticoncepcion, prevencion de its y de cancer de cuello uterino",numero de personas que recibieron orientacion en anticoncepcion,2016-07-01,0,6,17,5,0,28
SANTIAGO DE HUATA,"anticoncepcion, prevencion de its y de cancer de cuello uterino",numero de personas que recibieron orientacion en anticoncepcion,2016-07-01,0,2,11,1,1,15
SANTIAGO DE MACHACA,"anticoncepcion, prevencion de its y de cancer de cuello uterino",numero de personas que recibieron orientacion en anticoncepcion,2016-07-01,0,2,5,0,0,7
SANTIVAÑES,"anticoncepcion, prevencion de its y de cancer de cuello uterino",numero de personas que recibieron orientacion en anticoncepcion,2016-07-01,0,0,2,0,1,3
SANTUARIO DE QUILLACAS,"anticoncepcion, prevencion de its y de cancer de cuello uterino",numero de personas que recibieron orientacion en anticoncepcion,2016-07-01,0,4,27,9,0,40
SAPAHAQUI,"anticoncepcion, prevencion de its y de cancer de cuello uterino",numero de personas que recibieron orientacion en anticoncepcion,2016-07-01,0,3,42,36,29,110
SENA,"anticoncepcion, prevencion de its y de cancer de cuello uterino",numero de personas que recibieron orientacion en anticoncepcion,2016-07-01,0,2,5,1,0,8
SHINAOTA,"anticoncepcion, prevencion de its y de cancer de cuello uterino",numero de personas que recibieron orientacion en anticoncepcion,2016-07-01,1,5,28,6,0,40
SICA SICA (VILLA AROMA),"anticoncepcion, prevencion de its y de cancer de cuello uterino",numero de personas que recibieron orientacion en anticoncepcion,2016-07-01,0,14,33,13,3,63
SICAYA,"anticoncepcion, prevencion de its y de cancer de cuello uterino",numero de personas que recibieron orientacion en anticoncepcion,2016-07-01,0,4,12,4,0,20
SIPE SIPE,"anticoncepcion, prevencion de its y de cancer de cuello uterino",numero de personas que recibieron orientacion en anticoncepcion,2016-07-01,1,30,159,42,1,233
SOPACHUY,"anticoncepcion, prevencion de its y de cancer de cuello uterino",numero de personas que recibieron orientacion en anticoncepcion,2016-07-01,27,30,51,36,2,146
SORACACHI,"anticoncepcion, prevencion de its y de cancer de cuello uterino",numero de personas que recibieron orientacion en anticoncepcion,2016-07-01,0,1,8,8,2,19
SORATA,"anticoncepcion, prevencion de its y de cancer de cuello uterino",numero de personas que recibieron orientacion en anticoncepcion,2016-07-01,0,9,22,9,1,41
SUCRE,"anticoncepcion, prevencion de its y de cancer de cuello uterino",numero de personas que recibieron orientacion en anticoncepcion,2016-07-01,2861,8929,2260,939,83,15072
TACACOMA,"anticoncepcion, prevencion de its y de cancer de cuello uterino",numero de personas que recibieron orientacion en anticoncepcion,2016-07-01,0,0,18,2,0,20
TACOBAMBA,"anticoncepcion, prevencion de its y de cancer de cuello uterino",numero de personas que recibieron orientacion en anticoncepcion,2016-07-01,0,0,0,1,0,1
TACOPAYA,"anticoncepcion, prevencion de its y de cancer de cuello uterino",numero de personas que recibieron orientacion en anticoncepcion,2016-07-01,0,0,16,3,0,19
TAHUA,"anticoncepcion, prevencion de its y de cancer de cuello uterino",numero de personas que recibieron orientacion en anticoncepcion,2016-07-01,0,0,1,0,0,1
TAPACARI,"anticoncepcion, prevencion de its y de cancer de cuello uterino",numero de personas que recibieron orientacion en anticoncepcion,2016-07-01,1,9,38,10,0,58
TARABUCO,"anticoncepcion, prevencion de its y de cancer de cuello uterino",numero de personas que recibieron orientacion en anticoncepcion,2016-07-01,119,297,56,49,7,528
TARACO,"anticoncepcion, prevencion de its y de cancer de cuello uterino",numero de personas que recibieron orientacion en anticoncepcion,2016-07-01,0,1,2,2,0,5
TARATA,"anticoncepcion, prevencion de its y de cancer de cuello uterino",numero de personas que recibieron orientacion en anticoncepcion,2016-07-01,0,4,32,16,0,52
TARIJA,"anticoncepcion, prevencion de its y de cancer de cuello uterino",numero de personas que recibieron orientacion en anticoncepcion,2016-07-01,2,26,314,121,4,467
TARVITA,"anticoncepcion, prevencion de its y de cancer de cuello uterino",numero de personas que recibieron orientacion en anticoncepcion,2016-07-01,90,177,35,21,1,324
TEOPONTE,"anticoncepcion, prevencion de its y de cancer de cuello uterino",numero de personas que recibieron orientacion en anticoncepcion,2016-07-01,0,8,46,10,1,65
TIAWANACU,"anticoncepcion, prevencion de its y de cancer de cuello uterino",numero de personas que recibieron orientacion en anticoncepcion,2016-07-01,0,5,28,17,3,53
TINGUIPAYA,"anticoncepcion, prevencion de its y de cancer de cuello uterino",numero de personas que recibieron orientacion en anticoncepcion,2016-07-01,0,0,9,8,0,17
TIPUANI,"anticoncepcion, prevencion de its y de cancer de cuello uterino",numero de personas que recibieron orientacion en anticoncepcion,2016-07-01,0,7,33,16,0,56
TIQUIPAYA,"anticoncepcion, prevencion de its y de cancer de cuello uterino",numero de personas que recibieron orientacion en anticoncepcion,2016-07-01,0,38,168,52,1,259
TIRAQUE (CBBA),"anticoncepcion, prevencion de its y de cancer de cuello uterino",numero de personas que recibieron orientacion en anticoncepcion,2016-07-01,0,7,26,12,0,45
TITO YUPANQUI (PARQUIPUJIO),"anticoncepcion, prevencion de its y de cancer de cuello uterino",numero de personas que recibieron orientacion en anticoncepcion,2016-07-01,0,0,0,1,0,1
TOCO,"anticoncepcion, prevencion de its y de cancer de cuello uterino",numero de personas que recibieron orientacion en anticoncepcion,2016-07-01,1,5,17,2,1,26
TODOS SANTOS,"anticoncepcion, prevencion de its y de cancer de cuello uterino",numero de personas que recibieron orientacion en anticoncepcion,2016-07-01,0,0,1,0,0,1
TOLATA,"anticoncepcion, prevencion de its y de cancer de cuello uterino",numero de personas que recibieron orientacion en anticoncepcion,2016-07-01,0,9,41,18,8,76
TOLEDO,"anticoncepcion, prevencion de its y de cancer de cuello uterino",numero de personas que recibieron orientacion en anticoncepcion,2016-07-01,0,1,14,5,1,21
TOMAVE,"anticoncepcion, prevencion de its y de cancer de cuello uterino",numero de personas que recibieron orientacion en anticoncepcion,2016-07-01,0,3,9,5,0,17
TOMINA,"anticoncepcion, prevencion de its y de cancer de cuello uterino",numero de personas que recibieron orientacion en anticoncepcion,2016-07-01,128,218,11,2,0,359
TORO TORO,"anticoncepcion, prevencion de its y de cancer de cuello uterino",numero de personas que recibieron orientacion en anticoncepcion,2016-07-01,1,9,69,25,3,107
TOTORA(CBBA),"anticoncepcion, prevencion de its y de cancer de cuello uterino",numero de personas que recibieron orientacion en anticoncepcion,2016-07-01,1,30,83,20,1,135
TOTORA(ORR),"anticoncepcion, prevencion de its y de cancer de cuello uterino",numero de personas que recibieron orientacion en anticoncepcion,2016-07-01,0,4,9,1,0,14
TRIGAL,"anticoncepcion, prevencion de its y de cancer de cuello uterino",numero de personas que recibieron orientacion en anticoncepcion,2016-07-01,0,0,1,0,0,1
TRINIDAD,"anticoncepcion, prevencion de its y de cancer de cuello uterino",numero de personas que recibieron orientacion en anticoncepcion,2016-07-01,16,239,700,102,2,1059
TUPIZA,"anticoncepcion, prevencion de its y de cancer de cuello uterino",numero de personas que recibieron orientacion en anticoncepcion,2016-07-01,3,58,140,98,20,319
TURCO,"anticoncepcion, prevencion de its y de cancer de cuello uterino",numero de personas que recibieron orientacion en anticoncepcion,2016-07-01,0,1,8,5,1,15
UMALA,"anticoncepcion, prevencion de its y de cancer de cuello uterino",numero de personas que recibieron orientacion en anticoncepcion,2016-07-01,0,3,11,5,1,20
UNCIA,"anticoncepcion, prevencion de its y de cancer de cuello uterino",numero de personas que recibieron orientacion en anticoncepcion,2016-07-01,0,12,33,7,0,52
URIONDO (A. CONCEPCION),"anticoncepcion, prevencion de its y de cancer de cuello uterino",numero de personas que recibieron orientacion en anticoncepcion,2016-07-01,0,7,53,27,2,89
URUBICHA,"anticoncepcion, prevencion de its y de cancer de cuello uterino",numero de personas que recibieron orientacion en anticoncepcion,2016-07-01,0,5,13,9,0,27
UYUNI,"anticoncepcion, prevencion de its y de cancer de cuello uterino",numero de personas que recibieron orientacion en anticoncepcion,2016-07-01,0,6,38,7,0,51
VACAS,"anticoncepcion, prevencion de its y de cancer de cuello uterino",numero de personas que recibieron orientacion en anticoncepcion,2016-07-01,0,13,26,29,0,68
VALLEGRANDE,"anticoncepcion, prevencion de its y de cancer de cuello uterino",numero de personas que recibieron orientacion en anticoncepcion,2016-07-01,0,7,47,25,11,90
VIACHA,"anticoncepcion, prevencion de its y de cancer de cuello uterino",numero de personas que recibieron orientacion en anticoncepcion,2016-07-01,0,94,131,54,6,285
VILA VILA,"anticoncepcion, prevencion de its y de cancer de cuello uterino",numero de personas que recibieron orientacion en anticoncepcion,2016-07-01,0,5,4,1,0,10
VILLA CHARCAS,"anticoncepcion, prevencion de its y de cancer de cuello uterino",numero de personas que recibieron orientacion en anticoncepcion,2016-07-01,55,63,22,7,0,147
VILLA MONTES,"anticoncepcion, prevencion de its y de cancer de cuello uterino",numero de personas que recibieron orientacion en anticoncepcion,2016-07-01,0,23,70,37,0,130
VILLA NUEVA (LOMA ALTA),"anticoncepcion, prevencion de its y de cancer de cuello uterino",numero de personas que recibieron orientacion en anticoncepcion,2016-07-01,0,1,1,0,0,2
VILLA RIVERO,"anticoncepcion, prevencion de its y de cancer de cuello uterino",numero de personas que recibieron orientacion en anticoncepcion,2016-07-01,0,10,35,15,0,60
VILLA SERRANO,"anticoncepcion, prevencion de its y de cancer de cuello uterino",numero de personas que recibieron orientacion en anticoncepcion,2016-07-01,132,432,33,28,6,631
VILLA TUNARI,"anticoncepcion, prevencion de its y de cancer de cuello uterino",numero de personas que recibieron orientacion en anticoncepcion,2016-07-01,1,64,256,78,1,400
VILLA VACA GUZMAN (MUYUPAMPA),"anticoncepcion, prevencion de its y de cancer de cuello uterino",numero de personas que recibieron orientacion en anticoncepcion,2016-07-01,5,20,36,18,3,82
VILLAZON,"anticoncepcion, prevencion de its y de cancer de cuello uterino",numero de personas que recibieron orientacion en anticoncepcion,2016-07-01,0,12,75,23,0,110
VINTO,"anticoncepcion, prevencion de its y de cancer de cuello uterino",numero de personas que recibieron orientacion en anticoncepcion,2016-07-01,4,83,294,50,2,433
VITICHI,"anticoncepcion, prevencion de its y de cancer de cuello uterino",numero de personas que recibieron orientacion en anticoncepcion,2016-07-01,0,3,15,14,0,32
WALDO BALLIVIAN,"anticoncepcion, prevencion de its y de cancer de cuello uterino",numero de personas que recibieron orientacion en anticoncepcion,2016-07-01,0,0,1,1,0,2
WARNES,"anticoncepcion, prevencion de its y de cancer de cuello uterino",numero de personas que recibieron orientacion en anticoncepcion,2016-07-01,3,80,181,58,7,329
YACO,"anticoncepcion, prevencion de its y de cancer de cuello uterino",numero de personas que recibieron orientacion en anticoncepcion,2016-07-01,0,2,6,4,0,12
YACUIBA,"anticoncepcion, prevencion de its y de cancer de cuello uterino",numero de personas que recibieron orientacion en anticoncepcion,2016-07-01,4,79,462,295,59,899
YAMPARAEZ,"anticoncepcion, prevencion de its y de cancer de cuello uterino",numero de personas que recibieron orientacion en anticoncepcion,2016-07-01,155,205,34,42,44,480
YANACACHI,"anticoncepcion, prevencion de its y de cancer de cuello uterino",numero de personas que recibieron orientacion en anticoncepcion,2016-07-01,0,3,16,4,0,23
YAPACANI,"anticoncepcion, prevencion de its y de cancer de cuello uterino",numero de personas que recibieron orientacion en anticoncepcion,2016-07-01,2,18,64,21,0,105
YOCALLA,"anticoncepcion, prevencion de its y de cancer de cuello uterino",numero de personas que recibieron orientacion en anticoncepcion,2016-07-01,0,3,6,0,0,9
YOTALA,"anticoncepcion, prevencion de its y de cancer de cuello uterino",numero de personas que recibieron orientacion en anticoncepcion,2016-07-01,45,104,41,17,5,212
YUNCHARA,"anticoncepcion, prevencion de its y de cancer de cuello uterino",numero de personas que recibieron orientacion en anticoncepcion,2016-07-01,1,3,19,22,4,49
YUNGUYO DE LITORAL,"anticoncepcion, prevencion de its y de cancer de cuello uterino",numero de personas que recibieron orientacion en anticoncepcion,2016-07-01,0,0,1,0,0,1
ZUDAÑEZ,"anticoncepcion, prevencion de its y de cancer de cuello uterino",numero de personas que recibieron orientacion en anticoncepcion,2016-07-01,155,204,22,8,0,389
ACACIO,"anticoncepcion, prevencion de its y de cancer de cuello uterino",numero de personas que recibieron orientacion en anticoncepcion,2016-08-01,1,4,12,6,0,23
ACHACACHI,"anticoncepcion, prevencion de its y de cancer de cuello uterino",numero de personas que recibieron orientacion en anticoncepcion,2016-08-01,0,1,29,14,3,47
ACHOCALLA,"anticoncepcion, prevencion de its y de cancer de cuello uterino",numero de personas que recibieron orientacion en anticoncepcion,2016-08-01,0,2,15,10,3,30
AIQUILE,"anticoncepcion, prevencion de its y de cancer de cuello uterino",numero de personas que recibieron orientacion en anticoncepcion,2016-08-01,0,14,57,21,1,93
ALALAY,"anticoncepcion, prevencion de its y de cancer de cuello uterino",numero de personas que recibieron orientacion en anticoncepcion,2016-08-01,0,1,6,5,0,12
ALCALA,"anticoncepcion, prevencion de its y de cancer de cuello uterino",numero de personas que recibieron orientacion en anticoncepcion,2016-08-01,43,80,14,21,4,162
ALTO BENI,"anticoncepcion, prevencion de its y de cancer de cuello uterino",numero de personas que recibieron orientacion en anticoncepcion,2016-08-01,0,3,9,2,0,14
ANCORAIMES,"anticoncepcion, prevencion de its y de cancer de cuello uterino",numero de personas que recibieron orientacion en anticoncepcion,2016-08-01,0,6,11,6,0,23
ANDAMARCA,"anticoncepcion, prevencion de its y de cancer de cuello uterino",numero de personas que recibieron orientacion en anticoncepcion,2016-08-01,0,3,27,13,0,43
ANZALDO,"anticoncepcion, prevencion de its y de cancer de cuello uterino",numero de personas que recibieron orientacion en anticoncepcion,2016-08-01,0,1,13,10,0,24
APOLO,"anticoncepcion, prevencion de its y de cancer de cuello uterino",numero de personas que recibieron orientacion en anticoncepcion,2016-08-01,0,8,31,15,2,56
ARAMPAMPA,"anticoncepcion, prevencion de its y de cancer de cuello uterino",numero de personas que recibieron orientacion en anticoncepcion,2016-08-01,16,15,22,16,1,70
ARANI,"anticoncepcion, prevencion de its y de cancer de cuello uterino",numero de personas que recibieron orientacion en anticoncepcion,2016-08-01,0,2,17,5,0,24
ARBIETO,"anticoncepcion, prevencion de its y de cancer de cuello uterino",numero de personas que recibieron orientacion en anticoncepcion,2016-08-01,0,26,88,37,2,153
ARQUE,"anticoncepcion, prevencion de its y de cancer de cuello uterino",numero de personas que recibieron orientacion en anticoncepcion,2016-08-01,0,0,15,15,0,30
ASCENCION DE GUARAYOS,"anticoncepcion, prevencion de its y de cancer de cuello uterino",numero de personas que recibieron orientacion en anticoncepcion,2016-08-01,2,15,57,18,0,92
ATOCHA,"anticoncepcion, prevencion de its y de cancer de cuello uterino",numero de personas que recibieron orientacion en anticoncepcion,2016-08-01,0,6,39,15,0,60
AUCAPATA,"anticoncepcion, prevencion de its y de cancer de cuello uterino",numero de personas que recibieron orientacion en anticoncepcion,2016-08-01,0,6,11,6,0,23
AYATA,"anticoncepcion, prevencion de its y de cancer de cuello uterino",numero de personas que recibieron orientacion en anticoncepcion,2016-08-01,0,1,7,3,2,13
AYO AYO,"anticoncepcion, prevencion de its y de cancer de cuello uterino",numero de personas que recibieron orientacion en anticoncepcion,2016-08-01,0,4,7,4,3,18
AYOPAYA (V. DE INDEPENDENCIA),"anticoncepcion, prevencion de its y de cancer de cuello uterino",numero de personas que recibieron orientacion en anticoncepcion,2016-08-01,2,17,86,32,0,137
AZURDUY,"anticoncepcion, prevencion de its y de cancer de cuello uterino",numero de personas que recibieron orientacion en anticoncepcion,2016-08-01,158,156,79,47,4,444
BATALLAS,"anticoncepcion, prevencion de its y de cancer de cuello uterino",numero de personas que recibieron orientacion en anticoncepcion,2016-08-01,1,9,42,22,0,74
BAURES,"anticoncepcion, prevencion de its y de cancer de cuello uterino",numero de personas que recibieron orientacion en anticoncepcion,2016-08-01,0,18,27,32,11,88
BELEN DE ANDAMARCA,"anticoncepcion, prevencion de its y de cancer de cuello uterino",numero de personas que recibieron orientacion en anticoncepcion,2016-08-01,0,0,4,3,0,7
BELEN DE URMIRI,"anticoncepcion, prevencion de its y de cancer de cuello uterino",numero de personas que recibieron orientacion en anticoncepcion,2016-08-01,1,4,4,1,0,10
BELLA FLOR,"anticoncepcion, prevencion de its y de cancer de cuello uterino",numero de personas que recibieron orientacion en anticoncepcion,2016-08-01,1,7,19,4,0,31
BERMEJO,"anticoncepcion, prevencion de its y de cancer de cuello uterino",numero de personas que recibieron orientacion en anticoncepcion,2016-08-01,3,36,206,101,14,360
BETANZOS,"anticoncepcion, prevencion de its y de cancer de cuello uterino",numero de personas que recibieron orientacion en anticoncepcion,2016-08-01,0,9,38,35,5,87
BOLIVAR,"anticoncepcion, prevencion de its y de cancer de cuello uterino",numero de personas que recibieron orientacion en anticoncepcion,2016-08-01,0,0,9,8,0,17
BOLPEBRA,"anticoncepcion, prevencion de its y de cancer de cuello uterino",numero de personas que recibieron orientacion en anticoncepcion,2016-08-01,2,6,5,3,0,16
BOYUIBE,"anticoncepcion, prevencion de its y de cancer de cuello uterino",numero de personas que recibieron orientacion en anticoncepcion,2016-08-01,0,0,3,4,0,7
BUENA VISTA,"anticoncepcion, prevencion de its y de cancer de cuello uterino",numero de personas que recibieron orientacion en anticoncepcion,2016-08-01,0,36,48,9,0,93
CABEZAS,"anticoncepcion, prevencion de its y de cancer de cuello uterino",numero de personas que recibieron orientacion en anticoncepcion,2016-08-01,0,16,17,6,0,39
CAIROMA,"anticoncepcion, prevencion de its y de cancer de cuello uterino",numero de personas que recibieron orientacion en anticoncepcion,2016-08-01,0,4,19,6,0,29
"CAIZA ""D""","anticoncepcion, prevencion de its y de cancer de cuello uterino",numero de personas que recibieron orientacion en anticoncepcion,2016-08-01,0,6,50,26,6,88
CAJUATA,"anticoncepcion, prevencion de its y de cancer de cuello uterino",numero de personas que recibieron orientacion en anticoncepcion,2016-08-01,0,5,21,5,0,31
CALAMARCA,"anticoncepcion, prevencion de its y de cancer de cuello uterino",numero de personas que recibieron orientacion en anticoncepcion,2016-08-01,0,7,28,3,0,38
CAMARGO,"anticoncepcion, prevencion de its y de cancer de cuello uterino",numero de personas que recibieron orientacion en anticoncepcion,2016-08-01,70,176,36,20,0,302
CAMATAQUI (C. VILLA ABECIA),"anticoncepcion, prevencion de its y de cancer de cuello uterino",numero de personas que recibieron orientacion en anticoncepcion,2016-08-01,29,59,17,11,4,120
CAMIRI,"anticoncepcion, prevencion de its y de cancer de cuello uterino",numero de personas que recibieron orientacion en anticoncepcion,2016-08-01,1,18,76,7,0,102
CAPINOTA,"anticoncepcion, prevencion de its y de cancer de cuello uterino",numero de personas que recibieron orientacion en anticoncepcion,2016-08-01,1,5,23,8,0,37
CAQUIAVIRI,"anticoncepcion, prevencion de its y de cancer de cuello uterino",numero de personas que recibieron orientacion en anticoncepcion,2016-08-01,0,0,6,7,0,13
CARACOLLO,"anticoncepcion, prevencion de its y de cancer de cuello uterino",numero de personas que recibieron orientacion en anticoncepcion,2016-08-01,0,11,39,10,0,60
CARANAVI,"anticoncepcion, prevencion de its y de cancer de cuello uterino",numero de personas que recibieron orientacion en anticoncepcion,2016-08-01,0,23,135,58,14,230
CARAPARI,"anticoncepcion, prevencion de its y de cancer de cuello uterino",numero de personas que recibieron orientacion en anticoncepcion,2016-08-01,0,5,24,12,0,41
CARIPUYO,"anticoncepcion, prevencion de its y de cancer de cuello uterino",numero de personas que recibieron orientacion en anticoncepcion,2016-08-01,5,4,6,0,0,15
CARMEN RIVERO TORREZ,"anticoncepcion, prevencion de its y de cancer de cuello uterino",numero de personas que recibieron orientacion en anticoncepcion,2016-08-01,0,0,4,1,0,5
CATACORA,"anticoncepcion, prevencion de its y de cancer de cuello uterino",numero de personas que recibieron orientacion en anticoncepcion,2016-08-01,0,0,1,0,0,1
CHACARILLA,"anticoncepcion, prevencion de its y de cancer de cuello uterino",numero de personas que recibieron orientacion en anticoncepcion,2016-08-01,0,2,2,3,0,7
CHALLAPATA,"anticoncepcion, prevencion de its y de cancer de cuello uterino",numero de personas que recibieron orientacion en anticoncepcion,2016-08-01,0,22,159,49,0,230
CHAQUI,"anticoncepcion, prevencion de its y de cancer de cuello uterino",numero de personas que recibieron orientacion en anticoncepcion,2016-08-01,6,19,49,21,0,95
CHARAGUA,"anticoncepcion, prevencion de its y de cancer de cuello uterino",numero de personas que recibieron orientacion en anticoncepcion,2016-08-01,0,6,23,13,1,43
CHARAÑA,"anticoncepcion, prevencion de its y de cancer de cuello uterino",numero de personas que recibieron orientacion en anticoncepcion,2016-08-01,0,0,3,1,0,4
CHAYANTA,"anticoncepcion, prevencion de its y de cancer de cuello uterino",numero de personas que recibieron orientacion en anticoncepcion,2016-08-01,0,7,30,15,0,52
CHIMORE,"anticoncepcion, prevencion de its y de cancer de cuello uterino",numero de personas que recibieron orientacion en anticoncepcion,2016-08-01,0,16,137,35,0,188
CHIPAYA,"anticoncepcion, prevencion de its y de cancer de cuello uterino",numero de personas que recibieron orientacion en anticoncepcion,2016-08-01,0,0,2,1,0,3
CHOQUE COTA,"anticoncepcion, prevencion de its y de cancer de cuello uterino",numero de personas que recibieron orientacion en anticoncepcion,2016-08-01,0,1,7,1,0,9
CHUA COCANI,"anticoncepcion, prevencion de its y de cancer de cuello uterino",numero de personas que recibieron orientacion en anticoncepcion,2016-08-01,0,1,4,2,0,7
CHULUMANI (V. DE LA LIBERTAD),"anticoncepcion, prevencion de its y de cancer de cuello uterino",numero de personas que recibieron orientacion en anticoncepcion,2016-08-01,0,6,36,11,1,54
CHUMA,"anticoncepcion, prevencion de its y de cancer de cuello uterino",numero de personas que recibieron orientacion en anticoncepcion,2016-08-01,0,3,29,16,7,55
CHUQUIHUTA AYLLU JUCUMANI,"anticoncepcion, prevencion de its y de cancer de cuello uterino",numero de personas que recibieron orientacion en anticoncepcion,2016-08-01,0,5,13,5,0,23
CKOCHAS,"anticoncepcion, prevencion de its y de cancer de cuello uterino",numero de personas que recibieron orientacion en anticoncepcion,2016-08-01,0,7,18,19,2,46
CLIZA,"anticoncepcion, prevencion de its y de cancer de cuello uterino",numero de personas que recibieron orientacion en anticoncepcion,2016-08-01,0,77,145,40,1,263
COBIJA,"anticoncepcion, prevencion de its y de cancer de cuello uterino",numero de personas que recibieron orientacion en anticoncepcion,2016-08-01,3,45,167,53,7,275
COCAPATA,"anticoncepcion, prevencion de its y de cancer de cuello uterino",numero de personas que recibieron orientacion en anticoncepcion,2016-08-01,3,22,79,21,2,127
COCHABAMBA,"anticoncepcion, prevencion de its y de cancer de cuello uterino",numero de personas que recibieron orientacion en anticoncepcion,2016-08-01,43,888,2798,696,45,4470
COIPASA,"anticoncepcion, prevencion de its y de cancer de cuello uterino",numero de personas que recibieron orientacion en anticoncepcion,2016-08-01,0,2,9,0,0,11
COLCAPIRHUA,"anticoncepcion, prevencion de its y de cancer de cuello uterino",numero de personas que recibieron orientacion en anticoncepcion,2016-08-01,8,78,729,96,11,922
"COLCHA ""K""","anticoncepcion, prevencion de its y de cancer de cuello uterino",numero de personas que recibieron orientacion en anticoncepcion,2016-08-01,0,1,7,1,0,9
COLLANA,"anticoncepcion, prevencion de its y de cancer de cuello uterino",numero de personas que recibieron orientacion en anticoncepcion,2016-08-01,0,1,8,1,0,10
COLOMI,"anticoncepcion, prevencion de its y de cancer de cuello uterino",numero de personas que recibieron orientacion en anticoncepcion,2016-08-01,0,18,86,28,1,133
COLPA BELGICA,"anticoncepcion, prevencion de its y de cancer de cuello uterino",numero de personas que recibieron orientacion en anticoncepcion,2016-08-01,1,5,16,2,0,24
COLQUECHACA,"anticoncepcion, prevencion de its y de cancer de cuello uterino",numero de personas que recibieron orientacion en anticoncepcion,2016-08-01,0,2,24,5,0,31
COLQUENCHA,"anticoncepcion, prevencion de its y de cancer de cuello uterino",numero de personas que recibieron orientacion en anticoncepcion,2016-08-01,0,0,10,5,0,15
COLQUIRI,"anticoncepcion, prevencion de its y de cancer de cuello uterino",numero de personas que recibieron orientacion en anticoncepcion,2016-08-01,0,7,28,10,0,45
COMANCHE,"anticoncepcion, prevencion de its y de cancer de cuello uterino",numero de personas que recibieron orientacion en anticoncepcion,2016-08-01,0,0,1,2,0,3
COMARAPA,"anticoncepcion, prevencion de its y de cancer de cuello uterino",numero de personas que recibieron orientacion en anticoncepcion,2016-08-01,0,19,54,15,0,88
COMBAYA,"anticoncepcion, prevencion de its y de cancer de cuello uterino",numero de personas que recibieron orientacion en anticoncepcion,2016-08-01,0,2,6,4,0,12
CONCEPCION,"anticoncepcion, prevencion de its y de cancer de cuello uterino",numero de personas que recibieron orientacion en anticoncepcion,2016-08-01,0,2,24,4,0,30
COPACABANA,"anticoncepcion, prevencion de its y de cancer de cuello uterino",numero de personas que recibieron orientacion en anticoncepcion,2016-08-01,0,1,25,20,1,47
CORIPATA,"anticoncepcion, prevencion de its y de cancer de cuello uterino",numero de personas que recibieron orientacion en anticoncepcion,2016-08-01,0,3,24,5,0,32
CORO CORO,"anticoncepcion, prevencion de its y de cancer de cuello uterino",numero de personas que recibieron orientacion en anticoncepcion,2016-08-01,0,0,4,1,0,5
COROICO,"anticoncepcion, prevencion de its y de cancer de cuello uterino",numero de personas que recibieron orientacion en anticoncepcion,2016-08-01,0,9,38,14,2,63
CORQUE,"anticoncepcion, prevencion de its y de cancer de cuello uterino",numero de personas que recibieron orientacion en anticoncepcion,2016-08-01,0,5,13,4,1,23
COTAGAITA,"anticoncepcion, prevencion de its y de cancer de cuello uterino",numero de personas que recibieron orientacion en anticoncepcion,2016-08-01,0,14,74,46,1,135
COTOCA,"anticoncepcion, prevencion de its y de cancer de cuello uterino",numero de personas que recibieron orientacion en anticoncepcion,2016-08-01,0,32,81,23,0,136
CUATRO CAÑADAS,"anticoncepcion, prevencion de its y de cancer de cuello uterino",numero de personas que recibieron orientacion en anticoncepcion,2016-08-01,0,21,43,23,0,87
CUCHUMUELA (V. G. VILLARROEL),"anticoncepcion, prevencion de its y de cancer de cuello uterino",numero de personas que recibieron orientacion en anticoncepcion,2016-08-01,0,0,7,1,0,8
CUEVO,"anticoncepcion, prevencion de its y de cancer de cuello uterino",numero de personas que recibieron orientacion en anticoncepcion,2016-08-01,0,2,5,1,0,8
CULPINA,"anticoncepcion, prevencion de its y de cancer de cuello uterino",numero de personas que recibieron orientacion en anticoncepcion,2016-08-01,310,455,86,35,2,888
CURAHUARA DE CARANGAS,"anticoncepcion, prevencion de its y de cancer de cuello uterino",numero de personas que recibieron orientacion en anticoncepcion,2016-08-01,0,0,4,4,0,8
CURVA,"anticoncepcion, prevencion de its y de cancer de cuello uterino",numero de personas que recibieron orientacion en anticoncepcion,2016-08-01,0,1,6,1,0,8
DESAGUADERO,"anticoncepcion, prevencion de its y de cancer de cuello uterino",numero de personas que recibieron orientacion en anticoncepcion,2016-08-01,0,0,6,1,0,7
EL ALTO,"anticoncepcion, prevencion de its y de cancer de cuello uterino",numero de personas que recibieron orientacion en anticoncepcion,2016-08-01,4,428,2113,854,125,3524
EL CHORO,"anticoncepcion, prevencion de its y de cancer de cuello uterino",numero de personas que recibieron orientacion en anticoncepcion,2016-08-01,0,1,7,2,0,10
EL PUENTE(STC),"anticoncepcion, prevencion de its y de cancer de cuello uterino",numero de personas que recibieron orientacion en anticoncepcion,2016-08-01,0,6,30,8,1,45
EL PUENTE(TJA),"anticoncepcion, prevencion de its y de cancer de cuello uterino",numero de personas que recibieron orientacion en anticoncepcion,2016-08-01,0,4,33,18,0,55
EL TORNO,"anticoncepcion, prevencion de its y de cancer de cuello uterino",numero de personas que recibieron orientacion en anticoncepcion,2016-08-01,16,60,147,70,7,300
EL VILLAR,"anticoncepcion, prevencion de its y de cancer de cuello uterino",numero de personas que recibieron orientacion en anticoncepcion,2016-08-01,70,88,4,3,0,165
ENTRE RIOS TRJ,"anticoncepcion, prevencion de its y de cancer de cuello uterino",numero de personas que recibieron orientacion en anticoncepcion,2016-08-01,0,12,33,9,0,54
ENTRE RIOS CBBA,"anticoncepcion, prevencion de its y de cancer de cuello uterino",numero de personas que recibieron orientacion en anticoncepcion,2016-08-01,2,20,85,25,2,134
ESCARA,"anticoncepcion, prevencion de its y de cancer de cuello uterino",numero de personas que recibieron orientacion en anticoncepcion,2016-08-01,0,0,8,1,0,9
ESCOMA,"anticoncepcion, prevencion de its y de cancer de cuello uterino",numero de personas que recibieron orientacion en anticoncepcion,2016-08-01,0,0,6,1,0,7
ESMERALDA,"anticoncepcion, prevencion de its y de cancer de cuello uterino",numero de personas que recibieron orientacion en anticoncepcion,2016-08-01,0,0,1,1,0,2
EUCALIPTUS,"anticoncepcion, prevencion de its y de cancer de cuello uterino",numero de personas que recibieron orientacion en anticoncepcion,2016-08-01,0,4,4,1,0,9
EUREKA (SANTOS MERCADO),"anticoncepcion, prevencion de its y de cancer de cuello uterino",numero de personas que recibieron orientacion en anticoncepcion,2016-08-01,0,3,1,1,0,5
EXALTACION,"anticoncepcion, prevencion de its y de cancer de cuello uterino",numero de personas que recibieron orientacion en anticoncepcion,2016-08-01,0,6,6,3,0,15
FERNANDEZ ALONSO,"anticoncepcion, prevencion de its y de cancer de cuello uterino",numero de personas que recibieron orientacion en anticoncepcion,2016-08-01,1,8,19,3,1,32
FILADELFIA,"anticoncepcion, prevencion de its y de cancer de cuello uterino",numero de personas que recibieron orientacion en anticoncepcion,2016-08-01,10,56,44,20,5,135
GENERAL SAAVEDRA,"anticoncepcion, prevencion de its y de cancer de cuello uterino",numero de personas que recibieron orientacion en anticoncepcion,2016-08-01,0,6,57,12,1,76
GRAL. J.J. PEREZ (CHARAZANI),"anticoncepcion, prevencion de its y de cancer de cuello uterino",numero de personas que recibieron orientacion en anticoncepcion,2016-08-01,0,2,28,21,2,53
GUANAY,"anticoncepcion, prevencion de its y de cancer de cuello uterino",numero de personas que recibieron orientacion en anticoncepcion,2016-08-01,0,9,31,9,0,49
GUAQUI,"anticoncepcion, prevencion de its y de cancer de cuello uterino",numero de personas que recibieron orientacion en anticoncepcion,2016-08-01,0,0,6,2,0,8
GUAYARAMERIN,"anticoncepcion, prevencion de its y de cancer de cuello uterino",numero de personas que recibieron orientacion en anticoncepcion,2016-08-01,3,120,355,78,8,564
GUTIERREZ,"anticoncepcion, prevencion de its y de cancer de cuello uterino",numero de personas que recibieron orientacion en anticoncepcion,2016-08-01,0,3,14,17,4,38
HUACARETA,"anticoncepcion, prevencion de its y de cancer de cuello uterino",numero de personas que recibieron orientacion en anticoncepcion,2016-08-01,11,47,62,23,6,149
HUACAYA (VILLA DE HUACAYA),"anticoncepcion, prevencion de its y de cancer de cuello uterino",numero de personas que recibieron orientacion en anticoncepcion,2016-08-01,49,69,12,8,0,138
HUACHACALLA,"anticoncepcion, prevencion de its y de cancer de cuello uterino",numero de personas que recibieron orientacion en anticoncepcion,2016-08-01,0,0,1,0,0,1
HUANUNI,"anticoncepcion, prevencion de its y de cancer de cuello uterino",numero de personas que recibieron orientacion en anticoncepcion,2016-08-01,0,4,28,10,0,42
HUARACAJE,"anticoncepcion, prevencion de its y de cancer de cuello uterino",numero de personas que recibieron orientacion en anticoncepcion,2016-08-01,1,5,52,30,10,98
HUARINA,"anticoncepcion, prevencion de its y de cancer de cuello uterino",numero de personas que recibieron orientacion en anticoncepcion,2016-08-01,0,0,4,0,1,5
HUATAJATA,"anticoncepcion, prevencion de its y de cancer de cuello uterino",numero de personas que recibieron orientacion en anticoncepcion,2016-08-01,0,0,1,0,1,2
HUAYLLAMARCA,"anticoncepcion, prevencion de its y de cancer de cuello uterino",numero de personas que recibieron orientacion en anticoncepcion,2016-08-01,1,5,4,2,0,12
HUMANATA,"anticoncepcion, prevencion de its y de cancer de cuello uterino",numero de personas que recibieron orientacion en anticoncepcion,2016-08-01,0,2,3,3,0,8
ICHOCA,"anticoncepcion, prevencion de its y de cancer de cuello uterino",numero de personas que recibieron orientacion en anticoncepcion,2016-08-01,0,2,7,1,0,10
ICLA,"anticoncepcion, prevencion de its y de cancer de cuello uterino",numero de personas que recibieron orientacion en anticoncepcion,2016-08-01,385,347,6,6,0,744
INCAHUASI,"anticoncepcion, prevencion de its y de cancer de cuello uterino",numero de personas que recibieron orientacion en anticoncepcion,2016-08-01,101,161,20,8,0,290
INQUISIVI,"anticoncepcion, prevencion de its y de cancer de cuello uterino",numero de personas que recibieron orientacion en anticoncepcion,2016-08-01,0,5,21,3,0,29
IRUPANA (VILLA DE LANZA),"anticoncepcion, prevencion de its y de cancer de cuello uterino",numero de personas que recibieron orientacion en anticoncepcion,2016-08-01,0,8,47,18,2,75
IXIAMAS,"anticoncepcion, prevencion de its y de cancer de cuello uterino",numero de personas que recibieron orientacion en anticoncepcion,2016-08-01,0,3,18,7,0,28
JESUS DE MACHACA,"anticoncepcion, prevencion de its y de cancer de cuello uterino",numero de personas que recibieron orientacion en anticoncepcion,2016-08-01,0,1,6,8,2,17
LA ASUNTA,"anticoncepcion, prevencion de its y de cancer de cuello uterino",numero de personas que recibieron orientacion en anticoncepcion,2016-08-01,1,18,74,14,0,107
LA GUARDIA,"anticoncepcion, prevencion de its y de cancer de cuello uterino",numero de personas que recibieron orientacion en anticoncepcion,2016-08-01,1,71,273,66,18,429
LA PAZ,"anticoncepcion, prevencion de its y de cancer de cuello uterino",numero de personas que recibieron orientacion en anticoncepcion,2016-08-01,54,293,1825,870,114,3156
LA RIVERA,"anticoncepcion, prevencion de its y de cancer de cuello uterino",numero de personas que recibieron orientacion en anticoncepcion,2016-08-01,0,0,0,1,0,1
LAGUNILLAS,"anticoncepcion, prevencion de its y de cancer de cuello uterino",numero de personas que recibieron orientacion en anticoncepcion,2016-08-01,0,2,10,4,0,16
LAJA,"anticoncepcion, prevencion de its y de cancer de cuello uterino",numero de personas que recibieron orientacion en anticoncepcion,2016-08-01,0,8,28,14,6,56
LAS CARRERAS,"anticoncepcion, prevencion de its y de cancer de cuello uterino",numero de personas que recibieron orientacion en anticoncepcion,2016-08-01,0,6,8,6,1,21
LICOMA PAMPA,"anticoncepcion, prevencion de its y de cancer de cuello uterino",numero de personas que recibieron orientacion en anticoncepcion,2016-08-01,0,0,3,0,0,3
LLALLAGUA,"anticoncepcion, prevencion de its y de cancer de cuello uterino",numero de personas que recibieron orientacion en anticoncepcion,2016-08-01,1,76,187,35,3,302
LLICA,"anticoncepcion, prevencion de its y de cancer de cuello uterino",numero de personas que recibieron orientacion en anticoncepcion,2016-08-01,0,2,6,2,0,10
LORETO,"anticoncepcion, prevencion de its y de cancer de cuello uterino",numero de personas que recibieron orientacion en anticoncepcion,2016-08-01,2,7,10,6,0,25
LURIBAY,"anticoncepcion, prevencion de its y de cancer de cuello uterino",numero de personas que recibieron orientacion en anticoncepcion,2016-08-01,0,1,7,11,0,19
MACHACAMARCA,"anticoncepcion, prevencion de its y de cancer de cuello uterino",numero de personas que recibieron orientacion en anticoncepcion,2016-08-01,0,1,10,2,0,13
MACHARETI,"anticoncepcion, prevencion de its y de cancer de cuello uterino",numero de personas que recibieron orientacion en anticoncepcion,2016-08-01,22,65,31,11,1,130
MAGDALENA,"anticoncepcion, prevencion de its y de cancer de cuello uterino",numero de personas que recibieron orientacion en anticoncepcion,2016-08-01,2,9,33,6,1,51
MAIRANA,"anticoncepcion, prevencion de its y de cancer de cuello uterino",numero de personas que recibieron orientacion en anticoncepcion,2016-08-01,0,7,17,7,0,31
MALLA,"anticoncepcion, prevencion de its y de cancer de cuello uterino",numero de personas que recibieron orientacion en anticoncepcion,2016-08-01,0,0,3,4,0,7
MAPIRI,"anticoncepcion, prevencion de its y de cancer de cuello uterino",numero de personas que recibieron orientacion en anticoncepcion,2016-08-01,0,9,27,7,0,43
MECAPACA,"anticoncepcion, prevencion de its y de cancer de cuello uterino",numero de personas que recibieron orientacion en anticoncepcion,2016-08-01,0,4,8,9,0,21
MINEROS,"anticoncepcion, prevencion de its y de cancer de cuello uterino",numero de personas que recibieron orientacion en anticoncepcion,2016-08-01,0,23,53,21,5,102
MIZQUE,"anticoncepcion, prevencion de its y de cancer de cuello uterino",numero de personas que recibieron orientacion en anticoncepcion,2016-08-01,3,28,112,43,3,189
MOCOMOCO,"anticoncepcion, prevencion de its y de cancer de cuello uterino",numero de personas que recibieron orientacion en anticoncepcion,2016-08-01,0,4,9,2,0,15
MOJINETE,"anticoncepcion, prevencion de its y de cancer de cuello uterino",numero de personas que recibieron orientacion en anticoncepcion,2016-08-01,0,0,1,1,0,2
MOJOCOYA,"anticoncepcion, prevencion de its y de cancer de cuello uterino",numero de personas que recibieron orientacion en anticoncepcion,2016-08-01,151,188,47,39,32,457
MONTEAGUDO,"anticoncepcion, prevencion de its y de cancer de cuello uterino",numero de personas que recibieron orientacion en anticoncepcion,2016-08-01,24,98,117,69,9,317
MONTERO,"anticoncepcion, prevencion de its y de cancer de cuello uterino",numero de personas que recibieron orientacion en anticoncepcion,2016-08-01,3,81,337,110,14,545
MORO MORO,"anticoncepcion, prevencion de its y de cancer de cuello uterino",numero de personas que recibieron orientacion en anticoncepcion,2016-08-01,0,1,0,1,0,2
MOROCHATA,"anticoncepcion, prevencion de its y de cancer de cuello uterino",numero de personas que recibieron orientacion en anticoncepcion,2016-08-01,0,13,23,14,0,50
NACEBE (SANTA ROSA DEL ABUNA),"anticoncepcion, prevencion de its y de cancer de cuello uterino",numero de personas que recibieron orientacion en anticoncepcion,2016-08-01,0,2,20,3,0,25
NUEVO MANOA (NUEVA ESPERANZA),"anticoncepcion, prevencion de its y de cancer de cuello uterino",numero de personas que recibieron orientacion en anticoncepcion,2016-08-01,0,3,7,0,0,10
OCURI,"anticoncepcion, prevencion de its y de cancer de cuello uterino",numero de personas que recibieron orientacion en anticoncepcion,2016-08-01,0,5,23,18,0,46
OKINAWA,"anticoncepcion, prevencion de its y de cancer de cuello uterino",numero de personas que recibieron orientacion en anticoncepcion,2016-08-01,0,11,35,15,0,61
OMEREQUE,"anticoncepcion, prevencion de its y de cancer de cuello uterino",numero de personas que recibieron orientacion en anticoncepcion,2016-08-01,0,5,24,11,1,41
ORURO,"anticoncepcion, prevencion de its y de cancer de cuello uterino",numero de personas que recibieron orientacion en anticoncepcion,2016-08-01,24,339,1396,468,36,2263
PADCAYA,"anticoncepcion, prevencion de its y de cancer de cuello uterino",numero de personas que recibieron orientacion en anticoncepcion,2016-08-01,2,10,62,35,2,111
PADILLA,"anticoncepcion, prevencion de its y de cancer de cuello uterino",numero de personas que recibieron orientacion en anticoncepcion,2016-08-01,208,258,60,33,3,562
PAILON,"anticoncepcion, prevencion de its y de cancer de cuello uterino",numero de personas que recibieron orientacion en anticoncepcion,2016-08-01,5,51,135,29,6,226
PALCA,"anticoncepcion, prevencion de its y de cancer de cuello uterino",numero de personas que recibieron orientacion en anticoncepcion,2016-08-01,0,14,74,26,6,120
PALOS BLANCOS,"anticoncepcion, prevencion de its y de cancer de cuello uterino",numero de personas que recibieron orientacion en anticoncepcion,2016-08-01,1,21,106,35,3,166
PAMPA AULLAGAS,"anticoncepcion, prevencion de its y de cancer de cuello uterino",numero de personas que recibieron orientacion en anticoncepcion,2016-08-01,0,1,10,3,0,14
PAMPA GRANDE,"anticoncepcion, prevencion de its y de cancer de cuello uterino",numero de personas que recibieron orientacion en anticoncepcion,2016-08-01,0,6,13,6,0,25
PAPEL PAMPA,"anticoncepcion, prevencion de its y de cancer de cuello uterino",numero de personas que recibieron orientacion en anticoncepcion,2016-08-01,0,3,5,1,0,9
PASORAPA,"anticoncepcion, prevencion de its y de cancer de cuello uterino",numero de personas que recibieron orientacion en anticoncepcion,2016-08-01,1,2,9,5,1,18
PATACAMAYA,"anticoncepcion, prevencion de its y de cancer de cuello uterino",numero de personas que recibieron orientacion en anticoncepcion,2016-08-01,0,3,6,4,2,15
PAZÑA,"anticoncepcion, prevencion de its y de cancer de cuello uterino",numero de personas que recibieron orientacion en anticoncepcion,2016-08-01,0,2,20,3,3,28
PELECHUCO,"anticoncepcion, prevencion de its y de cancer de cuello uterino",numero de personas que recibieron orientacion en anticoncepcion,2016-08-01,1,9,72,40,15,137
POCOATA,"anticoncepcion, prevencion de its y de cancer de cuello uterino",numero de personas que recibieron orientacion en anticoncepcion,2016-08-01,0,30,33,22,3,88
POCONA,"anticoncepcion, prevencion de its y de cancer de cuello uterino",numero de personas que recibieron orientacion en anticoncepcion,2016-08-01,6,16,65,28,1,116
POJO (CBBA),"anticoncepcion, prevencion de its y de cancer de cuello uterino",numero de personas que recibieron orientacion en anticoncepcion,2016-08-01,0,5,29,6,0,40
POOPO,"anticoncepcion, prevencion de its y de cancer de cuello uterino",numero de personas que recibieron orientacion en anticoncepcion,2016-08-01,0,5,6,1,0,12
PORCO,"anticoncepcion, prevencion de its y de cancer de cuello uterino",numero de personas que recibieron orientacion en anticoncepcion,2016-08-01,0,11,45,10,0,66
POROMA,"anticoncepcion, prevencion de its y de cancer de cuello uterino",numero de personas que recibieron orientacion en anticoncepcion,2016-08-01,85,251,33,24,7,400
PORONGO,"anticoncepcion, prevencion de its y de cancer de cuello uterino",numero de personas que recibieron orientacion en anticoncepcion,2016-08-01,2,5,30,7,0,44
PORTACHUELO,"anticoncepcion, prevencion de its y de cancer de cuello uterino",numero de personas que recibieron orientacion en anticoncepcion,2016-08-01,0,12,24,3,0,39
PORVENIR,"anticoncepcion, prevencion de its y de cancer de cuello uterino",numero de personas que recibieron orientacion en anticoncepcion,2016-08-01,0,2,5,0,0,7
POSTRER VALLE,"anticoncepcion, prevencion de its y de cancer de cuello uterino",numero de personas que recibieron orientacion en anticoncepcion,2016-08-01,1,1,3,0,0,5
POTOSI,"anticoncepcion, prevencion de its y de cancer de cuello uterino",numero de personas que recibieron orientacion en anticoncepcion,2016-08-01,1,87,687,136,2,913
PRESTO,"anticoncepcion, prevencion de its y de cancer de cuello uterino",numero de personas que recibieron orientacion en anticoncepcion,2016-08-01,342,427,78,67,19,933
PUCARANI,"anticoncepcion, prevencion de its y de cancer de cuello uterino",numero de personas que recibieron orientacion en anticoncepcion,2016-08-01,0,19,82,38,15,154
PUERTO ACOSTA,"anticoncepcion, prevencion de its y de cancer de cuello uterino",numero de personas que recibieron orientacion en anticoncepcion,2016-08-01,0,1,11,4,0,16
PUERTO CARABUCO,"anticoncepcion, prevencion de its y de cancer de cuello uterino",numero de personas que recibieron orientacion en anticoncepcion,2016-08-01,0,0,14,7,0,21
PUERTO GONZALO MORENO,"anticoncepcion, prevencion de its y de cancer de cuello uterino",numero de personas que recibieron orientacion en anticoncepcion,2016-08-01,1,11,16,2,0,30
PUERTO PEREZ,"anticoncepcion, prevencion de its y de cancer de cuello uterino",numero de personas que recibieron orientacion en anticoncepcion,2016-08-01,0,0,12,7,0,19
PUERTO QUIJARRO,"anticoncepcion, prevencion de its y de cancer de cuello uterino",numero de personas que recibieron orientacion en anticoncepcion,2016-08-01,0,39,46,27,0,112
PUERTO RICO,"anticoncepcion, prevencion de its y de cancer de cuello uterino",numero de personas que recibieron orientacion en anticoncepcion,2016-08-01,0,9,20,2,0,31
PUERTO SILES,"anticoncepcion, prevencion de its y de cancer de cuello uterino",numero de personas que recibieron orientacion en anticoncepcion,2016-08-01,0,4,10,1,0,15
PUERTO SUAREZ,"anticoncepcion, prevencion de its y de cancer de cuello uterino",numero de personas que recibieron orientacion en anticoncepcion,2016-08-01,1,17,147,80,12,257
PUERTO VILLARROEL,"anticoncepcion, prevencion de its y de cancer de cuello uterino",numero de personas que recibieron orientacion en anticoncepcion,2016-08-01,3,41,189,37,3,273
PUNA,"anticoncepcion, prevencion de its y de cancer de cuello uterino",numero de personas que recibieron orientacion en anticoncepcion,2016-08-01,0,5,29,17,3,54
PUNATA,"anticoncepcion, prevencion de its y de cancer de cuello uterino",numero de personas que recibieron orientacion en anticoncepcion,2016-08-01,0,20,47,29,0,96
QUIABAYA,"anticoncepcion, prevencion de its y de cancer de cuello uterino",numero de personas que recibieron orientacion en anticoncepcion,2016-08-01,0,0,4,1,0,5
QUILLACOLLO,"anticoncepcion, prevencion de its y de cancer de cuello uterino",numero de personas que recibieron orientacion en anticoncepcion,2016-08-01,2,87,678,123,11,901
QUIME,"anticoncepcion, prevencion de its y de cancer de cuello uterino",numero de personas que recibieron orientacion en anticoncepcion,2016-08-01,0,1,18,7,0,26
QUIRUSILLAS,"anticoncepcion, prevencion de its y de cancer de cuello uterino",numero de personas que recibieron orientacion en anticoncepcion,2016-08-01,0,3,9,5,0,17
RAVELO,"anticoncepcion, prevencion de its y de cancer de cuello uterino",numero de personas que recibieron orientacion en anticoncepcion,2016-08-01,1,2,25,24,0,52
REYES,"anticoncepcion, prevencion de its y de cancer de cuello uterino",numero de personas que recibieron orientacion en anticoncepcion,2016-08-01,18,33,93,22,0,166
RIBERALTA,"anticoncepcion, prevencion de its y de cancer de cuello uterino",numero de personas que recibieron orientacion en anticoncepcion,2016-08-01,41,303,682,211,8,1245
ROBORE,"anticoncepcion, prevencion de its y de cancer de cuello uterino",numero de personas que recibieron orientacion en anticoncepcion,2016-08-01,0,12,26,3,0,41
RURRENABAQUE,"anticoncepcion, prevencion de its y de cancer de cuello uterino",numero de personas que recibieron orientacion en anticoncepcion,2016-08-01,1,9,41,8,1,60
SABAYA,"anticoncepcion, prevencion de its y de cancer de cuello uterino",numero de personas que recibieron orientacion en anticoncepcion,2016-08-01,0,1,7,1,1,10
SACABA,"anticoncepcion, prevencion de its y de cancer de cuello uterino",numero de personas que recibieron orientacion en anticoncepcion,2016-08-01,119,261,457,203,12,1052
SACABAMBA,"anticoncepcion, prevencion de its y de cancer de cuello uterino",numero de personas que recibieron orientacion en anticoncepcion,2016-08-01,0,2,4,8,0,14
SACACA,"anticoncepcion, prevencion de its y de cancer de cuello uterino",numero de personas que recibieron orientacion en anticoncepcion,2016-08-01,0,19,60,38,4,121
SAIPINA,"anticoncepcion, prevencion de its y de cancer de cuello uterino",numero de personas que recibieron orientacion en anticoncepcion,2016-08-01,0,3,12,6,0,21
SALINAS DE GARCI MENDOZA,"anticoncepcion, prevencion de its y de cancer de cuello uterino",numero de personas que recibieron orientacion en anticoncepcion,2016-08-01,0,7,29,7,1,44
SAMAIPATA,"anticoncepcion, prevencion de its y de cancer de cuello uterino",numero de personas que recibieron orientacion en anticoncepcion,2016-08-01,2,5,18,4,0,29
SAN AGUSTIN,"anticoncepcion, prevencion de its y de cancer de cuello uterino",numero de personas que recibieron orientacion en anticoncepcion,2016-08-01,0,1,1,0,0,2
SAN ANDRES,"anticoncepcion, prevencion de its y de cancer de cuello uterino",numero de personas que recibieron orientacion en anticoncepcion,2016-08-01,4,15,91,19,0,129
SAN ANDRES DE MACHACA,"anticoncepcion, prevencion de its y de cancer de cuello uterino",numero de personas que recibieron orientacion en anticoncepcion,2016-08-01,0,3,7,4,0,14
SAN ANTONIO DE ESMORUCO,"anticoncepcion, prevencion de its y de cancer de cuello uterino",numero de personas que recibieron orientacion en anticoncepcion,2016-08-01,0,0,7,2,0,9
SAN ANTONIO DE LOMERIO,"anticoncepcion, prevencion de its y de cancer de cuello uterino",numero de personas que recibieron orientacion en anticoncepcion,2016-08-01,0,3,13,4,0,20
SAN BENITO,"anticoncepcion, prevencion de its y de cancer de cuello uterino",numero de personas que recibieron orientacion en anticoncepcion,2016-08-01,0,3,21,9,1,34
SAN BORJA,"anticoncepcion, prevencion de its y de cancer de cuello uterino",numero de personas que recibieron orientacion en anticoncepcion,2016-08-01,3,32,49,17,0,101
SAN BUENA VENTURA,"anticoncepcion, prevencion de its y de cancer de cuello uterino",numero de personas que recibieron orientacion en anticoncepcion,2016-08-01,1,9,10,4,0,24
SAN CARLOS,"anticoncepcion, prevencion de its y de cancer de cuello uterino",numero de personas que recibieron orientacion en anticoncepcion,2016-08-01,2,28,107,28,2,167
SAN IGNACIO,"anticoncepcion, prevencion de its y de cancer de cuello uterino",numero de personas que recibieron orientacion en anticoncepcion,2016-08-01,0,30,146,65,0,241
SAN IGNACIO DE VELASCO,"anticoncepcion, prevencion de its y de cancer de cuello uterino",numero de personas que recibieron orientacion en anticoncepcion,2016-08-01,3,29,139,44,3,218
SAN JAVIER(BNI),"anticoncepcion, prevencion de its y de cancer de cuello uterino",numero de personas que recibieron orientacion en anticoncepcion,2016-08-01,0,2,14,1,0,17
SAN JAVIER(STC),"anticoncepcion, prevencion de its y de cancer de cuello uterino",numero de personas que recibieron orientacion en anticoncepcion,2016-08-01,1,6,14,3,0,24
SAN JOAQUIN,"anticoncepcion, prevencion de its y de cancer de cuello uterino",numero de personas que recibieron orientacion en anticoncepcion,2016-08-01,0,4,0,0,0,4
SAN JOSE DE CHIQUITOS,"anticoncepcion, prevencion de its y de cancer de cuello uterino",numero de personas que recibieron orientacion en anticoncepcion,2016-08-01,19,23,30,17,0,89
SAN JUAN DE YAPACANI,"anticoncepcion, prevencion de its y de cancer de cuello uterino",numero de personas que recibieron orientacion en anticoncepcion,2016-08-01,0,17,28,11,0,56
SAN JULIAN,"anticoncepcion, prevencion de its y de cancer de cuello uterino",numero de personas que recibieron orientacion en anticoncepcion,2016-08-01,4,51,164,67,8,294
SAN LORENZO(PND),"anticoncepcion, prevencion de its y de cancer de cuello uterino",numero de personas que recibieron orientacion en anticoncepcion,2016-08-01,0,2,12,1,0,15
SAN LORENZO(TJA),"anticoncepcion, prevencion de its y de cancer de cuello uterino",numero de personas que recibieron orientacion en anticoncepcion,2016-08-01,0,10,34,20,0,64
SAN LUCAS,"anticoncepcion, prevencion de its y de cancer de cuello uterino",numero de personas que recibieron orientacion en anticoncepcion,2016-08-01,483,416,130,93,40,1162
SAN MATIAS,"anticoncepcion, prevencion de its y de cancer de cuello uterino",numero de personas que recibieron orientacion en anticoncepcion,2016-08-01,2,6,58,18,0,84
SAN MIGUEL DE VELASCO,"anticoncepcion, prevencion de its y de cancer de cuello uterino",numero de personas que recibieron orientacion en anticoncepcion,2016-08-01,0,17,79,42,1,139
SAN PABLO DE LIPEZ,"anticoncepcion, prevencion de its y de cancer de cuello uterino",numero de personas que recibieron orientacion en anticoncepcion,2016-08-01,0,0,1,3,0,4
SAN PEDRO,"anticoncepcion, prevencion de its y de cancer de cuello uterino",numero de personas que recibieron orientacion en anticoncepcion,2016-08-01,0,11,61,13,3,88
SAN PEDRO DE BUENA VISTA,"anticoncepcion, prevencion de its y de cancer de cuello uterino",numero de personas que recibieron orientacion en anticoncepcion,2016-08-01,0,34,149,104,13,300
SAN PEDRO DE CURAHUARA,"anticoncepcion, prevencion de its y de cancer de cuello uterino",numero de personas que recibieron orientacion en anticoncepcion,2016-08-01,0,1,7,4,0,12
SAN PEDRO DE QUEMES,"anticoncepcion, prevencion de its y de cancer de cuello uterino",numero de personas que recibieron orientacion en anticoncepcion,2016-08-01,0,0,1,0,0,1
SAN PEDRO DE TIQUINA,"anticoncepcion, prevencion de its y de cancer de cuello uterino",numero de personas que recibieron orientacion en anticoncepcion,2016-08-01,1,3,30,16,1,51
SAN PEDRO(PND),"anticoncepcion, prevencion de its y de cancer de cuello uterino",numero de personas que recibieron orientacion en anticoncepcion,2016-08-01,0,1,2,1,0,4
SAN RAFAEL,"anticoncepcion, prevencion de its y de cancer de cuello uterino",numero de personas que recibieron orientacion en anticoncepcion,2016-08-01,2,14,88,37,0,141
SAN RAMON BENI,"anticoncepcion, prevencion de its y de cancer de cuello uterino",numero de personas que recibieron orientacion en anticoncepcion,2016-08-01,12,34,59,6,0,111
SAN RAMON SCZ,"anticoncepcion, prevencion de its y de cancer de cuello uterino",numero de personas que recibieron orientacion en anticoncepcion,2016-08-01,0,18,41,14,0,73
SANTA ANA,"anticoncepcion, prevencion de its y de cancer de cuello uterino",numero de personas que recibieron orientacion en anticoncepcion,2016-08-01,1,10,52,6,1,70
SANTA CRUZ DE LA SIERRA,"anticoncepcion, prevencion de its y de cancer de cuello uterino",numero de personas que recibieron orientacion en anticoncepcion,2016-08-01,73,647,2258,677,72,3727
SANTA ROSA,"anticoncepcion, prevencion de its y de cancer de cuello uterino",numero de personas que recibieron orientacion en anticoncepcion,2016-08-01,0,6,11,2,0,19
SANTA ROSA DEL SARA,"anticoncepcion, prevencion de its y de cancer de cuello uterino",numero de personas que recibieron orientacion en anticoncepcion,2016-08-01,0,4,9,3,0,16
SANTIAGO DE CALLAPA,"anticoncepcion, prevencion de its y de cancer de cuello uterino",numero de personas que recibieron orientacion en anticoncepcion,2016-08-01,0,0,8,3,0,11
SANTIAGO DE HUARI,"anticoncepcion, prevencion de its y de cancer de cuello uterino",numero de personas que recibieron orientacion en anticoncepcion,2016-08-01,0,2,29,12,1,44
SANTIAGO DE HUATA,"anticoncepcion, prevencion de its y de cancer de cuello uterino",numero de personas que recibieron orientacion en anticoncepcion,2016-08-01,0,0,10,9,0,19
SANTIAGO DE MACHACA,"anticoncepcion, prevencion de its y de cancer de cuello uterino",numero de personas que recibieron orientacion en anticoncepcion,2016-08-01,0,2,6,1,0,9
SANTIVAÑES,"anticoncepcion, prevencion de its y de cancer de cuello uterino",numero de personas que recibieron orientacion en anticoncepcion,2016-08-01,0,0,2,1,0,3
SANTUARIO DE QUILLACAS,"anticoncepcion, prevencion de its y de cancer de cuello uterino",numero de personas que recibieron orientacion en anticoncepcion,2016-08-01,0,1,35,8,0,44
SAPAHAQUI,"anticoncepcion, prevencion de its y de cancer de cuello uterino",numero de personas que recibieron orientacion en anticoncepcion,2016-08-01,0,2,17,5,1,25
SENA,"anticoncepcion, prevencion de its y de cancer de cuello uterino",numero de personas que recibieron orientacion en anticoncepcion,2016-08-01,0,7,30,5,1,43
SHINAOTA,"anticoncepcion, prevencion de its y de cancer de cuello uterino",numero de personas que recibieron orientacion en anticoncepcion,2016-08-01,1,6,35,8,0,50
SICA SICA (VILLA AROMA),"anticoncepcion, prevencion de its y de cancer de cuello uterino",numero de personas que recibieron orientacion en anticoncepcion,2016-08-01,0,10,52,26,0,88
SICAYA,"anticoncepcion, prevencion de its y de cancer de cuello uterino",numero de personas que recibieron orientacion en anticoncepcion,2016-08-01,0,1,6,5,0,12
SIPE SIPE,"anticoncepcion, prevencion de its y de cancer de cuello uterino",numero de personas que recibieron orientacion en anticoncepcion,2016-08-01,1,27,174,59,4,265
SOPACHUY,"anticoncepcion, prevencion de its y de cancer de cuello uterino",numero de personas que recibieron orientacion en anticoncepcion,2016-08-01,109,110,40,33,4,296
SORACACHI,"anticoncepcion, prevencion de its y de cancer de cuello uterino",numero de personas que recibieron orientacion en anticoncepcion,2016-08-01,0,1,7,3,0,11
SORATA,"anticoncepcion, prevencion de its y de cancer de cuello uterino",numero de personas que recibieron orientacion en anticoncepcion,2016-08-01,0,4,21,14,0,39
SUCRE,"anticoncepcion, prevencion de its y de cancer de cuello uterino",numero de personas que recibieron orientacion en anticoncepcion,2016-08-01,3189,8218,2747,1194,111,15459
TACACHI,"anticoncepcion, prevencion de its y de cancer de cuello uterino",numero de personas que recibieron orientacion en anticoncepcion,2016-08-01,0,0,0,1,0,1
TACACOMA,"anticoncepcion, prevencion de its y de cancer de cuello uterino",numero de personas que recibieron orientacion en anticoncepcion,2016-08-01,0,1,18,2,0,21
TACOBAMBA,"anticoncepcion, prevencion de its y de cancer de cuello uterino",numero de personas que recibieron orientacion en anticoncepcion,2016-08-01,0,0,2,1,0,3
TACOPAYA,"anticoncepcion, prevencion de its y de cancer de cuello uterino",numero de personas que recibieron orientacion en anticoncepcion,2016-08-01,0,3,13,12,0,28
TAHUA,"anticoncepcion, prevencion de its y de cancer de cuello uterino",numero de personas que recibieron orientacion en anticoncepcion,2016-08-01,0,0,2,2,0,4
TAPACARI,"anticoncepcion, prevencion de its y de cancer de cuello uterino",numero de personas que recibieron orientacion en anticoncepcion,2016-08-01,3,1,19,14,0,37
TARABUCO,"anticoncepcion, prevencion de its y de cancer de cuello uterino",numero de personas que recibieron orientacion en anticoncepcion,2016-08-01,175,238,77,80,16,586
TARACO,"anticoncepcion, prevencion de its y de cancer de cuello uterino",numero de personas que recibieron orientacion en anticoncepcion,2016-08-01,0,2,4,0,0,6
TARATA,"anticoncepcion, prevencion de its y de cancer de cuello uterino",numero de personas que recibieron orientacion en anticoncepcion,2016-08-01,0,9,23,15,0,47
TARIJA,"anticoncepcion, prevencion de its y de cancer de cuello uterino",numero de personas que recibieron orientacion en anticoncepcion,2016-08-01,8,37,391,115,3,554
TARVITA,"anticoncepcion, prevencion de its y de cancer de cuello uterino",numero de personas que recibieron orientacion en anticoncepcion,2016-08-01,92,225,28,9,2,356
TEOPONTE,"anticoncepcion, prevencion de its y de cancer de cuello uterino",numero de personas que recibieron orientacion en anticoncepcion,2016-08-01,0,12,42,16,2,72
TIAWANACU,"anticoncepcion, prevencion de its y de cancer de cuello uterino",numero de personas que recibieron orientacion en anticoncepcion,2016-08-01,0,8,29,22,1,60
TINGUIPAYA,"anticoncepcion, prevencion de its y de cancer de cuello uterino",numero de personas que recibieron orientacion en anticoncepcion,2016-08-01,0,5,18,24,1,48
TIPUANI,"anticoncepcion, prevencion de its y de cancer de cuello uterino",numero de personas que recibieron orientacion en anticoncepcion,2016-08-01,0,4,41,7,2,54
TIQUIPAYA,"anticoncepcion, prevencion de its y de cancer de cuello uterino",numero de personas que recibieron orientacion en anticoncepcion,2016-08-01,1,76,214,79,3,373
TIRAQUE (CBBA),"anticoncepcion, prevencion de its y de cancer de cuello uterino",numero de personas que recibieron orientacion en anticoncepcion,2016-08-01,0,7,29,6,0,42
TITO YUPANQUI (PARQUIPUJIO),"anticoncepcion, prevencion de its y de cancer de cuello uterino",numero de personas que recibieron orientacion en anticoncepcion,2016-08-01,1,0,2,1,0,4
TOCO,"anticoncepcion, prevencion de its y de cancer de cuello uterino",numero de personas que recibieron orientacion en anticoncepcion,2016-08-01,0,1,14,7,1,23
TODOS SANTOS,"anticoncepcion, prevencion de its y de cancer de cuello uterino",numero de personas que recibieron orientacion en anticoncepcion,2016-08-01,0,0,1,0,0,1
TOLATA,"anticoncepcion, prevencion de its y de cancer de cuello uterino",numero de personas que recibieron orientacion en anticoncepcion,2016-08-01,0,9,38,9,4,60
TOLEDO,"anticoncepcion, prevencion de its y de cancer de cuello uterino",numero de personas que recibieron orientacion en anticoncepcion,2016-08-01,0,1,16,4,0,21
TOMAVE,"anticoncepcion, prevencion de its y de cancer de cuello uterino",numero de personas que recibieron orientacion en anticoncepcion,2016-08-01,0,8,6,2,0,16
TOMINA,"anticoncepcion, prevencion de its y de cancer de cuello uterino",numero de personas que recibieron orientacion en anticoncepcion,2016-08-01,196,181,21,11,0,409
TORO TORO,"anticoncepcion, prevencion de its y de cancer de cuello uterino",numero de personas que recibieron orientacion en anticoncepcion,2016-08-01,0,6,59,30,0,95
TOTORA(CBBA),"anticoncepcion, prevencion de its y de cancer de cuello uterino",numero de personas que recibieron orientacion en anticoncepcion,2016-08-01,0,19,43,18,0,80
TOTORA(ORR),"anticoncepcion, prevencion de its y de cancer de cuello uterino",numero de personas que recibieron orientacion en anticoncepcion,2016-08-01,1,2,9,2,0,14
TRINIDAD,"anticoncepcion, prevencion de its y de cancer de cuello uterino",numero de personas que recibieron orientacion en anticoncepcion,2016-08-01,7,194,422,56,0,679
TUPIZA,"anticoncepcion, prevencion de its y de cancer de cuello uterino",numero de personas que recibieron orientacion en anticoncepcion,2016-08-01,0,28,143,57,17,245
TURCO,"anticoncepcion, prevencion de its y de cancer de cuello uterino",numero de personas que recibieron orientacion en anticoncepcion,2016-08-01,0,0,7,1,0,8
UMALA,"anticoncepcion, prevencion de its y de cancer de cuello uterino",numero de personas que recibieron orientacion en anticoncepcion,2016-08-01,0,4,14,9,0,27
UNCIA,"anticoncepcion, prevencion de its y de cancer de cuello uterino",numero de personas que recibieron orientacion en anticoncepcion,2016-08-01,0,3,26,7,0,36
URIONDO (A. CONCEPCION),"anticoncepcion, prevencion de its y de cancer de cuello uterino",numero de personas que recibieron orientacion en anticoncepcion,2016-08-01,0,19,85,47,0,151
URUBICHA,"anticoncepcion, prevencion de its y de cancer de cuello uterino",numero de personas que recibieron orientacion en anticoncepcion,2016-08-01,0,8,31,5,0,44
UYUNI,"anticoncepcion, prevencion de its y de cancer de cuello uterino",numero de personas que recibieron orientacion en anticoncepcion,2016-08-01,0,13,103,17,0,133
VACAS,"anticoncepcion, prevencion de its y de cancer de cuello uterino",numero de personas que recibieron orientacion en anticoncepcion,2016-08-01,0,10,21,26,0,57
VALLEGRANDE,"anticoncepcion, prevencion de its y de cancer de cuello uterino",numero de personas que recibieron orientacion en anticoncepcion,2016-08-01,0,12,51,25,7,95
VIACHA,"anticoncepcion, prevencion de its y de cancer de cuello uterino",numero de personas que recibieron orientacion en anticoncepcion,2016-08-01,0,43,348,98,14,503
VILA VILA,"anticoncepcion, prevencion de its y de cancer de cuello uterino",numero de personas que recibieron orientacion en anticoncepcion,2016-08-01,0,1,8,5,0,14
VILLA CHARCAS,"anticoncepcion, prevencion de its y de cancer de cuello uterino",numero de personas que recibieron orientacion en anticoncepcion,2016-08-01,174,159,18,5,0,356
VILLA MONTES,"anticoncepcion, prevencion de its y de cancer de cuello uterino",numero de personas que recibieron orientacion en anticoncepcion,2016-08-01,0,15,76,37,0,128
VILLA NUEVA (LOMA ALTA),"anticoncepcion, prevencion de its y de cancer de cuello uterino",numero de personas que recibieron orientacion en anticoncepcion,2016-08-01,0,1,3,0,0,4
VILLA RIVERO,"anticoncepcion, prevencion de its y de cancer de cuello uterino",numero de personas que recibieron orientacion en anticoncepcion,2016-08-01,0,8,29,12,0,49
VILLA SERRANO,"anticoncepcion, prevencion de its y de cancer de cuello uterino",numero de personas que recibieron orientacion en anticoncepcion,2016-08-01,72,133,47,39,7,298
VILLA TUNARI,"anticoncepcion, prevencion de its y de cancer de cuello uterino",numero de personas que recibieron orientacion en anticoncepcion,2016-08-01,5,51,242,95,1,394
VILLA VACA GUZMAN (MUYUPAMPA),"anticoncepcion, prevencion de its y de cancer de cuello uterino",numero de personas que recibieron orientacion en anticoncepcion,2016-08-01,2,22,15,9,0,48
VILLAZON,"anticoncepcion, prevencion de its y de cancer de cuello uterino",numero de personas que recibieron orientacion en anticoncepcion,2016-08-01,0,22,82,24,5,133
VINTO,"anticoncepcion, prevencion de its y de cancer de cuello uterino",numero de personas que recibieron orientacion en anticoncepcion,2016-08-01,11,63,152,45,4,275
VITICHI,"anticoncepcion, prevencion de its y de cancer de cuello uterino",numero de personas que recibieron orientacion en anticoncepcion,2016-08-01,0,7,24,12,1,44
WALDO BALLIVIAN,"anticoncepcion, prevencion de its y de cancer de cuello uterino",numero de personas que recibieron orientacion en anticoncepcion,2016-08-01,0,0,6,2,0,8
WARNES,"anticoncepcion, prevencion de its y de cancer de cuello uterino",numero de personas que recibieron orientacion en anticoncepcion,2016-08-01,3,57,230,100,9,399
YACO,"anticoncepcion, prevencion de its y de cancer de cuello uterino",numero de personas que recibieron orientacion en anticoncepcion,2016-08-01,0,1,3,1,1,6
YACUIBA,"anticoncepcion, prevencion de its y de cancer de cuello uterino",numero de personas que recibieron orientacion en anticoncepcion,2016-08-01,4,97,547,296,43,987
YAMPARAEZ,"anticoncepcion, prevencion de its y de cancer de cuello uterino",numero de personas que recibieron orientacion en anticoncepcion,2016-08-01,186,151,63,63,45,508
YANACACHI,"anticoncepcion, prevencion de its y de cancer de cuello uterino",numero de personas que recibieron orientacion en anticoncepcion,2016-08-01,0,3,8,2,0,13
YAPACANI,"anticoncepcion, prevencion de its y de cancer de cuello uterino",numero de personas que recibieron orientacion en anticoncepcion,2016-08-01,0,12,23,13,0,48
YOCALLA,"anticoncepcion, prevencion de its y de cancer de cuello uterino",numero de personas que recibieron orientacion en anticoncepcion,2016-08-01,1,1,2,1,0,5
YOTALA,"anticoncepcion, prevencion de its y de cancer de cuello uterino",numero de personas que recibieron orientacion en anticoncepcion,2016-08-01,74,281,40,52,12,459
YUNCHARA,"anticoncepcion, prevencion de its y de cancer de cuello uterino",numero de personas que recibieron orientacion en anticoncepcion,2016-08-01,0,5,35,18,4,62
ZUDAÑEZ,"anticoncepcion, prevencion de its y de cancer de cuello uterino",numero de personas que recibieron orientacion en anticoncepcion,2016-08-01,191,181,11,2,0,385
ACACIO,"anticoncepcion, prevencion de its y de cancer de cuello uterino",numero de personas que recibieron orientacion en anticoncepcion,2016-09-01,0,1,4,3,3,11
ACHACACHI,"anticoncepcion, prevencion de its y de cancer de cuello uterino",numero de personas que recibieron orientacion en anticoncepcion,2016-09-01,0,7,30,14,3,54
ACHOCALLA,"anticoncepcion, prevencion de its y de cancer de cuello uterino",numero de personas que recibieron orientacion en anticoncepcion,2016-09-01,0,4,26,10,3,43
AIQUILE,"anticoncepcion, prevencion de its y de cancer de cuello uterino",numero de personas que recibieron orientacion en anticoncepcion,2016-09-01,0,13,59,36,1,109
ALALAY,"anticoncepcion, prevencion de its y de cancer de cuello uterino",numero de personas que recibieron orientacion en anticoncepcion,2016-09-01,0,3,8,7,0,18
ALCALA,"anticoncepcion, prevencion de its y de cancer de cuello uterino",numero de personas que recibieron orientacion en anticoncepcion,2016-09-01,31,64,14,17,6,132
ALTO BENI,"anticoncepcion, prevencion de its y de cancer de cuello uterino",numero de personas que recibieron orientacion en anticoncepcion,2016-09-01,0,3,9,1,0,13
ANCORAIMES,"anticoncepcion, prevencion de its y de cancer de cuello uterino",numero de personas que recibieron orientacion en anticoncepcion,2016-09-01,0,4,15,7,0,26
ANDAMARCA,"anticoncepcion, prevencion de its y de cancer de cuello uterino",numero de personas que recibieron orientacion en anticoncepcion,2016-09-01,0,9,29,28,21,87
ANTEQUERA,"anticoncepcion, prevencion de its y de cancer de cuello uterino",numero de personas que recibieron orientacion en anticoncepcion,2016-09-01,0,1,7,0,0,8
ANZALDO,"anticoncepcion, prevencion de its y de cancer de cuello uterino",numero de personas que recibieron orientacion en anticoncepcion,2016-09-01,0,2,5,3,0,10
APOLO,"anticoncepcion, prevencion de its y de cancer de cuello uterino",numero de personas que recibieron orientacion en anticoncepcion,2016-09-01,0,11,49,29,3,92
ARAMPAMPA,"anticoncepcion, prevencion de its y de cancer de cuello uterino",numero de personas que recibieron orientacion en anticoncepcion,2016-09-01,6,4,15,15,0,40
ARANI,"anticoncepcion, prevencion de its y de cancer de cuello uterino",numero de personas que recibieron orientacion en anticoncepcion,2016-09-01,0,1,13,12,3,29
ARBIETO,"anticoncepcion, prevencion de its y de cancer de cuello uterino",numero de personas que recibieron orientacion en anticoncepcion,2016-09-01,0,22,71,29,2,124
ARQUE,"anticoncepcion, prevencion de its y de cancer de cuello uterino",numero de personas que recibieron orientacion en anticoncepcion,2016-09-01,0,8,23,22,0,53
ASCENCION DE GUARAYOS,"anticoncepcion, prevencion de its y de cancer de cuello uterino",numero de personas que recibieron orientacion en anticoncepcion,2016-09-01,3,41,115,35,12,206
ATOCHA,"anticoncepcion, prevencion de its y de cancer de cuello uterino",numero de personas que recibieron orientacion en anticoncepcion,2016-09-01,0,7,44,17,1,69
AUCAPATA,"anticoncepcion, prevencion de its y de cancer de cuello uterino",numero de personas que recibieron orientacion en anticoncepcion,2016-09-01,0,5,11,10,0,26
AYATA,"anticoncepcion, prevencion de its y de cancer de cuello uterino",numero de personas que recibieron orientacion en anticoncepcion,2016-09-01,0,0,7,9,1,17
AYO AYO,"anticoncepcion, prevencion de its y de cancer de cuello uterino",numero de personas que recibieron orientacion en anticoncepcion,2016-09-01,0,3,2,3,0,8
AYOPAYA (V. DE INDEPENDENCIA),"anticoncepcion, prevencion de its y de cancer de cuello uterino",numero de personas que recibieron orientacion en anticoncepcion,2016-09-01,1,23,64,19,0,107
AZURDUY,"anticoncepcion, prevencion de its y de cancer de cuello uterino",numero de personas que recibieron orientacion en anticoncepcion,2016-09-01,121,155,124,90,24,514
BATALLAS,"anticoncepcion, prevencion de its y de cancer de cuello uterino",numero de personas que recibieron orientacion en anticoncepcion,2016-09-01,0,11,47,23,0,81
BAURES,"anticoncepcion, prevencion de its y de cancer de cuello uterino",numero de personas que recibieron orientacion en anticoncepcion,2016-09-01,0,22,32,6,0,60
BELEN DE ANDAMARCA,"anticoncepcion, prevencion de its y de cancer de cuello uterino",numero de personas que recibieron orientacion en anticoncepcion,2016-09-01,0,0,4,2,0,6
BELLA FLOR,"anticoncepcion, prevencion de its y de cancer de cuello uterino",numero de personas que recibieron orientacion en anticoncepcion,2016-09-01,0,5,11,6,0,22
BERMEJO,"anticoncepcion, prevencion de its y de cancer de cuello uterino",numero de personas que recibieron orientacion en anticoncepcion,2016-09-01,0,29,228,95,22,374
BETANZOS,"anticoncepcion, prevencion de its y de cancer de cuello uterino",numero de personas que recibieron orientacion en anticoncepcion,2016-09-01,0,15,95,66,16,192
BOLIVAR,"anticoncepcion, prevencion de its y de cancer de cuello uterino",numero de personas que recibieron orientacion en anticoncepcion,2016-09-01,0,1,9,2,0,12
BOLPEBRA,"anticoncepcion, prevencion de its y de cancer de cuello uterino",numero de personas que recibieron orientacion en anticoncepcion,2016-09-01,0,5,8,2,0,15
BOYUIBE,"anticoncepcion, prevencion de its y de cancer de cuello uterino",numero de personas que recibieron orientacion en anticoncepcion,2016-09-01,0,0,5,2,0,7
BUENA VISTA,"anticoncepcion, prevencion de its y de cancer de cuello uterino",numero de personas que recibieron orientacion en anticoncepcion,2016-09-01,0,14,64,7,1,86
CABEZAS,"anticoncepcion, prevencion de its y de cancer de cuello uterino",numero de personas que recibieron orientacion en anticoncepcion,2016-09-01,2,8,25,4,0,39
CAIROMA,"anticoncepcion, prevencion de its y de cancer de cuello uterino",numero de personas que recibieron orientacion en anticoncepcion,2016-09-01,0,0,12,4,0,16
"CAIZA ""D""","anticoncepcion, prevencion de its y de cancer de cuello uterino",numero de personas que recibieron orientacion en anticoncepcion,2016-09-01,0,7,28,25,8,68
CAJUATA,"anticoncepcion, prevencion de its y de cancer de cuello uterino",numero de personas que recibieron orientacion en anticoncepcion,2016-09-01,1,5,15,3,0,24
CALACOTO,"anticoncepcion, prevencion de its y de cancer de cuello uterino",numero de personas que recibieron orientacion en anticoncepcion,2016-09-01,0,1,1,0,0,2
CALAMARCA,"anticoncepcion, prevencion de its y de cancer de cuello uterino",numero de personas que recibieron orientacion en anticoncepcion,2016-09-01,0,1,14,3,0,18
CAMARGO,"anticoncepcion, prevencion de its y de cancer de cuello uterino",numero de personas que recibieron orientacion en anticoncepcion,2016-09-01,169,340,41,20,0,570
CAMATAQUI (C. VILLA ABECIA),"anticoncepcion, prevencion de its y de cancer de cuello uterino",numero de personas que recibieron orientacion en anticoncepcion,2016-09-01,15,47,10,5,1,78
CAMIRI,"anticoncepcion, prevencion de its y de cancer de cuello uterino",numero de personas que recibieron orientacion en anticoncepcion,2016-09-01,1,13,48,12,0,74
CAPINOTA,"anticoncepcion, prevencion de its y de cancer de cuello uterino",numero de personas que recibieron orientacion en anticoncepcion,2016-09-01,0,4,13,6,0,23
CAQUIAVIRI,"anticoncepcion, prevencion de its y de cancer de cuello uterino",numero de personas que recibieron orientacion en anticoncepcion,2016-09-01,0,0,3,1,0,4
CARACOLLO,"anticoncepcion, prevencion de its y de cancer de cuello uterino",numero de personas que recibieron orientacion en anticoncepcion,2016-09-01,0,5,25,10,0,40
CARANAVI,"anticoncepcion, prevencion de its y de cancer de cuello uterino",numero de personas que recibieron orientacion en anticoncepcion,2016-09-01,3,63,412,139,30,647
CARAPARI,"anticoncepcion, prevencion de its y de cancer de cuello uterino",numero de personas que recibieron orientacion en anticoncepcion,2016-09-01,0,5,24,5,1,35
CARIPUYO,"anticoncepcion, prevencion de its y de cancer de cuello uterino",numero de personas que recibieron orientacion en anticoncepcion,2016-09-01,0,3,16,3,0,22
CARMEN RIVERO TORREZ,"anticoncepcion, prevencion de its y de cancer de cuello uterino",numero de personas que recibieron orientacion en anticoncepcion,2016-09-01,0,3,15,3,0,21
CATACORA,"anticoncepcion, prevencion de its y de cancer de cuello uterino",numero de personas que recibieron orientacion en anticoncepcion,2016-09-01,0,0,1,4,1,6
CHACARILLA,"anticoncepcion, prevencion de its y de cancer de cuello uterino",numero de personas que recibieron orientacion en anticoncepcion,2016-09-01,0,0,3,0,1,4
CHALLAPATA,"anticoncepcion, prevencion de its y de cancer de cuello uterino",numero de personas que recibieron orientacion en anticoncepcion,2016-09-01,0,13,141,49,3,206
CHAQUI,"anticoncepcion, prevencion de its y de cancer de cuello uterino",numero de personas que recibieron orientacion en anticoncepcion,2016-09-01,0,26,43,26,1,96
CHARAGUA,"anticoncepcion, prevencion de its y de cancer de cuello uterino",numero de personas que recibieron orientacion en anticoncepcion,2016-09-01,0,2,17,6,0,25
CHARAÑA,"anticoncepcion, prevencion de its y de cancer de cuello uterino",numero de personas que recibieron orientacion en anticoncepcion,2016-09-01,0,0,1,0,0,1
CHAYANTA,"anticoncepcion, prevencion de its y de cancer de cuello uterino",numero de personas que recibieron orientacion en anticoncepcion,2016-09-01,6,12,17,7,0,42
CHIMORE,"anticoncepcion, prevencion de its y de cancer de cuello uterino",numero de personas que recibieron orientacion en anticoncepcion,2016-09-01,0,12,58,19,1,90
CHIPAYA,"anticoncepcion, prevencion de its y de cancer de cuello uterino",numero de personas que recibieron orientacion en anticoncepcion,2016-09-01,0,0,3,0,0,3
CHOQUE COTA,"anticoncepcion, prevencion de its y de cancer de cuello uterino",numero de personas que recibieron orientacion en anticoncepcion,2016-09-01,1,1,3,1,0,6
CHUA COCANI,"anticoncepcion, prevencion de its y de cancer de cuello uterino",numero de personas que recibieron orientacion en anticoncepcion,2016-09-01,0,2,4,0,0,6
CHULUMANI (V. DE LA LIBERTAD),"anticoncepcion, prevencion de its y de cancer de cuello uterino",numero de personas que recibieron orientacion en anticoncepcion,2016-09-01,0,11,48,7,0,66
CHUMA,"anticoncepcion, prevencion de its y de cancer de cuello uterino",numero de personas que recibieron orientacion en anticoncepcion,2016-09-01,0,1,13,9,3,26
CHUQUIHUTA AYLLU JUCUMANI,"anticoncepcion, prevencion de its y de cancer de cuello uterino",numero de personas que recibieron orientacion en anticoncepcion,2016-09-01,0,3,11,6,0,20
CKOCHAS,"anticoncepcion, prevencion de its y de cancer de cuello uterino",numero de personas que recibieron orientacion en anticoncepcion,2016-09-01,0,11,16,11,0,38
CLIZA,"anticoncepcion, prevencion de its y de cancer de cuello uterino",numero de personas que recibieron orientacion en anticoncepcion,2016-09-01,0,36,144,27,1,208
COBIJA,"anticoncepcion, prevencion de its y de cancer de cuello uterino",numero de personas que recibieron orientacion en anticoncepcion,2016-09-01,7,63,136,56,8,270
COCAPATA,"anticoncepcion, prevencion de its y de cancer de cuello uterino",numero de personas que recibieron orientacion en anticoncepcion,2016-09-01,1,23,62,39,0,125
COCHABAMBA,"anticoncepcion, prevencion de its y de cancer de cuello uterino",numero de personas que recibieron orientacion en anticoncepcion,2016-09-01,45,789,1917,955,68,3774
COIPASA,"anticoncepcion, prevencion de its y de cancer de cuello uterino",numero de personas que recibieron orientacion en anticoncepcion,2016-09-01,0,4,2,3,0,9
COLCAPIRHUA,"anticoncepcion, prevencion de its y de cancer de cuello uterino",numero de personas que recibieron orientacion en anticoncepcion,2016-09-01,3,145,512,96,23,779
"COLCHA ""K""","anticoncepcion, prevencion de its y de cancer de cuello uterino",numero de personas que recibieron orientacion en anticoncepcion,2016-09-01,0,4,38,12,1,55
COLLANA,"anticoncepcion, prevencion de its y de cancer de cuello uterino",numero de personas que recibieron orientacion en anticoncepcion,2016-09-01,0,0,8,3,0,11
COLOMI,"anticoncepcion, prevencion de its y de cancer de cuello uterino",numero de personas que recibieron orientacion en anticoncepcion,2016-09-01,2,10,51,16,0,79
COLPA BELGICA,"anticoncepcion, prevencion de its y de cancer de cuello uterino",numero de personas que recibieron orientacion en anticoncepcion,2016-09-01,0,6,10,1,0,17
COLQUECHACA,"anticoncepcion, prevencion de its y de cancer de cuello uterino",numero de personas que recibieron orientacion en anticoncepcion,2016-09-01,1,3,20,11,0,35
COLQUENCHA,"anticoncepcion, prevencion de its y de cancer de cuello uterino",numero de personas que recibieron orientacion en anticoncepcion,2016-09-01,0,0,7,2,0,9
COLQUIRI,"anticoncepcion, prevencion de its y de cancer de cuello uterino",numero de personas que recibieron orientacion en anticoncepcion,2016-09-01,0,10,59,17,0,86
COMANCHE,"anticoncepcion, prevencion de its y de cancer de cuello uterino",numero de personas que recibieron orientacion en anticoncepcion,2016-09-01,0,2,0,1,0,3
COMARAPA,"anticoncepcion, prevencion de its y de cancer de cuello uterino",numero de personas que recibieron orientacion en anticoncepcion,2016-09-01,0,8,43,17,2,70
COMBAYA,"anticoncepcion, prevencion de its y de cancer de cuello uterino",numero de personas que recibieron orientacion en anticoncepcion,2016-09-01,0,0,3,2,0,5
CONCEPCION,"anticoncepcion, prevencion de its y de cancer de cuello uterino",numero de personas que recibieron orientacion en anticoncepcion,2016-09-01,0,2,14,6,0,22
COPACABANA,"anticoncepcion, prevencion de its y de cancer de cuello uterino",numero de personas que recibieron orientacion en anticoncepcion,2016-09-01,0,4,20,9,0,33
CORIPATA,"anticoncepcion, prevencion de its y de cancer de cuello uterino",numero de personas que recibieron orientacion en anticoncepcion,2016-09-01,0,10,26,7,0,43
CORO CORO,"anticoncepcion, prevencion de its y de cancer de cuello uterino",numero de personas que recibieron orientacion en anticoncepcion,2016-09-01,0,2,6,4,0,12
COROICO,"anticoncepcion, prevencion de its y de cancer de cuello uterino",numero de personas que recibieron orientacion en anticoncepcion,2016-09-01,0,4,5,1,0,10
CORQUE,"anticoncepcion, prevencion de its y de cancer de cuello uterino",numero de personas que recibieron orientacion en anticoncepcion,2016-09-01,0,8,15,10,0,33
COTAGAITA,"anticoncepcion, prevencion de its y de cancer de cuello uterino",numero de personas que recibieron orientacion en anticoncepcion,2016-09-01,1,19,89,55,12,176
COTOCA,"anticoncepcion, prevencion de its y de cancer de cuello uterino",numero de personas que recibieron orientacion en anticoncepcion,2016-09-01,5,37,104,27,1,174
CRUZ DE MACHACAMARCA,"anticoncepcion, prevencion de its y de cancer de cuello uterino",numero de personas que recibieron orientacion en anticoncepcion,2016-09-01,0,0,0,2,0,2
CUATRO CAÑADAS,"anticoncepcion, prevencion de its y de cancer de cuello uterino",numero de personas que recibieron orientacion en anticoncepcion,2016-09-01,0,9,30,14,1,54
CUCHUMUELA (V. G. VILLARROEL),"anticoncepcion, prevencion de its y de cancer de cuello uterino",numero de personas que recibieron orientacion en anticoncepcion,2016-09-01,0,0,13,1,0,14
CUEVO,"anticoncepcion, prevencion de its y de cancer de cuello uterino",numero de personas que recibieron orientacion en anticoncepcion,2016-09-01,0,1,3,0,0,4
CULPINA,"anticoncepcion, prevencion de its y de cancer de cuello uterino",numero de personas que recibieron orientacion en anticoncepcion,2016-09-01,140,294,82,45,6,567
CURAHUARA DE CARANGAS,"anticoncepcion, prevencion de its y de cancer de cuello uterino",numero de personas que recibieron orientacion en anticoncepcion,2016-09-01,0,2,3,3,1,9
DESAGUADERO,"anticoncepcion, prevencion de its y de cancer de cuello uterino",numero de personas que recibieron orientacion en anticoncepcion,2016-09-01,0,1,12,2,0,15
EL ALTO,"anticoncepcion, prevencion de its y de cancer de cuello uterino",numero de personas que recibieron orientacion en anticoncepcion,2016-09-01,6,314,1542,1268,67,3197
EL CHORO,"anticoncepcion, prevencion de its y de cancer de cuello uterino",numero de personas que recibieron orientacion en anticoncepcion,2016-09-01,0,1,12,3,0,16
EL PUENTE(STC),"anticoncepcion, prevencion de its y de cancer de cuello uterino",numero de personas que recibieron orientacion en anticoncepcion,2016-09-01,1,6,19,7,4,37
EL PUENTE(TJA),"anticoncepcion, prevencion de its y de cancer de cuello uterino",numero de personas que recibieron orientacion en anticoncepcion,2016-09-01,0,6,27,12,0,45
EL TORNO,"anticoncepcion, prevencion de its y de cancer de cuello uterino",numero de personas que recibieron orientacion en anticoncepcion,2016-09-01,21,45,139,75,13,293
EL VILLAR,"anticoncepcion, prevencion de its y de cancer de cuello uterino",numero de personas que recibieron orientacion en anticoncepcion,2016-09-01,72,26,2,1,0,101
ENTRE RIOS TRJ,"anticoncepcion, prevencion de its y de cancer de cuello uterino",numero de personas que recibieron orientacion en anticoncepcion,2016-09-01,1,25,56,19,2,103
ENTRE RIOS CBBA,"anticoncepcion, prevencion de its y de cancer de cuello uterino",numero de personas que recibieron orientacion en anticoncepcion,2016-09-01,0,14,41,10,0,65
ESCOMA,"anticoncepcion, prevencion de its y de cancer de cuello uterino",numero de personas que recibieron orientacion en anticoncepcion,2016-09-01,0,0,5,1,0,6
EUCALIPTUS,"anticoncepcion, prevencion de its y de cancer de cuello uterino",numero de personas que recibieron orientacion en anticoncepcion,2016-09-01,0,1,4,4,0,9
EUREKA (SANTOS MERCADO),"anticoncepcion, prevencion de its y de cancer de cuello uterino",numero de personas que recibieron orientacion en anticoncepcion,2016-09-01,1,0,0,0,0,1
EXALTACION,"anticoncepcion, prevencion de its y de cancer de cuello uterino",numero de personas que recibieron orientacion en anticoncepcion,2016-09-01,0,1,0,0,0,1
FERNANDEZ ALONSO,"anticoncepcion, prevencion de its y de cancer de cuello uterino",numero de personas que recibieron orientacion en anticoncepcion,2016-09-01,0,11,31,10,1,53
FILADELFIA,"anticoncepcion, prevencion de its y de cancer de cuello uterino",numero de personas que recibieron orientacion en anticoncepcion,2016-09-01,0,5,12,5,0,22
GENERAL SAAVEDRA,"anticoncepcion, prevencion de its y de cancer de cuello uterino",numero de personas que recibieron orientacion en anticoncepcion,2016-09-01,0,11,60,24,0,95
GRAL. J.J. PEREZ (CHARAZANI),"anticoncepcion, prevencion de its y de cancer de cuello uterino",numero de personas que recibieron orientacion en anticoncepcion,2016-09-01,0,0,28,12,2,42
GUANAY,"anticoncepcion, prevencion de its y de cancer de cuello uterino",numero de personas que recibieron orientacion en anticoncepcion,2016-09-01,0,5,45,16,0,66
GUAQUI,"anticoncepcion, prevencion de its y de cancer de cuello uterino",numero de personas que recibieron orientacion en anticoncepcion,2016-09-01,0,0,8,2,1,11
GUAYARAMERIN,"anticoncepcion, prevencion de its y de cancer de cuello uterino",numero de personas que recibieron orientacion en anticoncepcion,2016-09-01,9,174,431,52,3,669
GUTIERREZ,"anticoncepcion, prevencion de its y de cancer de cuello uterino",numero de personas que recibieron orientacion en anticoncepcion,2016-09-01,0,3,30,8,5,46
HUACARETA,"anticoncepcion, prevencion de its y de cancer de cuello uterino",numero de personas que recibieron orientacion en anticoncepcion,2016-09-01,20,27,36,16,1,100
HUACAYA (VILLA DE HUACAYA),"anticoncepcion, prevencion de its y de cancer de cuello uterino",numero de personas que recibieron orientacion en anticoncepcion,2016-09-01,11,37,12,3,0,63
HUACHACALLA,"anticoncepcion, prevencion de its y de cancer de cuello uterino",numero de personas que recibieron orientacion en anticoncepcion,2016-09-01,0,2,3,0,0,5
HUANUNI,"anticoncepcion, prevencion de its y de cancer de cuello uterino",numero de personas que recibieron orientacion en anticoncepcion,2016-09-01,0,3,19,2,0,24
HUARACAJE,"anticoncepcion, prevencion de its y de cancer de cuello uterino",numero de personas que recibieron orientacion en anticoncepcion,2016-09-01,0,7,29,14,0,50
HUAYLLAMARCA,"anticoncepcion, prevencion de its y de cancer de cuello uterino",numero de personas que recibieron orientacion en anticoncepcion,2016-09-01,0,0,5,2,0,7
HUMANATA,"anticoncepcion, prevencion de its y de cancer de cuello uterino",numero de personas que recibieron orientacion en anticoncepcion,2016-09-01,1,2,6,4,0,13
ICHOCA,"anticoncepcion, prevencion de its y de cancer de cuello uterino",numero de personas que recibieron orientacion en anticoncepcion,2016-09-01,0,1,6,1,0,8
ICLA,"anticoncepcion, prevencion de its y de cancer de cuello uterino",numero de personas que recibieron orientacion en anticoncepcion,2016-09-01,148,137,8,9,1,303
INCAHUASI,"anticoncepcion, prevencion de its y de cancer de cuello uterino",numero de personas que recibieron orientacion en anticoncepcion,2016-09-01,238,233,27,25,4,527
INQUISIVI,"anticoncepcion, prevencion de its y de cancer de cuello uterino",numero de personas que recibieron orientacion en anticoncepcion,2016-09-01,0,10,9,5,0,24
IRUPANA (VILLA DE LANZA),"anticoncepcion, prevencion de its y de cancer de cuello uterino",numero de personas que recibieron orientacion en anticoncepcion,2016-09-01,1,5,37,12,1,56
IXIAMAS,"anticoncepcion, prevencion de its y de cancer de cuello uterino",numero de personas que recibieron orientacion en anticoncepcion,2016-09-01,0,2,23,1,1,27
JESUS DE MACHACA,"anticoncepcion, prevencion de its y de cancer de cuello uterino",numero de personas que recibieron orientacion en anticoncepcion,2016-09-01,0,5,14,4,0,23
LA ASUNTA,"anticoncepcion, prevencion de its y de cancer de cuello uterino",numero de personas que recibieron orientacion en anticoncepcion,2016-09-01,2,23,86,16,0,127
LA GUARDIA,"anticoncepcion, prevencion de its y de cancer de cuello uterino",numero de personas que recibieron orientacion en anticoncepcion,2016-09-01,2,58,248,75,19,402
LA PAZ,"anticoncepcion, prevencion de its y de cancer de cuello uterino",numero de personas que recibieron orientacion en anticoncepcion,2016-09-01,21,237,1731,1383,51,3423
LA RIVERA,"anticoncepcion, prevencion de its y de cancer de cuello uterino",numero de personas que recibieron orientacion en anticoncepcion,2016-09-01,0,0,1,0,0,1
LAGUNILLAS,"anticoncepcion, prevencion de its y de cancer de cuello uterino",numero de personas que recibieron orientacion en anticoncepcion,2016-09-01,0,3,33,11,0,47
LAJA,"anticoncepcion, prevencion de its y de cancer de cuello uterino",numero de personas que recibieron orientacion en anticoncepcion,2016-09-01,0,9,20,7,2,38
LAS CARRERAS,"anticoncepcion, prevencion de its y de cancer de cuello uterino",numero de personas que recibieron orientacion en anticoncepcion,2016-09-01,39,32,12,5,1,89
LICOMA PAMPA,"anticoncepcion, prevencion de its y de cancer de cuello uterino",numero de personas que recibieron orientacion en anticoncepcion,2016-09-01,0,0,0,1,0,1
LLALLAGUA,"anticoncepcion, prevencion de its y de cancer de cuello uterino",numero de personas que recibieron orientacion en anticoncepcion,2016-09-01,3,80,210,56,3,352
LLICA,"anticoncepcion, prevencion de its y de cancer de cuello uterino",numero de personas que recibieron orientacion en anticoncepcion,2016-09-01,0,0,5,0,0,5
LORETO,"anticoncepcion, prevencion de its y de cancer de cuello uterino",numero de personas que recibieron orientacion en anticoncepcion,2016-09-01,0,12,21,3,1,37
LURIBAY,"anticoncepcion, prevencion de its y de cancer de cuello uterino",numero de personas que recibieron orientacion en anticoncepcion,2016-09-01,0,1,8,5,1,15
MACHACAMARCA,"anticoncepcion, prevencion de its y de cancer de cuello uterino",numero de personas que recibieron orientacion en anticoncepcion,2016-09-01,0,0,3,1,0,4
MACHARETI,"anticoncepcion, prevencion de its y de cancer de cuello uterino",numero de personas que recibieron orientacion en anticoncepcion,2016-09-01,17,42,26,11,0,96
MAGDALENA,"anticoncepcion, prevencion de its y de cancer de cuello uterino",numero de personas que recibieron orientacion en anticoncepcion,2016-09-01,1,6,28,5,0,40
MAIRANA,"anticoncepcion, prevencion de its y de cancer de cuello uterino",numero de personas que recibieron orientacion en anticoncepcion,2016-09-01,0,12,39,1,0,52
MALLA,"anticoncepcion, prevencion de its y de cancer de cuello uterino",numero de personas que recibieron orientacion en anticoncepcion,2016-09-01,0,1,3,2,0,6
MAPIRI,"anticoncepcion, prevencion de its y de cancer de cuello uterino",numero de personas que recibieron orientacion en anticoncepcion,2016-09-01,0,5,23,3,0,31
MECAPACA,"anticoncepcion, prevencion de its y de cancer de cuello uterino",numero de personas que recibieron orientacion en anticoncepcion,2016-09-01,0,5,25,8,0,38
MINEROS,"anticoncepcion, prevencion de its y de cancer de cuello uterino",numero de personas que recibieron orientacion en anticoncepcion,2016-09-01,1,13,74,21,11,120
MIZQUE,"anticoncepcion, prevencion de its y de cancer de cuello uterino",numero de personas que recibieron orientacion en anticoncepcion,2016-09-01,11,31,102,43,2,189
MOCOMOCO,"anticoncepcion, prevencion de its y de cancer de cuello uterino",numero de personas que recibieron orientacion en anticoncepcion,2016-09-01,0,2,7,8,1,18
MOJINETE,"anticoncepcion, prevencion de its y de cancer de cuello uterino",numero de personas que recibieron orientacion en anticoncepcion,2016-09-01,0,0,1,0,0,1
MOJOCOYA,"anticoncepcion, prevencion de its y de cancer de cuello uterino",numero de personas que recibieron orientacion en anticoncepcion,2016-09-01,115,196,46,30,21,408
MONTEAGUDO,"anticoncepcion, prevencion de its y de cancer de cuello uterino",numero de personas que recibieron orientacion en anticoncepcion,2016-09-01,326,352,161,86,17,942
MONTERO,"anticoncepcion, prevencion de its y de cancer de cuello uterino",numero de personas que recibieron orientacion en anticoncepcion,2016-09-01,11,78,364,128,26,607
MORO MORO,"anticoncepcion, prevencion de its y de cancer de cuello uterino",numero de personas que recibieron orientacion en anticoncepcion,2016-09-01,0,0,0,1,0,1
MOROCHATA,"anticoncepcion, prevencion de its y de cancer de cuello uterino",numero de personas que recibieron orientacion en anticoncepcion,2016-09-01,0,11,17,14,0,42
NACEBE (SANTA ROSA DEL ABUNA),"anticoncepcion, prevencion de its y de cancer de cuello uterino",numero de personas que recibieron orientacion en anticoncepcion,2016-09-01,0,1,12,1,0,14
NUEVO MANOA (NUEVA ESPERANZA),"anticoncepcion, prevencion de its y de cancer de cuello uterino",numero de personas que recibieron orientacion en anticoncepcion,2016-09-01,1,7,26,2,1,37
OCURI,"anticoncepcion, prevencion de its y de cancer de cuello uterino",numero de personas que recibieron orientacion en anticoncepcion,2016-09-01,0,3,33,19,0,55
OKINAWA,"anticoncepcion, prevencion de its y de cancer de cuello uterino",numero de personas que recibieron orientacion en anticoncepcion,2016-09-01,0,3,38,13,1,55
OMEREQUE,"anticoncepcion, prevencion de its y de cancer de cuello uterino",numero de personas que recibieron orientacion en anticoncepcion,2016-09-01,0,5,20,12,0,37
ORURO,"anticoncepcion, prevencion de its y de cancer de cuello uterino",numero de personas que recibieron orientacion en anticoncepcion,2016-09-01,11,185,1185,376,71,1828
PADCAYA,"anticoncepcion, prevencion de its y de cancer de cuello uterino",numero de personas que recibieron orientacion en anticoncepcion,2016-09-01,1,17,66,30,4,118
PADILLA,"anticoncepcion, prevencion de its y de cancer de cuello uterino",numero de personas que recibieron orientacion en anticoncepcion,2016-09-01,210,139,38,29,7,423
PAILON,"anticoncepcion, prevencion de its y de cancer de cuello uterino",numero de personas que recibieron orientacion en anticoncepcion,2016-09-01,1,52,237,12,4,306
PALCA,"anticoncepcion, prevencion de its y de cancer de cuello uterino",numero de personas que recibieron orientacion en anticoncepcion,2016-09-01,0,10,57,9,2,78
PALOS BLANCOS,"anticoncepcion, prevencion de its y de cancer de cuello uterino",numero de personas que recibieron orientacion en anticoncepcion,2016-09-01,1,14,101,36,12,164
PAMPA AULLAGAS,"anticoncepcion, prevencion de its y de cancer de cuello uterino",numero de personas que recibieron orientacion en anticoncepcion,2016-09-01,0,3,6,2,2,13
PAMPA GRANDE,"anticoncepcion, prevencion de its y de cancer de cuello uterino",numero de personas que recibieron orientacion en anticoncepcion,2016-09-01,0,5,5,3,0,13
PAPEL PAMPA,"anticoncepcion, prevencion de its y de cancer de cuello uterino",numero de personas que recibieron orientacion en anticoncepcion,2016-09-01,0,2,6,3,0,11
PASORAPA,"anticoncepcion, prevencion de its y de cancer de cuello uterino",numero de personas que recibieron orientacion en anticoncepcion,2016-09-01,0,1,16,12,2,31
PATACAMAYA,"anticoncepcion, prevencion de its y de cancer de cuello uterino",numero de personas que recibieron orientacion en anticoncepcion,2016-09-01,0,5,18,7,0,30
PAZÑA,"anticoncepcion, prevencion de its y de cancer de cuello uterino",numero de personas que recibieron orientacion en anticoncepcion,2016-09-01,0,2,13,4,0,19
PELECHUCO,"anticoncepcion, prevencion de its y de cancer de cuello uterino",numero de personas que recibieron orientacion en anticoncepcion,2016-09-01,0,11,60,12,2,85
POCOATA,"anticoncepcion, prevencion de its y de cancer de cuello uterino",numero de personas que recibieron orientacion en anticoncepcion,2016-09-01,0,15,62,58,12,147
POCONA,"anticoncepcion, prevencion de its y de cancer de cuello uterino",numero de personas que recibieron orientacion en anticoncepcion,2016-09-01,0,10,50,42,3,105
POJO (CBBA),"anticoncepcion, prevencion de its y de cancer de cuello uterino",numero de personas que recibieron orientacion en anticoncepcion,2016-09-01,0,3,10,1,0,14
POOPO,"anticoncepcion, prevencion de its y de cancer de cuello uterino",numero de personas que recibieron orientacion en anticoncepcion,2016-09-01,0,2,10,4,0,16
PORCO,"anticoncepcion, prevencion de its y de cancer de cuello uterino",numero de personas que recibieron orientacion en anticoncepcion,2016-09-01,0,6,74,10,0,90
POROMA,"anticoncepcion, prevencion de its y de cancer de cuello uterino",numero de personas que recibieron orientacion en anticoncepcion,2016-09-01,193,479,44,20,8,744
PORONGO,"anticoncepcion, prevencion de its y de cancer de cuello uterino",numero de personas que recibieron orientacion en anticoncepcion,2016-09-01,0,10,39,9,2,60
PORTACHUELO,"anticoncepcion, prevencion de its y de cancer de cuello uterino",numero de personas que recibieron orientacion en anticoncepcion,2016-09-01,1,6,11,4,2,24
PORVENIR,"anticoncepcion, prevencion de its y de cancer de cuello uterino",numero de personas que recibieron orientacion en anticoncepcion,2016-09-01,0,2,0,0,0,2
POSTRER VALLE,"anticoncepcion, prevencion de its y de cancer de cuello uterino",numero de personas que recibieron orientacion en anticoncepcion,2016-09-01,0,1,5,0,0,6
POTOSI,"anticoncepcion, prevencion de its y de cancer de cuello uterino",numero de personas que recibieron orientacion en anticoncepcion,2016-09-01,0,60,484,84,7,635
PRESTO,"anticoncepcion, prevencion de its y de cancer de cuello uterino",numero de personas que recibieron orientacion en anticoncepcion,2016-09-01,269,307,83,65,18,742
PUCARANI,"anticoncepcion, prevencion de its y de cancer de cuello uterino",numero de personas que recibieron orientacion en anticoncepcion,2016-09-01,0,10,47,17,1,75
PUERTO ACOSTA,"anticoncepcion, prevencion de its y de cancer de cuello uterino",numero de personas que recibieron orientacion en anticoncepcion,2016-09-01,0,1,17,17,23,58
PUERTO CARABUCO,"anticoncepcion, prevencion de its y de cancer de cuello uterino",numero de personas que recibieron orientacion en anticoncepcion,2016-09-01,0,5,7,6,0,18
PUERTO GONZALO MORENO,"anticoncepcion, prevencion de its y de cancer de cuello uterino",numero de personas que recibieron orientacion en anticoncepcion,2016-09-01,1,9,12,2,0,24
PUERTO PEREZ,"anticoncepcion, prevencion de its y de cancer de cuello uterino",numero de personas que recibieron orientacion en anticoncepcion,2016-09-01,0,0,5,7,0,12
PUERTO QUIJARRO,"anticoncepcion, prevencion de its y de cancer de cuello uterino",numero de personas que recibieron orientacion en anticoncepcion,2016-09-01,0,3,20,5,0,28
PUERTO RICO,"anticoncepcion, prevencion de its y de cancer de cuello uterino",numero de personas que recibieron orientacion en anticoncepcion,2016-09-01,1,5,12,2,0,20
PUERTO SILES,"anticoncepcion, prevencion de its y de cancer de cuello uterino",numero de personas que recibieron orientacion en anticoncepcion,2016-09-01,0,5,5,0,0,10
PUERTO SUAREZ,"anticoncepcion, prevencion de its y de cancer de cuello uterino",numero de personas que recibieron orientacion en anticoncepcion,2016-09-01,1,21,116,51,2,191
PUERTO VILLARROEL,"anticoncepcion, prevencion de its y de cancer de cuello uterino",numero de personas que recibieron orientacion en anticoncepcion,2016-09-01,1,48,172,28,2,251
PUNA,"anticoncepcion, prevencion de its y de cancer de cuello uterino",numero de personas que recibieron orientacion en anticoncepcion,2016-09-01,0,9,26,16,0,51
PUNATA,"anticoncepcion, prevencion de its y de cancer de cuello uterino",numero de personas que recibieron orientacion en anticoncepcion,2016-09-01,0,48,139,35,1,223
QUIABAYA,"anticoncepcion, prevencion de its y de cancer de cuello uterino",numero de personas que recibieron orientacion en anticoncepcion,2016-09-01,0,0,2,2,0,4
QUILLACOLLO,"anticoncepcion, prevencion de its y de cancer de cuello uterino",numero de personas que recibieron orientacion en anticoncepcion,2016-09-01,2,90,372,92,1,557
QUIME,"anticoncepcion, prevencion de its y de cancer de cuello uterino",numero de personas que recibieron orientacion en anticoncepcion,2016-09-01,0,8,19,9,2,38
QUIRUSILLAS,"anticoncepcion, prevencion de its y de cancer de cuello uterino",numero de personas que recibieron orientacion en anticoncepcion,2016-09-01,0,0,10,2,1,13
RAVELO,"anticoncepcion, prevencion de its y de cancer de cuello uterino",numero de personas que recibieron orientacion en anticoncepcion,2016-09-01,1,11,34,40,2,88
REYES,"anticoncepcion, prevencion de its y de cancer de cuello uterino",numero de personas que recibieron orientacion en anticoncepcion,2016-09-01,10,25,83,6,0,124
RIBERALTA,"anticoncepcion, prevencion de its y de cancer de cuello uterino",numero de personas que recibieron orientacion en anticoncepcion,2016-09-01,25,333,686,148,7,1199
ROBORE,"anticoncepcion, prevencion de its y de cancer de cuello uterino",numero de personas que recibieron orientacion en anticoncepcion,2016-09-01,0,3,19,10,1,33
RURRENABAQUE,"anticoncepcion, prevencion de its y de cancer de cuello uterino",numero de personas que recibieron orientacion en anticoncepcion,2016-09-01,3,15,55,19,0,92
SABAYA,"anticoncepcion, prevencion de its y de cancer de cuello uterino",numero de personas que recibieron orientacion en anticoncepcion,2016-09-01,0,5,4,2,0,11
SACABA,"anticoncepcion, prevencion de its y de cancer de cuello uterino",numero de personas que recibieron orientacion en anticoncepcion,2016-09-01,20,312,716,194,26,1268
SACABAMBA,"anticoncepcion, prevencion de its y de cancer de cuello uterino",numero de personas que recibieron orientacion en anticoncepcion,2016-09-01,0,2,4,8,0,14
SACACA,"anticoncepcion, prevencion de its y de cancer de cuello uterino",numero de personas que recibieron orientacion en anticoncepcion,2016-09-01,0,37,87,76,3,203
SAIPINA,"anticoncepcion, prevencion de its y de cancer de cuello uterino",numero de personas que recibieron orientacion en anticoncepcion,2016-09-01,0,5,33,7,0,45
SALINAS DE GARCI MENDOZA,"anticoncepcion, prevencion de its y de cancer de cuello uterino",numero de personas que recibieron orientacion en anticoncepcion,2016-09-01,0,7,26,4,0,37
SAMAIPATA,"anticoncepcion, prevencion de its y de cancer de cuello uterino",numero de personas que recibieron orientacion en anticoncepcion,2016-09-01,0,0,6,1,0,7
SAN AGUSTIN,"anticoncepcion, prevencion de its y de cancer de cuello uterino",numero de personas que recibieron orientacion en anticoncepcion,2016-09-01,0,0,0,1,0,1
SAN ANDRES,"anticoncepcion, prevencion de its y de cancer de cuello uterino",numero de personas que recibieron orientacion en anticoncepcion,2016-09-01,4,13,71,18,0,106
SAN ANDRES DE MACHACA,"anticoncepcion, prevencion de its y de cancer de cuello uterino",numero de personas que recibieron orientacion en anticoncepcion,2016-09-01,0,0,10,0,2,12
SAN ANTONIO DE ESMORUCO,"anticoncepcion, prevencion de its y de cancer de cuello uterino",numero de personas que recibieron orientacion en anticoncepcion,2016-09-01,0,1,8,4,0,13
SAN ANTONIO DE LOMERIO,"anticoncepcion, prevencion de its y de cancer de cuello uterino",numero de personas que recibieron orientacion en anticoncepcion,2016-09-01,0,2,7,2,0,11
SAN BENITO,"anticoncepcion, prevencion de its y de cancer de cuello uterino",numero de personas que recibieron orientacion en anticoncepcion,2016-09-01,0,3,25,7,3,38
SAN BORJA,"anticoncepcion, prevencion de its y de cancer de cuello uterino",numero de personas que recibieron orientacion en anticoncepcion,2016-09-01,9,51,68,17,0,145
SAN BUENA VENTURA,"anticoncepcion, prevencion de its y de cancer de cuello uterino",numero de personas que recibieron orientacion en anticoncepcion,2016-09-01,0,6,19,1,0,26
SAN CARLOS,"anticoncepcion, prevencion de its y de cancer de cuello uterino",numero de personas que recibieron orientacion en anticoncepcion,2016-09-01,1,30,66,26,1,124
SAN IGNACIO,"anticoncepcion, prevencion de its y de cancer de cuello uterino",numero de personas que recibieron orientacion en anticoncepcion,2016-09-01,2,21,158,39,2,222
SAN IGNACIO DE VELASCO,"anticoncepcion, prevencion de its y de cancer de cuello uterino",numero de personas que recibieron orientacion en anticoncepcion,2016-09-01,0,27,176,59,0,262
SAN JAVIER(BNI),"anticoncepcion, prevencion de its y de cancer de cuello uterino",numero de personas que recibieron orientacion en anticoncepcion,2016-09-01,0,1,5,0,0,6
SAN JAVIER(STC),"anticoncepcion, prevencion de its y de cancer de cuello uterino",numero de personas que recibieron orientacion en anticoncepcion,2016-09-01,0,6,19,3,0,28
SAN JOSE DE CHIQUITOS,"anticoncepcion, prevencion de its y de cancer de cuello uterino",numero de personas que recibieron orientacion en anticoncepcion,2016-09-01,1,6,18,8,0,33
SAN JUAN DE YAPACANI,"anticoncepcion, prevencion de its y de cancer de cuello uterino",numero de personas que recibieron orientacion en anticoncepcion,2016-09-01,1,8,19,9,0,37
SAN JULIAN,"anticoncepcion, prevencion de its y de cancer de cuello uterino",numero de personas que recibieron orientacion en anticoncepcion,2016-09-01,2,34,143,57,2,238
SAN LORENZO(PND),"anticoncepcion, prevencion de its y de cancer de cuello uterino",numero de personas que recibieron orientacion en anticoncepcion,2016-09-01,0,2,19,0,0,21
SAN LORENZO(TJA),"anticoncepcion, prevencion de its y de cancer de cuello uterino",numero de personas que recibieron orientacion en anticoncepcion,2016-09-01,0,11,40,16,0,67
SAN LUCAS,"anticoncepcion, prevencion de its y de cancer de cuello uterino",numero de personas que recibieron orientacion en anticoncepcion,2016-09-01,703,798,113,128,21,1763
SAN MATIAS,"anticoncepcion, prevencion de its y de cancer de cuello uterino",numero de personas que recibieron orientacion en anticoncepcion,2016-09-01,4,12,51,5,0,72
SAN MIGUEL DE VELASCO,"anticoncepcion, prevencion de its y de cancer de cuello uterino",numero de personas que recibieron orientacion en anticoncepcion,2016-09-01,1,18,84,37,2,142
SAN PABLO DE LIPEZ,"anticoncepcion, prevencion de its y de cancer de cuello uterino",numero de personas que recibieron orientacion en anticoncepcion,2016-09-01,0,1,5,4,0,10
SAN PEDRO,"anticoncepcion, prevencion de its y de cancer de cuello uterino",numero de personas que recibieron orientacion en anticoncepcion,2016-09-01,0,6,57,22,1,86
SAN PEDRO DE BUENA VISTA,"anticoncepcion, prevencion de its y de cancer de cuello uterino",numero de personas que recibieron orientacion en anticoncepcion,2016-09-01,6,44,182,121,8,361
SAN PEDRO DE CURAHUARA,"anticoncepcion, prevencion de its y de cancer de cuello uterino",numero de personas que recibieron orientacion en anticoncepcion,2016-09-01,0,0,11,6,1,18
SAN PEDRO DE QUEMES,"anticoncepcion, prevencion de its y de cancer de cuello uterino",numero de personas que recibieron orientacion en anticoncepcion,2016-09-01,0,0,1,0,0,1
SAN PEDRO DE TIQUINA,"anticoncepcion, prevencion de its y de cancer de cuello uterino",numero de personas que recibieron orientacion en anticoncepcion,2016-09-01,0,4,31,9,1,45
SAN PEDRO(PND),"anticoncepcion, prevencion de its y de cancer de cuello uterino",numero de personas que recibieron orientacion en anticoncepcion,2016-09-01,0,2,0,1,0,3
SAN RAFAEL,"anticoncepcion, prevencion de its y de cancer de cuello uterino",numero de personas que recibieron orientacion en anticoncepcion,2016-09-01,0,17,74,33,3,127
SAN RAMON BENI,"anticoncepcion, prevencion de its y de cancer de cuello uterino",numero de personas que recibieron orientacion en anticoncepcion,2016-09-01,5,11,47,9,0,72
SAN RAMON SCZ,"anticoncepcion, prevencion de its y de cancer de cuello uterino",numero de personas que recibieron orientacion en anticoncepcion,2016-09-01,0,19,63,21,0,103
SANTA ANA,"anticoncepcion, prevencion de its y de cancer de cuello uterino",numero de personas que recibieron orientacion en anticoncepcion,2016-09-01,0,9,11,1,1,22
SANTA CRUZ DE LA SIERRA,"anticoncepcion, prevencion de its y de cancer de cuello uterino",numero de personas que recibieron orientacion en anticoncepcion,2016-09-01,69,633,1930,544,76,3252
SANTA ROSA,"anticoncepcion, prevencion de its y de cancer de cuello uterino",numero de personas que recibieron orientacion en anticoncepcion,2016-09-01,0,5,19,1,0,25
SANTA ROSA DEL SARA,"anticoncepcion, prevencion de its y de cancer de cuello uterino",numero de personas que recibieron orientacion en anticoncepcion,2016-09-01,0,10,26,8,0,44
SANTIAGO DE CALLAPA,"anticoncepcion, prevencion de its y de cancer de cuello uterino",numero de personas que recibieron orientacion en anticoncepcion,2016-09-01,0,1,2,1,0,4
SANTIAGO DE HUARI,"anticoncepcion, prevencion de its y de cancer de cuello uterino",numero de personas que recibieron orientacion en anticoncepcion,2016-09-01,0,6,33,5,0,44
SANTIAGO DE HUATA,"anticoncepcion, prevencion de its y de cancer de cuello uterino",numero de personas que recibieron orientacion en anticoncepcion,2016-09-01,0,0,3,10,3,16
SANTIAGO DE MACHACA,"anticoncepcion, prevencion de its y de cancer de cuello uterino",numero de personas que recibieron orientacion en anticoncepcion,2016-09-01,0,2,12,5,0,19
SANTIVAÑES,"anticoncepcion, prevencion de its y de cancer de cuello uterino",numero de personas que recibieron orientacion en anticoncepcion,2016-09-01,0,1,1,0,0,2
SANTUARIO DE QUILLACAS,"anticoncepcion, prevencion de its y de cancer de cuello uterino",numero de personas que recibieron orientacion en anticoncepcion,2016-09-01,0,6,27,11,0,44
SAPAHAQUI,"anticoncepcion, prevencion de its y de cancer de cuello uterino",numero de personas que recibieron orientacion en anticoncepcion,2016-09-01,0,4,12,5,0,21
SHINAOTA,"anticoncepcion, prevencion de its y de cancer de cuello uterino",numero de personas que recibieron orientacion en anticoncepcion,2016-09-01,0,7,28,11,0,46
SICA SICA (VILLA AROMA),"anticoncepcion, prevencion de its y de cancer de cuello uterino",numero de personas que recibieron orientacion en anticoncepcion,2016-09-01,0,13,33,20,1,67
SICAYA,"anticoncepcion, prevencion de its y de cancer de cuello uterino",numero de personas que recibieron orientacion en anticoncepcion,2016-09-01,0,4,17,10,0,31
SIPE SIPE,"anticoncepcion, prevencion de its y de cancer de cuello uterino",numero de personas que recibieron orientacion en anticoncepcion,2016-09-01,2,31,168,50,4,255
SOPACHUY,"anticoncepcion, prevencion de its y de cancer de cuello uterino",numero de personas que recibieron orientacion en anticoncepcion,2016-09-01,95,35,82,55,9,276
SORACACHI,"anticoncepcion, prevencion de its y de cancer de cuello uterino",numero de personas que recibieron orientacion en anticoncepcion,2016-09-01,0,3,20,8,1,32
SORATA,"anticoncepcion, prevencion de its y de cancer de cuello uterino",numero de personas que recibieron orientacion en anticoncepcion,2016-09-01,0,6,29,8,0,43
SUCRE,"anticoncepcion, prevencion de its y de cancer de cuello uterino",numero de personas que recibieron orientacion en anticoncepcion,2016-09-01,1165,7602,2675,1064,76,12582
TACACOMA,"anticoncepcion, prevencion de its y de cancer de cuello uterino",numero de personas que recibieron orientacion en anticoncepcion,2016-09-01,0,8,14,7,0,29
TACOBAMBA,"anticoncepcion, prevencion de its y de cancer de cuello uterino",numero de personas que recibieron orientacion en anticoncepcion,2016-09-01,1,3,13,1,0,18
TACOPAYA,"anticoncepcion, prevencion de its y de cancer de cuello uterino",numero de personas que recibieron orientacion en anticoncepcion,2016-09-01,0,3,12,10,0,25
TAHUA,"anticoncepcion, prevencion de its y de cancer de cuello uterino",numero de personas que recibieron orientacion en anticoncepcion,2016-09-01,0,0,2,0,0,2
TAPACARI,"anticoncepcion, prevencion de its y de cancer de cuello uterino",numero de personas que recibieron orientacion en anticoncepcion,2016-09-01,3,9,22,8,0,42
TARABUCO,"anticoncepcion, prevencion de its y de cancer de cuello uterino",numero de personas que recibieron orientacion en anticoncepcion,2016-09-01,451,370,169,100,43,1133
TARACO,"anticoncepcion, prevencion de its y de cancer de cuello uterino",numero de personas que recibieron orientacion en anticoncepcion,2016-09-01,0,0,2,0,0,2
TARATA,"anticoncepcion, prevencion de its y de cancer de cuello uterino",numero de personas que recibieron orientacion en anticoncepcion,2016-09-01,0,3,24,10,1,38
TARIJA,"anticoncepcion, prevencion de its y de cancer de cuello uterino",numero de personas que recibieron orientacion en anticoncepcion,2016-09-01,15,188,624,457,709,1993
TARVITA,"anticoncepcion, prevencion de its y de cancer de cuello uterino",numero de personas que recibieron orientacion en anticoncepcion,2016-09-01,352,448,32,29,13,874
TEOPONTE,"anticoncepcion, prevencion de its y de cancer de cuello uterino",numero de personas que recibieron orientacion en anticoncepcion,2016-09-01,1,10,45,11,1,68
TIAWANACU,"anticoncepcion, prevencion de its y de cancer de cuello uterino",numero de personas que recibieron orientacion en anticoncepcion,2016-09-01,0,3,34,15,0,52
TINGUIPAYA,"anticoncepcion, prevencion de its y de cancer de cuello uterino",numero de personas que recibieron orientacion en anticoncepcion,2016-09-01,0,2,20,12,6,40
TIPUANI,"anticoncepcion, prevencion de its y de cancer de cuello uterino",numero de personas que recibieron orientacion en anticoncepcion,2016-09-01,0,3,29,14,0,46
TIQUIPAYA,"anticoncepcion, prevencion de its y de cancer de cuello uterino",numero de personas que recibieron orientacion en anticoncepcion,2016-09-01,0,49,207,80,2,338
TIRAQUE (CBBA),"anticoncepcion, prevencion de its y de cancer de cuello uterino",numero de personas que recibieron orientacion en anticoncepcion,2016-09-01,0,9,23,12,4,48
TITO YUPANQUI (PARQUIPUJIO),"anticoncepcion, prevencion de its y de cancer de cuello uterino",numero de personas que recibieron orientacion en anticoncepcion,2016-09-01,0,0,0,1,0,1
TOCO,"anticoncepcion, prevencion de its y de cancer de cuello uterino",numero de personas que recibieron orientacion en anticoncepcion,2016-09-01,1,3,12,7,0,23
TODOS SANTOS,"anticoncepcion, prevencion de its y de cancer de cuello uterino",numero de personas que recibieron orientacion en anticoncepcion,2016-09-01,0,0,1,0,0,1
TOLATA,"anticoncepcion, prevencion de its y de cancer de cuello uterino",numero de personas que recibieron orientacion en anticoncepcion,2016-09-01,1,9,57,16,2,85
TOLEDO,"anticoncepcion, prevencion de its y de cancer de cuello uterino",numero de personas que recibieron orientacion en anticoncepcion,2016-09-01,0,1,16,4,0,21
TOMAVE,"anticoncepcion, prevencion de its y de cancer de cuello uterino",numero de personas que recibieron orientacion en anticoncepcion,2016-09-01,0,5,15,4,1,25
TOMINA,"anticoncepcion, prevencion de its y de cancer de cuello uterino",numero de personas que recibieron orientacion en anticoncepcion,2016-09-01,68,155,25,5,0,253
TORO TORO,"anticoncepcion, prevencion de its y de cancer de cuello uterino",numero de personas que recibieron orientacion en anticoncepcion,2016-09-01,0,27,61,38,15,141
TOTORA(CBBA),"anticoncepcion, prevencion de its y de cancer de cuello uterino",numero de personas que recibieron orientacion en anticoncepcion,2016-09-01,0,10,26,9,0,45
TOTORA(ORR),"anticoncepcion, prevencion de its y de cancer de cuello uterino",numero de personas que recibieron orientacion en anticoncepcion,2016-09-01,2,4,17,4,0,27
TRIGAL,"anticoncepcion, prevencion de its y de cancer de cuello uterino",numero de personas que recibieron orientacion en anticoncepcion,2016-09-01,0,0,1,0,0,1
TRINIDAD,"anticoncepcion, prevencion de its y de cancer de cuello uterino",numero de personas que recibieron orientacion en anticoncepcion,2016-09-01,16,226,630,199,64,1135
TUPIZA,"anticoncepcion, prevencion de its y de cancer de cuello uterino",numero de personas que recibieron orientacion en anticoncepcion,2016-09-01,0,40,162,63,11,276
TURCO,"anticoncepcion, prevencion de its y de cancer de cuello uterino",numero de personas que recibieron orientacion en anticoncepcion,2016-09-01,0,0,13,5,0,18
UMALA,"anticoncepcion, prevencion de its y de cancer de cuello uterino",numero de personas que recibieron orientacion en anticoncepcion,2016-09-01,0,1,19,7,0,27
UNCIA,"anticoncepcion, prevencion de its y de cancer de cuello uterino",numero de personas que recibieron orientacion en anticoncepcion,2016-09-01,0,4,27,7,1,39
URIONDO (A. CONCEPCION),"anticoncepcion, prevencion de its y de cancer de cuello uterino",numero de personas que recibieron orientacion en anticoncepcion,2016-09-01,2,17,77,39,1,136
URUBICHA,"anticoncepcion, prevencion de its y de cancer de cuello uterino",numero de personas que recibieron orientacion en anticoncepcion,2016-09-01,0,5,12,3,0,20
UYUNI,"anticoncepcion, prevencion de its y de cancer de cuello uterino",numero de personas que recibieron orientacion en anticoncepcion,2016-09-01,0,31,156,17,0,204
VACAS,"anticoncepcion, prevencion de its y de cancer de cuello uterino",numero de personas que recibieron orientacion en anticoncepcion,2016-09-01,0,11,31,23,0,65
VALLEGRANDE,"anticoncepcion, prevencion de its y de cancer de cuello uterino",numero de personas que recibieron orientacion en anticoncepcion,2016-09-01,0,5,40,19,4,68
VIACHA,"anticoncepcion, prevencion de its y de cancer de cuello uterino",numero de personas que recibieron orientacion en anticoncepcion,2016-09-01,4,12,117,64,31,228
VILA VILA,"anticoncepcion, prevencion de its y de cancer de cuello uterino",numero de personas que recibieron orientacion en anticoncepcion,2016-09-01,0,1,6,2,0,9
VILLA CHARCAS,"anticoncepcion, prevencion de its y de cancer de cuello uterino",numero de personas que recibieron orientacion en anticoncepcion,2016-09-01,206,152,18,7,0,383
VILLA MONTES,"anticoncepcion, prevencion de its y de cancer de cuello uterino",numero de personas que recibieron orientacion en anticoncepcion,2016-09-01,80,155,153,104,1,493
VILLA NUEVA (LOMA ALTA),"anticoncepcion, prevencion de its y de cancer de cuello uterino",numero de personas que recibieron orientacion en anticoncepcion,2016-09-01,0,3,3,0,0,6
VILLA RIVERO,"anticoncepcion, prevencion de its y de cancer de cuello uterino",numero de personas que recibieron orientacion en anticoncepcion,2016-09-01,0,5,39,7,0,51
VILLA SERRANO,"anticoncepcion, prevencion de its y de cancer de cuello uterino",numero de personas que recibieron orientacion en anticoncepcion,2016-09-01,161,126,32,33,7,359
VILLA TUNARI,"anticoncepcion, prevencion de its y de cancer de cuello uterino",numero de personas que recibieron orientacion en anticoncepcion,2016-09-01,0,67,267,103,2,439
VILLA VACA GUZMAN (MUYUPAMPA),"anticoncepcion, prevencion de its y de cancer de cuello uterino",numero de personas que recibieron orientacion en anticoncepcion,2016-09-01,3,9,17,8,0,37
VILLAZON,"anticoncepcion, prevencion de its y de cancer de cuello uterino",numero de personas que recibieron orientacion en anticoncepcion,2016-09-01,0,69,72,19,1,161
VINTO,"anticoncepcion, prevencion de its y de cancer de cuello uterino",numero de personas que recibieron orientacion en anticoncepcion,2016-09-01,0,64,108,32,0,204
VITICHI,"anticoncepcion, prevencion de its y de cancer de cuello uterino",numero de personas que recibieron orientacion en anticoncepcion,2016-09-01,0,9,18,17,5,49
WARNES,"anticoncepcion, prevencion de its y de cancer de cuello uterino",numero de personas que recibieron orientacion en anticoncepcion,2016-09-01,1,44,221,87,6,359
YACO,"anticoncepcion, prevencion de its y de cancer de cuello uterino",numero de personas que recibieron orientacion en anticoncepcion,2016-09-01,0,0,4,0,0,4
YACUIBA,"anticoncepcion, prevencion de its y de cancer de cuello uterino",numero de personas que recibieron orientacion en anticoncepcion,2016-09-01,1,96,511,242,60,910
YAMPARAEZ,"anticoncepcion, prevencion de its y de cancer de cuello uterino",numero de personas que recibieron orientacion en anticoncepcion,2016-09-01,159,209,69,44,28,509
YANACACHI,"anticoncepcion, prevencion de its y de cancer de cuello uterino",numero de personas que recibieron orientacion en anticoncepcion,2016-09-01,0,2,14,2,0,18
YAPACANI,"anticoncepcion, prevencion de its y de cancer de cuello uterino",numero de personas que recibieron orientacion en anticoncepcion,2016-09-01,0,31,104,35,1,171
YOCALLA,"anticoncepcion, prevencion de its y de cancer de cuello uterino",numero de personas que recibieron orientacion en anticoncepcion,2016-09-01,0,2,5,1,0,8
YOTALA,"anticoncepcion, prevencion de its y de cancer de cuello uterino",numero de personas que recibieron orientacion en anticoncepcion,2016-09-01,63,123,38,24,19,267
YUNCHARA,"anticoncepcion, prevencion de its y de cancer de cuello uterino",numero de personas que recibieron orientacion en anticoncepcion,2016-09-01,0,6,30,20,3,59
ZUDAÑEZ,"anticoncepcion, prevencion de its y de cancer de cuello uterino",numero de personas que recibieron orientacion en anticoncepcion,2016-09-01,433,314,14,3,0,764
ACACIO,"anticoncepcion, prevencion de its y de cancer de cuello uterino",numero de personas que recibieron orientacion en anticoncepcion,2016-10-01,1,5,15,9,7,37
ACHACACHI,"anticoncepcion, prevencion de its y de cancer de cuello uterino",numero de personas que recibieron orientacion en anticoncepcion,2016-10-01,0,10,42,22,1,75
ACHOCALLA,"anticoncepcion, prevencion de its y de cancer de cuello uterino",numero de personas que recibieron orientacion en anticoncepcion,2016-10-01,0,4,18,2,1,25
AIQUILE,"anticoncepcion, prevencion de its y de cancer de cuello uterino",numero de personas que recibieron orientacion en anticoncepcion,2016-10-01,0,28,62,27,2,119
ALALAY,"anticoncepcion, prevencion de its y de cancer de cuello uterino",numero de personas que recibieron orientacion en anticoncepcion,2016-10-01,0,2,12,3,0,17
ALCALA,"anticoncepcion, prevencion de its y de cancer de cuello uterino",numero de personas que recibieron orientacion en anticoncepcion,2016-10-01,24,59,24,22,12,141
ALTO BENI,"anticoncepcion, prevencion de its y de cancer de cuello uterino",numero de personas que recibieron orientacion en anticoncepcion,2016-10-01,0,4,11,3,0,18
ANCORAIMES,"anticoncepcion, prevencion de its y de cancer de cuello uterino",numero de personas que recibieron orientacion en anticoncepcion,2016-10-01,0,2,7,1,3,13
ANDAMARCA,"anticoncepcion, prevencion de its y de cancer de cuello uterino",numero de personas que recibieron orientacion en anticoncepcion,2016-10-01,0,5,15,11,0,31
ANTEQUERA,"anticoncepcion, prevencion de its y de cancer de cuello uterino",numero de personas que recibieron orientacion en anticoncepcion,2016-10-01,0,2,3,0,0,5
ANZALDO,"anticoncepcion, prevencion de its y de cancer de cuello uterino",numero de personas que recibieron orientacion en anticoncepcion,2016-10-01,0,0,8,4,1,13
APOLO,"anticoncepcion, prevencion de its y de cancer de cuello uterino",numero de personas que recibieron orientacion en anticoncepcion,2016-10-01,0,12,28,22,4,66
ARAMPAMPA,"anticoncepcion, prevencion de its y de cancer de cuello uterino",numero de personas que recibieron orientacion en anticoncepcion,2016-10-01,7,18,10,7,1,43
ARANI,"anticoncepcion, prevencion de its y de cancer de cuello uterino",numero de personas que recibieron orientacion en anticoncepcion,2016-10-01,0,3,19,12,0,34
ARBIETO,"anticoncepcion, prevencion de its y de cancer de cuello uterino",numero de personas que recibieron orientacion en anticoncepcion,2016-10-01,0,23,103,40,5,171
ARQUE,"anticoncepcion, prevencion de its y de cancer de cuello uterino",numero de personas que recibieron orientacion en anticoncepcion,2016-10-01,0,7,26,26,1,60
ASCENCION DE GUARAYOS,"anticoncepcion, prevencion de its y de cancer de cuello uterino",numero de personas que recibieron orientacion en anticoncepcion,2016-10-01,1,20,118,41,11,191
ATOCHA,"anticoncepcion, prevencion de its y de cancer de cuello uterino",numero de personas que recibieron orientacion en anticoncepcion,2016-10-01,1,8,57,18,1,85
AUCAPATA,"anticoncepcion, prevencion de its y de cancer de cuello uterino",numero de personas que recibieron orientacion en anticoncepcion,2016-10-01,0,0,12,12,2,26
AYATA,"anticoncepcion, prevencion de its y de cancer de cuello uterino",numero de personas que recibieron orientacion en anticoncepcion,2016-10-01,1,2,17,7,1,28
AYO AYO,"anticoncepcion, prevencion de its y de cancer de cuello uterino",numero de personas que recibieron orientacion en anticoncepcion,2016-10-01,1,1,5,2,0,9
AYOPAYA (V. DE INDEPENDENCIA),"anticoncepcion, prevencion de its y de cancer de cuello uterino",numero de personas que recibieron orientacion en anticoncepcion,2016-10-01,1,15,70,37,1,124
AZURDUY,"anticoncepcion, prevencion de its y de cancer de cuello uterino",numero de personas que recibieron orientacion en anticoncepcion,2016-10-01,114,108,35,14,0,271
BATALLAS,"anticoncepcion, prevencion de its y de cancer de cuello uterino",numero de personas que recibieron orientacion en anticoncepcion,2016-10-01,0,7,40,21,2,70
BAURES,"anticoncepcion, prevencion de its y de cancer de cuello uterino",numero de personas que recibieron orientacion en anticoncepcion,2016-10-01,0,15,23,5,0,43
BELEN DE ANDAMARCA,"anticoncepcion, prevencion de its y de cancer de cuello uterino",numero de personas que recibieron orientacion en anticoncepcion,2016-10-01,0,0,2,3,1,6
BELEN DE URMIRI,"anticoncepcion, prevencion de its y de cancer de cuello uterino",numero de personas que recibieron orientacion en anticoncepcion,2016-10-01,1,3,0,0,0,4
BELLA FLOR,"anticoncepcion, prevencion de its y de cancer de cuello uterino",numero de personas que recibieron orientacion en anticoncepcion,2016-10-01,0,8,11,5,0,24
BERMEJO,"anticoncepcion, prevencion de its y de cancer de cuello uterino",numero de personas que recibieron orientacion en anticoncepcion,2016-10-01,1,29,188,71,11,300
BETANZOS,"anticoncepcion, prevencion de its y de cancer de cuello uterino",numero de personas que recibieron orientacion en anticoncepcion,2016-10-01,0,16,86,90,19,211
BOLIVAR,"anticoncepcion, prevencion de its y de cancer de cuello uterino",numero de personas que recibieron orientacion en anticoncepcion,2016-10-01,1,1,15,10,3,30
BOLPEBRA,"anticoncepcion, prevencion de its y de cancer de cuello uterino",numero de personas que recibieron orientacion en anticoncepcion,2016-10-01,2,0,9,2,1,14
BOYUIBE,"anticoncepcion, prevencion de its y de cancer de cuello uterino",numero de personas que recibieron orientacion en anticoncepcion,2016-10-01,0,0,7,16,5,28
BUENA VISTA,"anticoncepcion, prevencion de its y de cancer de cuello uterino",numero de personas que recibieron orientacion en anticoncepcion,2016-10-01,2,26,78,37,0,143
CABEZAS,"anticoncepcion, prevencion de its y de cancer de cuello uterino",numero de personas que recibieron orientacion en anticoncepcion,2016-10-01,0,11,21,15,0,47
CAIROMA,"anticoncepcion, prevencion de its y de cancer de cuello uterino",numero de personas que recibieron orientacion en anticoncepcion,2016-10-01,0,1,11,1,0,13
"CAIZA ""D""","anticoncepcion, prevencion de its y de cancer de cuello uterino",numero de personas que recibieron orientacion en anticoncepcion,2016-10-01,1,4,31,13,0,49
CAJUATA,"anticoncepcion, prevencion de its y de cancer de cuello uterino",numero de personas que recibieron orientacion en anticoncepcion,2016-10-01,0,3,13,6,0,22
CALACOTO,"anticoncepcion, prevencion de its y de cancer de cuello uterino",numero de personas que recibieron orientacion en anticoncepcion,2016-10-01,0,0,1,0,0,1
CALAMARCA,"anticoncepcion, prevencion de its y de cancer de cuello uterino",numero de personas que recibieron orientacion en anticoncepcion,2016-10-01,0,4,18,5,2,29
CAMARGO,"anticoncepcion, prevencion de its y de cancer de cuello uterino",numero de personas que recibieron orientacion en anticoncepcion,2016-10-01,235,533,52,42,0,862
CAMATAQUI (C. VILLA ABECIA),"anticoncepcion, prevencion de its y de cancer de cuello uterino",numero de personas que recibieron orientacion en anticoncepcion,2016-10-01,28,16,10,5,0,59
CAMIRI,"anticoncepcion, prevencion de its y de cancer de cuello uterino",numero de personas que recibieron orientacion en anticoncepcion,2016-10-01,2,20,74,7,0,103
CAPINOTA,"anticoncepcion, prevencion de its y de cancer de cuello uterino",numero de personas que recibieron orientacion en anticoncepcion,2016-10-01,0,3,15,3,0,21
CAQUIAVIRI,"anticoncepcion, prevencion de its y de cancer de cuello uterino",numero de personas que recibieron orientacion en anticoncepcion,2016-10-01,0,2,3,2,0,7
CARACOLLO,"anticoncepcion, prevencion de its y de cancer de cuello uterino",numero de personas que recibieron orientacion en anticoncepcion,2016-10-01,0,10,22,5,0,37
CARANAVI,"anticoncepcion, prevencion de its y de cancer de cuello uterino",numero de personas que recibieron orientacion en anticoncepcion,2016-10-01,3,65,353,115,24,560
CARAPARI,"anticoncepcion, prevencion de its y de cancer de cuello uterino",numero de personas que recibieron orientacion en anticoncepcion,2016-10-01,1,1,12,9,0,23
CARIPUYO,"anticoncepcion, prevencion de its y de cancer de cuello uterino",numero de personas que recibieron orientacion en anticoncepcion,2016-10-01,0,6,22,24,0,52
CARMEN RIVERO TORREZ,"anticoncepcion, prevencion de its y de cancer de cuello uterino",numero de personas que recibieron orientacion en anticoncepcion,2016-10-01,0,0,7,4,0,11
CATACORA,"anticoncepcion, prevencion de its y de cancer de cuello uterino",numero de personas que recibieron orientacion en anticoncepcion,2016-10-01,0,0,2,3,3,8
CHACARILLA,"anticoncepcion, prevencion de its y de cancer de cuello uterino",numero de personas que recibieron orientacion en anticoncepcion,2016-10-01,0,0,0,2,0,2
CHALLAPATA,"anticoncepcion, prevencion de its y de cancer de cuello uterino",numero de personas que recibieron orientacion en anticoncepcion,2016-10-01,1,15,150,54,0,220
CHAQUI,"anticoncepcion, prevencion de its y de cancer de cuello uterino",numero de personas que recibieron orientacion en anticoncepcion,2016-10-01,1,21,34,19,1,76
CHARAGUA,"anticoncepcion, prevencion de its y de cancer de cuello uterino",numero de personas que recibieron orientacion en anticoncepcion,2016-10-01,1,9,39,10,0,59
CHAYANTA,"anticoncepcion, prevencion de its y de cancer de cuello uterino",numero de personas que recibieron orientacion en anticoncepcion,2016-10-01,0,12,32,9,1,54
CHIMORE,"anticoncepcion, prevencion de its y de cancer de cuello uterino",numero de personas que recibieron orientacion en anticoncepcion,2016-10-01,1,8,50,18,0,77
CHIPAYA,"anticoncepcion, prevencion de its y de cancer de cuello uterino",numero de personas que recibieron orientacion en anticoncepcion,2016-10-01,0,1,2,2,0,5
CHOQUE COTA,"anticoncepcion, prevencion de its y de cancer de cuello uterino",numero de personas que recibieron orientacion en anticoncepcion,2016-10-01,2,10,4,1,0,17
CHUA COCANI,"anticoncepcion, prevencion de its y de cancer de cuello uterino",numero de personas que recibieron orientacion en anticoncepcion,2016-10-01,0,1,14,4,0,19
CHULUMANI (V. DE LA LIBERTAD),"anticoncepcion, prevencion de its y de cancer de cuello uterino",numero de personas que recibieron orientacion en anticoncepcion,2016-10-01,1,11,45,19,2,78
CHUMA,"anticoncepcion, prevencion de its y de cancer de cuello uterino",numero de personas que recibieron orientacion en anticoncepcion,2016-10-01,0,5,17,18,2,42
CHUQUIHUTA AYLLU JUCUMANI,"anticoncepcion, prevencion de its y de cancer de cuello uterino",numero de personas que recibieron orientacion en anticoncepcion,2016-10-01,0,4,28,12,0,44
CKOCHAS,"anticoncepcion, prevencion de its y de cancer de cuello uterino",numero de personas que recibieron orientacion en anticoncepcion,2016-10-01,0,9,27,20,2,58
CLIZA,"anticoncepcion, prevencion de its y de cancer de cuello uterino",numero de personas que recibieron orientacion en anticoncepcion,2016-10-01,0,83,111,69,2,265
COBIJA,"anticoncepcion, prevencion de its y de cancer de cuello uterino",numero de personas que recibieron orientacion en anticoncepcion,2016-10-01,3,24,127,39,8,201
COCAPATA,"anticoncepcion, prevencion de its y de cancer de cuello uterino",numero de personas que recibieron orientacion en anticoncepcion,2016-10-01,0,11,55,18,0,84
COCHABAMBA,"anticoncepcion, prevencion de its y de cancer de cuello uterino",numero de personas que recibieron orientacion en anticoncepcion,2016-10-01,48,473,2136,498,37,3192
COIPASA,"anticoncepcion, prevencion de its y de cancer de cuello uterino",numero de personas que recibieron orientacion en anticoncepcion,2016-10-01,0,2,4,0,0,6
COLCAPIRHUA,"anticoncepcion, prevencion de its y de cancer de cuello uterino",numero de personas que recibieron orientacion en anticoncepcion,2016-10-01,6,83,649,173,63,974
"COLCHA ""K""","anticoncepcion, prevencion de its y de cancer de cuello uterino",numero de personas que recibieron orientacion en anticoncepcion,2016-10-01,0,1,10,2,0,13
COLLANA,"anticoncepcion, prevencion de its y de cancer de cuello uterino",numero de personas que recibieron orientacion en anticoncepcion,2016-10-01,0,3,2,0,0,5
COLOMI,"anticoncepcion, prevencion de its y de cancer de cuello uterino",numero de personas que recibieron orientacion en anticoncepcion,2016-10-01,0,29,98,25,0,152
COLPA BELGICA,"anticoncepcion, prevencion de its y de cancer de cuello uterino",numero de personas que recibieron orientacion en anticoncepcion,2016-10-01,0,1,7,0,0,8
COLQUECHACA,"anticoncepcion, prevencion de its y de cancer de cuello uterino",numero de personas que recibieron orientacion en anticoncepcion,2016-10-01,0,2,13,10,1,26
COLQUENCHA,"anticoncepcion, prevencion de its y de cancer de cuello uterino",numero de personas que recibieron orientacion en anticoncepcion,2016-10-01,0,0,8,6,0,14
COLQUIRI,"anticoncepcion, prevencion de its y de cancer de cuello uterino",numero de personas que recibieron orientacion en anticoncepcion,2016-10-01,0,4,27,10,0,41
COMANCHE,"anticoncepcion, prevencion de its y de cancer de cuello uterino",numero de personas que recibieron orientacion en anticoncepcion,2016-10-01,0,1,0,1,0,2
COMARAPA,"anticoncepcion, prevencion de its y de cancer de cuello uterino",numero de personas que recibieron orientacion en anticoncepcion,2016-10-01,1,17,49,18,3,88
COMBAYA,"anticoncepcion, prevencion de its y de cancer de cuello uterino",numero de personas que recibieron orientacion en anticoncepcion,2016-10-01,0,0,1,2,0,3
CONCEPCION,"anticoncepcion, prevencion de its y de cancer de cuello uterino",numero de personas que recibieron orientacion en anticoncepcion,2016-10-01,0,7,19,2,0,28
COPACABANA,"anticoncepcion, prevencion de its y de cancer de cuello uterino",numero de personas que recibieron orientacion en anticoncepcion,2016-10-01,1,1,20,9,0,31
CORIPATA,"anticoncepcion, prevencion de its y de cancer de cuello uterino",numero de personas que recibieron orientacion en anticoncepcion,2016-10-01,0,4,24,5,0,33
CORO CORO,"anticoncepcion, prevencion de its y de cancer de cuello uterino",numero de personas que recibieron orientacion en anticoncepcion,2016-10-01,0,0,4,0,0,4
COROICO,"anticoncepcion, prevencion de its y de cancer de cuello uterino",numero de personas que recibieron orientacion en anticoncepcion,2016-10-01,0,8,23,7,2,40
CORQUE,"anticoncepcion, prevencion de its y de cancer de cuello uterino",numero de personas que recibieron orientacion en anticoncepcion,2016-10-01,0,6,11,3,0,20
COTAGAITA,"anticoncepcion, prevencion de its y de cancer de cuello uterino",numero de personas que recibieron orientacion en anticoncepcion,2016-10-01,1,20,151,110,10,292
COTOCA,"anticoncepcion, prevencion de its y de cancer de cuello uterino",numero de personas que recibieron orientacion en anticoncepcion,2016-10-01,1,22,87,20,8,138
CRUZ DE MACHACAMARCA,"anticoncepcion, prevencion de its y de cancer de cuello uterino",numero de personas que recibieron orientacion en anticoncepcion,2016-10-01,0,0,3,0,0,3
CUATRO CAÑADAS,"anticoncepcion, prevencion de its y de cancer de cuello uterino",numero de personas que recibieron orientacion en anticoncepcion,2016-10-01,0,6,48,15,0,69
CUCHUMUELA (V. G. VILLARROEL),"anticoncepcion, prevencion de its y de cancer de cuello uterino",numero de personas que recibieron orientacion en anticoncepcion,2016-10-01,0,2,6,1,0,9
CUEVO,"anticoncepcion, prevencion de its y de cancer de cuello uterino",numero de personas que recibieron orientacion en anticoncepcion,2016-10-01,0,1,3,3,0,7
CULPINA,"anticoncepcion, prevencion de its y de cancer de cuello uterino",numero de personas que recibieron orientacion en anticoncepcion,2016-10-01,108,160,93,50,2,413
CURAHUARA DE CARANGAS,"anticoncepcion, prevencion de its y de cancer de cuello uterino",numero de personas que recibieron orientacion en anticoncepcion,2016-10-01,0,1,5,0,0,6
CURVA,"anticoncepcion, prevencion de its y de cancer de cuello uterino",numero de personas que recibieron orientacion en anticoncepcion,2016-10-01,0,0,1,0,0,1
DESAGUADERO,"anticoncepcion, prevencion de its y de cancer de cuello uterino",numero de personas que recibieron orientacion en anticoncepcion,2016-10-01,0,0,8,4,0,12
EL ALTO,"anticoncepcion, prevencion de its y de cancer de cuello uterino",numero de personas que recibieron orientacion en anticoncepcion,2016-10-01,3,452,1538,913,83,2989
EL CHORO,"anticoncepcion, prevencion de its y de cancer de cuello uterino",numero de personas que recibieron orientacion en anticoncepcion,2016-10-01,0,2,5,3,1,11
EL PUENTE(STC),"anticoncepcion, prevencion de its y de cancer de cuello uterino",numero de personas que recibieron orientacion en anticoncepcion,2016-10-01,0,5,13,5,1,24
EL PUENTE(TJA),"anticoncepcion, prevencion de its y de cancer de cuello uterino",numero de personas que recibieron orientacion en anticoncepcion,2016-10-01,0,2,21,23,1,47
EL TORNO,"anticoncepcion, prevencion de its y de cancer de cuello uterino",numero de personas que recibieron orientacion en anticoncepcion,2016-10-01,1,51,152,63,9,276
EL VILLAR,"anticoncepcion, prevencion de its y de cancer de cuello uterino",numero de personas que recibieron orientacion en anticoncepcion,2016-10-01,39,54,3,0,0,96
ENTRE RIOS TRJ,"anticoncepcion, prevencion de its y de cancer de cuello uterino",numero de personas que recibieron orientacion en anticoncepcion,2016-10-01,0,18,34,10,0,62
ENTRE RIOS CBBA,"anticoncepcion, prevencion de its y de cancer de cuello uterino",numero de personas que recibieron orientacion en anticoncepcion,2016-10-01,1,23,67,21,0,112
ESCARA,"anticoncepcion, prevencion de its y de cancer de cuello uterino",numero de personas que recibieron orientacion en anticoncepcion,2016-10-01,0,0,6,0,0,6
ESCOMA,"anticoncepcion, prevencion de its y de cancer de cuello uterino",numero de personas que recibieron orientacion en anticoncepcion,2016-10-01,0,2,3,3,0,8
EUCALIPTUS,"anticoncepcion, prevencion de its y de cancer de cuello uterino",numero de personas que recibieron orientacion en anticoncepcion,2016-10-01,0,2,1,1,0,4
EUREKA (SANTOS MERCADO),"anticoncepcion, prevencion de its y de cancer de cuello uterino",numero de personas que recibieron orientacion en anticoncepcion,2016-10-01,1,3,7,0,0,11
EXALTACION,"anticoncepcion, prevencion de its y de cancer de cuello uterino",numero de personas que recibieron orientacion en anticoncepcion,2016-10-01,0,0,0,1,0,1
FERNANDEZ ALONSO,"anticoncepcion, prevencion de its y de cancer de cuello uterino",numero de personas que recibieron orientacion en anticoncepcion,2016-10-01,0,8,18,10,0,36
FILADELFIA,"anticoncepcion, prevencion de its y de cancer de cuello uterino",numero de personas que recibieron orientacion en anticoncepcion,2016-10-01,1,13,37,9,0,60
GENERAL SAAVEDRA,"anticoncepcion, prevencion de its y de cancer de cuello uterino",numero de personas que recibieron orientacion en anticoncepcion,2016-10-01,0,9,53,14,1,77
GRAL. J.J. PEREZ (CHARAZANI),"anticoncepcion, prevencion de its y de cancer de cuello uterino",numero de personas que recibieron orientacion en anticoncepcion,2016-10-01,0,3,32,21,2,58
GUANAY,"anticoncepcion, prevencion de its y de cancer de cuello uterino",numero de personas que recibieron orientacion en anticoncepcion,2016-10-01,0,3,10,2,0,15
GUAQUI,"anticoncepcion, prevencion de its y de cancer de cuello uterino",numero de personas que recibieron orientacion en anticoncepcion,2016-10-01,0,4,14,2,0,20
GUAYARAMERIN,"anticoncepcion, prevencion de its y de cancer de cuello uterino",numero de personas que recibieron orientacion en anticoncepcion,2016-10-01,4,103,314,54,10,485
GUTIERREZ,"anticoncepcion, prevencion de its y de cancer de cuello uterino",numero de personas que recibieron orientacion en anticoncepcion,2016-10-01,0,2,6,0,0,8
HUACARETA,"anticoncepcion, prevencion de its y de cancer de cuello uterino",numero de personas que recibieron orientacion en anticoncepcion,2016-10-01,22,29,56,8,1,116
HUACAYA (VILLA DE HUACAYA),"anticoncepcion, prevencion de its y de cancer de cuello uterino",numero de personas que recibieron orientacion en anticoncepcion,2016-10-01,82,43,6,4,1,136
HUACHACALLA,"anticoncepcion, prevencion de its y de cancer de cuello uterino",numero de personas que recibieron orientacion en anticoncepcion,2016-10-01,0,2,6,0,0,8
HUANUNI,"anticoncepcion, prevencion de its y de cancer de cuello uterino",numero de personas que recibieron orientacion en anticoncepcion,2016-10-01,0,1,27,2,0,30
HUARACAJE,"anticoncepcion, prevencion de its y de cancer de cuello uterino",numero de personas que recibieron orientacion en anticoncepcion,2016-10-01,0,10,34,14,0,58
HUARINA,"anticoncepcion, prevencion de its y de cancer de cuello uterino",numero de personas que recibieron orientacion en anticoncepcion,2016-10-01,0,0,2,3,0,5
HUATAJATA,"anticoncepcion, prevencion de its y de cancer de cuello uterino",numero de personas que recibieron orientacion en anticoncepcion,2016-10-01,0,0,1,0,0,1
HUAYLLAMARCA,"anticoncepcion, prevencion de its y de cancer de cuello uterino",numero de personas que recibieron orientacion en anticoncepcion,2016-10-01,0,2,2,1,0,5
HUMANATA,"anticoncepcion, prevencion de its y de cancer de cuello uterino",numero de personas que recibieron orientacion en anticoncepcion,2016-10-01,0,0,4,4,0,8
ICHOCA,"anticoncepcion, prevencion de its y de cancer de cuello uterino",numero de personas que recibieron orientacion en anticoncepcion,2016-10-01,0,3,9,6,0,18
ICLA,"anticoncepcion, prevencion de its y de cancer de cuello uterino",numero de personas que recibieron orientacion en anticoncepcion,2016-10-01,98,80,8,2,0,188
INCAHUASI,"anticoncepcion, prevencion de its y de cancer de cuello uterino",numero de personas que recibieron orientacion en anticoncepcion,2016-10-01,204,173,22,14,0,413
INQUISIVI,"anticoncepcion, prevencion de its y de cancer de cuello uterino",numero de personas que recibieron orientacion en anticoncepcion,2016-10-01,0,2,9,4,0,15
IRUPANA (VILLA DE LANZA),"anticoncepcion, prevencion de its y de cancer de cuello uterino",numero de personas que recibieron orientacion en anticoncepcion,2016-10-01,1,6,25,6,1,39
IXIAMAS,"anticoncepcion, prevencion de its y de cancer de cuello uterino",numero de personas que recibieron orientacion en anticoncepcion,2016-10-01,1,6,22,2,0,31
JESUS DE MACHACA,"anticoncepcion, prevencion de its y de cancer de cuello uterino",numero de personas que recibieron orientacion en anticoncepcion,2016-10-01,0,8,9,5,2,24
LA ASUNTA,"anticoncepcion, prevencion de its y de cancer de cuello uterino",numero de personas que recibieron orientacion en anticoncepcion,2016-10-01,1,26,90,14,0,131
LA GUARDIA,"anticoncepcion, prevencion de its y de cancer de cuello uterino",numero de personas que recibieron orientacion en anticoncepcion,2016-10-01,1,90,303,79,21,494
LA PAZ,"anticoncepcion, prevencion de its y de cancer de cuello uterino",numero de personas que recibieron orientacion en anticoncepcion,2016-10-01,31,240,1979,683,71,3004
LAGUNILLAS,"anticoncepcion, prevencion de its y de cancer de cuello uterino",numero de personas que recibieron orientacion en anticoncepcion,2016-10-01,2,12,30,11,0,55
LAJA,"anticoncepcion, prevencion de its y de cancer de cuello uterino",numero de personas que recibieron orientacion en anticoncepcion,2016-10-01,0,5,23,5,3,36
LAS CARRERAS,"anticoncepcion, prevencion de its y de cancer de cuello uterino",numero de personas que recibieron orientacion en anticoncepcion,2016-10-01,0,6,15,10,1,32
LICOMA PAMPA,"anticoncepcion, prevencion de its y de cancer de cuello uterino",numero de personas que recibieron orientacion en anticoncepcion,2016-10-01,0,0,2,1,0,3
LLALLAGUA,"anticoncepcion, prevencion de its y de cancer de cuello uterino",numero de personas que recibieron orientacion en anticoncepcion,2016-10-01,1,54,191,43,1,290
LLICA,"anticoncepcion, prevencion de its y de cancer de cuello uterino",numero de personas que recibieron orientacion en anticoncepcion,2016-10-01,1,1,3,3,0,8
LORETO,"anticoncepcion, prevencion de its y de cancer de cuello uterino",numero de personas que recibieron orientacion en anticoncepcion,2016-10-01,0,1,5,1,0,7
LURIBAY,"anticoncepcion, prevencion de its y de cancer de cuello uterino",numero de personas que recibieron orientacion en anticoncepcion,2016-10-01,1,0,14,1,1,17
MACHACAMARCA,"anticoncepcion, prevencion de its y de cancer de cuello uterino",numero de personas que recibieron orientacion en anticoncepcion,2016-10-01,0,1,5,3,0,9
MACHARETI,"anticoncepcion, prevencion de its y de cancer de cuello uterino",numero de personas que recibieron orientacion en anticoncepcion,2016-10-01,16,43,19,6,2,86
MAGDALENA,"anticoncepcion, prevencion de its y de cancer de cuello uterino",numero de personas que recibieron orientacion en anticoncepcion,2016-10-01,0,11,20,8,1,40
MAIRANA,"anticoncepcion, prevencion de its y de cancer de cuello uterino",numero de personas que recibieron orientacion en anticoncepcion,2016-10-01,0,4,21,3,0,28
MALLA,"anticoncepcion, prevencion de its y de cancer de cuello uterino",numero de personas que recibieron orientacion en anticoncepcion,2016-10-01,0,0,3,0,0,3
MAPIRI,"anticoncepcion, prevencion de its y de cancer de cuello uterino",numero de personas que recibieron orientacion en anticoncepcion,2016-10-01,0,2,19,3,0,24
MECAPACA,"anticoncepcion, prevencion de its y de cancer de cuello uterino",numero de personas que recibieron orientacion en anticoncepcion,2016-10-01,0,4,21,12,3,40
MINEROS,"anticoncepcion, prevencion de its y de cancer de cuello uterino",numero de personas que recibieron orientacion en anticoncepcion,2016-10-01,2,18,55,23,2,100
MIZQUE,"anticoncepcion, prevencion de its y de cancer de cuello uterino",numero de personas que recibieron orientacion en anticoncepcion,2016-10-01,0,27,104,51,0,182
MOCOMOCO,"anticoncepcion, prevencion de its y de cancer de cuello uterino",numero de personas que recibieron orientacion en anticoncepcion,2016-10-01,0,3,13,5,0,21
MOJINETE,"anticoncepcion, prevencion de its y de cancer de cuello uterino",numero de personas que recibieron orientacion en anticoncepcion,2016-10-01,0,0,3,1,0,4
MOJOCOYA,"anticoncepcion, prevencion de its y de cancer de cuello uterino",numero de personas que recibieron orientacion en anticoncepcion,2016-10-01,91,103,24,32,9,259
MONTEAGUDO,"anticoncepcion, prevencion de its y de cancer de cuello uterino",numero de personas que recibieron orientacion en anticoncepcion,2016-10-01,102,326,219,108,33,788
MONTERO,"anticoncepcion, prevencion de its y de cancer de cuello uterino",numero de personas que recibieron orientacion en anticoncepcion,2016-10-01,12,81,399,122,15,629
MORO MORO,"anticoncepcion, prevencion de its y de cancer de cuello uterino",numero de personas que recibieron orientacion en anticoncepcion,2016-10-01,0,1,1,0,0,2
MOROCHATA,"anticoncepcion, prevencion de its y de cancer de cuello uterino",numero de personas que recibieron orientacion en anticoncepcion,2016-10-01,2,11,33,23,0,69
NACEBE (SANTA ROSA DEL ABUNA),"anticoncepcion, prevencion de its y de cancer de cuello uterino",numero de personas que recibieron orientacion en anticoncepcion,2016-10-01,0,4,15,5,0,24
NUEVO MANOA (NUEVA ESPERANZA),"anticoncepcion, prevencion de its y de cancer de cuello uterino",numero de personas que recibieron orientacion en anticoncepcion,2016-10-01,4,9,16,5,0,34
OCURI,"anticoncepcion, prevencion de its y de cancer de cuello uterino",numero de personas que recibieron orientacion en anticoncepcion,2016-10-01,1,6,27,12,1,47
OKINAWA,"anticoncepcion, prevencion de its y de cancer de cuello uterino",numero de personas que recibieron orientacion en anticoncepcion,2016-10-01,0,2,36,21,9,68
OMEREQUE,"anticoncepcion, prevencion de its y de cancer de cuello uterino",numero de personas que recibieron orientacion en anticoncepcion,2016-10-01,0,4,29,11,0,44
ORURO,"anticoncepcion, prevencion de its y de cancer de cuello uterino",numero de personas que recibieron orientacion en anticoncepcion,2016-10-01,9,172,1258,426,94,1959
PADCAYA,"anticoncepcion, prevencion de its y de cancer de cuello uterino",numero de personas que recibieron orientacion en anticoncepcion,2016-10-01,0,28,118,43,5,194
PADILLA,"anticoncepcion, prevencion de its y de cancer de cuello uterino",numero de personas que recibieron orientacion en anticoncepcion,2016-10-01,153,143,63,47,6,412
PAILON,"anticoncepcion, prevencion de its y de cancer de cuello uterino",numero de personas que recibieron orientacion en anticoncepcion,2016-10-01,0,11,40,8,0,59
PALCA,"anticoncepcion, prevencion de its y de cancer de cuello uterino",numero de personas que recibieron orientacion en anticoncepcion,2016-10-01,0,7,71,16,2,96
PALOS BLANCOS,"anticoncepcion, prevencion de its y de cancer de cuello uterino",numero de personas que recibieron orientacion en anticoncepcion,2016-10-01,2,17,66,37,2,124
PAMPA AULLAGAS,"anticoncepcion, prevencion de its y de cancer de cuello uterino",numero de personas que recibieron orientacion en anticoncepcion,2016-10-01,0,2,9,0,0,11
PAMPA GRANDE,"anticoncepcion, prevencion de its y de cancer de cuello uterino",numero de personas que recibieron orientacion en anticoncepcion,2016-10-01,0,1,4,0,0,5
PAPEL PAMPA,"anticoncepcion, prevencion de its y de cancer de cuello uterino",numero de personas que recibieron orientacion en anticoncepcion,2016-10-01,0,6,5,4,0,15
PASORAPA,"anticoncepcion, prevencion de its y de cancer de cuello uterino",numero de personas que recibieron orientacion en anticoncepcion,2016-10-01,0,2,5,5,1,13
PATACAMAYA,"anticoncepcion, prevencion de its y de cancer de cuello uterino",numero de personas que recibieron orientacion en anticoncepcion,2016-10-01,0,1,9,8,0,18
PAZÑA,"anticoncepcion, prevencion de its y de cancer de cuello uterino",numero de personas que recibieron orientacion en anticoncepcion,2016-10-01,0,0,18,6,0,24
PELECHUCO,"anticoncepcion, prevencion de its y de cancer de cuello uterino",numero de personas que recibieron orientacion en anticoncepcion,2016-10-01,0,5,14,7,0,26
POCOATA,"anticoncepcion, prevencion de its y de cancer de cuello uterino",numero de personas que recibieron orientacion en anticoncepcion,2016-10-01,0,18,60,39,2,119
POCONA,"anticoncepcion, prevencion de its y de cancer de cuello uterino",numero de personas que recibieron orientacion en anticoncepcion,2016-10-01,5,16,50,41,2,114
POJO (CBBA),"anticoncepcion, prevencion de its y de cancer de cuello uterino",numero de personas que recibieron orientacion en anticoncepcion,2016-10-01,0,5,24,8,0,37
POOPO,"anticoncepcion, prevencion de its y de cancer de cuello uterino",numero de personas que recibieron orientacion en anticoncepcion,2016-10-01,0,0,6,0,0,6
PORCO,"anticoncepcion, prevencion de its y de cancer de cuello uterino",numero de personas que recibieron orientacion en anticoncepcion,2016-10-01,0,8,41,8,0,57
POROMA,"anticoncepcion, prevencion de its y de cancer de cuello uterino",numero de personas que recibieron orientacion en anticoncepcion,2016-10-01,165,301,25,8,3,502
PORONGO,"anticoncepcion, prevencion de its y de cancer de cuello uterino",numero de personas que recibieron orientacion en anticoncepcion,2016-10-01,1,7,30,8,1,47
PORTACHUELO,"anticoncepcion, prevencion de its y de cancer de cuello uterino",numero de personas que recibieron orientacion en anticoncepcion,2016-10-01,1,5,11,4,2,23
PORVENIR,"anticoncepcion, prevencion de its y de cancer de cuello uterino",numero de personas que recibieron orientacion en anticoncepcion,2016-10-01,0,4,1,0,0,5
POSTRER VALLE,"anticoncepcion, prevencion de its y de cancer de cuello uterino",numero de personas que recibieron orientacion en anticoncepcion,2016-10-01,0,0,4,1,0,5
POTOSI,"anticoncepcion, prevencion de its y de cancer de cuello uterino",numero de personas que recibieron orientacion en anticoncepcion,2016-10-01,7,108,773,253,27,1168
PRESTO,"anticoncepcion, prevencion de its y de cancer de cuello uterino",numero de personas que recibieron orientacion en anticoncepcion,2016-10-01,201,199,111,89,31,631
PUCARA,"anticoncepcion, prevencion de its y de cancer de cuello uterino",numero de personas que recibieron orientacion en anticoncepcion,2016-10-01,0,3,0,0,0,3
PUCARANI,"anticoncepcion, prevencion de its y de cancer de cuello uterino",numero de personas que recibieron orientacion en anticoncepcion,2016-10-01,1,7,52,27,3,90
PUERTO ACOSTA,"anticoncepcion, prevencion de its y de cancer de cuello uterino",numero de personas que recibieron orientacion en anticoncepcion,2016-10-01,0,2,5,3,0,10
PUERTO CARABUCO,"anticoncepcion, prevencion de its y de cancer de cuello uterino",numero de personas que recibieron orientacion en anticoncepcion,2016-10-01,0,2,15,8,0,25
PUERTO GONZALO MORENO,"anticoncepcion, prevencion de its y de cancer de cuello uterino",numero de personas que recibieron orientacion en anticoncepcion,2016-10-01,5,13,17,5,3,43
PUERTO PEREZ,"anticoncepcion, prevencion de its y de cancer de cuello uterino",numero de personas que recibieron orientacion en anticoncepcion,2016-10-01,0,4,15,6,0,25
PUERTO QUIJARRO,"anticoncepcion, prevencion de its y de cancer de cuello uterino",numero de personas que recibieron orientacion en anticoncepcion,2016-10-01,0,11,31,11,0,53
PUERTO RICO,"anticoncepcion, prevencion de its y de cancer de cuello uterino",numero de personas que recibieron orientacion en anticoncepcion,2016-10-01,2,6,11,2,0,21
PUERTO SILES,"anticoncepcion, prevencion de its y de cancer de cuello uterino",numero de personas que recibieron orientacion en anticoncepcion,2016-10-01,0,2,2,0,0,4
PUERTO SUAREZ,"anticoncepcion, prevencion de its y de cancer de cuello uterino",numero de personas que recibieron orientacion en anticoncepcion,2016-10-01,1,19,43,4,0,67
PUERTO VILLARROEL,"anticoncepcion, prevencion de its y de cancer de cuello uterino",numero de personas que recibieron orientacion en anticoncepcion,2016-10-01,4,36,143,34,1,218
PUNA,"anticoncepcion, prevencion de its y de cancer de cuello uterino",numero de personas que recibieron orientacion en anticoncepcion,2016-10-01,0,18,29,13,5,65
PUNATA,"anticoncepcion, prevencion de its y de cancer de cuello uterino",numero de personas que recibieron orientacion en anticoncepcion,2016-10-01,0,42,174,40,3,259
QUIABAYA,"anticoncepcion, prevencion de its y de cancer de cuello uterino",numero de personas que recibieron orientacion en anticoncepcion,2016-10-01,0,0,0,2,0,2
QUILLACOLLO,"anticoncepcion, prevencion de its y de cancer de cuello uterino",numero de personas que recibieron orientacion en anticoncepcion,2016-10-01,6,221,892,253,1,1373
QUIME,"anticoncepcion, prevencion de its y de cancer de cuello uterino",numero de personas que recibieron orientacion en anticoncepcion,2016-10-01,0,3,23,7,1,34
QUIRUSILLAS,"anticoncepcion, prevencion de its y de cancer de cuello uterino",numero de personas que recibieron orientacion en anticoncepcion,2016-10-01,0,1,8,1,0,10
RAVELO,"anticoncepcion, prevencion de its y de cancer de cuello uterino",numero de personas que recibieron orientacion en anticoncepcion,2016-10-01,0,7,31,29,1,68
REYES,"anticoncepcion, prevencion de its y de cancer de cuello uterino",numero de personas que recibieron orientacion en anticoncepcion,2016-10-01,18,33,62,23,0,136
RIBERALTA,"anticoncepcion, prevencion de its y de cancer de cuello uterino",numero de personas que recibieron orientacion en anticoncepcion,2016-10-01,38,251,586,163,11,1049
ROBORE,"anticoncepcion, prevencion de its y de cancer de cuello uterino",numero de personas que recibieron orientacion en anticoncepcion,2016-10-01,1,17,43,8,0,69
RURRENABAQUE,"anticoncepcion, prevencion de its y de cancer de cuello uterino",numero de personas que recibieron orientacion en anticoncepcion,2016-10-01,1,13,52,5,0,71
SABAYA,"anticoncepcion, prevencion de its y de cancer de cuello uterino",numero de personas que recibieron orientacion en anticoncepcion,2016-10-01,0,3,7,1,0,11
SACABA,"anticoncepcion, prevencion de its y de cancer de cuello uterino",numero de personas que recibieron orientacion en anticoncepcion,2016-10-01,53,467,567,182,7,1276
SACABAMBA,"anticoncepcion, prevencion de its y de cancer de cuello uterino",numero de personas que recibieron orientacion en anticoncepcion,2016-10-01,0,1,3,1,0,5
SACACA,"anticoncepcion, prevencion de its y de cancer de cuello uterino",numero de personas que recibieron orientacion en anticoncepcion,2016-10-01,4,29,85,37,0,155
SAIPINA,"anticoncepcion, prevencion de its y de cancer de cuello uterino",numero de personas que recibieron orientacion en anticoncepcion,2016-10-01,1,1,17,6,0,25
SALINAS DE GARCI MENDOZA,"anticoncepcion, prevencion de its y de cancer de cuello uterino",numero de personas que recibieron orientacion en anticoncepcion,2016-10-01,0,3,10,2,0,15
SAMAIPATA,"anticoncepcion, prevencion de its y de cancer de cuello uterino",numero de personas que recibieron orientacion en anticoncepcion,2016-10-01,0,10,15,2,0,27
SAN ANDRES,"anticoncepcion, prevencion de its y de cancer de cuello uterino",numero de personas que recibieron orientacion en anticoncepcion,2016-10-01,0,11,54,15,0,80
SAN ANDRES DE MACHACA,"anticoncepcion, prevencion de its y de cancer de cuello uterino",numero de personas que recibieron orientacion en anticoncepcion,2016-10-01,0,1,7,8,0,16
SAN ANTONIO DE ESMORUCO,"anticoncepcion, prevencion de its y de cancer de cuello uterino",numero de personas que recibieron orientacion en anticoncepcion,2016-10-01,0,1,7,2,0,10
SAN ANTONIO DE LOMERIO,"anticoncepcion, prevencion de its y de cancer de cuello uterino",numero de personas que recibieron orientacion en anticoncepcion,2016-10-01,0,4,13,2,0,19
SAN BENITO,"anticoncepcion, prevencion de its y de cancer de cuello uterino",numero de personas que recibieron orientacion en anticoncepcion,2016-10-01,0,4,14,9,1,28
SAN BORJA,"anticoncepcion, prevencion de its y de cancer de cuello uterino",numero de personas que recibieron orientacion en anticoncepcion,2016-10-01,2,25,47,6,0,80
SAN BUENA VENTURA,"anticoncepcion, prevencion de its y de cancer de cuello uterino",numero de personas que recibieron orientacion en anticoncepcion,2016-10-01,0,6,17,2,0,25
SAN CARLOS,"anticoncepcion, prevencion de its y de cancer de cuello uterino",numero de personas que recibieron orientacion en anticoncepcion,2016-10-01,0,42,101,85,4,232
SAN IGNACIO,"anticoncepcion, prevencion de its y de cancer de cuello uterino",numero de personas que recibieron orientacion en anticoncepcion,2016-10-01,0,10,69,22,1,102
SAN IGNACIO DE VELASCO,"anticoncepcion, prevencion de its y de cancer de cuello uterino",numero de personas que recibieron orientacion en anticoncepcion,2016-10-01,0,31,158,40,3,232
SAN JAVIER(BNI),"anticoncepcion, prevencion de its y de cancer de cuello uterino",numero de personas que recibieron orientacion en anticoncepcion,2016-10-01,0,3,13,2,0,18
SAN JOAQUIN,"anticoncepcion, prevencion de its y de cancer de cuello uterino",numero de personas que recibieron orientacion en anticoncepcion,2016-10-01,2,10,14,0,0,26
SAN JOSE DE CHIQUITOS,"anticoncepcion, prevencion de its y de cancer de cuello uterino",numero de personas que recibieron orientacion en anticoncepcion,2016-10-01,1,16,79,30,2,128
SAN JUAN DE YAPACANI,"anticoncepcion, prevencion de its y de cancer de cuello uterino",numero de personas que recibieron orientacion en anticoncepcion,2016-10-01,1,11,36,7,0,55
SAN JULIAN,"anticoncepcion, prevencion de its y de cancer de cuello uterino",numero de personas que recibieron orientacion en anticoncepcion,2016-10-01,2,53,134,52,4,245
SAN LORENZO(PND),"anticoncepcion, prevencion de its y de cancer de cuello uterino",numero de personas que recibieron orientacion en anticoncepcion,2016-10-01,1,17,64,23,6,111
SAN LORENZO(TJA),"anticoncepcion, prevencion de its y de cancer de cuello uterino",numero de personas que recibieron orientacion en anticoncepcion,2016-10-01,1,14,35,24,3,77
SAN LUCAS,"anticoncepcion, prevencion de its y de cancer de cuello uterino",numero de personas que recibieron orientacion en anticoncepcion,2016-10-01,362,583,90,64,13,1112
SAN MATIAS,"anticoncepcion, prevencion de its y de cancer de cuello uterino",numero de personas que recibieron orientacion en anticoncepcion,2016-10-01,1,9,45,13,1,69
SAN MIGUEL DE VELASCO,"anticoncepcion, prevencion de its y de cancer de cuello uterino",numero de personas que recibieron orientacion en anticoncepcion,2016-10-01,1,19,97,45,2,164
SAN PABLO DE LIPEZ,"anticoncepcion, prevencion de its y de cancer de cuello uterino",numero de personas que recibieron orientacion en anticoncepcion,2016-10-01,0,3,4,4,0,11
SAN PEDRO,"anticoncepcion, prevencion de its y de cancer de cuello uterino",numero de personas que recibieron orientacion en anticoncepcion,2016-10-01,1,8,37,14,0,60
SAN PEDRO DE BUENA VISTA,"anticoncepcion, prevencion de its y de cancer de cuello uterino",numero de personas que recibieron orientacion en anticoncepcion,2016-10-01,1,40,142,117,2,302
SAN PEDRO DE CURAHUARA,"anticoncepcion, prevencion de its y de cancer de cuello uterino",numero de personas que recibieron orientacion en anticoncepcion,2016-10-01,0,2,5,2,0,9
SAN PEDRO DE QUEMES,"anticoncepcion, prevencion de its y de cancer de cuello uterino",numero de personas que recibieron orientacion en anticoncepcion,2016-10-01,0,0,0,1,0,1
SAN PEDRO DE TIQUINA,"anticoncepcion, prevencion de its y de cancer de cuello uterino",numero de personas que recibieron orientacion en anticoncepcion,2016-10-01,0,3,13,9,1,26
SAN PEDRO(PND),"anticoncepcion, prevencion de its y de cancer de cuello uterino",numero de personas que recibieron orientacion en anticoncepcion,2016-10-01,0,2,4,0,0,6
SAN RAFAEL,"anticoncepcion, prevencion de its y de cancer de cuello uterino",numero de personas que recibieron orientacion en anticoncepcion,2016-10-01,1,11,87,24,0,123
SAN RAMON BENI,"anticoncepcion, prevencion de its y de cancer de cuello uterino",numero de personas que recibieron orientacion en anticoncepcion,2016-10-01,5,27,32,16,0,80
SAN RAMON SCZ,"anticoncepcion, prevencion de its y de cancer de cuello uterino",numero de personas que recibieron orientacion en anticoncepcion,2016-10-01,2,12,73,16,0,103
SANTA ANA,"anticoncepcion, prevencion de its y de cancer de cuello uterino",numero de personas que recibieron orientacion en anticoncepcion,2016-10-01,1,16,41,8,0,66
SANTA CRUZ DE LA SIERRA,"anticoncepcion, prevencion de its y de cancer de cuello uterino",numero de personas que recibieron orientacion en anticoncepcion,2016-10-01,32,479,1791,425,47,2774
SANTA ROSA,"anticoncepcion, prevencion de its y de cancer de cuello uterino",numero de personas que recibieron orientacion en anticoncepcion,2016-10-01,0,8,20,2,0,30
SANTA ROSA DEL SARA,"anticoncepcion, prevencion de its y de cancer de cuello uterino",numero de personas que recibieron orientacion en anticoncepcion,2016-10-01,0,13,54,37,1,105
SANTIAGO DE CALLAPA,"anticoncepcion, prevencion de its y de cancer de cuello uterino",numero de personas que recibieron orientacion en anticoncepcion,2016-10-01,0,1,1,3,1,6
SANTIAGO DE HUARI,"anticoncepcion, prevencion de its y de cancer de cuello uterino",numero de personas que recibieron orientacion en anticoncepcion,2016-10-01,0,6,21,3,0,30
SANTIAGO DE HUATA,"anticoncepcion, prevencion de its y de cancer de cuello uterino",numero de personas que recibieron orientacion en anticoncepcion,2016-10-01,0,2,6,8,0,16
SANTIAGO DE MACHACA,"anticoncepcion, prevencion de its y de cancer de cuello uterino",numero de personas que recibieron orientacion en anticoncepcion,2016-10-01,0,0,3,1,1,5
SANTIVAÑES,"anticoncepcion, prevencion de its y de cancer de cuello uterino",numero de personas que recibieron orientacion en anticoncepcion,2016-10-01,0,2,1,1,0,4
SANTUARIO DE QUILLACAS,"anticoncepcion, prevencion de its y de cancer de cuello uterino",numero de personas que recibieron orientacion en anticoncepcion,2016-10-01,1,3,29,11,0,44
SAPAHAQUI,"anticoncepcion, prevencion de its y de cancer de cuello uterino",numero de personas que recibieron orientacion en anticoncepcion,2016-10-01,0,4,14,3,1,22
SENA,"anticoncepcion, prevencion de its y de cancer de cuello uterino",numero de personas que recibieron orientacion en anticoncepcion,2016-10-01,4,8,29,13,3,57
SHINAOTA,"anticoncepcion, prevencion de its y de cancer de cuello uterino",numero de personas que recibieron orientacion en anticoncepcion,2016-10-01,0,11,36,6,0,53
SICA SICA (VILLA AROMA),"anticoncepcion, prevencion de its y de cancer de cuello uterino",numero de personas que recibieron orientacion en anticoncepcion,2016-10-01,0,3,34,18,2,57
SICAYA,"anticoncepcion, prevencion de its y de cancer de cuello uterino",numero de personas que recibieron orientacion en anticoncepcion,2016-10-01,0,0,6,7,0,13
SIPE SIPE,"anticoncepcion, prevencion de its y de cancer de cuello uterino",numero de personas que recibieron orientacion en anticoncepcion,2016-10-01,1,35,181,69,9,295
SOPACHUY,"anticoncepcion, prevencion de its y de cancer de cuello uterino",numero de personas que recibieron orientacion en anticoncepcion,2016-10-01,105,176,87,55,14,437
SORACACHI,"anticoncepcion, prevencion de its y de cancer de cuello uterino",numero de personas que recibieron orientacion en anticoncepcion,2016-10-01,0,5,11,13,0,29
SORATA,"anticoncepcion, prevencion de its y de cancer de cuello uterino",numero de personas que recibieron orientacion en anticoncepcion,2016-10-01,0,4,17,5,1,27
SUCRE,"anticoncepcion, prevencion de its y de cancer de cuello uterino",numero de personas que recibieron orientacion en anticoncepcion,2016-10-01,764,2926,1986,555,57,6288
TACACHI,"anticoncepcion, prevencion de its y de cancer de cuello uterino",numero de personas que recibieron orientacion en anticoncepcion,2016-10-01,0,0,1,0,0,1
TACACOMA,"anticoncepcion, prevencion de its y de cancer de cuello uterino",numero de personas que recibieron orientacion en anticoncepcion,2016-10-01,0,1,12,6,0,19
TACOBAMBA,"anticoncepcion, prevencion de its y de cancer de cuello uterino",numero de personas que recibieron orientacion en anticoncepcion,2016-10-01,0,1,3,3,0,7
TACOPAYA,"anticoncepcion, prevencion de its y de cancer de cuello uterino",numero de personas que recibieron orientacion en anticoncepcion,2016-10-01,0,6,16,21,1,44
TAHUA,"anticoncepcion, prevencion de its y de cancer de cuello uterino",numero de personas que recibieron orientacion en anticoncepcion,2016-10-01,0,0,2,0,0,2
TAPACARI,"anticoncepcion, prevencion de its y de cancer de cuello uterino",numero de personas que recibieron orientacion en anticoncepcion,2016-10-01,0,6,20,10,0,36
TARABUCO,"anticoncepcion, prevencion de its y de cancer de cuello uterino",numero de personas que recibieron orientacion en anticoncepcion,2016-10-01,154,506,168,100,45,973
TARACO,"anticoncepcion, prevencion de its y de cancer de cuello uterino",numero de personas que recibieron orientacion en anticoncepcion,2016-10-01,0,2,6,2,0,10
TARATA,"anticoncepcion, prevencion de its y de cancer de cuello uterino",numero de personas que recibieron orientacion en anticoncepcion,2016-10-01,0,8,39,16,0,63
TARIJA,"anticoncepcion, prevencion de its y de cancer de cuello uterino",numero de personas que recibieron orientacion en anticoncepcion,2016-10-01,3,35,371,488,5,902
TARVITA,"anticoncepcion, prevencion de its y de cancer de cuello uterino",numero de personas que recibieron orientacion en anticoncepcion,2016-10-01,235,361,21,25,21,663
TEOPONTE,"anticoncepcion, prevencion de its y de cancer de cuello uterino",numero de personas que recibieron orientacion en anticoncepcion,2016-10-01,0,29,46,11,0,86
TIAWANACU,"anticoncepcion, prevencion de its y de cancer de cuello uterino",numero de personas que recibieron orientacion en anticoncepcion,2016-10-01,0,8,20,13,3,44
TINGUIPAYA,"anticoncepcion, prevencion de its y de cancer de cuello uterino",numero de personas que recibieron orientacion en anticoncepcion,2016-10-01,0,11,7,5,0,23
TIPUANI,"anticoncepcion, prevencion de its y de cancer de cuello uterino",numero de personas que recibieron orientacion en anticoncepcion,2016-10-01,0,1,15,8,0,24
TIQUIPAYA,"anticoncepcion, prevencion de its y de cancer de cuello uterino",numero de personas que recibieron orientacion en anticoncepcion,2016-10-01,2,57,207,81,3,350
TIRAQUE (CBBA),"anticoncepcion, prevencion de its y de cancer de cuello uterino",numero de personas que recibieron orientacion en anticoncepcion,2016-10-01,0,9,18,7,0,34
TITO YUPANQUI (PARQUIPUJIO),"anticoncepcion, prevencion de its y de cancer de cuello uterino",numero de personas que recibieron orientacion en anticoncepcion,2016-10-01,0,1,2,0,0,3
TOCO,"anticoncepcion, prevencion de its y de cancer de cuello uterino",numero de personas que recibieron orientacion en anticoncepcion,2016-10-01,0,4,14,9,1,28
TOLATA,"anticoncepcion, prevencion de its y de cancer de cuello uterino",numero de personas que recibieron orientacion en anticoncepcion,2016-10-01,0,11,45,14,0,70
TOLEDO,"anticoncepcion, prevencion de its y de cancer de cuello uterino",numero de personas que recibieron orientacion en anticoncepcion,2016-10-01,0,0,3,1,1,5
TOMAVE,"anticoncepcion, prevencion de its y de cancer de cuello uterino",numero de personas que recibieron orientacion en anticoncepcion,2016-10-01,0,2,5,3,0,10
TOMINA,"anticoncepcion, prevencion de its y de cancer de cuello uterino",numero de personas que recibieron orientacion en anticoncepcion,2016-10-01,97,97,18,4,0,216
TORO TORO,"anticoncepcion, prevencion de its y de cancer de cuello uterino",numero de personas que recibieron orientacion en anticoncepcion,2016-10-01,1,18,67,46,19,151
TOTORA(CBBA),"anticoncepcion, prevencion de its y de cancer de cuello uterino",numero de personas que recibieron orientacion en anticoncepcion,2016-10-01,0,8,28,7,0,43
TOTORA(ORR),"anticoncepcion, prevencion de its y de cancer de cuello uterino",numero de personas que recibieron orientacion en anticoncepcion,2016-10-01,0,1,5,1,0,7
TRINIDAD,"anticoncepcion, prevencion de its y de cancer de cuello uterino",numero de personas que recibieron orientacion en anticoncepcion,2016-10-01,8,257,683,211,16,1175
TUPIZA,"anticoncepcion, prevencion de its y de cancer de cuello uterino",numero de personas que recibieron orientacion en anticoncepcion,2016-10-01,0,16,156,57,8,237
TURCO,"anticoncepcion, prevencion de its y de cancer de cuello uterino",numero de personas que recibieron orientacion en anticoncepcion,2016-10-01,0,1,7,5,0,13
UMALA,"anticoncepcion, prevencion de its y de cancer de cuello uterino",numero de personas que recibieron orientacion en anticoncepcion,2016-10-01,0,4,15,7,0,26
UNCIA,"anticoncepcion, prevencion de its y de cancer de cuello uterino",numero de personas que recibieron orientacion en anticoncepcion,2016-10-01,0,4,32,6,1,43
URIONDO (A. CONCEPCION),"anticoncepcion, prevencion de its y de cancer de cuello uterino",numero de personas que recibieron orientacion en anticoncepcion,2016-10-01,2,12,56,36,5,111
URUBICHA,"anticoncepcion, prevencion de its y de cancer de cuello uterino",numero de personas que recibieron orientacion en anticoncepcion,2016-10-01,0,10,26,15,0,51
UYUNI,"anticoncepcion, prevencion de its y de cancer de cuello uterino",numero de personas que recibieron orientacion en anticoncepcion,2016-10-01,0,29,100,14,0,143
VACAS,"anticoncepcion, prevencion de its y de cancer de cuello uterino",numero de personas que recibieron orientacion en anticoncepcion,2016-10-01,0,5,30,18,1,54
VALLEGRANDE,"anticoncepcion, prevencion de its y de cancer de cuello uterino",numero de personas que recibieron orientacion en anticoncepcion,2016-10-01,0,0,4,6,0,10
VIACHA,"anticoncepcion, prevencion de its y de cancer de cuello uterino",numero de personas que recibieron orientacion en anticoncepcion,2016-10-01,0,31,103,56,5,195
VILA VILA,"anticoncepcion, prevencion de its y de cancer de cuello uterino",numero de personas que recibieron orientacion en anticoncepcion,2016-10-01,0,2,7,1,0,10
VILLA CHARCAS,"anticoncepcion, prevencion de its y de cancer de cuello uterino",numero de personas que recibieron orientacion en anticoncepcion,2016-10-01,195,102,37,37,14,385
VILLA MONTES,"anticoncepcion, prevencion de its y de cancer de cuello uterino",numero de personas que recibieron orientacion en anticoncepcion,2016-10-01,52,130,94,65,2,343
VILLA NUEVA (LOMA ALTA),"anticoncepcion, prevencion de its y de cancer de cuello uterino",numero de personas que recibieron orientacion en anticoncepcion,2016-10-01,0,1,7,0,0,8
VILLA RIVERO,"anticoncepcion, prevencion de its y de cancer de cuello uterino",numero de personas que recibieron orientacion en anticoncepcion,2016-10-01,0,7,30,13,0,50
VILLA SERRANO,"anticoncepcion, prevencion de its y de cancer de cuello uterino",numero de personas que recibieron orientacion en anticoncepcion,2016-10-01,79,78,26,25,3,211
VILLA TUNARI,"anticoncepcion, prevencion de its y de cancer de cuello uterino",numero de personas que recibieron orientacion en anticoncepcion,2016-10-01,3,53,222,91,1,370
VILLA VACA GUZMAN (MUYUPAMPA),"anticoncepcion, prevencion de its y de cancer de cuello uterino",numero de personas que recibieron orientacion en anticoncepcion,2016-10-01,6,27,22,6,0,61
VILLAZON,"anticoncepcion, prevencion de its y de cancer de cuello uterino",numero de personas que recibieron orientacion en anticoncepcion,2016-10-01,1,18,54,27,2,102
VINTO,"anticoncepcion, prevencion de its y de cancer de cuello uterino",numero de personas que recibieron orientacion en anticoncepcion,2016-10-01,14,100,325,76,2,517
VITICHI,"anticoncepcion, prevencion de its y de cancer de cuello uterino",numero de personas que recibieron orientacion en anticoncepcion,2016-10-01,1,8,17,8,1,35
WALDO BALLIVIAN,"anticoncepcion, prevencion de its y de cancer de cuello uterino",numero de personas que recibieron orientacion en anticoncepcion,2016-10-01,0,0,3,3,0,6
WARNES,"anticoncepcion, prevencion de its y de cancer de cuello uterino",numero de personas que recibieron orientacion en anticoncepcion,2016-10-01,2,37,143,35,5,222
YACO,"anticoncepcion, prevencion de its y de cancer de cuello uterino",numero de personas que recibieron orientacion en anticoncepcion,2016-10-01,0,1,5,2,0,8
YACUIBA,"anticoncepcion, prevencion de its y de cancer de cuello uterino",numero de personas que recibieron orientacion en anticoncepcion,2016-10-01,5,86,404,212,39,746
YAMPARAEZ,"anticoncepcion, prevencion de its y de cancer de cuello uterino",numero de personas que recibieron orientacion en anticoncepcion,2016-10-01,79,112,53,63,7,314
YANACACHI,"anticoncepcion, prevencion de its y de cancer de cuello uterino",numero de personas que recibieron orientacion en anticoncepcion,2016-10-01,0,0,4,3,0,7
YAPACANI,"anticoncepcion, prevencion de its y de cancer de cuello uterino",numero de personas que recibieron orientacion en anticoncepcion,2016-10-01,0,35,77,25,0,137
YOCALLA,"anticoncepcion, prevencion de its y de cancer de cuello uterino",numero de personas que recibieron orientacion en anticoncepcion,2016-10-01,0,3,12,7,0,22
YOTALA,"anticoncepcion, prevencion de its y de cancer de cuello uterino",numero de personas que recibieron orientacion en anticoncepcion,2016-10-01,102,127,54,29,9,321
YUNCHARA,"anticoncepcion, prevencion de its y de cancer de cuello uterino",numero de personas que recibieron orientacion en anticoncepcion,2016-10-01,0,2,28,25,0,55
ZUDAÑEZ,"anticoncepcion, prevencion de its y de cancer de cuello uterino",numero de personas que recibieron orientacion en anticoncepcion,2016-10-01,213,276,5,2,0,496
ACACIO,"anticoncepcion, prevencion de its y de cancer de cuello uterino",numero de personas que recibieron orientacion en anticoncepcion,2016-11-01,0,1,12,11,3,27
ACHACACHI,"anticoncepcion, prevencion de its y de cancer de cuello uterino",numero de personas que recibieron orientacion en anticoncepcion,2016-11-01,1,10,65,20,2,98
ACHOCALLA,"anticoncepcion, prevencion de its y de cancer de cuello uterino",numero de personas que recibieron orientacion en anticoncepcion,2016-11-01,0,2,42,17,2,63
AIQUILE,"anticoncepcion, prevencion de its y de cancer de cuello uterino",numero de personas que recibieron orientacion en anticoncepcion,2016-11-01,0,22,69,17,0,108
ALALAY,"anticoncepcion, prevencion de its y de cancer de cuello uterino",numero de personas que recibieron orientacion en anticoncepcion,2016-11-01,0,1,4,2,0,7
ALCALA,"anticoncepcion, prevencion de its y de cancer de cuello uterino",numero de personas que recibieron orientacion en anticoncepcion,2016-11-01,66,30,14,10,1,121
ALTO BENI,"anticoncepcion, prevencion de its y de cancer de cuello uterino",numero de personas que recibieron orientacion en anticoncepcion,2016-11-01,0,2,6,5,0,13
ANCORAIMES,"anticoncepcion, prevencion de its y de cancer de cuello uterino",numero de personas que recibieron orientacion en anticoncepcion,2016-11-01,0,5,5,2,1,13
ANDAMARCA,"anticoncepcion, prevencion de its y de cancer de cuello uterino",numero de personas que recibieron orientacion en anticoncepcion,2016-11-01,0,5,17,6,0,28
ANTEQUERA,"anticoncepcion, prevencion de its y de cancer de cuello uterino",numero de personas que recibieron orientacion en anticoncepcion,2016-11-01,0,3,4,0,0,7
ANZALDO,"anticoncepcion, prevencion de its y de cancer de cuello uterino",numero de personas que recibieron orientacion en anticoncepcion,2016-11-01,0,3,19,8,0,30
APOLO,"anticoncepcion, prevencion de its y de cancer de cuello uterino",numero de personas que recibieron orientacion en anticoncepcion,2016-11-01,0,8,30,45,34,117
ARAMPAMPA,"anticoncepcion, prevencion de its y de cancer de cuello uterino",numero de personas que recibieron orientacion en anticoncepcion,2016-11-01,0,4,8,5,0,17
ARANI,"anticoncepcion, prevencion de its y de cancer de cuello uterino",numero de personas que recibieron orientacion en anticoncepcion,2016-11-01,0,0,2,3,0,5
ARBIETO,"anticoncepcion, prevencion de its y de cancer de cuello uterino",numero de personas que recibieron orientacion en anticoncepcion,2016-11-01,0,21,85,28,1,135
ARQUE,"anticoncepcion, prevencion de its y de cancer de cuello uterino",numero de personas que recibieron orientacion en anticoncepcion,2016-11-01,0,4,20,20,0,44
ASCENCION DE GUARAYOS,"anticoncepcion, prevencion de its y de cancer de cuello uterino",numero de personas que recibieron orientacion en anticoncepcion,2016-11-01,7,48,143,46,5,249
ATOCHA,"anticoncepcion, prevencion de its y de cancer de cuello uterino",numero de personas que recibieron orientacion en anticoncepcion,2016-11-01,2,10,37,18,1,68
AUCAPATA,"anticoncepcion, prevencion de its y de cancer de cuello uterino",numero de personas que recibieron orientacion en anticoncepcion,2016-11-01,0,3,4,4,0,11
AYATA,"anticoncepcion, prevencion de its y de cancer de cuello uterino",numero de personas que recibieron orientacion en anticoncepcion,2016-11-01,0,3,21,12,1,37
AYO AYO,"anticoncepcion, prevencion de its y de cancer de cuello uterino",numero de personas que recibieron orientacion en anticoncepcion,2016-11-01,0,1,3,2,0,6
AYOPAYA (V. DE INDEPENDENCIA),"anticoncepcion, prevencion de its y de cancer de cuello uterino",numero de personas que recibieron orientacion en anticoncepcion,2016-11-01,0,13,50,15,0,78
AZURDUY,"anticoncepcion, prevencion de its y de cancer de cuello uterino",numero de personas que recibieron orientacion en anticoncepcion,2016-11-01,97,55,18,8,0,178
BATALLAS,"anticoncepcion, prevencion de its y de cancer de cuello uterino",numero de personas que recibieron orientacion en anticoncepcion,2016-11-01,1,5,36,23,0,65
BAURES,"anticoncepcion, prevencion de its y de cancer de cuello uterino",numero de personas que recibieron orientacion en anticoncepcion,2016-11-01,0,23,25,5,0,53
BELEN DE ANDAMARCA,"anticoncepcion, prevencion de its y de cancer de cuello uterino",numero de personas que recibieron orientacion en anticoncepcion,2016-11-01,0,1,1,1,0,3
BELEN DE URMIRI,"anticoncepcion, prevencion de its y de cancer de cuello uterino",numero de personas que recibieron orientacion en anticoncepcion,2016-11-01,0,0,2,0,0,2
BELLA FLOR,"anticoncepcion, prevencion de its y de cancer de cuello uterino",numero de personas que recibieron orientacion en anticoncepcion,2016-11-01,0,3,7,4,0,14
BERMEJO,"anticoncepcion, prevencion de its y de cancer de cuello uterino",numero de personas que recibieron orientacion en anticoncepcion,2016-11-01,2,28,186,98,16,330
BETANZOS,"anticoncepcion, prevencion de its y de cancer de cuello uterino",numero de personas que recibieron orientacion en anticoncepcion,2016-11-01,1,13,51,32,6,103
BOLIVAR,"anticoncepcion, prevencion de its y de cancer de cuello uterino",numero de personas que recibieron orientacion en anticoncepcion,2016-11-01,0,1,15,9,0,25
BOLPEBRA,"anticoncepcion, prevencion de its y de cancer de cuello uterino",numero de personas que recibieron orientacion en anticoncepcion,2016-11-01,2,3,8,2,1,16
BOYUIBE,"anticoncepcion, prevencion de its y de cancer de cuello uterino",numero de personas que recibieron orientacion en anticoncepcion,2016-11-01,0,1,4,3,0,8
BUENA VISTA,"anticoncepcion, prevencion de its y de cancer de cuello uterino",numero de personas que recibieron orientacion en anticoncepcion,2016-11-01,7,32,74,38,0,151
CABEZAS,"anticoncepcion, prevencion de its y de cancer de cuello uterino",numero de personas que recibieron orientacion en anticoncepcion,2016-11-01,0,7,17,4,6,34
CAIROMA,"anticoncepcion, prevencion de its y de cancer de cuello uterino",numero de personas que recibieron orientacion en anticoncepcion,2016-11-01,0,0,6,2,0,8
"CAIZA ""D""","anticoncepcion, prevencion de its y de cancer de cuello uterino",numero de personas que recibieron orientacion en anticoncepcion,2016-11-01,0,4,36,18,8,66
CAJUATA,"anticoncepcion, prevencion de its y de cancer de cuello uterino",numero de personas que recibieron orientacion en anticoncepcion,2016-11-01,0,6,24,6,0,36
CALACOTO,"anticoncepcion, prevencion de its y de cancer de cuello uterino",numero de personas que recibieron orientacion en anticoncepcion,2016-11-01,0,0,2,1,0,3
CALAMARCA,"anticoncepcion, prevencion de its y de cancer de cuello uterino",numero de personas que recibieron orientacion en anticoncepcion,2016-11-01,0,2,24,1,1,28
CAMARGO,"anticoncepcion, prevencion de its y de cancer de cuello uterino",numero de personas que recibieron orientacion en anticoncepcion,2016-11-01,204,525,42,30,1,802
CAMATAQUI (C. VILLA ABECIA),"anticoncepcion, prevencion de its y de cancer de cuello uterino",numero de personas que recibieron orientacion en anticoncepcion,2016-11-01,21,12,11,2,1,47
CAMIRI,"anticoncepcion, prevencion de its y de cancer de cuello uterino",numero de personas que recibieron orientacion en anticoncepcion,2016-11-01,0,23,66,6,0,95
CAPINOTA,"anticoncepcion, prevencion de its y de cancer de cuello uterino",numero de personas que recibieron orientacion en anticoncepcion,2016-11-01,0,4,24,5,0,33
CAQUIAVIRI,"anticoncepcion, prevencion de its y de cancer de cuello uterino",numero de personas que recibieron orientacion en anticoncepcion,2016-11-01,0,4,13,13,16,46
CARACOLLO,"anticoncepcion, prevencion de its y de cancer de cuello uterino",numero de personas que recibieron orientacion en anticoncepcion,2016-11-01,0,8,31,9,1,49
CARANAVI,"anticoncepcion, prevencion de its y de cancer de cuello uterino",numero de personas que recibieron orientacion en anticoncepcion,2016-11-01,0,74,263,167,16,520
CARAPARI,"anticoncepcion, prevencion de its y de cancer de cuello uterino",numero de personas que recibieron orientacion en anticoncepcion,2016-11-01,0,4,22,22,1,49
CARIPUYO,"anticoncepcion, prevencion de its y de cancer de cuello uterino",numero de personas que recibieron orientacion en anticoncepcion,2016-11-01,0,5,8,6,0,19
CARMEN RIVERO TORREZ,"anticoncepcion, prevencion de its y de cancer de cuello uterino",numero de personas que recibieron orientacion en anticoncepcion,2016-11-01,1,4,4,4,0,13
CATACORA,"anticoncepcion, prevencion de its y de cancer de cuello uterino",numero de personas que recibieron orientacion en anticoncepcion,2016-11-01,0,0,2,0,0,2
CHACARILLA,"anticoncepcion, prevencion de its y de cancer de cuello uterino",numero de personas que recibieron orientacion en anticoncepcion,2016-11-01,0,7,6,3,0,16
CHALLAPATA,"anticoncepcion, prevencion de its y de cancer de cuello uterino",numero de personas que recibieron orientacion en anticoncepcion,2016-11-01,0,19,119,52,0,190
CHAQUI,"anticoncepcion, prevencion de its y de cancer de cuello uterino",numero de personas que recibieron orientacion en anticoncepcion,2016-11-01,1,22,43,23,2,91
CHARAGUA,"anticoncepcion, prevencion de its y de cancer de cuello uterino",numero de personas que recibieron orientacion en anticoncepcion,2016-11-01,0,1,37,12,0,50
CHARAÑA,"anticoncepcion, prevencion de its y de cancer de cuello uterino",numero de personas que recibieron orientacion en anticoncepcion,2016-11-01,0,0,7,5,0,12
CHAYANTA,"anticoncepcion, prevencion de its y de cancer de cuello uterino",numero de personas que recibieron orientacion en anticoncepcion,2016-11-01,0,6,22,10,0,38
CHIMORE,"anticoncepcion, prevencion de its y de cancer de cuello uterino",numero de personas que recibieron orientacion en anticoncepcion,2016-11-01,1,13,41,13,0,68
CHIPAYA,"anticoncepcion, prevencion de its y de cancer de cuello uterino",numero de personas que recibieron orientacion en anticoncepcion,2016-11-01,1,0,3,3,0,7
CHOQUE COTA,"anticoncepcion, prevencion de its y de cancer de cuello uterino",numero de personas que recibieron orientacion en anticoncepcion,2016-11-01,0,0,4,0,0,4
CHUA COCANI,"anticoncepcion, prevencion de its y de cancer de cuello uterino",numero de personas que recibieron orientacion en anticoncepcion,2016-11-01,0,1,4,0,0,5
CHULUMANI (V. DE LA LIBERTAD),"anticoncepcion, prevencion de its y de cancer de cuello uterino",numero de personas que recibieron orientacion en anticoncepcion,2016-11-01,0,15,33,10,0,58
CHUMA,"anticoncepcion, prevencion de its y de cancer de cuello uterino",numero de personas que recibieron orientacion en anticoncepcion,2016-11-01,1,1,9,8,4,23
CHUQUIHUTA AYLLU JUCUMANI,"anticoncepcion, prevencion de its y de cancer de cuello uterino",numero de personas que recibieron orientacion en anticoncepcion,2016-11-01,0,11,23,11,0,45
CKOCHAS,"anticoncepcion, prevencion de its y de cancer de cuello uterino",numero de personas que recibieron orientacion en anticoncepcion,2016-11-01,0,7,13,11,2,33
CLIZA,"anticoncepcion, prevencion de its y de cancer de cuello uterino",numero de personas que recibieron orientacion en anticoncepcion,2016-11-01,0,62,196,22,0,280
COBIJA,"anticoncepcion, prevencion de its y de cancer de cuello uterino",numero de personas que recibieron orientacion en anticoncepcion,2016-11-01,3,27,133,43,7,213
COCAPATA,"anticoncepcion, prevencion de its y de cancer de cuello uterino",numero de personas que recibieron orientacion en anticoncepcion,2016-11-01,0,24,82,30,0,136
COCHABAMBA,"anticoncepcion, prevencion de its y de cancer de cuello uterino",numero de personas que recibieron orientacion en anticoncepcion,2016-11-01,42,422,1889,535,27,2915
COIPASA,"anticoncepcion, prevencion de its y de cancer de cuello uterino",numero de personas que recibieron orientacion en anticoncepcion,2016-11-01,0,2,7,3,0,12
COLCAPIRHUA,"anticoncepcion, prevencion de its y de cancer de cuello uterino",numero de personas que recibieron orientacion en anticoncepcion,2016-11-01,7,61,577,100,35,780
"COLCHA ""K""","anticoncepcion, prevencion de its y de cancer de cuello uterino",numero de personas que recibieron orientacion en anticoncepcion,2016-11-01,0,6,33,13,8,60
COLLANA,"anticoncepcion, prevencion de its y de cancer de cuello uterino",numero de personas que recibieron orientacion en anticoncepcion,2016-11-01,0,0,6,0,0,6
COLOMI,"anticoncepcion, prevencion de its y de cancer de cuello uterino",numero de personas que recibieron orientacion en anticoncepcion,2016-11-01,0,16,27,12,0,55
COLPA BELGICA,"anticoncepcion, prevencion de its y de cancer de cuello uterino",numero de personas que recibieron orientacion en anticoncepcion,2016-11-01,0,4,6,0,0,10
COLQUECHACA,"anticoncepcion, prevencion de its y de cancer de cuello uterino",numero de personas que recibieron orientacion en anticoncepcion,2016-11-01,0,4,28,6,0,38
COLQUENCHA,"anticoncepcion, prevencion de its y de cancer de cuello uterino",numero de personas que recibieron orientacion en anticoncepcion,2016-11-01,0,0,9,2,0,11
COLQUIRI,"anticoncepcion, prevencion de its y de cancer de cuello uterino",numero de personas que recibieron orientacion en anticoncepcion,2016-11-01,0,10,28,3,1,42
COMARAPA,"anticoncepcion, prevencion de its y de cancer de cuello uterino",numero de personas que recibieron orientacion en anticoncepcion,2016-11-01,0,10,40,13,0,63
COMBAYA,"anticoncepcion, prevencion de its y de cancer de cuello uterino",numero de personas que recibieron orientacion en anticoncepcion,2016-11-01,0,1,2,3,0,6
CONCEPCION,"anticoncepcion, prevencion de its y de cancer de cuello uterino",numero de personas que recibieron orientacion en anticoncepcion,2016-11-01,0,1,16,2,0,19
COPACABANA,"anticoncepcion, prevencion de its y de cancer de cuello uterino",numero de personas que recibieron orientacion en anticoncepcion,2016-11-01,0,2,22,20,5,49
CORIPATA,"anticoncepcion, prevencion de its y de cancer de cuello uterino",numero de personas que recibieron orientacion en anticoncepcion,2016-11-01,0,8,24,6,0,38
CORO CORO,"anticoncepcion, prevencion de its y de cancer de cuello uterino",numero de personas que recibieron orientacion en anticoncepcion,2016-11-01,0,0,1,2,0,3
COROICO,"anticoncepcion, prevencion de its y de cancer de cuello uterino",numero de personas que recibieron orientacion en anticoncepcion,2016-11-01,0,3,16,4,3,26
CORQUE,"anticoncepcion, prevencion de its y de cancer de cuello uterino",numero de personas que recibieron orientacion en anticoncepcion,2016-11-01,0,5,10,0,0,15
COTAGAITA,"anticoncepcion, prevencion de its y de cancer de cuello uterino",numero de personas que recibieron orientacion en anticoncepcion,2016-11-01,0,10,43,39,2,94
COTOCA,"anticoncepcion, prevencion de its y de cancer de cuello uterino",numero de personas que recibieron orientacion en anticoncepcion,2016-11-01,0,15,72,9,1,97
CUATRO CAÑADAS,"anticoncepcion, prevencion de its y de cancer de cuello uterino",numero de personas que recibieron orientacion en anticoncepcion,2016-11-01,0,7,49,11,0,67
CUCHUMUELA (V. G. VILLARROEL),"anticoncepcion, prevencion de its y de cancer de cuello uterino",numero de personas que recibieron orientacion en anticoncepcion,2016-11-01,0,1,3,0,0,4
CUEVO,"anticoncepcion, prevencion de its y de cancer de cuello uterino",numero de personas que recibieron orientacion en anticoncepcion,2016-11-01,0,1,3,2,0,6
CULPINA,"anticoncepcion, prevencion de its y de cancer de cuello uterino",numero de personas que recibieron orientacion en anticoncepcion,2016-11-01,190,181,38,31,11,451
CURAHUARA DE CARANGAS,"anticoncepcion, prevencion de its y de cancer de cuello uterino",numero de personas que recibieron orientacion en anticoncepcion,2016-11-01,0,1,3,3,0,7
CURVA,"anticoncepcion, prevencion de its y de cancer de cuello uterino",numero de personas que recibieron orientacion en anticoncepcion,2016-11-01,0,0,3,1,0,4
DESAGUADERO,"anticoncepcion, prevencion de its y de cancer de cuello uterino",numero de personas que recibieron orientacion en anticoncepcion,2016-11-01,0,0,4,1,0,5
EL ALTO,"anticoncepcion, prevencion de its y de cancer de cuello uterino",numero de personas que recibieron orientacion en anticoncepcion,2016-11-01,8,676,2131,1008,167,3990
EL CHORO,"anticoncepcion, prevencion de its y de cancer de cuello uterino",numero de personas que recibieron orientacion en anticoncepcion,2016-11-01,3,2,12,2,0,19
EL PUENTE(STC),"anticoncepcion, prevencion de its y de cancer de cuello uterino",numero de personas que recibieron orientacion en anticoncepcion,2016-11-01,1,14,40,8,0,63
EL PUENTE(TJA),"anticoncepcion, prevencion de its y de cancer de cuello uterino",numero de personas que recibieron orientacion en anticoncepcion,2016-11-01,0,4,20,21,2,47
EL TORNO,"anticoncepcion, prevencion de its y de cancer de cuello uterino",numero de personas que recibieron orientacion en anticoncepcion,2016-11-01,4,34,85,29,9,161
EL VILLAR,"anticoncepcion, prevencion de its y de cancer de cuello uterino",numero de personas que recibieron orientacion en anticoncepcion,2016-11-01,54,74,4,0,0,132
ENTRE RIOS TRJ,"anticoncepcion, prevencion de its y de cancer de cuello uterino",numero de personas que recibieron orientacion en anticoncepcion,2016-11-01,0,19,55,22,4,100
ENTRE RIOS CBBA,"anticoncepcion, prevencion de its y de cancer de cuello uterino",numero de personas que recibieron orientacion en anticoncepcion,2016-11-01,2,27,109,28,4,170
ESCARA,"anticoncepcion, prevencion de its y de cancer de cuello uterino",numero de personas que recibieron orientacion en anticoncepcion,2016-11-01,0,0,3,0,0,3
ESCOMA,"anticoncepcion, prevencion de its y de cancer de cuello uterino",numero de personas que recibieron orientacion en anticoncepcion,2016-11-01,0,0,3,2,0,5
EUCALIPTUS,"anticoncepcion, prevencion de its y de cancer de cuello uterino",numero de personas que recibieron orientacion en anticoncepcion,2016-11-01,0,1,4,2,0,7
EUREKA (SANTOS MERCADO),"anticoncepcion, prevencion de its y de cancer de cuello uterino",numero de personas que recibieron orientacion en anticoncepcion,2016-11-01,0,0,3,1,0,4
EXALTACION,"anticoncepcion, prevencion de its y de cancer de cuello uterino",numero de personas que recibieron orientacion en anticoncepcion,2016-11-01,0,0,5,0,0,5
FERNANDEZ ALONSO,"anticoncepcion, prevencion de its y de cancer de cuello uterino",numero de personas que recibieron orientacion en anticoncepcion,2016-11-01,0,11,37,7,1,56
FILADELFIA,"anticoncepcion, prevencion de its y de cancer de cuello uterino",numero de personas que recibieron orientacion en anticoncepcion,2016-11-01,5,15,26,8,0,54
GENERAL SAAVEDRA,"anticoncepcion, prevencion de its y de cancer de cuello uterino",numero de personas que recibieron orientacion en anticoncepcion,2016-11-01,0,16,46,13,0,75
GRAL. J.J. PEREZ (CHARAZANI),"anticoncepcion, prevencion de its y de cancer de cuello uterino",numero de personas que recibieron orientacion en anticoncepcion,2016-11-01,0,3,22,16,0,41
GUANAY,"anticoncepcion, prevencion de its y de cancer de cuello uterino",numero de personas que recibieron orientacion en anticoncepcion,2016-11-01,0,7,28,11,2,48
GUAQUI,"anticoncepcion, prevencion de its y de cancer de cuello uterino",numero de personas que recibieron orientacion en anticoncepcion,2016-11-01,0,3,11,7,0,21
GUAYARAMERIN,"anticoncepcion, prevencion de its y de cancer de cuello uterino",numero de personas que recibieron orientacion en anticoncepcion,2016-11-01,6,303,336,59,4,708
GUTIERREZ,"anticoncepcion, prevencion de its y de cancer de cuello uterino",numero de personas que recibieron orientacion en anticoncepcion,2016-11-01,0,0,16,0,0,16
HUACARETA,"anticoncepcion, prevencion de its y de cancer de cuello uterino",numero de personas que recibieron orientacion en anticoncepcion,2016-11-01,18,89,62,21,1,191
HUACAYA (VILLA DE HUACAYA),"anticoncepcion, prevencion de its y de cancer de cuello uterino",numero de personas que recibieron orientacion en anticoncepcion,2016-11-01,21,50,8,2,0,81
HUACHACALLA,"anticoncepcion, prevencion de its y de cancer de cuello uterino",numero de personas que recibieron orientacion en anticoncepcion,2016-11-01,0,3,4,1,0,8
HUANUNI,"anticoncepcion, prevencion de its y de cancer de cuello uterino",numero de personas que recibieron orientacion en anticoncepcion,2016-11-01,0,1,32,7,0,40
HUARACAJE,"anticoncepcion, prevencion de its y de cancer de cuello uterino",numero de personas que recibieron orientacion en anticoncepcion,2016-11-01,3,22,19,15,0,59
HUARINA,"anticoncepcion, prevencion de its y de cancer de cuello uterino",numero de personas que recibieron orientacion en anticoncepcion,2016-11-01,0,3,9,0,0,12
HUATAJATA,"anticoncepcion, prevencion de its y de cancer de cuello uterino",numero de personas que recibieron orientacion en anticoncepcion,2016-11-01,0,1,1,2,0,4
HUAYLLAMARCA,"anticoncepcion, prevencion de its y de cancer de cuello uterino",numero de personas que recibieron orientacion en anticoncepcion,2016-11-01,0,2,4,2,0,8
HUMANATA,"anticoncepcion, prevencion de its y de cancer de cuello uterino",numero de personas que recibieron orientacion en anticoncepcion,2016-11-01,1,0,5,2,0,8
ICHOCA,"anticoncepcion, prevencion de its y de cancer de cuello uterino",numero de personas que recibieron orientacion en anticoncepcion,2016-11-01,0,2,7,3,0,12
ICLA,"anticoncepcion, prevencion de its y de cancer de cuello uterino",numero de personas que recibieron orientacion en anticoncepcion,2016-11-01,38,54,3,2,0,97
INCAHUASI,"anticoncepcion, prevencion de its y de cancer de cuello uterino",numero de personas que recibieron orientacion en anticoncepcion,2016-11-01,185,246,45,36,11,523
INGAVI (HUMAITA),"anticoncepcion, prevencion de its y de cancer de cuello uterino",numero de personas que recibieron orientacion en anticoncepcion,2016-11-01,0,2,1,0,0,3
INQUISIVI,"anticoncepcion, prevencion de its y de cancer de cuello uterino",numero de personas que recibieron orientacion en anticoncepcion,2016-11-01,0,4,9,2,0,15
IRUPANA (VILLA DE LANZA),"anticoncepcion, prevencion de its y de cancer de cuello uterino",numero de personas que recibieron orientacion en anticoncepcion,2016-11-01,0,5,31,16,0,52
IXIAMAS,"anticoncepcion, prevencion de its y de cancer de cuello uterino",numero de personas que recibieron orientacion en anticoncepcion,2016-11-01,1,1,9,0,0,11
JESUS DE MACHACA,"anticoncepcion, prevencion de its y de cancer de cuello uterino",numero de personas que recibieron orientacion en anticoncepcion,2016-11-01,0,2,17,6,3,28
LA ASUNTA,"anticoncepcion, prevencion de its y de cancer de cuello uterino",numero de personas que recibieron orientacion en anticoncepcion,2016-11-01,0,27,89,15,0,131
LA GUARDIA,"anticoncepcion, prevencion de its y de cancer de cuello uterino",numero de personas que recibieron orientacion en anticoncepcion,2016-11-01,4,76,325,95,18,518
LA PAZ,"anticoncepcion, prevencion de its y de cancer de cuello uterino",numero de personas que recibieron orientacion en anticoncepcion,2016-11-01,4,186,1765,639,69,2663
LAGUNILLAS,"anticoncepcion, prevencion de its y de cancer de cuello uterino",numero de personas que recibieron orientacion en anticoncepcion,2016-11-01,0,1,5,4,0,10
LAJA,"anticoncepcion, prevencion de its y de cancer de cuello uterino",numero de personas que recibieron orientacion en anticoncepcion,2016-11-01,0,9,35,11,2,57
LAS CARRERAS,"anticoncepcion, prevencion de its y de cancer de cuello uterino",numero de personas que recibieron orientacion en anticoncepcion,2016-11-01,3,9,33,22,9,76
LICOMA PAMPA,"anticoncepcion, prevencion de its y de cancer de cuello uterino",numero de personas que recibieron orientacion en anticoncepcion,2016-11-01,0,0,4,0,0,4
LLALLAGUA,"anticoncepcion, prevencion de its y de cancer de cuello uterino",numero de personas que recibieron orientacion en anticoncepcion,2016-11-01,3,96,170,55,5,329
LLICA,"anticoncepcion, prevencion de its y de cancer de cuello uterino",numero de personas que recibieron orientacion en anticoncepcion,2016-11-01,0,0,6,2,0,8
LORETO,"anticoncepcion, prevencion de its y de cancer de cuello uterino",numero de personas que recibieron orientacion en anticoncepcion,2016-11-01,0,64,16,6,0,86
LURIBAY,"anticoncepcion, prevencion de its y de cancer de cuello uterino",numero de personas que recibieron orientacion en anticoncepcion,2016-11-01,0,2,10,9,2,23
MACHACAMARCA,"anticoncepcion, prevencion de its y de cancer de cuello uterino",numero de personas que recibieron orientacion en anticoncepcion,2016-11-01,0,1,6,2,0,9
MACHARETI,"anticoncepcion, prevencion de its y de cancer de cuello uterino",numero de personas que recibieron orientacion en anticoncepcion,2016-11-01,62,71,31,6,0,170
MAGDALENA,"anticoncepcion, prevencion de its y de cancer de cuello uterino",numero de personas que recibieron orientacion en anticoncepcion,2016-11-01,0,13,30,9,0,52
MAIRANA,"anticoncepcion, prevencion de its y de cancer de cuello uterino",numero de personas que recibieron orientacion en anticoncepcion,2016-11-01,1,11,42,6,0,60
MALLA,"anticoncepcion, prevencion de its y de cancer de cuello uterino",numero de personas que recibieron orientacion en anticoncepcion,2016-11-01,0,1,1,1,2,5
MAPIRI,"anticoncepcion, prevencion de its y de cancer de cuello uterino",numero de personas que recibieron orientacion en anticoncepcion,2016-11-01,0,4,20,8,0,32
MECAPACA,"anticoncepcion, prevencion de its y de cancer de cuello uterino",numero de personas que recibieron orientacion en anticoncepcion,2016-11-01,0,3,31,3,0,37
MINEROS,"anticoncepcion, prevencion de its y de cancer de cuello uterino",numero de personas que recibieron orientacion en anticoncepcion,2016-11-01,0,17,88,26,3,134
MIZQUE,"anticoncepcion, prevencion de its y de cancer de cuello uterino",numero de personas que recibieron orientacion en anticoncepcion,2016-11-01,1,27,105,35,0,168
MOCOMOCO,"anticoncepcion, prevencion de its y de cancer de cuello uterino",numero de personas que recibieron orientacion en anticoncepcion,2016-11-01,0,5,12,5,0,22
MOJINETE,"anticoncepcion, prevencion de its y de cancer de cuello uterino",numero de personas que recibieron orientacion en anticoncepcion,2016-11-01,0,0,3,1,0,4
MOJOCOYA,"anticoncepcion, prevencion de its y de cancer de cuello uterino",numero de personas que recibieron orientacion en anticoncepcion,2016-11-01,47,117,37,23,17,241
MONTEAGUDO,"anticoncepcion, prevencion de its y de cancer de cuello uterino",numero de personas que recibieron orientacion en anticoncepcion,2016-11-01,49,238,108,64,5,464
MONTERO,"anticoncepcion, prevencion de its y de cancer de cuello uterino",numero de personas que recibieron orientacion en anticoncepcion,2016-11-01,10,62,301,107,15,495
MORO MORO,"anticoncepcion, prevencion de its y de cancer de cuello uterino",numero de personas que recibieron orientacion en anticoncepcion,2016-11-01,0,1,0,0,0,1
MOROCHATA,"anticoncepcion, prevencion de its y de cancer de cuello uterino",numero de personas que recibieron orientacion en anticoncepcion,2016-11-01,0,11,37,20,0,68
NACEBE (SANTA ROSA DEL ABUNA),"anticoncepcion, prevencion de its y de cancer de cuello uterino",numero de personas que recibieron orientacion en anticoncepcion,2016-11-01,1,6,6,5,2,20
NUEVO MANOA (NUEVA ESPERANZA),"anticoncepcion, prevencion de its y de cancer de cuello uterino",numero de personas que recibieron orientacion en anticoncepcion,2016-11-01,0,2,9,0,0,11
OCURI,"anticoncepcion, prevencion de its y de cancer de cuello uterino",numero de personas que recibieron orientacion en anticoncepcion,2016-11-01,0,4,31,13,1,49
OKINAWA,"anticoncepcion, prevencion de its y de cancer de cuello uterino",numero de personas que recibieron orientacion en anticoncepcion,2016-11-01,1,8,40,13,0,62
OMEREQUE,"anticoncepcion, prevencion de its y de cancer de cuello uterino",numero de personas que recibieron orientacion en anticoncepcion,2016-11-01,0,6,38,34,7,85
ORURO,"anticoncepcion, prevencion de its y de cancer de cuello uterino",numero de personas que recibieron orientacion en anticoncepcion,2016-11-01,7,182,1290,314,47,1840
PADCAYA,"anticoncepcion, prevencion de its y de cancer de cuello uterino",numero de personas que recibieron orientacion en anticoncepcion,2016-11-01,0,10,78,32,7,127
PADILLA,"anticoncepcion, prevencion de its y de cancer de cuello uterino",numero de personas que recibieron orientacion en anticoncepcion,2016-11-01,289,422,56,38,4,809
PAILON,"anticoncepcion, prevencion de its y de cancer de cuello uterino",numero de personas que recibieron orientacion en anticoncepcion,2016-11-01,0,6,15,3,0,24
PALCA,"anticoncepcion, prevencion de its y de cancer de cuello uterino",numero de personas que recibieron orientacion en anticoncepcion,2016-11-01,0,14,57,23,3,97
PALOS BLANCOS,"anticoncepcion, prevencion de its y de cancer de cuello uterino",numero de personas que recibieron orientacion en anticoncepcion,2016-11-01,2,18,90,42,5,157
PAMPA AULLAGAS,"anticoncepcion, prevencion de its y de cancer de cuello uterino",numero de personas que recibieron orientacion en anticoncepcion,2016-11-01,0,2,5,4,0,11
PAMPA GRANDE,"anticoncepcion, prevencion de its y de cancer de cuello uterino",numero de personas que recibieron orientacion en anticoncepcion,2016-11-01,0,3,6,2,0,11
PAPEL PAMPA,"anticoncepcion, prevencion de its y de cancer de cuello uterino",numero de personas que recibieron orientacion en anticoncepcion,2016-11-01,0,1,1,1,0,3
PASORAPA,"anticoncepcion, prevencion de its y de cancer de cuello uterino",numero de personas que recibieron orientacion en anticoncepcion,2016-11-01,0,1,10,5,0,16
PATACAMAYA,"anticoncepcion, prevencion de its y de cancer de cuello uterino",numero de personas que recibieron orientacion en anticoncepcion,2016-11-01,0,0,31,6,1,38
PAZÑA,"anticoncepcion, prevencion de its y de cancer de cuello uterino",numero de personas que recibieron orientacion en anticoncepcion,2016-11-01,0,3,28,8,0,39
PELECHUCO,"anticoncepcion, prevencion de its y de cancer de cuello uterino",numero de personas que recibieron orientacion en anticoncepcion,2016-11-01,0,1,15,7,0,23
POCOATA,"anticoncepcion, prevencion de its y de cancer de cuello uterino",numero de personas que recibieron orientacion en anticoncepcion,2016-11-01,2,19,52,36,2,111
POCONA,"anticoncepcion, prevencion de its y de cancer de cuello uterino",numero de personas que recibieron orientacion en anticoncepcion,2016-11-01,0,6,66,43,3,118
POJO (CBBA),"anticoncepcion, prevencion de its y de cancer de cuello uterino",numero de personas que recibieron orientacion en anticoncepcion,2016-11-01,1,6,9,6,0,22
POOPO,"anticoncepcion, prevencion de its y de cancer de cuello uterino",numero de personas que recibieron orientacion en anticoncepcion,2016-11-01,0,0,4,0,0,4
PORCO,"anticoncepcion, prevencion de its y de cancer de cuello uterino",numero de personas que recibieron orientacion en anticoncepcion,2016-11-01,0,24,74,17,0,115
POROMA,"anticoncepcion, prevencion de its y de cancer de cuello uterino",numero de personas que recibieron orientacion en anticoncepcion,2016-11-01,60,182,32,23,8,305
PORONGO,"anticoncepcion, prevencion de its y de cancer de cuello uterino",numero de personas que recibieron orientacion en anticoncepcion,2016-11-01,1,12,27,9,1,50
PORTACHUELO,"anticoncepcion, prevencion de its y de cancer de cuello uterino",numero de personas que recibieron orientacion en anticoncepcion,2016-11-01,2,2,10,1,0,15
PORVENIR,"anticoncepcion, prevencion de its y de cancer de cuello uterino",numero de personas que recibieron orientacion en anticoncepcion,2016-11-01,1,9,0,0,0,10
POSTRER VALLE,"anticoncepcion, prevencion de its y de cancer de cuello uterino",numero de personas que recibieron orientacion en anticoncepcion,2016-11-01,0,1113,3,2,0,1118
POTOSI,"anticoncepcion, prevencion de its y de cancer de cuello uterino",numero de personas que recibieron orientacion en anticoncepcion,2016-11-01,4,93,613,263,1,974
PRESTO,"anticoncepcion, prevencion de its y de cancer de cuello uterino",numero de personas que recibieron orientacion en anticoncepcion,2016-11-01,111,138,50,55,33,387
PUCARA,"anticoncepcion, prevencion de its y de cancer de cuello uterino",numero de personas que recibieron orientacion en anticoncepcion,2016-11-01,0,1,0,0,0,1
PUCARANI,"anticoncepcion, prevencion de its y de cancer de cuello uterino",numero de personas que recibieron orientacion en anticoncepcion,2016-11-01,0,9,67,24,4,104
PUERTO ACOSTA,"anticoncepcion, prevencion de its y de cancer de cuello uterino",numero de personas que recibieron orientacion en anticoncepcion,2016-11-01,0,3,7,2,0,12
PUERTO CARABUCO,"anticoncepcion, prevencion de its y de cancer de cuello uterino",numero de personas que recibieron orientacion en anticoncepcion,2016-11-01,0,1,13,8,0,22
PUERTO GONZALO MORENO,"anticoncepcion, prevencion de its y de cancer de cuello uterino",numero de personas que recibieron orientacion en anticoncepcion,2016-11-01,4,15,22,4,0,45
PUERTO PEREZ,"anticoncepcion, prevencion de its y de cancer de cuello uterino",numero de personas que recibieron orientacion en anticoncepcion,2016-11-01,0,1,7,5,0,13
PUERTO QUIJARRO,"anticoncepcion, prevencion de its y de cancer de cuello uterino",numero de personas que recibieron orientacion en anticoncepcion,2016-11-01,0,5,28,5,1,39
PUERTO RICO,"anticoncepcion, prevencion de its y de cancer de cuello uterino",numero de personas que recibieron orientacion en anticoncepcion,2016-11-01,0,7,12,0,0,19
PUERTO SUAREZ,"anticoncepcion, prevencion de its y de cancer de cuello uterino",numero de personas que recibieron orientacion en anticoncepcion,2016-11-01,1,11,29,5,0,46
PUERTO VILLARROEL,"anticoncepcion, prevencion de its y de cancer de cuello uterino",numero de personas que recibieron orientacion en anticoncepcion,2016-11-01,1,25,129,29,1,185
PUNA,"anticoncepcion, prevencion de its y de cancer de cuello uterino",numero de personas que recibieron orientacion en anticoncepcion,2016-11-01,0,10,22,17,1,50
PUNATA,"anticoncepcion, prevencion de its y de cancer de cuello uterino",numero de personas que recibieron orientacion en anticoncepcion,2016-11-01,1,12,93,22,1,129
QUIABAYA,"anticoncepcion, prevencion de its y de cancer de cuello uterino",numero de personas que recibieron orientacion en anticoncepcion,2016-11-01,0,1,3,1,0,5
QUILLACOLLO,"anticoncepcion, prevencion de its y de cancer de cuello uterino",numero de personas que recibieron orientacion en anticoncepcion,2016-11-01,28,214,738,213,8,1201
QUIME,"anticoncepcion, prevencion de its y de cancer de cuello uterino",numero de personas que recibieron orientacion en anticoncepcion,2016-11-01,0,3,26,11,1,41
QUIRUSILLAS,"anticoncepcion, prevencion de its y de cancer de cuello uterino",numero de personas que recibieron orientacion en anticoncepcion,2016-11-01,0,3,7,5,0,15
RAVELO,"anticoncepcion, prevencion de its y de cancer de cuello uterino",numero de personas que recibieron orientacion en anticoncepcion,2016-11-01,0,3,17,16,0,36
REYES,"anticoncepcion, prevencion de its y de cancer de cuello uterino",numero de personas que recibieron orientacion en anticoncepcion,2016-11-01,14,24,56,16,3,113
RIBERALTA,"anticoncepcion, prevencion de its y de cancer de cuello uterino",numero de personas que recibieron orientacion en anticoncepcion,2016-11-01,60,246,527,122,9,964
ROBORE,"anticoncepcion, prevencion de its y de cancer de cuello uterino",numero de personas que recibieron orientacion en anticoncepcion,2016-11-01,1,2,22,5,0,30
RURRENABAQUE,"anticoncepcion, prevencion de its y de cancer de cuello uterino",numero de personas que recibieron orientacion en anticoncepcion,2016-11-01,0,8,57,5,1,71
SABAYA,"anticoncepcion, prevencion de its y de cancer de cuello uterino",numero de personas que recibieron orientacion en anticoncepcion,2016-11-01,0,1,4,1,0,6
SACABA,"anticoncepcion, prevencion de its y de cancer de cuello uterino",numero de personas que recibieron orientacion en anticoncepcion,2016-11-01,0,193,848,397,11,1449
SACABAMBA,"anticoncepcion, prevencion de its y de cancer de cuello uterino",numero de personas que recibieron orientacion en anticoncepcion,2016-11-01,0,3,15,11,1,30
SACACA,"anticoncepcion, prevencion de its y de cancer de cuello uterino",numero de personas que recibieron orientacion en anticoncepcion,2016-11-01,1,5,18,8,0,32
SAIPINA,"anticoncepcion, prevencion de its y de cancer de cuello uterino",numero de personas que recibieron orientacion en anticoncepcion,2016-11-01,0,7,24,2,0,33
SALINAS DE GARCI MENDOZA,"anticoncepcion, prevencion de its y de cancer de cuello uterino",numero de personas que recibieron orientacion en anticoncepcion,2016-11-01,0,11,16,5,0,32
SAMAIPATA,"anticoncepcion, prevencion de its y de cancer de cuello uterino",numero de personas que recibieron orientacion en anticoncepcion,2016-11-01,1,16,45,8,0,70
SAN AGUSTIN,"anticoncepcion, prevencion de its y de cancer de cuello uterino",numero de personas que recibieron orientacion en anticoncepcion,2016-11-01,0,0,1,0,0,1
SAN ANDRES,"anticoncepcion, prevencion de its y de cancer de cuello uterino",numero de personas que recibieron orientacion en anticoncepcion,2016-11-01,2,15,63,17,1,98
SAN ANDRES DE MACHACA,"anticoncepcion, prevencion de its y de cancer de cuello uterino",numero de personas que recibieron orientacion en anticoncepcion,2016-11-01,0,0,5,2,2,9
SAN ANTONIO DE ESMORUCO,"anticoncepcion, prevencion de its y de cancer de cuello uterino",numero de personas que recibieron orientacion en anticoncepcion,2016-11-01,0,1,5,2,0,8
SAN ANTONIO DE LOMERIO,"anticoncepcion, prevencion de its y de cancer de cuello uterino",numero de personas que recibieron orientacion en anticoncepcion,2016-11-01,15,4,9,7,0,35
SAN BENITO,"anticoncepcion, prevencion de its y de cancer de cuello uterino",numero de personas que recibieron orientacion en anticoncepcion,2016-11-01,0,3,17,7,0,27
SAN BORJA,"anticoncepcion, prevencion de its y de cancer de cuello uterino",numero de personas que recibieron orientacion en anticoncepcion,2016-11-01,1,36,69,13,0,119
SAN BUENA VENTURA,"anticoncepcion, prevencion de its y de cancer de cuello uterino",numero de personas que recibieron orientacion en anticoncepcion,2016-11-01,0,3,26,8,0,37
SAN CARLOS,"anticoncepcion, prevencion de its y de cancer de cuello uterino",numero de personas que recibieron orientacion en anticoncepcion,2016-11-01,2,34,79,52,1,168
SAN IGNACIO,"anticoncepcion, prevencion de its y de cancer de cuello uterino",numero de personas que recibieron orientacion en anticoncepcion,2016-11-01,1,36,144,59,0,240
SAN IGNACIO DE VELASCO,"anticoncepcion, prevencion de its y de cancer de cuello uterino",numero de personas que recibieron orientacion en anticoncepcion,2016-11-01,4,37,148,46,0,235
SAN JAVIER(BNI),"anticoncepcion, prevencion de its y de cancer de cuello uterino",numero de personas que recibieron orientacion en anticoncepcion,2016-11-01,1,2,6,1,0,10
SAN JAVIER(STC),"anticoncepcion, prevencion de its y de cancer de cuello uterino",numero de personas que recibieron orientacion en anticoncepcion,2016-11-01,0,2,12,0,0,14
SAN JOAQUIN,"anticoncepcion, prevencion de its y de cancer de cuello uterino",numero de personas que recibieron orientacion en anticoncepcion,2016-11-01,0,1,0,0,0,1
SAN JOSE DE CHIQUITOS,"anticoncepcion, prevencion de its y de cancer de cuello uterino",numero de personas que recibieron orientacion en anticoncepcion,2016-11-01,2,15,73,50,12,152
SAN JUAN DE YAPACANI,"anticoncepcion, prevencion de its y de cancer de cuello uterino",numero de personas que recibieron orientacion en anticoncepcion,2016-11-01,5,17,15,12,0,49
SAN JULIAN,"anticoncepcion, prevencion de its y de cancer de cuello uterino",numero de personas que recibieron orientacion en anticoncepcion,2016-11-01,0,87,181,104,2,374
SAN LORENZO(PND),"anticoncepcion, prevencion de its y de cancer de cuello uterino",numero de personas que recibieron orientacion en anticoncepcion,2016-11-01,1,6,33,12,0,52
SAN LORENZO(TJA),"anticoncepcion, prevencion de its y de cancer de cuello uterino",numero de personas que recibieron orientacion en anticoncepcion,2016-11-01,0,20,59,19,2,100
SAN LUCAS,"anticoncepcion, prevencion de its y de cancer de cuello uterino",numero de personas que recibieron orientacion en anticoncepcion,2016-11-01,409,854,87,105,26,1481
SAN MATIAS,"anticoncepcion, prevencion de its y de cancer de cuello uterino",numero de personas que recibieron orientacion en anticoncepcion,2016-11-01,0,13,35,13,2,63
SAN MIGUEL DE VELASCO,"anticoncepcion, prevencion de its y de cancer de cuello uterino",numero de personas que recibieron orientacion en anticoncepcion,2016-11-01,0,16,75,43,2,136
SAN PABLO DE LIPEZ,"anticoncepcion, prevencion de its y de cancer de cuello uterino",numero de personas que recibieron orientacion en anticoncepcion,2016-11-01,0,1,4,2,0,7
SAN PEDRO,"anticoncepcion, prevencion de its y de cancer de cuello uterino",numero de personas que recibieron orientacion en anticoncepcion,2016-11-01,1,10,68,33,4,116
SAN PEDRO DE BUENA VISTA,"anticoncepcion, prevencion de its y de cancer de cuello uterino",numero de personas que recibieron orientacion en anticoncepcion,2016-11-01,0,17,72,25,1,115
SAN PEDRO DE CURAHUARA,"anticoncepcion, prevencion de its y de cancer de cuello uterino",numero de personas que recibieron orientacion en anticoncepcion,2016-11-01,0,3,12,3,0,18
SAN PEDRO DE QUEMES,"anticoncepcion, prevencion de its y de cancer de cuello uterino",numero de personas que recibieron orientacion en anticoncepcion,2016-11-01,0,0,2,0,0,2
SAN PEDRO DE TIQUINA,"anticoncepcion, prevencion de its y de cancer de cuello uterino",numero de personas que recibieron orientacion en anticoncepcion,2016-11-01,0,3,8,8,3,22
SAN RAFAEL,"anticoncepcion, prevencion de its y de cancer de cuello uterino",numero de personas que recibieron orientacion en anticoncepcion,2016-11-01,1,15,69,32,0,117
SAN RAMON BENI,"anticoncepcion, prevencion de its y de cancer de cuello uterino",numero de personas que recibieron orientacion en anticoncepcion,2016-11-01,0,1,13,1,0,15
SAN RAMON SCZ,"anticoncepcion, prevencion de its y de cancer de cuello uterino",numero de personas que recibieron orientacion en anticoncepcion,2016-11-01,1,21,65,24,0,111
SANTA ANA,"anticoncepcion, prevencion de its y de cancer de cuello uterino",numero de personas que recibieron orientacion en anticoncepcion,2016-11-01,2,19,41,8,0,70
SANTA CRUZ DE LA SIERRA,"anticoncepcion, prevencion de its y de cancer de cuello uterino",numero de personas que recibieron orientacion en anticoncepcion,2016-11-01,120,361,1373,395,173,2422
SANTA ROSA,"anticoncepcion, prevencion de its y de cancer de cuello uterino",numero de personas que recibieron orientacion en anticoncepcion,2016-11-01,0,14,5,3,0,22
SANTA ROSA DEL SARA,"anticoncepcion, prevencion de its y de cancer de cuello uterino",numero de personas que recibieron orientacion en anticoncepcion,2016-11-01,1,8,30,20,1,60
SANTIAGO DE CALLAPA,"anticoncepcion, prevencion de its y de cancer de cuello uterino",numero de personas que recibieron orientacion en anticoncepcion,2016-11-01,0,0,7,2,0,9
SANTIAGO DE HUARI,"anticoncepcion, prevencion de its y de cancer de cuello uterino",numero de personas que recibieron orientacion en anticoncepcion,2016-11-01,0,4,15,7,0,26
SANTIAGO DE HUATA,"anticoncepcion, prevencion de its y de cancer de cuello uterino",numero de personas que recibieron orientacion en anticoncepcion,2016-11-01,0,0,5,7,3,15
SANTIAGO DE MACHACA,"anticoncepcion, prevencion de its y de cancer de cuello uterino",numero de personas que recibieron orientacion en anticoncepcion,2016-11-01,0,2,3,1,0,6
SANTIVAÑES,"anticoncepcion, prevencion de its y de cancer de cuello uterino",numero de personas que recibieron orientacion en anticoncepcion,2016-11-01,0,0,8,0,0,8
SANTUARIO DE QUILLACAS,"anticoncepcion, prevencion de its y de cancer de cuello uterino",numero de personas que recibieron orientacion en anticoncepcion,2016-11-01,0,3,22,6,0,31
SAPAHAQUI,"anticoncepcion, prevencion de its y de cancer de cuello uterino",numero de personas que recibieron orientacion en anticoncepcion,2016-11-01,0,2,11,5,0,18
SENA,"anticoncepcion, prevencion de its y de cancer de cuello uterino",numero de personas que recibieron orientacion en anticoncepcion,2016-11-01,0,4,13,0,0,17
SHINAOTA,"anticoncepcion, prevencion de its y de cancer de cuello uterino",numero de personas que recibieron orientacion en anticoncepcion,2016-11-01,0,7,34,11,0,52
SICA SICA (VILLA AROMA),"anticoncepcion, prevencion de its y de cancer de cuello uterino",numero de personas que recibieron orientacion en anticoncepcion,2016-11-01,0,7,43,13,1,64
SICAYA,"anticoncepcion, prevencion de its y de cancer de cuello uterino",numero de personas que recibieron orientacion en anticoncepcion,2016-11-01,0,1,19,6,0,26
SIPE SIPE,"anticoncepcion, prevencion de its y de cancer de cuello uterino",numero de personas que recibieron orientacion en anticoncepcion,2016-11-01,3,25,158,59,4,249
SOPACHUY,"anticoncepcion, prevencion de its y de cancer de cuello uterino",numero de personas que recibieron orientacion en anticoncepcion,2016-11-01,89,184,55,48,10,386
SORACACHI,"anticoncepcion, prevencion de its y de cancer de cuello uterino",numero de personas que recibieron orientacion en anticoncepcion,2016-11-01,0,2,20,11,0,33
SORATA,"anticoncepcion, prevencion de its y de cancer de cuello uterino",numero de personas que recibieron orientacion en anticoncepcion,2016-11-01,1,5,18,11,0,35
SUCRE,"anticoncepcion, prevencion de its y de cancer de cuello uterino",numero de personas que recibieron orientacion en anticoncepcion,2016-11-01,974,4541,2181,901,59,8656
TACACOMA,"anticoncepcion, prevencion de its y de cancer de cuello uterino",numero de personas que recibieron orientacion en anticoncepcion,2016-11-01,0,7,13,6,0,26
TACOBAMBA,"anticoncepcion, prevencion de its y de cancer de cuello uterino",numero de personas que recibieron orientacion en anticoncepcion,2016-11-01,0,4,7,3,0,14
TACOPAYA,"anticoncepcion, prevencion de its y de cancer de cuello uterino",numero de personas que recibieron orientacion en anticoncepcion,2016-11-01,0,3,11,7,0,21
TAHUA,"anticoncepcion, prevencion de its y de cancer de cuello uterino",numero de personas que recibieron orientacion en anticoncepcion,2016-11-01,0,0,3,2,7,12
TAPACARI,"anticoncepcion, prevencion de its y de cancer de cuello uterino",numero de personas que recibieron orientacion en anticoncepcion,2016-11-01,1,9,26,8,0,44
TARABUCO,"anticoncepcion, prevencion de its y de cancer de cuello uterino",numero de personas que recibieron orientacion en anticoncepcion,2016-11-01,58,176,67,35,7,343
TARACO,"anticoncepcion, prevencion de its y de cancer de cuello uterino",numero de personas que recibieron orientacion en anticoncepcion,2016-11-01,0,0,4,0,0,4
TARATA,"anticoncepcion, prevencion de its y de cancer de cuello uterino",numero de personas que recibieron orientacion en anticoncepcion,2016-11-01,0,11,21,11,0,43
TARIJA,"anticoncepcion, prevencion de its y de cancer de cuello uterino",numero de personas que recibieron orientacion en anticoncepcion,2016-11-01,3,254,693,657,89,1696
TARVITA,"anticoncepcion, prevencion de its y de cancer de cuello uterino",numero de personas que recibieron orientacion en anticoncepcion,2016-11-01,136,82,6,9,6,239
TEOPONTE,"anticoncepcion, prevencion de its y de cancer de cuello uterino",numero de personas que recibieron orientacion en anticoncepcion,2016-11-01,0,7,51,11,0,69
TIAWANACU,"anticoncepcion, prevencion de its y de cancer de cuello uterino",numero de personas que recibieron orientacion en anticoncepcion,2016-11-01,0,4,35,15,3,57
TINGUIPAYA,"anticoncepcion, prevencion de its y de cancer de cuello uterino",numero de personas que recibieron orientacion en anticoncepcion,2016-11-01,0,4,20,30,7,61
TIPUANI,"anticoncepcion, prevencion de its y de cancer de cuello uterino",numero de personas que recibieron orientacion en anticoncepcion,2016-11-01,0,5,15,9,0,29
TIQUIPAYA,"anticoncepcion, prevencion de its y de cancer de cuello uterino",numero de personas que recibieron orientacion en anticoncepcion,2016-11-01,0,48,139,61,0,248
TIRAQUE (CBBA),"anticoncepcion, prevencion de its y de cancer de cuello uterino",numero de personas que recibieron orientacion en anticoncepcion,2016-11-01,0,9,24,4,1,38
TITO YUPANQUI (PARQUIPUJIO),"anticoncepcion, prevencion de its y de cancer de cuello uterino",numero de personas que recibieron orientacion en anticoncepcion,2016-11-01,0,0,3,1,2,6
TOCO,"anticoncepcion, prevencion de its y de cancer de cuello uterino",numero de personas que recibieron orientacion en anticoncepcion,2016-11-01,0,2,14,9,1,26
TODOS SANTOS,"anticoncepcion, prevencion de its y de cancer de cuello uterino",numero de personas que recibieron orientacion en anticoncepcion,2016-11-01,0,1,6,2,1,10
TOLATA,"anticoncepcion, prevencion de its y de cancer de cuello uterino",numero de personas que recibieron orientacion en anticoncepcion,2016-11-01,0,6,26,9,7,48
TOLEDO,"anticoncepcion, prevencion de its y de cancer de cuello uterino",numero de personas que recibieron orientacion en anticoncepcion,2016-11-01,0,2,16,6,0,24
TOMAVE,"anticoncepcion, prevencion de its y de cancer de cuello uterino",numero de personas que recibieron orientacion en anticoncepcion,2016-11-01,0,8,10,3,1,22
TOMINA,"anticoncepcion, prevencion de its y de cancer de cuello uterino",numero de personas que recibieron orientacion en anticoncepcion,2016-11-01,103,78,16,4,0,201
TORO TORO,"anticoncepcion, prevencion de its y de cancer de cuello uterino",numero de personas que recibieron orientacion en anticoncepcion,2016-11-01,0,7,63,35,10,115
TOTORA(CBBA),"anticoncepcion, prevencion de its y de cancer de cuello uterino",numero de personas que recibieron orientacion en anticoncepcion,2016-11-01,1,49,122,42,0,214
TOTORA(ORR),"anticoncepcion, prevencion de its y de cancer de cuello uterino",numero de personas que recibieron orientacion en anticoncepcion,2016-11-01,0,2,8,1,0,11
TRINIDAD,"anticoncepcion, prevencion de its y de cancer de cuello uterino",numero de personas que recibieron orientacion en anticoncepcion,2016-11-01,11,251,779,172,56,1269
TUPIZA,"anticoncepcion, prevencion de its y de cancer de cuello uterino",numero de personas que recibieron orientacion en anticoncepcion,2016-11-01,0,27,110,48,5,190
TURCO,"anticoncepcion, prevencion de its y de cancer de cuello uterino",numero de personas que recibieron orientacion en anticoncepcion,2016-11-01,0,0,5,3,0,8
UMALA,"anticoncepcion, prevencion de its y de cancer de cuello uterino",numero de personas que recibieron orientacion en anticoncepcion,2016-11-01,2,4,17,14,0,37
UNCIA,"anticoncepcion, prevencion de its y de cancer de cuello uterino",numero de personas que recibieron orientacion en anticoncepcion,2016-11-01,0,9,33,10,0,52
URIONDO (A. CONCEPCION),"anticoncepcion, prevencion de its y de cancer de cuello uterino",numero de personas que recibieron orientacion en anticoncepcion,2016-11-01,1,8,52,27,6,94
URUBICHA,"anticoncepcion, prevencion de its y de cancer de cuello uterino",numero de personas que recibieron orientacion en anticoncepcion,2016-11-01,0,12,44,6,0,62
UYUNI,"anticoncepcion, prevencion de its y de cancer de cuello uterino",numero de personas que recibieron orientacion en anticoncepcion,2016-11-01,0,105,83,10,0,198
VACAS,"anticoncepcion, prevencion de its y de cancer de cuello uterino",numero de personas que recibieron orientacion en anticoncepcion,2016-11-01,0,6,23,26,0,55
VALLEGRANDE,"anticoncepcion, prevencion de its y de cancer de cuello uterino",numero de personas que recibieron orientacion en anticoncepcion,2016-11-01,0,5,24,9,1,39
VIACHA,"anticoncepcion, prevencion de its y de cancer de cuello uterino",numero de personas que recibieron orientacion en anticoncepcion,2016-11-01,8,52,273,108,4,445
VILA VILA,"anticoncepcion, prevencion de its y de cancer de cuello uterino",numero de personas que recibieron orientacion en anticoncepcion,2016-11-01,0,1,9,0,0,10
VILLA CHARCAS,"anticoncepcion, prevencion de its y de cancer de cuello uterino",numero de personas que recibieron orientacion en anticoncepcion,2016-11-01,631,365,26,9,4,1035
VILLA MONTES,"anticoncepcion, prevencion de its y de cancer de cuello uterino",numero de personas que recibieron orientacion en anticoncepcion,2016-11-01,0,18,67,16,2,103
VILLA NUEVA (LOMA ALTA),"anticoncepcion, prevencion de its y de cancer de cuello uterino",numero de personas que recibieron orientacion en anticoncepcion,2016-11-01,0,11,20,9,2,42
VILLA RIVERO,"anticoncepcion, prevencion de its y de cancer de cuello uterino",numero de personas que recibieron orientacion en anticoncepcion,2016-11-01,0,4,44,18,0,66
VILLA SERRANO,"anticoncepcion, prevencion de its y de cancer de cuello uterino",numero de personas que recibieron orientacion en anticoncepcion,2016-11-01,105,116,29,26,2,278
VILLA TUNARI,"anticoncepcion, prevencion de its y de cancer de cuello uterino",numero de personas que recibieron orientacion en anticoncepcion,2016-11-01,4,57,275,127,12,475
VILLA VACA GUZMAN (MUYUPAMPA),"anticoncepcion, prevencion de its y de cancer de cuello uterino",numero de personas que recibieron orientacion en anticoncepcion,2016-11-01,38,24,14,8,0,84
VILLAZON,"anticoncepcion, prevencion de its y de cancer de cuello uterino",numero de personas que recibieron orientacion en anticoncepcion,2016-11-01,0,22,85,28,4,139
VINTO,"anticoncepcion, prevencion de its y de cancer de cuello uterino",numero de personas que recibieron orientacion en anticoncepcion,2016-11-01,4,46,146,48,3,247
VITICHI,"anticoncepcion, prevencion de its y de cancer de cuello uterino",numero de personas que recibieron orientacion en anticoncepcion,2016-11-01,0,4,30,23,14,71
WALDO BALLIVIAN,"anticoncepcion, prevencion de its y de cancer de cuello uterino",numero de personas que recibieron orientacion en anticoncepcion,2016-11-01,0,0,2,1,0,3
WARNES,"anticoncepcion, prevencion de its y de cancer de cuello uterino",numero de personas que recibieron orientacion en anticoncepcion,2016-11-01,2,44,123,42,8,219
YACO,"anticoncepcion, prevencion de its y de cancer de cuello uterino",numero de personas que recibieron orientacion en anticoncepcion,2016-11-01,1,0,12,5,1,19
YACUIBA,"anticoncepcion, prevencion de its y de cancer de cuello uterino",numero de personas que recibieron orientacion en anticoncepcion,2016-11-01,1,90,517,216,46,870
YAMPARAEZ,"anticoncepcion, prevencion de its y de cancer de cuello uterino",numero de personas que recibieron orientacion en anticoncepcion,2016-11-01,82,85,44,27,8,246
YANACACHI,"anticoncepcion, prevencion de its y de cancer de cuello uterino",numero de personas que recibieron orientacion en anticoncepcion,2016-11-01,0,0,2,3,0,5
YAPACANI,"anticoncepcion, prevencion de its y de cancer de cuello uterino",numero de personas que recibieron orientacion en anticoncepcion,2016-11-01,0,23,62,23,0,108
YOCALLA,"anticoncepcion, prevencion de its y de cancer de cuello uterino",numero de personas que recibieron orientacion en anticoncepcion,2016-11-01,0,1,7,1,0,9
YOTALA,"anticoncepcion, prevencion de its y de cancer de cuello uterino",numero de personas que recibieron orientacion en anticoncepcion,2016-11-01,123,150,108,85,14,480
YUNCHARA,"anticoncepcion, prevencion de its y de cancer de cuello uterino",numero de personas que recibieron orientacion en anticoncepcion,2016-11-01,0,8,36,20,1,65
ZUDAÑEZ,"anticoncepcion, prevencion de its y de cancer de cuello uterino",numero de personas que recibieron orientacion en anticoncepcion,2016-11-01,181,145,7,2,0,335
ACHACACHI,"anticoncepcion, prevencion de its y de cancer de cuello uterino",numero de personas que recibieron orientacion en anticoncepcion,2016-12-01,0,3,38,17,2,60
ACHOCALLA,"anticoncepcion, prevencion de its y de cancer de cuello uterino",numero de personas que recibieron orientacion en anticoncepcion,2016-12-01,0,3,27,3,0,33
AIQUILE,"anticoncepcion, prevencion de its y de cancer de cuello uterino",numero de personas que recibieron orientacion en anticoncepcion,2016-12-01,0,10,49,12,0,71
ALALAY,"anticoncepcion, prevencion de its y de cancer de cuello uterino",numero de personas que recibieron orientacion en anticoncepcion,2016-12-01,0,1,7,3,0,11
ALCALA,"anticoncepcion, prevencion de its y de cancer de cuello uterino",numero de personas que recibieron orientacion en anticoncepcion,2016-12-01,31,58,12,11,0,112
ALTO BENI,"anticoncepcion, prevencion de its y de cancer de cuello uterino",numero de personas que recibieron orientacion en anticoncepcion,2016-12-01,0,4,8,2,0,14
ANCORAIMES,"anticoncepcion, prevencion de its y de cancer de cuello uterino",numero de personas que recibieron orientacion en anticoncepcion,2016-12-01,0,4,14,3,0,21
ANDAMARCA,"anticoncepcion, prevencion de its y de cancer de cuello uterino",numero de personas que recibieron orientacion en anticoncepcion,2016-12-01,0,2,11,4,0,17
ANTEQUERA,"anticoncepcion, prevencion de its y de cancer de cuello uterino",numero de personas que recibieron orientacion en anticoncepcion,2016-12-01,0,0,2,0,0,2
ANZALDO,"anticoncepcion, prevencion de its y de cancer de cuello uterino",numero de personas que recibieron orientacion en anticoncepcion,2016-12-01,0,1,9,4,0,14
APOLO,"anticoncepcion, prevencion de its y de cancer de cuello uterino",numero de personas que recibieron orientacion en anticoncepcion,2016-12-01,0,2,40,12,1,55
ARAMPAMPA,"anticoncepcion, prevencion de its y de cancer de cuello uterino",numero de personas que recibieron orientacion en anticoncepcion,2016-12-01,0,4,18,10,1,33
ARANI,"anticoncepcion, prevencion de its y de cancer de cuello uterino",numero de personas que recibieron orientacion en anticoncepcion,2016-12-01,0,4,24,7,1,36
ARBIETO,"anticoncepcion, prevencion de its y de cancer de cuello uterino",numero de personas que recibieron orientacion en anticoncepcion,2016-12-01,1,12,54,17,1,85
ARQUE,"anticoncepcion, prevencion de its y de cancer de cuello uterino",numero de personas que recibieron orientacion en anticoncepcion,2016-12-01,0,8,26,18,0,52
ASCENCION DE GUARAYOS,"anticoncepcion, prevencion de its y de cancer de cuello uterino",numero de personas que recibieron orientacion en anticoncepcion,2016-12-01,6,26,116,31,2,181
ATOCHA,"anticoncepcion, prevencion de its y de cancer de cuello uterino",numero de personas que recibieron orientacion en anticoncepcion,2016-12-01,0,7,37,21,2,67
AUCAPATA,"anticoncepcion, prevencion de its y de cancer de cuello uterino",numero de personas que recibieron orientacion en anticoncepcion,2016-12-01,0,1,9,5,0,15
AYATA,"anticoncepcion, prevencion de its y de cancer de cuello uterino",numero de personas que recibieron orientacion en anticoncepcion,2016-12-01,0,9,27,17,2,55
AYO AYO,"anticoncepcion, prevencion de its y de cancer de cuello uterino",numero de personas que recibieron orientacion en anticoncepcion,2016-12-01,0,0,4,1,0,5
AYOPAYA (V. DE INDEPENDENCIA),"anticoncepcion, prevencion de its y de cancer de cuello uterino",numero de personas que recibieron orientacion en anticoncepcion,2016-12-01,0,17,76,28,0,121
AZURDUY,"anticoncepcion, prevencion de its y de cancer de cuello uterino",numero de personas que recibieron orientacion en anticoncepcion,2016-12-01,21,72,16,16,0,125
BATALLAS,"anticoncepcion, prevencion de its y de cancer de cuello uterino",numero de personas que recibieron orientacion en anticoncepcion,2016-12-01,0,8,39,17,1,65
BAURES,"anticoncepcion, prevencion de its y de cancer de cuello uterino",numero de personas que recibieron orientacion en anticoncepcion,2016-12-01,0,1,13,5,0,19
BELEN DE ANDAMARCA,"anticoncepcion, prevencion de its y de cancer de cuello uterino",numero de personas que recibieron orientacion en anticoncepcion,2016-12-01,0,0,6,3,0,9
BELEN DE URMIRI,"anticoncepcion, prevencion de its y de cancer de cuello uterino",numero de personas que recibieron orientacion en anticoncepcion,2016-12-01,0,0,2,0,0,2
BELLA FLOR,"anticoncepcion, prevencion de its y de cancer de cuello uterino",numero de personas que recibieron orientacion en anticoncepcion,2016-12-01,1,6,10,3,0,20
BERMEJO,"anticoncepcion, prevencion de its y de cancer de cuello uterino",numero de personas que recibieron orientacion en anticoncepcion,2016-12-01,1,19,157,100,16,293
BETANZOS,"anticoncepcion, prevencion de its y de cancer de cuello uterino",numero de personas que recibieron orientacion en anticoncepcion,2016-12-01,0,6,34,25,7,72
BOLIVAR,"anticoncepcion, prevencion de its y de cancer de cuello uterino",numero de personas que recibieron orientacion en anticoncepcion,2016-12-01,0,0,10,3,0,13
BOLPEBRA,"anticoncepcion, prevencion de its y de cancer de cuello uterino",numero de personas que recibieron orientacion en anticoncepcion,2016-12-01,4,5,12,6,0,27
BOYUIBE,"anticoncepcion, prevencion de its y de cancer de cuello uterino",numero de personas que recibieron orientacion en anticoncepcion,2016-12-01,0,0,5,1,0,6
BUENA VISTA,"anticoncepcion, prevencion de its y de cancer de cuello uterino",numero de personas que recibieron orientacion en anticoncepcion,2016-12-01,3,9,51,17,0,80
CABEZAS,"anticoncepcion, prevencion de its y de cancer de cuello uterino",numero de personas que recibieron orientacion en anticoncepcion,2016-12-01,0,5,16,8,0,29
CAIROMA,"anticoncepcion, prevencion de its y de cancer de cuello uterino",numero de personas que recibieron orientacion en anticoncepcion,2016-12-01,0,2,22,2,0,26
"CAIZA ""D""","anticoncepcion, prevencion de its y de cancer de cuello uterino",numero de personas que recibieron orientacion en anticoncepcion,2016-12-01,0,20,29,15,4,68
CAJUATA,"anticoncepcion, prevencion de its y de cancer de cuello uterino",numero de personas que recibieron orientacion en anticoncepcion,2016-12-01,0,6,17,2,0,25
CALACOTO,"anticoncepcion, prevencion de its y de cancer de cuello uterino",numero de personas que recibieron orientacion en anticoncepcion,2016-12-01,0,0,1,4,0,5
CALAMARCA,"anticoncepcion, prevencion de its y de cancer de cuello uterino",numero de personas que recibieron orientacion en anticoncepcion,2016-12-01,0,4,15,3,0,22
CAMARGO,"anticoncepcion, prevencion de its y de cancer de cuello uterino",numero de personas que recibieron orientacion en anticoncepcion,2016-12-01,152,186,12,10,0,360
CAMATAQUI (C. VILLA ABECIA),"anticoncepcion, prevencion de its y de cancer de cuello uterino",numero de personas que recibieron orientacion en anticoncepcion,2016-12-01,16,5,6,9,0,36
CAMIRI,"anticoncepcion, prevencion de its y de cancer de cuello uterino",numero de personas que recibieron orientacion en anticoncepcion,2016-12-01,0,3,26,14,0,43
CAPINOTA,"anticoncepcion, prevencion de its y de cancer de cuello uterino",numero de personas que recibieron orientacion en anticoncepcion,2016-12-01,0,2,18,6,0,26
CAQUIAVIRI,"anticoncepcion, prevencion de its y de cancer de cuello uterino",numero de personas que recibieron orientacion en anticoncepcion,2016-12-01,0,1,2,2,0,5
CARACOLLO,"anticoncepcion, prevencion de its y de cancer de cuello uterino",numero de personas que recibieron orientacion en anticoncepcion,2016-12-01,0,8,27,6,0,41
CARANAVI,"anticoncepcion, prevencion de its y de cancer de cuello uterino",numero de personas que recibieron orientacion en anticoncepcion,2016-12-01,0,64,241,105,16,426
CARAPARI,"anticoncepcion, prevencion de its y de cancer de cuello uterino",numero de personas que recibieron orientacion en anticoncepcion,2016-12-01,0,3,20,11,0,34
CARMEN RIVERO TORREZ,"anticoncepcion, prevencion de its y de cancer de cuello uterino",numero de personas que recibieron orientacion en anticoncepcion,2016-12-01,0,3,3,3,0,9
CATACORA,"anticoncepcion, prevencion de its y de cancer de cuello uterino",numero de personas que recibieron orientacion en anticoncepcion,2016-12-01,0,0,1,0,0,1
CHACARILLA,"anticoncepcion, prevencion de its y de cancer de cuello uterino",numero de personas que recibieron orientacion en anticoncepcion,2016-12-01,0,0,3,3,0,6
CHALLAPATA,"anticoncepcion, prevencion de its y de cancer de cuello uterino",numero de personas que recibieron orientacion en anticoncepcion,2016-12-01,0,19,105,35,1,160
CHAQUI,"anticoncepcion, prevencion de its y de cancer de cuello uterino",numero de personas que recibieron orientacion en anticoncepcion,2016-12-01,0,0,35,12,3,50
CHARAGUA,"anticoncepcion, prevencion de its y de cancer de cuello uterino",numero de personas que recibieron orientacion en anticoncepcion,2016-12-01,1,2,38,6,0,47
CHARAÑA,"anticoncepcion, prevencion de its y de cancer de cuello uterino",numero de personas que recibieron orientacion en anticoncepcion,2016-12-01,0,1,0,1,0,2
CHAYANTA,"anticoncepcion, prevencion de its y de cancer de cuello uterino",numero de personas que recibieron orientacion en anticoncepcion,2016-12-01,0,1,34,14,0,49
CHIMORE,"anticoncepcion, prevencion de its y de cancer de cuello uterino",numero de personas que recibieron orientacion en anticoncepcion,2016-12-01,0,9,50,14,0,73
CHIPAYA,"anticoncepcion, prevencion de its y de cancer de cuello uterino",numero de personas que recibieron orientacion en anticoncepcion,2016-12-01,1,2,2,0,0,5
CHOQUE COTA,"anticoncepcion, prevencion de its y de cancer de cuello uterino",numero de personas que recibieron orientacion en anticoncepcion,2016-12-01,0,2,3,0,0,5
CHUA COCANI,"anticoncepcion, prevencion de its y de cancer de cuello uterino",numero de personas que recibieron orientacion en anticoncepcion,2016-12-01,0,0,4,5,0,9
CHULUMANI (V. DE LA LIBERTAD),"anticoncepcion, prevencion de its y de cancer de cuello uterino",numero de personas que recibieron orientacion en anticoncepcion,2016-12-01,0,8,41,7,0,56
CHUMA,"anticoncepcion, prevencion de its y de cancer de cuello uterino",numero de personas que recibieron orientacion en anticoncepcion,2016-12-01,0,9,30,12,10,61
CHUQUIHUTA AYLLU JUCUMANI,"anticoncepcion, prevencion de its y de cancer de cuello uterino",numero de personas que recibieron orientacion en anticoncepcion,2016-12-01,0,3,6,6,1,16
CKOCHAS,"anticoncepcion, prevencion de its y de cancer de cuello uterino",numero de personas que recibieron orientacion en anticoncepcion,2016-12-01,0,7,12,16,0,35
CLIZA,"anticoncepcion, prevencion de its y de cancer de cuello uterino",numero de personas que recibieron orientacion en anticoncepcion,2016-12-01,0,24,131,36,0,191
COBIJA,"anticoncepcion, prevencion de its y de cancer de cuello uterino",numero de personas que recibieron orientacion en anticoncepcion,2016-12-01,0,30,80,13,6,129
COCAPATA,"anticoncepcion, prevencion de its y de cancer de cuello uterino",numero de personas que recibieron orientacion en anticoncepcion,2016-12-01,2,25,78,41,1,147
COCHABAMBA,"anticoncepcion, prevencion de its y de cancer de cuello uterino",numero de personas que recibieron orientacion en anticoncepcion,2016-12-01,47,398,2122,556,38,3161
COIPASA,"anticoncepcion, prevencion de its y de cancer de cuello uterino",numero de personas que recibieron orientacion en anticoncepcion,2016-12-01,0,0,14,3,0,17
COLCAPIRHUA,"anticoncepcion, prevencion de its y de cancer de cuello uterino",numero de personas que recibieron orientacion en anticoncepcion,2016-12-01,2,85,615,97,17,816
"COLCHA ""K""","anticoncepcion, prevencion de its y de cancer de cuello uterino",numero de personas que recibieron orientacion en anticoncepcion,2016-12-01,1,4,22,3,0,30
COLLANA,"anticoncepcion, prevencion de its y de cancer de cuello uterino",numero de personas que recibieron orientacion en anticoncepcion,2016-12-01,0,3,7,1,0,11
COLOMI,"anticoncepcion, prevencion de its y de cancer de cuello uterino",numero de personas que recibieron orientacion en anticoncepcion,2016-12-01,0,4,31,4,0,39
COLPA BELGICA,"anticoncepcion, prevencion de its y de cancer de cuello uterino",numero de personas que recibieron orientacion en anticoncepcion,2016-12-01,0,5,4,3,0,12
COLQUECHACA,"anticoncepcion, prevencion de its y de cancer de cuello uterino",numero de personas que recibieron orientacion en anticoncepcion,2016-12-01,0,5,19,7,0,31
COLQUENCHA,"anticoncepcion, prevencion de its y de cancer de cuello uterino",numero de personas que recibieron orientacion en anticoncepcion,2016-12-01,0,1,9,2,1,13
COLQUIRI,"anticoncepcion, prevencion de its y de cancer de cuello uterino",numero de personas que recibieron orientacion en anticoncepcion,2016-12-01,0,7,16,8,0,31
COMARAPA,"anticoncepcion, prevencion de its y de cancer de cuello uterino",numero de personas que recibieron orientacion en anticoncepcion,2016-12-01,0,10,56,23,1,90
COMBAYA,"anticoncepcion, prevencion de its y de cancer de cuello uterino",numero de personas que recibieron orientacion en anticoncepcion,2016-12-01,0,0,1,0,0,1
CONCEPCION,"anticoncepcion, prevencion de its y de cancer de cuello uterino",numero de personas que recibieron orientacion en anticoncepcion,2016-12-01,1,4,19,3,0,27
COPACABANA,"anticoncepcion, prevencion de its y de cancer de cuello uterino",numero de personas que recibieron orientacion en anticoncepcion,2016-12-01,0,1,27,16,0,44
CORIPATA,"anticoncepcion, prevencion de its y de cancer de cuello uterino",numero de personas que recibieron orientacion en anticoncepcion,2016-12-01,0,3,20,3,0,26
CORO CORO,"anticoncepcion, prevencion de its y de cancer de cuello uterino",numero de personas que recibieron orientacion en anticoncepcion,2016-12-01,0,1,3,1,0,5
COROICO,"anticoncepcion, prevencion de its y de cancer de cuello uterino",numero de personas que recibieron orientacion en anticoncepcion,2016-12-01,0,9,9,7,0,25
CORQUE,"anticoncepcion, prevencion de its y de cancer de cuello uterino",numero de personas que recibieron orientacion en anticoncepcion,2016-12-01,0,6,19,11,5,41
COTAGAITA,"anticoncepcion, prevencion de its y de cancer de cuello uterino",numero de personas que recibieron orientacion en anticoncepcion,2016-12-01,0,18,67,45,2,132
COTOCA,"anticoncepcion, prevencion de its y de cancer de cuello uterino",numero de personas que recibieron orientacion en anticoncepcion,2016-12-01,0,13,57,14,1,85
CRUZ DE MACHACAMARCA,"anticoncepcion, prevencion de its y de cancer de cuello uterino",numero de personas que recibieron orientacion en anticoncepcion,2016-12-01,0,0,1,0,0,1
CUATRO CAÑADAS,"anticoncepcion, prevencion de its y de cancer de cuello uterino",numero de personas que recibieron orientacion en anticoncepcion,2016-12-01,0,1,22,12,1,36
CUCHUMUELA (V. G. VILLARROEL),"anticoncepcion, prevencion de its y de cancer de cuello uterino",numero de personas que recibieron orientacion en anticoncepcion,2016-12-01,0,0,3,0,0,3
CUEVO,"anticoncepcion, prevencion de its y de cancer de cuello uterino",numero de personas que recibieron orientacion en anticoncepcion,2016-12-01,0,0,8,1,1,10
CULPINA,"anticoncepcion, prevencion de its y de cancer de cuello uterino",numero de personas que recibieron orientacion en anticoncepcion,2016-12-01,106,173,53,30,12,374
CURAHUARA DE CARANGAS,"anticoncepcion, prevencion de its y de cancer de cuello uterino",numero de personas que recibieron orientacion en anticoncepcion,2016-12-01,0,5,3,2,0,10
DESAGUADERO,"anticoncepcion, prevencion de its y de cancer de cuello uterino",numero de personas que recibieron orientacion en anticoncepcion,2016-12-01,0,0,4,4,0,8
EL ALTO,"anticoncepcion, prevencion de its y de cancer de cuello uterino",numero de personas que recibieron orientacion en anticoncepcion,2016-12-01,0,487,1570,567,65,2689
EL CHORO,"anticoncepcion, prevencion de its y de cancer de cuello uterino",numero de personas que recibieron orientacion en anticoncepcion,2016-12-01,0,0,10,0,0,10
EL PUENTE(STC),"anticoncepcion, prevencion de its y de cancer de cuello uterino",numero de personas que recibieron orientacion en anticoncepcion,2016-12-01,0,9,28,18,2,57
EL PUENTE(TJA),"anticoncepcion, prevencion de its y de cancer de cuello uterino",numero de personas que recibieron orientacion en anticoncepcion,2016-12-01,0,5,31,10,0,46
EL TORNO,"anticoncepcion, prevencion de its y de cancer de cuello uterino",numero de personas que recibieron orientacion en anticoncepcion,2016-12-01,11,12,71,26,12,132
EL VILLAR,"anticoncepcion, prevencion de its y de cancer de cuello uterino",numero de personas que recibieron orientacion en anticoncepcion,2016-12-01,0,5,6,2,0,13
ENTRE RIOS TRJ,"anticoncepcion, prevencion de its y de cancer de cuello uterino",numero de personas que recibieron orientacion en anticoncepcion,2016-12-01,1,13,52,10,3,79
ENTRE RIOS CBBA,"anticoncepcion, prevencion de its y de cancer de cuello uterino",numero de personas que recibieron orientacion en anticoncepcion,2016-12-01,0,25,118,37,0,180
ESCARA,"anticoncepcion, prevencion de its y de cancer de cuello uterino",numero de personas que recibieron orientacion en anticoncepcion,2016-12-01,0,0,7,0,0,7
ESCOMA,"anticoncepcion, prevencion de its y de cancer de cuello uterino",numero de personas que recibieron orientacion en anticoncepcion,2016-12-01,0,1,3,0,0,4
ESMERALDA,"anticoncepcion, prevencion de its y de cancer de cuello uterino",numero de personas que recibieron orientacion en anticoncepcion,2016-12-01,0,0,1,0,0,1
EUCALIPTUS,"anticoncepcion, prevencion de its y de cancer de cuello uterino",numero de personas que recibieron orientacion en anticoncepcion,2016-12-01,0,2,8,3,0,13
EUREKA (SANTOS MERCADO),"anticoncepcion, prevencion de its y de cancer de cuello uterino",numero de personas que recibieron orientacion en anticoncepcion,2016-12-01,0,1,4,0,0,5
EXALTACION,"anticoncepcion, prevencion de its y de cancer de cuello uterino",numero de personas que recibieron orientacion en anticoncepcion,2016-12-01,0,1,2,1,0,4
FERNANDEZ ALONSO,"anticoncepcion, prevencion de its y de cancer de cuello uterino",numero de personas que recibieron orientacion en anticoncepcion,2016-12-01,1,5,24,7,0,37
FILADELFIA,"anticoncepcion, prevencion de its y de cancer de cuello uterino",numero de personas que recibieron orientacion en anticoncepcion,2016-12-01,0,10,19,5,0,34
GENERAL SAAVEDRA,"anticoncepcion, prevencion de its y de cancer de cuello uterino",numero de personas que recibieron orientacion en anticoncepcion,2016-12-01,0,10,56,20,0,86
GRAL. J.J. PEREZ (CHARAZANI),"anticoncepcion, prevencion de its y de cancer de cuello uterino",numero de personas que recibieron orientacion en anticoncepcion,2016-12-01,0,2,18,9,2,31
GUANAY,"anticoncepcion, prevencion de its y de cancer de cuello uterino",numero de personas que recibieron orientacion en anticoncepcion,2016-12-01,0,4,23,7,0,34
GUAQUI,"anticoncepcion, prevencion de its y de cancer de cuello uterino",numero de personas que recibieron orientacion en anticoncepcion,2016-12-01,0,4,4,2,0,10
GUAYARAMERIN,"anticoncepcion, prevencion de its y de cancer de cuello uterino",numero de personas que recibieron orientacion en anticoncepcion,2016-12-01,2,125,296,64,1,488
GUTIERREZ,"anticoncepcion, prevencion de its y de cancer de cuello uterino",numero de personas que recibieron orientacion en anticoncepcion,2016-12-01,0,0,22,0,0,22
HUACARETA,"anticoncepcion, prevencion de its y de cancer de cuello uterino",numero de personas que recibieron orientacion en anticoncepcion,2016-12-01,10,29,29,18,14,100
HUACAYA (VILLA DE HUACAYA),"anticoncepcion, prevencion de its y de cancer de cuello uterino",numero de personas que recibieron orientacion en anticoncepcion,2016-12-01,8,11,10,5,0,34
HUACHACALLA,"anticoncepcion, prevencion de its y de cancer de cuello uterino",numero de personas que recibieron orientacion en anticoncepcion,2016-12-01,0,0,2,2,0,4
HUANUNI,"anticoncepcion, prevencion de its y de cancer de cuello uterino",numero de personas que recibieron orientacion en anticoncepcion,2016-12-01,1,0,19,14,0,34
HUARACAJE,"anticoncepcion, prevencion de its y de cancer de cuello uterino",numero de personas que recibieron orientacion en anticoncepcion,2016-12-01,0,10,24,7,0,41
HUARINA,"anticoncepcion, prevencion de its y de cancer de cuello uterino",numero de personas que recibieron orientacion en anticoncepcion,2016-12-01,0,3,2,1,0,6
HUATAJATA,"anticoncepcion, prevencion de its y de cancer de cuello uterino",numero de personas que recibieron orientacion en anticoncepcion,2016-12-01,0,0,2,2,0,4
HUAYLLAMARCA,"anticoncepcion, prevencion de its y de cancer de cuello uterino",numero de personas que recibieron orientacion en anticoncepcion,2016-12-01,0,0,1,1,0,2
HUMANATA,"anticoncepcion, prevencion de its y de cancer de cuello uterino",numero de personas que recibieron orientacion en anticoncepcion,2016-12-01,0,0,0,1,0,1
ICHOCA,"anticoncepcion, prevencion de its y de cancer de cuello uterino",numero de personas que recibieron orientacion en anticoncepcion,2016-12-01,0,3,6,1,1,11
ICLA,"anticoncepcion, prevencion de its y de cancer de cuello uterino",numero de personas que recibieron orientacion en anticoncepcion,2016-12-01,48,44,0,1,0,93
INCAHUASI,"anticoncepcion, prevencion de its y de cancer de cuello uterino",numero de personas que recibieron orientacion en anticoncepcion,2016-12-01,13,15,35,24,0,87
INGAVI (HUMAITA),"anticoncepcion, prevencion de its y de cancer de cuello uterino",numero de personas que recibieron orientacion en anticoncepcion,2016-12-01,0,2,2,0,0,4
INQUISIVI,"anticoncepcion, prevencion de its y de cancer de cuello uterino",numero de personas que recibieron orientacion en anticoncepcion,2016-12-01,0,4,15,4,1,24
IRUPANA (VILLA DE LANZA),"anticoncepcion, prevencion de its y de cancer de cuello uterino",numero de personas que recibieron orientacion en anticoncepcion,2016-12-01,0,5,28,12,1,46
IXIAMAS,"anticoncepcion, prevencion de its y de cancer de cuello uterino",numero de personas que recibieron orientacion en anticoncepcion,2016-12-01,1,7,14,5,0,27
JESUS DE MACHACA,"anticoncepcion, prevencion de its y de cancer de cuello uterino",numero de personas que recibieron orientacion en anticoncepcion,2016-12-01,0,4,8,6,1,19
LA ASUNTA,"anticoncepcion, prevencion de its y de cancer de cuello uterino",numero de personas que recibieron orientacion en anticoncepcion,2016-12-01,0,24,58,11,0,93
LA GUARDIA,"anticoncepcion, prevencion de its y de cancer de cuello uterino",numero de personas que recibieron orientacion en anticoncepcion,2016-12-01,2,55,248,73,10,388
LA PAZ,"anticoncepcion, prevencion de its y de cancer de cuello uterino",numero de personas que recibieron orientacion en anticoncepcion,2016-12-01,34,196,1343,544,35,2152
LAGUNILLAS,"anticoncepcion, prevencion de its y de cancer de cuello uterino",numero de personas que recibieron orientacion en anticoncepcion,2016-12-01,0,5,39,12,0,56
LAJA,"anticoncepcion, prevencion de its y de cancer de cuello uterino",numero de personas que recibieron orientacion en anticoncepcion,2016-12-01,0,8,35,8,1,52
LAS CARRERAS,"anticoncepcion, prevencion de its y de cancer de cuello uterino",numero de personas que recibieron orientacion en anticoncepcion,2016-12-01,99,156,34,27,6,322
LICOMA PAMPA,"anticoncepcion, prevencion de its y de cancer de cuello uterino",numero de personas que recibieron orientacion en anticoncepcion,2016-12-01,0,3,2,1,0,6
LLALLAGUA,"anticoncepcion, prevencion de its y de cancer de cuello uterino",numero de personas que recibieron orientacion en anticoncepcion,2016-12-01,2,58,211,63,3,337
LLICA,"anticoncepcion, prevencion de its y de cancer de cuello uterino",numero de personas que recibieron orientacion en anticoncepcion,2016-12-01,0,1,3,1,0,5
LORETO,"anticoncepcion, prevencion de its y de cancer de cuello uterino",numero de personas que recibieron orientacion en anticoncepcion,2016-12-01,0,3,9,3,0,15
LURIBAY,"anticoncepcion, prevencion de its y de cancer de cuello uterino",numero de personas que recibieron orientacion en anticoncepcion,2016-12-01,0,4,15,6,2,27
MACHACAMARCA,"anticoncepcion, prevencion de its y de cancer de cuello uterino",numero de personas que recibieron orientacion en anticoncepcion,2016-12-01,1,1,8,1,0,11
MACHARETI,"anticoncepcion, prevencion de its y de cancer de cuello uterino",numero de personas que recibieron orientacion en anticoncepcion,2016-12-01,23,48,14,3,0,88
MAGDALENA,"anticoncepcion, prevencion de its y de cancer de cuello uterino",numero de personas que recibieron orientacion en anticoncepcion,2016-12-01,1,10,27,8,0,46
MAIRANA,"anticoncepcion, prevencion de its y de cancer de cuello uterino",numero de personas que recibieron orientacion en anticoncepcion,2016-12-01,0,16,49,11,0,76
MALLA,"anticoncepcion, prevencion de its y de cancer de cuello uterino",numero de personas que recibieron orientacion en anticoncepcion,2016-12-01,0,0,6,2,0,8
MAPIRI,"anticoncepcion, prevencion de its y de cancer de cuello uterino",numero de personas que recibieron orientacion en anticoncepcion,2016-12-01,0,3,16,6,0,25
MECAPACA,"anticoncepcion, prevencion de its y de cancer de cuello uterino",numero de personas que recibieron orientacion en anticoncepcion,2016-12-01,0,4,21,8,0,33
MINEROS,"anticoncepcion, prevencion de its y de cancer de cuello uterino",numero de personas que recibieron orientacion en anticoncepcion,2016-12-01,1,14,50,23,3,91
MIZQUE,"anticoncepcion, prevencion de its y de cancer de cuello uterino",numero de personas que recibieron orientacion en anticoncepcion,2016-12-01,1,37,124,52,3,217
MOCOMOCO,"anticoncepcion, prevencion de its y de cancer de cuello uterino",numero de personas que recibieron orientacion en anticoncepcion,2016-12-01,0,2,5,4,1,12
MOJINETE,"anticoncepcion, prevencion de its y de cancer de cuello uterino",numero de personas que recibieron orientacion en anticoncepcion,2016-12-01,0,0,2,2,0,4
MOJOCOYA,"anticoncepcion, prevencion de its y de cancer de cuello uterino",numero de personas que recibieron orientacion en anticoncepcion,2016-12-01,3,8,21,9,0,41
MONTEAGUDO,"anticoncepcion, prevencion de its y de cancer de cuello uterino",numero de personas que recibieron orientacion en anticoncepcion,2016-12-01,120,114,81,27,7,349
MONTERO,"anticoncepcion, prevencion de its y de cancer de cuello uterino",numero de personas que recibieron orientacion en anticoncepcion,2016-12-01,15,107,408,130,13,673
MORO MORO,"anticoncepcion, prevencion de its y de cancer de cuello uterino",numero de personas que recibieron orientacion en anticoncepcion,2016-12-01,0,2,0,0,0,2
MOROCHATA,"anticoncepcion, prevencion de its y de cancer de cuello uterino",numero de personas que recibieron orientacion en anticoncepcion,2016-12-01,0,10,22,10,1,43
NACEBE (SANTA ROSA DEL ABUNA),"anticoncepcion, prevencion de its y de cancer de cuello uterino",numero de personas que recibieron orientacion en anticoncepcion,2016-12-01,0,0,6,5,0,11
NAZACARA DE PACAJES,"anticoncepcion, prevencion de its y de cancer de cuello uterino",numero de personas que recibieron orientacion en anticoncepcion,2016-12-01,0,1,1,0,0,2
NUEVO MANOA (NUEVA ESPERANZA),"anticoncepcion, prevencion de its y de cancer de cuello uterino",numero de personas que recibieron orientacion en anticoncepcion,2016-12-01,0,5,13,1,0,19
OCURI,"anticoncepcion, prevencion de its y de cancer de cuello uterino",numero de personas que recibieron orientacion en anticoncepcion,2016-12-01,0,5,25,8,0,38
OKINAWA,"anticoncepcion, prevencion de its y de cancer de cuello uterino",numero de personas que recibieron orientacion en anticoncepcion,2016-12-01,0,4,21,6,0,31
OMEREQUE,"anticoncepcion, prevencion de its y de cancer de cuello uterino",numero de personas que recibieron orientacion en anticoncepcion,2016-12-01,0,1,11,5,0,17
ORURO,"anticoncepcion, prevencion de its y de cancer de cuello uterino",numero de personas que recibieron orientacion en anticoncepcion,2016-12-01,6,161,1141,309,37,1654
PADCAYA,"anticoncepcion, prevencion de its y de cancer de cuello uterino",numero de personas que recibieron orientacion en anticoncepcion,2016-12-01,0,17,75,42,6,140
PADILLA,"anticoncepcion, prevencion de its y de cancer de cuello uterino",numero de personas que recibieron orientacion en anticoncepcion,2016-12-01,5,22,32,19,1,79
PAILON,"anticoncepcion, prevencion de its y de cancer de cuello uterino",numero de personas que recibieron orientacion en anticoncepcion,2016-12-01,1,16,34,8,0,59
PALCA,"anticoncepcion, prevencion de its y de cancer de cuello uterino",numero de personas que recibieron orientacion en anticoncepcion,2016-12-01,0,11,53,12,0,76
PALOS BLANCOS,"anticoncepcion, prevencion de its y de cancer de cuello uterino",numero de personas que recibieron orientacion en anticoncepcion,2016-12-01,4,26,102,44,12,188
PAMPA AULLAGAS,"anticoncepcion, prevencion de its y de cancer de cuello uterino",numero de personas que recibieron orientacion en anticoncepcion,2016-12-01,0,1,2,2,0,5
PAMPA GRANDE,"anticoncepcion, prevencion de its y de cancer de cuello uterino",numero de personas que recibieron orientacion en anticoncepcion,2016-12-01,0,3,7,1,0,11
PAPEL PAMPA,"anticoncepcion, prevencion de its y de cancer de cuello uterino",numero de personas que recibieron orientacion en anticoncepcion,2016-12-01,0,1,0,1,0,2
PASORAPA,"anticoncepcion, prevencion de its y de cancer de cuello uterino",numero de personas que recibieron orientacion en anticoncepcion,2016-12-01,0,1,5,7,2,15
PATACAMAYA,"anticoncepcion, prevencion de its y de cancer de cuello uterino",numero de personas que recibieron orientacion en anticoncepcion,2016-12-01,0,1,18,3,0,22
PAZÑA,"anticoncepcion, prevencion de its y de cancer de cuello uterino",numero de personas que recibieron orientacion en anticoncepcion,2016-12-01,0,2,15,6,0,23
PELECHUCO,"anticoncepcion, prevencion de its y de cancer de cuello uterino",numero de personas que recibieron orientacion en anticoncepcion,2016-12-01,0,4,50,15,8,77
POCOATA,"anticoncepcion, prevencion de its y de cancer de cuello uterino",numero de personas que recibieron orientacion en anticoncepcion,2016-12-01,0,27,64,39,1,131
POCONA,"anticoncepcion, prevencion de its y de cancer de cuello uterino",numero de personas que recibieron orientacion en anticoncepcion,2016-12-01,3,6,45,20,0,74
POJO (CBBA),"anticoncepcion, prevencion de its y de cancer de cuello uterino",numero de personas que recibieron orientacion en anticoncepcion,2016-12-01,1,8,14,4,0,27
POOPO,"anticoncepcion, prevencion de its y de cancer de cuello uterino",numero de personas que recibieron orientacion en anticoncepcion,2016-12-01,0,0,6,0,0,6
PORCO,"anticoncepcion, prevencion de its y de cancer de cuello uterino",numero de personas que recibieron orientacion en anticoncepcion,2016-12-01,0,12,53,6,0,71
POROMA,"anticoncepcion, prevencion de its y de cancer de cuello uterino",numero de personas que recibieron orientacion en anticoncepcion,2016-12-01,23,91,13,10,1,138
PORONGO,"anticoncepcion, prevencion de its y de cancer de cuello uterino",numero de personas que recibieron orientacion en anticoncepcion,2016-12-01,3,14,28,7,0,52
PORTACHUELO,"anticoncepcion, prevencion de its y de cancer de cuello uterino",numero de personas que recibieron orientacion en anticoncepcion,2016-12-01,0,7,10,1,0,18
PORVENIR,"anticoncepcion, prevencion de its y de cancer de cuello uterino",numero de personas que recibieron orientacion en anticoncepcion,2016-12-01,0,0,5,0,0,5
POSTRER VALLE,"anticoncepcion, prevencion de its y de cancer de cuello uterino",numero de personas que recibieron orientacion en anticoncepcion,2016-12-01,0,1,1,1,0,3
POTOSI,"anticoncepcion, prevencion de its y de cancer de cuello uterino",numero de personas que recibieron orientacion en anticoncepcion,2016-12-01,2,65,459,177,12,715
PRESTO,"anticoncepcion, prevencion de its y de cancer de cuello uterino",numero de personas que recibieron orientacion en anticoncepcion,2016-12-01,2,20,41,19,8,90
PUCARANI,"anticoncepcion, prevencion de its y de cancer de cuello uterino",numero de personas que recibieron orientacion en anticoncepcion,2016-12-01,0,13,67,27,6,113
PUERTO ACOSTA,"anticoncepcion, prevencion de its y de cancer de cuello uterino",numero de personas que recibieron orientacion en anticoncepcion,2016-12-01,0,1,3,4,0,8
PUERTO CARABUCO,"anticoncepcion, prevencion de its y de cancer de cuello uterino",numero de personas que recibieron orientacion en anticoncepcion,2016-12-01,0,2,6,6,1,15
PUERTO GONZALO MORENO,"anticoncepcion, prevencion de its y de cancer de cuello uterino",numero de personas que recibieron orientacion en anticoncepcion,2016-12-01,5,14,22,3,1,45
PUERTO PEREZ,"anticoncepcion, prevencion de its y de cancer de cuello uterino",numero de personas que recibieron orientacion en anticoncepcion,2016-12-01,0,2,5,4,0,11
PUERTO QUIJARRO,"anticoncepcion, prevencion de its y de cancer de cuello uterino",numero de personas que recibieron orientacion en anticoncepcion,2016-12-01,0,1,21,6,2,30
PUERTO RICO,"anticoncepcion, prevencion de its y de cancer de cuello uterino",numero de personas que recibieron orientacion en anticoncepcion,2016-12-01,0,3,13,1,0,17
PUERTO SILES,"anticoncepcion, prevencion de its y de cancer de cuello uterino",numero de personas que recibieron orientacion en anticoncepcion,2016-12-01,0,4,7,0,0,11
PUERTO SUAREZ,"anticoncepcion, prevencion de its y de cancer de cuello uterino",numero de personas que recibieron orientacion en anticoncepcion,2016-12-01,2,6,53,49,6,116
PUERTO VILLARROEL,"anticoncepcion, prevencion de its y de cancer de cuello uterino",numero de personas que recibieron orientacion en anticoncepcion,2016-12-01,0,25,119,24,2,170
PUNA,"anticoncepcion, prevencion de its y de cancer de cuello uterino",numero de personas que recibieron orientacion en anticoncepcion,2016-12-01,0,2,22,11,0,35
PUNATA,"anticoncepcion, prevencion de its y de cancer de cuello uterino",numero de personas que recibieron orientacion en anticoncepcion,2016-12-01,0,15,69,12,0,96
QUIABAYA,"anticoncepcion, prevencion de its y de cancer de cuello uterino",numero de personas que recibieron orientacion en anticoncepcion,2016-12-01,0,0,1,2,0,3
QUILLACOLLO,"anticoncepcion, prevencion de its y de cancer de cuello uterino",numero de personas que recibieron orientacion en anticoncepcion,2016-12-01,5,162,641,214,9,1031
QUIME,"anticoncepcion, prevencion de its y de cancer de cuello uterino",numero de personas que recibieron orientacion en anticoncepcion,2016-12-01,0,2,15,6,0,23
QUIRUSILLAS,"anticoncepcion, prevencion de its y de cancer de cuello uterino",numero de personas que recibieron orientacion en anticoncepcion,2016-12-01,0,0,3,1,0,4
RAVELO,"anticoncepcion, prevencion de its y de cancer de cuello uterino",numero de personas que recibieron orientacion en anticoncepcion,2016-12-01,0,6,34,26,1,67
REYES,"anticoncepcion, prevencion de its y de cancer de cuello uterino",numero de personas que recibieron orientacion en anticoncepcion,2016-12-01,4,19,46,19,0,88
RIBERALTA,"anticoncepcion, prevencion de its y de cancer de cuello uterino",numero de personas que recibieron orientacion en anticoncepcion,2016-12-01,25,209,543,138,13,928
ROBORE,"anticoncepcion, prevencion de its y de cancer de cuello uterino",numero de personas que recibieron orientacion en anticoncepcion,2016-12-01,0,2,10,4,0,16
RURRENABAQUE,"anticoncepcion, prevencion de its y de cancer de cuello uterino",numero de personas que recibieron orientacion en anticoncepcion,2016-12-01,0,12,44,8,0,64
SABAYA,"anticoncepcion, prevencion de its y de cancer de cuello uterino",numero de personas que recibieron orientacion en anticoncepcion,2016-12-01,0,2,6,2,0,10
SACABA,"anticoncepcion, prevencion de its y de cancer de cuello uterino",numero de personas que recibieron orientacion en anticoncepcion,2016-12-01,43,443,538,154,1,1179
SACABAMBA,"anticoncepcion, prevencion de its y de cancer de cuello uterino",numero de personas que recibieron orientacion en anticoncepcion,2016-12-01,0,0,7,7,0,14
SACACA,"anticoncepcion, prevencion de its y de cancer de cuello uterino",numero de personas que recibieron orientacion en anticoncepcion,2016-12-01,2,5,34,11,0,52
SAIPINA,"anticoncepcion, prevencion de its y de cancer de cuello uterino",numero de personas que recibieron orientacion en anticoncepcion,2016-12-01,0,5,9,3,0,17
SALINAS DE GARCI MENDOZA,"anticoncepcion, prevencion de its y de cancer de cuello uterino",numero de personas que recibieron orientacion en anticoncepcion,2016-12-01,0,5,12,5,0,22
SAMAIPATA,"anticoncepcion, prevencion de its y de cancer de cuello uterino",numero de personas que recibieron orientacion en anticoncepcion,2016-12-01,0,12,25,1,0,38
SAN AGUSTIN,"anticoncepcion, prevencion de its y de cancer de cuello uterino",numero de personas que recibieron orientacion en anticoncepcion,2016-12-01,0,2,2,0,0,4
SAN ANDRES,"anticoncepcion, prevencion de its y de cancer de cuello uterino",numero de personas que recibieron orientacion en anticoncepcion,2016-12-01,0,4,36,15,0,55
SAN ANDRES DE MACHACA,"anticoncepcion, prevencion de its y de cancer de cuello uterino",numero de personas que recibieron orientacion en anticoncepcion,2016-12-01,0,1,6,4,1,12
SAN ANTONIO DE ESMORUCO,"anticoncepcion, prevencion de its y de cancer de cuello uterino",numero de personas que recibieron orientacion en anticoncepcion,2016-12-01,0,1,5,2,0,8
SAN ANTONIO DE LOMERIO,"anticoncepcion, prevencion de its y de cancer de cuello uterino",numero de personas que recibieron orientacion en anticoncepcion,2016-12-01,0,1,0,0,0,1
SAN BENITO,"anticoncepcion, prevencion de its y de cancer de cuello uterino",numero de personas que recibieron orientacion en anticoncepcion,2016-12-01,0,2,22,11,1,36
SAN BORJA,"anticoncepcion, prevencion de its y de cancer de cuello uterino",numero de personas que recibieron orientacion en anticoncepcion,2016-12-01,1,23,76,7,0,107
SAN BUENA VENTURA,"anticoncepcion, prevencion de its y de cancer de cuello uterino",numero de personas que recibieron orientacion en anticoncepcion,2016-12-01,0,5,22,7,0,34
SAN CARLOS,"anticoncepcion, prevencion de its y de cancer de cuello uterino",numero de personas que recibieron orientacion en anticoncepcion,2016-12-01,0,32,86,29,0,147
SAN IGNACIO,"anticoncepcion, prevencion de its y de cancer de cuello uterino",numero de personas que recibieron orientacion en anticoncepcion,2016-12-01,5,35,157,78,1,276
SAN IGNACIO DE VELASCO,"anticoncepcion, prevencion de its y de cancer de cuello uterino",numero de personas que recibieron orientacion en anticoncepcion,2016-12-01,0,35,134,53,0,222
SAN JAVIER(BNI),"anticoncepcion, prevencion de its y de cancer de cuello uterino",numero de personas que recibieron orientacion en anticoncepcion,2016-12-01,1,2,9,2,0,14
SAN JOAQUIN,"anticoncepcion, prevencion de its y de cancer de cuello uterino",numero de personas que recibieron orientacion en anticoncepcion,2016-12-01,0,1,0,0,0,1
SAN JOSE DE CHIQUITOS,"anticoncepcion, prevencion de its y de cancer de cuello uterino",numero de personas que recibieron orientacion en anticoncepcion,2016-12-01,2,19,71,22,2,116
SAN JUAN DE YAPACANI,"anticoncepcion, prevencion de its y de cancer de cuello uterino",numero de personas que recibieron orientacion en anticoncepcion,2016-12-01,2,14,36,10,0,62
SAN JULIAN,"anticoncepcion, prevencion de its y de cancer de cuello uterino",numero de personas que recibieron orientacion en anticoncepcion,2016-12-01,1,32,162,57,3,255
SAN LORENZO(PND),"anticoncepcion, prevencion de its y de cancer de cuello uterino",numero de personas que recibieron orientacion en anticoncepcion,2016-12-01,0,19,11,3,0,33
SAN LORENZO(TJA),"anticoncepcion, prevencion de its y de cancer de cuello uterino",numero de personas que recibieron orientacion en anticoncepcion,2016-12-01,2,8,64,25,2,101
SAN LUCAS,"anticoncepcion, prevencion de its y de cancer de cuello uterino",numero de personas que recibieron orientacion en anticoncepcion,2016-12-01,93,441,84,75,16,709
SAN MATIAS,"anticoncepcion, prevencion de its y de cancer de cuello uterino",numero de personas que recibieron orientacion en anticoncepcion,2016-12-01,0,7,22,6,0,35
SAN MIGUEL DE VELASCO,"anticoncepcion, prevencion de its y de cancer de cuello uterino",numero de personas que recibieron orientacion en anticoncepcion,2016-12-01,1,16,95,50,1,163
SAN PABLO DE LIPEZ,"anticoncepcion, prevencion de its y de cancer de cuello uterino",numero de personas que recibieron orientacion en anticoncepcion,2016-12-01,0,4,10,1,1,16
SAN PEDRO,"anticoncepcion, prevencion de its y de cancer de cuello uterino",numero de personas que recibieron orientacion en anticoncepcion,2016-12-01,0,4,33,11,0,48
SAN PEDRO DE BUENA VISTA,"anticoncepcion, prevencion de its y de cancer de cuello uterino",numero de personas que recibieron orientacion en anticoncepcion,2016-12-01,0,11,52,18,0,81
SAN PEDRO DE CURAHUARA,"anticoncepcion, prevencion de its y de cancer de cuello uterino",numero de personas que recibieron orientacion en anticoncepcion,2016-12-01,0,2,5,3,0,10
SAN PEDRO DE QUEMES,"anticoncepcion, prevencion de its y de cancer de cuello uterino",numero de personas que recibieron orientacion en anticoncepcion,2016-12-01,0,0,8,0,0,8
SAN PEDRO DE TIQUINA,"anticoncepcion, prevencion de its y de cancer de cuello uterino",numero de personas que recibieron orientacion en anticoncepcion,2016-12-01,0,0,7,3,0,10
SAN PEDRO(PND),"anticoncepcion, prevencion de its y de cancer de cuello uterino",numero de personas que recibieron orientacion en anticoncepcion,2016-12-01,1,1,0,0,0,2
SAN RAFAEL,"anticoncepcion, prevencion de its y de cancer de cuello uterino",numero de personas que recibieron orientacion en anticoncepcion,2016-12-01,0,20,88,29,2,139
SAN RAMON SCZ,"anticoncepcion, prevencion de its y de cancer de cuello uterino",numero de personas que recibieron orientacion en anticoncepcion,2016-12-01,0,10,78,30,0,118
SANTA ANA,"anticoncepcion, prevencion de its y de cancer de cuello uterino",numero de personas que recibieron orientacion en anticoncepcion,2016-12-01,0,12,36,3,0,51
SANTA CRUZ DE LA SIERRA,"anticoncepcion, prevencion de its y de cancer de cuello uterino",numero de personas que recibieron orientacion en anticoncepcion,2016-12-01,48,394,1300,342,43,2127
SANTA ROSA,"anticoncepcion, prevencion de its y de cancer de cuello uterino",numero de personas que recibieron orientacion en anticoncepcion,2016-12-01,0,10,27,4,0,41
SANTA ROSA DEL SARA,"anticoncepcion, prevencion de its y de cancer de cuello uterino",numero de personas que recibieron orientacion en anticoncepcion,2016-12-01,0,9,29,10,1,49
SANTIAGO DE CALLAPA,"anticoncepcion, prevencion de its y de cancer de cuello uterino",numero de personas que recibieron orientacion en anticoncepcion,2016-12-01,0,2,3,1,0,6
SANTIAGO DE HUARI,"anticoncepcion, prevencion de its y de cancer de cuello uterino",numero de personas que recibieron orientacion en anticoncepcion,2016-12-01,0,5,15,6,0,26
SANTIAGO DE HUATA,"anticoncepcion, prevencion de its y de cancer de cuello uterino",numero de personas que recibieron orientacion en anticoncepcion,2016-12-01,1,2,11,6,12,32
SANTIAGO DE MACHACA,"anticoncepcion, prevencion de its y de cancer de cuello uterino",numero de personas que recibieron orientacion en anticoncepcion,2016-12-01,0,1,4,2,0,7
SANTIVAÑES,"anticoncepcion, prevencion de its y de cancer de cuello uterino",numero de personas que recibieron orientacion en anticoncepcion,2016-12-01,0,2,4,0,0,6
SANTUARIO DE QUILLACAS,"anticoncepcion, prevencion de its y de cancer de cuello uterino",numero de personas que recibieron orientacion en anticoncepcion,2016-12-01,0,2,6,1,0,9
SAPAHAQUI,"anticoncepcion, prevencion de its y de cancer de cuello uterino",numero de personas que recibieron orientacion en anticoncepcion,2016-12-01,0,1,19,6,0,26
SENA,"anticoncepcion, prevencion de its y de cancer de cuello uterino",numero de personas que recibieron orientacion en anticoncepcion,2016-12-01,0,9,6,2,0,17
SHINAOTA,"anticoncepcion, prevencion de its y de cancer de cuello uterino",numero de personas que recibieron orientacion en anticoncepcion,2016-12-01,0,10,38,8,0,56
SICA SICA (VILLA AROMA),"anticoncepcion, prevencion de its y de cancer de cuello uterino",numero de personas que recibieron orientacion en anticoncepcion,2016-12-01,0,8,52,24,1,85
SICAYA,"anticoncepcion, prevencion de its y de cancer de cuello uterino",numero de personas que recibieron orientacion en anticoncepcion,2016-12-01,0,1,7,2,0,10
SIPE SIPE,"anticoncepcion, prevencion de its y de cancer de cuello uterino",numero de personas que recibieron orientacion en anticoncepcion,2016-12-01,2,24,150,53,2,231
SOPACHUY,"anticoncepcion, prevencion de its y de cancer de cuello uterino",numero de personas que recibieron orientacion en anticoncepcion,2016-12-01,69,144,79,47,13,352
SORACACHI,"anticoncepcion, prevencion de its y de cancer de cuello uterino",numero de personas que recibieron orientacion en anticoncepcion,2016-12-01,0,4,25,9,0,38
SORATA,"anticoncepcion, prevencion de its y de cancer de cuello uterino",numero de personas que recibieron orientacion en anticoncepcion,2016-12-01,0,5,24,9,1,39
SUCRE,"anticoncepcion, prevencion de its y de cancer de cuello uterino",numero de personas que recibieron orientacion en anticoncepcion,2016-12-01,242,1113,2263,697,126,4441
TACACOMA,"anticoncepcion, prevencion de its y de cancer de cuello uterino",numero de personas que recibieron orientacion en anticoncepcion,2016-12-01,0,4,12,7,0,23
TACOBAMBA,"anticoncepcion, prevencion de its y de cancer de cuello uterino",numero de personas que recibieron orientacion en anticoncepcion,2016-12-01,0,2,6,5,1,14
TACOPAYA,"anticoncepcion, prevencion de its y de cancer de cuello uterino",numero de personas que recibieron orientacion en anticoncepcion,2016-12-01,0,2,7,3,0,12
TAHUA,"anticoncepcion, prevencion de its y de cancer de cuello uterino",numero de personas que recibieron orientacion en anticoncepcion,2016-12-01,1,3,9,9,7,29
TAPACARI,"anticoncepcion, prevencion de its y de cancer de cuello uterino",numero de personas que recibieron orientacion en anticoncepcion,2016-12-01,0,7,22,7,0,36
TARABUCO,"anticoncepcion, prevencion de its y de cancer de cuello uterino",numero de personas que recibieron orientacion en anticoncepcion,2016-12-01,3,24,63,43,0,133
TARACO,"anticoncepcion, prevencion de its y de cancer de cuello uterino",numero de personas que recibieron orientacion en anticoncepcion,2016-12-01,0,1,2,0,0,3
TARATA,"anticoncepcion, prevencion de its y de cancer de cuello uterino",numero de personas que recibieron orientacion en anticoncepcion,2016-12-01,0,4,18,10,0,32
TARIJA,"anticoncepcion, prevencion de its y de cancer de cuello uterino",numero de personas que recibieron orientacion en anticoncepcion,2016-12-01,3,30,155,68,0,256
TARVITA,"anticoncepcion, prevencion de its y de cancer de cuello uterino",numero de personas que recibieron orientacion en anticoncepcion,2016-12-01,7,37,8,7,3,62
TEOPONTE,"anticoncepcion, prevencion de its y de cancer de cuello uterino",numero de personas que recibieron orientacion en anticoncepcion,2016-12-01,0,12,54,22,14,102
TIAWANACU,"anticoncepcion, prevencion de its y de cancer de cuello uterino",numero de personas que recibieron orientacion en anticoncepcion,2016-12-01,0,2,27,16,0,45
TINGUIPAYA,"anticoncepcion, prevencion de its y de cancer de cuello uterino",numero de personas que recibieron orientacion en anticoncepcion,2016-12-01,0,3,13,21,0,37
TIPUANI,"anticoncepcion, prevencion de its y de cancer de cuello uterino",numero de personas que recibieron orientacion en anticoncepcion,2016-12-01,0,2,17,6,0,25
TIQUIPAYA,"anticoncepcion, prevencion de its y de cancer de cuello uterino",numero de personas que recibieron orientacion en anticoncepcion,2016-12-01,2,38,144,56,1,241
TIRAQUE (CBBA),"anticoncepcion, prevencion de its y de cancer de cuello uterino",numero de personas que recibieron orientacion en anticoncepcion,2016-12-01,0,8,20,10,3,41
TITO YUPANQUI (PARQUIPUJIO),"anticoncepcion, prevencion de its y de cancer de cuello uterino",numero de personas que recibieron orientacion en anticoncepcion,2016-12-01,0,0,1,2,1,4
TOCO,"anticoncepcion, prevencion de its y de cancer de cuello uterino",numero de personas que recibieron orientacion en anticoncepcion,2016-12-01,1,6,13,3,0,23
TODOS SANTOS,"anticoncepcion, prevencion de its y de cancer de cuello uterino",numero de personas que recibieron orientacion en anticoncepcion,2016-12-01,0,0,1,0,0,1
TOLATA,"anticoncepcion, prevencion de its y de cancer de cuello uterino",numero de personas que recibieron orientacion en anticoncepcion,2016-12-01,1,17,49,12,0,79
TOLEDO,"anticoncepcion, prevencion de its y de cancer de cuello uterino",numero de personas que recibieron orientacion en anticoncepcion,2016-12-01,0,3,25,7,0,35
TOMAVE,"anticoncepcion, prevencion de its y de cancer de cuello uterino",numero de personas que recibieron orientacion en anticoncepcion,2016-12-01,0,3,13,4,0,20
TOMINA,"anticoncepcion, prevencion de its y de cancer de cuello uterino",numero de personas que recibieron orientacion en anticoncepcion,2016-12-01,16,42,2,10,0,70
TORO TORO,"anticoncepcion, prevencion de its y de cancer de cuello uterino",numero de personas que recibieron orientacion en anticoncepcion,2016-12-01,2,12,16,5,0,35
TOTORA(CBBA),"anticoncepcion, prevencion de its y de cancer de cuello uterino",numero de personas que recibieron orientacion en anticoncepcion,2016-12-01,5,62,134,29,2,232
TOTORA(ORR),"anticoncepcion, prevencion de its y de cancer de cuello uterino",numero de personas que recibieron orientacion en anticoncepcion,2016-12-01,0,2,11,2,0,15
TRIGAL,"anticoncepcion, prevencion de its y de cancer de cuello uterino",numero de personas que recibieron orientacion en anticoncepcion,2016-12-01,0,1,1,0,0,2
TRINIDAD,"anticoncepcion, prevencion de its y de cancer de cuello uterino",numero de personas que recibieron orientacion en anticoncepcion,2016-12-01,12,309,913,133,2,1369
TUPIZA,"anticoncepcion, prevencion de its y de cancer de cuello uterino",numero de personas que recibieron orientacion en anticoncepcion,2016-12-01,1,26,105,47,13,192
TURCO,"anticoncepcion, prevencion de its y de cancer de cuello uterino",numero de personas que recibieron orientacion en anticoncepcion,2016-12-01,0,0,4,1,0,5
UMALA,"anticoncepcion, prevencion de its y de cancer de cuello uterino",numero de personas que recibieron orientacion en anticoncepcion,2016-12-01,0,2,13,6,0,21
UNCIA,"anticoncepcion, prevencion de its y de cancer de cuello uterino",numero de personas que recibieron orientacion en anticoncepcion,2016-12-01,0,1,15,7,0,23
URIONDO (A. CONCEPCION),"anticoncepcion, prevencion de its y de cancer de cuello uterino",numero de personas que recibieron orientacion en anticoncepcion,2016-12-01,0,11,32,23,2,68
URUBICHA,"anticoncepcion, prevencion de its y de cancer de cuello uterino",numero de personas que recibieron orientacion en anticoncepcion,2016-12-01,0,8,26,3,0,37
UYUNI,"anticoncepcion, prevencion de its y de cancer de cuello uterino",numero de personas que recibieron orientacion en anticoncepcion,2016-12-01,1,28,116,27,4,176
VACAS,"anticoncepcion, prevencion de its y de cancer de cuello uterino",numero de personas que recibieron orientacion en anticoncepcion,2016-12-01,2,6,22,20,0,50
VALLEGRANDE,"anticoncepcion, prevencion de its y de cancer de cuello uterino",numero de personas que recibieron orientacion en anticoncepcion,2016-12-01,0,7,11,4,0,22
VIACHA,"anticoncepcion, prevencion de its y de cancer de cuello uterino",numero de personas que recibieron orientacion en anticoncepcion,2016-12-01,2,49,490,55,3,599
VILA VILA,"anticoncepcion, prevencion de its y de cancer de cuello uterino",numero de personas que recibieron orientacion en anticoncepcion,2016-12-01,0,1,6,2,0,9
VILLA CHARCAS,"anticoncepcion, prevencion de its y de cancer de cuello uterino",numero de personas que recibieron orientacion en anticoncepcion,2016-12-01,481,338,25,6,3,853
VILLA MONTES,"anticoncepcion, prevencion de its y de cancer de cuello uterino",numero de personas que recibieron orientacion en anticoncepcion,2016-12-01,1,23,70,24,0,118
VILLA NUEVA (LOMA ALTA),"anticoncepcion, prevencion de its y de cancer de cuello uterino",numero de personas que recibieron orientacion en anticoncepcion,2016-12-01,1,2,6,2,0,11
VILLA RIVERO,"anticoncepcion, prevencion de its y de cancer de cuello uterino",numero de personas que recibieron orientacion en anticoncepcion,2016-12-01,0,7,46,8,2,63
VILLA SERRANO,"anticoncepcion, prevencion de its y de cancer de cuello uterino",numero de personas que recibieron orientacion en anticoncepcion,2016-12-01,13,22,18,18,2,73
VILLA TUNARI,"anticoncepcion, prevencion de its y de cancer de cuello uterino",numero de personas que recibieron orientacion en anticoncepcion,2016-12-01,4,48,217,85,1,355
VILLA VACA GUZMAN (MUYUPAMPA),"anticoncepcion, prevencion de its y de cancer de cuello uterino",numero de personas que recibieron orientacion en anticoncepcion,2016-12-01,75,111,15,6,0,207
VILLAZON,"anticoncepcion, prevencion de its y de cancer de cuello uterino",numero de personas que recibieron orientacion en anticoncepcion,2016-12-01,3,21,62,20,2,108
VINTO,"anticoncepcion, prevencion de its y de cancer de cuello uterino",numero de personas que recibieron orientacion en anticoncepcion,2016-12-01,4,116,348,59,3,530
VITICHI,"anticoncepcion, prevencion de its y de cancer de cuello uterino",numero de personas que recibieron orientacion en anticoncepcion,2016-12-01,0,7,16,10,3,36
WALDO BALLIVIAN,"anticoncepcion, prevencion de its y de cancer de cuello uterino",numero de personas que recibieron orientacion en anticoncepcion,2016-12-01,0,0,1,0,1,2
WARNES,"anticoncepcion, prevencion de its y de cancer de cuello uterino",numero de personas que recibieron orientacion en anticoncepcion,2016-12-01,2,29,108,27,6,172
YACO,"anticoncepcion, prevencion de its y de cancer de cuello uterino",numero de personas que recibieron orientacion en anticoncepcion,2016-12-01,0,2,1,2,0,5
YACUIBA,"anticoncepcion, prevencion de its y de cancer de cuello uterino",numero de personas que recibieron orientacion en anticoncepcion,2016-12-01,4,89,452,200,27,772
YAMPARAEZ,"anticoncepcion, prevencion de its y de cancer de cuello uterino",numero de personas que recibieron orientacion en anticoncepcion,2016-12-01,11,15,16,22,1,65
YANACACHI,"anticoncepcion, prevencion de its y de cancer de cuello uterino",numero de personas que recibieron orientacion en anticoncepcion,2016-12-01,0,0,9,1,0,10
YAPACANI,"anticoncepcion, prevencion de its y de cancer de cuello uterino",numero de personas que recibieron orientacion en anticoncepcion,2016-12-01,1,29,109,21,0,160
YOCALLA,"anticoncepcion, prevencion de its y de cancer de cuello uterino",numero de personas que recibieron orientacion en anticoncepcion,2016-12-01,0,4,14,12,0,30
YOTALA,"anticoncepcion, prevencion de its y de cancer de cuello uterino",numero de personas que recibieron orientacion en anticoncepcion,2016-12-01,73,136,48,50,1,308
YUNCHARA,"anticoncepcion, prevencion de its y de cancer de cuello uterino",numero de personas que recibieron orientacion en anticoncepcion,2016-12-01,0,7,27,11,0,45
YUNGUYO DE LITORAL,"anticoncepcion, prevencion de its y de cancer de cuello uterino",numero de personas que recibieron orientacion en anticoncepcion,2016-12-01,0,0,0,1,0,1
ZUDAÑEZ,"anticoncepcion, prevencion de its y de cancer de cuello uterino",numero de personas que recibieron orientacion en anticoncepcion,2016-12-01,29,28,20,1,0,78
