municipality,group,variable,month,Número de mujeres con IVAA positivos,Número de mujeres con IVAA positivos1,Número de mujeres con IVAA positivos2,Número de mujeres con IVAA positivos3,Número de mujeres con IVAA positivos4,TOTAL
ACHACACHI,"anticoncepcion, prevencion de its y de cancer de cuello uterino",numero de mujeres con ivaa positivos,2016-01-01,0,0,1,0,0,1
AIQUILE,"anticoncepcion, prevencion de its y de cancer de cuello uterino",numero de mujeres con ivaa positivos,2016-01-01,0,0,1,1,0,2
CAPINOTA,"anticoncepcion, prevencion de its y de cancer de cuello uterino",numero de mujeres con ivaa positivos,2016-01-01,0,0,2,1,0,3
COCHABAMBA,"anticoncepcion, prevencion de its y de cancer de cuello uterino",numero de mujeres con ivaa positivos,2016-01-01,0,1,17,93,1,112
EL ALTO,"anticoncepcion, prevencion de its y de cancer de cuello uterino",numero de mujeres con ivaa positivos,2016-01-01,0,1,12,17,7,37
ICLA,"anticoncepcion, prevencion de its y de cancer de cuello uterino",numero de mujeres con ivaa positivos,2016-01-01,0,0,0,0,1,1
LA ASUNTA,"anticoncepcion, prevencion de its y de cancer de cuello uterino",numero de mujeres con ivaa positivos,2016-01-01,0,0,1,0,0,1
LA PAZ,"anticoncepcion, prevencion de its y de cancer de cuello uterino",numero de mujeres con ivaa positivos,2016-01-01,0,0,7,3,5,15
MONTERO,"anticoncepcion, prevencion de its y de cancer de cuello uterino",numero de mujeres con ivaa positivos,2016-01-01,0,0,0,1,0,1
ORURO,"anticoncepcion, prevencion de its y de cancer de cuello uterino",numero de mujeres con ivaa positivos,2016-01-01,0,0,1,2,0,3
PALCA,"anticoncepcion, prevencion de its y de cancer de cuello uterino",numero de mujeres con ivaa positivos,2016-01-01,0,1,3,0,0,4
POTOSI,"anticoncepcion, prevencion de its y de cancer de cuello uterino",numero de mujeres con ivaa positivos,2016-01-01,0,0,2,2,1,5
SANTA CRUZ DE LA SIERRA,"anticoncepcion, prevencion de its y de cancer de cuello uterino",numero de mujeres con ivaa positivos,2016-01-01,0,8,43,5,0,56
SOPACHUY,"anticoncepcion, prevencion de its y de cancer de cuello uterino",numero de mujeres con ivaa positivos,2016-01-01,0,1,1,0,1,3
SUCRE,"anticoncepcion, prevencion de its y de cancer de cuello uterino",numero de mujeres con ivaa positivos,2016-01-01,0,3,17,6,3,29
TARIJA,"anticoncepcion, prevencion de its y de cancer de cuello uterino",numero de mujeres con ivaa positivos,2016-01-01,0,1,2,6,0,9
TRINIDAD,"anticoncepcion, prevencion de its y de cancer de cuello uterino",numero de mujeres con ivaa positivos,2016-01-01,0,0,3,6,2,11
TUPIZA,"anticoncepcion, prevencion de its y de cancer de cuello uterino",numero de mujeres con ivaa positivos,2016-01-01,0,0,1,0,0,1
YACUIBA,"anticoncepcion, prevencion de its y de cancer de cuello uterino",numero de mujeres con ivaa positivos,2016-01-01,0,0,0,1,0,1
YAPACANI,"anticoncepcion, prevencion de its y de cancer de cuello uterino",numero de mujeres con ivaa positivos,2016-01-01,0,0,1,0,0,1
ALCALA,"anticoncepcion, prevencion de its y de cancer de cuello uterino",numero de mujeres con ivaa positivos,2016-02-01,0,0,2,1,0,3
CAPINOTA,"anticoncepcion, prevencion de its y de cancer de cuello uterino",numero de mujeres con ivaa positivos,2016-02-01,0,1,3,3,0,7
COBIJA,"anticoncepcion, prevencion de its y de cancer de cuello uterino",numero de mujeres con ivaa positivos,2016-02-01,0,0,2,0,0,2
COCHABAMBA,"anticoncepcion, prevencion de its y de cancer de cuello uterino",numero de mujeres con ivaa positivos,2016-02-01,0,0,4,3,0,7
EL ALTO,"anticoncepcion, prevencion de its y de cancer de cuello uterino",numero de mujeres con ivaa positivos,2016-02-01,0,0,22,24,4,50
LA PAZ,"anticoncepcion, prevencion de its y de cancer de cuello uterino",numero de mujeres con ivaa positivos,2016-02-01,0,0,0,2,0,2
ORURO,"anticoncepcion, prevencion de its y de cancer de cuello uterino",numero de mujeres con ivaa positivos,2016-02-01,0,0,1,2,0,3
PADILLA,"anticoncepcion, prevencion de its y de cancer de cuello uterino",numero de mujeres con ivaa positivos,2016-02-01,0,0,0,0,2,2
PALCA,"anticoncepcion, prevencion de its y de cancer de cuello uterino",numero de mujeres con ivaa positivos,2016-02-01,0,0,1,1,0,2
PORVENIR,"anticoncepcion, prevencion de its y de cancer de cuello uterino",numero de mujeres con ivaa positivos,2016-02-01,0,0,0,1,0,1
POTOSI,"anticoncepcion, prevencion de its y de cancer de cuello uterino",numero de mujeres con ivaa positivos,2016-02-01,0,0,2,0,0,2
RIBERALTA,"anticoncepcion, prevencion de its y de cancer de cuello uterino",numero de mujeres con ivaa positivos,2016-02-01,0,0,1,0,0,1
SANTA CRUZ DE LA SIERRA,"anticoncepcion, prevencion de its y de cancer de cuello uterino",numero de mujeres con ivaa positivos,2016-02-01,0,10,51,9,0,70
SOPACHUY,"anticoncepcion, prevencion de its y de cancer de cuello uterino",numero de mujeres con ivaa positivos,2016-02-01,0,1,1,2,1,5
SUCRE,"anticoncepcion, prevencion de its y de cancer de cuello uterino",numero de mujeres con ivaa positivos,2016-02-01,0,0,1,3,0,4
TARIJA,"anticoncepcion, prevencion de its y de cancer de cuello uterino",numero de mujeres con ivaa positivos,2016-02-01,0,0,5,5,0,10
TRINIDAD,"anticoncepcion, prevencion de its y de cancer de cuello uterino",numero de mujeres con ivaa positivos,2016-02-01,0,0,1,0,0,1
TUPIZA,"anticoncepcion, prevencion de its y de cancer de cuello uterino",numero de mujeres con ivaa positivos,2016-02-01,0,0,0,0,1,1
UYUNI,"anticoncepcion, prevencion de its y de cancer de cuello uterino",numero de mujeres con ivaa positivos,2016-02-01,0,0,1,0,0,1
VALLEGRANDE,"anticoncepcion, prevencion de its y de cancer de cuello uterino",numero de mujeres con ivaa positivos,2016-02-01,0,0,1,0,0,1
VILLA MONTES,"anticoncepcion, prevencion de its y de cancer de cuello uterino",numero de mujeres con ivaa positivos,2016-02-01,0,0,1,0,0,1
YAPACANI,"anticoncepcion, prevencion de its y de cancer de cuello uterino",numero de mujeres con ivaa positivos,2016-02-01,0,0,2,0,0,2
AIQUILE,"anticoncepcion, prevencion de its y de cancer de cuello uterino",numero de mujeres con ivaa positivos,2016-03-01,0,0,2,0,0,2
BUENA VISTA,"anticoncepcion, prevencion de its y de cancer de cuello uterino",numero de mujeres con ivaa positivos,2016-03-01,0,0,0,1,0,1
CAMARGO,"anticoncepcion, prevencion de its y de cancer de cuello uterino",numero de mujeres con ivaa positivos,2016-03-01,0,1,3,0,0,4
CAMIRI,"anticoncepcion, prevencion de its y de cancer de cuello uterino",numero de mujeres con ivaa positivos,2016-03-01,0,0,0,0,1,1
CAPINOTA,"anticoncepcion, prevencion de its y de cancer de cuello uterino",numero de mujeres con ivaa positivos,2016-03-01,0,1,6,0,0,7
COBIJA,"anticoncepcion, prevencion de its y de cancer de cuello uterino",numero de mujeres con ivaa positivos,2016-03-01,0,0,0,0,1,1
COCHABAMBA,"anticoncepcion, prevencion de its y de cancer de cuello uterino",numero de mujeres con ivaa positivos,2016-03-01,0,3,17,64,2,86
EL ALTO,"anticoncepcion, prevencion de its y de cancer de cuello uterino",numero de mujeres con ivaa positivos,2016-03-01,0,0,39,28,5,72
ICLA,"anticoncepcion, prevencion de its y de cancer de cuello uterino",numero de mujeres con ivaa positivos,2016-03-01,0,0,3,1,0,4
LA PAZ,"anticoncepcion, prevencion de its y de cancer de cuello uterino",numero de mujeres con ivaa positivos,2016-03-01,0,0,1,2,2,5
MONTEAGUDO,"anticoncepcion, prevencion de its y de cancer de cuello uterino",numero de mujeres con ivaa positivos,2016-03-01,0,0,1,0,0,1
ORURO,"anticoncepcion, prevencion de its y de cancer de cuello uterino",numero de mujeres con ivaa positivos,2016-03-01,0,0,1,2,0,3
PADILLA,"anticoncepcion, prevencion de its y de cancer de cuello uterino",numero de mujeres con ivaa positivos,2016-03-01,0,0,1,0,0,1
POTOSI,"anticoncepcion, prevencion de its y de cancer de cuello uterino",numero de mujeres con ivaa positivos,2016-03-01,0,0,3,1,0,4
PUERTO RICO,"anticoncepcion, prevencion de its y de cancer de cuello uterino",numero de mujeres con ivaa positivos,2016-03-01,0,0,1,1,0,2
PUERTO VILLARROEL,"anticoncepcion, prevencion de its y de cancer de cuello uterino",numero de mujeres con ivaa positivos,2016-03-01,0,1,2,1,0,4
RIBERALTA,"anticoncepcion, prevencion de its y de cancer de cuello uterino",numero de mujeres con ivaa positivos,2016-03-01,0,0,0,1,0,1
SANTA CRUZ DE LA SIERRA,"anticoncepcion, prevencion de its y de cancer de cuello uterino",numero de mujeres con ivaa positivos,2016-03-01,0,23,106,17,0,146
TARATA,"anticoncepcion, prevencion de its y de cancer de cuello uterino",numero de mujeres con ivaa positivos,2016-03-01,0,0,2,0,0,2
TARIJA,"anticoncepcion, prevencion de its y de cancer de cuello uterino",numero de mujeres con ivaa positivos,2016-03-01,0,0,3,13,7,23
TIRAQUE (CBBA),"anticoncepcion, prevencion de its y de cancer de cuello uterino",numero de mujeres con ivaa positivos,2016-03-01,0,0,1,0,0,1
VILLA VACA GUZMAN (MUYUPAMPA),"anticoncepcion, prevencion de its y de cancer de cuello uterino",numero de mujeres con ivaa positivos,2016-03-01,0,0,1,1,0,2
CAPINOTA,"anticoncepcion, prevencion de its y de cancer de cuello uterino",numero de mujeres con ivaa positivos,2016-04-01,0,2,1,0,0,3
COBIJA,"anticoncepcion, prevencion de its y de cancer de cuello uterino",numero de mujeres con ivaa positivos,2016-04-01,0,0,0,1,0,1
COCHABAMBA,"anticoncepcion, prevencion de its y de cancer de cuello uterino",numero de mujeres con ivaa positivos,2016-04-01,0,1,42,51,10,104
EL ALTO,"anticoncepcion, prevencion de its y de cancer de cuello uterino",numero de mujeres con ivaa positivos,2016-04-01,0,1,10,7,8,26
ICLA,"anticoncepcion, prevencion de its y de cancer de cuello uterino",numero de mujeres con ivaa positivos,2016-04-01,0,0,1,0,1,2
LA PAZ,"anticoncepcion, prevencion de its y de cancer de cuello uterino",numero de mujeres con ivaa positivos,2016-04-01,0,0,2,0,0,2
MIZQUE,"anticoncepcion, prevencion de its y de cancer de cuello uterino",numero de mujeres con ivaa positivos,2016-04-01,0,0,1,0,0,1
MONTERO,"anticoncepcion, prevencion de its y de cancer de cuello uterino",numero de mujeres con ivaa positivos,2016-04-01,0,0,1,0,0,1
ORURO,"anticoncepcion, prevencion de its y de cancer de cuello uterino",numero de mujeres con ivaa positivos,2016-04-01,0,0,16,2,2,20
PATACAMAYA,"anticoncepcion, prevencion de its y de cancer de cuello uterino",numero de mujeres con ivaa positivos,2016-04-01,0,0,0,1,0,1
POTOSI,"anticoncepcion, prevencion de its y de cancer de cuello uterino",numero de mujeres con ivaa positivos,2016-04-01,0,0,2,2,0,4
PUERTO VILLARROEL,"anticoncepcion, prevencion de its y de cancer de cuello uterino",numero de mujeres con ivaa positivos,2016-04-01,0,1,7,1,0,9
PUNATA,"anticoncepcion, prevencion de its y de cancer de cuello uterino",numero de mujeres con ivaa positivos,2016-04-01,0,0,1,1,0,2
RIBERALTA,"anticoncepcion, prevencion de its y de cancer de cuello uterino",numero de mujeres con ivaa positivos,2016-04-01,0,0,2,2,1,5
SACACA,"anticoncepcion, prevencion de its y de cancer de cuello uterino",numero de mujeres con ivaa positivos,2016-04-01,0,0,3,1,0,4
SAN CARLOS,"anticoncepcion, prevencion de its y de cancer de cuello uterino",numero de mujeres con ivaa positivos,2016-04-01,0,0,3,1,0,4
SAN IGNACIO,"anticoncepcion, prevencion de its y de cancer de cuello uterino",numero de mujeres con ivaa positivos,2016-04-01,0,0,1,0,0,1
SAN RAMON SCZ,"anticoncepcion, prevencion de its y de cancer de cuello uterino",numero de mujeres con ivaa positivos,2016-04-01,0,0,0,1,0,1
SANTA CRUZ DE LA SIERRA,"anticoncepcion, prevencion de its y de cancer de cuello uterino",numero de mujeres con ivaa positivos,2016-04-01,1,11,32,11,0,55
SOPACHUY,"anticoncepcion, prevencion de its y de cancer de cuello uterino",numero de mujeres con ivaa positivos,2016-04-01,0,0,1,1,0,2
TARIJA,"anticoncepcion, prevencion de its y de cancer de cuello uterino",numero de mujeres con ivaa positivos,2016-04-01,0,0,4,3,1,8
TARVITA,"anticoncepcion, prevencion de its y de cancer de cuello uterino",numero de mujeres con ivaa positivos,2016-04-01,0,0,0,1,1,2
TIRAQUE (CBBA),"anticoncepcion, prevencion de its y de cancer de cuello uterino",numero de mujeres con ivaa positivos,2016-04-01,0,0,2,0,0,2
VILLA MONTES,"anticoncepcion, prevencion de its y de cancer de cuello uterino",numero de mujeres con ivaa positivos,2016-04-01,0,1,2,0,0,3
YAPACANI,"anticoncepcion, prevencion de its y de cancer de cuello uterino",numero de mujeres con ivaa positivos,2016-04-01,0,0,1,1,0,2
AIQUILE,"anticoncepcion, prevencion de its y de cancer de cuello uterino",numero de mujeres con ivaa positivos,2016-05-01,0,0,0,1,0,1
CAMARGO,"anticoncepcion, prevencion de its y de cancer de cuello uterino",numero de mujeres con ivaa positivos,2016-05-01,0,0,2,1,1,4
CAPINOTA,"anticoncepcion, prevencion de its y de cancer de cuello uterino",numero de mujeres con ivaa positivos,2016-05-01,0,0,5,0,0,5
COBIJA,"anticoncepcion, prevencion de its y de cancer de cuello uterino",numero de mujeres con ivaa positivos,2016-05-01,0,0,1,0,0,1
COCHABAMBA,"anticoncepcion, prevencion de its y de cancer de cuello uterino",numero de mujeres con ivaa positivos,2016-05-01,0,1,63,69,23,156
EL ALTO,"anticoncepcion, prevencion de its y de cancer de cuello uterino",numero de mujeres con ivaa positivos,2016-05-01,0,1,12,8,1,22
ENTRE RIOS CBBA,"anticoncepcion, prevencion de its y de cancer de cuello uterino",numero de mujeres con ivaa positivos,2016-05-01,0,0,2,0,0,2
ICLA,"anticoncepcion, prevencion de its y de cancer de cuello uterino",numero de mujeres con ivaa positivos,2016-05-01,0,0,1,0,0,1
LA PAZ,"anticoncepcion, prevencion de its y de cancer de cuello uterino",numero de mujeres con ivaa positivos,2016-05-01,0,0,6,10,3,19
MACHARETI,"anticoncepcion, prevencion de its y de cancer de cuello uterino",numero de mujeres con ivaa positivos,2016-05-01,0,0,0,2,1,3
MIZQUE,"anticoncepcion, prevencion de its y de cancer de cuello uterino",numero de mujeres con ivaa positivos,2016-05-01,0,1,2,0,0,3
ORURO,"anticoncepcion, prevencion de its y de cancer de cuello uterino",numero de mujeres con ivaa positivos,2016-05-01,0,1,5,2,1,9
PUERTO GONZALO MORENO,"anticoncepcion, prevencion de its y de cancer de cuello uterino",numero de mujeres con ivaa positivos,2016-05-01,0,1,0,1,0,2
QUILLACOLLO,"anticoncepcion, prevencion de its y de cancer de cuello uterino",numero de mujeres con ivaa positivos,2016-05-01,0,0,9,6,0,15
RIBERALTA,"anticoncepcion, prevencion de its y de cancer de cuello uterino",numero de mujeres con ivaa positivos,2016-05-01,0,0,2,0,0,2
SACABA,"anticoncepcion, prevencion de its y de cancer de cuello uterino",numero de mujeres con ivaa positivos,2016-05-01,0,0,2,0,0,2
SACACA,"anticoncepcion, prevencion de its y de cancer de cuello uterino",numero de mujeres con ivaa positivos,2016-05-01,0,0,1,0,0,1
SAN CARLOS,"anticoncepcion, prevencion de its y de cancer de cuello uterino",numero de mujeres con ivaa positivos,2016-05-01,0,0,1,0,0,1
SAN RAMON SCZ,"anticoncepcion, prevencion de its y de cancer de cuello uterino",numero de mujeres con ivaa positivos,2016-05-01,0,0,0,1,0,1
SANTA CRUZ DE LA SIERRA,"anticoncepcion, prevencion de its y de cancer de cuello uterino",numero de mujeres con ivaa positivos,2016-05-01,0,0,0,1,0,1
SOPACHUY,"anticoncepcion, prevencion de its y de cancer de cuello uterino",numero de mujeres con ivaa positivos,2016-05-01,0,0,2,3,0,5
SUCRE,"anticoncepcion, prevencion de its y de cancer de cuello uterino",numero de mujeres con ivaa positivos,2016-05-01,0,1,0,0,0,1
TARIJA,"anticoncepcion, prevencion de its y de cancer de cuello uterino",numero de mujeres con ivaa positivos,2016-05-01,0,0,0,1,0,1
TARVITA,"anticoncepcion, prevencion de its y de cancer de cuello uterino",numero de mujeres con ivaa positivos,2016-05-01,0,0,0,1,0,1
UNCIA,"anticoncepcion, prevencion de its y de cancer de cuello uterino",numero de mujeres con ivaa positivos,2016-05-01,0,0,1,1,1,3
VILLA MONTES,"anticoncepcion, prevencion de its y de cancer de cuello uterino",numero de mujeres con ivaa positivos,2016-05-01,0,0,3,1,0,4
VINTO,"anticoncepcion, prevencion de its y de cancer de cuello uterino",numero de mujeres con ivaa positivos,2016-05-01,0,4,0,0,0,4
YACUIBA,"anticoncepcion, prevencion de its y de cancer de cuello uterino",numero de mujeres con ivaa positivos,2016-05-01,0,0,5,2,1,8
AIQUILE,"anticoncepcion, prevencion de its y de cancer de cuello uterino",numero de mujeres con ivaa positivos,2016-06-01,0,0,1,0,1,2
BERMEJO,"anticoncepcion, prevencion de its y de cancer de cuello uterino",numero de mujeres con ivaa positivos,2016-06-01,0,0,1,0,0,1
CAMIRI,"anticoncepcion, prevencion de its y de cancer de cuello uterino",numero de mujeres con ivaa positivos,2016-06-01,0,0,2,0,0,2
CAPINOTA,"anticoncepcion, prevencion de its y de cancer de cuello uterino",numero de mujeres con ivaa positivos,2016-06-01,0,0,3,0,0,3
COCHABAMBA,"anticoncepcion, prevencion de its y de cancer de cuello uterino",numero de mujeres con ivaa positivos,2016-06-01,0,4,57,20,5,86
CUATRO CAÑADAS,"anticoncepcion, prevencion de its y de cancer de cuello uterino",numero de mujeres con ivaa positivos,2016-06-01,0,0,1,0,0,1
EL ALTO,"anticoncepcion, prevencion de its y de cancer de cuello uterino",numero de mujeres con ivaa positivos,2016-06-01,0,0,5,14,3,22
ENTRE RIOS TRJ,"anticoncepcion, prevencion de its y de cancer de cuello uterino",numero de mujeres con ivaa positivos,2016-06-01,0,0,1,0,0,1
ICLA,"anticoncepcion, prevencion de its y de cancer de cuello uterino",numero de mujeres con ivaa positivos,2016-06-01,0,0,0,1,0,1
LA PAZ,"anticoncepcion, prevencion de its y de cancer de cuello uterino",numero de mujeres con ivaa positivos,2016-06-01,0,0,2,1,0,3
ORURO,"anticoncepcion, prevencion de its y de cancer de cuello uterino",numero de mujeres con ivaa positivos,2016-06-01,0,0,53,50,18,121
PADCAYA,"anticoncepcion, prevencion de its y de cancer de cuello uterino",numero de mujeres con ivaa positivos,2016-06-01,0,0,1,1,0,2
POTOSI,"anticoncepcion, prevencion de its y de cancer de cuello uterino",numero de mujeres con ivaa positivos,2016-06-01,0,0,0,2,0,2
PUERTO GONZALO MORENO,"anticoncepcion, prevencion de its y de cancer de cuello uterino",numero de mujeres con ivaa positivos,2016-06-01,0,1,2,0,0,3
PUERTO RICO,"anticoncepcion, prevencion de its y de cancer de cuello uterino",numero de mujeres con ivaa positivos,2016-06-01,0,0,0,1,0,1
RIBERALTA,"anticoncepcion, prevencion de its y de cancer de cuello uterino",numero de mujeres con ivaa positivos,2016-06-01,0,0,5,1,0,6
SACABA,"anticoncepcion, prevencion de its y de cancer de cuello uterino",numero de mujeres con ivaa positivos,2016-06-01,0,0,0,1,0,1
SAN CARLOS,"anticoncepcion, prevencion de its y de cancer de cuello uterino",numero de mujeres con ivaa positivos,2016-06-01,0,1,0,2,0,3
SANTA CRUZ DE LA SIERRA,"anticoncepcion, prevencion de its y de cancer de cuello uterino",numero de mujeres con ivaa positivos,2016-06-01,0,1,49,24,6,80
SHINAOTA,"anticoncepcion, prevencion de its y de cancer de cuello uterino",numero de mujeres con ivaa positivos,2016-06-01,0,0,1,0,0,1
SOPACHUY,"anticoncepcion, prevencion de its y de cancer de cuello uterino",numero de mujeres con ivaa positivos,2016-06-01,0,0,2,0,0,2
SUCRE,"anticoncepcion, prevencion de its y de cancer de cuello uterino",numero de mujeres con ivaa positivos,2016-06-01,0,0,2,5,0,7
TARIJA,"anticoncepcion, prevencion de its y de cancer de cuello uterino",numero de mujeres con ivaa positivos,2016-06-01,0,0,5,10,0,15
TIRAQUE (CBBA),"anticoncepcion, prevencion de its y de cancer de cuello uterino",numero de mujeres con ivaa positivos,2016-06-01,0,2,0,0,0,2
VILLA CHARCAS,"anticoncepcion, prevencion de its y de cancer de cuello uterino",numero de mujeres con ivaa positivos,2016-06-01,0,1,2,0,0,3
VILLA MONTES,"anticoncepcion, prevencion de its y de cancer de cuello uterino",numero de mujeres con ivaa positivos,2016-06-01,0,0,1,0,0,1
YACUIBA,"anticoncepcion, prevencion de its y de cancer de cuello uterino",numero de mujeres con ivaa positivos,2016-06-01,0,0,1,0,2,3
ZUDAÑEZ,"anticoncepcion, prevencion de its y de cancer de cuello uterino",numero de mujeres con ivaa positivos,2016-06-01,0,0,1,1,0,2
AIQUILE,"anticoncepcion, prevencion de its y de cancer de cuello uterino",numero de mujeres con ivaa positivos,2016-07-01,0,0,1,0,1,2
CAPINOTA,"anticoncepcion, prevencion de its y de cancer de cuello uterino",numero de mujeres con ivaa positivos,2016-07-01,0,3,2,0,0,5
COBIJA,"anticoncepcion, prevencion de its y de cancer de cuello uterino",numero de mujeres con ivaa positivos,2016-07-01,0,0,1,0,0,1
COCHABAMBA,"anticoncepcion, prevencion de its y de cancer de cuello uterino",numero de mujeres con ivaa positivos,2016-07-01,0,6,70,11,1,88
COROICO,"anticoncepcion, prevencion de its y de cancer de cuello uterino",numero de mujeres con ivaa positivos,2016-07-01,0,0,1,0,0,1
CULPINA,"anticoncepcion, prevencion de its y de cancer de cuello uterino",numero de mujeres con ivaa positivos,2016-07-01,0,0,0,1,0,1
EL ALTO,"anticoncepcion, prevencion de its y de cancer de cuello uterino",numero de mujeres con ivaa positivos,2016-07-01,0,1,12,13,8,34
EL PUENTE(TJA),"anticoncepcion, prevencion de its y de cancer de cuello uterino",numero de mujeres con ivaa positivos,2016-07-01,0,0,0,1,0,1
HUACARETA,"anticoncepcion, prevencion de its y de cancer de cuello uterino",numero de mujeres con ivaa positivos,2016-07-01,0,0,2,1,0,3
ICLA,"anticoncepcion, prevencion de its y de cancer de cuello uterino",numero de mujeres con ivaa positivos,2016-07-01,0,1,0,0,0,1
LA PAZ,"anticoncepcion, prevencion de its y de cancer de cuello uterino",numero de mujeres con ivaa positivos,2016-07-01,0,0,2,2,1,5
MONTEAGUDO,"anticoncepcion, prevencion de its y de cancer de cuello uterino",numero de mujeres con ivaa positivos,2016-07-01,0,0,0,0,1,1
MONTERO,"anticoncepcion, prevencion de its y de cancer de cuello uterino",numero de mujeres con ivaa positivos,2016-07-01,0,0,0,1,0,1
ORURO,"anticoncepcion, prevencion de its y de cancer de cuello uterino",numero de mujeres con ivaa positivos,2016-07-01,0,0,3,3,2,8
POTOSI,"anticoncepcion, prevencion de its y de cancer de cuello uterino",numero de mujeres con ivaa positivos,2016-07-01,0,0,1,0,0,1
PRESTO,"anticoncepcion, prevencion de its y de cancer de cuello uterino",numero de mujeres con ivaa positivos,2016-07-01,0,0,1,3,2,6
QUILLACOLLO,"anticoncepcion, prevencion de its y de cancer de cuello uterino",numero de mujeres con ivaa positivos,2016-07-01,0,0,1,0,0,1
RIBERALTA,"anticoncepcion, prevencion de its y de cancer de cuello uterino",numero de mujeres con ivaa positivos,2016-07-01,0,0,0,1,0,1
SACACA,"anticoncepcion, prevencion de its y de cancer de cuello uterino",numero de mujeres con ivaa positivos,2016-07-01,0,2,0,0,0,2
SAN CARLOS,"anticoncepcion, prevencion de its y de cancer de cuello uterino",numero de mujeres con ivaa positivos,2016-07-01,0,0,2,1,0,3
SAN IGNACIO,"anticoncepcion, prevencion de its y de cancer de cuello uterino",numero de mujeres con ivaa positivos,2016-07-01,0,0,0,1,0,1
SANTA CRUZ DE LA SIERRA,"anticoncepcion, prevencion de its y de cancer de cuello uterino",numero de mujeres con ivaa positivos,2016-07-01,0,0,1,4,1,6
SUCRE,"anticoncepcion, prevencion de its y de cancer de cuello uterino",numero de mujeres con ivaa positivos,2016-07-01,1,1,6,1,2,11
TAPACARI,"anticoncepcion, prevencion de its y de cancer de cuello uterino",numero de mujeres con ivaa positivos,2016-07-01,0,0,4,0,0,4
TARIJA,"anticoncepcion, prevencion de its y de cancer de cuello uterino",numero de mujeres con ivaa positivos,2016-07-01,0,0,4,3,3,10
VILLA CHARCAS,"anticoncepcion, prevencion de its y de cancer de cuello uterino",numero de mujeres con ivaa positivos,2016-07-01,0,0,1,1,0,2
VILLA MONTES,"anticoncepcion, prevencion de its y de cancer de cuello uterino",numero de mujeres con ivaa positivos,2016-07-01,0,0,2,0,0,2
YACUIBA,"anticoncepcion, prevencion de its y de cancer de cuello uterino",numero de mujeres con ivaa positivos,2016-07-01,0,1,4,1,2,8
AIQUILE,"anticoncepcion, prevencion de its y de cancer de cuello uterino",numero de mujeres con ivaa positivos,2016-08-01,0,0,0,1,0,1
AYOPAYA (V. DE INDEPENDENCIA),"anticoncepcion, prevencion de its y de cancer de cuello uterino",numero de mujeres con ivaa positivos,2016-08-01,0,0,1,0,0,1
CAPINOTA,"anticoncepcion, prevencion de its y de cancer de cuello uterino",numero de mujeres con ivaa positivos,2016-08-01,0,2,4,2,0,8
COBIJA,"anticoncepcion, prevencion de its y de cancer de cuello uterino",numero de mujeres con ivaa positivos,2016-08-01,0,1,0,1,0,2
COCHABAMBA,"anticoncepcion, prevencion de its y de cancer de cuello uterino",numero de mujeres con ivaa positivos,2016-08-01,0,2,47,10,5,64
CULPINA,"anticoncepcion, prevencion de its y de cancer de cuello uterino",numero de mujeres con ivaa positivos,2016-08-01,0,0,0,1,0,1
EL ALTO,"anticoncepcion, prevencion de its y de cancer de cuello uterino",numero de mujeres con ivaa positivos,2016-08-01,0,0,6,6,2,14
EL PUENTE(TJA),"anticoncepcion, prevencion de its y de cancer de cuello uterino",numero de mujeres con ivaa positivos,2016-08-01,0,0,1,0,0,1
HUANUNI,"anticoncepcion, prevencion de its y de cancer de cuello uterino",numero de mujeres con ivaa positivos,2016-08-01,0,0,1,1,0,2
LA ASUNTA,"anticoncepcion, prevencion de its y de cancer de cuello uterino",numero de mujeres con ivaa positivos,2016-08-01,0,0,1,1,0,2
LA PAZ,"anticoncepcion, prevencion de its y de cancer de cuello uterino",numero de mujeres con ivaa positivos,2016-08-01,0,0,2,0,0,2
MONTEAGUDO,"anticoncepcion, prevencion de its y de cancer de cuello uterino",numero de mujeres con ivaa positivos,2016-08-01,0,1,2,0,0,3
MONTERO,"anticoncepcion, prevencion de its y de cancer de cuello uterino",numero de mujeres con ivaa positivos,2016-08-01,0,0,1,0,0,1
ORURO,"anticoncepcion, prevencion de its y de cancer de cuello uterino",numero de mujeres con ivaa positivos,2016-08-01,0,0,4,2,0,6
POTOSI,"anticoncepcion, prevencion de its y de cancer de cuello uterino",numero de mujeres con ivaa positivos,2016-08-01,0,0,0,3,1,4
PUERTO RICO,"anticoncepcion, prevencion de its y de cancer de cuello uterino",numero de mujeres con ivaa positivos,2016-08-01,0,0,5,4,0,9
QUILLACOLLO,"anticoncepcion, prevencion de its y de cancer de cuello uterino",numero de mujeres con ivaa positivos,2016-08-01,0,0,1,1,0,2
SACABA,"anticoncepcion, prevencion de its y de cancer de cuello uterino",numero de mujeres con ivaa positivos,2016-08-01,0,0,2,0,0,2
SAN CARLOS,"anticoncepcion, prevencion de its y de cancer de cuello uterino",numero de mujeres con ivaa positivos,2016-08-01,0,0,2,0,0,2
SAN PEDRO DE BUENA VISTA,"anticoncepcion, prevencion de its y de cancer de cuello uterino",numero de mujeres con ivaa positivos,2016-08-01,0,0,0,1,0,1
SAN RAMON SCZ,"anticoncepcion, prevencion de its y de cancer de cuello uterino",numero de mujeres con ivaa positivos,2016-08-01,0,0,4,5,0,9
SANTA CRUZ DE LA SIERRA,"anticoncepcion, prevencion de its y de cancer de cuello uterino",numero de mujeres con ivaa positivos,2016-08-01,0,1,10,3,0,14
SOPACHUY,"anticoncepcion, prevencion de its y de cancer de cuello uterino",numero de mujeres con ivaa positivos,2016-08-01,0,1,0,0,0,1
SUCRE,"anticoncepcion, prevencion de its y de cancer de cuello uterino",numero de mujeres con ivaa positivos,2016-08-01,0,0,3,3,2,8
TARIJA,"anticoncepcion, prevencion de its y de cancer de cuello uterino",numero de mujeres con ivaa positivos,2016-08-01,0,0,15,9,1,25
TIQUIPAYA,"anticoncepcion, prevencion de its y de cancer de cuello uterino",numero de mujeres con ivaa positivos,2016-08-01,0,0,1,0,0,1
VILLA MONTES,"anticoncepcion, prevencion de its y de cancer de cuello uterino",numero de mujeres con ivaa positivos,2016-08-01,0,0,2,0,0,2
YACUIBA,"anticoncepcion, prevencion de its y de cancer de cuello uterino",numero de mujeres con ivaa positivos,2016-08-01,0,0,0,4,0,4
AIQUILE,"anticoncepcion, prevencion de its y de cancer de cuello uterino",numero de mujeres con ivaa positivos,2016-09-01,0,0,1,1,0,2
BELLA FLOR,"anticoncepcion, prevencion de its y de cancer de cuello uterino",numero de mujeres con ivaa positivos,2016-09-01,0,0,2,1,0,3
CAPINOTA,"anticoncepcion, prevencion de its y de cancer de cuello uterino",numero de mujeres con ivaa positivos,2016-09-01,0,3,3,1,0,7
CARIPUYO,"anticoncepcion, prevencion de its y de cancer de cuello uterino",numero de mujeres con ivaa positivos,2016-09-01,0,0,0,1,0,1
COCHABAMBA,"anticoncepcion, prevencion de its y de cancer de cuello uterino",numero de mujeres con ivaa positivos,2016-09-01,0,4,38,9,4,55
EL ALTO,"anticoncepcion, prevencion de its y de cancer de cuello uterino",numero de mujeres con ivaa positivos,2016-09-01,0,2,8,7,2,19
ENTRE RIOS TRJ,"anticoncepcion, prevencion de its y de cancer de cuello uterino",numero de mujeres con ivaa positivos,2016-09-01,0,0,1,6,1,8
ICLA,"anticoncepcion, prevencion de its y de cancer de cuello uterino",numero de mujeres con ivaa positivos,2016-09-01,0,0,2,5,4,11
LA PAZ,"anticoncepcion, prevencion de its y de cancer de cuello uterino",numero de mujeres con ivaa positivos,2016-09-01,0,0,1,2,1,4
ORURO,"anticoncepcion, prevencion de its y de cancer de cuello uterino",numero de mujeres con ivaa positivos,2016-09-01,0,2,8,5,1,16
PADCAYA,"anticoncepcion, prevencion de its y de cancer de cuello uterino",numero de mujeres con ivaa positivos,2016-09-01,0,0,1,0,0,1
POOPO,"anticoncepcion, prevencion de its y de cancer de cuello uterino",numero de mujeres con ivaa positivos,2016-09-01,0,0,1,0,0,1
POTOSI,"anticoncepcion, prevencion de its y de cancer de cuello uterino",numero de mujeres con ivaa positivos,2016-09-01,0,0,2,5,1,8
SACABA,"anticoncepcion, prevencion de its y de cancer de cuello uterino",numero de mujeres con ivaa positivos,2016-09-01,0,0,1,0,1,2
SACACA,"anticoncepcion, prevencion de its y de cancer de cuello uterino",numero de mujeres con ivaa positivos,2016-09-01,0,0,2,2,0,4
SAN CARLOS,"anticoncepcion, prevencion de its y de cancer de cuello uterino",numero de mujeres con ivaa positivos,2016-09-01,0,0,1,0,0,1
SANTA CRUZ DE LA SIERRA,"anticoncepcion, prevencion de its y de cancer de cuello uterino",numero de mujeres con ivaa positivos,2016-09-01,0,0,1,1,1,3
SOPACHUY,"anticoncepcion, prevencion de its y de cancer de cuello uterino",numero de mujeres con ivaa positivos,2016-09-01,0,0,3,0,0,3
SUCRE,"anticoncepcion, prevencion de its y de cancer de cuello uterino",numero de mujeres con ivaa positivos,2016-09-01,0,0,2,2,0,4
TARIJA,"anticoncepcion, prevencion de its y de cancer de cuello uterino",numero de mujeres con ivaa positivos,2016-09-01,1,0,6,3,5,15
TRINIDAD,"anticoncepcion, prevencion de its y de cancer de cuello uterino",numero de mujeres con ivaa positivos,2016-09-01,0,0,4,0,0,4
VILLA CHARCAS,"anticoncepcion, prevencion de its y de cancer de cuello uterino",numero de mujeres con ivaa positivos,2016-09-01,0,0,1,1,0,2
VILLA TUNARI,"anticoncepcion, prevencion de its y de cancer de cuello uterino",numero de mujeres con ivaa positivos,2016-09-01,0,1,0,0,0,1
YACUIBA,"anticoncepcion, prevencion de its y de cancer de cuello uterino",numero de mujeres con ivaa positivos,2016-09-01,0,0,3,3,0,6
YAPACANI,"anticoncepcion, prevencion de its y de cancer de cuello uterino",numero de mujeres con ivaa positivos,2016-09-01,0,0,0,1,0,1
AIQUILE,"anticoncepcion, prevencion de its y de cancer de cuello uterino",numero de mujeres con ivaa positivos,2016-10-01,0,0,0,1,0,1
BELLA FLOR,"anticoncepcion, prevencion de its y de cancer de cuello uterino",numero de mujeres con ivaa positivos,2016-10-01,0,0,1,0,0,1
BETANZOS,"anticoncepcion, prevencion de its y de cancer de cuello uterino",numero de mujeres con ivaa positivos,2016-10-01,0,0,0,1,0,1
CAPINOTA,"anticoncepcion, prevencion de its y de cancer de cuello uterino",numero de mujeres con ivaa positivos,2016-10-01,0,1,4,3,0,8
CKOCHAS,"anticoncepcion, prevencion de its y de cancer de cuello uterino",numero de mujeres con ivaa positivos,2016-10-01,0,0,0,1,0,1
COCHABAMBA,"anticoncepcion, prevencion de its y de cancer de cuello uterino",numero de mujeres con ivaa positivos,2016-10-01,0,1,8,44,100,153
CUATRO CAÑADAS,"anticoncepcion, prevencion de its y de cancer de cuello uterino",numero de mujeres con ivaa positivos,2016-10-01,0,1,0,0,0,1
CULPINA,"anticoncepcion, prevencion de its y de cancer de cuello uterino",numero de mujeres con ivaa positivos,2016-10-01,0,0,2,0,0,2
EL ALTO,"anticoncepcion, prevencion de its y de cancer de cuello uterino",numero de mujeres con ivaa positivos,2016-10-01,0,0,15,12,2,29
EL PUENTE(TJA),"anticoncepcion, prevencion de its y de cancer de cuello uterino",numero de mujeres con ivaa positivos,2016-10-01,0,0,0,1,0,1
HUACARETA,"anticoncepcion, prevencion de its y de cancer de cuello uterino",numero de mujeres con ivaa positivos,2016-10-01,0,0,14,10,0,24
HUANUNI,"anticoncepcion, prevencion de its y de cancer de cuello uterino",numero de mujeres con ivaa positivos,2016-10-01,0,0,1,1,0,2
LA PAZ,"anticoncepcion, prevencion de its y de cancer de cuello uterino",numero de mujeres con ivaa positivos,2016-10-01,0,0,1,2,0,3
MACHACAMARCA,"anticoncepcion, prevencion de its y de cancer de cuello uterino",numero de mujeres con ivaa positivos,2016-10-01,0,0,1,1,2,4
MONTEAGUDO,"anticoncepcion, prevencion de its y de cancer de cuello uterino",numero de mujeres con ivaa positivos,2016-10-01,0,0,1,0,0,1
MONTERO,"anticoncepcion, prevencion de its y de cancer de cuello uterino",numero de mujeres con ivaa positivos,2016-10-01,0,0,0,1,0,1
ORURO,"anticoncepcion, prevencion de its y de cancer de cuello uterino",numero de mujeres con ivaa positivos,2016-10-01,0,1,6,3,0,10
POTOSI,"anticoncepcion, prevencion de its y de cancer de cuello uterino",numero de mujeres con ivaa positivos,2016-10-01,0,0,1,7,3,11
RIBERALTA,"anticoncepcion, prevencion de its y de cancer de cuello uterino",numero de mujeres con ivaa positivos,2016-10-01,0,0,0,1,0,1
SAN CARLOS,"anticoncepcion, prevencion de its y de cancer de cuello uterino",numero de mujeres con ivaa positivos,2016-10-01,0,0,4,0,0,4
SAN IGNACIO DE VELASCO,"anticoncepcion, prevencion de its y de cancer de cuello uterino",numero de mujeres con ivaa positivos,2016-10-01,0,0,9,1,0,10
SAN LORENZO(PND),"anticoncepcion, prevencion de its y de cancer de cuello uterino",numero de mujeres con ivaa positivos,2016-10-01,0,0,1,0,0,1
SAN LORENZO(TJA),"anticoncepcion, prevencion de its y de cancer de cuello uterino",numero de mujeres con ivaa positivos,2016-10-01,0,0,1,1,0,2
SANTA CRUZ DE LA SIERRA,"anticoncepcion, prevencion de its y de cancer de cuello uterino",numero de mujeres con ivaa positivos,2016-10-01,0,0,3,4,0,7
SOPACHUY,"anticoncepcion, prevencion de its y de cancer de cuello uterino",numero de mujeres con ivaa positivos,2016-10-01,0,1,6,12,4,23
SUCRE,"anticoncepcion, prevencion de its y de cancer de cuello uterino",numero de mujeres con ivaa positivos,2016-10-01,0,0,2,0,0,2
TARIJA,"anticoncepcion, prevencion de its y de cancer de cuello uterino",numero de mujeres con ivaa positivos,2016-10-01,0,0,23,15,7,45
TORO TORO,"anticoncepcion, prevencion de its y de cancer de cuello uterino",numero de mujeres con ivaa positivos,2016-10-01,0,0,0,0,2,2
TRINIDAD,"anticoncepcion, prevencion de its y de cancer de cuello uterino",numero de mujeres con ivaa positivos,2016-10-01,0,0,0,1,0,1
VILLA MONTES,"anticoncepcion, prevencion de its y de cancer de cuello uterino",numero de mujeres con ivaa positivos,2016-10-01,0,2,6,2,2,12
YACUIBA,"anticoncepcion, prevencion de its y de cancer de cuello uterino",numero de mujeres con ivaa positivos,2016-10-01,0,0,4,1,0,5
AIQUILE,"anticoncepcion, prevencion de its y de cancer de cuello uterino",numero de mujeres con ivaa positivos,2016-11-01,0,0,1,2,0,3
AYOPAYA (V. DE INDEPENDENCIA),"anticoncepcion, prevencion de its y de cancer de cuello uterino",numero de mujeres con ivaa positivos,2016-11-01,0,0,1,0,0,1
BERMEJO,"anticoncepcion, prevencion de its y de cancer de cuello uterino",numero de mujeres con ivaa positivos,2016-11-01,0,0,1,0,0,1
CAMIRI,"anticoncepcion, prevencion de its y de cancer de cuello uterino",numero de mujeres con ivaa positivos,2016-11-01,0,0,5,1,0,6
CAPINOTA,"anticoncepcion, prevencion de its y de cancer de cuello uterino",numero de mujeres con ivaa positivos,2016-11-01,0,0,1,0,0,1
CARANAVI,"anticoncepcion, prevencion de its y de cancer de cuello uterino",numero de mujeres con ivaa positivos,2016-11-01,0,0,1,2,1,4
CHARAGUA,"anticoncepcion, prevencion de its y de cancer de cuello uterino",numero de mujeres con ivaa positivos,2016-11-01,0,0,0,2,0,2
CHAYANTA,"anticoncepcion, prevencion de its y de cancer de cuello uterino",numero de mujeres con ivaa positivos,2016-11-01,0,0,3,0,1,4
COCHABAMBA,"anticoncepcion, prevencion de its y de cancer de cuello uterino",numero de mujeres con ivaa positivos,2016-11-01,0,5,29,12,0,46
CULPINA,"anticoncepcion, prevencion de its y de cancer de cuello uterino",numero de mujeres con ivaa positivos,2016-11-01,0,0,0,1,0,1
EL ALTO,"anticoncepcion, prevencion de its y de cancer de cuello uterino",numero de mujeres con ivaa positivos,2016-11-01,0,0,8,5,2,15
HUACAYA (VILLA DE HUACAYA),"anticoncepcion, prevencion de its y de cancer de cuello uterino",numero de mujeres con ivaa positivos,2016-11-01,0,1,2,0,0,3
LA PAZ,"anticoncepcion, prevencion de its y de cancer de cuello uterino",numero de mujeres con ivaa positivos,2016-11-01,0,0,2,0,0,2
MONTERO,"anticoncepcion, prevencion de its y de cancer de cuello uterino",numero de mujeres con ivaa positivos,2016-11-01,0,0,5,1,0,6
OKINAWA,"anticoncepcion, prevencion de its y de cancer de cuello uterino",numero de mujeres con ivaa positivos,2016-11-01,0,0,1,0,0,1
ORURO,"anticoncepcion, prevencion de its y de cancer de cuello uterino",numero de mujeres con ivaa positivos,2016-11-01,0,0,1,1,3,5
PADCAYA,"anticoncepcion, prevencion de its y de cancer de cuello uterino",numero de mujeres con ivaa positivos,2016-11-01,0,0,2,0,0,2
POTOSI,"anticoncepcion, prevencion de its y de cancer de cuello uterino",numero de mujeres con ivaa positivos,2016-11-01,0,0,1,3,0,4
SACABA,"anticoncepcion, prevencion de its y de cancer de cuello uterino",numero de mujeres con ivaa positivos,2016-11-01,0,0,1,0,0,1
SACACA,"anticoncepcion, prevencion de its y de cancer de cuello uterino",numero de mujeres con ivaa positivos,2016-11-01,0,0,0,1,1,2
SAN CARLOS,"anticoncepcion, prevencion de its y de cancer de cuello uterino",numero de mujeres con ivaa positivos,2016-11-01,0,1,1,1,1,4
SAN LORENZO(PND),"anticoncepcion, prevencion de its y de cancer de cuello uterino",numero de mujeres con ivaa positivos,2016-11-01,0,0,1,1,0,2
SANTA CRUZ DE LA SIERRA,"anticoncepcion, prevencion de its y de cancer de cuello uterino",numero de mujeres con ivaa positivos,2016-11-01,0,0,1,2,1,4
SOPACHUY,"anticoncepcion, prevencion de its y de cancer de cuello uterino",numero de mujeres con ivaa positivos,2016-11-01,0,5,10,9,2,26
SUCRE,"anticoncepcion, prevencion de its y de cancer de cuello uterino",numero de mujeres con ivaa positivos,2016-11-01,0,0,1,0,12,13
TAPACARI,"anticoncepcion, prevencion de its y de cancer de cuello uterino",numero de mujeres con ivaa positivos,2016-11-01,0,2,3,0,0,5
TARIJA,"anticoncepcion, prevencion de its y de cancer de cuello uterino",numero de mujeres con ivaa positivos,2016-11-01,0,2,12,7,3,24
TRINIDAD,"anticoncepcion, prevencion de its y de cancer de cuello uterino",numero de mujeres con ivaa positivos,2016-11-01,0,0,0,2,0,2
VILLA MONTES,"anticoncepcion, prevencion de its y de cancer de cuello uterino",numero de mujeres con ivaa positivos,2016-11-01,0,0,3,0,0,3
YACUIBA,"anticoncepcion, prevencion de its y de cancer de cuello uterino",numero de mujeres con ivaa positivos,2016-11-01,0,0,1,1,0,2
CAPINOTA,"anticoncepcion, prevencion de its y de cancer de cuello uterino",numero de mujeres con ivaa positivos,2016-12-01,0,1,0,0,0,1
COBIJA,"anticoncepcion, prevencion de its y de cancer de cuello uterino",numero de mujeres con ivaa positivos,2016-12-01,0,2,19,7,5,33
COCHABAMBA,"anticoncepcion, prevencion de its y de cancer de cuello uterino",numero de mujeres con ivaa positivos,2016-12-01,0,1,38,22,1,62
EL ALTO,"anticoncepcion, prevencion de its y de cancer de cuello uterino",numero de mujeres con ivaa positivos,2016-12-01,0,1,10,11,1,23
EL PUENTE(TJA),"anticoncepcion, prevencion de its y de cancer de cuello uterino",numero de mujeres con ivaa positivos,2016-12-01,0,0,0,1,0,1
LA PAZ,"anticoncepcion, prevencion de its y de cancer de cuello uterino",numero de mujeres con ivaa positivos,2016-12-01,0,0,5,0,0,5
ORURO,"anticoncepcion, prevencion de its y de cancer de cuello uterino",numero de mujeres con ivaa positivos,2016-12-01,0,0,1,2,0,3
PADCAYA,"anticoncepcion, prevencion de its y de cancer de cuello uterino",numero de mujeres con ivaa positivos,2016-12-01,0,0,1,0,0,1
POTOSI,"anticoncepcion, prevencion de its y de cancer de cuello uterino",numero de mujeres con ivaa positivos,2016-12-01,0,0,1,0,3,4
QUILLACOLLO,"anticoncepcion, prevencion de its y de cancer de cuello uterino",numero de mujeres con ivaa positivos,2016-12-01,0,0,0,2,1,3
SACACA,"anticoncepcion, prevencion de its y de cancer de cuello uterino",numero de mujeres con ivaa positivos,2016-12-01,0,0,0,1,0,1
SAN CARLOS,"anticoncepcion, prevencion de its y de cancer de cuello uterino",numero de mujeres con ivaa positivos,2016-12-01,0,1,1,0,0,2
SAN LORENZO(TJA),"anticoncepcion, prevencion de its y de cancer de cuello uterino",numero de mujeres con ivaa positivos,2016-12-01,0,0,1,0,0,1
SANTA CRUZ DE LA SIERRA,"anticoncepcion, prevencion de its y de cancer de cuello uterino",numero de mujeres con ivaa positivos,2016-12-01,0,0,1,2,0,3
SOPACHUY,"anticoncepcion, prevencion de its y de cancer de cuello uterino",numero de mujeres con ivaa positivos,2016-12-01,0,2,15,14,2,33
SUCRE,"anticoncepcion, prevencion de its y de cancer de cuello uterino",numero de mujeres con ivaa positivos,2016-12-01,0,0,1,0,0,1
TARIJA,"anticoncepcion, prevencion de its y de cancer de cuello uterino",numero de mujeres con ivaa positivos,2016-12-01,0,2,9,8,0,19
YACUIBA,"anticoncepcion, prevencion de its y de cancer de cuello uterino",numero de mujeres con ivaa positivos,2016-12-01,0,0,0,0,1,1
