municipality,group,variable,month,Número de mujeres con exámen clínico de mama positivos (sospechoso de nódulo neoplásico),Número de mujeres con exámen clínico de mama positivos (sospechoso de nódulo neoplásico)1,Número de mujeres con exámen clínico de mama positivos (sospechoso de nódulo neoplásico)2,Número de mujeres con exámen clínico de mama positivos (sospechoso de nódulo neoplásico)3,Número de mujeres con exámen clínico de mama positivos (sospechoso de nódulo neoplásico)4,TOTAL
BERMEJO,"anticoncepcion, prevencion de its y de cancer de cuello uterino",numero de mujeres con examen clinico de mama positivos (sospechoso de nodulo neoplasico),2016-01-01,0,1,9,0,0,10
CKOCHAS,"anticoncepcion, prevencion de its y de cancer de cuello uterino",numero de mujeres con examen clinico de mama positivos (sospechoso de nodulo neoplasico),2016-01-01,0,0,0,1,0,1
COCHABAMBA,"anticoncepcion, prevencion de its y de cancer de cuello uterino",numero de mujeres con examen clinico de mama positivos (sospechoso de nodulo neoplasico),2016-01-01,0,19,94,59,98,270
COPACABANA,"anticoncepcion, prevencion de its y de cancer de cuello uterino",numero de mujeres con examen clinico de mama positivos (sospechoso de nodulo neoplasico),2016-01-01,0,0,5,0,0,5
COTAGAITA,"anticoncepcion, prevencion de its y de cancer de cuello uterino",numero de mujeres con examen clinico de mama positivos (sospechoso de nodulo neoplasico),2016-01-01,0,1,0,2,0,3
CUCHUMUELA (V. G. VILLARROEL),"anticoncepcion, prevencion de its y de cancer de cuello uterino",numero de mujeres con examen clinico de mama positivos (sospechoso de nodulo neoplasico),2016-01-01,0,0,1,0,0,1
EL ALTO,"anticoncepcion, prevencion de its y de cancer de cuello uterino",numero de mujeres con examen clinico de mama positivos (sospechoso de nodulo neoplasico),2016-01-01,0,0,4,3,2,9
EL PUENTE(TJA),"anticoncepcion, prevencion de its y de cancer de cuello uterino",numero de mujeres con examen clinico de mama positivos (sospechoso de nodulo neoplasico),2016-01-01,0,1,0,0,0,1
GENERAL SAAVEDRA,"anticoncepcion, prevencion de its y de cancer de cuello uterino",numero de mujeres con examen clinico de mama positivos (sospechoso de nodulo neoplasico),2016-01-01,0,1,0,0,0,1
LA PAZ,"anticoncepcion, prevencion de its y de cancer de cuello uterino",numero de mujeres con examen clinico de mama positivos (sospechoso de nodulo neoplasico),2016-01-01,0,0,1,2,3,6
MONTERO,"anticoncepcion, prevencion de its y de cancer de cuello uterino",numero de mujeres con examen clinico de mama positivos (sospechoso de nodulo neoplasico),2016-01-01,0,0,1,0,0,1
ORURO,"anticoncepcion, prevencion de its y de cancer de cuello uterino",numero de mujeres con examen clinico de mama positivos (sospechoso de nodulo neoplasico),2016-01-01,0,0,0,1,0,1
PUERTO SUAREZ,"anticoncepcion, prevencion de its y de cancer de cuello uterino",numero de mujeres con examen clinico de mama positivos (sospechoso de nodulo neoplasico),2016-01-01,0,0,0,1,1,2
QUILLACOLLO,"anticoncepcion, prevencion de its y de cancer de cuello uterino",numero de mujeres con examen clinico de mama positivos (sospechoso de nodulo neoplasico),2016-01-01,0,1,0,0,0,1
SAN PEDRO,"anticoncepcion, prevencion de its y de cancer de cuello uterino",numero de mujeres con examen clinico de mama positivos (sospechoso de nodulo neoplasico),2016-01-01,0,1,0,1,0,2
SANTA CRUZ DE LA SIERRA,"anticoncepcion, prevencion de its y de cancer de cuello uterino",numero de mujeres con examen clinico de mama positivos (sospechoso de nodulo neoplasico),2016-01-01,0,6,21,3,1,31
SANTIAGO DE HUATA,"anticoncepcion, prevencion de its y de cancer de cuello uterino",numero de mujeres con examen clinico de mama positivos (sospechoso de nodulo neoplasico),2016-01-01,0,0,1,0,0,1
SAPAHAQUI,"anticoncepcion, prevencion de its y de cancer de cuello uterino",numero de mujeres con examen clinico de mama positivos (sospechoso de nodulo neoplasico),2016-01-01,0,0,0,1,0,1
SHINAOTA,"anticoncepcion, prevencion de its y de cancer de cuello uterino",numero de mujeres con examen clinico de mama positivos (sospechoso de nodulo neoplasico),2016-01-01,1,17,29,2,0,49
SICA SICA (VILLA AROMA),"anticoncepcion, prevencion de its y de cancer de cuello uterino",numero de mujeres con examen clinico de mama positivos (sospechoso de nodulo neoplasico),2016-01-01,0,0,1,0,0,1
SUCRE,"anticoncepcion, prevencion de its y de cancer de cuello uterino",numero de mujeres con examen clinico de mama positivos (sospechoso de nodulo neoplasico),2016-01-01,0,0,0,0,2,2
TARIJA,"anticoncepcion, prevencion de its y de cancer de cuello uterino",numero de mujeres con examen clinico de mama positivos (sospechoso de nodulo neoplasico),2016-01-01,0,0,2,0,2,4
TIPUANI,"anticoncepcion, prevencion de its y de cancer de cuello uterino",numero de mujeres con examen clinico de mama positivos (sospechoso de nodulo neoplasico),2016-01-01,0,1,2,2,0,5
TRINIDAD,"anticoncepcion, prevencion de its y de cancer de cuello uterino",numero de mujeres con examen clinico de mama positivos (sospechoso de nodulo neoplasico),2016-01-01,0,1,1,0,0,2
VILLA TUNARI,"anticoncepcion, prevencion de its y de cancer de cuello uterino",numero de mujeres con examen clinico de mama positivos (sospechoso de nodulo neoplasico),2016-01-01,0,2,1,0,0,3
VILLA VACA GUZMAN (MUYUPAMPA),"anticoncepcion, prevencion de its y de cancer de cuello uterino",numero de mujeres con examen clinico de mama positivos (sospechoso de nodulo neoplasico),2016-01-01,0,0,1,0,1,2
YACUIBA,"anticoncepcion, prevencion de its y de cancer de cuello uterino",numero de mujeres con examen clinico de mama positivos (sospechoso de nodulo neoplasico),2016-01-01,0,1,4,0,0,5
AIQUILE,"anticoncepcion, prevencion de its y de cancer de cuello uterino",numero de mujeres con examen clinico de mama positivos (sospechoso de nodulo neoplasico),2016-02-01,0,0,1,1,0,2
ALTO BENI,"anticoncepcion, prevencion de its y de cancer de cuello uterino",numero de mujeres con examen clinico de mama positivos (sospechoso de nodulo neoplasico),2016-02-01,0,0,1,0,0,1
ANZALDO,"anticoncepcion, prevencion de its y de cancer de cuello uterino",numero de mujeres con examen clinico de mama positivos (sospechoso de nodulo neoplasico),2016-02-01,0,1,0,0,0,1
BERMEJO,"anticoncepcion, prevencion de its y de cancer de cuello uterino",numero de mujeres con examen clinico de mama positivos (sospechoso de nodulo neoplasico),2016-02-01,0,4,10,3,1,18
"CAIZA ""D""","anticoncepcion, prevencion de its y de cancer de cuello uterino",numero de mujeres con examen clinico de mama positivos (sospechoso de nodulo neoplasico),2016-02-01,0,0,0,1,0,1
COCHABAMBA,"anticoncepcion, prevencion de its y de cancer de cuello uterino",numero de mujeres con examen clinico de mama positivos (sospechoso de nodulo neoplasico),2016-02-01,1,14,113,69,73,270
COLCAPIRHUA,"anticoncepcion, prevencion de its y de cancer de cuello uterino",numero de mujeres con examen clinico de mama positivos (sospechoso de nodulo neoplasico),2016-02-01,0,1,0,0,0,1
COPACABANA,"anticoncepcion, prevencion de its y de cancer de cuello uterino",numero de mujeres con examen clinico de mama positivos (sospechoso de nodulo neoplasico),2016-02-01,0,0,4,0,0,4
CUATRO CAÑADAS,"anticoncepcion, prevencion de its y de cancer de cuello uterino",numero de mujeres con examen clinico de mama positivos (sospechoso de nodulo neoplasico),2016-02-01,0,0,0,1,0,1
CUCHUMUELA (V. G. VILLARROEL),"anticoncepcion, prevencion de its y de cancer de cuello uterino",numero de mujeres con examen clinico de mama positivos (sospechoso de nodulo neoplasico),2016-02-01,0,0,2,0,0,2
CUEVO,"anticoncepcion, prevencion de its y de cancer de cuello uterino",numero de mujeres con examen clinico de mama positivos (sospechoso de nodulo neoplasico),2016-02-01,0,1,1,0,0,2
DESAGUADERO,"anticoncepcion, prevencion de its y de cancer de cuello uterino",numero de mujeres con examen clinico de mama positivos (sospechoso de nodulo neoplasico),2016-02-01,0,0,1,0,0,1
EL PUENTE(TJA),"anticoncepcion, prevencion de its y de cancer de cuello uterino",numero de mujeres con examen clinico de mama positivos (sospechoso de nodulo neoplasico),2016-02-01,0,0,5,0,0,5
FERNANDEZ ALONSO,"anticoncepcion, prevencion de its y de cancer de cuello uterino",numero de mujeres con examen clinico de mama positivos (sospechoso de nodulo neoplasico),2016-02-01,0,0,3,0,0,3
MECAPACA,"anticoncepcion, prevencion de its y de cancer de cuello uterino",numero de mujeres con examen clinico de mama positivos (sospechoso de nodulo neoplasico),2016-02-01,0,0,1,0,0,1
OMEREQUE,"anticoncepcion, prevencion de its y de cancer de cuello uterino",numero de mujeres con examen clinico de mama positivos (sospechoso de nodulo neoplasico),2016-02-01,0,0,1,1,0,2
PADCAYA,"anticoncepcion, prevencion de its y de cancer de cuello uterino",numero de mujeres con examen clinico de mama positivos (sospechoso de nodulo neoplasico),2016-02-01,0,0,4,0,0,4
PASORAPA,"anticoncepcion, prevencion de its y de cancer de cuello uterino",numero de mujeres con examen clinico de mama positivos (sospechoso de nodulo neoplasico),2016-02-01,0,0,1,0,0,1
QUILLACOLLO,"anticoncepcion, prevencion de its y de cancer de cuello uterino",numero de mujeres con examen clinico de mama positivos (sospechoso de nodulo neoplasico),2016-02-01,0,0,0,2,0,2
SANTA CRUZ DE LA SIERRA,"anticoncepcion, prevencion de its y de cancer de cuello uterino",numero de mujeres con examen clinico de mama positivos (sospechoso de nodulo neoplasico),2016-02-01,0,6,28,5,0,39
SHINAOTA,"anticoncepcion, prevencion de its y de cancer de cuello uterino",numero de mujeres con examen clinico de mama positivos (sospechoso de nodulo neoplasico),2016-02-01,1,14,29,7,0,51
SUCRE,"anticoncepcion, prevencion de its y de cancer de cuello uterino",numero de mujeres con examen clinico de mama positivos (sospechoso de nodulo neoplasico),2016-02-01,0,0,4,7,1,12
TACACOMA,"anticoncepcion, prevencion de its y de cancer de cuello uterino",numero de mujeres con examen clinico de mama positivos (sospechoso de nodulo neoplasico),2016-02-01,0,0,2,0,0,2
TARIJA,"anticoncepcion, prevencion de its y de cancer de cuello uterino",numero de mujeres con examen clinico de mama positivos (sospechoso de nodulo neoplasico),2016-02-01,0,0,0,0,1,1
TRINIDAD,"anticoncepcion, prevencion de its y de cancer de cuello uterino",numero de mujeres con examen clinico de mama positivos (sospechoso de nodulo neoplasico),2016-02-01,0,0,2,0,0,2
TUPIZA,"anticoncepcion, prevencion de its y de cancer de cuello uterino",numero de mujeres con examen clinico de mama positivos (sospechoso de nodulo neoplasico),2016-02-01,0,0,0,0,1,1
UYUNI,"anticoncepcion, prevencion de its y de cancer de cuello uterino",numero de mujeres con examen clinico de mama positivos (sospechoso de nodulo neoplasico),2016-02-01,0,3,6,0,0,9
VILLA TUNARI,"anticoncepcion, prevencion de its y de cancer de cuello uterino",numero de mujeres con examen clinico de mama positivos (sospechoso de nodulo neoplasico),2016-02-01,0,2,5,2,0,9
YACUIBA,"anticoncepcion, prevencion de its y de cancer de cuello uterino",numero de mujeres con examen clinico de mama positivos (sospechoso de nodulo neoplasico),2016-02-01,0,1,5,1,0,7
ANZALDO,"anticoncepcion, prevencion de its y de cancer de cuello uterino",numero de mujeres con examen clinico de mama positivos (sospechoso de nodulo neoplasico),2016-03-01,0,0,2,1,0,3
BERMEJO,"anticoncepcion, prevencion de its y de cancer de cuello uterino",numero de mujeres con examen clinico de mama positivos (sospechoso de nodulo neoplasico),2016-03-01,1,2,10,3,0,16
CHALLAPATA,"anticoncepcion, prevencion de its y de cancer de cuello uterino",numero de mujeres con examen clinico de mama positivos (sospechoso de nodulo neoplasico),2016-03-01,0,0,1,0,0,1
CHULUMANI (V. DE LA LIBERTAD),"anticoncepcion, prevencion de its y de cancer de cuello uterino",numero de mujeres con examen clinico de mama positivos (sospechoso de nodulo neoplasico),2016-03-01,0,0,1,0,0,1
COCHABAMBA,"anticoncepcion, prevencion de its y de cancer de cuello uterino",numero de mujeres con examen clinico de mama positivos (sospechoso de nodulo neoplasico),2016-03-01,2,43,152,74,89,360
COLCAPIRHUA,"anticoncepcion, prevencion de its y de cancer de cuello uterino",numero de mujeres con examen clinico de mama positivos (sospechoso de nodulo neoplasico),2016-03-01,0,1,5,0,0,6
COPACABANA,"anticoncepcion, prevencion de its y de cancer de cuello uterino",numero de mujeres con examen clinico de mama positivos (sospechoso de nodulo neoplasico),2016-03-01,0,0,4,1,0,5
EL ALTO,"anticoncepcion, prevencion de its y de cancer de cuello uterino",numero de mujeres con examen clinico de mama positivos (sospechoso de nodulo neoplasico),2016-03-01,0,0,8,1,1,10
EL PUENTE(TJA),"anticoncepcion, prevencion de its y de cancer de cuello uterino",numero de mujeres con examen clinico de mama positivos (sospechoso de nodulo neoplasico),2016-03-01,0,4,3,0,0,7
FERNANDEZ ALONSO,"anticoncepcion, prevencion de its y de cancer de cuello uterino",numero de mujeres con examen clinico de mama positivos (sospechoso de nodulo neoplasico),2016-03-01,0,2,5,0,0,7
ICLA,"anticoncepcion, prevencion de its y de cancer de cuello uterino",numero de mujeres con examen clinico de mama positivos (sospechoso de nodulo neoplasico),2016-03-01,0,1,0,0,0,1
LA PAZ,"anticoncepcion, prevencion de its y de cancer de cuello uterino",numero de mujeres con examen clinico de mama positivos (sospechoso de nodulo neoplasico),2016-03-01,0,0,2,6,4,12
LURIBAY,"anticoncepcion, prevencion de its y de cancer de cuello uterino",numero de mujeres con examen clinico de mama positivos (sospechoso de nodulo neoplasico),2016-03-01,0,0,1,0,0,1
MONTERO,"anticoncepcion, prevencion de its y de cancer de cuello uterino",numero de mujeres con examen clinico de mama positivos (sospechoso de nodulo neoplasico),2016-03-01,0,1,0,0,0,1
ORURO,"anticoncepcion, prevencion de its y de cancer de cuello uterino",numero de mujeres con examen clinico de mama positivos (sospechoso de nodulo neoplasico),2016-03-01,0,0,0,1,0,1
PADCAYA,"anticoncepcion, prevencion de its y de cancer de cuello uterino",numero de mujeres con examen clinico de mama positivos (sospechoso de nodulo neoplasico),2016-03-01,0,0,1,1,0,2
PALOS BLANCOS,"anticoncepcion, prevencion de its y de cancer de cuello uterino",numero de mujeres con examen clinico de mama positivos (sospechoso de nodulo neoplasico),2016-03-01,0,3,8,1,0,12
PATACAMAYA,"anticoncepcion, prevencion de its y de cancer de cuello uterino",numero de mujeres con examen clinico de mama positivos (sospechoso de nodulo neoplasico),2016-03-01,0,1,0,0,0,1
PUNATA,"anticoncepcion, prevencion de its y de cancer de cuello uterino",numero de mujeres con examen clinico de mama positivos (sospechoso de nodulo neoplasico),2016-03-01,0,0,1,0,0,1
QUILLACOLLO,"anticoncepcion, prevencion de its y de cancer de cuello uterino",numero de mujeres con examen clinico de mama positivos (sospechoso de nodulo neoplasico),2016-03-01,0,3,2,2,0,7
RIBERALTA,"anticoncepcion, prevencion de its y de cancer de cuello uterino",numero de mujeres con examen clinico de mama positivos (sospechoso de nodulo neoplasico),2016-03-01,0,1,0,0,0,1
SACABA,"anticoncepcion, prevencion de its y de cancer de cuello uterino",numero de mujeres con examen clinico de mama positivos (sospechoso de nodulo neoplasico),2016-03-01,0,1,0,0,0,1
SAN PEDRO,"anticoncepcion, prevencion de its y de cancer de cuello uterino",numero de mujeres con examen clinico de mama positivos (sospechoso de nodulo neoplasico),2016-03-01,0,0,1,1,0,2
SANTA CRUZ DE LA SIERRA,"anticoncepcion, prevencion de its y de cancer de cuello uterino",numero de mujeres con examen clinico de mama positivos (sospechoso de nodulo neoplasico),2016-03-01,1,6,47,5,1,60
SHINAOTA,"anticoncepcion, prevencion de its y de cancer de cuello uterino",numero de mujeres con examen clinico de mama positivos (sospechoso de nodulo neoplasico),2016-03-01,1,10,21,10,0,42
SORATA,"anticoncepcion, prevencion de its y de cancer de cuello uterino",numero de mujeres con examen clinico de mama positivos (sospechoso de nodulo neoplasico),2016-03-01,0,0,0,1,0,1
SUCRE,"anticoncepcion, prevencion de its y de cancer de cuello uterino",numero de mujeres con examen clinico de mama positivos (sospechoso de nodulo neoplasico),2016-03-01,0,0,0,2,0,2
TARACO,"anticoncepcion, prevencion de its y de cancer de cuello uterino",numero de mujeres con examen clinico de mama positivos (sospechoso de nodulo neoplasico),2016-03-01,0,0,1,0,0,1
TARIJA,"anticoncepcion, prevencion de its y de cancer de cuello uterino",numero de mujeres con examen clinico de mama positivos (sospechoso de nodulo neoplasico),2016-03-01,0,0,0,2,1,3
TIQUIPAYA,"anticoncepcion, prevencion de its y de cancer de cuello uterino",numero de mujeres con examen clinico de mama positivos (sospechoso de nodulo neoplasico),2016-03-01,0,0,3,0,0,3
TOLATA,"anticoncepcion, prevencion de its y de cancer de cuello uterino",numero de mujeres con examen clinico de mama positivos (sospechoso de nodulo neoplasico),2016-03-01,0,2,2,0,0,4
TRINIDAD,"anticoncepcion, prevencion de its y de cancer de cuello uterino",numero de mujeres con examen clinico de mama positivos (sospechoso de nodulo neoplasico),2016-03-01,0,0,4,3,0,7
UYUNI,"anticoncepcion, prevencion de its y de cancer de cuello uterino",numero de mujeres con examen clinico de mama positivos (sospechoso de nodulo neoplasico),2016-03-01,0,1,3,0,0,4
VINTO,"anticoncepcion, prevencion de its y de cancer de cuello uterino",numero de mujeres con examen clinico de mama positivos (sospechoso de nodulo neoplasico),2016-03-01,0,0,1,2,0,3
YACUIBA,"anticoncepcion, prevencion de its y de cancer de cuello uterino",numero de mujeres con examen clinico de mama positivos (sospechoso de nodulo neoplasico),2016-03-01,0,4,5,3,0,12
ANZALDO,"anticoncepcion, prevencion de its y de cancer de cuello uterino",numero de mujeres con examen clinico de mama positivos (sospechoso de nodulo neoplasico),2016-04-01,0,0,3,0,0,3
ARBIETO,"anticoncepcion, prevencion de its y de cancer de cuello uterino",numero de mujeres con examen clinico de mama positivos (sospechoso de nodulo neoplasico),2016-04-01,0,0,2,1,0,3
BERMEJO,"anticoncepcion, prevencion de its y de cancer de cuello uterino",numero de mujeres con examen clinico de mama positivos (sospechoso de nodulo neoplasico),2016-04-01,0,4,7,5,0,16
CAMARGO,"anticoncepcion, prevencion de its y de cancer de cuello uterino",numero de mujeres con examen clinico de mama positivos (sospechoso de nodulo neoplasico),2016-04-01,0,0,0,1,0,1
CARANAVI,"anticoncepcion, prevencion de its y de cancer de cuello uterino",numero de mujeres con examen clinico de mama positivos (sospechoso de nodulo neoplasico),2016-04-01,0,0,2,1,0,3
CHAQUI,"anticoncepcion, prevencion de its y de cancer de cuello uterino",numero de mujeres con examen clinico de mama positivos (sospechoso de nodulo neoplasico),2016-04-01,0,0,0,1,0,1
COCHABAMBA,"anticoncepcion, prevencion de its y de cancer de cuello uterino",numero de mujeres con examen clinico de mama positivos (sospechoso de nodulo neoplasico),2016-04-01,0,26,135,33,3,197
COLCAPIRHUA,"anticoncepcion, prevencion de its y de cancer de cuello uterino",numero de mujeres con examen clinico de mama positivos (sospechoso de nodulo neoplasico),2016-04-01,0,0,1,0,0,1
COPACABANA,"anticoncepcion, prevencion de its y de cancer de cuello uterino",numero de mujeres con examen clinico de mama positivos (sospechoso de nodulo neoplasico),2016-04-01,0,0,5,2,0,7
EL ALTO,"anticoncepcion, prevencion de its y de cancer de cuello uterino",numero de mujeres con examen clinico de mama positivos (sospechoso de nodulo neoplasico),2016-04-01,0,0,8,1,0,9
EL PUENTE(TJA),"anticoncepcion, prevencion de its y de cancer de cuello uterino",numero de mujeres con examen clinico de mama positivos (sospechoso de nodulo neoplasico),2016-04-01,0,2,2,0,0,4
FERNANDEZ ALONSO,"anticoncepcion, prevencion de its y de cancer de cuello uterino",numero de mujeres con examen clinico de mama positivos (sospechoso de nodulo neoplasico),2016-04-01,0,0,2,0,0,2
ICLA,"anticoncepcion, prevencion de its y de cancer de cuello uterino",numero de mujeres con examen clinico de mama positivos (sospechoso de nodulo neoplasico),2016-04-01,0,0,2,0,0,2
LA PAZ,"anticoncepcion, prevencion de its y de cancer de cuello uterino",numero de mujeres con examen clinico de mama positivos (sospechoso de nodulo neoplasico),2016-04-01,0,0,2,0,3,5
MONTEAGUDO,"anticoncepcion, prevencion de its y de cancer de cuello uterino",numero de mujeres con examen clinico de mama positivos (sospechoso de nodulo neoplasico),2016-04-01,0,0,1,0,0,1
MONTERO,"anticoncepcion, prevencion de its y de cancer de cuello uterino",numero de mujeres con examen clinico de mama positivos (sospechoso de nodulo neoplasico),2016-04-01,0,1,1,0,0,2
PADCAYA,"anticoncepcion, prevencion de its y de cancer de cuello uterino",numero de mujeres con examen clinico de mama positivos (sospechoso de nodulo neoplasico),2016-04-01,0,1,0,0,0,1
PALOS BLANCOS,"anticoncepcion, prevencion de its y de cancer de cuello uterino",numero de mujeres con examen clinico de mama positivos (sospechoso de nodulo neoplasico),2016-04-01,0,3,16,2,0,21
POTOSI,"anticoncepcion, prevencion de its y de cancer de cuello uterino",numero de mujeres con examen clinico de mama positivos (sospechoso de nodulo neoplasico),2016-04-01,0,0,2,2,0,4
PUNATA,"anticoncepcion, prevencion de its y de cancer de cuello uterino",numero de mujeres con examen clinico de mama positivos (sospechoso de nodulo neoplasico),2016-04-01,0,1,0,0,0,1
QUILLACOLLO,"anticoncepcion, prevencion de its y de cancer de cuello uterino",numero de mujeres con examen clinico de mama positivos (sospechoso de nodulo neoplasico),2016-04-01,0,0,7,0,0,7
SANTA ANA,"anticoncepcion, prevencion de its y de cancer de cuello uterino",numero de mujeres con examen clinico de mama positivos (sospechoso de nodulo neoplasico),2016-04-01,0,0,1,0,0,1
SANTA CRUZ DE LA SIERRA,"anticoncepcion, prevencion de its y de cancer de cuello uterino",numero de mujeres con examen clinico de mama positivos (sospechoso de nodulo neoplasico),2016-04-01,0,0,3,1,1,5
SANTIAGO DE CALLAPA,"anticoncepcion, prevencion de its y de cancer de cuello uterino",numero de mujeres con examen clinico de mama positivos (sospechoso de nodulo neoplasico),2016-04-01,0,0,2,1,0,3
SHINAOTA,"anticoncepcion, prevencion de its y de cancer de cuello uterino",numero de mujeres con examen clinico de mama positivos (sospechoso de nodulo neoplasico),2016-04-01,0,15,26,4,0,45
SUCRE,"anticoncepcion, prevencion de its y de cancer de cuello uterino",numero de mujeres con examen clinico de mama positivos (sospechoso de nodulo neoplasico),2016-04-01,0,0,4,3,3,10
TARIJA,"anticoncepcion, prevencion de its y de cancer de cuello uterino",numero de mujeres con examen clinico de mama positivos (sospechoso de nodulo neoplasico),2016-04-01,0,0,1,0,0,1
TIPUANI,"anticoncepcion, prevencion de its y de cancer de cuello uterino",numero de mujeres con examen clinico de mama positivos (sospechoso de nodulo neoplasico),2016-04-01,0,3,4,0,0,7
TIQUIPAYA,"anticoncepcion, prevencion de its y de cancer de cuello uterino",numero de mujeres con examen clinico de mama positivos (sospechoso de nodulo neoplasico),2016-04-01,0,0,1,0,0,1
TOLATA,"anticoncepcion, prevencion de its y de cancer de cuello uterino",numero de mujeres con examen clinico de mama positivos (sospechoso de nodulo neoplasico),2016-04-01,0,0,1,0,0,1
TOTORA(CBBA),"anticoncepcion, prevencion de its y de cancer de cuello uterino",numero de mujeres con examen clinico de mama positivos (sospechoso de nodulo neoplasico),2016-04-01,0,1,0,0,0,1
UMALA,"anticoncepcion, prevencion de its y de cancer de cuello uterino",numero de mujeres con examen clinico de mama positivos (sospechoso de nodulo neoplasico),2016-04-01,0,0,1,0,0,1
UYUNI,"anticoncepcion, prevencion de its y de cancer de cuello uterino",numero de mujeres con examen clinico de mama positivos (sospechoso de nodulo neoplasico),2016-04-01,0,0,2,0,0,2
WARNES,"anticoncepcion, prevencion de its y de cancer de cuello uterino",numero de mujeres con examen clinico de mama positivos (sospechoso de nodulo neoplasico),2016-04-01,0,1,1,0,0,2
YACUIBA,"anticoncepcion, prevencion de its y de cancer de cuello uterino",numero de mujeres con examen clinico de mama positivos (sospechoso de nodulo neoplasico),2016-04-01,0,2,4,1,0,7
YUNCHARA,"anticoncepcion, prevencion de its y de cancer de cuello uterino",numero de mujeres con examen clinico de mama positivos (sospechoso de nodulo neoplasico),2016-04-01,0,1,0,0,0,1
ANZALDO,"anticoncepcion, prevencion de its y de cancer de cuello uterino",numero de mujeres con examen clinico de mama positivos (sospechoso de nodulo neoplasico),2016-05-01,0,1,0,0,0,1
AZURDUY,"anticoncepcion, prevencion de its y de cancer de cuello uterino",numero de mujeres con examen clinico de mama positivos (sospechoso de nodulo neoplasico),2016-05-01,0,1,0,0,0,1
BERMEJO,"anticoncepcion, prevencion de its y de cancer de cuello uterino",numero de mujeres con examen clinico de mama positivos (sospechoso de nodulo neoplasico),2016-05-01,0,2,4,3,0,9
COCHABAMBA,"anticoncepcion, prevencion de its y de cancer de cuello uterino",numero de mujeres con examen clinico de mama positivos (sospechoso de nodulo neoplasico),2016-05-01,1,45,199,59,92,396
CUCHUMUELA (V. G. VILLARROEL),"anticoncepcion, prevencion de its y de cancer de cuello uterino",numero de mujeres con examen clinico de mama positivos (sospechoso de nodulo neoplasico),2016-05-01,0,0,1,0,0,1
CUEVO,"anticoncepcion, prevencion de its y de cancer de cuello uterino",numero de mujeres con examen clinico de mama positivos (sospechoso de nodulo neoplasico),2016-05-01,0,0,1,0,0,1
EL ALTO,"anticoncepcion, prevencion de its y de cancer de cuello uterino",numero de mujeres con examen clinico de mama positivos (sospechoso de nodulo neoplasico),2016-05-01,0,2,1,0,0,3
EL PUENTE(TJA),"anticoncepcion, prevencion de its y de cancer de cuello uterino",numero de mujeres con examen clinico de mama positivos (sospechoso de nodulo neoplasico),2016-05-01,0,0,2,0,0,2
FERNANDEZ ALONSO,"anticoncepcion, prevencion de its y de cancer de cuello uterino",numero de mujeres con examen clinico de mama positivos (sospechoso de nodulo neoplasico),2016-05-01,0,3,0,1,0,4
ICLA,"anticoncepcion, prevencion de its y de cancer de cuello uterino",numero de mujeres con examen clinico de mama positivos (sospechoso de nodulo neoplasico),2016-05-01,1,0,2,0,0,3
IRUPANA (VILLA DE LANZA),"anticoncepcion, prevencion de its y de cancer de cuello uterino",numero de mujeres con examen clinico de mama positivos (sospechoso de nodulo neoplasico),2016-05-01,0,0,1,0,0,1
LA GUARDIA,"anticoncepcion, prevencion de its y de cancer de cuello uterino",numero de mujeres con examen clinico de mama positivos (sospechoso de nodulo neoplasico),2016-05-01,0,0,0,0,1,1
LA PAZ,"anticoncepcion, prevencion de its y de cancer de cuello uterino",numero de mujeres con examen clinico de mama positivos (sospechoso de nodulo neoplasico),2016-05-01,0,0,3,0,4,7
MIZQUE,"anticoncepcion, prevencion de its y de cancer de cuello uterino",numero de mujeres con examen clinico de mama positivos (sospechoso de nodulo neoplasico),2016-05-01,0,1,0,0,0,1
MONTERO,"anticoncepcion, prevencion de its y de cancer de cuello uterino",numero de mujeres con examen clinico de mama positivos (sospechoso de nodulo neoplasico),2016-05-01,0,1,1,0,0,2
PADCAYA,"anticoncepcion, prevencion de its y de cancer de cuello uterino",numero de mujeres con examen clinico de mama positivos (sospechoso de nodulo neoplasico),2016-05-01,0,2,0,0,0,2
PALOS BLANCOS,"anticoncepcion, prevencion de its y de cancer de cuello uterino",numero de mujeres con examen clinico de mama positivos (sospechoso de nodulo neoplasico),2016-05-01,0,7,15,1,0,23
PUNATA,"anticoncepcion, prevencion de its y de cancer de cuello uterino",numero de mujeres con examen clinico de mama positivos (sospechoso de nodulo neoplasico),2016-05-01,0,1,1,0,0,2
QUIABAYA,"anticoncepcion, prevencion de its y de cancer de cuello uterino",numero de mujeres con examen clinico de mama positivos (sospechoso de nodulo neoplasico),2016-05-01,0,0,1,0,0,1
QUILLACOLLO,"anticoncepcion, prevencion de its y de cancer de cuello uterino",numero de mujeres con examen clinico de mama positivos (sospechoso de nodulo neoplasico),2016-05-01,0,0,3,0,1,4
RIBERALTA,"anticoncepcion, prevencion de its y de cancer de cuello uterino",numero de mujeres con examen clinico de mama positivos (sospechoso de nodulo neoplasico),2016-05-01,0,0,1,0,0,1
RURRENABAQUE,"anticoncepcion, prevencion de its y de cancer de cuello uterino",numero de mujeres con examen clinico de mama positivos (sospechoso de nodulo neoplasico),2016-05-01,0,0,2,0,0,2
SACABA,"anticoncepcion, prevencion de its y de cancer de cuello uterino",numero de mujeres con examen clinico de mama positivos (sospechoso de nodulo neoplasico),2016-05-01,0,0,1,2,0,3
SAN PEDRO,"anticoncepcion, prevencion de its y de cancer de cuello uterino",numero de mujeres con examen clinico de mama positivos (sospechoso de nodulo neoplasico),2016-05-01,0,1,0,0,0,1
SAN PEDRO DE TIQUINA,"anticoncepcion, prevencion de its y de cancer de cuello uterino",numero de mujeres con examen clinico de mama positivos (sospechoso de nodulo neoplasico),2016-05-01,0,0,1,0,0,1
SANTA CRUZ DE LA SIERRA,"anticoncepcion, prevencion de its y de cancer de cuello uterino",numero de mujeres con examen clinico de mama positivos (sospechoso de nodulo neoplasico),2016-05-01,0,1,2,1,2,6
SHINAOTA,"anticoncepcion, prevencion de its y de cancer de cuello uterino",numero de mujeres con examen clinico de mama positivos (sospechoso de nodulo neoplasico),2016-05-01,1,16,26,4,0,47
SICA SICA (VILLA AROMA),"anticoncepcion, prevencion de its y de cancer de cuello uterino",numero de mujeres con examen clinico de mama positivos (sospechoso de nodulo neoplasico),2016-05-01,0,0,1,1,0,2
SUCRE,"anticoncepcion, prevencion de its y de cancer de cuello uterino",numero de mujeres con examen clinico de mama positivos (sospechoso de nodulo neoplasico),2016-05-01,0,0,0,1,4,5
TACACOMA,"anticoncepcion, prevencion de its y de cancer de cuello uterino",numero de mujeres con examen clinico de mama positivos (sospechoso de nodulo neoplasico),2016-05-01,0,0,0,1,0,1
TARIJA,"anticoncepcion, prevencion de its y de cancer de cuello uterino",numero de mujeres con examen clinico de mama positivos (sospechoso de nodulo neoplasico),2016-05-01,0,0,0,1,0,1
TRINIDAD,"anticoncepcion, prevencion de its y de cancer de cuello uterino",numero de mujeres con examen clinico de mama positivos (sospechoso de nodulo neoplasico),2016-05-01,0,0,2,2,0,4
YACUIBA,"anticoncepcion, prevencion de its y de cancer de cuello uterino",numero de mujeres con examen clinico de mama positivos (sospechoso de nodulo neoplasico),2016-05-01,0,2,13,1,0,16
ACHACACHI,"anticoncepcion, prevencion de its y de cancer de cuello uterino",numero de mujeres con examen clinico de mama positivos (sospechoso de nodulo neoplasico),2016-06-01,0,0,1,0,0,1
ANZALDO,"anticoncepcion, prevencion de its y de cancer de cuello uterino",numero de mujeres con examen clinico de mama positivos (sospechoso de nodulo neoplasico),2016-06-01,0,0,1,0,0,1
ARANI,"anticoncepcion, prevencion de its y de cancer de cuello uterino",numero de mujeres con examen clinico de mama positivos (sospechoso de nodulo neoplasico),2016-06-01,0,0,1,0,0,1
ARBIETO,"anticoncepcion, prevencion de its y de cancer de cuello uterino",numero de mujeres con examen clinico de mama positivos (sospechoso de nodulo neoplasico),2016-06-01,0,0,1,0,0,1
BERMEJO,"anticoncepcion, prevencion de its y de cancer de cuello uterino",numero de mujeres con examen clinico de mama positivos (sospechoso de nodulo neoplasico),2016-06-01,0,3,9,2,0,14
COCHABAMBA,"anticoncepcion, prevencion de its y de cancer de cuello uterino",numero de mujeres con examen clinico de mama positivos (sospechoso de nodulo neoplasico),2016-06-01,4,48,168,74,94,388
COLCAPIRHUA,"anticoncepcion, prevencion de its y de cancer de cuello uterino",numero de mujeres con examen clinico de mama positivos (sospechoso de nodulo neoplasico),2016-06-01,0,0,3,0,0,3
COPACABANA,"anticoncepcion, prevencion de its y de cancer de cuello uterino",numero de mujeres con examen clinico de mama positivos (sospechoso de nodulo neoplasico),2016-06-01,0,0,4,2,0,6
CRUZ DE MACHACAMARCA,"anticoncepcion, prevencion de its y de cancer de cuello uterino",numero de mujeres con examen clinico de mama positivos (sospechoso de nodulo neoplasico),2016-06-01,0,0,1,0,0,1
CUATRO CAÑADAS,"anticoncepcion, prevencion de its y de cancer de cuello uterino",numero de mujeres con examen clinico de mama positivos (sospechoso de nodulo neoplasico),2016-06-01,0,26,54,13,0,93
CUCHUMUELA (V. G. VILLARROEL),"anticoncepcion, prevencion de its y de cancer de cuello uterino",numero de mujeres con examen clinico de mama positivos (sospechoso de nodulo neoplasico),2016-06-01,0,0,3,0,0,3
EL PUENTE(TJA),"anticoncepcion, prevencion de its y de cancer de cuello uterino",numero de mujeres con examen clinico de mama positivos (sospechoso de nodulo neoplasico),2016-06-01,0,0,1,0,0,1
FERNANDEZ ALONSO,"anticoncepcion, prevencion de its y de cancer de cuello uterino",numero de mujeres con examen clinico de mama positivos (sospechoso de nodulo neoplasico),2016-06-01,0,1,1,0,0,2
ICLA,"anticoncepcion, prevencion de its y de cancer de cuello uterino",numero de mujeres con examen clinico de mama positivos (sospechoso de nodulo neoplasico),2016-06-01,0,0,1,0,0,1
IRUPANA (VILLA DE LANZA),"anticoncepcion, prevencion de its y de cancer de cuello uterino",numero de mujeres con examen clinico de mama positivos (sospechoso de nodulo neoplasico),2016-06-01,0,1,1,0,0,2
LA PAZ,"anticoncepcion, prevencion de its y de cancer de cuello uterino",numero de mujeres con examen clinico de mama positivos (sospechoso de nodulo neoplasico),2016-06-01,0,0,3,0,0,3
MOJOCOYA,"anticoncepcion, prevencion de its y de cancer de cuello uterino",numero de mujeres con examen clinico de mama positivos (sospechoso de nodulo neoplasico),2016-06-01,0,1,0,0,0,1
MONTERO,"anticoncepcion, prevencion de its y de cancer de cuello uterino",numero de mujeres con examen clinico de mama positivos (sospechoso de nodulo neoplasico),2016-06-01,0,2,4,0,0,6
PADCAYA,"anticoncepcion, prevencion de its y de cancer de cuello uterino",numero de mujeres con examen clinico de mama positivos (sospechoso de nodulo neoplasico),2016-06-01,0,0,1,0,0,1
PALOS BLANCOS,"anticoncepcion, prevencion de its y de cancer de cuello uterino",numero de mujeres con examen clinico de mama positivos (sospechoso de nodulo neoplasico),2016-06-01,0,4,11,1,0,16
QUILLACOLLO,"anticoncepcion, prevencion de its y de cancer de cuello uterino",numero de mujeres con examen clinico de mama positivos (sospechoso de nodulo neoplasico),2016-06-01,0,1,4,0,0,5
SACABA,"anticoncepcion, prevencion de its y de cancer de cuello uterino",numero de mujeres con examen clinico de mama positivos (sospechoso de nodulo neoplasico),2016-06-01,0,1,2,3,0,6
SAN PEDRO,"anticoncepcion, prevencion de its y de cancer de cuello uterino",numero de mujeres con examen clinico de mama positivos (sospechoso de nodulo neoplasico),2016-06-01,0,0,0,1,0,1
SANTA CRUZ DE LA SIERRA,"anticoncepcion, prevencion de its y de cancer de cuello uterino",numero de mujeres con examen clinico de mama positivos (sospechoso de nodulo neoplasico),2016-06-01,0,3,23,29,14,69
SHINAOTA,"anticoncepcion, prevencion de its y de cancer de cuello uterino",numero de mujeres con examen clinico de mama positivos (sospechoso de nodulo neoplasico),2016-06-01,0,8,22,2,0,32
SUCRE,"anticoncepcion, prevencion de its y de cancer de cuello uterino",numero de mujeres con examen clinico de mama positivos (sospechoso de nodulo neoplasico),2016-06-01,0,0,1,0,1,2
TIPUANI,"anticoncepcion, prevencion de its y de cancer de cuello uterino",numero de mujeres con examen clinico de mama positivos (sospechoso de nodulo neoplasico),2016-06-01,0,0,1,0,0,1
TIRAQUE (CBBA),"anticoncepcion, prevencion de its y de cancer de cuello uterino",numero de mujeres con examen clinico de mama positivos (sospechoso de nodulo neoplasico),2016-06-01,0,0,0,1,0,1
TRINIDAD,"anticoncepcion, prevencion de its y de cancer de cuello uterino",numero de mujeres con examen clinico de mama positivos (sospechoso de nodulo neoplasico),2016-06-01,1,2,3,2,0,8
URIONDO (A. CONCEPCION),"anticoncepcion, prevencion de its y de cancer de cuello uterino",numero de mujeres con examen clinico de mama positivos (sospechoso de nodulo neoplasico),2016-06-01,0,0,1,0,0,1
VILLA TUNARI,"anticoncepcion, prevencion de its y de cancer de cuello uterino",numero de mujeres con examen clinico de mama positivos (sospechoso de nodulo neoplasico),2016-06-01,0,3,3,0,0,6
YACUIBA,"anticoncepcion, prevencion de its y de cancer de cuello uterino",numero de mujeres con examen clinico de mama positivos (sospechoso de nodulo neoplasico),2016-06-01,0,3,8,2,0,13
ANZALDO,"anticoncepcion, prevencion de its y de cancer de cuello uterino",numero de mujeres con examen clinico de mama positivos (sospechoso de nodulo neoplasico),2016-07-01,0,1,1,1,0,3
ARANI,"anticoncepcion, prevencion de its y de cancer de cuello uterino",numero de mujeres con examen clinico de mama positivos (sospechoso de nodulo neoplasico),2016-07-01,0,1,0,0,0,1
BATALLAS,"anticoncepcion, prevencion de its y de cancer de cuello uterino",numero de mujeres con examen clinico de mama positivos (sospechoso de nodulo neoplasico),2016-07-01,0,0,1,0,0,1
BERMEJO,"anticoncepcion, prevencion de its y de cancer de cuello uterino",numero de mujeres con examen clinico de mama positivos (sospechoso de nodulo neoplasico),2016-07-01,0,1,1,1,1,4
BETANZOS,"anticoncepcion, prevencion de its y de cancer de cuello uterino",numero de mujeres con examen clinico de mama positivos (sospechoso de nodulo neoplasico),2016-07-01,0,0,2,0,0,2
COCHABAMBA,"anticoncepcion, prevencion de its y de cancer de cuello uterino",numero de mujeres con examen clinico de mama positivos (sospechoso de nodulo neoplasico),2016-07-01,1,43,163,19,5,231
COLCAPIRHUA,"anticoncepcion, prevencion de its y de cancer de cuello uterino",numero de mujeres con examen clinico de mama positivos (sospechoso de nodulo neoplasico),2016-07-01,0,1,3,0,0,4
COPACABANA,"anticoncepcion, prevencion de its y de cancer de cuello uterino",numero de mujeres con examen clinico de mama positivos (sospechoso de nodulo neoplasico),2016-07-01,0,0,4,3,0,7
CUATRO CAÑADAS,"anticoncepcion, prevencion de its y de cancer de cuello uterino",numero de mujeres con examen clinico de mama positivos (sospechoso de nodulo neoplasico),2016-07-01,1,24,46,11,0,82
CUCHUMUELA (V. G. VILLARROEL),"anticoncepcion, prevencion de its y de cancer de cuello uterino",numero de mujeres con examen clinico de mama positivos (sospechoso de nodulo neoplasico),2016-07-01,0,0,2,0,0,2
CULPINA,"anticoncepcion, prevencion de its y de cancer de cuello uterino",numero de mujeres con examen clinico de mama positivos (sospechoso de nodulo neoplasico),2016-07-01,0,0,0,1,0,1
EL ALTO,"anticoncepcion, prevencion de its y de cancer de cuello uterino",numero de mujeres con examen clinico de mama positivos (sospechoso de nodulo neoplasico),2016-07-01,0,0,0,0,1,1
EL PUENTE(TJA),"anticoncepcion, prevencion de its y de cancer de cuello uterino",numero de mujeres con examen clinico de mama positivos (sospechoso de nodulo neoplasico),2016-07-01,0,0,1,1,0,2
FERNANDEZ ALONSO,"anticoncepcion, prevencion de its y de cancer de cuello uterino",numero de mujeres con examen clinico de mama positivos (sospechoso de nodulo neoplasico),2016-07-01,0,3,2,1,0,6
GUAQUI,"anticoncepcion, prevencion de its y de cancer de cuello uterino",numero de mujeres con examen clinico de mama positivos (sospechoso de nodulo neoplasico),2016-07-01,0,0,1,0,0,1
HUACHACALLA,"anticoncepcion, prevencion de its y de cancer de cuello uterino",numero de mujeres con examen clinico de mama positivos (sospechoso de nodulo neoplasico),2016-07-01,0,2,0,0,0,2
ICLA,"anticoncepcion, prevencion de its y de cancer de cuello uterino",numero de mujeres con examen clinico de mama positivos (sospechoso de nodulo neoplasico),2016-07-01,0,0,1,0,0,1
LA PAZ,"anticoncepcion, prevencion de its y de cancer de cuello uterino",numero de mujeres con examen clinico de mama positivos (sospechoso de nodulo neoplasico),2016-07-01,0,0,2,3,2,7
MIZQUE,"anticoncepcion, prevencion de its y de cancer de cuello uterino",numero de mujeres con examen clinico de mama positivos (sospechoso de nodulo neoplasico),2016-07-01,0,0,1,1,0,2
MONTEAGUDO,"anticoncepcion, prevencion de its y de cancer de cuello uterino",numero de mujeres con examen clinico de mama positivos (sospechoso de nodulo neoplasico),2016-07-01,0,0,1,0,1,2
MONTERO,"anticoncepcion, prevencion de its y de cancer de cuello uterino",numero de mujeres con examen clinico de mama positivos (sospechoso de nodulo neoplasico),2016-07-01,0,1,4,2,0,7
PADCAYA,"anticoncepcion, prevencion de its y de cancer de cuello uterino",numero de mujeres con examen clinico de mama positivos (sospechoso de nodulo neoplasico),2016-07-01,0,1,1,0,0,2
PALOS BLANCOS,"anticoncepcion, prevencion de its y de cancer de cuello uterino",numero de mujeres con examen clinico de mama positivos (sospechoso de nodulo neoplasico),2016-07-01,1,1,2,0,0,4
POOPO,"anticoncepcion, prevencion de its y de cancer de cuello uterino",numero de mujeres con examen clinico de mama positivos (sospechoso de nodulo neoplasico),2016-07-01,0,0,1,0,0,1
PUERTO VILLARROEL,"anticoncepcion, prevencion de its y de cancer de cuello uterino",numero de mujeres con examen clinico de mama positivos (sospechoso de nodulo neoplasico),2016-07-01,0,0,1,0,0,1
SACABA,"anticoncepcion, prevencion de its y de cancer de cuello uterino",numero de mujeres con examen clinico de mama positivos (sospechoso de nodulo neoplasico),2016-07-01,0,4,17,0,0,21
SAN PEDRO,"anticoncepcion, prevencion de its y de cancer de cuello uterino",numero de mujeres con examen clinico de mama positivos (sospechoso de nodulo neoplasico),2016-07-01,0,1,0,1,0,2
SANTA CRUZ DE LA SIERRA,"anticoncepcion, prevencion de its y de cancer de cuello uterino",numero de mujeres con examen clinico de mama positivos (sospechoso de nodulo neoplasico),2016-07-01,0,0,2,2,5,9
SHINAOTA,"anticoncepcion, prevencion de its y de cancer de cuello uterino",numero de mujeres con examen clinico de mama positivos (sospechoso de nodulo neoplasico),2016-07-01,1,8,10,2,0,21
SICA SICA (VILLA AROMA),"anticoncepcion, prevencion de its y de cancer de cuello uterino",numero de mujeres con examen clinico de mama positivos (sospechoso de nodulo neoplasico),2016-07-01,0,1,1,0,0,2
SIPE SIPE,"anticoncepcion, prevencion de its y de cancer de cuello uterino",numero de mujeres con examen clinico de mama positivos (sospechoso de nodulo neoplasico),2016-07-01,0,0,1,0,0,1
SUCRE,"anticoncepcion, prevencion de its y de cancer de cuello uterino",numero de mujeres con examen clinico de mama positivos (sospechoso de nodulo neoplasico),2016-07-01,0,0,0,2,5,7
TARIJA,"anticoncepcion, prevencion de its y de cancer de cuello uterino",numero de mujeres con examen clinico de mama positivos (sospechoso de nodulo neoplasico),2016-07-01,0,0,1,1,1,3
TEOPONTE,"anticoncepcion, prevencion de its y de cancer de cuello uterino",numero de mujeres con examen clinico de mama positivos (sospechoso de nodulo neoplasico),2016-07-01,0,1,0,0,0,1
TIPUANI,"anticoncepcion, prevencion de its y de cancer de cuello uterino",numero de mujeres con examen clinico de mama positivos (sospechoso de nodulo neoplasico),2016-07-01,0,1,0,0,0,1
TOLATA,"anticoncepcion, prevencion de its y de cancer de cuello uterino",numero de mujeres con examen clinico de mama positivos (sospechoso de nodulo neoplasico),2016-07-01,0,0,0,1,0,1
VILLA TUNARI,"anticoncepcion, prevencion de its y de cancer de cuello uterino",numero de mujeres con examen clinico de mama positivos (sospechoso de nodulo neoplasico),2016-07-01,0,4,4,3,0,11
VITICHI,"anticoncepcion, prevencion de its y de cancer de cuello uterino",numero de mujeres con examen clinico de mama positivos (sospechoso de nodulo neoplasico),2016-07-01,0,0,1,0,0,1
YACUIBA,"anticoncepcion, prevencion de its y de cancer de cuello uterino",numero de mujeres con examen clinico de mama positivos (sospechoso de nodulo neoplasico),2016-07-01,0,2,7,2,0,11
YUNCHARA,"anticoncepcion, prevencion de its y de cancer de cuello uterino",numero de mujeres con examen clinico de mama positivos (sospechoso de nodulo neoplasico),2016-07-01,0,1,0,0,0,1
ARANI,"anticoncepcion, prevencion de its y de cancer de cuello uterino",numero de mujeres con examen clinico de mama positivos (sospechoso de nodulo neoplasico),2016-08-01,0,2,6,0,0,8
BERMEJO,"anticoncepcion, prevencion de its y de cancer de cuello uterino",numero de mujeres con examen clinico de mama positivos (sospechoso de nodulo neoplasico),2016-08-01,0,0,2,0,0,2
COCHABAMBA,"anticoncepcion, prevencion de its y de cancer de cuello uterino",numero de mujeres con examen clinico de mama positivos (sospechoso de nodulo neoplasico),2016-08-01,2,34,135,68,94,333
COIPASA,"anticoncepcion, prevencion de its y de cancer de cuello uterino",numero de mujeres con examen clinico de mama positivos (sospechoso de nodulo neoplasico),2016-08-01,0,0,6,0,0,6
COPACABANA,"anticoncepcion, prevencion de its y de cancer de cuello uterino",numero de mujeres con examen clinico de mama positivos (sospechoso de nodulo neoplasico),2016-08-01,0,0,3,2,0,5
CUATRO CAÑADAS,"anticoncepcion, prevencion de its y de cancer de cuello uterino",numero de mujeres con examen clinico de mama positivos (sospechoso de nodulo neoplasico),2016-08-01,1,19,32,8,0,60
CUCHUMUELA (V. G. VILLARROEL),"anticoncepcion, prevencion de its y de cancer de cuello uterino",numero de mujeres con examen clinico de mama positivos (sospechoso de nodulo neoplasico),2016-08-01,0,2,0,0,0,2
CUEVO,"anticoncepcion, prevencion de its y de cancer de cuello uterino",numero de mujeres con examen clinico de mama positivos (sospechoso de nodulo neoplasico),2016-08-01,0,0,4,0,0,4
CULPINA,"anticoncepcion, prevencion de its y de cancer de cuello uterino",numero de mujeres con examen clinico de mama positivos (sospechoso de nodulo neoplasico),2016-08-01,0,0,0,1,0,1
EL ALTO,"anticoncepcion, prevencion de its y de cancer de cuello uterino",numero de mujeres con examen clinico de mama positivos (sospechoso de nodulo neoplasico),2016-08-01,0,0,0,0,1,1
EL TORNO,"anticoncepcion, prevencion de its y de cancer de cuello uterino",numero de mujeres con examen clinico de mama positivos (sospechoso de nodulo neoplasico),2016-08-01,0,0,0,1,0,1
FERNANDEZ ALONSO,"anticoncepcion, prevencion de its y de cancer de cuello uterino",numero de mujeres con examen clinico de mama positivos (sospechoso de nodulo neoplasico),2016-08-01,0,4,4,2,0,10
GUANAY,"anticoncepcion, prevencion de its y de cancer de cuello uterino",numero de mujeres con examen clinico de mama positivos (sospechoso de nodulo neoplasico),2016-08-01,0,2,5,0,0,7
ICLA,"anticoncepcion, prevencion de its y de cancer de cuello uterino",numero de mujeres con examen clinico de mama positivos (sospechoso de nodulo neoplasico),2016-08-01,0,1,0,0,0,1
IRUPANA (VILLA DE LANZA),"anticoncepcion, prevencion de its y de cancer de cuello uterino",numero de mujeres con examen clinico de mama positivos (sospechoso de nodulo neoplasico),2016-08-01,0,0,1,1,0,2
LA PAZ,"anticoncepcion, prevencion de its y de cancer de cuello uterino",numero de mujeres con examen clinico de mama positivos (sospechoso de nodulo neoplasico),2016-08-01,0,0,3,0,1,4
LAJA,"anticoncepcion, prevencion de its y de cancer de cuello uterino",numero de mujeres con examen clinico de mama positivos (sospechoso de nodulo neoplasico),2016-08-01,1,1,2,0,0,4
MIZQUE,"anticoncepcion, prevencion de its y de cancer de cuello uterino",numero de mujeres con examen clinico de mama positivos (sospechoso de nodulo neoplasico),2016-08-01,0,0,1,0,0,1
MONTERO,"anticoncepcion, prevencion de its y de cancer de cuello uterino",numero de mujeres con examen clinico de mama positivos (sospechoso de nodulo neoplasico),2016-08-01,0,3,1,0,0,4
MORO MORO,"anticoncepcion, prevencion de its y de cancer de cuello uterino",numero de mujeres con examen clinico de mama positivos (sospechoso de nodulo neoplasico),2016-08-01,0,1,0,0,0,1
OMEREQUE,"anticoncepcion, prevencion de its y de cancer de cuello uterino",numero de mujeres con examen clinico de mama positivos (sospechoso de nodulo neoplasico),2016-08-01,0,0,1,0,0,1
PADCAYA,"anticoncepcion, prevencion de its y de cancer de cuello uterino",numero de mujeres con examen clinico de mama positivos (sospechoso de nodulo neoplasico),2016-08-01,0,0,1,0,0,1
POTOSI,"anticoncepcion, prevencion de its y de cancer de cuello uterino",numero de mujeres con examen clinico de mama positivos (sospechoso de nodulo neoplasico),2016-08-01,0,0,1,1,0,2
QUIME,"anticoncepcion, prevencion de its y de cancer de cuello uterino",numero de mujeres con examen clinico de mama positivos (sospechoso de nodulo neoplasico),2016-08-01,0,0,2,0,0,2
SACABA,"anticoncepcion, prevencion de its y de cancer de cuello uterino",numero de mujeres con examen clinico de mama positivos (sospechoso de nodulo neoplasico),2016-08-01,0,2,21,5,0,28
SAMAIPATA,"anticoncepcion, prevencion de its y de cancer de cuello uterino",numero de mujeres con examen clinico de mama positivos (sospechoso de nodulo neoplasico),2016-08-01,0,0,0,0,1,1
SAN PEDRO,"anticoncepcion, prevencion de its y de cancer de cuello uterino",numero de mujeres con examen clinico de mama positivos (sospechoso de nodulo neoplasico),2016-08-01,0,0,2,0,0,2
SANTA CRUZ DE LA SIERRA,"anticoncepcion, prevencion de its y de cancer de cuello uterino",numero de mujeres con examen clinico de mama positivos (sospechoso de nodulo neoplasico),2016-08-01,0,0,4,0,1,5
SHINAOTA,"anticoncepcion, prevencion de its y de cancer de cuello uterino",numero de mujeres con examen clinico de mama positivos (sospechoso de nodulo neoplasico),2016-08-01,0,3,4,1,0,8
SICAYA,"anticoncepcion, prevencion de its y de cancer de cuello uterino",numero de mujeres con examen clinico de mama positivos (sospechoso de nodulo neoplasico),2016-08-01,0,1,0,0,0,1
SUCRE,"anticoncepcion, prevencion de its y de cancer de cuello uterino",numero de mujeres con examen clinico de mama positivos (sospechoso de nodulo neoplasico),2016-08-01,0,0,0,1,1,2
TARIJA,"anticoncepcion, prevencion de its y de cancer de cuello uterino",numero de mujeres con examen clinico de mama positivos (sospechoso de nodulo neoplasico),2016-08-01,2,2,6,1,2,13
TEOPONTE,"anticoncepcion, prevencion de its y de cancer de cuello uterino",numero de mujeres con examen clinico de mama positivos (sospechoso de nodulo neoplasico),2016-08-01,0,0,2,0,0,2
TIAWANACU,"anticoncepcion, prevencion de its y de cancer de cuello uterino",numero de mujeres con examen clinico de mama positivos (sospechoso de nodulo neoplasico),2016-08-01,0,0,1,0,0,1
VALLEGRANDE,"anticoncepcion, prevencion de its y de cancer de cuello uterino",numero de mujeres con examen clinico de mama positivos (sospechoso de nodulo neoplasico),2016-08-01,0,0,1,1,0,2
VILLA TUNARI,"anticoncepcion, prevencion de its y de cancer de cuello uterino",numero de mujeres con examen clinico de mama positivos (sospechoso de nodulo neoplasico),2016-08-01,0,4,12,2,0,18
YACUIBA,"anticoncepcion, prevencion de its y de cancer de cuello uterino",numero de mujeres con examen clinico de mama positivos (sospechoso de nodulo neoplasico),2016-08-01,0,3,3,2,0,8
BERMEJO,"anticoncepcion, prevencion de its y de cancer de cuello uterino",numero de mujeres con examen clinico de mama positivos (sospechoso de nodulo neoplasico),2016-09-01,0,1,1,1,1,4
CAJUATA,"anticoncepcion, prevencion de its y de cancer de cuello uterino",numero de mujeres con examen clinico de mama positivos (sospechoso de nodulo neoplasico),2016-09-01,0,1,0,0,0,1
COCHABAMBA,"anticoncepcion, prevencion de its y de cancer de cuello uterino",numero de mujeres con examen clinico de mama positivos (sospechoso de nodulo neoplasico),2016-09-01,0,28,161,65,112,366
COLCAPIRHUA,"anticoncepcion, prevencion de its y de cancer de cuello uterino",numero de mujeres con examen clinico de mama positivos (sospechoso de nodulo neoplasico),2016-09-01,0,2,3,1,0,6
COMBAYA,"anticoncepcion, prevencion de its y de cancer de cuello uterino",numero de mujeres con examen clinico de mama positivos (sospechoso de nodulo neoplasico),2016-09-01,0,0,1,0,0,1
CONCEPCION,"anticoncepcion, prevencion de its y de cancer de cuello uterino",numero de mujeres con examen clinico de mama positivos (sospechoso de nodulo neoplasico),2016-09-01,0,0,0,1,0,1
COPACABANA,"anticoncepcion, prevencion de its y de cancer de cuello uterino",numero de mujeres con examen clinico de mama positivos (sospechoso de nodulo neoplasico),2016-09-01,0,0,3,0,0,3
CUATRO CAÑADAS,"anticoncepcion, prevencion de its y de cancer de cuello uterino",numero de mujeres con examen clinico de mama positivos (sospechoso de nodulo neoplasico),2016-09-01,0,3,9,0,0,12
CUCHUMUELA (V. G. VILLARROEL),"anticoncepcion, prevencion de its y de cancer de cuello uterino",numero de mujeres con examen clinico de mama positivos (sospechoso de nodulo neoplasico),2016-09-01,0,1,4,0,0,5
EL ALTO,"anticoncepcion, prevencion de its y de cancer de cuello uterino",numero de mujeres con examen clinico de mama positivos (sospechoso de nodulo neoplasico),2016-09-01,0,1,1,1,1,4
EL PUENTE(TJA),"anticoncepcion, prevencion de its y de cancer de cuello uterino",numero de mujeres con examen clinico de mama positivos (sospechoso de nodulo neoplasico),2016-09-01,0,0,1,0,0,1
FERNANDEZ ALONSO,"anticoncepcion, prevencion de its y de cancer de cuello uterino",numero de mujeres con examen clinico de mama positivos (sospechoso de nodulo neoplasico),2016-09-01,0,4,9,1,0,14
ICLA,"anticoncepcion, prevencion de its y de cancer de cuello uterino",numero de mujeres con examen clinico de mama positivos (sospechoso de nodulo neoplasico),2016-09-01,0,1,1,0,0,2
LA GUARDIA,"anticoncepcion, prevencion de its y de cancer de cuello uterino",numero de mujeres con examen clinico de mama positivos (sospechoso de nodulo neoplasico),2016-09-01,0,0,1,0,0,1
LA PAZ,"anticoncepcion, prevencion de its y de cancer de cuello uterino",numero de mujeres con examen clinico de mama positivos (sospechoso de nodulo neoplasico),2016-09-01,0,0,5,28,38,71
MONTERO,"anticoncepcion, prevencion de its y de cancer de cuello uterino",numero de mujeres con examen clinico de mama positivos (sospechoso de nodulo neoplasico),2016-09-01,0,1,4,1,0,6
PADCAYA,"anticoncepcion, prevencion de its y de cancer de cuello uterino",numero de mujeres con examen clinico de mama positivos (sospechoso de nodulo neoplasico),2016-09-01,0,0,1,1,0,2
PUERTO QUIJARRO,"anticoncepcion, prevencion de its y de cancer de cuello uterino",numero de mujeres con examen clinico de mama positivos (sospechoso de nodulo neoplasico),2016-09-01,0,1,0,0,0,1
SACABA,"anticoncepcion, prevencion de its y de cancer de cuello uterino",numero de mujeres con examen clinico de mama positivos (sospechoso de nodulo neoplasico),2016-09-01,0,1,10,0,0,11
SAN IGNACIO DE VELASCO,"anticoncepcion, prevencion de its y de cancer de cuello uterino",numero de mujeres con examen clinico de mama positivos (sospechoso de nodulo neoplasico),2016-09-01,0,4,7,2,0,13
SAN PEDRO DE TIQUINA,"anticoncepcion, prevencion de its y de cancer de cuello uterino",numero de mujeres con examen clinico de mama positivos (sospechoso de nodulo neoplasico),2016-09-01,0,0,1,0,0,1
SANTA CRUZ DE LA SIERRA,"anticoncepcion, prevencion de its y de cancer de cuello uterino",numero de mujeres con examen clinico de mama positivos (sospechoso de nodulo neoplasico),2016-09-01,0,0,1,1,0,2
SHINAOTA,"anticoncepcion, prevencion de its y de cancer de cuello uterino",numero de mujeres con examen clinico de mama positivos (sospechoso de nodulo neoplasico),2016-09-01,0,4,7,0,0,11
SICAYA,"anticoncepcion, prevencion de its y de cancer de cuello uterino",numero de mujeres con examen clinico de mama positivos (sospechoso de nodulo neoplasico),2016-09-01,0,1,0,0,0,1
SUCRE,"anticoncepcion, prevencion de its y de cancer de cuello uterino",numero de mujeres con examen clinico de mama positivos (sospechoso de nodulo neoplasico),2016-09-01,0,0,0,1,4,5
TARIJA,"anticoncepcion, prevencion de its y de cancer de cuello uterino",numero de mujeres con examen clinico de mama positivos (sospechoso de nodulo neoplasico),2016-09-01,0,1,3,1,1,6
TRINIDAD,"anticoncepcion, prevencion de its y de cancer de cuello uterino",numero de mujeres con examen clinico de mama positivos (sospechoso de nodulo neoplasico),2016-09-01,0,0,0,5,13,18
VALLEGRANDE,"anticoncepcion, prevencion de its y de cancer de cuello uterino",numero de mujeres con examen clinico de mama positivos (sospechoso de nodulo neoplasico),2016-09-01,0,0,1,0,0,1
VILLA TUNARI,"anticoncepcion, prevencion de its y de cancer de cuello uterino",numero de mujeres con examen clinico de mama positivos (sospechoso de nodulo neoplasico),2016-09-01,0,1,1,0,0,2
VILLA VACA GUZMAN (MUYUPAMPA),"anticoncepcion, prevencion de its y de cancer de cuello uterino",numero de mujeres con examen clinico de mama positivos (sospechoso de nodulo neoplasico),2016-09-01,0,0,0,1,0,1
YACUIBA,"anticoncepcion, prevencion de its y de cancer de cuello uterino",numero de mujeres con examen clinico de mama positivos (sospechoso de nodulo neoplasico),2016-09-01,0,4,4,2,0,10
ANZALDO,"anticoncepcion, prevencion de its y de cancer de cuello uterino",numero de mujeres con examen clinico de mama positivos (sospechoso de nodulo neoplasico),2016-10-01,0,0,3,0,0,3
BERMEJO,"anticoncepcion, prevencion de its y de cancer de cuello uterino",numero de mujeres con examen clinico de mama positivos (sospechoso de nodulo neoplasico),2016-10-01,0,2,7,4,1,14
CALAMARCA,"anticoncepcion, prevencion de its y de cancer de cuello uterino",numero de mujeres con examen clinico de mama positivos (sospechoso de nodulo neoplasico),2016-10-01,0,2,3,0,0,5
CHAYANTA,"anticoncepcion, prevencion de its y de cancer de cuello uterino",numero de mujeres con examen clinico de mama positivos (sospechoso de nodulo neoplasico),2016-10-01,0,0,1,0,0,1
COCHABAMBA,"anticoncepcion, prevencion de its y de cancer de cuello uterino",numero de mujeres con examen clinico de mama positivos (sospechoso de nodulo neoplasico),2016-10-01,1,62,221,95,124,503
COLCAPIRHUA,"anticoncepcion, prevencion de its y de cancer de cuello uterino",numero de mujeres con examen clinico de mama positivos (sospechoso de nodulo neoplasico),2016-10-01,0,3,4,1,0,8
COMBAYA,"anticoncepcion, prevencion de its y de cancer de cuello uterino",numero de mujeres con examen clinico de mama positivos (sospechoso de nodulo neoplasico),2016-10-01,0,0,1,0,0,1
COPACABANA,"anticoncepcion, prevencion de its y de cancer de cuello uterino",numero de mujeres con examen clinico de mama positivos (sospechoso de nodulo neoplasico),2016-10-01,0,0,6,2,0,8
CUATRO CAÑADAS,"anticoncepcion, prevencion de its y de cancer de cuello uterino",numero de mujeres con examen clinico de mama positivos (sospechoso de nodulo neoplasico),2016-10-01,2,3,15,3,0,23
CULPINA,"anticoncepcion, prevencion de its y de cancer de cuello uterino",numero de mujeres con examen clinico de mama positivos (sospechoso de nodulo neoplasico),2016-10-01,0,1,0,1,0,2
EL ALTO,"anticoncepcion, prevencion de its y de cancer de cuello uterino",numero de mujeres con examen clinico de mama positivos (sospechoso de nodulo neoplasico),2016-10-01,0,1,4,1,1,7
EL PUENTE(TJA),"anticoncepcion, prevencion de its y de cancer de cuello uterino",numero de mujeres con examen clinico de mama positivos (sospechoso de nodulo neoplasico),2016-10-01,0,0,2,0,0,2
ICLA,"anticoncepcion, prevencion de its y de cancer de cuello uterino",numero de mujeres con examen clinico de mama positivos (sospechoso de nodulo neoplasico),2016-10-01,0,1,0,1,0,2
LA PAZ,"anticoncepcion, prevencion de its y de cancer de cuello uterino",numero de mujeres con examen clinico de mama positivos (sospechoso de nodulo neoplasico),2016-10-01,0,0,3,3,4,10
MOCOMOCO,"anticoncepcion, prevencion de its y de cancer de cuello uterino",numero de mujeres con examen clinico de mama positivos (sospechoso de nodulo neoplasico),2016-10-01,0,0,2,0,0,2
PADCAYA,"anticoncepcion, prevencion de its y de cancer de cuello uterino",numero de mujeres con examen clinico de mama positivos (sospechoso de nodulo neoplasico),2016-10-01,0,4,11,2,0,17
PALCA,"anticoncepcion, prevencion de its y de cancer de cuello uterino",numero de mujeres con examen clinico de mama positivos (sospechoso de nodulo neoplasico),2016-10-01,0,2,2,0,0,4
PALOS BLANCOS,"anticoncepcion, prevencion de its y de cancer de cuello uterino",numero de mujeres con examen clinico de mama positivos (sospechoso de nodulo neoplasico),2016-10-01,0,0,1,0,0,1
POTOSI,"anticoncepcion, prevencion de its y de cancer de cuello uterino",numero de mujeres con examen clinico de mama positivos (sospechoso de nodulo neoplasico),2016-10-01,0,0,0,1,0,1
RIBERALTA,"anticoncepcion, prevencion de its y de cancer de cuello uterino",numero de mujeres con examen clinico de mama positivos (sospechoso de nodulo neoplasico),2016-10-01,0,0,0,0,1,1
SACABA,"anticoncepcion, prevencion de its y de cancer de cuello uterino",numero de mujeres con examen clinico de mama positivos (sospechoso de nodulo neoplasico),2016-10-01,0,4,20,3,0,27
SAN IGNACIO DE VELASCO,"anticoncepcion, prevencion de its y de cancer de cuello uterino",numero de mujeres con examen clinico de mama positivos (sospechoso de nodulo neoplasico),2016-10-01,1,0,2,1,0,4
SAN PEDRO,"anticoncepcion, prevencion de its y de cancer de cuello uterino",numero de mujeres con examen clinico de mama positivos (sospechoso de nodulo neoplasico),2016-10-01,0,1,0,1,0,2
SANTA CRUZ DE LA SIERRA,"anticoncepcion, prevencion de its y de cancer de cuello uterino",numero de mujeres con examen clinico de mama positivos (sospechoso de nodulo neoplasico),2016-10-01,0,1,3,2,0,6
SHINAOTA,"anticoncepcion, prevencion de its y de cancer de cuello uterino",numero de mujeres con examen clinico de mama positivos (sospechoso de nodulo neoplasico),2016-10-01,0,8,17,2,0,27
SUCRE,"anticoncepcion, prevencion de its y de cancer de cuello uterino",numero de mujeres con examen clinico de mama positivos (sospechoso de nodulo neoplasico),2016-10-01,0,0,0,4,4,8
TARIJA,"anticoncepcion, prevencion de its y de cancer de cuello uterino",numero de mujeres con examen clinico de mama positivos (sospechoso de nodulo neoplasico),2016-10-01,0,2,3,1,1,7
TRIGAL,"anticoncepcion, prevencion de its y de cancer de cuello uterino",numero de mujeres con examen clinico de mama positivos (sospechoso de nodulo neoplasico),2016-10-01,0,1,0,0,0,1
VILLA TUNARI,"anticoncepcion, prevencion de its y de cancer de cuello uterino",numero de mujeres con examen clinico de mama positivos (sospechoso de nodulo neoplasico),2016-10-01,0,0,1,0,0,1
YACUIBA,"anticoncepcion, prevencion de its y de cancer de cuello uterino",numero de mujeres con examen clinico de mama positivos (sospechoso de nodulo neoplasico),2016-10-01,1,0,6,1,0,8
ARBIETO,"anticoncepcion, prevencion de its y de cancer de cuello uterino",numero de mujeres con examen clinico de mama positivos (sospechoso de nodulo neoplasico),2016-11-01,0,0,1,0,0,1
BERMEJO,"anticoncepcion, prevencion de its y de cancer de cuello uterino",numero de mujeres con examen clinico de mama positivos (sospechoso de nodulo neoplasico),2016-11-01,0,1,3,1,0,5
CHAYANTA,"anticoncepcion, prevencion de its y de cancer de cuello uterino",numero de mujeres con examen clinico de mama positivos (sospechoso de nodulo neoplasico),2016-11-01,0,0,1,0,0,1
CLIZA,"anticoncepcion, prevencion de its y de cancer de cuello uterino",numero de mujeres con examen clinico de mama positivos (sospechoso de nodulo neoplasico),2016-11-01,0,0,1,0,0,1
COCHABAMBA,"anticoncepcion, prevencion de its y de cancer de cuello uterino",numero de mujeres con examen clinico de mama positivos (sospechoso de nodulo neoplasico),2016-11-01,1,64,234,87,79,465
COLCAPIRHUA,"anticoncepcion, prevencion de its y de cancer de cuello uterino",numero de mujeres con examen clinico de mama positivos (sospechoso de nodulo neoplasico),2016-11-01,0,4,28,1,0,33
COPACABANA,"anticoncepcion, prevencion de its y de cancer de cuello uterino",numero de mujeres con examen clinico de mama positivos (sospechoso de nodulo neoplasico),2016-11-01,0,0,9,3,0,12
COTOCA,"anticoncepcion, prevencion de its y de cancer de cuello uterino",numero de mujeres con examen clinico de mama positivos (sospechoso de nodulo neoplasico),2016-11-01,0,0,1,0,0,1
CUATRO CAÑADAS,"anticoncepcion, prevencion de its y de cancer de cuello uterino",numero de mujeres con examen clinico de mama positivos (sospechoso de nodulo neoplasico),2016-11-01,0,5,17,1,0,23
CUCHUMUELA (V. G. VILLARROEL),"anticoncepcion, prevencion de its y de cancer de cuello uterino",numero de mujeres con examen clinico de mama positivos (sospechoso de nodulo neoplasico),2016-11-01,0,0,1,0,0,1
CUEVO,"anticoncepcion, prevencion de its y de cancer de cuello uterino",numero de mujeres con examen clinico de mama positivos (sospechoso de nodulo neoplasico),2016-11-01,0,1,0,0,0,1
EL ALTO,"anticoncepcion, prevencion de its y de cancer de cuello uterino",numero de mujeres con examen clinico de mama positivos (sospechoso de nodulo neoplasico),2016-11-01,0,0,0,2,1,3
FERNANDEZ ALONSO,"anticoncepcion, prevencion de its y de cancer de cuello uterino",numero de mujeres con examen clinico de mama positivos (sospechoso de nodulo neoplasico),2016-11-01,0,9,17,2,0,28
GUANAY,"anticoncepcion, prevencion de its y de cancer de cuello uterino",numero de mujeres con examen clinico de mama positivos (sospechoso de nodulo neoplasico),2016-11-01,0,2,0,0,0,2
ICLA,"anticoncepcion, prevencion de its y de cancer de cuello uterino",numero de mujeres con examen clinico de mama positivos (sospechoso de nodulo neoplasico),2016-11-01,0,2,0,0,0,2
LA PAZ,"anticoncepcion, prevencion de its y de cancer de cuello uterino",numero de mujeres con examen clinico de mama positivos (sospechoso de nodulo neoplasico),2016-11-01,0,0,3,1,1,5
MIZQUE,"anticoncepcion, prevencion de its y de cancer de cuello uterino",numero de mujeres con examen clinico de mama positivos (sospechoso de nodulo neoplasico),2016-11-01,0,0,1,0,0,1
MONTERO,"anticoncepcion, prevencion de its y de cancer de cuello uterino",numero de mujeres con examen clinico de mama positivos (sospechoso de nodulo neoplasico),2016-11-01,0,1,3,0,0,4
OKINAWA,"anticoncepcion, prevencion de its y de cancer de cuello uterino",numero de mujeres con examen clinico de mama positivos (sospechoso de nodulo neoplasico),2016-11-01,0,1,1,0,0,2
ORURO,"anticoncepcion, prevencion de its y de cancer de cuello uterino",numero de mujeres con examen clinico de mama positivos (sospechoso de nodulo neoplasico),2016-11-01,0,0,1,0,0,1
PADCAYA,"anticoncepcion, prevencion de its y de cancer de cuello uterino",numero de mujeres con examen clinico de mama positivos (sospechoso de nodulo neoplasico),2016-11-01,0,1,7,0,0,8
SACABA,"anticoncepcion, prevencion de its y de cancer de cuello uterino",numero de mujeres con examen clinico de mama positivos (sospechoso de nodulo neoplasico),2016-11-01,0,3,13,5,3,24
SANTA CRUZ DE LA SIERRA,"anticoncepcion, prevencion de its y de cancer de cuello uterino",numero de mujeres con examen clinico de mama positivos (sospechoso de nodulo neoplasico),2016-11-01,0,0,1,0,0,1
SHINAOTA,"anticoncepcion, prevencion de its y de cancer de cuello uterino",numero de mujeres con examen clinico de mama positivos (sospechoso de nodulo neoplasico),2016-11-01,0,5,12,1,0,18
SUCRE,"anticoncepcion, prevencion de its y de cancer de cuello uterino",numero de mujeres con examen clinico de mama positivos (sospechoso de nodulo neoplasico),2016-11-01,0,0,1,0,0,1
TARIJA,"anticoncepcion, prevencion de its y de cancer de cuello uterino",numero de mujeres con examen clinico de mama positivos (sospechoso de nodulo neoplasico),2016-11-01,0,2,2,0,1,5
TEOPONTE,"anticoncepcion, prevencion de its y de cancer de cuello uterino",numero de mujeres con examen clinico de mama positivos (sospechoso de nodulo neoplasico),2016-11-01,0,0,1,0,0,1
VILA VILA,"anticoncepcion, prevencion de its y de cancer de cuello uterino",numero de mujeres con examen clinico de mama positivos (sospechoso de nodulo neoplasico),2016-11-01,0,0,1,0,0,1
YACUIBA,"anticoncepcion, prevencion de its y de cancer de cuello uterino",numero de mujeres con examen clinico de mama positivos (sospechoso de nodulo neoplasico),2016-11-01,0,0,4,0,0,4
ANZALDO,"anticoncepcion, prevencion de its y de cancer de cuello uterino",numero de mujeres con examen clinico de mama positivos (sospechoso de nodulo neoplasico),2016-12-01,0,2,1,1,0,4
ARANI,"anticoncepcion, prevencion de its y de cancer de cuello uterino",numero de mujeres con examen clinico de mama positivos (sospechoso de nodulo neoplasico),2016-12-01,0,2,4,1,0,7
BERMEJO,"anticoncepcion, prevencion de its y de cancer de cuello uterino",numero de mujeres con examen clinico de mama positivos (sospechoso de nodulo neoplasico),2016-12-01,0,0,2,0,0,2
COCHABAMBA,"anticoncepcion, prevencion de its y de cancer de cuello uterino",numero de mujeres con examen clinico de mama positivos (sospechoso de nodulo neoplasico),2016-12-01,1,99,298,56,3,457
COLCAPIRHUA,"anticoncepcion, prevencion de its y de cancer de cuello uterino",numero de mujeres con examen clinico de mama positivos (sospechoso de nodulo neoplasico),2016-12-01,0,2,3,0,0,5
COPACABANA,"anticoncepcion, prevencion de its y de cancer de cuello uterino",numero de mujeres con examen clinico de mama positivos (sospechoso de nodulo neoplasico),2016-12-01,0,0,2,1,0,3
CUATRO CAÑADAS,"anticoncepcion, prevencion de its y de cancer de cuello uterino",numero de mujeres con examen clinico de mama positivos (sospechoso de nodulo neoplasico),2016-12-01,0,3,11,2,0,16
CUCHUMUELA (V. G. VILLARROEL),"anticoncepcion, prevencion de its y de cancer de cuello uterino",numero de mujeres con examen clinico de mama positivos (sospechoso de nodulo neoplasico),2016-12-01,0,1,2,0,0,3
EL ALTO,"anticoncepcion, prevencion de its y de cancer de cuello uterino",numero de mujeres con examen clinico de mama positivos (sospechoso de nodulo neoplasico),2016-12-01,0,0,2,4,1,7
EL PUENTE(TJA),"anticoncepcion, prevencion de its y de cancer de cuello uterino",numero de mujeres con examen clinico de mama positivos (sospechoso de nodulo neoplasico),2016-12-01,0,0,2,0,0,2
FERNANDEZ ALONSO,"anticoncepcion, prevencion de its y de cancer de cuello uterino",numero de mujeres con examen clinico de mama positivos (sospechoso de nodulo neoplasico),2016-12-01,0,6,28,0,0,34
ICLA,"anticoncepcion, prevencion de its y de cancer de cuello uterino",numero de mujeres con examen clinico de mama positivos (sospechoso de nodulo neoplasico),2016-12-01,0,1,0,0,0,1
LA PAZ,"anticoncepcion, prevencion de its y de cancer de cuello uterino",numero de mujeres con examen clinico de mama positivos (sospechoso de nodulo neoplasico),2016-12-01,0,0,2,1,2,5
MINEROS,"anticoncepcion, prevencion de its y de cancer de cuello uterino",numero de mujeres con examen clinico de mama positivos (sospechoso de nodulo neoplasico),2016-12-01,0,0,1,0,0,1
MONTERO,"anticoncepcion, prevencion de its y de cancer de cuello uterino",numero de mujeres con examen clinico de mama positivos (sospechoso de nodulo neoplasico),2016-12-01,0,0,0,1,0,1
OKINAWA,"anticoncepcion, prevencion de its y de cancer de cuello uterino",numero de mujeres con examen clinico de mama positivos (sospechoso de nodulo neoplasico),2016-12-01,0,1,0,0,0,1
PUCARANI,"anticoncepcion, prevencion de its y de cancer de cuello uterino",numero de mujeres con examen clinico de mama positivos (sospechoso de nodulo neoplasico),2016-12-01,0,0,0,1,0,1
PUNATA,"anticoncepcion, prevencion de its y de cancer de cuello uterino",numero de mujeres con examen clinico de mama positivos (sospechoso de nodulo neoplasico),2016-12-01,1,0,0,0,0,1
RIBERALTA,"anticoncepcion, prevencion de its y de cancer de cuello uterino",numero de mujeres con examen clinico de mama positivos (sospechoso de nodulo neoplasico),2016-12-01,0,0,1,0,0,1
SACABA,"anticoncepcion, prevencion de its y de cancer de cuello uterino",numero de mujeres con examen clinico de mama positivos (sospechoso de nodulo neoplasico),2016-12-01,0,2,5,0,0,7
SAN LORENZO(TJA),"anticoncepcion, prevencion de its y de cancer de cuello uterino",numero de mujeres con examen clinico de mama positivos (sospechoso de nodulo neoplasico),2016-12-01,0,2,1,1,0,4
SANTA CRUZ DE LA SIERRA,"anticoncepcion, prevencion de its y de cancer de cuello uterino",numero de mujeres con examen clinico de mama positivos (sospechoso de nodulo neoplasico),2016-12-01,0,0,0,0,1,1
SHINAOTA,"anticoncepcion, prevencion de its y de cancer de cuello uterino",numero de mujeres con examen clinico de mama positivos (sospechoso de nodulo neoplasico),2016-12-01,0,3,10,2,0,15
SIPE SIPE,"anticoncepcion, prevencion de its y de cancer de cuello uterino",numero de mujeres con examen clinico de mama positivos (sospechoso de nodulo neoplasico),2016-12-01,0,0,1,1,0,2
SUCRE,"anticoncepcion, prevencion de its y de cancer de cuello uterino",numero de mujeres con examen clinico de mama positivos (sospechoso de nodulo neoplasico),2016-12-01,0,0,1,0,0,1
TARIJA,"anticoncepcion, prevencion de its y de cancer de cuello uterino",numero de mujeres con examen clinico de mama positivos (sospechoso de nodulo neoplasico),2016-12-01,0,0,5,5,0,10
UMALA,"anticoncepcion, prevencion de its y de cancer de cuello uterino",numero de mujeres con examen clinico de mama positivos (sospechoso de nodulo neoplasico),2016-12-01,0,0,1,0,0,1
VILLA TUNARI,"anticoncepcion, prevencion de its y de cancer de cuello uterino",numero de mujeres con examen clinico de mama positivos (sospechoso de nodulo neoplasico),2016-12-01,0,1,0,0,0,1
VITICHI,"anticoncepcion, prevencion de its y de cancer de cuello uterino",numero de mujeres con examen clinico de mama positivos (sospechoso de nodulo neoplasico),2016-12-01,0,1,0,1,0,2
WARNES,"anticoncepcion, prevencion de its y de cancer de cuello uterino",numero de mujeres con examen clinico de mama positivos (sospechoso de nodulo neoplasico),2016-12-01,0,0,1,0,0,1
YACUIBA,"anticoncepcion, prevencion de its y de cancer de cuello uterino",numero de mujeres con examen clinico de mama positivos (sospechoso de nodulo neoplasico),2016-12-01,0,1,2,0,0,3
